%YAML:1.0
---
descriptors: !!opencv-matrix
   rows: 329
   cols: 32
   dt: u
   data: [ 61, 111, 225, 197, 222, 19, 199, 248, 64, 226, 185, 206, 83,
       104, 217, 163, 91, 204, 6, 239, 233, 114, 237, 142, 56, 14, 229,
       52, 109, 251, 80, 164, 5, 159, 27, 251, 180, 231, 107, 115, 92,
       73, 91, 118, 245, 119, 176, 96, 223, 43, 30, 28, 179, 152, 81, 63,
       237, 174, 170, 192, 156, 202, 241, 49, 91, 253, 182, 247, 173, 78,
       221, 167, 235, 243, 170, 1, 254, 186, 87, 43, 163, 119, 253, 17,
       125, 233, 155, 224, 235, 255, 93, 19, 202, 116, 203, 30, 4, 207,
       191, 123, 144, 156, 174, 181, 254, 21, 107, 84, 231, 238, 40, 224,
       181, 123, 234, 210, 222, 248, 58, 119, 173, 247, 30, 65, 208, 18,
       133, 40, 120, 188, 184, 164, 44, 109, 81, 63, 131, 238, 156, 47,
       55, 63, 66, 18, 140, 247, 253, 17, 136, 75, 209, 10, 219, 193,
       237, 185, 44, 104, 30, 91, 88, 180, 188, 164, 14, 13, 20, 63, 138,
       231, 158, 63, 255, 61, 66, 35, 135, 215, 253, 1, 172, 107, 249,
       139, 251, 231, 125, 59, 36, 104, 28, 91, 67, 92, 58, 244, 101,
       141, 127, 114, 237, 202, 90, 100, 188, 155, 161, 112, 166, 113,
       127, 79, 193, 141, 32, 254, 183, 254, 58, 138, 8, 1, 33, 27, 79,
       184, 239, 103, 50, 18, 123, 184, 103, 248, 86, 231, 217, 95, 154,
       98, 54, 117, 253, 255, 197, 212, 173, 236, 78, 107, 235, 196, 47,
       167, 49, 113, 130, 137, 14, 190, 114, 132, 58, 230, 157, 0, 84,
       131, 44, 231, 161, 65, 238, 123, 147, 197, 34, 139, 2, 255, 190,
       118, 154, 136, 20, 132, 33, 219, 152, 212, 117, 251, 36, 31, 127,
       253, 29, 74, 119, 231, 255, 93, 190, 37, 63, 210, 159, 111, 233,
       164, 41, 255, 230, 223, 116, 134, 127, 254, 208, 123, 65, 150, 78,
       81, 52, 190, 96, 51, 237, 89, 118, 116, 243, 16, 144, 118, 34, 36,
       124, 60, 179, 188, 101, 77, 134, 254, 50, 208, 78, 128, 91, 37,
       130, 177, 144, 153, 253, 237, 184, 207, 30, 57, 88, 27, 140, 154,
       108, 132, 237, 27, 179, 17, 18, 120, 91, 209, 13, 16, 30, 239,
       210, 12, 133, 139, 199, 30, 237, 93, 170, 112, 61, 27, 126, 127,
       19, 116, 176, 62, 215, 123, 167, 71, 126, 149, 183, 76, 231, 64,
       78, 43, 254, 198, 156, 224, 225, 85, 200, 80, 244, 101, 107, 124,
       124, 31, 43, 119, 54, 145, 189, 63, 146, 251, 39, 151, 253, 140,
       228, 92, 247, 195, 71, 251, 112, 129, 103, 244, 139, 91, 214, 57,
       118, 244, 119, 232, 50, 98, 233, 128, 186, 43, 46, 155, 37, 55,
       162, 243, 213, 65, 20, 171, 130, 236, 211, 248, 2, 75, 103, 37,
       39, 135, 138, 200, 178, 159, 117, 215, 184, 198, 31, 15, 80, 3,
       172, 158, 39, 192, 217, 57, 131, 193, 38, 180, 80, 251, 7, 118,
       154, 3, 22, 28, 61, 206, 208, 133, 207, 167, 132, 74, 111, 55,
       112, 198, 75, 2, 247, 35, 16, 115, 114, 198, 40, 234, 105, 216,
       245, 43, 229, 162, 214, 0, 32, 242, 165, 104, 27, 95, 110, 132,
       214, 18, 188, 119, 173, 206, 222, 167, 9, 170, 183, 132, 110, 161,
       151, 173, 196, 155, 36, 206, 50, 79, 238, 131, 47, 244, 185, 221,
       124, 111, 104, 44, 169, 219, 87, 111, 99, 196, 236, 173, 99, 236,
       147, 16, 152, 228, 236, 103, 204, 35, 238, 26, 242, 229, 37, 61,
       115, 254, 78, 94, 61, 21, 106, 43, 148, 155, 202, 120, 85, 232,
       223, 70, 83, 72, 191, 224, 120, 170, 22, 111, 189, 179, 77, 158,
       58, 77, 161, 208, 125, 143, 120, 148, 225, 39, 101, 85, 36, 11,
       109, 55, 88, 186, 178, 236, 243, 40, 148, 51, 74, 230, 124, 46,
       252, 248, 229, 12, 68, 58, 117, 144, 77, 232, 210, 73, 58, 217,
       48, 248, 125, 221, 212, 239, 207, 53, 184, 9, 46, 216, 100, 148,
       201, 187, 199, 1, 78, 43, 90, 245, 187, 220, 21, 123, 83, 28, 222,
       142, 125, 53, 188, 165, 169, 127, 86, 56, 99, 228, 169, 9, 223,
       127, 67, 51, 157, 245, 252, 114, 172, 83, 249, 24, 251, 211, 69,
       55, 34, 243, 6, 66, 7, 185, 161, 203, 213, 213, 174, 221, 95, 105,
       88, 70, 232, 216, 125, 164, 221, 106, 18, 95, 151, 176, 124, 255,
       47, 92, 143, 102, 219, 95, 241, 188, 250, 181, 234, 220, 27, 86,
       89, 107, 147, 238, 148, 183, 8, 190, 118, 119, 236, 181, 221, 165,
       252, 79, 180, 202, 187, 121, 203, 191, 39, 36, 246, 87, 142, 120,
       162, 159, 69, 84, 186, 64, 25, 206, 85, 151, 168, 220, 119, 142,
       252, 105, 147, 199, 132, 246, 158, 226, 7, 121, 218, 139, 7, 55,
       127, 222, 59, 164, 172, 223, 141, 245, 80, 79, 223, 87, 69, 17,
       170, 237, 126, 109, 217, 10, 178, 28, 46, 110, 118, 177, 203, 95,
       212, 59, 146, 204, 124, 254, 212, 47, 59, 232, 170, 97, 31, 231,
       172, 134, 172, 185, 151, 167, 97, 82, 167, 243, 77, 162, 104, 5,
       160, 10, 241, 133, 46, 185, 176, 115, 167, 107, 135, 148, 173, 17,
       208, 79, 173, 191, 62, 243, 6, 148, 220, 38, 222, 47, 55, 71, 123,
       189, 243, 92, 61, 86, 45, 26, 223, 228, 141, 192, 129, 244, 194,
       208, 180, 254, 45, 124, 116, 154, 171, 95, 151, 53, 206, 191, 14,
       91, 231, 215, 253, 3, 46, 69, 251, 241, 135, 242, 90, 159, 18,
       125, 141, 87, 242, 28, 252, 20, 251, 121, 145, 7, 219, 247, 180,
       191, 46, 60, 71, 31, 175, 179, 255, 1, 188, 111, 246, 218, 27, 90,
       80, 59, 247, 108, 78, 95, 199, 180, 135, 18, 235, 236, 56, 151,
       187, 251, 131, 253, 140, 150, 78, 223, 167, 79, 249, 148, 55, 79,
       154, 98, 28, 50, 94, 250, 138, 69, 139, 87, 97, 118, 209, 71, 96,
       30, 110, 52, 121, 234, 123, 108, 115, 50, 156, 183, 22, 236, 84,
       46, 229, 246, 253, 110, 38, 190, 101, 160, 75, 243, 74, 189, 22,
       221, 182, 147, 245, 98, 190, 231, 61, 23, 218, 147, 76, 62, 110,
       75, 239, 223, 63, 209, 126, 251, 57, 227, 191, 182, 222, 199, 132,
       92, 181, 223, 86, 188, 148, 176, 235, 233, 92, 207, 187, 187, 136,
       189, 174, 231, 74, 159, 135, 211, 237, 148, 58, 75, 218, 241, 216,
       210, 93, 255, 138, 84, 139, 155, 53, 23, 79, 234, 182, 162, 235,
       113, 132, 192, 219, 230, 81, 233, 177, 96, 126, 168, 23, 189, 153,
       163, 36, 156, 218, 175, 170, 200, 189, 235, 112, 177, 220, 88,
       223, 254, 12, 98, 75, 16, 148, 134, 215, 2, 119, 247, 33, 75, 96,
       244, 61, 202, 40, 199, 18, 168, 209, 163, 234, 136, 52, 251, 52,
       98, 102, 134, 141, 211, 232, 61, 172, 142, 190, 63, 175, 88, 192,
       166, 76, 218, 205, 86, 235, 30, 20, 71, 235, 34, 143, 151, 222,
       125, 144, 121, 254, 224, 63, 36, 226, 232, 95, 247, 217, 74, 85,
       197, 204, 2, 57, 237, 51, 236, 122, 168, 147, 189, 26, 163, 54,
       138, 219, 237, 130, 9, 183, 236, 124, 224, 2, 176, 171, 177, 87,
       231, 185, 214, 31, 77, 93, 19, 156, 220, 126, 40, 255, 59, 147,
       149, 151, 184, 52, 215, 79, 95, 154, 231, 141, 12, 181, 255, 182,
       111, 137, 75, 233, 245, 222, 204, 138, 186, 189, 72, 144, 206, 93,
       178, 205, 123, 214, 222, 223, 103, 250, 243, 183, 217, 143, 63,
       81, 91, 207, 180, 238, 156, 245, 253, 255, 125, 152, 154, 155,
       123, 48, 253, 156, 253, 127, 187, 143, 83, 255, 5, 163, 101, 226,
       211, 7, 122, 249, 190, 222, 124, 86, 127, 132, 156, 58, 91, 242,
       231, 183, 246, 92, 31, 124, 48, 124, 115, 173, 109, 255, 90, 2,
       42, 178, 188, 56, 127, 111, 30, 118, 64, 211, 241, 229, 163, 149,
       202, 63, 187, 44, 247, 186, 248, 198, 121, 147, 82, 215, 76, 56,
       40, 237, 177, 126, 211, 157, 165, 95, 53, 195, 199, 123, 85, 80,
       11, 173, 1, 26, 157, 95, 254, 27, 226, 31, 238, 132, 64, 200, 162,
       121, 247, 32, 97, 118, 243, 155, 226, 121, 139, 62, 255, 248, 230,
       138, 75, 61, 99, 37, 58, 27, 62, 234, 161, 182, 179, 169, 87, 55,
       225, 222, 247, 25, 15, 214, 168, 111, 143, 23, 157, 187, 152, 37,
       198, 94, 77, 154, 196, 175, 196, 187, 249, 200, 165, 74, 119, 112,
       132, 123, 49, 49, 140, 247, 21, 243, 147, 202, 81, 178, 238, 93,
       222, 120, 222, 209, 110, 254, 169, 37, 192, 40, 130, 162, 123,
       253, 120, 145, 246, 77, 45, 80, 212, 251, 186, 160, 24, 158, 153,
       69, 58, 137, 237, 100, 82, 9, 103, 218, 162, 147, 222, 85, 62,
