%YAML:1.0
---
descriptors: !!opencv-matrix
   rows: 246
   cols: 32
   dt: u
   data: [ 22, 227, 115, 68, 82, 83, 190, 233, 237, 164, 123, 226, 72,
       204, 229, 164, 62, 93, 226, 226, 197, 179, 44, 220, 60, 4, 15,
       135, 103, 163, 39, 181, 69, 99, 57, 67, 52, 14, 99, 184, 105, 40,
       111, 76, 214, 3, 157, 116, 182, 12, 68, 110, 193, 176, 185, 76,
       228, 188, 33, 4, 72, 163, 67, 33, 1, 190, 216, 169, 242, 171, 62,
       23, 127, 75, 120, 236, 191, 186, 130, 112, 183, 59, 94, 20, 151,
       184, 4, 115, 236, 223, 62, 194, 204, 192, 139, 137, 114, 74, 79,
       236, 12, 66, 76, 32, 233, 138, 242, 70, 123, 42, 53, 83, 98, 229,
       125, 226, 73, 195, 193, 205, 146, 234, 226, 144, 45, 176, 112, 8,
       50, 233, 122, 76, 93, 221, 214, 103, 75, 36, 252, 11, 42, 156, 22,
       144, 250, 187, 231, 65, 204, 187, 196, 253, 51, 93, 0, 59, 71, 14,
       222, 78, 58, 0, 122, 224, 118, 202, 248, 64, 45, 0, 243, 3, 159,
       26, 53, 89, 250, 153, 31, 225, 12, 183, 80, 220, 215, 217, 138,
       145, 117, 137, 127, 130, 121, 12, 71, 253, 212, 162, 111, 103,
       117, 130, 238, 2, 115, 35, 176, 117, 120, 230, 34, 174, 120, 186,
       101, 239, 244, 174, 210, 0, 103, 248, 240, 40, 6, 253, 17, 218,
       217, 141, 166, 238, 158, 1, 104, 72, 164, 243, 104, 0, 217, 123,
       11, 82, 82, 10, 218, 247, 189, 148, 31, 106, 152, 91, 161, 138,
       39, 255, 99, 75, 118, 147, 239, 244, 85, 72, 124, 230, 112, 64,
       189, 36, 126, 232, 22, 238, 193, 178, 44, 255, 36, 12, 167, 128,
       127, 159, 114, 189, 252, 112, 186, 96, 73, 47, 80, 192, 187, 178,
       162, 25, 94, 153, 69, 59, 169, 213, 245, 82, 44, 103, 154, 130,
       219, 219, 85, 63, 225, 121, 78, 2, 13, 177, 16, 227, 253, 125,
       241, 25, 95, 121, 53, 92, 223, 88, 218, 172, 159, 139, 222, 56,
       151, 112, 251, 212, 207, 221, 53, 126, 206, 15, 203, 247, 244,
       201, 102, 238, 141, 2, 70, 236, 229, 36, 162, 2, 67, 72, 60, 71,
       120, 228, 108, 235, 108, 163, 29, 173, 177, 234, 199, 17, 113, 58,
       244, 4, 93, 77, 29, 237, 12, 111, 71, 178, 68, 164, 142, 8, 211,
       19, 1, 112, 64, 244, 108, 106, 72, 0, 121, 61, 225, 169, 97, 60,
       50, 251, 68, 40, 41, 204, 145, 233, 189, 175, 71, 159, 94, 43,
       104, 68, 247, 241, 32, 228, 209, 42, 10, 28, 3, 184, 89, 63, 237,
       223, 37, 16, 218, 90, 208, 168, 33, 92, 119, 77, 116, 14, 235, 54,
       125, 8, 126, 64, 184, 19, 148, 52, 54, 124, 70, 40, 193, 184, 33,
       76, 103, 190, 34, 128, 75, 160, 67, 169, 111, 16, 243, 248, 253,
       126, 216, 89, 91, 221, 53, 185, 76, 252, 255, 189, 151, 245, 245,
       53, 180, 99, 190, 220, 139, 127, 93, 255, 215, 165, 7, 87, 67,
       191, 91, 241, 178, 142, 191, 247, 60, 73, 90, 228, 189, 166, 128,
       112, 166, 127, 31, 220, 215, 152, 164, 127, 236, 189, 46, 128, 12,
       208, 171, 153, 163, 45, 133, 153, 173, 245, 132, 206, 222, 218,
       24, 82, 164, 184, 117, 171, 201, 106, 154, 67, 247, 104, 118, 241,
       13, 16, 222, 59, 28, 92, 89, 142, 112, 13, 206, 221, 148, 170,
       103, 231, 116, 134, 238, 2, 99, 161, 176, 112, 104, 238, 42, 202,
       120, 185, 4, 47, 246, 239, 230, 1, 101, 248, 248, 8, 37, 81, 68,
       69, 108, 31, 70, 184, 71, 232, 255, 76, 211, 49, 157, 180, 88,
       196, 86, 110, 201, 176, 93, 28, 38, 223, 101, 20, 123, 251, 90,
       164, 5, 253, 17, 171, 185, 141, 38, 236, 46, 9, 72, 68, 238, 226,
       40, 196, 208, 107, 10, 82, 83, 8, 90, 125, 172, 148, 15, 122, 24,
       18, 161, 137, 214, 0, 223, 244, 238, 40, 109, 9, 185, 146, 179,
       218, 223, 107, 221, 91, 99, 197, 125, 175, 56, 71, 207, 194, 212,
       250, 251, 156, 165, 225, 99, 0, 27, 189, 130, 211, 145, 246, 56,
       119, 53, 141, 207, 22, 12, 178, 38, 228, 237, 191, 155, 144, 63,
       153, 49, 206, 159, 255, 158, 195, 139, 68, 169, 158, 252, 98, 190,
       116, 109, 13, 85, 64, 243, 190, 180, 24, 66, 217, 77, 27, 136,
       244, 101, 122, 104, 103, 138, 8, 211, 217, 69, 59, 67, 249, 70,
       163, 77, 36, 222, 229, 224, 46, 104, 25, 58, 179, 107, 80, 221,
       51, 73, 250, 183, 93, 124, 56, 17, 208, 153, 64, 207, 239, 99, 4,
       168, 227, 235, 129, 124, 93, 23, 238, 29, 207, 86, 48, 197, 200,
       233, 72, 254, 125, 33, 240, 212, 114, 220, 98, 73, 161, 90, 63,
       227, 253, 37, 26, 122, 59, 64, 51, 253, 60, 254, 68, 41, 126, 87,
       80, 225, 238, 191, 45, 74, 252, 135, 191, 132, 228, 236, 110, 141,
       103, 253, 136, 147, 249, 65, 63, 107, 255, 78, 87, 251, 92, 118,
       84, 43, 222, 95, 182, 225, 206, 166, 44, 107, 151, 135, 247, 166,
       244, 252, 106, 237, 143, 182, 173, 243, 251, 64, 147, 34, 181,
       110, 127, 9, 89, 119, 69, 112, 207, 239, 118, 125, 200, 122, 96,
       188, 55, 132, 52, 38, 118, 86, 72, 193, 184, 33, 108, 103, 190,
       48, 128, 74, 160, 67, 169, 9, 141, 146, 251, 181, 159, 70, 151,
       95, 33, 78, 8, 190, 177, 32, 228, 145, 42, 10, 28, 83, 184, 89,
       191, 169, 223, 20, 48, 218, 218, 217, 168, 109, 79, 105, 101, 52,
       10, 111, 188, 96, 168, 126, 232, 243, 97, 145, 49, 18, 196, 76,
       110, 201, 176, 237, 44, 230, 249, 37, 0, 104, 187, 66, 41, 217,
       190, 149, 248, 169, 164, 61, 223, 190, 27, 144, 116, 156, 183, 96,
       235, 231, 87, 127, 16, 243, 77, 139, 209, 217, 251, 127, 254, 152,
       64, 161, 59, 197, 213, 79, 97, 176, 15, 111, 184, 100, 248, 63,
       204, 211, 115, 152, 115, 54, 212, 92, 238, 249, 152, 125, 28, 236,
       171, 165, 196, 109, 163, 192, 49, 196, 239, 140, 179, 150, 168,
       38, 143, 186, 147, 10, 210, 245, 226, 73, 66, 113, 110, 42, 152,
       114, 92, 206, 227, 172, 38, 175, 108, 168, 114, 177, 128, 253, 63,
       148, 238, 172, 47, 94, 248, 59, 170, 184, 108, 223, 251, 73, 144,
       221, 219, 126, 106, 251, 99, 203, 251, 185, 209, 47, 190, 88, 123,
       131, 1, 236, 172, 213, 255, 237, 47, 66, 154, 83, 187, 176, 88,
       195, 105, 77, 27, 217, 198, 100, 122, 59, 102, 219, 179, 143, 219,
       213, 124, 249, 249, 80, 130, 164, 204, 215, 254, 254, 171, 158,
       238, 223, 147, 240, 88, 238, 233, 36, 73, 211, 123, 110, 34, 50,
       111, 10, 255, 168, 186, 87, 122, 212, 121, 129, 137, 106, 176,
       116, 232, 53, 87, 152, 91, 27, 121, 53, 185, 78, 157, 126, 61,
       159, 29, 181, 21, 158, 107, 59, 213, 219, 219, 217, 255, 30, 140,
       159, 87, 125, 229, 109, 111, 141, 79, 71, 168, 67, 226, 173, 8,
       83, 125, 27, 51, 88, 196, 112, 110, 217, 98, 255, 61, 231, 203,
       197, 60, 115, 251, 82, 96, 38, 32, 241, 225, 116, 42, 248, 2, 105,
       161, 50, 153, 143, 11, 85, 27, 174, 157, 95, 153, 26, 244, 193,
       192, 159, 216, 147, 163, 199, 192, 67, 4, 203, 17, 116, 237, 47,
       95, 93, 57, 201, 204, 21, 162, 253, 223, 150, 39, 6, 53, 253, 239,
       192, 64, 230, 221, 71, 249, 233, 139, 55, 166, 85, 115, 201, 21,
       63, 12, 58, 55, 27, 57, 140, 76, 223, 236, 221, 22, 179, 245, 86,
       21, 223, 47, 225, 131, 117, 14, 224, 43, 40, 156, 30, 166, 9, 113,
       144, 141, 125, 120, 186, 195, 149, 239, 126, 30, 240, 50, 23, 63,
       32, 25, 163, 91, 7, 113, 114, 111, 3, 127, 249, 139, 127, 76, 113,
       32, 167, 163, 50, 123, 122, 72, 102, 217, 246, 226, 233, 204, 248,
       169, 42, 220, 183, 48, 174, 249, 87, 67, 204, 171, 134, 236, 114,
       124, 36, 139, 69, 179, 102, 207, 0, 160, 145, 187, 236, 41, 168,
       143, 30, 51, 49, 248, 157, 34, 200, 136, 155, 11, 106, 29, 19, 88,
       207, 211, 12, 22, 127, 124, 148, 200, 129, 128, 229, 162, 173, 99,
       172, 47, 75, 25, 71, 255, 181, 220, 211, 105, 218, 58, 221, 196,
       124, 62, 152, 102, 237, 18, 206, 223, 229, 252, 208, 234, 82, 97,
       19, 93, 123, 229, 50, 142, 63, 246, 44, 200, 94, 224, 253, 151,
       161, 96, 182, 125, 31, 238, 193, 153, 33, 125, 228, 237, 47, 128,
       44, 178, 33, 57, 34, 173, 114, 120, 221, 253, 210, 71, 83, 13,
       248, 11, 42, 157, 52, 16, 217, 186, 135, 16, 158, 58, 210, 247,
       127, 221, 16, 107, 243, 142, 246, 142, 48, 253, 19, 168, 152, 143,
