%YAML:1.0
---
descriptors: !!opencv-matrix
   rows: 164
   cols: 32
   dt: u
   data: [ 81, 77, 199, 205, 86, 10, 111, 99, 117, 162, 238, 2, 115, 49,
       177, 119, 122, 236, 58, 238, 233, 248, 229, 238, 52, 174, 198, 0,
       39, 248, 112, 168, 2, 171, 25, 186, 252, 201, 182, 207, 142, 21,
       88, 43, 164, 222, 104, 64, 203, 59, 3, 81, 6, 26, 74, 245, 61, 20,
       30, 107, 16, 26, 165, 139, 77, 49, 189, 101, 33, 92, 113, 56, 104,
       200, 39, 8, 254, 113, 8, 50, 144, 84, 120, 104, 133, 160, 177, 8,
       71, 249, 64, 2, 74, 34, 67, 35, 122, 56, 236, 53, 139, 253, 145,
       7, 177, 247, 134, 159, 42, 188, 86, 42, 201, 183, 249, 145, 188,
       111, 246, 162, 95, 119, 220, 251, 231, 76, 222, 95, 146, 101, 71,
       65, 83, 82, 171, 100, 53, 132, 226, 178, 73, 7, 133, 245, 126,
       189, 130, 248, 43, 214, 101, 206, 55, 40, 131, 0, 103, 177, 39,
       252, 89, 185, 151, 254, 41, 205, 71, 184, 235, 90, 168, 72, 255,
       246, 0, 247, 133, 247, 124, 74, 139, 99, 250, 49, 145, 254, 71,
       58, 10, 115, 67, 37, 196, 172, 149, 151, 150, 168, 38, 134, 186,
       147, 74, 18, 236, 226, 73, 74, 97, 111, 42, 146, 114, 92, 203,
       227, 172, 38, 223, 64, 128, 114, 161, 8, 1, 78, 87, 69, 52, 139,
       234, 55, 108, 8, 122, 100, 251, 32, 148, 180, 59, 36, 86, 44, 161,
       184, 5, 77, 36, 158, 50, 128, 76, 138, 75, 141, 45, 221, 57, 254,
       61, 223, 86, 176, 212, 72, 125, 64, 255, 249, 32, 224, 212, 114,
       28, 106, 203, 168, 120, 191, 227, 255, 33, 24, 90, 171, 64, 35,
       193, 156, 28, 249, 41, 141, 20, 175, 143, 57, 164, 28, 190, 51, 2,
       91, 133, 19, 252, 0, 38, 73, 83, 53, 203, 211, 80, 59, 24, 8, 137,
       11, 135, 140, 188, 147, 229, 118, 188, 135, 62, 243, 70, 17, 204,
       46, 94, 203, 135, 71, 179, 149, 52, 220, 91, 226, 47, 51, 222, 71,
       134, 84, 137, 158, 247, 167, 245, 198, 246, 34, 158, 105, 27, 163,
       251, 250, 92, 108, 156, 48, 191, 213, 53, 167, 176, 247, 141, 222,
       56, 46, 109, 150, 237, 227, 227, 1, 121, 63, 144, 183, 177, 13,
       94, 87, 59, 233, 250, 77, 255, 59, 64, 146, 183, 223, 252, 20,
       143, 122, 201, 187, 191, 255, 55, 178, 202, 214, 203, 25, 164, 48,
       248, 225, 205, 109, 241, 202, 75, 179, 37, 26, 26, 153, 77, 58,
       169, 220, 83, 16, 18, 118, 218, 210, 95, 221, 17, 127, 241, 105,
       86, 130, 77, 75, 95, 101, 36, 14, 111, 180, 108, 168, 126, 100,
       243, 33, 145, 114, 150, 100, 108, 110, 201, 176, 225, 40, 230,
       249, 101, 128, 74, 179, 67, 33, 129, 164, 157, 155, 236, 169, 172,
       175, 30, 51, 17, 184, 189, 226, 200, 200, 207, 27, 106, 17, 51,
       92, 75, 211, 12, 150, 62, 124, 156, 72, 137, 137, 66, 169, 118,
       115, 177, 152, 124, 39, 255, 53, 107, 145, 175, 191, 20, 112, 167,
       63, 253, 20, 214, 216, 182, 85, 175, 248, 20, 195, 66, 132, 199,
       79, 102, 32, 241, 225, 100, 8, 248, 0, 105, 177, 50, 139, 143, 11,
       85, 26, 174, 157, 85, 157, 138, 112, 193, 192, 142, 216, 155, 163,
       197, 160, 67, 132, 164, 140, 214, 254, 253, 171, 220, 239, 223,
       147, 240, 88, 239, 233, 44, 205, 211, 111, 110, 34, 48, 111, 74,
       255, 184, 254, 87, 126, 212, 249, 193, 133, 3, 125, 123, 229, 114,
       158, 191, 118, 173, 72, 122, 228, 189, 158, 165, 240, 182, 61, 31,
       207, 193, 152, 32, 238, 166, 253, 42, 130, 12, 178, 35, 249, 194,
       236, 153, 190, 222, 161, 172, 175, 186, 147, 24, 26, 236, 234, 80,
       74, 51, 107, 123, 145, 114, 76, 138, 251, 172, 54, 223, 236, 148,
       112, 131, 136, 122, 169, 114, 106, 117, 221, 82, 196, 233, 1, 252,
       8, 46, 223, 38, 148, 184, 170, 199, 72, 14, 171, 242, 237, 179,
       252, 0, 91, 99, 134, 78, 14, 125, 119, 17, 236, 189, 15, 94, 248,
       59, 170, 184, 72, 223, 123, 73, 177, 157, 223, 125, 98, 105, 99,
       203, 190, 251, 219, 37, 188, 90, 243, 194, 3, 196, 236, 133, 151,
       214, 168, 38, 175, 186, 147, 10, 18, 236, 226, 73, 66, 113, 235,
       42, 152, 50, 92, 138, 243, 172, 38, 159, 108, 160, 112, 161, 136,
       17, 77, 222, 213, 20, 138, 110, 102, 125, 130, 126, 2, 121, 35,
       177, 100, 114, 238, 62, 238, 96, 248, 5, 238, 230, 174, 230, 0,
       39, 242, 96, 168, 70, 165, 112, 195, 253, 125, 240, 9, 111, 181,
       185, 27, 206, 88, 94, 172, 187, 155, 223, 49, 150, 112, 219, 214,
       31, 28, 7, 119, 199, 79, 215, 198, 252, 112, 250, 116, 77, 13, 85,
       88, 227, 190, 165, 8, 122, 221, 69, 59, 168, 244, 113, 114, 104,
       103, 154, 136, 211, 217, 69, 63, 227, 249, 102, 34, 77, 32, 155,
       229, 224, 46, 104, 25, 58, 179, 107, 80, 221, 243, 73, 250, 179,
       95, 124, 56, 17, 208, 153, 66, 223, 237, 99, 4, 136, 227, 107,
       129, 240, 64, 223, 244, 78, 8, 109, 40, 249, 146, 178, 90, 127,
       107, 21, 91, 98, 229, 125, 234, 104, 71, 195, 202, 148, 186, 250,
       16, 37, 241, 98, 40, 226, 184, 234, 50, 141, 248, 145, 135, 187,
       87, 134, 157, 170, 188, 118, 26, 137, 179, 249, 17, 158, 111, 246,
       227, 219, 119, 220, 123, 199, 76, 214, 94, 252, 81, 86, 236, 13,
       86, 94, 44, 177, 174, 247, 11, 75, 31, 39, 215, 248, 244, 237,
       226, 108, 71, 249, 140, 243, 251, 199, 31, 35, 191, 124, 2, 121,
       179, 154, 167, 177, 31, 94, 253, 107, 233, 251, 77, 255, 251, 74,
       176, 180, 207, 124, 28, 143, 251, 217, 49, 251, 255, 55, 176, 202,
       130, 203, 25, 62, 199, 237, 255, 136, 98, 79, 189, 23, 255, 159,
       243, 73, 111, 203, 75, 95, 215, 175, 182, 58, 66, 239, 163, 250,
       231, 255, 213, 183, 255, 180, 113, 195, 183, 151, 216, 252, 164,
       185, 223, 191, 155, 56, 116, 156, 243, 224, 127, 135, 27, 127, 24,
       179, 75, 138, 211, 140, 186, 127, 238, 152, 192, 161, 161, 116,
       99, 204, 101, 138, 11, 71, 184, 32, 164, 174, 168, 211, 97, 201,
       19, 26, 212, 108, 106, 72, 240, 205, 8, 236, 129, 101, 53, 97,
       251, 70, 32, 167, 78, 103, 95, 116, 147, 239, 240, 213, 74, 117,
       230, 112, 68, 181, 229, 94, 232, 22, 238, 225, 182, 44, 253, 36,
       42, 227, 128, 127, 191, 112, 245, 74, 249, 62, 112, 241, 220, 253,
       231, 191, 93, 102, 21, 172, 207, 54, 209, 167, 63, 255, 129, 210,
       217, 178, 245, 251, 123, 30, 195, 66, 4, 175, 91, 157, 246, 124,
       248, 174, 39, 95, 218, 214, 58, 181, 118, 87, 83, 233, 123, 127,
       212, 94, 254, 235, 71, 107, 22, 250, 203, 231, 252, 189, 249, 160,
       33, 19, 93, 123, 229, 50, 134, 63, 244, 172, 192, 90, 230, 189,
       159, 161, 96, 182, 125, 31, 227, 193, 153, 48, 238, 245, 237, 46,
       130, 44, 179, 33, 185, 56, 185, 114, 72, 245, 221, 86, 215, 99, 5,
       124, 8, 43, 153, 54, 180, 216, 186, 134, 8, 30, 58, 240, 181, 119,
       221, 0, 107, 115, 142, 238, 206, 16, 207, 158, 253, 20, 132, 110,
       39, 244, 5, 238, 2, 163, 161, 48, 64, 104, 234, 42, 200, 72, 187,
       2, 239, 227, 239, 146, 1, 65, 128, 104, 136, 153, 143, 106, 37,
       20, 219, 97, 39, 117, 69, 126, 150, 171, 8, 178, 228, 106, 174, 6,
       13, 109, 184, 37, 143, 166, 253, 16, 65, 111, 140, 252, 76, 134,
       233, 21, 187, 221, 133, 166, 236, 158, 17, 128, 66, 180, 210, 40,
       133, 216, 123, 74, 115, 115, 11, 90, 253, 173, 144, 15, 126, 24,
       24, 129, 168, 92, 178, 156, 161, 160, 111, 25, 25, 42, 249, 179,
       125, 223, 31, 74, 26, 151, 21, 221, 48, 23, 65, 153, 16, 203, 213,
       63, 246, 136, 2, 135, 19, 201, 186, 150, 217, 169, 188, 61, 255,
       255, 27, 182, 116, 158, 147, 228, 239, 167, 83, 110, 24, 243, 77,
       171, 245, 154, 219, 127, 254, 154, 64, 171, 173, 88, 188, 188,
       114, 169, 237, 21, 175, 187, 63, 172, 57, 174, 191, 74, 27, 135,
       91, 237, 16, 58, 79, 250, 49, 251, 215, 85, 127, 194, 64, 135,
       107, 5, 164, 221, 241, 236, 169, 233, 155, 126, 51, 49, 216, 157,
       163, 216, 42, 163, 11, 110, 28, 51, 124, 207, 210, 204, 159, 127,
       100, 220, 200, 193, 160, 213, 124, 159, 118, 40, 108, 81, 154,
       162, 218, 166, 24, 87, 247, 65, 123, 39, 212, 124, 10, 41, 71,
       187, 34, 209, 171, 113, 24, 168, 241, 38, 51, 98, 184, 175, 250,
