%YAML:1.0
---
descriptors: !!opencv-matrix
   rows: 262
   cols: 32
   dt: u
   data: [ 252, 80, 253, 102, 105, 78, 87, 184, 177, 242, 167, 8, 87,
       119, 73, 123, 48, 212, 125, 106, 105, 103, 251, 8, 211, 235, 101,
       60, 106, 179, 70, 50, 40, 236, 57, 248, 93, 205, 85, 175, 223, 61,
       164, 24, 182, 159, 64, 48, 137, 155, 83, 0, 74, 42, 122, 53, 239,
       215, 20, 123, 80, 24, 198, 234, 206, 173, 18, 168, 233, 116, 190,
       235, 170, 158, 188, 40, 140, 254, 99, 151, 143, 211, 223, 227, 70,
       67, 138, 208, 63, 81, 207, 191, 18, 102, 43, 135, 121, 77, 126,
       238, 28, 87, 71, 60, 196, 160, 174, 0, 115, 115, 34, 113, 88, 230,
       92, 106, 105, 171, 121, 61, 243, 235, 225, 17, 50, 170, 92, 42,
       27, 237, 101, 155, 187, 139, 143, 172, 142, 165, 140, 139, 252,
       101, 18, 4, 38, 99, 91, 127, 82, 9, 127, 125, 233, 20, 13, 112,
       150, 158, 145, 104, 29, 221, 63, 230, 144, 206, 87, 178, 164, 136,
       174, 0, 247, 119, 1, 112, 48, 114, 93, 106, 73, 169, 57, 45, 249,
       239, 37, 16, 96, 179, 32, 43, 206, 233, 178, 154, 239, 208, 190,
       204, 175, 92, 84, 3, 140, 206, 127, 79, 230, 91, 179, 214, 70, 82,
       186, 241, 23, 80, 206, 239, 150, 215, 173, 199, 238, 253, 244,
       204, 239, 53, 158, 238, 139, 154, 156, 171, 44, 255, 119, 135,
       239, 243, 223, 231, 224, 3, 138, 250, 59, 89, 207, 190, 23, 127,
       63, 91, 252, 245, 121, 104, 60, 79, 83, 184, 83, 168, 189, 8, 219,
       93, 73, 49, 92, 220, 93, 234, 75, 38, 249, 31, 251, 201, 33, 61,
       115, 171, 70, 51, 84, 245, 25, 114, 56, 201, 71, 184, 162, 176,
       173, 8, 247, 247, 73, 50, 17, 240, 108, 122, 43, 65, 250, 31, 249,
       134, 37, 60, 96, 179, 6, 34, 167, 229, 227, 222, 221, 31, 238,
       252, 95, 226, 249, 94, 224, 232, 124, 167, 253, 202, 82, 239, 165,
       123, 126, 255, 63, 30, 143, 44, 157, 255, 241, 156, 88, 173, 127,
       116, 155, 201, 87, 167, 235, 148, 46, 8, 191, 247, 64, 51, 163,
       115, 232, 0, 123, 105, 186, 125, 235, 215, 69, 123, 98, 192, 134,
       106, 166, 123, 248, 223, 238, 137, 150, 244, 219, 158, 112, 239,
       172, 232, 229, 11, 206, 123, 167, 67, 198, 106, 206, 241, 38, 16,
       119, 187, 84, 249, 95, 143, 25, 157, 83, 254, 147, 195, 54, 247,
       52, 1, 202, 198, 125, 243, 32, 224, 115, 255, 26, 160, 121, 153,
       29, 127, 185, 166, 6, 66, 189, 82, 169, 26, 100, 248, 177, 115,
       201, 205, 55, 132, 123, 179, 32, 8, 150, 53, 65, 56, 161, 86, 96,
       82, 67, 124, 249, 50, 253, 158, 85, 118, 192, 91, 199, 170, 156,
       153, 25, 250, 186, 233, 83, 216, 166, 21, 37, 32, 247, 247, 41,
       81, 54, 19, 77, 112, 34, 1, 58, 53, 241, 160, 33, 124, 176, 147,
       39, 99, 20, 241, 91, 161, 210, 194, 189, 245, 42, 241, 67, 230,
       213, 215, 72, 0, 62, 29, 51, 177, 83, 217, 154, 84, 125, 129, 175,
       228, 45, 2, 167, 179, 10, 145, 150, 155, 139, 208, 184, 109, 175,
       85, 67, 177, 236, 254, 46, 238, 231, 27, 251, 128, 22, 201, 27,
       213, 143, 54, 90, 203, 146, 6, 173, 222, 96, 253, 121, 101, 112,
       78, 111, 52, 101, 232, 126, 236, 211, 21, 144, 112, 62, 252, 93,
       110, 201, 176, 113, 46, 229, 173, 37, 128, 104, 186, 70, 121, 35,
       172, 234, 202, 87, 249, 235, 79, 95, 69, 124, 138, 56, 205, 246,
       36, 127, 58, 19, 29, 147, 186, 126, 255, 127, 28, 149, 232, 215,
       206, 246, 236, 3, 172, 35, 155, 213, 245, 170, 207, 94, 73, 88,
       19, 172, 252, 118, 228, 249, 43, 19, 149, 183, 184, 46, 247, 45,
       22, 158, 235, 149, 12, 177, 238, 131, 140, 133, 155, 181, 241,
       176, 15, 94, 75, 88, 115, 172, 184, 52, 236, 209, 43, 179, 17, 55,
       220, 67, 247, 13, 54, 158, 67, 150, 76, 153, 143, 251, 65, 102,
       236, 7, 18, 78, 104, 101, 32, 179, 2, 75, 106, 55, 231, 120, 228,
       252, 235, 108, 161, 13, 141, 178, 234, 195, 23, 39, 191, 120, 4,
       11, 140, 134, 187, 177, 180, 184, 39, 62, 91, 74, 21, 172, 186,
       54, 192, 193, 43, 187, 149, 54, 220, 83, 247, 173, 119, 158, 195,
       152, 68, 185, 30, 130, 166, 29, 187, 248, 169, 184, 175, 158, 19,
       64, 241, 188, 167, 232, 73, 207, 27, 235, 17, 50, 92, 67, 215,
       204, 22, 126, 236, 148, 8, 129, 137, 253, 97, 237, 102, 140, 71,
       79, 248, 66, 242, 181, 10, 83, 81, 217, 59, 88, 196, 116, 110,
       201, 99, 253, 56, 251, 201, 229, 60, 119, 251, 118, 96, 95, 253,
       207, 180, 250, 242, 158, 250, 154, 234, 158, 239, 124, 254, 163,
       240, 119, 247, 253, 227, 245, 203, 188, 255, 186, 103, 175, 183,
       47, 247, 175, 87, 129, 162, 149, 187, 236, 173, 160, 207, 222, 31,
       80, 80, 164, 131, 232, 73, 201, 10, 34, 28, 18, 110, 66, 177, 140,
       210, 126, 105, 144, 200, 129, 169, 237, 233, 182, 251, 173, 140,
       117, 167, 255, 27, 38, 16, 254, 249, 116, 123, 193, 102, 123, 94,
       114, 105, 251, 177, 239, 251, 86, 90, 146, 88, 209, 10, 72, 185,
       49, 92, 219, 205, 119, 167, 235, 9, 104, 8, 62, 183, 4, 52, 160,
       243, 224, 64, 83, 40, 178, 125, 127, 150, 21, 107, 99, 16, 134,
       42, 32, 141, 25, 248, 29, 197, 67, 175, 86, 1, 104, 0, 178, 240,
       32, 96, 216, 42, 10, 8, 90, 168, 83, 63, 237, 191, 146, 88, 16, 8,
       240, 42, 35, 172, 234, 90, 215, 245, 235, 75, 95, 5, 124, 10, 40,
       216, 246, 36, 121, 170, 19, 153, 146, 58, 62, 243, 31, 28, 155,
       235, 215, 78, 246, 236, 26, 140, 10, 187, 19, 165, 186, 199, 62,
       7, 72, 151, 173, 239, 34, 64, 255, 59, 163, 149, 38, 156, 18, 255,
       239, 231, 154, 193, 152, 72, 173, 154, 240, 65, 6, 12, 79, 6, 167,
       104, 196, 246, 226, 14, 66, 64, 55, 87, 104, 228, 106, 226, 105,
       231, 127, 12, 49, 34, 195, 28, 89, 56, 116, 22, 167, 237, 130,
       158, 221, 39, 238, 236, 95, 162, 249, 90, 224, 232, 125, 161, 249,
       239, 90, 239, 229, 119, 88, 255, 61, 30, 207, 60, 157, 127, 249,
       140, 174, 123, 208, 191, 238, 137, 190, 240, 30, 194, 81, 231,
       173, 200, 199, 136, 94, 123, 135, 71, 197, 254, 222, 233, 100, 1,
       111, 168, 93, 255, 25, 153, 41, 52, 121, 69, 116, 110, 107, 51,
       117, 226, 127, 88, 243, 53, 148, 53, 121, 254, 22, 40, 185, 252,
       113, 14, 111, 239, 113, 0, 99, 232, 70, 232, 169, 111, 103, 101,
       52, 155, 239, 55, 101, 64, 118, 196, 187, 9, 148, 181, 26, 172,
       86, 108, 233, 184, 101, 12, 102, 217, 32, 0, 111, 172, 82, 172,
       199, 104, 191, 255, 109, 157, 124, 216, 255, 154, 167, 16, 254,
       251, 93, 123, 193, 105, 123, 79, 226, 101, 250, 241, 207, 219,
       215, 42, 80, 113, 99, 42, 25, 189, 185, 255, 144, 197, 35, 251,
       118, 73, 76, 64, 183, 247, 32, 96, 93, 59, 22, 136, 187, 152, 121,
       63, 233, 239, 58, 0, 184, 64, 33, 251, 244, 233, 93, 101, 184, 79,
       71, 248, 226, 176, 164, 8, 83, 83, 65, 51, 88, 212, 104, 122, 72,
       99, 251, 28, 121, 136, 37, 124, 64, 179, 70, 170, 248, 205, 62,
       110, 13, 222, 86, 53, 229, 12, 174, 8, 123, 113, 32, 243, 208,
       244, 236, 106, 104, 171, 48, 61, 243, 235, 96, 17, 114, 170, 76,
       10, 0, 169, 152, 123, 248, 237, 177, 207, 42, 29, 108, 8, 180,
       151, 72, 24, 129, 27, 3, 16, 18, 58, 234, 49, 77, 133, 62, 105,
       208, 0, 135, 171, 124, 33, 88, 96, 153, 125, 83, 88, 98, 165, 172,
       8, 19, 17, 73, 24, 24, 156, 204, 16, 26, 35, 216, 16, 219, 197,
       37, 125, 226, 139, 78, 34, 60, 77, 98, 238, 84, 147, 206, 248, 85,
       128, 254, 2, 115, 233, 53, 192, 120, 232, 23, 235, 200, 179, 60,
       191, 114, 239, 165, 0, 119, 187, 240, 130, 10, 140, 14, 187, 177,
       243, 24, 167, 62, 75, 74, 49, 172, 250, 34, 192, 209, 43, 187,
       149, 62, 220, 67, 191, 174, 247, 158, 195, 152, 68, 185, 14, 0,
       135, 57, 249, 60, 141, 33, 191, 94, 61, 124, 56, 183, 17, 200, 32,
       133, 26, 38, 8, 82, 56, 99, 55, 237, 159, 52, 124, 80, 136, 133,
       233, 2, 174, 35, 155, 213, 241, 163, 199, 94, 13, 88, 18, 172,
       248, 118, 228, 217, 59, 147, 145, 182, 186, 110, 247, 45, 22, 158,
       235, 148, 76, 181, 238, 10, 140, 145, 185, 181, 251, 176, 47, 94,
