%YAML:1.0
---
descriptors: !!opencv-matrix
   rows: 246
   cols: 32
   dt: u
   data: [ 236, 93, 16, 138, 205, 116, 86, 71, 9, 14, 189, 62, 140, 22,
       35, 221, 232, 147, 142, 130, 124, 14, 112, 226, 245, 53, 158, 59,
       147, 95, 254, 210, 140, 73, 22, 155, 175, 249, 190, 193, 236, 21,
       61, 2, 172, 194, 107, 142, 162, 35, 202, 90, 70, 161, 62, 224,
       167, 208, 14, 65, 22, 95, 141, 199, 247, 239, 235, 38, 222, 51,
       206, 252, 211, 246, 185, 206, 83, 224, 251, 55, 29, 198, 85, 238,
       249, 67, 174, 58, 56, 78, 237, 188, 189, 243, 242, 101, 219, 185,
       127, 113, 178, 159, 125, 55, 185, 248, 182, 252, 159, 31, 214,
       179, 166, 247, 221, 124, 241, 233, 177, 76, 250, 217, 101, 246,
       110, 180, 195, 117, 7, 172, 131, 155, 213, 247, 168, 199, 30, 195,
       75, 83, 140, 250, 116, 236, 217, 43, 147, 149, 55, 216, 26, 242,
       13, 22, 159, 195, 158, 76, 185, 198, 24, 135, 211, 225, 178, 98,
       47, 191, 52, 129, 74, 194, 221, 39, 168, 196, 119, 95, 29, 188,
       49, 152, 5, 206, 237, 230, 174, 196, 166, 194, 165, 56, 2, 162,
       149, 187, 252, 137, 168, 143, 158, 49, 16, 253, 172, 163, 200,
       128, 207, 11, 107, 21, 19, 76, 67, 215, 12, 22, 62, 252, 156, 136,
       129, 153, 135, 104, 129, 153, 199, 215, 173, 207, 95, 226, 64,
       214, 8, 140, 117, 172, 127, 41, 18, 213, 231, 180, 54, 210, 13,
       30, 159, 38, 223, 28, 49, 252, 248, 56, 58, 122, 29, 205, 81, 81,
       241, 0, 165, 24, 55, 211, 0, 48, 136, 184, 64, 24, 58, 111, 242,
       47, 219, 201, 0, 121, 96, 128, 70, 162, 92, 29, 30, 110, 145, 182,
       71, 48, 164, 4, 238, 4, 115, 115, 33, 112, 112, 244, 44, 234, 104,
       131, 49, 44, 243, 239, 160, 81, 58, 227, 108, 50, 5, 163, 27, 187,
       178, 137, 41, 223, 22, 49, 64, 224, 181, 195, 232, 96, 55, 26, 34,
       24, 19, 152, 47, 49, 172, 132, 63, 100, 176, 136, 129, 161, 197,
       178, 188, 65, 172, 60, 253, 159, 106, 191, 151, 16, 211, 61, 220,
       111, 7, 86, 125, 56, 178, 100, 251, 64, 79, 187, 119, 220, 196,
       192, 213, 113, 92, 32, 174, 69, 141, 126, 248, 65, 226, 182, 135,
       26, 89, 187, 85, 251, 41, 212, 249, 185, 8, 215, 157, 192, 223,
       107, 207, 21, 163, 96, 127, 34, 213, 219, 78, 175, 38, 6, 111,
       184, 36, 224, 211, 199, 115, 67, 155, 81, 126, 228, 61, 238, 233,
       148, 93, 47, 244, 170, 239, 132, 45, 179, 112, 113, 221, 84, 143,
       183, 4, 60, 108, 144, 244, 83, 203, 87, 215, 120, 27, 235, 209,
       196, 124, 143, 173, 244, 223, 162, 199, 239, 250, 0, 172, 249, 88,
       16, 206, 165, 48, 138, 237, 248, 124, 142, 233, 86, 24, 1, 172,
       194, 111, 222, 195, 11, 234, 80, 70, 0, 186, 208, 7, 80, 142, 175,
       18, 119, 13, 223, 127, 75, 105, 76, 58, 210, 95, 61, 7, 236, 94,
       226, 113, 95, 183, 112, 118, 228, 61, 238, 205, 1, 45, 222, 114,
       109, 165, 153, 55, 182, 100, 125, 53, 205, 115, 79, 244, 75, 239,
       252, 84, 228, 254, 66, 115, 101, 189, 244, 122, 238, 22, 234, 217,
       186, 125, 61, 63, 236, 167, 68, 117, 187, 244, 224, 85, 68, 200,
       167, 36, 10, 111, 184, 96, 226, 223, 198, 115, 99, 155, 115, 126,
       228, 124, 239, 201, 212, 221, 40, 244, 171, 231, 132, 45, 243, 88,
       16, 240, 67, 71, 12, 12, 10, 199, 104, 228, 150, 226, 15, 98, 224,
       183, 87, 120, 228, 106, 110, 104, 231, 47, 77, 48, 34, 195, 28,
       81, 58, 116, 100, 205, 201, 100, 188, 41, 11, 79, 184, 133, 144,
       134, 137, 255, 81, 58, 87, 22, 228, 123, 111, 104, 71, 15, 29,
       240, 122, 65, 28, 118, 174, 0, 96, 139, 140, 142, 185, 145, 182,
       56, 135, 62, 83, 66, 21, 172, 250, 98, 200, 209, 43, 187, 149, 63,
       220, 27, 247, 136, 247, 158, 67, 152, 68, 169, 30, 240, 67, 71,
       204, 15, 2, 70, 104, 197, 6, 242, 66, 66, 8, 52, 87, 120, 228,
       110, 226, 108, 231, 69, 204, 176, 170, 195, 19, 117, 59, 112, 4,
       206, 253, 48, 136, 237, 240, 191, 206, 136, 86, 28, 135, 172, 238,
       115, 198, 239, 83, 155, 211, 70, 11, 186, 226, 189, 16, 143, 175,
       150, 117, 37, 255, 27, 141, 71, 193, 147, 246, 111, 182, 37, 41,
       158, 194, 109, 39, 184, 228, 119, 214, 157, 252, 91, 153, 49, 239,
       185, 238, 142, 196, 166, 214, 177, 56, 0, 154, 154, 251, 50, 225,
       49, 215, 30, 21, 84, 50, 189, 215, 34, 72, 231, 59, 163, 16, 18,
       156, 2, 247, 205, 167, 58, 75, 144, 136, 165, 235, 164, 237, 148,
       158, 223, 107, 167, 236, 22, 166, 185, 26, 236, 249, 105, 1, 121,
       254, 106, 226, 112, 103, 107, 255, 125, 134, 207, 61, 181, 123,
       181, 162, 98, 155, 98, 78, 126, 144, 182, 240, 201, 140, 248, 230,
       104, 248, 181, 32, 222, 119, 183, 99, 196, 171, 230, 237, 54, 60,
       167, 139, 69, 190, 118, 205, 218, 64, 174, 204, 13, 82, 248, 104,
       228, 6, 199, 2, 89, 251, 60, 235, 120, 228, 187, 235, 40, 245,
       163, 204, 211, 107, 202, 5, 39, 49, 125, 2, 66, 186, 149, 59, 249,
       233, 176, 135, 174, 63, 2, 185, 140, 150, 68, 90, 135, 19, 235,
       16, 18, 73, 203, 113, 13, 22, 26, 255, 144, 64, 135, 31, 111, 107,
       165, 20, 13, 86, 73, 57, 227, 220, 164, 13, 171, 77, 87, 31, 200,
       196, 253, 125, 140, 107, 243, 140, 79, 123, 213, 91, 195, 164, 86,
       102, 1, 128, 49, 217, 44, 169, 97, 31, 94, 91, 112, 80, 182, 130,
       232, 105, 195, 10, 38, 28, 147, 124, 115, 17, 204, 154, 114, 104,
       24, 136, 193, 169, 232, 56, 61, 122, 9, 205, 81, 88, 243, 16, 164,
       24, 178, 211, 64, 59, 128, 178, 64, 88, 107, 110, 242, 59, 203,
       217, 16, 120, 66, 128, 70, 170, 13, 65, 213, 229, 66, 74, 127,
       184, 45, 160, 98, 128, 223, 39, 9, 246, 54, 85, 243, 126, 65, 144,
       29, 204, 175, 255, 71, 4, 102, 179, 3, 176, 112, 73, 22, 172, 28,
       2, 67, 96, 165, 128, 162, 2, 71, 18, 33, 87, 232, 245, 108, 226,
       72, 163, 1, 140, 177, 242, 194, 22, 32, 43, 52, 32, 32, 168, 19,
       152, 121, 201, 176, 203, 142, 25, 176, 40, 172, 214, 96, 52, 201,
       59, 138, 16, 22, 43, 66, 245, 157, 20, 26, 123, 208, 8, 167, 143,
       152, 226, 107, 161, 52, 2, 235, 188, 50, 101, 210, 231, 145, 15,
       216, 64, 127, 205, 53, 253, 202, 156, 205, 38, 232, 231, 190, 196,
       37, 144, 53, 233, 9, 159, 57, 251, 60, 141, 5, 191, 30, 61, 92, 8,
       182, 181, 128, 32, 197, 26, 6, 8, 66, 56, 107, 55, 237, 159, 48,
       48, 16, 136, 133, 233, 122, 131, 170, 182, 205, 84, 94, 237, 163,
       94, 141, 15, 105, 239, 122, 211, 253, 199, 251, 199, 220, 75, 154,
       161, 251, 249, 223, 63, 3, 230, 254, 94, 68, 32, 209, 65, 210,
       106, 233, 136, 122, 241, 163, 24, 214, 70, 93, 58, 59, 221, 104,
       57, 19, 116, 193, 64, 157, 148, 15, 116, 197, 97, 71, 160, 52,
       172, 158, 186, 16, 175, 88, 198, 187, 159, 200, 29, 7, 235, 98,
       24, 179, 235, 229, 20, 46, 203, 154, 48, 219, 215, 95, 127, 160,
       81, 47, 2, 42, 161, 177, 73, 253, 253, 145, 143, 79, 125, 44, 9,
       166, 156, 94, 164, 153, 26, 162, 17, 151, 56, 123, 145, 47, 92,
       20, 127, 210, 78, 213, 254, 33, 153, 57, 251, 188, 141, 67, 181,
       86, 13, 204, 0, 183, 209, 160, 96, 192, 122, 12, 88, 154, 168,
       114, 63, 233, 173, 36, 88, 16, 138, 212, 105, 138, 168, 150, 153,
       205, 241, 112, 199, 255, 23, 68, 16, 173, 171, 98, 207, 235, 42,
       234, 24, 54, 94, 166, 241, 142, 211, 214, 107, 178, 196, 169, 206,
       120, 93, 23, 236, 29, 215, 86, 39, 197, 200, 138, 0, 122, 55, 33,
       243, 192, 246, 201, 96, 105, 139, 17, 157, 243, 227, 132, 19, 58,
       56, 252, 26, 244, 161, 208, 234, 141, 37, 66, 9, 67, 17, 161, 25,
       67, 121, 92, 26, 217, 138, 109, 178, 58, 98, 219, 145, 155, 221,
       145, 127, 241, 11, 242, 2, 197, 92, 157, 85, 44, 14, 101, 144,
       124, 186, 38, 88, 214, 19, 65, 255, 33, 116, 120, 10, 97, 212,
       217, 42, 133, 170, 117, 20, 8, 121, 65, 40, 244, 234, 254, 166,
       142, 10, 95, 236, 194, 182, 164, 139, 87, 233, 107, 19, 59, 229,
       105, 99, 108, 103, 174, 58, 250, 195, 69, 61, 117, 187, 206, 194,
       25, 159, 15, 171, 180, 235, 103, 247, 36, 72, 250, 102, 115, 119,
