%YAML:1.0
---
descriptors: !!opencv-matrix
   rows: 455
   cols: 32
   dt: u
   data: [ 253, 69, 99, 102, 21, 46, 79, 184, 49, 232, 175, 8, 83, 119,
       25, 115, 92, 212, 93, 110, 233, 163, 249, 46, 251, 239, 165, 20,
       99, 243, 82, 96, 197, 193, 111, 231, 36, 2, 111, 189, 36, 200,
       215, 228, 241, 67, 152, 115, 86, 228, 61, 238, 233, 148, 109, 45,
       228, 171, 239, 132, 44, 178, 240, 97, 241, 12, 241, 85, 20, 123,
       194, 63, 82, 227, 178, 88, 115, 56, 128, 184, 17, 246, 116, 40,
       189, 252, 237, 15, 169, 174, 53, 112, 225, 168, 214, 36, 26, 37,
       1, 172, 77, 237, 205, 207, 143, 52, 168, 11, 142, 207, 117, 149,
       169, 163, 203, 163, 10, 35, 58, 221, 177, 208, 219, 63, 82, 92,
       71, 110, 241, 96, 123, 77, 78, 79, 201, 88, 81, 98, 245, 74, 19,
       157, 188, 48, 120, 140, 22, 170, 137, 183, 244, 10, 87, 172, 160,
       60, 117, 171, 114, 160, 191, 245, 233, 102, 219, 87, 95, 248, 19,
       226, 157, 143, 91, 125, 95, 48, 29, 209, 213, 239, 233, 71, 124,
       186, 123, 223, 141, 190, 63, 255, 82, 246, 3, 132, 179, 217, 21,
       247, 169, 67, 94, 7, 91, 18, 168, 156, 180, 100, 121, 58, 2, 153,
       179, 188, 53, 215, 13, 62, 154, 66, 215, 12, 117, 164, 97, 48, 59,
       224, 77, 205, 241, 64, 237, 112, 163, 12, 22, 153, 101, 123, 232,
       24, 106, 91, 3, 39, 178, 192, 213, 152, 18, 58, 72, 11, 81, 34,
       41, 125, 98, 85, 116, 159, 238, 54, 125, 200, 126, 68, 187, 40,
       150, 164, 206, 108, 86, 77, 197, 184, 117, 238, 38, 124, 54, 128,
       78, 189, 91, 157, 133, 69, 213, 223, 188, 15, 238, 252, 126, 202,
       218, 70, 221, 123, 153, 167, 63, 199, 126, 239, 225, 241, 125,
       234, 172, 62, 111, 128, 206, 243, 225, 161, 110, 239, 236, 187,
       125, 153, 223, 136, 134, 61, 157, 175, 233, 205, 223, 130, 77, 99,
       255, 215, 222, 104, 206, 183, 110, 85, 189, 249, 87, 159, 92, 207,
       126, 161, 17, 234, 169, 205, 91, 168, 131, 61, 169, 9, 143, 79,
       72, 16, 200, 153, 205, 208, 26, 10, 202, 149, 155, 213, 129, 127,
       208, 7, 198, 18, 224, 189, 149, 254, 251, 237, 17, 103, 191, 17,
       40, 24, 254, 255, 32, 16, 135, 51, 203, 0, 51, 11, 26, 187, 163,
       214, 1, 58, 208, 96, 135, 179, 177, 129, 121, 97, 52, 139, 233,
       51, 100, 33, 242, 82, 147, 17, 144, 96, 74, 188, 22, 40, 217, 184,
       101, 28, 197, 173, 162, 64, 101, 136, 208, 160, 240, 167, 219,
       103, 146, 74, 119, 57, 51, 228, 103, 57, 87, 119, 74, 16, 50, 220,
       77, 106, 120, 208, 137, 14, 255, 199, 37, 5, 97, 162, 198, 243,
       76, 94, 231, 237, 254, 50, 107, 154, 53, 206, 222, 230, 217, 39,
       145, 206, 127, 228, 175, 238, 137, 210, 239, 238, 94, 239, 239,
       132, 167, 255, 100, 113, 148, 125, 154, 175, 170, 2, 127, 224,
       177, 138, 251, 35, 95, 191, 33, 64, 254, 253, 127, 227, 104, 231,
       201, 234, 241, 231, 111, 141, 97, 243, 39, 131, 132, 100, 223,
       231, 252, 47, 103, 248, 63, 174, 187, 10, 87, 243, 105, 115, 251,
       212, 110, 122, 104, 241, 137, 106, 253, 142, 103, 20, 160, 251,
       68, 35, 169, 211, 109, 183, 236, 15, 237, 61, 86, 230, 247, 215,
       243, 73, 154, 97, 94, 110, 126, 79, 237, 252, 125, 191, 228, 203,
       247, 144, 124, 184, 208, 216, 90, 217, 62, 188, 19, 196, 53, 103,
       188, 69, 78, 17, 188, 183, 34, 80, 162, 51, 251, 128, 99, 137, 50,
       127, 243, 247, 90, 67, 0, 16, 165, 123, 169, 205, 115, 73, 244,
       219, 239, 55, 125, 65, 114, 216, 243, 9, 148, 240, 90, 174, 38,
       56, 241, 184, 101, 31, 39, 191, 36, 64, 103, 136, 210, 160, 225,
       17, 23, 76, 253, 143, 70, 57, 205, 72, 227, 76, 214, 240, 44, 113,
       216, 102, 58, 106, 249, 171, 90, 28, 33, 184, 68, 90, 88, 42, 232,
       34, 230, 177, 161, 80, 223, 237, 147, 203, 155, 249, 144, 63, 8,
       220, 95, 44, 189, 219, 211, 145, 151, 107, 186, 211, 27, 28, 157,
       255, 223, 12, 150, 247, 194, 79, 14, 190, 184, 135, 190, 230, 158,
       162, 202, 203, 172, 170, 33, 193, 238, 127, 251, 195, 100, 11,
       218, 255, 180, 55, 223, 59, 24, 89, 169, 138, 18, 157, 62, 190,
       19, 198, 49, 103, 188, 81, 78, 19, 188, 191, 34, 97, 230, 51, 187,
       17, 55, 137, 50, 207, 233, 247, 90, 67, 24, 0, 173, 123, 198, 135,
       159, 190, 219, 165, 62, 75, 159, 159, 193, 19, 236, 231, 96, 66,
       229, 115, 235, 146, 50, 75, 154, 243, 29, 182, 31, 123, 144, 104,
       165, 66, 37, 181, 93, 99, 244, 63, 234, 185, 107, 113, 125, 76,
       223, 104, 158, 48, 63, 143, 86, 126, 183, 178, 253, 95, 110, 159,
       33, 68, 237, 139, 203, 144, 212, 0, 253, 101, 100, 46, 105, 18,
       96, 134, 118, 64, 179, 51, 145, 123, 114, 140, 61, 40, 169, 144,
       229, 72, 199, 169, 162, 128, 228, 224, 102, 41, 189, 87, 237, 69,
       214, 87, 215, 188, 83, 230, 246, 174, 91, 125, 143, 33, 95, 220,
       181, 102, 237, 246, 125, 174, 107, 79, 229, 148, 111, 255, 222,
       117, 57, 233, 104, 104, 93, 223, 83, 112, 69, 100, 252, 11, 11,
       25, 22, 16, 120, 168, 69, 126, 200, 58, 80, 159, 251, 205, 0, 121,
       127, 142, 90, 210, 250, 32, 226, 0, 93, 244, 184, 75, 251, 197,
       178, 159, 10, 140, 86, 90, 233, 141, 235, 149, 190, 111, 212, 194,
       95, 93, 155, 95, 205, 12, 122, 214, 133, 20, 253, 85, 164, 46,
       225, 58, 114, 251, 118, 16, 243, 49, 149, 43, 21, 86, 116, 40,
       161, 252, 241, 14, 79, 171, 117, 4, 201, 233, 65, 161, 122, 225,
       0, 168, 29, 221, 214, 76, 135, 224, 168, 11, 34, 217, 118, 144,
       216, 165, 223, 199, 78, 35, 216, 157, 243, 213, 141, 63, 91, 30,
       90, 26, 102, 48, 162, 168, 93, 101, 184, 74, 159, 117, 176, 31,
       76, 236, 127, 138, 217, 133, 251, 21, 46, 103, 210, 194, 25, 118,
       139, 127, 217, 44, 127, 210, 114, 99, 207, 132, 8, 73, 148, 97,
       136, 230, 160, 175, 34, 164, 199, 27, 232, 228, 106, 98, 76, 115,
       230, 8, 144, 0, 197, 59, 65, 42, 86, 222, 218, 94, 159, 252, 43,
       224, 62, 98, 164, 142, 210, 179, 45, 239, 33, 203, 230, 245, 237,
       195, 104, 197, 2, 235, 211, 227, 106, 131, 32, 113, 37, 91, 9,
       158, 107, 85, 116, 186, 233, 51, 116, 71, 127, 244, 179, 45, 148,
       96, 75, 174, 22, 8, 177, 188, 101, 143, 78, 191, 178, 192, 230,
       136, 84, 249, 130, 180, 18, 216, 59, 65, 180, 111, 190, 31, 144,
       48, 172, 211, 108, 85, 235, 31, 219, 128, 98, 79, 131, 223, 155,
       146, 223, 187, 16, 0, 165, 139, 144, 90, 172, 191, 58, 82, 94,
       172, 150, 206, 210, 167, 247, 110, 35, 66, 223, 245, 109, 231,
       108, 141, 111, 63, 242, 231, 255, 145, 52, 56, 45, 91, 165, 65,
       88, 105, 84, 15, 75, 120, 68, 32, 229, 8, 211, 1, 185, 112, 88,
       140, 2, 110, 73, 178, 93, 31, 102, 141, 129, 52, 120, 187, 72,
       160, 252, 56, 158, 254, 169, 232, 81, 66, 147, 159, 165, 57, 71,
       247, 67, 91, 193, 116, 237, 16, 56, 71, 194, 34, 219, 243, 113,
       59, 162, 105, 6, 83, 186, 144, 186, 188, 91, 225, 16, 75, 159, 5,
       237, 185, 110, 255, 46, 24, 221, 177, 235, 17, 62, 7, 74, 147,
       219, 215, 89, 123, 242, 44, 6, 219, 170, 158, 114, 91, 125, 211,
       122, 113, 255, 71, 109, 21, 232, 251, 54, 212, 193, 42, 219, 130,
       246, 142, 218, 255, 47, 255, 146, 107, 30, 134, 254, 206, 187, 76,
       111, 188, 60, 195, 207, 120, 148, 202, 212, 215, 115, 77, 179, 33,
       88, 224, 21, 239, 233, 231, 100, 159, 226, 75, 173, 144, 125, 188,
       112, 248, 53, 143, 104, 173, 60, 43, 203, 248, 68, 228, 217, 207,
       115, 104, 155, 0, 94, 204, 22, 239, 156, 186, 77, 189, 252, 45,
       161, 148, 125, 175, 120, 196, 109, 120, 241, 194, 237, 45, 219,
       216, 75, 225, 189, 142, 219, 221, 93, 44, 95, 216, 83, 26, 139,
       54, 248, 240, 95, 156, 5, 60, 223, 251, 70, 240, 229, 188, 155,
       250, 205, 237, 117, 255, 123, 243, 96, 28, 54, 243, 96, 125, 249,
       254, 34, 24, 115, 127, 218, 243, 127, 250, 87, 42, 216, 80, 226,
       162, 225, 188, 61, 248, 252, 237, 165, 127, 254, 123, 188, 88,
       182, 179, 48, 33, 133, 34, 94, 13, 179, 47, 114, 95, 125, 143, 63,
       124, 88, 104, 195, 235, 220, 218, 30, 180, 168, 6, 125, 55, 169,
