%YAML:1.0
---
descriptors: !!opencv-matrix
   rows: 238
   cols: 32
   dt: u
   data: [ 222, 156, 60, 186, 137, 253, 80, 138, 171, 25, 164, 24, 158,
       190, 70, 251, 129, 147, 253, 16, 58, 79, 250, 245, 155, 211, 90,
       127, 144, 65, 15, 23, 180, 239, 120, 103, 116, 11, 111, 252, 81,
       164, 255, 142, 83, 97, 153, 17, 122, 204, 71, 110, 232, 178, 109,
       47, 118, 173, 37, 52, 111, 187, 210, 161, 169, 109, 121, 101, 244,
       79, 111, 63, 113, 230, 126, 8, 211, 53, 145, 48, 24, 220, 22, 106,
       233, 176, 249, 14, 239, 239, 37, 4, 98, 250, 70, 248, 20, 49, 131,
       161, 146, 66, 173, 117, 48, 193, 67, 242, 213, 231, 104, 72, 115,
       61, 49, 177, 17, 216, 149, 66, 237, 166, 191, 196, 173, 34, 181,
       178, 11, 249, 177, 79, 241, 141, 239, 182, 111, 104, 104, 76, 190,
       225, 21, 148, 150, 106, 82, 78, 195, 56, 58, 107, 37, 60, 4, 40,
       90, 246, 195, 252, 24, 157, 23, 121, 131, 239, 21, 103, 188, 31,
       104, 8, 182, 55, 0, 29, 129, 50, 64, 8, 48, 155, 50, 125, 193,
       150, 80, 66, 208, 64, 135, 171, 65, 249, 187, 110, 90, 205, 23,
       165, 234, 192, 108, 8, 118, 247, 1, 48, 150, 123, 80, 67, 65, 10,
       186, 57, 97, 173, 37, 42, 64, 50, 7, 58, 8, 81, 187, 101, 161, 78,
       117, 7, 232, 203, 102, 24, 150, 181, 1, 58, 128, 116, 108, 8, 81,
       188, 176, 2, 225, 175, 116, 16, 192, 112, 199, 34, 53, 205, 99,
       207, 180, 27, 239, 184, 116, 192, 251, 230, 115, 108, 188, 228,
       126, 236, 22, 238, 201, 176, 109, 255, 38, 236, 167, 128, 127,
       186, 240, 229, 19, 223, 110, 175, 182, 2, 239, 252, 36, 4, 219,
       231, 113, 107, 178, 64, 126, 237, 31, 239, 200, 144, 13, 253, 244,
       45, 175, 128, 61, 178, 177, 121, 53, 255, 235, 239, 254, 43, 238,
       252, 86, 234, 249, 254, 211, 233, 249, 35, 127, 206, 86, 238, 185,
       119, 108, 255, 126, 207, 167, 172, 125, 251, 242, 177, 181, 207,
       101, 79, 52, 90, 238, 252, 84, 224, 250, 198, 115, 68, 157, 229,
       126, 196, 22, 238, 233, 178, 109, 173, 52, 232, 167, 132, 101,
       187, 112, 229, 213, 95, 78, 167, 38, 2, 110, 184, 100, 226, 215,
       231, 115, 104, 155, 99, 126, 228, 60, 239, 237, 180, 93, 44, 240,
       171, 239, 132, 45, 187, 120, 17, 27, 157, 107, 254, 246, 183, 239,
       119, 87, 73, 254, 230, 121, 251, 180, 100, 127, 170, 23, 141, 251,
       187, 53, 255, 126, 239, 190, 128, 63, 202, 240, 249, 45, 22, 252,
       69, 172, 62, 253, 25, 68, 191, 183, 86, 211, 125, 157, 107, 95,
       84, 127, 46, 176, 244, 253, 0, 71, 171, 245, 148, 207, 235, 216,
       161, 207, 248, 191, 255, 237, 220, 125, 220, 255, 154, 39, 16,
       252, 255, 93, 123, 193, 123, 123, 90, 227, 69, 250, 243, 71, 219,
       215, 42, 18, 113, 103, 171, 253, 96, 237, 98, 204, 55, 79, 216,
       82, 246, 181, 26, 83, 93, 219, 59, 89, 196, 124, 254, 171, 102,
       255, 50, 219, 203, 229, 124, 245, 251, 86, 96, 4, 177, 155, 161,
       210, 198, 189, 117, 42, 177, 67, 226, 212, 215, 72, 32, 55, 29,
       115, 177, 83, 216, 152, 68, 125, 128, 175, 196, 173, 2, 167, 179,
       10, 149, 32, 139, 213, 215, 190, 175, 29, 69, 94, 19, 236, 126,
       62, 196, 221, 59, 147, 161, 118, 152, 121, 223, 47, 118, 142, 67,
       22, 14, 189, 222, 200, 141, 189, 251, 173, 205, 116, 167, 255, 59,
       38, 16, 190, 189, 96, 123, 193, 102, 106, 90, 114, 105, 251, 177,
       239, 251, 84, 83, 210, 88, 213, 42, 38, 96, 146, 152, 197, 228,
       176, 66, 158, 135, 210, 19, 132, 218, 99, 76, 217, 125, 131, 17,
       0, 183, 210, 194, 141, 54, 159, 79, 148, 121, 61, 130, 16, 37,
       110, 105, 22, 195, 235, 109, 100, 0, 238, 2, 83, 27, 48, 32, 122,
       141, 93, 233, 40, 185, 21, 29, 241, 237, 130, 1, 101, 130, 103,
       138, 2, 145, 150, 223, 67, 192, 48, 103, 174, 81, 99, 32, 236,
       246, 40, 254, 166, 59, 234, 0, 23, 201, 147, 225, 141, 182, 90,
       67, 154, 0, 173, 159, 34, 255, 252, 222, 238, 217, 148, 239, 203,
       158, 184, 235, 174, 248, 199, 3, 206, 123, 199, 67, 198, 106, 202,
       241, 46, 16, 116, 187, 84, 124, 223, 207, 184, 89, 94, 252, 105,
       207, 92, 125, 191, 18, 244, 9, 127, 223, 33, 25, 158, 185, 103,
       66, 72, 167, 90, 157, 211, 219, 85, 59, 114, 184, 142, 139, 49,
       44, 201, 245, 212, 175, 75, 127, 85, 225, 228, 90, 115, 33, 16,
       52, 121, 206, 18, 172, 185, 250, 93, 175, 252, 142, 149, 96, 233,
       136, 210, 168, 208, 233, 24, 178, 153, 205, 92, 237, 179, 49, 160,
       9, 39, 211, 64, 17, 160, 219, 77, 208, 106, 75, 202, 53, 249, 209,
       21, 125, 32, 0, 170, 10, 124, 172, 154, 174, 137, 232, 80, 143,
       163, 151, 168, 25, 167, 243, 97, 90, 193, 247, 233, 17, 30, 15,
       202, 50, 217, 245, 31, 127, 144, 66, 142, 10, 112, 136, 154, 254,
       93, 129, 18, 207, 210, 0, 232, 9, 98, 217, 108, 80, 217, 250, 162,
       16, 14, 43, 138, 59, 123, 229, 133, 123, 81, 10, 126, 130, 253,
       253, 230, 158, 221, 55, 206, 255, 87, 226, 222, 94, 123, 232, 255,
       229, 93, 238, 54, 239, 253, 246, 255, 190, 58, 46, 197, 20, 207,
       255, 248, 28, 66, 175, 157, 255, 137, 229, 61, 134, 190, 31, 140,
       17, 172, 231, 96, 75, 197, 115, 235, 144, 50, 75, 235, 245, 237,
       179, 95, 123, 144, 64, 165, 106, 215, 252, 227, 214, 242, 118,
       111, 252, 187, 226, 27, 242, 121, 247, 253, 253, 55, 255, 53, 174,
       241, 87, 188, 239, 59, 46, 255, 172, 165, 243, 179, 249, 54, 169,
       81, 160, 214, 139, 194, 225, 79, 33, 169, 74, 6, 136, 116, 16, 56,
       143, 74, 243, 26, 59, 72, 244, 184, 148, 137, 124, 117, 11, 210,
       0, 133, 112, 188, 69, 32, 62, 245, 48, 124, 138, 119, 16, 210, 49,
       133, 49, 150, 84, 110, 42, 161, 244, 49, 74, 71, 187, 96, 0, 64,
       241, 67, 161, 169, 164, 53, 89, 221, 221, 68, 175, 95, 83, 100,
       24, 182, 56, 78, 228, 201, 10, 50, 24, 127, 126, 115, 151, 47,
       223, 20, 127, 210, 12, 208, 238, 103, 190, 234, 210, 245, 177,
       190, 239, 91, 251, 94, 254, 104, 168, 246, 164, 253, 207, 179,
       157, 151, 122, 175, 243, 62, 31, 159, 231, 207, 95, 248, 157, 142,
       221, 254, 151, 243, 243, 190, 239, 191, 215, 95, 179, 108, 254,
       111, 137, 191, 123, 179, 211, 54, 221, 46, 255, 126, 87, 95, 199,
       135, 119, 173, 215, 43, 172, 234, 75, 215, 253, 235, 215, 83, 5,
       124, 138, 56, 237, 54, 180, 123, 170, 147, 156, 146, 186, 188,
       255, 127, 13, 149, 105, 247, 206, 254, 234, 138, 156, 142, 185,
       153, 180, 184, 7, 190, 23, 66, 21, 172, 238, 50, 200, 197, 43,
       187, 149, 54, 220, 83, 247, 205, 119, 222, 75, 152, 68, 173, 218,
       130, 121, 22, 158, 77, 193, 190, 96, 140, 20, 80, 19, 172, 222,
       97, 195, 232, 57, 147, 195, 100, 30, 146, 235, 53, 16, 138, 43,
       20, 61, 53, 198, 249, 252, 19, 250, 57, 205, 83, 252, 49, 72, 176,
       92, 63, 215, 96, 177, 183, 249, 93, 114, 235, 47, 216, 63, 249,
       217, 33, 120, 122, 1, 38, 59, 18, 42, 174, 189, 14, 130, 168, 79,
       190, 149, 194, 151, 237, 202, 50, 74, 243, 111, 237, 133, 6, 217,
       143, 205, 200, 227, 191, 133, 36, 4, 189, 74, 31, 77, 99, 158,
       212, 146, 239, 240, 245, 194, 222, 198, 113, 252, 181, 228, 126,
       236, 23, 239, 237, 179, 44, 238, 56, 110, 175, 128, 47, 247, 112,
       244, 124, 125, 252, 229, 44, 79, 95, 56, 34, 232, 190, 108, 215,
       119, 193, 50, 22, 244, 125, 106, 201, 80, 249, 44, 249, 207, 101,
       180, 44, 186, 70, 123, 53, 246, 233, 99, 172, 51, 75, 152, 83,
       250, 181, 254, 211, 76, 223, 59, 95, 204, 92, 254, 191, 102, 237,
       18, 206, 143, 229, 252, 253, 251, 82, 113, 37, 84, 101, 69, 36,
       78, 239, 48, 101, 232, 251, 230, 211, 16, 157, 164, 92, 196, 22,
       238, 201, 180, 125, 140, 36, 234, 161, 132, 111, 187, 80, 181,
       124, 117, 121, 109, 120, 79, 91, 56, 83, 232, 189, 8, 83, 23, 201,
       48, 92, 220, 84, 106, 233, 114, 249, 30, 247, 201, 37, 52, 123,
       187, 70, 113, 184, 124, 119, 250, 113, 231, 83, 242, 17, 90, 112,
       76, 63, 95, 33, 49, 223, 185, 23, 98, 233, 246, 120, 63, 211, 203,
