%YAML:1.0
---
descriptors: !!opencv-matrix
   rows: 323
   cols: 32
   dt: u
   data: [ 210, 220, 211, 158, 203, 99, 30, 239, 191, 135, 249, 179, 76,
       246, 44, 113, 255, 219, 223, 130, 120, 15, 10, 246, 177, 150, 222,
       223, 177, 112, 167, 143, 134, 37, 178, 218, 185, 244, 222, 111,
       255, 159, 233, 16, 204, 250, 44, 245, 217, 123, 223, 35, 52, 75,
       218, 250, 185, 182, 223, 127, 144, 112, 167, 134, 174, 126, 246,
       222, 235, 99, 158, 206, 159, 30, 252, 187, 76, 253, 45, 141, 223,
       211, 223, 163, 96, 103, 138, 250, 115, 87, 95, 191, 215, 125, 175,
       155, 211, 56, 148, 188, 73, 205, 17, 67, 251, 87, 160, 29, 174,
       146, 67, 223, 163, 161, 232, 17, 47, 111, 210, 211, 145, 210, 82,
       58, 88, 4, 3, 94, 188, 69, 106, 71, 144, 14, 79, 252, 53, 174,
       238, 31, 83, 97, 139, 20, 120, 204, 69, 238, 104, 182, 121, 46,
       242, 239, 165, 4, 107, 251, 226, 120, 32, 241, 123, 65, 116, 223,
       195, 49, 105, 44, 124, 8, 155, 157, 148, 52, 26, 156, 70, 104,
       219, 186, 244, 79, 39, 220, 33, 112, 71, 138, 70, 229, 78, 207,
       196, 191, 225, 56, 110, 182, 55, 31, 94, 241, 236, 103, 187, 207,
       87, 83, 167, 223, 240, 216, 111, 227, 46, 118, 222, 199, 182, 247,
       140, 125, 227, 190, 169, 176, 40, 173, 25, 146, 190, 255, 130, 92,
       182, 134, 87, 58, 133, 127, 125, 28, 191, 77, 243, 51, 217, 159,
       255, 248, 128, 73, 23, 121, 173, 94, 229, 245, 236, 43, 237, 158,
       22, 242, 178, 244, 209, 39, 209, 123, 79, 86, 126, 190, 233, 244,
       109, 26, 108, 139, 247, 148, 189, 249, 84, 241, 173, 197, 117, 79,
       212, 91, 231, 189, 119, 116, 242, 136, 211, 108, 156, 117, 123,
       222, 102, 110, 249, 248, 253, 63, 45, 251, 103, 68, 125, 186, 198,
       248, 137, 34, 106, 169, 100, 56, 121, 83, 53, 44, 118, 247, 173,
       11, 147, 88, 126, 141, 23, 172, 140, 150, 229, 194, 214, 249, 178,
       160, 39, 132, 98, 201, 72, 89, 121, 101, 116, 206, 125, 55, 108,
       168, 126, 8, 151, 23, 129, 112, 132, 52, 92, 104, 201, 184, 113,
       14, 231, 253, 32, 128, 64, 176, 199, 105, 82, 249, 123, 238, 63,
       205, 146, 224, 239, 8, 188, 42, 63, 223, 96, 48, 254, 249, 223,
       99, 75, 43, 186, 249, 187, 245, 11, 59, 105, 2, 39, 187, 39, 127,
       120, 193, 212, 157, 187, 223, 94, 100, 104, 143, 24, 140, 119, 0,
       254, 9, 2, 117, 198, 58, 116, 222, 63, 28, 5, 108, 85, 154, 210,
       220, 17, 4, 87, 207, 54, 162, 107, 116, 52, 66, 95, 230, 125, 227,
       184, 228, 119, 253, 30, 172, 161, 149, 37, 206, 180, 174, 170,
       128, 175, 210, 33, 177, 17, 22, 87, 239, 50, 170, 106, 118, 125,
       65, 82, 246, 221, 34, 184, 228, 118, 45, 62, 188, 165, 148, 5,
       206, 180, 174, 186, 128, 173, 208, 41, 181, 222, 121, 22, 190, 11,
       196, 20, 96, 171, 146, 161, 8, 110, 255, 33, 89, 230, 179, 221,
       194, 106, 71, 154, 249, 179, 243, 74, 59, 24, 115, 39, 51, 129,
       188, 23, 219, 206, 175, 164, 215, 94, 57, 218, 114, 180, 208, 192,
       232, 105, 186, 106, 152, 19, 186, 91, 117, 60, 128, 62, 64, 217,
       88, 161, 169, 126, 191, 234, 82, 171, 245, 150, 206, 139, 255,
       188, 63, 10, 252, 127, 30, 141, 219, 245, 215, 190, 99, 186, 242,
       123, 93, 29, 255, 199, 117, 222, 87, 230, 238, 128, 190, 253, 244,
       190, 201, 155, 190, 145, 153, 236, 206, 71, 151, 205, 123, 243,
       215, 102, 71, 202, 243, 63, 82, 207, 251, 16, 52, 143, 198, 163,
       142, 236, 69, 244, 115, 255, 119, 93, 239, 124, 183, 40, 44, 182,
       36, 255, 42, 23, 173, 244, 190, 101, 206, 110, 95, 191, 131, 223,
       236, 216, 221, 117, 197, 75, 205, 208, 198, 79, 217, 86, 74, 237,
       66, 81, 243, 173, 112, 121, 204, 22, 174, 59, 147, 253, 95, 249,
       174, 167, 44, 185, 250, 224, 160, 16, 185, 63, 124, 67, 204, 53,
       119, 173, 65, 110, 8, 62, 183, 32, 48, 166, 55, 89, 0, 80, 153,
       50, 109, 243, 189, 18, 66, 64, 2, 167, 251, 211, 54, 239, 214, 36,
       38, 124, 18, 185, 202, 219, 231, 112, 254, 133, 123, 166, 245, 61,
       135, 169, 199, 144, 234, 146, 190, 250, 130, 12, 115, 112, 127,
       23, 76, 140, 183, 140, 115, 142, 204, 158, 242, 147, 199, 213, 44,
       179, 43, 235, 197, 63, 231, 45, 245, 111, 168, 132, 67, 255, 149,
       189, 125, 89, 84, 236, 125, 157, 245, 164, 14, 103, 150, 48, 162,
       34, 76, 215, 35, 65, 91, 133, 116, 104, 126, 121, 252, 209, 42,
       237, 182, 101, 52, 136, 249, 66, 56, 9, 151, 20, 153, 178, 191,
       57, 27, 30, 93, 95, 118, 221, 98, 170, 228, 247, 27, 142, 28, 183,
       152, 109, 223, 206, 247, 50, 198, 154, 136, 161, 117, 214, 164,
       40, 170, 157, 53, 24, 233, 191, 119, 141, 31, 196, 202, 94, 15,
       241, 203, 249, 183, 62, 71, 155, 215, 217, 86, 143, 255, 156, 71,
       191, 70, 188, 223, 232, 190, 214, 67, 223, 253, 82, 238, 28, 191,
       115, 108, 155, 33, 95, 250, 149, 231, 236, 86, 108, 63, 122, 7,
       237, 189, 53, 254, 212, 123, 64, 140, 31, 125, 144, 174, 105, 39,
       188, 23, 98, 21, 247, 39, 32, 91, 133, 39, 104, 12, 48, 237, 19,
       7, 205, 182, 82, 64, 200, 0, 129, 58, 116, 207, 125, 106, 188,
       139, 71, 184, 86, 45, 235, 104, 115, 113, 168, 80, 81, 214, 46,
       122, 218, 34, 107, 55, 252, 238, 101, 84, 240, 251, 212, 33, 30,
       221, 188, 179, 175, 121, 151, 228, 140, 247, 151, 177, 207, 124,
       79, 11, 139, 67, 253, 67, 116, 101, 111, 160, 235, 211, 95, 211,
       196, 95, 133, 95, 213, 87, 251, 101, 38, 42, 119, 24, 121, 232,
       127, 228, 95, 113, 137, 112, 54, 92, 108, 106, 129, 176, 165, 74,
       246, 237, 99, 132, 108, 243, 67, 49, 125, 164, 152, 100, 88, 109,
       83, 152, 98, 160, 173, 8, 19, 243, 73, 50, 17, 220, 76, 56, 14,
       74, 216, 10, 219, 205, 37, 61, 160, 227, 74, 2, 146, 150, 237,
       181, 54, 18, 185, 63, 22, 239, 86, 183, 189, 46, 178, 73, 127, 63,
       189, 133, 189, 220, 101, 159, 202, 103, 255, 133, 181, 196, 189,
       217, 73, 48, 147, 50, 209, 253, 96, 7, 122, 97, 105, 72, 190, 144,
       72, 252, 145, 14, 72, 24, 23, 58, 216, 18, 141, 252, 20, 106, 200,
       66, 131, 44, 1, 162, 27, 187, 109, 133, 184, 202, 206, 25, 113,
       66, 188, 211, 104, 64, 249, 27, 34, 24, 18, 59, 10, 241, 205, 148,
       59, 110, 16, 10, 161, 161, 238, 160, 144, 88, 105, 253, 112, 66,
       187, 63, 165, 24, 12, 211, 70, 157, 137, 155, 226, 16, 18, 111,
       218, 209, 31, 216, 81, 127, 210, 69, 206, 166, 125, 93, 101, 239,
       222, 86, 207, 248, 86, 234, 219, 70, 83, 124, 157, 241, 92, 252,
       62, 239, 237, 242, 253, 174, 63, 47, 231, 148, 45, 251, 112, 245,
       4, 169, 19, 186, 236, 133, 170, 200, 222, 9, 248, 10, 188, 195,
       104, 0, 219, 11, 10, 88, 18, 35, 26, 243, 157, 213, 139, 124, 16,
       11, 97, 162, 33, 57, 123, 65, 116, 223, 227, 112, 121, 64, 124,
       72, 155, 28, 149, 52, 94, 184, 70, 104, 205, 186, 117, 222, 39,
       221, 32, 64, 103, 138, 86, 252, 126, 184, 248, 120, 123, 245, 218,
       250, 155, 253, 180, 63, 10, 221, 118, 186, 141, 153, 213, 17, 174,
       111, 186, 247, 91, 95, 9, 255, 215, 45, 86, 247, 153, 76, 238,
       229, 22, 58, 110, 54, 117, 98, 246, 198, 91, 43, 179, 99, 122,
       228, 60, 174, 237, 177, 37, 206, 242, 239, 226, 0, 47, 249, 120,
       64, 138, 88, 146, 159, 69, 213, 178, 194, 31, 4, 84, 3, 172, 222,
       39, 204, 216, 123, 163, 195, 38, 156, 90, 255, 5, 54, 154, 11, 18,
       29, 61, 142, 11, 144, 185, 219, 124, 245, 185, 91, 31, 89, 85, 50,
       188, 223, 168, 108, 221, 27, 183, 145, 51, 156, 107, 247, 79, 223,
       186, 235, 146, 8, 181, 187, 45, 135, 1, 163, 188, 175, 207, 187,
       86, 53, 185, 217, 211, 97, 88, 0, 89, 138, 2, 61, 154, 56, 77, 23,
       236, 142, 165, 116, 212, 202, 208, 192, 22, 220, 35, 218, 23, 243,
       191, 232, 159, 68, 93, 2, 108, 221, 181, 132, 127, 122, 147, 203,
       67, 161, 56, 255, 59, 86, 11, 131, 87, 95, 53, 253, 11, 221, 19,
       219, 245, 215, 190, 230, 223, 73, 120, 6, 168, 254, 38, 224, 199,
       123, 154, 192, 231, 156, 61, 255, 47, 94, 158, 67, 26, 30, 201,
