%YAML:1.0
---
descriptors: !!opencv-matrix
   rows: 229
   cols: 32
   dt: u
   data: [ 134, 158, 172, 87, 229, 98, 189, 167, 26, 127, 70, 177, 228,
       45, 78, 79, 129, 70, 179, 22, 50, 220, 43, 227, 111, 58, 222, 199,
       134, 212, 213, 255, 73, 48, 57, 119, 97, 93, 245, 0, 104, 90, 102,
       8, 190, 17, 73, 59, 130, 30, 120, 10, 71, 240, 179, 32, 71, 249,
       80, 2, 74, 80, 67, 171, 250, 77, 102, 238, 31, 82, 70, 228, 229,
       132, 202, 3, 107, 105, 51, 195, 120, 228, 237, 227, 108, 161, 13,
       173, 179, 233, 198, 19, 55, 191, 124, 78, 120, 62, 216, 119, 185,
       45, 82, 222, 59, 169, 190, 77, 255, 59, 67, 144, 183, 255, 237,
       16, 14, 122, 219, 185, 255, 223, 53, 59, 234, 210, 74, 11, 125,
       77, 215, 205, 246, 42, 111, 247, 116, 162, 254, 66, 243, 115, 177,
       117, 122, 238, 62, 234, 225, 176, 5, 238, 116, 174, 231, 0, 231,
       250, 240, 168, 247, 239, 215, 198, 254, 2, 158, 248, 27, 162, 152,
       234, 125, 106, 149, 17, 63, 213, 87, 239, 225, 199, 141, 238, 56,
       46, 239, 188, 45, 243, 35, 33, 166, 236, 247, 212, 238, 34, 222,
       232, 91, 178, 120, 202, 125, 232, 213, 19, 183, 253, 53, 231, 160,
       245, 143, 238, 58, 62, 109, 132, 237, 243, 3, 1, 2, 171, 25, 154,
       254, 193, 178, 238, 142, 5, 72, 35, 164, 254, 96, 64, 203, 59, 19,
       17, 18, 26, 74, 245, 61, 20, 158, 107, 144, 10, 165, 203, 198,
       164, 244, 222, 190, 161, 158, 169, 159, 178, 25, 155, 236, 238,
       92, 11, 151, 119, 121, 151, 178, 69, 142, 243, 44, 30, 207, 254,
       148, 119, 145, 5, 224, 152, 28, 190, 41, 205, 21, 175, 142, 27,
       160, 29, 190, 179, 2, 91, 133, 51, 108, 0, 102, 77, 82, 53, 207,
       243, 80, 58, 24, 8, 1, 27, 166, 140, 150, 254, 253, 171, 222, 238,
       223, 130, 248, 81, 238, 233, 52, 193, 211, 107, 111, 35, 48, 235,
       74, 255, 168, 254, 87, 26, 212, 249, 241, 137, 53, 207, 197, 191,
       252, 7, 78, 168, 83, 187, 184, 90, 67, 105, 93, 31, 217, 206, 36,
       127, 58, 114, 75, 191, 168, 222, 197, 116, 249, 251, 210, 132,
       250, 56, 236, 84, 139, 125, 145, 87, 147, 255, 150, 191, 42, 188,
       70, 46, 237, 247, 253, 145, 189, 79, 243, 162, 223, 87, 220, 243,
       231, 76, 158, 95, 242, 72, 207, 190, 12, 66, 76, 36, 225, 178,
       178, 26, 123, 10, 5, 83, 104, 229, 109, 226, 104, 199, 209, 233,
       179, 234, 198, 16, 37, 176, 114, 10, 103, 148, 255, 220, 253, 54,
       216, 123, 219, 219, 181, 120, 92, 255, 188, 63, 159, 81, 213, 61,
       180, 99, 58, 222, 219, 94, 125, 254, 214, 229, 195, 119, 196, 237,
       133, 147, 212, 168, 38, 135, 126, 19, 75, 18, 244, 226, 72, 74,
       97, 110, 42, 146, 114, 220, 203, 227, 172, 38, 222, 64, 128, 83,
       161, 8, 202, 138, 230, 30, 237, 248, 120, 135, 235, 87, 38, 177,
       170, 168, 182, 223, 163, 34, 236, 28, 182, 109, 166, 227, 14, 123,
       82, 11, 198, 196, 239, 76, 197, 55, 249, 97, 240, 46, 121, 25, 58,
       187, 55, 92, 213, 51, 201, 58, 151, 95, 124, 60, 147, 80, 249, 66,
       79, 185, 119, 228, 136, 225, 195, 177, 24, 157, 59, 250, 149, 199,
       83, 183, 148, 77, 206, 0, 243, 119, 32, 112, 81, 178, 29, 24, 59,
       137, 121, 63, 235, 239, 164, 81, 178, 10, 180, 122, 9, 252, 57,
       123, 180, 173, 243, 190, 94, 121, 124, 92, 191, 19, 64, 160, 133,
       27, 86, 88, 227, 56, 91, 55, 239, 223, 52, 96, 88, 137, 195, 187,
       134, 140, 133, 151, 229, 106, 172, 167, 126, 179, 74, 16, 196, 32,
       92, 239, 129, 86, 50, 24, 48, 220, 75, 226, 45, 54, 222, 70, 128,
       85, 145, 140, 90, 184, 150, 184, 171, 249, 16, 143, 174, 31, 130,
       49, 174, 190, 98, 202, 195, 51, 237, 17, 22, 77, 195, 243, 153,
       247, 90, 91, 146, 68, 141, 75, 82, 165, 118, 115, 179, 202, 124,
       55, 255, 49, 107, 145, 175, 191, 20, 112, 167, 55, 125, 8, 242,
       216, 213, 85, 239, 255, 22, 195, 38, 132, 195, 15, 21, 225, 219,
       234, 174, 1, 78, 216, 198, 82, 149, 194, 89, 195, 249, 104, 127,
       201, 54, 254, 203, 7, 142, 241, 240, 201, 239, 252, 61, 179, 169,
       145, 88, 233, 82, 106, 57, 221, 86, 212, 171, 5, 237, 9, 46, 219,
       2, 148, 162, 251, 205, 74, 78, 43, 154, 241, 243, 253, 0, 27, 98,
       151, 110, 74, 67, 91, 123, 229, 50, 142, 59, 118, 61, 72, 90, 228,
       189, 159, 164, 224, 182, 61, 191, 197, 193, 153, 33, 239, 182,
       253, 42, 130, 12, 134, 33, 121, 85, 82, 159, 165, 34, 46, 107, 16,
       32, 170, 210, 229, 215, 35, 73, 90, 54, 205, 125, 102, 136, 212,
       129, 8, 212, 227, 98, 132, 164, 243, 35, 67, 88, 187, 154, 103,
       48, 173, 90, 221, 35, 169, 255, 77, 255, 251, 74, 16, 182, 223,
       237, 16, 14, 122, 217, 49, 251, 255, 53, 49, 202, 210, 202, 11, 1,
       15, 222, 229, 212, 14, 110, 119, 253, 130, 110, 66, 249, 163, 177,
       102, 114, 110, 42, 234, 96, 152, 5, 238, 247, 174, 198, 0, 34,
       242, 105, 168, 225, 244, 220, 213, 172, 46, 108, 191, 122, 251,
       34, 124, 211, 48, 216, 123, 131, 70, 124, 60, 229, 92, 213, 2, 44,
       186, 117, 148, 140, 248, 216, 29, 128, 201, 19, 187, 58, 129, 166,
       228, 158, 17, 64, 64, 180, 211, 32, 64, 194, 59, 10, 64, 99, 136,
       74, 127, 172, 160, 14, 72, 24, 24, 161, 168, 202, 188, 188, 114,
       169, 253, 17, 142, 171, 63, 164, 25, 174, 247, 74, 27, 129, 83,
       233, 16, 50, 77, 218, 49, 207, 211, 93, 123, 210, 85, 143, 107,
       77, 111, 197, 15, 184, 27, 47, 184, 118, 168, 79, 228, 209, 226,
       145, 228, 51, 108, 110, 238, 225, 208, 239, 63, 44, 174, 39, 132,
       44, 243, 1, 165, 99, 176, 181, 220, 125, 54, 152, 123, 27, 121,
       177, 127, 92, 28, 158, 57, 159, 149, 245, 17, 151, 107, 185, 213,
       91, 122, 123, 254, 223, 12, 211, 127, 234, 138, 238, 26, 237, 248,
       248, 199, 251, 87, 164, 149, 42, 172, 118, 222, 163, 35, 235, 21,
       54, 109, 182, 227, 27, 115, 86, 91, 214, 196, 255, 94, 218, 83,
       125, 237, 46, 27, 121, 57, 129, 224, 23, 231, 249, 95, 144, 39,
       54, 181, 245, 239, 193, 0, 231, 221, 102, 249, 233, 168, 47, 166,
       69, 241, 13, 93, 57, 255, 189, 207, 86, 178, 86, 72, 125, 68, 254,
       117, 33, 224, 212, 122, 30, 74, 203, 168, 91, 63, 231, 255, 33,
       24, 90, 187, 1, 59, 61, 117, 149, 238, 189, 15, 86, 248, 61, 170,
       249, 76, 223, 123, 9, 176, 220, 221, 92, 106, 105, 163, 89, 174,
       179, 255, 37, 54, 74, 123, 98, 51, 196, 236, 133, 147, 214, 168,
       38, 173, 190, 147, 75, 82, 252, 226, 72, 66, 113, 106, 42, 146,
       114, 92, 203, 243, 172, 38, 159, 100, 128, 114, 161, 136, 198,
       164, 145, 158, 222, 161, 174, 173, 186, 147, 1, 26, 236, 226, 88,
       75, 51, 107, 123, 147, 50, 68, 138, 255, 172, 22, 159, 236, 148,
       114, 131, 128, 52, 175, 196, 255, 188, 47, 66, 184, 87, 185, 185,
       74, 195, 105, 93, 130, 217, 198, 100, 114, 62, 114, 203, 177, 175,
       222, 197, 124, 251, 251, 208, 128, 134, 205, 150, 190, 189, 171,
       214, 239, 223, 147, 248, 88, 238, 232, 37, 207, 211, 111, 110, 35,
       48, 239, 10, 255, 168, 246, 87, 26, 212, 121, 129, 141, 198, 45,
       247, 215, 254, 35, 190, 105, 218, 162, 27, 210, 204, 232, 85, 10,
       55, 117, 115, 47, 176, 229, 143, 222, 44, 62, 79, 188, 197, 227,
       3, 129, 166, 47, 247, 199, 254, 35, 174, 104, 91, 178, 122, 202,
       93, 234, 213, 10, 63, 125, 119, 239, 176, 247, 143, 238, 28, 46,
       109, 132, 109, 243, 35, 129, 50, 180, 247, 190, 235, 39, 156, 239,
       31, 123, 240, 185, 110, 191, 108, 29, 223, 159, 247, 20, 190, 207,
       195, 211, 187, 126, 93, 254, 211, 220, 166, 219, 117, 241, 19,
       238, 57, 141, 71, 188, 235, 200, 168, 72, 254, 210, 8, 116, 148,
       245, 92, 106, 201, 99, 250, 189, 185, 248, 5, 26, 66, 34, 67, 37,
       242, 73, 103, 172, 13, 66, 78, 228, 229, 132, 162, 3, 99, 106, 53,
       83, 232, 229, 109, 227, 108, 167, 5, 173, 179, 226, 196, 19, 37,
       62, 116, 14, 134, 142, 148, 215, 226, 34, 189, 167, 62, 179, 74,
       80, 204, 50, 12, 207, 231, 87, 162, 145, 48, 220, 83, 226, 44, 54,
       94, 70, 192, 113, 161, 168, 124, 239, 204, 102, 158, 99, 79, 248,
