%YAML:1.0
---
descriptors: !!opencv-matrix
   rows: 314
   cols: 32
   dt: u
   data: [ 82, 171, 174, 56, 10, 144, 184, 103, 170, 21, 140, 161, 164,
       140, 22, 82, 175, 59, 235, 133, 214, 11, 134, 85, 218, 37, 186,
       251, 85, 0, 175, 207, 216, 248, 151, 122, 203, 233, 21, 199, 190,
       31, 229, 24, 62, 215, 104, 123, 161, 59, 232, 2, 18, 79, 186, 49,
       209, 225, 80, 123, 82, 81, 135, 98, 9, 171, 59, 97, 116, 141, 115,
       87, 105, 137, 124, 76, 191, 131, 208, 52, 180, 46, 70, 92, 211,
       184, 160, 68, 239, 253, 36, 96, 74, 130, 195, 169, 96, 80, 185,
       229, 116, 78, 97, 58, 47, 173, 110, 0, 247, 183, 0, 112, 80, 244,
       127, 8, 9, 184, 243, 72, 205, 191, 179, 4, 2, 162, 68, 42, 72,
       244, 29, 120, 169, 237, 17, 135, 171, 27, 172, 56, 190, 151, 72,
       121, 131, 19, 204, 16, 51, 79, 178, 119, 201, 213, 16, 123, 146,
       81, 135, 59, 120, 21, 249, 77, 82, 107, 67, 91, 98, 36, 109, 10,
       19, 53, 129, 52, 58, 156, 4, 40, 9, 178, 241, 26, 119, 237, 33,
       52, 243, 235, 70, 160, 13, 188, 185, 115, 145, 253, 59, 150, 62,
       95, 12, 16, 188, 63, 90, 104, 133, 27, 155, 29, 151, 28, 123, 243,
       207, 95, 30, 97, 146, 85, 133, 250, 223, 82, 239, 167, 162, 118,
       59, 16, 56, 254, 87, 180, 221, 126, 155, 239, 54, 85, 189, 255,
       181, 212, 189, 200, 194, 123, 107, 132, 142, 247, 45, 117, 41, 37,
       113, 101, 116, 31, 234, 88, 112, 224, 122, 78, 147, 24, 148, 176,
       62, 140, 22, 124, 141, 186, 117, 30, 46, 205, 33, 36, 111, 139,
       82, 180, 9, 253, 59, 123, 212, 205, 183, 246, 126, 73, 124, 0,
       181, 255, 32, 32, 181, 123, 18, 88, 211, 184, 58, 63, 237, 207,
       54, 104, 216, 16, 163, 187, 109, 48, 189, 99, 157, 110, 99, 24,
       115, 243, 167, 24, 210, 119, 73, 58, 153, 212, 121, 58, 27, 240,
       249, 0, 207, 223, 129, 116, 202, 99, 66, 34, 197, 182, 252, 65,
       164, 46, 233, 27, 120, 191, 151, 84, 211, 53, 220, 111, 21, 86,
       125, 60, 185, 228, 249, 64, 77, 186, 247, 196, 204, 232, 209, 113,
       24, 172, 42, 233, 21, 227, 227, 71, 100, 1, 234, 3, 51, 185, 48,
       0, 121, 138, 11, 161, 26, 187, 17, 63, 249, 133, 138, 65, 225, 74,
       115, 138, 25, 157, 62, 238, 149, 134, 67, 182, 196, 12, 206, 4,
       243, 115, 32, 112, 81, 50, 12, 40, 186, 137, 121, 63, 235, 239,
       160, 80, 184, 10, 112, 42, 38, 197, 160, 158, 223, 19, 190, 236,
       223, 162, 217, 139, 232, 234, 108, 133, 249, 251, 130, 227, 100,
       75, 94, 255, 61, 22, 143, 191, 23, 127, 185, 142, 78, 89, 146,
       154, 239, 208, 191, 204, 143, 92, 84, 163, 140, 222, 235, 207,
       230, 91, 179, 211, 70, 67, 170, 241, 214, 241, 206, 239, 150, 119,
       173, 199, 166, 123, 249, 222, 238, 193, 151, 198, 222, 156, 112,
       234, 160, 216, 229, 43, 206, 122, 7, 67, 198, 106, 238, 241, 38,
       16, 231, 171, 85, 121, 85, 239, 230, 109, 192, 150, 253, 59, 230,
       236, 27, 160, 185, 11, 200, 104, 29, 133, 123, 198, 247, 103, 116,
       99, 77, 255, 61, 30, 207, 63, 87, 127, 215, 134, 20, 143, 79, 167,
       178, 2, 111, 252, 36, 132, 222, 231, 113, 103, 184, 65, 126, 231,
       63, 238, 232, 153, 45, 61, 240, 167, 175, 128, 37, 179, 180, 105,
       168, 56, 27, 112, 65, 205, 113, 82, 185, 162, 36, 24, 191, 211,
       65, 17, 160, 56, 66, 8, 99, 103, 50, 19, 215, 217, 1, 41, 66, 128,
       66, 170, 26, 237, 101, 155, 155, 205, 47, 173, 175, 85, 142, 131,
       252, 103, 24, 5, 39, 243, 89, 255, 82, 9, 127, 253, 233, 20, 143,
       80, 182, 150, 145, 104, 125, 93, 63, 238, 60, 78, 71, 176, 229,
       232, 175, 76, 247, 113, 57, 115, 144, 244, 125, 106, 233, 161,
       121, 61, 241, 233, 101, 16, 40, 187, 80, 34, 249, 77, 70, 204, 23,
       82, 70, 96, 229, 128, 242, 2, 107, 104, 52, 247, 120, 228, 108,
       235, 108, 163, 37, 141, 179, 234, 195, 19, 119, 63, 120, 6, 130,
       162, 149, 155, 248, 137, 168, 175, 158, 17, 80, 241, 164, 166,
       200, 192, 207, 27, 107, 17, 50, 92, 75, 215, 140, 22, 254, 236,
       156, 8, 129, 137, 17, 221, 83, 239, 146, 195, 51, 230, 52, 1, 74,
       230, 125, 243, 32, 96, 115, 255, 26, 176, 51, 153, 29, 127, 248,
       166, 38, 64, 189, 26, 161, 58, 253, 96, 237, 203, 140, 119, 207,
       216, 66, 242, 149, 206, 83, 76, 221, 43, 93, 196, 124, 255, 143,
       103, 255, 176, 88, 8, 229, 188, 191, 251, 82, 116, 247, 114, 193,
       162, 170, 35, 79, 216, 3, 242, 145, 239, 83, 68, 219, 26, 95, 196,
       125, 255, 141, 71, 239, 50, 184, 136, 237, 188, 189, 255, 82, 85,
       252, 237, 238, 110, 207, 71, 207, 252, 195, 178, 189, 10, 83, 233,
       125, 51, 57, 192, 85, 234, 72, 99, 142, 56, 123, 201, 229, 61,
       119, 251, 246, 162, 7, 172, 130, 153, 149, 247, 184, 7, 30, 75,
       75, 19, 172, 250, 54, 204, 209, 43, 179, 149, 55, 216, 83, 247,
       13, 86, 158, 195, 156, 68, 185, 134, 11, 148, 132, 155, 165, 249,
       176, 142, 30, 83, 66, 19, 172, 248, 62, 205, 209, 11, 179, 21, 55,
       220, 83, 211, 12, 118, 218, 71, 158, 76, 153, 142, 142, 248, 191,
       255, 109, 157, 253, 156, 255, 158, 102, 16, 249, 255, 93, 123,
       197, 123, 123, 202, 226, 84, 250, 243, 79, 219, 223, 40, 82, 117,
       101, 250, 246, 104, 215, 116, 11, 104, 68, 64, 225, 242, 162, 24,
       99, 223, 69, 155, 169, 229, 104, 242, 41, 103, 147, 64, 145, 226,
       85, 27, 225, 113, 102, 42, 160, 237, 57, 127, 152, 205, 87, 162,
       222, 130, 104, 8, 183, 247, 1, 48, 128, 122, 83, 74, 99, 104, 122,
       63, 237, 175, 53, 56, 80, 121, 70, 234, 33, 221, 56, 253, 188,
       141, 23, 190, 22, 13, 68, 0, 182, 209, 35, 96, 193, 122, 18, 72,
       98, 40, 115, 63, 229, 167, 52, 56, 16, 25, 21, 235, 45, 93, 123,
       101, 116, 78, 111, 180, 117, 104, 126, 100, 243, 23, 145, 112, 54,
       252, 87, 106, 201, 176, 121, 46, 229, 188, 33, 128, 106, 179, 70,
       249, 41, 164, 121, 69, 116, 111, 99, 59, 113, 234, 126, 8, 211,
       53, 144, 53, 121, 220, 22, 40, 249, 248, 241, 14, 111, 239, 101,
       36, 99, 232, 86, 232, 41, 248, 146, 90, 245, 221, 247, 199, 127,
       75, 108, 8, 190, 208, 70, 52, 145, 122, 82, 24, 83, 56, 242, 51,
       39, 156, 20, 106, 218, 91, 195, 175, 1, 162, 149, 185, 172, 173,
       96, 159, 94, 121, 80, 117, 182, 129, 216, 72, 195, 10, 110, 28,
       147, 120, 83, 145, 140, 144, 54, 104, 152, 136, 145, 153, 0, 160,
       145, 155, 221, 205, 177, 207, 94, 49, 72, 0, 182, 144, 104, 96,
       209, 26, 2, 16, 18, 56, 91, 17, 205, 148, 18, 111, 208, 8, 133,
       170, 66, 189, 191, 188, 235, 208, 52, 231, 191, 215, 88, 177, 236,
       254, 96, 162, 167, 119, 255, 129, 119, 75, 162, 127, 189, 247, 95,
       203, 128, 64, 167, 95, 117, 164, 193, 77, 156, 46, 78, 171, 115,
       179, 139, 88, 211, 97, 152, 214, 81, 198, 121, 46, 56, 84, 205, 2,
       175, 239, 133, 116, 166, 243, 210, 32, 37, 255, 153, 127, 240,
       141, 111, 190, 62, 173, 120, 68, 244, 227, 73, 80, 221, 126, 38,
       92, 211, 24, 251, 51, 109, 158, 183, 228, 216, 242, 194, 185, 8,
       188, 158, 249, 169, 237, 52, 135, 191, 31, 174, 17, 174, 187, 64,
       90, 161, 115, 235, 16, 54, 105, 155, 243, 239, 215, 86, 91, 210,
       80, 143, 139, 41, 100, 91, 101, 84, 158, 234, 80, 114, 224, 126,
       64, 19, 24, 144, 176, 120, 172, 18, 108, 199, 178, 245, 15, 103,
       173, 161, 32, 105, 138, 122, 168, 25, 221, 63, 238, 20, 207, 87,
       182, 229, 64, 174, 0, 119, 113, 33, 112, 176, 242, 92, 106, 105,
       169, 57, 63, 249, 239, 5, 16, 112, 155, 97, 42, 112, 64, 211, 101,
       85, 206, 99, 20, 99, 161, 106, 8, 115, 147, 64, 116, 112, 188, 36,
       72, 9, 186, 241, 15, 245, 252, 0, 0, 98, 138, 70, 40, 100, 36,
       185, 99, 237, 110, 67, 8, 123, 243, 175, 24, 214, 51, 73, 58, 153,
       220, 124, 58, 25, 240, 249, 0, 223, 220, 65, 52, 194, 99, 86, 34,
       78, 185, 178, 202, 237, 244, 190, 202, 139, 222, 28, 35, 172, 254,
       103, 207, 239, 123, 187, 211, 70, 67, 186, 240, 255, 209, 207,
       175, 22, 119, 45, 223, 31, 149, 135, 193, 149, 118, 78, 247, 53,
