%YAML:1.0
---
descriptors: !!opencv-matrix
   rows: 420
   cols: 32
   dt: u
   data: [ 62, 100, 104, 77, 95, 91, 218, 104, 91, 176, 165, 10, 74, 25,
       85, 144, 56, 196, 211, 234, 40, 99, 217, 223, 115, 205, 129, 61,
       119, 63, 94, 130, 64, 145, 190, 254, 161, 236, 53, 151, 236, 31,
       102, 17, 252, 255, 46, 106, 165, 51, 123, 16, 22, 233, 50, 97,
       103, 255, 86, 67, 208, 80, 165, 75, 191, 76, 111, 188, 20, 71,
       207, 120, 148, 202, 214, 215, 115, 77, 179, 65, 92, 224, 61, 239,
       233, 199, 117, 142, 242, 195, 233, 144, 61, 189, 48, 120, 216, 54,
       22, 182, 33, 184, 16, 87, 249, 31, 48, 125, 174, 154, 192, 159,
       167, 51, 204, 1, 174, 109, 130, 227, 144, 243, 114, 139, 74, 68,
       143, 31, 205, 48, 151, 240, 248, 44, 121, 17, 185, 185, 51, 124,
       156, 147, 65, 123, 167, 21, 124, 24, 179, 222, 152, 66, 221, 153,
       47, 236, 136, 96, 163, 33, 124, 187, 150, 186, 185, 157, 82, 216,
       235, 29, 184, 77, 111, 234, 106, 146, 177, 195, 236, 86, 30, 99,
       138, 177, 219, 221, 37, 127, 210, 7, 235, 67, 109, 116, 225, 70,
       117, 126, 71, 56, 97, 234, 63, 238, 123, 125, 159, 182, 30, 196,
       116, 110, 169, 246, 237, 174, 118, 127, 101, 176, 239, 255, 90,
       117, 144, 223, 78, 189, 146, 130, 189, 55, 148, 5, 222, 247, 101,
       167, 162, 65, 102, 55, 171, 196, 240, 153, 5, 223, 96, 33, 254,
       129, 61, 144, 173, 217, 94, 47, 211, 193, 242, 98, 43, 216, 59,
       233, 251, 234, 93, 99, 197, 244, 55, 221, 126, 186, 147, 210, 173,
       216, 156, 172, 175, 228, 175, 231, 39, 49, 208, 0, 249, 229, 36,
       42, 105, 18, 112, 130, 118, 96, 243, 35, 145, 122, 126, 188, 44,
       40, 41, 144, 225, 72, 196, 169, 226, 128, 101, 224, 100, 41, 198,
       135, 23, 250, 187, 201, 52, 105, 159, 151, 193, 49, 236, 247, 96,
       67, 231, 51, 234, 16, 114, 77, 138, 211, 63, 178, 31, 123, 144,
       64, 165, 35, 64, 48, 243, 90, 74, 233, 177, 77, 234, 67, 233, 104,
       52, 220, 108, 58, 171, 19, 115, 17, 3, 35, 146, 81, 21, 4, 30, 42,
       201, 66, 167, 187, 194, 180, 19, 216, 107, 65, 180, 111, 190, 59,
       208, 48, 172, 179, 108, 117, 235, 31, 255, 128, 98, 79, 195, 223,
       223, 146, 223, 187, 16, 64, 165, 171, 80, 172, 154, 178, 146, 236,
       49, 71, 186, 7, 96, 25, 180, 183, 64, 25, 163, 59, 73, 144, 50,
       95, 130, 103, 217, 150, 26, 107, 128, 64, 167, 10, 86, 172, 168,
       154, 27, 241, 152, 202, 155, 214, 129, 187, 108, 206, 71, 10, 167,
       251, 251, 149, 38, 79, 142, 247, 154, 86, 159, 187, 181, 85, 15,
       198, 112, 44, 245, 70, 124, 123, 199, 58, 192, 230, 188, 24, 115,
       53, 128, 54, 25, 246, 68, 40, 185, 111, 236, 46, 121, 142, 37, 56,
       97, 235, 214, 96, 110, 239, 236, 187, 109, 153, 223, 136, 134, 60,
       157, 175, 233, 205, 223, 130, 205, 99, 255, 199, 206, 106, 206,
       183, 110, 81, 173, 185, 87, 159, 92, 79, 212, 167, 90, 103, 178,
       74, 119, 121, 50, 165, 103, 41, 87, 55, 74, 16, 50, 220, 69, 104,
       122, 208, 137, 15, 253, 175, 37, 101, 33, 162, 230, 227, 189, 95,
       237, 69, 214, 87, 151, 188, 80, 230, 246, 238, 91, 125, 143, 37,
       94, 220, 181, 102, 237, 246, 125, 174, 123, 15, 101, 180, 111,
       255, 214, 245, 77, 112, 153, 99, 32, 110, 99, 24, 120, 234, 51,
       104, 215, 83, 201, 122, 150, 92, 124, 122, 137, 244, 249, 8, 196,
       252, 35, 132, 200, 243, 3, 33, 53, 133, 72, 47, 188, 27, 206, 57,
       86, 224, 253, 206, 243, 104, 159, 32, 94, 138, 22, 111, 255, 178,
       93, 29, 100, 13, 165, 148, 125, 238, 216, 148, 60, 188, 184, 242,
       253, 173, 80, 218, 207, 185, 169, 24, 158, 185, 72, 58, 137, 146,
       87, 16, 26, 99, 90, 180, 219, 221, 17, 126, 210, 73, 82, 162, 230,
       48, 170, 184, 93, 101, 184, 75, 159, 117, 240, 31, 76, 237, 63,
       10, 249, 133, 251, 21, 62, 103, 210, 194, 89, 119, 139, 127, 217,
       44, 63, 210, 232, 189, 177, 254, 251, 237, 21, 99, 191, 153, 41,
       24, 254, 255, 32, 16, 131, 123, 227, 0, 51, 11, 90, 187, 171, 214,
       1, 122, 208, 96, 135, 179, 217, 220, 13, 189, 28, 143, 76, 190,
       119, 114, 194, 87, 247, 123, 16, 113, 209, 231, 125, 237, 237,
       221, 91, 191, 231, 235, 219, 16, 56, 152, 56, 10, 9, 196, 170,
       126, 49, 211, 184, 117, 215, 79, 245, 4, 233, 172, 190, 228, 249,
       169, 142, 141, 182, 171, 44, 223, 115, 127, 50, 139, 83, 142, 175,
       231, 216, 88, 159, 180, 34, 224, 54, 34, 164, 142, 146, 179, 191,
       255, 33, 203, 230, 245, 237, 195, 104, 197, 2, 104, 209, 227, 106,
       147, 32, 113, 37, 91, 200, 24, 149, 181, 161, 44, 120, 19, 61,
       139, 82, 112, 159, 51, 1, 219, 230, 55, 125, 17, 49, 220, 145,
       194, 141, 243, 122, 128, 136, 97, 161, 59, 53, 159, 104, 173, 60,
       43, 202, 250, 84, 228, 217, 199, 115, 104, 154, 64, 94, 206, 22,
       239, 157, 186, 93, 175, 252, 45, 161, 148, 125, 239, 120, 213, 56,
       181, 56, 98, 112, 141, 115, 222, 39, 61, 60, 8, 63, 155, 75, 16,
       165, 155, 69, 72, 138, 123, 25, 55, 251, 205, 52, 117, 106, 153,
       74, 139, 203, 189, 112, 250, 253, 189, 82, 42, 95, 125, 123, 61,
       46, 172, 222, 244, 133, 251, 174, 21, 55, 124, 251, 247, 159, 254,
       16, 235, 218, 15, 72, 95, 225, 29, 23, 108, 253, 143, 70, 61, 205,
       72, 104, 76, 246, 241, 32, 113, 208, 102, 42, 106, 241, 171, 82,
       29, 97, 184, 64, 88, 90, 42, 224, 43, 125, 77, 97, 102, 149, 46,
       79, 184, 113, 232, 175, 72, 83, 119, 25, 112, 92, 228, 93, 110,
       169, 163, 121, 46, 251, 255, 165, 20, 226, 251, 82, 96, 42, 190,
       114, 95, 121, 215, 126, 113, 239, 71, 109, 21, 106, 239, 46, 212,
       193, 58, 195, 2, 252, 158, 90, 255, 38, 223, 146, 99, 26, 134,
       254, 222, 126, 161, 17, 234, 169, 205, 90, 168, 131, 61, 169, 9,
       139, 223, 72, 144, 200, 153, 205, 208, 26, 10, 202, 149, 219, 213,
       129, 127, 210, 3, 198, 178, 37, 181, 92, 105, 244, 63, 234, 249,
       111, 113, 125, 76, 223, 120, 158, 48, 63, 139, 86, 62, 183, 176,
       125, 221, 126, 191, 35, 100, 205, 138, 75, 149, 10, 158, 170, 126,
       61, 223, 253, 119, 215, 79, 221, 43, 171, 237, 182, 160, 173, 186,
       223, 129, 230, 43, 38, 159, 115, 127, 52, 187, 87, 140, 253, 223,
       18, 201, 2, 158, 79, 133, 174, 229, 140, 0, 200, 3, 40, 138, 52,
       68, 104, 163, 27, 207, 64, 11, 18, 253, 49, 32, 138, 9, 49, 26,
       177, 142, 16, 157, 190, 189, 147, 228, 49, 39, 188, 89, 79, 21,
       188, 191, 34, 65, 166, 59, 187, 1, 51, 137, 50, 207, 193, 247, 26,
       67, 8, 0, 173, 91, 200, 252, 191, 250, 137, 229, 21, 198, 190,
       242, 170, 56, 254, 247, 97, 123, 197, 247, 239, 130, 42, 71, 58,
       243, 217, 146, 95, 59, 144, 81, 165, 58, 130, 50, 63, 209, 107,
       248, 177, 65, 173, 31, 119, 50, 140, 159, 103, 75, 238, 57, 203,
       145, 2, 117, 162, 192, 87, 209, 90, 11, 210, 1, 37, 227, 92, 240,
       154, 240, 243, 12, 80, 247, 185, 153, 172, 21, 31, 155, 74, 90,
       167, 223, 221, 16, 92, 203, 146, 2, 251, 229, 55, 207, 170, 0,
       171, 3, 73, 61, 51, 93, 116, 220, 117, 54, 249, 104, 126, 64, 190,
       179, 165, 244, 134, 62, 86, 72, 193, 184, 240, 110, 39, 253, 50,
       2, 74, 144, 67, 185, 65, 56, 63, 192, 109, 205, 241, 64, 237, 120,
       231, 8, 150, 156, 103, 120, 232, 56, 122, 16, 3, 55, 50, 208, 213,
       152, 18, 58, 72, 9, 81, 50, 58, 37, 7, 172, 77, 77, 207, 79, 143,
       36, 168, 11, 174, 143, 117, 148, 168, 131, 203, 135, 8, 43, 26,
       249, 177, 216, 81, 59, 83, 28, 71, 238, 3, 136, 55, 219, 85, 247,
       161, 66, 95, 7, 83, 18, 168, 156, 180, 236, 217, 57, 130, 153,
       163, 188, 119, 215, 13, 62, 154, 66, 215, 12, 117, 236, 41, 125,
       96, 69, 116, 31, 238, 54, 125, 232, 126, 76, 147, 40, 151, 164,
       74, 108, 86, 77, 205, 184, 117, 46, 38, 28, 35, 128, 79, 185, 90,
       157, 23, 30, 206, 165, 18, 34, 170, 80, 60, 198, 219, 231, 125,
       98, 179, 72, 118, 197, 127, 231, 164, 145, 5, 110, 148, 38, 170,
       128, 173, 247, 33, 209, 156, 1, 63, 100, 23, 95, 117, 67, 245,
