%YAML:1.0
---
descriptors: !!opencv-matrix
   rows: 226
   cols: 32
   dt: u
   data: [ 129, 169, 157, 249, 236, 173, 237, 159, 94, 51, 64, 88, 183,
       33, 88, 41, 133, 11, 34, 12, 83, 124, 91, 113, 205, 152, 91, 100,
       24, 200, 145, 168, 196, 143, 133, 147, 150, 168, 102, 143, 190,
       147, 74, 210, 253, 226, 72, 74, 115, 235, 42, 158, 114, 88, 207,
       227, 172, 38, 255, 68, 160, 115, 161, 0, 45, 176, 16, 163, 237,
       125, 161, 25, 94, 121, 61, 28, 222, 88, 90, 172, 155, 10, 222, 57,
       19, 120, 251, 213, 205, 221, 61, 124, 222, 14, 217, 177, 69, 36,
       248, 103, 224, 46, 107, 24, 106, 187, 111, 88, 215, 99, 201, 122,
       55, 76, 124, 62, 128, 212, 221, 66, 197, 175, 99, 4, 136, 243, 67,
       32, 109, 71, 93, 103, 52, 10, 111, 184, 100, 168, 126, 232, 243,
       67, 153, 113, 26, 196, 76, 110, 233, 176, 109, 44, 230, 235, 37,
       0, 108, 187, 66, 41, 32, 92, 127, 109, 240, 206, 105, 55, 121, 9,
       118, 64, 17, 23, 129, 112, 54, 60, 102, 40, 161, 184, 177, 78,
       111, 191, 36, 196, 194, 176, 198, 249, 129, 172, 157, 249, 236,
       233, 184, 159, 222, 115, 48, 216, 156, 163, 208, 41, 131, 11, 110,
       24, 179, 124, 235, 243, 206, 219, 127, 252, 148, 200, 129, 137,
       113, 84, 73, 136, 220, 38, 79, 79, 17, 130, 241, 127, 18, 2, 37,
       89, 249, 132, 14, 162, 121, 7, 65, 206, 176, 166, 146, 30, 189,
       89, 242, 4, 241, 141, 75, 205, 212, 162, 111, 103, 117, 34, 238,
       18, 115, 35, 48, 117, 120, 230, 58, 238, 104, 191, 37, 175, 244,
       174, 130, 0, 103, 248, 240, 40, 242, 165, 229, 255, 157, 39, 205,
       175, 83, 179, 250, 26, 115, 121, 92, 25, 217, 223, 53, 177, 186,
       254, 219, 191, 169, 254, 221, 116, 245, 248, 208, 42, 56, 201,
       124, 105, 29, 207, 67, 180, 70, 176, 166, 8, 211, 17, 0, 113, 72,
       240, 108, 106, 72, 169, 121, 61, 235, 203, 37, 85, 50, 154, 92,
       42, 128, 152, 185, 251, 48, 205, 83, 150, 22, 11, 68, 48, 183, 23,
       160, 112, 213, 58, 61, 24, 42, 156, 99, 63, 235, 143, 48, 144,
       144, 200, 132, 107, 244, 120, 250, 112, 75, 125, 80, 192, 243,
       178, 166, 25, 91, 221, 71, 27, 169, 245, 229, 82, 44, 103, 218,
       162, 219, 219, 85, 63, 227, 121, 78, 130, 178, 70, 82, 225, 199,
       98, 238, 246, 113, 39, 242, 119, 11, 43, 20, 153, 251, 207, 135,
       163, 124, 190, 1, 238, 182, 222, 214, 7, 239, 217, 254, 142, 38,
       237, 51, 168, 253, 205, 214, 238, 155, 172, 184, 11, 46, 253, 100,
       0, 217, 251, 199, 81, 82, 43, 218, 255, 251, 20, 159, 127, 213,
       94, 151, 202, 70, 253, 16, 250, 217, 173, 182, 239, 190, 17, 104,
       72, 172, 243, 104, 208, 209, 59, 106, 16, 18, 11, 218, 247, 189,
       212, 31, 126, 152, 3, 131, 138, 31, 103, 64, 167, 114, 22, 110,
       248, 49, 234, 91, 231, 89, 38, 147, 144, 126, 205, 151, 238, 237,
       146, 77, 206, 166, 111, 173, 132, 47, 246, 42, 209, 37, 173, 80,
       65, 244, 187, 98, 33, 121, 161, 111, 76, 195, 3, 198, 180, 51,
       238, 0, 120, 63, 152, 93, 14, 46, 156, 1, 100, 202, 139, 202, 132,
       34, 184, 252, 90, 219, 253, 17, 199, 159, 87, 164, 25, 42, 191,
       70, 30, 141, 147, 235, 16, 58, 111, 242, 243, 27, 215, 20, 123,
       211, 76, 238, 94, 9, 89, 127, 69, 112, 206, 109, 55, 125, 136,
       118, 64, 188, 55, 129, 52, 38, 62, 118, 72, 193, 184, 49, 108,
       103, 190, 54, 128, 66, 128, 71, 249, 244, 203, 70, 206, 12, 2, 71,
       232, 229, 134, 178, 2, 99, 74, 60, 87, 120, 228, 108, 226, 108,
       231, 93, 237, 177, 170, 199, 23, 97, 59, 116, 6, 118, 32, 241,
       229, 39, 42, 248, 66, 105, 163, 178, 139, 15, 43, 85, 27, 174,
       149, 93, 185, 136, 240, 197, 192, 151, 248, 155, 135, 231, 228,
       99, 134, 112, 77, 74, 253, 212, 170, 103, 231, 116, 134, 238, 2,
       35, 161, 49, 113, 120, 238, 42, 234, 104, 185, 4, 47, 240, 239,
       198, 1, 101, 248, 240, 40, 34, 189, 146, 248, 253, 137, 150, 239,
       155, 169, 248, 107, 46, 251, 100, 144, 217, 251, 135, 17, 90, 59,
       218, 243, 185, 212, 29, 127, 217, 8, 130, 138, 117, 120, 183, 118,
       45, 76, 69, 152, 235, 250, 166, 8, 247, 214, 73, 63, 136, 228,
       124, 74, 201, 103, 250, 32, 145, 250, 85, 58, 64, 50, 198, 101, 4,
       239, 16, 170, 152, 141, 38, 239, 46, 9, 232, 76, 166, 226, 104,
       208, 209, 107, 10, 80, 86, 10, 218, 55, 188, 212, 15, 126, 152,
       18, 139, 136, 229, 164, 213, 255, 173, 39, 68, 159, 83, 187, 177,
       88, 83, 121, 92, 11, 217, 206, 116, 24, 58, 126, 219, 147, 15,
       222, 213, 124, 241, 232, 208, 130, 199, 174, 211, 150, 254, 161,
       174, 175, 222, 163, 24, 218, 253, 234, 208, 64, 19, 111, 127, 191,
       50, 77, 142, 255, 172, 22, 255, 252, 140, 113, 129, 0, 252, 98,
       190, 116, 109, 13, 85, 68, 243, 190, 180, 24, 74, 217, 77, 27,
       136, 244, 101, 106, 104, 103, 138, 0, 211, 219, 69, 59, 67, 249,
       70, 11, 252, 72, 180, 110, 109, 30, 86, 48, 225, 170, 167, 8, 123,
       123, 17, 123, 208, 228, 108, 106, 72, 39, 216, 168, 211, 251, 193,
       25, 114, 187, 86, 2, 3, 207, 66, 154, 247, 147, 190, 231, 221, 65,
       88, 231, 40, 136, 182, 132, 238, 43, 147, 213, 214, 155, 4, 253,
       62, 20, 142, 195, 31, 30, 249, 221, 118, 108, 237, 172, 10, 96,
       159, 202, 130, 22, 216, 171, 119, 253, 25, 11, 249, 213, 249, 227,
       8, 99, 250, 41, 209, 227, 207, 189, 229, 123, 54, 250, 50, 41,
       114, 237, 117, 155, 216, 64, 125, 160, 240, 10, 42, 136, 21, 148,
       186, 185, 87, 65, 12, 186, 64, 220, 151, 252, 0, 51, 103, 174, 82,
       134, 66, 42, 82, 252, 106, 137, 120, 2, 175, 0, 226, 201, 174,
       202, 20, 84, 166, 169, 111, 5, 2, 8, 194, 217, 148, 188, 26, 26,
       68, 128, 67, 10, 197, 112, 151, 92, 8, 76, 5, 88, 234, 218, 161,
       8, 214, 247, 105, 127, 145, 116, 106, 106, 65, 103, 186, 0, 209,
       170, 117, 60, 192, 123, 7, 163, 127, 53, 228, 68, 45, 127, 83, 24,
       225, 254, 191, 13, 74, 60, 223, 191, 140, 196, 236, 126, 141, 99,
       253, 128, 211, 89, 65, 63, 235, 255, 94, 87, 218, 92, 118, 124,
       43, 222, 87, 182, 165, 206, 230, 164, 107, 151, 163, 247, 38, 244,
       253, 106, 236, 141, 179, 173, 243, 251, 64, 131, 34, 181, 44, 127,
       40, 173, 123, 101, 180, 110, 103, 51, 96, 174, 254, 8, 243, 53,
       128, 48, 26, 246, 76, 40, 248, 184, 113, 14, 239, 255, 36, 0, 96,
       226, 198, 105, 180, 12, 66, 163, 213, 43, 246, 230, 61, 35, 251,
       179, 10, 42, 39, 137, 233, 207, 134, 167, 60, 191, 65, 238, 180,
       134, 150, 3, 233, 93, 248, 156, 138, 253, 55, 83, 243, 253, 183,
       215, 252, 95, 125, 116, 188, 60, 12, 36, 175, 123, 211, 67, 243,
       188, 56, 231, 101, 22, 30, 194, 195, 83, 167, 255, 183, 140, 194,
       179, 212, 42, 238, 230, 57, 3, 251, 151, 11, 42, 15, 153, 251,
       203, 134, 163, 61, 254, 73, 230, 188, 206, 214, 66, 237, 89, 250,
       156, 125, 50, 105, 161, 70, 95, 225, 89, 103, 252, 183, 238, 155,
       13, 210, 40, 126, 140, 238, 188, 137, 178, 117, 208, 220, 193,
       163, 244, 239, 172, 127, 241, 49, 104, 146, 5, 81, 159, 70, 70,
       115, 237, 234, 13, 34, 128, 71, 148, 216, 236, 194, 68, 78, 243,
       240, 42, 51, 140, 5, 34, 203, 126, 106, 222, 213, 209, 79, 231,
       160, 6, 111, 185, 48, 232, 167, 84, 211, 87, 136, 115, 116, 212,
       92, 238, 249, 209, 185, 12, 225, 233, 231, 196, 40, 179, 226, 49,
       221, 118, 150, 174, 173, 15, 70, 252, 255, 186, 185, 76, 223, 243,
       201, 223, 221, 196, 110, 122, 235, 99, 219, 250, 189, 250, 103,
       62, 26, 123, 35, 1, 164, 140, 151, 254, 252, 35, 214, 239, 223,
       163, 241, 120, 238, 249, 36, 73, 219, 111, 110, 35, 48, 235, 11,
       255, 56, 190, 87, 94, 212, 249, 225, 137, 54, 205, 247, 227, 149,
       70, 239, 231, 117, 33, 250, 3, 75, 58, 20, 16, 248, 199, 6, 209,
       89, 186, 17, 224, 185, 239, 198, 66, 229, 122, 244, 142, 213, 56,
       250, 99, 42, 121, 50, 152, 234, 170, 183, 232, 255, 218, 201, 58,
       182, 125, 236, 82, 135, 101, 171, 32, 202, 193, 35, 184, 200, 243,
       3, 17, 204, 106, 220, 53, 40, 11, 100, 156, 232, 186, 178, 253,
