%YAML:1.0
---
descriptors: !!opencv-matrix
   rows: 347
   cols: 32
   dt: u
   data: [ 173, 119, 189, 103, 172, 31, 231, 60, 78, 239, 63, 76, 243,
       121, 221, 42, 156, 68, 110, 107, 161, 244, 249, 42, 111, 159, 101,
       20, 200, 250, 197, 249, 80, 171, 140, 165, 174, 137, 84, 45, 234,
       189, 154, 237, 167, 168, 214, 218, 160, 197, 236, 85, 30, 73, 199,
       4, 158, 193, 117, 241, 172, 30, 155, 31, 87, 39, 140, 53, 184, 59,
       224, 11, 238, 253, 146, 239, 195, 168, 214, 203, 135, 71, 236, 21,
       157, 201, 207, 0, 140, 35, 125, 183, 205, 238, 153, 29, 208, 72,
       110, 189, 44, 8, 229, 182, 228, 82, 210, 50, 185, 43, 177, 75, 96,
       199, 127, 195, 224, 93, 3, 225, 212, 171, 250, 0, 37, 152, 113, 8,
       73, 121, 21, 189, 245, 142, 100, 55, 105, 136, 98, 76, 174, 2, 1,
       213, 160, 39, 104, 9, 69, 40, 209, 204, 164, 240, 22, 18, 10, 4,
       203, 12, 6, 207, 134, 139, 146, 163, 190, 206, 14, 5, 75, 231,
       204, 230, 43, 64, 247, 27, 131, 151, 18, 152, 9, 247, 44, 38, 158,
       199, 144, 87, 181, 90, 87, 186, 236, 30, 138, 51, 156, 170, 182,
       246, 146, 183, 225, 236, 223, 11, 47, 199, 249, 183, 237, 69, 223,
       32, 24, 3, 255, 151, 173, 116, 57, 85, 198, 75, 157, 190, 170, 96,
       22, 142, 158, 158, 130, 177, 238, 238, 97, 75, 199, 119, 237, 67,
       108, 77, 203, 163, 136, 242, 127, 155, 144, 121, 5, 79, 75, 177,
       228, 85, 111, 124, 185, 123, 107, 245, 20, 138, 168, 60, 214, 47,
       46, 21, 243, 173, 149, 120, 183, 205, 31, 27, 219, 173, 231, 164,
       87, 245, 247, 167, 75, 78, 248, 83, 78, 233, 16, 200, 253, 232,
       83, 230, 172, 241, 220, 242, 222, 226, 125, 3, 108, 63, 58, 169,
       165, 249, 24, 170, 234, 21, 57, 60, 181, 112, 253, 253, 113, 87,
       255, 127, 180, 24, 159, 189, 64, 59, 165, 178, 92, 28, 187, 107,
       50, 17, 251, 219, 112, 126, 194, 208, 194, 235, 48, 201, 104, 216,
       12, 129, 140, 231, 196, 0, 208, 2, 49, 136, 52, 64, 72, 130, 19,
       65, 202, 47, 66, 189, 112, 11, 158, 25, 117, 24, 248, 138, 215,
       164, 166, 182, 131, 58, 124, 128, 61, 55, 131, 153, 207, 234, 91,
       251, 243, 199, 253, 183, 44, 213, 141, 226, 144, 115, 219, 87,
       132, 117, 43, 70, 222, 80, 142, 186, 11, 181, 56, 0, 174, 81, 131,
       149, 141, 203, 42, 219, 230, 33, 251, 213, 22, 69, 19, 241, 210,
       243, 218, 223, 154, 5, 171, 82, 85, 135, 207, 229, 134, 34, 237,
       251, 196, 179, 218, 246, 81, 99, 249, 106, 123, 198, 62, 189, 153,
       209, 13, 194, 216, 174, 239, 132, 173, 250, 112, 33, 185, 208, 99,
       73, 212, 151, 225, 119, 84, 73, 247, 82, 19, 24, 182, 228, 127,
       136, 22, 153, 255, 188, 101, 214, 62, 79, 178, 192, 255, 140, 240,
       237, 183, 22, 236, 31, 138, 19, 156, 57, 86, 246, 211, 247, 97,
       108, 151, 11, 127, 231, 251, 167, 229, 196, 127, 42, 10, 99, 239,
       148, 237, 244, 184, 84, 215, 230, 140, 140, 172, 53, 142, 140,
       155, 254, 148, 215, 201, 236, 223, 15, 21, 197, 253, 215, 182, 71,
       239, 210, 170, 82, 221, 190, 157, 245, 154, 212, 10, 169, 148,
       137, 221, 249, 176, 206, 143, 53, 28, 3, 140, 188, 110, 132, 201,
       19, 163, 81, 22, 56, 91, 241, 45, 20, 31, 103, 146, 78, 141, 142,
       218, 185, 182, 186, 137, 253, 80, 199, 187, 31, 160, 25, 174, 247,
       98, 223, 161, 243, 253, 17, 58, 79, 154, 241, 155, 243, 94, 123,
       146, 68, 175, 91, 1, 140, 31, 219, 85, 197, 105, 103, 222, 81, 72,
       0, 188, 211, 48, 96, 201, 43, 51, 140, 19, 186, 18, 245, 205, 191,
       154, 106, 24, 8, 33, 186, 54, 199, 107, 78, 254, 67, 143, 232,
       150, 198, 221, 170, 81, 229, 253, 100, 123, 218, 55, 234, 120, 3,
       46, 250, 120, 6, 175, 189, 183, 251, 244, 244, 241, 95, 77, 236,
       174, 2, 79, 254, 196, 202, 216, 230, 115, 99, 177, 99, 94, 228,
       61, 238, 233, 3, 37, 137, 240, 235, 231, 156, 61, 248, 112, 57,
       162, 167, 33, 75, 89, 181, 169, 126, 30, 13, 232, 84, 168, 199,
       44, 244, 220, 27, 130, 152, 178, 138, 114, 255, 47, 220, 154, 74,
       211, 2, 102, 188, 122, 149, 112, 232, 125, 215, 91, 123, 7, 236,
       220, 11, 15, 159, 114, 84, 92, 158, 151, 176, 30, 26, 209, 156,
       251, 213, 129, 255, 54, 142, 124, 91, 30, 36, 227, 200, 87, 118,
       233, 75, 149, 193, 222, 146, 25, 207, 53, 44, 124, 169, 19, 189,
       154, 179, 52, 202, 91, 77, 139, 68, 167, 204, 52, 240, 11, 200,
       114, 75, 119, 215, 186, 204, 95, 77, 124, 2, 40, 222, 190, 100,
       254, 25, 147, 216, 134, 184, 55, 247, 103, 93, 18, 199, 87, 150,
       101, 237, 53, 201, 99, 78, 84, 147, 135, 113, 196, 64, 245, 194,
       97, 200, 180, 165, 88, 40, 2, 234, 201, 179, 52, 157, 35, 40, 130,
       64, 87, 170, 240, 244, 73, 177, 178, 56, 189, 141, 149, 199, 250,
       253, 168, 29, 158, 248, 66, 16, 129, 47, 106, 21, 150, 105, 210,
       87, 253, 254, 23, 122, 200, 4, 195, 75, 186, 36, 228, 151, 206,
       115, 236, 111, 19, 246, 213, 155, 73, 110, 223, 7, 127, 221, 243,
       173, 108, 118, 255, 206, 62, 74, 223, 173, 103, 236, 62, 220, 204,
       82, 190, 242, 44, 109, 91, 152, 186, 254, 183, 57, 223, 255, 91,
       11, 151, 81, 125, 115, 172, 101, 138, 32, 195, 219, 107, 189, 196,
       243, 15, 83, 42, 252, 146, 155, 245, 213, 186, 206, 31, 175, 124,
       3, 172, 252, 118, 132, 255, 123, 147, 145, 22, 186, 90, 255, 45,
       20, 159, 235, 151, 95, 189, 207, 220, 188, 185, 232, 137, 68, 91,
       216, 179, 252, 181, 9, 95, 255, 67, 91, 213, 221, 253, 242, 62,
       71, 219, 48, 219, 227, 175, 255, 176, 115, 38, 83, 134, 0, 134,
       153, 5, 39, 168, 74, 30, 51, 82, 19, 128, 138, 40, 73, 248, 8, 19,
       17, 50, 244, 17, 128, 5, 18, 218, 135, 149, 8, 52, 130, 58, 159,
       108, 254, 188, 129, 207, 243, 214, 74, 217, 230, 113, 233, 184,
       97, 93, 226, 31, 203, 251, 43, 110, 191, 114, 239, 174, 216, 61,
       234, 240, 57, 40, 165, 97, 11, 124, 201, 235, 101, 206, 97, 185,
       169, 187, 205, 28, 144, 138, 170, 195, 85, 19, 43, 124, 63, 125,
       29, 32, 120, 85, 14, 214, 250, 6, 172, 164, 147, 149, 231, 186,
       203, 222, 215, 72, 3, 232, 232, 127, 173, 217, 107, 147, 53, 54,
       242, 26, 255, 45, 30, 143, 103, 213, 76, 217, 198, 94, 249, 188,
       180, 139, 220, 157, 255, 170, 248, 140, 41, 255, 255, 67, 179,
       167, 247, 253, 97, 75, 75, 186, 61, 251, 243, 77, 191, 76, 52, 15,
       123, 164, 245, 251, 106, 240, 6, 127, 216, 51, 158, 125, 141, 89,
       215, 9, 29, 63, 217, 87, 254, 226, 82, 56, 126, 125, 156, 167,
       140, 171, 243, 166, 243, 221, 161, 202, 182, 240, 192, 91, 17, 51,
       201, 199, 61, 247, 211, 74, 80, 242, 238, 125, 222, 91, 222, 201,
       34, 254, 237, 167, 201, 168, 131, 234, 83, 125, 4, 141, 229, 156,
       110, 86, 56, 87, 163, 199, 90, 83, 121, 24, 115, 89, 212, 121,
       169, 57, 243, 217, 14, 251, 239, 213, 85, 168, 233, 88, 2, 90,
       176, 159, 250, 171, 237, 17, 71, 175, 81, 173, 56, 174, 247, 104,
       122, 163, 51, 251, 16, 19, 75, 178, 243, 219, 215, 26, 123, 146,
       64, 167, 59, 48, 201, 99, 232, 148, 193, 198, 231, 68, 80, 208,
       66, 177, 8, 52, 32, 72, 162, 19, 67, 219, 40, 12, 189, 33, 8, 182,
       80, 125, 24, 208, 168, 79, 224, 237, 237, 25, 22, 74, 152, 167,
       220, 149, 68, 217, 111, 223, 231, 93, 204, 125, 254, 239, 64, 255,
       213, 239, 251, 175, 173, 38, 167, 126, 116, 50, 216, 126, 92, 83,
       209, 177, 230, 215, 3, 116, 50, 56, 159, 36, 100, 107, 187, 147,
       128, 35, 171, 54, 255, 67, 46, 146, 75, 119, 0, 101, 190, 124,
       177, 57, 232, 139, 109, 83, 216, 35, 189, 172, 9, 95, 247, 73,
       146, 157, 209, 221, 242, 10, 67, 250, 17, 251, 213, 37, 127, 242,
       115, 38, 115, 31, 52, 234, 187, 20, 182, 251, 80, 150, 203, 221,
       135, 121, 221, 59, 8, 121, 41, 23, 189, 138, 135, 54, 202, 83, 77,
       171, 136, 173, 255, 48, 243, 116, 43, 136, 168, 184, 9, 86, 25,
       34, 37, 172, 237, 135, 169, 66, 80, 92, 140, 108, 213, 30, 11,
       197, 16, 248, 229, 32, 57, 232, 139, 138, 82, 87, 186, 172, 183,
