%YAML:1.0
---
descriptors: !!opencv-matrix
   rows: 326
   cols: 32
   dt: u
   data: [ 116, 93, 111, 238, 60, 70, 79, 56, 244, 76, 223, 2, 115, 119,
       187, 113, 120, 244, 61, 234, 232, 131, 127, 127, 243, 175, 226,
       152, 53, 179, 116, 96, 33, 49, 121, 65, 116, 223, 227, 112, 105,
       228, 254, 104, 59, 28, 148, 48, 94, 188, 70, 104, 205, 186, 245,
       204, 63, 220, 33, 96, 103, 138, 86, 237, 37, 125, 211, 65, 86,
       186, 234, 210, 123, 233, 120, 98, 9, 56, 213, 164, 124, 250, 130,
       152, 135, 178, 244, 234, 38, 76, 167, 34, 207, 251, 122, 181, 238,
       234, 55, 184, 123, 217, 145, 204, 223, 61, 176, 58, 14, 158, 103,
       189, 175, 153, 206, 17, 46, 71, 234, 247, 157, 208, 27, 127, 211,
       13, 39, 231, 82, 248, 26, 190, 59, 200, 18, 228, 169, 64, 228, 40,
       190, 211, 33, 212, 166, 241, 221, 194, 66, 15, 154, 233, 241, 241,
       14, 59, 26, 51, 47, 27, 253, 124, 154, 182, 77, 47, 86, 66, 249,
       230, 165, 29, 30, 249, 51, 27, 153, 225, 83, 39, 44, 103, 154,
       170, 211, 223, 81, 63, 216, 125, 90, 66, 2, 170, 230, 147, 95,
       155, 184, 207, 159, 245, 216, 143, 232, 204, 126, 4, 191, 123,
       243, 149, 134, 253, 31, 245, 30, 18, 221, 247, 85, 12, 29, 222,
       251, 14, 230, 246, 36, 52, 92, 50, 145, 138, 214, 227, 249, 255,
       181, 103, 222, 245, 61, 142, 172, 199, 198, 239, 194, 250, 250,
       130, 46, 244, 112, 29, 37, 173, 9, 186, 221, 79, 199, 232, 86,
       228, 253, 10, 211, 193, 115, 0, 89, 232, 106, 122, 75, 114, 123,
       159, 253, 135, 5, 60, 80, 123, 80, 194, 74, 26, 182, 190, 107,
       173, 61, 67, 159, 159, 218, 163, 238, 239, 35, 203, 207, 187, 239,
       1, 2, 75, 194, 241, 211, 115, 95, 155, 144, 108, 37, 91, 149, 71,
       79, 233, 146, 66, 239, 252, 116, 0, 250, 198, 81, 98, 185, 96,
       122, 201, 6, 238, 105, 146, 45, 78, 180, 175, 175, 4, 125, 178,
       37, 160, 52, 197, 75, 233, 28, 199, 71, 216, 86, 96, 237, 6, 115,
       225, 57, 80, 89, 232, 2, 238, 107, 178, 253, 31, 233, 174, 133,
       60, 57, 251, 116, 240, 42, 169, 34, 252, 77, 205, 252, 71, 219,
       11, 248, 25, 170, 185, 52, 128, 200, 171, 151, 129, 10, 59, 210,
       243, 87, 252, 154, 43, 81, 12, 254, 138, 94, 249, 146, 160, 3,
       194, 63, 208, 171, 245, 142, 165, 15, 151, 67, 208, 183, 221, 221,
       195, 78, 131, 152, 176, 251, 197, 47, 231, 38, 183, 47, 211, 156,
       124, 150, 254, 75, 229, 84, 65, 185, 130, 229, 57, 127, 255, 33,
       27, 234, 177, 205, 130, 40, 71, 18, 217, 243, 243, 71, 27, 250,
       112, 167, 51, 158, 222, 114, 93, 55, 219, 123, 248, 127, 70, 118,
       183, 105, 207, 190, 101, 119, 32, 175, 174, 230, 149, 45, 223,
       226, 127, 3, 135, 54, 180, 101, 119, 219, 206, 13, 189, 44, 126,
       108, 186, 191, 122, 210, 86, 255, 126, 144, 243, 231, 231, 127,
       143, 237, 205, 243, 255, 150, 251, 250, 144, 12, 241, 57, 93, 18,
       188, 144, 248, 155, 237, 80, 67, 191, 21, 168, 25, 174, 155, 100,
       156, 171, 187, 203, 17, 30, 107, 146, 241, 155, 208, 26, 123, 210,
       68, 175, 14, 126, 141, 96, 136, 223, 211, 184, 239, 23, 53, 220,
       163, 9, 168, 246, 197, 127, 143, 183, 177, 30, 26, 199, 212, 62,
       97, 143, 239, 183, 132, 188, 204, 124, 240, 156, 122, 137, 157,
       84, 220, 171, 31, 172, 29, 127, 219, 74, 155, 167, 211, 236, 18,
       78, 99, 154, 49, 219, 217, 85, 127, 114, 80, 170, 11, 2, 172, 150,
       152, 155, 233, 184, 67, 175, 53, 128, 51, 172, 158, 100, 78, 231,
       51, 203, 145, 18, 73, 146, 209, 157, 16, 26, 123, 144, 68, 141,
       158, 76, 58, 222, 245, 168, 60, 120, 18, 173, 203, 254, 229, 221,
       239, 131, 90, 167, 245, 255, 144, 145, 193, 211, 224, 215, 255,
       126, 129, 168, 241, 171, 17, 1, 163, 139, 189, 116, 136, 232, 87,
       60, 73, 122, 230, 189, 162, 176, 96, 110, 43, 55, 141, 147, 152,
       198, 193, 196, 180, 186, 192, 12, 128, 161, 185, 85, 177, 25, 42,
       185, 157, 87, 253, 171, 77, 185, 77, 207, 243, 72, 144, 181, 195,
       108, 118, 155, 43, 186, 183, 187, 221, 37, 126, 218, 19, 163, 115,
       47, 38, 170, 168, 52, 187, 202, 202, 70, 197, 216, 167, 225, 232,
       183, 0, 91, 40, 3, 61, 142, 163, 92, 158, 104, 13, 137, 237, 253,
       223, 121, 196, 1, 68, 92, 101, 52, 11, 111, 188, 60, 162, 118,
       196, 247, 35, 144, 81, 18, 100, 108, 110, 105, 244, 85, 47, 230,
       191, 53, 0, 106, 176, 74, 24, 89, 235, 65, 37, 16, 10, 99, 56,
       100, 160, 234, 228, 211, 97, 128, 176, 26, 236, 76, 110, 73, 184,
       205, 44, 172, 167, 37, 16, 104, 170, 66, 32, 60, 174, 234, 253,
       78, 177, 233, 250, 68, 214, 222, 170, 177, 237, 243, 106, 105,
       140, 239, 168, 170, 247, 231, 139, 86, 237, 163, 137, 183, 232,
       116, 224, 38, 125, 105, 201, 213, 141, 187, 206, 78, 100, 104,
       143, 25, 140, 117, 0, 252, 153, 19, 119, 198, 50, 116, 255, 119,
       28, 139, 108, 85, 139, 215, 208, 174, 126, 246, 90, 201, 55, 158,
       207, 159, 23, 248, 155, 200, 237, 39, 9, 207, 211, 219, 131, 164,
       103, 90, 242, 115, 86, 222, 191, 215, 125, 239, 219, 137, 180,
       251, 249, 90, 97, 169, 123, 254, 227, 246, 182, 157, 111, 218,
       107, 127, 137, 95, 188, 177, 255, 117, 198, 220, 203, 235, 236,
       189, 160, 33, 241, 247, 164, 232, 218, 159, 49, 218, 200, 87, 51,
       149, 59, 72, 200, 223, 171, 251, 194, 251, 243, 190, 103, 223,
       243, 30, 13, 133, 255, 149, 111, 120, 6, 234, 238, 96, 154, 201,
       165, 156, 239, 155, 54, 160, 25, 108, 207, 95, 155, 205, 251, 211,
       135, 126, 71, 218, 255, 63, 83, 207, 63, 17, 116, 159, 194, 154,
       46, 110, 60, 34, 210, 217, 115, 181, 206, 222, 167, 41, 206, 183,
       209, 230, 171, 189, 133, 206, 141, 39, 235, 210, 107, 190, 131,
       39, 228, 124, 95, 191, 92, 111, 252, 26, 135, 155, 112, 148, 202,
       214, 247, 121, 207, 177, 97, 126, 241, 149, 239, 233, 199, 54,
       159, 240, 203, 235, 144, 61, 189, 48, 121, 174, 130, 140, 154,
       203, 49, 178, 205, 94, 19, 253, 59, 76, 232, 126, 170, 251, 75,
       162, 51, 22, 99, 79, 241, 30, 87, 95, 111, 221, 79, 169, 134, 19,
       159, 74, 174, 146, 150, 62, 246, 54, 13, 90, 231, 109, 234, 178,
       192, 119, 239, 191, 215, 246, 153, 13, 255, 56, 39, 174, 193, 61,
       215, 169, 93, 81, 76, 173, 189, 44, 126, 124, 63, 239, 114, 194,
       2, 247, 62, 17, 123, 225, 239, 127, 13, 141, 221, 243, 201, 215,
       255, 250, 16, 32, 112, 113, 104, 253, 215, 220, 166, 186, 18, 94,
       252, 19, 174, 188, 191, 79, 99, 139, 215, 119, 198, 236, 102, 236,
       199, 173, 174, 250, 239, 101, 183, 46, 246, 170, 95, 9, 0, 117,
       81, 116, 237, 233, 23, 125, 87, 102, 16, 191, 7, 148, 124, 161,
       46, 98, 28, 179, 188, 115, 119, 71, 254, 16, 64, 194, 128, 199,
       232, 131, 88, 198, 221, 5, 22, 108, 56, 165, 18, 198, 150, 253,
       83, 41, 239, 110, 49, 59, 202, 233, 133, 87, 229, 135, 251, 218,
       2, 62, 185, 185, 36, 237, 70, 213, 71, 164, 26, 110, 184, 97, 242,
       191, 230, 91, 34, 221, 255, 119, 196, 124, 254, 237, 116, 237,
       234, 46, 234, 229, 132, 239, 247, 72, 53, 130, 175, 30, 156, 221,
       133, 190, 103, 141, 148, 204, 19, 172, 227, 34, 71, 232, 107, 131,
       206, 112, 75, 2, 239, 127, 18, 222, 107, 18, 108, 171, 138, 163,
       182, 238, 31, 77, 253, 168, 207, 255, 253, 240, 159, 232, 204, 94,
       130, 249, 239, 247, 149, 151, 127, 255, 243, 30, 24, 159, 239, 77,
       4, 255, 215, 36, 41, 9, 186, 92, 79, 231, 104, 86, 232, 249, 10,
       242, 241, 81, 32, 217, 232, 66, 106, 11, 114, 123, 191, 253, 132,
       165, 60, 80, 123, 86, 226, 218, 108, 179, 246, 47, 112, 158, 230,
       216, 182, 153, 18, 236, 190, 101, 227, 231, 127, 253, 227, 100,
       111, 169, 234, 177, 240, 79, 59, 6, 125, 37, 173, 29, 38, 94, 167,
       2, 186, 110, 192, 124, 162, 126, 226, 205, 226, 139, 192, 123,
       237, 238, 226, 12, 244, 13, 110, 246, 231, 171, 1, 173, 243, 41,
       128, 218, 22, 231, 60, 35, 114, 88, 74, 127, 95, 86, 183, 79, 174,
       183, 249, 247, 189, 191, 5, 164, 209, 39, 203, 146, 119, 114, 135,
