%YAML:1.0
---
descriptors: !!opencv-matrix
   rows: 349
   cols: 32
   dt: u
   data: [ 201, 60, 63, 112, 97, 220, 117, 119, 249, 79, 100, 24, 191,
       159, 2, 185, 165, 51, 220, 0, 225, 221, 178, 7, 199, 251, 116, 2,
       66, 64, 135, 107, 220, 47, 59, 108, 170, 105, 87, 247, 160, 14,
       172, 56, 183, 103, 1, 18, 39, 243, 77, 162, 104, 7, 32, 42, 241,
       197, 36, 57, 176, 240, 166, 107, 45, 117, 241, 67, 240, 94, 231,
       24, 123, 234, 57, 76, 218, 20, 213, 182, 28, 124, 84, 122, 225,
       246, 253, 106, 47, 156, 37, 36, 203, 243, 66, 189, 108, 111, 216,
       101, 176, 75, 95, 52, 49, 164, 110, 137, 199, 39, 3, 16, 30, 220,
       196, 106, 104, 176, 225, 46, 231, 245, 37, 17, 96, 243, 198, 112,
       58, 76, 123, 227, 38, 155, 94, 180, 29, 42, 254, 74, 123, 31, 189,
       112, 254, 145, 63, 234, 233, 180, 105, 255, 178, 254, 176, 146,
       119, 154, 208, 45, 165, 225, 97, 73, 252, 75, 71, 184, 91, 224,
       61, 40, 211, 5, 221, 52, 27, 76, 84, 126, 217, 50, 237, 22, 108,
       156, 37, 116, 94, 187, 82, 240, 119, 132, 229, 225, 172, 61, 202,
       186, 23, 118, 146, 207, 195, 104, 221, 207, 89, 196, 125, 191,
       155, 100, 127, 149, 142, 90, 207, 244, 157, 237, 112, 100, 53, 31,
       111, 238, 190, 163, 75, 113, 196, 64, 223, 230, 115, 225, 176, 96,
       122, 162, 31, 188, 153, 163, 36, 156, 216, 175, 170, 200, 189,
       171, 112, 113, 230, 28, 245, 216, 255, 125, 152, 154, 139, 91, 48,
       251, 156, 253, 125, 187, 207, 83, 247, 21, 163, 100, 242, 209, 7,
       90, 251, 191, 223, 253, 87, 247, 76, 205, 93, 251, 50, 161, 123,
       148, 63, 1, 107, 224, 253, 119, 40, 80, 215, 83, 31, 206, 3, 152,
       9, 119, 236, 188, 42, 192, 148, 211, 161, 41, 241, 167, 109, 69,
       44, 10, 77, 51, 96, 166, 250, 236, 243, 40, 148, 51, 74, 230, 108,
       44, 252, 248, 229, 12, 230, 42, 97, 144, 101, 232, 82, 76, 80,
       133, 13, 175, 150, 110, 99, 63, 100, 69, 203, 18, 247, 39, 8, 113,
       113, 150, 44, 168, 57, 152, 117, 47, 237, 166, 178, 64, 32, 2,
       165, 104, 137, 75, 51, 186, 160, 140, 189, 215, 254, 74, 82, 116,
       188, 195, 177, 233, 166, 43, 55, 93, 227, 220, 2, 251, 196, 184,
       62, 136, 24, 208, 161, 169, 13, 215, 125, 111, 54, 207, 187, 184,
       76, 124, 93, 230, 221, 124, 190, 33, 63, 85, 183, 111, 209, 176,
       63, 253, 108, 111, 111, 196, 125, 171, 197, 241, 109, 33, 218,
       134, 236, 42, 235, 81, 136, 192, 183, 78, 31, 9, 213, 10, 234,
       165, 95, 63, 17, 231, 166, 200, 92, 25, 238, 168, 205, 171, 115,
       161, 27, 54, 106, 161, 246, 179, 249, 87, 21, 229, 222, 247, 25,
       15, 246, 40, 111, 159, 23, 157, 147, 153, 37, 206, 90, 77, 154,
       196, 175, 196, 185, 240, 59, 37, 226, 236, 95, 247, 216, 75, 85,
       193, 252, 2, 9, 171, 55, 236, 122, 168, 147, 189, 30, 171, 52,
       202, 211, 237, 138, 9, 183, 204, 120, 196, 194, 12, 244, 253, 37,
       232, 248, 6, 123, 23, 114, 24, 175, 42, 21, 223, 163, 171, 245, 1,
       162, 252, 195, 225, 135, 250, 90, 131, 196, 80, 79, 11, 2, 176,
       171, 145, 119, 245, 185, 198, 223, 85, 92, 179, 136, 220, 126, 40,
       255, 27, 147, 149, 150, 250, 54, 211, 79, 93, 154, 231, 197, 12,
       247, 223, 32, 190, 148, 90, 171, 237, 148, 239, 187, 31, 160, 125,
       174, 224, 108, 159, 131, 115, 234, 16, 50, 111, 218, 115, 169,
       150, 84, 123, 216, 81, 143, 159, 5, 157, 31, 251, 180, 166, 107,
       51, 92, 73, 91, 118, 245, 119, 160, 96, 215, 59, 63, 24, 179, 152,
       17, 63, 237, 174, 170, 192, 152, 202, 177, 49, 94, 180, 148, 240,
       171, 237, 28, 207, 187, 159, 160, 253, 46, 227, 72, 159, 167, 211,
       237, 144, 58, 79, 154, 240, 154, 210, 85, 255, 138, 68, 143, 19,
       14, 172, 140, 177, 201, 248, 184, 131, 175, 159, 94, 177, 172,
       238, 71, 203, 235, 59, 235, 145, 54, 92, 202, 192, 79, 83, 94,
       239, 144, 68, 173, 222, 207, 52, 135, 16, 235, 252, 56, 23, 187,
       243, 163, 221, 140, 182, 206, 223, 167, 71, 249, 148, 55, 71, 146,
       194, 158, 114, 94, 126, 138, 69, 171, 84, 143, 121, 162, 158, 79,
       84, 190, 64, 153, 206, 80, 135, 168, 206, 119, 143, 238, 121, 179,
       199, 196, 70, 150, 232, 23, 121, 202, 139, 7, 53, 63, 223, 113,
       36, 158, 165, 28, 102, 83, 58, 115, 226, 207, 26, 119, 115, 10,
       115, 121, 230, 124, 43, 61, 211, 217, 30, 249, 239, 197, 20, 160,
       232, 88, 3, 159, 18, 227, 225, 180, 55, 105, 82, 87, 111, 214, 86,
       25, 143, 248, 104, 127, 140, 23, 157, 187, 149, 37, 194, 222, 207,
       186, 196, 191, 137, 240, 241, 135, 180, 173, 17, 200, 31, 173,
       159, 62, 243, 6, 20, 220, 38, 94, 47, 39, 71, 122, 157, 243, 92,
       189, 86, 13, 26, 223, 228, 136, 196, 129, 244, 22, 157, 151, 159,
       191, 70, 181, 231, 188, 31, 218, 51, 134, 190, 36, 74, 239, 215,
       63, 145, 124, 219, 49, 226, 185, 54, 222, 71, 128, 88, 165, 95,
       39, 185, 161, 67, 213, 213, 174, 201, 95, 233, 88, 70, 232, 252,
       125, 164, 221, 106, 18, 93, 215, 50, 126, 243, 45, 92, 143, 38,
       219, 126, 81, 188, 61, 5, 67, 75, 212, 155, 226, 248, 68, 64, 250,
       70, 115, 88, 189, 164, 120, 202, 22, 254, 157, 178, 109, 156, 62,
       77, 163, 68, 127, 143, 122, 140, 6, 77, 18, 159, 213, 215, 182,
       231, 159, 4, 73, 3, 236, 252, 39, 196, 216, 123, 131, 65, 102,
       186, 90, 255, 53, 54, 142, 11, 146, 126, 61, 142, 189, 189, 248,
       226, 244, 52, 251, 240, 49, 201, 125, 235, 89, 127, 247, 112, 127,
       219, 151, 252, 180, 58, 236, 238, 126, 205, 167, 232, 231, 231,
       98, 243, 79, 248, 238, 103, 34, 18, 123, 184, 102, 248, 95, 231,
       249, 95, 154, 98, 54, 85, 255, 206, 197, 212, 173, 237, 78, 107,
       235, 132, 47, 167, 53, 113, 163, 220, 71, 95, 112, 140, 103, 166,
       190, 28, 104, 4, 176, 211, 164, 213, 195, 106, 19, 78, 99, 152,
       58, 119, 36, 248, 178, 130, 26, 147, 83, 248, 132, 156, 58, 91,
       244, 231, 183, 247, 124, 27, 125, 16, 124, 115, 173, 109, 55, 90,
       2, 42, 176, 188, 56, 127, 111, 30, 118, 64, 211, 241, 229, 163,
       12, 217, 50, 122, 185, 148, 191, 230, 254, 29, 42, 4, 236, 198,
       100, 192, 167, 115, 170, 86, 210, 9, 58, 119, 185, 223, 31, 78,
       208, 19, 165, 120, 66, 92, 58, 244, 103, 148, 63, 118, 237, 138,
       94, 34, 188, 159, 165, 96, 166, 115, 255, 67, 193, 141, 50, 255,
       243, 255, 26, 138, 12, 49, 33, 59, 130, 157, 232, 215, 214, 98,
       191, 239, 22, 167, 95, 178, 112, 125, 172, 32, 123, 118, 179, 160,
       48, 248, 61, 255, 111, 47, 221, 69, 181, 232, 244, 250, 60, 3,
       106, 236, 76, 130, 67, 112, 197, 128, 247, 194, 83, 225, 185, 80,
       88, 160, 6, 106, 200, 163, 68, 136, 210, 233, 161, 8, 119, 171,
       120, 32, 102, 185, 160, 154, 217, 196, 153, 175, 155, 121, 140,
       29, 188, 255, 78, 6, 205, 95, 249, 21, 82, 75, 218, 243, 93, 52,
       221, 126, 219, 76, 154, 222, 37, 170, 157, 123, 152, 212, 136,
       204, 126, 89, 241, 80, 177, 206, 92, 43, 205, 91, 204, 144, 191,
       248, 235, 49, 207, 219, 191, 117, 208, 0, 143, 137, 51, 208, 111,
       79, 54, 7, 131, 109, 86, 169, 115, 98, 83, 28, 180, 33, 252, 152,
       54, 109, 233, 184, 109, 29, 41, 14, 117, 196, 85, 170, 208, 173,
       217, 25, 154, 175, 180, 74, 82, 17, 112, 193, 207, 97, 247, 59, 2,
       82, 210, 230, 125, 81, 93, 216, 195, 42, 218, 229, 174, 1, 172,
       162, 184, 75, 217, 161, 202, 103, 240, 134, 107, 53, 49, 232, 247,
       21, 243, 147, 194, 80, 50, 172, 125, 220, 88, 222, 209, 46, 254,
       233, 165, 192, 40, 130, 234, 91, 190, 15, 122, 206, 246, 59, 239,
       252, 93, 238, 188, 158, 95, 109, 183, 37, 127, 231, 31, 235, 249,
       167, 109, 238, 242, 223, 239, 148, 55, 251, 244, 113, 3, 131, 23,
       153, 237, 133, 172, 111, 143, 29, 88, 71, 172, 138, 108, 197, 238,
       11, 34, 5, 214, 26, 2, 213, 44, 16, 218, 238, 30, 12, 169, 141,
       60, 196, 248, 106, 61, 99, 83, 216, 115, 7, 189, 24, 91, 89, 41,
       24, 89, 216, 4, 122, 42, 39, 8, 55, 219, 207, 33, 125, 243, 187,
