%YAML:1.0
---
descriptors: !!opencv-matrix
   rows: 318
   cols: 32
   dt: u
   data: [ 90, 181, 31, 250, 139, 225, 17, 79, 175, 21, 173, 56, 174,
       255, 108, 120, 163, 147, 251, 16, 19, 75, 178, 213, 219, 211, 90,
       123, 146, 0, 167, 187, 161, 32, 83, 221, 68, 131, 227, 72, 86, 2,
       97, 82, 81, 192, 53, 44, 120, 40, 2, 169, 1, 182, 22, 30, 5, 142,
       147, 0, 117, 42, 112, 164, 28, 249, 17, 174, 91, 205, 22, 232,
       163, 72, 233, 13, 127, 223, 40, 208, 180, 251, 193, 66, 79, 3, 26,
       125, 179, 213, 2, 58, 122, 23, 175, 218, 165, 230, 125, 99, 116,
       11, 111, 184, 112, 170, 119, 236, 211, 1, 153, 49, 51, 204, 70,
       126, 225, 244, 109, 14, 110, 139, 37, 196, 108, 187, 66, 161, 133,
       99, 219, 103, 116, 10, 111, 180, 113, 128, 127, 224, 211, 67, 153,
       112, 118, 236, 6, 110, 225, 176, 173, 72, 102, 173, 167, 128, 111,
       179, 96, 161, 173, 94, 189, 101, 164, 63, 231, 179, 102, 239, 62,
       76, 251, 61, 81, 170, 140, 70, 110, 46, 129, 240, 115, 42, 111,
       223, 101, 16, 202, 248, 192, 249, 17, 221, 95, 254, 20, 132, 79,
       230, 212, 4, 202, 134, 53, 163, 32, 64, 108, 98, 42, 76, 106, 137,
       55, 191, 241, 174, 130, 64, 48, 152, 177, 40, 35, 141, 31, 216,
       221, 197, 236, 231, 222, 83, 200, 18, 180, 251, 48, 97, 201, 43,
       19, 141, 115, 43, 82, 255, 45, 158, 158, 104, 24, 8, 177, 186, 31,
       14, 102, 218, 23, 182, 107, 82, 213, 192, 207, 134, 105, 238, 55,
       236, 109, 170, 154, 156, 191, 135, 54, 238, 27, 237, 138, 64, 187,
       207, 120, 244, 122, 145, 120, 168, 253, 215, 83, 127, 7, 236, 220,
       11, 15, 159, 98, 80, 208, 158, 191, 240, 94, 11, 241, 157, 251,
       245, 135, 255, 54, 142, 188, 95, 55, 219, 107, 200, 246, 131, 206,
       245, 71, 72, 208, 230, 49, 200, 177, 32, 126, 170, 23, 253, 223,
       43, 44, 189, 58, 200, 175, 232, 61, 154, 240, 189, 189, 112, 236,
       99, 44, 103, 219, 216, 2, 254, 181, 143, 83, 93, 91, 59, 221, 212,
       221, 255, 172, 102, 249, 24, 219, 203, 237, 181, 229, 251, 94,
       115, 27, 44, 227, 161, 213, 182, 233, 70, 85, 225, 222, 147, 25,
       44, 86, 172, 105, 143, 19, 157, 155, 186, 53, 198, 95, 77, 154,
       64, 175, 196, 242, 252, 139, 82, 98, 25, 54, 151, 170, 88, 94, 72,
       82, 102, 236, 200, 191, 236, 126, 41, 22, 141, 167, 180, 54, 223,
       4, 30, 42, 128, 95, 140, 121, 213, 245, 123, 108, 71, 100, 94,
       127, 180, 96, 236, 246, 172, 115, 53, 147, 115, 94, 228, 93, 110,
       233, 242, 237, 44, 246, 233, 229, 144, 109, 187, 86, 121, 39, 251,
       136, 147, 252, 133, 234, 216, 86, 249, 28, 79, 176, 232, 127, 0,
       221, 74, 23, 223, 214, 58, 206, 241, 78, 29, 175, 236, 157, 174,
       88, 157, 221, 207, 103, 111, 178, 26, 78, 185, 245, 192, 139, 194,
       123, 111, 153, 115, 54, 246, 125, 238, 232, 137, 61, 175, 235,
       239, 165, 144, 39, 182, 96, 40, 2, 0, 174, 217, 149, 246, 185, 7,
       61, 15, 87, 19, 200, 223, 62, 109, 249, 63, 187, 145, 48, 212, 49,
       196, 7, 123, 218, 195, 134, 69, 165, 102, 14, 209, 162, 147, 135,
       86, 189, 207, 62, 87, 87, 131, 140, 190, 126, 77, 231, 95, 187,
       215, 150, 216, 63, 240, 79, 123, 222, 199, 135, 85, 165, 222, 21,
       134, 207, 197, 134, 34, 237, 251, 196, 179, 218, 230, 81, 107,
       185, 107, 127, 198, 63, 189, 153, 241, 13, 192, 24, 174, 239, 132,
       173, 250, 112, 33, 75, 161, 228, 69, 127, 124, 185, 59, 107, 245,
       20, 138, 136, 60, 214, 175, 46, 149, 243, 173, 149, 120, 247, 204,
       31, 91, 219, 175, 231, 164, 87, 245, 231, 222, 133, 159, 174, 41,
       142, 136, 158, 242, 144, 255, 228, 236, 93, 139, 207, 71, 123, 71,
       231, 69, 207, 243, 136, 18, 223, 190, 220, 125, 25, 92, 87, 58,
       236, 23, 138, 55, 156, 171, 158, 246, 146, 247, 229, 236, 223,
       171, 47, 199, 251, 167, 236, 69, 95, 120, 136, 3, 255, 152, 237,
       124, 153, 92, 42, 60, 240, 206, 119, 181, 186, 202, 27, 77, 93,
       171, 44, 252, 55, 36, 158, 123, 147, 71, 130, 50, 58, 251, 23, 28,
       138, 171, 215, 95, 63, 223, 2, 201, 0, 136, 148, 131, 172, 229, 4,
       0, 82, 18, 180, 8, 48, 64, 72, 2, 19, 65, 82, 56, 0, 181, 36, 32,
       138, 64, 20, 8, 177, 40, 29, 124, 154, 175, 54, 171, 115, 64, 102,
       160, 251, 35, 223, 248, 3, 96, 122, 237, 94, 49, 12, 177, 141, 14,
       252, 165, 39, 21, 253, 251, 43, 131, 40, 165, 97, 43, 124, 201,
       163, 101, 142, 97, 185, 169, 187, 205, 60, 128, 136, 187, 219, 97,
       18, 43, 92, 191, 125, 21, 32, 121, 85, 14, 215, 250, 162, 167, 35,
       91, 88, 165, 168, 102, 62, 13, 232, 84, 160, 199, 52, 84, 220, 59,
       2, 220, 58, 138, 112, 127, 45, 152, 154, 72, 17, 0, 102, 188, 237,
       101, 196, 71, 181, 26, 102, 184, 113, 226, 191, 12, 219, 96, 159,
       183, 24, 196, 92, 110, 237, 244, 205, 170, 166, 221, 5, 20, 111,
       255, 90, 4, 141, 87, 21, 101, 181, 30, 110, 184, 125, 234, 118,
       68, 223, 97, 153, 245, 183, 68, 126, 110, 225, 244, 89, 78, 164,
       255, 103, 132, 74, 247, 75, 149, 10, 220, 50, 155, 181, 150, 58,
       230, 63, 77, 90, 7, 172, 202, 38, 196, 253, 43, 147, 148, 182,
       156, 16, 255, 47, 119, 158, 195, 150, 12, 189, 207, 94, 151, 122,
       200, 242, 226, 155, 113, 173, 72, 221, 242, 92, 255, 170, 113,
       254, 179, 159, 160, 80, 139, 36, 222, 240, 161, 170, 207, 63, 34,
       167, 179, 105, 241, 186, 58, 217, 141, 176, 199, 254, 249, 168,
       29, 158, 186, 98, 80, 161, 11, 106, 17, 86, 107, 146, 226, 249,
       156, 22, 123, 216, 20, 139, 138, 255, 101, 224, 6, 205, 119, 198,
       204, 83, 254, 189, 15, 66, 104, 95, 150, 217, 196, 207, 255, 108,
       99, 239, 186, 59, 94, 197, 63, 247, 127, 222, 78, 104, 180, 172,
       117, 232, 12, 21, 159, 59, 255, 22, 61, 150, 61, 74, 27, 133, 86,
       125, 17, 240, 88, 209, 2, 239, 191, 125, 182, 200, 112, 214, 123,
       42, 252, 250, 202, 117, 223, 250, 200, 91, 13, 120, 11, 40, 220,
       127, 128, 255, 251, 147, 1, 198, 182, 250, 243, 63, 29, 141, 171,
       87, 14, 126, 223, 3, 88, 103, 79, 36, 39, 239, 176, 76, 74, 254,
       70, 240, 112, 181, 36, 124, 96, 58, 238, 193, 176, 125, 253, 4,
       62, 226, 128, 95, 255, 112, 253, 202, 202, 229, 253, 14, 8, 237,
       182, 252, 82, 210, 242, 189, 43, 177, 235, 98, 231, 63, 201, 224,
       92, 39, 225, 212, 250, 250, 128, 52, 144, 33, 41, 176, 201, 108,
       184, 12, 129, 204, 231, 196, 4, 240, 3, 33, 136, 48, 65, 72, 160,
       2, 205, 234, 47, 6, 189, 112, 136, 154, 24, 117, 24, 240, 136, 18,
       8, 130, 145, 20, 163, 232, 71, 54, 19, 82, 82, 137, 10, 112, 72,
       105, 138, 51, 153, 58, 220, 69, 194, 140, 6, 154, 64, 181, 8, 113,
       136, 130, 129, 22, 140, 149, 198, 44, 37, 4, 0, 66, 2, 32, 18, 32,
       64, 200, 18, 19, 161, 80, 137, 17, 157, 33, 32, 138, 67, 16, 8,
       177, 42, 162, 219, 22, 250, 125, 209, 149, 239, 159, 23, 68, 49,
       166, 253, 34, 64, 201, 59, 131, 1, 114, 47, 98, 183, 235, 215, 30,
       123, 82, 28, 181, 218, 129, 77, 247, 81, 228, 189, 237, 23, 125,
       202, 114, 80, 184, 128, 245, 237, 43, 42, 50, 24, 227, 252, 36,
       224, 37, 24, 118, 0, 71, 216, 193, 173, 145, 34, 195, 241, 150,
       35, 233, 86, 86, 115, 82, 214, 25, 11, 112, 104, 127, 136, 19,
       157, 171, 180, 53, 194, 221, 142, 154, 68, 173, 136, 241, 144, 14,
       209, 166, 131, 199, 84, 189, 201, 175, 85, 87, 3, 204, 222, 126,
       110, 255, 93, 187, 213, 214, 153, 186, 224, 31, 81, 207, 199, 134,
       6, 165, 254, 14, 17, 182, 155, 149, 246, 188, 197, 61, 5, 71, 19,
       204, 255, 46, 76, 249, 127, 179, 147, 18, 208, 19, 192, 79, 119,
       218, 71, 150, 87, 189, 194, 219, 149, 123, 160, 242, 34, 185, 251,
       57, 107, 95, 247, 93, 47, 188, 64, 63, 151, 151, 165, 177, 27, 52,
       215, 126, 111, 250, 198, 189, 196, 163, 241, 6, 228, 160, 139,
       213, 241, 186, 202, 31, 55, 89, 3, 204, 254, 126, 68, 217, 91,
       147, 147, 22, 48, 91, 243, 13, 22, 143, 111, 148, 95, 181, 198, 7,
       38, 173, 149, 174, 43, 173, 11, 158, 246, 23, 170, 213, 100, 211,
