%YAML:1.0
---
descriptors: !!opencv-matrix
   rows: 271
   cols: 32
   dt: u
   data: [ 39, 76, 122, 76, 85, 151, 226, 104, 85, 132, 124, 2, 104, 216,
       183, 36, 120, 184, 130, 120, 176, 182, 52, 222, 55, 60, 130, 74,
       87, 175, 120, 228, 45, 49, 241, 71, 240, 95, 231, 216, 115, 234,
       113, 108, 90, 21, 221, 180, 28, 254, 84, 122, 225, 242, 249, 106,
       47, 156, 37, 164, 75, 243, 66, 189, 69, 27, 191, 117, 164, 62,
       245, 50, 236, 251, 62, 92, 215, 61, 17, 42, 140, 102, 110, 46,
       129, 240, 243, 8, 207, 251, 117, 16, 202, 248, 89, 57, 66, 157,
       183, 243, 244, 102, 61, 231, 63, 95, 218, 19, 220, 182, 108, 78,
       231, 223, 59, 145, 50, 221, 155, 226, 189, 54, 222, 198, 128, 80,
       165, 255, 83, 219, 65, 137, 50, 129, 106, 184, 46, 105, 82, 231,
       117, 79, 148, 64, 118, 153, 63, 207, 211, 24, 13, 245, 188, 36,
       171, 196, 60, 135, 145, 17, 127, 140, 229, 201, 172, 52, 200, 170,
       7, 118, 152, 206, 211, 104, 221, 234, 217, 196, 125, 191, 159, 66,
       255, 145, 138, 94, 207, 252, 159, 237, 80, 100, 21, 188, 173, 183,
       140, 100, 77, 187, 240, 222, 173, 20, 247, 127, 91, 43, 201, 199,
       121, 187, 253, 227, 251, 46, 235, 203, 223, 124, 200, 120, 247,
       82, 1, 169, 153, 249, 205, 229, 241, 79, 222, 219, 64, 16, 180,
       187, 96, 40, 201, 42, 51, 24, 19, 106, 242, 241, 205, 155, 222,
       107, 152, 72, 241, 170, 83, 91, 209, 239, 50, 4, 42, 60, 32, 200,
       83, 230, 253, 102, 136, 210, 54, 253, 60, 238, 193, 144, 205, 237,
       164, 172, 170, 128, 45, 178, 35, 57, 34, 237, 16, 184, 253, 221,
       212, 239, 143, 49, 184, 25, 46, 184, 100, 148, 137, 155, 203, 16,
       94, 43, 90, 247, 187, 212, 21, 127, 210, 12, 207, 142, 9, 215,
       125, 239, 38, 90, 239, 185, 76, 108, 95, 230, 253, 125, 186, 96,
       62, 85, 55, 111, 193, 176, 61, 253, 228, 47, 111, 196, 117, 170,
       149, 241, 29, 213, 118, 227, 39, 31, 255, 253, 85, 74, 127, 162,
       251, 125, 186, 37, 63, 208, 151, 239, 248, 176, 45, 189, 238, 219,
       103, 132, 119, 254, 241, 241, 2, 133, 2, 139, 213, 215, 182, 231,
       13, 65, 74, 3, 232, 44, 60, 196, 217, 11, 147, 129, 87, 184, 17,
       255, 47, 52, 134, 67, 28, 14, 185, 158, 0, 157, 31, 251, 176, 231,
       47, 55, 28, 73, 75, 70, 245, 119, 32, 96, 244, 59, 31, 56, 113,
       152, 17, 63, 237, 174, 42, 64, 24, 10, 161, 177, 222, 52, 150, 48,
       235, 60, 24, 27, 187, 183, 161, 221, 143, 230, 79, 155, 167, 215,
       232, 150, 191, 71, 154, 66, 146, 243, 91, 127, 138, 101, 139, 18,
       0, 237, 50, 153, 157, 197, 164, 239, 94, 53, 72, 18, 164, 249,
       120, 0, 217, 27, 19, 17, 114, 58, 82, 247, 45, 20, 158, 111, 209,
       72, 245, 138, 10, 166, 134, 153, 233, 185, 60, 175, 175, 31, 72,
       149, 140, 238, 110, 203, 163, 11, 171, 148, 54, 88, 138, 209, 14,
       83, 223, 239, 146, 68, 173, 198, 180, 64, 219, 188, 148, 162, 195,
       84, 212, 130, 210, 70, 83, 193, 185, 72, 88, 236, 14, 56, 41, 167,
       64, 142, 216, 167, 182, 8, 181, 250, 48, 168, 211, 176, 51, 184,
       57, 236, 81, 18, 233, 89, 128, 28, 158, 158, 66, 114, 164, 7, 93,
       21, 147, 79, 178, 213, 153, 248, 26, 122, 8, 4, 3, 119, 63, 30,
       98, 91, 167, 191, 90, 82, 95, 78, 247, 183, 106, 236, 183, 221,
       255, 171, 175, 150, 174, 231, 63, 255, 18, 126, 208, 211, 255,
       205, 124, 87, 17, 174, 223, 245, 254, 43, 232, 234, 126, 179, 114,
       226, 181, 162, 208, 65, 127, 111, 110, 140, 17, 248, 207, 127,
       188, 142, 127, 100, 173, 232, 33, 168, 79, 184, 239, 103, 50, 18,
       187, 24, 102, 248, 95, 231, 249, 95, 219, 98, 54, 85, 255, 255,
       197, 208, 175, 204, 78, 107, 235, 196, 39, 167, 53, 113, 135, 157,
       254, 250, 239, 241, 156, 255, 159, 94, 28, 181, 236, 254, 127,
       107, 199, 59, 255, 5, 247, 79, 186, 243, 46, 95, 95, 251, 150,
       244, 169, 221, 217, 171, 234, 103, 176, 146, 107, 53, 113, 172,
       247, 53, 83, 131, 210, 80, 18, 236, 108, 220, 220, 222, 229, 10,
       250, 237, 165, 193, 34, 130, 234, 75, 252, 229, 238, 32, 244, 75,
       95, 236, 51, 245, 182, 185, 67, 173, 210, 19, 57, 204, 245, 245,
       56, 255, 201, 2, 250, 193, 229, 245, 239, 180, 222, 82, 8, 122,
       156, 187, 5, 143, 49, 214, 22, 189, 66, 7, 183, 131, 97, 72, 68,
       59, 135, 80, 10, 216, 83, 48, 205, 195, 250, 32, 176, 25, 5, 186,
       97, 134, 205, 253, 254, 11, 236, 91, 126, 187, 243, 250, 241, 106,
       144, 107, 111, 207, 127, 141, 185, 254, 207, 223, 156, 174, 255,
       216, 189, 168, 240, 161, 155, 23, 226, 132, 247, 23, 188, 119,
       173, 204, 158, 167, 9, 170, 183, 134, 62, 167, 159, 173, 228, 153,
       36, 202, 50, 93, 143, 131, 47, 244, 185, 221, 71, 238, 165, 17,
       236, 108, 233, 143, 234, 123, 130, 93, 144, 46, 213, 123, 129,
       135, 125, 157, 167, 78, 251, 80, 141, 58, 255, 252, 128, 80, 215,
       124, 125, 107, 84, 85, 11, 159, 70, 188, 227, 236, 166, 76, 106,
       80, 135, 182, 52, 228, 236, 110, 196, 97, 239, 29, 178, 251, 69,
       26, 106, 182, 74, 13, 11, 95, 107, 207, 182, 22, 191, 181, 28, 76,
       94, 166, 253, 127, 179, 228, 118, 121, 159, 239, 225, 144, 53,
       239, 103, 125, 174, 128, 54, 190, 181, 249, 34, 251, 82, 186, 91,
       129, 94, 230, 175, 5, 184, 173, 44, 142, 38, 144, 238, 187, 195,
       193, 70, 11, 2, 247, 50, 20, 10, 187, 81, 20, 175, 159, 97, 134,
       78, 85, 52, 190, 96, 55, 233, 25, 126, 124, 243, 48, 150, 119, 4,
       38, 124, 44, 181, 248, 229, 13, 134, 250, 112, 192, 76, 136, 90,
       45, 4, 190, 148, 26, 171, 173, 148, 207, 255, 27, 160, 125, 174,
       226, 76, 159, 143, 91, 238, 16, 50, 111, 218, 241, 137, 210, 86,
       123, 218, 84, 135, 159, 98, 158, 148, 154, 173, 173, 20, 135, 223,
       31, 136, 125, 166, 248, 44, 223, 193, 114, 234, 17, 55, 105, 90,
       177, 141, 18, 84, 123, 216, 92, 209, 31, 124, 103, 232, 34, 204,
       91, 215, 232, 83, 246, 189, 171, 67, 108, 223, 19, 25, 196, 237,
       119, 238, 99, 239, 58, 122, 75, 229, 61, 103, 255, 222, 214, 80,
       12, 207, 255, 134, 42, 109, 55, 116, 35, 218, 146, 209, 35, 144,
       107, 99, 230, 46, 140, 57, 217, 53, 224, 212, 171, 254, 0, 165,
       248, 240, 40, 208, 32, 156, 247, 137, 108, 84, 7, 179, 179, 135,
       24, 243, 119, 73, 127, 225, 246, 121, 152, 41, 69, 219, 32, 219,
       251, 213, 27, 130, 120, 136, 10, 252, 94, 86, 236, 47, 22, 86,
       112, 145, 202, 246, 103, 123, 247, 35, 211, 118, 244, 172, 234,
       109, 135, 145, 170, 242, 235, 224, 16, 46, 255, 120, 27, 110, 182,
       128, 155, 205, 125, 180, 143, 31, 123, 185, 29, 172, 60, 78, 142,
       139, 130, 234, 16, 55, 108, 91, 243, 143, 86, 95, 127, 218, 77,
       157, 222, 123, 239, 248, 4, 169, 156, 86, 175, 235, 236, 174, 13,
       107, 232, 215, 150, 176, 230, 236, 78, 204, 107, 175, 63, 186,
       127, 5, 59, 99, 246, 206, 79, 248, 124, 189, 244, 10, 77, 93, 31,
       147, 246, 164, 11, 55, 191, 67, 19, 205, 247, 253, 17, 104, 79,
       250, 58, 251, 201, 221, 57, 32, 248, 6, 122, 10, 156, 182, 158,
       95, 181, 186, 238, 155, 15, 88, 139, 236, 254, 54, 140, 237, 243,
       211, 129, 166, 11, 26, 255, 29, 62, 219, 235, 23, 71, 43, 223,
       183, 106, 102, 141, 78, 27, 238, 232, 52, 166, 210, 199, 65, 72,
       151, 201, 120, 236, 115, 239, 236, 214, 205, 136, 54, 106, 235,
       132, 45, 191, 122, 196, 53, 141, 75, 254, 20, 227, 203, 114, 148,
       64, 203, 130, 113, 235, 48, 96, 88, 170, 26, 202, 27, 171, 93, 63,
       249, 175, 162, 72, 53, 11, 112, 40, 71, 185, 149, 154, 169, 205,
       149, 175, 175, 95, 168, 109, 166, 244, 110, 75, 133, 115, 238, 81,
       23, 105, 250, 113, 152, 22, 85, 122, 216, 89, 135, 95, 136, 243,
       157, 251, 1, 141, 113, 220, 6, 61, 76, 4, 183, 199, 104, 68, 68,
       26, 163, 88, 66, 156, 91, 177, 199, 209, 116, 32, 50, 154, 132,
       187, 254, 37, 156, 186, 155, 173, 144, 75, 139, 159, 165, 27, 14,
       155, 110, 27, 233, 155, 203, 17, 62, 75, 154, 194, 219, 209, 30,
