%YAML:1.0
---
descriptors: !!opencv-matrix
   rows: 334
   cols: 32
   dt: u
   data: [ 60, 93, 55, 238, 29, 199, 87, 48, 197, 200, 239, 0, 255, 253,
       33, 224, 208, 112, 221, 106, 73, 163, 120, 62, 227, 255, 1, 26,
       114, 43, 100, 51, 79, 32, 245, 113, 164, 60, 248, 18, 107, 251,
       52, 185, 143, 63, 213, 63, 143, 213, 221, 157, 158, 244, 225, 192,
       207, 217, 81, 163, 199, 245, 70, 215, 242, 188, 157, 90, 219, 229,
       17, 207, 59, 95, 164, 25, 46, 191, 102, 30, 141, 147, 243, 16, 58,
       79, 115, 115, 91, 214, 80, 123, 211, 68, 166, 122, 82, 18, 207,
       173, 4, 66, 105, 49, 165, 9, 211, 102, 111, 51, 32, 83, 224, 165,
       44, 160, 25, 217, 17, 205, 144, 226, 250, 130, 44, 32, 112, 17,
       80, 16, 207, 229, 0, 14, 105, 37, 169, 137, 226, 68, 255, 35, 4,
       91, 98, 229, 108, 160, 9, 217, 145, 72, 148, 250, 250, 128, 168,
       32, 99, 8, 2, 166, 149, 155, 252, 137, 172, 143, 30, 51, 25, 249,
       180, 162, 200, 0, 207, 27, 107, 21, 115, 88, 75, 215, 44, 22, 62,
       252, 156, 200, 129, 169, 69, 97, 83, 97, 112, 14, 99, 56, 109,
       232, 107, 68, 223, 18, 137, 116, 178, 12, 76, 110, 193, 176, 61,
       76, 228, 236, 33, 4, 72, 179, 67, 37, 241, 207, 13, 62, 56, 14,
       70, 188, 176, 10, 250, 100, 243, 99, 136, 83, 196, 230, 108, 110,
       232, 11, 203, 47, 240, 170, 96, 152, 88, 163, 98, 41, 54, 69, 195,
       193, 197, 110, 238, 231, 125, 43, 251, 19, 11, 59, 21, 25, 249,
       199, 23, 162, 125, 186, 81, 238, 55, 238, 214, 134, 237, 249, 242,
       138, 176, 116, 91, 168, 196, 99, 197, 67, 49, 162, 251, 26, 2,
       154, 37, 25, 248, 189, 70, 34, 45, 183, 16, 142, 177, 252, 130,
       50, 97, 121, 246, 166, 66, 177, 146, 48, 187, 137, 48, 7, 187, 17,
       72, 121, 142, 178, 72, 148, 163, 27, 232, 17, 23, 203, 146, 85,
       152, 244, 30, 106, 136, 4, 139, 15, 64, 114, 158, 180, 106, 8, 49,
       18, 170, 191, 135, 189, 199, 131, 74, 91, 135, 245, 237, 0, 4, 71,
       195, 0, 220, 163, 120, 187, 160, 161, 142, 19, 242, 164, 237, 239,
       156, 39, 76, 189, 87, 179, 219, 27, 83, 121, 92, 107, 217, 222,
       117, 189, 251, 246, 219, 159, 171, 250, 213, 116, 247, 234, 208,
       34, 109, 79, 91, 103, 52, 10, 111, 180, 100, 128, 126, 228, 243,
       67, 145, 112, 90, 228, 76, 110, 233, 176, 109, 46, 230, 237, 37,
       0, 109, 187, 194, 40, 161, 196, 125, 87, 84, 143, 233, 53, 84, 38,
       119, 18, 179, 1, 148, 53, 72, 188, 18, 170, 233, 188, 117, 30,
       103, 139, 240, 0, 119, 138, 86, 168, 167, 219, 99, 75, 118, 147,
       239, 244, 85, 72, 112, 230, 112, 196, 181, 164, 126, 232, 22, 238,
       193, 178, 44, 255, 52, 12, 167, 128, 127, 191, 114, 253, 166, 140,
       182, 254, 252, 43, 150, 239, 223, 139, 249, 57, 110, 249, 44, 72,
       223, 123, 127, 33, 50, 111, 74, 191, 186, 254, 87, 126, 212, 248,
       225, 135, 61, 248, 106, 64, 229, 221, 247, 242, 225, 108, 252, 12,
       43, 216, 182, 180, 168, 232, 214, 78, 205, 171, 182, 172, 115,
       221, 4, 187, 103, 190, 218, 213, 45, 180, 16, 227, 253, 61, 241,
       25, 78, 121, 61, 28, 222, 88, 202, 172, 159, 10, 254, 60, 151,
       120, 123, 213, 207, 221, 55, 126, 154, 14, 217, 245, 203, 241,
       101, 253, 47, 221, 121, 56, 235, 216, 20, 160, 253, 95, 155, 167,
       22, 49, 253, 239, 225, 64, 190, 157, 231, 251, 233, 172, 62, 166,
       25, 241, 122, 178, 188, 120, 49, 214, 144, 223, 27, 125, 181, 61,
       74, 29, 94, 157, 221, 157, 245, 21, 158, 235, 249, 149, 91, 123,
       81, 215, 215, 12, 254, 87, 113, 141, 71, 221, 212, 2, 111, 231,
       117, 162, 234, 130, 115, 35, 52, 245, 121, 238, 50, 174, 121, 185,
       37, 175, 52, 174, 198, 0, 111, 248, 240, 40, 58, 237, 122, 100,
       93, 221, 214, 231, 107, 36, 252, 11, 42, 189, 22, 16, 248, 251,
       199, 1, 204, 171, 208, 255, 51, 93, 21, 59, 103, 158, 222, 79,
       196, 172, 129, 147, 214, 168, 166, 134, 186, 147, 74, 82, 228,
       226, 73, 74, 113, 239, 42, 147, 50, 88, 206, 227, 44, 38, 223, 68,
       164, 115, 241, 136, 69, 36, 248, 103, 240, 46, 121, 24, 106, 187,
       63, 88, 213, 115, 201, 122, 183, 94, 125, 60, 144, 80, 185, 66,
       205, 189, 99, 100, 136, 227, 67, 33, 95, 96, 244, 245, 37, 158,
       92, 152, 251, 218, 52, 131, 235, 111, 223, 255, 183, 241, 181,
       239, 204, 100, 62, 217, 131, 219, 199, 135, 39, 245, 90, 71, 102,
       237, 17, 186, 217, 205, 182, 238, 159, 41, 184, 75, 164, 255, 105,
       0, 217, 251, 75, 83, 66, 43, 90, 247, 189, 20, 15, 127, 144, 90,
       133, 138, 167, 104, 163, 90, 221, 215, 167, 197, 214, 203, 81, 18,
       144, 220, 245, 172, 217, 40, 18, 219, 167, 230, 110, 250, 45, 30,
       159, 42, 212, 29, 244, 228, 47, 99, 72, 165, 114, 6, 111, 56, 48,
       228, 119, 231, 89, 3, 155, 16, 62, 205, 23, 238, 205, 210, 205,
       76, 102, 41, 173, 132, 45, 182, 42, 209, 242, 56, 168, 241, 139,
       253, 144, 7, 155, 255, 150, 191, 170, 188, 70, 10, 205, 183, 255,
       145, 191, 79, 242, 226, 219, 87, 220, 251, 237, 76, 158, 95, 252,
       120, 254, 112, 73, 47, 80, 208, 179, 178, 166, 25, 95, 153, 71,
       27, 169, 213, 245, 82, 44, 103, 152, 130, 211, 219, 85, 63, 227,
       121, 78, 2, 253, 96, 244, 99, 13, 30, 84, 157, 225, 187, 167, 24,
       91, 83, 93, 123, 209, 196, 108, 122, 104, 231, 249, 0, 243, 249,
       197, 93, 226, 179, 194, 34, 182, 204, 223, 227, 132, 106, 239,
       231, 117, 179, 250, 51, 75, 58, 52, 25, 249, 199, 6, 162, 125,
       254, 9, 226, 187, 254, 214, 70, 229, 120, 244, 142, 80, 77, 94,
       253, 212, 138, 111, 231, 244, 130, 110, 2, 99, 163, 177, 113, 122,
       238, 42, 234, 104, 185, 4, 238, 246, 239, 230, 0, 101, 248, 240,
       40, 11, 154, 80, 219, 51, 185, 185, 23, 95, 69, 85, 54, 172, 154,
       162, 236, 166, 59, 151, 24, 150, 184, 99, 213, 198, 223, 58, 227,
       158, 140, 137, 207, 131, 168, 157, 177, 236, 169, 185, 159, 190,
       59, 48, 88, 189, 169, 208, 10, 135, 11, 127, 29, 51, 124, 235,
       243, 76, 154, 127, 236, 212, 200, 131, 169, 209, 251, 89, 108, 40,
       204, 71, 189, 224, 76, 244, 100, 243, 69, 130, 115, 6, 102, 76,
       110, 249, 43, 244, 61, 240, 169, 38, 152, 120, 130, 227, 121, 125,
       127, 16, 236, 172, 47, 94, 252, 63, 170, 184, 108, 255, 122, 73,
       176, 221, 211, 126, 106, 233, 99, 219, 255, 185, 223, 111, 190,
       88, 123, 131, 1, 214, 0, 223, 245, 238, 40, 109, 1, 233, 178, 179,
       26, 223, 43, 93, 91, 99, 197, 125, 171, 56, 71, 207, 192, 212,
       186, 219, 156, 165, 225, 99, 0, 252, 106, 254, 116, 77, 13, 85,
       88, 243, 190, 180, 24, 90, 217, 69, 59, 137, 244, 109, 106, 104,
       103, 138, 40, 83, 219, 69, 63, 67, 249, 70, 43, 50, 40, 82, 220,
       119, 153, 248, 66, 127, 32, 240, 10, 42, 136, 21, 148, 186, 185,
       71, 65, 14, 186, 198, 249, 151, 252, 0, 59, 103, 12, 66, 142, 98,
       106, 114, 92, 104, 137, 248, 66, 175, 0, 240, 169, 174, 139, 133,
       84, 166, 185, 103, 1, 2, 46, 130, 209, 148, 252, 18, 58, 86, 132,
       71, 173, 58, 50, 244, 236, 47, 211, 216, 24, 203, 249, 119, 170,
       79, 157, 180, 60, 150, 189, 181, 5, 152, 224, 35, 221, 130, 251,
       25, 247, 87, 133, 85, 119, 91, 114, 118, 228, 36, 18, 88, 24, 43,
       248, 52, 231, 125, 207, 214, 56, 150, 189, 181, 237, 206, 68, 175,
       217, 194, 217, 233, 174, 15, 164, 90, 85, 8, 136, 57, 249, 48,
       237, 81, 158, 86, 31, 68, 16, 183, 23, 128, 104, 85, 26, 28, 8,
       42, 156, 99, 55, 205, 143, 48, 80, 144, 136, 132, 105, 210, 57,
       26, 184, 57, 237, 16, 67, 175, 12, 161, 25, 174, 222, 36, 25, 200,
       187, 223, 1, 50, 11, 146, 221, 145, 208, 26, 59, 16, 0, 7, 91, 51,
       159, 11, 12, 176, 135, 135, 119, 20, 72, 248, 237, 50, 228, 166,
       4, 220, 170, 6, 101, 221, 187, 36, 31, 176, 52, 41, 250, 89, 10,
       178, 253, 126, 199, 229, 251, 186, 97, 143, 175, 22, 31, 153, 243,
       201, 111, 200, 75, 95, 211, 175, 179, 122, 66, 111, 247, 252, 230,
       255, 253, 183, 255, 164, 113, 213, 215, 93, 99, 178, 11, 43, 188,
