%YAML:1.0
---
descriptors: !!opencv-matrix
   rows: 463
   cols: 32
   dt: u
   data: [ 84, 30, 218, 165, 186, 226, 123, 18, 54, 164, 207, 163, 87,
       167, 67, 88, 119, 245, 109, 178, 24, 211, 233, 104, 223, 167, 175,
       197, 164, 227, 45, 67, 253, 92, 109, 101, 20, 79, 111, 56, 112,
       234, 247, 72, 211, 117, 153, 48, 124, 212, 116, 234, 233, 180,
       245, 46, 231, 239, 225, 144, 103, 251, 70, 241, 56, 189, 56, 120,
       56, 13, 83, 254, 103, 61, 188, 8, 63, 27, 67, 16, 165, 211, 69,
       72, 10, 107, 24, 53, 235, 207, 52, 117, 98, 129, 74, 171, 57, 233,
       106, 104, 21, 223, 70, 96, 69, 96, 252, 11, 51, 153, 22, 16, 248,
       168, 85, 111, 76, 179, 80, 157, 243, 205, 128, 57, 123, 142, 122,
       26, 72, 29, 27, 252, 83, 204, 49, 54, 173, 13, 110, 0, 190, 183,
       33, 112, 164, 59, 191, 0, 67, 152, 50, 237, 247, 244, 18, 10, 2,
       16, 5, 123, 136, 188, 149, 250, 219, 237, 17, 179, 187, 29, 41,
       25, 190, 255, 64, 16, 135, 51, 249, 16, 50, 75, 218, 191, 203,
       214, 29, 122, 210, 64, 7, 251, 226, 188, 159, 30, 237, 229, 197,
       199, 159, 223, 96, 29, 254, 244, 102, 139, 137, 107, 234, 20, 51,
       111, 186, 115, 9, 50, 85, 122, 216, 88, 198, 250, 148, 103, 158,
       166, 248, 43, 119, 200, 190, 174, 187, 9, 215, 243, 105, 67, 187,
       213, 111, 106, 40, 241, 139, 106, 253, 135, 103, 20, 224, 123, 37,
       35, 63, 165, 122, 232, 251, 119, 90, 198, 1, 97, 236, 139, 15, 63,
       62, 16, 223, 155, 213, 208, 30, 155, 80, 167, 251, 221, 136, 119,
       231, 221, 234, 198, 45, 112, 19, 76, 109, 15, 199, 120, 217, 202,
       109, 76, 210, 208, 49, 180, 216, 108, 80, 110, 201, 167, 210, 12,
       33, 188, 69, 28, 90, 59, 82, 180, 37, 174, 219, 123, 244, 175,
       239, 223, 126, 11, 120, 82, 49, 249, 248, 32, 249, 234, 22, 28,
       147, 190, 24, 51, 125, 143, 182, 192, 201, 216, 242, 185, 161, 25,
       23, 76, 253, 159, 70, 48, 205, 200, 96, 76, 214, 240, 37, 245,
       208, 100, 42, 110, 217, 171, 122, 30, 33, 186, 0, 24, 90, 43, 64,
       36, 178, 178, 254, 184, 91, 243, 16, 78, 147, 5, 232, 191, 14,
       205, 110, 24, 219, 179, 197, 17, 62, 47, 130, 150, 155, 215, 24,
       127, 245, 12, 62, 222, 53, 143, 15, 231, 180, 175, 79, 244, 100,
       104, 251, 68, 243, 97, 144, 96, 92, 230, 78, 110, 153, 184, 89,
       61, 232, 141, 165, 84, 104, 219, 208, 40, 220, 27, 63, 180, 172,
       10, 77, 51, 168, 158, 18, 245, 159, 35, 129, 219, 166, 229, 109,
       127, 185, 201, 129, 12, 200, 227, 103, 192, 172, 161, 33, 113,
       129, 188, 189, 216, 56, 237, 17, 127, 186, 251, 176, 88, 182, 191,
       68, 57, 141, 187, 95, 16, 187, 111, 242, 95, 217, 158, 127, 126,
       208, 64, 7, 123, 191, 125, 233, 100, 217, 87, 95, 248, 83, 234,
       156, 14, 89, 127, 87, 49, 29, 212, 213, 239, 253, 82, 253, 174,
       123, 207, 205, 180, 47, 247, 210, 246, 45, 184, 177, 201, 221, 45,
       203, 216, 71, 113, 173, 10, 154, 217, 89, 44, 221, 152, 83, 28,
       155, 50, 251, 208, 77, 156, 129, 124, 219, 171, 80, 160, 144, 202,
       173, 191, 58, 82, 28, 174, 150, 94, 210, 167, 247, 110, 147, 75,
       223, 101, 253, 167, 108, 205, 111, 63, 234, 231, 255, 149, 52,
       120, 61, 91, 228, 156, 155, 250, 206, 237, 117, 223, 123, 35, 224,
       94, 22, 243, 96, 121, 251, 255, 42, 16, 51, 127, 154, 115, 29,
       187, 87, 110, 208, 88, 231, 163, 110, 235, 232, 154, 61, 145, 159,
       168, 130, 60, 157, 175, 233, 205, 215, 130, 77, 235, 255, 215,
       206, 67, 238, 245, 126, 21, 175, 185, 23, 159, 28, 194, 253, 69,
       119, 102, 29, 30, 79, 184, 113, 232, 175, 72, 83, 125, 29, 51,
       216, 228, 92, 110, 233, 163, 249, 14, 251, 255, 5, 20, 99, 251,
       82, 96, 65, 157, 57, 252, 252, 237, 173, 255, 254, 106, 92, 72,
       181, 247, 48, 96, 133, 50, 90, 45, 243, 60, 242, 31, 101, 143, 47,
       44, 88, 120, 131, 185, 92, 176, 183, 254, 27, 194, 27, 184, 191,
       148, 7, 33, 252, 247, 104, 86, 55, 119, 173, 226, 98, 65, 187,
       125, 233, 230, 79, 31, 34, 35, 5, 115, 82, 46, 234, 158, 27, 177,
       154, 74, 159, 215, 157, 191, 236, 236, 254, 142, 167, 227, 251,
       149, 54, 71, 142, 255, 154, 54, 27, 187, 149, 100, 15, 86, 252,
       62, 158, 56, 169, 232, 16, 75, 171, 159, 165, 57, 6, 247, 107, 91,
       193, 246, 237, 16, 62, 71, 210, 2, 219, 243, 81, 123, 192, 97, 46,
       83, 198, 135, 23, 250, 139, 199, 52, 105, 159, 151, 129, 17, 204,
       231, 96, 67, 231, 55, 235, 16, 114, 77, 138, 211, 191, 178, 31,
       127, 144, 72, 165, 11, 189, 133, 206, 55, 181, 27, 230, 184, 119,
       251, 247, 110, 243, 104, 159, 165, 121, 238, 246, 127, 173, 244,
       77, 191, 110, 255, 101, 213, 239, 239, 90, 133, 180, 219, 92, 186,
       60, 157, 86, 248, 159, 92, 181, 255, 111, 213, 175, 129, 222, 241,
       142, 118, 110, 39, 106, 191, 186, 211, 37, 255, 26, 141, 4, 117,
       206, 188, 147, 177, 161, 172, 124, 23, 185, 155, 34, 80, 158, 183,
       64, 218, 167, 63, 125, 17, 49, 220, 145, 194, 173, 246, 126, 198,
       128, 64, 163, 35, 194, 180, 63, 220, 107, 97, 180, 111, 191, 30,
       148, 48, 172, 243, 108, 125, 235, 23, 255, 128, 98, 79, 195, 223,
       219, 18, 223, 187, 18, 64, 37, 171, 174, 180, 130, 184, 29, 45,
       184, 74, 158, 37, 145, 159, 204, 237, 110, 2, 221, 29, 251, 149,
       52, 107, 210, 214, 217, 85, 11, 123, 217, 44, 63, 210, 77, 71, 68,
       3, 178, 26, 110, 188, 100, 224, 79, 228, 217, 67, 155, 228, 50,
       68, 106, 110, 197, 144, 45, 76, 36, 110, 39, 132, 46, 246, 9, 20,
       126, 161, 1, 234, 121, 205, 90, 232, 131, 61, 185, 9, 139, 143,
       72, 16, 204, 145, 237, 80, 26, 43, 90, 149, 219, 209, 129, 125,
       210, 143, 70, 210, 54, 96, 86, 234, 79, 3, 206, 232, 239, 0, 225,
       11, 71, 201, 61, 16, 186, 137, 123, 227, 72, 99, 15, 220, 179,
       218, 1, 63, 117, 187, 98, 134, 53, 181, 232, 175, 52, 31, 202, 57,
       68, 224, 217, 206, 243, 104, 158, 32, 92, 202, 22, 239, 157, 186,
       93, 141, 108, 13, 165, 180, 125, 238, 216, 148, 67, 16, 31, 217,
       69, 253, 48, 65, 239, 113, 103, 10, 156, 158, 100, 121, 224, 57,
       122, 16, 23, 51, 178, 208, 23, 185, 26, 99, 152, 8, 105, 150, 77,
       94, 229, 237, 124, 50, 107, 154, 55, 230, 218, 231, 217, 39, 145,
       202, 95, 228, 255, 238, 137, 214, 237, 238, 244, 231, 239, 132,
       167, 255, 116, 121, 220, 94, 159, 244, 42, 226, 50, 2, 164, 142,
       147, 179, 111, 255, 33, 75, 166, 245, 237, 131, 40, 197, 130, 234,
       209, 227, 106, 131, 32, 113, 37, 83, 124, 163, 144, 58, 185, 157,
       82, 216, 171, 29, 189, 77, 239, 251, 107, 146, 189, 195, 236, 86,
       30, 99, 138, 177, 251, 217, 37, 127, 242, 15, 107, 3, 0, 49, 187,
       50, 230, 233, 177, 71, 234, 65, 121, 106, 52, 221, 104, 32, 170,
       59, 115, 17, 19, 58, 146, 97, 93, 4, 26, 106, 201, 74, 167, 187,
       41, 125, 97, 69, 116, 159, 238, 51, 125, 200, 126, 76, 147, 56,
       149, 180, 202, 108, 86, 77, 197, 186, 117, 238, 38, 252, 36, 0,
       78, 185, 90, 149, 133, 229, 245, 207, 236, 47, 239, 252, 126, 122,
       250, 64, 249, 123, 157, 32, 127, 207, 127, 238, 225, 180, 111,
       251, 101, 190, 239, 132, 93, 243, 99, 168, 120, 164, 179, 186, 93,
       236, 83, 200, 243, 212, 161, 25, 47, 217, 106, 82, 249, 235, 233,
       17, 14, 103, 186, 191, 219, 213, 133, 127, 50, 47, 118, 66, 112,
       189, 125, 70, 252, 107, 199, 55, 192, 166, 190, 40, 115, 57, 132,
       54, 8, 246, 68, 42, 56, 107, 228, 46, 121, 174, 101, 56, 97, 234,
       214, 232, 101, 88, 243, 65, 100, 255, 98, 18, 127, 234, 126, 72,
       250, 145, 213, 252, 22, 46, 54, 90, 131, 180, 49, 226, 6, 158, 49,
       128, 202, 251, 74, 189, 169, 99, 101, 183, 252, 15, 237, 125, 86,
       226, 247, 223, 243, 77, 154, 41, 126, 238, 87, 239, 237, 252, 125,
       188, 236, 203, 245, 176, 127, 188, 208, 248, 240, 218, 125, 124,
       106, 72, 85, 189, 176, 54, 164, 184, 115, 23, 129, 123, 6, 212,
       236, 106, 104, 71, 235, 43, 243, 171, 117, 61, 112, 176, 198, 43,
