%YAML:1.0
---
descriptors: !!opencv-matrix
   rows: 325
   cols: 32
   dt: u
   data: [ 27, 92, 51, 240, 163, 189, 127, 246, 189, 202, 126, 103, 60,
       191, 37, 120, 166, 115, 191, 69, 225, 141, 50, 238, 243, 255, 126,
       138, 138, 117, 33, 123, 185, 177, 55, 50, 61, 143, 209, 117, 255,
       29, 161, 29, 238, 216, 42, 19, 128, 41, 110, 21, 254, 237, 26,
       221, 249, 218, 86, 114, 66, 4, 131, 203, 149, 3, 127, 101, 152,
       95, 206, 56, 228, 232, 179, 194, 211, 76, 153, 35, 124, 245, 108,
       227, 253, 161, 125, 12, 161, 235, 103, 21, 97, 187, 9, 0, 232, 33,
       234, 96, 100, 201, 89, 81, 176, 69, 229, 153, 19, 141, 18, 16, 8,
       164, 245, 12, 88, 239, 240, 2, 195, 237, 48, 81, 101, 128, 214,
       242, 181, 116, 173, 255, 140, 45, 95, 158, 148, 202, 169, 17, 215,
       125, 89, 107, 221, 91, 89, 47, 249, 231, 251, 42, 225, 201, 254,
       24, 192, 121, 134, 114, 134, 120, 162, 159, 69, 212, 186, 64, 29,
       198, 80, 147, 168, 220, 119, 140, 254, 121, 147, 199, 230, 214,
       146, 234, 7, 56, 218, 139, 7, 61, 127, 222, 221, 30, 76, 101, 48,
       42, 107, 48, 124, 166, 55, 228, 215, 35, 145, 113, 54, 228, 76,
       110, 161, 148, 109, 78, 196, 175, 97, 132, 172, 227, 3, 49, 108,
       60, 30, 117, 48, 110, 119, 48, 49, 74, 246, 9, 223, 127, 1, 17,
       146, 244, 221, 34, 41, 240, 209, 12, 231, 251, 96, 17, 106, 240,
       78, 83, 27, 54, 235, 225, 246, 179, 233, 87, 21, 229, 222, 247,
       25, 15, 246, 168, 111, 155, 151, 157, 147, 152, 37, 206, 90, 77,
       158, 196, 175, 196, 177, 240, 36, 190, 150, 90, 249, 233, 180,
       239, 255, 31, 40, 124, 166, 225, 108, 31, 131, 115, 234, 16, 50,
       111, 26, 115, 45, 150, 85, 123, 216, 81, 143, 159, 74, 25, 182,
       117, 137, 124, 52, 135, 171, 247, 142, 17, 236, 191, 71, 110, 129,
       119, 249, 1, 20, 73, 179, 224, 203, 255, 94, 19, 130, 116, 133,
       94, 13, 32, 202, 194, 228, 13, 233, 81, 140, 224, 247, 206, 157,
       131, 241, 127, 106, 172, 94, 190, 145, 247, 180, 200, 94, 217,
       175, 232, 143, 171, 59, 177, 243, 92, 121, 235, 38, 201, 94, 180,
       13, 106, 250, 98, 123, 31, 189, 112, 254, 241, 63, 238, 201, 183,
       105, 255, 178, 254, 230, 146, 117, 155, 208, 41, 39, 185, 129,
       131, 85, 149, 170, 216, 79, 225, 88, 70, 232, 248, 125, 164, 217,
       107, 146, 221, 151, 58, 126, 241, 45, 92, 143, 110, 223, 110, 89,
       220, 38, 125, 57, 222, 123, 197, 155, 104, 159, 72, 217, 75, 124,
       221, 53, 32, 220, 187, 211, 231, 195, 35, 90, 255, 51, 28, 9, 186,
       89, 63, 51, 211, 195, 94, 59, 244, 36, 140, 127, 246, 253, 202,
       82, 100, 188, 155, 181, 96, 166, 99, 95, 77, 225, 141, 50, 254,
       246, 255, 58, 138, 12, 17, 97, 123, 75, 248, 111, 71, 50, 18, 187,
       176, 102, 232, 86, 231, 249, 95, 146, 98, 54, 117, 255, 206, 197,
       212, 173, 237, 78, 105, 171, 192, 47, 167, 53, 121, 9, 215, 125,
       239, 54, 94, 255, 253, 92, 94, 125, 230, 255, 125, 186, 161, 63,
       82, 151, 111, 241, 232, 61, 189, 238, 219, 103, 196, 127, 174,
       213, 241, 67, 123, 219, 71, 50, 6, 171, 48, 168, 200, 122, 228,
       253, 246, 133, 246, 54, 125, 124, 238, 193, 200, 172, 104, 36,
       168, 175, 168, 45, 179, 35, 185, 29, 13, 126, 205, 22, 70, 107,
       48, 100, 204, 254, 2, 123, 55, 179, 97, 126, 244, 60, 234, 233,
       177, 53, 108, 243, 171, 226, 128, 37, 163, 101, 104, 187, 182,
       188, 212, 123, 117, 153, 123, 155, 254, 148, 191, 12, 252, 214,
       47, 143, 25, 215, 49, 166, 111, 226, 223, 91, 95, 121, 255, 215,
       108, 31, 255, 30, 94, 103, 186, 90, 224, 187, 118, 133, 140, 222,
       231, 41, 207, 183, 65, 110, 185, 151, 211, 192, 159, 38, 236, 50,
       99, 170, 139, 55, 151, 53, 251, 35, 29, 98, 78, 117, 151, 167, 97,
       95, 68, 125, 6, 96, 248, 183, 36, 88, 250, 18, 107, 150, 187, 60,
       255, 35, 60, 131, 10, 95, 175, 116, 244, 5, 3, 74, 111, 112, 15,
       239, 112, 44, 14, 125, 228, 245, 99, 187, 9, 126, 41, 6, 238, 192,
       176, 8, 93, 100, 143, 98, 128, 112, 179, 107, 161, 122, 24, 231,
       94, 203, 244, 92, 150, 179, 199, 206, 3, 104, 255, 23, 222, 73,
       254, 185, 129, 12, 203, 243, 233, 83, 127, 216, 155, 183, 117,
       118, 94, 170, 245, 100, 26, 111, 221, 156, 238, 139, 117, 188,
       143, 44, 156, 126, 23, 174, 139, 215, 37, 230, 107, 26, 217, 59,
       88, 28, 191, 87, 92, 95, 223, 102, 10, 136, 220, 40, 125, 26, 202,
       154, 170, 252, 200, 243, 230, 197, 122, 221, 255, 238, 64, 13, 67,
       226, 50, 147, 247, 235, 189, 144, 105, 30, 144, 54, 36, 228, 225,
       253, 127, 200, 11, 91, 183, 177, 27, 202, 56, 94, 156, 217, 141,
       183, 177, 60, 246, 89, 210, 143, 222, 211, 119, 213, 109, 222, 6,
       29, 30, 103, 242, 182, 178, 107, 82, 245, 197, 207, 198, 89, 207,
       181, 228, 127, 168, 27, 188, 153, 145, 52, 206, 90, 207, 139, 64,
       191, 235, 112, 240, 15, 186, 185, 179, 246, 241, 185, 215, 159,
       219, 28, 249, 188, 220, 246, 40, 143, 59, 151, 21, 151, 108, 174,
       242, 76, 93, 63, 234, 212, 220, 135, 255, 171, 208, 106, 81, 245,
       223, 161, 103, 93, 109, 118, 18, 8, 28, 182, 228, 127, 26, 146,
       153, 247, 188, 117, 215, 47, 95, 150, 195, 215, 140, 252, 253, 42,
       141, 118, 222, 125, 215, 255, 230, 157, 68, 204, 131, 252, 252,
       55, 225, 222, 251, 147, 71, 231, 171, 122, 255, 246, 127, 130, 11,
       22, 223, 52, 254, 183, 156, 34, 88, 157, 247, 86, 227, 215, 71,
       204, 23, 42, 252, 54, 236, 201, 170, 155, 148, 190, 143, 118, 247,
       139, 94, 149, 123, 187, 77, 252, 86, 3, 176, 171, 177, 119, 231,
       185, 212, 223, 201, 85, 87, 156, 220, 126, 40, 255, 57, 151, 149,
       151, 242, 48, 194, 77, 95, 186, 238, 141, 12, 183, 247, 86, 221,
       151, 151, 245, 76, 254, 225, 47, 176, 250, 67, 238, 126, 73, 210,
       235, 215, 255, 211, 90, 251, 25, 227, 253, 150, 207, 70, 65, 122,
       167, 155, 53, 15, 79, 250, 62, 163, 75, 113, 196, 64, 219, 230,
       115, 225, 177, 96, 126, 162, 30, 188, 185, 171, 36, 157, 216, 175,
       170, 200, 189, 235, 112, 49, 134, 72, 130, 159, 149, 135, 190,
       199, 30, 130, 80, 3, 172, 202, 53, 76, 216, 107, 147, 211, 98,
       188, 2, 251, 37, 22, 158, 139, 21, 124, 53, 142, 187, 188, 172,
       90, 157, 245, 80, 206, 215, 87, 204, 29, 170, 188, 103, 173, 201,
       42, 146, 20, 63, 110, 114, 179, 203, 223, 212, 123, 218, 93, 92,
       222, 173, 212, 24, 110, 124, 29, 83, 248, 198, 8, 245, 76, 246,
       209, 43, 48, 156, 120, 70, 106, 235, 39, 122, 31, 227, 221, 33,
       56, 90, 59, 106, 163, 22, 157, 151, 150, 213, 70, 191, 230, 60,
       63, 218, 19, 228, 62, 44, 66, 233, 215, 63, 211, 124, 219, 25,
       226, 185, 54, 222, 83, 128, 123, 181, 222, 13, 127, 83, 123, 242,
       199, 55, 216, 191, 200, 120, 228, 252, 247, 129, 180, 150, 123,
       198, 242, 195, 144, 42, 127, 238, 188, 39, 138, 154, 243, 39, 249,
       146, 159, 87, 252, 50, 128, 62, 246, 189, 12, 80, 162, 45, 231,
       160, 101, 102, 251, 159, 192, 162, 137, 38, 255, 250, 230, 190,
       136, 55, 148, 37, 217, 65, 142, 30, 69, 52, 190, 96, 55, 237, 89,
       126, 116, 247, 49, 146, 119, 128, 36, 124, 44, 177, 184, 37, 77,
       134, 255, 114, 192, 200, 128, 91, 45, 218, 151, 122, 168, 250,
       210, 191, 113, 173, 72, 221, 227, 92, 222, 170, 96, 254, 177, 223,
       163, 213, 139, 32, 223, 242, 225, 42, 203, 60, 38, 167, 211, 246,
       120, 214, 36, 37, 95, 86, 64, 49, 166, 243, 11, 107, 221, 7, 159,
       248, 245, 228, 98, 108, 247, 145, 168, 147, 250, 65, 51, 99, 191,
       110, 86, 3, 203, 95, 221, 102, 128, 239, 214, 236, 16, 82, 230,
       181, 130, 177, 96, 102, 105, 46, 206, 195, 153, 6, 237, 52, 168,
       42, 128, 44, 145, 33, 169, 167, 92, 162, 158, 77, 116, 188, 64,
       217, 206, 85, 135, 168, 220, 119, 47, 204, 105, 179, 199, 228, 86,
       222, 235, 23, 56, 218, 171, 23, 117, 63, 222, 65, 248, 187, 213,
       52, 204, 113, 53, 234, 232, 134, 12, 246, 29, 82, 98, 133, 100,
