%YAML:1.0
---
descriptors: !!opencv-matrix
   rows: 380
   cols: 32
   dt: u
   data: [ 248, 164, 220, 109, 184, 42, 70, 191, 60, 163, 246, 56, 211,
       35, 136, 88, 83, 198, 109, 40, 56, 248, 73, 14, 254, 175, 53, 81,
       224, 232, 202, 2, 88, 128, 190, 182, 141, 207, 145, 111, 158, 189,
       146, 11, 215, 220, 106, 66, 233, 247, 111, 1, 58, 105, 91, 188,
       221, 211, 191, 48, 144, 72, 149, 74, 249, 61, 181, 245, 158, 62,
       71, 63, 82, 174, 154, 90, 255, 56, 65, 179, 157, 247, 124, 41,
       169, 122, 225, 10, 189, 235, 101, 176, 165, 248, 6, 41, 55, 243,
       227, 99, 180, 9, 126, 156, 111, 105, 123, 237, 123, 93, 220, 180,
       190, 223, 85, 207, 207, 176, 13, 241, 162, 220, 36, 162, 111, 151,
       210, 245, 116, 227, 249, 106, 180, 14, 75, 220, 99, 45, 125, 104,
       83, 69, 201, 48, 30, 220, 4, 126, 139, 178, 233, 46, 251, 237, 37,
       236, 224, 179, 198, 49, 108, 123, 122, 98, 116, 205, 83, 81, 105,
       172, 255, 8, 27, 159, 67, 20, 156, 188, 69, 88, 202, 186, 240, 12,
       255, 221, 37, 120, 66, 138, 78, 43, 60, 76, 83, 222, 87, 243, 234,
       64, 214, 2, 217, 2, 113, 216, 49, 224, 121, 168, 2, 155, 43, 183,
       26, 191, 177, 239, 131, 8, 183, 11, 120, 128, 185, 14, 110, 237,
       84, 19, 99, 114, 85, 68, 246, 198, 83, 41, 178, 65, 120, 172, 6,
       238, 232, 191, 37, 143, 118, 239, 226, 0, 127, 168, 120, 192, 149,
       29, 27, 143, 222, 100, 175, 246, 60, 99, 255, 82, 253, 119, 169,
       96, 127, 195, 94, 250, 177, 147, 125, 239, 253, 37, 175, 128, 185,
       115, 163, 241, 42, 188, 169, 155, 93, 253, 177, 203, 31, 117, 76,
       159, 172, 253, 126, 0, 221, 27, 147, 17, 178, 62, 122, 247, 79,
       87, 155, 111, 215, 12, 149, 250, 146, 14, 215, 181, 178, 170, 62,
       116, 125, 35, 82, 247, 205, 174, 176, 64, 119, 127, 46, 225, 180,
       221, 5, 206, 180, 230, 190, 132, 164, 240, 165, 133, 10, 156, 51,
       251, 119, 247, 185, 127, 31, 73, 92, 55, 188, 254, 38, 100, 221,
       59, 147, 145, 179, 152, 115, 255, 205, 119, 154, 203, 158, 12,
       181, 255, 156, 205, 106, 211, 220, 121, 231, 245, 124, 230, 247,
       155, 219, 109, 94, 9, 123, 206, 78, 251, 244, 255, 237, 238, 127,
       43, 230, 85, 101, 251, 247, 210, 174, 191, 43, 40, 244, 191, 240,
       83, 159, 236, 124, 125, 142, 220, 247, 4, 156, 56, 215, 53, 255,
       59, 32, 222, 126, 93, 37, 254, 218, 108, 94, 215, 237, 70, 237,
       247, 172, 43, 237, 152, 214, 254, 179, 244, 211, 101, 221, 107,
       77, 68, 124, 46, 233, 244, 109, 10, 196, 139, 245, 148, 205, 249,
       84, 112, 109, 142, 173, 241, 172, 46, 205, 155, 154, 255, 63, 84,
       211, 63, 91, 106, 197, 70, 125, 28, 153, 80, 251, 32, 205, 255,
       255, 244, 136, 249, 209, 115, 239, 207, 196, 155, 245, 50, 254,
       167, 29, 31, 91, 183, 104, 104, 191, 205, 251, 199, 183, 119, 244,
       220, 77, 238, 62, 126, 223, 195, 175, 127, 249, 87, 121, 177, 44,
       125, 9, 221, 65, 41, 134, 117, 164, 13, 179, 198, 74, 91, 216, 9,
       104, 4, 15, 75, 243, 21, 201, 211, 219, 124, 88, 8, 15, 122, 44,
       60, 231, 215, 198, 107, 103, 214, 119, 227, 126, 114, 211, 53,
       197, 46, 121, 254, 55, 24, 57, 252, 113, 234, 207, 207, 247, 0,
       239, 121, 208, 170, 207, 135, 253, 89, 168, 80, 93, 189, 239, 123,
       191, 176, 221, 127, 222, 123, 199, 23, 125, 168, 247, 68, 239,
       211, 110, 251, 127, 222, 150, 208, 165, 101, 3, 250, 138, 155,
       214, 133, 170, 214, 30, 67, 88, 231, 164, 234, 180, 128, 255, 43,
       3, 149, 151, 184, 30, 247, 44, 6, 62, 224, 29, 24, 169, 157, 60,
       233, 66, 161, 245, 219, 126, 245, 61, 132, 122, 131, 11, 207, 34,
       144, 250, 252, 135, 98, 76, 186, 8, 168, 190, 205, 37, 5, 99, 190,
       238, 154, 29, 91, 222, 21, 50, 218, 51, 48, 60, 236, 86, 230, 93,
       182, 163, 213, 38, 108, 164, 66, 129, 216, 37, 108, 204, 163, 103,
       129, 46, 165, 13, 113, 205, 171, 49, 129, 236, 173, 249, 242, 175,
       249, 178, 95, 158, 138, 208, 139, 175, 131, 94, 93, 147, 123, 227,
       208, 156, 25, 107, 252, 76, 141, 65, 241, 16, 153, 63, 126, 195,
       204, 53, 119, 172, 65, 110, 1, 62, 183, 32, 50, 166, 51, 123, 12,
       19, 153, 50, 109, 247, 191, 82, 2, 64, 2, 167, 251, 219, 81, 101,
       69, 98, 26, 109, 53, 105, 194, 22, 230, 249, 14, 151, 247, 38,
       213, 253, 239, 225, 212, 101, 200, 38, 123, 238, 128, 47, 180, 25,
       125, 97, 89, 189, 101, 96, 79, 103, 180, 110, 232, 110, 72, 182,
       53, 17, 50, 132, 124, 123, 78, 193, 184, 241, 56, 229, 186, 101,
       16, 192, 187, 195, 249, 57, 77, 107, 237, 84, 199, 255, 118, 212,
       64, 254, 2, 113, 251, 48, 96, 120, 170, 23, 232, 105, 187, 48,
       159, 115, 239, 163, 0, 61, 186, 120, 130, 64, 189, 63, 252, 144,
       172, 113, 55, 168, 31, 74, 0, 180, 183, 0, 115, 161, 63, 121, 0,
       82, 217, 178, 77, 241, 187, 18, 66, 0, 64, 167, 107, 237, 109,
       153, 237, 184, 47, 79, 58, 18, 170, 45, 72, 215, 51, 65, 48, 17,
       92, 120, 106, 40, 116, 249, 31, 237, 159, 37, 52, 80, 251, 194,
       32, 16, 130, 207, 229, 50, 11, 233, 56, 62, 96, 114, 226, 221,
       103, 144, 97, 54, 149, 110, 172, 128, 208, 37, 92, 204, 227, 107,
       128, 37, 168, 5, 177, 177, 246, 234, 167, 38, 26, 119, 117, 113,
       238, 247, 247, 99, 9, 138, 16, 122, 204, 134, 207, 236, 246, 221,
       171, 246, 229, 246, 129, 111, 254, 250, 215, 65, 185, 23, 91, 136,
       236, 33, 151, 238, 81, 34, 80, 182, 146, 200, 126, 1, 54, 104, 24,
       19, 105, 183, 113, 13, 174, 48, 64, 200, 0, 195, 44, 61, 95, 123,
       98, 116, 79, 223, 216, 85, 232, 253, 110, 115, 93, 191, 32, 126,
       217, 23, 251, 201, 179, 109, 174, 123, 205, 37, 180, 117, 187,
       116, 243, 55, 158, 196, 158, 181, 55, 159, 234, 27, 191, 153, 143,
       108, 234, 63, 133, 221, 239, 165, 167, 62, 195, 90, 255, 184, 22,
       207, 191, 159, 127, 121, 215, 76, 52, 149, 119, 140, 47, 165, 56,
       230, 178, 171, 68, 215, 113, 9, 11, 137, 100, 104, 58, 105, 224,
       217, 8, 205, 175, 119, 20, 200, 123, 67, 178, 130, 184, 189, 184,
       203, 229, 177, 87, 154, 91, 16, 27, 188, 191, 96, 43, 141, 59,
       243, 17, 51, 79, 146, 211, 77, 18, 218, 234, 152, 72, 151, 187,
       34, 169, 18, 152, 221, 221, 244, 71, 191, 1, 248, 24, 174, 216,
       52, 144, 217, 187, 147, 1, 94, 59, 210, 243, 55, 84, 154, 107, 82,
       12, 254, 142, 26, 143, 110, 14, 114, 210, 238, 117, 165, 76, 254,
       227, 107, 108, 182, 84, 126, 244, 135, 229, 220, 187, 45, 253, 58,
       101, 167, 193, 119, 174, 252, 221, 65, 16, 191, 117, 1, 94, 113,
       51, 125, 233, 230, 20, 151, 61, 4, 107, 132, 52, 104, 8, 169, 252,
       241, 12, 207, 255, 80, 16, 200, 136, 64, 122, 216, 88, 22, 188,
       45, 90, 84, 36, 169, 94, 166, 63, 110, 22, 35, 223, 224, 229, 236,
       103, 108, 199, 163, 205, 176, 242, 74, 19, 2, 60, 45, 95, 254,
       240, 182, 186, 13, 221, 86, 204, 159, 190, 144, 27, 14, 223, 106,
       159, 233, 241, 255, 67, 46, 103, 218, 241, 155, 210, 205, 63, 50,
       93, 172, 86, 202, 166, 180, 147, 189, 249, 112, 143, 255, 127,
       161, 25, 142, 170, 78, 159, 131, 3, 238, 20, 54, 109, 251, 211,
       143, 214, 23, 119, 210, 76, 143, 70, 95, 121, 59, 100, 19, 223,
       91, 240, 105, 224, 230, 12, 30, 158, 3, 116, 166, 253, 92, 78,
       201, 187, 176, 236, 243, 221, 3, 18, 106, 51, 3, 126, 14, 222,
       134, 151, 215, 50, 191, 166, 31, 31, 94, 183, 236, 106, 63, 205,
       241, 79, 163, 215, 118, 216, 89, 231, 46, 54, 223, 195, 142, 127,
       189, 223, 227, 180, 245, 243, 252, 127, 253, 191, 63, 123, 189,
       190, 220, 63, 220, 244, 255, 159, 255, 157, 243, 126, 105, 215,
       254, 95, 255, 246, 151, 204, 215, 255, 117, 143, 109, 111, 52, 42,
       79, 184, 97, 200, 254, 236, 115, 97, 153, 114, 22, 198, 76, 110,
       169, 176, 109, 47, 232, 237, 33, 192, 109, 163, 82, 33, 15, 236,
       132, 151, 213, 154, 190, 172, 63, 215, 90, 135, 236, 104, 95, 207,
       243, 107, 179, 215, 166, 220, 79, 255, 44, 54, 223, 199, 142, 127,
