%YAML:1.0
---
descriptors: !!opencv-matrix
   rows: 200
   cols: 32
   dt: u
   data: [ 40, 78, 123, 109, 100, 207, 111, 115, 101, 132, 110, 0, 179,
       133, 48, 112, 124, 56, 98, 8, 200, 184, 49, 12, 103, 253, 18, 0,
       66, 170, 70, 168, 208, 249, 157, 235, 26, 205, 19, 132, 174, 125,
       130, 41, 183, 151, 64, 82, 132, 117, 109, 80, 75, 13, 251, 51,
       249, 165, 47, 123, 16, 2, 5, 123, 34, 169, 209, 242, 253, 237,
       240, 207, 31, 45, 120, 9, 46, 156, 100, 16, 201, 155, 130, 16, 18,
       58, 90, 243, 29, 212, 17, 123, 209, 8, 198, 142, 40, 201, 79, 123,
       89, 199, 114, 244, 132, 9, 124, 1, 113, 215, 34, 144, 88, 234,
       147, 218, 70, 187, 10, 61, 111, 143, 164, 65, 115, 154, 238, 202,
       80, 176, 30, 186, 59, 236, 81, 77, 175, 29, 161, 25, 126, 223,
       106, 82, 167, 19, 108, 16, 30, 15, 178, 17, 211, 241, 18, 123,
       144, 2, 167, 75, 101, 224, 250, 74, 77, 61, 82, 200, 235, 23, 173,
       13, 74, 200, 127, 26, 185, 193, 106, 126, 150, 39, 190, 115, 27,
       28, 65, 127, 211, 23, 106, 70, 240, 205, 21, 222, 25, 203, 71,
       168, 135, 180, 138, 8, 102, 117, 33, 87, 128, 242, 105, 98, 104,
       11, 107, 61, 177, 178, 69, 59, 16, 58, 68, 106, 0, 142, 220, 155,
       250, 169, 40, 175, 62, 19, 64, 245, 189, 162, 160, 64, 71, 27,
       162, 128, 51, 88, 199, 119, 12, 166, 62, 232, 28, 128, 137, 153,
       219, 76, 3, 189, 19, 114, 106, 98, 53, 66, 194, 215, 45, 30, 179,
       245, 230, 173, 29, 231, 237, 159, 37, 238, 176, 96, 138, 130, 47,
       53, 35, 92, 2, 170, 141, 187, 248, 137, 168, 143, 158, 17, 80,
       245, 164, 135, 232, 200, 207, 11, 43, 21, 50, 88, 66, 247, 12, 22,
       190, 232, 156, 136, 137, 153, 243, 73, 71, 205, 15, 18, 78, 32,
       229, 130, 242, 66, 67, 10, 181, 247, 120, 228, 108, 234, 109, 229,
       101, 204, 178, 234, 195, 20, 39, 185, 112, 36, 20, 7, 171, 173,
       146, 98, 173, 71, 52, 197, 219, 179, 85, 231, 40, 72, 122, 253,
       21, 177, 24, 145, 0, 10, 249, 167, 174, 197, 165, 114, 165, 242,
       119, 239, 201, 134, 254, 3, 206, 236, 18, 162, 152, 202, 113, 104,
       148, 0, 91, 197, 87, 239, 168, 227, 205, 174, 56, 14, 175, 180,
       237, 251, 82, 32, 134, 161, 148, 147, 253, 237, 176, 239, 30, 53,
       17, 27, 204, 248, 76, 12, 187, 11, 234, 16, 54, 120, 219, 215, 13,
       22, 31, 119, 144, 12, 133, 134, 164, 69, 254, 252, 253, 155, 214,
       236, 223, 134, 249, 1, 238, 249, 45, 65, 210, 121, 239, 98, 96,
       231, 74, 159, 227, 255, 71, 27, 86, 251, 253, 131, 70, 237, 144,
       190, 159, 161, 190, 172, 187, 178, 8, 10, 237, 234, 92, 198, 179,
       239, 121, 211, 98, 64, 218, 243, 173, 86, 207, 255, 132, 119, 3,
       4, 86, 237, 148, 147, 149, 224, 166, 134, 59, 51, 203, 19, 228,
       226, 76, 78, 225, 207, 40, 211, 62, 216, 219, 227, 189, 54, 223,
       71, 128, 87, 181, 6, 161, 232, 91, 106, 84, 207, 99, 244, 116, 64,
       101, 8, 51, 209, 48, 49, 24, 168, 66, 106, 105, 182, 56, 63, 99,
       137, 0, 40, 115, 155, 66, 170, 40, 13, 85, 101, 116, 15, 111, 55,
       124, 138, 122, 64, 183, 49, 128, 16, 16, 62, 70, 44, 97, 184, 81,
       15, 101, 190, 32, 0, 66, 168, 66, 168, 247, 239, 206, 78, 222, 39,
       79, 252, 195, 170, 153, 110, 83, 224, 249, 51, 89, 214, 93, 234,
       232, 67, 142, 62, 248, 142, 165, 188, 125, 251, 242, 1, 98, 167,
       245, 90, 201, 244, 41, 207, 187, 23, 105, 216, 40, 231, 204, 253,
       69, 154, 227, 152, 19, 74, 234, 209, 15, 186, 214, 106, 146, 192,
       230, 236, 119, 199, 195, 198, 246, 3, 142, 232, 26, 162, 152, 235,
       121, 110, 148, 0, 127, 213, 117, 231, 40, 67, 77, 254, 184, 46,
       239, 188, 173, 227, 50, 32, 244, 160, 212, 170, 141, 37, 82, 201,
       67, 53, 161, 25, 71, 73, 74, 26, 217, 128, 232, 50, 30, 99, 219,
       145, 155, 208, 65, 127, 243, 111, 238, 2, 97, 97, 31, 164, 44, 15,
       103, 44, 109, 168, 242, 72, 215, 115, 129, 116, 150, 197, 124,
       110, 65, 243, 233, 76, 177, 186, 103, 54, 64, 178, 67, 41, 50,
       137, 24, 174, 25, 201, 16, 103, 143, 5, 236, 1, 174, 183, 34, 212,
       192, 51, 203, 0, 86, 11, 66, 253, 251, 245, 26, 27, 18, 14, 173,
       138, 82, 137, 58, 108, 25, 220, 23, 231, 174, 12, 236, 9, 166,
       191, 38, 80, 192, 179, 237, 64, 74, 41, 18, 61, 251, 245, 6, 27,
       80, 2, 135, 42, 190, 93, 80, 163, 213, 116, 190, 231, 57, 79, 187,
       19, 138, 62, 15, 221, 237, 211, 207, 179, 124, 191, 89, 226, 183,
       223, 222, 19, 195, 95, 239, 214, 37, 160, 73, 129, 212, 137, 224,
       73, 86, 49, 113, 90, 145, 65, 200, 16, 89, 136, 2, 24, 18, 58, 73,
       151, 92, 13, 161, 108, 245, 138, 210, 160, 40, 249, 208, 97, 253,
       205, 240, 205, 75, 57, 112, 43, 42, 153, 100, 136, 152, 27, 130,
       80, 22, 58, 82, 177, 15, 221, 21, 111, 209, 10, 206, 139, 2, 157,
       191, 180, 195, 194, 52, 247, 185, 211, 72, 181, 188, 191, 34, 27,
       167, 251, 147, 129, 117, 218, 18, 111, 253, 51, 95, 3, 168, 112,
       175, 219, 208, 176, 191, 184, 11, 232, 17, 79, 174, 23, 130, 57,
       190, 159, 66, 91, 167, 151, 237, 145, 26, 79, 178, 81, 217, 225,
       90, 123, 160, 0, 167, 75, 5, 223, 157, 91, 224, 47, 175, 183, 126,
       107, 126, 244, 212, 39, 137, 61, 95, 95, 38, 138, 177, 248, 73,
       114, 44, 158, 119, 132, 216, 241, 139, 185, 198, 168, 209, 81,
       224, 201, 168, 130, 170, 243, 32, 88, 150, 31, 69, 59, 163, 85,
       88, 25, 51, 108, 194, 64, 141, 24, 95, 124, 196, 0, 3, 160, 188,
       98, 208, 96, 157, 47, 82, 88, 75, 160, 189, 78, 14, 153, 77, 158,
       184, 140, 69, 122, 10, 103, 217, 130, 155, 216, 5, 126, 227, 63,
       90, 130, 80, 40, 10, 168, 25, 193, 16, 64, 166, 0, 194, 9, 135,
       130, 32, 80, 232, 173, 105, 209, 12, 11, 194, 24, 209, 160, 139,
       61, 32, 32, 33, 2, 82, 29, 58, 186, 179, 241, 156, 71, 189, 6,
       180, 187, 44, 254, 39, 89, 239, 187, 143, 129, 52, 11, 2, 250,
       179, 215, 94, 187, 147, 84, 175, 95, 9, 13, 23, 69, 53, 142, 100,
       55, 109, 136, 126, 64, 190, 51, 128, 180, 0, 38, 70, 40, 113, 184,
       81, 79, 165, 254, 32, 0, 74, 200, 195, 169, 217, 93, 87, 237, 18,
       66, 119, 245, 101, 64, 206, 70, 127, 51, 161, 245, 114, 244, 60,
       234, 105, 137, 49, 253, 177, 235, 70, 2, 63, 50, 33, 43, 54, 167,
       197, 158, 220, 3, 206, 232, 83, 162, 185, 202, 67, 104, 156, 1,
       89, 198, 37, 235, 104, 226, 207, 191, 184, 6, 237, 244, 253, 122,
       242, 0, 164, 69, 214, 254, 253, 11, 158, 232, 159, 130, 249, 9,
       206, 233, 45, 65, 211, 121, 111, 98, 100, 103, 10, 223, 179, 254,
       71, 63, 84, 250, 41, 131, 104, 156, 56, 191, 57, 205, 149, 174,
       158, 91, 56, 41, 190, 188, 1, 64, 133, 115, 239, 65, 66, 40, 82,
       53, 229, 247, 120, 58, 80, 9, 5, 27, 84, 99, 31, 238, 56, 138,
       111, 56, 239, 140, 255, 8, 255, 227, 136, 116, 178, 245, 108, 106,
       24, 65, 235, 92, 177, 246, 35, 24, 0, 163, 7, 33, 209, 74, 71,
       221, 12, 10, 237, 32, 237, 130, 242, 226, 99, 2, 181, 127, 106,
       228, 110, 234, 232, 231, 37, 236, 180, 170, 226, 16, 101, 185,
       112, 44, 2, 162, 28, 153, 252, 169, 168, 143, 30, 49, 16, 221,
       180, 130, 200, 72, 207, 11, 75, 29, 19, 72, 207, 209, 12, 16, 190,
       252, 156, 136, 137, 152, 80, 73, 22, 190, 13, 68, 68, 33, 237, 26,
       130, 2, 246, 210, 33, 75, 232, 165, 108, 227, 72, 103, 19, 205,
       145, 178, 218, 27, 16, 40, 113, 42, 125, 117, 57, 238, 189, 79,
       86, 248, 111, 232, 253, 76, 223, 125, 9, 176, 220, 213, 124, 106,
       137, 35, 251, 158, 251, 253, 37, 62, 74, 59, 66, 51, 222, 145, 50,
       186, 155, 196, 19, 73, 191, 93, 131, 17, 236, 222, 110, 80, 182,
       19, 249, 81, 54, 7, 186, 243, 219, 245, 10, 91, 18, 7, 165, 87,
       16, 226, 234, 161, 54, 2, 171, 254, 50, 165, 210, 231, 145, 15,
       218, 64, 127, 205, 21, 221, 202, 158, 133, 38, 232, 165, 190, 196,
       165, 144, 53, 201, 64, 10, 222, 212, 100, 42, 105, 2, 232, 134,
       246, 160, 181, 163, 247, 90, 98, 165, 108, 136, 0, 213, 133, 72,
