%YAML:1.0
---
descriptors: !!opencv-matrix
   rows: 257
   cols: 32
   dt: u
   data: [ 120, 93, 62, 108, 25, 246, 87, 48, 228, 0, 238, 4, 115, 115,
       32, 113, 80, 246, 236, 234, 104, 139, 49, 61, 243, 235, 128, 17,
       58, 226, 108, 58, 96, 111, 127, 78, 252, 192, 87, 183, 232, 140,
       186, 104, 242, 249, 133, 50, 202, 118, 109, 32, 76, 43, 226, 63,
       106, 52, 165, 155, 68, 114, 214, 75, 203, 168, 244, 223, 47, 176,
       57, 143, 142, 211, 132, 146, 253, 223, 250, 235, 71, 83, 251, 157,
       182, 77, 239, 241, 207, 123, 223, 253, 150, 164, 177, 108, 213,
       95, 78, 167, 36, 2, 79, 188, 100, 226, 214, 231, 115, 107, 155,
       99, 126, 228, 61, 239, 237, 149, 93, 46, 240, 171, 239, 132, 45,
       187, 120, 17, 113, 29, 122, 70, 214, 158, 87, 101, 101, 228, 239,
       6, 115, 40, 54, 116, 124, 166, 72, 44, 205, 185, 53, 12, 115, 44,
       4, 0, 105, 162, 234, 124, 219, 186, 154, 184, 235, 245, 57, 87,
       190, 127, 246, 181, 188, 182, 226, 255, 231, 191, 238, 148, 151,
       79, 179, 243, 223, 241, 122, 235, 154, 68, 175, 255, 77, 30, 158,
       181, 236, 180, 168, 19, 170, 155, 94, 112, 156, 179, 193, 234,
       205, 127, 126, 152, 149, 220, 194, 96, 76, 179, 254, 136, 136, 97,
       41, 161, 253, 96, 233, 98, 140, 71, 79, 216, 66, 246, 181, 10, 83,
       73, 217, 58, 89, 196, 124, 122, 203, 102, 255, 48, 251, 201, 229,
       60, 247, 251, 86, 96, 72, 20, 149, 245, 168, 46, 61, 63, 174, 155,
       26, 96, 252, 51, 0, 75, 165, 23, 127, 0, 17, 200, 83, 65, 205,
       175, 122, 128, 128, 64, 1, 43, 243, 65, 102, 172, 15, 82, 78, 105,
       229, 130, 163, 2, 67, 106, 53, 247, 120, 228, 124, 239, 108, 167,
       29, 141, 179, 234, 195, 21, 39, 62, 120, 4, 24, 221, 83, 239, 178,
       194, 62, 231, 52, 1, 202, 226, 127, 115, 160, 224, 119, 255, 26,
       168, 113, 153, 29, 127, 184, 166, 38, 64, 189, 154, 161, 56, 2,
       190, 0, 155, 119, 177, 186, 199, 30, 5, 88, 167, 172, 236, 118,
       132, 255, 43, 131, 5, 182, 152, 94, 247, 12, 86, 154, 171, 156,
       12, 57, 223, 216, 249, 187, 226, 57, 204, 19, 148, 174, 105, 130,
       24, 191, 151, 64, 114, 166, 117, 125, 80, 115, 13, 178, 51, 249,
       229, 46, 120, 0, 2, 133, 59, 53, 143, 115, 79, 246, 91, 239, 253,
       85, 224, 122, 70, 115, 97, 189, 228, 126, 238, 22, 238, 217, 186,
       45, 255, 60, 236, 167, 196, 119, 251, 240, 233, 149, 223, 111,
       167, 182, 2, 111, 252, 36, 172, 218, 231, 113, 99, 184, 65, 126,
       228, 29, 238, 232, 145, 45, 45, 240, 170, 175, 128, 45, 178, 176,
       121, 1, 216, 57, 249, 124, 141, 133, 190, 30, 61, 92, 56, 182,
       149, 72, 32, 133, 26, 50, 8, 3, 56, 123, 55, 237, 150, 52, 120,
       80, 24, 133, 233, 244, 96, 199, 116, 9, 66, 68, 68, 225, 242, 162,
       24, 98, 219, 69, 155, 232, 244, 104, 226, 105, 71, 147, 72, 147,
       226, 197, 27, 105, 113, 102, 6, 244, 98, 216, 99, 168, 47, 82,
       200, 40, 186, 179, 9, 87, 76, 89, 27, 186, 213, 108, 118, 12, 119,
       201, 0, 219, 201, 101, 53, 225, 115, 78, 3, 1, 170, 145, 153, 188,
       173, 97, 159, 94, 89, 112, 84, 180, 130, 224, 104, 201, 10, 34,
       28, 151, 120, 98, 177, 140, 152, 54, 104, 152, 8, 129, 205, 73,
       176, 188, 81, 172, 124, 253, 159, 106, 127, 54, 20, 152, 61, 222,
       107, 5, 86, 125, 24, 146, 104, 251, 64, 79, 187, 119, 92, 196,
       192, 197, 121, 64, 188, 190, 180, 251, 204, 181, 239, 251, 219,
       58, 25, 254, 249, 98, 2, 167, 119, 234, 17, 118, 105, 154, 119,
       253, 54, 95, 111, 200, 96, 165, 203, 117, 101, 239, 78, 142, 71,
       71, 236, 194, 242, 173, 10, 82, 245, 121, 51, 57, 212, 64, 234,
       73, 99, 190, 56, 249, 136, 229, 60, 113, 251, 246, 96, 70, 36,
       209, 3, 248, 106, 233, 8, 106, 183, 41, 24, 212, 102, 93, 58, 51,
       221, 106, 57, 19, 112, 233, 64, 141, 16, 15, 116, 196, 99, 7, 224,
       169, 52, 121, 101, 116, 111, 99, 59, 117, 174, 126, 24, 243, 53,
       144, 49, 121, 252, 70, 40, 233, 252, 241, 14, 111, 239, 117, 0,
       99, 232, 70, 168, 62, 105, 232, 46, 127, 49, 218, 200, 67, 96,
       249, 143, 107, 200, 95, 128, 250, 201, 151, 215, 142, 51, 95, 185,
       82, 77, 137, 61, 253, 63, 90, 130, 13, 177, 146, 241, 165, 180,
       48, 19, 54, 137, 95, 116, 157, 179, 192, 236, 215, 62, 180, 16,
       23, 216, 243, 130, 142, 253, 190, 195, 138, 68, 185, 167, 25, 249,
       2, 175, 19, 214, 15, 245, 32, 68, 207, 132, 63, 199, 2, 208, 118,
       111, 204, 206, 75, 154, 184, 45, 224, 229, 46, 0, 42, 150, 174,
       248, 41, 233, 113, 97, 116, 143, 105, 22, 105, 8, 124, 104, 191,
       1, 144, 52, 138, 12, 70, 124, 203, 184, 225, 29, 238, 253, 32, 64,
       66, 128, 66, 169, 0, 160, 17, 144, 201, 205, 176, 203, 206, 57,
       33, 25, 140, 210, 104, 8, 137, 27, 226, 16, 18, 43, 138, 215, 29,
       148, 31, 111, 208, 8, 133, 130, 116, 160, 232, 234, 221, 101, 82,
       200, 67, 61, 189, 27, 67, 121, 88, 24, 217, 216, 77, 250, 26, 35,
       203, 145, 219, 205, 161, 125, 243, 139, 246, 2, 42, 115, 234, 68,
       100, 18, 246, 93, 105, 142, 240, 110, 32, 216, 245, 138, 252, 253,
       135, 227, 200, 243, 128, 200, 114, 125, 167, 175, 77, 58, 126,
       159, 237, 181, 72, 3, 223, 12, 111, 185, 96, 224, 175, 78, 81,
       113, 91, 50, 56, 198, 90, 254, 211, 34, 221, 127, 125, 44, 133,
       124, 107, 162, 210, 16, 45, 253, 145, 95, 240, 191, 111, 191, 62,
       239, 110, 68, 244, 247, 201, 244, 213, 110, 54, 28, 211, 152, 251,
       51, 45, 191, 183, 244, 218, 242, 194, 249, 173, 232, 89, 115, 100,
       30, 104, 145, 112, 90, 117, 84, 145, 18, 217, 249, 88, 140, 22,
       78, 229, 246, 244, 0, 70, 169, 118, 36, 105, 176, 106, 136, 24,
       237, 159, 103, 176, 238, 70, 167, 101, 1, 174, 0, 247, 115, 0, 48,
       177, 114, 76, 8, 59, 169, 9, 47, 233, 255, 20, 80, 224, 210, 193,
       42, 33, 153, 185, 251, 188, 141, 67, 183, 86, 13, 92, 68, 183,
       209, 32, 96, 204, 58, 22, 88, 27, 168, 123, 63, 237, 173, 36, 120,
       16, 138, 212, 233, 216, 56, 61, 96, 9, 76, 81, 18, 229, 24, 166,
       12, 31, 23, 0, 59, 132, 17, 108, 8, 1, 37, 51, 0, 195, 201, 96,
       12, 98, 128, 102, 51, 120, 77, 23, 236, 29, 214, 84, 167, 197,
       192, 138, 1, 123, 55, 33, 243, 192, 244, 233, 224, 105, 139, 17,
       140, 243, 243, 196, 19, 50, 60, 124, 26, 213, 104, 147, 118, 9,
       13, 70, 160, 249, 178, 163, 88, 246, 209, 73, 127, 129, 124, 104,
       74, 105, 101, 154, 34, 145, 186, 69, 56, 64, 59, 67, 34, 9, 163,
       145, 137, 221, 249, 96, 143, 78, 117, 41, 24, 135, 128, 74, 164,
       25, 10, 162, 24, 23, 56, 127, 147, 15, 212, 21, 117, 210, 14, 220,
       196, 24, 143, 30, 233, 149, 231, 66, 103, 36, 8, 234, 66, 99, 49,
       32, 193, 120, 170, 78, 248, 56, 187, 1, 61, 249, 193, 134, 81,
       105, 74, 232, 10, 32, 244, 61, 251, 252, 77, 149, 175, 31, 127,
       56, 24, 150, 61, 76, 49, 153, 27, 83, 0, 51, 40, 123, 23, 109,
       158, 20, 118, 208, 72, 197, 251, 56, 182, 146, 170, 213, 163, 178,
       79, 22, 3, 232, 97, 34, 243, 32, 208, 249, 170, 130, 16, 26, 187,
       144, 63, 248, 229, 146, 67, 153, 74, 254, 138, 24, 155, 120, 105,
       50, 143, 67, 191, 118, 45, 238, 32, 115, 19, 160, 112, 86, 22, 12,
       88, 26, 152, 97, 61, 233, 175, 48, 80, 48, 138, 68, 41, 12, 180,
       152, 51, 189, 109, 144, 139, 94, 57, 57, 56, 158, 28, 72, 10, 135,
       27, 206, 17, 18, 108, 219, 19, 141, 213, 49, 127, 208, 73, 7, 147,
       242, 65, 71, 172, 15, 66, 70, 40, 225, 134, 226, 3, 67, 10, 53,
       87, 232, 196, 108, 227, 108, 231, 197, 140, 177, 234, 194, 23, 37,
       48, 116, 6, 31, 193, 87, 231, 162, 11, 63, 224, 61, 160, 107, 128,
       221, 39, 8, 245, 54, 93, 123, 110, 65, 144, 29, 204, 252, 254, 79,
       70, 38, 163, 3, 160, 8, 148, 151, 255, 162, 234, 53, 55, 172, 27,
       91, 96, 253, 55, 0, 75, 167, 55, 191, 0, 17, 216, 75, 77, 205,
       246, 122, 130, 138, 66, 133, 59, 10, 168, 0, 187, 95, 181, 184,
       207, 30, 85, 80, 151, 173, 204, 122, 136, 255, 43, 147, 149, 54,
