%YAML:1.0
---
descriptors: !!opencv-matrix
   rows: 389
   cols: 32
   dt: u
   data: [ 19, 20, 207, 252, 148, 166, 105, 87, 116, 11, 83, 86, 89, 211,
       184, 104, 121, 173, 55, 188, 185, 211, 17, 206, 208, 175, 250,
       196, 173, 209, 225, 33, 180, 70, 211, 252, 150, 226, 224, 85, 212,
       3, 211, 50, 81, 221, 184, 104, 121, 188, 2, 177, 57, 183, 0, 158,
       209, 238, 146, 64, 181, 153, 240, 176, 17, 166, 203, 225, 22, 171,
       233, 87, 116, 1, 122, 246, 25, 9, 208, 104, 107, 138, 2, 156, 147,
       188, 5, 198, 220, 143, 146, 68, 237, 200, 241, 168, 72, 249, 187,
       126, 123, 204, 51, 220, 234, 89, 105, 40, 188, 214, 101, 114, 166,
       121, 252, 80, 3, 11, 186, 117, 117, 253, 46, 58, 88, 18, 39, 155,
       116, 225, 88, 104, 152, 77, 86, 153, 35, 48, 172, 9, 83, 83, 75,
       18, 24, 196, 76, 120, 90, 34, 217, 17, 251, 201, 37, 125, 243,
       179, 202, 2, 20, 104, 189, 113, 16, 239, 121, 19, 102, 109, 255,
       16, 151, 31, 1, 104, 167, 189, 78, 24, 10, 180, 113, 20, 197, 197,
       50, 69, 240, 129, 5, 114, 162, 64, 38, 137, 77, 67, 176, 72, 12,
       150, 113, 19, 140, 152, 117, 207, 200, 25, 147, 99, 64, 246, 82,
       192, 21, 16, 218, 15, 85, 61, 125, 134, 130, 64, 22, 153, 77, 215,
       176, 72, 158, 20, 81, 2, 204, 210, 41, 205, 216, 57, 163, 65, 6,
       244, 82, 208, 5, 16, 203, 43, 18, 45, 61, 134, 189, 70, 237, 87,
       134, 51, 207, 248, 86, 242, 149, 246, 81, 109, 221, 175, 127, 204,
       54, 239, 233, 118, 109, 186, 102, 11, 229, 164, 255, 251, 112,
       240, 56, 107, 72, 161, 24, 137, 75, 69, 39, 36, 172, 9, 35, 131,
       66, 16, 120, 160, 77, 88, 90, 11, 192, 48, 254, 205, 164, 121, 97,
       138, 198, 136, 112, 171, 140, 165, 172, 137, 84, 141, 98, 189,
       142, 169, 199, 161, 82, 26, 32, 206, 236, 85, 30, 75, 207, 36,
       218, 231, 245, 123, 160, 10, 158, 14, 73, 134, 132, 25, 168, 56,
       176, 15, 172, 25, 186, 228, 203, 162, 198, 207, 75, 70, 236, 28,
       28, 233, 199, 0, 140, 243, 122, 215, 203, 198, 169, 5, 82, 166,
       142, 52, 184, 58, 192, 14, 231, 183, 146, 239, 194, 232, 214, 203,
       163, 199, 236, 21, 140, 235, 207, 32, 154, 115, 125, 191, 204,
       238, 9, 30, 51, 198, 75, 233, 22, 147, 236, 95, 87, 75, 222, 242,
       17, 138, 176, 96, 127, 136, 22, 189, 223, 191, 36, 214, 242, 207,
       190, 196, 61, 136, 184, 145, 211, 151, 107, 168, 242, 34, 185,
       251, 137, 121, 92, 255, 93, 62, 188, 97, 127, 151, 151, 165, 177,
       27, 164, 215, 126, 109, 234, 230, 61, 196, 163, 241, 124, 34, 192,
       237, 53, 15, 64, 152, 37, 160, 226, 77, 203, 105, 25, 16, 152,
       140, 77, 100, 92, 178, 209, 136, 198, 253, 4, 49, 138, 172, 90, 2,
       241, 31, 69, 237, 46, 2, 77, 118, 68, 234, 218, 230, 51, 33, 177,
       99, 110, 230, 63, 236, 233, 187, 101, 172, 240, 170, 230, 144, 61,
       248, 112, 41, 14, 141, 48, 139, 245, 183, 190, 237, 31, 13, 91, 3,
       204, 126, 47, 196, 215, 91, 131, 242, 22, 152, 105, 253, 45, 22,
       142, 199, 150, 95, 181, 199, 81, 38, 140, 181, 12, 59, 104, 3,
       230, 173, 154, 223, 195, 40, 214, 218, 32, 230, 108, 13, 156, 193,
       197, 5, 158, 195, 245, 177, 44, 232, 216, 5, 215, 146, 164, 31,
       140, 20, 204, 188, 139, 255, 148, 255, 72, 236, 223, 111, 37, 196,
       253, 191, 252, 69, 239, 240, 26, 50, 221, 254, 191, 245, 154, 84,
       66, 197, 176, 139, 221, 249, 176, 143, 143, 61, 10, 3, 140, 190,
       110, 192, 193, 27, 171, 17, 22, 56, 75, 213, 45, 84, 30, 111, 144,
       78, 141, 78, 49, 79, 78, 77, 212, 6, 239, 118, 116, 128, 254, 70,
       113, 42, 183, 112, 122, 228, 38, 238, 173, 186, 101, 46, 126, 175,
       166, 0, 125, 186, 120, 140, 51, 142, 71, 204, 30, 131, 207, 119,
       22, 9, 218, 198, 113, 35, 176, 96, 126, 164, 63, 172, 217, 155,
       101, 223, 248, 174, 187, 128, 61, 170, 240, 41, 150, 221, 231,
       222, 218, 115, 143, 236, 151, 198, 156, 162, 113, 246, 237, 100,
       123, 218, 187, 226, 121, 71, 46, 254, 56, 6, 207, 191, 183, 251,
       180, 244, 89, 12, 78, 37, 48, 58, 96, 51, 117, 165, 78, 16, 227,
       35, 130, 212, 49, 174, 108, 44, 60, 216, 229, 14, 230, 239, 80,
       65, 162, 224, 72, 12, 128, 223, 27, 143, 246, 135, 175, 245, 28,
       76, 90, 230, 245, 71, 176, 64, 118, 72, 22, 239, 241, 152, 41,
       127, 100, 38, 174, 192, 28, 154, 161, 241, 49, 151, 111, 236, 62,
       147, 207, 123, 85, 232, 220, 230, 115, 232, 180, 32, 126, 168, 23,
       173, 249, 171, 37, 159, 122, 79, 171, 212, 125, 170, 240, 185,
       236, 117, 106, 226, 240, 6, 127, 216, 51, 158, 253, 141, 93, 215,
       75, 25, 63, 217, 87, 254, 106, 86, 56, 126, 251, 143, 45, 236,
       161, 243, 166, 115, 7, 47, 226, 175, 212, 180, 186, 210, 22, 197,
       92, 167, 105, 232, 191, 0, 126, 107, 151, 215, 142, 146, 4, 235,
       100, 12, 170, 137, 141, 223, 57, 220, 17, 6, 75, 225, 22, 171,
       105, 87, 84, 35, 218, 246, 19, 1, 176, 104, 121, 136, 31, 156,
       187, 188, 5, 214, 156, 142, 178, 196, 189, 200, 112, 160, 22, 88,
       82, 174, 175, 79, 222, 236, 45, 166, 241, 11, 206, 254, 45, 81,
       255, 217, 223, 227, 76, 179, 24, 236, 177, 212, 15, 55, 20, 59,
       173, 151, 72, 174, 253, 247, 226, 224, 125, 183, 58, 63, 46, 16,
       189, 55, 64, 91, 39, 127, 53, 144, 50, 88, 171, 99, 111, 239, 254,
       225, 162, 208, 135, 235, 73, 29, 22, 69, 176, 158, 102, 55, 109,
       137, 110, 64, 254, 51, 128, 244, 164, 38, 76, 40, 249, 184, 17,
       15, 162, 255, 48, 16, 74, 194, 202, 41, 25, 194, 235, 248, 52,
       130, 109, 81, 212, 71, 215, 246, 89, 199, 184, 96, 126, 168, 14,
       140, 203, 151, 36, 195, 242, 239, 186, 132, 53, 138, 240, 241,
       224, 176, 253, 52, 72, 233, 161, 3, 234, 241, 34, 25, 182, 188,
       76, 27, 137, 231, 106, 17, 19, 126, 210, 80, 93, 34, 115, 104,
       192, 8, 199, 242, 104, 213, 63, 255, 116, 204, 117, 55, 225, 77,
       110, 48, 183, 119, 10, 114, 192, 38, 125, 8, 75, 184, 241, 45,
       231, 255, 114, 0, 0, 128, 214, 107, 86, 116, 18, 138, 27, 79, 62,
       232, 175, 6, 138, 9, 142, 214, 43, 208, 254, 185, 239, 226, 108,
       7, 155, 250, 177, 144, 15, 63, 16, 55, 47, 6, 56, 208, 91, 233,
       116, 83, 103, 244, 69, 0, 116, 2, 19, 25, 176, 21, 120, 136, 6,
       234, 73, 190, 48, 189, 119, 201, 160, 68, 119, 154, 112, 168, 143,
       62, 225, 101, 226, 62, 250, 16, 121, 238, 93, 244, 217, 110, 215,
       186, 23, 125, 149, 191, 181, 212, 164, 202, 6, 95, 233, 128, 238,
       247, 83, 245, 18, 147, 79, 168, 34, 130, 61, 117, 164, 93, 215,
       247, 13, 135, 168, 64, 118, 157, 191, 132, 211, 155, 39, 213, 208,
       225, 170, 197, 61, 132, 165, 241, 49, 207, 79, 254, 190, 128, 79,
       241, 196, 80, 220, 230, 113, 235, 184, 97, 126, 226, 63, 206, 235,
       11, 46, 191, 242, 175, 238, 152, 61, 250, 240, 57, 219, 88, 110,
       205, 108, 220, 253, 119, 237, 76, 214, 163, 253, 191, 183, 98,
       230, 181, 255, 141, 192, 153, 167, 205, 214, 251, 250, 130, 47,
       172, 117, 127, 1, 74, 18, 169, 100, 140, 108, 4, 236, 16, 98, 64,
       167, 131, 113, 230, 96, 8, 10, 78, 67, 176, 195, 65, 132, 152,
       130, 8, 18, 154, 81, 136, 159, 94, 119, 223, 47, 246, 127, 208,
       253, 222, 214, 119, 108, 95, 183, 239, 231, 117, 191, 230, 229,
       197, 62, 238, 195, 251, 250, 131, 15, 245, 45, 255, 10, 188, 178,
       219, 245, 245, 190, 207, 31, 13, 124, 35, 172, 253, 126, 132, 255,
       123, 147, 145, 18, 186, 120, 255, 47, 85, 159, 235, 151, 94, 181,
       251, 133, 0, 146, 91, 52, 142, 104, 16, 126, 9, 99, 84, 215, 3,
       177, 252, 54, 12, 14, 30, 163, 180, 9, 95, 132, 190, 50, 64, 152,
       129, 107, 164, 201, 142, 144, 53, 48, 190, 96, 55, 116, 1, 110,
       80, 183, 35, 128, 244, 19, 46, 108, 12, 57, 216, 101, 15, 206,
       239, 48, 0, 170, 192, 203, 8, 35, 179, 118, 219, 116, 151, 249,
       87, 31, 73, 253, 247, 172, 159, 190, 100, 254, 187, 151, 149, 191,
       186, 96, 253, 62, 216, 186, 194, 31, 140, 240, 221, 29, 151, 91,
