%YAML:1.0
---
descriptors: !!opencv-matrix
   rows: 236
   cols: 32
   dt: u
   data: [ 208, 217, 159, 239, 24, 204, 51, 164, 174, 17, 130, 0, 245,
       247, 64, 114, 224, 117, 105, 208, 83, 9, 187, 51, 233, 165, 47,
       89, 0, 18, 165, 122, 94, 228, 145, 186, 139, 249, 20, 206, 191,
       83, 129, 81, 142, 158, 105, 216, 227, 139, 255, 23, 30, 77, 203,
       243, 155, 213, 30, 127, 146, 85, 139, 71, 60, 107, 94, 110, 73,
       130, 118, 224, 163, 132, 252, 5, 79, 203, 107, 144, 248, 253, 231,
       242, 76, 131, 10, 108, 122, 195, 39, 13, 99, 179, 106, 130, 53,
       205, 115, 207, 244, 15, 239, 252, 85, 228, 253, 74, 115, 97, 189,
       52, 122, 206, 6, 106, 217, 179, 125, 174, 123, 236, 165, 4, 247,
       251, 246, 224, 218, 60, 50, 252, 179, 225, 148, 71, 185, 2, 160,
       59, 46, 159, 37, 25, 226, 187, 159, 3, 97, 15, 16, 254, 243, 213,
       26, 59, 18, 85, 167, 11, 36, 255, 181, 95, 232, 167, 143, 190,
       118, 31, 248, 96, 241, 114, 141, 184, 221, 91, 102, 210, 251, 250,
       111, 115, 45, 182, 119, 200, 208, 243, 166, 169, 183, 100, 233,
       42, 206, 55, 206, 216, 82, 242, 145, 206, 83, 108, 221, 171, 93,
       204, 85, 255, 173, 103, 255, 176, 58, 75, 237, 188, 253, 251, 114,
       240, 61, 205, 250, 239, 246, 11, 239, 252, 119, 160, 126, 2, 115,
       121, 185, 112, 126, 254, 23, 234, 216, 178, 125, 239, 127, 172,
       165, 196, 231, 251, 240, 169, 1, 142, 85, 155, 122, 169, 172, 191,
       62, 19, 64, 244, 181, 162, 128, 196, 71, 11, 42, 136, 51, 216, 71,
       119, 12, 54, 122, 104, 156, 192, 137, 184, 212, 212, 29, 191, 168,
       106, 79, 188, 172, 18, 131, 113, 215, 115, 41, 75, 99, 213, 108,
       99, 105, 197, 91, 62, 225, 227, 111, 20, 176, 115, 5, 34, 2, 162,
       5, 185, 252, 169, 168, 143, 158, 27, 80, 245, 180, 163, 232, 200,
       207, 11, 107, 21, 51, 76, 66, 247, 12, 22, 254, 232, 156, 136,
       129, 185, 241, 64, 71, 204, 15, 82, 70, 104, 225, 130, 226, 2, 67,
       72, 53, 247, 120, 228, 108, 238, 109, 231, 245, 204, 179, 170,
       199, 20, 101, 59, 112, 4, 16, 207, 111, 163, 146, 2, 239, 246, 36,
       5, 218, 231, 149, 47, 178, 64, 126, 199, 29, 255, 216, 153, 5, 44,
       248, 164, 174, 196, 165, 147, 181, 121, 96, 197, 126, 254, 252,
       203, 94, 237, 223, 130, 252, 8, 239, 249, 60, 97, 218, 115, 127,
       106, 96, 227, 10, 191, 251, 255, 71, 27, 86, 250, 245, 163, 86,
       236, 148, 183, 133, 224, 54, 134, 59, 51, 139, 19, 228, 226, 72,
       202, 225, 207, 170, 147, 62, 92, 203, 227, 189, 54, 223, 103, 128,
       119, 169, 14, 2, 240, 48, 25, 57, 205, 144, 175, 222, 121, 176,
       25, 174, 29, 78, 4, 133, 27, 203, 1, 18, 104, 83, 183, 173, 214,
       20, 127, 88, 12, 135, 159, 188, 112, 125, 104, 72, 109, 83, 216,
       118, 60, 181, 24, 83, 87, 73, 57, 25, 216, 71, 122, 42, 103, 123,
       16, 219, 201, 33, 125, 243, 187, 70, 243, 254, 90, 255, 244, 44,
       78, 93, 16, 169, 254, 182, 63, 95, 63, 7, 91, 238, 245, 253, 226,
       104, 199, 227, 200, 211, 251, 230, 147, 37, 241, 102, 115, 92,
       209, 18, 186, 153, 140, 86, 237, 175, 25, 233, 5, 110, 219, 40,
       208, 178, 211, 239, 66, 86, 43, 26, 245, 251, 245, 6, 75, 90, 18,
       171, 3, 220, 144, 157, 246, 168, 100, 95, 153, 50, 187, 167, 57,
       87, 247, 73, 91, 213, 213, 125, 178, 56, 71, 155, 2, 219, 227,
       239, 252, 160, 227, 166, 51, 100, 91, 254, 218, 252, 179, 21, 213,
       206, 188, 191, 108, 96, 241, 229, 88, 201, 178, 142, 16, 138, 163,
       74, 124, 123, 23, 181, 147, 144, 90, 124, 47, 253, 64, 109, 103,
       36, 30, 79, 184, 84, 162, 243, 66, 83, 97, 153, 227, 122, 212,
       124, 234, 233, 246, 125, 40, 241, 235, 231, 20, 117, 251, 116, 32,
       100, 91, 191, 90, 252, 226, 193, 134, 206, 29, 184, 96, 80, 248,
       165, 120, 201, 112, 110, 81, 142, 35, 106, 52, 121, 46, 231, 223,
       208, 115, 116, 99, 119, 73, 128, 190, 88, 133, 6, 224, 139, 136,
       201, 76, 230, 194, 33, 212, 192, 233, 46, 71, 79, 3, 206, 189,
       176, 244, 143, 58, 24, 59, 41, 12, 157, 185, 146, 241, 181, 54,
       86, 159, 55, 131, 142, 112, 142, 243, 200, 172, 209, 94, 188, 24,
       59, 216, 219, 130, 170, 215, 151, 71, 138, 228, 184, 181, 196,
       173, 16, 154, 237, 249, 190, 195, 170, 22, 56, 25, 172, 226, 75,
       135, 203, 43, 194, 146, 86, 34, 210, 243, 37, 144, 78, 47, 208,
       83, 175, 142, 156, 156, 87, 247, 178, 174, 63, 51, 60, 194, 67,
       150, 253, 55, 0, 97, 55, 119, 25, 162, 49, 220, 61, 62, 237, 227,
       95, 68, 188, 225, 133, 48, 180, 107, 90, 46, 88, 128, 86, 224,
       167, 132, 232, 133, 99, 203, 35, 16, 232, 233, 227, 198, 76, 131,
       10, 44, 114, 197, 7, 11, 113, 179, 106, 130, 0, 160, 153, 249,
       124, 169, 96, 159, 94, 25, 120, 80, 183, 129, 232, 64, 195, 10,
       38, 28, 19, 56, 67, 19, 204, 157, 48, 104, 152, 136, 193, 169,
       213, 201, 110, 175, 36, 2, 111, 184, 100, 224, 215, 198, 115, 67,
       155, 97, 126, 228, 61, 239, 233, 149, 77, 109, 240, 170, 239, 128,
       45, 178, 112, 49, 32, 185, 144, 154, 121, 201, 144, 199, 155, 57,
       48, 40, 174, 158, 100, 148, 201, 187, 134, 16, 18, 42, 194, 241,
       157, 148, 17, 123, 208, 8, 135, 143, 189, 205, 127, 239, 180, 15,
       239, 248, 84, 164, 255, 66, 115, 97, 189, 97, 122, 196, 30, 234,
       233, 179, 125, 47, 253, 233, 167, 20, 117, 187, 244, 224, 27, 141,
       87, 193, 147, 246, 110, 183, 37, 137, 222, 194, 73, 39, 160, 228,
       113, 214, 156, 184, 121, 153, 21, 238, 187, 254, 134, 196, 171,
       214, 168, 60, 0, 189, 159, 188, 187, 225, 52, 231, 254, 219, 72,
       53, 188, 255, 32, 35, 167, 123, 234, 129, 55, 249, 178, 127, 253,
       39, 127, 75, 200, 96, 175, 219, 53, 108, 233, 234, 140, 71, 207,
       200, 82, 242, 173, 10, 83, 92, 121, 43, 89, 204, 16, 251, 233,
       103, 255, 48, 249, 138, 197, 60, 245, 251, 112, 224, 9, 143, 16,
       249, 182, 157, 41, 255, 94, 41, 94, 102, 189, 131, 160, 228, 55,
       43, 166, 28, 211, 152, 1, 151, 236, 205, 58, 224, 58, 136, 137,
       169, 104, 180, 253, 121, 200, 105, 113, 159, 51, 55, 164, 153,
       211, 55, 72, 27, 13, 150, 251, 16, 58, 86, 251, 19, 79, 143, 117,
       117, 226, 192, 198, 250, 11, 160, 197, 153, 218, 249, 40, 175, 54,
       113, 71, 150, 221, 102, 200, 236, 115, 10, 122, 156, 51, 88, 255,
       87, 12, 6, 159, 100, 188, 132, 153, 188, 6, 58, 142, 185, 137,
       164, 184, 2, 182, 151, 66, 149, 173, 238, 99, 74, 197, 123, 171,
       149, 22, 220, 147, 224, 205, 247, 218, 73, 136, 65, 45, 218, 3,
       162, 149, 155, 248, 169, 168, 143, 30, 49, 80, 245, 189, 130, 200,
       204, 79, 11, 106, 28, 19, 88, 207, 213, 12, 18, 254, 236, 156,
       136, 137, 184, 220, 68, 159, 174, 168, 42, 79, 184, 188, 154, 131,
       240, 215, 99, 169, 91, 55, 85, 108, 106, 41, 69, 139, 50, 192,
       243, 111, 148, 144, 243, 37, 33, 228, 197, 190, 254, 125, 11, 86,
       232, 223, 130, 248, 8, 239, 233, 56, 81, 218, 125, 107, 98, 96,
       227, 139, 191, 251, 255, 71, 29, 84, 170, 229, 130, 188, 176, 117,
       105, 73, 111, 83, 152, 39, 59, 161, 24, 95, 87, 73, 25, 153, 144,
       71, 114, 59, 102, 89, 16, 217, 218, 97, 124, 242, 43, 70, 162,
       136, 176, 189, 243, 237, 237, 185, 159, 223, 127, 53, 56, 158,
       253, 88, 43, 143, 27, 127, 25, 179, 124, 251, 209, 207, 219, 127,
       246, 214, 200, 133, 243, 140, 4, 158, 125, 232, 110, 113, 26, 252,
       26, 103, 16, 246, 115, 9, 27, 129, 118, 106, 10, 32, 229, 27, 0,
       71, 187, 112, 17, 192, 241, 79, 162, 86, 62, 19, 248, 171, 225,
       180, 231, 189, 6, 144, 179, 172, 191, 33, 73, 231, 51, 207, 129,
       112, 15, 2, 234, 177, 214, 30, 187, 144, 80, 167, 139, 181, 237,
       49, 110, 205, 109, 199, 238, 210, 250, 168, 10, 83, 248, 121, 43,
       217, 194, 80, 126, 249, 99, 250, 50, 57, 201, 69, 60, 89, 123,
       210, 160, 28, 65, 85, 229, 67, 78, 127, 36, 45, 160, 106, 128,
       223, 39, 1, 240, 54, 213, 234, 106, 65, 144, 85, 204, 231, 255,
       71, 0, 102, 178, 7, 160, 232, 172, 188, 122, 169, 249, 20, 206,
