%YAML:1.0
---
descriptors: !!opencv-matrix
   rows: 238
   cols: 32
   dt: u
   data: [ 252, 88, 255, 252, 44, 78, 93, 148, 169, 254, 182, 62, 95,
       119, 129, 123, 238, 245, 253, 226, 233, 199, 251, 232, 211, 251,
       230, 152, 35, 241, 102, 115, 28, 13, 131, 237, 149, 230, 111, 87,
       52, 203, 74, 66, 221, 103, 48, 224, 121, 255, 31, 184, 57, 152,
       17, 174, 233, 231, 190, 192, 187, 83, 161, 176, 253, 127, 229,
       110, 202, 23, 78, 248, 67, 226, 137, 238, 83, 109, 249, 179, 61,
       196, 84, 238, 201, 67, 158, 56, 250, 201, 229, 188, 127, 255, 242,
       17, 245, 65, 71, 204, 13, 18, 70, 104, 101, 130, 243, 66, 67, 8,
       181, 247, 120, 196, 108, 234, 236, 231, 109, 140, 178, 234, 195,
       20, 103, 186, 112, 36, 120, 205, 144, 188, 217, 157, 86, 238, 151,
       57, 200, 9, 175, 187, 34, 208, 193, 219, 143, 65, 78, 11, 82, 189,
       187, 213, 28, 59, 26, 92, 136, 10, 88, 132, 30, 186, 57, 237, 80,
       7, 183, 21, 231, 25, 175, 211, 42, 80, 161, 167, 237, 20, 46, 15,
       146, 23, 219, 247, 24, 91, 58, 4, 42, 10, 116, 34, 169, 98, 172,
       46, 250, 72, 42, 187, 179, 25, 215, 108, 89, 26, 189, 221, 125,
       51, 140, 115, 217, 0, 217, 201, 105, 53, 193, 115, 95, 130, 1,
       171, 153, 185, 44, 169, 105, 159, 95, 25, 120, 80, 183, 130, 232,
       96, 195, 10, 38, 28, 22, 56, 66, 49, 204, 220, 48, 104, 144, 136,
       129, 137, 60, 73, 94, 110, 9, 130, 118, 240, 165, 132, 238, 1,
       123, 219, 33, 82, 88, 244, 235, 226, 72, 163, 26, 108, 115, 239,
       71, 9, 99, 179, 108, 130, 210, 194, 50, 186, 43, 208, 184, 69,
       175, 21, 152, 179, 172, 206, 110, 194, 230, 51, 235, 209, 70, 15,
       130, 243, 147, 112, 154, 219, 22, 6, 45, 223, 32, 169, 17, 154,
       249, 237, 16, 199, 159, 61, 168, 24, 174, 214, 96, 156, 201, 187,
       130, 16, 18, 43, 74, 247, 157, 148, 26, 123, 208, 8, 135, 175,
       252, 98, 229, 106, 206, 35, 79, 216, 67, 178, 177, 234, 83, 77,
       217, 42, 95, 196, 125, 254, 139, 103, 207, 48, 88, 200, 229, 252,
       247, 187, 82, 32, 181, 115, 228, 98, 206, 3, 78, 248, 67, 242,
       177, 238, 83, 65, 217, 31, 126, 196, 84, 254, 205, 99, 255, 56,
       186, 200, 229, 188, 127, 251, 122, 144, 161, 204, 109, 91, 84,
       207, 239, 244, 116, 114, 119, 16, 115, 21, 28, 53, 120, 200, 82,
       110, 105, 244, 121, 63, 103, 136, 96, 0, 115, 155, 82, 168, 89,
       223, 26, 254, 16, 135, 83, 183, 150, 9, 238, 68, 247, 115, 32, 80,
       84, 50, 12, 12, 234, 137, 89, 63, 227, 239, 32, 16, 58, 154, 40,
       43, 119, 229, 201, 196, 254, 3, 206, 232, 26, 162, 152, 203, 81,
       104, 157, 0, 95, 197, 87, 239, 232, 227, 205, 222, 56, 46, 237,
       188, 237, 251, 82, 32, 64, 149, 157, 255, 168, 102, 53, 191, 174,
       27, 74, 32, 245, 119, 8, 107, 135, 87, 121, 0, 17, 216, 91, 37,
       205, 163, 127, 68, 128, 112, 133, 59, 36, 255, 245, 127, 216, 135,
       143, 190, 118, 27, 248, 112, 241, 120, 137, 40, 93, 95, 118, 211,
       250, 250, 111, 115, 109, 54, 119, 196, 209, 243, 166, 169, 214,
       113, 22, 220, 75, 65, 16, 104, 175, 16, 161, 56, 76, 211, 40, 223,
       230, 209, 238, 226, 96, 71, 138, 80, 145, 176, 67, 63, 16, 33, 39,
       35, 70, 236, 148, 190, 189, 129, 190, 169, 155, 178, 17, 8, 236,
       234, 92, 198, 147, 111, 121, 211, 102, 69, 138, 243, 172, 86, 207,
       255, 132, 119, 137, 6, 86, 236, 150, 183, 157, 96, 166, 198, 59,
       147, 138, 19, 228, 162, 76, 206, 233, 207, 170, 211, 62, 217, 203,
       227, 189, 54, 223, 67, 128, 125, 189, 14, 181, 99, 201, 234, 164,
       3, 79, 216, 86, 176, 241, 230, 83, 193, 249, 105, 123, 200, 14,
       254, 203, 35, 15, 48, 240, 136, 229, 60, 189, 251, 240, 32, 218,
       60, 58, 248, 171, 241, 22, 71, 189, 70, 180, 59, 44, 159, 39, 93,
       226, 187, 223, 131, 36, 15, 128, 250, 243, 245, 26, 59, 18, 85,
       175, 95, 190, 29, 82, 130, 213, 94, 86, 231, 29, 47, 240, 31, 10,
       58, 38, 221, 248, 211, 142, 99, 124, 159, 81, 238, 177, 214, 222,
       23, 147, 93, 254, 94, 40, 129, 122, 72, 209, 172, 113, 103, 105,
       13, 111, 8, 42, 163, 36, 20, 248, 186, 134, 8, 26, 186, 176, 101,
       119, 253, 16, 75, 211, 138, 230, 170, 120, 132, 26, 186, 57, 233,
       80, 35, 171, 13, 237, 9, 46, 211, 42, 80, 160, 163, 237, 16, 30,
       11, 130, 85, 211, 247, 16, 91, 26, 2, 238, 2, 56, 201, 20, 188,
       89, 141, 86, 230, 143, 8, 232, 65, 46, 210, 33, 208, 192, 243,
       235, 66, 78, 11, 82, 189, 185, 247, 12, 27, 24, 62, 8, 138, 21,
       17, 121, 109, 58, 35, 158, 89, 76, 96, 225, 166, 209, 94, 135,
       113, 222, 153, 18, 166, 141, 34, 125, 93, 210, 137, 43, 60, 125,
       162, 35, 208, 1, 163, 17, 249, 60, 169, 104, 31, 78, 25, 120, 64,
       182, 131, 224, 224, 195, 10, 6, 28, 19, 56, 67, 149, 140, 156, 50,
       104, 152, 136, 65, 169, 34, 185, 208, 250, 125, 201, 112, 197, 11,
       57, 112, 41, 46, 153, 100, 156, 136, 153, 130, 80, 22, 58, 218,
       241, 31, 212, 20, 107, 209, 10, 206, 143, 238, 212, 80, 179, 205,
       253, 182, 199, 169, 23, 189, 27, 140, 254, 79, 214, 233, 147, 207,
       19, 118, 37, 216, 226, 183, 85, 142, 123, 146, 94, 207, 198, 189,
       236, 200, 109, 216, 50, 78, 175, 115, 179, 232, 144, 83, 98, 216,
       50, 89, 206, 80, 186, 126, 94, 205, 43, 174, 206, 133, 37, 167,
       243, 218, 4, 116, 35, 202, 99, 221, 47, 71, 65, 97, 165, 239, 11,
       67, 105, 10, 16, 216, 142, 72, 114, 24, 179, 217, 0, 249, 165,
       132, 113, 225, 74, 222, 2, 84, 96, 215, 21, 74, 104, 97, 8, 232,
       242, 162, 8, 214, 166, 65, 59, 41, 212, 104, 154, 9, 103, 231, 64,
       149, 162, 87, 60, 225, 113, 103, 40, 118, 38, 196, 181, 207, 43,
       128, 202, 27, 183, 162, 187, 70, 232, 69, 143, 123, 223, 235, 145,
       56, 247, 195, 226, 156, 214, 223, 55, 237, 125, 27, 134, 202, 184,
       188, 122, 171, 249, 16, 143, 155, 31, 164, 57, 238, 249, 110, 27,
       129, 115, 233, 16, 54, 111, 202, 51, 203, 211, 85, 123, 210, 68,
       143, 11, 101, 34, 144, 161, 36, 15, 64, 8, 111, 25, 179, 72, 215,
       3, 8, 24, 216, 133, 110, 24, 10, 246, 201, 208, 140, 250, 35, 84,
       200, 139, 67, 32, 164, 204, 126, 127, 68, 79, 119, 248, 244, 22,
       103, 24, 115, 83, 9, 59, 57, 80, 66, 106, 104, 245, 59, 63, 71,
       139, 113, 5, 113, 185, 70, 162, 17, 252, 26, 233, 50, 143, 103,
       254, 54, 8, 78, 68, 247, 211, 160, 100, 55, 56, 28, 104, 107, 157,
       17, 63, 225, 142, 39, 68, 56, 144, 41, 57, 202, 204, 246, 127,
       199, 50, 126, 167, 113, 19, 70, 147, 233, 111, 28, 255, 51, 247,
       49, 143, 244, 220, 159, 235, 103, 255, 214, 1, 167, 245, 255, 14,
       82, 50, 23, 204, 75, 64, 57, 104, 174, 28, 161, 236, 76, 151, 40,
       219, 230, 149, 238, 226, 65, 67, 154, 80, 145, 162, 235, 191, 24,
       33, 39, 147, 125, 85, 185, 239, 45, 31, 118, 248, 111, 232, 191,
       76, 223, 123, 25, 98, 220, 204, 127, 110, 233, 35, 217, 152, 243,
       253, 39, 60, 90, 123, 88, 51, 125, 245, 61, 238, 61, 79, 215, 248,
       95, 232, 253, 76, 223, 125, 9, 48, 220, 212, 126, 106, 201, 35,
       91, 254, 251, 223, 37, 60, 74, 59, 66, 51, 86, 236, 148, 151, 221,
       192, 38, 132, 186, 179, 139, 19, 228, 226, 76, 202, 225, 239, 234,
       147, 126, 88, 202, 243, 189, 22, 223, 111, 128, 118, 175, 142,
       228, 133, 222, 254, 125, 139, 86, 232, 223, 130, 249, 9, 239, 233,
       44, 81, 211, 117, 111, 98, 96, 99, 26, 255, 243, 255, 71, 61, 84,
       251, 229, 130, 101, 237, 61, 86, 205, 125, 198, 191, 81, 242, 172,
       8, 82, 121, 93, 51, 153, 194, 80, 106, 249, 99, 251, 42, 59, 155,
       69, 60, 217, 122, 210, 40, 253, 207, 233, 102, 156, 35, 78, 252,
       82, 170, 157, 234, 115, 97, 185, 51, 25, 198, 85, 238, 248, 103,
       44, 62, 122, 15, 229, 188, 245, 243, 242, 33, 9, 155, 16, 249, 51,
       159, 41, 87, 62, 9, 94, 98, 189, 147, 160, 228, 119, 59, 150, 24,
       147, 152, 1, 151, 140, 207, 58, 192, 62, 140, 137, 169, 209, 216,
       121, 117, 48, 30, 108, 55, 112, 233, 114, 116, 179, 20, 144, 112,
