%YAML:1.0
---
descriptors: !!opencv-matrix
   rows: 204
   cols: 32
   dt: u
   data: [ 212, 188, 158, 250, 139, 237, 21, 199, 191, 155, 164, 24, 246,
       255, 96, 123, 205, 243, 127, 18, 58, 111, 218, 114, 249, 147, 87,
       123, 208, 89, 165, 51, 90, 79, 66, 190, 50, 130, 62, 112, 173,
       132, 218, 231, 109, 238, 179, 192, 102, 231, 189, 199, 196, 153,
       132, 236, 176, 102, 174, 139, 46, 247, 57, 93, 148, 111, 223, 239,
       228, 74, 103, 232, 116, 170, 250, 32, 215, 243, 9, 115, 123, 221,
       110, 234, 104, 242, 233, 106, 237, 166, 103, 4, 225, 243, 103,
       161, 56, 249, 60, 114, 105, 141, 82, 222, 167, 57, 188, 13, 63,
       187, 67, 16, 165, 146, 197, 74, 10, 107, 26, 49, 251, 217, 52, 61,
       106, 145, 74, 139, 33, 137, 123, 89, 244, 223, 239, 151, 127, 65,
       118, 64, 211, 1, 148, 112, 123, 158, 6, 24, 219, 184, 117, 127,
       111, 190, 52, 64, 245, 136, 242, 168, 208, 0, 253, 229, 102, 42,
       105, 19, 112, 132, 118, 96, 147, 35, 129, 123, 114, 156, 60, 168,
       169, 180, 229, 72, 198, 169, 98, 128, 228, 224, 98, 33, 253, 148,
       253, 85, 181, 110, 215, 191, 80, 251, 63, 30, 211, 57, 220, 35,
       17, 214, 53, 40, 249, 252, 249, 10, 239, 239, 245, 20, 239, 248,
       208, 106, 41, 157, 61, 252, 252, 237, 231, 255, 206, 107, 124, 72,
       183, 181, 48, 96, 201, 106, 90, 12, 243, 58, 114, 31, 109, 175,
       55, 104, 216, 120, 209, 169, 144, 206, 172, 189, 58, 83, 156, 237,
       150, 94, 146, 167, 247, 110, 35, 75, 255, 229, 111, 231, 108, 197,
       111, 31, 248, 231, 255, 149, 48, 48, 45, 91, 109, 115, 225, 102,
       100, 57, 78, 60, 65, 232, 61, 238, 91, 109, 221, 190, 30, 220,
       245, 111, 201, 114, 236, 136, 86, 217, 101, 188, 111, 255, 82,
       241, 92, 171, 144, 122, 185, 157, 82, 220, 171, 29, 189, 77, 111,
       235, 75, 154, 165, 195, 236, 86, 30, 99, 138, 49, 251, 217, 37,
       127, 242, 215, 107, 3, 106, 171, 232, 154, 61, 145, 159, 168, 130,
       60, 157, 175, 233, 205, 223, 130, 77, 227, 239, 199, 206, 67, 206,
       181, 110, 85, 175, 185, 23, 174, 28, 67, 76, 94, 207, 237, 126,
       34, 107, 152, 54, 206, 222, 230, 217, 39, 145, 90, 127, 228, 46,
       254, 137, 215, 239, 238, 92, 167, 255, 132, 167, 243, 36, 113, 25,
       48, 146, 58, 75, 172, 80, 82, 235, 27, 160, 92, 143, 146, 64, 186,
       165, 129, 108, 16, 15, 103, 146, 0, 144, 218, 80, 10, 234, 64, 43,
       135, 230, 176, 241, 90, 202, 96, 145, 232, 234, 83, 161, 121, 84,
       222, 76, 122, 167, 147, 99, 162, 19, 71, 218, 83, 93, 36, 75, 126,
       217, 3, 167, 51, 37, 179, 92, 235, 244, 143, 238, 249, 109, 121,
       119, 206, 219, 104, 158, 35, 62, 139, 118, 109, 183, 176, 93, 221,
       110, 187, 38, 228, 77, 138, 219, 145, 61, 93, 99, 75, 214, 215,
       198, 124, 69, 200, 248, 238, 115, 72, 181, 164, 94, 232, 22, 110,
       221, 187, 125, 190, 58, 76, 165, 180, 127, 191, 114, 189, 193,
       240, 157, 177, 8, 205, 33, 20, 254, 121, 2, 84, 150, 150, 64, 251,
       129, 5, 122, 21, 183, 77, 243, 81, 141, 34, 122, 120, 152, 1, 3,
       121, 217, 220, 13, 189, 28, 207, 104, 190, 54, 114, 194, 87, 247,
       126, 24, 193, 217, 231, 127, 141, 239, 221, 91, 191, 247, 251,
       219, 80, 56, 24, 56, 90, 82, 190, 170, 146, 27, 241, 152, 198,
       155, 119, 128, 187, 44, 238, 86, 10, 167, 251, 249, 147, 38, 79,
       174, 247, 155, 86, 159, 251, 149, 5, 189, 94, 77, 87, 69, 15, 50,
       26, 47, 184, 108, 224, 79, 228, 221, 98, 155, 228, 54, 68, 106,
       238, 193, 144, 173, 76, 36, 46, 47, 132, 14, 183, 33, 117, 161,
       188, 185, 80, 252, 237, 181, 223, 254, 123, 188, 88, 182, 179, 68,
       57, 141, 58, 90, 24, 179, 111, 114, 87, 127, 143, 53, 124, 208,
       72, 195, 235, 240, 69, 95, 236, 20, 66, 71, 32, 132, 0, 203, 2,
       83, 115, 40, 113, 112, 244, 56, 234, 105, 131, 49, 12, 241, 170,
       194, 16, 48, 186, 116, 32, 216, 54, 150, 178, 169, 185, 16, 87,
       249, 27, 48, 125, 174, 178, 224, 159, 167, 59, 204, 16, 46, 77, 2,
       195, 144, 210, 114, 187, 202, 68, 143, 31, 22, 94, 206, 165, 18,
       34, 190, 240, 60, 166, 218, 231, 109, 70, 179, 64, 118, 237, 63,
       231, 224, 149, 5, 110, 148, 38, 235, 128, 45, 247, 37, 89, 233,
       180, 253, 117, 228, 110, 97, 59, 83, 251, 119, 24, 211, 57, 80,
       43, 17, 86, 120, 24, 177, 252, 249, 14, 79, 239, 117, 68, 234,
       232, 208, 34, 45, 189, 237, 85, 252, 55, 207, 191, 83, 250, 124,
       76, 113, 125, 215, 51, 29, 254, 117, 172, 249, 218, 253, 94, 111,
       11, 229, 164, 239, 240, 210, 248, 200, 50, 220, 245, 224, 46, 121,
       23, 40, 139, 118, 112, 191, 51, 128, 123, 38, 63, 61, 24, 48, 220,
       161, 64, 198, 251, 114, 128, 128, 192, 195, 41, 33, 137, 123, 89,
       212, 207, 227, 55, 117, 105, 254, 80, 243, 41, 148, 112, 89, 190,
       102, 24, 187, 184, 117, 127, 79, 191, 50, 64, 225, 136, 210, 168,
       8, 161, 117, 67, 98, 75, 237, 57, 125, 36, 119, 96, 219, 23, 140,
       53, 58, 28, 102, 104, 193, 176, 45, 93, 111, 136, 101, 68, 99,
       162, 199, 225, 124, 164, 185, 250, 77, 125, 80, 200, 131, 22, 173,
       9, 127, 253, 73, 154, 217, 218, 193, 32, 26, 99, 250, 49, 219,
       221, 69, 63, 210, 107, 86, 226, 53, 207, 72, 107, 180, 175, 239,
       253, 100, 104, 250, 70, 243, 104, 154, 96, 120, 238, 22, 110, 207,
       176, 93, 63, 236, 237, 167, 0, 121, 251, 208, 136, 232, 253, 189,
       117, 153, 77, 85, 158, 123, 253, 36, 8, 182, 53, 65, 59, 129, 86,
       105, 88, 123, 120, 243, 48, 237, 217, 85, 116, 194, 80, 70, 122,
       131, 174, 237, 153, 244, 227, 169, 191, 94, 127, 94, 150, 240,
       228, 158, 100, 93, 14, 51, 157, 183, 252, 109, 247, 108, 62, 159,
       196, 148, 200, 213, 253, 133, 49, 17, 65, 240, 111, 99, 152, 110,
       249, 55, 88, 222, 23, 201, 56, 149, 28, 86, 122, 147, 112, 121,
       16, 207, 152, 33, 116, 200, 171, 67, 177, 26, 79, 122, 254, 114,
       194, 63, 100, 164, 132, 254, 163, 45, 207, 163, 80, 102, 251, 135,
       194, 64, 155, 38, 237, 114, 229, 46, 129, 39, 147, 45, 235, 111,
       59, 243, 193, 122, 243, 234, 82, 111, 232, 250, 230, 41, 46, 213,
       244, 126, 255, 246, 210, 129, 178, 229, 232, 28, 60, 171, 162,
       175, 229, 99, 181, 93, 22, 237, 37, 166, 62, 109, 57, 112, 242,
       143, 196, 211, 36, 154, 107, 55, 196, 125, 175, 233, 208, 253, 12,
       228, 107, 253, 148, 46, 242, 145, 112, 77, 94, 225, 205, 126, 50,
       107, 154, 55, 224, 254, 230, 249, 103, 145, 228, 127, 252, 190,
       222, 137, 210, 239, 238, 78, 239, 231, 128, 191, 253, 120, 121,
       90, 241, 215, 222, 11, 208, 51, 200, 179, 148, 10, 162, 108, 247,
       237, 246, 51, 255, 249, 194, 67, 65, 170, 249, 187, 246, 77, 175,
       34, 183, 37, 55, 5, 181, 153, 235, 218, 97, 162, 89, 102, 1, 121,
       96, 213, 215, 200, 160, 127, 27, 82, 179, 19, 50, 219, 115, 165,
       132, 43, 108, 217, 67, 163, 177, 169, 208, 237, 191, 44, 15, 237,
       189, 94, 242, 247, 215, 243, 97, 154, 33, 124, 204, 126, 109, 249,
       244, 127, 159, 228, 235, 231, 144, 127, 186, 208, 240, 79, 23,
       199, 165, 162, 2, 108, 57, 36, 226, 91, 229, 221, 103, 153, 239,
       54, 69, 125, 175, 209, 208, 21, 76, 164, 98, 239, 196, 46, 166,
       161, 81, 60, 98, 184, 112, 125, 189, 80, 202, 195, 189, 188, 24,
       15, 153, 65, 154, 137, 200, 197, 24, 10, 103, 202, 146, 219, 221,
       21, 125, 226, 217, 94, 130, 49, 207, 105, 37, 20, 11, 207, 191,
       70, 164, 250, 206, 115, 41, 146, 0, 88, 228, 78, 239, 200, 178,
       101, 31, 244, 13, 165, 148, 117, 250, 208, 104, 133, 177, 124,
       235, 244, 15, 239, 121, 108, 112, 119, 92, 223, 120, 150, 33, 46,
       141, 126, 127, 181, 184, 125, 221, 236, 249, 35, 68, 77, 170, 203,
       144, 56, 249, 88, 242, 122, 141, 82, 218, 39, 61, 165, 13, 63,
       155, 67, 16, 167, 243, 93, 66, 74, 107, 27, 49, 251, 217, 33, 57,
       120, 145, 75, 139, 247, 87, 232, 71, 118, 30, 239, 184, 113, 226,
       247, 238, 83, 104, 159, 54, 62, 196, 84, 238, 237, 246, 253, 174,
