%YAML:1.0
---
descriptors: !!opencv-matrix
   rows: 337
   cols: 32
   dt: u
   data: [ 64, 173, 27, 181, 186, 160, 61, 167, 172, 3, 74, 17, 181, 179,
       64, 82, 163, 55, 105, 129, 82, 137, 146, 103, 237, 165, 62, 64, 0,
       64, 163, 10, 194, 188, 188, 146, 237, 253, 145, 207, 223, 255,
       128, 25, 172, 254, 102, 42, 193, 115, 251, 17, 54, 79, 250, 247,
       189, 22, 95, 123, 144, 92, 135, 79, 87, 255, 241, 103, 178, 28,
       62, 188, 43, 200, 62, 229, 255, 255, 198, 118, 182, 247, 253, 86,
       196, 89, 173, 234, 255, 252, 47, 130, 230, 246, 167, 127, 189, 78,
       98, 28, 117, 191, 110, 242, 85, 206, 122, 95, 35, 104, 183, 244,
       121, 238, 6, 47, 236, 182, 36, 190, 54, 94, 129, 0, 119, 253, 122,
       196, 29, 125, 83, 68, 114, 250, 102, 114, 237, 200, 126, 98, 27,
       211, 165, 244, 122, 252, 6, 234, 65, 185, 36, 110, 54, 172, 35, 0,
       107, 243, 107, 165, 87, 121, 247, 231, 226, 14, 190, 140, 41, 136,
       90, 227, 124, 127, 149, 242, 182, 247, 253, 247, 192, 209, 139,
       232, 60, 62, 111, 130, 173, 243, 163, 43, 17, 89, 11, 191, 20,
       199, 58, 96, 212, 192, 218, 67, 245, 254, 51, 96, 248, 107, 63,
       199, 141, 153, 20, 252, 225, 231, 170, 1, 60, 27, 57, 74, 207, 70,
       237, 167, 174, 56, 109, 23, 56, 247, 31, 215, 141, 47, 215, 75,
       71, 199, 125, 191, 180, 76, 229, 194, 254, 127, 254, 148, 164,
       245, 145, 112, 245, 107, 204, 165, 34, 10, 111, 184, 96, 226, 182,
       237, 215, 43, 211, 83, 126, 229, 125, 238, 201, 214, 197, 40, 244,
       235, 103, 148, 109, 179, 74, 17, 36, 112, 249, 67, 126, 91, 230,
       200, 82, 226, 177, 234, 81, 216, 253, 56, 123, 216, 22, 122, 199,
       54, 109, 50, 62, 205, 165, 189, 253, 187, 94, 177, 192, 188, 159,
       178, 168, 237, 53, 199, 190, 178, 162, 56, 254, 246, 97, 91, 231,
       247, 110, 16, 35, 71, 154, 115, 217, 147, 95, 63, 216, 121, 165,
       19, 222, 26, 151, 180, 11, 98, 61, 66, 188, 158, 211, 183, 109,
       231, 33, 75, 166, 245, 237, 130, 40, 197, 130, 232, 145, 227, 107,
       147, 32, 113, 37, 115, 252, 113, 189, 242, 40, 76, 87, 216, 160,
       152, 165, 8, 95, 215, 73, 123, 134, 213, 125, 114, 72, 71, 250,
       32, 211, 201, 97, 60, 34, 179, 6, 51, 34, 200, 50, 223, 93, 199,
       163, 226, 222, 4, 92, 2, 168, 220, 54, 36, 232, 58, 19, 203, 66,
       186, 50, 255, 37, 62, 154, 10, 83, 28, 117, 236, 68, 78, 205, 197,
       110, 42, 107, 146, 127, 174, 254, 230, 193, 7, 129, 94, 119, 228,
       110, 222, 130, 212, 237, 234, 212, 174, 183, 132, 167, 251, 101,
       105, 236, 188, 145, 187, 237, 236, 53, 206, 250, 187, 240, 56,
       158, 250, 96, 91, 227, 223, 126, 16, 51, 95, 219, 243, 221, 246,
       63, 120, 152, 81, 231, 179, 180, 113, 74, 233, 22, 155, 230, 252,
       21, 32, 215, 226, 115, 209, 185, 101, 122, 252, 22, 235, 105, 179,
       28, 31, 178, 224, 143, 133, 125, 155, 186, 180, 109, 45, 241, 99,
       210, 123, 106, 202, 111, 225, 251, 106, 95, 106, 153, 240, 51,
       143, 126, 254, 147, 178, 109, 208, 158, 237, 35, 228, 237, 227,
       99, 160, 54, 133, 235, 79, 210, 251, 255, 239, 87, 233, 254, 170,
       81, 253, 182, 112, 123, 254, 151, 176, 155, 178, 109, 63, 127,
       207, 165, 165, 245, 251, 228, 242, 37, 105, 74, 206, 252, 7, 110,
       220, 70, 136, 248, 70, 81, 194, 247, 112, 120, 236, 22, 238, 221,
       147, 220, 124, 118, 173, 167, 40, 41, 187, 226, 128, 197, 115,
       153, 231, 32, 14, 111, 24, 40, 170, 115, 96, 215, 23, 137, 58, 22,
       92, 92, 106, 193, 212, 233, 8, 229, 184, 103, 132, 40, 179, 3,
       177, 56, 104, 2, 250, 93, 213, 210, 71, 23, 140, 112, 11, 42, 216,
       38, 148, 217, 187, 130, 0, 78, 62, 2, 191, 55, 213, 147, 43, 81,
       12, 126, 142, 154, 91, 110, 61, 11, 212, 61, 182, 181, 78, 214,
       167, 57, 190, 183, 229, 102, 115, 253, 197, 231, 141, 182, 239,
       99, 99, 254, 139, 46, 20, 45, 95, 252, 179, 156, 248, 169, 157,
       86, 249, 171, 29, 173, 77, 111, 219, 107, 146, 165, 195, 236, 114,
       94, 67, 154, 17, 251, 217, 37, 125, 114, 34, 235, 3, 68, 149, 153,
       101, 160, 78, 117, 57, 42, 121, 47, 92, 215, 55, 72, 114, 149, 20,
       124, 42, 81, 16, 249, 17, 239, 189, 101, 116, 72, 162, 199, 49,
       221, 175, 238, 243, 206, 169, 239, 241, 100, 245, 223, 254, 241,
       233, 219, 66, 121, 238, 110, 238, 187, 242, 239, 227, 126, 237,
       167, 200, 175, 251, 240, 192, 217, 220, 13, 189, 12, 143, 108,
       190, 246, 114, 194, 87, 247, 122, 24, 97, 237, 231, 127, 141, 237,
       221, 211, 191, 231, 235, 219, 16, 56, 152, 56, 24, 221, 54, 149,
       21, 133, 47, 148, 91, 49, 250, 179, 221, 202, 45, 1, 159, 29, 140,
       204, 166, 185, 119, 217, 218, 147, 242, 67, 54, 203, 237, 2, 17,
       76, 26, 254, 253, 168, 46, 125, 50, 173, 159, 254, 197, 221, 239,
       3, 90, 103, 247, 127, 140, 152, 193, 211, 192, 199, 255, 250, 144,
       140, 240, 43, 19, 70, 35, 30, 186, 59, 193, 50, 72, 143, 149, 193,
       35, 236, 255, 96, 74, 230, 59, 234, 144, 18, 73, 138, 208, 31,
       180, 27, 123, 144, 11, 37, 3, 56, 189, 56, 114, 121, 157, 86, 250,
       47, 57, 60, 9, 63, 159, 67, 48, 165, 218, 197, 74, 194, 107, 26,
       53, 243, 221, 53, 57, 106, 129, 74, 155, 191, 253, 233, 100, 217,
       87, 95, 252, 19, 226, 156, 138, 91, 125, 95, 49, 93, 221, 213,
       238, 237, 67, 124, 190, 123, 223, 205, 188, 63, 247, 210, 242,
       222, 222, 60, 254, 172, 160, 157, 180, 151, 158, 151, 183, 237,
       237, 249, 75, 207, 247, 191, 195, 232, 77, 202, 175, 248, 243,
       255, 153, 23, 123, 53, 123, 189, 95, 233, 68, 210, 23, 159, 252,
       19, 230, 244, 239, 91, 125, 159, 177, 95, 212, 149, 238, 237, 246,
       125, 190, 123, 79, 101, 180, 111, 255, 94, 245, 110, 120, 162,
       174, 77, 13, 154, 200, 143, 5, 145, 143, 204, 205, 127, 138, 204,
       213, 251, 215, 8, 35, 218, 240, 211, 117, 139, 59, 209, 47, 61,
       210, 252, 247, 252, 165, 182, 91, 87, 253, 51, 172, 190, 173, 83,
       111, 75, 19, 191, 220, 237, 114, 108, 211, 233, 14, 255, 195, 229,
       245, 165, 242, 86, 75, 175, 118, 201, 25, 252, 61, 187, 152, 27,
       251, 85, 253, 220, 238, 223, 189, 151, 91, 247, 63, 167, 68, 255,
       243, 14, 31, 233, 238, 158, 253, 91, 213, 203, 56, 238, 87, 98,
       62, 189, 55, 120, 219, 86, 212, 253, 63, 147, 239, 39, 127, 181,
       141, 181, 216, 181, 232, 71, 107, 254, 128, 175, 228, 43, 249,
       234, 182, 246, 94, 235, 241, 93, 207, 187, 31, 229, 185, 46, 238,
       102, 158, 239, 219, 239, 144, 62, 79, 186, 211, 123, 126, 31, 255,
       210, 86, 238, 215, 195, 190, 253, 21, 170, 191, 185, 19, 190, 255,
       30, 252, 212, 134, 194, 47, 7, 119, 126, 29, 179, 220, 165, 66,
       76, 26, 63, 212, 204, 224, 3, 125, 127, 188, 247, 242, 255, 181,
       154, 242, 155, 123, 185, 31, 124, 253, 92, 59, 239, 243, 255, 151,
       186, 107, 250, 247, 155, 95, 217, 250, 207, 77, 18, 147, 152, 223,
       78, 189, 18, 130, 126, 183, 180, 4, 70, 215, 125, 35, 50, 195,
       102, 231, 171, 205, 228, 157, 5, 239, 230, 227, 254, 128, 61, 144,
       185, 25, 210, 56, 26, 184, 43, 237, 16, 74, 175, 35, 160, 57, 142,
       214, 38, 25, 234, 179, 207, 0, 44, 79, 146, 208, 145, 241, 91,
       123, 80, 0, 47, 19, 108, 180, 189, 104, 137, 109, 81, 206, 242,
       119, 173, 25, 87, 253, 74, 27, 153, 146, 232, 48, 46, 99, 250, 17,
       219, 215, 85, 125, 208, 88, 198, 114, 34, 232, 2, 216, 93, 145,
       240, 71, 31, 5, 248, 11, 42, 136, 52, 148, 216, 171, 131, 145, 78,
       62, 194, 215, 53, 20, 154, 43, 81, 12, 250, 142, 226, 161, 18,
       152, 205, 205, 224, 71, 155, 25, 160, 25, 174, 152, 100, 212, 201,
       171, 234, 1, 86, 47, 210, 209, 157, 16, 154, 123, 80, 8, 218, 142,
       98, 173, 18, 248, 221, 237, 80, 67, 175, 25, 168, 25, 174, 152,
       100, 30, 169, 179, 234, 16, 30, 43, 146, 241, 155, 208, 18, 123,
       208, 76, 207, 6, 112, 188, 191, 120, 185, 237, 81, 79, 187, 31,
       164, 24, 62, 255, 100, 57, 169, 187, 77, 16, 58, 111, 178, 211,
