%YAML:1.0
---
descriptors: !!opencv-matrix
   rows: 393
   cols: 32
   dt: u
   data: [ 245, 82, 237, 37, 44, 78, 79, 152, 96, 238, 182, 236, 211,
       101, 155, 59, 30, 196, 108, 239, 237, 244, 237, 8, 228, 171, 101,
       148, 109, 243, 66, 113, 145, 5, 71, 141, 20, 2, 79, 41, 116, 192,
       194, 198, 83, 34, 176, 231, 120, 196, 40, 238, 121, 153, 101, 14,
       160, 162, 202, 0, 61, 162, 240, 36, 100, 149, 172, 117, 160, 46,
       85, 191, 59, 255, 55, 61, 214, 61, 74, 91, 149, 86, 125, 37, 248,
       120, 249, 0, 239, 255, 117, 182, 138, 240, 214, 115, 14, 145, 166,
       179, 135, 64, 189, 205, 62, 125, 87, 131, 140, 190, 123, 73, 231,
       95, 187, 215, 150, 216, 11, 240, 221, 51, 222, 199, 149, 85, 165,
       219, 0, 129, 0, 141, 148, 128, 12, 37, 4, 1, 80, 18, 32, 34, 48,
       64, 72, 2, 2, 201, 82, 24, 1, 157, 36, 160, 138, 64, 20, 8, 176,
       8, 75, 33, 228, 69, 127, 94, 185, 59, 107, 249, 20, 142, 136, 60,
       214, 191, 46, 21, 247, 173, 149, 88, 247, 205, 31, 123, 219, 239,
       199, 132, 95, 245, 24, 249, 22, 250, 187, 221, 80, 247, 175, 61,
       188, 41, 46, 159, 98, 144, 167, 179, 221, 16, 94, 43, 18, 245,
       251, 221, 20, 115, 226, 20, 175, 91, 92, 123, 14, 184, 137, 165,
       28, 196, 166, 20, 132, 133, 141, 199, 99, 91, 228, 169, 237, 215,
       30, 3, 146, 48, 210, 193, 234, 249, 184, 87, 173, 18, 57, 195,
       119, 78, 84, 147, 207, 117, 197, 64, 245, 194, 113, 64, 180, 164,
       92, 168, 6, 234, 201, 183, 36, 157, 32, 42, 160, 0, 119, 186, 240,
       164, 165, 110, 125, 67, 116, 11, 111, 184, 124, 168, 119, 236,
       211, 3, 153, 49, 31, 204, 70, 110, 225, 180, 109, 94, 110, 139,
       37, 196, 108, 187, 66, 161, 187, 141, 105, 254, 188, 129, 206,
       243, 215, 74, 221, 66, 113, 255, 184, 96, 93, 178, 63, 139, 251,
       11, 110, 255, 122, 111, 170, 200, 54, 138, 240, 41, 92, 166, 183,
       182, 185, 108, 91, 157, 171, 221, 175, 24, 255, 247, 72, 94, 149,
       87, 237, 19, 26, 67, 171, 225, 217, 247, 94, 91, 130, 119, 167,
       99, 161, 181, 25, 218, 221, 237, 193, 239, 222, 81, 232, 28, 180,
       243, 104, 32, 201, 10, 82, 24, 51, 42, 82, 247, 109, 156, 150,
       122, 152, 8, 208, 170, 42, 252, 240, 206, 119, 245, 186, 202, 31,
       13, 88, 171, 172, 254, 119, 164, 158, 123, 147, 71, 134, 50, 26,
       251, 39, 28, 26, 171, 214, 95, 15, 223, 129, 205, 15, 216, 221,
       133, 237, 231, 222, 81, 200, 22, 176, 211, 48, 97, 201, 43, 26,
       140, 115, 11, 82, 247, 237, 153, 158, 104, 24, 24, 161, 170, 207,
       231, 228, 21, 173, 19, 142, 168, 194, 246, 129, 221, 201, 108,
       222, 143, 157, 68, 104, 239, 237, 103, 239, 184, 44, 90, 207, 180,
       142, 253, 219, 84, 241, 213, 122, 46, 22, 75, 151, 237, 100, 224,
       233, 43, 115, 88, 58, 32, 122, 197, 90, 227, 77, 163, 93, 15, 240,
       173, 39, 29, 109, 58, 235, 138, 146, 147, 122, 200, 218, 208, 189,
       113, 173, 72, 221, 227, 13, 214, 172, 100, 102, 57, 223, 162, 209,
       139, 38, 212, 50, 225, 42, 203, 63, 6, 165, 183, 103, 107, 132, 5,
       136, 63, 68, 154, 227, 242, 138, 205, 131, 160, 83, 158, 77, 196,
       104, 125, 157, 106, 213, 32, 140, 52, 205, 118, 200, 253, 90, 148,
       222, 149, 107, 224, 242, 98, 185, 123, 41, 105, 31, 247, 93, 111,
       190, 81, 63, 151, 151, 165, 177, 27, 12, 215, 122, 111, 171, 198,
       61, 198, 183, 241, 31, 28, 38, 218, 85, 245, 235, 66, 197, 193,
       207, 6, 121, 238, 55, 228, 120, 170, 155, 156, 11, 163, 62, 254,
       91, 205, 138, 8, 187, 79, 112, 244, 221, 206, 204, 151, 149, 114,
       79, 190, 54, 231, 143, 151, 235, 103, 154, 215, 81, 198, 173, 238,
       188, 220, 109, 191, 234, 231, 255, 213, 174, 247, 252, 84, 22,
       149, 91, 168, 243, 242, 18, 113, 169, 72, 253, 118, 92, 254, 170,
       241, 246, 179, 159, 161, 53, 139, 32, 222, 186, 229, 42, 207, 61,
       2, 167, 51, 49, 219, 105, 201, 182, 131, 207, 253, 68, 72, 216,
       230, 49, 76, 177, 32, 126, 170, 23, 253, 219, 186, 44, 189, 122,
       140, 175, 224, 61, 154, 240, 249, 116, 141, 90, 78, 152, 243, 158,
       232, 84, 224, 237, 136, 83, 246, 44, 112, 216, 255, 130, 226, 61,
       147, 92, 30, 187, 237, 135, 125, 89, 235, 110, 148, 27, 36, 226,
       192, 85, 54, 233, 75, 21, 197, 222, 134, 25, 143, 55, 44, 125,
       169, 19, 189, 153, 187, 53, 206, 91, 77, 138, 68, 175, 204, 112,
       240, 144, 32, 162, 177, 69, 75, 160, 66, 84, 51, 114, 19, 0, 153,
       112, 9, 232, 8, 19, 145, 26, 244, 17, 192, 21, 2, 210, 65, 213, 8,
       240, 138, 23, 36, 234, 161, 118, 51, 233, 91, 114, 227, 91, 215,
       17, 140, 254, 40, 63, 141, 23, 189, 135, 181, 36, 194, 92, 13,
       187, 228, 173, 198, 59, 208, 131, 16, 115, 89, 119, 151, 170, 74,
       94, 73, 112, 118, 232, 216, 182, 228, 127, 41, 150, 173, 167, 180,
       37, 223, 4, 94, 187, 134, 95, 12, 105, 149, 29, 108, 186, 47, 30,
       171, 151, 192, 102, 162, 253, 43, 255, 249, 3, 0, 123, 239, 78, 3,
       12, 163, 205, 62, 240, 230, 39, 57, 245, 123, 43, 138, 34, 208,
       18, 137, 245, 215, 188, 103, 31, 75, 85, 23, 140, 158, 54, 196,
       253, 25, 147, 145, 86, 190, 48, 214, 47, 22, 158, 199, 31, 12,
       189, 215, 104, 45, 104, 103, 180, 79, 127, 55, 33, 68, 110, 141,
       243, 37, 18, 16, 31, 230, 85, 12, 24, 184, 241, 46, 239, 191, 32,
       81, 224, 130, 86, 250, 81, 129, 111, 200, 156, 2, 237, 125, 197,
       1, 210, 86, 83, 9, 176, 97, 120, 132, 95, 173, 249, 169, 5, 205,
       178, 235, 226, 212, 53, 136, 240, 40, 52, 190, 175, 247, 148, 76,
       255, 248, 250, 215, 183, 6, 247, 110, 91, 43, 253, 215, 85, 227,
       173, 227, 186, 47, 251, 207, 239, 45, 197, 114, 127, 250, 215,
       199, 140, 190, 168, 48, 158, 204, 154, 247, 144, 247, 197, 238,
       223, 203, 253, 199, 253, 247, 190, 71, 142, 242, 186, 115, 239,
       255, 156, 119, 186, 85, 73, 185, 178, 56, 185, 141, 181, 199, 254,
       185, 168, 29, 158, 184, 66, 88, 129, 15, 106, 21, 22, 107, 210,
       114, 249, 252, 22, 122, 216, 92, 195, 138, 67, 94, 86, 95, 41,
       187, 148, 32, 255, 190, 179, 100, 234, 224, 135, 223, 135, 100,
       236, 38, 229, 101, 207, 253, 134, 250, 65, 19, 74, 237, 73, 5,
       141, 87, 20, 101, 180, 30, 110, 184, 125, 234, 114, 68, 223, 113,
       145, 245, 182, 68, 124, 110, 225, 244, 89, 14, 164, 255, 101, 132,
       74, 247, 91, 5, 199, 30, 133, 159, 174, 35, 141, 154, 158, 250,
       147, 255, 212, 228, 219, 139, 95, 101, 123, 23, 181, 71, 239, 58,
       12, 34, 239, 188, 221, 125, 17, 113, 118, 166, 140, 181, 139, 50,
       30, 175, 18, 255, 156, 191, 195, 108, 95, 138, 221, 199, 237, 183,
       140, 65, 207, 131, 136, 71, 255, 255, 172, 124, 158, 87, 86, 226,
       172, 158, 136, 16, 158, 140, 158, 254, 129, 175, 65, 238, 223, 75,
       213, 199, 233, 215, 214, 65, 239, 114, 186, 39, 207, 191, 149,
       119, 156, 86, 65, 105, 149, 21, 101, 140, 100, 7, 236, 224, 106,
       76, 190, 178, 69, 246, 128, 39, 106, 12, 69, 248, 208, 72, 165,
       190, 86, 2, 200, 64, 3, 44, 21, 135, 207, 231, 134, 34, 109, 255,
       68, 115, 218, 230, 81, 99, 185, 106, 127, 198, 62, 188, 153, 211,
       13, 192, 216, 174, 255, 196, 173, 251, 240, 32, 237, 101, 192, 71,
       181, 30, 102, 184, 113, 234, 127, 12, 219, 96, 159, 183, 24, 204,
       92, 110, 237, 240, 221, 174, 166, 255, 5, 20, 78, 255, 90, 4, 158,
       9, 251, 248, 147, 198, 63, 66, 189, 192, 70, 2, 61, 199, 33, 104,
       118, 187, 59, 218, 113, 157, 54, 254, 251, 239, 143, 0, 163, 113,
       37, 226, 46, 184, 242, 202, 117, 237, 250, 200, 91, 143, 121, 11,
       104, 221, 126, 148, 255, 249, 147, 3, 134, 182, 218, 243, 63, 28,
       129, 171, 215, 47, 126, 211, 89, 60, 191, 112, 201, 252, 113, 23,
       233, 223, 164, 24, 190, 183, 66, 59, 165, 183, 124, 24, 176, 107,
       178, 72, 219, 251, 80, 66, 194, 64, 135, 107, 112, 227, 74, 160,
       24, 137, 86, 69, 35, 44, 172, 41, 39, 131, 74, 16, 56, 132, 77,
       208, 94, 11, 194, 17, 250, 197, 165, 253, 97, 138, 206, 74, 121,
