%YAML:1.0
---
descriptors: !!opencv-matrix
   rows: 187
   cols: 32
   dt: u
   data: [ 186, 21, 66, 168, 205, 119, 86, 79, 21, 46, 240, 31, 10, 26,
       39, 221, 248, 141, 142, 162, 124, 167, 81, 202, 179, 212, 130, 63,
       27, 93, 254, 86, 56, 201, 95, 175, 83, 215, 122, 248, 37, 0, 104,
       139, 127, 79, 41, 144, 250, 241, 199, 230, 76, 147, 25, 189, 243,
       207, 1, 1, 123, 183, 42, 154, 40, 111, 123, 103, 68, 207, 231,
       118, 101, 164, 238, 8, 179, 161, 5, 48, 200, 254, 98, 74, 72, 186,
       240, 44, 103, 253, 16, 32, 67, 154, 70, 168, 126, 237, 3, 186,
       145, 212, 86, 229, 179, 13, 201, 9, 111, 222, 40, 208, 208, 235,
       221, 241, 94, 139, 136, 189, 185, 245, 143, 123, 162, 6, 166, 78,
       208, 249, 153, 234, 56, 205, 19, 172, 174, 73, 130, 8, 183, 215,
       64, 114, 134, 113, 125, 208, 75, 13, 251, 51, 249, 161, 47, 121,
       16, 18, 7, 122, 40, 141, 28, 188, 91, 205, 86, 231, 143, 5, 236,
       1, 46, 179, 34, 80, 192, 251, 131, 64, 86, 11, 82, 189, 255, 247,
       20, 59, 50, 8, 174, 138, 56, 77, 62, 94, 153, 206, 151, 103, 173,
       132, 238, 1, 234, 243, 39, 84, 200, 114, 232, 66, 72, 171, 82,
       109, 235, 255, 70, 27, 83, 50, 110, 170, 32, 168, 145, 186, 249,
       237, 176, 207, 31, 61, 56, 24, 46, 154, 100, 152, 201, 187, 130,
       16, 18, 58, 74, 247, 157, 148, 21, 123, 208, 72, 134, 171, 88,
       168, 153, 240, 25, 205, 81, 31, 187, 191, 134, 25, 182, 183, 64,
       90, 129, 126, 109, 16, 58, 77, 243, 19, 201, 247, 21, 121, 128, 0,
       22, 106, 230, 32, 209, 65, 232, 107, 232, 75, 42, 241, 33, 88,
       148, 30, 85, 59, 171, 85, 89, 17, 19, 116, 193, 64, 13, 24, 31,
       116, 196, 113, 195, 160, 36, 176, 21, 161, 236, 105, 144, 139, 75,
       121, 49, 56, 150, 25, 76, 41, 137, 16, 126, 17, 23, 106, 203, 148,
       13, 144, 85, 127, 216, 8, 211, 131, 69, 161, 213, 93, 58, 138,
       104, 40, 110, 176, 98, 192, 245, 194, 152, 114, 54, 101, 120, 236,
       193, 208, 207, 93, 12, 170, 103, 4, 45, 162, 67, 32, 1, 189, 58,
       200, 222, 165, 177, 87, 126, 9, 120, 70, 60, 154, 100, 32, 236,
       59, 18, 25, 151, 186, 178, 87, 125, 140, 50, 106, 217, 72, 227,
       139, 181, 231, 77, 175, 140, 1, 79, 248, 70, 178, 217, 198, 83,
       227, 249, 67, 123, 200, 6, 238, 75, 99, 142, 176, 248, 128, 231,
       44, 61, 251, 240, 160, 70, 236, 144, 183, 223, 168, 174, 172, 187,
       179, 11, 10, 236, 234, 93, 198, 163, 107, 121, 211, 102, 76, 154,
       243, 173, 86, 223, 107, 132, 119, 9, 14, 198, 237, 244, 223, 254,
       162, 190, 168, 155, 179, 57, 131, 236, 235, 93, 2, 183, 119, 123,
       211, 226, 96, 143, 255, 46, 30, 207, 238, 133, 243, 81, 132, 172,
       205, 254, 254, 189, 139, 214, 236, 223, 134, 245, 25, 206, 249,
       41, 65, 211, 117, 255, 99, 96, 231, 90, 191, 227, 255, 71, 31, 86,
       251, 253, 3, 119, 197, 201, 228, 254, 2, 206, 232, 17, 162, 152,
       234, 113, 105, 149, 1, 127, 229, 85, 239, 233, 227, 205, 142, 56,
       46, 237, 148, 237, 251, 114, 32, 243, 65, 71, 204, 13, 82, 70, 96,
       229, 162, 178, 66, 67, 72, 149, 247, 120, 228, 108, 234, 109, 231,
       117, 140, 178, 234, 195, 23, 111, 63, 120, 4, 2, 138, 20, 155,
       248, 161, 168, 175, 30, 17, 80, 245, 172, 163, 224, 192, 79, 59,
       43, 144, 50, 72, 66, 247, 12, 22, 190, 232, 28, 136, 161, 185,
       253, 113, 225, 74, 206, 19, 207, 216, 66, 242, 181, 238, 83, 197,
       217, 59, 127, 220, 117, 254, 201, 71, 255, 48, 122, 9, 229, 188,
       255, 251, 114, 48, 246, 127, 49, 90, 171, 181, 158, 212, 137, 88,
       153, 107, 110, 221, 93, 57, 204, 243, 213, 83, 222, 3, 250, 225,
       179, 88, 140, 186, 79, 95, 182, 87, 84, 52, 185, 97, 146, 62, 242,
       192, 122, 191, 187, 61, 223, 58, 93, 26, 187, 221, 109, 51, 8,
       240, 185, 0, 159, 201, 35, 117, 225, 99, 79, 227, 60, 251, 18,
       234, 93, 199, 66, 240, 199, 168, 241, 111, 98, 201, 36, 208, 248,
       232, 134, 242, 78, 187, 72, 189, 186, 214, 165, 243, 91, 11, 126,
       155, 39, 163, 96, 90, 254, 177, 186, 233, 203, 89, 121, 255, 168,
       200, 254, 164, 223, 11, 150, 215, 151, 42, 110, 245, 46, 28, 42,
       239, 223, 143, 235, 149, 62, 92, 64, 163, 149, 116, 254, 231, 61,
       15, 189, 23, 139, 62, 15, 221, 233, 211, 143, 179, 44, 186, 89,
       226, 179, 215, 158, 19, 195, 95, 238, 214, 60, 203, 54, 110, 93,
       211, 210, 232, 70, 40, 241, 98, 107, 217, 53, 208, 248, 248, 135,
       226, 72, 163, 11, 189, 243, 237, 163, 133, 123, 43, 126, 139, 58,
       137, 22, 188, 27, 201, 20, 231, 143, 12, 232, 1, 46, 179, 34, 208,
       224, 179, 203, 0, 70, 11, 18, 253, 243, 245, 6, 27, 18, 14, 175,
       138, 112, 201, 26, 108, 25, 205, 22, 231, 175, 12, 236, 9, 166,
       179, 38, 80, 200, 115, 237, 64, 74, 43, 82, 61, 243, 245, 6, 27,
       80, 18, 79, 10, 0, 163, 73, 169, 252, 137, 96, 159, 94, 49, 121,
       216, 151, 129, 216, 16, 27, 10, 2, 24, 18, 56, 79, 21, 204, 148,
       49, 108, 252, 138, 193, 168, 40, 185, 208, 113, 253, 205, 240,
       205, 75, 57, 112, 11, 46, 153, 100, 152, 136, 155, 194, 80, 22,
       58, 210, 177, 31, 221, 21, 111, 211, 10, 206, 139, 88, 168, 154,
       184, 185, 233, 81, 71, 191, 29, 164, 57, 190, 147, 98, 88, 163,
       187, 207, 16, 26, 11, 130, 83, 217, 213, 48, 123, 144, 64, 167,
       11, 2, 189, 159, 188, 211, 198, 53, 247, 190, 211, 78, 53, 188,
       247, 34, 11, 167, 123, 155, 129, 113, 217, 18, 111, 253, 3, 95,
       75, 136, 112, 175, 219, 216, 184, 190, 184, 42, 224, 17, 7, 174,
       23, 134, 185, 191, 159, 66, 75, 163, 179, 237, 145, 30, 77, 146,
       81, 209, 225, 122, 123, 160, 64, 167, 75, 206, 29, 56, 251, 207,
       253, 182, 198, 173, 30, 189, 27, 172, 254, 79, 158, 235, 243, 207,
       211, 54, 39, 250, 227, 55, 81, 14, 123, 195, 95, 239, 198, 45,
       223, 189, 91, 232, 63, 111, 191, 126, 123, 126, 116, 212, 38, 145,
       124, 215, 126, 38, 14, 177, 216, 105, 126, 108, 191, 119, 132,
       210, 241, 131, 185, 248, 73, 7, 236, 13, 82, 86, 100, 229, 128,
       226, 2, 99, 29, 32, 210, 232, 244, 236, 226, 76, 171, 17, 173,
       179, 225, 192, 19, 34, 62, 116, 10, 248, 88, 255, 252, 46, 14, 93,
       52, 169, 146, 182, 58, 127, 127, 133, 123, 110, 245, 125, 238,
       232, 71, 227, 200, 211, 251, 246, 144, 39, 241, 98, 41, 9, 140,
       83, 69, 117, 158, 96, 55, 125, 9, 126, 64, 187, 49, 132, 180, 18,
       46, 6, 8, 49, 184, 81, 14, 38, 255, 48, 64, 74, 136, 74, 168, 86,
       34, 23, 200, 75, 65, 56, 72, 173, 156, 163, 74, 12, 131, 101, 223,
       238, 149, 239, 192, 8, 67, 146, 192, 145, 176, 203, 191, 16, 32,
       39, 6, 125, 117, 57, 238, 189, 79, 214, 248, 111, 232, 189, 76,
       223, 221, 9, 48, 220, 221, 94, 106, 201, 99, 219, 188, 243, 249,
       5, 62, 72, 59, 66, 179, 181, 199, 193, 158, 220, 3, 198, 248, 18,
       162, 185, 238, 115, 98, 169, 3, 89, 194, 74, 234, 105, 99, 76,
       191, 184, 134, 231, 124, 253, 123, 114, 168, 116, 199, 197, 254,
       220, 3, 206, 232, 83, 162, 177, 202, 99, 105, 29, 1, 89, 204, 37,
       235, 104, 226, 79, 159, 184, 174, 229, 116, 253, 250, 114, 32,
       186, 53, 54, 236, 121, 23, 146, 104, 31, 168, 240, 169, 78, 255,
       38, 149, 222, 221, 215, 100, 44, 243, 75, 222, 251, 255, 13, 191,
       83, 46, 46, 215, 101, 225, 27, 199, 32, 15, 67, 56, 105, 40, 255,
       8, 214, 83, 136, 116, 146, 77, 126, 110, 73, 177, 233, 77, 181,
       188, 35, 20, 64, 162, 67, 33, 213, 74, 199, 197, 14, 10, 236, 32,
       233, 162, 242, 98, 67, 42, 149, 127, 106, 228, 108, 234, 109, 247,
       229, 200, 148, 170, 226, 16, 101, 185, 112, 4, 2, 162, 68, 153,
       248, 169, 169, 143, 30, 49, 0, 221, 173, 130, 200, 204, 79, 11,
       106, 156, 19, 88, 207, 213, 12, 18, 158, 252, 156, 136, 137, 152,
       253, 237, 173, 102, 140, 71, 199, 252, 66, 242, 168, 74, 115, 113,
       89, 35, 89, 230, 120, 110, 249, 99, 255, 42, 249, 142, 197, 60,
       121, 251, 210, 40, 90, 53, 50, 190, 171, 240, 28, 111, 185, 6,
