%YAML:1.0
---
descriptors: !!opencv-matrix
   rows: 357
   cols: 32
   dt: u
   data: [ 187, 215, 106, 156, 114, 150, 191, 119, 28, 68, 92, 167, 41,
       142, 182, 193, 126, 187, 147, 197, 247, 155, 52, 255, 50, 97, 154,
       129, 63, 148, 189, 220, 241, 93, 79, 237, 44, 2, 79, 118, 68, 234,
       210, 102, 51, 49, 177, 99, 110, 230, 62, 238, 233, 187, 101, 168,
       240, 170, 246, 144, 61, 248, 112, 57, 138, 201, 0, 156, 95, 213,
       158, 233, 143, 4, 68, 3, 44, 222, 118, 196, 200, 57, 187, 193, 70,
       11, 58, 247, 55, 117, 138, 107, 22, 12, 189, 78, 82, 152, 156,
       216, 170, 245, 25, 135, 175, 121, 142, 50, 156, 183, 96, 106, 167,
       151, 125, 144, 23, 73, 179, 241, 219, 178, 126, 222, 152, 64, 161,
       59, 162, 65, 22, 140, 77, 87, 176, 72, 140, 148, 113, 3, 140, 220,
       127, 143, 200, 57, 179, 99, 68, 183, 82, 192, 21, 16, 74, 47, 85,
       61, 125, 134, 186, 157, 126, 220, 122, 151, 155, 115, 149, 4, 244,
       163, 57, 239, 38, 113, 238, 179, 151, 228, 240, 139, 50, 223, 115,
       235, 234, 201, 119, 160, 108, 251, 177, 249, 26, 106, 123, 213,
       19, 208, 171, 72, 172, 44, 62, 214, 102, 48, 228, 185, 222, 82,
       79, 11, 58, 115, 251, 221, 4, 122, 24, 2, 102, 159, 20, 120, 185,
       241, 50, 237, 121, 82, 126, 103, 246, 0, 151, 31, 65, 40, 47, 185,
       78, 144, 11, 180, 113, 32, 197, 197, 50, 0, 224, 17, 5, 243, 44,
       49, 58, 107, 176, 206, 115, 16, 120, 9, 126, 8, 223, 87, 10, 48,
       180, 28, 84, 120, 130, 176, 185, 14, 239, 253, 36, 0, 194, 130,
       70, 163, 180, 85, 124, 111, 188, 71, 95, 248, 65, 252, 181, 58,
       83, 125, 159, 35, 94, 208, 85, 234, 237, 230, 121, 44, 99, 203,
       229, 181, 117, 251, 84, 211, 30, 3, 198, 132, 235, 114, 28, 203,
       169, 150, 152, 163, 13, 46, 47, 222, 254, 151, 207, 160, 88, 131,
       0, 200, 147, 214, 207, 159, 167, 116, 175, 207, 21, 149, 91, 238,
       116, 174, 91, 113, 249, 72, 127, 102, 94, 251, 164, 113, 182, 169,
       22, 46, 177, 187, 32, 206, 243, 253, 34, 198, 72, 106, 163, 179,
       10, 193, 48, 169, 149, 199, 183, 237, 76, 4, 89, 3, 236, 25, 58,
       64, 216, 3, 19, 97, 210, 184, 81, 221, 101, 20, 138, 67, 85, 10,
       181, 138, 73, 185, 187, 126, 251, 204, 55, 149, 234, 217, 104, 44,
       188, 211, 68, 114, 166, 127, 121, 80, 147, 75, 186, 97, 125, 189,
       62, 106, 136, 2, 163, 27, 56, 208, 82, 232, 85, 71, 87, 244, 5,
       64, 116, 3, 27, 29, 32, 81, 124, 152, 23, 234, 104, 190, 16, 157,
       115, 201, 160, 4, 119, 154, 118, 154, 218, 184, 191, 250, 185,
       236, 17, 7, 191, 93, 164, 57, 190, 183, 96, 122, 163, 51, 249, 16,
       51, 73, 178, 243, 219, 211, 90, 123, 146, 64, 167, 59, 163, 9,
       103, 79, 212, 147, 134, 97, 76, 64, 81, 70, 112, 72, 182, 229,
       222, 170, 18, 239, 213, 168, 108, 253, 36, 40, 130, 192, 93, 15,
       249, 228, 57, 29, 111, 250, 52, 227, 75, 114, 148, 64, 222, 230,
       49, 247, 177, 96, 104, 162, 31, 220, 171, 139, 54, 254, 218, 239,
       170, 200, 191, 203, 112, 120, 2, 110, 162, 191, 118, 160, 186,
       198, 22, 7, 88, 163, 172, 238, 183, 8, 127, 107, 151, 151, 134,
       146, 14, 235, 36, 4, 186, 139, 149, 95, 53, 205, 49, 135, 111,
       236, 62, 131, 207, 123, 212, 200, 221, 230, 115, 233, 180, 32,
       127, 168, 23, 45, 185, 171, 36, 159, 122, 15, 171, 216, 125, 170,
       240, 241, 3, 161, 228, 197, 78, 28, 249, 123, 123, 241, 20, 194,
       185, 44, 214, 47, 47, 141, 119, 173, 149, 120, 183, 200, 94, 90,
       251, 172, 239, 164, 211, 253, 177, 159, 71, 254, 190, 128, 79,
       247, 212, 66, 220, 230, 113, 227, 176, 97, 79, 226, 62, 206, 251,
       139, 46, 191, 240, 239, 238, 152, 61, 250, 240, 41, 1, 20, 19, 75,
       48, 174, 107, 25, 125, 73, 107, 84, 220, 83, 8, 116, 181, 8, 22,
       60, 179, 180, 25, 95, 173, 190, 50, 64, 216, 130, 99, 177, 19, 80,
       199, 153, 212, 162, 233, 87, 52, 11, 83, 118, 89, 138, 184, 73,
       121, 143, 55, 181, 184, 209, 1, 198, 20, 166, 250, 196, 173, 209,
       241, 145, 104, 213, 125, 229, 36, 78, 85, 55, 113, 99, 239, 24,
       247, 53, 0, 115, 70, 182, 124, 8, 105, 184, 241, 13, 231, 235,
       112, 16, 96, 136, 214, 107, 31, 52, 235, 162, 244, 166, 235, 80,
       149, 201, 223, 199, 89, 204, 247, 40, 125, 169, 23, 157, 159, 147,
       52, 202, 90, 77, 171, 192, 175, 239, 49, 245, 221, 161, 138, 178,
       176, 132, 90, 17, 51, 233, 167, 29, 215, 151, 74, 80, 240, 239,
       125, 220, 93, 219, 153, 34, 250, 237, 167, 192, 168, 130, 170, 91,
       158, 23, 6, 185, 161, 98, 60, 7, 188, 31, 83, 177, 141, 143, 107,
       201, 231, 31, 173, 177, 54, 212, 2, 192, 194, 241, 254, 135, 166,
       212, 173, 83, 10, 188, 178, 155, 245, 247, 186, 207, 31, 77, 92,
       7, 172, 252, 38, 132, 255, 123, 147, 149, 150, 186, 56, 255, 47,
       85, 159, 235, 151, 94, 189, 223, 66, 229, 16, 136, 253, 253, 178,
       143, 15, 45, 140, 10, 140, 158, 110, 196, 209, 27, 155, 17, 22,
       11, 122, 247, 63, 84, 15, 127, 146, 14, 157, 78, 117, 166, 140,
       186, 168, 57, 124, 159, 170, 23, 180, 72, 199, 227, 11, 27, 131,
       194, 108, 28, 30, 75, 202, 32, 250, 211, 116, 221, 192, 240, 203,
       1, 112, 171, 72, 168, 30, 137, 71, 197, 39, 36, 188, 43, 7, 131,
       66, 16, 120, 192, 77, 80, 94, 11, 192, 0, 250, 197, 164, 121, 97,
       154, 222, 200, 17, 6, 203, 225, 22, 163, 233, 87, 86, 35, 210,
       246, 19, 9, 176, 104, 107, 136, 31, 157, 187, 188, 5, 214, 220,
       142, 178, 196, 189, 136, 240, 168, 17, 46, 201, 161, 22, 171, 233,
       87, 118, 65, 122, 214, 153, 11, 208, 104, 107, 138, 2, 156, 147,
       188, 69, 194, 204, 141, 146, 64, 237, 200, 240, 168, 182, 205,
       231, 206, 254, 99, 143, 236, 150, 198, 156, 162, 113, 231, 253,
       100, 123, 218, 51, 234, 121, 7, 46, 254, 56, 6, 143, 191, 183,
       251, 180, 244, 61, 87, 115, 76, 120, 18, 206, 56, 117, 200, 247,
       228, 209, 66, 181, 244, 92, 189, 22, 234, 237, 162, 101, 12, 34,
       236, 163, 136, 123, 162, 106, 149, 73, 59, 16, 165, 181, 142, 100,
       55, 45, 168, 106, 77, 142, 8, 17, 208, 128, 39, 236, 5, 77, 248,
       209, 200, 140, 240, 22, 16, 10, 4, 203, 24, 143, 62, 233, 101,
       226, 58, 250, 16, 120, 202, 85, 245, 221, 111, 215, 186, 23, 125,
       149, 191, 165, 212, 228, 234, 70, 111, 123, 128, 175, 247, 75,
       245, 51, 143, 119, 236, 60, 131, 207, 127, 71, 0, 218, 198, 113,
       169, 176, 96, 94, 160, 63, 173, 217, 187, 37, 159, 240, 174, 187,
       128, 53, 170, 240, 40, 86, 117, 18, 138, 27, 103, 122, 200, 175,
       4, 169, 9, 206, 214, 43, 84, 254, 185, 255, 242, 12, 3, 154, 252,
       177, 180, 11, 63, 16, 119, 47, 6, 112, 35, 140, 164, 140, 139, 84,
       77, 226, 189, 142, 169, 167, 161, 66, 90, 224, 206, 237, 81, 30,
       75, 207, 52, 218, 229, 109, 63, 128, 3, 158, 66, 82, 166, 206, 55,
       56, 50, 128, 14, 206, 181, 138, 239, 195, 232, 218, 203, 223, 71,
       236, 5, 140, 195, 207, 0, 154, 115, 223, 159, 204, 126, 41, 22,
       108, 106, 76, 9, 57, 27, 200, 154, 102, 160, 176, 77, 131, 2, 129,
       144, 24, 196, 204, 96, 12, 114, 197, 188, 182, 241, 161, 53, 72,
       185, 74, 4, 25, 210, 235, 216, 54, 146, 109, 81, 213, 67, 215,
       246, 81, 215, 190, 96, 127, 168, 30, 140, 217, 183, 36, 222, 242,
       239, 186, 192, 63, 138, 240, 240, 10, 156, 148, 147, 233, 244,
       188, 143, 190, 155, 26, 17, 172, 254, 110, 202, 135, 87, 187, 145,
       22, 72, 155, 227, 47, 54, 94, 207, 150, 84, 141, 143, 183, 182,
       236, 23, 138, 19, 156, 232, 158, 246, 150, 183, 97, 108, 159, 11,
       63, 199, 239, 167, 252, 193, 95, 105, 78, 3, 253, 147, 173, 116,
       26, 215, 207, 166, 196, 133, 173, 55, 142, 174, 122, 246, 144,
       221, 203, 104, 223, 175, 221, 68, 248, 175, 237, 69, 255, 202, 12,
       90, 255, 180, 142, 124, 89, 84, 27, 129, 106, 186, 87, 212, 187,
       109, 22, 69, 205, 131, 57, 206, 62, 96, 120, 187, 147, 141, 86,
       139, 52, 247, 115, 109, 154, 73, 53, 6, 173, 236, 6, 181, 160,
