%YAML:1.0
---
descriptors: !!opencv-matrix
   rows: 327
   cols: 32
   dt: u
   data: [ 83, 169, 135, 146, 139, 196, 9, 199, 171, 81, 138, 8, 174,
       150, 65, 126, 161, 163, 120, 149, 31, 75, 186, 241, 153, 244, 158,
       122, 136, 5, 163, 108, 190, 114, 232, 106, 239, 87, 94, 216, 87,
       254, 181, 13, 75, 221, 95, 28, 255, 200, 213, 247, 142, 103, 107,
       146, 123, 223, 5, 255, 247, 183, 126, 215, 101, 89, 63, 212, 116,
       204, 231, 242, 253, 196, 118, 0, 186, 243, 37, 112, 200, 104, 106,
       74, 225, 179, 114, 236, 119, 186, 199, 0, 64, 185, 82, 162, 165,
       71, 254, 123, 244, 10, 111, 152, 112, 94, 118, 212, 211, 99, 187,
       91, 123, 196, 95, 126, 232, 244, 105, 42, 238, 171, 103, 132, 237,
       243, 194, 225, 203, 233, 175, 155, 248, 220, 63, 238, 190, 85,
       134, 144, 252, 231, 202, 114, 39, 243, 251, 220, 179, 75, 190,
       241, 252, 51, 223, 104, 130, 149, 167, 120, 141, 148, 55, 91, 61,
       255, 227, 120, 255, 91, 113, 80, 222, 124, 172, 181, 249, 24, 30,
       58, 179, 229, 57, 255, 15, 218, 35, 70, 219, 1, 97, 181, 133, 224,
       154, 122, 236, 141, 249, 192, 255, 21, 53, 24, 158, 203, 78, 31,
       139, 9, 70, 94, 18, 103, 186, 241, 223, 217, 82, 124, 210, 153,
       203, 225, 28, 235, 191, 251, 168, 109, 127, 156, 174, 158, 135, 1,
       223, 247, 105, 75, 229, 83, 111, 114, 74, 65, 27, 112, 233, 195,
       111, 29, 176, 115, 165, 115, 172, 116, 59, 101, 112, 110, 115, 16,
       121, 238, 119, 24, 215, 23, 129, 57, 148, 92, 68, 122, 161, 244,
       241, 14, 199, 249, 33, 4, 64, 163, 70, 241, 251, 94, 159, 188, 41,
       116, 25, 86, 169, 223, 148, 93, 254, 183, 35, 223, 229, 245, 253,
       0, 169, 71, 178, 192, 211, 243, 218, 154, 138, 117, 39, 123, 11,
       91, 237, 71, 226, 26, 255, 52, 108, 224, 94, 230, 249, 39, 147,
       227, 54, 118, 183, 239, 197, 216, 101, 108, 102, 47, 239, 128, 47,
       247, 25, 249, 27, 167, 253, 227, 182, 11, 237, 191, 63, 49, 123,
       242, 223, 107, 220, 176, 63, 223, 117, 189, 251, 248, 237, 215,
       236, 159, 255, 228, 229, 194, 211, 41, 41, 221, 50, 190, 117, 159,
       244, 119, 221, 77, 126, 7, 174, 185, 50, 192, 200, 43, 135, 5,
       196, 185, 16, 191, 231, 255, 22, 3, 82, 14, 220, 203, 180, 76,
       236, 255, 68, 43, 238, 142, 117, 50, 243, 18, 115, 105, 29, 123,
       123, 196, 127, 171, 40, 244, 77, 170, 212, 239, 251, 4, 253, 249,
       112, 8, 253, 254, 79, 190, 93, 95, 71, 252, 20, 238, 245, 126, 83,
       85, 171, 145, 93, 228, 206, 98, 233, 247, 121, 63, 241, 199, 229,
       180, 123, 60, 126, 241, 83, 13, 229, 197, 174, 66, 237, 63, 108,
       252, 222, 166, 217, 39, 151, 103, 110, 196, 126, 236, 193, 216,
       229, 200, 188, 232, 239, 132, 47, 240, 33, 125, 57, 95, 126, 237,
       246, 26, 125, 127, 116, 174, 254, 230, 83, 45, 179, 97, 126, 220,
       63, 232, 236, 240, 101, 12, 118, 235, 229, 133, 53, 248, 124, 249,
       87, 122, 138, 166, 40, 6, 95, 16, 162, 234, 139, 197, 245, 231,
       67, 90, 181, 229, 125, 222, 76, 193, 155, 104, 216, 167, 239, 136,
       168, 115, 41, 83, 84, 49, 191, 118, 139, 78, 81, 8, 187, 188, 167,
       8, 86, 247, 65, 63, 160, 244, 108, 114, 56, 97, 187, 0, 219, 242,
       85, 55, 98, 33, 70, 35, 220, 176, 191, 254, 11, 228, 17, 97, 162,
       91, 167, 24, 95, 247, 72, 123, 225, 181, 253, 130, 57, 71, 186, 0,
       219, 227, 90, 95, 32, 3, 167, 114, 56, 253, 120, 233, 219, 199,
       85, 239, 23, 117, 172, 10, 59, 55, 2, 16, 201, 159, 83, 168, 122,
       11, 83, 55, 255, 207, 149, 125, 179, 88, 198, 250, 125, 231, 124,
       102, 175, 87, 95, 248, 193, 238, 189, 11, 123, 111, 219, 163, 93,
       198, 253, 238, 236, 99, 233, 174, 251, 201, 229, 189, 35, 255, 76,
       67, 180, 175, 87, 251, 212, 203, 102, 237, 117, 172, 242, 82, 99,
       73, 60, 81, 120, 236, 6, 235, 120, 255, 73, 191, 187, 234, 231,
       69, 109, 185, 242, 130, 128, 181, 57, 235, 170, 237, 29, 191, 142,
       121, 156, 57, 182, 63, 72, 33, 133, 19, 95, 17, 83, 74, 251, 21,
       233, 193, 60, 254, 24, 74, 133, 123, 10, 92, 62, 219, 87, 211,
       187, 198, 158, 69, 68, 167, 124, 223, 38, 65, 238, 59, 147, 209,
       50, 152, 58, 253, 111, 55, 154, 75, 159, 13, 189, 218, 200, 188,
       158, 124, 201, 237, 52, 103, 239, 19, 164, 24, 188, 187, 34, 91,
       161, 51, 234, 0, 98, 109, 18, 113, 87, 147, 86, 27, 80, 80, 175,
       138, 213, 80, 255, 228, 44, 6, 95, 56, 121, 202, 86, 224, 219,
       127, 149, 123, 22, 245, 125, 239, 233, 197, 181, 72, 227, 251,
       229, 132, 44, 177, 112, 113, 255, 161, 113, 65, 237, 27, 198, 233,
       123, 168, 177, 104, 74, 88, 220, 181, 155, 222, 212, 122, 255,
       118, 236, 222, 58, 94, 5, 246, 71, 38, 218, 165, 36, 67, 26, 248,
       61, 194, 226, 64, 197, 140, 217, 34, 64, 217, 36, 96, 216, 184,
       142, 112, 8, 163, 2, 128, 211, 245, 130, 75, 16, 42, 124, 163, 26,
       30, 115, 158, 87, 167, 191, 99, 158, 70, 218, 215, 108, 202, 37,
       64, 255, 187, 19, 133, 162, 183, 30, 255, 113, 38, 139, 2, 29, 78,
       33, 219, 89, 91, 47, 173, 28, 198, 51, 72, 164, 204, 194, 7, 215,
       206, 35, 64, 240, 101, 111, 231, 204, 129, 35, 140, 209, 225, 171,
       145, 16, 55, 53, 91, 163, 93, 107, 95, 84, 132, 175, 246, 94, 74,
       120, 230, 176, 240, 181, 100, 122, 106, 18, 206, 227, 184, 62,
       123, 36, 44, 174, 136, 93, 251, 113, 189, 45, 93, 107, 238, 214,
       135, 239, 249, 84, 142, 124, 34, 113, 253, 177, 96, 124, 250, 18,
       235, 193, 178, 124, 47, 119, 45, 165, 136, 117, 250, 240, 225, 75,
       48, 152, 254, 105, 45, 248, 25, 43, 89, 109, 29, 252, 255, 90, 26,
       151, 27, 113, 5, 151, 98, 154, 193, 199, 221, 26, 46, 216, 66,
       139, 147, 105, 161, 136, 101, 84, 111, 97, 63, 114, 229, 164, 24,
       147, 49, 90, 16, 24, 142, 64, 60, 26, 250, 241, 14, 79, 141, 16,
       48, 72, 136, 210, 202, 1, 176, 185, 155, 237, 253, 177, 223, 239,
       127, 180, 125, 190, 156, 78, 42, 169, 27, 238, 16, 151, 109, 251,
       209, 223, 25, 118, 127, 216, 72, 205, 223, 122, 188, 233, 56, 223,
       245, 145, 234, 139, 255, 188, 175, 40, 189, 118, 20, 141, 243,
       215, 145, 158, 107, 178, 215, 91, 87, 29, 255, 215, 76, 86, 95,
       201, 137, 44, 243, 141, 156, 109, 189, 239, 54, 134, 16, 251, 203,
       90, 103, 69, 86, 123, 222, 250, 109, 251, 245, 239, 251, 215, 80,
       2, 128, 213, 40, 128, 94, 127, 126, 100, 14, 239, 114, 252, 158,
       118, 116, 247, 225, 181, 91, 39, 112, 110, 106, 224, 229, 35, 111,
       98, 187, 98, 128, 72, 241, 103, 249, 160, 163, 24, 97, 240, 141,
       113, 23, 57, 13, 122, 24, 183, 19, 64, 80, 134, 159, 68, 16, 18,
       184, 144, 21, 199, 249, 48, 104, 64, 128, 198, 139, 91, 187, 250,
       136, 203, 176, 186, 67, 175, 77, 94, 167, 12, 238, 246, 196, 246,
       191, 191, 149, 150, 27, 166, 241, 62, 117, 139, 235, 175, 198,
       171, 223, 77, 154, 237, 85, 162, 94, 189, 178, 116, 254, 86, 228,
       217, 53, 211, 111, 55, 84, 189, 237, 145, 216, 181, 0, 78, 107,
       127, 196, 174, 244, 5, 121, 250, 176, 236, 86, 41, 248, 81, 39,
       251, 119, 167, 189, 106, 60, 6, 31, 129, 150, 237, 4, 188, 77,
       247, 167, 27, 127, 80, 83, 194, 4, 222, 95, 1, 151, 126, 215, 102,
       174, 249, 55, 236, 85, 95, 246, 189, 47, 146, 99, 38, 54, 63, 140,
       145, 216, 245, 237, 70, 169, 250, 193, 44, 128, 221, 249, 44, 97,
       190, 250, 173, 205, 253, 200, 235, 84, 37, 8, 142, 207, 127, 31,
       137, 9, 74, 94, 66, 103, 250, 240, 219, 217, 71, 127, 82, 27, 199,
       226, 162, 189, 97, 25, 85, 221, 240, 231, 57, 101, 252, 157, 162,
       156, 22, 53, 136, 154, 215, 1, 254, 186, 116, 183, 47, 80, 16,
       243, 71, 12, 214, 254, 172, 54, 126, 101, 96, 110, 115, 18, 121,
       238, 118, 24, 223, 23, 3, 59, 180, 92, 69, 42, 160, 244, 177, 12,
       199, 251, 96, 0, 226, 161, 70, 243, 54, 156, 254, 190, 252, 211,
       158, 232, 155, 255, 180, 187, 118, 254, 111, 11, 255, 243, 183,
       147, 124, 107, 74, 255, 251, 23, 223, 255, 221, 120, 238, 95, 26,
