%YAML:1.0
---
descriptors: !!opencv-matrix
   rows: 404
   cols: 32
   dt: u
   data: [ 137, 120, 254, 119, 34, 10, 185, 16, 254, 246, 22, 181, 253,
       25, 211, 42, 39, 101, 125, 29, 164, 212, 183, 10, 70, 235, 125,
       128, 108, 177, 3, 219, 89, 76, 142, 165, 36, 106, 116, 22, 168,
       202, 222, 37, 183, 51, 19, 90, 226, 100, 125, 13, 13, 213, 129, 8,
       210, 239, 250, 129, 172, 241, 58, 27, 134, 64, 134, 217, 69, 103,
       184, 74, 30, 19, 86, 18, 140, 155, 41, 77, 248, 9, 179, 144, 34,
       244, 19, 192, 5, 18, 218, 135, 148, 9, 53, 130, 6, 207, 128, 139,
       146, 131, 62, 206, 30, 5, 73, 167, 204, 230, 107, 64, 247, 91,
       131, 149, 18, 152, 9, 246, 44, 22, 158, 195, 148, 87, 181, 94, 49,
       157, 109, 186, 190, 129, 207, 243, 214, 64, 221, 230, 115, 233,
       184, 97, 127, 162, 31, 47, 251, 43, 46, 191, 240, 175, 175, 216,
       61, 234, 240, 121, 195, 119, 189, 165, 188, 15, 239, 55, 122, 232,
       22, 72, 214, 28, 86, 35, 149, 100, 125, 127, 229, 248, 241, 204,
       237, 56, 239, 176, 8, 24, 211, 101, 73, 113, 187, 237, 62, 14, 97,
       29, 236, 200, 115, 68, 159, 147, 65, 74, 178, 44, 126, 124, 129,
       180, 211, 0, 197, 233, 34, 8, 72, 34, 1, 51, 75, 161, 228, 69, 95,
       116, 184, 123, 107, 241, 20, 138, 40, 60, 214, 47, 46, 21, 115,
       173, 149, 120, 183, 205, 31, 90, 219, 175, 231, 164, 87, 229, 2,
       20, 134, 153, 133, 166, 184, 71, 189, 7, 83, 23, 204, 202, 62, 73,
       248, 45, 171, 177, 60, 212, 19, 204, 7, 54, 218, 67, 140, 85, 188,
       86, 16, 184, 201, 243, 71, 172, 233, 71, 62, 19, 98, 150, 157, 3,
       80, 72, 111, 139, 2, 156, 18, 188, 212, 226, 69, 143, 154, 64,
       173, 192, 227, 248, 10, 137, 20, 155, 221, 217, 178, 142, 143, 53,
       24, 3, 172, 184, 106, 196, 201, 27, 171, 81, 22, 40, 91, 245, 45,
       84, 30, 111, 146, 14, 157, 142, 40, 165, 97, 43, 124, 201, 227,
       101, 206, 101, 185, 169, 187, 140, 60, 144, 202, 58, 211, 85, 147,
       58, 92, 191, 125, 21, 32, 120, 85, 14, 214, 250, 29, 53, 250, 173,
       150, 107, 211, 216, 100, 225, 253, 43, 95, 121, 59, 0, 123, 237,
       94, 113, 61, 163, 29, 14, 248, 165, 39, 61, 253, 107, 43, 131,
       120, 227, 74, 32, 16, 201, 95, 205, 35, 164, 172, 169, 3, 131, 66,
       16, 120, 128, 77, 208, 90, 11, 192, 16, 250, 197, 165, 125, 97,
       138, 198, 66, 193, 121, 21, 145, 53, 204, 164, 7, 236, 224, 34,
       68, 188, 146, 0, 245, 128, 39, 106, 12, 69, 184, 208, 72, 165,
       176, 22, 2, 8, 0, 129, 12, 62, 36, 227, 128, 87, 54, 233, 75, 21,
       197, 204, 131, 25, 141, 55, 44, 120, 137, 19, 189, 26, 179, 52,
       202, 91, 77, 154, 0, 167, 108, 116, 240, 231, 106, 128, 5, 9, 31,
       64, 158, 35, 160, 162, 205, 131, 0, 67, 151, 76, 196, 232, 108,
       205, 78, 213, 128, 140, 112, 197, 54, 74, 189, 26, 20, 10, 197,
       128, 143, 213, 230, 190, 47, 28, 7, 91, 3, 236, 58, 46, 196, 209,
       59, 147, 129, 68, 152, 89, 223, 37, 54, 154, 131, 22, 94, 189,
       142, 162, 167, 35, 75, 81, 181, 168, 126, 30, 5, 232, 84, 168,
       199, 44, 244, 220, 27, 130, 156, 178, 138, 114, 255, 47, 220, 154,
       74, 147, 0, 38, 252, 31, 28, 98, 218, 87, 244, 235, 82, 213, 193,
       207, 2, 121, 222, 55, 236, 105, 171, 147, 153, 139, 167, 58, 238,
       27, 239, 138, 64, 187, 207, 120, 220, 49, 159, 75, 201, 182, 135,
       238, 247, 5, 232, 216, 230, 49, 73, 177, 32, 126, 170, 23, 253,
       219, 184, 100, 188, 42, 136, 175, 224, 61, 138, 240, 185, 122,
       157, 113, 232, 125, 215, 91, 123, 7, 236, 220, 11, 11, 159, 114,
       212, 88, 158, 151, 184, 95, 26, 240, 156, 251, 253, 129, 255, 54,
       142, 124, 91, 236, 106, 4, 33, 41, 11, 200, 154, 108, 50, 176,
       205, 143, 2, 145, 159, 136, 196, 206, 108, 12, 110, 199, 128, 132,
       240, 225, 52, 74, 189, 74, 132, 183, 183, 236, 29, 138, 19, 156,
       185, 158, 246, 148, 247, 97, 236, 223, 11, 111, 199, 251, 167,
       236, 69, 239, 43, 74, 3, 253, 157, 253, 124, 24, 93, 105, 245,
       182, 56, 189, 141, 213, 231, 255, 125, 168, 29, 190, 152, 66, 48,
       137, 175, 94, 21, 214, 107, 210, 87, 249, 255, 22, 122, 216, 28,
       195, 75, 87, 163, 164, 14, 168, 16, 142, 136, 139, 254, 149, 167,
       201, 236, 223, 207, 53, 196, 253, 255, 212, 65, 239, 240, 138, 82,
       207, 255, 149, 247, 24, 84, 26, 147, 127, 232, 202, 192, 61, 113,
       164, 68, 217, 247, 77, 199, 168, 64, 102, 153, 191, 160, 209, 155,
       38, 213, 242, 225, 170, 206, 61, 130, 165, 241, 92, 255, 214, 250,
       169, 45, 84, 207, 187, 27, 184, 57, 143, 251, 108, 218, 135, 211,
       237, 16, 30, 107, 138, 225, 187, 215, 86, 127, 210, 208, 143, 11,
       90, 151, 123, 232, 242, 194, 189, 113, 173, 65, 159, 242, 92, 191,
       168, 112, 126, 147, 159, 160, 81, 11, 36, 213, 250, 225, 170, 207,
       55, 2, 165, 179, 204, 80, 190, 246, 44, 108, 127, 152, 170, 158,
       55, 56, 255, 255, 123, 11, 151, 113, 125, 115, 165, 69, 186, 32,
       195, 219, 111, 185, 140, 243, 15, 19, 53, 73, 99, 78, 84, 147,
       135, 97, 196, 64, 245, 66, 113, 72, 180, 228, 88, 168, 18, 235,
       221, 186, 44, 189, 48, 40, 162, 64, 127, 174, 248, 228, 56, 13,
       66, 236, 93, 243, 86, 103, 213, 4, 238, 3, 107, 233, 50, 192, 88,
       170, 130, 98, 92, 171, 80, 159, 115, 231, 128, 89, 119, 14, 252,
       202, 166, 64, 6, 155, 213, 243, 176, 68, 29, 71, 115, 18, 204,
       222, 46, 204, 248, 41, 162, 49, 53, 180, 50, 214, 7, 54, 146, 67,
       213, 93, 253, 198, 246, 135, 75, 206, 248, 83, 78, 249, 21, 10,
       253, 216, 83, 103, 172, 241, 92, 250, 158, 234, 121, 139, 104,
       127, 186, 187, 229, 189, 25, 234, 250, 53, 185, 93, 119, 71, 52,
       94, 231, 180, 100, 104, 114, 64, 243, 21, 149, 181, 126, 244, 86,
       106, 233, 176, 117, 47, 37, 234, 32, 0, 103, 186, 66, 189, 214,
       164, 134, 154, 137, 176, 24, 200, 189, 18, 131, 17, 204, 226, 111,
       223, 241, 229, 233, 179, 62, 199, 139, 227, 152, 242, 207, 95,
       128, 119, 41, 6, 172, 117, 123, 226, 240, 7, 127, 216, 49, 158,
       117, 140, 93, 71, 137, 25, 63, 217, 87, 254, 226, 210, 56, 126,
       125, 143, 165, 236, 170, 243, 38, 243, 18, 182, 147, 186, 27, 160,
       48, 71, 191, 1, 203, 113, 172, 210, 44, 92, 231, 59, 171, 145, 18,
       9, 146, 211, 153, 182, 30, 75, 152, 64, 161, 143, 2, 220, 50, 219,
       245, 211, 250, 199, 127, 77, 222, 18, 236, 254, 38, 228, 249, 59,
       150, 144, 62, 188, 33, 255, 47, 255, 158, 195, 150, 14, 253, 207,
       192, 148, 252, 247, 9, 110, 53, 58, 173, 178, 143, 144, 247, 119,
       8, 111, 39, 118, 249, 10, 105, 228, 219, 225, 199, 243, 87, 19,
       10, 242, 133, 58, 77, 20, 157, 101, 180, 111, 99, 59, 124, 235,
       42, 108, 215, 49, 129, 114, 19, 100, 124, 44, 49, 248, 241, 14,
       237, 255, 101, 20, 232, 224, 67, 49, 249, 133, 29, 167, 28, 102,
       70, 187, 81, 226, 139, 90, 115, 119, 8, 243, 217, 214, 120, 163,
       125, 203, 217, 14, 251, 235, 197, 52, 33, 248, 82, 2, 90, 167,
       102, 30, 27, 211, 61, 47, 239, 196, 202, 165, 104, 174, 22, 81,
       162, 175, 233, 133, 220, 201, 39, 221, 250, 34, 152, 147, 23, 6,
       181, 94, 48, 224, 61, 99, 20, 79, 71, 172, 100, 38, 103, 8, 211,
       21, 136, 48, 153, 16, 64, 106, 72, 180, 121, 31, 101, 207, 33, 52,
       65, 26, 198, 34, 114, 113, 82, 140, 91, 79, 58, 104, 173, 4, 225,
       9, 206, 214, 47, 208, 254, 157, 219, 227, 76, 3, 210, 221, 177,
       180, 11, 63, 16, 39, 47, 134, 114, 3, 194, 140, 202, 66, 156, 79,
       165, 133, 152, 163, 13, 38, 39, 82, 110, 149, 239, 160, 88, 11, 1,
       192, 184, 36, 207, 159, 165, 100, 167, 235, 185, 210, 107, 201,
       180, 159, 233, 119, 84, 105, 118, 246, 19, 8, 182, 96, 111, 136,
       23, 157, 255, 188, 101, 214, 126, 79, 182, 192, 253, 140, 240,
       253, 124, 248, 185, 234, 137, 71, 83, 216, 35, 252, 173, 9, 95,
       215, 65, 210, 221, 213, 221, 242, 74, 67, 251, 20, 251, 197, 39,
       124, 162, 50, 38, 115, 6, 161, 166, 163, 199, 84, 184, 193, 175,
