%YAML:1.0
---
descriptors: !!opencv-matrix
   rows: 284
   cols: 32
   dt: u
   data: [ 21, 135, 207, 229, 134, 34, 237, 219, 68, 147, 218, 230, 81,
       99, 185, 106, 127, 198, 62, 188, 153, 241, 5, 194, 220, 174, 239,
       132, 173, 250, 240, 33, 3, 52, 176, 145, 119, 245, 184, 66, 30,
       123, 81, 51, 140, 158, 118, 40, 143, 27, 147, 21, 182, 92, 50,
       210, 13, 22, 27, 239, 148, 77, 29, 215, 49, 141, 111, 236, 30,
       131, 207, 119, 84, 97, 218, 198, 113, 41, 176, 96, 122, 164, 30,
       173, 217, 187, 5, 159, 240, 174, 163, 132, 61, 168, 240, 40, 14,
       157, 24, 139, 213, 183, 186, 205, 31, 13, 92, 3, 236, 120, 63,
       196, 223, 27, 147, 113, 22, 176, 73, 255, 111, 29, 143, 195, 158,
       95, 153, 215, 2, 133, 48, 137, 253, 249, 176, 143, 143, 53, 26, 3,
       140, 190, 110, 192, 193, 27, 171, 17, 22, 56, 75, 241, 47, 20, 31,
       127, 144, 14, 157, 78, 163, 13, 99, 69, 205, 63, 164, 103, 92,
       226, 250, 86, 136, 56, 149, 165, 232, 166, 218, 173, 229, 191,
       117, 202, 54, 28, 134, 2, 79, 108, 120, 140, 139, 82, 98, 153,
       103, 151, 184, 72, 95, 92, 87, 167, 236, 200, 191, 237, 254, 41,
       178, 197, 199, 180, 54, 217, 6, 88, 11, 139, 95, 13, 121, 213,
       130, 159, 50, 153, 245, 210, 190, 231, 29, 78, 94, 55, 236, 110,
       182, 68, 255, 43, 151, 161, 246, 152, 9, 255, 46, 118, 158, 195,
       22, 76, 181, 159, 10, 201, 144, 157, 95, 149, 186, 161, 15, 5, 66,
       3, 172, 222, 38, 196, 200, 57, 163, 193, 70, 24, 90, 245, 47, 52,
       143, 75, 22, 12, 61, 142, 2, 159, 58, 203, 244, 199, 191, 239, 31,
       204, 88, 230, 180, 220, 183, 0, 222, 59, 23, 113, 215, 184, 104,
       255, 44, 28, 143, 226, 29, 10, 181, 223, 25, 222, 107, 89, 246,
       155, 233, 119, 85, 73, 126, 246, 25, 12, 180, 100, 111, 138, 22,
       157, 191, 188, 101, 215, 46, 79, 182, 192, 255, 136, 240, 189, 10,
       132, 20, 153, 213, 247, 176, 43, 29, 55, 91, 19, 204, 60, 46, 205,
       209, 27, 179, 49, 54, 184, 91, 215, 13, 18, 218, 71, 150, 76, 157,
       134, 241, 95, 69, 236, 44, 2, 79, 126, 68, 202, 218, 230, 51, 35,
       177, 99, 78, 228, 61, 236, 233, 139, 101, 152, 240, 170, 230, 148,
       61, 248, 112, 41, 23, 131, 239, 211, 194, 2, 189, 221, 62, 51, 82,
       194, 29, 175, 249, 105, 119, 223, 55, 223, 211, 216, 45, 240, 220,
       42, 254, 196, 165, 213, 177, 232, 181, 70, 74, 184, 150, 163, 232,
       84, 84, 3, 243, 246, 81, 201, 184, 72, 127, 172, 6, 189, 184, 183,
       4, 222, 208, 231, 186, 68, 189, 153, 248, 128, 81, 64, 91, 237,
       102, 138, 104, 87, 44, 33, 82, 226, 181, 135, 160, 72, 102, 61,
       63, 140, 1, 157, 133, 197, 148, 164, 186, 128, 36, 128, 33, 169,
       57, 198, 106, 233, 54, 131, 237, 87, 85, 75, 254, 246, 17, 131,
       184, 96, 127, 136, 22, 172, 219, 159, 37, 214, 242, 239, 190, 196,
       61, 136, 240, 177, 126, 99, 128, 5, 169, 26, 6, 170, 35, 190, 168,
       237, 234, 97, 203, 150, 221, 196, 236, 231, 204, 99, 207, 56, 190,
       113, 199, 63, 66, 253, 10, 5, 247, 94, 237, 85, 206, 50, 143, 184,
       82, 242, 151, 246, 81, 100, 223, 239, 127, 196, 127, 239, 233,
       246, 239, 202, 46, 42, 237, 164, 191, 255, 120, 116, 150, 92, 254,
       223, 15, 114, 57, 74, 157, 214, 215, 151, 76, 126, 55, 111, 231,
       245, 251, 163, 164, 197, 59, 202, 83, 122, 203, 131, 167, 117, 37,
       247, 200, 47, 156, 229, 52, 14, 126, 50, 121, 174, 190, 108, 255,
       43, 129, 147, 151, 231, 108, 110, 104, 208, 193, 46, 238, 255,
       101, 129, 66, 240, 74, 11, 169, 60, 156, 112, 237, 173, 80, 94,
       251, 187, 36, 28, 191, 185, 66, 155, 129, 34, 100, 28, 62, 109,
       90, 18, 207, 219, 85, 120, 202, 200, 74, 139, 72, 245, 255, 255,
       52, 204, 117, 54, 225, 79, 238, 0, 183, 245, 11, 114, 194, 254,
       125, 8, 74, 152, 242, 41, 231, 255, 114, 1, 32, 208, 86, 107, 137,
       249, 51, 42, 117, 141, 227, 240, 239, 72, 120, 76, 190, 217, 48,
       16, 182, 41, 86, 95, 195, 56, 154, 127, 229, 220, 35, 106, 88, 2,
       67, 235, 64, 47, 12, 229, 181, 14, 96, 63, 109, 168, 218, 77, 143,
       41, 17, 80, 128, 134, 108, 1, 76, 184, 193, 140, 134, 241, 48, 21,
       12, 192, 90, 10, 125, 111, 193, 199, 222, 27, 79, 252, 65, 226,
       190, 238, 115, 33, 147, 182, 94, 230, 92, 238, 205, 178, 237, 174,
       186, 205, 229, 180, 111, 255, 218, 117, 41, 66, 65, 77, 56, 22,
       202, 56, 100, 200, 243, 228, 211, 66, 149, 244, 92, 236, 68, 234,
       205, 178, 69, 12, 36, 184, 163, 132, 95, 162, 106, 133, 214, 117,
       18, 138, 235, 77, 62, 204, 175, 6, 187, 9, 142, 214, 41, 208, 254,
       217, 255, 194, 108, 3, 154, 242, 177, 176, 11, 59, 16, 19, 47, 15,
       7, 158, 175, 147, 228, 246, 191, 183, 222, 95, 86, 247, 112, 60,
       254, 107, 239, 95, 55, 151, 183, 252, 47, 98, 46, 47, 254, 194,
       141, 89, 189, 223, 23, 129, 103, 145, 214, 151, 168, 105, 84, 193,
       83, 198, 73, 76, 188, 173, 126, 9, 18, 255, 213, 240, 37, 196, 12,
       10, 207, 196, 141, 13, 249, 212, 15, 54, 240, 99, 243, 54, 251,
       19, 105, 234, 125, 229, 217, 47, 215, 190, 23, 93, 149, 191, 145,
       212, 188, 202, 78, 223, 175, 132, 239, 231, 75, 245, 64, 145, 183,
       253, 12, 78, 97, 49, 160, 149, 227, 64, 246, 55, 8, 7, 0, 116,
       121, 72, 89, 233, 243, 13, 205, 170, 64, 0, 96, 170, 68, 122, 169,
       223, 33, 234, 245, 149, 223, 247, 21, 93, 124, 118, 57, 29, 178,
       37, 204, 154, 151, 204, 251, 58, 96, 191, 111, 217, 182, 200, 83,
       156, 244, 253, 38, 65, 54, 140, 77, 71, 176, 72, 140, 148, 113, 3,
       12, 216, 63, 143, 200, 57, 147, 99, 68, 51, 82, 192, 21, 16, 74,
       43, 85, 63, 127, 134, 46, 248, 250, 222, 253, 213, 190, 206, 27,
       207, 124, 43, 40, 252, 126, 132, 255, 123, 179, 145, 22, 62, 218,
       243, 127, 95, 159, 235, 215, 94, 255, 223, 11, 133, 32, 137, 213,
       215, 190, 109, 76, 69, 89, 3, 232, 12, 62, 228, 216, 19, 147, 229,
       214, 184, 125, 221, 45, 20, 142, 199, 23, 14, 189, 198, 129, 176,
       153, 245, 68, 173, 161, 19, 58, 185, 114, 88, 183, 145, 64, 41,
       25, 62, 114, 24, 19, 124, 211, 17, 205, 130, 115, 96, 200, 8, 131,
       160, 1, 235, 1, 227, 52, 143, 99, 176, 111, 168, 14, 76, 247, 65,
       208, 244, 144, 108, 126, 94, 195, 184, 121, 61, 175, 156, 37, 52,
       10, 154, 80, 40, 178, 249, 89, 234, 123, 213, 26, 224, 139, 64,
       148, 170, 62, 223, 100, 48, 166, 185, 221, 194, 75, 15, 186, 255,
       251, 213, 9, 251, 60, 130, 47, 59, 1, 140, 91, 237, 48, 175, 107,
       55, 116, 1, 74, 70, 241, 35, 160, 96, 87, 182, 30, 184, 185, 152,
       85, 31, 236, 174, 162, 192, 184, 130, 160, 40, 198, 176, 172, 155,
       235, 240, 188, 143, 158, 23, 7, 183, 236, 238, 110, 207, 231, 83,
       251, 145, 54, 77, 159, 225, 46, 50, 222, 203, 142, 84, 173, 223,
       209, 182, 140, 55, 58, 50, 22, 175, 52, 239, 130, 181, 119, 110,
       2, 67, 245, 231, 237, 165, 188, 201, 105, 46, 248, 227, 239, 149,
       40, 32, 172, 91, 55, 243, 234, 10, 238, 16, 223, 216, 71, 84, 245,
       231, 73, 204, 255, 56, 127, 201, 151, 247, 207, 39, 174, 241, 50,
       73, 175, 237, 255, 183, 254, 213, 214, 180, 228, 153, 139, 113,
       156, 137, 155, 247, 133, 191, 205, 236, 95, 206, 199, 215, 249,
       151, 62, 71, 223, 210, 154, 82, 223, 255, 150, 117, 157, 86, 49,
       135, 111, 204, 62, 131, 205, 127, 84, 232, 220, 230, 115, 232,
       180, 32, 126, 170, 23, 173, 249, 171, 36, 159, 122, 79, 161, 248,
       125, 168, 240, 245, 51, 191, 107, 235, 214, 135, 187, 119, 94, 77,
       92, 198, 49, 141, 54, 96, 126, 43, 23, 157, 243, 186, 52, 223,
       111, 141, 174, 224, 189, 138, 241, 249, 88, 113, 19, 228, 19, 202,
       51, 104, 165, 132, 103, 40, 94, 215, 40, 80, 50, 189, 205, 224,
       64, 145, 160, 76, 209, 160, 2, 3, 34, 34, 39, 99, 67, 243, 165, 1,
       252, 29, 173, 158, 110, 121, 18, 236, 144, 36, 220, 38, 5, 78,
       126, 93, 195, 88, 245, 117, 44, 24, 190, 228, 140, 156, 209, 221,
       37, 113, 24, 69, 116, 31, 226, 184, 106, 232, 116, 76, 210, 24,
