%YAML:1.0
---
descriptors: !!opencv-matrix
   rows: 271
   cols: 32
   dt: u
   data: [ 54, 48, 177, 240, 93, 205, 144, 72, 203, 177, 177, 8, 142,
       159, 77, 62, 136, 145, 223, 80, 10, 99, 218, 208, 155, 208, 17,
       127, 194, 11, 7, 22, 118, 112, 154, 168, 43, 121, 16, 72, 174, 12,
       161, 41, 142, 214, 43, 88, 238, 145, 207, 83, 12, 3, 202, 208,
       209, 241, 75, 63, 144, 3, 47, 131, 201, 0, 245, 101, 36, 42, 105,
       26, 120, 130, 118, 64, 179, 51, 145, 123, 118, 148, 60, 40, 169,
       244, 245, 72, 199, 171, 98, 132, 100, 240, 98, 41, 49, 143, 75,
       254, 150, 162, 75, 247, 212, 1, 218, 198, 113, 227, 176, 96, 120,
       170, 30, 140, 187, 155, 12, 191, 248, 175, 162, 192, 189, 202,
       240, 168, 201, 180, 153, 241, 169, 44, 56, 159, 186, 187, 2, 84,
       156, 179, 72, 123, 167, 23, 124, 56, 179, 92, 147, 66, 205, 185,
       127, 238, 136, 64, 163, 49, 108, 111, 24, 231, 164, 31, 126, 184,
       51, 174, 191, 8, 223, 107, 65, 210, 146, 197, 76, 106, 108, 112,
       201, 42, 238, 255, 101, 53, 98, 243, 74, 3, 247, 47, 192, 180,
       205, 56, 228, 199, 251, 191, 176, 255, 42, 168, 215, 158, 233,
       231, 238, 149, 190, 111, 198, 226, 158, 86, 223, 187, 239, 124,
       250, 141, 120, 119, 236, 167, 10, 26, 86, 40, 34, 230, 131, 173,
       231, 108, 91, 155, 19, 229, 237, 231, 204, 116, 221, 8, 250, 227,
       237, 145, 109, 119, 30, 82, 222, 135, 174, 172, 174, 82, 158, 232,
       136, 254, 149, 171, 207, 108, 59, 139, 151, 69, 253, 103, 236, 69,
       175, 140, 250, 227, 239, 159, 36, 126, 61, 91, 0, 160, 29, 249,
       76, 205, 161, 107, 142, 53, 33, 24, 148, 215, 104, 40, 129, 25,
       74, 17, 19, 124, 106, 85, 13, 132, 59, 124, 144, 8, 133, 162, 0,
       184, 17, 153, 200, 205, 165, 199, 142, 27, 104, 112, 180, 150, 96,
       226, 1, 27, 106, 24, 83, 24, 170, 81, 45, 128, 62, 104, 144, 72,
       133, 168, 170, 229, 37, 186, 25, 165, 221, 239, 151, 23, 200, 21,
       168, 239, 54, 196, 205, 155, 187, 133, 238, 11, 114, 243, 167,
       116, 158, 59, 18, 84, 180, 222, 191, 255, 98, 138, 231, 241, 190,
       212, 141, 68, 125, 191, 72, 253, 191, 164, 127, 251, 151, 215,
       247, 179, 62, 226, 114, 89, 142, 203, 127, 223, 191, 247, 86, 176,
       164, 154, 155, 16, 152, 141, 139, 21, 133, 183, 204, 254, 78, 206,
       247, 211, 249, 145, 86, 79, 223, 241, 154, 114, 223, 255, 150, 68,
       175, 86, 240, 160, 152, 112, 108, 173, 81, 87, 235, 29, 180, 24,
       55, 155, 64, 27, 161, 147, 108, 24, 26, 107, 146, 17, 219, 217,
       112, 123, 224, 128, 198, 43, 124, 125, 233, 228, 77, 108, 87, 164,
       161, 230, 172, 9, 211, 191, 65, 18, 136, 244, 249, 98, 73, 67,
       218, 32, 243, 193, 197, 57, 32, 251, 86, 114, 55, 37, 106, 12,
       214, 147, 194, 124, 68, 192, 253, 102, 99, 232, 183, 164, 94, 234,
       22, 255, 205, 179, 76, 156, 58, 13, 165, 160, 127, 190, 120, 133,
       200, 57, 155, 253, 161, 236, 112, 19, 169, 139, 66, 81, 190, 183,
       1, 219, 228, 55, 253, 16, 17, 220, 144, 64, 199, 249, 122, 194,
       136, 65, 163, 59, 42, 143, 18, 170, 213, 179, 178, 103, 143, 5,
       90, 67, 236, 234, 32, 192, 217, 42, 130, 48, 22, 139, 64, 191,
       170, 246, 138, 67, 146, 78, 185, 142, 44, 44, 184, 242, 253, 173,
       80, 202, 219, 185, 188, 24, 158, 153, 93, 58, 137, 200, 95, 24,
       58, 103, 218, 178, 219, 221, 21, 127, 210, 73, 82, 162, 130, 124,
       151, 144, 235, 233, 181, 199, 174, 210, 114, 50, 172, 182, 101,
       111, 163, 123, 234, 65, 32, 221, 130, 242, 189, 50, 94, 43, 128,
       81, 165, 175, 109, 33, 229, 197, 173, 78, 111, 56, 103, 250, 167,
       72, 219, 37, 81, 254, 89, 196, 125, 124, 153, 240, 249, 136, 239,
       250, 197, 20, 194, 255, 84, 96, 77, 0, 181, 103, 37, 78, 231, 48,
       108, 226, 167, 0, 219, 125, 25, 98, 152, 68, 124, 110, 8, 240,
       121, 8, 197, 255, 97, 16, 66, 251, 80, 98, 248, 77, 82, 236, 149,
       6, 94, 182, 53, 128, 206, 7, 123, 35, 33, 208, 112, 230, 173, 238,
       108, 155, 17, 174, 243, 239, 134, 17, 42, 242, 248, 10, 84, 29,
       30, 254, 13, 231, 17, 105, 198, 2, 203, 2, 242, 242, 33, 97, 208,
       176, 106, 34, 45, 163, 91, 29, 209, 166, 195, 27, 24, 43, 112, 2,
       57, 150, 105, 197, 118, 186, 233, 51, 116, 235, 254, 246, 179, 45,
       148, 96, 111, 174, 22, 140, 185, 188, 101, 143, 78, 175, 176, 192,
       111, 136, 80, 249, 88, 64, 190, 247, 32, 108, 89, 23, 164, 23,
       231, 17, 215, 23, 10, 90, 231, 151, 109, 24, 24, 204, 195, 34,
       215, 231, 112, 81, 160, 193, 132, 99, 82, 14, 238, 188, 146, 162,
       63, 246, 181, 135, 222, 247, 45, 167, 167, 80, 103, 255, 167, 133,
       112, 219, 4, 239, 122, 102, 254, 129, 165, 212, 173, 89, 25, 188,
       25, 242, 249, 175, 87, 119, 61, 106, 108, 76, 191, 119, 0, 49,
       181, 179, 92, 40, 57, 58, 24, 125, 249, 223, 21, 106, 74, 64, 131,
       59, 3, 21, 19, 143, 215, 147, 174, 101, 28, 201, 91, 230, 236,
       250, 188, 164, 254, 59, 146, 177, 87, 184, 29, 238, 44, 20, 158,
       130, 31, 14, 185, 157, 50, 172, 227, 158, 223, 225, 158, 195, 150,
       71, 216, 163, 40, 236, 55, 128, 91, 251, 147, 147, 30, 143, 78,
       255, 56, 6, 159, 171, 181, 78, 61, 222, 15, 159, 252, 119, 161,
       148, 191, 188, 155, 223, 30, 181, 253, 253, 218, 175, 151, 123,
       181, 95, 247, 216, 63, 179, 111, 95, 125, 198, 134, 246, 157, 121,
       56, 184, 58, 104, 123, 205, 81, 255, 235, 29, 180, 8, 30, 151, 96,
       52, 165, 26, 197, 24, 74, 43, 178, 21, 123, 221, 48, 127, 115,
       128, 103, 235, 93, 66, 78, 47, 48, 10, 94, 56, 100, 76, 199, 165,
       215, 106, 155, 80, 82, 133, 236, 103, 204, 144, 205, 28, 230, 227,
       96, 149, 44, 179, 12, 83, 76, 35, 24, 103, 112, 14, 123, 24, 104,
       172, 119, 45, 223, 67, 139, 82, 182, 68, 108, 110, 0, 240, 137,
       12, 231, 233, 33, 5, 64, 179, 74, 3, 109, 98, 24, 103, 48, 15,
       114, 56, 113, 172, 55, 13, 95, 1, 74, 16, 180, 68, 197, 110, 136,
       240, 137, 8, 239, 217, 37, 53, 98, 162, 74, 195, 127, 230, 225,
       71, 255, 19, 79, 248, 83, 238, 189, 174, 91, 108, 151, 180, 127,
       196, 214, 238, 237, 247, 237, 174, 58, 79, 165, 181, 103, 255,
       250, 85, 222, 87, 236, 167, 175, 83, 158, 232, 140, 254, 149, 167,
       207, 110, 151, 139, 255, 213, 253, 231, 236, 103, 111, 200, 178,
       195, 239, 183, 39, 126, 61, 95, 191, 197, 227, 78, 255, 113, 222,
       232, 147, 206, 253, 171, 105, 236, 255, 180, 127, 219, 151, 255,
       252, 39, 46, 254, 123, 93, 143, 191, 247, 255, 254, 214, 135, 86,
       237, 87, 142, 54, 175, 184, 86, 242, 151, 214, 80, 108, 255, 111,
       127, 196, 122, 239, 229, 103, 127, 234, 60, 10, 239, 148, 189,
       255, 240, 244, 143, 156, 246, 215, 231, 118, 191, 183, 57, 95, 95,
       183, 76, 127, 174, 237, 55, 119, 183, 158, 177, 220, 60, 230, 111,
       126, 222, 195, 135, 212, 165, 253, 198, 4, 175, 149, 207, 102,
       189, 15, 190, 247, 139, 147, 204, 62, 95, 75, 231, 23, 251, 181,
       52, 212, 241, 192, 79, 51, 223, 199, 132, 116, 165, 214, 45, 124,
       61, 120, 173, 47, 71, 250, 253, 250, 172, 12, 214, 121, 17, 59,
       201, 64, 90, 46, 249, 99, 123, 44, 247, 219, 69, 126, 218, 121,
       82, 32, 222, 94, 228, 186, 175, 114, 156, 200, 143, 94, 147, 183,
       204, 110, 111, 207, 231, 85, 253, 247, 164, 69, 47, 240, 147, 114,
       207, 159, 151, 127, 53, 87, 41, 188, 31, 104, 241, 175, 115, 119,
       109, 9, 108, 8, 127, 115, 0, 48, 161, 187, 86, 40, 17, 154, 18,
       61, 223, 223, 16, 72, 234, 194, 194, 170, 85, 141, 79, 236, 148,
       66, 79, 169, 100, 32, 234, 2, 83, 99, 48, 113, 120, 246, 40, 234,
       120, 145, 53, 44, 241, 235, 198, 20, 49, 187, 240, 32, 76, 184,
       185, 113, 146, 237, 59, 218, 186, 251, 52, 24, 222, 247, 72, 56,
       165, 95, 125, 216, 19, 81, 186, 114, 207, 223, 37, 118, 192, 241,
       135, 115, 47, 178, 130, 170, 127, 161, 187, 200, 30, 77, 89, 183,
       236, 232, 186, 0, 255, 73, 135, 247, 22, 50, 10, 247, 92, 20, 171,
