%YAML:1.0
---
descriptors: !!opencv-matrix
   rows: 272
   cols: 32
   dt: u
   data: [ 128, 166, 21, 193, 236, 45, 168, 255, 14, 51, 24, 90, 148, 35,
       88, 43, 191, 11, 123, 57, 50, 124, 219, 209, 205, 152, 223, 124,
       84, 200, 129, 160, 163, 41, 129, 154, 205, 213, 164, 199, 223,
       216, 80, 74, 164, 248, 117, 175, 200, 106, 50, 83, 215, 106, 222,
       240, 45, 16, 223, 43, 20, 124, 249, 206, 58, 144, 254, 248, 53,
       86, 217, 253, 27, 125, 181, 57, 94, 125, 62, 57, 159, 21, 181, 49,
       158, 235, 59, 213, 203, 123, 217, 223, 214, 140, 150, 87, 52, 33,
       185, 120, 217, 236, 85, 89, 226, 128, 173, 24, 114, 215, 72, 56,
       16, 178, 80, 24, 27, 99, 242, 4, 251, 141, 1, 89, 225, 32, 230,
       162, 50, 253, 240, 218, 221, 197, 214, 239, 15, 173, 188, 11, 46,
       253, 102, 20, 249, 251, 215, 17, 26, 43, 90, 243, 123, 84, 157,
       127, 215, 78, 246, 234, 250, 48, 172, 84, 139, 253, 145, 71, 155,
       255, 150, 63, 42, 188, 86, 171, 237, 183, 253, 145, 191, 111, 242,
       194, 91, 87, 220, 251, 207, 76, 158, 95, 152, 187, 126, 85, 34,
       90, 181, 49, 172, 190, 54, 160, 123, 7, 132, 55, 46, 118, 77, 106,
       224, 237, 49, 45, 99, 235, 100, 145, 99, 160, 71, 251, 31, 119,
       65, 165, 242, 22, 110, 248, 49, 232, 216, 239, 93, 102, 155, 240,
       62, 205, 21, 239, 237, 146, 125, 206, 188, 109, 175, 164, 45, 247,
       42, 213, 165, 67, 93, 101, 52, 14, 111, 188, 117, 168, 114, 72,
       211, 1, 153, 49, 18, 204, 100, 106, 233, 176, 65, 12, 228, 186,
       101, 4, 104, 187, 66, 161, 244, 96, 158, 112, 73, 45, 80, 192,
       163, 182, 164, 24, 78, 153, 65, 27, 169, 213, 236, 114, 44, 103,
       154, 160, 219, 219, 85, 63, 225, 121, 78, 2, 68, 48, 248, 101,
       224, 46, 105, 24, 122, 187, 127, 84, 215, 115, 201, 122, 55, 92,
       125, 58, 144, 208, 217, 64, 205, 175, 99, 36, 136, 227, 67, 161,
       45, 177, 16, 227, 237, 61, 161, 25, 78, 113, 53, 28, 220, 88, 88,
       172, 155, 11, 250, 57, 19, 120, 123, 213, 13, 217, 31, 124, 158,
       10, 153, 177, 40, 93, 57, 255, 61, 205, 83, 50, 214, 72, 237, 0,
       183, 253, 32, 96, 212, 122, 159, 74, 235, 168, 122, 63, 227, 239,
       33, 24, 82, 10, 20, 51, 96, 28, 127, 109, 112, 78, 121, 55, 121,
       76, 118, 64, 17, 55, 128, 112, 54, 60, 102, 40, 145, 184, 177, 94,
       111, 175, 32, 192, 64, 160, 70, 249, 138, 169, 162, 152, 215, 208,
       177, 71, 159, 69, 84, 179, 44, 156, 102, 140, 235, 59, 131, 145,
       22, 190, 34, 211, 79, 87, 26, 107, 215, 12, 191, 222, 244, 73,
       103, 238, 15, 82, 78, 224, 229, 160, 178, 2, 67, 106, 53, 247,
       120, 228, 108, 234, 108, 231, 45, 173, 179, 234, 195, 21, 101,
       187, 116, 36, 212, 90, 223, 254, 42, 108, 95, 152, 160, 174, 166,
       237, 119, 247, 137, 91, 54, 245, 125, 234, 104, 71, 170, 40, 209,
       163, 97, 152, 32, 243, 6, 123, 178, 140, 221, 254, 156, 39, 196,
       175, 83, 187, 184, 26, 114, 121, 93, 11, 217, 215, 53, 49, 56,
       110, 219, 191, 185, 158, 213, 118, 245, 120, 208, 42, 182, 32,
       241, 225, 231, 59, 248, 0, 107, 177, 179, 155, 143, 31, 93, 58,
       191, 221, 85, 189, 152, 240, 197, 192, 159, 216, 1, 230, 231, 229,
       67, 134, 56, 173, 252, 105, 157, 207, 87, 191, 87, 165, 174, 8,
       147, 57, 16, 16, 72, 214, 76, 88, 58, 232, 113, 61, 235, 207, 37,
       85, 242, 136, 212, 42, 60, 206, 224, 227, 197, 42, 238, 246, 113,
       47, 250, 118, 11, 41, 21, 157, 123, 199, 23, 170, 252, 184, 73,
       230, 54, 223, 246, 197, 239, 219, 250, 138, 245, 124, 149, 242,
       44, 109, 65, 140, 251, 250, 162, 24, 214, 214, 197, 63, 137, 245,
       108, 26, 41, 103, 250, 34, 153, 218, 85, 62, 192, 121, 66, 101,
       37, 73, 115, 75, 228, 204, 111, 144, 101, 64, 126, 66, 115, 85,
       157, 116, 122, 218, 22, 254, 211, 176, 124, 225, 103, 172, 164,
       192, 103, 219, 212, 224, 94, 2, 214, 125, 35, 58, 120, 27, 57,
       155, 99, 241, 79, 3, 5, 218, 39, 181, 253, 176, 8, 212, 131, 64,
       214, 251, 114, 135, 162, 228, 111, 3, 1, 190, 123, 185, 112, 171,
       113, 119, 125, 79, 120, 101, 190, 179, 160, 16, 167, 59, 87, 8,
       147, 184, 0, 127, 228, 158, 50, 194, 76, 128, 131, 235, 58, 185,
       242, 248, 221, 221, 212, 199, 27, 45, 248, 11, 42, 189, 118, 16,
       233, 187, 215, 145, 30, 59, 210, 247, 123, 220, 20, 123, 247, 28,
       246, 206, 209, 77, 74, 229, 148, 138, 111, 231, 116, 130, 234, 2,
       115, 35, 177, 113, 122, 238, 10, 238, 104, 184, 5, 46, 246, 239,
       198, 0, 101, 248, 240, 168, 50, 185, 218, 248, 253, 133, 214, 239,
       155, 161, 248, 11, 46, 251, 100, 16, 217, 187, 151, 16, 26, 59,
       154, 243, 123, 221, 149, 127, 241, 72, 230, 138, 27, 165, 34, 130,
       87, 213, 234, 77, 79, 65, 29, 10, 108, 217, 92, 164, 187, 11, 211,
       157, 150, 185, 26, 223, 59, 92, 156, 227, 199, 14, 153, 142, 65,
       105, 154, 180, 114, 141, 190, 198, 170, 168, 56, 232, 188, 178,
       193, 18, 174, 111, 82, 93, 194, 235, 130, 104, 124, 13, 63, 168,
       205, 49, 3, 137, 170, 178, 56, 50, 121, 253, 176, 202, 255, 125,
       53, 61, 142, 220, 78, 24, 141, 27, 227, 17, 22, 110, 186, 215, 95,
       87, 17, 127, 194, 12, 15, 215, 255, 81, 95, 228, 44, 78, 95, 56,
       177, 234, 242, 110, 91, 63, 13, 115, 254, 213, 125, 226, 233, 199,
       241, 200, 179, 251, 231, 150, 41, 179, 98, 49, 19, 207, 66, 158,
       214, 147, 174, 229, 141, 64, 88, 231, 41, 136, 182, 132, 110, 235,
       151, 199, 199, 187, 4, 253, 50, 44, 174, 131, 63, 158, 57, 157,
       244, 106, 190, 116, 109, 13, 85, 204, 227, 190, 180, 24, 66, 217,
       69, 27, 137, 244, 103, 90, 104, 103, 138, 0, 83, 219, 85, 61, 195,
       249, 70, 139, 114, 212, 183, 236, 75, 96, 151, 238, 130, 20, 136,
       139, 116, 255, 41, 3, 252, 213, 121, 227, 72, 67, 154, 185, 241,
       160, 207, 63, 53, 123, 55, 250, 77, 49, 157, 229, 224, 46, 104,
       25, 58, 187, 107, 80, 215, 51, 73, 122, 183, 93, 116, 60, 17, 208,
       153, 2, 205, 237, 103, 68, 168, 227, 75, 129, 58, 40, 114, 233,
       119, 155, 250, 64, 125, 160, 242, 139, 15, 137, 21, 148, 250, 189,
       215, 81, 8, 178, 64, 206, 151, 252, 0, 51, 103, 174, 70, 134, 26,
       143, 34, 154, 215, 241, 184, 103, 159, 5, 92, 163, 44, 140, 38,
       196, 235, 59, 131, 145, 86, 185, 6, 247, 58, 69, 154, 203, 55, 12,
       189, 206, 13, 177, 24, 195, 237, 61, 240, 153, 79, 121, 189, 94,
       222, 89, 218, 172, 187, 11, 222, 57, 151, 112, 121, 213, 207, 221,
       59, 117, 222, 15, 217, 213, 120, 13, 62, 110, 185, 238, 87, 55,
       225, 140, 174, 8, 123, 119, 34, 115, 196, 246, 109, 106, 88, 43,
       226, 45, 243, 251, 100, 89, 114, 226, 230, 35, 141, 98, 83, 101,
       100, 28, 105, 88, 104, 154, 117, 100, 159, 193, 209, 191, 54, 76,
       102, 110, 129, 244, 162, 0, 132, 217, 99, 164, 74, 179, 75, 161,
       106, 160, 228, 81, 237, 121, 81, 143, 107, 119, 180, 25, 170, 28,
       222, 191, 129, 134, 236, 16, 30, 108, 243, 241, 15, 90, 84, 127,
       195, 92, 222, 110, 218, 92, 118, 124, 11, 210, 91, 150, 165, 198,
       198, 161, 111, 223, 35, 119, 38, 244, 253, 194, 108, 197, 179,
       173, 243, 243, 64, 147, 38, 181, 44, 95, 162, 186, 144, 184, 253,
       233, 176, 79, 159, 23, 64, 57, 172, 154, 98, 12, 201, 27, 131, 17,
       54, 126, 66, 243, 157, 22, 26, 123, 208, 76, 143, 143, 168, 76,
       125, 127, 100, 111, 85, 50, 84, 162, 103, 24, 243, 57, 17, 25, 72,
       172, 67, 42, 40, 246, 81, 30, 71, 203, 112, 1, 97, 233, 90, 170,
       220, 182, 216, 99, 224, 110, 121, 149, 50, 191, 39, 61, 159, 55,
       74, 27, 167, 223, 101, 16, 56, 220, 217, 2, 207, 199, 117, 101,
       224, 194, 134, 115, 69, 238, 215, 158, 252, 160, 238, 174, 218,
       163, 90, 210, 253, 234, 249, 66, 19, 111, 106, 191, 115, 77, 143,
       255, 172, 54, 239, 108, 140, 243, 129, 160, 57, 249, 26, 104, 125,
       157, 82, 221, 111, 104, 252, 76, 63, 217, 104, 176, 184, 56, 86,
       72, 219, 59, 50, 49, 251, 221, 36, 56, 122, 138, 202, 187, 53,
