%YAML:1.0
---
descriptors: !!opencv-matrix
   rows: 342
   cols: 32
   dt: u
   data: [ 53, 197, 73, 237, 156, 67, 71, 248, 86, 228, 217, 138, 83,
       225, 113, 96, 89, 200, 34, 238, 107, 178, 125, 159, 253, 142, 133,
       124, 61, 187, 112, 160, 247, 224, 248, 194, 143, 83, 214, 200, 83,
       182, 149, 26, 195, 104, 223, 175, 89, 196, 236, 123, 238, 103,
       237, 178, 250, 201, 199, 127, 231, 127, 120, 6, 215, 166, 104,
       218, 159, 49, 218, 200, 86, 55, 149, 31, 200, 202, 94, 235, 249,
       203, 255, 183, 190, 71, 223, 247, 90, 11, 207, 255, 181, 103, 248,
       6, 174, 126, 246, 94, 203, 63, 158, 207, 159, 39, 184, 155, 204,
       172, 55, 9, 223, 211, 243, 3, 176, 111, 90, 250, 113, 86, 95, 187,
       215, 125, 239, 223, 182, 194, 236, 154, 175, 51, 210, 200, 223,
       151, 181, 19, 74, 232, 127, 10, 249, 65, 234, 115, 54, 103, 75,
       242, 26, 27, 69, 95, 213, 127, 252, 134, 161, 197, 76, 101, 52,
       10, 110, 61, 116, 226, 118, 196, 243, 35, 154, 81, 18, 204, 108,
       110, 233, 252, 221, 31, 230, 175, 37, 4, 111, 178, 202, 24, 203,
       34, 236, 205, 100, 43, 233, 95, 255, 198, 148, 222, 157, 141, 150,
       104, 106, 165, 95, 141, 129, 47, 102, 218, 212, 31, 187, 164, 13,
       172, 113, 184, 37, 37, 201, 111, 92, 15, 231, 72, 86, 160, 249, 8,
       243, 169, 81, 16, 88, 236, 66, 110, 73, 242, 217, 40, 109, 157, 5,
       48, 73, 251, 82, 160, 206, 234, 175, 191, 141, 213, 185, 128, 159,
       253, 135, 17, 236, 238, 119, 75, 201, 119, 251, 209, 166, 77, 234,
       241, 79, 115, 223, 251, 150, 53, 181, 206, 38, 173, 210, 210, 213,
       253, 112, 194, 31, 181, 120, 27, 8, 255, 102, 156, 185, 187, 131,
       16, 22, 122, 138, 242, 31, 28, 149, 111, 195, 77, 206, 134, 201,
       54, 59, 189, 90, 105, 169, 123, 252, 99, 246, 246, 157, 103, 154,
       107, 127, 137, 95, 188, 177, 119, 229, 206, 220, 131, 107, 236,
       189, 160, 33, 241, 125, 174, 110, 233, 94, 187, 233, 219, 70, 246,
       222, 142, 241, 205, 243, 98, 109, 140, 127, 172, 138, 246, 231,
       137, 86, 205, 171, 200, 55, 172, 112, 224, 37, 125, 211, 69, 85,
       254, 234, 210, 107, 233, 120, 98, 8, 56, 213, 180, 120, 254, 134,
       152, 135, 178, 228, 234, 38, 76, 167, 34, 207, 251, 122, 181, 206,
       234, 174, 188, 73, 213, 185, 193, 191, 253, 132, 155, 172, 206,
       126, 74, 236, 101, 251, 213, 198, 71, 234, 208, 223, 51, 223, 255,
       22, 28, 173, 86, 52, 249, 121, 106, 124, 205, 83, 216, 70, 76,
       189, 13, 119, 221, 58, 16, 220, 160, 71, 78, 202, 43, 120, 57,
       251, 141, 32, 121, 113, 139, 70, 195, 2, 154, 30, 153, 131, 177,
       184, 199, 190, 21, 66, 179, 172, 206, 34, 201, 231, 59, 163, 145,
       54, 216, 2, 245, 13, 51, 218, 203, 144, 68, 173, 223, 113, 72, 91,
       77, 101, 78, 118, 188, 125, 0, 246, 8, 91, 83, 13, 116, 186, 212,
       110, 106, 73, 178, 209, 253, 247, 254, 0, 18, 114, 155, 66, 42,
       95, 62, 222, 253, 40, 46, 124, 18, 173, 202, 254, 229, 223, 239,
       3, 90, 231, 247, 255, 140, 141, 209, 211, 224, 214, 255, 250, 145,
       168, 241, 43, 17, 121, 240, 156, 250, 137, 189, 80, 222, 235, 31,
       172, 29, 63, 219, 74, 155, 165, 195, 236, 16, 14, 99, 154, 49,
       219, 217, 85, 127, 250, 81, 202, 11, 58, 184, 146, 248, 139, 237,
       80, 199, 175, 19, 160, 25, 142, 155, 100, 153, 235, 179, 203, 17,
       26, 111, 18, 241, 155, 210, 90, 127, 210, 76, 175, 6, 79, 223,
       180, 183, 165, 60, 22, 190, 251, 251, 23, 117, 254, 248, 207, 107,
       151, 103, 253, 87, 247, 65, 154, 227, 232, 119, 127, 214, 142,
       117, 153, 23, 19, 223, 22, 202, 126, 131, 138, 124, 76, 9, 217,
       98, 52, 210, 168, 97, 126, 187, 23, 235, 194, 171, 72, 253, 48, 8,
       170, 200, 53, 10, 177, 161, 170, 176, 55, 186, 121, 253, 177, 202,
       191, 113, 240, 58, 174, 222, 108, 189, 239, 185, 223, 17, 35, 127,
       58, 247, 157, 210, 27, 127, 210, 13, 39, 247, 58, 184, 100, 136,
       91, 211, 25, 239, 135, 245, 132, 175, 9, 142, 102, 212, 111, 185,
       131, 181, 14, 27, 116, 221, 127, 69, 159, 255, 183, 4, 46, 222,
       242, 220, 247, 214, 127, 66, 159, 102, 153, 174, 182, 186, 108,
       61, 148, 167, 174, 247, 255, 163, 224, 239, 169, 239, 51, 58, 222,
       147, 71, 124, 165, 47, 176, 111, 118, 92, 114, 134, 231, 112, 245,
       140, 246, 32, 51, 215, 165, 53, 110, 248, 70, 106, 96, 255, 32,
       110, 115, 170, 32, 0, 99, 177, 102, 169, 144, 149, 26, 186, 186,
       205, 23, 231, 188, 10, 137, 49, 183, 215, 40, 81, 247, 51, 77, 35,
       114, 13, 26, 63, 249, 193, 42, 121, 16, 0, 165, 59, 48, 215, 72,
       169, 252, 7, 93, 255, 23, 37, 252, 175, 23, 7, 34, 80, 95, 154,
       23, 172, 90, 26, 83, 23, 254, 133, 180, 253, 56, 136, 140, 90, 27,
       86, 103, 15, 37, 250, 113, 58, 253, 78, 95, 165, 239, 198, 191,
       252, 243, 96, 172, 166, 207, 132, 39, 207, 131, 247, 82, 131, 54,
       199, 45, 95, 37, 125, 120, 201, 213, 141, 187, 207, 78, 36, 104,
       143, 24, 136, 119, 0, 220, 9, 19, 117, 198, 50, 116, 222, 127, 28,
       131, 108, 93, 154, 82, 208, 34, 44, 18, 184, 221, 197, 226, 103,
       159, 9, 248, 10, 170, 184, 116, 128, 201, 171, 135, 129, 30, 187,
       194, 255, 181, 20, 154, 123, 209, 12, 254, 138, 253, 5, 245, 101,
       158, 123, 70, 169, 117, 162, 235, 10, 83, 120, 157, 240, 27, 214,
       108, 106, 249, 243, 237, 14, 187, 239, 101, 22, 229, 251, 194, 37,
       169, 84, 109, 101, 36, 79, 235, 56, 116, 230, 247, 152, 211, 21,
       153, 49, 30, 148, 87, 106, 233, 180, 117, 14, 199, 171, 96, 20,
       101, 187, 86, 240, 101, 103, 204, 69, 164, 26, 70, 57, 97, 168,
       190, 236, 211, 32, 159, 55, 24, 196, 108, 110, 205, 240, 197, 12,
       46, 186, 101, 148, 109, 250, 218, 4, 3, 179, 215, 185, 100, 169,
       232, 87, 175, 25, 123, 245, 189, 163, 160, 68, 238, 43, 55, 157,
       147, 184, 2, 197, 204, 148, 58, 192, 142, 128, 171, 185, 171, 188,
       55, 154, 121, 189, 176, 106, 159, 123, 241, 93, 172, 216, 108,
       189, 207, 187, 243, 17, 183, 127, 122, 247, 31, 90, 81, 127, 218,
       13, 11, 223, 35, 161, 230, 23, 219, 187, 232, 203, 123, 245, 120,
       157, 104, 232, 94, 190, 59, 238, 242, 157, 150, 250, 238, 117, 30,
       26, 85, 103, 207, 132, 203, 196, 204, 207, 204, 190, 160, 8, 95,
       189, 183, 158, 95, 189, 111, 231, 251, 87, 23, 226, 173, 110, 248,
       72, 10, 47, 234, 247, 117, 205, 182, 246, 140, 81, 221, 92, 58,
       254, 27, 118, 22, 48, 196, 194, 166, 18, 247, 127, 35, 98, 120,
       245, 88, 226, 109, 167, 113, 46, 243, 239, 2, 17, 105, 123, 40,
       18, 181, 77, 75, 236, 86, 7, 239, 120, 20, 170, 250, 78, 115, 97,
       177, 17, 120, 236, 22, 238, 233, 178, 24, 46, 112, 174, 163, 128,
       125, 251, 114, 168, 7, 25, 185, 219, 244, 181, 187, 214, 94, 93,
       92, 4, 176, 236, 247, 104, 221, 122, 147, 93, 151, 184, 126, 246,
       111, 29, 183, 108, 148, 73, 117, 253, 2, 204, 29, 159, 8, 167,
       149, 238, 140, 19, 200, 65, 244, 114, 40, 75, 201, 115, 107, 33,
       98, 141, 91, 127, 37, 54, 90, 16, 16, 88, 5, 138, 9, 181, 23, 219,
       214, 59, 166, 246, 60, 50, 122, 118, 213, 113, 136, 229, 127, 90,
       106, 168, 99, 176, 73, 111, 44, 132, 55, 4, 72, 218, 161, 169,
       130, 236, 29, 145, 208, 143, 180, 239, 158, 51, 0, 19, 132, 74,
       44, 1, 169, 27, 3, 49, 114, 221, 26, 125, 45, 18, 95, 118, 16, 8,
       129, 130, 56, 77, 106, 108, 84, 198, 119, 116, 196, 132, 254, 2,
       115, 241, 51, 80, 120, 236, 7, 234, 72, 179, 0, 44, 243, 237, 165,
       1, 99, 186, 124, 162, 162, 165, 62, 217, 251, 227, 185, 71, 191,
       145, 246, 50, 140, 159, 36, 101, 235, 191, 127, 144, 50, 251, 130,
       222, 95, 186, 159, 67, 195, 8, 231, 171, 198, 234, 171, 154, 105,
       197, 185, 192, 191, 214, 133, 27, 172, 223, 103, 95, 232, 249,
       251, 211, 66, 71, 170, 241, 215, 48, 223, 187, 16, 28, 39, 194,
       189, 91, 111, 248, 62, 131, 65, 248, 214, 252, 176, 238, 115, 197,
       161, 97, 94, 176, 14, 126, 233, 103, 102, 157, 248, 201, 229, 252,
