%YAML:1.0
---
descriptors: !!opencv-matrix
   rows: 318
   cols: 32
   dt: u
   data: [ 84, 21, 30, 254, 13, 231, 23, 104, 214, 2, 203, 2, 246, 242,
       41, 105, 216, 48, 106, 34, 45, 35, 123, 31, 209, 166, 195, 27, 24,
       123, 116, 2, 62, 112, 177, 242, 77, 221, 145, 64, 139, 241, 181,
       8, 14, 159, 77, 58, 136, 153, 223, 80, 11, 99, 250, 208, 219, 209,
       21, 127, 211, 11, 71, 178, 243, 47, 192, 180, 205, 57, 228, 71,
       251, 191, 152, 255, 174, 168, 215, 159, 233, 227, 238, 149, 190,
       107, 198, 224, 158, 82, 223, 187, 239, 124, 251, 13, 201, 32, 247,
       69, 36, 42, 105, 26, 120, 194, 118, 64, 179, 51, 145, 127, 118,
       132, 60, 40, 161, 244, 229, 74, 199, 235, 98, 132, 100, 240, 66,
       41, 193, 244, 157, 241, 232, 44, 57, 159, 170, 187, 2, 92, 156,
       179, 72, 123, 167, 95, 124, 24, 51, 92, 145, 66, 205, 185, 127,
       102, 136, 64, 131, 41, 33, 163, 17, 75, 188, 157, 66, 159, 78, 73,
       104, 68, 166, 160, 202, 240, 208, 10, 2, 92, 31, 56, 99, 53, 174,
       156, 48, 120, 88, 138, 208, 140, 0, 128, 21, 217, 202, 233, 33,
       223, 222, 49, 64, 80, 180, 214, 104, 232, 65, 27, 42, 24, 19, 28,
       250, 113, 141, 128, 58, 108, 144, 8, 133, 168, 181, 65, 91, 109,
       20, 18, 102, 120, 100, 0, 227, 66, 83, 3, 185, 112, 120, 204, 14,
       234, 73, 179, 117, 14, 241, 169, 163, 4, 121, 187, 96, 32, 44,
       103, 156, 231, 253, 47, 94, 184, 63, 172, 252, 72, 223, 105, 9,
       145, 221, 201, 76, 110, 44, 112, 73, 188, 239, 219, 101, 53, 210,
       251, 74, 131, 77, 98, 156, 230, 32, 14, 115, 152, 105, 28, 55, 41,
       215, 99, 11, 82, 150, 197, 108, 110, 12, 82, 137, 0, 198, 251, 97,
       5, 96, 179, 74, 3, 85, 83, 12, 39, 154, 26, 86, 144, 116, 100,
       207, 165, 211, 106, 11, 82, 112, 196, 108, 247, 236, 208, 205, 44,
       242, 227, 235, 21, 40, 51, 24, 82, 120, 241, 58, 120, 121, 205,
       83, 223, 235, 29, 124, 24, 62, 215, 10, 16, 167, 27, 205, 64, 66,
       43, 186, 49, 243, 253, 48, 127, 66, 0, 199, 171, 106, 184, 161,
       84, 17, 220, 81, 39, 59, 111, 228, 29, 42, 188, 86, 180, 137, 187,
       221, 129, 173, 78, 240, 203, 83, 87, 152, 187, 75, 4, 86, 126, 91,
       50, 171, 100, 99, 84, 120, 123, 57, 204, 150, 173, 46, 157, 214,
       52, 166, 189, 245, 133, 140, 91, 178, 201, 211, 127, 249, 139, 39,
       164, 38, 87, 118, 176, 160, 160, 187, 121, 24, 138, 11, 245, 133,
       189, 207, 108, 94, 207, 195, 197, 237, 149, 62, 75, 207, 144, 154,
       83, 207, 255, 142, 101, 159, 86, 240, 34, 154, 120, 40, 172, 80,
       82, 227, 31, 180, 25, 151, 147, 64, 27, 129, 180, 108, 16, 26,
       111, 130, 16, 219, 249, 112, 121, 224, 128, 78, 3, 254, 64, 150,
       174, 13, 86, 86, 104, 177, 6, 227, 9, 79, 219, 47, 223, 248, 213,
       233, 98, 76, 231, 154, 139, 147, 243, 193, 31, 34, 62, 110, 6, 9,
       21, 25, 229, 50, 14, 127, 126, 44, 168, 126, 64, 94, 115, 41, 112,
       214, 85, 20, 106, 65, 144, 113, 110, 231, 221, 39, 0, 64, 177, 99,
       163, 214, 92, 191, 223, 15, 118, 189, 122, 189, 214, 151, 55, 76,
       126, 55, 111, 231, 117, 251, 163, 165, 197, 59, 234, 195, 122,
       219, 131, 7, 117, 37, 247, 49, 91, 74, 77, 70, 26, 230, 248, 112,
       226, 250, 238, 115, 104, 151, 240, 120, 204, 54, 238, 205, 178,
       197, 14, 50, 175, 165, 128, 109, 186, 122, 140, 66, 235, 18, 158,
       91, 208, 184, 103, 174, 5, 72, 177, 172, 134, 34, 212, 230, 59,
       139, 129, 70, 11, 130, 247, 53, 52, 26, 139, 16, 4, 175, 207, 108,
       85, 56, 231, 244, 78, 119, 184, 49, 200, 254, 9, 215, 127, 11,
       112, 16, 220, 125, 106, 104, 240, 217, 46, 231, 191, 37, 4, 104,
       243, 70, 114, 125, 245, 153, 163, 152, 79, 87, 184, 51, 248, 171,
       8, 215, 83, 73, 51, 145, 221, 125, 122, 73, 82, 217, 28, 237, 215,
       37, 116, 168, 51, 2, 50, 63, 175, 106, 138, 222, 147, 222, 248,
       198, 196, 220, 231, 97, 232, 191, 128, 94, 234, 151, 255, 206,
       163, 14, 189, 122, 77, 175, 249, 127, 159, 120, 197, 171, 157, 57,
       235, 245, 213, 223, 247, 23, 77, 124, 102, 56, 93, 182, 37, 220,
       186, 151, 201, 247, 58, 120, 255, 111, 217, 174, 235, 95, 140,
       244, 255, 217, 77, 23, 174, 149, 198, 70, 166, 133, 128, 202, 3,
       127, 99, 33, 192, 120, 230, 40, 238, 109, 171, 17, 175, 243, 231,
       134, 16, 50, 190, 56, 10, 229, 1, 205, 69, 204, 126, 76, 152, 83,
       179, 239, 88, 83, 53, 221, 254, 89, 204, 50, 254, 25, 114, 251, 2,
       31, 191, 197, 124, 227, 249, 210, 36, 109, 0, 183, 101, 37, 78,
       103, 48, 108, 230, 231, 0, 223, 53, 17, 122, 216, 100, 124, 106,
       8, 240, 241, 8, 197, 251, 101, 16, 66, 251, 84, 98, 66, 24, 151,
       149, 139, 110, 180, 7, 174, 187, 138, 49, 140, 190, 69, 207, 167,
       119, 249, 17, 52, 73, 147, 192, 141, 54, 94, 147, 128, 100, 165,
       95, 45, 109, 99, 69, 244, 11, 111, 208, 97, 129, 126, 78, 19, 99,
       149, 116, 122, 238, 6, 236, 137, 178, 117, 108, 124, 172, 164, 0,
       111, 187, 98, 168, 41, 150, 105, 85, 116, 187, 233, 55, 116, 111,
       118, 254, 179, 45, 148, 32, 111, 174, 22, 140, 185, 188, 101, 143,
       78, 239, 176, 192, 239, 136, 80, 249, 126, 145, 29, 232, 41, 205,
       89, 232, 143, 61, 177, 8, 143, 143, 72, 16, 205, 145, 239, 208,
       26, 11, 122, 181, 155, 209, 139, 127, 210, 11, 6, 50, 147, 151,
       102, 141, 182, 18, 47, 191, 12, 64, 90, 230, 237, 114, 164, 224,
       246, 83, 31, 227, 245, 152, 45, 236, 172, 98, 174, 134, 60, 254,
       177, 93, 18, 216, 255, 254, 195, 224, 52, 199, 189, 23, 98, 179,
       44, 255, 36, 90, 163, 115, 163, 144, 22, 221, 2, 225, 155, 231,
       94, 67, 177, 80, 165, 202, 200, 25, 155, 253, 160, 228, 120, 19,
       168, 139, 98, 81, 191, 183, 1, 219, 198, 55, 253, 16, 17, 220,
       145, 64, 199, 249, 122, 192, 128, 193, 167, 19, 81, 184, 150, 24,
       139, 172, 0, 23, 251, 27, 160, 92, 182, 242, 192, 127, 167, 183,
       108, 24, 183, 75, 146, 97, 152, 186, 86, 122, 136, 64, 171, 13,
       222, 248, 185, 122, 203, 233, 21, 199, 171, 23, 32, 57, 46, 223,
       97, 27, 167, 51, 217, 146, 34, 77, 154, 243, 219, 211, 92, 123,
       146, 81, 7, 90, 1, 28, 221, 87, 224, 122, 109, 151, 118, 211, 119,
       84, 241, 99, 145, 252, 19, 110, 38, 14, 129, 244, 63, 96, 70, 186,
       118, 0, 234, 243, 225, 253, 119, 113, 225, 74, 207, 80, 222, 200,
       67, 92, 245, 175, 72, 220, 255, 252, 93, 200, 151, 255, 206, 35,
       254, 240, 58, 92, 135, 255, 247, 191, 246, 215, 114, 240, 27, 186,
       43, 217, 18, 200, 175, 44, 161, 41, 142, 214, 44, 208, 254, 189,
       207, 67, 12, 3, 130, 208, 177, 241, 11, 59, 16, 18, 175, 3, 77,
       107, 26, 111, 97, 31, 118, 248, 105, 8, 100, 72, 223, 83, 9, 176,
       176, 68, 68, 110, 65, 48, 25, 40, 231, 249, 36, 4, 74, 179, 75,
       131, 45, 38, 0, 103, 125, 31, 66, 24, 127, 172, 189, 13, 195, 72,
       95, 48, 153, 140, 76, 126, 140, 112, 89, 62, 231, 221, 33, 53, 74,
       175, 90, 4, 103, 99, 34, 8, 77, 21, 182, 200, 207, 200, 241, 207,
       136, 200, 63, 164, 220, 193, 234, 103, 196, 99, 214, 208, 54, 56,
       15, 63, 93, 63, 123, 150, 93, 137, 157, 231, 172, 46, 79, 190, 60,
       170, 143, 72, 215, 115, 153, 243, 147, 198, 124, 46, 121, 193,
       217, 42, 224, 255, 101, 16, 40, 243, 3, 32, 38, 167, 192, 129,
       212, 171, 226, 75, 75, 41, 120, 70, 0, 168, 124, 132, 249, 138, 2,
       149, 18, 186, 64, 223, 44, 12, 139, 224, 205, 74, 242, 128, 223,
       94, 230, 157, 15, 114, 189, 34, 149, 214, 215, 183, 104, 44, 183,
       239, 111, 117, 251, 167, 229, 197, 39, 234, 195, 51, 218, 147, 7,
       117, 61, 127, 54, 36, 250, 224, 213, 111, 114, 200, 83, 165, 121,
       11, 74, 253, 103, 28, 249, 156, 3, 48, 24, 243, 152, 210, 31, 222,
       129, 111, 243, 235, 118, 134, 240, 205, 95, 238, 150, 66, 71, 173,
       36, 0, 234, 2, 115, 99, 32, 113, 112, 244, 40, 234, 120, 147, 21,
       45, 241, 235, 192, 16, 33, 178, 224, 32, 12, 176, 21, 241, 72,
       205, 161, 72, 142, 53, 33, 24, 156, 215, 104, 169, 1, 25, 106, 24,
