%YAML:1.0
---
descriptors: !!opencv-matrix
   rows: 286
   cols: 32
   dt: u
   data: [ 3, 34, 188, 177, 60, 189, 248, 18, 239, 217, 58, 84, 159, 138,
       214, 234, 167, 41, 126, 29, 135, 116, 135, 192, 142, 221, 26, 110,
       204, 204, 9, 21, 0, 140, 31, 63, 32, 174, 113, 39, 188, 23, 106,
       17, 182, 163, 32, 75, 161, 35, 107, 13, 50, 189, 19, 103, 205,
       182, 82, 64, 200, 0, 161, 26, 137, 66, 220, 245, 45, 28, 232, 16,
       109, 88, 183, 84, 155, 10, 213, 187, 238, 133, 126, 222, 205, 118,
       231, 192, 134, 249, 242, 128, 75, 129, 107, 156, 204, 127, 159,
       245, 164, 14, 101, 182, 184, 170, 34, 76, 215, 51, 65, 91, 145,
       100, 104, 124, 105, 220, 145, 42, 233, 163, 117, 16, 136, 112, 67,
       58, 48, 3, 75, 229, 36, 2, 233, 89, 36, 232, 251, 226, 145, 15,
       149, 32, 126, 157, 23, 237, 152, 178, 101, 204, 212, 169, 170,
       132, 101, 162, 102, 176, 170, 229, 224, 8, 245, 217, 230, 207,
       127, 69, 116, 157, 139, 140, 254, 180, 91, 138, 223, 21, 214, 43,
       124, 211, 38, 93, 20, 125, 223, 158, 222, 220, 240, 98, 222, 164,
       4, 75, 84, 96, 41, 162, 178, 171, 67, 8, 1, 27, 250, 213, 77, 227,
       108, 247, 193, 12, 208, 227, 227, 21, 101, 57, 126, 2, 49, 165,
       76, 229, 6, 42, 78, 102, 65, 162, 170, 138, 51, 43, 144, 51, 126,
       198, 124, 172, 216, 251, 213, 142, 250, 200, 197, 48, 37, 232,
       210, 0, 45, 57, 121, 67, 116, 205, 235, 80, 105, 44, 125, 8, 187,
       23, 148, 52, 30, 184, 86, 122, 139, 186, 240, 126, 111, 220, 32,
       96, 67, 139, 70, 161, 1, 184, 153, 251, 124, 165, 168, 222, 206,
       25, 88, 112, 188, 211, 232, 104, 201, 11, 59, 24, 19, 8, 90, 243,
       204, 149, 187, 110, 152, 10, 161, 161, 27, 94, 90, 222, 22, 179,
       110, 242, 215, 66, 254, 230, 105, 243, 183, 228, 127, 234, 158,
       138, 239, 159, 12, 255, 50, 239, 163, 129, 63, 223, 104, 148, 113,
       140, 206, 229, 180, 42, 105, 39, 97, 35, 238, 154, 19, 40, 20, 48,
       105, 132, 64, 172, 56, 191, 197, 143, 186, 239, 144, 84, 229, 168,
       242, 168, 153, 14, 110, 229, 86, 18, 235, 114, 116, 66, 246, 70,
       83, 41, 178, 97, 122, 172, 54, 174, 232, 188, 37, 143, 246, 239,
       226, 128, 111, 168, 112, 168, 154, 149, 52, 142, 127, 213, 152,
       127, 15, 124, 220, 39, 44, 158, 118, 196, 238, 59, 183, 225, 150,
       11, 187, 221, 59, 89, 138, 255, 23, 14, 45, 223, 254, 190, 224,
       120, 219, 245, 150, 202, 155, 127, 188, 59, 42, 253, 127, 31, 141,
       211, 223, 209, 190, 111, 170, 243, 123, 87, 221, 255, 215, 125,
       214, 87, 246, 68, 150, 164, 141, 38, 94, 232, 169, 186, 179, 11,
       78, 122, 45, 91, 249, 213, 108, 227, 104, 199, 153, 202, 177, 178,
       207, 23, 161, 123, 32, 2, 88, 156, 24, 161, 164, 108, 117, 151,
       45, 23, 150, 17, 159, 51, 64, 91, 227, 19, 77, 8, 58, 12, 81, 35,
       229, 213, 50, 64, 176, 208, 133, 43, 229, 56, 179, 88, 237, 173,
       249, 223, 235, 27, 52, 24, 60, 211, 101, 127, 167, 26, 110, 24,
       211, 111, 186, 240, 95, 152, 86, 110, 210, 208, 99, 169, 130, 176,
       191, 219, 203, 245, 177, 223, 190, 95, 68, 22, 60, 158, 110, 105,
       231, 27, 179, 144, 182, 92, 59, 241, 15, 2, 94, 111, 144, 0, 165,
       255, 52, 88, 90, 172, 12, 103, 219, 104, 21, 38, 241, 11, 87, 94,
       39, 17, 248, 217, 7, 227, 44, 183, 80, 44, 211, 225, 227, 29, 113,
       59, 102, 130, 184, 6, 66, 233, 29, 15, 82, 120, 53, 36, 239, 135,
       75, 9, 58, 208, 120, 140, 143, 238, 108, 182, 81, 158, 247, 237,
       128, 17, 123, 174, 120, 194, 220, 20, 26, 164, 4, 111, 117, 89,
       52, 134, 243, 27, 215, 19, 41, 89, 250, 157, 15, 163, 56, 183, 81,
       12, 209, 225, 42, 20, 176, 106, 37, 34, 216, 182, 154, 180, 50,
       168, 48, 23, 185, 15, 122, 253, 175, 175, 194, 208, 167, 63, 237,
       1, 182, 220, 128, 7, 210, 247, 58, 203, 128, 128, 143, 11, 60,
       105, 24, 108, 92, 15, 71, 120, 87, 164, 229, 8, 83, 9, 19, 16, 88,
       172, 66, 110, 72, 50, 89, 28, 247, 137, 129, 52, 89, 187, 90, 130,
       146, 142, 143, 153, 186, 242, 184, 167, 190, 23, 194, 179, 237,
       230, 166, 203, 231, 55, 171, 145, 54, 201, 39, 245, 140, 227, 250,
       193, 148, 64, 173, 77, 178, 72, 26, 172, 125, 223, 210, 224, 189,
       44, 240, 11, 6, 158, 39, 17, 232, 249, 143, 227, 108, 167, 80,
       252, 179, 209, 139, 59, 81, 57, 126, 198, 12, 243, 255, 71, 180,
       220, 255, 181, 236, 205, 94, 2, 249, 253, 190, 96, 52, 122, 255,
       88, 210, 184, 54, 101, 111, 45, 166, 193, 198, 154, 213, 123, 94,
       27, 138, 172, 155, 162, 26, 66, 164, 132, 206, 135, 108, 230, 35,
       208, 248, 245, 233, 211, 28, 131, 146, 104, 249, 229, 138, 11,
       169, 103, 45, 18, 3, 241, 20, 155, 77, 221, 176, 239, 206, 81,
       176, 15, 172, 216, 110, 164, 201, 11, 242, 1, 87, 42, 90, 209, 13,
       16, 30, 127, 88, 14, 153, 142, 173, 255, 232, 123, 249, 253, 215,
       212, 83, 111, 125, 253, 179, 253, 207, 180, 221, 90, 215, 86, 191,
       50, 124, 179, 111, 221, 37, 255, 219, 223, 222, 247, 81, 153, 191,
       126, 3, 205, 53, 119, 172, 69, 110, 12, 190, 183, 32, 112, 166,
       115, 106, 72, 65, 185, 50, 109, 241, 173, 82, 0, 64, 2, 135, 123,
       93, 79, 92, 229, 180, 30, 79, 190, 96, 174, 190, 44, 91, 35, 131,
       82, 22, 196, 108, 110, 232, 145, 225, 14, 250, 239, 37, 148, 42,
       242, 72, 33, 88, 233, 177, 231, 60, 140, 67, 184, 102, 169, 138,
       64, 247, 209, 88, 64, 17, 84, 125, 91, 75, 41, 217, 51, 233, 252,
       39, 84, 170, 146, 81, 40, 48, 164, 204, 237, 94, 11, 233, 123, 22,
       162, 242, 70, 115, 233, 16, 67, 123, 236, 110, 169, 41, 250, 83,
       31, 216, 175, 247, 132, 45, 168, 121, 136, 19, 2, 2, 185, 93, 163,
       168, 79, 22, 97, 209, 151, 41, 138, 54, 72, 124, 137, 187, 149,
       190, 154, 69, 223, 208, 69, 154, 233, 61, 12, 56, 222, 128, 17,
       27, 220, 103, 239, 113, 67, 188, 64, 102, 18, 62, 211, 32, 233,
       242, 56, 58, 8, 49, 185, 50, 209, 151, 169, 18, 10, 16, 8, 101,
       226, 101, 224, 209, 68, 84, 14, 75, 152, 115, 160, 96, 72, 115,
       243, 201, 52, 25, 204, 48, 252, 75, 114, 248, 10, 95, 140, 133,
       44, 203, 178, 66, 160, 190, 12, 39, 94, 69, 227, 230, 106, 213,
       18, 225, 18, 96, 249, 53, 189, 249, 184, 147, 163, 41, 247, 26,
       255, 19, 106, 211, 11, 81, 125, 118, 170, 81, 25, 187, 164, 172,
       76, 92, 31, 106, 200, 186, 8, 151, 191, 83, 114, 162, 133, 124,
       13, 141, 41, 179, 0, 219, 253, 103, 60, 224, 96, 67, 74, 64, 165,
       157, 242, 137, 253, 76, 47, 178, 55, 173, 8, 147, 167, 72, 123,
       137, 158, 104, 152, 91, 75, 250, 17, 139, 211, 85, 125, 208, 66,
       206, 32, 65, 152, 223, 89, 170, 250, 97, 23, 230, 91, 110, 112,
       243, 49, 128, 126, 35, 62, 108, 24, 19, 248, 167, 33, 77, 174,
       112, 64, 226, 192, 192, 33, 87, 127, 106, 6, 242, 11, 191, 248,
       42, 228, 158, 239, 93, 238, 223, 22, 55, 197, 93, 255, 196, 83,
       173, 126, 250, 13, 175, 182, 109, 247, 7, 215, 73, 30, 57, 57,
       176, 222, 113, 23, 126, 77, 118, 117, 191, 7, 178, 112, 231, 38,
       140, 28, 179, 188, 33, 30, 239, 239, 50, 192, 218, 128, 237, 121,
       23, 220, 167, 179, 189, 119, 174, 200, 223, 123, 155, 114, 204,
       124, 189, 174, 253, 65, 222, 183, 175, 165, 45, 223, 168, 86, 143,
       150, 213, 127, 49, 101, 200, 188, 59, 241, 49, 204, 177, 39, 254,
       169, 66, 24, 190, 159, 64, 112, 130, 63, 93, 17, 98, 92, 208, 74,
       237, 165, 62, 96, 0, 0, 135, 43, 41, 164, 72, 93, 112, 63, 110,
       59, 23, 34, 108, 64, 251, 67, 145, 181, 89, 138, 18, 46, 207, 144,
       85, 61, 38, 223, 161, 0, 123, 233, 74, 160, 35, 49, 40, 8, 13,
       157, 210, 72, 207, 236, 188, 13, 162, 152, 87, 4, 200, 160, 95,
       77, 142, 35, 214, 157, 18, 93, 1, 63, 91, 14, 90, 206, 153, 14,
       111, 255, 22, 170, 111, 119, 117, 66, 119, 214, 123, 43, 178, 97,
       122, 236, 38, 174, 237, 188, 37, 238, 246, 239, 226, 0, 111, 232,
       112, 136, 120, 159, 94, 110, 178, 10, 94, 55, 49, 13, 190, 237,
