%YAML:1.0
---
descriptors: !!opencv-matrix
   rows: 229
   cols: 32
   dt: u
   data: [ 252, 204, 188, 62, 141, 221, 148, 174, 223, 23, 164, 25, 238,
       249, 74, 155, 137, 114, 233, 3, 110, 109, 218, 179, 211, 211, 85,
       123, 210, 124, 222, 74, 86, 70, 156, 164, 170, 98, 30, 136, 154,
       182, 137, 251, 197, 111, 73, 74, 247, 213, 237, 179, 40, 71, 203,
       82, 216, 134, 239, 191, 180, 115, 37, 19, 126, 245, 190, 210, 255,
       213, 159, 248, 155, 251, 180, 63, 92, 253, 111, 63, 189, 211, 215,
       243, 242, 99, 186, 243, 123, 95, 141, 255, 223, 126, 183, 247,
       238, 57, 23, 190, 233, 193, 157, 105, 191, 28, 161, 57, 254, 247,
       40, 27, 204, 179, 255, 195, 120, 79, 218, 240, 217, 243, 91, 123,
       80, 3, 167, 250, 41, 215, 93, 109, 186, 95, 29, 191, 14, 125, 60,
       253, 191, 39, 130, 49, 134, 19, 223, 4, 247, 8, 117, 29, 238, 219,
       52, 188, 92, 136, 131, 121, 85, 253, 190, 174, 62, 167, 19, 184,
       142, 232, 158, 39, 247, 250, 43, 66, 245, 101, 125, 119, 175, 193,
       155, 61, 248, 239, 47, 188, 56, 59, 25, 83, 194, 148, 183, 216,
       179, 236, 49, 23, 191, 31, 47, 52, 158, 183, 104, 95, 167, 27,
       237, 16, 50, 77, 178, 211, 219, 182, 90, 75, 146, 64, 167, 51,
       138, 176, 180, 152, 235, 241, 176, 199, 143, 29, 156, 187, 172,
       206, 110, 143, 239, 27, 235, 17, 22, 79, 2, 209, 31, 81, 94, 251,
       146, 76, 173, 223, 211, 95, 110, 190, 214, 178, 239, 231, 253, 71,
       90, 183, 233, 236, 183, 233, 246, 111, 187, 167, 245, 205, 166,
       238, 52, 111, 222, 139, 173, 85, 253, 220, 67, 178, 184, 254, 104,
       60, 152, 25, 43, 91, 49, 125, 252, 255, 94, 154, 150, 17, 125, 5,
       151, 71, 155, 209, 210, 255, 123, 186, 76, 226, 139, 19, 207, 154,
       124, 105, 42, 54, 90, 184, 239, 120, 183, 69, 223, 27, 87, 123,
       135, 21, 125, 231, 135, 5, 89, 213, 195, 219, 105, 246, 30, 167,
       75, 23, 246, 248, 145, 178, 213, 236, 114, 198, 59, 93, 168, 31,
       174, 190, 71, 220, 233, 219, 142, 209, 15, 110, 216, 243, 157,
       148, 158, 123, 136, 92, 102, 94, 180, 20, 254, 124, 202, 98, 117,
       83, 181, 142, 247, 51, 81, 255, 35, 123, 253, 181, 239, 160, 56,
       199, 34, 66, 83, 227, 250, 139, 177, 112, 164, 163, 202, 92, 246,
       254, 129, 20, 125, 215, 181, 6, 194, 6, 172, 162, 33, 123, 206,
       115, 187, 192, 101, 141, 55, 235, 163, 114, 222, 2, 158, 244, 244,
       60, 134, 151, 125, 99, 178, 42, 187, 184, 60, 41, 123, 245, 213,
       109, 140, 17, 54, 87, 85, 230, 177, 208, 77, 111, 100, 170, 105,
       196, 109, 227, 131, 177, 67, 17, 165, 133, 44, 54, 233, 59, 108,
       232, 154, 68, 220, 54, 149, 230, 132, 5, 124, 173, 149, 216, 247,
       200, 140, 58, 251, 132, 140, 228, 17, 125, 55, 156, 46, 255, 213,
       247, 254, 227, 95, 114, 215, 2, 120, 127, 63, 97, 253, 251, 151,
       131, 175, 254, 121, 255, 255, 223, 222, 67, 21, 73, 124, 250, 65,
       215, 75, 103, 176, 10, 111, 189, 116, 74, 78, 228, 243, 115, 153,
       112, 54, 206, 124, 238, 203, 144, 109, 43, 228, 237, 167, 128, 44,
       242, 208, 41, 64, 128, 25, 154, 200, 201, 176, 79, 142, 49, 9, 72,
       180, 147, 104, 64, 193, 27, 42, 17, 19, 26, 90, 81, 93, 4, 58,
       108, 144, 10, 129, 138, 224, 161, 153, 100, 252, 76, 69, 157, 162,
       184, 32, 72, 214, 177, 65, 51, 136, 220, 117, 120, 91, 106, 219,
       3, 237, 185, 165, 124, 192, 32, 210, 43, 3, 237, 236, 211, 182,
       219, 175, 247, 94, 117, 94, 34, 184, 120, 148, 165, 43, 122, 147,
       217, 242, 248, 47, 253, 111, 31, 159, 193, 215, 156, 221, 236,
       252, 120, 179, 230, 109, 77, 87, 220, 171, 234, 180, 24, 31, 215,
       65, 62, 168, 253, 125, 82, 73, 103, 250, 162, 211, 221, 5, 62,
       194, 127, 70, 123, 252, 127, 227, 167, 21, 74, 207, 180, 16, 224,
       219, 239, 211, 109, 17, 128, 92, 244, 253, 231, 169, 178, 253,
       174, 253, 102, 173, 176, 103, 191, 86, 114, 40, 105, 105, 103, 64,
       237, 99, 80, 96, 228, 104, 9, 51, 149, 17, 17, 24, 234, 67, 78,
       137, 178, 248, 56, 71, 137, 0, 32, 97, 251, 70, 250, 208, 176,
       153, 233, 162, 72, 49, 158, 38, 21, 2, 48, 183, 23, 72, 122, 51,
       87, 44, 48, 19, 1, 179, 51, 217, 161, 62, 76, 160, 144, 167, 59,
       25, 141, 19, 250, 149, 199, 195, 231, 86, 65, 202, 2, 188, 247,
       48, 228, 217, 58, 27, 153, 59, 153, 56, 191, 233, 255, 158, 64,
       146, 74, 177, 106, 5, 86, 79, 99, 180, 175, 239, 150, 52, 75, 122,
       244, 241, 99, 153, 104, 125, 74, 54, 190, 179, 176, 73, 47, 100,
       175, 166, 192, 200, 219, 193, 177, 213, 89, 61, 101, 40, 14, 79,
       60, 104, 216, 162, 68, 247, 19, 145, 115, 164, 116, 124, 106, 225,
       197, 177, 12, 241, 171, 101, 16, 8, 176, 99, 57, 126, 48, 238, 68,
       25, 95, 81, 88, 115, 237, 181, 159, 74, 204, 94, 62, 248, 156,
       237, 160, 140, 231, 245, 196, 83, 89, 129, 243, 99, 39, 94, 86,
       214, 151, 237, 162, 138, 99, 158, 235, 11, 255, 153, 255, 69, 111,
       76, 10, 63, 215, 127, 179, 56, 71, 9, 194, 249, 134, 239, 247,
       165, 107, 167, 115, 143, 142, 130, 155, 151, 179, 172, 199, 95,
       195, 91, 247, 200, 232, 182, 196, 255, 47, 178, 149, 181, 216, 13,
       198, 44, 118, 159, 194, 159, 76, 185, 149, 54, 137, 254, 255, 215,
       195, 254, 231, 31, 17, 250, 2, 252, 254, 60, 105, 251, 251, 183,
       129, 30, 248, 90, 253, 255, 239, 223, 3, 181, 122, 245, 130, 57,
       151, 251, 228, 180, 46, 111, 255, 53, 105, 254, 102, 83, 183, 248,
       96, 125, 222, 31, 40, 217, 187, 33, 138, 251, 237, 182, 196, 168,
       218, 240, 121, 249, 249, 145, 230, 45, 93, 86, 249, 161, 184, 181,
       8, 127, 243, 73, 183, 132, 213, 124, 106, 73, 99, 218, 169, 243,
       217, 69, 62, 106, 251, 202, 35, 101, 176, 24, 74, 189, 189, 210,
       200, 239, 57, 173, 24, 214, 216, 78, 56, 217, 128, 126, 92, 159,
       39, 219, 83, 155, 157, 3, 126, 216, 11, 75, 6, 222, 239, 226, 26,
       253, 216, 206, 232, 251, 70, 160, 153, 106, 236, 127, 209, 251,
       203, 203, 247, 246, 103, 142, 251, 58, 22, 7, 125, 213, 247, 239,
       86, 37, 96, 255, 69, 116, 75, 235, 56, 124, 172, 118, 96, 211, 87,
       149, 53, 26, 236, 86, 106, 225, 240, 101, 76, 101, 186, 37, 4, 99,
       171, 70, 161, 23, 202, 238, 190, 214, 146, 190, 228, 189, 71, 210,
       167, 237, 238, 63, 231, 127, 239, 187, 215, 244, 219, 175, 237,
       58, 102, 222, 203, 165, 182, 189, 220, 205, 176, 184, 174, 108,
       44, 251, 25, 107, 115, 53, 93, 221, 219, 90, 26, 151, 141, 117,
       175, 151, 102, 218, 209, 199, 253, 75, 124, 220, 163, 203, 81,
       195, 76, 151, 220, 195, 224, 188, 134, 188, 130, 202, 131, 188,
       191, 37, 203, 227, 119, 187, 148, 96, 205, 18, 234, 165, 178, 222,
       11, 144, 112, 33, 202, 236, 52, 189, 113, 168, 104, 17, 139, 186,
       255, 39, 56, 215, 55, 75, 59, 129, 87, 236, 16, 58, 84, 235, 2,
       207, 195, 117, 125, 192, 97, 135, 115, 208, 229, 124, 225, 150,
       14, 125, 47, 99, 177, 142, 19, 159, 43, 80, 51, 51, 151, 125, 169,
       216, 216, 213, 213, 255, 203, 191, 101, 37, 128, 223, 10, 82, 115,
       38, 108, 10, 142, 56, 8, 163, 160, 194, 201, 79, 135, 0, 82, 166,
       181, 249, 192, 10, 211, 147, 80, 147, 224, 1, 75, 32, 128, 39, 10,
       5, 223, 77, 45, 160, 14, 175, 185, 44, 122, 114, 229, 221, 111,
       136, 81, 151, 69, 127, 110, 241, 144, 57, 93, 100, 187, 111, 196,
       88, 179, 131, 241, 138, 154, 144, 153, 107, 241, 176, 71, 159, 31,
       84, 183, 172, 142, 230, 205, 239, 59, 167, 17, 22, 220, 6, 209,
       14, 80, 122, 235, 150, 12, 173, 223, 181, 207, 236, 71, 244, 63,
       238, 253, 86, 234, 123, 118, 211, 104, 157, 224, 127, 78, 54, 239,
       245, 244, 109, 175, 46, 46, 231, 132, 253, 251, 248, 133, 1, 151,
       235, 69, 246, 34, 239, 255, 116, 235, 126, 230, 81, 163, 188, 100,
       127, 206, 18, 188, 243, 184, 37, 79, 108, 14, 182, 196, 237, 218,
       224, 249, 111, 174, 192, 65, 221, 63, 66, 136, 115, 185, 173, 28,
       75, 72, 222, 182, 217, 204, 196, 250, 174, 102, 205, 159, 46, 221,
