%YAML:1.0
---
descriptors: !!opencv-matrix
   rows: 238
   cols: 32
   dt: u
   data: [ 118, 123, 124, 68, 42, 91, 84, 120, 203, 190, 181, 105, 66,
       28, 215, 59, 142, 212, 253, 99, 204, 99, 239, 24, 210, 91, 101,
       191, 101, 191, 94, 103, 22, 4, 235, 173, 146, 98, 173, 71, 20,
       199, 223, 179, 85, 231, 168, 72, 123, 189, 151, 177, 57, 145, 5,
       138, 248, 231, 190, 197, 181, 250, 180, 242, 36, 205, 194, 190,
       220, 35, 230, 236, 94, 162, 241, 10, 193, 97, 33, 3, 121, 234, 66,
       234, 32, 99, 76, 254, 60, 150, 207, 60, 181, 123, 241, 128, 213,
       95, 78, 167, 38, 2, 79, 184, 96, 226, 215, 231, 115, 99, 155, 83,
       126, 228, 61, 239, 237, 215, 221, 44, 240, 171, 239, 132, 45, 179,
       112, 81, 24, 220, 11, 233, 52, 199, 75, 48, 20, 72, 222, 66, 247,
       87, 160, 96, 88, 56, 31, 232, 73, 148, 81, 31, 225, 231, 170, 128,
       56, 138, 52, 57, 243, 65, 102, 236, 15, 82, 78, 40, 225, 162, 162,
       130, 75, 42, 21, 247, 120, 228, 124, 239, 108, 231, 133, 140, 179,
       234, 198, 17, 39, 190, 120, 4, 2, 162, 149, 155, 252, 169, 168,
       143, 30, 49, 16, 253, 180, 198, 200, 8, 207, 27, 107, 21, 51, 92,
       75, 213, 12, 22, 126, 236, 156, 8, 129, 185, 139, 196, 132, 155,
       109, 189, 176, 143, 30, 91, 64, 23, 172, 216, 62, 205, 209, 11,
       179, 21, 39, 92, 91, 211, 4, 114, 218, 71, 158, 92, 153, 158, 0,
       245, 61, 249, 252, 141, 165, 191, 30, 61, 24, 56, 182, 49, 200,
       32, 133, 27, 50, 8, 114, 120, 123, 55, 237, 150, 52, 124, 80, 24,
       133, 233, 245, 113, 237, 74, 142, 3, 207, 216, 66, 242, 181, 170,
       83, 77, 219, 43, 127, 212, 85, 255, 201, 103, 255, 56, 122, 137,
       229, 188, 117, 251, 114, 240, 17, 157, 211, 251, 182, 131, 54,
       215, 62, 1, 74, 230, 125, 243, 32, 228, 119, 127, 18, 80, 51, 152,
       25, 255, 172, 230, 30, 66, 60, 138, 169, 185, 13, 58, 147, 245,
       179, 182, 40, 19, 62, 139, 91, 114, 157, 179, 225, 236, 119, 127,
       182, 152, 145, 216, 129, 194, 140, 239, 126, 192, 170, 225, 169,
       161, 53, 207, 115, 79, 246, 75, 239, 252, 85, 232, 123, 102, 115,
       97, 189, 164, 126, 206, 22, 110, 193, 178, 45, 255, 60, 236, 37,
       132, 119, 251, 230, 233, 201, 144, 253, 81, 172, 60, 253, 159,
       234, 255, 22, 20, 153, 61, 220, 107, 7, 86, 125, 24, 178, 108,
       243, 64, 79, 187, 118, 68, 198, 200, 213, 122, 201, 235, 121, 105,
       116, 140, 107, 22, 105, 73, 126, 72, 191, 131, 208, 112, 146, 44,
       76, 108, 139, 184, 224, 29, 238, 253, 32, 0, 74, 128, 67, 41, 138,
       185, 177, 187, 211, 205, 185, 199, 62, 117, 72, 145, 172, 175,
       104, 128, 167, 27, 147, 17, 18, 24, 186, 243, 237, 85, 30, 99,
       146, 4, 135, 250, 73, 189, 190, 182, 251, 204, 52, 247, 251, 211,
       110, 25, 254, 252, 66, 43, 167, 115, 226, 17, 182, 121, 154, 127,
       253, 247, 95, 75, 200, 96, 175, 155, 108, 253, 129, 244, 249, 100,
       71, 166, 168, 138, 184, 41, 178, 115, 69, 146, 137, 231, 125, 218,
       57, 75, 194, 46, 232, 159, 253, 184, 200, 113, 210, 187, 6, 241,
       59, 160, 211, 196, 189, 117, 170, 121, 19, 103, 92, 223, 104, 128,
       190, 29, 211, 241, 83, 219, 154, 68, 125, 1, 175, 238, 9, 2, 167,
       179, 55, 44, 227, 78, 253, 184, 218, 202, 235, 73, 249, 173, 106,
       236, 159, 180, 223, 235, 212, 23, 159, 35, 238, 253, 26, 126, 0,
       251, 255, 239, 122, 199, 43, 121, 99, 8, 85, 253, 226, 86, 79,
       200, 124, 206, 58, 148, 246, 180, 120, 42, 146, 92, 135, 186, 52,
       255, 55, 28, 0, 106, 91, 143, 210, 253, 31, 140, 130, 187, 145,
       246, 56, 39, 62, 75, 203, 17, 204, 250, 34, 192, 209, 43, 187,
       149, 63, 216, 25, 223, 168, 119, 159, 195, 154, 68, 185, 22, 154,
       245, 19, 243, 147, 221, 184, 215, 63, 57, 84, 48, 173, 215, 104,
       164, 181, 27, 151, 145, 115, 156, 24, 183, 171, 213, 30, 231, 58,
       4, 141, 187, 11, 177, 146, 209, 177, 242, 48, 23, 63, 9, 79, 52,
       140, 246, 234, 228, 215, 63, 157, 144, 19, 152, 50, 194, 138, 245,
       158, 195, 138, 68, 169, 183, 73, 169, 89, 105, 116, 138, 105, 55,
       105, 0, 126, 72, 191, 3, 144, 49, 130, 172, 70, 124, 67, 184, 192,
       29, 230, 249, 32, 64, 66, 128, 66, 40, 17, 207, 87, 207, 50, 66,
       46, 244, 36, 0, 250, 226, 121, 103, 160, 116, 118, 247, 30, 234,
       73, 153, 13, 125, 184, 164, 167, 192, 61, 179, 33, 57, 8, 135, 57,
       249, 188, 141, 33, 191, 94, 61, 92, 56, 183, 49, 200, 32, 23, 26,
       38, 8, 98, 56, 107, 55, 205, 158, 52, 116, 80, 136, 133, 233, 128,
       162, 149, 155, 236, 169, 169, 143, 30, 49, 17, 216, 157, 70, 200,
       137, 15, 11, 106, 29, 19, 92, 79, 213, 12, 18, 127, 124, 156, 136,
       129, 160, 242, 65, 103, 228, 15, 66, 78, 40, 225, 134, 226, 2, 67,
       10, 21, 119, 104, 196, 108, 227, 108, 231, 213, 140, 179, 234,
       194, 19, 37, 53, 116, 6, 142, 229, 54, 139, 237, 89, 190, 205,
       207, 22, 28, 131, 204, 198, 107, 135, 235, 91, 219, 114, 86, 101,
       58, 240, 167, 209, 79, 47, 150, 126, 141, 223, 55, 41, 232, 42,
       254, 105, 218, 200, 75, 65, 249, 171, 99, 232, 29, 48, 250, 203,
       83, 247, 142, 35, 223, 253, 58, 109, 129, 63, 253, 107, 122, 134,
       24, 129, 147, 177, 145, 206, 53, 229, 52, 129, 194, 0, 159, 179,
       96, 72, 240, 127, 41, 144, 24, 153, 145, 0, 253, 230, 30, 64, 160,
       0, 167, 170, 29, 63, 146, 241, 147, 182, 42, 83, 55, 137, 79, 86,
       157, 243, 224, 236, 119, 63, 180, 152, 147, 152, 177, 194, 171,
       253, 158, 194, 170, 228, 169, 165, 233, 81, 85, 93, 100, 14, 101,
       57, 121, 144, 98, 72, 247, 115, 133, 245, 18, 60, 36, 42, 97, 116,
       242, 29, 167, 248, 69, 8, 74, 160, 66, 40, 129, 162, 21, 185, 108,
       173, 40, 159, 94, 89, 80, 84, 182, 130, 232, 233, 193, 10, 42, 28,
       51, 124, 67, 145, 140, 152, 50, 104, 152, 136, 17, 173, 6, 184,
       17, 155, 233, 205, 176, 67, 142, 29, 41, 56, 140, 214, 96, 8, 129,
       59, 234, 16, 18, 43, 74, 213, 13, 148, 31, 111, 144, 8, 133, 131,
       194, 30, 51, 184, 251, 241, 190, 231, 173, 6, 216, 179, 172, 190,
       33, 207, 231, 179, 203, 129, 116, 11, 2, 234, 177, 84, 30, 171,
       150, 84, 173, 143, 248, 52, 63, 114, 9, 237, 81, 66, 241, 146,
       164, 24, 50, 211, 0, 59, 137, 176, 64, 8, 41, 103, 114, 33, 211,
       155, 80, 57, 64, 1, 70, 34, 151, 115, 150, 218, 171, 21, 28, 204,
       143, 156, 148, 34, 140, 222, 111, 207, 231, 89, 255, 114, 70, 71,
       170, 240, 179, 144, 79, 191, 146, 83, 169, 143, 216, 96, 174, 196,
       77, 86, 225, 66, 224, 134, 230, 2, 88, 187, 53, 123, 104, 212,
       123, 234, 104, 231, 177, 200, 83, 43, 199, 9, 3, 33, 126, 34, 49,
       56, 181, 113, 145, 127, 224, 23, 119, 251, 114, 80, 159, 60, 21,
       172, 173, 61, 20, 24, 185, 252, 113, 138, 143, 222, 80, 70, 235,
       72, 194, 189, 41, 105, 104, 69, 100, 27, 226, 16, 109, 32, 254,
       200, 179, 9, 149, 52, 90, 172, 70, 110, 201, 176, 101, 29, 102,
       221, 33, 16, 79, 187, 90, 160, 57, 233, 43, 101, 85, 87, 111, 100,
       101, 224, 238, 10, 27, 159, 54, 48, 120, 205, 83, 236, 76, 187,
       53, 157, 243, 205, 131, 37, 99, 38, 102, 234, 117, 65, 23, 172,
       13, 18, 70, 96, 229, 130, 162, 10, 67, 50, 37, 247, 232, 212, 108,
       234, 72, 163, 1, 204, 145, 226, 194, 18, 33, 58, 112, 36, 244, 96,
       215, 84, 74, 104, 97, 0, 233, 178, 162, 24, 86, 166, 69, 59, 41,
       213, 104, 146, 41, 103, 226, 64, 149, 162, 87, 56, 225, 113, 103,
       32, 102, 59, 106, 76, 236, 16, 182, 241, 201, 140, 248, 110, 104,
       248, 181, 34, 222, 253, 231, 99, 220, 163, 166, 232, 50, 56, 239,
       143, 77, 63, 246, 165, 40, 217, 56, 254, 60, 141, 83, 181, 214, 9,
       236, 4, 247, 241, 34, 96, 208, 122, 12, 88, 90, 170, 122, 63, 235,
       237, 36, 88, 24, 10, 208, 43, 120, 93, 30, 236, 157, 214, 86, 183,
       197, 200, 174, 0, 51, 55, 33, 243, 192, 182, 249, 96, 105, 139,
       17, 61, 243, 227, 4, 19, 58, 56, 124, 26, 248, 200, 94, 223, 7,
       10, 108, 165, 117, 54, 230, 26, 99, 99, 16, 91, 96, 228, 104, 234,
