%YAML:1.0
---
descriptors: !!opencv-matrix
   rows: 347
   cols: 32
   dt: u
   data: [ 10, 16, 6, 185, 197, 230, 189, 71, 60, 15, 83, 19, 204, 223,
       56, 73, 249, 63, 187, 177, 48, 208, 17, 192, 133, 50, 218, 199,
       134, 85, 181, 66, 41, 62, 191, 101, 36, 31, 231, 50, 238, 238, 62,
       76, 222, 121, 85, 34, 156, 100, 110, 13, 129, 240, 241, 10, 109,
       191, 101, 16, 200, 250, 65, 241, 214, 10, 159, 190, 141, 96, 151,
       136, 154, 159, 131, 51, 196, 254, 105, 75, 193, 117, 109, 211, 58,
       69, 203, 226, 217, 162, 239, 159, 144, 113, 181, 3, 14, 129, 166,
       163, 195, 68, 189, 205, 47, 53, 82, 131, 12, 191, 121, 73, 231,
       223, 187, 215, 146, 216, 27, 224, 221, 18, 222, 197, 132, 87, 165,
       218, 95, 239, 132, 151, 169, 50, 14, 191, 34, 254, 159, 229, 195,
       108, 210, 135, 69, 199, 236, 245, 173, 73, 239, 174, 170, 87, 255,
       213, 142, 111, 152, 93, 223, 36, 6, 183, 165, 62, 124, 192, 125,
       118, 199, 31, 207, 10, 27, 219, 243, 199, 252, 231, 236, 215, 141,
       226, 146, 243, 218, 7, 46, 117, 59, 70, 87, 135, 207, 193, 166,
       34, 237, 219, 160, 187, 154, 230, 81, 99, 249, 106, 119, 198, 63,
       188, 153, 209, 143, 194, 92, 174, 239, 196, 173, 242, 113, 33, 10,
       129, 148, 137, 157, 245, 176, 143, 142, 21, 10, 3, 140, 190, 110,
       196, 193, 27, 171, 17, 22, 8, 91, 245, 45, 20, 30, 111, 146, 78,
       141, 78, 149, 125, 122, 39, 30, 107, 151, 216, 100, 232, 190, 163,
       247, 88, 147, 99, 58, 229, 94, 115, 173, 161, 77, 42, 240, 233,
       39, 17, 109, 251, 41, 11, 87, 50, 204, 21, 138, 51, 156, 170, 190,
       247, 146, 247, 225, 236, 223, 139, 47, 199, 249, 167, 164, 197,
       223, 72, 136, 3, 255, 156, 237, 117, 25, 84, 3, 216, 114, 91, 119,
       215, 186, 222, 79, 77, 124, 162, 40, 223, 190, 100, 126, 57, 146,
       200, 198, 184, 53, 245, 7, 30, 18, 195, 87, 150, 101, 223, 245,
       37, 224, 70, 207, 63, 206, 105, 83, 230, 169, 26, 99, 104, 94,
       167, 121, 230, 114, 175, 236, 243, 221, 138, 63, 46, 197, 60, 103,
       110, 90, 132, 41, 148, 106, 73, 244, 155, 232, 119, 84, 97, 118,
       150, 19, 12, 182, 36, 127, 138, 150, 29, 255, 188, 117, 222, 62,
       79, 54, 192, 223, 140, 240, 253, 22, 7, 198, 168, 138, 98, 156,
       235, 161, 30, 216, 163, 77, 103, 43, 91, 127, 147, 207, 162, 72,
       131, 0, 200, 240, 166, 238, 159, 181, 116, 167, 227, 50, 28, 115,
       200, 82, 183, 186, 82, 29, 65, 120, 230, 40, 223, 165, 212, 126,
       185, 151, 176, 145, 154, 4, 222, 18, 254, 138, 202, 255, 131, 37,
       183, 131, 82, 114, 25, 118, 151, 168, 72, 94, 72, 84, 86, 40, 200,
       182, 236, 254, 41, 18, 189, 167, 180, 52, 223, 4, 30, 155, 134,
       93, 12, 41, 197, 71, 35, 140, 21, 168, 56, 160, 1, 238, 253, 147,
       237, 195, 232, 222, 139, 135, 199, 236, 149, 143, 225, 207, 64,
       156, 115, 127, 191, 204, 238, 9, 21, 59, 36, 234, 160, 213, 54,
       233, 67, 21, 197, 204, 131, 25, 173, 119, 40, 121, 137, 19, 189,
       29, 187, 53, 206, 91, 77, 154, 68, 175, 204, 56, 240, 169, 200,
       161, 254, 77, 197, 205, 228, 211, 86, 228, 26, 178, 221, 116, 45,
       200, 232, 19, 207, 107, 47, 250, 179, 67, 89, 218, 56, 91, 25,
       112, 250, 122, 157, 112, 168, 117, 215, 90, 119, 7, 237, 220, 15,
       47, 159, 114, 208, 216, 190, 151, 145, 30, 26, 241, 156, 251, 213,
       137, 255, 54, 142, 124, 91, 31, 28, 103, 218, 23, 246, 107, 82,
       245, 196, 239, 134, 121, 199, 55, 236, 124, 169, 155, 156, 171,
       139, 60, 238, 27, 239, 138, 72, 187, 207, 96, 244, 163, 73, 86,
       95, 25, 147, 166, 64, 141, 128, 239, 2, 104, 195, 165, 228, 104,
       112, 234, 202, 0, 161, 15, 255, 39, 122, 3, 3, 83, 191, 104, 164,
       2, 196, 16, 159, 213, 215, 182, 47, 28, 7, 91, 19, 172, 56, 54,
       196, 217, 27, 131, 35, 118, 184, 89, 223, 37, 54, 158, 67, 22, 78,
       189, 142, 245, 75, 207, 236, 46, 2, 79, 220, 196, 202, 240, 230,
       115, 195, 177, 123, 126, 228, 60, 238, 233, 135, 39, 41, 240, 170,
       231, 152, 61, 249, 112, 41, 29, 61, 58, 39, 190, 107, 179, 200,
       100, 224, 251, 42, 223, 248, 43, 32, 58, 245, 94, 115, 29, 177,
       141, 30, 248, 165, 39, 21, 237, 251, 43, 147, 40, 165, 97, 43,
       124, 201, 171, 101, 204, 96, 185, 171, 187, 77, 60, 144, 202, 186,
       203, 101, 211, 43, 92, 191, 125, 29, 32, 120, 85, 14, 214, 250,
       73, 57, 17, 189, 165, 142, 36, 39, 44, 160, 66, 76, 190, 18, 0,
       212, 160, 39, 104, 5, 69, 248, 145, 200, 164, 240, 86, 2, 10, 68,
       139, 24, 134, 0, 134, 153, 5, 7, 168, 66, 30, 3, 210, 19, 132,
       136, 33, 73, 248, 9, 51, 17, 48, 246, 19, 128, 132, 18, 218, 135,
       148, 8, 49, 130, 124, 99, 90, 160, 94, 9, 83, 77, 163, 172, 189,
       43, 7, 129, 66, 16, 56, 128, 77, 80, 94, 11, 194, 16, 250, 197,
       165, 253, 97, 154, 222, 194, 9, 241, 178, 58, 185, 141, 149, 103,
       255, 125, 168, 28, 190, 154, 102, 48, 169, 43, 90, 17, 214, 107,
       146, 87, 249, 221, 30, 122, 216, 12, 203, 11, 53, 73, 103, 78, 84,
       147, 198, 97, 196, 64, 241, 194, 115, 76, 180, 229, 88, 160, 22,
       239, 221, 169, 44, 189, 48, 40, 162, 64, 127, 46, 248, 164, 207,
       102, 220, 177, 169, 61, 124, 143, 187, 127, 182, 157, 207, 107,
       75, 27, 135, 195, 237, 20, 62, 116, 211, 130, 198, 219, 117, 145,
       234, 244, 139, 83, 176, 143, 94, 254, 158, 129, 79, 243, 148, 2,
       220, 226, 113, 225, 184, 97, 123, 234, 55, 203, 122, 43, 46, 191,
       242, 175, 174, 136, 53, 202, 240, 41, 13, 223, 124, 215, 180, 156,
       127, 180, 236, 76, 30, 164, 253, 127, 147, 99, 38, 114, 29, 78,
       225, 152, 61, 253, 238, 233, 167, 128, 38, 178, 85, 121, 48, 193,
       113, 248, 14, 129, 140, 231, 198, 0, 240, 66, 49, 153, 52, 64, 72,
       34, 19, 65, 202, 47, 6, 189, 48, 40, 186, 24, 117, 24, 240, 136,
       56, 141, 83, 236, 213, 134, 198, 109, 85, 0, 250, 66, 107, 233,
       52, 192, 120, 254, 6, 234, 216, 187, 1, 143, 178, 236, 166, 0,
       119, 174, 240, 168, 122, 253, 174, 52, 155, 220, 157, 175, 170,
       248, 142, 141, 124, 255, 67, 147, 165, 119, 253, 193, 75, 75, 186,
       221, 249, 243, 77, 187, 3, 116, 143, 123, 177, 89, 115, 77, 52,
       95, 238, 180, 116, 104, 114, 70, 211, 28, 149, 229, 126, 204, 22,
       106, 233, 176, 117, 47, 39, 233, 34, 0, 109, 186, 64, 189, 181,
       149, 90, 78, 248, 83, 78, 233, 80, 232, 253, 170, 83, 114, 174,
       49, 92, 246, 6, 226, 125, 155, 108, 62, 186, 171, 167, 253, 121,
       171, 234, 148, 90, 180, 159, 250, 187, 237, 17, 67, 175, 89, 173,
       56, 190, 247, 104, 122, 163, 51, 249, 16, 19, 75, 186, 241, 219,
       215, 26, 123, 146, 64, 167, 59, 7, 47, 226, 171, 214, 176, 186,
       66, 4, 197, 89, 199, 104, 232, 63, 0, 126, 107, 147, 215, 134,
       146, 28, 236, 104, 12, 138, 128, 141, 79, 121, 222, 45, 57, 17,
       67, 213, 223, 103, 40, 97, 224, 107, 8, 210, 85, 5, 180, 16, 124,
       66, 106, 81, 184, 121, 44, 45, 220, 5, 114, 66, 43, 70, 166, 231,
       231, 172, 183, 172, 31, 142, 137, 154, 246, 129, 157, 193, 108,
       95, 11, 149, 71, 121, 247, 237, 71, 255, 58, 174, 83, 207, 188,
       140, 119, 155, 84, 22, 52, 234, 158, 84, 230, 171, 80, 151, 194,
       221, 135, 89, 206, 119, 8, 125, 169, 151, 157, 138, 135, 54, 202,
       83, 13, 171, 136, 165, 231, 49, 244, 13, 112, 252, 119, 38, 42,
       121, 24, 228, 219, 87, 177, 255, 91, 155, 106, 39, 117, 125, 139,
       161, 212, 231, 74, 198, 239, 122, 128, 172, 177, 97, 17, 130, 220,
       56, 219, 191, 205, 148, 231, 159, 87, 76, 49, 164, 255, 34, 68,
       203, 59, 163, 1, 115, 108, 114, 183, 175, 150, 30, 123, 80, 72,
       133, 251, 85, 181, 173, 245, 156, 78, 223, 184, 114, 254, 161, 5,
       215, 127, 90, 35, 253, 213, 125, 247, 173, 227, 251, 14, 233, 207,
       239, 116, 193, 107, 119, 210, 186, 92, 38, 222, 79, 213, 145, 240,
       149, 90, 212, 63, 40, 220, 39, 43, 236, 113, 211, 195, 226, 103,
       58, 255, 19, 83, 216, 155, 95, 29, 53, 251, 130, 0, 135, 145, 5,
