%YAML:1.0
---
descriptors: !!opencv-matrix
   rows: 297
   cols: 32
   dt: u
   data: [ 105, 149, 63, 127, 100, 76, 101, 55, 41, 73, 127, 20, 183, 51,
       136, 112, 192, 6, 124, 12, 121, 152, 241, 55, 229, 255, 112, 80,
       10, 128, 210, 123, 67, 185, 158, 90, 203, 196, 21, 135, 170, 89,
       168, 8, 60, 246, 68, 122, 161, 247, 120, 208, 23, 75, 186, 113,
       91, 191, 87, 123, 136, 2, 163, 31, 218, 184, 191, 250, 139, 237,
       17, 71, 191, 89, 164, 56, 190, 191, 96, 122, 161, 51, 249, 16, 18,
       75, 178, 241, 219, 211, 90, 123, 146, 0, 167, 59, 153, 154, 107,
       81, 246, 155, 225, 119, 85, 97, 86, 246, 27, 8, 182, 100, 111,
       138, 22, 29, 255, 188, 37, 215, 126, 79, 178, 192, 255, 140, 240,
       253, 23, 129, 103, 137, 148, 147, 170, 105, 68, 209, 211, 199, 73,
       200, 246, 172, 126, 137, 55, 255, 215, 240, 37, 212, 28, 10, 171,
       196, 173, 15, 249, 212, 57, 202, 90, 233, 86, 23, 111, 244, 5, 32,
       116, 67, 19, 3, 176, 21, 120, 136, 6, 238, 72, 186, 33, 189, 114,
       201, 160, 4, 119, 155, 114, 138, 7, 46, 226, 191, 215, 180, 186,
       194, 14, 197, 88, 135, 40, 232, 63, 128, 254, 107, 147, 213, 134,
       146, 4, 234, 36, 20, 138, 139, 141, 95, 57, 222, 34, 233, 57, 250,
       237, 197, 177, 199, 158, 25, 68, 16, 188, 219, 96, 41, 201, 59,
       179, 17, 18, 106, 242, 241, 77, 209, 222, 107, 144, 24, 213, 170,
       67, 161, 229, 197, 94, 114, 184, 123, 107, 241, 22, 138, 8, 60,
       214, 47, 46, 149, 119, 189, 149, 88, 167, 205, 31, 26, 219, 166,
       175, 132, 83, 244, 22, 171, 238, 163, 226, 0, 172, 220, 174, 113,
       82, 231, 13, 175, 248, 75, 111, 207, 63, 251, 210, 216, 15, 224,
       156, 66, 254, 196, 165, 214, 161, 200, 131, 233, 59, 250, 205,
       197, 249, 198, 158, 81, 196, 18, 188, 223, 112, 105, 201, 59, 19,
       217, 3, 95, 50, 241, 87, 153, 218, 107, 16, 25, 177, 170, 241, 75,
       77, 236, 44, 2, 79, 254, 84, 194, 212, 230, 51, 33, 177, 99, 78,
       228, 62, 238, 233, 47, 101, 168, 240, 171, 230, 148, 61, 248, 112,
       57, 2, 133, 16, 153, 197, 247, 180, 39, 28, 7, 74, 3, 204, 58, 38,
       196, 209, 27, 147, 1, 84, 184, 81, 223, 45, 54, 218, 67, 18, 76,
       189, 142, 122, 157, 112, 160, 93, 215, 82, 115, 87, 173, 220, 11,
       46, 153, 114, 196, 216, 191, 151, 145, 30, 58, 209, 222, 191, 213,
       128, 123, 54, 142, 28, 95, 31, 92, 226, 218, 85, 182, 250, 210,
       213, 195, 214, 70, 40, 218, 183, 236, 105, 233, 155, 223, 175,
       135, 52, 238, 19, 127, 154, 3, 191, 159, 41, 223, 186, 157, 127,
       220, 90, 150, 185, 115, 149, 68, 244, 167, 57, 255, 36, 113, 110,
       179, 151, 160, 241, 139, 54, 223, 115, 235, 234, 200, 125, 160,
       36, 241, 44, 200, 178, 254, 93, 213, 211, 192, 215, 70, 196, 2,
       40, 217, 59, 132, 217, 248, 147, 203, 74, 39, 58, 251, 83, 223,
       154, 41, 83, 31, 116, 202, 31, 36, 227, 140, 87, 242, 233, 90, 23,
       195, 220, 147, 9, 221, 117, 172, 127, 169, 147, 189, 139, 135,
       180, 202, 19, 78, 155, 136, 167, 236, 49, 244, 250, 14, 102, 189,
       6, 34, 77, 119, 17, 39, 198, 215, 1, 47, 146, 75, 111, 135, 169,
       133, 184, 223, 229, 134, 214, 99, 218, 145, 39, 204, 180, 72, 242,
       4, 110, 193, 244, 98, 126, 103, 125, 6, 251, 51, 81, 47, 180, 89,
       123, 150, 63, 162, 60, 183, 97, 206, 54, 190, 146, 199, 181, 217,
       244, 6, 134, 64, 134, 136, 77, 71, 184, 72, 140, 148, 83, 19, 140,
       154, 103, 207, 200, 61, 179, 241, 4, 247, 82, 192, 21, 48, 202,
       135, 22, 45, 61, 134, 239, 238, 128, 151, 9, 62, 70, 184, 83, 178,
       130, 221, 194, 98, 67, 159, 93, 196, 232, 127, 173, 68, 221, 170,
       172, 118, 205, 62, 10, 125, 26, 20, 182, 221, 227, 222, 218, 99,
       143, 236, 151, 198, 205, 162, 113, 247, 237, 101, 123, 218, 179,
       226, 123, 3, 46, 255, 56, 38, 143, 191, 183, 251, 180, 244, 162,
       100, 199, 197, 204, 46, 173, 71, 124, 162, 250, 82, 208, 184, 21,
       11, 123, 95, 123, 171, 49, 245, 145, 202, 53, 42, 223, 0, 205,
       120, 243, 168, 6, 141, 16, 139, 213, 167, 186, 205, 15, 1, 88, 2,
       236, 126, 57, 68, 251, 27, 147, 177, 18, 144, 9, 253, 45, 22, 143,
       199, 150, 95, 189, 134, 49, 71, 78, 77, 84, 22, 110, 120, 101,
       192, 254, 70, 83, 112, 183, 112, 120, 228, 14, 238, 237, 179, 21,
       14, 54, 175, 165, 0, 125, 186, 120, 4, 221, 161, 138, 178, 240,
       196, 123, 21, 50, 233, 167, 29, 215, 215, 74, 16, 176, 238, 125,
       222, 91, 222, 137, 98, 250, 233, 167, 192, 168, 130, 170, 83, 225,
       162, 220, 84, 233, 60, 80, 39, 251, 187, 166, 24, 106, 160, 198,
       255, 129, 230, 236, 24, 188, 109, 231, 64, 30, 186, 85, 123, 202,
       224, 202, 12, 86, 150, 140, 158, 168, 49, 158, 168, 162, 246, 153,
       175, 193, 238, 223, 203, 183, 197, 237, 231, 252, 67, 239, 240,
       186, 67, 239, 191, 157, 247, 62, 85, 195, 222, 79, 23, 162, 10,
       47, 179, 56, 202, 82, 244, 245, 102, 138, 115, 54, 111, 124, 239,
       229, 212, 173, 111, 164, 34, 111, 130, 44, 240, 163, 125, 6, 166,
       233, 179, 246, 233, 187, 202, 158, 117, 25, 179, 181, 206, 94, 8,
       191, 27, 23, 149, 150, 48, 46, 243, 79, 12, 191, 228, 165, 67, 23,
       211, 215, 255, 140, 183, 170, 18, 158, 175, 26, 255, 152, 247,
       195, 108, 223, 143, 87, 199, 237, 247, 237, 77, 207, 162, 168, 67,
       239, 215, 173, 126, 157, 93, 230, 170, 233, 48, 204, 105, 145,
       207, 90, 247, 176, 155, 34, 236, 94, 10, 137, 78, 227, 21, 54,
       126, 238, 19, 93, 6, 221, 125, 213, 108, 214, 218, 52, 105, 26,
       126, 25, 205, 82, 104, 255, 0, 225, 8, 110, 211, 33, 16, 152, 185,
       200, 66, 104, 35, 90, 29, 147, 209, 1, 59, 80, 35, 78, 2, 74, 173,
       148, 147, 185, 228, 188, 167, 191, 157, 26, 17, 140, 190, 78, 206,
       135, 87, 187, 145, 18, 72, 155, 227, 47, 54, 158, 207, 134, 84,
       141, 79, 248, 184, 182, 250, 137, 253, 84, 199, 171, 23, 160, 25,
       174, 255, 98, 158, 161, 243, 237, 16, 62, 111, 154, 243, 155, 223,
       85, 123, 210, 84, 143, 78, 141, 18, 83, 123, 48, 174, 107, 16,
       125, 73, 115, 84, 223, 67, 153, 124, 181, 8, 6, 30, 179, 180, 25,
       95, 198, 254, 50, 68, 218, 131, 67, 177, 46, 252, 178, 187, 245,
       245, 190, 207, 31, 77, 124, 3, 172, 253, 126, 0, 255, 123, 147,
       145, 22, 186, 56, 255, 47, 85, 159, 235, 151, 94, 189, 223, 254,
       72, 230, 206, 77, 214, 227, 204, 7, 132, 230, 3, 96, 220, 63, 204,
       120, 236, 251, 195, 78, 231, 251, 253, 183, 107, 207, 27, 55, 63,
       124, 206, 10, 188, 178, 217, 125, 253, 185, 71, 143, 127, 92, 19,
       140, 158, 118, 204, 239, 59, 223, 17, 22, 31, 242, 211, 31, 93,
       154, 235, 150, 12, 141, 223, 140, 117, 122, 226, 240, 39, 127,
       216, 51, 158, 117, 141, 93, 199, 73, 17, 63, 217, 87, 254, 106,
       82, 56, 126, 255, 143, 167, 236, 169, 243, 166, 243, 89, 179, 175,
       21, 43, 94, 17, 56, 166, 252, 135, 165, 223, 246, 203, 255, 5,
       116, 236, 44, 173, 193, 191, 29, 203, 227, 101, 151, 42, 38, 13,
       119, 83, 156, 229, 247, 167, 126, 252, 167, 123, 247, 250, 255,
       205, 62, 212, 63, 167, 215, 127, 21, 182, 248, 189, 226, 191, 126,
       94, 195, 229, 84, 215, 223, 201, 65, 9, 235, 228, 141, 109, 149,
       236, 16, 226, 76, 147, 3, 80, 114, 192, 136, 110, 126, 75, 48, 83,
       17, 229, 185, 166, 0, 56, 154, 208, 0, 124, 121, 248, 108, 203,
       79, 87, 255, 19, 236, 236, 41, 51, 221, 67, 16, 24, 252, 229, 98,
       73, 50, 242, 26, 243, 229, 37, 61, 123, 250, 70, 123, 30, 40, 230,
       223, 95, 118, 235, 200, 55, 196, 231, 3, 104, 222, 63, 221, 120,
       221, 251, 243, 12, 215, 191, 252, 151, 106, 203, 71, 39, 47, 125,
       214, 166, 239, 109, 75, 184, 119, 206, 236, 202, 218, 189, 64,
       209, 238, 93, 163, 221, 219, 215, 242, 255, 103, 234, 251, 43,
       221, 143, 189, 209, 115, 238, 180, 211, 140, 244, 215, 247, 122,
       125, 183, 127, 87, 118, 178, 104, 46, 158, 127, 103, 215, 63, 156,
       183, 220, 47, 227, 63, 126, 222, 199, 167, 245, 229, 125, 65, 106,
