%YAML:1.0
---
descriptors: !!opencv-matrix
   rows: 293
   cols: 32
   dt: u
   data: [ 245, 93, 110, 238, 44, 70, 79, 120, 244, 204, 223, 2, 113,
       247, 187, 113, 120, 228, 61, 234, 232, 131, 191, 111, 243, 171,
       234, 137, 37, 179, 116, 96, 38, 255, 105, 169, 212, 137, 187, 216,
       78, 100, 104, 143, 145, 204, 119, 0, 254, 9, 19, 119, 198, 50,
       124, 255, 109, 12, 139, 108, 85, 139, 119, 210, 41, 185, 115, 65,
       116, 223, 99, 113, 105, 44, 252, 72, 59, 29, 148, 180, 30, 188,
       70, 104, 219, 186, 244, 79, 47, 220, 32, 96, 103, 138, 70, 253,
       159, 76, 79, 252, 30, 135, 139, 120, 148, 202, 208, 214, 121, 207,
       177, 33, 126, 177, 23, 239, 233, 199, 46, 191, 240, 203, 239, 136,
       61, 189, 49, 153, 173, 165, 101, 69, 244, 91, 231, 187, 119, 230,
       254, 190, 211, 101, 157, 181, 123, 220, 102, 232, 249, 244, 253,
       31, 47, 238, 101, 68, 103, 168, 198, 240, 60, 141, 126, 255, 20,
       199, 103, 246, 84, 0, 223, 2, 115, 241, 48, 64, 120, 170, 23, 234,
       40, 185, 56, 191, 227, 239, 162, 0, 55, 138, 112, 170, 206, 95,
       237, 183, 172, 56, 111, 151, 168, 223, 31, 245, 205, 47, 219, 75,
       199, 71, 253, 95, 240, 68, 239, 226, 230, 115, 254, 144, 132, 247,
       149, 121, 181, 219, 79, 168, 188, 131, 67, 248, 151, 140, 144,
       238, 83, 192, 169, 97, 92, 128, 14, 114, 250, 39, 110, 191, 248,
       128, 165, 124, 53, 171, 112, 113, 253, 49, 21, 236, 61, 206, 81,
       56, 233, 176, 163, 36, 222, 83, 8, 115, 200, 148, 124, 114, 73, 3,
       217, 220, 245, 184, 139, 94, 26, 10, 115, 34, 44, 173, 106, 250,
       85, 199, 242, 243, 86, 9, 124, 3, 113, 217, 48, 192, 249, 184,
       130, 153, 46, 186, 16, 191, 115, 207, 163, 9, 243, 234, 116, 130,
       98, 184, 146, 248, 137, 237, 80, 67, 239, 23, 160, 25, 174, 155,
       100, 152, 169, 179, 207, 17, 30, 111, 146, 209, 155, 216, 18, 123,
       210, 72, 175, 2, 101, 77, 204, 101, 180, 46, 111, 190, 33, 226,
       254, 205, 243, 97, 19, 19, 27, 228, 108, 110, 104, 240, 221, 46,
       230, 175, 101, 20, 109, 243, 74, 24, 124, 252, 156, 122, 139, 188,
       84, 223, 163, 31, 172, 28, 31, 251, 74, 155, 135, 211, 236, 18,
       94, 103, 218, 49, 251, 219, 85, 127, 186, 80, 170, 3, 222, 56,
       158, 190, 11, 229, 22, 65, 187, 130, 161, 57, 126, 255, 33, 91,
       234, 243, 253, 130, 43, 71, 154, 251, 147, 243, 75, 59, 152, 115,
       47, 18, 244, 123, 26, 104, 233, 69, 148, 217, 175, 94, 185, 109,
       150, 223, 97, 26, 204, 145, 238, 82, 79, 35, 218, 80, 211, 145,
       103, 190, 88, 59, 38, 147, 167, 237, 225, 71, 223, 57, 174, 228,
       124, 66, 123, 82, 200, 120, 221, 164, 121, 74, 210, 255, 245, 176,
       125, 239, 62, 124, 135, 70, 207, 255, 249, 164, 210, 239, 131,
       158, 186, 99, 158, 239, 189, 142, 216, 179, 108, 167, 32, 81, 255,
       223, 207, 162, 104, 207, 10, 239, 177, 150, 222, 159, 21, 117,
       167, 251, 50, 12, 194, 232, 85, 199, 230, 79, 23, 135, 120, 11,
       33, 218, 36, 16, 249, 170, 130, 128, 28, 187, 0, 222, 59, 220,
       147, 43, 117, 42, 246, 142, 34, 168, 82, 248, 221, 233, 224, 71,
       93, 5, 248, 26, 42, 152, 116, 148, 216, 171, 7, 129, 26, 186, 194,
       211, 55, 30, 154, 107, 213, 8, 254, 138, 101, 101, 157, 111, 184,
       47, 79, 184, 18, 162, 169, 8, 215, 115, 73, 49, 145, 92, 88, 106,
       107, 96, 217, 63, 237, 223, 5, 60, 80, 251, 194, 32, 35, 168, 230,
       23, 91, 187, 184, 202, 123, 241, 112, 141, 104, 200, 86, 156, 187,
       239, 115, 21, 134, 250, 222, 125, 30, 26, 85, 102, 207, 133, 91,
       204, 27, 86, 182, 189, 39, 250, 121, 26, 237, 78, 95, 165, 239,
       198, 187, 236, 243, 105, 172, 166, 207, 148, 47, 205, 194, 247,
       114, 131, 54, 199, 45, 127, 52, 245, 43, 234, 92, 205, 227, 208,
       68, 9, 249, 66, 147, 215, 56, 112, 248, 136, 94, 248, 154, 179,
       112, 55, 253, 173, 162, 216, 113, 11, 114, 163, 158, 214, 118, 93,
       55, 218, 123, 248, 127, 94, 87, 183, 239, 206, 190, 237, 119, 40,
       174, 174, 231, 148, 47, 223, 226, 243, 67, 135, 54, 180, 45, 119,
       124, 125, 188, 246, 220, 102, 95, 184, 19, 246, 143, 15, 119, 245,
       83, 83, 21, 254, 121, 227, 168, 83, 249, 42, 251, 167, 69, 60,
       161, 251, 54, 114, 185, 76, 110, 237, 84, 18, 231, 112, 84, 230,
       254, 6, 83, 41, 179, 65, 120, 172, 23, 238, 232, 183, 37, 142,
       246, 239, 227, 4, 127, 169, 120, 224, 219, 78, 71, 189, 45, 126,
       108, 62, 191, 98, 210, 214, 255, 126, 149, 243, 238, 231, 127,
       207, 237, 213, 231, 255, 150, 251, 218, 144, 46, 181, 57, 125, 98,
       136, 18, 250, 237, 173, 240, 71, 251, 9, 240, 24, 174, 152, 52,
       216, 201, 171, 79, 17, 58, 43, 210, 243, 151, 190, 154, 123, 208,
       72, 223, 138, 79, 158, 182, 183, 164, 188, 54, 190, 250, 219, 22,
       117, 252, 248, 219, 75, 183, 103, 253, 87, 247, 73, 154, 235, 232,
       119, 127, 214, 136, 117, 153, 87, 45, 169, 250, 81, 253, 199, 249,
       203, 127, 49, 254, 18, 24, 221, 116, 32, 249, 191, 115, 152, 19,
       251, 178, 210, 127, 189, 135, 102, 193, 8, 227, 178, 11, 220, 18,
       222, 53, 149, 50, 246, 223, 11, 94, 6, 172, 210, 38, 228, 253, 59,
       154, 66, 231, 141, 58, 255, 163, 127, 22, 67, 26, 30, 41, 159,
       196, 127, 159, 245, 180, 14, 101, 55, 184, 174, 34, 76, 183, 179,
       65, 83, 132, 118, 104, 72, 96, 252, 145, 42, 237, 163, 117, 0,
       136, 112, 199, 58, 108, 238, 154, 254, 203, 249, 54, 230, 191,
       151, 104, 8, 238, 235, 97, 216, 211, 251, 235, 16, 38, 75, 138,
       243, 159, 247, 95, 43, 144, 113, 15, 10, 2, 184, 150, 152, 235,
       233, 176, 199, 174, 23, 0, 17, 172, 150, 96, 223, 227, 59, 235,
       17, 18, 77, 146, 241, 157, 18, 90, 107, 144, 64, 167, 142, 73, 59,
       223, 229, 248, 172, 120, 19, 173, 201, 254, 197, 159, 191, 195,
       122, 238, 183, 127, 156, 157, 216, 211, 192, 206, 253, 46, 192,
       168, 224, 43, 209, 184, 173, 62, 217, 221, 227, 177, 71, 255, 145,
       230, 18, 142, 219, 38, 101, 233, 191, 123, 24, 58, 235, 146, 222,
       219, 250, 151, 75, 195, 8, 231, 170, 227, 80, 85, 220, 109, 92,
       105, 104, 233, 114, 160, 92, 156, 18, 5, 255, 200, 132, 126, 234,
       105, 71, 242, 208, 21, 250, 210, 62, 10, 32, 98, 166, 11, 156, 58,
       222, 23, 183, 190, 226, 223, 10, 92, 6, 108, 250, 39, 100, 253,
       59, 154, 130, 167, 141, 58, 255, 51, 127, 154, 11, 26, 95, 41,
       159, 38, 238, 182, 254, 141, 111, 158, 239, 159, 63, 248, 155,
       238, 237, 47, 143, 205, 243, 255, 131, 56, 107, 74, 242, 185, 214,
       223, 59, 211, 125, 135, 206, 254, 164, 172, 162, 141, 35, 91, 200,
       83, 183, 133, 27, 202, 104, 95, 27, 217, 197, 253, 243, 62, 71,
       235, 178, 219, 211, 207, 255, 181, 119, 126, 70, 198, 253, 150,
       154, 233, 102, 94, 239, 255, 19, 232, 17, 204, 250, 44, 221, 209,
       215, 251, 19, 116, 79, 154, 230, 185, 182, 222, 95, 128, 116, 171,
       14, 134, 92, 151, 218, 159, 233, 150, 207, 159, 183, 136, 59, 236,
       254, 101, 205, 243, 123, 235, 2, 54, 79, 154, 251, 185, 182, 95,
       63, 144, 121, 165, 22, 135, 237, 34, 27, 221, 59, 166, 239, 92,
       98, 218, 94, 192, 120, 159, 161, 249, 207, 122, 247, 245, 246,
       221, 239, 62, 30, 143, 70, 205, 127, 249, 132, 1, 205, 25, 237,
       116, 143, 103, 181, 76, 40, 122, 64, 247, 83, 160, 96, 22, 60, 22,
       110, 209, 184, 73, 61, 101, 172, 39, 4, 88, 154, 193, 169, 70,
       185, 157, 254, 137, 205, 53, 175, 174, 17, 136, 0, 252, 247, 96,
       106, 129, 127, 249, 64, 83, 73, 154, 241, 253, 179, 95, 127, 144,
       114, 133, 186, 223, 77, 140, 167, 142, 96, 79, 156, 138, 252, 159,
       167, 221, 247, 107, 74, 113, 199, 191, 254, 95, 71, 203, 226, 252,
       161, 239, 180, 188, 127, 184, 83, 189, 123, 79, 232, 60, 131, 65,
       120, 197, 248, 176, 238, 83, 205, 177, 65, 76, 160, 14, 126, 233,
       231, 103, 156, 250, 201, 225, 188, 61, 168, 112, 57, 214, 82, 190,
       50, 169, 109, 151, 200, 159, 254, 181, 185, 206, 236, 111, 11,
