%YAML:1.0
---
descriptors: !!opencv-matrix
   rows: 304
   cols: 32
   dt: u
   data: [ 54, 71, 70, 160, 202, 98, 157, 235, 165, 22, 152, 163, 13, 47,
       45, 91, 111, 151, 207, 162, 72, 131, 64, 192, 240, 6, 239, 151,
       165, 116, 167, 115, 122, 253, 175, 52, 155, 220, 157, 175, 170,
       248, 142, 173, 126, 255, 67, 147, 164, 247, 253, 65, 75, 75, 186,
       157, 249, 243, 77, 187, 65, 116, 15, 123, 55, 141, 109, 222, 158,
       129, 207, 243, 214, 66, 221, 70, 113, 233, 184, 96, 95, 226, 63,
       175, 251, 43, 46, 191, 242, 175, 171, 200, 61, 202, 240, 105, 67,
       124, 187, 197, 36, 15, 237, 22, 106, 232, 30, 72, 246, 28, 84, 34,
       128, 76, 125, 45, 193, 240, 241, 78, 237, 61, 47, 184, 8, 152, 83,
       105, 90, 176, 159, 250, 155, 237, 17, 71, 175, 89, 173, 56, 174,
       247, 104, 122, 167, 51, 255, 144, 19, 75, 178, 241, 219, 215, 26,
       123, 146, 64, 167, 59, 215, 100, 166, 182, 5, 58, 56, 200, 253,
       247, 131, 27, 207, 170, 90, 251, 227, 197, 249, 167, 60, 197, 141,
       226, 146, 115, 219, 31, 4, 117, 187, 70, 67, 177, 228, 85, 95, 84,
       248, 123, 107, 245, 20, 138, 40, 60, 214, 47, 47, 149, 243, 173,
       149, 122, 167, 204, 31, 26, 219, 175, 199, 164, 87, 253, 14, 137,
       148, 153, 221, 201, 176, 143, 143, 53, 8, 3, 140, 188, 110, 132,
       201, 27, 171, 81, 22, 56, 91, 245, 45, 20, 31, 103, 146, 30, 141,
       206, 168, 221, 26, 184, 125, 193, 149, 231, 158, 21, 68, 51, 166,
       156, 98, 0, 201, 59, 131, 1, 110, 43, 114, 183, 105, 87, 30, 123,
       80, 24, 252, 250, 10, 220, 50, 219, 181, 246, 187, 231, 63, 15,
       94, 18, 172, 222, 38, 100, 251, 59, 147, 144, 50, 156, 48, 255,
       111, 254, 158, 195, 150, 12, 181, 255, 10, 204, 122, 75, 119, 215,
       186, 246, 125, 13, 124, 3, 40, 95, 62, 96, 127, 27, 131, 128, 134,
       184, 48, 255, 103, 127, 18, 67, 87, 150, 237, 207, 89, 248, 187,
       116, 233, 253, 85, 87, 235, 95, 164, 24, 190, 183, 66, 58, 165,
       183, 124, 8, 153, 107, 178, 64, 243, 251, 116, 10, 194, 64, 199,
       107, 1, 141, 31, 250, 85, 197, 105, 231, 222, 81, 72, 0, 176, 243,
       48, 97, 201, 43, 18, 156, 67, 184, 18, 253, 109, 191, 158, 72, 24,
       8, 33, 186, 6, 141, 32, 139, 215, 227, 186, 204, 14, 5, 89, 3,
       236, 126, 59, 64, 217, 27, 147, 241, 18, 152, 73, 253, 45, 20,
       142, 199, 148, 95, 181, 202, 34, 252, 146, 155, 245, 245, 186,
       206, 31, 13, 120, 35, 172, 252, 54, 132, 255, 123, 147, 145, 6,
       186, 90, 255, 45, 92, 143, 235, 215, 94, 253, 223, 162, 167, 33,
       91, 81, 181, 168, 126, 62, 13, 232, 84, 168, 198, 44, 244, 220,
       27, 130, 152, 186, 138, 114, 255, 47, 220, 138, 74, 83, 2, 102,
       172, 245, 75, 207, 236, 46, 2, 79, 222, 196, 202, 240, 230, 115,
       227, 177, 123, 126, 196, 60, 238, 233, 7, 39, 9, 240, 234, 231,
       152, 61, 249, 112, 57, 216, 180, 188, 186, 169, 253, 88, 159, 175,
       95, 128, 25, 159, 255, 106, 203, 197, 19, 253, 17, 62, 79, 210,
       145, 219, 211, 94, 127, 146, 64, 141, 91, 105, 245, 178, 56, 189,
       141, 213, 247, 255, 125, 168, 29, 158, 152, 66, 16, 137, 175, 94,
       21, 222, 107, 210, 215, 249, 220, 22, 126, 218, 12, 195, 75, 218,
       184, 150, 186, 137, 253, 80, 199, 187, 95, 160, 25, 174, 255, 98,
       159, 161, 179, 253, 16, 62, 111, 154, 243, 155, 211, 86, 123, 210,
       68, 175, 94, 223, 148, 107, 192, 246, 226, 187, 115, 185, 107,
       155, 247, 93, 46, 190, 113, 63, 151, 151, 181, 177, 147, 44, 214,
       90, 111, 171, 198, 189, 197, 163, 113, 169, 200, 161, 254, 77,
       197, 207, 228, 215, 86, 228, 18, 186, 221, 116, 45, 201, 232, 19,
       203, 107, 47, 250, 177, 67, 217, 218, 56, 83, 24, 116, 250, 42,
       194, 96, 74, 75, 209, 190, 236, 135, 20, 253, 163, 40, 206, 174,
       196, 254, 25, 131, 226, 70, 39, 46, 213, 51, 80, 138, 175, 87,
       158, 44, 207, 40, 165, 97, 11, 124, 201, 227, 101, 206, 101, 185,
       169, 187, 204, 60, 144, 202, 170, 203, 69, 146, 43, 108, 127, 125,
       29, 32, 121, 85, 142, 214, 250, 11, 220, 240, 222, 119, 245, 186,
       206, 27, 73, 92, 171, 172, 188, 119, 164, 159, 123, 147, 71, 134,
       58, 10, 243, 39, 92, 154, 171, 215, 95, 31, 223, 87, 218, 236, 28,
       138, 19, 156, 170, 158, 246, 146, 183, 100, 236, 95, 11, 39, 71,
       249, 151, 172, 69, 191, 32, 216, 3, 255, 159, 189, 117, 25, 87,
       131, 82, 98, 153, 55, 151, 184, 72, 94, 72, 81, 231, 236, 200,
       191, 232, 254, 41, 146, 133, 167, 180, 30, 223, 6, 30, 139, 131,
       93, 12, 57, 213, 226, 235, 13, 220, 104, 215, 78, 238, 31, 58,
       212, 232, 162, 231, 181, 241, 220, 250, 255, 194, 107, 79, 234,
       253, 187, 51, 254, 185, 16, 153, 30, 61, 245, 149, 90, 78, 248,
       83, 78, 233, 80, 232, 253, 168, 83, 118, 172, 177, 92, 246, 134,
       226, 253, 155, 108, 62, 186, 171, 231, 253, 121, 234, 234, 149,
       174, 73, 70, 223, 93, 151, 102, 100, 151, 128, 99, 2, 104, 195,
       37, 213, 88, 234, 162, 74, 34, 183, 10, 253, 39, 58, 193, 3, 115,
       191, 232, 132, 57, 197, 82, 236, 85, 130, 70, 101, 213, 0, 250, 2,
       107, 233, 48, 192, 120, 254, 134, 106, 92, 187, 0, 159, 178, 237,
       130, 1, 119, 174, 248, 136, 172, 117, 123, 106, 240, 7, 111, 248,
       51, 158, 117, 140, 93, 71, 9, 25, 63, 217, 87, 254, 98, 210, 56,
       126, 127, 159, 167, 236, 227, 243, 166, 243, 104, 113, 49, 65, 81,
       79, 67, 40, 121, 160, 98, 8, 210, 85, 5, 48, 152, 28, 64, 106, 9,
       176, 241, 28, 37, 156, 1, 52, 64, 11, 70, 32, 121, 4, 141, 229,
       28, 110, 70, 63, 113, 162, 202, 26, 83, 57, 16, 115, 89, 214, 125,
       169, 45, 211, 217, 14, 251, 239, 197, 20, 32, 232, 80, 42, 94,
       104, 14, 186, 9, 165, 24, 0, 174, 21, 135, 133, 173, 195, 98, 91,
       228, 33, 233, 213, 14, 69, 147, 113, 210, 241, 218, 251, 152, 1,
       41, 82, 94, 54, 183, 182, 185, 108, 91, 137, 171, 221, 155, 57,
       223, 247, 72, 90, 181, 215, 253, 51, 26, 67, 171, 224, 217, 243,
       127, 222, 130, 119, 167, 99, 106, 15, 118, 204, 118, 138, 250, 98,
       233, 128, 122, 227, 44, 139, 180, 212, 254, 165, 151, 225, 160,
       187, 4, 204, 118, 120, 170, 128, 71, 164, 107, 137, 6, 145, 134,
       155, 133, 134, 189, 197, 63, 21, 83, 2, 204, 250, 58, 72, 249, 95,
       179, 211, 18, 208, 25, 192, 13, 50, 222, 70, 148, 95, 185, 134,
       10, 252, 240, 222, 119, 241, 186, 204, 91, 69, 92, 171, 44, 254,
       127, 164, 191, 123, 147, 199, 134, 50, 14, 251, 39, 92, 138, 171,
       215, 95, 63, 223, 85, 46, 140, 53, 156, 62, 104, 150, 246, 243,
       130, 221, 211, 40, 82, 219, 133, 231, 104, 5, 189, 216, 215, 32,
       204, 99, 237, 80, 136, 244, 218, 80, 86, 36, 174, 182, 138, 42,
       124, 203, 255, 183, 131, 25, 207, 234, 95, 91, 179, 199, 249, 183,
       60, 215, 143, 192, 144, 114, 223, 23, 164, 117, 187, 6, 114, 3,
       202, 172, 202, 66, 156, 79, 165, 133, 152, 163, 13, 39, 33, 90,
       110, 149, 239, 128, 88, 11, 1, 192, 184, 36, 239, 159, 165, 244,
       167, 235, 247, 180, 173, 183, 140, 101, 143, 168, 150, 247, 129,
       23, 209, 108, 95, 11, 221, 71, 121, 183, 255, 71, 255, 55, 201,
       10, 207, 124, 141, 125, 83, 86, 3, 145, 106, 75, 212, 213, 191,
       117, 79, 77, 127, 6, 144, 220, 254, 96, 252, 25, 19, 209, 214,
       184, 63, 213, 111, 29, 130, 199, 85, 10, 245, 246, 186, 133, 110,
       252, 74, 214, 189, 115, 149, 66, 244, 147, 57, 175, 54, 113, 110,
       185, 151, 172, 249, 143, 50, 223, 115, 235, 202, 137, 55, 164,
       167, 242, 10, 141, 16, 139, 213, 247, 182, 35, 31, 5, 75, 19, 204,
       60, 38, 196, 209, 27, 179, 3, 86, 152, 89, 247, 45, 54, 154, 67,
       22, 78, 189, 206, 73, 10, 8, 161, 45, 189, 72, 7, 236, 33, 170,
       77, 175, 42, 22, 210, 192, 167, 236, 5, 13, 41, 211, 1, 128, 213,
       26, 81, 72, 76, 136, 12, 89, 245, 55, 186, 153, 141, 213, 255,
       235, 93, 169, 29, 142, 217, 106, 148, 161, 11, 205, 17, 82, 107,
       154, 215, 249, 220, 22, 122, 202, 4, 131, 107, 17, 32, 195, 193,
