%YAML:1.0
---
descriptors: !!opencv-matrix
   rows: 226
   cols: 32
   dt: u
   data: [ 38, 169, 83, 224, 244, 139, 238, 225, 205, 32, 185, 202, 150,
       136, 116, 0, 190, 185, 87, 115, 88, 187, 8, 252, 184, 156, 13,
       118, 69, 171, 211, 160, 36, 237, 136, 190, 220, 3, 238, 236, 214,
       162, 249, 10, 241, 226, 104, 3, 121, 202, 2, 234, 96, 99, 78, 255,
       188, 199, 175, 60, 53, 123, 177, 128, 243, 65, 102, 236, 15, 22,
       78, 104, 229, 128, 227, 2, 67, 106, 60, 247, 120, 228, 108, 239,
       108, 167, 29, 140, 179, 234, 195, 17, 39, 190, 120, 4, 1, 136, 17,
       153, 172, 201, 105, 159, 94, 89, 112, 84, 183, 130, 240, 105, 195,
       42, 34, 28, 147, 120, 99, 51, 140, 158, 50, 104, 152, 136, 192,
       236, 253, 97, 237, 66, 204, 71, 79, 248, 67, 242, 181, 74, 83, 85,
       217, 59, 88, 196, 84, 126, 201, 103, 255, 56, 243, 137, 229, 60,
       119, 251, 82, 224, 22, 21, 235, 175, 150, 98, 175, 65, 20, 195,
       219, 179, 81, 231, 169, 72, 122, 253, 151, 177, 57, 145, 1, 138,
       248, 167, 175, 193, 181, 250, 180, 242, 176, 32, 27, 112, 9, 237,
       81, 82, 241, 19, 164, 24, 55, 211, 72, 59, 168, 176, 69, 8, 42,
       111, 146, 3, 211, 153, 80, 57, 96, 128, 102, 42, 181, 207, 79, 79,
       180, 83, 206, 252, 68, 232, 250, 230, 115, 108, 189, 225, 126,
       196, 30, 238, 237, 179, 109, 44, 186, 233, 167, 148, 125, 187,
       248, 189, 53, 223, 115, 207, 246, 15, 239, 252, 85, 236, 254, 102,
       115, 97, 189, 164, 126, 206, 22, 238, 217, 186, 109, 191, 60, 236,
       165, 132, 127, 251, 242, 249, 244, 96, 199, 116, 9, 74, 68, 68,
       225, 242, 163, 24, 115, 27, 77, 159, 168, 196, 104, 226, 105, 71,
       147, 72, 147, 234, 197, 27, 107, 113, 98, 10, 2, 162, 149, 155,
       252, 137, 168, 175, 30, 49, 80, 241, 181, 134, 200, 129, 207, 27,
       107, 21, 51, 92, 75, 215, 12, 22, 126, 236, 148, 8, 129, 169, 200,
       144, 253, 81, 172, 60, 253, 159, 250, 191, 54, 20, 217, 61, 220,
       107, 7, 86, 125, 56, 179, 108, 243, 64, 79, 187, 119, 196, 199,
       200, 213, 115, 0, 161, 26, 184, 201, 221, 176, 207, 142, 61, 41,
       26, 140, 214, 104, 12, 169, 27, 202, 16, 22, 75, 42, 209, 29, 208,
       31, 111, 144, 8, 133, 166, 29, 24, 147, 247, 147, 166, 40, 19, 62,
       139, 75, 82, 221, 247, 96, 232, 119, 127, 179, 145, 19, 216, 145,
       194, 141, 231, 190, 192, 170, 97, 161, 177, 1, 227, 29, 251, 162,
       201, 33, 255, 86, 49, 75, 112, 183, 243, 232, 96, 83, 26, 34, 8,
       19, 24, 107, 17, 140, 132, 119, 100, 144, 138, 133, 161, 3, 12,
       163, 159, 213, 247, 160, 3, 95, 195, 90, 82, 172, 252, 53, 236,
       217, 107, 179, 145, 183, 252, 115, 227, 13, 54, 154, 3, 150, 77,
       241, 206, 245, 109, 239, 110, 142, 65, 71, 252, 195, 250, 185, 10,
       83, 249, 121, 55, 57, 194, 84, 234, 73, 99, 190, 56, 187, 200,
       229, 60, 113, 251, 242, 32, 247, 239, 235, 78, 206, 53, 206, 252,
       195, 210, 185, 206, 83, 224, 255, 35, 29, 194, 81, 238, 201, 99,
       190, 58, 122, 8, 197, 188, 125, 251, 250, 52, 137, 172, 146, 249,
       161, 181, 120, 199, 247, 19, 70, 16, 173, 243, 226, 205, 99, 42,
       178, 156, 54, 220, 131, 243, 142, 223, 86, 67, 186, 196, 169, 140,
       35, 251, 200, 24, 122, 145, 154, 206, 30, 69, 76, 175, 172, 204,
       230, 128, 223, 123, 162, 85, 214, 10, 254, 119, 46, 21, 29, 107,
       221, 142, 143, 220, 152, 157, 27, 233, 52, 199, 75, 113, 20, 72,
       94, 66, 247, 87, 160, 96, 84, 56, 31, 104, 107, 152, 81, 63, 225,
       229, 170, 192, 56, 138, 48, 57, 53, 223, 115, 79, 182, 31, 239,
       248, 116, 224, 251, 70, 115, 97, 189, 228, 126, 238, 22, 238, 217,
       178, 125, 63, 62, 237, 167, 132, 125, 187, 240, 249, 164, 237,
       130, 158, 220, 35, 230, 236, 30, 162, 249, 10, 241, 226, 105, 1,
       121, 238, 74, 226, 112, 99, 72, 255, 253, 134, 199, 61, 181, 123,
       180, 128, 11, 177, 146, 211, 177, 178, 48, 23, 191, 9, 207, 52,
       140, 242, 238, 228, 215, 59, 157, 144, 63, 152, 49, 198, 170, 246,
       158, 195, 138, 68, 169, 39, 201, 176, 189, 113, 173, 124, 249,
       159, 106, 123, 182, 20, 152, 61, 88, 107, 133, 86, 253, 24, 179,
       108, 251, 225, 79, 251, 118, 116, 202, 200, 193, 59, 129, 160, 17,
       153, 236, 137, 97, 159, 94, 113, 112, 84, 183, 128, 216, 109, 195,
       10, 98, 28, 147, 124, 83, 17, 140, 152, 54, 108, 216, 136, 193,
       173, 41, 72, 105, 69, 100, 27, 231, 18, 109, 40, 254, 232, 187, 9,
       149, 52, 24, 172, 70, 110, 201, 176, 97, 137, 70, 253, 32, 16, 79,
       187, 82, 168, 10, 184, 0, 187, 223, 189, 186, 207, 30, 85, 80,
       151, 173, 206, 114, 136, 239, 43, 147, 149, 54, 124, 30, 247, 12,
       85, 30, 235, 221, 12, 139, 223, 32, 177, 160, 9, 221, 253, 65,
       143, 79, 117, 41, 12, 130, 208, 78, 164, 153, 10, 162, 16, 23, 56,
       255, 147, 47, 20, 21, 119, 210, 14, 220, 222, 31, 90, 148, 186,
       171, 85, 26, 200, 143, 31, 148, 34, 140, 222, 107, 238, 231, 89,
       255, 82, 6, 7, 43, 240, 155, 208, 95, 255, 146, 23, 41, 7, 13,
       166, 155, 145, 244, 171, 169, 215, 126, 49, 95, 208, 157, 162,
       248, 160, 51, 11, 2, 24, 51, 152, 44, 23, 236, 135, 63, 100, 148,
       200, 137, 161, 73, 237, 89, 105, 116, 138, 105, 55, 105, 8, 118,
       64, 191, 3, 128, 113, 162, 44, 70, 124, 65, 184, 0, 93, 230, 249,
       32, 96, 98, 128, 66, 169, 130, 174, 51, 152, 203, 225, 190, 199,
       172, 15, 216, 179, 172, 174, 100, 198, 239, 59, 203, 145, 114, 15,
       162, 243, 53, 20, 30, 235, 146, 84, 167, 255, 102, 59, 98, 204,
       236, 16, 150, 240, 201, 140, 216, 110, 104, 248, 183, 34, 222,
       255, 247, 227, 220, 171, 166, 236, 50, 60, 239, 139, 69, 191, 246,
       199, 56, 105, 42, 108, 85, 215, 71, 101, 101, 172, 238, 10, 19,
       187, 52, 48, 248, 252, 211, 232, 72, 187, 17, 157, 243, 237, 131,
       21, 99, 34, 254, 170, 197, 72, 151, 119, 13, 15, 69, 188, 236,
       186, 162, 88, 246, 145, 65, 123, 129, 116, 104, 74, 97, 101, 155,
       40, 149, 186, 85, 18, 64, 57, 193, 40, 216, 205, 23, 236, 29, 198,
       86, 166, 165, 128, 202, 2, 107, 55, 33, 211, 224, 244, 233, 224,
       104, 137, 17, 172, 243, 227, 196, 17, 34, 60, 124, 42, 117, 73,
       87, 172, 13, 2, 71, 96, 165, 160, 170, 2, 67, 18, 33, 247, 232,
       244, 108, 226, 72, 163, 65, 140, 177, 242, 194, 22, 48, 170, 116,
       36, 0, 189, 191, 188, 187, 194, 53, 231, 190, 215, 94, 49, 188,
       254, 32, 163, 163, 123, 235, 145, 51, 201, 178, 111, 253, 39, 127,
       75, 128, 96, 167, 251, 37, 255, 153, 95, 240, 141, 239, 191, 126,
       175, 124, 100, 244, 231, 193, 240, 221, 127, 38, 220, 211, 56,
       251, 115, 44, 158, 55, 236, 216, 242, 130, 185, 249, 91, 86, 108,
       43, 14, 86, 48, 225, 202, 162, 109, 107, 123, 3, 211, 134, 244,
       236, 102, 77, 99, 219, 9, 242, 251, 101, 24, 107, 182, 74, 27, 17,
       221, 87, 207, 50, 202, 46, 246, 37, 0, 234, 226, 125, 115, 160,
       244, 118, 247, 30, 234, 65, 153, 13, 127, 184, 174, 39, 192, 61,
       178, 41, 25, 56, 172, 154, 168, 149, 163, 194, 71, 214, 5, 234, 2,
       98, 241, 32, 0, 217, 58, 2, 16, 26, 187, 0, 63, 249, 197, 2, 65,
       241, 74, 252, 138, 90, 251, 145, 178, 187, 217, 16, 143, 187, 125,
       128, 189, 174, 182, 66, 146, 135, 83, 237, 17, 22, 75, 154, 179,
       185, 213, 31, 123, 130, 4, 135, 91, 139, 132, 148, 187, 13, 253,
       176, 142, 94, 115, 66, 19, 172, 184, 110, 237, 209, 11, 178, 17,
       55, 124, 83, 243, 141, 87, 90, 39, 144, 92, 25, 142, 235, 176,
       252, 155, 168, 189, 153, 31, 174, 119, 181, 189, 190, 158, 218,
       123, 207, 23, 255, 29, 183, 79, 255, 209, 206, 59, 218, 248, 150,
       140, 143, 125, 79, 96, 253, 129, 98, 61, 185, 130, 43, 247, 38,
       152, 159, 14, 215, 62, 39, 149, 251, 29, 135, 116, 245, 192, 212,
       217, 91, 52, 198, 245, 3, 116, 96, 176, 60, 249, 237, 237, 145,
       143, 207, 125, 188, 57, 166, 157, 78, 18, 137, 19, 235, 0, 18,
       106, 242, 145, 79, 145, 84, 127, 80, 24, 199, 251, 15, 140, 130,
