%YAML:1.0
---
descriptors: !!opencv-matrix
   rows: 387
   cols: 32
   dt: u
   data: [ 104, 241, 58, 122, 121, 205, 81, 212, 171, 29, 52, 25, 63,
       151, 10, 16, 132, 59, 205, 64, 66, 41, 154, 49, 243, 221, 48, 121,
       66, 0, 207, 139, 49, 141, 75, 254, 148, 131, 227, 247, 214, 0,
       216, 66, 49, 249, 176, 96, 89, 170, 6, 136, 27, 185, 12, 191, 248,
       174, 166, 64, 188, 138, 240, 168, 41, 83, 65, 77, 88, 22, 207, 56,
       100, 168, 234, 68, 211, 69, 157, 180, 92, 196, 68, 238, 201, 178,
       113, 12, 37, 168, 161, 4, 107, 178, 98, 184, 80, 249, 185, 226,
       25, 205, 51, 144, 238, 101, 138, 77, 190, 150, 100, 96, 180, 41,
       123, 92, 130, 9, 186, 49, 205, 220, 11, 122, 16, 2, 5, 115, 9, 41,
       123, 100, 48, 206, 123, 87, 173, 204, 126, 1, 159, 191, 162, 48,
       166, 37, 93, 76, 129, 217, 48, 72, 227, 253, 34, 128, 66, 160, 35,
       251, 46, 162, 250, 242, 101, 72, 255, 65, 203, 191, 53, 59, 14,
       217, 126, 10, 175, 153, 151, 19, 66, 119, 136, 192, 91, 217, 39,
       175, 199, 234, 255, 163, 75, 176, 250, 100, 105, 84, 88, 56, 41,
       204, 214, 173, 125, 223, 222, 54, 150, 181, 253, 205, 140, 67,
       182, 205, 91, 127, 105, 139, 38, 164, 38, 127, 220, 18, 190, 245,
       171, 126, 120, 16, 185, 254, 151, 49, 223, 63, 3, 219, 167, 85,
       253, 178, 180, 197, 163, 194, 199, 251, 123, 149, 130, 229, 13,
       83, 49, 199, 106, 45, 84, 6, 239, 125, 116, 0, 250, 198, 115, 104,
       182, 96, 124, 204, 6, 238, 236, 186, 37, 15, 120, 175, 166, 192,
       125, 170, 248, 136, 71, 52, 243, 192, 252, 114, 219, 91, 11, 235,
       25, 236, 93, 254, 253, 190, 151, 93, 21, 187, 145, 67, 184, 200,
       152, 220, 175, 254, 142, 231, 195, 245, 72, 186, 126, 81, 33, 136,
       57, 19, 174, 53, 102, 165, 173, 135, 6, 95, 38, 53, 239, 152, 2,
       217, 162, 65, 207, 249, 50, 65, 66, 128, 39, 123, 65, 50, 27, 224,
       56, 205, 25, 24, 170, 121, 52, 236, 191, 151, 192, 48, 134, 29,
       125, 0, 131, 65, 162, 81, 193, 145, 43, 184, 8, 128, 7, 113, 252,
       65, 86, 236, 77, 86, 86, 104, 161, 132, 230, 9, 75, 219, 35, 83,
       216, 244, 233, 98, 76, 227, 210, 140, 211, 249, 192, 31, 115, 175,
       110, 2, 117, 59, 241, 224, 44, 13, 82, 80, 203, 248, 177, 76, 159,
       153, 85, 58, 140, 160, 125, 94, 139, 35, 250, 128, 219, 217, 33,
       254, 202, 171, 82, 3, 125, 112, 180, 96, 45, 13, 80, 80, 235, 184,
       181, 8, 31, 153, 65, 58, 136, 148, 93, 88, 138, 103, 210, 128,
       211, 217, 65, 62, 234, 169, 66, 3, 252, 177, 184, 124, 75, 76, 85,
       113, 51, 42, 165, 28, 31, 191, 64, 59, 130, 223, 253, 66, 121,
       111, 146, 2, 211, 251, 112, 63, 106, 48, 78, 147, 49, 207, 69,
       236, 60, 2, 79, 255, 196, 2, 216, 226, 115, 99, 176, 97, 127, 164,
       63, 172, 201, 43, 5, 159, 240, 174, 239, 156, 53, 250, 240, 40,
       146, 123, 38, 188, 217, 132, 189, 70, 189, 4, 192, 135, 172, 238,
       55, 65, 236, 251, 187, 197, 230, 207, 18, 251, 179, 114, 158, 139,
       21, 85, 37, 222, 38, 32, 241, 65, 100, 47, 232, 16, 123, 162, 51,
       90, 82, 25, 213, 58, 59, 156, 119, 56, 129, 118, 201, 202, 30, 28,
       65, 166, 237, 233, 82, 165, 146, 133, 149, 190, 171, 208, 52, 111,
       255, 19, 225, 48, 238, 242, 40, 235, 163, 155, 238, 129, 118, 79,
       203, 211, 139, 242, 94, 11, 176, 64, 173, 143, 93, 117, 153, 165,
       168, 79, 71, 184, 50, 224, 171, 8, 215, 51, 73, 114, 209, 213,
       124, 122, 73, 66, 217, 30, 253, 245, 13, 124, 136, 51, 2, 34, 53,
       199, 99, 72, 222, 147, 198, 248, 84, 224, 248, 110, 83, 88, 181,
       164, 90, 232, 22, 111, 253, 187, 45, 159, 58, 12, 165, 244, 127,
       175, 248, 132, 43, 157, 123, 222, 82, 231, 187, 250, 141, 64, 120,
       226, 60, 126, 37, 112, 238, 187, 147, 192, 163, 138, 50, 253, 119,
       205, 138, 138, 113, 131, 33, 187, 157, 223, 117, 95, 36, 27, 230,
       184, 220, 176, 178, 246, 251, 92, 156, 163, 94, 112, 94, 106, 233,
       228, 125, 191, 166, 203, 103, 148, 93, 186, 81, 181, 77, 58, 191,
       229, 160, 46, 123, 16, 56, 202, 119, 116, 223, 119, 193, 122, 182,
       117, 125, 58, 177, 208, 161, 74, 207, 255, 98, 128, 136, 227, 35,
       35, 14, 137, 60, 155, 149, 203, 182, 175, 30, 21, 78, 3, 204, 59,
       42, 72, 193, 27, 171, 81, 18, 184, 91, 245, 239, 23, 94, 71, 144,
       12, 157, 10, 88, 249, 19, 100, 19, 202, 51, 96, 173, 132, 98, 8,
       62, 151, 33, 116, 160, 49, 201, 64, 65, 153, 176, 108, 217, 240,
       0, 2, 2, 3, 7, 107, 44, 103, 244, 111, 253, 15, 86, 252, 127, 172,
       252, 72, 207, 105, 25, 144, 217, 192, 76, 122, 172, 114, 73, 190,
       239, 223, 37, 53, 194, 251, 74, 131, 63, 239, 230, 68, 246, 19,
       207, 252, 83, 238, 247, 238, 73, 107, 150, 181, 127, 204, 132,
       252, 173, 251, 45, 222, 58, 111, 165, 165, 239, 231, 122, 221,
       223, 133, 236, 165, 190, 82, 158, 168, 200, 254, 158, 175, 71,
       108, 150, 131, 147, 69, 253, 103, 236, 227, 111, 142, 250, 235,
       111, 149, 37, 127, 125, 67, 172, 231, 152, 231, 229, 15, 127, 157,
       123, 174, 60, 72, 223, 107, 73, 146, 147, 220, 76, 106, 104, 112,
       73, 186, 239, 223, 37, 181, 98, 250, 194, 131, 125, 191, 193, 230,
       222, 19, 79, 250, 65, 234, 191, 238, 91, 33, 211, 182, 127, 198,
       92, 238, 237, 179, 237, 174, 186, 207, 165, 180, 239, 254, 122,
       93, 72, 185, 190, 242, 137, 220, 117, 55, 171, 73, 110, 12, 190,
       191, 66, 210, 132, 55, 253, 0, 1, 153, 146, 65, 227, 253, 20, 3,
       74, 0, 143, 27, 33, 35, 225, 77, 84, 11, 227, 80, 113, 161, 126,
       206, 83, 33, 148, 52, 120, 204, 6, 236, 137, 178, 101, 206, 46,
       172, 164, 0, 231, 171, 118, 164, 109, 241, 20, 69, 77, 31, 194,
       184, 107, 232, 173, 76, 202, 88, 92, 180, 152, 76, 72, 110, 205,
       48, 217, 157, 15, 88, 5, 54, 74, 174, 90, 132, 76, 47, 156, 231,
       164, 46, 126, 186, 121, 174, 126, 109, 255, 99, 139, 83, 151, 199,
       108, 46, 108, 208, 201, 46, 238, 255, 103, 133, 10, 243, 139, 1,
       33, 186, 173, 23, 116, 141, 235, 150, 94, 249, 86, 69, 176, 37,
       214, 32, 5, 106, 50, 93, 151, 248, 255, 53, 77, 14, 245, 192, 204,
       140, 80, 248, 214, 222, 172, 189, 138, 96, 189, 190, 158, 222,
       132, 247, 237, 110, 67, 75, 231, 115, 249, 151, 244, 77, 63, 250,
       235, 3, 255, 155, 148, 117, 165, 91, 55, 199, 236, 7, 220, 55,
       207, 186, 66, 247, 189, 135, 83, 108, 159, 42, 89, 198, 50, 255,
       221, 226, 125, 170, 42, 15, 205, 20, 253, 255, 216, 212, 37, 172,
       161, 94, 221, 255, 199, 175, 211, 234, 120, 72, 112, 248, 28, 164,
       217, 106, 18, 44, 185, 238, 124, 191, 45, 30, 133, 120, 219, 110,
       210, 172, 150, 6, 238, 149, 79, 114, 189, 67, 157, 214, 215, 147,
       76, 110, 55, 111, 239, 245, 187, 167, 164, 197, 55, 202, 71, 115,
       219, 131, 167, 253, 61, 214, 11, 23, 90, 139, 247, 151, 174, 125,
       28, 200, 95, 230, 236, 122, 174, 224, 254, 43, 150, 177, 213, 152,
       13, 222, 46, 93, 174, 195, 158, 14, 185, 157, 88, 49, 147, 230,
       43, 202, 49, 112, 173, 164, 103, 40, 94, 215, 40, 84, 50, 189,
       237, 96, 64, 145, 162, 72, 209, 164, 65, 7, 34, 162, 39, 99, 225,
       108, 121, 100, 124, 111, 199, 62, 80, 234, 188, 24, 115, 49, 144,
       48, 25, 246, 84, 42, 233, 62, 249, 46, 123, 239, 37, 52, 97, 250,
       86, 104, 72, 63, 122, 85, 99, 220, 61, 55, 173, 205, 126, 180,
       189, 183, 130, 244, 38, 63, 255, 8, 193, 216, 160, 228, 103, 249,
       54, 130, 46, 196, 175, 249, 91, 127, 246, 117, 98, 154, 125, 23,
       57, 196, 118, 164, 79, 63, 135, 119, 166, 253, 181, 140, 204, 216,
       165, 200, 230, 251, 116, 130, 111, 244, 98, 93, 183, 94, 237, 215,
       206, 50, 143, 184, 82, 242, 151, 246, 81, 108, 223, 111, 127, 196,
       126, 239, 233, 246, 111, 200, 60, 42, 239, 148, 191, 255, 112,
       245, 62, 104, 242, 90, 93, 205, 82, 72, 211, 150, 229, 11, 106,
       217, 101, 158, 201, 248, 195, 82, 42, 103, 218, 248, 83, 218, 5,
       59, 243, 63, 70, 130, 173, 113, 136, 47, 61, 31, 194, 152, 70,
