%YAML:1.0
---
descriptors: !!opencv-matrix
   rows: 240
   cols: 32
   dt: u
   data: [ 25, 123, 111, 37, 52, 26, 231, 116, 100, 196, 254, 231, 123,
       8, 179, 160, 62, 108, 92, 111, 205, 177, 37, 44, 224, 109, 36, 0,
       111, 190, 120, 217, 57, 109, 227, 108, 53, 222, 206, 116, 225,
       200, 252, 76, 107, 201, 149, 180, 58, 236, 84, 111, 237, 163, 180,
       174, 50, 253, 32, 153, 111, 182, 122, 157, 64, 168, 19, 154, 249,
       253, 176, 199, 142, 29, 168, 25, 172, 214, 96, 72, 201, 59, 234,
       16, 18, 107, 10, 245, 157, 144, 26, 123, 208, 8, 165, 163, 105,
       55, 241, 77, 253, 127, 148, 23, 89, 239, 124, 124, 42, 188, 133,
       180, 157, 62, 226, 16, 181, 186, 245, 138, 47, 126, 20, 58, 203,
       236, 198, 253, 129, 160, 61, 217, 252, 137, 105, 159, 94, 93, 80,
       80, 182, 128, 248, 97, 193, 10, 38, 28, 179, 124, 99, 53, 204,
       152, 54, 104, 16, 136, 209, 233, 24, 133, 87, 225, 147, 102, 47,
       191, 36, 161, 74, 194, 221, 39, 40, 196, 119, 87, 29, 188, 25,
       152, 21, 206, 237, 166, 174, 196, 166, 198, 165, 56, 189, 97, 225,
       106, 142, 67, 199, 216, 67, 242, 177, 138, 83, 213, 217, 47, 120,
       204, 84, 250, 201, 103, 255, 48, 248, 136, 229, 60, 245, 187, 114,
       240, 213, 94, 78, 167, 38, 2, 79, 184, 32, 226, 214, 231, 115, 99,
       155, 83, 126, 228, 125, 239, 233, 215, 221, 46, 240, 171, 239,
       132, 45, 179, 112, 81, 2, 162, 29, 155, 252, 137, 168, 143, 30,
       49, 80, 241, 181, 162, 200, 65, 207, 27, 107, 21, 51, 88, 75, 213,
       76, 22, 62, 236, 156, 136, 129, 153, 137, 172, 150, 249, 237, 185,
       120, 199, 247, 19, 68, 16, 173, 163, 226, 239, 99, 42, 170, 24,
       54, 220, 134, 243, 142, 219, 222, 105, 186, 196, 169, 140, 0, 181,
       57, 249, 252, 141, 165, 191, 30, 61, 24, 56, 182, 53, 200, 32,
       133, 27, 54, 8, 114, 120, 107, 55, 237, 150, 60, 252, 80, 24, 133,
       233, 32, 184, 28, 27, 41, 205, 144, 143, 206, 89, 40, 25, 174,
       221, 38, 64, 129, 59, 234, 1, 70, 40, 82, 55, 229, 20, 16, 123,
       80, 8, 141, 219, 200, 248, 159, 234, 57, 196, 19, 140, 174, 93,
       130, 17, 191, 215, 104, 114, 134, 117, 121, 80, 83, 13, 187, 51,
       249, 165, 47, 123, 16, 2, 133, 123, 86, 1, 239, 190, 214, 66, 173,
       101, 144, 197, 83, 179, 81, 238, 48, 75, 122, 253, 51, 181, 112,
       219, 134, 76, 125, 34, 239, 201, 165, 34, 181, 242, 252, 96, 233,
       106, 142, 67, 71, 216, 82, 182, 165, 170, 83, 65, 217, 59, 123,
       220, 76, 250, 74, 103, 255, 48, 250, 201, 229, 60, 247, 187, 118,
       224, 57, 89, 102, 68, 53, 94, 214, 116, 229, 200, 254, 103, 107,
       9, 183, 164, 62, 228, 220, 111, 205, 161, 53, 172, 178, 255, 36,
       129, 111, 190, 122, 93, 51, 127, 119, 68, 60, 90, 207, 116, 233,
       204, 242, 104, 106, 92, 151, 183, 170, 229, 92, 103, 237, 227, 36,
       236, 50, 88, 100, 146, 103, 183, 118, 253, 116, 73, 22, 172, 13,
       2, 69, 96, 165, 160, 162, 2, 83, 3, 33, 87, 104, 244, 108, 238,
       72, 131, 1, 140, 241, 162, 195, 23, 32, 58, 48, 32, 72, 189, 191,
       188, 251, 194, 53, 231, 191, 223, 90, 161, 188, 190, 98, 192, 167,
       127, 238, 129, 23, 251, 178, 127, 253, 183, 127, 107, 96, 64, 175,
       219, 34, 27, 114, 206, 110, 144, 183, 244, 201, 140, 248, 230, 96,
       232, 181, 32, 222, 123, 166, 99, 196, 170, 238, 237, 54, 60, 175,
       139, 69, 190, 118, 173, 17, 155, 17, 105, 50, 139, 43, 191, 70,
       33, 74, 228, 181, 195, 160, 96, 118, 26, 46, 72, 67, 152, 45, 61,
       172, 132, 33, 68, 56, 138, 161, 185, 160, 176, 25, 59, 185, 237,
       144, 143, 158, 121, 49, 25, 174, 92, 74, 0, 133, 27, 202, 17, 50,
       108, 91, 23, 141, 213, 16, 127, 208, 8, 135, 27, 118, 232, 158,
       186, 75, 164, 92, 199, 187, 151, 232, 25, 47, 251, 99, 24, 163,
       249, 125, 17, 14, 71, 154, 96, 219, 215, 95, 107, 176, 112, 175,
       10, 9, 128, 69, 155, 154, 201, 41, 175, 30, 51, 66, 144, 181, 67,
       136, 100, 83, 10, 42, 156, 51, 92, 111, 23, 204, 134, 254, 100,
       188, 136, 129, 168, 164, 205, 158, 158, 221, 99, 182, 236, 30,
       166, 253, 27, 232, 233, 105, 0, 249, 238, 170, 226, 116, 231, 75,
       255, 127, 151, 207, 127, 149, 123, 189, 130, 85, 68, 200, 167, 36,
       10, 111, 184, 96, 226, 223, 198, 115, 99, 155, 115, 126, 228, 124,
       239, 201, 214, 221, 40, 244, 171, 231, 132, 45, 243, 120, 16, 189,
       90, 117, 75, 223, 31, 199, 216, 87, 58, 181, 78, 91, 80, 253, 173,
       57, 200, 198, 122, 171, 102, 127, 190, 57, 202, 101, 124, 255,
       191, 98, 165, 213, 219, 78, 175, 38, 2, 111, 184, 36, 224, 214,
       199, 115, 67, 155, 81, 126, 228, 61, 239, 233, 148, 93, 45, 244,
       170, 239, 132, 45, 179, 112, 48, 215, 48, 223, 161, 34, 72, 61,
       64, 41, 246, 179, 181, 157, 6, 203, 127, 166, 213, 255, 166, 197,
       213, 181, 192, 148, 240, 90, 130, 12, 165, 35, 117, 243, 64, 71,
       204, 15, 66, 68, 32, 97, 166, 162, 2, 67, 10, 21, 127, 104, 196,
       108, 231, 108, 231, 197, 204, 179, 234, 194, 19, 37, 51, 112, 6,
       1, 162, 21, 155, 252, 137, 169, 143, 30, 49, 80, 240, 181, 66,
       200, 72, 207, 11, 106, 28, 19, 88, 75, 213, 76, 146, 190, 236,
       156, 136, 129, 168, 21, 207, 87, 207, 50, 194, 110, 240, 36, 64,
       250, 226, 121, 103, 160, 228, 118, 247, 30, 234, 73, 153, 13, 127,
       188, 164, 39, 128, 61, 178, 33, 57, 131, 59, 130, 149, 71, 157,
       188, 103, 24, 227, 80, 215, 172, 136, 118, 141, 238, 43, 147, 5,
       213, 248, 214, 225, 6, 16, 222, 43, 77, 76, 153, 158, 253, 205,
       203, 78, 156, 39, 206, 248, 82, 234, 189, 78, 115, 241, 249, 50,
       25, 198, 84, 110, 249, 103, 28, 62, 120, 15, 229, 60, 253, 251,
       250, 32, 122, 131, 170, 190, 205, 84, 126, 253, 163, 94, 156, 139,
       107, 239, 122, 210, 237, 223, 253, 199, 92, 75, 154, 161, 251,
       253, 221, 175, 35, 246, 254, 222, 100, 180, 189, 113, 189, 237,
       145, 155, 254, 123, 41, 24, 214, 189, 72, 58, 129, 23, 104, 17,
       19, 105, 251, 22, 205, 151, 85, 119, 216, 72, 199, 35, 52, 120,
       190, 178, 210, 165, 81, 206, 51, 181, 232, 27, 15, 223, 99, 24,
       191, 255, 245, 144, 14, 243, 154, 176, 251, 195, 21, 39, 224, 209,
       166, 139, 172, 4, 134, 93, 205, 126, 228, 75, 247, 31, 243, 16,
       226, 96, 44, 223, 217, 198, 238, 42, 60, 247, 91, 35, 7, 250, 116,
       1, 195, 121, 254, 134, 249, 223, 95, 111, 4, 14, 103, 181, 116,
       106, 246, 118, 115, 99, 144, 115, 116, 228, 44, 238, 233, 244,
       117, 47, 246, 235, 229, 128, 43, 184, 248, 25, 29, 65, 221, 229,
       2, 78, 127, 176, 45, 160, 102, 128, 223, 39, 1, 246, 54, 85, 106,
       106, 65, 176, 21, 236, 167, 255, 71, 0, 102, 179, 3, 160, 25, 157,
       15, 169, 180, 239, 103, 253, 36, 72, 254, 102, 115, 55, 160, 224,
       124, 162, 30, 252, 249, 185, 33, 63, 248, 205, 166, 192, 105, 202,
       224, 121, 9, 253, 49, 125, 177, 221, 71, 191, 119, 105, 172, 8,
       190, 55, 0, 180, 145, 90, 92, 72, 123, 40, 113, 63, 239, 223, 20,
       82, 210, 208, 198, 58, 250, 172, 190, 124, 201, 253, 16, 207, 159,
       159, 164, 25, 46, 249, 102, 159, 201, 122, 235, 16, 58, 111, 202,
       179, 219, 247, 85, 123, 210, 76, 254, 139, 181, 65, 108, 65, 68,
       27, 79, 112, 69, 162, 247, 202, 83, 9, 149, 61, 88, 164, 78, 238,
       201, 182, 101, 12, 118, 219, 225, 20, 111, 187, 82, 36, 197, 72,
       157, 85, 44, 15, 101, 176, 252, 186, 38, 88, 214, 147, 65, 123,
       129, 100, 120, 106, 105, 245, 251, 10, 197, 187, 117, 20, 8, 57,
       64, 40, 125, 253, 101, 70, 205, 95, 199, 252, 65, 226, 188, 74,
       83, 113, 213, 183, 89, 230, 116, 110, 233, 99, 255, 46, 59, 202,
       197, 60, 123, 251, 210, 36, 172, 142, 148, 91, 205, 43, 198, 167,
       83, 51, 224, 88, 226, 97, 76, 159, 201, 194, 226, 18, 58, 238, 75,
       35, 172, 150, 84, 123, 210, 125, 218, 138, 205, 201, 4, 190, 41,
       3, 79, 184, 133, 144, 134, 137, 255, 81, 26, 87, 2, 228, 121, 111,
       104, 71, 75, 29, 248, 234, 77, 28, 54, 166, 0, 32, 66, 171, 132,
