%YAML:1.0
---
descriptors: !!opencv-matrix
   rows: 402
   cols: 32
   dt: u
   data: [ 201, 112, 238, 87, 42, 14, 185, 48, 248, 246, 87, 180, 253,
       157, 210, 43, 38, 101, 125, 207, 224, 212, 183, 64, 70, 43, 123,
       128, 109, 176, 3, 249, 183, 254, 236, 159, 138, 19, 158, 186, 158,
       246, 150, 167, 97, 104, 215, 11, 47, 199, 235, 167, 172, 69, 95,
       58, 106, 7, 237, 157, 189, 124, 24, 95, 247, 163, 132, 183, 141,
       19, 134, 168, 86, 255, 147, 253, 195, 104, 222, 142, 93, 199, 237,
       39, 252, 73, 207, 170, 136, 87, 255, 181, 142, 126, 152, 84, 35,
       29, 240, 94, 115, 245, 186, 200, 27, 73, 121, 171, 44, 252, 183,
       32, 222, 123, 147, 71, 134, 50, 62, 251, 23, 28, 8, 171, 215, 127,
       55, 223, 58, 52, 226, 160, 87, 54, 233, 74, 21, 197, 222, 135, 9,
       141, 55, 12, 126, 173, 19, 189, 136, 179, 53, 202, 83, 77, 138, 0,
       167, 204, 116, 208, 87, 34, 164, 159, 136, 54, 142, 136, 139, 254,
       149, 175, 200, 236, 223, 206, 5, 196, 253, 223, 148, 67, 239, 240,
       138, 50, 205, 255, 159, 247, 24, 92, 161, 13, 99, 65, 204, 95,
       228, 87, 109, 226, 122, 82, 187, 8, 213, 167, 106, 42, 2, 13, 229,
       188, 117, 202, 36, 24, 150, 0, 111, 220, 209, 172, 79, 239, 132,
       23, 141, 50, 142, 189, 34, 246, 139, 205, 227, 104, 218, 135, 77,
       198, 236, 231, 189, 65, 207, 184, 168, 83, 239, 244, 142, 127,
       219, 85, 241, 79, 77, 236, 44, 2, 79, 254, 68, 74, 216, 230, 115,
       35, 177, 99, 126, 228, 63, 238, 233, 11, 101, 141, 240, 235, 239,
       156, 61, 248, 112, 57, 112, 225, 74, 32, 16, 73, 71, 77, 35, 164,
       172, 169, 19, 131, 74, 16, 56, 132, 77, 216, 90, 11, 192, 16, 251,
       197, 165, 125, 97, 138, 198, 98, 162, 167, 9, 91, 17, 181, 168,
       127, 62, 5, 232, 84, 169, 198, 60, 244, 220, 59, 130, 152, 186,
       138, 112, 127, 47, 220, 146, 72, 81, 2, 102, 188, 31, 58, 226,
       179, 116, 166, 171, 80, 148, 202, 217, 231, 57, 204, 247, 8, 253,
       233, 23, 159, 139, 151, 54, 234, 16, 77, 170, 136, 141, 255, 49,
       213, 2, 110, 163, 159, 70, 224, 190, 70, 30, 15, 88, 179, 172,
       206, 54, 8, 255, 107, 147, 135, 70, 150, 6, 235, 36, 52, 158, 139,
       149, 94, 53, 222, 49, 201, 96, 216, 28, 145, 198, 229, 196, 64,
       208, 2, 177, 24, 182, 96, 72, 162, 19, 67, 206, 41, 46, 189, 58,
       10, 142, 88, 117, 24, 208, 140, 53, 73, 103, 78, 84, 147, 207, 97,
       196, 64, 245, 66, 97, 72, 180, 228, 88, 168, 2, 234, 221, 162, 44,
       157, 50, 104, 162, 64, 119, 174, 240, 228, 151, 25, 191, 252, 211,
       230, 63, 82, 189, 202, 70, 6, 60, 243, 33, 97, 228, 123, 59, 216,
       113, 217, 50, 238, 255, 235, 222, 130, 137, 97, 33, 250, 42, 252,
       146, 155, 245, 213, 190, 206, 31, 207, 124, 3, 172, 252, 118, 132,
       255, 123, 147, 17, 22, 186, 90, 255, 47, 84, 159, 235, 215, 95,
       189, 223, 90, 64, 14, 186, 41, 165, 24, 0, 174, 21, 135, 149, 142,
       202, 34, 219, 224, 33, 253, 213, 14, 69, 147, 113, 210, 243, 218,
       219, 152, 5, 41, 18, 180, 213, 124, 235, 12, 71, 95, 248, 81, 180,
       181, 27, 83, 93, 27, 27, 88, 208, 85, 106, 236, 230, 89, 60, 227,
       203, 229, 52, 117, 187, 84, 211, 75, 49, 228, 85, 127, 82, 248,
       59, 91, 253, 20, 154, 168, 60, 214, 47, 47, 21, 119, 173, 180,
       120, 247, 204, 79, 123, 219, 175, 231, 164, 215, 253, 113, 92,
       142, 165, 36, 46, 117, 22, 160, 202, 222, 37, 183, 51, 19, 90,
       224, 228, 125, 13, 13, 213, 209, 8, 214, 239, 242, 128, 172, 241,
       90, 27, 226, 235, 11, 222, 108, 215, 78, 238, 31, 138, 212, 200,
       162, 231, 181, 213, 216, 250, 255, 206, 105, 79, 235, 253, 147,
       50, 254, 185, 18, 185, 124, 125, 2, 182, 147, 186, 147, 224, 48,
       71, 191, 1, 234, 113, 172, 218, 44, 88, 231, 59, 171, 145, 22,
       137, 130, 215, 153, 182, 30, 75, 136, 64, 165, 143, 94, 149, 132,
       147, 133, 116, 188, 7, 62, 63, 159, 19, 140, 62, 90, 110, 227,
       215, 189, 145, 22, 216, 145, 194, 255, 246, 222, 195, 134, 68,
       189, 6, 1, 168, 27, 250, 93, 197, 233, 71, 222, 81, 64, 16, 188,
       211, 96, 96, 201, 43, 19, 156, 19, 190, 18, 247, 205, 159, 154,
       107, 152, 8, 161, 186, 57, 245, 186, 58, 185, 141, 212, 231, 255,
       121, 168, 28, 190, 154, 102, 48, 169, 187, 94, 17, 214, 107, 178,
       87, 251, 221, 22, 122, 216, 16, 203, 15, 214, 164, 134, 150, 137,
       162, 26, 128, 189, 151, 131, 17, 204, 226, 110, 207, 241, 231,
       233, 163, 60, 199, 139, 227, 152, 50, 219, 95, 128, 119, 169, 6,
       216, 148, 148, 247, 11, 94, 53, 56, 164, 178, 135, 18, 255, 55, 8,
       79, 101, 214, 249, 170, 249, 205, 219, 173, 199, 227, 87, 22, 42,
       123, 129, 50, 94, 183, 150, 184, 171, 41, 84, 143, 187, 31, 184,
       57, 143, 251, 72, 219, 167, 211, 237, 16, 62, 107, 202, 225, 155,
       215, 86, 127, 224, 84, 135, 11, 36, 190, 13, 61, 60, 75, 67, 186,
       118, 238, 230, 76, 243, 97, 2, 83, 89, 100, 110, 40, 57, 244, 251,
       62, 237, 167, 165, 52, 72, 105, 84, 240, 42, 220, 56, 250, 29,
       197, 149, 239, 159, 95, 76, 17, 172, 189, 34, 64, 201, 59, 163, 1,
       99, 42, 114, 183, 235, 215, 30, 107, 88, 88, 180, 218, 88, 54,
       190, 164, 44, 39, 211, 58, 130, 253, 158, 45, 215, 189, 82, 3,
       159, 119, 125, 37, 172, 227, 203, 30, 217, 231, 255, 212, 76, 170,
       159, 83, 90, 149, 91, 232, 250, 98, 185, 113, 173, 73, 249, 246,
       92, 247, 168, 112, 118, 147, 223, 160, 209, 11, 0, 199, 240, 229,
       42, 207, 61, 34, 165, 179, 73, 20, 21, 111, 52, 174, 99, 50, 61,
       105, 111, 84, 246, 55, 0, 244, 180, 38, 124, 44, 177, 152, 113,
       31, 199, 255, 32, 64, 74, 131, 66, 49, 120, 121, 120, 108, 202,
       207, 87, 127, 19, 232, 252, 45, 55, 253, 67, 48, 20, 252, 245, 98,
       73, 58, 242, 26, 243, 197, 37, 188, 121, 248, 86, 123, 148, 127,
       187, 227, 132, 111, 182, 214, 116, 250, 219, 211, 147, 156, 105,
       43, 237, 95, 223, 211, 255, 255, 249, 34, 243, 193, 175, 4, 193,
       91, 181, 243, 73, 113, 187, 237, 60, 14, 97, 17, 110, 200, 115,
       68, 159, 209, 33, 82, 178, 44, 126, 124, 129, 176, 179, 0, 197,
       248, 34, 8, 72, 34, 1, 51, 74, 133, 16, 137, 221, 245, 178, 143,
       143, 21, 14, 3, 140, 190, 106, 196, 193, 19, 187, 17, 22, 8, 91,
       245, 47, 84, 30, 127, 146, 14, 157, 78, 248, 184, 150, 250, 139,
       253, 80, 199, 187, 21, 160, 25, 174, 255, 102, 159, 163, 243, 232,
       16, 62, 79, 154, 241, 155, 219, 87, 123, 218, 68, 175, 90, 86, 97,
       18, 136, 91, 205, 58, 72, 191, 164, 161, 9, 204, 214, 43, 212,
       242, 189, 235, 227, 4, 3, 218, 221, 181, 52, 11, 63, 16, 39, 47,
       134, 90, 135, 102, 30, 27, 211, 29, 47, 175, 229, 203, 169, 104,
       238, 6, 211, 162, 167, 249, 133, 86, 201, 167, 221, 243, 115, 158,
       155, 3, 70, 167, 94, 166, 4, 130, 153, 85, 183, 176, 70, 29, 7,
       83, 18, 204, 202, 46, 204, 248, 41, 162, 48, 52, 180, 50, 222, 7,
       54, 146, 67, 151, 29, 249, 196, 40, 165, 97, 43, 124, 201, 227,
       101, 206, 97, 185, 137, 179, 140, 28, 144, 202, 186, 219, 85, 19,
       43, 92, 191, 125, 29, 32, 120, 85, 14, 214, 250, 247, 135, 75,
       206, 248, 83, 78, 233, 21, 202, 253, 248, 83, 102, 172, 241, 92,
       214, 150, 234, 125, 139, 109, 94, 186, 171, 229, 221, 25, 234,
       234, 181, 10, 220, 50, 155, 181, 247, 186, 231, 31, 77, 94, 3,
       172, 254, 38, 196, 251, 59, 147, 145, 54, 184, 56, 255, 47, 119,
       158, 67, 150, 94, 189, 223, 205, 63, 255, 119, 178, 54, 63, 55,
       112, 234, 94, 244, 249, 63, 147, 123, 55, 118, 253, 63, 245, 220,
       229, 42, 110, 111, 119, 128, 174, 244, 163, 121, 27, 167, 105,
       161, 150, 183, 185, 91, 110, 113, 92, 211, 153, 12, 214, 32, 63,
       11, 23, 157, 151, 184, 37, 212, 78, 77, 186, 228, 165, 192, 153,
       216, 90, 176, 191, 250, 155, 237, 49, 71, 175, 81, 173, 25, 190,
       247, 104, 122, 163, 51, 249, 16, 19, 75, 178, 243, 219, 215, 90,
       123, 146, 64, 167, 58, 46, 245, 127, 106, 240, 7, 127, 216, 51,
