%YAML:1.0
---
descriptors: !!opencv-matrix
   rows: 215
   cols: 32
   dt: u
   data: [ 222, 156, 20, 248, 169, 253, 80, 174, 171, 121, 170, 24, 222,
       255, 64, 255, 135, 147, 253, 16, 59, 79, 90, 213, 155, 211, 87,
       127, 154, 64, 15, 51, 252, 245, 113, 104, 61, 77, 83, 120, 67,
       236, 189, 9, 91, 93, 73, 48, 220, 153, 95, 98, 107, 39, 249, 159,
       243, 217, 33, 62, 115, 171, 102, 115, 244, 19, 87, 165, 196, 2,
       100, 97, 113, 0, 243, 119, 3, 9, 36, 89, 248, 132, 38, 226, 125,
       183, 1, 130, 146, 250, 210, 70, 41, 168, 240, 130, 199, 111, 18,
       168, 234, 4, 188, 201, 170, 154, 152, 104, 156, 211, 233, 31, 175,
       83, 95, 243, 66, 67, 138, 208, 61, 152, 111, 174, 16, 114, 171,
       129, 169, 109, 249, 101, 244, 79, 111, 63, 113, 166, 126, 8, 211,
       53, 145, 48, 24, 220, 86, 106, 233, 240, 249, 14, 239, 223, 37, 4,
       99, 250, 70, 184, 16, 189, 23, 116, 129, 239, 5, 231, 180, 31,
       168, 24, 182, 55, 0, 29, 33, 50, 72, 8, 120, 201, 50, 61, 209,
       134, 80, 82, 2, 64, 135, 106, 13, 237, 44, 190, 190, 139, 159,
       236, 142, 212, 141, 143, 253, 233, 58, 1, 30, 99, 91, 111, 246,
       41, 14, 125, 104, 9, 13, 124, 92, 159, 145, 88, 200, 185, 253,
       117, 50, 232, 17, 22, 234, 69, 110, 40, 191, 183, 0, 114, 2, 63,
       236, 0, 3, 216, 241, 41, 205, 233, 48, 80, 98, 192, 7, 123, 101,
       109, 217, 77, 213, 111, 71, 151, 96, 160, 110, 8, 82, 181, 5, 52,
       24, 126, 66, 122, 89, 178, 241, 40, 101, 172, 5, 56, 193, 123,
       214, 162, 200, 172, 158, 249, 169, 236, 53, 199, 190, 31, 164, 16,
       188, 187, 64, 91, 161, 19, 235, 16, 50, 111, 146, 83, 207, 251,
       86, 123, 194, 64, 231, 171, 202, 160, 244, 243, 207, 185, 248,
       203, 239, 51, 179, 155, 143, 41, 92, 47, 43, 151, 123, 157, 54,
       125, 223, 209, 223, 251, 83, 117, 231, 204, 211, 142, 4, 0, 146,
       152, 197, 226, 178, 66, 30, 135, 82, 19, 140, 219, 97, 200, 217,
       125, 130, 145, 0, 182, 66, 194, 141, 54, 154, 75, 148, 105, 61,
       130, 63, 77, 99, 222, 212, 150, 239, 244, 245, 194, 222, 194, 113,
       252, 181, 228, 126, 236, 23, 239, 233, 179, 60, 238, 112, 110,
       175, 128, 39, 255, 112, 228, 76, 148, 181, 255, 169, 238, 61, 151,
       174, 187, 138, 64, 220, 183, 72, 107, 133, 87, 123, 16, 19, 201,
       123, 96, 205, 183, 126, 84, 128, 82, 165, 51, 216, 249, 185, 226,
       155, 205, 23, 141, 174, 109, 130, 24, 188, 215, 64, 114, 134, 115,
       121, 80, 19, 9, 251, 115, 249, 149, 47, 122, 144, 18, 133, 123,
       79, 120, 191, 255, 109, 189, 121, 216, 255, 218, 102, 16, 252,
       255, 93, 126, 165, 125, 123, 158, 163, 69, 187, 241, 71, 251, 223,
       42, 154, 245, 107, 250, 201, 169, 191, 251, 173, 220, 116, 167,
       255, 59, 38, 16, 190, 249, 100, 107, 193, 102, 123, 90, 114, 105,
       251, 177, 239, 251, 86, 91, 210, 88, 193, 42, 34, 255, 248, 223,
       238, 153, 148, 255, 203, 158, 56, 235, 172, 248, 199, 3, 206, 123,
       199, 67, 198, 106, 198, 241, 38, 16, 116, 187, 116, 216, 223, 143,
       239, 190, 247, 246, 238, 182, 254, 255, 251, 251, 61, 253, 125,
       253, 255, 63, 151, 127, 245, 7, 181, 239, 174, 239, 106, 255, 125,
       250, 199, 245, 247, 247, 100, 121, 249, 96, 233, 73, 87, 141, 235,
       186, 166, 40, 214, 113, 65, 62, 147, 212, 108, 114, 80, 102, 219,
       48, 253, 146, 69, 127, 192, 115, 198, 35, 252, 80, 253, 100, 44,
       106, 87, 152, 242, 178, 167, 24, 87, 245, 73, 123, 145, 212, 108,
       106, 9, 103, 251, 0, 211, 235, 97, 61, 224, 251, 70, 34, 120, 165,
       184, 112, 185, 205, 85, 175, 251, 63, 168, 24, 142, 57, 72, 19,
       137, 147, 237, 16, 122, 106, 226, 55, 251, 215, 21, 127, 194, 0,
       198, 42, 2, 145, 151, 223, 11, 192, 48, 77, 174, 17, 67, 161, 236,
       247, 40, 238, 231, 59, 171, 144, 18, 217, 3, 245, 141, 178, 90,
       75, 144, 0, 165, 187, 242, 164, 212, 255, 207, 43, 232, 79, 95,
       179, 162, 27, 235, 171, 92, 79, 233, 207, 107, 145, 58, 125, 219,
       243, 159, 250, 223, 119, 181, 72, 208, 142, 138, 156, 138, 185,
       145, 181, 184, 103, 190, 31, 74, 149, 172, 238, 34, 200, 197, 59,
       187, 149, 54, 220, 18, 247, 207, 247, 158, 203, 152, 68, 173, 154,
       3, 180, 140, 155, 189, 189, 176, 143, 30, 119, 67, 21, 204, 248,
       126, 200, 193, 11, 187, 21, 54, 92, 219, 211, 15, 87, 218, 103,
       152, 76, 153, 158, 21, 79, 111, 175, 54, 2, 111, 244, 36, 164,
       218, 231, 97, 99, 179, 65, 126, 228, 31, 239, 232, 145, 13, 45,
       240, 175, 175, 128, 37, 178, 112, 105, 5, 227, 27, 163, 242, 143,
       173, 117, 174, 185, 27, 104, 212, 211, 72, 32, 182, 29, 83, 113,
       83, 56, 136, 84, 61, 136, 47, 228, 72, 2, 163, 161, 4, 241, 155,
       161, 210, 194, 173, 117, 42, 177, 67, 242, 213, 215, 72, 32, 55,
       29, 51, 177, 83, 216, 152, 68, 125, 129, 175, 228, 173, 2, 163,
       179, 40, 175, 234, 219, 213, 241, 242, 239, 86, 13, 124, 2, 32,
       249, 116, 4, 121, 122, 131, 152, 18, 186, 10, 255, 127, 13, 151,
       107, 215, 74, 254, 138, 246, 0, 214, 255, 79, 42, 104, 64, 253,
       146, 227, 18, 75, 139, 61, 95, 233, 205, 107, 147, 40, 247, 195,
       192, 149, 250, 210, 3, 165, 121, 112, 6, 66, 174, 191, 255, 201,
       197, 63, 142, 190, 31, 196, 17, 236, 231, 96, 91, 197, 123, 235,
       144, 50, 79, 234, 247, 237, 243, 223, 107, 144, 80, 165, 234, 175,
       239, 198, 159, 223, 51, 239, 254, 23, 254, 126, 215, 72, 234, 255,
       213, 127, 207, 183, 255, 244, 215, 207, 254, 62, 62, 207, 228,
       191, 247, 250, 213, 142, 253, 182, 151, 179, 251, 182, 238, 191,
       215, 95, 179, 236, 254, 110, 203, 183, 123, 187, 211, 118, 221,
       47, 255, 46, 87, 95, 199, 151, 127, 173, 215, 61, 81, 103, 69, 52,
       22, 238, 48, 101, 232, 243, 230, 211, 24, 149, 229, 126, 196, 22,
       239, 205, 176, 125, 140, 38, 106, 163, 132, 111, 187, 112, 181,
       173, 36, 166, 87, 197, 63, 228, 103, 117, 183, 107, 24, 227, 40,
       21, 189, 89, 174, 66, 8, 188, 244, 117, 14, 39, 254, 84, 1, 195,
       248, 202, 132, 175, 190, 237, 123, 233, 255, 127, 184, 119, 254,
       87, 253, 249, 253, 159, 47, 159, 126, 247, 39, 247, 240, 255, 179,
       111, 123, 101, 231, 238, 247, 222, 247, 237, 253, 230, 30, 221,
       55, 206, 255, 87, 226, 222, 94, 91, 232, 255, 165, 89, 238, 50,
       239, 253, 246, 255, 190, 62, 127, 197, 20, 239, 255, 248, 20, 4,
       167, 171, 177, 244, 226, 191, 207, 30, 239, 88, 179, 213, 237,
       120, 64, 255, 127, 19, 149, 50, 216, 136, 34, 237, 7, 191, 229,
       133, 88, 181, 251, 158, 167, 227, 177, 214, 194, 173, 69, 60, 193,
       91, 179, 221, 239, 120, 72, 127, 61, 51, 181, 49, 220, 133, 194,
       237, 166, 175, 196, 165, 162, 181, 240, 193, 185, 150, 150, 59,
       220, 48, 7, 238, 17, 106, 4, 190, 146, 96, 198, 162, 51, 234, 80,
       23, 41, 146, 225, 157, 176, 18, 66, 136, 2, 41, 11, 98, 184, 146,
       178, 253, 237, 176, 71, 191, 89, 160, 25, 174, 250, 102, 28, 201,
       187, 219, 17, 23, 107, 82, 240, 159, 216, 30, 123, 216, 76, 135,
       218, 189, 116, 121, 97, 124, 95, 83, 56, 83, 232, 181, 72, 211,
       29, 25, 49, 92, 156, 85, 106, 233, 50, 121, 30, 231, 221, 33, 60,
       123, 187, 66, 51, 18, 186, 247, 85, 50, 138, 48, 39, 191, 57, 83,
       241, 70, 189, 204, 81, 167, 29, 117, 0, 178, 220, 137, 85, 14,
       254, 117, 198, 228, 128, 133, 7, 93, 124, 248, 97, 243, 121, 121,
       146, 107, 241, 62, 168, 155, 29, 215, 188, 39, 221, 213, 60, 130,
       112, 165, 66, 239, 221, 37, 181, 231, 245, 79, 241, 33, 83, 123,
       101, 116, 78, 111, 52, 53, 232, 126, 100, 211, 23, 153, 112, 118,
       252, 87, 110, 201, 176, 113, 12, 229, 173, 32, 128, 104, 187, 70,
       113, 199, 173, 16, 140, 236, 36, 191, 238, 138, 138, 152, 170,
       172, 190, 245, 6, 239, 243, 219, 231, 96, 11, 154, 250, 61, 28,
       207, 190, 149, 125, 35, 137, 18, 218, 80, 187, 178, 155, 58, 158,
       31, 37, 84, 231, 173, 3, 163, 204, 55, 91, 135, 85, 167, 156, 29,
