%YAML:1.0
---
descriptors: !!opencv-matrix
   rows: 259
   cols: 32
   dt: u
   data: [ 102, 189, 178, 232, 233, 100, 190, 235, 171, 154, 184, 40,
       140, 255, 101, 23, 175, 211, 251, 243, 66, 67, 138, 208, 61, 24,
       207, 191, 17, 118, 35, 131, 173, 112, 127, 101, 101, 15, 115, 24,
       124, 170, 103, 24, 223, 17, 9, 48, 176, 28, 102, 106, 160, 244,
       49, 14, 71, 203, 33, 0, 66, 179, 66, 163, 108, 166, 173, 241, 172,
       47, 73, 154, 19, 251, 153, 93, 211, 109, 89, 75, 205, 68, 125, 62,
       187, 68, 219, 146, 207, 223, 241, 252, 154, 233, 80, 48, 3, 172,
       129, 155, 181, 241, 176, 143, 95, 91, 88, 115, 172, 184, 54, 236,
       217, 43, 179, 17, 55, 252, 67, 247, 13, 22, 154, 107, 150, 76,
       185, 207, 101, 105, 243, 77, 244, 111, 71, 150, 97, 160, 106, 8,
       19, 177, 129, 52, 8, 124, 66, 90, 89, 186, 241, 40, 103, 172, 5,
       16, 227, 251, 198, 160, 2, 140, 142, 187, 145, 181, 184, 103, 190,
       31, 74, 149, 172, 238, 34, 192, 197, 59, 187, 149, 54, 220, 18,
       247, 239, 119, 158, 203, 152, 68, 169, 218, 241, 205, 70, 205, 23,
       18, 78, 104, 69, 160, 250, 2, 107, 72, 180, 229, 120, 228, 108,
       234, 108, 163, 77, 141, 178, 234, 195, 19, 119, 190, 120, 12, 139,
       148, 140, 155, 253, 255, 176, 143, 30, 115, 67, 23, 204, 248, 126,
       200, 209, 11, 179, 21, 55, 220, 91, 211, 12, 119, 222, 71, 156,
       76, 153, 158, 130, 166, 29, 187, 252, 137, 184, 175, 158, 23, 80,
       241, 180, 167, 232, 73, 207, 27, 163, 17, 50, 94, 74, 215, 12, 22,
       62, 253, 148, 72, 133, 171, 253, 96, 237, 106, 140, 103, 75, 216,
       82, 246, 181, 10, 83, 85, 217, 59, 89, 220, 124, 122, 171, 103,
       255, 48, 219, 137, 229, 60, 247, 251, 86, 96, 8, 253, 63, 114,
       161, 206, 55, 247, 228, 13, 238, 40, 191, 181, 128, 48, 128, 118,
       204, 64, 81, 169, 32, 55, 227, 245, 52, 65, 66, 82, 135, 107, 52,
       197, 251, 254, 222, 107, 247, 252, 22, 162, 185, 26, 243, 253,
       120, 35, 121, 222, 87, 99, 104, 111, 122, 190, 255, 207, 239, 60,
       245, 251, 245, 162, 216, 249, 179, 234, 59, 204, 19, 148, 174,
       225, 130, 57, 191, 215, 64, 114, 162, 117, 125, 80, 83, 13, 187,
       115, 249, 228, 47, 120, 0, 18, 135, 123, 245, 95, 78, 167, 22, 6,
       79, 252, 68, 224, 211, 231, 115, 97, 187, 65, 126, 228, 61, 239,
       237, 147, 93, 46, 240, 43, 239, 128, 45, 187, 112, 89, 169, 61,
       121, 101, 244, 79, 111, 63, 117, 166, 126, 8, 211, 55, 145, 52,
       26, 220, 6, 42, 233, 248, 117, 14, 111, 239, 37, 4, 99, 234, 70,
       184, 221, 221, 63, 102, 152, 207, 71, 180, 228, 192, 174, 8, 247,
       119, 1, 115, 48, 246, 124, 106, 105, 161, 57, 45, 241, 233, 101,
       16, 106, 179, 196, 50, 244, 119, 205, 110, 206, 67, 199, 248, 194,
       182, 189, 238, 83, 249, 125, 19, 121, 196, 69, 242, 201, 99, 175,
       56, 249, 136, 229, 188, 125, 251, 246, 66, 205, 232, 191, 255,
       109, 156, 125, 156, 255, 218, 38, 16, 248, 255, 93, 123, 237, 105,
       123, 222, 226, 69, 187, 241, 79, 251, 215, 40, 146, 245, 99, 234,
       100, 240, 185, 67, 233, 77, 87, 137, 106, 59, 45, 56, 214, 245,
       72, 60, 145, 92, 96, 122, 83, 52, 250, 18, 221, 158, 69, 126, 208,
       123, 198, 163, 198, 255, 114, 200, 239, 52, 190, 238, 139, 158,
       152, 171, 12, 254, 127, 7, 239, 211, 223, 227, 196, 3, 138, 242,
       57, 24, 207, 191, 23, 127, 39, 215, 63, 77, 107, 206, 212, 214,
       239, 244, 213, 194, 222, 194, 113, 252, 183, 100, 120, 236, 23,
       239, 233, 179, 60, 238, 112, 111, 175, 128, 39, 255, 112, 228, 2,
       145, 158, 187, 11, 192, 184, 111, 174, 21, 67, 161, 236, 246, 40,
       74, 230, 51, 171, 145, 18, 201, 139, 209, 205, 178, 90, 203, 144,
       2, 165, 155, 252, 245, 113, 104, 29, 71, 83, 248, 67, 232, 189, 8,
       91, 93, 73, 48, 216, 153, 93, 226, 75, 39, 251, 31, 251, 205, 33,
       125, 123, 171, 70, 114, 36, 105, 57, 254, 77, 205, 215, 224, 223,
       12, 225, 8, 182, 221, 33, 112, 200, 251, 91, 66, 74, 43, 122, 191,
       225, 220, 4, 59, 80, 59, 71, 170, 49, 205, 31, 238, 29, 134, 79,
       231, 196, 0, 234, 2, 115, 226, 48, 112, 88, 226, 10, 110, 109,
       171, 30, 61, 113, 173, 6, 8, 57, 170, 240, 8, 25, 153, 145, 249,
       176, 143, 98, 183, 54, 41, 74, 68, 183, 51, 128, 224, 21, 62, 22,
       24, 147, 152, 81, 63, 236, 174, 54, 64, 184, 136, 129, 169, 89,
       157, 62, 238, 144, 166, 67, 183, 228, 8, 206, 68, 115, 115, 32,
       112, 81, 178, 28, 40, 187, 137, 57, 63, 235, 239, 164, 80, 184,
       66, 224, 122, 158, 181, 195, 161, 146, 194, 173, 71, 60, 195, 91,
       242, 221, 231, 104, 192, 119, 31, 19, 177, 113, 220, 21, 198, 237,
       230, 191, 196, 166, 192, 165, 240, 169, 176, 29, 187, 253, 253,
       208, 143, 222, 113, 45, 24, 150, 216, 74, 169, 137, 10, 250, 17,
       23, 106, 251, 149, 143, 219, 81, 127, 218, 12, 217, 198, 129, 168,
       25, 185, 172, 141, 104, 207, 222, 31, 84, 16, 164, 131, 224, 73,
       201, 10, 46, 28, 50, 124, 66, 177, 140, 211, 118, 104, 16, 136,
       129, 168, 130, 107, 46, 184, 75, 224, 184, 70, 174, 29, 88, 179,
       172, 142, 102, 64, 230, 59, 171, 209, 2, 15, 162, 241, 149, 49,
       154, 203, 20, 5, 165, 235, 158, 205, 37, 158, 31, 139, 139, 168,
       143, 20, 141, 139, 236, 97, 58, 135, 34, 99, 91, 239, 98, 9, 14,
       253, 249, 24, 13, 217, 54, 47, 17, 104, 188, 244, 121, 104, 124,
       79, 83, 248, 83, 232, 189, 76, 83, 93, 25, 177, 88, 220, 84, 106,
       233, 34, 121, 30, 247, 205, 33, 60, 123, 187, 66, 51, 169, 36,
       125, 69, 116, 111, 107, 51, 117, 227, 127, 24, 243, 53, 148, 53,
       121, 254, 22, 40, 185, 252, 113, 14, 111, 239, 113, 0, 99, 232,
       70, 232, 218, 10, 30, 185, 170, 170, 24, 23, 190, 31, 150, 181,
       255, 139, 130, 91, 231, 55, 125, 149, 62, 205, 195, 113, 212, 227,
       122, 209, 172, 192, 137, 75, 109, 101, 209, 64, 237, 61, 100, 140,
       123, 186, 42, 72, 90, 240, 93, 190, 153, 110, 98, 120, 5, 114,
       202, 8, 63, 158, 69, 126, 194, 251, 74, 132, 88, 27, 154, 190,
       162, 136, 86, 20, 160, 136, 234, 237, 239, 227, 41, 208, 182, 243,
       237, 64, 78, 137, 130, 41, 242, 229, 46, 155, 184, 18, 43, 11,
       174, 207, 198, 159, 213, 178, 190, 239, 31, 19, 89, 247, 232, 234,
       189, 197, 255, 123, 147, 247, 246, 214, 14, 255, 46, 118, 223,
       203, 159, 127, 185, 150, 72, 233, 51, 82, 241, 216, 119, 247, 233,
       13, 110, 40, 190, 183, 160, 52, 130, 122, 196, 72, 82, 185, 162,
       117, 107, 252, 20, 75, 66, 146, 135, 107, 198, 189, 180, 140, 237,
       52, 190, 238, 137, 190, 152, 171, 44, 190, 117, 6, 239, 243, 223,
       227, 228, 11, 138, 234, 57, 28, 207, 191, 149, 125, 39, 223, 150,
       180, 185, 241, 175, 253, 185, 218, 191, 255, 181, 63, 158, 255,
       79, 42, 175, 209, 223, 147, 191, 103, 250, 210, 223, 221, 239,
       247, 143, 109, 15, 243, 103, 160, 177, 128, 237, 109, 248, 75,
       107, 113, 161, 25, 142, 184, 92, 42, 185, 133, 123, 21, 22, 99,
       218, 208, 29, 28, 29, 126, 208, 12, 211, 134, 192, 169, 190, 251,
       237, 205, 116, 167, 255, 63, 166, 16, 238, 249, 100, 91, 129, 118,
       106, 82, 114, 105, 218, 241, 239, 251, 87, 123, 210, 88, 197, 42,
       8, 188, 158, 249, 137, 237, 52, 135, 175, 31, 170, 17, 174, 187,
       64, 90, 161, 115, 235, 16, 18, 105, 147, 243, 239, 215, 86, 91,
       130, 80, 143, 11, 25, 157, 25, 239, 18, 199, 71, 55, 116, 64, 238,
       64, 247, 119, 32, 96, 16, 58, 28, 8, 107, 168, 121, 63, 233, 239,
       38, 0, 120, 130, 161, 56, 254, 245, 56, 166, 255, 119, 158, 255,
       137, 174, 153, 43, 78, 127, 111, 2, 159, 211, 221, 99, 236, 99,
       152, 202, 251, 221, 111, 191, 21, 126, 175, 91, 232, 48, 61, 101,
       33, 78, 113, 16, 97, 168, 118, 72, 158, 19, 1, 51, 132, 20, 68,
       106, 193, 180, 49, 8, 199, 249, 32, 0, 66, 161, 66, 35, 116, 237,
       153, 234, 217, 105, 83, 136, 163, 181, 173, 8, 86, 243, 73, 90,
       17, 214, 105, 114, 10, 67, 203, 48, 217, 129, 5, 125, 176, 123,
