%YAML:1.0
---
descriptors: !!opencv-matrix
   rows: 312
   cols: 32
   dt: u
   data: [ 189, 28, 253, 117, 164, 46, 213, 183, 112, 170, 126, 24, 83,
       49, 149, 59, 25, 102, 36, 46, 185, 252, 113, 14, 111, 239, 117,
       20, 235, 248, 66, 35, 17, 143, 75, 254, 150, 131, 107, 247, 212,
       0, 222, 198, 113, 227, 176, 96, 127, 234, 30, 156, 187, 155, 12,
       255, 248, 239, 174, 192, 189, 138, 240, 168, 62, 49, 181, 226, 73,
       221, 80, 64, 139, 241, 181, 8, 14, 223, 109, 190, 136, 153, 215,
       80, 26, 107, 218, 208, 155, 216, 1, 127, 210, 11, 71, 166, 195, 4,
       231, 23, 98, 26, 45, 55, 57, 199, 82, 214, 253, 38, 150, 119, 38,
       103, 116, 141, 229, 220, 165, 76, 4, 42, 122, 128, 44, 228, 131,
       253, 200, 4, 253, 237, 36, 42, 105, 18, 96, 130, 118, 96, 247, 51,
       145, 115, 114, 180, 44, 168, 169, 180, 229, 8, 196, 235, 98, 4,
       102, 240, 96, 41, 4, 176, 145, 208, 250, 205, 177, 105, 142, 53,
       161, 56, 148, 150, 104, 8, 129, 17, 74, 17, 19, 107, 122, 80, 157,
       144, 91, 126, 208, 8, 135, 163, 128, 128, 145, 155, 200, 205, 165,
       231, 174, 27, 33, 80, 148, 214, 104, 227, 35, 27, 106, 24, 83, 13,
       186, 81, 45, 130, 126, 108, 144, 8, 133, 160, 208, 197, 95, 236,
       6, 66, 79, 60, 36, 0, 194, 2, 83, 115, 32, 115, 112, 244, 56, 234,
       105, 129, 49, 13, 241, 170, 194, 4, 52, 178, 224, 32, 208, 92, 31,
       252, 34, 192, 52, 38, 180, 10, 194, 49, 191, 191, 33, 67, 166,
       117, 237, 66, 104, 141, 18, 111, 241, 227, 122, 27, 32, 48, 37,
       27, 230, 163, 232, 24, 223, 217, 147, 207, 219, 245, 176, 187, 10,
       204, 86, 16, 155, 139, 195, 21, 190, 107, 238, 243, 126, 28, 21,
       127, 213, 12, 214, 214, 216, 188, 145, 170, 91, 204, 19, 216, 163,
       49, 168, 24, 158, 215, 64, 86, 160, 241, 108, 80, 75, 15, 154,
       243, 217, 212, 3, 126, 170, 2, 39, 59, 210, 48, 154, 186, 107,
       105, 176, 66, 172, 31, 160, 57, 174, 190, 40, 91, 239, 147, 207,
       129, 30, 15, 194, 97, 209, 241, 90, 59, 144, 64, 47, 131, 165, 12,
       126, 125, 68, 47, 225, 18, 116, 22, 103, 20, 243, 97, 19, 27, 73,
       36, 98, 46, 32, 244, 113, 10, 71, 171, 82, 0, 233, 233, 66, 160,
       211, 60, 159, 183, 195, 172, 45, 223, 191, 251, 194, 86, 61, 246,
       113, 255, 37, 255, 123, 156, 55, 221, 155, 115, 157, 234, 223, 0,
       169, 80, 163, 156, 193, 132, 189, 217, 143, 109, 229, 175, 94,
       119, 38, 26, 247, 48, 30, 111, 1, 2, 106, 8, 51, 120, 127, 21,
       205, 186, 86, 117, 240, 72, 197, 110, 13, 87, 83, 231, 180, 10,
       110, 152, 61, 160, 91, 224, 223, 195, 169, 228, 118, 92, 62, 106,
       65, 144, 137, 238, 164, 252, 163, 132, 46, 243, 1, 49, 181, 108,
       115, 78, 80, 223, 106, 112, 113, 64, 105, 8, 115, 87, 149, 180,
       58, 232, 18, 234, 233, 182, 60, 63, 53, 140, 32, 0, 107, 179, 98,
       160, 225, 215, 93, 109, 168, 91, 84, 191, 45, 121, 190, 124, 255,
       51, 140, 243, 134, 151, 236, 96, 247, 40, 75, 29, 174, 251, 116,
       246, 90, 152, 200, 25, 32, 77, 115, 94, 84, 199, 207, 230, 93, 6,
       120, 2, 115, 252, 181, 116, 217, 250, 2, 202, 233, 186, 60, 63,
       53, 174, 150, 10, 81, 27, 116, 236, 13, 110, 209, 33, 52, 47, 99,
       148, 118, 178, 98, 204, 215, 1, 209, 12, 19, 108, 34, 62, 129,
       244, 93, 10, 204, 156, 37, 36, 170, 251, 65, 168, 252, 236, 253,
       114, 138, 237, 85, 222, 182, 55, 164, 24, 51, 245, 73, 27, 1, 242,
       108, 26, 42, 111, 186, 51, 219, 203, 117, 124, 243, 217, 198, 98,
       9, 149, 17, 73, 181, 79, 69, 191, 95, 121, 47, 80, 214, 17, 136,
       116, 149, 26, 14, 56, 243, 184, 105, 23, 237, 158, 53, 116, 146,
       136, 192, 33, 60, 97, 113, 111, 95, 91, 215, 104, 89, 172, 253,
       42, 74, 124, 31, 52, 216, 253, 198, 99, 140, 163, 99, 172, 115,
       253, 1, 59, 87, 63, 118, 231, 25, 75, 26, 251, 53, 159, 82, 16,
       86, 8, 224, 65, 175, 195, 33, 208, 212, 42, 172, 78, 14, 168, 74,
       61, 226, 255, 48, 25, 90, 155, 72, 11, 56, 143, 18, 170, 149, 163,
       178, 231, 141, 1, 218, 71, 108, 234, 40, 192, 248, 171, 138, 49,
       30, 171, 24, 255, 185, 246, 130, 67, 148, 78, 184, 14, 200, 25,
       145, 181, 160, 172, 124, 19, 168, 139, 66, 80, 191, 55, 65, 219,
       198, 55, 125, 16, 17, 220, 209, 64, 143, 249, 122, 130, 136, 96,
       161, 35, 64, 208, 190, 254, 131, 236, 53, 199, 172, 31, 102, 17,
       252, 255, 42, 74, 167, 115, 123, 0, 54, 233, 18, 97, 103, 163, 86,
       67, 128, 80, 165, 27, 85, 71, 30, 143, 50, 10, 46, 232, 108, 164,
       203, 192, 196, 226, 185, 80, 50, 196, 106, 238, 65, 145, 141, 124,
       180, 36, 15, 4, 0, 179, 41, 4, 212, 79, 79, 231, 150, 74, 111,
       180, 36, 160, 206, 194, 83, 103, 185, 81, 50, 196, 109, 234, 121,
       145, 61, 44, 242, 227, 103, 128, 37, 179, 229, 112, 44, 77, 90,
       238, 93, 215, 118, 224, 148, 4, 236, 3, 123, 251, 51, 208, 120,
       250, 147, 226, 76, 163, 24, 255, 115, 111, 131, 9, 49, 186, 124,
       138, 60, 125, 184, 101, 149, 111, 215, 255, 96, 160, 172, 0, 147,
       61, 3, 50, 216, 220, 84, 104, 72, 171, 241, 12, 235, 237, 7, 20,
       225, 114, 230, 162, 245, 71, 92, 103, 96, 26, 78, 184, 97, 226,
       255, 232, 83, 106, 159, 115, 118, 196, 124, 238, 237, 178, 205,
       14, 54, 233, 229, 148, 109, 243, 74, 5, 215, 100, 107, 133, 50,
       90, 59, 98, 40, 224, 78, 136, 157, 22, 151, 180, 54, 157, 217,
       111, 197, 144, 181, 206, 181, 125, 11, 7, 36, 181, 15, 116, 11,
       251, 6, 186, 75, 149, 188, 231, 159, 85, 72, 215, 172, 206, 114,
       196, 239, 43, 179, 133, 70, 26, 30, 241, 62, 81, 218, 107, 30, 28,
       169, 222, 188, 49, 188, 227, 184, 47, 91, 153, 6, 189, 189, 29,
       215, 117, 75, 26, 21, 214, 125, 62, 56, 64, 89, 26, 203, 207, 101,
       181, 176, 235, 4, 115, 74, 175, 174, 155, 203, 240, 57, 135, 191,
       29, 78, 177, 172, 207, 102, 78, 231, 59, 235, 149, 22, 73, 130,
       241, 79, 119, 158, 235, 146, 68, 173, 219, 207, 172, 225, 178,
       157, 220, 80, 139, 251, 209, 164, 25, 175, 254, 95, 255, 163, 235,
       249, 17, 63, 78, 190, 225, 159, 211, 23, 111, 162, 100, 94, 86,
       55, 183, 67, 72, 246, 147, 198, 252, 69, 232, 249, 238, 83, 216,
       181, 164, 94, 232, 22, 111, 221, 187, 108, 156, 58, 76, 165, 244,
       127, 191, 248, 133, 138, 168, 149, 254, 75, 249, 48, 206, 159, 51,
       96, 154, 174, 230, 104, 221, 235, 91, 130, 0, 38, 78, 26, 241,
       159, 210, 90, 47, 18, 76, 141, 142, 108, 118, 189, 101, 44, 111,
       239, 152, 34, 238, 63, 236, 215, 117, 217, 42, 31, 84, 125, 110,
       201, 116, 233, 0, 197, 143, 101, 180, 224, 251, 71, 113, 1, 137,
       107, 219, 244, 194, 235, 223, 126, 69, 86, 130, 249, 7, 176, 96,
       122, 14, 55, 156, 147, 152, 37, 119, 109, 174, 186, 192, 165, 128,
       245, 248, 121, 143, 104, 103, 244, 26, 239, 183, 112, 36, 126, 96,
       243, 41, 146, 112, 91, 198, 21, 238, 248, 184, 109, 47, 110, 239,
       164, 196, 101, 242, 246, 104, 92, 50, 145, 118, 57, 44, 81, 16,
       171, 189, 167, 8, 206, 179, 73, 94, 135, 213, 108, 88, 10, 67,
       235, 224, 219, 241, 113, 30, 130, 163, 7, 35, 50, 239, 82, 141,
       118, 139, 170, 124, 45, 8, 120, 227, 137, 136, 180, 4, 126, 169,
       7, 193, 208, 186, 197, 238, 52, 4, 170, 200, 101, 138, 161, 141,
       50, 109, 82, 142, 95, 209, 182, 105, 223, 132, 248, 11, 44, 216,
       100, 128, 248, 185, 131, 97, 68, 171, 2, 255, 49, 20, 139, 43,
       117, 46, 254, 142, 146, 159, 22, 157, 178, 130, 189, 39, 188, 5,
       78, 183, 237, 167, 162, 69, 102, 63, 139, 128, 114, 153, 5, 221,
       224, 160, 142, 195, 22, 192, 165, 121, 104, 176, 113, 104, 105,
       205, 81, 88, 171, 57, 165, 8, 30, 151, 72, 60, 128, 145, 247, 16,
       27, 43, 242, 209, 87, 216, 16, 127, 114, 0, 70, 179, 100, 181,
       157, 231, 236, 110, 71, 159, 19, 183, 15, 28, 215, 51, 73, 90,
       145, 70, 121, 62, 25, 80, 251, 34, 237, 174, 117, 116, 168, 251,
       210, 114, 60, 97, 120, 96, 220, 79, 87, 216, 66, 164, 173, 8, 19,
