%YAML:1.0
---
descriptors: !!opencv-matrix
   rows: 334
   cols: 32
   dt: u
   data: [ 130, 90, 10, 187, 98, 129, 56, 70, 158, 5, 82, 183, 172, 131,
       35, 72, 238, 43, 51, 213, 6, 156, 2, 241, 4, 50, 154, 139, 28, 29,
       41, 155, 222, 231, 164, 186, 137, 181, 94, 143, 151, 158, 141,
       145, 236, 239, 107, 219, 221, 243, 239, 246, 126, 71, 234, 243,
       187, 243, 223, 255, 146, 117, 164, 86, 55, 253, 186, 250, 143,
       213, 159, 252, 142, 194, 152, 14, 117, 253, 119, 34, 191, 123, 83,
       195, 67, 35, 58, 179, 123, 205, 15, 63, 125, 123, 241, 242, 54,
       157, 172, 166, 156, 70, 135, 251, 130, 204, 152, 167, 113, 253,
       120, 2, 89, 246, 181, 231, 218, 105, 218, 189, 121, 6, 237, 220,
       125, 110, 116, 251, 218, 20, 150, 252, 169, 124, 16, 75, 187, 219,
       167, 56, 142, 190, 100, 251, 233, 151, 238, 16, 61, 79, 242, 194,
       155, 247, 90, 63, 210, 100, 175, 22, 86, 142, 198, 151, 210, 162,
       190, 238, 191, 215, 19, 247, 109, 238, 123, 79, 119, 231, 191,
       151, 182, 221, 14, 255, 120, 38, 255, 199, 167, 245, 189, 93, 40,
       61, 168, 239, 157, 237, 215, 223, 222, 165, 237, 12, 182, 253, 90,
       0, 217, 122, 83, 27, 27, 58, 250, 179, 237, 157, 149, 120, 208,
       91, 214, 186, 59, 37, 248, 68, 239, 51, 94, 111, 67, 190, 189, 42,
       75, 59, 207, 55, 123, 206, 102, 170, 76, 114, 207, 200, 122, 217,
       101, 191, 247, 250, 74, 135, 52, 97, 232, 8, 205, 105, 198, 205,
       95, 28, 184, 11, 74, 200, 127, 24, 249, 202, 71, 119, 78, 99, 10,
       80, 123, 9, 37, 125, 245, 123, 254, 130, 95, 157, 103, 47, 178, 2,
       111, 189, 32, 64, 75, 228, 217, 118, 152, 116, 54, 199, 125, 239,
       209, 152, 189, 125, 236, 44, 174, 196, 46, 166, 163, 113, 83, 249,
       131, 184, 155, 204, 24, 198, 175, 81, 138, 141, 175, 150, 64, 214,
       167, 231, 249, 213, 95, 75, 146, 245, 185, 244, 30, 122, 8, 4,
       163, 92, 76, 54, 156, 254, 168, 44, 89, 27, 170, 159, 181, 21,
       255, 227, 75, 91, 133, 87, 109, 30, 50, 69, 203, 96, 203, 251,
       114, 249, 128, 225, 15, 3, 252, 120, 188, 62, 75, 28, 85, 216,
       179, 182, 165, 29, 111, 205, 67, 27, 161, 245, 233, 66, 108, 71,
       218, 32, 211, 227, 85, 59, 226, 117, 14, 210, 185, 235, 108, 65,
       78, 31, 213, 190, 83, 246, 180, 190, 51, 9, 214, 57, 9, 204, 214,
       108, 236, 126, 101, 63, 94, 75, 117, 181, 103, 157, 94, 205, 66,
       157, 26, 248, 153, 228, 53, 231, 175, 29, 140, 1, 172, 247, 98,
       80, 229, 59, 235, 144, 82, 11, 18, 245, 251, 181, 30, 107, 144,
       64, 165, 91, 98, 122, 147, 176, 40, 173, 16, 86, 187, 170, 178,
       125, 166, 146, 193, 220, 133, 41, 236, 16, 133, 77, 130, 120, 144,
       214, 120, 187, 136, 85, 11, 31, 37, 37, 209, 72, 248, 59, 130,
       216, 79, 225, 121, 204, 210, 224, 253, 180, 94, 88, 194, 126, 149,
       34, 127, 16, 46, 28, 5, 126, 223, 255, 90, 180, 80, 251, 27, 108,
       50, 136, 81, 54, 40, 4, 96, 40, 55, 147, 0, 16, 166, 189, 77, 80,
       66, 30, 144, 31, 241, 161, 32, 72, 96, 128, 7, 43, 164, 121, 253,
       67, 116, 79, 239, 216, 126, 234, 117, 0, 243, 85, 217, 57, 30, 88,
       87, 122, 225, 244, 105, 40, 71, 155, 37, 164, 73, 187, 70, 241,
       182, 196, 99, 200, 221, 103, 222, 235, 95, 162, 249, 19, 72, 248,
       61, 129, 249, 251, 23, 163, 104, 55, 88, 222, 61, 30, 143, 63,
       221, 125, 240, 134, 86, 186, 215, 213, 133, 74, 232, 139, 251,
       186, 91, 70, 237, 227, 221, 198, 115, 109, 46, 136, 67, 208, 154,
       203, 140, 252, 207, 166, 142, 226, 65, 173, 71, 247, 177, 114,
       168, 44, 126, 157, 171, 218, 184, 109, 214, 254, 205, 122, 213,
       211, 125, 114, 223, 64, 234, 224, 191, 216, 111, 174, 136, 115,
       130, 55, 223, 94, 238, 228, 135, 54, 238, 208, 161, 206, 215, 135,
       73, 238, 55, 111, 124, 229, 61, 255, 172, 199, 188, 234, 115, 123,
       207, 128, 175, 247, 120, 84, 108, 189, 161, 251, 157, 237, 75,
       159, 87, 255, 168, 72, 242, 231, 65, 36, 221, 218, 106, 28, 155,
       106, 251, 183, 237, 156, 133, 124, 154, 202, 80, 120, 116, 162,
       248, 112, 234, 105, 81, 27, 163, 63, 181, 185, 23, 247, 74, 26,
       35, 150, 109, 16, 26, 71, 138, 16, 219, 195, 117, 125, 226, 192,
       134, 35, 19, 207, 66, 156, 118, 146, 110, 230, 180, 65, 202, 231,
       97, 226, 178, 192, 122, 234, 10, 197, 111, 155, 4, 255, 186, 38,
       142, 193, 61, 150, 184, 140, 139, 225, 104, 193, 77, 221, 252, 95,
       239, 112, 214, 146, 153, 157, 222, 36, 106, 156, 255, 253, 230,
       60, 247, 211, 103, 89, 131, 237, 103, 156, 254, 238, 88, 169, 159,
       244, 129, 236, 101, 55, 164, 137, 174, 8, 190, 179, 0, 82, 160,
       54, 108, 8, 90, 73, 146, 5, 193, 231, 86, 9, 226, 64, 135, 42, 93,
       113, 244, 3, 255, 22, 102, 152, 99, 248, 191, 102, 74, 82, 223,
       246, 118, 196, 108, 254, 205, 114, 253, 252, 62, 104, 39, 174,
       123, 183, 106, 133, 214, 118, 230, 192, 198, 114, 250, 208, 169,
       230, 151, 243, 73, 239, 247, 47, 54, 245, 157, 243, 180, 213, 172,
       200, 26, 74, 207, 199, 167, 247, 55, 85, 218, 166, 252, 179, 51,
       41, 184, 198, 59, 55, 18, 187, 15, 46, 72, 11, 167, 151, 221, 1,
       34, 93, 137, 243, 209, 209, 122, 183, 37, 85, 143, 75, 116, 229,
       253, 235, 140, 111, 71, 190, 86, 178, 172, 10, 211, 117, 89, 107,
       89, 214, 123, 122, 121, 99, 251, 58, 255, 207, 197, 60, 241, 251,
       212, 96, 33, 164, 116, 69, 85, 47, 97, 54, 105, 33, 110, 24, 179,
       17, 28, 52, 8, 142, 82, 12, 155, 184, 241, 15, 71, 220, 16, 64,
       74, 136, 66, 168, 17, 185, 251, 165, 178, 138, 191, 55, 58, 225,
       90, 231, 183, 45, 208, 0, 54, 127, 21, 5, 209, 184, 245, 14, 236,
       165, 63, 160, 108, 128, 135, 249, 198, 140, 135, 190, 205, 167,
       84, 143, 159, 251, 3, 59, 196, 254, 40, 91, 129, 231, 235, 151,
       52, 205, 139, 247, 191, 118, 223, 127, 128, 85, 148, 86, 215, 127,
       135, 132, 137, 31, 78, 248, 129, 182, 168, 207, 203, 226, 79, 215,
       125, 196, 104, 238, 237, 67, 223, 202, 186, 208, 197, 60, 42, 255,
       40, 20, 203, 225, 59, 204, 105, 148, 253, 121, 234, 72, 148, 76,
       156, 223, 248, 246, 166, 53, 255, 236, 195, 7, 178, 209, 247, 249,
       171, 252, 26, 166, 163, 241, 106, 53, 51, 186, 249, 225, 19, 200,
       174, 21, 169, 41, 254, 215, 105, 144, 223, 187, 255, 177, 26, 67,
       218, 255, 249, 213, 11, 123, 144, 67, 39, 250, 215, 161, 199, 145,
       194, 62, 172, 145, 61, 219, 19, 247, 93, 110, 222, 191, 55, 71,
       127, 255, 181, 208, 45, 192, 60, 74, 127, 196, 173, 213, 131, 85,
       253, 67, 229, 7, 36, 26, 103, 24, 113, 198, 247, 229, 243, 96,
       159, 127, 122, 228, 108, 110, 169, 176, 237, 40, 164, 234, 97,
       128, 111, 255, 82, 116, 8, 137, 19, 251, 149, 199, 66, 231, 214,
       1, 206, 0, 191, 215, 32, 224, 217, 186, 26, 89, 123, 152, 82, 191,
       233, 247, 158, 64, 146, 12, 252, 42, 67, 153, 173, 141, 168, 70,
       169, 55, 174, 89, 66, 84, 156, 54, 150, 102, 196, 7, 123, 141,
       147, 200, 247, 197, 13, 56, 250, 196, 8, 132, 177, 125, 220, 246,
       188, 242, 139, 188, 17, 142, 187, 183, 164, 153, 143, 239, 75, 91,
       135, 223, 237, 144, 58, 71, 218, 98, 219, 215, 85, 127, 162, 81,
       15, 114, 75, 48, 156, 188, 107, 60, 152, 31, 171, 91, 177, 125,
       188, 254, 78, 186, 134, 19, 253, 1, 151, 67, 210, 193, 147, 255,
       90, 186, 216, 68, 139, 23, 223, 24, 124, 97, 43, 191, 90, 152,
       175, 120, 135, 77, 223, 31, 23, 251, 135, 21, 253, 246, 141, 5,
       121, 212, 195, 219, 73, 246, 154, 183, 9, 23, 187, 6, 38, 188,
       133, 51, 148, 103, 93, 75, 216, 87, 142, 184, 54, 137, 249, 169,
       151, 165, 188, 167, 4, 206, 146, 114, 218, 155, 223, 124, 185,
       134, 33, 33, 57, 109, 85, 95, 98, 43, 101, 201, 108, 8, 147, 25,
       20, 176, 152, 152, 18, 40, 73, 186, 113, 30, 71, 221, 0, 4, 73,
       10, 66, 170, 135, 159, 247, 255, 250, 188, 190, 187, 189, 218, 28,
       231, 252, 255, 175, 103, 247, 115, 159, 39, 245, 65, 60, 239, 111,
