%YAML:1.0
---
descriptors: !!opencv-matrix
   rows: 438
   cols: 32
   dt: u
   data: [ 63, 174, 224, 68, 214, 50, 206, 252, 83, 230, 189, 254, 73,
       107, 150, 180, 127, 204, 132, 174, 173, 255, 237, 222, 122, 111,
       165, 181, 239, 239, 250, 221, 37, 49, 93, 109, 112, 78, 99, 56,
       101, 64, 239, 8, 211, 19, 8, 116, 24, 140, 122, 106, 9, 176, 249,
       12, 231, 255, 0, 20, 74, 171, 66, 160, 113, 117, 125, 101, 92, 79,
       71, 49, 112, 230, 175, 8, 211, 113, 15, 51, 152, 204, 120, 106,
       104, 242, 241, 12, 237, 170, 69, 48, 64, 250, 86, 226, 10, 137,
       180, 219, 189, 209, 183, 175, 30, 29, 70, 3, 172, 186, 32, 192,
       193, 91, 171, 81, 82, 24, 75, 245, 173, 23, 222, 75, 146, 12, 149,
       42, 49, 141, 11, 186, 20, 131, 171, 231, 214, 0, 218, 2, 49, 218,
       48, 64, 88, 42, 18, 153, 42, 185, 8, 255, 240, 166, 170, 128, 180,
       10, 48, 136, 61, 66, 99, 69, 64, 30, 206, 56, 101, 226, 246, 196,
       83, 0, 149, 180, 92, 196, 68, 238, 201, 182, 117, 12, 55, 168,
       225, 4, 107, 178, 98, 52, 248, 177, 155, 124, 9, 76, 85, 120, 179,
       26, 164, 24, 31, 191, 64, 59, 146, 213, 252, 66, 105, 107, 146, 1,
       211, 249, 80, 63, 106, 32, 38, 35, 77, 241, 157, 99, 152, 76, 71,
       152, 114, 248, 167, 8, 215, 211, 73, 114, 17, 212, 124, 122, 75,
       64, 251, 21, 237, 217, 5, 124, 0, 147, 2, 98, 3, 72, 243, 89, 119,
       145, 186, 82, 79, 0, 124, 2, 40, 217, 181, 100, 62, 57, 18, 72,
       130, 176, 54, 251, 71, 92, 18, 10, 87, 159, 97, 173, 109, 75, 65,
       79, 124, 7, 78, 56, 5, 168, 237, 76, 211, 67, 149, 245, 92, 132,
       4, 110, 201, 146, 121, 29, 39, 248, 161, 16, 26, 170, 82, 184, 93,
       245, 153, 167, 152, 79, 71, 152, 34, 240, 139, 8, 215, 51, 73,
       122, 145, 213, 124, 122, 91, 66, 249, 56, 237, 245, 15, 124, 136,
       115, 3, 50, 249, 37, 121, 100, 212, 111, 199, 186, 80, 234, 188,
       8, 115, 57, 153, 50, 88, 198, 84, 106, 121, 50, 249, 14, 249, 238,
       37, 60, 99, 250, 86, 104, 250, 60, 246, 101, 98, 58, 120, 55, 57,
       160, 126, 224, 79, 47, 149, 118, 182, 253, 181, 140, 140, 216,
       165, 200, 134, 251, 70, 130, 103, 164, 107, 29, 45, 249, 51, 42,
       117, 141, 243, 240, 237, 72, 120, 76, 54, 217, 32, 16, 152, 168,
       22, 95, 193, 186, 80, 60, 125, 156, 32, 104, 89, 10, 98, 226, 242,
       12, 243, 196, 98, 10, 110, 98, 57, 130, 242, 170, 120, 43, 149,
       91, 126, 229, 125, 226, 41, 219, 132, 202, 150, 190, 194, 128, 39,
       240, 98, 8, 112, 2, 223, 237, 12, 98, 69, 46, 68, 38, 227, 50, 83,
       35, 160, 75, 120, 212, 44, 162, 56, 177, 101, 12, 208, 163, 242,
       17, 53, 249, 244, 42, 55, 197, 236, 7, 156, 55, 207, 252, 66, 246,
       189, 134, 83, 108, 159, 34, 89, 194, 18, 255, 157, 98, 127, 172,
       42, 15, 197, 52, 253, 255, 248, 244, 97, 81, 127, 101, 36, 79,
       231, 56, 108, 200, 246, 4, 243, 57, 151, 114, 216, 68, 124, 110,
       233, 240, 113, 12, 231, 251, 99, 16, 72, 186, 82, 114, 1, 248,
       173, 87, 100, 141, 229, 183, 126, 249, 86, 68, 176, 32, 214, 161,
       5, 106, 50, 93, 147, 248, 255, 53, 45, 10, 116, 64, 206, 140, 209,
       249, 86, 185, 157, 224, 138, 224, 25, 139, 170, 189, 137, 168,
       148, 183, 72, 90, 231, 215, 109, 144, 26, 75, 235, 64, 217, 148,
       223, 255, 128, 99, 167, 114, 44, 113, 57, 103, 52, 79, 95, 56, 37,
       232, 255, 9, 211, 93, 9, 48, 156, 220, 85, 106, 73, 176, 121, 28,
       231, 221, 33, 53, 64, 187, 70, 115, 67, 66, 83, 236, 102, 137,
       168, 67, 44, 33, 82, 234, 156, 146, 160, 100, 102, 61, 54, 136, 1,
       159, 0, 213, 148, 180, 58, 194, 12, 136, 33, 169, 167, 236, 109,
       91, 205, 189, 207, 183, 219, 247, 109, 28, 240, 236, 223, 175,
       201, 106, 50, 31, 247, 124, 254, 178, 47, 31, 213, 120, 223, 221,
       218, 252, 101, 0, 188, 101, 44, 78, 231, 48, 108, 238, 182, 12,
       211, 57, 19, 98, 216, 68, 124, 110, 201, 240, 241, 8, 197, 187,
       101, 16, 72, 251, 82, 114, 38, 32, 241, 65, 100, 47, 232, 16, 123,
       170, 51, 90, 82, 89, 213, 62, 63, 156, 119, 56, 128, 118, 213,
       194, 14, 28, 65, 166, 205, 233, 82, 133, 65, 176, 27, 160, 32, 76,
       57, 24, 170, 88, 52, 237, 157, 215, 192, 48, 134, 25, 93, 204,
       131, 65, 170, 81, 192, 145, 59, 172, 0, 128, 3, 113, 171, 157, 97,
       251, 244, 149, 223, 255, 85, 89, 116, 242, 185, 29, 180, 101, 206,
       155, 23, 204, 250, 42, 102, 253, 110, 89, 190, 234, 87, 140, 240,
       237, 13, 115, 25, 101, 112, 14, 114, 56, 125, 8, 103, 72, 222, 83,
       8, 176, 182, 76, 76, 106, 193, 176, 25, 12, 231, 249, 33, 4, 74,
       163, 11, 129, 57, 189, 25, 98, 241, 175, 87, 247, 121, 170, 108,
       76, 127, 115, 0, 177, 181, 186, 20, 44, 249, 250, 24, 61, 255,
       217, 37, 96, 106, 194, 194, 171, 28, 79, 126, 111, 98, 2, 127,
       112, 116, 12, 127, 34, 123, 3, 179, 17, 58, 253, 134, 234, 104,
       179, 41, 76, 119, 233, 32, 129, 103, 179, 102, 160, 63, 181, 51,
       96, 243, 55, 152, 223, 57, 249, 185, 237, 77, 62, 220, 189, 151,
       31, 149, 181, 151, 211, 56, 196, 186, 216, 47, 254, 142, 198, 163,
       245, 18, 127, 38, 188, 89, 132, 189, 102, 159, 22, 200, 135, 172,
       238, 55, 64, 236, 251, 187, 197, 238, 139, 18, 251, 179, 118, 158,
       139, 21, 85, 53, 222, 177, 175, 66, 202, 116, 131, 234, 253, 86,
       1, 216, 230, 57, 203, 184, 101, 126, 138, 22, 220, 251, 186, 14,
       255, 60, 136, 170, 236, 61, 138, 249, 161, 181, 239, 99, 73, 222,
       83, 198, 249, 68, 224, 249, 234, 83, 72, 181, 164, 92, 232, 22,
       239, 221, 179, 109, 159, 58, 8, 165, 244, 127, 191, 240, 164, 82,
       189, 26, 156, 83, 192, 48, 103, 173, 5, 232, 49, 44, 150, 36, 80,
       162, 59, 219, 128, 70, 139, 146, 205, 177, 52, 26, 11, 16, 0, 175,
       154, 72, 42, 254, 81, 57, 138, 57, 83, 175, 53, 102, 129, 141,
       131, 98, 95, 38, 53, 239, 152, 2, 201, 130, 65, 207, 251, 82, 65,
       66, 128, 47, 187, 172, 111, 244, 111, 237, 47, 86, 248, 127, 174,
       60, 72, 207, 105, 81, 154, 216, 196, 70, 122, 172, 50, 73, 186,
       239, 223, 101, 53, 194, 251, 74, 131, 17, 207, 69, 236, 62, 2, 79,
       191, 196, 2, 216, 230, 115, 99, 177, 97, 95, 164, 31, 174, 233,
       137, 101, 159, 240, 238, 239, 148, 61, 250, 240, 41, 125, 164,
       193, 231, 150, 27, 79, 58, 81, 234, 191, 206, 115, 33, 154, 182,
       127, 230, 92, 174, 253, 186, 237, 174, 186, 239, 165, 148, 111,
       255, 218, 117, 114, 179, 242, 80, 179, 223, 157, 247, 59, 105,
       180, 191, 110, 125, 142, 53, 191, 147, 213, 129, 255, 107, 32,
       199, 51, 94, 28, 243, 111, 132, 134, 127, 23, 183, 238, 92, 246,
       115, 223, 255, 91, 254, 117, 230, 105, 104, 182, 165, 63, 205,
       180, 169, 165, 251, 47, 223, 58, 79, 245, 135, 247, 228, 126, 221,
       215, 86, 229, 213, 206, 50, 143, 184, 82, 242, 150, 246, 81, 100,
       221, 239, 127, 196, 126, 239, 233, 231, 239, 200, 36, 42, 239,
       180, 191, 255, 112, 245, 72, 252, 29, 69, 19, 250, 51, 178, 121,
       248, 54, 104, 222, 23, 0, 55, 167, 117, 236, 96, 163, 220, 177,
       109, 79, 243, 33, 199, 74, 1, 7, 59, 246, 162, 160, 160, 185, 121,
       88, 137, 11, 253, 133, 189, 143, 110, 222, 159, 197, 207, 237,
       149, 62, 71, 207, 145, 154, 81, 157, 255, 158, 45, 158, 86, 11,
       21, 18, 138, 215, 151, 174, 109, 92, 200, 91, 102, 236, 122, 174,
       224, 254, 43, 150, 177, 213, 155, 61, 254, 46, 85, 174, 195, 156,
       78, 185, 157, 134, 92, 255, 215, 15, 118, 189, 82, 157, 214, 215,
       151, 108, 126, 55, 107, 231, 245, 251, 163, 229, 197, 63, 234, 83,
       58, 219, 131, 141, 117, 37, 247, 214, 14, 238, 151, 11, 118, 189,
       50, 149, 214, 215, 151, 76, 110, 55, 111, 239, 245, 251, 167, 165,
       213, 55, 200, 87, 115, 219, 131, 167, 229, 61, 247, 191, 227, 226,
       10, 203, 20, 223, 216, 19, 88, 245, 175, 73, 204, 255, 60, 126,
       201, 151, 247, 207, 35, 174, 241, 114, 73, 175, 172, 247, 247,
       254, 213, 52, 73, 111, 69, 4, 75, 231, 96, 68, 164, 119, 2, 115,
