%YAML:1.0
---
descriptors: !!opencv-matrix
   rows: 369
   cols: 32
   dt: u
   data: [ 148, 68, 78, 188, 148, 162, 226, 87, 20, 3, 211, 18, 81, 195,
       40, 72, 89, 172, 34, 176, 57, 183, 17, 206, 144, 167, 146, 64,
       189, 137, 240, 128, 39, 62, 226, 175, 214, 180, 186, 210, 6, 199,
       216, 231, 104, 232, 191, 8, 127, 107, 147, 213, 142, 146, 4, 235,
       36, 12, 138, 136, 141, 127, 57, 220, 82, 153, 157, 218, 171, 197,
       24, 142, 175, 89, 142, 162, 188, 183, 96, 106, 167, 211, 253, 208,
       19, 73, 59, 241, 219, 20, 30, 255, 152, 1, 173, 59, 131, 157, 126,
       203, 246, 199, 190, 255, 157, 72, 90, 98, 244, 127, 176, 196, 255,
       51, 23, 161, 243, 152, 73, 255, 45, 54, 174, 198, 28, 8, 185, 57,
       2, 196, 123, 75, 85, 215, 251, 254, 111, 13, 124, 3, 40, 79, 60,
       96, 255, 27, 3, 157, 130, 184, 52, 253, 111, 95, 18, 64, 87, 130,
       229, 232, 30, 7, 22, 177, 161, 114, 60, 71, 188, 31, 83, 177, 141,
       175, 106, 203, 231, 27, 175, 177, 114, 209, 3, 192, 194, 211, 254,
       133, 134, 212, 173, 243, 244, 234, 204, 186, 138, 189, 76, 138,
       187, 31, 129, 24, 167, 194, 74, 91, 35, 231, 237, 3, 42, 71, 202,
       51, 208, 227, 127, 185, 160, 81, 139, 1, 66, 133, 16, 136, 221,
       249, 176, 143, 142, 53, 8, 10, 140, 190, 108, 196, 209, 27, 171,
       16, 18, 24, 75, 245, 61, 20, 30, 127, 146, 14, 133, 14, 49, 135,
       111, 236, 60, 151, 205, 127, 85, 232, 220, 230, 115, 232, 180, 33,
       124, 160, 23, 45, 249, 171, 37, 159, 120, 79, 161, 212, 125, 136,
       240, 185, 34, 159, 35, 169, 180, 195, 191, 119, 13, 236, 88, 163,
       164, 12, 178, 0, 222, 59, 23, 241, 212, 184, 97, 255, 108, 20,
       175, 226, 21, 10, 181, 219, 210, 2, 172, 28, 138, 24, 148, 47,
       158, 247, 134, 191, 195, 232, 82, 75, 71, 102, 236, 129, 188, 77,
       207, 35, 154, 99, 255, 219, 228, 44, 141, 86, 120, 26, 206, 188,
       83, 203, 113, 71, 182, 197, 230, 151, 35, 167, 34, 80, 105, 174,
       161, 132, 24, 219, 146, 47, 219, 231, 208, 11, 163, 4, 110, 218,
       17, 6, 195, 225, 150, 163, 233, 87, 86, 35, 90, 214, 19, 1, 176,
       104, 123, 136, 31, 157, 187, 188, 37, 214, 220, 142, 178, 196,
       189, 136, 240, 160, 75, 33, 236, 69, 126, 30, 184, 59, 75, 241,
       20, 142, 157, 44, 214, 47, 46, 7, 119, 141, 149, 120, 231, 204,
       15, 123, 251, 239, 71, 164, 219, 253, 96, 48, 253, 84, 72, 233,
       177, 3, 234, 243, 162, 29, 242, 172, 70, 27, 129, 231, 106, 16,
       22, 111, 211, 64, 93, 58, 81, 120, 192, 0, 70, 114, 45, 11, 96,
       76, 120, 22, 79, 56, 117, 200, 245, 100, 209, 66, 157, 244, 92,
       236, 20, 234, 205, 130, 109, 28, 34, 233, 163, 136, 123, 178, 106,
       149, 204, 117, 122, 226, 240, 164, 127, 216, 48, 12, 117, 141, 93,
       215, 75, 25, 63, 217, 87, 254, 42, 86, 56, 126, 255, 141, 173,
       236, 161, 211, 166, 115, 3, 174, 187, 249, 240, 161, 185, 87, 174,
       89, 56, 244, 188, 235, 240, 40, 135, 59, 23, 29, 147, 24, 34, 242,
       76, 221, 190, 232, 156, 192, 129, 185, 86, 199, 172, 154, 168, 48,
       30, 136, 135, 86, 141, 183, 197, 238, 223, 74, 213, 195, 233, 215,
       158, 65, 239, 243, 186, 115, 207, 255, 148, 247, 156, 84, 223,
       151, 123, 232, 242, 34, 185, 123, 25, 113, 93, 255, 93, 47, 190,
       96, 63, 151, 151, 165, 177, 27, 172, 215, 94, 111, 170, 198, 189,
       196, 163, 241, 17, 46, 201, 225, 150, 171, 233, 87, 118, 1, 122,
       242, 153, 9, 145, 104, 107, 138, 18, 156, 147, 188, 69, 198, 204,
       141, 146, 64, 237, 200, 241, 168, 22, 137, 238, 211, 194, 2, 173,
       221, 62, 51, 87, 131, 29, 175, 249, 105, 119, 223, 55, 223, 210,
       216, 47, 240, 92, 11, 254, 196, 181, 215, 177, 248, 63, 242, 112,
       233, 44, 63, 217, 216, 79, 126, 180, 255, 159, 28, 222, 175, 239,
       145, 223, 39, 141, 39, 109, 212, 214, 217, 171, 254, 63, 158, 85,
       245, 49, 71, 110, 45, 84, 38, 239, 114, 116, 164, 250, 198, 83,
       40, 183, 112, 124, 204, 38, 239, 236, 179, 37, 30, 124, 175, 162,
       128, 125, 171, 112, 136, 151, 178, 142, 55, 138, 55, 156, 232,
       190, 215, 147, 247, 100, 236, 95, 11, 167, 99, 249, 135, 230, 69,
       15, 99, 154, 2, 223, 151, 173, 116, 9, 95, 10, 133, 16, 153, 197,
       247, 176, 43, 29, 23, 91, 19, 204, 62, 46, 197, 217, 27, 163, 33,
       118, 152, 81, 215, 13, 54, 218, 71, 18, 12, 189, 134, 241, 75, 69,
       236, 46, 2, 77, 254, 68, 74, 208, 230, 115, 35, 177, 99, 78, 228,
       60, 238, 233, 43, 101, 157, 240, 170, 230, 156, 61, 248, 112, 41,
       25, 212, 99, 233, 244, 147, 229, 87, 85, 75, 255, 118, 17, 153,
       176, 64, 123, 136, 22, 152, 219, 191, 48, 214, 246, 205, 186, 196,
       191, 136, 240, 209, 17, 208, 235, 248, 4, 130, 109, 81, 244, 67,
       215, 246, 89, 207, 184, 104, 122, 168, 30, 172, 219, 151, 36, 194,
       208, 239, 186, 4, 53, 138, 240, 240, 119, 99, 196, 5, 171, 26, 14,
       234, 3, 182, 132, 205, 194, 98, 223, 150, 221, 196, 236, 119, 204,
       67, 207, 40, 190, 113, 197, 191, 234, 189, 10, 69, 56, 192, 122,
       104, 84, 135, 119, 252, 5, 0, 116, 2, 19, 11, 168, 52, 88, 136,
       135, 234, 72, 182, 96, 157, 119, 201, 160, 69, 119, 154, 114, 170,
       112, 35, 142, 166, 136, 137, 84, 77, 162, 181, 142, 169, 39, 163,
       66, 82, 224, 206, 237, 81, 30, 75, 203, 48, 218, 229, 101, 63,
       160, 2, 158, 74, 120, 163, 74, 98, 24, 201, 71, 69, 39, 36, 172,
       43, 35, 195, 74, 16, 120, 128, 77, 88, 90, 11, 192, 17, 250, 197,
       165, 121, 97, 138, 198, 106, 91, 25, 119, 237, 110, 156, 249, 118,
       173, 76, 222, 230, 253, 191, 183, 102, 230, 181, 255, 141, 193,
       153, 167, 201, 214, 249, 250, 130, 39, 180, 117, 127, 65, 65, 22,
       217, 36, 140, 97, 4, 110, 17, 98, 64, 183, 131, 248, 125, 64, 8,
       42, 94, 67, 176, 71, 113, 132, 184, 98, 0, 88, 155, 65, 32, 181,
       249, 26, 106, 123, 213, 19, 216, 171, 72, 237, 44, 62, 214, 100,
       112, 214, 185, 222, 82, 79, 15, 58, 127, 251, 221, 32, 122, 24, 3,
       38, 151, 57, 207, 111, 254, 190, 128, 79, 241, 212, 80, 216, 230,
       113, 233, 184, 97, 94, 226, 62, 207, 235, 43, 110, 191, 240, 239,
       238, 152, 61, 218, 240, 57, 155, 173, 35, 222, 85, 150, 107, 103,
       180, 65, 78, 18, 56, 167, 48, 228, 232, 170, 19, 140, 115, 153,
       48, 239, 113, 125, 154, 0, 11, 12, 240, 248, 43, 187, 98, 251,
       118, 159, 248, 87, 95, 73, 252, 255, 185, 221, 182, 100, 254, 187,
       151, 149, 151, 186, 100, 247, 94, 93, 186, 234, 191, 140, 240,
       253, 25, 156, 122, 251, 182, 178, 123, 247, 127, 73, 94, 183, 61,
       207, 182, 96, 119, 187, 159, 156, 183, 156, 37, 255, 254, 239,
       190, 192, 191, 136, 249, 217, 18, 4, 222, 248, 148, 162, 233, 87,
       52, 11, 83, 18, 89, 235, 184, 73, 121, 175, 55, 184, 58, 209, 1,
       198, 84, 174, 186, 196, 173, 209, 241, 33, 200, 188, 253, 247,
       226, 96, 125, 183, 50, 23, 38, 48, 185, 55, 64, 123, 39, 87, 53,
       152, 50, 92, 171, 35, 111, 235, 254, 197, 162, 208, 167, 107, 138,
       193, 48, 137, 149, 199, 182, 237, 76, 4, 80, 3, 172, 8, 56, 196,
       216, 3, 131, 97, 114, 184, 25, 223, 45, 18, 142, 71, 85, 14, 245,
       202, 118, 114, 99, 0, 78, 57, 210, 72, 233, 240, 177, 235, 2, 204,
       85, 31, 232, 225, 78, 99, 140, 39, 206, 192, 22, 24, 129, 63, 109,
       63, 82, 150, 22, 80, 82, 166, 171, 71, 94, 225, 45, 132, 241, 139,
       207, 222, 47, 213, 255, 221, 223, 227, 76, 131, 24, 232, 177, 214,
       143, 31, 53, 63, 173, 23, 210, 249, 22, 159, 25, 205, 182, 232,
       174, 180, 129, 3, 236, 222, 107, 198, 233, 117, 235, 211, 70, 67,
       218, 241, 189, 48, 143, 63, 16, 63, 45, 198, 9, 249, 51, 42, 113,
       141, 179, 112, 234, 204, 121, 76, 190, 217, 64, 16, 158, 57, 70,
       73, 195, 187, 186, 117, 237, 221, 35, 106, 72, 2, 3, 227, 6, 172,
       160, 147, 213, 247, 190, 207, 94, 115, 73, 19, 172, 248, 123, 141,
       217, 91, 147, 19, 54, 248, 88, 246, 45, 22, 159, 103, 215, 95,
       157, 206, 17, 151, 27, 236, 183, 166, 83, 113, 233, 9, 251, 118,
