%YAML:1.0
---
descriptors: !!opencv-matrix
   rows: 192
   cols: 32
   dt: u
   data: [ 245, 95, 78, 167, 38, 18, 238, 184, 116, 226, 215, 231, 243,
       104, 155, 97, 126, 228, 60, 239, 237, 180, 77, 46, 244, 235, 239,
       132, 45, 187, 120, 17, 222, 60, 53, 248, 185, 237, 81, 142, 175,
       59, 164, 24, 190, 159, 65, 123, 135, 179, 253, 16, 59, 79, 122,
       244, 155, 211, 95, 127, 146, 65, 7, 63, 252, 244, 113, 104, 29,
       79, 83, 248, 99, 232, 181, 8, 219, 93, 73, 48, 222, 220, 93, 106,
       75, 39, 249, 159, 243, 217, 33, 60, 115, 171, 70, 115, 32, 91,
       123, 109, 116, 74, 111, 52, 36, 76, 126, 228, 243, 23, 145, 112,
       126, 188, 95, 110, 201, 176, 113, 31, 229, 173, 32, 128, 101, 186,
       70, 121, 59, 142, 106, 223, 118, 178, 238, 119, 117, 75, 254, 246,
       121, 234, 182, 100, 127, 170, 22, 140, 191, 155, 36, 255, 178,
       239, 190, 128, 63, 202, 240, 237, 43, 183, 242, 88, 249, 245, 156,
       127, 223, 254, 156, 169, 44, 253, 246, 164, 159, 59, 247, 37, 174,
       107, 226, 219, 123, 95, 93, 191, 215, 236, 31, 255, 222, 131, 116,
       154, 27, 241, 154, 72, 207, 85, 149, 179, 76, 206, 126, 204, 231,
       147, 175, 149, 150, 3, 46, 245, 155, 89, 203, 255, 183, 135, 45,
       87, 32, 49, 189, 237, 77, 207, 209, 88, 143, 240, 245, 10, 246,
       213, 64, 54, 216, 188, 107, 88, 11, 99, 243, 209, 213, 176, 3, 63,
       82, 10, 7, 227, 181, 89, 105, 101, 116, 79, 103, 48, 117, 232,
       255, 236, 83, 21, 145, 112, 126, 252, 86, 106, 201, 176, 117, 14,
       103, 173, 33, 128, 109, 187, 86, 241, 189, 90, 202, 250, 182, 163,
       111, 212, 215, 138, 214, 246, 113, 203, 177, 104, 127, 232, 22,
       222, 235, 183, 44, 254, 242, 207, 167, 128, 189, 251, 112, 185,
       181, 79, 103, 79, 118, 10, 239, 248, 117, 228, 250, 198, 83, 101,
       157, 181, 126, 236, 86, 238, 233, 178, 109, 44, 52, 232, 165, 132,
       103, 187, 84, 225, 117, 239, 120, 231, 180, 11, 95, 188, 116, 160,
       255, 207, 115, 107, 153, 112, 126, 204, 92, 238, 205, 178, 205,
       47, 254, 173, 165, 148, 109, 187, 234, 1, 53, 205, 99, 207, 54,
       27, 238, 184, 116, 192, 122, 230, 113, 76, 189, 228, 126, 236, 22,
       238, 201, 176, 109, 255, 54, 236, 167, 132, 109, 186, 112, 253,
       193, 161, 111, 5, 52, 30, 226, 48, 232, 224, 102, 68, 243, 56,
       150, 243, 0, 100, 120, 108, 181, 248, 245, 13, 46, 249, 0, 0, 76,
       163, 90, 76, 61, 23, 237, 164, 236, 127, 87, 120, 129, 238, 189,
       239, 91, 124, 171, 182, 220, 208, 215, 110, 141, 35, 124, 138,
       243, 223, 97, 182, 255, 255, 94, 247, 253, 207, 215, 254, 244, 42,
       207, 252, 123, 162, 251, 222, 91, 107, 157, 17, 123, 207, 116,
       238, 249, 247, 77, 254, 250, 191, 229, 148, 237, 251, 194, 32, 43,
       221, 98, 15, 85, 215, 162, 226, 95, 64, 88, 2, 232, 220, 183, 164,
       216, 42, 146, 71, 199, 184, 124, 255, 39, 92, 2, 3, 87, 31, 121,
       220, 10, 149, 48, 139, 213, 247, 182, 239, 29, 69, 79, 23, 204,
       124, 62, 196, 221, 27, 147, 49, 86, 184, 121, 223, 47, 84, 142,
       71, 18, 14, 189, 222, 63, 77, 107, 206, 214, 146, 239, 244, 245,
       196, 222, 66, 113, 232, 183, 100, 120, 236, 23, 239, 233, 179, 44,
       238, 114, 111, 167, 136, 55, 251, 116, 236, 253, 223, 226, 158,
       221, 55, 206, 252, 83, 226, 220, 222, 91, 232, 191, 165, 93, 238,
       54, 239, 253, 115, 252, 190, 58, 127, 197, 60, 255, 255, 248, 20,
       195, 222, 84, 23, 42, 8, 188, 189, 168, 250, 18, 253, 237, 44,
       134, 131, 135, 69, 237, 103, 229, 76, 79, 109, 164, 50, 126, 158,
       76, 180, 139, 29, 161, 36, 198, 87, 197, 63, 100, 71, 117, 146,
       107, 24, 227, 96, 21, 189, 57, 174, 66, 42, 60, 244, 117, 14, 39,
       254, 84, 0, 195, 248, 194, 132, 34, 191, 252, 221, 238, 217, 148,
       239, 203, 158, 56, 235, 174, 184, 198, 39, 207, 115, 199, 65, 198,
       106, 194, 241, 46, 80, 116, 187, 116, 220, 223, 207, 165, 172,
       174, 247, 164, 174, 110, 130, 115, 179, 227, 24, 243, 121, 92, 59,
       217, 239, 117, 154, 56, 254, 203, 231, 207, 255, 213, 80, 192,
       233, 242, 32, 18, 141, 83, 239, 178, 194, 46, 230, 52, 64, 218,
       162, 121, 247, 161, 228, 122, 255, 159, 226, 73, 153, 45, 239,
       184, 166, 175, 129, 45, 242, 165, 56, 250, 217, 111, 254, 47, 86,
       93, 228, 169, 86, 182, 191, 106, 95, 54, 83, 238, 245, 253, 231,
       109, 103, 251, 237, 243, 251, 198, 155, 39, 188, 244, 91, 2, 175,
       248, 155, 254, 249, 189, 207, 31, 125, 92, 191, 172, 172, 118, 8,
       175, 75, 147, 21, 150, 120, 174, 243, 110, 30, 30, 235, 213, 76,
       151, 223, 253, 103, 73, 166, 124, 27, 66, 248, 51, 232, 181, 236,
       87, 73, 217, 145, 122, 204, 76, 126, 109, 118, 201, 62, 250, 193,
       37, 60, 44, 187, 90, 16, 222, 252, 243, 246, 250, 98, 31, 252, 59,
       238, 29, 242, 125, 247, 169, 117, 55, 255, 53, 106, 241, 71, 184,
       239, 123, 110, 109, 254, 167, 247, 183, 241, 14, 188, 186, 155,
       253, 245, 178, 206, 191, 29, 220, 35, 236, 254, 110, 64, 249, 123,
       171, 145, 22, 251, 155, 243, 95, 87, 159, 111, 146, 79, 45, 207,
       6, 244, 153, 243, 181, 241, 186, 206, 31, 171, 29, 50, 172, 223,
       105, 140, 217, 59, 147, 16, 2, 156, 72, 242, 143, 215, 159, 231,
       150, 78, 157, 171, 54, 165, 82, 234, 221, 163, 82, 201, 87, 49,
       233, 27, 75, 105, 44, 140, 249, 139, 3, 178, 62, 179, 89, 158,
       187, 214, 129, 119, 243, 79, 248, 134, 124, 121, 253, 229, 172,
       79, 95, 188, 34, 234, 190, 108, 215, 119, 65, 114, 87, 212, 125,
       122, 201, 67, 249, 40, 251, 207, 101, 180, 168, 243, 6, 59, 194,
       174, 159, 254, 201, 229, 60, 198, 190, 31, 192, 25, 172, 247, 96,
       91, 201, 123, 235, 128, 50, 79, 234, 243, 223, 247, 223, 59, 144,
       80, 165, 234, 47, 191, 243, 90, 251, 217, 178, 207, 95, 205, 124,
       239, 44, 252, 230, 164, 223, 123, 131, 21, 151, 59, 174, 255, 62,
       84, 13, 235, 223, 222, 222, 221, 111, 221, 245, 198, 236, 39, 223,
       252, 91, 234, 61, 106, 92, 125, 221, 58, 223, 215, 119, 111, 193,
       115, 235, 238, 126, 30, 101, 188, 207, 251, 210, 241, 190, 112,
       228, 154, 205, 84, 89, 220, 135, 223, 180, 183, 10, 159, 127, 238,
       205, 217, 151, 212, 142, 103, 126, 224, 219, 81, 214, 255, 179,
       29, 236, 215, 226, 126, 251, 228, 122, 11, 191, 92, 139, 232, 20,
       239, 125, 159, 213, 43, 46, 117, 247, 227, 193, 87, 164, 200, 116,
       73, 239, 186, 45, 253, 7, 249, 238, 176, 253, 208, 239, 253, 185,
       89, 139, 123, 181, 62, 158, 220, 94, 171, 239, 147, 255, 17, 151,
       103, 250, 208, 223, 25, 223, 255, 223, 13, 223, 243, 125, 30, 233,
       228, 244, 127, 219, 186, 0, 238, 190, 239, 27, 61, 151, 162, 95,
       212, 221, 108, 189, 162, 101, 174, 114, 239, 165, 148, 239, 253,
       84, 113, 37, 80, 101, 69, 36, 14, 239, 48, 100, 232, 127, 102,
       211, 20, 157, 100, 126, 196, 54, 238, 201, 176, 117, 12, 36, 190,
       225, 132, 111, 187, 80, 181, 67, 188, 178, 186, 189, 253, 112, 71,
       191, 89, 160, 24, 190, 222, 100, 60, 233, 187, 251, 17, 51, 107,
       178, 243, 155, 220, 22, 123, 216, 76, 131, 14, 125, 116, 121, 105,
       60, 79, 83, 120, 83, 232, 181, 76, 219, 95, 73, 177, 221, 220, 92,
       106, 233, 102, 249, 30, 251, 217, 33, 60, 123, 187, 66, 51, 253,
       113, 21, 204, 29, 77, 67, 88, 79, 248, 185, 72, 254, 215, 77, 178,
       216, 144, 126, 106, 75, 39, 251, 19, 145, 217, 1, 62, 90, 43, 66,
       48, 231, 155, 91, 140, 232, 6, 39, 248, 57, 110, 242, 237, 70,
       246, 166, 85, 222, 237, 38, 102, 217, 191, 176, 78, 52, 50, 99,
       142, 92, 187, 106, 245, 169, 60, 121, 101, 116, 111, 111, 55, 113,
       238, 127, 24, 243, 53, 144, 53, 59, 254, 22, 40, 249, 248, 241,
       14, 111, 255, 37, 0, 99, 232, 70, 233, 47, 188, 230, 158, 221,
       151, 206, 250, 215, 250, 220, 95, 104, 232, 95, 39, 221, 238, 114,
       191, 252, 250, 255, 191, 110, 127, 197, 124, 223, 252, 216, 196,
       216, 127, 144, 181, 170, 11, 28, 55, 62, 174, 144, 253, 175, 34,
