%YAML:1.0
---
descriptors: !!opencv-matrix
   rows: 302
   cols: 32
   dt: u
   data: [ 158, 92, 27, 242, 163, 246, 22, 231, 188, 75, 238, 48, 30,
       183, 32, 249, 231, 251, 159, 130, 121, 223, 48, 238, 243, 243, 94,
       19, 136, 113, 175, 123, 224, 44, 185, 127, 45, 237, 65, 138, 126,
       63, 108, 24, 182, 181, 65, 184, 153, 90, 228, 24, 58, 124, 235,
       51, 207, 223, 49, 57, 194, 73, 70, 234, 122, 47, 236, 20, 207,
       113, 212, 206, 203, 246, 172, 175, 10, 172, 87, 159, 171, 230,
       237, 149, 156, 107, 230, 224, 27, 91, 213, 63, 231, 124, 126, 94,
       110, 188, 239, 208, 223, 245, 148, 202, 139, 255, 188, 63, 10,
       252, 127, 190, 141, 211, 223, 17, 190, 103, 186, 243, 123, 95,
       221, 255, 215, 124, 254, 215, 29, 107, 220, 234, 238, 5, 79, 249,
       79, 190, 189, 42, 95, 211, 239, 63, 126, 216, 102, 234, 194, 99,
       171, 240, 250, 201, 103, 188, 115, 251, 227, 161, 200, 241, 63,
       250, 185, 204, 113, 213, 169, 89, 119, 20, 255, 223, 104, 115,
       165, 51, 253, 88, 115, 101, 186, 97, 251, 249, 116, 74, 74, 2,
       167, 59, 169, 176, 242, 90, 75, 157, 176, 233, 251, 83, 101, 28,
       120, 216, 94, 189, 154, 169, 114, 74, 247, 110, 158, 113, 22, 122,
       80, 106, 91, 6, 235, 134, 230, 167, 80, 160, 188, 141, 252, 73,
       175, 53, 185, 159, 143, 137, 92, 144, 187, 129, 79, 53, 126, 39,
       200, 215, 188, 216, 11, 127, 92, 8, 203, 130, 252, 72, 250, 230,
       37, 28, 94, 184, 113, 130, 230, 29, 91, 11, 25, 210, 248, 196,
       253, 106, 236, 39, 217, 170, 211, 253, 192, 29, 106, 191, 90, 10,
       111, 163, 246, 22, 235, 52, 90, 184, 235, 29, 189, 253, 74, 232,
       222, 158, 183, 199, 236, 5, 148, 99, 174, 225, 26, 123, 97, 255,
       195, 231, 239, 69, 73, 25, 149, 229, 173, 14, 100, 55, 119, 161,
       14, 68, 159, 49, 65, 206, 0, 68, 108, 24, 25, 248, 209, 2, 173,
       254, 85, 20, 202, 248, 216, 40, 109, 165, 192, 69, 221, 30, 70,
       157, 67, 161, 175, 76, 66, 104, 223, 246, 89, 198, 232, 124, 157,
       98, 253, 130, 62, 252, 133, 60, 203, 255, 218, 20, 211, 4, 156,
       189, 170, 58, 188, 175, 188, 119, 134, 149, 213, 42, 10, 75, 231,
       71, 125, 165, 52, 205, 87, 110, 236, 227, 255, 149, 136, 112, 169,
       66, 215, 158, 156, 191, 170, 186, 60, 175, 190, 155, 131, 245,
       255, 126, 10, 75, 135, 87, 253, 18, 117, 205, 75, 103, 234, 243,
       126, 211, 136, 81, 137, 27, 84, 185, 158, 190, 169, 108, 20, 175,
       170, 187, 138, 57, 239, 255, 72, 218, 135, 119, 237, 0, 30, 73,
       155, 49, 219, 247, 127, 191, 136, 96, 141, 27, 184, 185, 126, 252,
       109, 201, 81, 246, 179, 21, 180, 25, 63, 223, 0, 17, 234, 251,
       213, 64, 106, 111, 210, 181, 211, 209, 112, 57, 99, 145, 78, 139,
       212, 107, 159, 246, 170, 74, 23, 144, 242, 190, 163, 168, 215,
       119, 193, 123, 167, 245, 108, 114, 104, 69, 169, 56, 217, 195,
       101, 53, 160, 243, 7, 99, 250, 124, 114, 238, 125, 119, 210, 232,
       213, 166, 254, 27, 107, 221, 55, 197, 248, 253, 223, 98, 236, 167,
       153, 191, 179, 253, 129, 63, 103, 255, 124, 78, 208, 111, 159,
       246, 50, 194, 63, 166, 176, 142, 218, 161, 247, 231, 1, 82, 166,
       247, 237, 195, 104, 205, 139, 111, 240, 231, 62, 129, 36, 179,
       167, 43, 53, 14, 109, 15, 68, 47, 231, 120, 100, 134, 251, 70,
       115, 73, 159, 0, 120, 160, 70, 111, 232, 178, 69, 12, 212, 15,
       227, 0, 117, 187, 114, 232, 80, 239, 123, 190, 34, 192, 63, 229,
       180, 10, 226, 161, 119, 247, 0, 81, 54, 255, 253, 195, 106, 201,
       130, 111, 241, 231, 126, 137, 32, 16, 167, 43, 65, 41, 189, 37,
       160, 206, 109, 55, 236, 232, 106, 13, 183, 53, 16, 50, 132, 38,
       125, 13, 209, 248, 241, 12, 229, 191, 116, 16, 72, 224, 195, 120,
       104, 177, 158, 190, 57, 205, 181, 101, 172, 77, 177, 25, 190, 158,
       32, 83, 196, 179, 223, 1, 98, 203, 82, 197, 209, 211, 126, 59, 64,
       10, 135, 219, 40, 111, 104, 231, 125, 15, 254, 244, 85, 232, 252,
       15, 107, 73, 31, 0, 88, 236, 215, 111, 204, 178, 85, 175, 119,
       221, 161, 33, 111, 191, 90, 202, 7, 83, 206, 135, 98, 155, 174,
       240, 172, 200, 123, 231, 221, 238, 191, 72, 126, 105, 127, 231,
       197, 145, 14, 200, 36, 14, 175, 132, 13, 179, 41, 145, 214, 240,
       190, 186, 57, 253, 90, 200, 191, 95, 177, 25, 206, 222, 107, 92,
       253, 209, 221, 119, 190, 103, 58, 243, 155, 215, 27, 127, 208, 31,
       39, 87, 94, 234, 170, 218, 29, 212, 48, 64, 238, 28, 151, 2, 170,
       219, 112, 74, 224, 180, 239, 211, 10, 67, 202, 209, 219, 49, 171,
       251, 18, 7, 61, 2, 248, 241, 120, 102, 61, 221, 219, 252, 98, 172,
       188, 8, 59, 221, 218, 50, 30, 208, 221, 250, 202, 43, 248, 165,
       251, 201, 36, 249, 103, 154, 206, 43, 23, 84, 111, 223, 118, 150,
       239, 248, 124, 194, 95, 6, 93, 214, 191, 101, 118, 109, 23, 239,
       225, 212, 61, 206, 117, 46, 175, 132, 45, 243, 113, 244, 127, 113,
       50, 234, 173, 93, 94, 216, 171, 220, 189, 13, 79, 222, 107, 187,
       247, 217, 253, 119, 206, 67, 186, 176, 251, 217, 111, 191, 26,
       119, 239, 87, 73, 191, 149, 183, 169, 141, 185, 191, 190, 251,
       155, 84, 252, 182, 64, 74, 197, 119, 127, 144, 211, 73, 219, 83,
       205, 255, 127, 252, 128, 64, 129, 43, 189, 93, 122, 126, 116, 206,
       247, 240, 213, 200, 255, 2, 115, 249, 57, 96, 120, 238, 23, 106,
       45, 177, 56, 47, 115, 239, 165, 1, 109, 251, 120, 146, 251, 221,
       250, 225, 247, 127, 255, 255, 125, 103, 254, 155, 159, 63, 159,
       119, 127, 215, 223, 191, 252, 255, 117, 238, 255, 223, 254, 197,
       135, 220, 237, 251, 91, 96, 58, 136, 11, 209, 121, 72, 175, 17,
       165, 8, 30, 214, 107, 120, 114, 153, 255, 220, 10, 3, 182, 213,
       209, 145, 138, 125, 16, 3, 39, 162, 207, 253, 113, 243, 239, 253,
       126, 212, 173, 122, 191, 186, 253, 127, 223, 103, 239, 211, 255,
       222, 246, 135, 251, 227, 247, 221, 175, 147, 134, 255, 165, 123,
       63, 21, 238, 247, 167, 126, 253, 115, 117, 231, 255, 146, 91, 127,
       190, 255, 127, 215, 159, 191, 188, 247, 125, 202, 251, 239, 239,
       197, 231, 238, 236, 246, 170, 177, 96, 1, 221, 219, 212, 103, 115,
       101, 236, 157, 34, 28, 22, 148, 8, 186, 195, 1, 222, 186, 245, 31,
       127, 81, 16, 115, 103, 12, 222, 222, 189, 92, 111, 46, 36, 79, 71,
       240, 225, 202, 252, 108, 115, 93, 179, 49, 28, 224, 20, 110, 233,
       167, 52, 46, 241, 235, 97, 144, 127, 251, 118, 241, 246, 53, 126,
       174, 77, 231, 246, 200, 175, 166, 187, 11, 107, 220, 111, 6, 249,
       245, 255, 227, 44, 231, 154, 223, 147, 249, 131, 63, 101, 111,
       124, 214, 124, 179, 189, 58, 168, 237, 87, 239, 194, 125, 165, 57,
       215, 253, 74, 26, 137, 211, 237, 83, 26, 107, 250, 53, 233, 195,
       117, 125, 240, 90, 134, 115, 201, 49, 165, 69, 48, 94, 97, 48,
       118, 232, 126, 108, 243, 23, 128, 118, 20, 124, 124, 104, 129,
       208, 245, 12, 71, 235, 33, 128, 98, 162, 70, 123, 200, 184, 179,
       245, 49, 204, 177, 7, 238, 169, 2, 16, 188, 151, 64, 96, 128, 55,
       121, 17, 0, 188, 144, 64, 205, 188, 62, 2, 0, 0, 133, 43, 74, 227,
       97, 225, 164, 10, 109, 188, 41, 241, 26, 226, 217, 15, 216, 226,
       127, 213, 29, 253, 201, 208, 197, 196, 236, 217, 255, 196, 47,
       178, 245, 56, 135, 94, 46, 155, 124, 241, 180, 198, 222, 94, 212,
       55, 228, 216, 183, 105, 217, 107, 170, 19, 231, 229, 46, 255, 38,
       51, 223, 139, 28, 121, 61, 215, 32, 160, 88, 97, 112, 47, 121, 59,
       32, 5, 111, 13, 151, 3, 8, 16, 16, 156, 67, 40, 16, 184, 81, 93,
       71, 189, 48, 68, 72, 130, 70, 146, 1, 0, 181, 117, 24, 14, 225,
       56, 118, 177, 227, 64, 243, 121, 20, 123, 144, 116, 120, 12, 169,
       249, 219, 28, 205, 186, 81, 84, 72, 168, 64, 32, 101, 233, 157,
       95, 9, 140, 96, 168, 226, 49, 162, 0, 243, 243, 76, 114, 192, 76,
       104, 88, 10, 88, 219, 49, 79, 186, 213, 116, 192, 162, 66, 170,
       188, 252, 114, 234, 85, 223, 214, 253, 85, 44, 244, 27, 91, 157,
       54, 213, 124, 220, 223, 234, 236, 191, 121, 191, 243, 233, 165,
