%YAML:1.0
---
descriptors: !!opencv-matrix
   rows: 170
   cols: 32
   dt: u
   data: [ 85, 81, 29, 101, 40, 78, 69, 56, 225, 248, 163, 72, 215, 51,
       1, 115, 160, 212, 124, 106, 73, 193, 241, 12, 161, 233, 97, 20,
       40, 50, 66, 51, 112, 180, 188, 112, 137, 237, 85, 111, 227, 55,
       173, 24, 22, 183, 72, 26, 129, 154, 104, 16, 26, 107, 250, 17,
       219, 135, 85, 127, 224, 64, 198, 170, 75, 176, 252, 97, 235, 125,
       120, 159, 43, 125, 54, 61, 158, 63, 206, 186, 167, 23, 253, 16,
       150, 88, 243, 209, 95, 219, 117, 231, 194, 132, 207, 251, 113,
       232, 25, 42, 9, 141, 83, 232, 227, 12, 172, 8, 54, 211, 11, 16,
       144, 128, 76, 106, 78, 35, 250, 53, 211, 205, 32, 57, 80, 3, 70,
       74, 149, 212, 61, 251, 188, 239, 95, 184, 22, 58, 211, 18, 215,
       95, 57, 105, 217, 16, 31, 107, 106, 180, 121, 191, 233, 203, 235,
       20, 176, 123, 209, 98, 215, 156, 175, 181, 188, 238, 77, 183, 54,
       255, 198, 157, 247, 61, 17, 107, 85, 247, 125, 189, 249, 220, 249,
       46, 237, 235, 253, 144, 164, 248, 148, 120, 223, 94, 229, 117, 38,
       26, 255, 52, 117, 234, 86, 246, 217, 63, 151, 111, 55, 213, 53,
       174, 225, 212, 109, 206, 102, 255, 239, 128, 175, 244, 80, 113,
       250, 180, 48, 250, 127, 253, 90, 232, 63, 127, 189, 25, 206, 255,
       78, 149, 187, 155, 223, 33, 62, 3, 250, 215, 155, 223, 27, 127,
       210, 70, 207, 71, 105, 61, 125, 101, 240, 110, 127, 51, 113, 232,
       126, 68, 247, 55, 129, 112, 148, 246, 93, 46, 249, 184, 113, 46,
       231, 255, 37, 128, 72, 226, 66, 123, 204, 114, 159, 231, 44, 78,
       107, 152, 174, 188, 151, 68, 221, 215, 201, 82, 23, 68, 125, 126,
       1, 213, 187, 64, 205, 185, 167, 196, 6, 179, 53, 113, 237, 115,
       243, 86, 101, 29, 206, 248, 89, 234, 180, 76, 250, 249, 221, 183,
       156, 236, 86, 110, 233, 114, 232, 232, 55, 217, 69, 190, 79, 253,
       90, 173, 210, 236, 2, 154, 27, 197, 9, 230, 191, 23, 128, 24, 174,
       146, 100, 119, 225, 243, 121, 129, 46, 79, 154, 247, 185, 114,
       222, 123, 16, 4, 39, 110, 105, 61, 55, 119, 45, 255, 87, 55, 117,
       106, 255, 72, 242, 61, 132, 180, 220, 190, 108, 8, 249, 186, 241,
       47, 231, 255, 112, 82, 66, 202, 198, 47, 253, 159, 121, 103, 250,
       94, 95, 184, 97, 238, 190, 173, 91, 127, 159, 51, 126, 215, 221,
       238, 252, 163, 249, 174, 123, 239, 37, 149, 231, 247, 238, 115,
       191, 243, 64, 161, 253, 27, 202, 254, 11, 253, 176, 255, 142, 8,
       222, 132, 159, 141, 198, 245, 159, 106, 201, 212, 188, 84, 45,
       254, 223, 13, 155, 149, 179, 83, 27, 128, 118, 87, 19, 125, 24,
       204, 246, 110, 54, 22, 166, 177, 252, 128, 198, 116, 233, 175,
       113, 78, 248, 0, 34, 154, 9, 8, 62, 117, 19, 87, 107, 173, 118,
       146, 255, 116, 36, 72, 218, 231, 121, 12, 191, 96, 126, 173, 23,
       239, 205, 179, 37, 207, 118, 109, 170, 128, 45, 158, 113, 253, 11,
       243, 252, 109, 61, 247, 89, 156, 175, 89, 126, 229, 253, 255, 159,
       166, 150, 95, 253, 237, 135, 240, 251, 217, 98, 217, 173, 135,
       126, 246, 73, 93, 27, 91, 123, 229, 54, 2, 111, 112, 52, 232, 218,
       230, 93, 199, 177, 96, 118, 253, 31, 238, 201, 145, 165, 206, 240,
       237, 171, 132, 45, 179, 49, 121, 75, 154, 253, 127, 51, 222, 57,
       23, 47, 253, 95, 181, 189, 191, 214, 246, 135, 63, 253, 12, 181,
       152, 245, 194, 71, 125, 56, 131, 174, 134, 15, 255, 27, 148, 118,
       247, 55, 246, 248, 117, 61, 95, 87, 23, 108, 255, 62, 237, 183,
       187, 181, 133, 183, 252, 59, 237, 83, 123, 218, 131, 47, 135, 237,
       127, 57, 125, 107, 109, 84, 135, 239, 124, 68, 72, 124, 70, 51,
       29, 176, 33, 88, 168, 22, 234, 201, 178, 116, 29, 103, 137, 160,
       136, 127, 154, 114, 240, 52, 143, 106, 236, 244, 67, 119, 123, 69,
       12, 255, 35, 83, 73, 190, 64, 120, 140, 7, 234, 220, 179, 33, 159,
       114, 237, 163, 197, 117, 171, 244, 195, 138, 142, 162, 217, 247,
       245, 121, 247, 23, 7, 86, 147, 168, 231, 166, 205, 127, 59, 179,
       140, 50, 222, 34, 247, 111, 127, 158, 203, 182, 196, 173, 254, 1,
       189, 25, 249, 52, 175, 120, 55, 109, 73, 120, 80, 182, 27, 4, 32,
       134, 59, 30, 12, 211, 184, 113, 223, 207, 220, 50, 66, 24, 136,
       129, 169, 157, 110, 212, 63, 146, 187, 62, 152, 62, 163, 119, 247,
       205, 227, 137, 221, 55, 255, 238, 190, 49, 212, 205, 126, 172,
       231, 111, 196, 175, 245, 137, 145, 210, 178, 190, 212, 110, 182,
       184, 115, 59, 191, 179, 255, 44, 175, 214, 27, 175, 181, 255, 133,
       176, 255, 131, 192, 90, 58, 250, 194, 141, 132, 47, 223, 90, 238,
       22, 62, 139, 132, 30, 239, 183, 31, 131, 25, 175, 195, 64, 211,
       165, 247, 237, 128, 126, 75, 138, 117, 251, 243, 63, 251, 34, 4,
       167, 11, 93, 124, 234, 101, 213, 118, 127, 222, 113, 198, 126, 7,
       91, 173, 23, 48, 59, 238, 149, 254, 136, 178, 181, 234, 255, 237,
       167, 129, 167, 247, 126, 122, 36, 77, 121, 79, 116, 11, 239, 176,
       108, 128, 126, 0, 243, 113, 157, 52, 26, 120, 6, 106, 145, 176,
       109, 44, 101, 156, 33, 0, 103, 187, 64, 160, 24, 28, 127, 248, 83,
       230, 113, 67, 229, 0, 236, 2, 29, 159, 33, 121, 234, 185, 147,
       144, 16, 171, 50, 204, 83, 201, 18, 3, 243, 96, 167, 226, 254,
       221, 118, 238, 191, 255, 222, 233, 205, 206, 191, 11, 235, 124,
       63, 198, 255, 247, 255, 231, 236, 35, 95, 255, 187, 255, 143, 159,
       87, 127, 253, 87, 102, 253, 233, 227, 253, 125, 215, 252, 91, 254,
       188, 11, 250, 125, 95, 52, 153, 218, 119, 115, 218, 114, 255, 243,
       127, 28, 5, 63, 247, 254, 214, 239, 94, 121, 178, 190, 169, 93,
       30, 200, 191, 190, 151, 11, 206, 222, 111, 207, 254, 245, 239,
       211, 78, 71, 155, 224, 179, 243, 207, 63, 130, 127, 173, 71, 105,
       49, 121, 103, 185, 127, 87, 61, 127, 105, 127, 72, 251, 61, 156,
       180, 150, 94, 124, 42, 153, 184, 249, 61, 231, 255, 48, 80, 210,
       207, 206, 61, 252, 190, 122, 100, 246, 94, 127, 248, 49, 238, 190,
       191, 91, 127, 147, 51, 63, 245, 221, 238, 236, 247, 253, 174, 127,
       239, 101, 149, 103, 247, 78, 243, 73, 49, 190, 101, 233, 236, 113,
       21, 235, 217, 191, 8, 223, 191, 66, 122, 164, 119, 124, 24, 147,
       105, 179, 0, 223, 255, 116, 88, 202, 194, 203, 115, 127, 49, 127,
       104, 170, 119, 88, 89, 175, 124, 255, 173, 94, 157, 150, 123, 134,
       23, 253, 85, 157, 193, 243, 208, 211, 249, 105, 211, 143, 231,
       214, 119, 208, 156, 175, 245, 149, 238, 125, 183, 188, 243, 198,
       26, 247, 125, 17, 107, 161, 246, 121, 41, 57, 221, 49, 175, 237,
       239, 221, 16, 164, 120, 149, 122, 131, 135, 101, 141, 116, 147,
       236, 127, 92, 66, 80, 231, 225, 104, 190, 229, 95, 138, 23, 173,
       255, 188, 69, 223, 36, 62, 186, 132, 29, 140, 249, 157, 245, 204,
       157, 245, 140, 102, 79, 191, 144, 178, 138, 24, 215, 115, 1, 123,
       209, 246, 121, 234, 121, 199, 217, 42, 249, 235, 199, 52, 56, 121,
       208, 42, 19, 15, 115, 222, 180, 150, 107, 115, 221, 72, 223, 70,
       125, 230, 180, 228, 126, 187, 30, 140, 179, 137, 32, 255, 179,
       255, 170, 128, 154, 170, 161, 53, 49, 69, 79, 237, 30, 3, 206,
       124, 84, 160, 218, 194, 115, 105, 56, 32, 122, 232, 31, 238, 104,
       179, 77, 159, 240, 207, 167, 20, 117, 186, 112, 168, 104, 120,
       249, 225, 111, 77, 249, 94, 111, 252, 188, 10, 191, 159, 85, 58,
       171, 149, 110, 9, 67, 103, 251, 209, 215, 221, 19, 63, 85, 24, 71,
       251, 213, 79, 127, 237, 54, 2, 111, 120, 116, 160, 255, 226, 83,
       3, 177, 112, 118, 228, 60, 238, 233, 147, 173, 78, 242, 239, 163,
       132, 37, 179, 96, 32, 149, 91, 95, 101, 50, 10, 111, 120, 108,
       232, 126, 230, 93, 3, 177, 112, 54, 221, 30, 238, 193, 145, 37,
       76, 244, 169, 99, 132, 45, 179, 33, 49, 60, 159, 99, 237, 246,
       194, 103, 115, 117, 76, 250, 227, 83, 45, 176, 80, 126, 252, 7,
       234, 216, 187, 5, 255, 112, 172, 163, 196, 119, 171, 244, 241,
       106, 186, 240, 88, 111, 249, 144, 79, 203, 85, 180, 61, 42, 152,
