%YAML:1.0
---
descriptors: !!opencv-matrix
   rows: 368
   cols: 32
   dt: u
   data: [ 89, 181, 154, 244, 251, 140, 84, 87, 43, 153, 174, 93, 31,
       211, 74, 210, 165, 191, 253, 16, 94, 75, 147, 0, 251, 237, 55,
       235, 170, 64, 171, 3, 129, 188, 61, 88, 248, 237, 177, 127, 254,
       251, 180, 88, 182, 182, 68, 49, 129, 59, 94, 8, 179, 111, 242, 95,
       221, 143, 55, 124, 208, 64, 195, 171, 40, 187, 250, 105, 240, 140,
       127, 209, 114, 9, 124, 12, 55, 179, 194, 16, 180, 30, 7, 72, 146,
       184, 144, 17, 231, 237, 32, 32, 224, 130, 202, 163, 53, 157, 75,
       227, 180, 175, 239, 247, 68, 233, 250, 66, 243, 113, 176, 96, 120,
       238, 30, 120, 153, 184, 125, 62, 236, 141, 165, 64, 249, 219, 208,
       169, 217, 220, 13, 189, 28, 207, 76, 190, 55, 114, 194, 87, 247,
       123, 16, 97, 253, 167, 127, 173, 239, 221, 83, 191, 231, 235, 219,
       16, 56, 24, 56, 90, 109, 84, 239, 69, 36, 110, 111, 56, 112, 234,
       127, 228, 211, 117, 157, 112, 126, 212, 124, 106, 233, 180, 253,
       10, 230, 238, 225, 132, 109, 251, 82, 49, 161, 160, 251, 91, 228,
       237, 237, 223, 126, 75, 116, 82, 19, 233, 252, 40, 249, 234, 22,
       24, 147, 190, 250, 115, 95, 175, 183, 104, 205, 216, 242, 169, 77,
       116, 121, 78, 56, 14, 79, 56, 56, 234, 141, 236, 215, 247, 153,
       113, 22, 116, 92, 110, 225, 1, 252, 94, 225, 45, 37, 188, 12, 178,
       3, 113, 129, 128, 191, 249, 33, 236, 185, 23, 190, 89, 66, 16,
       148, 155, 32, 104, 193, 11, 59, 157, 19, 156, 114, 81, 205, 187,
       218, 64, 144, 0, 165, 250, 178, 188, 151, 122, 201, 229, 148, 71,
       215, 159, 232, 17, 38, 249, 100, 203, 201, 59, 235, 17, 59, 107,
       218, 51, 153, 246, 87, 123, 216, 72, 228, 138, 64, 157, 62, 190,
       19, 198, 53, 55, 188, 85, 78, 21, 188, 183, 34, 97, 166, 51, 185,
       1, 50, 201, 50, 111, 235, 247, 90, 67, 0, 0, 173, 123, 210, 188,
       158, 186, 139, 229, 17, 206, 190, 211, 128, 24, 254, 254, 98, 91,
       201, 243, 255, 146, 47, 79, 26, 243, 217, 211, 95, 59, 144, 81,
       37, 26, 97, 112, 59, 192, 109, 205, 241, 80, 237, 120, 163, 12,
       150, 157, 101, 123, 232, 24, 106, 74, 1, 39, 178, 192, 213, 152,
       130, 58, 16, 9, 85, 242, 5, 93, 23, 203, 252, 15, 166, 120, 94,
       40, 219, 102, 212, 178, 169, 228, 120, 28, 106, 106, 97, 179, 91,
       122, 52, 38, 35, 16, 24, 123, 161, 161, 114, 193, 5, 140, 13, 221,
       204, 239, 143, 52, 160, 11, 142, 206, 101, 148, 233, 177, 203,
       224, 75, 43, 58, 221, 177, 208, 155, 63, 83, 30, 71, 254, 196, 0,
       249, 229, 118, 42, 105, 19, 96, 134, 118, 96, 147, 51, 145, 123,
       118, 172, 61, 168, 169, 148, 229, 72, 198, 169, 162, 128, 228,
       224, 96, 33, 41, 57, 113, 85, 116, 159, 228, 55, 121, 232, 126,
       76, 187, 24, 149, 180, 140, 46, 86, 12, 197, 248, 245, 12, 38,
       249, 50, 128, 74, 152, 90, 189, 196, 164, 185, 85, 168, 104, 109,
       159, 250, 191, 166, 24, 214, 227, 201, 122, 131, 86, 108, 24, 49,
       109, 251, 98, 205, 175, 119, 60, 192, 240, 199, 33, 92, 171, 148,
       186, 169, 157, 82, 216, 171, 29, 188, 77, 239, 235, 74, 210, 165,
       195, 236, 86, 30, 99, 138, 177, 219, 209, 101, 127, 210, 55, 235,
       67, 178, 180, 189, 250, 120, 237, 145, 67, 187, 123, 181, 24, 182,
       191, 68, 57, 141, 187, 247, 16, 59, 79, 242, 83, 155, 146, 82,
       123, 209, 64, 71, 251, 20, 124, 218, 238, 186, 98, 127, 248, 61,
       170, 251, 34, 95, 115, 9, 91, 255, 221, 127, 226, 104, 243, 201,
       234, 249, 167, 239, 132, 161, 243, 39, 163, 132, 229, 223, 231,
       244, 111, 103, 248, 125, 170, 187, 24, 215, 115, 73, 115, 187,
       214, 110, 122, 48, 241, 169, 106, 253, 174, 103, 4, 224, 251, 229,
       33, 59, 233, 114, 232, 251, 199, 90, 230, 41, 37, 228, 11, 15,
       187, 38, 16, 238, 219, 81, 196, 30, 139, 81, 165, 251, 221, 152,
       127, 227, 157, 234, 206, 62, 184, 183, 242, 95, 217, 145, 64, 139,
       189, 181, 8, 14, 159, 100, 30, 138, 177, 239, 80, 26, 107, 186,
       240, 219, 208, 17, 127, 211, 11, 7, 227, 246, 185, 97, 80, 203,
       221, 145, 205, 155, 245, 176, 159, 10, 252, 86, 31, 141, 155, 211,
       81, 158, 107, 250, 241, 27, 88, 141, 255, 215, 12, 214, 94, 98,
       44, 183, 220, 201, 229, 177, 67, 187, 151, 236, 8, 44, 247, 101,
       94, 201, 127, 235, 16, 2, 107, 242, 241, 95, 182, 87, 59, 210, 72,
       39, 234, 189, 255, 233, 69, 210, 87, 159, 188, 19, 230, 244, 174,
       91, 125, 143, 53, 95, 220, 149, 238, 237, 246, 125, 190, 123, 79,
       101, 180, 111, 255, 222, 245, 230, 48, 170, 184, 93, 37, 152, 75,
       159, 53, 240, 159, 204, 237, 63, 10, 221, 149, 251, 149, 62, 103,
       210, 194, 25, 119, 139, 127, 217, 44, 63, 210, 250, 252, 149, 62,
       185, 253, 20, 159, 155, 223, 61, 61, 110, 255, 66, 18, 133, 123,
       229, 2, 126, 108, 154, 183, 235, 247, 85, 187, 82, 124, 142, 91,
       194, 182, 155, 216, 107, 65, 180, 111, 190, 63, 208, 48, 172, 247,
       108, 81, 235, 31, 251, 128, 96, 79, 130, 215, 223, 146, 223, 187,
       16, 64, 167, 171, 22, 174, 232, 177, 246, 163, 187, 218, 30, 255,
       28, 247, 141, 204, 222, 8, 63, 139, 151, 149, 182, 212, 172, 243,
       78, 5, 187, 239, 165, 205, 55, 209, 198, 183, 31, 250, 203, 133,
       53, 105, 159, 183, 193, 19, 204, 247, 104, 67, 231, 63, 235, 16,
       114, 79, 138, 210, 125, 176, 31, 127, 144, 72, 165, 227, 235, 157,
       85, 251, 253, 189, 114, 46, 159, 121, 115, 31, 110, 236, 118, 244,
       133, 187, 174, 20, 55, 120, 219, 255, 15, 254, 16, 107, 218, 13,
       72, 94, 92, 14, 186, 165, 62, 98, 123, 146, 54, 164, 222, 167,
       215, 175, 3, 90, 119, 245, 109, 211, 12, 211, 233, 40, 219, 231,
       175, 133, 164, 243, 44, 67, 181, 65, 88, 109, 52, 31, 74, 56, 68,
       96, 231, 0, 211, 1, 177, 112, 88, 140, 2, 110, 201, 182, 125, 31,
       231, 173, 32, 20, 120, 171, 72, 160, 170, 150, 98, 95, 125, 213,
       126, 113, 255, 7, 77, 21, 104, 255, 62, 244, 193, 58, 147, 2, 254,
       150, 90, 255, 71, 255, 146, 203, 26, 134, 254, 150, 165, 17, 23,
       76, 253, 159, 70, 56, 205, 200, 226, 76, 214, 208, 53, 245, 216,
       100, 58, 110, 217, 171, 114, 28, 33, 186, 68, 28, 90, 43, 120, 36,
       88, 206, 173, 191, 42, 82, 94, 172, 150, 94, 210, 167, 247, 110,
       163, 74, 255, 245, 237, 231, 44, 197, 111, 63, 242, 231, 255, 145,
       181, 115, 37, 91, 216, 72, 247, 229, 164, 78, 109, 151, 127, 170,
       246, 2, 223, 151, 193, 124, 115, 245, 110, 202, 107, 213, 225,
       202, 245, 255, 183, 4, 34, 248, 37, 41, 138, 172, 54, 184, 45,
       241, 176, 99, 191, 23, 192, 179, 172, 234, 38, 203, 233, 43, 235,
       129, 54, 111, 2, 209, 210, 115, 218, 27, 16, 76, 45, 14, 209, 219,
       109, 239, 36, 2, 111, 189, 100, 96, 214, 198, 241, 99, 152, 115,
       118, 228, 61, 238, 233, 144, 125, 45, 228, 170, 231, 128, 44, 178,
       240, 105, 218, 92, 159, 252, 42, 192, 54, 98, 164, 142, 210, 179,
       61, 191, 33, 195, 230, 245, 237, 194, 104, 205, 2, 107, 209, 227,
       106, 147, 32, 113, 37, 27, 74, 142, 170, 126, 61, 223, 253, 119,
       245, 79, 213, 43, 169, 253, 182, 32, 169, 185, 223, 129, 230, 171,
       34, 221, 115, 127, 180, 185, 119, 132, 255, 223, 25, 192, 190, 94,
       119, 214, 185, 117, 100, 77, 245, 135, 237, 172, 186, 224, 126,
       189, 158, 13, 198, 187, 52, 205, 115, 127, 50, 129, 211, 142, 175,
       255, 248, 65, 123, 105, 46, 75, 73, 88, 37, 172, 247, 10, 19, 21,
       145, 113, 122, 148, 95, 232, 104, 183, 97, 12, 211, 233, 34, 16,
       99, 138, 102, 32, 191, 78, 111, 188, 4, 71, 207, 120, 21, 202,
       214, 215, 83, 77, 179, 65, 92, 224, 189, 239, 233, 199, 117, 142,
       240, 227, 233, 144, 61, 189, 48, 120, 193, 184, 157, 177, 8, 237,
       33, 22, 254, 123, 2, 84, 148, 150, 66, 123, 129, 41, 122, 29, 55,
       77, 243, 83, 141, 2, 122, 124, 152, 0, 3, 252, 47, 167, 14, 131,
       253, 191, 250, 249, 239, 249, 125, 110, 108, 232, 222, 166, 189,
       207, 246, 111, 151, 243, 142, 253, 62, 85, 171, 231, 207, 79, 219,
