%YAML:1.0
---
descriptors: !!opencv-matrix
   rows: 370
   cols: 32
   dt: u
   data: [ 41, 185, 115, 65, 116, 223, 107, 113, 105, 12, 124, 104, 27,
       29, 148, 180, 30, 184, 70, 120, 219, 186, 112, 223, 47, 221, 32,
       96, 99, 138, 70, 229, 105, 89, 123, 101, 116, 14, 109, 55, 109,
       232, 126, 8, 151, 23, 145, 48, 132, 52, 84, 108, 201, 184, 113,
       12, 231, 249, 32, 128, 66, 184, 66, 105, 136, 184, 19, 219, 206,
       137, 165, 198, 62, 11, 242, 114, 180, 208, 193, 168, 111, 187, 74,
       152, 51, 190, 211, 115, 60, 164, 62, 64, 201, 88, 35, 169, 5, 14,
       30, 153, 252, 175, 160, 242, 94, 43, 210, 86, 244, 130, 160, 77,
       105, 46, 106, 28, 51, 191, 65, 247, 148, 46, 187, 80, 152, 73,
       185, 128, 124, 252, 156, 250, 139, 189, 84, 222, 163, 31, 172, 29,
       63, 251, 74, 155, 167, 243, 236, 18, 94, 107, 154, 49, 219, 211,
       85, 127, 234, 80, 170, 11, 16, 185, 63, 108, 3, 206, 53, 119, 172,
       65, 110, 8, 62, 183, 0, 48, 166, 63, 121, 8, 80, 153, 50, 109,
       241, 173, 18, 2, 64, 2, 167, 123, 181, 205, 43, 218, 221, 119,
       199, 239, 214, 222, 188, 26, 114, 253, 125, 161, 217, 202, 146,
       251, 123, 39, 58, 191, 59, 207, 165, 127, 217, 123, 240, 178, 38,
       112, 250, 82, 207, 221, 182, 200, 218, 253, 49, 59, 72, 220, 127,
       40, 255, 89, 147, 83, 134, 118, 190, 242, 125, 28, 159, 239, 213,
       31, 215, 215, 64, 140, 31, 189, 176, 172, 113, 39, 188, 31, 106,
       21, 246, 171, 32, 89, 165, 35, 105, 12, 50, 173, 19, 103, 201,
       183, 82, 64, 200, 0, 161, 26, 137, 151, 28, 185, 52, 191, 57, 91,
       30, 77, 95, 118, 253, 83, 170, 96, 247, 27, 142, 24, 55, 152, 97,
       223, 206, 247, 58, 194, 154, 136, 137, 49, 101, 168, 216, 229, 80,
       79, 67, 216, 115, 160, 37, 8, 19, 211, 65, 48, 25, 204, 80, 120,
       43, 86, 248, 30, 95, 141, 161, 124, 224, 163, 66, 160, 188, 211,
       109, 232, 190, 195, 83, 248, 214, 252, 181, 238, 83, 213, 171, 97,
       92, 144, 14, 122, 251, 39, 47, 159, 248, 193, 165, 252, 49, 171,
       244, 113, 37, 112, 115, 65, 64, 79, 227, 80, 101, 224, 101, 72,
       19, 21, 149, 60, 92, 152, 82, 126, 129, 182, 113, 0, 69, 152, 0,
       36, 75, 171, 66, 176, 90, 29, 134, 174, 11, 114, 30, 42, 165, 194,
       202, 167, 233, 238, 35, 194, 202, 247, 249, 195, 13, 139, 215,
       236, 146, 103, 206, 27, 44, 119, 60, 94, 23, 76, 140, 183, 140,
       99, 174, 206, 142, 242, 154, 199, 213, 236, 115, 11, 233, 71, 63,
       199, 205, 229, 75, 224, 172, 3, 255, 149, 141, 127, 153, 214, 151,
       92, 143, 179, 140, 115, 221, 234, 150, 250, 147, 243, 212, 126,
       99, 43, 249, 225, 30, 231, 45, 197, 111, 248, 204, 2, 255, 212,
       188, 125, 56, 87, 226, 74, 255, 214, 108, 120, 248, 2, 249, 30,
       183, 249, 142, 143, 215, 123, 207, 213, 239, 2, 172, 103, 230,
       224, 22, 58, 114, 155, 198, 249, 70, 101, 211, 118, 239, 246, 36,
       38, 124, 23, 249, 202, 219, 229, 112, 255, 181, 83, 230, 247, 61,
       135, 233, 199, 128, 202, 146, 190, 254, 130, 44, 242, 112, 27,
       134, 207, 142, 155, 224, 114, 190, 175, 30, 23, 74, 183, 196, 46,
       46, 203, 197, 87, 163, 149, 54, 220, 9, 231, 45, 54, 222, 199,
       148, 121, 189, 222, 58, 180, 18, 250, 173, 237, 80, 79, 175, 27,
       177, 25, 174, 217, 108, 152, 233, 155, 207, 17, 22, 107, 154, 209,
       155, 208, 18, 123, 210, 76, 239, 7, 11, 220, 90, 219, 53, 149,
       126, 246, 95, 15, 124, 6, 168, 210, 166, 196, 215, 106, 158, 74,
       230, 156, 122, 255, 38, 127, 150, 195, 26, 156, 168, 143, 171,
       140, 236, 157, 244, 83, 237, 127, 95, 238, 92, 183, 57, 44, 182,
       164, 95, 107, 151, 173, 253, 188, 101, 222, 110, 95, 255, 129,
       223, 236, 120, 220, 60, 245, 120, 226, 206, 71, 87, 252, 18, 246,
       173, 15, 95, 127, 75, 16, 191, 221, 217, 114, 90, 99, 219, 54,
       251, 199, 69, 125, 120, 187, 174, 146, 194, 120, 147, 184, 137,
       237, 16, 135, 175, 51, 128, 25, 172, 158, 69, 219, 135, 51, 251,
       145, 22, 79, 210, 240, 153, 208, 94, 123, 144, 84, 47, 14, 116,
       253, 190, 246, 136, 38, 95, 190, 147, 246, 174, 12, 115, 255, 67,
       115, 21, 247, 121, 202, 168, 75, 251, 42, 251, 175, 69, 60, 168,
       241, 38, 122, 27, 214, 122, 221, 55, 210, 123, 216, 95, 87, 86,
       167, 237, 198, 190, 100, 119, 40, 174, 174, 198, 148, 47, 223,
       230, 255, 35, 135, 62, 190, 45, 117, 198, 205, 247, 220, 205, 89,
       190, 238, 205, 150, 188, 2, 236, 254, 101, 231, 235, 243, 234, 99,
       96, 99, 62, 234, 191, 18, 207, 63, 87, 124, 37, 238, 185, 76, 110,
       236, 84, 6, 231, 120, 84, 198, 246, 70, 83, 41, 179, 65, 120, 236,
       38, 238, 232, 183, 53, 142, 114, 239, 227, 4, 127, 168, 120, 192,
       211, 60, 150, 188, 139, 252, 21, 71, 251, 83, 164, 29, 174, 178,
       70, 255, 163, 179, 232, 1, 39, 79, 146, 241, 145, 210, 90, 59,
       200, 84, 171, 94, 198, 6, 172, 158, 173, 105, 151, 136, 159, 31,
       159, 51, 194, 252, 127, 74, 217, 67, 235, 83, 54, 101, 235, 243,
       203, 51, 79, 223, 208, 127, 157, 71, 167, 229, 65, 75, 213, 121,
       174, 232, 92, 96, 123, 66, 200, 248, 221, 165, 123, 202, 242, 251,
       181, 178, 239, 226, 44, 60, 135, 70, 223, 127, 251, 132, 230, 174,
       192, 178, 233, 245, 190, 233, 187, 182, 177, 153, 108, 206, 78,
       19, 205, 123, 251, 131, 118, 79, 202, 255, 63, 81, 143, 187, 1,
       84, 175, 198, 79, 54, 243, 65, 235, 62, 187, 90, 107, 234, 191,
       237, 221, 191, 215, 190, 191, 221, 255, 158, 133, 210, 239, 226,
       95, 95, 35, 174, 198, 231, 39, 247, 245, 77, 76, 103, 128, 14,
       111, 184, 33, 226, 254, 13, 83, 97, 27, 19, 24, 196, 108, 238,
       104, 240, 221, 46, 230, 171, 101, 20, 107, 243, 74, 18, 48, 185,
       190, 164, 28, 77, 81, 96, 166, 244, 173, 9, 247, 221, 74, 18, 168,
       153, 109, 65, 8, 35, 18, 0, 217, 129, 33, 121, 96, 42, 7, 82, 162,
       138, 18, 218, 237, 173, 240, 71, 187, 25, 240, 24, 174, 152, 52,
       216, 201, 171, 207, 1, 58, 47, 210, 243, 151, 188, 154, 123, 80,
       8, 222, 138, 47, 161, 250, 89, 245, 255, 248, 195, 255, 193, 254,
       2, 88, 255, 118, 56, 249, 255, 19, 156, 19, 251, 50, 210, 95, 189,
       135, 69, 201, 40, 234, 178, 56, 12, 66, 172, 93, 195, 226, 111,
       95, 134, 248, 2, 42, 216, 36, 0, 248, 171, 130, 129, 8, 187, 0,
       223, 113, 213, 146, 43, 85, 10, 126, 138, 155, 35, 96, 161, 52,
       27, 123, 84, 37, 108, 182, 229, 143, 11, 146, 84, 110, 141, 93,
       252, 252, 153, 69, 204, 226, 249, 162, 208, 46, 132, 106, 217, 73,
       2, 85, 205, 108, 31, 232, 24, 111, 104, 250, 206, 155, 138, 149,
       228, 110, 173, 126, 236, 133, 176, 101, 216, 150, 249, 34, 128,
       95, 139, 73, 181, 92, 89, 27, 234, 95, 205, 115, 200, 239, 160,
       178, 10, 222, 155, 97, 112, 242, 245, 110, 83, 75, 35, 25, 241,
       213, 141, 3, 58, 24, 11, 37, 43, 109, 25, 19, 239, 93, 140, 99,
       24, 227, 168, 225, 76, 222, 211, 120, 246, 208, 236, 110, 126,
       203, 35, 219, 157, 221, 248, 131, 124, 26, 11, 82, 163, 9, 236,
       222, 177, 172, 171, 96, 150, 238, 51, 254, 130, 151, 161, 210, 74,
       43, 166, 110, 29, 2, 252, 71, 161, 204, 233, 118, 64, 236, 216,
       217, 128, 73, 171, 204, 227, 180, 138, 107, 145, 63, 1, 254, 196,
       255, 195, 208, 80, 86, 46, 125, 92, 26, 152, 201, 241, 238, 253,
       166, 208, 166, 130, 217, 32, 99, 74, 115, 73, 118, 218, 107, 180,
       125, 72, 254, 232, 223, 91, 149, 244, 114, 228, 126, 106, 197,
       176, 229, 253, 54, 254, 32, 146, 102, 159, 66, 109, 2, 172, 191,
       178, 141, 237, 177, 199, 190, 215, 136, 9, 172, 252, 102, 10, 161,
       115, 235, 17, 22, 73, 154, 245, 221, 22, 95, 123, 208, 76, 149,
       222, 148, 215, 31, 187, 182, 203, 39, 248, 254, 8, 91, 98, 254,
       243, 168, 96, 122, 123, 14, 251, 98, 177, 42, 127, 232, 166, 47,
       192, 20, 50, 37, 161, 244, 151, 137, 175, 158, 35, 70, 184, 86,
       162, 219, 122, 83, 104, 25, 64, 121, 196, 108, 163, 125, 242, 77,
       31, 252, 167, 229, 21, 253, 123, 184, 2, 0, 168, 19, 187, 125,
