%YAML:1.0
---
descriptors: !!opencv-matrix
   rows: 318
   cols: 32
   dt: u
   data: [ 63, 4, 226, 232, 23, 247, 217, 75, 85, 197, 220, 131, 25, 205,
       51, 200, 120, 168, 147, 189, 26, 163, 52, 142, 211, 205, 138, 9,
       183, 237, 120, 194, 54, 127, 43, 222, 123, 197, 155, 120, 143, 72,
       217, 111, 120, 221, 55, 32, 220, 187, 215, 231, 235, 35, 122, 255,
       115, 28, 9, 186, 93, 47, 54, 243, 254, 116, 164, 182, 41, 116, 84,
       152, 147, 254, 149, 189, 78, 253, 79, 95, 197, 213, 253, 7, 172,
       71, 251, 162, 211, 243, 221, 191, 162, 125, 30, 87, 130, 165, 16,
       147, 253, 253, 184, 199, 191, 57, 89, 17, 140, 178, 110, 4, 167,
       59, 219, 17, 22, 88, 26, 211, 13, 20, 30, 231, 150, 12, 141, 135,
       19, 166, 232, 129, 86, 51, 168, 95, 122, 243, 30, 247, 25, 12,
       222, 40, 63, 139, 23, 157, 151, 180, 37, 194, 78, 77, 186, 228,
       173, 196, 59, 221, 216, 128, 156, 247, 9, 108, 85, 171, 182, 51,
       135, 24, 247, 119, 72, 111, 201, 214, 121, 138, 57, 69, 219, 163,
       209, 255, 223, 21, 138, 113, 136, 58, 10, 92, 146, 155, 117, 247,
       186, 206, 31, 7, 80, 3, 172, 218, 39, 196, 217, 57, 131, 145, 6,
       180, 80, 251, 37, 54, 154, 3, 150, 93, 61, 206, 36, 234, 157, 123,
       184, 221, 136, 216, 254, 89, 241, 80, 177, 206, 76, 43, 205, 91,
       206, 208, 175, 120, 235, 61, 143, 219, 191, 117, 208, 1, 15, 145,
       14, 190, 185, 210, 251, 245, 184, 219, 155, 219, 29, 253, 188,
       252, 254, 168, 143, 27, 151, 17, 151, 42, 58, 242, 79, 93, 63,
       234, 214, 76, 143, 247, 27, 62, 235, 161, 246, 243, 233, 87, 53,
       229, 222, 247, 25, 15, 246, 40, 111, 139, 23, 157, 147, 152, 37,
       198, 94, 77, 158, 196, 167, 196, 181, 244, 132, 244, 122, 250,
       240, 166, 127, 216, 49, 28, 117, 180, 93, 215, 137, 17, 127, 217,
       23, 254, 50, 150, 56, 127, 253, 141, 175, 204, 168, 147, 166, 243,
       56, 77, 86, 174, 29, 199, 82, 248, 133, 68, 250, 143, 99, 76, 39,
       213, 216, 229, 142, 102, 108, 179, 81, 189, 179, 249, 130, 19, 49,
       63, 124, 94, 49, 221, 75, 220, 28, 132, 198, 247, 196, 8, 220, 70,
       49, 173, 176, 96, 76, 162, 14, 73, 203, 171, 50, 189, 115, 45,
       178, 72, 61, 152, 240, 24, 5, 31, 127, 251, 180, 175, 107, 51, 92,
       73, 91, 102, 247, 119, 176, 96, 222, 42, 30, 60, 179, 184, 65, 63,
       236, 174, 170, 192, 156, 202, 241, 49, 85, 79, 223, 167, 164, 10,
       111, 148, 112, 134, 75, 128, 247, 35, 17, 122, 114, 230, 44, 238,
       104, 208, 253, 42, 228, 167, 230, 0, 36, 243, 161, 40, 22, 221,
       183, 146, 245, 70, 191, 230, 61, 31, 218, 51, 228, 62, 44, 93,
       233, 223, 31, 211, 58, 219, 57, 230, 249, 54, 222, 86, 128, 121,
       181, 223, 195, 180, 131, 19, 234, 236, 41, 7, 187, 251, 3, 61,
       156, 182, 206, 95, 167, 71, 121, 149, 55, 77, 179, 98, 12, 50, 94,
       234, 136, 68, 163, 221, 149, 103, 31, 101, 16, 254, 234, 48, 236,
       192, 251, 192, 243, 236, 185, 99, 252, 125, 76, 243, 173, 161,
       124, 12, 233, 225, 47, 17, 65, 243, 73, 0, 46, 93, 50, 190, 213,
       199, 182, 97, 159, 132, 93, 3, 236, 253, 35, 196, 216, 123, 147,
       83, 102, 186, 90, 255, 63, 119, 143, 11, 23, 126, 61, 194, 220,
       72, 158, 190, 12, 38, 91, 16, 132, 130, 223, 3, 119, 211, 35, 75,
       64, 244, 63, 234, 8, 135, 90, 168, 209, 227, 234, 24, 52, 251, 48,
       2, 9, 215, 109, 175, 46, 86, 239, 188, 76, 92, 93, 230, 253, 125,
       186, 161, 63, 67, 151, 111, 225, 40, 47, 253, 228, 111, 111, 132,
       126, 174, 213, 121, 178, 245, 98, 20, 127, 221, 152, 238, 155,
       116, 188, 143, 46, 220, 126, 23, 174, 139, 215, 37, 230, 107, 26,
       221, 51, 88, 28, 187, 95, 92, 95, 223, 4, 140, 255, 91, 244, 238,
       239, 246, 125, 31, 127, 16, 216, 113, 189, 109, 51, 90, 2, 10,
       177, 188, 57, 255, 109, 62, 86, 64, 210, 217, 229, 165, 35, 13,
       99, 79, 85, 149, 246, 97, 95, 64, 125, 2, 104, 232, 53, 36, 94,
       106, 146, 74, 214, 186, 124, 255, 39, 60, 1, 10, 87, 175, 120,
       236, 186, 52, 176, 116, 107, 117, 152, 91, 155, 254, 148, 127, 12,
       252, 214, 175, 141, 153, 223, 1, 189, 111, 242, 218, 27, 95, 121,
       191, 223, 108, 62, 223, 37, 67, 90, 235, 96, 15, 239, 112, 60, 10,
       125, 196, 245, 99, 169, 9, 126, 41, 22, 110, 192, 176, 8, 125, 68,
       143, 106, 128, 81, 179, 107, 129, 187, 188, 172, 91, 157, 253, 81,
       206, 215, 215, 196, 24, 170, 253, 119, 173, 201, 42, 130, 24, 46,
       110, 114, 179, 139, 219, 212, 123, 242, 92, 92, 238, 59, 68, 98,
       70, 87, 114, 107, 92, 97, 128, 255, 138, 91, 77, 63, 180, 122,
       148, 147, 172, 136, 179, 53, 206, 119, 125, 128, 8, 231, 254, 118,
       236, 59, 241, 120, 105, 118, 75, 223, 254, 87, 104, 244, 169, 59,
       29, 150, 32, 158, 153, 87, 97, 237, 187, 101, 159, 114, 221, 49,
       181, 127, 156, 74, 219, 31, 30, 115, 210, 182, 242, 107, 82, 245,
       193, 207, 198, 89, 223, 181, 228, 127, 169, 27, 188, 185, 145, 36,
       206, 218, 207, 139, 64, 175, 231, 113, 116, 205, 113, 251, 229,
       224, 46, 127, 20, 104, 202, 127, 100, 223, 151, 201, 122, 54, 108,
       125, 126, 129, 213, 161, 64, 230, 249, 39, 132, 136, 243, 227, 97,
       71, 255, 185, 255, 178, 228, 63, 220, 191, 76, 92, 228, 252, 247,
       233, 116, 215, 123, 31, 206, 131, 0, 170, 123, 229, 252, 47, 170,
       154, 243, 39, 249, 53, 15, 79, 234, 22, 163, 75, 113, 132, 64,
       219, 230, 83, 233, 177, 96, 126, 170, 31, 189, 185, 163, 46, 158,
       216, 173, 171, 200, 189, 235, 112, 49, 67, 75, 215, 149, 118, 138,
       232, 118, 237, 128, 90, 226, 189, 138, 180, 66, 98, 229, 63, 205,
       193, 153, 134, 236, 180, 56, 254, 128, 45, 144, 97, 136, 6, 49,
       144, 155, 203, 97, 190, 201, 14, 23, 73, 163, 140, 246, 105, 204,
       243, 27, 163, 146, 22, 18, 154, 208, 13, 20, 159, 47, 144, 87,
       165, 150, 84, 141, 197, 231, 132, 74, 111, 180, 112, 6, 235, 2,
       247, 99, 137, 115, 112, 198, 44, 234, 72, 208, 253, 43, 245, 166,
       230, 0, 32, 243, 228, 104, 110, 181, 176, 210, 249, 245, 154, 203,
       155, 253, 185, 57, 12, 254, 78, 190, 141, 219, 215, 145, 150, 107,
       250, 240, 27, 92, 31, 255, 211, 71, 175, 215, 58, 221, 16, 252,
       61, 221, 212, 231, 223, 53, 184, 11, 174, 152, 36, 21, 200, 187,
       207, 1, 110, 43, 82, 253, 179, 208, 20, 59, 82, 28, 199, 142, 3,
       201, 31, 220, 220, 132, 237, 247, 206, 17, 200, 70, 180, 203, 48,
       96, 204, 171, 51, 141, 211, 170, 82, 245, 101, 184, 218, 72, 24,
       24, 161, 168, 3, 75, 159, 221, 86, 134, 171, 246, 188, 0, 82, 198,
       189, 130, 49, 97, 102, 125, 51, 207, 193, 217, 22, 237, 85, 170,
       218, 0, 12, 145, 33, 169, 90, 49, 191, 118, 171, 120, 21, 143,
       235, 215, 142, 49, 238, 191, 77, 126, 163, 87, 253, 17, 22, 73,
       179, 224, 219, 255, 94, 27, 130, 116, 165, 95, 162, 201, 115, 204,
       69, 194, 174, 102, 89, 2, 112, 2, 96, 232, 52, 228, 248, 237, 19,
       227, 196, 190, 150, 239, 55, 62, 194, 138, 85, 63, 242, 142, 131,
       176, 171, 187, 244, 229, 185, 212, 222, 89, 81, 119, 148, 221,
       126, 40, 255, 57, 23, 149, 147, 246, 50, 210, 77, 28, 187, 238,
       157, 8, 181, 243, 254, 8, 70, 174, 13, 86, 94, 113, 33, 134, 243,
       3, 107, 110, 35, 223, 252, 245, 228, 230, 108, 183, 17, 140, 147,
       251, 194, 19, 99, 47, 126, 86, 163, 205, 42, 30, 93, 213, 178,
       230, 223, 64, 64, 2, 32, 220, 55, 32, 200, 43, 18, 65, 38, 43, 54,
       255, 55, 30, 154, 43, 85, 28, 117, 206, 30, 24, 247, 244, 83, 210,
       49, 115, 185, 200, 246, 35, 60, 255, 39, 119, 230, 253, 151, 129,
       117, 219, 48, 236, 123, 251, 78, 131, 175, 36, 37, 123, 1, 149,
       31, 233, 180, 198, 47, 55, 84, 72, 90, 70, 213, 119, 40, 96, 244,
       59, 31, 40, 241, 152, 49, 31, 237, 174, 170, 192, 24, 138, 177,
       57, 71, 180, 135, 18, 232, 232, 45, 135, 187, 123, 147, 56, 156,
       182, 206, 63, 163, 87, 125, 149, 55, 77, 170, 97, 28, 58, 126,
       238, 136, 68, 163, 245, 124, 101, 229, 37, 233, 75, 87, 168, 115,
