%YAML:1.0
---
descriptors: !!opencv-matrix
   rows: 310
   cols: 32
   dt: u
   data: [ 211, 112, 121, 165, 34, 122, 59, 98, 40, 192, 70, 173, 159, 6,
       131, 176, 182, 29, 220, 101, 133, 144, 181, 76, 148, 113, 11, 134,
       44, 165, 11, 116, 17, 157, 75, 254, 150, 131, 107, 247, 214, 65,
       218, 230, 113, 226, 176, 96, 123, 234, 30, 140, 187, 155, 44, 191,
       248, 175, 166, 192, 61, 138, 240, 56, 181, 104, 204, 166, 44, 13,
       79, 132, 129, 244, 176, 141, 243, 76, 91, 27, 200, 192, 76, 254,
       77, 103, 248, 168, 177, 217, 133, 56, 65, 187, 90, 72, 238, 163,
       225, 8, 221, 193, 147, 205, 219, 245, 176, 187, 8, 236, 94, 16,
       185, 139, 195, 85, 54, 107, 238, 211, 124, 20, 13, 255, 215, 12,
       214, 214, 109, 34, 24, 103, 96, 14, 115, 56, 105, 140, 119, 8,
       247, 83, 11, 83, 144, 68, 108, 106, 0, 240, 137, 8, 199, 185, 96,
       17, 74, 163, 74, 131, 161, 149, 23, 108, 253, 143, 71, 253, 220,
       72, 236, 76, 214, 241, 52, 117, 208, 98, 42, 110, 241, 171, 80,
       28, 97, 184, 4, 88, 88, 42, 192, 43, 255, 125, 233, 102, 217, 87,
       95, 252, 17, 226, 157, 139, 91, 125, 87, 54, 156, 244, 213, 239,
       237, 67, 252, 174, 123, 223, 141, 188, 111, 255, 210, 114, 62,
       112, 181, 242, 29, 205, 144, 72, 143, 241, 161, 8, 142, 223, 109,
       62, 136, 145, 203, 80, 19, 107, 90, 208, 219, 208, 17, 127, 210,
       15, 71, 182, 225, 0, 255, 109, 36, 106, 105, 26, 96, 134, 118,
       192, 179, 39, 145, 123, 114, 148, 44, 168, 169, 148, 225, 8, 198,
       235, 226, 128, 102, 240, 98, 41, 56, 143, 18, 168, 149, 163, 82,
       111, 133, 1, 219, 195, 109, 234, 40, 192, 217, 187, 138, 49, 30,
       187, 80, 255, 184, 245, 138, 67, 148, 78, 184, 10, 194, 161, 31,
       158, 43, 209, 56, 201, 174, 148, 129, 145, 236, 222, 110, 203,
       227, 115, 235, 129, 22, 65, 170, 241, 157, 113, 143, 251, 16, 1,
       45, 102, 92, 55, 19, 226, 153, 127, 22, 122, 60, 160, 235, 72,
       223, 183, 41, 240, 245, 223, 206, 34, 9, 131, 185, 142, 185, 229,
       47, 62, 128, 123, 39, 113, 61, 117, 88, 35, 21, 95, 86, 252, 117,
       104, 254, 12, 90, 89, 27, 180, 184, 200, 222, 110, 77, 178, 89,
       172, 243, 221, 5, 51, 107, 191, 90, 22, 88, 240, 154, 176, 139,
       76, 81, 215, 162, 189, 162, 25, 31, 155, 72, 82, 231, 215, 93,
       144, 90, 75, 146, 0, 219, 225, 62, 127, 168, 0, 167, 27, 120, 152,
       207, 48, 137, 253, 84, 87, 163, 83, 166, 157, 59, 191, 0, 154,
       105, 178, 251, 144, 15, 107, 210, 1, 211, 199, 212, 17, 235, 76,
       222, 90, 101, 4, 190, 93, 76, 46, 225, 18, 236, 150, 103, 24, 211,
       49, 17, 123, 73, 102, 98, 46, 33, 244, 115, 0, 69, 171, 80, 0,
       200, 233, 67, 160, 62, 119, 104, 110, 93, 31, 159, 120, 23, 164,
       253, 143, 202, 236, 31, 0, 220, 221, 207, 231, 140, 35, 93, 222,
       119, 93, 139, 191, 87, 63, 126, 214, 21, 85, 91, 231, 54, 35, 239,
       248, 100, 128, 255, 230, 83, 123, 153, 96, 126, 205, 22, 234, 201,
       176, 109, 110, 244, 205, 167, 132, 109, 243, 97, 161, 4, 176, 145,
       210, 248, 205, 161, 192, 174, 185, 161, 40, 150, 151, 68, 11, 169,
       17, 74, 17, 19, 107, 154, 116, 157, 144, 91, 126, 208, 9, 7, 163,
       111, 237, 136, 150, 253, 29, 222, 232, 155, 248, 145, 13, 200,
       248, 95, 146, 217, 69, 251, 119, 70, 67, 218, 247, 62, 95, 205,
       255, 28, 47, 90, 206, 0, 160, 151, 155, 218, 205, 161, 199, 174,
       17, 64, 80, 148, 214, 104, 226, 39, 27, 106, 24, 19, 13, 42, 81,
       141, 128, 62, 108, 144, 0, 165, 160, 52, 119, 67, 239, 116, 138,
       111, 240, 52, 168, 123, 230, 213, 199, 185, 112, 126, 252, 23,
       234, 201, 146, 205, 142, 228, 237, 175, 128, 60, 251, 114, 177,
       93, 229, 83, 108, 195, 73, 183, 233, 96, 194, 234, 104, 123, 116,
       137, 177, 50, 208, 100, 98, 73, 163, 167, 13, 113, 175, 101, 12,
       99, 242, 230, 38, 37, 253, 63, 191, 253, 133, 255, 240, 254, 88,
       233, 4, 244, 251, 63, 32, 201, 107, 123, 207, 195, 171, 122, 127,
       101, 191, 142, 8, 88, 19, 99, 218, 28, 161, 189, 163, 154, 201,
       177, 207, 166, 181, 169, 129, 135, 231, 72, 0, 43, 27, 73, 17, 26,
       41, 187, 49, 233, 197, 31, 117, 224, 2, 135, 226, 195, 137, 231,
       21, 98, 74, 173, 55, 61, 82, 82, 214, 253, 38, 150, 119, 38, 103,
       124, 173, 245, 216, 165, 205, 4, 42, 250, 128, 37, 228, 131, 253,
       13, 181, 17, 39, 113, 31, 102, 184, 125, 8, 120, 76, 206, 114, 8,
       144, 182, 9, 76, 102, 197, 176, 89, 92, 164, 220, 33, 6, 106, 55,
       75, 133, 165, 108, 83, 79, 80, 214, 110, 112, 112, 194, 99, 64,
       113, 83, 149, 181, 120, 232, 18, 238, 233, 182, 124, 110, 39, 174,
       1, 0, 107, 179, 106, 180, 106, 238, 164, 187, 61, 157, 154, 152,
       135, 189, 149, 143, 169, 200, 87, 2, 205, 98, 239, 215, 142, 108,
       207, 183, 110, 85, 189, 249, 22, 158, 92, 204, 41, 34, 156, 97,
       37, 31, 80, 24, 99, 185, 39, 77, 31, 25, 67, 154, 136, 4, 68, 60,
       12, 112, 81, 16, 203, 217, 53, 53, 202, 74, 74, 131, 112, 217,
       253, 102, 139, 73, 87, 172, 162, 54, 174, 8, 119, 119, 8, 82, 3,
       214, 233, 64, 88, 11, 251, 49, 251, 167, 85, 61, 114, 114, 134,
       58, 94, 214, 156, 164, 186, 2, 30, 169, 2, 174, 159, 191, 77, 107,
       66, 82, 183, 197, 253, 167, 44, 79, 137, 14, 250, 231, 111, 191,
       164, 102, 173, 67, 105, 215, 85, 109, 184, 95, 84, 191, 205, 121,
       186, 108, 254, 51, 140, 247, 134, 146, 108, 104, 123, 41, 115,
       189, 174, 217, 100, 86, 90, 152, 200, 57, 120, 101, 216, 228, 9,
       77, 87, 108, 131, 160, 172, 9, 119, 183, 65, 18, 200, 244, 121,
       234, 72, 67, 218, 32, 243, 201, 197, 61, 33, 122, 70, 18, 189, 28,
       253, 117, 164, 111, 215, 187, 80, 186, 62, 24, 211, 57, 17, 43,
       153, 86, 52, 42, 185, 252, 121, 14, 107, 207, 117, 20, 235, 248,
       208, 35, 241, 184, 247, 80, 45, 221, 80, 86, 235, 123, 176, 56,
       26, 156, 68, 62, 137, 177, 124, 16, 159, 47, 242, 115, 83, 220,
       80, 123, 203, 41, 198, 127, 61, 100, 184, 240, 125, 173, 81, 202,
       219, 187, 189, 24, 158, 217, 81, 58, 137, 200, 85, 28, 10, 103,
       218, 162, 219, 221, 21, 126, 194, 89, 82, 162, 110, 129, 25, 168,
       57, 205, 90, 200, 143, 61, 161, 9, 143, 159, 72, 16, 200, 145,
       207, 80, 26, 11, 90, 149, 155, 213, 129, 127, 208, 11, 6, 114,
       205, 30, 191, 245, 40, 44, 121, 18, 250, 202, 119, 116, 255, 119,
       193, 122, 167, 117, 125, 26, 161, 196, 163, 10, 199, 255, 115,
       128, 136, 225, 35, 97, 29, 158, 17, 105, 180, 175, 67, 191, 86,
       107, 62, 88, 215, 113, 136, 244, 21, 26, 12, 56, 187, 188, 105,
       63, 173, 142, 53, 116, 178, 202, 192, 33, 212, 112, 220, 184, 139,
       97, 144, 200, 150, 183, 165, 27, 87, 219, 75, 90, 203, 209, 107,
       210, 46, 103, 219, 50, 219, 195, 87, 127, 241, 121, 45, 2, 193,
       180, 159, 179, 202, 237, 33, 71, 254, 83, 1, 16, 180, 182, 192,
       107, 163, 51, 122, 17, 51, 77, 178, 83, 141, 130, 126, 106, 128,
       64, 135, 252, 238, 237, 33, 202, 205, 85, 215, 204, 203, 218, 188,
       11, 50, 220, 127, 167, 201, 194, 91, 115, 74, 35, 250, 176, 59,
       89, 133, 63, 87, 127, 214, 230, 41, 177, 125, 66, 105, 221, 240,
       81, 235, 121, 53, 8, 58, 157, 78, 182, 140, 144, 246, 24, 211, 42,
       250, 209, 95, 217, 80, 107, 67, 130, 194, 239, 194, 252, 19, 144,
       235, 201, 181, 231, 190, 210, 122, 50, 172, 182, 96, 117, 163,
       123, 234, 64, 112, 73, 162, 246, 189, 16, 94, 43, 0, 65, 167, 175,
       56, 11, 26, 122, 53, 158, 82, 18, 215, 8, 238, 65, 231, 195, 32,
       208, 212, 40, 172, 78, 12, 168, 66, 63, 226, 255, 48, 17, 90, 139,
       72, 11, 216, 240, 145, 234, 59, 205, 83, 216, 163, 40, 160, 24,
       190, 211, 64, 150, 166, 177, 204, 80, 75, 15, 154, 83, 217, 212,
       3, 126, 42, 2, 39, 59, 60, 40, 146, 240, 213, 237, 83, 70, 123,
       171, 224, 24, 62, 211, 96, 24, 185, 187, 4, 16, 26, 62, 16, 178,
       153, 222, 21, 122, 242, 73, 66, 42, 61, 55, 99, 73, 246, 147, 198,
