%YAML:1.0
---
descriptors: !!opencv-matrix
   rows: 177
   cols: 32
   dt: u
   data: [ 89, 13, 215, 205, 116, 10, 111, 34, 117, 130, 238, 2, 243, 51,
       177, 116, 122, 238, 58, 170, 105, 184, 229, 238, 116, 174, 230, 0,
       39, 248, 112, 168, 2, 235, 25, 186, 252, 193, 182, 238, 142, 5,
       88, 35, 164, 223, 104, 64, 203, 59, 3, 65, 82, 11, 74, 245, 61,
       20, 30, 107, 16, 26, 165, 139, 39, 161, 112, 195, 253, 125, 252,
       41, 79, 113, 57, 27, 206, 92, 94, 168, 155, 27, 223, 21, 150, 112,
       127, 213, 15, 92, 23, 127, 214, 14, 213, 199, 2, 166, 234, 152,
       215, 241, 184, 71, 31, 87, 92, 183, 44, 172, 118, 140, 235, 43,
       131, 149, 150, 58, 38, 211, 22, 22, 154, 235, 213, 68, 191, 206,
       52, 135, 196, 227, 205, 47, 70, 191, 87, 187, 185, 89, 67, 105,
       93, 30, 217, 198, 100, 114, 58, 114, 75, 176, 175, 222, 197, 116,
       241, 251, 210, 132, 247, 15, 247, 230, 182, 34, 158, 121, 27, 170,
       219, 251, 95, 125, 156, 49, 63, 213, 117, 167, 185, 231, 77, 222,
       56, 46, 237, 214, 237, 227, 178, 33, 247, 227, 229, 255, 156, 7,
       78, 184, 83, 184, 241, 90, 99, 105, 92, 3, 217, 204, 117, 255,
       250, 118, 219, 191, 43, 250, 197, 124, 119, 187, 208, 0, 254, 205,
       103, 174, 159, 82, 70, 237, 229, 132, 218, 3, 107, 104, 52, 199,
       120, 228, 204, 227, 108, 163, 13, 172, 179, 226, 199, 19, 55, 62,
       244, 14, 129, 165, 21, 187, 236, 169, 172, 175, 30, 59, 88, 240,
       180, 163, 200, 193, 207, 27, 34, 17, 115, 92, 75, 215, 172, 16,
       126, 236, 152, 72, 129, 169, 203, 243, 108, 255, 126, 152, 123,
       56, 234, 212, 21, 230, 253, 79, 154, 35, 54, 97, 253, 239, 229,
       64, 238, 221, 102, 235, 235, 129, 46, 166, 25, 241, 122, 56, 236,
       85, 139, 253, 149, 71, 163, 247, 150, 191, 42, 188, 87, 42, 237,
       183, 249, 145, 156, 79, 243, 162, 95, 87, 220, 179, 231, 76, 222,
       95, 150, 109, 119, 65, 83, 82, 170, 96, 125, 32, 226, 242, 105, 6,
       133, 245, 126, 221, 130, 250, 99, 246, 37, 238, 53, 168, 2, 2,
       103, 177, 39, 164, 221, 181, 252, 97, 131, 126, 124, 29, 122, 255,
       39, 24, 223, 55, 74, 59, 183, 149, 252, 184, 180, 212, 185, 66,
       239, 203, 117, 101, 227, 194, 143, 82, 230, 252, 188, 122, 169,
       253, 149, 203, 155, 31, 161, 57, 238, 252, 78, 27, 133, 115, 237,
       19, 54, 103, 250, 51, 139, 210, 93, 123, 208, 121, 135, 87, 124,
       245, 149, 234, 185, 15, 94, 248, 59, 186, 184, 72, 223, 127, 73,
       49, 213, 221, 125, 115, 107, 67, 218, 190, 249, 215, 103, 190, 88,
       115, 195, 19, 56, 156, 57, 255, 176, 207, 83, 183, 22, 9, 238, 0,
       183, 119, 32, 112, 213, 178, 29, 24, 58, 137, 113, 63, 235, 239,
       52, 80, 176, 136, 196, 123, 86, 32, 241, 229, 39, 8, 248, 0, 105,
       129, 178, 139, 15, 15, 85, 63, 174, 149, 93, 221, 140, 240, 133,
       192, 151, 248, 138, 131, 231, 164, 99, 6, 236, 239, 228, 227, 253,
       15, 198, 184, 83, 185, 177, 73, 195, 105, 88, 131, 217, 198, 110,
       122, 238, 98, 203, 177, 111, 219, 197, 124, 195, 251, 216, 2, 194,
       172, 145, 158, 222, 161, 174, 175, 186, 179, 0, 90, 236, 226, 80,
       75, 51, 111, 123, 145, 50, 76, 138, 255, 172, 22, 223, 236, 148,
       112, 147, 136, 196, 236, 133, 147, 212, 168, 38, 175, 190, 147,
       10, 82, 228, 226, 73, 66, 113, 238, 42, 152, 50, 92, 203, 243,
       172, 38, 159, 100, 128, 112, 177, 136, 165, 207, 99, 206, 116,
       131, 239, 248, 85, 72, 117, 230, 113, 193, 188, 37, 126, 232, 22,
       238, 233, 182, 44, 255, 118, 40, 163, 192, 127, 187, 112, 244,
       146, 44, 119, 81, 83, 242, 172, 226, 117, 38, 242, 146, 72, 14,
       149, 173, 122, 245, 194, 227, 109, 247, 53, 206, 53, 34, 203, 3,
       101, 112, 39, 164, 77, 37, 153, 229, 242, 46, 104, 25, 58, 179,
       107, 80, 221, 115, 73, 250, 183, 93, 124, 56, 19, 208, 153, 66,
       207, 237, 119, 68, 168, 227, 139, 161, 66, 169, 118, 113, 177,
       152, 124, 55, 253, 33, 102, 145, 175, 143, 20, 117, 166, 191, 253,
       132, 210, 217, 145, 85, 175, 248, 22, 195, 2, 132, 195, 15, 9, 75,
       86, 69, 52, 155, 238, 39, 124, 4, 126, 0, 171, 32, 150, 164, 58,
       38, 110, 108, 196, 184, 37, 94, 38, 255, 34, 0, 71, 172, 73, 140,
       73, 49, 113, 69, 51, 78, 113, 56, 105, 104, 63, 108, 222, 81, 137,
       54, 178, 20, 124, 104, 129, 176, 177, 77, 199, 185, 33, 6, 74, 34,
       67, 51, 85, 82, 250, 165, 34, 14, 127, 16, 32, 238, 247, 229, 215,
       35, 203, 91, 118, 197, 109, 238, 200, 213, 197, 8, 212, 227, 111,
       132, 36, 243, 35, 115, 254, 215, 237, 187, 168, 98, 95, 189, 23,
       255, 223, 179, 201, 111, 219, 75, 127, 215, 173, 246, 250, 66,
       111, 163, 234, 231, 255, 197, 183, 255, 164, 113, 193, 244, 149,
       245, 172, 46, 108, 159, 123, 251, 2, 92, 215, 48, 201, 123, 131,
       70, 124, 56, 229, 92, 209, 128, 172, 186, 117, 148, 136, 248, 216,
       25, 2, 189, 17, 154, 216, 205, 182, 239, 142, 1, 105, 75, 180,
       243, 108, 0, 221, 59, 3, 81, 83, 11, 90, 245, 61, 148, 31, 106,
       144, 10, 133, 138, 121, 179, 154, 39, 113, 141, 90, 253, 43, 105,
       255, 77, 255, 251, 74, 144, 180, 207, 124, 76, 143, 186, 217, 53,
       255, 253, 37, 240, 74, 130, 202, 27, 74, 188, 188, 114, 137, 253,
       21, 143, 187, 55, 164, 25, 174, 247, 66, 27, 129, 83, 233, 16, 50,
       77, 218, 49, 203, 211, 93, 123, 210, 84, 143, 74, 72, 152, 28,
       185, 41, 205, 16, 174, 143, 121, 160, 25, 190, 151, 66, 91, 133,
       19, 253, 0, 6, 77, 83, 49, 207, 211, 80, 123, 24, 8, 141, 27, 13,
       39, 86, 71, 186, 11, 110, 184, 118, 168, 79, 228, 209, 227, 153,
       244, 54, 108, 110, 238, 209, 208, 207, 62, 44, 174, 101, 132, 46,
       179, 72, 161, 254, 89, 118, 236, 13, 86, 94, 240, 181, 174, 246,
       11, 75, 127, 35, 215, 248, 212, 253, 226, 104, 199, 25, 140, 243,
       251, 199, 23, 39, 191, 116, 66, 180, 32, 184, 240, 205, 45, 208,
       200, 219, 187, 161, 26, 22, 217, 125, 27, 249, 221, 83, 16, 26,
       119, 218, 208, 95, 217, 1, 127, 193, 105, 86, 130, 228, 140, 214,
       190, 253, 171, 150, 238, 223, 147, 248, 88, 238, 232, 44, 207,
       211, 107, 110, 33, 48, 107, 10, 255, 168, 182, 87, 58, 212, 121,
       129, 141, 203, 83, 109, 237, 44, 154, 121, 56, 237, 204, 22, 230,
       217, 223, 151, 103, 6, 53, 253, 239, 229, 0, 166, 157, 102, 251,
       233, 140, 62, 166, 25, 113, 26, 184, 148, 185, 171, 249, 144, 143,
       175, 31, 142, 177, 174, 190, 110, 78, 227, 51, 237, 17, 22, 73,
       131, 241, 153, 215, 26, 91, 146, 68, 141, 75, 252, 104, 186, 118,
       77, 77, 84, 216, 227, 190, 180, 8, 122, 217, 69, 27, 169, 244,
       101, 90, 8, 103, 154, 160, 83, 217, 69, 63, 227, 121, 102, 138,
       122, 41, 242, 78, 121, 221, 82, 80, 169, 4, 252, 8, 46, 223, 39,
       148, 168, 187, 213, 72, 14, 43, 146, 233, 179, 252, 0, 27, 98,
       134, 110, 14, 195, 183, 151, 216, 252, 172, 169, 223, 255, 25, 56,
       116, 156, 243, 228, 255, 135, 27, 127, 28, 179, 73, 138, 209, 140,
       184, 127, 238, 152, 192, 161, 161, 73, 75, 95, 103, 36, 14, 111,
       180, 108, 136, 126, 100, 223, 99, 145, 114, 22, 100, 108, 110,
       193, 176, 109, 44, 230, 249, 103, 128, 72, 243, 66, 41, 241, 200,
       13, 111, 8, 78, 79, 188, 112, 90, 226, 64, 243, 119, 152, 115, 84,
       196, 124, 238, 233, 4, 255, 41, 229, 170, 224, 20, 48, 178, 226,
       120, 116, 99, 204, 101, 138, 11, 71, 184, 102, 164, 166, 168, 211,
       97, 201, 19, 26, 212, 108, 106, 72, 112, 205, 8, 236, 195, 101,
       53, 97, 251, 70, 32, 74, 251, 62, 80, 225, 220, 125, 55, 191, 93,
       102, 21, 172, 142, 54, 213, 167, 191, 253, 129, 210, 217, 178,
       245, 191, 123, 94, 195, 74, 4, 175, 91, 56, 169, 114, 72, 85, 221,
       82, 214, 99, 5, 252, 8, 43, 157, 38, 180, 248, 186, 150, 72, 14,
       58, 176, 189, 115, 253, 0, 43, 115, 142, 238, 142, 108, 163, 237,
       247, 172, 106, 207, 156, 146, 255, 159, 173, 211, 109, 219, 75,
       93, 214, 253, 250, 155, 67, 239, 160, 238, 243, 239, 253, 132,
