%YAML:1.0
---
descriptors: !!opencv-matrix
   rows: 320
   cols: 32
   dt: u
   data: [ 37, 169, 151, 218, 245, 173, 227, 200, 127, 17, 241, 0, 122,
       249, 61, 61, 249, 234, 2, 90, 35, 242, 90, 241, 125, 26, 6, 66,
       209, 91, 114, 168, 203, 115, 234, 236, 106, 0, 61, 93, 175, 72,
       148, 237, 157, 143, 242, 114, 102, 17, 127, 205, 194, 7, 166, 193,
       118, 121, 170, 188, 30, 180, 163, 249, 48, 135, 95, 108, 26, 195,
       199, 125, 196, 0, 250, 106, 115, 253, 160, 96, 122, 242, 14, 234,
       249, 171, 46, 61, 240, 165, 33, 88, 113, 170, 228, 32, 44, 81,
       121, 111, 244, 79, 119, 121, 100, 12, 127, 0, 115, 95, 137, 16,
       24, 24, 7, 106, 192, 176, 121, 28, 103, 141, 33, 4, 115, 186, 70,
       163, 53, 83, 105, 69, 116, 11, 103, 120, 96, 232, 255, 108, 83,
       17, 153, 48, 88, 204, 86, 234, 201, 178, 109, 12, 102, 141, 161,
       132, 101, 187, 82, 161, 21, 136, 143, 223, 196, 159, 236, 225, 92,
       27, 211, 82, 243, 104, 184, 233, 121, 234, 62, 174, 249, 252, 74,
       189, 156, 251, 251, 80, 93, 168, 217, 164, 110, 254, 190, 190,
       171, 241, 145, 202, 175, 61, 188, 169, 174, 254, 102, 214, 199,
       247, 239, 81, 78, 79, 234, 243, 155, 241, 31, 255, 82, 5, 47, 223,
       129, 158, 99, 125, 180, 234, 106, 183, 124, 75, 114, 244, 211,
       127, 144, 112, 87, 62, 63, 44, 177, 156, 69, 79, 236, 254, 178,
       196, 140, 128, 210, 57, 60, 221, 122, 234, 219, 229, 23, 244, 165,
       4, 236, 4, 63, 255, 33, 112, 230, 251, 147, 194, 74, 11, 58, 253,
       251, 253, 6, 75, 51, 83, 39, 187, 253, 20, 248, 102, 236, 126, 87,
       152, 115, 254, 189, 108, 91, 125, 207, 59, 29, 212, 252, 106, 185,
       98, 233, 26, 127, 255, 101, 188, 243, 243, 70, 115, 45, 112, 217,
       72, 109, 95, 210, 88, 91, 235, 245, 12, 90, 221, 223, 188, 153,
       204, 246, 28, 143, 34, 250, 192, 23, 93, 1, 63, 203, 175, 90, 213,
       130, 128, 27, 219, 116, 193, 185, 71, 158, 25, 81, 50, 148, 159,
       32, 72, 232, 25, 19, 145, 50, 174, 66, 215, 5, 20, 186, 202, 20,
       8, 165, 171, 0, 151, 25, 187, 54, 175, 176, 119, 30, 9, 89, 215,
       180, 202, 40, 64, 215, 43, 2, 21, 51, 152, 81, 119, 204, 132, 58,
       66, 24, 10, 169, 155, 4, 151, 124, 75, 178, 42, 59, 186, 60, 93,
       127, 245, 215, 103, 140, 81, 55, 95, 79, 118, 178, 144, 109, 119,
       110, 171, 33, 196, 253, 195, 135, 113, 120, 103, 39, 230, 53, 223,
       93, 116, 109, 236, 191, 9, 255, 110, 25, 113, 248, 183, 223, 96,
       168, 179, 249, 140, 243, 209, 6, 49, 66, 22, 71, 107, 46, 176, 21,
       210, 221, 253, 177, 222, 159, 125, 181, 92, 142, 221, 110, 29,
       201, 19, 219, 17, 19, 107, 122, 245, 31, 87, 81, 127, 210, 13,
       197, 247, 53, 91, 99, 69, 116, 30, 239, 112, 101, 232, 251, 102,
       83, 16, 149, 228, 120, 236, 22, 238, 201, 176, 109, 12, 52, 172,
       161, 132, 111, 187, 112, 165, 130, 12, 130, 159, 213, 227, 174,
       226, 30, 6, 88, 18, 224, 234, 33, 196, 217, 122, 131, 131, 98,
       190, 74, 255, 37, 54, 154, 11, 20, 93, 53, 142, 56, 94, 119, 101,
       230, 122, 246, 127, 81, 202, 124, 103, 43, 61, 181, 149, 191, 214,
       149, 34, 237, 176, 33, 142, 98, 255, 100, 130, 111, 252, 246, 219,
       242, 159, 122, 174, 242, 84, 95, 119, 25, 110, 253, 239, 46, 47,
       166, 85, 238, 223, 149, 231, 253, 30, 168, 239, 242, 241, 236,
       187, 61, 246, 166, 125, 108, 164, 185, 115, 169, 237, 81, 15, 250,
       63, 45, 24, 150, 183, 72, 58, 129, 26, 96, 24, 58, 106, 250, 19,
       203, 151, 21, 127, 192, 64, 198, 226, 32, 104, 121, 103, 68, 239,
       99, 212, 114, 238, 120, 13, 51, 133, 81, 57, 24, 236, 66, 78, 193,
       242, 248, 56, 71, 136, 97, 32, 97, 251, 70, 248, 223, 26, 60, 105,
       41, 191, 90, 152, 175, 120, 149, 109, 222, 95, 87, 251, 135, 21,
       253, 119, 143, 5, 91, 212, 203, 219, 73, 246, 158, 167, 9, 83, 83,
       172, 7, 186, 27, 237, 24, 198, 191, 83, 128, 153, 174, 150, 102,
       223, 163, 163, 121, 149, 63, 79, 154, 247, 153, 242, 90, 122, 144,
       5, 39, 76, 252, 104, 137, 246, 60, 73, 71, 149, 50, 168, 144, 104,
       151, 53, 65, 58, 153, 252, 117, 89, 74, 126, 201, 34, 249, 197,
       189, 252, 192, 48, 86, 43, 30, 190, 190, 58, 185, 253, 95, 255,
       191, 95, 220, 189, 238, 253, 127, 28, 151, 219, 255, 21, 186, 107,
       123, 247, 251, 223, 117, 255, 214, 252, 133, 119, 75, 50, 156,
       190, 105, 44, 152, 29, 171, 91, 181, 125, 252, 255, 78, 26, 135,
       19, 253, 5, 151, 71, 210, 193, 210, 255, 122, 186, 216, 68, 139,
       19, 164, 236, 127, 123, 172, 217, 245, 134, 239, 83, 246, 48, 179,
       255, 204, 123, 107, 250, 110, 90, 122, 252, 239, 241, 239, 249,
       86, 67, 245, 208, 197, 238, 142, 198, 230, 147, 191, 178, 188,
       239, 159, 183, 214, 183, 204, 238, 126, 207, 255, 71, 191, 183,
       246, 213, 47, 226, 46, 115, 223, 199, 135, 93, 189, 79, 162, 233,
       42, 154, 205, 221, 180, 229, 94, 85, 68, 27, 172, 220, 118, 5,
       233, 43, 147, 85, 70, 254, 154, 241, 61, 89, 31, 107, 81, 28, 255,
       206, 215, 94, 173, 254, 168, 102, 223, 252, 158, 218, 151, 214,
       245, 255, 61, 107, 255, 247, 63, 239, 233, 71, 251, 235, 249, 171,
       239, 156, 156, 243, 181, 115, 124, 255, 191, 126, 185, 214, 95,
       255, 179, 206, 254, 41, 255, 255, 10, 241, 223, 255, 253, 99, 252,
       203, 251, 175, 251, 247, 111, 155, 227, 126, 166, 123, 170, 177,
       48, 250, 221, 253, 208, 107, 143, 53, 165, 25, 142, 223, 110, 153,
       201, 155, 195, 16, 30, 43, 90, 213, 219, 217, 19, 127, 211, 12,
       207, 210, 144, 157, 31, 190, 19, 205, 55, 102, 188, 72, 202, 33,
       188, 182, 34, 113, 160, 115, 88, 65, 101, 137, 50, 111, 241, 167,
       58, 3, 0, 80, 167, 123, 252, 253, 182, 242, 237, 253, 86, 142,
       123, 191, 174, 25, 110, 189, 79, 253, 161, 215, 237, 82, 62, 127,
       251, 242, 251, 219, 85, 123, 194, 93, 205, 79, 185, 249, 123, 108,
       84, 84, 83, 120, 65, 64, 244, 10, 51, 93, 16, 48, 88, 216, 85,
       106, 75, 42, 240, 15, 243, 233, 160, 57, 123, 139, 118, 178, 191,
       253, 244, 123, 237, 253, 86, 228, 123, 127, 101, 24, 42, 255, 87,
       189, 201, 254, 181, 90, 126, 126, 250, 179, 255, 255, 199, 111,
       243, 119, 222, 246, 101, 148, 53, 73, 116, 239, 105, 152, 110,
       121, 59, 80, 210, 85, 188, 252, 145, 16, 94, 56, 147, 176, 57, 23,
       77, 190, 49, 68, 216, 139, 65, 49, 155, 251, 132, 191, 171, 189,
       156, 207, 143, 255, 156, 191, 142, 172, 214, 134, 175, 103, 255,
       21, 214, 79, 207, 243, 222, 115, 126, 255, 222, 76, 139, 95, 149,
       74, 115, 222, 52, 147, 107, 112, 213, 74, 215, 230, 123, 194, 181,
       100, 126, 232, 62, 206, 233, 165, 46, 255, 178, 238, 162, 136, 63,
       187, 112, 61, 143, 245, 234, 127, 253, 125, 255, 220, 215, 87,
       117, 151, 217, 253, 127, 175, 221, 91, 214, 255, 239, 116, 250,
       243, 111, 223, 199, 45, 255, 255, 238, 246, 214, 124, 26, 204, 11,
       55, 30, 72, 189, 130, 229, 10, 78, 218, 39, 249, 254, 253, 206,
       226, 44, 135, 18, 202, 179, 242, 75, 31, 8, 115, 43, 6, 11, 187,
       228, 157, 175, 155, 188, 239, 127, 255, 148, 255, 204, 172, 214,
       143, 167, 103, 255, 133, 182, 105, 143, 209, 62, 91, 223, 191,
       158, 116, 155, 221, 56, 125, 59, 236, 124, 199, 83, 250, 4, 204,
       252, 13, 23, 159, 35, 80, 220, 248, 151, 98, 77, 35, 112, 190,
       243, 205, 161, 185, 58, 187, 118, 211, 219, 78, 34, 175, 76, 3,
       238, 112, 68, 36, 218, 207, 225, 72, 179, 65, 124, 237, 95, 231,
       236, 183, 69, 239, 52, 32, 171, 136, 45, 191, 112, 204, 203, 92,
       242, 254, 112, 180, 254, 86, 57, 202, 94, 161, 109, 255, 55, 112,
       182, 255, 181, 199, 164, 158, 162, 235, 247, 255, 158, 138, 134,
       245, 39, 95, 253, 29, 243, 246, 246, 102, 111, 119, 81, 202, 126,
       26, 127, 247, 185, 116, 127, 250, 23, 170, 233, 254, 112, 238,
       255, 174, 245, 136, 167, 232, 228, 121, 216, 24, 188, 243, 41,
       172, 89, 4, 255, 55, 167, 16, 239, 10, 68, 123, 133, 53, 237, 17,
