%YAML:1.0
---
descriptors: !!opencv-matrix
   rows: 287
   cols: 32
   dt: u
   data: [ 8, 52, 191, 115, 169, 237, 181, 87, 254, 27, 190, 16, 190,
       191, 66, 59, 165, 51, 110, 8, 50, 109, 178, 83, 207, 223, 82, 59,
       194, 64, 135, 171, 159, 93, 126, 237, 55, 86, 255, 244, 77, 76,
       94, 163, 253, 95, 183, 225, 126, 121, 151, 239, 228, 144, 53, 252,
       103, 121, 170, 131, 55, 191, 61, 251, 241, 166, 236, 69, 60, 27,
       65, 34, 113, 230, 174, 152, 243, 40, 150, 51, 26, 228, 104, 44,
       172, 250, 229, 15, 238, 142, 65, 17, 101, 168, 82, 76, 229, 45,
       243, 65, 236, 124, 237, 219, 237, 192, 254, 72, 217, 247, 221,
       238, 107, 150, 94, 56, 177, 50, 246, 194, 63, 184, 39, 108, 195,
       248, 227, 228, 43, 180, 48, 216, 255, 181, 156, 123, 159, 255,
       156, 59, 12, 253, 254, 165, 159, 59, 247, 37, 182, 75, 162, 223,
       27, 94, 221, 255, 150, 236, 159, 223, 238, 191, 246, 90, 235, 253,
       16, 210, 171, 95, 188, 189, 142, 253, 110, 191, 135, 211, 253, 17,
       150, 75, 186, 241, 219, 83, 85, 255, 210, 85, 142, 215, 141, 252,
       191, 127, 73, 188, 121, 150, 255, 223, 38, 16, 253, 255, 93, 123,
       193, 103, 123, 158, 162, 69, 251, 243, 79, 251, 223, 44, 130, 117,
       99, 250, 111, 255, 171, 90, 233, 93, 159, 252, 187, 254, 116, 237,
       248, 252, 223, 191, 151, 94, 247, 79, 245, 75, 190, 186, 126, 127,
       101, 186, 202, 247, 142, 253, 2, 219, 10, 189, 18, 130, 184, 103,
       60, 5, 66, 167, 173, 135, 50, 64, 102, 43, 147, 197, 102, 152, 6,
       255, 100, 39, 186, 129, 60, 20, 185, 219, 159, 106, 235, 218, 180,
       147, 111, 212, 22, 202, 214, 198, 121, 199, 241, 104, 127, 232,
       23, 222, 235, 215, 46, 250, 250, 207, 175, 128, 63, 248, 112, 153,
       223, 241, 228, 101, 51, 86, 121, 57, 103, 216, 87, 167, 249, 95,
       158, 102, 54, 29, 253, 253, 134, 208, 191, 205, 79, 251, 239, 197,
       39, 166, 117, 245, 254, 189, 254, 90, 169, 253, 148, 219, 155, 95,
       189, 61, 170, 253, 110, 191, 141, 147, 253, 17, 254, 111, 186,
       243, 219, 89, 84, 255, 211, 76, 206, 87, 202, 80, 182, 244, 111,
       100, 188, 8, 187, 150, 163, 19, 204, 191, 111, 219, 231, 85, 185,
       3, 32, 69, 147, 192, 147, 251, 219, 15, 134, 117, 37, 86, 22, 51,
       98, 130, 246, 146, 187, 65, 169, 228, 125, 231, 12, 140, 255, 2,
       46, 189, 215, 247, 134, 51, 172, 220, 94, 16, 175, 167, 103, 134,
       63, 215, 217, 115, 61, 9, 42, 91, 57, 28, 174, 108, 150, 245, 159,
       150, 138, 113, 54, 21, 252, 108, 197, 5, 181, 80, 192, 161, 58,
       188, 14, 132, 15, 125, 32, 205, 17, 152, 220, 201, 132, 239, 158,
       49, 168, 89, 132, 128, 104, 16, 201, 11, 74, 17, 82, 43, 74, 119,
       60, 20, 31, 126, 208, 24, 131, 142, 106, 158, 238, 20, 235, 249,
       144, 103, 203, 247, 188, 189, 40, 172, 102, 31, 207, 183, 227, 17,
       212, 107, 230, 192, 94, 83, 92, 251, 215, 76, 222, 223, 34, 173,
       16, 158, 125, 249, 146, 231, 159, 29, 216, 41, 172, 254, 39, 196,
       201, 59, 171, 1, 6, 43, 74, 247, 181, 20, 26, 59, 18, 76, 13, 142,
       15, 91, 102, 154, 111, 180, 190, 96, 141, 196, 222, 135, 104, 238,
       55, 197, 238, 169, 179, 199, 132, 147, 22, 236, 50, 48, 202, 139,
       31, 127, 61, 214, 173, 19, 172, 166, 237, 125, 215, 89, 129, 252,
       189, 175, 91, 253, 235, 175, 204, 210, 183, 102, 221, 34, 126,
       128, 243, 217, 229, 191, 219, 255, 222, 247, 61, 29, 96, 235, 245,
       118, 255, 252, 113, 204, 252, 163, 59, 127, 191, 241, 127, 219,
       151, 254, 188, 186, 108, 172, 127, 217, 166, 225, 247, 239, 246,
       251, 42, 165, 160, 186, 221, 197, 180, 239, 223, 49, 8, 27, 172,
       248, 124, 132, 201, 11, 147, 17, 86, 106, 90, 213, 45, 86, 158,
       127, 210, 12, 153, 142, 2, 200, 6, 159, 91, 148, 190, 226, 189, 0,
       66, 131, 172, 206, 53, 197, 238, 123, 187, 193, 102, 201, 18, 253,
       39, 114, 218, 11, 18, 5, 41, 158, 246, 28, 112, 238, 103, 125, 90,
       130, 137, 110, 250, 43, 111, 62, 63, 214, 238, 215, 253, 194, 140,
       51, 113, 255, 183, 248, 202, 179, 245, 255, 76, 95, 230, 113, 82,
       130, 237, 15, 188, 69, 169, 143, 179, 31, 206, 140, 124, 154, 234,
       181, 215, 147, 92, 231, 146, 192, 61, 24, 143, 235, 197, 94, 251,
       151, 0, 21, 190, 189, 232, 231, 181, 63, 156, 95, 70, 19, 212,
       247, 35, 105, 247, 51, 59, 161, 49, 209, 51, 92, 69, 35, 127, 0,
       152, 120, 165, 115, 82, 249, 49, 162, 59, 205, 58, 192, 175, 104,
       177, 75, 172, 223, 77, 144, 166, 249, 223, 211, 71, 1, 154, 245,
       159, 212, 11, 250, 0, 7, 39, 27, 126, 181, 232, 102, 201, 91, 87,
       216, 131, 246, 173, 141, 67, 237, 95, 18, 25, 212, 233, 115, 220,
       99, 254, 56, 123, 71, 69, 61, 247, 255, 222, 114, 70, 209, 191,
       157, 170, 70, 189, 207, 174, 93, 194, 38, 212, 183, 110, 74, 231,
       87, 59, 209, 17, 217, 179, 224, 93, 54, 222, 68, 152, 88, 165,
       123, 134, 72, 130, 155, 5, 133, 172, 64, 30, 18, 83, 18, 140, 210,
       97, 73, 251, 41, 51, 210, 66, 212, 26, 208, 133, 16, 207, 138, 20,
       25, 53, 130, 43, 220, 98, 31, 85, 223, 162, 226, 93, 64, 88, 6,
       168, 220, 183, 228, 216, 107, 146, 71, 231, 184, 125, 255, 39, 30,
       10, 3, 87, 31, 121, 220, 2, 96, 158, 145, 42, 97, 60, 202, 206,
       18, 80, 19, 156, 130, 105, 75, 231, 89, 34, 130, 70, 212, 154,
       240, 133, 144, 222, 174, 148, 113, 161, 131, 215, 62, 142, 182,
       136, 36, 156, 18, 186, 218, 131, 85, 220, 106, 83, 11, 165, 101,
       253, 151, 173, 197, 155, 2, 218, 243, 255, 146, 136, 117, 43, 18,
       75, 143, 96, 141, 244, 62, 238, 191, 61, 67, 254, 247, 253, 42,
       182, 229, 127, 103, 63, 45, 181, 184, 101, 255, 166, 255, 238,
       128, 158, 236, 249, 221, 10, 149, 32, 139, 213, 215, 190, 239, 13,
       77, 94, 19, 236, 126, 62, 192, 221, 11, 147, 161, 118, 152, 121,
       223, 47, 55, 142, 71, 22, 14, 189, 222, 75, 159, 246, 253, 244,
       178, 252, 55, 63, 75, 254, 247, 253, 47, 182, 212, 255, 191, 55,
       157, 189, 152, 101, 207, 238, 255, 254, 192, 191, 228, 233, 89,
       255, 175, 230, 158, 250, 51, 207, 255, 19, 238, 254, 255, 73, 234,
       191, 213, 127, 239, 183, 175, 252, 214, 239, 255, 58, 110, 239,
       228, 167, 246, 250, 213, 185, 197, 66, 45, 84, 11, 231, 253, 85,
       224, 254, 70, 115, 105, 186, 101, 120, 204, 6, 239, 233, 178, 77,
       14, 116, 174, 165, 4, 111, 186, 240, 0, 62, 255, 246, 229, 246,
       26, 254, 247, 57, 230, 254, 239, 207, 47, 159, 149, 127, 247, 223,
       227, 252, 251, 101, 238, 190, 255, 239, 147, 231, 254, 207, 221,
       16, 207, 47, 173, 52, 195, 79, 245, 4, 12, 218, 163, 247, 71, 32,
       64, 94, 55, 29, 231, 72, 137, 97, 63, 225, 164, 174, 144, 52, 154,
       181, 123, 96, 48, 189, 236, 108, 207, 81, 88, 142, 240, 228, 10,
       246, 213, 32, 122, 216, 188, 122, 24, 3, 103, 243, 29, 221, 186,
       67, 124, 88, 40, 5, 242, 240, 112, 121, 232, 74, 77, 83, 72, 35,
       96, 177, 8, 119, 221, 73, 50, 254, 145, 125, 96, 75, 39, 243, 31,
       211, 209, 1, 63, 113, 10, 38, 51, 138, 219, 50, 159, 43, 208, 60,
       230, 159, 13, 84, 163, 172, 222, 38, 197, 230, 123, 179, 193, 70,
       156, 34, 253, 167, 115, 218, 139, 22, 20, 45, 223, 252, 121, 105,
       103, 116, 79, 71, 184, 48, 236, 247, 108, 115, 85, 153, 48, 28,
       252, 85, 110, 201, 178, 249, 46, 245, 233, 33, 176, 97, 187, 86,
       113, 206, 43, 211, 146, 255, 249, 190, 67, 203, 145, 153, 251,
       172, 136, 117, 142, 202, 59, 203, 17, 22, 107, 198, 224, 52, 80,
       30, 187, 197, 76, 159, 132, 237, 239, 205, 230, 220, 43, 231, 252,
       218, 162, 189, 238, 243, 233, 217, 50, 121, 230, 70, 238, 233,
       103, 236, 239, 126, 207, 231, 60, 237, 251, 210, 160, 253, 207,
       255, 246, 244, 42, 207, 252, 91, 162, 251, 222, 91, 105, 157, 16,
       123, 239, 116, 238, 249, 247, 205, 238, 126, 191, 229, 148, 77,
       251, 194, 32, 30, 93, 254, 244, 179, 242, 55, 243, 185, 254, 126,
       163, 28, 191, 39, 119, 103, 253, 149, 211, 116, 217, 52, 236, 251,
