%YAML:1.0
---
descriptors: !!opencv-matrix
   rows: 268
   cols: 32
   dt: u
   data: [ 41, 79, 66, 5, 116, 30, 110, 55, 117, 200, 126, 196, 59, 32,
       151, 244, 126, 236, 6, 236, 205, 184, 69, 110, 38, 44, 160, 128,
       111, 180, 90, 156, 76, 148, 148, 186, 169, 173, 16, 136, 175, 63,
       161, 29, 206, 227, 73, 219, 193, 17, 232, 50, 54, 67, 219, 117,
       219, 243, 83, 127, 154, 69, 43, 19, 65, 2, 94, 121, 52, 154, 97,
       19, 125, 9, 118, 116, 147, 17, 144, 124, 70, 36, 108, 24, 179,
       188, 69, 29, 134, 255, 48, 64, 206, 128, 74, 41, 35, 56, 229, 28,
       79, 221, 180, 67, 217, 198, 176, 155, 40, 156, 118, 191, 140, 179,
       211, 1, 228, 111, 118, 200, 23, 26, 93, 59, 85, 108, 215, 222,
       155, 23, 226, 132, 215, 23, 190, 119, 173, 164, 158, 167, 9, 174,
       183, 134, 62, 165, 159, 165, 228, 155, 36, 202, 58, 93, 143, 131,
       175, 244, 185, 221, 34, 205, 16, 184, 221, 205, 212, 239, 159, 53,
       168, 25, 142, 184, 108, 148, 201, 155, 203, 1, 126, 43, 90, 247,
       187, 212, 21, 127, 82, 28, 199, 142, 53, 37, 98, 75, 84, 191, 226,
       124, 85, 96, 249, 70, 83, 88, 191, 164, 120, 138, 22, 127, 159,
       178, 93, 158, 62, 12, 33, 196, 127, 143, 122, 132, 103, 140, 229,
       193, 172, 55, 200, 170, 7, 242, 144, 207, 195, 104, 93, 203, 217,
       196, 125, 255, 143, 70, 255, 144, 138, 90, 205, 244, 159, 237, 80,
       100, 35, 13, 98, 95, 85, 221, 178, 96, 95, 68, 120, 2, 96, 248,
       53, 36, 216, 120, 146, 67, 182, 190, 126, 255, 39, 28, 130, 43,
       87, 175, 116, 174, 31, 95, 191, 244, 241, 254, 127, 214, 185, 206,
       126, 100, 30, 191, 167, 112, 167, 127, 181, 76, 225, 153, 48, 234,
       243, 255, 126, 130, 130, 253, 37, 123, 83, 219, 65, 199, 54, 130,
       106, 188, 46, 105, 83, 231, 245, 70, 156, 96, 118, 221, 61, 207,
       211, 24, 141, 253, 164, 44, 171, 196, 61, 135, 17, 49, 125, 123,
       240, 76, 41, 30, 70, 156, 99, 168, 238, 76, 194, 192, 215, 244,
       16, 228, 236, 110, 204, 35, 253, 58, 178, 253, 5, 62, 90, 191, 74,
       5, 28, 3, 127, 111, 48, 75, 99, 16, 68, 4, 255, 162, 211, 33, 177,
       72, 58, 160, 14, 110, 24, 176, 101, 12, 196, 163, 96, 1, 245, 187,
       68, 96, 5, 219, 109, 175, 54, 206, 239, 184, 78, 104, 95, 230,
       213, 125, 152, 96, 54, 69, 63, 239, 209, 184, 45, 253, 108, 47,
       171, 196, 117, 171, 149, 113, 34, 162, 234, 16, 245, 241, 185, 79,
       95, 93, 92, 183, 8, 204, 126, 40, 255, 43, 147, 149, 150, 187,
       166, 215, 95, 93, 154, 239, 197, 12, 255, 223, 4, 190, 148, 26,
       169, 185, 148, 207, 255, 31, 160, 61, 174, 234, 76, 159, 139, 115,
       238, 16, 54, 111, 218, 241, 169, 210, 86, 123, 218, 84, 143, 159,
       83, 127, 209, 167, 50, 4, 43, 52, 40, 200, 91, 230, 245, 102, 137,
       242, 54, 237, 60, 238, 193, 152, 237, 105, 164, 172, 175, 128, 45,
       178, 35, 57, 132, 96, 209, 179, 194, 169, 236, 199, 62, 18, 251,
       242, 157, 195, 73, 216, 127, 155, 79, 146, 83, 54, 203, 194, 148,
       132, 174, 164, 237, 81, 163, 160, 72, 92, 26, 180, 103, 132, 54,
       230, 173, 202, 90, 35, 188, 159, 33, 192, 166, 113, 255, 67, 65,
       173, 146, 239, 179, 245, 10, 10, 12, 53, 41, 155, 98, 190, 149,
       190, 169, 165, 20, 207, 159, 63, 128, 125, 166, 186, 68, 219, 193,
       243, 233, 17, 63, 79, 218, 51, 152, 50, 222, 251, 152, 88, 158,
       31, 0, 157, 31, 251, 176, 198, 43, 55, 28, 73, 75, 86, 245, 119,
       32, 96, 246, 59, 27, 56, 113, 152, 17, 63, 237, 174, 42, 64, 152,
       10, 161, 177, 130, 141, 14, 157, 83, 192, 186, 230, 158, 0, 64,
       131, 172, 247, 49, 69, 238, 123, 155, 197, 98, 137, 18, 255, 109,
       54, 218, 139, 20, 5, 37, 218, 222, 54, 158, 52, 139, 60, 24, 18,
       187, 247, 163, 221, 207, 226, 75, 219, 167, 133, 233, 150, 189,
       71, 154, 66, 147, 243, 91, 127, 136, 101, 43, 23, 126, 76, 112,
       235, 38, 122, 94, 180, 13, 42, 254, 171, 107, 31, 189, 241, 254,
       245, 191, 234, 232, 181, 105, 191, 178, 255, 192, 146, 119, 251,
       68, 15, 199, 180, 133, 17, 137, 61, 184, 27, 191, 243, 131, 221,
       140, 190, 92, 143, 167, 71, 249, 149, 183, 77, 155, 194, 137, 82,
       95, 118, 136, 68, 11, 84, 181, 188, 173, 247, 140, 100, 221, 190,
       242, 215, 164, 21, 243, 127, 91, 43, 201, 199, 121, 191, 191, 235,
       251, 47, 233, 203, 255, 84, 200, 112, 246, 218, 211, 155, 93, 143,
       58, 138, 62, 49, 140, 72, 83, 231, 253, 78, 166, 192, 102, 163,
       63, 71, 213, 137, 95, 255, 180, 38, 42, 210, 60, 142, 137, 21, 11,
       93, 106, 207, 116, 214, 255, 180, 29, 76, 94, 166, 249, 127, 183,
       228, 94, 57, 151, 239, 192, 144, 53, 253, 103, 125, 170, 128, 54,
       190, 181, 249, 62, 142, 122, 238, 118, 71, 222, 248, 89, 166, 241,
       139, 107, 109, 61, 17, 255, 215, 23, 227, 248, 179, 77, 238, 242,
       223, 167, 145, 103, 251, 118, 131, 252, 249, 234, 36, 245, 74, 95,
       197, 51, 245, 182, 189, 83, 173, 82, 19, 25, 220, 245, 241, 120,
       255, 217, 10, 255, 197, 165, 229, 239, 180, 246, 82, 10, 205, 0,
       203, 213, 199, 174, 231, 12, 5, 88, 2, 172, 40, 56, 196, 217, 26,
       147, 193, 82, 184, 81, 255, 45, 52, 142, 66, 20, 14, 181, 138,
       138, 236, 86, 151, 255, 209, 190, 231, 143, 23, 80, 178, 172, 238,
       106, 134, 239, 123, 147, 129, 118, 31, 154, 247, 62, 86, 159, 235,
       23, 28, 171, 143, 125, 251, 244, 87, 75, 30, 86, 188, 235, 184,
       38, 76, 106, 96, 223, 191, 53, 228, 236, 110, 196, 101, 255, 125,
       62, 251, 69, 54, 107, 183, 74, 13, 116, 101, 232, 34, 206, 91,
       215, 200, 67, 246, 173, 171, 67, 237, 95, 26, 153, 204, 225, 119,
       78, 99, 239, 50, 123, 69, 133, 125, 229, 255, 222, 82, 125, 117,
       184, 165, 153, 63, 86, 56, 115, 180, 169, 9, 223, 59, 67, 50, 149,
       221, 109, 51, 172, 66, 249, 26, 251, 215, 13, 63, 162, 115, 6, 66,
       81, 12, 207, 183, 134, 42, 109, 55, 116, 227, 218, 146, 113, 35,
       176, 75, 98, 230, 59, 140, 17, 217, 149, 232, 212, 171, 254, 0,
       173, 248, 240, 104, 134, 95, 98, 156, 207, 230, 191, 103, 157,
       196, 202, 135, 44, 238, 55, 69, 238, 251, 179, 199, 196, 139, 18,
       236, 49, 48, 206, 139, 21, 116, 53, 218, 65, 184, 187, 213, 44,
       92, 113, 19, 234, 253, 134, 28, 214, 177, 82, 98, 133, 68, 124,
       24, 145, 105, 179, 0, 203, 249, 55, 120, 136, 40, 211, 115, 53,
       141, 75, 254, 20, 227, 203, 114, 212, 0, 218, 130, 113, 233, 49,
       64, 88, 170, 27, 109, 59, 171, 92, 63, 249, 175, 162, 64, 61, 139,
       112, 8, 253, 92, 214, 172, 45, 118, 86, 120, 181, 202, 250, 7,
       107, 247, 35, 219, 252, 244, 172, 226, 109, 215, 144, 174, 179,
       235, 226, 17, 46, 255, 120, 83, 226, 188, 162, 148, 69, 240, 184,
       71, 155, 119, 82, 191, 40, 140, 118, 139, 233, 43, 179, 149, 246,
       126, 146, 195, 23, 16, 218, 163, 5, 76, 255, 222, 2, 223, 14, 189,
       18, 128, 188, 230, 156, 69, 218, 167, 172, 134, 50, 64, 230, 43,
       187, 133, 102, 157, 2, 255, 224, 38, 154, 136, 28, 20, 185, 219,
       222, 29, 126, 180, 83, 210, 184, 99, 185, 204, 214, 163, 12, 255,
       39, 85, 238, 181, 159, 177, 100, 219, 32, 204, 123, 115, 207, 131,
       39, 36, 45, 223, 77, 16, 236, 207, 50, 86, 107, 56, 96, 200, 87,
       230, 249, 87, 155, 102, 118, 116, 189, 238, 193, 192, 181, 204,
       70, 233, 171, 128, 47, 166, 105, 121, 130, 93, 22, 188, 75, 228,
       190, 98, 189, 130, 218, 163, 44, 254, 33, 100, 230, 123, 187, 195,
       64, 139, 18, 239, 177, 112, 202, 139, 21, 113, 37, 155, 120, 61,
       248, 244, 141, 109, 93, 190, 146, 246, 132, 27, 63, 191, 66, 27,
       205, 247, 253, 16, 8, 75, 250, 160, 219, 195, 253, 121, 170, 232,
       150, 90, 191, 106, 100, 141, 68, 27, 238, 72, 52, 166, 210, 199,
       193, 8, 149, 205, 120, 236, 51, 239, 237, 214, 205, 136, 20, 106,
       235, 132, 47, 191, 90, 148, 2, 201, 7, 223, 25, 196, 184, 230,
       158, 1, 72, 2, 172, 214, 33, 65, 236, 123, 59, 193, 98, 139, 18,
       253, 37, 50, 218, 10, 16, 16, 33, 138, 246, 87, 115, 238, 38, 90,
