%YAML:1.0
---
descriptors: !!opencv-matrix
   rows: 322
   cols: 32
   dt: u
   data: [ 131, 54, 118, 156, 238, 47, 189, 111, 95, 242, 144, 255, 228,
       248, 246, 9, 159, 59, 95, 37, 180, 231, 71, 222, 188, 22, 95, 190,
       156, 104, 129, 215, 201, 241, 179, 236, 41, 148, 252, 93, 239, 72,
       148, 68, 156, 159, 124, 226, 182, 49, 255, 205, 199, 1, 178, 209,
       243, 249, 43, 188, 26, 180, 163, 155, 81, 185, 159, 190, 42, 204,
       17, 164, 174, 85, 134, 41, 254, 246, 74, 114, 167, 119, 252, 193,
       19, 73, 186, 113, 217, 163, 127, 123, 32, 2, 167, 123, 215, 161,
       231, 129, 162, 118, 173, 185, 61, 217, 19, 247, 93, 110, 220, 175,
       55, 199, 127, 255, 181, 208, 45, 192, 60, 10, 239, 196, 173, 245,
       163, 117, 42, 144, 180, 218, 93, 221, 240, 200, 223, 61, 181, 27,
       142, 220, 110, 140, 201, 17, 223, 17, 38, 107, 26, 213, 95, 87,
       27, 127, 210, 13, 93, 215, 177, 239, 11, 174, 28, 159, 206, 116,
       68, 104, 248, 76, 243, 8, 50, 161, 216, 164, 78, 239, 237, 167,
       85, 63, 176, 233, 34, 56, 89, 186, 122, 220, 200, 76, 246, 254, 9,
       148, 188, 167, 188, 6, 226, 130, 172, 170, 33, 115, 236, 115, 170,
       129, 98, 143, 55, 235, 179, 55, 222, 8, 24, 240, 37, 56, 31, 155,
       83, 43, 178, 155, 42, 157, 39, 73, 123, 229, 207, 103, 160, 212,
       54, 43, 142, 252, 147, 152, 13, 253, 174, 212, 39, 198, 250, 134,
       161, 245, 163, 221, 110, 222, 214, 167, 167, 239, 94, 34, 88, 191,
       113, 248, 182, 33, 125, 126, 51, 231, 246, 251, 13, 191, 50, 46,
       183, 208, 61, 217, 217, 142, 60, 107, 122, 174, 30, 207, 203, 120,
       70, 136, 241, 74, 119, 201, 59, 32, 124, 248, 7, 107, 202, 163,
       12, 29, 248, 133, 163, 188, 125, 171, 112, 163, 80, 233, 26, 224,
       82, 140, 81, 119, 56, 4, 98, 8, 55, 131, 0, 80, 38, 189, 77, 80,
       66, 15, 144, 5, 249, 161, 32, 104, 32, 128, 39, 42, 180, 125, 253,
       251, 140, 103, 79, 255, 86, 242, 188, 26, 211, 125, 89, 75, 89,
       214, 127, 255, 249, 102, 249, 58, 251, 207, 229, 60, 245, 249,
       208, 114, 153, 206, 70, 202, 52, 146, 106, 248, 245, 0, 246, 230,
       115, 67, 189, 117, 122, 132, 62, 238, 233, 181, 13, 255, 178, 235,
       226, 196, 63, 163, 120, 40, 91, 185, 131, 176, 153, 244, 24, 199,
       171, 113, 138, 157, 175, 190, 66, 218, 165, 167, 253, 149, 31, 75,
       146, 209, 185, 245, 158, 123, 170, 68, 171, 94, 19, 118, 107, 205,
       118, 147, 255, 117, 109, 76, 222, 231, 185, 12, 150, 32, 126, 169,
       151, 239, 197, 176, 37, 207, 54, 109, 170, 128, 111, 150, 247,
       253, 130, 90, 10, 155, 2, 133, 56, 70, 158, 31, 82, 183, 172, 198,
       39, 72, 238, 43, 51, 213, 6, 156, 2, 241, 4, 50, 154, 139, 28, 29,
       41, 223, 60, 205, 211, 222, 212, 34, 103, 222, 87, 131, 122, 66,
       97, 227, 105, 84, 121, 238, 34, 222, 105, 178, 156, 170, 126, 174,
       133, 4, 183, 251, 240, 168, 177, 133, 99, 71, 84, 63, 234, 119,
       124, 97, 251, 82, 211, 40, 156, 228, 120, 142, 22, 172, 253, 184,
       117, 239, 38, 237, 178, 64, 109, 138, 248, 188, 189, 149, 185,
       235, 157, 127, 87, 216, 95, 243, 189, 26, 219, 125, 121, 40, 221,
       218, 31, 126, 187, 114, 123, 178, 251, 223, 135, 52, 154, 251,
       208, 114, 88, 169, 158, 244, 145, 204, 84, 55, 160, 1, 174, 8,
       190, 179, 0, 82, 160, 54, 104, 8, 90, 73, 146, 5, 251, 229, 20,
       75, 32, 0, 135, 42, 254, 84, 108, 78, 95, 115, 215, 232, 211, 230,
       181, 187, 75, 125, 63, 151, 121, 212, 251, 227, 44, 103, 125, 254,
       123, 103, 197, 63, 247, 127, 94, 86, 109, 47, 216, 68, 244, 63,
       78, 63, 123, 168, 254, 76, 83, 49, 213, 180, 31, 206, 84, 106,
       233, 178, 205, 42, 62, 253, 37, 52, 235, 251, 202, 173, 233, 253,
       237, 117, 188, 79, 237, 191, 115, 255, 182, 28, 243, 125, 210, 51,
       93, 198, 125, 93, 249, 248, 255, 170, 239, 251, 245, 84, 237, 248,
       210, 120, 220, 79, 74, 188, 210, 146, 126, 246, 52, 142, 74, 231,
       109, 231, 51, 208, 118, 239, 167, 198, 108, 154, 132, 110, 242,
       231, 174, 129, 33, 245, 170, 74, 142, 221, 247, 87, 215, 218, 167,
       231, 253, 130, 122, 34, 104, 252, 165, 167, 235, 127, 234, 66,
       241, 253, 164, 238, 61, 62, 71, 2, 71, 124, 231, 173, 34, 57, 107,
       82, 93, 217, 208, 99, 233, 68, 253, 141, 34, 140, 22, 16, 72, 178,
       195, 65, 78, 43, 118, 189, 119, 16, 144, 27, 87, 12, 86, 222, 116,
       253, 250, 106, 234, 233, 183, 207, 250, 15, 253, 43, 78, 255, 109,
       56, 187, 223, 231, 82, 82, 35, 170, 115, 123, 199, 39, 111, 225,
       83, 167, 227, 253, 111, 112, 7, 189, 26, 78, 180, 121, 236, 191,
       76, 107, 96, 159, 214, 114, 228, 108, 110, 236, 167, 237, 238,
       178, 127, 37, 144, 98, 183, 74, 69, 220, 31, 63, 164, 15, 86, 90,
       56, 148, 228, 131, 234, 87, 124, 1, 227, 118, 213, 253, 227, 237,
       199, 253, 30, 187, 227, 233, 149, 37, 43, 28, 51, 165, 204, 241,
       70, 212, 71, 199, 254, 81, 226, 124, 90, 114, 113, 149, 37, 89,
       254, 18, 106, 225, 246, 125, 174, 63, 142, 165, 52, 231, 251, 214,
       164, 17, 109, 111, 165, 178, 106, 63, 55, 44, 224, 30, 229, 247,
       45, 146, 99, 54, 119, 93, 125, 129, 184, 37, 12, 236, 173, 47,
       144, 100, 242, 133, 121, 155, 205, 66, 190, 83, 146, 46, 231, 180,
       64, 194, 199, 97, 226, 50, 192, 120, 171, 131, 197, 109, 155, 20,
       255, 58, 39, 142, 65, 61, 20, 184, 158, 147, 249, 91, 160, 18,
       159, 90, 244, 51, 224, 180, 239, 15, 15, 98, 144, 62, 253, 149,
       252, 205, 27, 52, 222, 186, 205, 37, 228, 121, 176, 42, 89, 18,
       143, 98, 159, 214, 146, 174, 103, 156, 4, 218, 231, 232, 232, 182,
       196, 126, 107, 23, 205, 214, 185, 4, 255, 184, 46, 174, 193, 53,
       206, 253, 205, 70, 6, 151, 188, 232, 98, 172, 239, 191, 27, 216,
       241, 196, 230, 45, 91, 215, 91, 111, 161, 49, 67, 195, 223, 180,
       50, 223, 142, 144, 112, 165, 149, 74, 122, 158, 189, 43, 160, 60,
       198, 190, 23, 66, 181, 172, 143, 99, 203, 167, 59, 251, 149, 6,
       205, 130, 241, 196, 99, 126, 139, 148, 84, 45, 219, 238, 103, 174,
       188, 233, 37, 30, 206, 151, 150, 172, 189, 76, 239, 111, 91, 223,
       215, 239, 178, 126, 71, 202, 243, 251, 119, 223, 255, 147, 245,
       164, 82, 190, 226, 192, 160, 253, 19, 210, 204, 19, 189, 176, 255,
       15, 72, 94, 150, 155, 201, 199, 117, 126, 103, 203, 146, 186, 209,
       141, 255, 255, 29, 218, 151, 126, 123, 242, 102, 235, 120, 84,
       128, 171, 188, 189, 41, 14, 223, 79, 158, 198, 221, 229, 82, 78,
       67, 234, 224, 243, 249, 69, 187, 34, 247, 78, 67, 165, 113, 249,
       69, 100, 79, 245, 88, 82, 190, 117, 8, 147, 93, 213, 43, 28, 92,
       86, 106, 193, 244, 243, 0, 71, 153, 101, 36, 67, 184, 86, 177, 75,
       48, 156, 190, 105, 60, 152, 31, 171, 91, 49, 93, 252, 254, 78,
       186, 135, 19, 253, 5, 135, 71, 146, 193, 147, 251, 90, 186, 152,
       68, 11, 155, 136, 248, 252, 185, 111, 205, 241, 205, 239, 181,
       180, 10, 190, 217, 72, 19, 175, 25, 110, 17, 66, 103, 251, 241,
       221, 217, 87, 125, 68, 24, 7, 171, 185, 205, 66, 252, 215, 91,
       239, 239, 86, 228, 120, 150, 99, 232, 54, 161, 121, 203, 147, 231,
       121, 110, 60, 191, 104, 79, 165, 237, 125, 44, 248, 200, 60, 221,
       122, 234, 91, 245, 22, 246, 167, 0, 172, 36, 63, 255, 33, 112,
       230, 251, 145, 210, 75, 11, 26, 253, 251, 213, 14, 59, 186, 83,
       47, 186, 252, 240, 177, 186, 201, 229, 147, 200, 159, 55, 161, 57,
       254, 215, 104, 218, 223, 219, 255, 243, 11, 71, 218, 243, 209,
       215, 95, 127, 16, 83, 167, 114, 98, 251, 105, 78, 120, 157, 74,
       248, 139, 172, 248, 108, 178, 217, 213, 16, 204, 248, 119, 66,
       203, 43, 234, 61, 63, 217, 165, 185, 88, 139, 78, 233, 63, 113,
       244, 74, 173, 93, 213, 200, 203, 252, 181, 10, 10, 220, 255, 175,
       200, 216, 214, 83, 206, 99, 254, 240, 19, 89, 197, 63, 87, 255,
       94, 247, 207, 152, 124, 225, 41, 182, 88, 184, 239, 120, 151, 69,
       223, 31, 87, 251, 135, 149, 253, 255, 143, 69, 91, 213, 203, 219,
