%YAML:1.0
---
descriptors: !!opencv-matrix
   rows: 297
   cols: 32
   dt: u
   data: [ 108, 96, 146, 130, 237, 125, 160, 65, 136, 168, 255, 10, 140,
       152, 113, 30, 234, 189, 202, 19, 84, 247, 194, 200, 29, 80, 31,
       107, 135, 14, 251, 134, 2, 201, 6, 159, 83, 132, 186, 230, 159, 0,
       64, 131, 172, 206, 37, 69, 236, 123, 187, 197, 98, 201, 18, 253,
       37, 114, 218, 11, 16, 5, 41, 222, 73, 211, 109, 175, 54, 206, 235,
       184, 206, 108, 95, 230, 221, 125, 186, 96, 54, 69, 63, 239, 193,
       48, 45, 253, 100, 47, 235, 196, 60, 170, 21, 113, 159, 131, 100,
       152, 155, 181, 90, 73, 143, 117, 149, 159, 72, 206, 126, 204, 207,
       129, 171, 180, 158, 3, 110, 213, 26, 89, 203, 255, 151, 135, 173,
       70, 163, 181, 180, 220, 249, 117, 152, 127, 159, 250, 156, 187,
       44, 252, 246, 166, 159, 27, 247, 33, 182, 107, 234, 223, 27, 94,
       93, 191, 215, 108, 31, 223, 95, 177, 229, 103, 54, 86, 121, 25,
       103, 248, 87, 226, 217, 127, 159, 102, 54, 93, 189, 253, 133, 208,
       189, 205, 79, 251, 235, 196, 39, 166, 112, 113, 42, 141, 150, 158,
       221, 213, 150, 195, 159, 12, 200, 3, 172, 250, 39, 192, 200, 59,
       171, 3, 70, 43, 90, 255, 55, 20, 158, 43, 18, 92, 61, 142, 177,
       71, 75, 101, 86, 27, 230, 120, 116, 32, 242, 202, 83, 104, 144,
       33, 122, 204, 6, 111, 237, 176, 69, 14, 52, 175, 161, 4, 109, 187,
       88, 132, 28, 209, 118, 239, 39, 31, 255, 253, 21, 78, 119, 167,
       251, 125, 186, 5, 62, 209, 159, 239, 232, 176, 45, 173, 227, 219,
       231, 133, 119, 254, 245, 123, 109, 199, 24, 165, 180, 43, 103,
       184, 52, 162, 238, 40, 215, 99, 137, 208, 19, 206, 108, 106, 105,
       144, 201, 46, 236, 215, 37, 52, 8, 251, 138, 0, 24, 157, 19, 185,
       182, 195, 175, 247, 20, 65, 74, 98, 245, 119, 32, 64, 118, 59, 19,
       233, 113, 152, 81, 31, 237, 166, 174, 192, 48, 10, 181, 250, 53,
       67, 97, 69, 30, 27, 199, 184, 70, 228, 186, 238, 83, 97, 157, 36,
       88, 196, 70, 238, 201, 50, 109, 28, 52, 204, 165, 52, 119, 187,
       86, 100, 246, 157, 248, 216, 239, 208, 159, 203, 155, 22, 176, 59,
       44, 255, 117, 91, 238, 243, 159, 195, 106, 47, 178, 243, 243, 121,
       142, 59, 151, 125, 101, 111, 215, 182, 156, 177, 139, 189, 184,
       159, 190, 243, 130, 221, 143, 174, 74, 139, 167, 7, 249, 21, 183,
       77, 155, 210, 137, 210, 95, 118, 136, 68, 139, 30, 35, 189, 106,
       83, 215, 181, 184, 71, 95, 77, 124, 23, 40, 152, 246, 164, 239,
       139, 147, 149, 150, 186, 52, 247, 31, 93, 154, 235, 221, 12, 250,
       223, 44, 116, 90, 97, 112, 79, 115, 16, 37, 232, 255, 9, 219, 31,
       10, 16, 158, 212, 221, 98, 73, 176, 81, 12, 231, 221, 33, 21, 106,
       187, 78, 147, 98, 158, 148, 186, 173, 189, 148, 199, 159, 59, 136,
       125, 166, 248, 96, 139, 201, 99, 238, 17, 62, 107, 218, 177, 137,
       210, 92, 123, 152, 92, 159, 159, 57, 143, 106, 255, 214, 163, 239,
       247, 86, 65, 222, 230, 113, 235, 176, 96, 127, 170, 22, 156, 187,
       187, 108, 255, 254, 239, 166, 192, 191, 202, 240, 169, 65, 148,
       220, 117, 168, 46, 77, 55, 188, 243, 190, 156, 247, 55, 150, 115,
       7, 118, 125, 44, 233, 233, 243, 14, 194, 251, 114, 16, 72, 224,
       67, 56, 139, 93, 110, 205, 55, 86, 191, 188, 13, 72, 94, 167, 249,
       127, 183, 101, 118, 121, 151, 239, 225, 144, 53, 253, 103, 121,
       174, 128, 55, 190, 61, 249, 88, 36, 156, 246, 137, 108, 84, 15,
       179, 179, 135, 24, 243, 55, 73, 126, 201, 214, 121, 136, 56, 79,
       219, 34, 219, 255, 215, 27, 130, 120, 136, 42, 48, 66, 154, 172,
       20, 130, 194, 86, 148, 130, 210, 82, 85, 193, 161, 72, 88, 236,
       14, 56, 8, 183, 66, 138, 144, 167, 178, 0, 188, 184, 48, 128, 39,
       76, 99, 79, 85, 179, 163, 96, 93, 64, 125, 2, 104, 216, 183, 164,
       88, 40, 146, 106, 133, 178, 60, 223, 39, 126, 3, 10, 87, 175, 120,
       228, 198, 156, 191, 179, 238, 102, 191, 207, 190, 95, 219, 19,
       212, 182, 108, 75, 231, 87, 59, 145, 48, 223, 185, 226, 157, 54,
       222, 198, 128, 81, 165, 123, 50, 207, 90, 94, 123, 145, 214, 230,
       143, 4, 252, 169, 42, 207, 38, 20, 238, 251, 199, 64, 78, 43, 2,
       255, 50, 28, 16, 187, 83, 28, 110, 159, 241, 39, 101, 69, 52, 11,
       101, 55, 112, 166, 234, 220, 243, 40, 148, 51, 74, 230, 104, 44,
       252, 248, 229, 14, 166, 42, 65, 16, 101, 232, 82, 76, 34, 173, 17,
       186, 221, 141, 212, 239, 159, 49, 184, 25, 166, 184, 100, 4, 137,
       155, 74, 17, 94, 43, 90, 247, 185, 148, 29, 127, 80, 8, 131, 142,
       61, 61, 104, 235, 244, 112, 255, 254, 112, 204, 252, 171, 59, 111,
       187, 241, 127, 219, 151, 253, 188, 186, 108, 174, 127, 205, 166,
       237, 247, 255, 126, 219, 106, 190, 238, 16, 237, 249, 176, 103,
       219, 255, 60, 189, 40, 172, 246, 31, 207, 183, 227, 145, 212, 123,
       166, 192, 30, 19, 92, 251, 199, 76, 222, 223, 230, 231, 18, 178,
       253, 217, 148, 101, 203, 219, 153, 251, 14, 216, 94, 131, 207,
       155, 223, 19, 94, 107, 138, 192, 58, 80, 15, 251, 199, 78, 251,
       135, 92, 201, 158, 247, 142, 8, 100, 148, 46, 49, 194, 98, 253,
       51, 72, 106, 98, 215, 127, 217, 18, 217, 203, 225, 253, 227, 254,
       64, 160, 18, 161, 42, 162, 122, 238, 80, 100, 217, 181, 71, 221,
       247, 114, 185, 32, 172, 247, 45, 201, 58, 130, 17, 160, 254, 36,
       64, 21, 26, 84, 35, 197, 92, 254, 252, 229, 57, 241, 71, 242, 78,
       103, 24, 115, 234, 53, 104, 82, 23, 197, 52, 22, 252, 84, 122,
       193, 118, 248, 106, 109, 156, 37, 172, 99, 243, 70, 241, 47, 95,
       102, 154, 69, 178, 254, 96, 141, 196, 222, 135, 40, 204, 55, 69,
       238, 169, 179, 199, 196, 147, 22, 236, 54, 120, 202, 139, 31, 127,
       121, 214, 95, 93, 190, 244, 243, 246, 63, 210, 185, 206, 126, 35,
       28, 191, 39, 123, 231, 253, 149, 80, 176, 219, 48, 232, 243, 251,
       111, 131, 231, 117, 165, 115, 130, 218, 22, 159, 67, 208, 60, 230,
       159, 76, 80, 163, 172, 158, 39, 197, 230, 123, 179, 193, 71, 156,
       50, 255, 5, 50, 218, 139, 28, 20, 45, 223, 159, 215, 171, 134,
       227, 126, 183, 253, 177, 238, 253, 191, 89, 255, 235, 230, 125,
       222, 215, 230, 245, 211, 188, 170, 119, 125, 103, 175, 235, 255,
       175, 247, 89, 60, 188, 164, 14, 12, 29, 59, 130, 226, 142, 15,
       247, 189, 82, 34, 134, 247, 253, 5, 141, 107, 243, 9, 251, 239,
       93, 56, 104, 40, 15, 90, 125, 214, 240, 226, 165, 31, 94, 61, 93,
       239, 191, 186, 203, 45, 222, 172, 223, 212, 223, 46, 252, 182,
       109, 138, 250, 223, 245, 213, 239, 254, 216, 117, 246, 33, 208,
       138, 207, 121, 148, 67, 203, 243, 153, 187, 140, 140, 95, 138,
       170, 219, 234, 17, 23, 99, 198, 226, 144, 80, 30, 59, 212, 79,
       159, 142, 10, 180, 132, 153, 237, 185, 60, 175, 175, 31, 88, 53,
       172, 242, 230, 223, 227, 11, 183, 20, 22, 88, 138, 209, 14, 82,
       254, 239, 154, 68, 153, 207, 253, 223, 15, 134, 213, 118, 255,
       253, 48, 238, 255, 30, 89, 230, 187, 245, 125, 198, 182, 238, 253,
       115, 57, 238, 127, 103, 239, 141, 203, 119, 237, 81, 124, 117,
       232, 102, 217, 89, 215, 248, 67, 230, 173, 141, 67, 237, 95, 18,
       25, 220, 233, 115, 78, 103, 255, 58, 123, 65, 5, 125, 231, 255,
       94, 114, 65, 130, 86, 81, 52, 190, 96, 55, 125, 1, 118, 112, 179,
       17, 144, 124, 38, 36, 110, 28, 187, 188, 37, 79, 134, 255, 50, 64,
       78, 128, 75, 44, 40, 190, 148, 58, 169, 189, 148, 207, 255, 31,
       176, 61, 174, 248, 76, 155, 135, 19, 236, 17, 22, 107, 218, 241,
       139, 211, 84, 123, 210, 84, 143, 159, 245, 53, 157, 251, 140, 111,
       69, 159, 134, 179, 167, 24, 215, 113, 9, 123, 129, 86, 125, 42,
       121, 101, 219, 50, 225, 171, 117, 52, 208, 121, 208, 34, 34, 173,
       17, 152, 253, 137, 132, 239, 143, 49, 168, 72, 166, 240, 100, 5,
       137, 59, 74, 1, 82, 43, 74, 245, 185, 20, 31, 126, 80, 8, 131,
       142, 191, 72, 99, 159, 70, 144, 239, 240, 80, 64, 87, 195, 121,
       204, 183, 97, 126, 237, 55, 207, 197, 247, 174, 229, 118, 41, 238,
