%YAML:1.0
---
descriptors: !!opencv-matrix
   rows: 243
   cols: 32
   dt: u
   data: [ 141, 68, 91, 103, 112, 46, 122, 120, 125, 130, 99, 64, 223,
       83, 9, 113, 182, 125, 86, 110, 160, 180, 25, 78, 198, 249, 35, 0,
       74, 179, 99, 161, 241, 205, 75, 205, 212, 2, 111, 247, 117, 66,
       234, 2, 115, 35, 176, 113, 122, 230, 58, 238, 233, 187, 53, 175,
       116, 174, 134, 0, 37, 248, 240, 40, 169, 41, 63, 85, 36, 78, 229,
       49, 236, 248, 54, 0, 243, 49, 144, 35, 40, 54, 76, 104, 97, 253,
       49, 12, 97, 203, 100, 16, 67, 168, 70, 42, 64, 24, 123, 80, 114,
       234, 113, 54, 53, 5, 102, 48, 119, 183, 160, 124, 50, 190, 104, 8,
       51, 152, 177, 93, 213, 166, 48, 64, 160, 128, 36, 57, 165, 67, 85,
       101, 52, 14, 111, 184, 117, 168, 114, 72, 215, 67, 153, 49, 22,
       196, 70, 110, 233, 176, 65, 12, 228, 250, 101, 132, 104, 179, 66,
       161, 252, 120, 254, 118, 79, 125, 80, 196, 227, 178, 166, 24, 95,
       221, 77, 59, 169, 245, 253, 82, 44, 103, 218, 160, 211, 219, 85,
       63, 227, 121, 78, 10, 122, 154, 228, 58, 55, 214, 208, 94, 51, 93,
       244, 63, 42, 29, 22, 28, 252, 147, 245, 149, 142, 239, 243, 253,
       83, 127, 208, 211, 115, 4, 118, 95, 120, 141, 62, 110, 184, 230,
       87, 183, 160, 12, 174, 8, 123, 119, 2, 115, 192, 246, 125, 106,
       120, 171, 104, 47, 243, 239, 96, 25, 98, 226, 238, 43, 15, 119,
       218, 5, 242, 11, 190, 248, 60, 174, 126, 231, 89, 103, 175, 16,
       63, 205, 135, 238, 192, 176, 13, 76, 126, 143, 37, 132, 111, 247,
       43, 145, 86, 114, 144, 176, 168, 45, 17, 218, 171, 251, 145, 125,
       142, 210, 205, 30, 135, 17, 76, 17, 139, 71, 202, 210, 152, 148,
       31, 254, 152, 85, 15, 55, 23, 119, 65, 173, 242, 22, 78, 249, 49,
       224, 88, 239, 93, 102, 153, 244, 54, 205, 21, 239, 205, 146, 125,
       206, 180, 124, 175, 132, 45, 247, 34, 117, 44, 110, 170, 48, 213,
       63, 211, 194, 214, 231, 236, 25, 131, 232, 119, 8, 153, 104, 66,
       21, 142, 247, 212, 34, 79, 95, 21, 53, 193, 255, 94, 194, 42, 181,
       176, 28, 91, 217, 144, 111, 223, 53, 45, 25, 174, 252, 110, 132,
       137, 27, 194, 0, 86, 42, 122, 87, 15, 87, 16, 127, 83, 76, 143,
       222, 177, 76, 125, 77, 78, 15, 197, 126, 84, 166, 244, 6, 19, 1,
       149, 53, 104, 156, 6, 170, 233, 190, 117, 30, 119, 139, 97, 20,
       119, 184, 118, 184, 199, 174, 215, 222, 188, 32, 174, 174, 218,
       146, 25, 208, 252, 234, 252, 66, 151, 111, 125, 191, 35, 77, 139,
       251, 168, 62, 239, 252, 140, 227, 129, 41, 79, 48, 189, 86, 233,
       124, 177, 24, 187, 255, 53, 189, 140, 190, 207, 62, 135, 93, 253,
       21, 151, 99, 242, 192, 79, 127, 127, 175, 202, 117, 15, 247, 39,
       98, 40, 158, 13, 23, 207, 248, 214, 174, 213, 15, 227, 200, 119,
       0, 217, 236, 127, 111, 204, 103, 255, 185, 241, 63, 207, 188, 93,
       127, 82, 196, 62, 206, 112, 227, 199, 42, 238, 246, 113, 47, 250,
       119, 11, 41, 29, 29, 251, 207, 23, 227, 252, 186, 1, 238, 182,
       223, 214, 199, 239, 219, 250, 142, 9, 143, 85, 187, 250, 169, 45,
       191, 30, 81, 72, 244, 181, 163, 136, 65, 71, 11, 34, 12, 51, 216,
       71, 55, 44, 182, 62, 200, 60, 200, 137, 153, 3, 183, 21, 187, 252,
       169, 168, 191, 30, 25, 88, 245, 180, 162, 200, 64, 207, 11, 51,
       21, 179, 88, 67, 247, 44, 22, 62, 236, 156, 200, 129, 153, 56,
       173, 252, 105, 157, 255, 83, 191, 87, 165, 174, 8, 147, 61, 16,
       48, 73, 214, 204, 24, 58, 168, 113, 63, 235, 207, 165, 85, 243,
       200, 220, 42, 88, 251, 114, 124, 243, 208, 54, 246, 161, 12, 236,
       164, 47, 151, 1, 212, 38, 250, 205, 88, 66, 11, 178, 233, 251,
       245, 20, 139, 34, 148, 174, 59, 102, 253, 178, 250, 221, 205, 150,
       238, 159, 189, 184, 11, 46, 223, 108, 20, 249, 251, 235, 81, 90,
       107, 218, 247, 251, 214, 31, 127, 210, 94, 135, 174, 173, 48, 187,
       112, 104, 109, 113, 80, 58, 186, 113, 92, 158, 215, 73, 59, 164,
       25, 118, 26, 3, 118, 178, 64, 85, 153, 113, 44, 200, 33, 71, 179,
       69, 51, 185, 97, 240, 44, 121, 25, 122, 187, 55, 124, 215, 247,
       201, 58, 183, 92, 124, 56, 145, 208, 249, 64, 205, 173, 103, 228,
       136, 227, 195, 177, 132, 162, 221, 129, 236, 43, 232, 77, 62, 51,
       83, 210, 213, 195, 216, 105, 123, 15, 42, 184, 82, 84, 207, 209,
       141, 146, 219, 100, 148, 138, 193, 160, 162, 142, 183, 254, 252,
       35, 214, 238, 223, 130, 240, 120, 198, 248, 44, 65, 223, 123, 127,
       35, 48, 239, 74, 191, 184, 190, 87, 62, 212, 249, 240, 137, 202,
       148, 190, 152, 75, 244, 177, 67, 155, 95, 84, 19, 172, 158, 102,
       75, 167, 59, 179, 145, 54, 79, 178, 209, 95, 115, 90, 203, 146, 4,
       167, 223, 58, 80, 126, 161, 103, 202, 249, 80, 45, 69, 247, 163,
       63, 31, 54, 89, 238, 153, 151, 145, 138, 178, 113, 192, 215, 249,
       154, 131, 103, 140, 101, 251, 194, 184, 50, 152, 9, 205, 144, 67,
       175, 20, 128, 9, 172, 222, 98, 16, 162, 179, 203, 1, 6, 15, 146,
       213, 145, 16, 10, 123, 16, 4, 39, 95, 31, 96, 244, 245, 39, 18,
       92, 152, 251, 214, 52, 131, 235, 239, 223, 127, 183, 249, 181,
       239, 204, 244, 174, 217, 194, 219, 197, 135, 39, 245, 82, 85, 1,
       72, 159, 255, 52, 168, 234, 7, 252, 9, 122, 64, 181, 34, 176, 96,
       227, 43, 46, 28, 19, 136, 67, 127, 236, 174, 58, 64, 152, 129,
       161, 169, 121, 157, 14, 190, 25, 228, 91, 51, 161, 203, 175, 13,
       127, 119, 2, 83, 160, 167, 125, 172, 125, 11, 146, 45, 219, 255,
       64, 88, 42, 194, 42, 82, 45, 77, 99, 67, 228, 140, 111, 149, 117,
       2, 126, 66, 83, 69, 157, 116, 122, 202, 22, 218, 211, 176, 124,
       226, 39, 188, 164, 128, 231, 219, 244, 224, 60, 76, 70, 79, 69,
       206, 102, 160, 224, 130, 103, 8, 99, 65, 25, 21, 56, 232, 66, 234,
       104, 180, 24, 45, 103, 170, 128, 0, 99, 179, 66, 128, 50, 253,
       250, 248, 221, 221, 84, 231, 27, 137, 248, 11, 46, 157, 100, 144,
       233, 187, 215, 145, 90, 123, 194, 247, 187, 215, 29, 123, 115, 12,
       238, 139, 209, 77, 74, 237, 20, 138, 110, 231, 244, 130, 234, 2,
       51, 163, 177, 112, 106, 238, 42, 234, 104, 185, 4, 47, 244, 238,
       134, 0, 101, 248, 240, 168, 173, 1, 53, 76, 157, 108, 65, 11, 226,
       80, 229, 8, 242, 117, 13, 52, 152, 18, 80, 40, 51, 34, 243, 29,
       65, 184, 1, 28, 82, 32, 102, 34, 32, 253, 250, 248, 220, 141, 214,
       239, 91, 161, 252, 11, 54, 249, 100, 16, 249, 187, 151, 16, 74,
       59, 154, 183, 127, 221, 21, 107, 209, 72, 238, 138, 61, 149, 227,
       67, 212, 94, 231, 240, 85, 64, 123, 66, 83, 116, 189, 244, 120,
       216, 22, 106, 217, 178, 125, 170, 63, 236, 164, 4, 231, 251, 112,
       164, 196, 164, 30, 225, 204, 47, 232, 201, 190, 179, 171, 26, 199,
       194, 72, 75, 249, 141, 106, 184, 50, 118, 219, 82, 157, 128, 207,
       108, 193, 105, 225, 128, 80, 90, 222, 118, 43, 105, 81, 70, 169,
       159, 182, 57, 46, 191, 65, 27, 163, 183, 237, 0, 8, 233, 2, 64,
       211, 211, 112, 19, 225, 112, 71, 11, 114, 197, 104, 108, 142, 83,
       95, 237, 5, 102, 174, 139, 99, 109, 62, 80, 121, 132, 237, 230,
       76, 15, 127, 159, 243, 239, 197, 95, 53, 190, 244, 126, 88, 138,
       123, 126, 114, 202, 123, 48, 48, 5, 102, 176, 61, 151, 32, 80, 54,
       188, 77, 136, 50, 159, 160, 63, 211, 167, 48, 65, 162, 128, 38,
       59, 173, 74, 85, 101, 36, 15, 110, 60, 124, 170, 114, 68, 215, 17,
       129, 177, 22, 196, 108, 110, 233, 244, 65, 14, 164, 251, 97, 132,
       72, 176, 66, 33, 244, 104, 190, 116, 77, 77, 85, 212, 227, 190,
       180, 24, 26, 217, 69, 27, 169, 244, 103, 90, 104, 103, 138, 32,
       83, 219, 85, 63, 195, 121, 70, 42, 114, 196, 239, 238, 74, 64,
       159, 236, 130, 20, 136, 139, 116, 255, 40, 2, 248, 213, 123, 227,
       72, 3, 154, 57, 241, 164, 207, 61, 53, 122, 183, 234, 69, 49, 216,
       227, 240, 46, 120, 25, 58, 187, 111, 80, 213, 115, 73, 122, 183,
       93, 125, 56, 17, 208, 153, 64, 207, 169, 103, 36, 136, 227, 11,
       161, 8, 140, 185, 123, 176, 237, 81, 159, 22, 15, 102, 16, 183,
