%YAML:1.0
---
descriptors: !!opencv-matrix
   rows: 203
   cols: 32
   dt: u
   data: [ 142, 132, 181, 85, 229, 122, 180, 135, 126, 51, 66, 16, 204,
       61, 92, 239, 163, 87, 179, 17, 48, 252, 11, 226, 47, 58, 94, 71,
       198, 84, 133, 172, 37, 48, 185, 3, 180, 111, 99, 216, 107, 106,
       237, 76, 214, 244, 31, 52, 153, 136, 84, 62, 137, 178, 249, 88,
       173, 156, 5, 52, 200, 123, 66, 244, 89, 185, 149, 254, 169, 204,
       71, 182, 175, 88, 170, 72, 191, 247, 1, 246, 165, 247, 124, 10,
       75, 75, 250, 49, 185, 250, 85, 58, 2, 82, 3, 41, 190, 190, 182,
       122, 233, 247, 148, 255, 151, 255, 244, 189, 106, 255, 102, 25,
       253, 251, 231, 16, 190, 239, 106, 179, 123, 211, 117, 251, 211,
       93, 230, 219, 119, 6, 197, 230, 222, 38, 206, 120, 19, 162, 155,
       202, 89, 107, 29, 49, 127, 213, 117, 239, 185, 199, 77, 238, 120,
       46, 239, 148, 173, 227, 114, 32, 75, 165, 118, 121, 249, 154, 124,
       55, 253, 97, 102, 177, 191, 167, 150, 117, 38, 63, 253, 12, 244,
       216, 165, 85, 239, 251, 54, 193, 34, 132, 135, 127, 166, 140, 150,
       254, 252, 171, 206, 238, 223, 130, 240, 80, 230, 232, 53, 65, 211,
       107, 110, 35, 48, 239, 74, 255, 168, 254, 87, 26, 212, 249, 241,
       137, 60, 245, 21, 234, 189, 79, 86, 248, 63, 168, 249, 72, 223,
       127, 9, 48, 221, 217, 93, 115, 107, 99, 90, 191, 187, 223, 39, 62,
       88, 123, 99, 51, 89, 13, 231, 205, 118, 10, 111, 51, 117, 194,
       110, 66, 217, 51, 145, 102, 122, 236, 58, 238, 233, 248, 165, 238,
       116, 174, 198, 0, 47, 240, 112, 168, 2, 171, 25, 187, 248, 201,
       182, 237, 142, 5, 73, 99, 164, 247, 104, 64, 195, 59, 3, 65, 82,
       26, 74, 117, 173, 20, 30, 106, 16, 10, 165, 139, 69, 81, 29, 71,
       33, 14, 51, 56, 104, 232, 111, 68, 222, 19, 137, 114, 182, 68,
       108, 106, 145, 176, 185, 76, 197, 185, 99, 6, 72, 51, 67, 35, 61,
       93, 53, 254, 61, 223, 86, 48, 196, 72, 235, 64, 255, 249, 32, 224,
       212, 114, 28, 106, 201, 161, 120, 63, 227, 255, 33, 26, 90, 187,
       64, 35, 230, 188, 188, 123, 169, 249, 20, 142, 155, 55, 37, 57,
       174, 124, 71, 59, 135, 115, 237, 19, 54, 108, 250, 177, 143, 219,
       85, 123, 208, 85, 143, 95, 39, 161, 112, 195, 253, 125, 240, 41,
       95, 113, 61, 27, 206, 89, 94, 44, 159, 11, 223, 29, 150, 120, 255,
       212, 143, 220, 21, 127, 214, 142, 213, 199, 33, 143, 87, 77, 52,
       143, 234, 54, 108, 8, 122, 96, 221, 32, 148, 164, 62, 36, 86, 44,
       177, 184, 5, 93, 36, 190, 34, 192, 77, 168, 193, 173, 252, 65,
       126, 238, 13, 86, 95, 176, 177, 174, 230, 10, 91, 55, 33, 255,
       112, 212, 253, 234, 104, 199, 185, 236, 243, 235, 199, 21, 35,
       191, 124, 34, 90, 168, 150, 185, 187, 249, 16, 143, 175, 31, 138,
       49, 174, 190, 102, 206, 227, 51, 237, 17, 30, 73, 131, 241, 137,
       247, 26, 91, 146, 68, 141, 79, 66, 236, 126, 115, 240, 140, 124,
       39, 253, 25, 98, 145, 174, 175, 52, 209, 167, 63, 253, 5, 230,
       217, 130, 101, 191, 122, 86, 195, 66, 148, 171, 95, 3, 125, 91,
       229, 114, 142, 190, 119, 188, 72, 122, 228, 189, 158, 160, 240,
       166, 63, 31, 206, 193, 152, 52, 238, 230, 253, 42, 128, 12, 146,
       163, 249, 122, 41, 242, 78, 125, 221, 82, 68, 227, 5, 252, 9, 42,
       223, 38, 148, 248, 170, 197, 72, 14, 43, 178, 233, 179, 253, 0,
       27, 99, 142, 78, 142, 34, 175, 234, 155, 215, 145, 184, 199, 30,
       69, 88, 167, 40, 168, 54, 128, 255, 43, 131, 149, 150, 186, 6,
       215, 46, 85, 158, 235, 213, 14, 189, 206, 17, 77, 254, 213, 20,
       142, 111, 54, 125, 128, 126, 66, 253, 35, 176, 100, 118, 108, 62,
       238, 192, 184, 5, 238, 231, 174, 230, 0, 39, 242, 97, 168, 33,
       173, 218, 94, 217, 189, 102, 231, 255, 1, 236, 8, 170, 242, 38,
       244, 153, 170, 66, 8, 127, 170, 250, 127, 47, 31, 20, 75, 82, 192,
       234, 140, 2, 189, 17, 154, 216, 205, 178, 238, 158, 1, 104, 75,
       180, 211, 108, 64, 217, 59, 3, 81, 83, 10, 74, 245, 61, 148, 15,
       106, 152, 10, 131, 138, 55, 122, 106, 0, 118, 167, 251, 64, 232,
       204, 248, 143, 88, 204, 183, 48, 190, 237, 87, 247, 132, 163, 188,
       76, 114, 14, 33, 138, 77, 115, 114, 215, 77, 75, 127, 103, 36, 14,
       111, 184, 108, 168, 126, 100, 243, 97, 145, 114, 150, 100, 108,
       110, 201, 176, 233, 40, 230, 249, 101, 128, 74, 179, 67, 33, 58,
       48, 244, 229, 55, 206, 216, 24, 11, 188, 53, 163, 111, 223, 84,
       146, 190, 189, 181, 209, 138, 112, 154, 221, 203, 219, 203, 231,
       103, 166, 79, 19, 133, 164, 221, 241, 236, 169, 233, 91, 126, 51,
       49, 90, 157, 163, 216, 43, 35, 15, 110, 28, 51, 124, 207, 210,
       204, 154, 119, 100, 156, 200, 129, 161, 29, 111, 84, 71, 48, 27,
       110, 184, 118, 168, 110, 228, 243, 99, 153, 244, 54, 76, 36, 238,
       201, 208, 205, 62, 46, 239, 101, 132, 110, 179, 72, 41, 203, 82,
       125, 237, 46, 19, 93, 56, 137, 250, 84, 231, 221, 223, 150, 39,
       134, 53, 245, 239, 193, 68, 167, 221, 194, 251, 233, 174, 63, 164,
       65, 113, 205, 53, 153, 225, 224, 46, 120, 25, 58, 179, 99, 80,
       221, 115, 73, 250, 183, 95, 125, 60, 17, 208, 153, 66, 207, 173,
       119, 100, 136, 227, 139, 129, 238, 199, 237, 191, 168, 98, 95,
       157, 23, 255, 159, 243, 193, 111, 218, 75, 93, 214, 255, 183, 56,
       70, 111, 178, 238, 231, 255, 221, 183, 255, 244, 113, 56, 205, 61,
       123, 48, 207, 83, 183, 22, 13, 238, 0, 179, 87, 32, 112, 213, 50,
       29, 72, 122, 136, 97, 63, 235, 239, 52, 80, 50, 136, 196, 107, 99,
       178, 252, 252, 125, 22, 216, 95, 27, 121, 181, 127, 28, 28, 158,
       56, 159, 23, 245, 21, 151, 107, 171, 213, 91, 122, 250, 254, 222,
       140, 211, 119, 196, 172, 149, 151, 214, 168, 46, 143, 186, 147,
       10, 18, 236, 226, 73, 66, 113, 239, 42, 144, 50, 92, 138, 243,
       172, 38, 159, 108, 160, 112, 161, 136, 125, 117, 149, 238, 185,
       15, 94, 248, 59, 168, 184, 76, 223, 123, 9, 176, 221, 221, 93,
       114, 105, 99, 219, 190, 251, 223, 37, 190, 90, 123, 66, 3, 246,
       125, 233, 70, 223, 67, 151, 205, 19, 224, 160, 143, 114, 252, 85,
       51, 88, 254, 209, 243, 236, 99, 253, 42, 123, 0, 133, 63, 229,
       126, 214, 126, 194, 172, 144, 158, 222, 161, 174, 143, 186, 179,
       16, 154, 236, 234, 80, 75, 51, 111, 123, 145, 50, 77, 142, 251,
       172, 22, 223, 252, 148, 113, 131, 136, 1, 164, 157, 155, 252, 233,
       169, 143, 30, 51, 17, 184, 149, 98, 200, 72, 15, 27, 106, 24, 51,
       88, 207, 215, 204, 22, 63, 236, 148, 200, 129, 161, 164, 140, 150,
       254, 252, 171, 148, 239, 223, 147, 240, 88, 238, 232, 44, 201,
       211, 123, 110, 33, 48, 111, 10, 255, 168, 190, 87, 62, 212, 120,
       129, 137, 73, 121, 149, 126, 233, 220, 103, 244, 235, 88, 160, 72,
       191, 243, 65, 242, 164, 231, 124, 74, 75, 107, 250, 49, 183, 253,
       5, 58, 66, 19, 194, 41, 242, 193, 102, 238, 15, 2, 78, 168, 229,
       22, 178, 3, 99, 74, 60, 87, 104, 228, 108, 227, 108, 231, 93, 237,
       177, 170, 194, 21, 37, 62, 116, 6, 98, 32, 249, 229, 100, 8, 248,
       0, 105, 177, 50, 137, 143, 27, 85, 58, 174, 157, 93, 157, 138,
       116, 129, 192, 142, 220, 147, 162, 197, 160, 67, 141, 77, 113, 49,
       69, 55, 14, 115, 24, 105, 104, 55, 76, 222, 17, 137, 118, 178, 4,
       124, 104, 193, 32, 241, 76, 199, 188, 33, 6, 74, 34, 67, 51, 196,
       36, 223, 241, 238, 40, 233, 66, 251, 179, 187, 218, 159, 235, 209,
       27, 43, 231, 110, 153, 51, 118, 207, 194, 220, 146, 127, 44, 196,
       225, 35, 160, 48, 207, 142, 63, 28, 138, 70, 167, 212, 6, 234, 41,
       35, 161, 35, 80, 72, 230, 232, 64, 72, 171, 67, 47, 224, 231, 84,
       25, 113, 88, 124, 10, 253, 127, 20, 237, 185, 15, 94, 190, 59,
       168, 184, 76, 159, 51, 1, 177, 157, 221, 124, 108, 233, 98, 193,
       190, 251, 223, 101, 60, 90, 121, 202, 3, 236, 171, 132, 115, 141,
       13, 70, 184, 215, 184, 181, 77, 195, 105, 88, 131, 217, 68, 110,
       122, 126, 96, 219, 176, 111, 219, 197, 124, 218, 189, 216, 128,
