%YAML:1.0
---
descriptors: !!opencv-matrix
   rows: 226
   cols: 32
   dt: u
   data: [ 23, 100, 235, 65, 212, 111, 233, 206, 86, 227, 126, 2, 17, 20,
       245, 44, 121, 136, 18, 188, 163, 244, 53, 222, 61, 14, 159, 100,
       229, 216, 80, 236, 69, 81, 27, 65, 50, 14, 99, 152, 108, 40, 110,
       68, 222, 18, 137, 112, 182, 68, 108, 126, 193, 176, 185, 104, 228,
       189, 33, 4, 72, 51, 67, 33, 196, 141, 133, 147, 150, 168, 38, 134,
       62, 19, 75, 18, 228, 98, 73, 74, 97, 110, 42, 146, 50, 216, 203,
       227, 172, 38, 222, 64, 128, 115, 161, 8, 24, 109, 31, 111, 19,
       230, 119, 246, 36, 8, 234, 0, 127, 247, 33, 112, 240, 255, 73,
       226, 8, 153, 25, 125, 241, 165, 6, 1, 176, 114, 39, 42, 116, 245,
       21, 238, 185, 13, 94, 252, 59, 58, 185, 72, 255, 255, 9, 48, 221,
       209, 95, 99, 107, 99, 219, 255, 185, 223, 111, 190, 88, 123, 2,
       51, 203, 115, 109, 109, 42, 159, 121, 57, 233, 200, 21, 228, 253,
       223, 146, 167, 22, 117, 253, 239, 225, 64, 182, 157, 230, 251,
       233, 168, 62, 166, 3, 245, 75, 142, 246, 30, 233, 188, 124, 199,
       251, 95, 116, 21, 40, 232, 246, 223, 165, 99, 238, 20, 182, 109,
       166, 227, 30, 127, 84, 203, 194, 196, 235, 207, 98, 178, 177, 252,
       125, 84, 144, 255, 27, 109, 148, 127, 110, 61, 30, 25, 157, 151,
       213, 149, 191, 111, 185, 215, 27, 127, 248, 255, 207, 12, 182, 95,
       242, 199, 102, 174, 157, 82, 70, 237, 229, 4, 250, 3, 99, 104, 60,
       199, 120, 228, 236, 227, 108, 163, 13, 173, 179, 226, 198, 19,
       119, 62, 244, 14, 198, 236, 216, 190, 254, 160, 190, 175, 154,
       147, 24, 146, 236, 234, 92, 66, 183, 107, 121, 145, 34, 76, 142,
       243, 172, 54, 223, 236, 148, 97, 129, 0, 178, 47, 99, 77, 82, 18,
       171, 104, 53, 4, 226, 226, 73, 7, 133, 213, 126, 221, 147, 234,
       104, 150, 101, 207, 52, 40, 139, 128, 103, 165, 102, 244, 130,
       165, 149, 155, 252, 137, 172, 143, 30, 19, 88, 249, 180, 226, 232,
       64, 207, 27, 106, 17, 115, 92, 75, 215, 44, 22, 62, 238, 156, 72,
       129, 169, 252, 112, 184, 224, 75, 109, 80, 200, 235, 178, 165, 25,
       14, 159, 69, 58, 169, 213, 233, 82, 12, 103, 154, 128, 155, 217,
       69, 63, 227, 121, 78, 2, 181, 204, 213, 255, 157, 15, 70, 188, 83,
       179, 176, 88, 67, 105, 92, 27, 217, 206, 36, 122, 122, 118, 91,
       183, 171, 222, 197, 116, 249, 250, 208, 0, 33, 204, 87, 65, 116,
       15, 235, 118, 108, 8, 122, 68, 250, 49, 148, 52, 55, 36, 86, 44,
       129, 184, 1, 76, 44, 158, 34, 192, 74, 160, 67, 169, 162, 76, 215,
       254, 252, 171, 222, 239, 223, 130, 240, 80, 230, 233, 53, 65, 219,
       107, 111, 43, 112, 239, 74, 255, 168, 254, 87, 26, 212, 248, 241,
       141, 130, 140, 181, 151, 225, 102, 188, 135, 190, 191, 2, 17, 204,
       62, 76, 75, 135, 87, 251, 145, 48, 220, 155, 226, 45, 50, 94, 70,
       128, 84, 133, 139, 24, 221, 57, 251, 48, 207, 83, 182, 22, 9, 238,
       0, 183, 87, 32, 112, 213, 58, 29, 88, 107, 136, 113, 63, 235, 239,
       52, 80, 16, 136, 132, 123, 3, 190, 123, 225, 242, 158, 62, 55, 61,
       105, 122, 228, 157, 63, 132, 112, 167, 63, 95, 148, 213, 152, 132,
       206, 174, 253, 46, 194, 12, 192, 139, 153, 130, 148, 164, 213,
       225, 118, 188, 135, 158, 255, 70, 17, 204, 60, 78, 75, 135, 87,
       243, 17, 52, 220, 187, 224, 47, 50, 94, 71, 132, 84, 149, 223, 37,
       68, 43, 64, 212, 231, 235, 206, 86, 181, 222, 18, 80, 208, 253,
       108, 89, 168, 18, 185, 171, 183, 60, 94, 121, 14, 135, 100, 213,
       91, 116, 228, 90, 170, 150, 187, 171, 249, 145, 135, 191, 31, 138,
       49, 172, 190, 34, 206, 227, 51, 233, 17, 22, 73, 195, 247, 137,
       246, 30, 91, 146, 68, 173, 79, 33, 77, 106, 94, 212, 159, 230,
       231, 220, 133, 102, 9, 115, 232, 55, 49, 248, 234, 2, 124, 228,
       186, 116, 47, 126, 47, 4, 1, 217, 216, 216, 140, 77, 113, 113, 69,
       52, 14, 99, 56, 105, 232, 119, 76, 222, 81, 153, 52, 178, 4, 108,
       110, 193, 176, 177, 76, 198, 184, 33, 4, 74, 163, 67, 33, 209,
       213, 77, 205, 40, 78, 79, 184, 100, 120, 194, 68, 243, 103, 184,
       115, 84, 196, 60, 110, 233, 1, 125, 29, 165, 170, 97, 20, 56, 162,
       64, 48, 3, 191, 91, 225, 242, 142, 62, 247, 60, 72, 122, 228, 189,
       158, 160, 112, 182, 63, 31, 204, 197, 152, 48, 111, 228, 253, 46,
       128, 12, 146, 171, 185, 58, 105, 114, 76, 117, 221, 90, 102, 105,
       4, 252, 8, 42, 159, 54, 180, 248, 186, 198, 72, 78, 187, 48, 253,
       51, 221, 0, 27, 99, 142, 110, 158, 17, 79, 222, 213, 20, 138, 110,
       39, 117, 130, 126, 2, 123, 163, 177, 116, 114, 238, 46, 202, 120,
       184, 5, 238, 246, 175, 230, 0, 103, 240, 232, 168, 38, 255, 17,
       170, 216, 205, 166, 238, 14, 1, 72, 75, 164, 211, 108, 0, 217,
       123, 3, 81, 83, 26, 90, 247, 61, 20, 15, 110, 152, 27, 131, 138,
       216, 180, 188, 112, 169, 109, 21, 143, 187, 63, 172, 25, 142, 55,
       74, 27, 129, 23, 237, 16, 58, 77, 249, 83, 219, 211, 85, 119, 194,
       64, 135, 107, 137, 188, 19, 185, 96, 175, 169, 55, 62, 27, 82,
       116, 188, 183, 224, 105, 135, 59, 19, 25, 179, 220, 16, 87, 205,
       150, 122, 192, 152, 64, 161, 185, 133, 164, 221, 241, 236, 169,
       233, 27, 254, 179, 49, 90, 157, 171, 216, 43, 171, 15, 110, 29,
       51, 124, 207, 210, 204, 154, 127, 116, 220, 200, 131, 160, 254,
       64, 254, 228, 13, 94, 95, 48, 41, 166, 247, 10, 91, 55, 7, 255,
       122, 213, 253, 234, 104, 215, 249, 202, 243, 251, 199, 21, 39,
       183, 126, 34, 244, 72, 223, 246, 76, 40, 109, 64, 249, 146, 179,
       90, 255, 35, 69, 91, 107, 229, 108, 234, 104, 103, 195, 226, 212,
       170, 250, 24, 37, 241, 99, 32, 164, 32, 184, 224, 205, 47, 240,
       200, 219, 187, 161, 24, 18, 217, 109, 27, 185, 217, 67, 48, 58,
       119, 218, 146, 95, 152, 1, 127, 209, 105, 70, 130, 244, 96, 186,
       116, 77, 13, 85, 208, 227, 190, 181, 8, 90, 217, 69, 27, 137, 252,
       103, 122, 104, 103, 154, 8, 83, 217, 69, 63, 195, 121, 70, 170,
       77, 48, 223, 231, 224, 46, 120, 25, 58, 187, 99, 80, 221, 243, 73,
       250, 183, 95, 124, 24, 17, 208, 153, 66, 207, 237, 99, 4, 136,
       227, 171, 131, 35, 104, 114, 92, 109, 137, 248, 70, 239, 0, 240,
       8, 174, 152, 21, 60, 170, 169, 119, 65, 6, 47, 198, 241, 20, 60,
       26, 58, 85, 12, 67, 142, 15, 161, 112, 195, 253, 125, 248, 201,
       95, 117, 61, 27, 206, 88, 94, 172, 187, 155, 255, 53, 150, 112,
       255, 212, 159, 92, 19, 119, 214, 143, 209, 198, 99, 178, 253, 248,
       124, 23, 152, 95, 27, 121, 181, 253, 62, 29, 158, 57, 159, 159,
       245, 21, 159, 107, 43, 213, 91, 123, 248, 254, 30, 140, 151, 83,
       196, 172, 149, 151, 214, 168, 38, 175, 186, 147, 10, 82, 236, 226,
       73, 66, 113, 107, 42, 152, 50, 92, 138, 243, 172, 6, 159, 108,
       160, 113, 161, 136, 125, 245, 149, 238, 185, 15, 94, 248, 59, 168,
       185, 76, 223, 115, 73, 176, 157, 221, 124, 106, 107, 99, 219, 191,
       185, 223, 103, 190, 88, 251, 67, 3, 236, 235, 196, 243, 237, 15,
       70, 189, 87, 186, 179, 89, 211, 105, 92, 3, 89, 70, 110, 122, 122,
       100, 219, 178, 111, 219, 229, 117, 251, 248, 216, 130, 164, 140,
       215, 254, 252, 171, 214, 238, 223, 147, 240, 88, 238, 232, 44,
       201, 211, 107, 110, 34, 112, 111, 10, 255, 168, 190, 87, 62, 212,
       120, 225, 137, 121, 177, 154, 38, 181, 29, 90, 221, 107, 233, 255,
       76, 255, 251, 74, 176, 180, 207, 124, 92, 159, 187, 216, 161, 219,
       253, 37, 124, 74, 130, 202, 11, 9, 11, 23, 69, 52, 159, 234, 54,
       108, 8, 126, 64, 190, 49, 132, 180, 174, 38, 118, 76, 129, 184, 1,
       110, 36, 190, 34, 192, 75, 128, 75, 169, 162, 164, 213, 155, 252,
       233, 168, 143, 30, 51, 49, 248, 157, 98, 200, 11, 27, 27, 106, 17,
       51, 92, 207, 211, 12, 22, 63, 124, 156, 72, 131, 128, 201, 250,
       151, 216, 168, 140, 61, 191, 191, 27, 54, 116, 188, 211, 232, 239,
       167, 83, 126, 28, 243, 77, 139, 241, 136, 250, 127, 206, 154, 128,
       171, 169, 246, 32, 245, 229, 102, 10, 248, 0, 105, 145, 178, 139,
