%YAML:1.0
---
descriptors: !!opencv-matrix
   rows: 431
   cols: 32
   dt: u
   data: [ 228, 188, 168, 112, 221, 207, 215, 250, 147, 190, 172, 9, 19,
       237, 83, 17, 153, 250, 113, 123, 106, 106, 250, 63, 123, 151, 69,
       125, 210, 105, 86, 250, 31, 52, 227, 128, 87, 54, 233, 91, 21,
       193, 222, 151, 25, 159, 119, 44, 124, 137, 19, 189, 153, 179, 52,
       202, 91, 77, 154, 196, 175, 204, 48, 240, 40, 165, 97, 43, 124,
       201, 163, 101, 206, 97, 185, 169, 187, 205, 60, 128, 136, 187,
       203, 85, 19, 43, 92, 63, 125, 21, 32, 121, 85, 14, 215, 250, 10,
       132, 16, 155, 197, 215, 188, 47, 29, 7, 91, 19, 236, 58, 46, 196,
       217, 27, 147, 129, 118, 156, 89, 223, 37, 54, 218, 67, 22, 76,
       189, 142, 211, 193, 110, 237, 12, 2, 205, 119, 197, 17, 150, 118,
       91, 11, 176, 99, 104, 133, 125, 169, 232, 141, 37, 205, 240, 169,
       234, 148, 61, 152, 240, 40, 54, 121, 67, 74, 86, 143, 194, 72, 23,
       40, 241, 107, 82, 216, 125, 152, 252, 185, 23, 247, 138, 183, 72,
       92, 16, 12, 169, 254, 125, 59, 114, 129, 52, 254, 175, 247, 148,
       68, 255, 240, 112, 215, 182, 87, 243, 110, 91, 43, 253, 223, 85,
       243, 189, 243, 248, 42, 235, 199, 255, 101, 197, 114, 255, 218,
       124, 241, 152, 224, 139, 70, 89, 220, 35, 252, 164, 13, 31, 151,
       67, 90, 229, 213, 253, 210, 90, 67, 219, 16, 219, 201, 175, 253,
       162, 34, 46, 91, 101, 116, 129, 7, 137, 62, 102, 184, 115, 242,
       171, 76, 194, 96, 91, 158, 217, 204, 232, 111, 141, 64, 221, 170,
       172, 54, 197, 54, 138, 255, 218, 148, 168, 216, 30, 250, 29, 193,
       149, 199, 150, 21, 196, 18, 164, 253, 34, 72, 201, 58, 163, 17,
       106, 175, 18, 183, 235, 215, 158, 75, 16, 24, 188, 138, 141, 87,
       4, 103, 181, 30, 110, 184, 125, 234, 127, 68, 223, 113, 153, 245,
       53, 68, 124, 110, 229, 244, 89, 238, 166, 255, 101, 132, 74, 247,
       91, 181, 175, 103, 68, 71, 180, 31, 110, 184, 113, 234, 127, 76,
       203, 104, 159, 181, 29, 196, 92, 110, 237, 244, 221, 174, 38, 127,
       229, 148, 78, 255, 90, 20, 220, 207, 99, 111, 146, 2, 78, 185,
       117, 194, 203, 66, 123, 123, 145, 112, 118, 244, 125, 238, 233,
       137, 189, 238, 251, 239, 165, 16, 46, 246, 96, 40, 29, 116, 154,
       175, 54, 235, 179, 64, 100, 224, 251, 162, 223, 248, 43, 96, 123,
       253, 94, 49, 13, 179, 141, 14, 252, 229, 39, 21, 237, 123, 41,
       131, 145, 195, 47, 143, 34, 14, 173, 56, 172, 92, 87, 198, 245,
       70, 154, 99, 38, 101, 125, 239, 193, 197, 167, 109, 197, 168, 106,
       128, 36, 163, 37, 241, 85, 135, 207, 199, 134, 34, 109, 223, 228,
       179, 218, 230, 81, 99, 185, 106, 127, 198, 62, 188, 153, 209, 141,
       224, 248, 174, 239, 132, 173, 251, 240, 33, 125, 38, 134, 180,
       141, 58, 92, 75, 225, 191, 187, 13, 207, 170, 19, 219, 233, 199,
       237, 167, 28, 195, 197, 128, 210, 243, 241, 149, 166, 119, 218,
       70, 112, 43, 140, 165, 46, 137, 84, 13, 234, 189, 146, 239, 167,
       168, 214, 146, 160, 228, 236, 69, 30, 107, 199, 37, 190, 65, 117,
       185, 172, 30, 155, 5, 73, 2, 4, 29, 137, 188, 168, 23, 174, 153,
       171, 68, 203, 162, 196, 206, 205, 102, 236, 148, 143, 233, 199,
       128, 132, 250, 218, 80, 202, 198, 203, 12, 145, 101, 122, 47, 30,
       75, 215, 237, 100, 224, 250, 170, 247, 88, 155, 35, 122, 213, 92,
       227, 205, 163, 205, 40, 240, 161, 39, 21, 109, 186, 169, 10, 83,
       163, 132, 21, 186, 59, 224, 15, 238, 241, 138, 237, 227, 168, 214,
       203, 135, 199, 232, 21, 157, 249, 207, 64, 140, 35, 125, 55, 205,
       236, 152, 29, 199, 200, 133, 159, 142, 107, 142, 172, 158, 242,
       144, 223, 196, 108, 93, 139, 143, 71, 123, 71, 37, 69, 223, 243,
       44, 18, 223, 190, 157, 125, 17, 92, 127, 99, 128, 36, 11, 25, 76,
       186, 163, 247, 132, 205, 175, 96, 214, 214, 87, 231, 236, 109,
       172, 67, 199, 136, 186, 113, 205, 191, 238, 180, 138, 213, 221,
       159, 204, 181, 144, 114, 79, 191, 22, 247, 142, 151, 209, 103,
       154, 207, 85, 198, 189, 172, 185, 220, 253, 47, 238, 231, 255,
       197, 174, 244, 188, 120, 19, 159, 75, 138, 246, 129, 238, 255, 4,
       72, 220, 231, 113, 143, 182, 64, 127, 130, 23, 237, 219, 11, 44,
       255, 122, 44, 174, 200, 53, 154, 240, 217, 90, 151, 91, 232, 250,
       98, 185, 113, 173, 65, 157, 243, 92, 255, 168, 112, 126, 147, 159,
       160, 17, 11, 32, 215, 184, 229, 170, 207, 61, 2, 165, 179, 165,
       110, 125, 99, 116, 10, 111, 56, 112, 168, 119, 236, 211, 1, 153,
       49, 26, 204, 70, 110, 233, 244, 109, 14, 110, 139, 37, 196, 111,
       171, 66, 161, 75, 161, 228, 85, 127, 92, 184, 123, 107, 245, 20,
       138, 8, 60, 214, 175, 47, 5, 243, 173, 181, 120, 183, 221, 31, 91,
       219, 175, 199, 164, 95, 253, 180, 80, 93, 234, 12, 71, 214, 248,
       17, 54, 177, 27, 83, 92, 29, 27, 217, 209, 85, 226, 108, 103, 91,
       60, 211, 203, 229, 60, 117, 187, 86, 194, 85, 40, 131, 165, 164,
       106, 102, 18, 104, 234, 90, 97, 151, 51, 209, 122, 162, 100, 125,
       95, 25, 216, 129, 34, 196, 166, 238, 128, 172, 113, 18, 1, 121,
       241, 186, 50, 157, 141, 180, 199, 250, 249, 168, 29, 190, 186,
       102, 50, 161, 11, 106, 17, 87, 107, 146, 98, 249, 157, 22, 123,
       200, 16, 203, 138, 217, 57, 187, 120, 233, 221, 81, 87, 251, 255,
       180, 24, 191, 191, 66, 184, 165, 183, 92, 16, 185, 111, 240, 18,
       219, 249, 52, 114, 194, 0, 135, 107, 31, 30, 103, 218, 23, 182,
       107, 82, 213, 192, 207, 198, 121, 202, 55, 236, 109, 171, 155,
       157, 139, 159, 62, 238, 219, 239, 138, 64, 191, 207, 112, 124, 3,
       10, 4, 189, 13, 173, 140, 111, 142, 2, 192, 159, 165, 160, 50,
       207, 72, 163, 106, 141, 46, 11, 71, 253, 148, 50, 218, 56, 20, 76,
       153, 12, 46, 71, 106, 79, 246, 3, 255, 248, 22, 172, 127, 231, 65,
       109, 191, 64, 126, 204, 183, 238, 192, 144, 109, 62, 110, 47, 173,
       133, 55, 255, 116, 241, 28, 28, 31, 191, 67, 224, 181, 66, 164,
       134, 239, 34, 253, 119, 33, 75, 110, 179, 31, 163, 32, 147, 80,
       104, 213, 227, 122, 2, 32, 115, 37, 179, 80, 144, 156, 247, 9,
       108, 117, 184, 187, 179, 135, 148, 255, 119, 8, 79, 5, 246, 249,
       2, 105, 101, 219, 225, 199, 243, 90, 18, 10, 243, 133, 58, 185,
       141, 76, 158, 158, 128, 79, 251, 212, 66, 220, 134, 113, 227, 186,
       64, 123, 226, 63, 143, 249, 11, 46, 255, 242, 111, 174, 200, 63,
       202, 240, 88, 161, 173, 9, 217, 221, 229, 224, 239, 222, 17, 200,
       24, 180, 243, 112, 32, 201, 42, 2, 156, 51, 42, 82, 247, 109, 158,
       158, 104, 152, 72, 241, 186, 53, 219, 107, 202, 246, 131, 206,
       253, 70, 104, 220, 230, 51, 200, 181, 32, 127, 170, 22, 124, 219,
       43, 44, 189, 122, 140, 167, 240, 61, 154, 240, 185, 226, 235, 15,
       222, 104, 209, 78, 238, 159, 25, 148, 200, 162, 167, 180, 209,
       205, 210, 255, 202, 107, 75, 202, 253, 187, 51, 254, 249, 16, 153,
       62, 44, 245, 95, 109, 71, 52, 30, 111, 180, 96, 236, 246, 228,
       115, 101, 151, 115, 124, 228, 28, 110, 233, 176, 125, 44, 230,
       171, 229, 128, 45, 187, 86, 121, 104, 181, 188, 245, 232, 46, 21,
       191, 59, 255, 62, 61, 214, 61, 75, 27, 149, 86, 125, 61, 240, 120,
       243, 2, 237, 191, 117, 182, 202, 240, 214, 123, 33, 32, 215, 217,
       84, 131, 227, 72, 86, 2, 97, 66, 65, 192, 53, 164, 120, 40, 2,
       169, 1, 182, 23, 158, 4, 142, 131, 0, 117, 10, 112, 164, 146, 188,
       154, 218, 147, 245, 48, 198, 159, 3, 68, 50, 172, 215, 32, 236,
       245, 59, 155, 144, 51, 141, 18, 247, 139, 214, 154, 67, 154, 72,
       173, 190, 3, 205, 146, 221, 238, 169, 190, 230, 204, 146, 88, 66,
       172, 226, 245, 198, 231, 107, 19, 74, 96, 25, 130, 235, 60, 28,
       79, 170, 148, 248, 161, 141, 92, 123, 30, 186, 168, 173, 25, 128,
       166, 28, 133, 133, 143, 199, 99, 91, 230, 49, 237, 210, 10, 1,
       146, 49, 211, 193, 58, 121, 184, 19, 45, 83, 36, 238, 157, 123,
       152, 246, 138, 140, 62, 89, 225, 80, 179, 238, 76, 43, 205, 91,
       204, 144, 191, 248, 235, 61, 175, 251, 183, 117, 208, 65, 143,
