%YAML:1.0
---
descriptors: !!opencv-matrix
   rows: 313
   cols: 32
   dt: u
   data: [ 1, 30, 27, 251, 180, 175, 107, 83, 94, 73, 90, 118, 183, 107,
       177, 96, 223, 43, 30, 28, 179, 184, 97, 127, 236, 142, 170, 192,
       156, 201, 49, 185, 94, 221, 183, 151, 183, 204, 254, 228, 63, 249,
       251, 66, 126, 126, 72, 242, 235, 255, 191, 211, 90, 251, 57, 231,
       253, 246, 223, 67, 1, 114, 167, 251, 54, 63, 43, 222, 91, 197,
       155, 120, 135, 72, 217, 111, 120, 220, 37, 32, 220, 187, 215, 231,
       235, 35, 122, 255, 115, 28, 9, 186, 89, 47, 54, 243, 165, 127,
       101, 3, 188, 31, 198, 57, 76, 234, 185, 76, 211, 24, 213, 165, 28,
       68, 94, 127, 237, 240, 125, 28, 44, 90, 37, 244, 77, 191, 218,
       149, 212, 88, 158, 190, 14, 100, 91, 16, 132, 130, 215, 2, 119,
       211, 33, 75, 104, 240, 46, 194, 8, 135, 27, 168, 209, 227, 234,
       24, 52, 251, 48, 2, 195, 190, 149, 19, 171, 173, 180, 159, 223,
       251, 160, 253, 166, 188, 68, 143, 135, 19, 234, 21, 183, 109, 91,
       115, 12, 18, 93, 122, 216, 92, 131, 221, 33, 118, 200, 71, 112,
       62, 238, 60, 120, 234, 121, 76, 243, 40, 159, 179, 158, 110, 68,
       110, 229, 240, 205, 46, 46, 15, 37, 160, 73, 243, 74, 157, 125,
       52, 184, 165, 169, 127, 87, 152, 115, 247, 169, 25, 159, 95, 74,
       58, 151, 223, 252, 51, 188, 82, 249, 26, 223, 215, 5, 55, 162,
       243, 134, 66, 74, 24, 183, 119, 169, 124, 53, 23, 235, 251, 142,
       16, 252, 63, 71, 106, 129, 119, 249, 0, 129, 73, 179, 224, 195,
       255, 86, 19, 138, 116, 197, 123, 5, 3, 74, 239, 96, 15, 239, 248,
       44, 12, 125, 196, 241, 99, 185, 9, 126, 9, 6, 110, 128, 176, 8,
       93, 100, 142, 114, 128, 81, 179, 225, 161, 35, 29, 106, 78, 85,
       151, 182, 104, 93, 68, 124, 6, 104, 232, 183, 36, 94, 42, 146,
       107, 148, 186, 126, 255, 55, 61, 131, 11, 95, 175, 120, 252, 79,
       95, 187, 245, 229, 190, 127, 242, 189, 234, 126, 100, 30, 191,
       167, 120, 231, 127, 181, 78, 241, 188, 176, 234, 231, 255, 119,
       130, 138, 253, 65, 249, 184, 77, 86, 172, 61, 70, 82, 248, 5, 4,
       250, 3, 107, 93, 35, 209, 248, 245, 140, 98, 108, 179, 81, 173,
       179, 233, 162, 19, 51, 191, 124, 94, 30, 94, 110, 186, 91, 224,
       187, 114, 141, 140, 222, 167, 41, 207, 55, 65, 238, 185, 151, 211,
       192, 159, 38, 236, 115, 99, 170, 139, 21, 23, 53, 251, 28, 229,
       54, 163, 154, 203, 119, 253, 119, 249, 219, 171, 223, 248, 74, 33,
       127, 219, 110, 241, 126, 113, 205, 84, 252, 192, 39, 69, 237, 170,
       165, 3, 189, 64, 106, 236, 20, 130, 203, 80, 196, 128, 215, 2, 83,
       193, 185, 96, 120, 172, 27, 234, 136, 167, 52, 136, 82, 233, 162,
       8, 55, 187, 112, 32, 11, 60, 177, 155, 246, 181, 185, 91, 223,
       219, 28, 253, 188, 220, 247, 40, 143, 59, 151, 21, 151, 124, 174,
       242, 76, 93, 63, 234, 222, 205, 131, 253, 9, 215, 125, 175, 52,
       95, 155, 184, 76, 124, 93, 230, 223, 125, 186, 33, 63, 85, 149,
       111, 209, 168, 61, 253, 108, 111, 111, 196, 93, 174, 213, 241, 67,
       127, 219, 207, 114, 4, 171, 60, 168, 200, 90, 228, 249, 247, 133,
       118, 54, 125, 61, 238, 129, 192, 174, 105, 36, 172, 171, 168, 13,
       179, 35, 185, 51, 205, 98, 158, 30, 133, 207, 246, 196, 72, 216,
       70, 49, 168, 182, 97, 72, 162, 23, 207, 203, 43, 62, 189, 56, 12,
       170, 152, 125, 154, 240, 152, 134, 120, 162, 159, 69, 196, 186,
       64, 27, 198, 85, 151, 168, 220, 119, 140, 252, 121, 147, 199, 128,
       214, 158, 234, 7, 60, 154, 139, 7, 119, 127, 222, 251, 182, 181,
       212, 123, 117, 152, 123, 155, 255, 148, 63, 12, 252, 215, 171,
       143, 25, 215, 49, 167, 111, 226, 215, 91, 95, 89, 255, 223, 108,
       31, 223, 10, 92, 146, 159, 85, 215, 58, 198, 31, 7, 80, 3, 172,
       222, 35, 204, 221, 57, 147, 129, 38, 180, 80, 251, 37, 54, 154, 3,
       22, 28, 61, 206, 73, 188, 63, 112, 241, 253, 113, 119, 249, 205,
       44, 24, 191, 191, 2, 176, 165, 55, 212, 16, 129, 235, 178, 132,
       203, 223, 20, 66, 194, 0, 135, 235, 156, 247, 124, 235, 166, 91,
       255, 253, 29, 90, 53, 167, 219, 93, 190, 37, 63, 82, 223, 111,
       250, 164, 41, 191, 238, 217, 39, 198, 127, 190, 213, 243, 80, 0,
       156, 247, 137, 108, 84, 7, 187, 243, 135, 24, 243, 119, 73, 79, 1,
       246, 249, 136, 41, 65, 219, 162, 199, 247, 215, 27, 170, 120, 136,
       26, 22, 157, 182, 211, 247, 66, 191, 230, 61, 53, 218, 51, 204,
       62, 46, 75, 239, 223, 63, 209, 58, 251, 57, 231, 255, 22, 222,
       199, 128, 125, 181, 219, 46, 204, 50, 159, 93, 215, 182, 225, 159,
       4, 89, 3, 236, 252, 35, 192, 217, 59, 131, 3, 102, 186, 90, 255,
       39, 86, 143, 43, 151, 94, 45, 198, 149, 7, 31, 101, 144, 254, 250,
       56, 228, 192, 243, 192, 211, 236, 185, 99, 124, 245, 108, 243,
       189, 161, 109, 12, 233, 225, 167, 21, 105, 171, 41, 0, 27, 54,
       234, 161, 246, 51, 233, 83, 21, 193, 222, 247, 25, 63, 246, 40,
       127, 141, 23, 189, 153, 219, 37, 198, 90, 77, 158, 196, 175, 196,
       185, 240, 124, 178, 189, 168, 169, 36, 89, 216, 163, 255, 128, 61,
       95, 255, 75, 90, 197, 221, 253, 16, 158, 67, 250, 144, 219, 249,
       175, 126, 146, 97, 166, 83, 59, 36, 227, 236, 95, 119, 200, 74,
       87, 193, 252, 2, 25, 172, 55, 236, 120, 168, 146, 189, 14, 163,
       52, 138, 147, 237, 130, 57, 183, 237, 120, 206, 1, 153, 187, 29,
       162, 233, 181, 183, 190, 79, 74, 229, 180, 246, 160, 72, 135, 59,
       107, 4, 17, 152, 114, 115, 196, 38, 58, 144, 152, 80, 133, 249, 7,
       185, 161, 139, 213, 213, 166, 200, 95, 233, 88, 70, 168, 248, 125,
       164, 221, 107, 146, 223, 151, 186, 126, 243, 45, 92, 143, 110,
       223, 126, 89, 156, 6, 139, 234, 139, 242, 129, 191, 207, 30, 5,
       88, 163, 129, 238, 238, 64, 255, 155, 135, 213, 22, 152, 14, 243,
       108, 4, 190, 205, 149, 210, 165, 219, 254, 80, 164, 246, 41, 119,
       92, 152, 155, 254, 149, 63, 78, 255, 79, 255, 197, 213, 253, 99,
       236, 71, 251, 138, 211, 251, 253, 191, 22, 253, 28, 87, 63, 31,
       127, 238, 246, 43, 223, 255, 89, 234, 255, 238, 95, 105, 189, 33,
       127, 215, 23, 239, 249, 179, 45, 238, 242, 255, 239, 144, 125,
       251, 240, 49, 130, 181, 148, 147, 253, 253, 184, 199, 190, 61,
       113, 17, 172, 150, 110, 77, 135, 27, 194, 16, 54, 88, 218, 211,
       13, 20, 30, 103, 150, 76, 141, 223, 203, 94, 55, 244, 54, 132,
       187, 118, 237, 200, 86, 98, 188, 159, 165, 96, 166, 115, 127, 67,
       225, 141, 34, 239, 243, 255, 58, 138, 12, 1, 33, 59, 130, 221, 30,
       190, 50, 128, 56, 230, 189, 1, 80, 162, 188, 183, 33, 65, 230,
       123, 159, 193, 34, 137, 18, 255, 248, 246, 158, 136, 28, 20, 33,
       155, 53, 15, 79, 254, 60, 163, 75, 113, 196, 72, 219, 230, 115,
       225, 177, 96, 126, 162, 30, 172, 185, 171, 44, 157, 216, 239, 162,
       200, 61, 235, 112, 49, 29, 30, 103, 210, 182, 242, 107, 82, 245,
       196, 207, 198, 89, 239, 183, 228, 127, 176, 154, 188, 153, 131,
       44, 206, 218, 207, 139, 64, 191, 239, 116, 112, 1, 75, 87, 149,
       102, 138, 232, 86, 236, 128, 114, 230, 173, 139, 176, 66, 98, 109,
       46, 92, 192, 185, 6, 236, 52, 58, 62, 128, 44, 152, 225, 137, 3,
       176, 171, 177, 119, 247, 185, 194, 95, 77, 84, 151, 152, 220, 126,
       40, 255, 57, 147, 149, 151, 246, 52, 210, 79, 93, 155, 231, 197,
       13, 247, 247, 171, 241, 120, 97, 118, 75, 217, 254, 95, 105, 180,
       170, 31, 29, 158, 32, 158, 153, 87, 225, 207, 186, 101, 223, 102,
       221, 49, 181, 111, 152, 202, 155, 59, 64, 234, 78, 87, 215, 235,
       73, 81, 134, 245, 10, 104, 220, 63, 180, 120, 168, 147, 174, 192,
       183, 60, 202, 55, 109, 128, 1, 103, 190, 126, 228, 205, 113, 251,
       228, 224, 46, 127, 16, 104, 202, 127, 100, 215, 23, 129, 123, 54,
       124, 61, 126, 193, 212, 161, 74, 231, 249, 39, 128, 136, 243, 227,
       113, 126, 13, 226, 124, 209, 114, 111, 147, 177, 134, 206, 130,
       105, 245, 19, 222, 88, 246, 249, 217, 56, 211, 244, 138, 127, 247,
       205, 3, 167, 245, 254, 118, 153, 2, 227, 193, 149, 55, 232, 86,
