%YAML:1.0
---
descriptors: !!opencv-matrix
   rows: 361
   cols: 32
   dt: u
   data: [ 66, 163, 46, 24, 42, 144, 184, 103, 170, 21, 169, 177, 160,
       142, 118, 80, 167, 43, 235, 149, 214, 11, 134, 85, 26, 53, 154,
       251, 85, 4, 175, 207, 18, 171, 170, 60, 26, 153, 144, 71, 174, 5,
       152, 169, 167, 140, 38, 0, 174, 51, 237, 1, 6, 43, 134, 117, 208,
       5, 58, 155, 85, 0, 175, 75, 0, 213, 107, 109, 48, 79, 111, 53, 36,
       76, 126, 228, 211, 87, 152, 112, 126, 172, 95, 110, 201, 176, 121,
       31, 229, 173, 33, 132, 104, 178, 198, 121, 26, 165, 131, 193, 149,
       102, 103, 207, 51, 235, 158, 19, 72, 55, 88, 204, 121, 206, 157,
       184, 59, 217, 153, 226, 185, 150, 159, 199, 130, 70, 180, 106, 66,
       106, 172, 145, 44, 251, 185, 134, 14, 183, 150, 162, 144, 188,
       215, 111, 75, 125, 251, 145, 0, 92, 229, 208, 77, 22, 223, 247,
       132, 124, 21, 110, 19, 157, 218, 222, 146, 203, 55, 247, 62, 3,
       74, 134, 125, 242, 32, 96, 119, 255, 26, 176, 119, 153, 56, 127,
       249, 166, 30, 66, 61, 90, 161, 138, 216, 169, 181, 122, 203, 233,
       17, 71, 174, 31, 101, 24, 62, 215, 64, 155, 161, 59, 232, 0, 18,
       79, 170, 113, 209, 193, 80, 123, 210, 1, 135, 98, 9, 227, 57, 97,
       117, 141, 119, 87, 107, 73, 124, 76, 159, 147, 192, 52, 180, 8,
       70, 108, 211, 184, 176, 93, 231, 221, 32, 96, 74, 130, 195, 169,
       216, 249, 145, 234, 25, 204, 51, 180, 190, 105, 130, 88, 191, 151,
       64, 114, 164, 117, 125, 80, 115, 13, 187, 51, 249, 241, 46, 120,
       26, 16, 133, 59, 56, 1, 121, 76, 146, 75, 67, 17, 97, 37, 237, 40,
       19, 53, 132, 52, 26, 156, 4, 120, 24, 186, 113, 12, 243, 237, 32,
       53, 243, 139, 198, 162, 207, 249, 178, 218, 239, 212, 191, 200,
       138, 92, 92, 162, 140, 222, 111, 239, 230, 91, 179, 223, 70, 67,
       186, 241, 87, 89, 207, 175, 150, 247, 173, 199, 28, 133, 215, 225,
       147, 98, 111, 63, 37, 129, 206, 194, 221, 39, 168, 228, 119, 214,
       157, 184, 57, 153, 53, 206, 169, 230, 142, 196, 174, 230, 161, 48,
       1, 138, 153, 185, 172, 169, 96, 159, 94, 89, 120, 117, 166, 162,
       240, 200, 195, 10, 38, 28, 151, 120, 67, 179, 140, 150, 50, 104,
       152, 200, 201, 152, 164, 123, 250, 222, 238, 153, 151, 208, 222,
       142, 116, 238, 160, 200, 229, 8, 222, 120, 134, 82, 194, 102, 78,
       234, 102, 29, 37, 171, 93, 251, 92, 187, 0, 160, 29, 155, 157,
       205, 48, 239, 94, 49, 64, 16, 182, 144, 104, 96, 193, 10, 34, 16,
       86, 56, 91, 181, 141, 150, 20, 107, 208, 8, 213, 142, 125, 101,
       239, 110, 206, 83, 207, 252, 194, 242, 157, 138, 83, 237, 249, 35,
       57, 196, 81, 239, 201, 99, 190, 56, 123, 201, 229, 60, 119, 251,
       246, 224, 119, 207, 111, 174, 150, 6, 79, 252, 20, 132, 218, 231,
       97, 99, 178, 65, 126, 230, 63, 239, 232, 155, 109, 172, 240, 43,
       175, 128, 37, 187, 240, 121, 245, 96, 237, 98, 204, 71, 79, 216,
       67, 246, 181, 10, 83, 93, 217, 59, 89, 212, 124, 122, 201, 103,
       255, 48, 123, 137, 229, 60, 245, 251, 86, 96, 34, 188, 18, 186,
       121, 205, 176, 71, 154, 9, 104, 41, 164, 150, 96, 144, 217, 59,
       130, 17, 23, 26, 194, 127, 61, 20, 26, 107, 88, 14, 175, 159, 131,
       148, 132, 187, 77, 245, 176, 142, 30, 83, 64, 23, 172, 250, 126,
       205, 193, 11, 179, 21, 39, 84, 91, 211, 12, 119, 218, 71, 154, 92,
       153, 158, 243, 65, 70, 204, 13, 22, 70, 104, 229, 128, 226, 2, 99,
       104, 52, 247, 120, 228, 108, 235, 108, 163, 61, 141, 179, 234,
       193, 19, 115, 62, 120, 4, 38, 237, 128, 158, 223, 21, 174, 236,
       223, 162, 249, 10, 232, 234, 124, 199, 249, 202, 130, 227, 100,
       107, 206, 255, 61, 22, 143, 191, 151, 127, 184, 142, 33, 41, 125,
       69, 252, 15, 103, 57, 96, 168, 191, 8, 211, 17, 208, 50, 56, 228,
       86, 120, 217, 184, 249, 12, 111, 136, 37, 116, 73, 170, 82, 168,
       235, 176, 252, 219, 232, 153, 153, 59, 143, 119, 180, 185, 156,
       246, 206, 59, 207, 151, 255, 157, 183, 79, 255, 209, 206, 59, 219,
       250, 150, 132, 143, 117, 18, 189, 137, 225, 176, 231, 47, 191, 54,
       105, 94, 242, 149, 55, 128, 64, 87, 95, 29, 156, 27, 152, 89, 63,
       233, 135, 191, 196, 128, 192, 165, 57, 96, 64, 187, 237, 100, 78,
       99, 52, 99, 169, 111, 8, 215, 151, 0, 112, 208, 244, 108, 8, 73,
       152, 243, 21, 197, 191, 48, 64, 0, 130, 68, 34, 253, 221, 63, 102,
       60, 78, 71, 176, 229, 248, 174, 72, 247, 113, 41, 115, 144, 244,
       125, 106, 233, 33, 121, 61, 243, 251, 101, 16, 74, 187, 80, 43,
       79, 48, 253, 179, 42, 61, 185, 18, 235, 247, 55, 189, 159, 30,
       222, 62, 167, 21, 255, 21, 135, 100, 255, 192, 206, 91, 91, 242,
       196, 197, 3, 117, 5, 243, 27, 226, 242, 143, 173, 117, 174, 57,
       59, 106, 212, 211, 104, 0, 190, 29, 83, 105, 211, 57, 136, 85,
       125, 0, 47, 228, 72, 10, 131, 161, 210, 227, 235, 161, 214, 66,
       173, 237, 50, 197, 82, 179, 85, 239, 88, 64, 123, 205, 55, 181,
       80, 218, 165, 194, 124, 38, 191, 197, 165, 128, 181, 240, 32, 173,
       61, 249, 92, 205, 93, 174, 30, 51, 44, 24, 182, 55, 8, 48, 129,
       91, 83, 8, 98, 104, 115, 55, 239, 159, 20, 120, 16, 8, 199, 234,
       34, 160, 121, 88, 232, 201, 177, 239, 234, 29, 176, 25, 180, 156,
       76, 16, 137, 147, 67, 17, 82, 111, 194, 81, 93, 16, 20, 126, 209,
       8, 199, 170, 48, 140, 57, 127, 20, 207, 67, 182, 86, 41, 238, 0,
       179, 19, 160, 96, 81, 186, 12, 8, 75, 168, 105, 63, 225, 175, 48,
       16, 48, 136, 68, 40, 24, 220, 62, 238, 149, 198, 67, 182, 196, 13,
       206, 4, 243, 83, 32, 112, 81, 50, 8, 56, 59, 137, 121, 63, 235,
       239, 164, 80, 184, 26, 244, 58, 223, 190, 174, 88, 235, 255, 181,
       247, 255, 255, 246, 125, 88, 254, 198, 191, 181, 118, 255, 20,
       183, 223, 187, 242, 123, 127, 117, 199, 203, 244, 239, 119, 8,
       188, 190, 249, 173, 237, 245, 207, 255, 27, 46, 16, 190, 251, 96,
       42, 161, 115, 122, 16, 50, 109, 179, 243, 207, 223, 86, 75, 210,
       80, 163, 138, 28, 157, 27, 235, 178, 227, 3, 182, 22, 9, 94, 98,
       247, 247, 32, 96, 83, 122, 31, 74, 75, 152, 89, 63, 233, 231, 46,
       192, 184, 91, 161, 187, 24, 158, 26, 255, 50, 161, 59, 247, 22, 7,
       78, 179, 189, 199, 34, 64, 119, 59, 131, 144, 50, 156, 18, 255,
       231, 231, 58, 65, 176, 128, 45, 171, 19, 203, 7, 31, 10, 144, 168,
       103, 238, 65, 218, 229, 160, 136, 180, 128, 238, 35, 121, 197,
       135, 137, 7, 245, 128, 126, 154, 194, 93, 4, 251, 156, 98, 95,
       126, 76, 108, 146, 247, 118, 201, 140, 252, 236, 32, 232, 183, 39,
       206, 126, 230, 99, 196, 171, 230, 236, 38, 56, 226, 139, 77, 187,
       118, 173, 32, 243, 57, 72, 232, 201, 161, 239, 170, 61, 57, 40,
       148, 159, 72, 16, 171, 27, 67, 17, 18, 58, 234, 85, 93, 4, 62,
       108, 209, 10, 135, 171, 32, 229, 61, 227, 252, 77, 229, 175, 94,
       57, 33, 24, 150, 55, 72, 49, 153, 26, 83, 24, 114, 120, 121, 23,
       237, 158, 117, 116, 208, 8, 199, 170, 206, 45, 178, 136, 233, 116,
       190, 203, 171, 222, 61, 9, 140, 238, 115, 151, 201, 75, 211, 135,
       86, 75, 186, 208, 63, 81, 207, 175, 146, 103, 175, 198, 158, 177,
       146, 241, 181, 114, 4, 159, 51, 153, 140, 112, 206, 247, 232, 172,
       217, 94, 189, 16, 59, 219, 251, 130, 170, 215, 159, 247, 138, 116,
       188, 183, 53, 223, 115, 79, 246, 147, 239, 248, 116, 232, 250,
       230, 113, 103, 189, 228, 126, 254, 22, 238, 193, 186, 45, 255, 62,
       173, 167, 128, 125, 251, 96, 185, 9, 160, 213, 155, 218, 137, 41,
       175, 54, 49, 66, 212, 245, 98, 200, 96, 83, 10, 42, 156, 55, 88,
       255, 87, 204, 166, 126, 100, 184, 128, 129, 184, 117, 223, 78,
       175, 182, 2, 111, 252, 68, 224, 219, 231, 115, 105, 187, 65, 126,
       228, 31, 239, 237, 177, 13, 61, 240, 111, 167, 128, 45, 187, 240,
       81, 1, 162, 157, 185, 124, 173, 96, 31, 94, 89, 80, 117, 182, 131,
       232, 72, 197, 10, 46, 28, 151, 120, 67, 145, 140, 150, 50, 104,
       152, 136, 153, 153, 0, 160, 17, 155, 221, 205, 48, 239, 94, 57,
