%YAML:1.0
---
descriptors: !!opencv-matrix
   rows: 251
   cols: 32
   dt: u
   data: [ 112, 95, 110, 76, 42, 154, 86, 112, 225, 140, 254, 224, 107,
       125, 151, 119, 102, 244, 220, 106, 236, 163, 38, 76, 242, 123, 96,
       131, 103, 183, 110, 103, 227, 91, 94, 28, 40, 134, 222, 48, 233,
       72, 242, 205, 106, 200, 21, 211, 230, 229, 237, 231, 237, 227,
       146, 237, 50, 56, 72, 154, 77, 179, 106, 29, 7, 234, 133, 147,
       174, 185, 168, 134, 254, 115, 26, 246, 196, 194, 223, 110, 103,
       75, 122, 223, 151, 68, 111, 115, 140, 22, 191, 214, 156, 85, 153,
       85, 16, 226, 235, 161, 150, 194, 173, 231, 50, 197, 82, 179, 85,
       239, 120, 64, 127, 221, 53, 181, 122, 220, 132, 70, 248, 166, 191,
       197, 165, 144, 181, 242, 92, 225, 211, 100, 82, 74, 114, 232, 161,
       132, 235, 41, 79, 227, 41, 16, 178, 253, 199, 226, 72, 179, 8, 76,
       248, 196, 5, 79, 225, 51, 38, 2, 253, 96, 233, 98, 204, 87, 79,
       216, 67, 242, 181, 10, 83, 85, 221, 47, 89, 204, 116, 250, 201,
       103, 255, 176, 121, 201, 229, 60, 247, 251, 118, 224, 28, 5, 147,
       237, 147, 102, 111, 55, 36, 129, 207, 194, 93, 103, 48, 228, 119,
       255, 29, 188, 25, 152, 21, 206, 249, 230, 174, 196, 171, 242, 161,
       48, 64, 169, 26, 154, 249, 233, 176, 231, 158, 29, 172, 56, 172,
       214, 96, 140, 201, 59, 202, 16, 22, 43, 2, 243, 221, 21, 30, 123,
       208, 8, 173, 139, 241, 69, 71, 204, 21, 82, 70, 96, 101, 0, 227,
       2, 99, 104, 52, 247, 120, 228, 108, 234, 108, 163, 53, 141, 179,
       234, 193, 17, 115, 63, 120, 6, 213, 223, 78, 175, 182, 2, 111,
       188, 36, 224, 210, 199, 113, 107, 155, 65, 126, 228, 125, 239,
       237, 145, 29, 45, 240, 235, 239, 132, 45, 179, 184, 25, 141, 28,
       159, 127, 97, 110, 117, 18, 252, 90, 103, 16, 254, 49, 33, 123,
       165, 118, 106, 10, 33, 245, 51, 104, 71, 187, 114, 0, 194, 241,
       99, 163, 189, 76, 101, 79, 44, 26, 207, 248, 84, 166, 243, 194,
       83, 69, 157, 239, 122, 212, 124, 234, 233, 245, 109, 42, 177, 234,
       231, 148, 117, 251, 116, 32, 84, 132, 154, 190, 172, 44, 117, 173,
       172, 27, 139, 17, 215, 251, 42, 90, 241, 71, 125, 5, 88, 65, 155,
       67, 241, 247, 126, 92, 128, 114, 241, 2, 194, 124, 50, 152, 251,
       224, 178, 71, 175, 6, 152, 179, 44, 158, 100, 212, 166, 179, 203,
       145, 54, 15, 130, 243, 179, 52, 10, 235, 16, 85, 175, 71, 2, 91,
       166, 152, 75, 160, 184, 66, 174, 29, 82, 167, 172, 143, 102, 204,
       230, 57, 171, 213, 6, 217, 130, 241, 20, 48, 218, 203, 20, 5, 173,
       219, 14, 62, 134, 179, 147, 182, 184, 67, 190, 151, 75, 151, 140,
       234, 102, 200, 231, 63, 163, 149, 54, 220, 155, 210, 12, 119, 223,
       195, 136, 69, 169, 150, 6, 241, 59, 130, 242, 141, 182, 97, 174,
       56, 57, 107, 20, 220, 108, 0, 174, 17, 95, 119, 209, 43, 24, 84,
       61, 8, 47, 254, 72, 10, 131, 179, 122, 189, 108, 174, 219, 228,
       95, 247, 163, 85, 236, 173, 63, 247, 2, 82, 199, 251, 245, 144,
       27, 138, 218, 189, 251, 229, 140, 187, 186, 214, 174, 122, 145,
       92, 17, 255, 20, 143, 71, 184, 20, 10, 64, 66, 247, 83, 161, 100,
       84, 122, 22, 74, 107, 156, 91, 63, 165, 230, 170, 16, 56, 185, 49,
       185, 119, 119, 197, 78, 206, 3, 79, 252, 131, 242, 153, 238, 83,
       232, 253, 179, 125, 196, 85, 239, 201, 67, 142, 56, 56, 8, 237,
       188, 125, 251, 242, 144, 247, 239, 234, 78, 254, 53, 78, 252, 147,
       138, 157, 206, 97, 224, 253, 55, 31, 194, 85, 238, 249, 67, 142,
       58, 122, 14, 229, 188, 191, 247, 250, 21, 53, 205, 103, 79, 150,
       83, 239, 252, 68, 224, 251, 66, 115, 101, 189, 228, 122, 206, 22,
       238, 249, 187, 125, 172, 59, 236, 167, 148, 117, 187, 244, 232,
       212, 132, 158, 170, 172, 44, 87, 169, 62, 31, 163, 25, 215, 243,
       104, 90, 209, 199, 109, 34, 56, 101, 139, 51, 217, 183, 103, 92,
       144, 107, 196, 34, 254, 88, 255, 244, 108, 110, 125, 16, 169, 254,
       182, 59, 123, 63, 7, 91, 238, 245, 253, 226, 104, 71, 227, 232,
       211, 251, 242, 147, 37, 241, 102, 123, 29, 1, 239, 101, 20, 18,
       103, 56, 84, 224, 222, 194, 83, 32, 177, 225, 120, 204, 60, 238,
       201, 176, 117, 12, 192, 235, 229, 4, 111, 171, 112, 32, 244, 104,
       215, 52, 10, 104, 72, 4, 185, 210, 162, 24, 103, 198, 69, 63, 33,
       229, 104, 218, 41, 71, 131, 64, 145, 162, 87, 24, 225, 113, 103,
       40, 156, 232, 190, 238, 172, 77, 87, 248, 214, 158, 180, 3, 215,
       249, 105, 11, 217, 81, 109, 107, 104, 101, 138, 40, 233, 195, 103,
       61, 112, 123, 69, 98, 213, 73, 78, 167, 38, 10, 111, 184, 100,
       226, 214, 198, 115, 99, 155, 115, 118, 228, 125, 239, 233, 148,
       93, 46, 244, 171, 239, 132, 45, 179, 112, 17, 93, 96, 205, 167,
       36, 106, 110, 152, 96, 234, 223, 198, 211, 111, 153, 122, 118,
       196, 124, 239, 205, 212, 237, 40, 196, 239, 231, 132, 44, 243, 88,
       17, 100, 203, 83, 10, 250, 137, 39, 248, 175, 1, 232, 237, 38,
       195, 232, 84, 86, 216, 70, 114, 90, 35, 10, 117, 188, 148, 5, 126,
       122, 147, 166, 49, 0, 180, 49, 251, 188, 173, 33, 191, 30, 61, 88,
       120, 182, 53, 72, 32, 133, 26, 54, 8, 18, 56, 107, 55, 205, 151,
       48, 124, 80, 8, 133, 233, 1, 162, 149, 155, 248, 137, 169, 143,
       30, 49, 17, 248, 149, 194, 200, 200, 79, 27, 42, 28, 19, 88, 207,
       209, 12, 16, 190, 252, 156, 136, 129, 168, 240, 189, 60, 239, 218,
       101, 93, 255, 35, 23, 236, 25, 55, 63, 0, 83, 207, 219, 117, 144,
       58, 90, 219, 63, 251, 233, 76, 56, 176, 64, 166, 187, 242, 65,
       103, 236, 15, 66, 70, 104, 225, 166, 162, 2, 67, 10, 53, 119, 120,
       228, 108, 227, 108, 231, 149, 140, 177, 234, 194, 19, 37, 58, 116,
       6, 32, 185, 16, 152, 121, 201, 144, 199, 207, 29, 96, 40, 174,
       210, 100, 16, 203, 187, 134, 16, 18, 42, 66, 245, 157, 148, 18,
       123, 208, 8, 135, 143, 37, 255, 185, 95, 248, 143, 175, 190, 126,
       239, 124, 100, 245, 231, 200, 148, 223, 126, 38, 92, 211, 184,
       251, 51, 108, 190, 119, 228, 216, 242, 199, 185, 9, 160, 197, 155,
       218, 217, 41, 175, 54, 113, 67, 146, 245, 98, 200, 236, 115, 10,
       42, 156, 51, 216, 255, 85, 76, 135, 190, 100, 188, 128, 129, 168,
       8, 138, 25, 249, 60, 173, 96, 159, 94, 25, 120, 116, 183, 129,
       176, 72, 195, 10, 38, 28, 147, 56, 67, 53, 204, 159, 50, 96, 152,
       136, 193, 169, 27, 205, 7, 193, 151, 246, 111, 183, 37, 137, 222,
       194, 93, 39, 176, 228, 119, 214, 157, 252, 89, 153, 17, 238, 185,
       238, 143, 196, 171, 214, 168, 56, 117, 237, 237, 68, 221, 127,
       199, 254, 83, 242, 172, 74, 115, 121, 85, 39, 89, 230, 80, 110,
       249, 107, 255, 46, 59, 142, 197, 60, 123, 251, 210, 108, 209, 219,
       127, 237, 166, 14, 103, 180, 116, 108, 246, 102, 115, 35, 178, 81,
       124, 228, 44, 238, 233, 180, 113, 45, 246, 171, 228, 128, 41, 186,
       240, 121, 81, 73, 15, 172, 12, 6, 68, 32, 165, 176, 130, 67, 83,
       50, 33, 115, 104, 228, 108, 226, 108, 227, 81, 204, 241, 162, 194,
       17, 33, 40, 120, 2, 33, 153, 184, 235, 188, 141, 83, 190, 86, 13,
       108, 0, 183, 209, 2, 96, 196, 58, 12, 88, 155, 40, 123, 63, 237,
       237, 36, 120, 16, 154, 196, 105, 94, 44, 230, 247, 199, 62, 252,
       182, 241, 147, 103, 19, 233, 107, 21, 143, 51, 231, 113, 155, 180,
       252, 159, 232, 15, 251, 215, 1, 231, 245, 121, 14, 248, 184, 61,
       122, 25, 205, 81, 114, 243, 21, 165, 24, 55, 87, 0, 51, 128, 178,
       64, 72, 122, 111, 250, 53, 195, 219, 80, 121, 114, 137, 70, 34,
       125, 245, 61, 234, 188, 15, 215, 248, 127, 200, 189, 76, 223, 93,
       13, 48, 220, 213, 126, 106, 233, 35, 123, 223, 255, 255, 35, 252,
       72, 187, 67, 51, 2, 189, 191, 188, 251, 210, 60, 231, 191, 221,
       90, 177, 172, 254, 32, 161, 167, 251, 239, 145, 119, 217, 178,
       127, 189, 119, 95, 203, 128, 64, 173, 127, 207, 50, 159, 144, 42,
       253, 177, 90, 239, 125, 183, 125, 156, 214, 231, 191, 167, 55,
       238, 17, 183, 69, 178, 80, 156, 49, 123, 254, 202, 68, 47, 119,
