%YAML:1.0
---
descriptors: !!opencv-matrix
   rows: 36
   cols: 32
   dt: u
   data: [ 61, 117, 25, 238, 189, 15, 86, 248, 47, 232, 185, 72, 223,
       125, 9, 176, 220, 213, 124, 106, 73, 35, 89, 190, 243, 221, 37,
       62, 74, 59, 67, 51, 124, 117, 153, 228, 188, 15, 95, 184, 59, 170,
       188, 104, 223, 119, 73, 48, 149, 221, 125, 106, 233, 67, 217, 58,
       251, 255, 37, 188, 66, 241, 66, 51, 5, 160, 249, 243, 236, 173,
       249, 31, 111, 59, 57, 120, 159, 185, 220, 42, 175, 27, 126, 25,
       147, 124, 203, 211, 204, 158, 127, 244, 220, 202, 129, 161, 125,
       71, 236, 69, 48, 26, 79, 184, 117, 232, 255, 228, 83, 96, 159,
       112, 54, 204, 44, 110, 233, 176, 109, 46, 230, 239, 37, 132, 111,
       243, 88, 5, 118, 64, 214, 140, 77, 102, 126, 72, 169, 134, 243,
       11, 110, 250, 101, 91, 248, 245, 239, 227, 76, 231, 219, 200, 147,
       178, 203, 27, 1, 127, 126, 6, 240, 72, 223, 253, 108, 40, 108, 20,
       169, 178, 242, 90, 251, 43, 21, 91, 107, 229, 127, 170, 104, 71,
       195, 224, 214, 250, 242, 152, 37, 249, 98, 8, 198, 236, 148, 151,
       205, 128, 166, 232, 190, 179, 131, 3, 236, 226, 76, 199, 241, 235,
       234, 211, 102, 85, 218, 255, 189, 22, 207, 107, 0, 50, 41, 14,
       125, 125, 153, 101, 184, 15, 86, 186, 59, 168, 172, 72, 159, 51,
       65, 48, 157, 221, 92, 104, 201, 122, 209, 30, 235, 221, 37, 52,
       72, 249, 74, 35, 209, 216, 61, 118, 8, 78, 69, 188, 224, 210, 166,
       24, 247, 115, 0, 123, 1, 212, 124, 106, 105, 101, 251, 41, 209,
       171, 117, 16, 104, 176, 66, 40, 253, 99, 121, 103, 52, 31, 67,
       120, 97, 236, 255, 72, 91, 65, 153, 176, 88, 204, 76, 106, 201,
       178, 109, 14, 247, 221, 33, 48, 98, 187, 70, 96, 50, 32, 214, 172,
       43, 3, 152, 72, 143, 160, 240, 139, 143, 138, 36, 210, 254, 157,
       127, 33, 12, 195, 195, 200, 144, 240, 75, 187, 20, 40, 43, 131,
       66, 160, 134, 156, 79, 131, 164, 232, 190, 178, 128, 3, 236, 226,
       104, 199, 241, 109, 234, 163, 102, 65, 138, 221, 156, 6, 207, 47,
       16, 38, 41, 134, 121, 125, 24, 101, 185, 143, 84, 55, 123, 168,
       174, 8, 159, 51, 1, 48, 128, 175, 76, 8, 73, 250, 209, 30, 231,
       223, 52, 48, 74, 248, 75, 11, 70, 161, 16, 129, 221, 111, 176, 73,
       47, 53, 185, 27, 204, 24, 72, 8, 187, 157, 235, 177, 18, 115, 217,
       212, 157, 16, 31, 127, 144, 10, 133, 134, 125, 71, 97, 69, 180,
       30, 79, 58, 97, 232, 254, 108, 211, 32, 149, 244, 22, 196, 124,
       108, 205, 176, 101, 14, 102, 238, 37, 148, 111, 242, 82, 5, 3,
       168, 23, 155, 237, 157, 232, 199, 222, 121, 84, 20, 188, 146, 242,
       173, 171, 11, 50, 29, 151, 92, 26, 241, 13, 24, 30, 236, 154, 12,
       137, 156, 74, 148, 151, 186, 57, 236, 56, 3, 191, 29, 67, 16, 172,
       183, 40, 200, 135, 51, 255, 17, 51, 13, 146, 247, 141, 246, 26,
       203, 128, 0, 133, 59, 65, 146, 156, 181, 56, 138, 48, 35, 60, 49,
       131, 240, 191, 50, 128, 203, 230, 53, 110, 0, 52, 220, 193, 197,
       140, 247, 122, 210, 136, 0, 9, 11, 47, 132, 241, 211, 165, 45,
       205, 186, 123, 83, 164, 28, 206, 121, 92, 189, 155, 194, 83, 60,
       171, 104, 123, 247, 143, 222, 87, 118, 206, 236, 82, 100, 6, 161,
       18, 129, 221, 111, 176, 203, 47, 189, 187, 27, 142, 154, 72, 140,
       249, 157, 238, 49, 18, 115, 153, 212, 157, 16, 11, 127, 192, 13,
       133, 134, 99, 48, 115, 224, 108, 132, 185, 82, 201, 89, 181, 238,
       60, 159, 244, 50, 238, 177, 215, 149, 131, 43, 178, 193, 150, 88,
       186, 186, 30, 140, 35, 243, 67, 150, 150, 255, 49, 188, 56, 51,
       190, 27, 75, 84, 188, 182, 40, 238, 133, 51, 248, 0, 183, 205,
       146, 231, 141, 246, 90, 66, 136, 0, 137, 31, 252, 235, 120, 104,
       28, 27, 82, 248, 83, 164, 181, 171, 83, 73, 91, 16, 88, 220, 197,
       106, 206, 54, 204, 63, 250, 205, 165, 125, 101, 187, 94, 2, 88,
       169, 26, 161, 48, 173, 89, 23, 46, 9, 126, 8, 191, 179, 194, 80,
       146, 45, 108, 28, 26, 24, 193, 17, 200, 245, 50, 80, 136, 130, 11,
       43, 249, 255, 148, 53, 169, 143, 84, 183, 235, 188, 178, 109, 143,
       48, 67, 147, 129, 230, 108, 21, 236, 104, 193, 24, 173, 243, 117,
       178, 72, 20, 90, 11, 195, 121, 115, 194, 236, 172, 191, 212, 201,
       89, 185, 254, 156, 159, 244, 43, 238, 115, 95, 223, 147, 35, 58,
       225, 182, 88, 186, 186, 28, 159, 163, 177, 147, 66, 112, 225, 102,
       8, 232, 16, 105, 8, 178, 226, 159, 10, 149, 89, 110, 133, 31, 253,
       136, 180, 69, 192, 150, 216, 170, 128, 37, 136, 97, 129, 231, 93,
       123, 234, 236, 229, 223, 212, 201, 89, 189, 122, 220, 223, 253,
       42, 206, 243, 223, 211, 211, 39, 58, 240, 243, 88, 190, 186, 22,
       223, 167, 113, 177, 149, 101, 77, 86, 91, 199, 121, 85, 104, 248,
       106, 115, 84, 180, 165, 88, 136, 86, 110, 233, 186, 101, 159, 54,
       8, 33, 20, 127, 174, 82, 252, 83, 148, 151, 154, 27, 244, 48, 10,
       190, 81, 139, 16, 188, 246, 104, 238, 163, 19, 251, 16, 51, 13,
       155, 247, 153, 182, 90, 74, 152, 69, 169, 54, 194, 248, 23, 222,
       11, 192, 53, 103, 174, 23, 194, 177, 172, 151, 32, 215, 162, 51,
       235, 128, 98, 77, 162, 245, 177, 178, 94, 11, 0, 16, 167, 59, 135,
       125, 115, 202, 236, 172, 255, 212, 201, 90, 185, 222, 220, 222,
       253, 43, 239, 211, 95, 223, 243, 39, 58, 226, 182, 24, 174, 184,
       156, 219, 163, 177, 242, 77, 120, 226, 239, 248, 254, 135, 185, 7,
       185, 155, 143, 46, 86, 90, 239, 211, 223, 211, 126, 47, 200, 226,
       183, 221, 158, 251, 229, 95, 239, 79, 155, 71, 112, 227, 230, 40,
       238, 151, 121, 2, 187, 242, 143, 10, 149, 92, 111, 195, 31, 239,
       248, 180, 77, 226, 182, 216, 190, 128, 39, 219, 241, 129, 151, 71,
       112, 227, 228, 44, 238, 151, 121, 2, 123, 214, 221, 43, 157, 33,
       127, 195, 23, 239, 249, 180, 77, 226, 166, 252, 174, 132, 47, 219,
       209, 177, 66, 234, 159, 222, 75, 192, 61, 198, 174, 23, 206, 161,
       172, 231, 32, 215, 230, 59, 235, 128, 66, 75, 162, 241, 181, 178,
       90, 139, 16, 80, 165, 235 ]
keypoints: !!opencv-matrix
   rows: 36
   cols: 2
   dt: d
   data: [ 1.4640000915527344e+02, 180., 1.4280000305175781e+02,
       1.7640000915527344e+02, 1.4688000488281250e+02,
       2.4768000793457031e+02, 1.7424000549316406e+02,
       2.4480000305175781e+02, 7.3440002441406250e+01,
       2.4336001586914062e+02, 1.4688000488281250e+02,
       2.3904000854492188e+02, 1.1952000427246094e+02,
       1.7856001281738281e+02, 144., 1.7712001037597656e+02,
       2.1456001281738281e+02, 2.4048001098632812e+02,
       9.1584007263183594e+01, 1.7107202148437500e+02,
       1.2096001434326172e+02, 1.7280001831054688e+02,
       1.1750401306152344e+02, 1.7798402404785156e+02,
       1.4342401123046875e+02, 1.7798402404785156e+02,
       7.4304008483886719e+01, 2.3500802612304688e+02,
       1.7280001831054688e+02, 2.4537602233886719e+02,
       3.3177606201171875e+02, 1.6381442260742188e+02,
       1.3271041870117188e+02, 1.7003521728515625e+02,
       1.2648961639404297e+02, 1.7418241882324219e+02,
       2.6127365112304688e+02, 2.3224322509765625e+02,
       7.4649612426757812e+01, 2.3431683349609375e+02,
       1.6174084472656250e+02, 1.1197442626953125e+02,
       1.2690435028076172e+02, 1.7418243408203125e+02,
       1.0202114105224609e+02, 1.7667076110839844e+02,
       7.9626258850097656e+01, 1.8662403869628906e+02,
       1.3685763549804688e+02, 1.8662403869628906e+02,
       1.5825720214843750e+02, 1.1048143768310547e+02,
       2.6276666259765625e+02, 1.1048143768310547e+02,
       1.7617309570312500e+02, 1.1346742248535156e+02,
       9.2565528869628906e+01, 1.7020114135742188e+02,
       1.2541136169433594e+02, 1.7020114135742188e+02,
       1.4034127807617188e+02, 1.7617309570312500e+02,
       1.6124317932128906e+02, 1.1107863616943359e+02,
       2.1499090576171875e+02, 1.1107863616943359e+02,
       2.6515545654296875e+02, 1.1107863616943359e+02,
       2.7948818969726562e+02, 1.1466181945800781e+02,
       1.4332727050781250e+02, 1.7915908813476562e+02 ]
