%YAML:1.0
---
descriptors: !!opencv-matrix
   rows: 140
   cols: 32
   dt: u
   data: [ 89, 77, 223, 221, 116, 10, 111, 50, 117, 130, 126, 66, 243,
       51, 177, 100, 122, 236, 62, 238, 233, 184, 101, 238, 102, 174,
       230, 0, 39, 248, 112, 32, 133, 160, 221, 241, 236, 41, 233, 27,
       254, 179, 49, 88, 159, 169, 216, 43, 171, 15, 110, 24, 51, 116,
       207, 210, 204, 154, 119, 116, 220, 201, 131, 160, 240, 72, 79,
       254, 12, 2, 76, 160, 185, 18, 178, 26, 123, 66, 5, 91, 104, 228,
       108, 226, 104, 199, 203, 233, 177, 234, 194, 16, 37, 176, 114, 8,
       69, 32, 217, 229, 224, 46, 104, 16, 122, 187, 39, 88, 215, 51,
       201, 122, 55, 68, 124, 62, 129, 212, 217, 66, 199, 191, 115, 4,
       136, 241, 67, 33, 152, 157, 57, 251, 176, 207, 83, 159, 22, 73,
       206, 16, 183, 23, 32, 112, 213, 58, 29, 24, 123, 136, 115, 63,
       235, 239, 52, 80, 16, 136, 132, 123, 162, 140, 214, 254, 252, 171,
       222, 239, 223, 131, 248, 88, 230, 233, 52, 73, 211, 107, 110, 42,
       32, 111, 74, 191, 168, 254, 87, 26, 212, 248, 209, 140, 230, 254,
       180, 122, 169, 253, 148, 136, 155, 158, 33, 57, 238, 252, 103, 27,
       133, 115, 237, 19, 102, 103, 234, 49, 139, 211, 93, 59, 208, 125,
       143, 71, 122, 56, 236, 53, 143, 253, 144, 7, 171, 215, 150, 159,
       170, 188, 86, 10, 205, 183, 255, 145, 158, 111, 246, 226, 95, 119,
       220, 211, 239, 76, 222, 94, 9, 91, 22, 69, 48, 159, 238, 54, 109,
       136, 126, 100, 190, 51, 148, 180, 166, 100, 118, 76, 129, 184, 1,
       110, 44, 191, 38, 128, 74, 160, 75, 169, 38, 189, 17, 186, 223,
       137, 178, 238, 15, 41, 120, 107, 172, 219, 108, 128, 217, 187, 3,
       81, 18, 58, 74, 247, 189, 148, 15, 126, 217, 11, 135, 139, 77,
       231, 194, 79, 250, 26, 110, 184, 118, 160, 78, 228, 225, 224, 217,
       228, 51, 108, 106, 238, 197, 208, 207, 63, 44, 46, 37, 132, 46,
       183, 88, 132, 254, 64, 242, 230, 73, 86, 94, 120, 49, 166, 167,
       10, 75, 55, 7, 255, 120, 213, 253, 234, 104, 199, 249, 202, 211,
       251, 199, 31, 35, 183, 110, 98, 51, 123, 250, 14, 118, 135, 254,
       64, 233, 204, 248, 175, 40, 204, 183, 48, 174, 233, 87, 199, 132,
       163, 166, 104, 115, 60, 39, 138, 205, 179, 103, 223, 98, 184, 235,
       178, 143, 237, 177, 135, 187, 87, 146, 159, 170, 188, 86, 10, 205,
       179, 251, 145, 159, 111, 242, 227, 223, 119, 222, 251, 197, 76,
       151, 94, 124, 36, 242, 65, 69, 127, 250, 216, 123, 247, 191, 26,
       207, 127, 95, 190, 187, 221, 206, 250, 172, 119, 253, 194, 223,
       223, 7, 55, 231, 247, 79, 230, 120, 29, 62, 110, 9, 198, 87, 48,
       225, 12, 174, 8, 122, 247, 34, 115, 192, 246, 253, 106, 104, 107,
       250, 45, 243, 249, 96, 25, 114, 226, 102, 43, 152, 141, 57, 123,
       48, 207, 83, 190, 86, 13, 238, 16, 183, 23, 160, 112, 213, 58, 29,
       8, 122, 136, 97, 63, 235, 239, 52, 80, 50, 136, 196, 107, 137,
       242, 150, 217, 184, 156, 61, 255, 255, 27, 54, 116, 191, 195, 224,
       239, 167, 83, 110, 24, 243, 77, 139, 243, 136, 251, 127, 206, 154,
       128, 171, 169, 57, 251, 26, 231, 53, 159, 94, 245, 111, 236, 254,
       77, 255, 91, 26, 48, 188, 205, 92, 108, 143, 186, 81, 61, 251,
       221, 37, 48, 74, 154, 74, 201, 72, 233, 252, 123, 139, 205, 84,
       175, 107, 55, 44, 9, 191, 61, 74, 27, 131, 83, 233, 80, 6, 104,
       251, 49, 207, 219, 85, 125, 240, 82, 135, 74, 196, 172, 141, 147,
       212, 168, 38, 135, 190, 147, 74, 82, 228, 226, 73, 66, 113, 234,
       42, 152, 50, 92, 138, 115, 172, 38, 191, 100, 136, 112, 161, 136,
       160, 140, 214, 190, 189, 171, 196, 239, 223, 147, 248, 88, 239,
       232, 52, 207, 211, 99, 110, 33, 48, 111, 74, 255, 168, 182, 87,
       126, 212, 120, 193, 140, 122, 105, 114, 76, 93, 221, 86, 103, 233,
       12, 252, 8, 42, 159, 54, 180, 248, 186, 198, 72, 78, 43, 240, 237,
       51, 221, 0, 59, 99, 142, 206, 158, 77, 75, 123, 103, 36, 14, 111,
       180, 109, 168, 126, 100, 243, 97, 145, 114, 150, 100, 108, 110,
       201, 176, 233, 40, 230, 249, 101, 128, 74, 179, 67, 33, 35, 41,
       112, 188, 109, 153, 240, 66, 111, 1, 240, 9, 174, 152, 20, 20,
       170, 169, 119, 69, 14, 58, 194, 241, 150, 120, 16, 59, 71, 12, 74,
       142, 220, 99, 220, 101, 168, 11, 103, 188, 32, 180, 162, 232, 211,
       1, 193, 27, 18, 196, 108, 106, 72, 244, 205, 8, 228, 163, 101, 20,
       100, 179, 70, 32, 66, 168, 83, 219, 104, 137, 184, 5, 239, 17,
       115, 232, 172, 154, 132, 116, 166, 187, 127, 129, 2, 40, 194, 245,
       4, 56, 26, 106, 80, 0, 3, 45, 244, 72, 223, 246, 110, 40, 109, 0,
       185, 146, 179, 90, 255, 235, 85, 91, 107, 229, 125, 138, 104, 71,
       199, 194, 212, 186, 250, 24, 37, 241, 99, 32, 93, 53, 147, 225,
       178, 46, 104, 19, 58, 163, 75, 80, 223, 51, 72, 250, 179, 29, 60,
       184, 17, 208, 145, 194, 141, 230, 63, 68, 168, 224, 163, 33, 38,
       181, 240, 195, 253, 127, 240, 201, 95, 245, 185, 27, 206, 124, 94,
       168, 187, 157, 223, 51, 150, 112, 121, 214, 159, 92, 15, 119, 215,
       15, 223, 198, 136, 204, 57, 121, 176, 207, 83, 159, 86, 13, 102,
       48, 191, 23, 128, 116, 21, 26, 60, 24, 106, 152, 97, 63, 235, 223,
       48, 80, 50, 136, 196, 107, 133, 174, 133, 157, 222, 170, 39, 175,
       190, 146, 74, 210, 253, 227, 192, 67, 115, 110, 42, 188, 115, 76,
       143, 127, 44, 6, 183, 108, 184, 113, 161, 168, 4, 142, 151, 158,
       188, 171, 184, 238, 222, 179, 242, 88, 238, 226, 44, 205, 219,
       103, 110, 24, 48, 235, 11, 223, 152, 182, 95, 114, 212, 104, 161,
       161, 196, 36, 223, 245, 238, 40, 233, 82, 251, 179, 177, 216, 159,
       235, 93, 27, 43, 229, 110, 24, 32, 101, 199, 194, 220, 186, 123,
       60, 197, 241, 67, 160, 50, 30, 107, 77, 67, 115, 173, 103, 36,
       134, 250, 134, 33, 46, 20, 100, 121, 189, 130, 160, 72, 186, 117,
       78, 53, 38, 186, 129, 101, 112, 102, 252, 12, 207, 127, 115, 182,
       139, 110, 180, 253, 128, 123, 66, 255, 233, 181, 33, 51, 107, 6,
       74, 208, 184, 14, 172, 110, 219, 101, 192, 102, 187, 193, 169, 76,
       177, 187, 97, 176, 111, 99, 144, 98, 233, 191, 40, 219, 55, 193,
       58, 145, 212, 124, 248, 153, 240, 249, 0, 207, 221, 37, 100, 194,
       227, 198, 113, 203, 82, 123, 109, 46, 20, 93, 23, 137, 106, 86,
       253, 157, 159, 150, 114, 134, 21, 253, 47, 213, 133, 181, 130,
       102, 249, 120, 154, 46, 244, 194, 245, 1, 203, 90, 77, 52, 154,
       234, 55, 125, 12, 126, 96, 175, 0, 150, 228, 46, 46, 46, 76, 196,
       188, 37, 111, 38, 253, 50, 0, 74, 128, 233, 13, 62, 255, 105, 172,
       91, 70, 22, 252, 19, 232, 248, 231, 112, 95, 34, 80, 124, 252,
       151, 230, 201, 151, 72, 159, 123, 229, 175, 142, 59, 62, 118, 251,
       2, 190, 210, 17, 226, 184, 188, 151, 59, 27, 90, 245, 172, 190,
       198, 222, 167, 63, 247, 17, 182, 220, 135, 195, 14, 118, 94, 195,
       142, 212, 171, 157, 237, 78, 77, 255, 236, 42, 199, 184, 88, 146,
       245, 250, 243, 97, 153, 171, 73, 196, 110, 106, 105, 102, 207, 42,
       196, 235, 246, 24, 252, 251, 90, 168, 237, 98, 233, 103, 52, 15,
       75, 24, 123, 232, 183, 108, 211, 105, 217, 58, 24, 204, 124, 126,
       137, 244, 233, 42, 206, 221, 97, 180, 202, 187, 82, 113, 109, 253,
       165, 83, 157, 63, 70, 188, 82, 241, 168, 12, 210, 120, 89, 60,
       217, 198, 120, 126, 191, 98, 251, 54, 43, 95, 197, 124, 218, 127,
       210, 54, 126, 112, 242, 229, 21, 126, 250, 192, 105, 174, 191, 11,
       207, 126, 87, 158, 187, 221, 221, 243, 12, 247, 249, 200, 159,
       223, 7, 55, 231, 119, 111, 198, 136, 128, 121, 89, 48, 217, 65,
       159, 118, 61, 102, 16, 179, 23, 136, 112, 19, 26, 44, 24, 122,
       184, 97, 55, 239, 223, 52, 117, 82, 136, 196, 40, 109, 93, 21,
       238, 57, 207, 86, 56, 141, 136, 187, 104, 254, 115, 41, 245, 150,
       113, 92, 98, 73, 35, 90, 189, 161, 248, 33, 26, 90, 187, 0, 51,
       145, 174, 199, 157, 222, 35, 111, 255, 62, 163, 66, 246, 245, 227,
       160, 65, 115, 110, 42, 188, 51, 221, 7, 127, 108, 166, 247, 36,
