%YAML:1.0
---
descriptors: !!opencv-matrix
   rows: 27
   cols: 32
   dt: u
   data: [ 246, 72, 214, 190, 77, 86, 94, 232, 185, 134, 243, 11, 106,
       250, 47, 223, 249, 245, 239, 227, 108, 199, 154, 234, 147, 186,
       199, 31, 33, 127, 126, 6, 134, 165, 20, 131, 221, 109, 184, 105,
       62, 183, 185, 27, 204, 120, 76, 8, 187, 27, 203, 49, 54, 115, 91,
       214, 157, 22, 95, 119, 212, 78, 135, 134, 198, 236, 148, 159, 29,
       137, 166, 233, 190, 178, 1, 18, 236, 226, 77, 199, 177, 105, 106,
       211, 98, 69, 154, 255, 189, 22, 207, 47, 16, 50, 131, 6, 118, 227,
       196, 175, 220, 11, 194, 168, 19, 177, 177, 239, 194, 104, 205,
       146, 217, 198, 102, 115, 46, 98, 203, 177, 172, 146, 197, 126,
       253, 251, 88, 132, 50, 32, 214, 172, 107, 11, 152, 72, 15, 160,
       240, 137, 78, 190, 45, 159, 222, 157, 255, 37, 76, 211, 195, 200,
       146, 126, 91, 191, 84, 44, 35, 135, 88, 60, 187, 245, 49, 238,
       113, 55, 57, 235, 126, 57, 191, 63, 0, 112, 166, 191, 253, 1, 48,
       216, 145, 142, 223, 255, 58, 130, 0, 192, 7, 123, 209, 88, 31,
       116, 8, 78, 69, 181, 224, 210, 166, 88, 247, 115, 0, 123, 0, 244,
       124, 106, 105, 101, 187, 41, 241, 235, 101, 16, 104, 176, 194, 40,
       80, 0, 158, 169, 56, 11, 24, 107, 62, 177, 178, 8, 159, 34, 0,
       202, 214, 5, 110, 49, 8, 235, 67, 12, 152, 247, 123, 85, 144, 40,
       41, 1, 70, 224, 134, 158, 79, 139, 166, 232, 190, 178, 129, 2,
       236, 226, 105, 199, 113, 109, 234, 163, 98, 65, 138, 221, 156, 6,
       207, 47, 0, 54, 41, 134, 229, 227, 132, 33, 173, 13, 70, 184, 235,
       176, 163, 77, 227, 96, 89, 146, 145, 68, 108, 127, 206, 97, 219,
       49, 173, 218, 69, 124, 200, 123, 218, 4, 70, 161, 16, 129, 221,
       111, 176, 73, 63, 53, 179, 27, 204, 120, 76, 8, 185, 157, 235,
       177, 18, 115, 217, 214, 157, 22, 143, 119, 128, 11, 141, 130, 36,
       181, 57, 99, 217, 111, 81, 185, 58, 53, 45, 24, 214, 119, 72, 56,
       145, 28, 64, 58, 19, 112, 249, 20, 205, 158, 1, 118, 210, 11, 198,
       226, 125, 95, 64, 101, 52, 30, 79, 186, 97, 232, 254, 108, 211,
       32, 149, 112, 22, 196, 124, 108, 205, 176, 101, 14, 230, 239, 37,
       148, 111, 178, 90, 5, 18, 34, 212, 165, 10, 11, 184, 66, 44, 49,
       211, 234, 141, 10, 0, 202, 110, 29, 127, 145, 0, 219, 197, 192,
       148, 225, 122, 147, 4, 8, 41, 129, 253, 235, 132, 37, 173, 15, 70,
       186, 107, 184, 162, 77, 135, 32, 83, 146, 129, 196, 108, 125, 206,
       107, 211, 16, 185, 219, 69, 124, 202, 125, 90, 2, 6, 161, 22, 129,
       221, 111, 176, 203, 191, 189, 179, 27, 206, 158, 106, 140, 249,
       157, 234, 49, 18, 115, 153, 212, 157, 18, 11, 119, 193, 13, 141,
       134, 27, 2, 113, 225, 100, 12, 249, 48, 105, 72, 114, 198, 157,
       11, 149, 32, 174, 129, 23, 237, 201, 176, 85, 204, 134, 249, 170,
       128, 47, 134, 81, 153, 161, 237, 97, 77, 86, 203, 199, 252, 85,
       228, 244, 202, 115, 85, 149, 53, 88, 232, 22, 110, 233, 178, 101,
       63, 119, 8, 37, 0, 119, 154, 86, 232, 66, 150, 151, 223, 49, 172,
       48, 55, 188, 27, 75, 84, 188, 246, 40, 230, 167, 51, 232, 0, 179,
       201, 147, 231, 141, 246, 90, 66, 136, 64, 137, 31, 252, 227, 120,
       234, 28, 155, 82, 248, 83, 164, 181, 175, 83, 201, 91, 16, 88,
       220, 197, 114, 78, 38, 200, 63, 250, 205, 165, 125, 117, 187, 94,
       2, 88, 169, 152, 161, 52, 173, 89, 51, 46, 137, 222, 8, 159, 179,
       194, 80, 210, 45, 108, 28, 26, 24, 193, 17, 202, 245, 34, 80, 136,
       130, 11, 41, 179, 67, 113, 225, 102, 8, 232, 16, 105, 40, 178,
       230, 159, 11, 149, 89, 110, 141, 31, 237, 136, 180, 69, 192, 150,
       248, 170, 128, 45, 136, 113, 129, 177, 213, 97, 77, 84, 219, 230,
       121, 85, 232, 248, 106, 115, 92, 180, 165, 120, 136, 86, 106, 233,
       178, 109, 159, 54, 12, 33, 20, 127, 138, 82, 189, 194, 248, 23,
       222, 75, 192, 53, 103, 172, 7, 194, 176, 172, 183, 32, 215, 166,
       59, 235, 128, 98, 207, 162, 229, 177, 178, 94, 139, 0, 16, 165,
       43, 242, 109, 112, 242, 231, 248, 254, 199, 185, 7, 185, 155, 143,
       42, 86, 158, 239, 195, 223, 195, 254, 47, 200, 226, 183, 220, 158,
       187, 231, 223, 255, 79, 179, 71, 65, 227, 230, 40, 238, 151, 105,
       2, 187, 214, 155, 11, 148, 208, 111, 207, 31, 239, 249, 180, 77,
       226, 182, 216, 174, 128, 45, 219, 241, 160, 66, 234, 159, 222, 75,
       208, 61, 71, 174, 31, 206, 161, 172, 167, 32, 94, 230, 59, 235,
       128, 66, 203, 162, 225, 181, 179, 94, 139, 0, 80, 165, 235 ]
keypoints: !!opencv-matrix
   rows: 27
   cols: 2
   dt: d
   data: [ 84., 2.4360000610351562e+02, 8.5200004577636719e+01,
       2.3640000915527344e+02, 1.2816000366210938e+02,
       1.7712001037597656e+02, 1.0944000244140625e+02,
       1.7712001037597656e+02, 1.2816000366210938e+02,
       1.7136000061035156e+02, 1.4976000976562500e+02,
       1.6992001342773438e+02, 2.2320001220703125e+02,
       2.4048001098632812e+02, 1.3478401184082031e+02,
       1.7452801513671875e+02, 1.2614401245117188e+02,
       1.7798402404785156e+02, 1.4860801696777344e+02,
       1.8662402343750000e+02, 8.4672004699707031e+01,
       2.3500802612304688e+02, 1.9008001708984375e+02,
       2.3846401977539062e+02, 1.8316801452636719e+02,
       2.4537602233886719e+02, 1.2856321716308594e+02,
       1.7210882568359375e+02, 1.4722561645507812e+02,
       1.8662402343750000e+02, 8.5017608642578125e+01,
       2.3431683349609375e+02, 2.8366854858398438e+02,
       1.1446274566650391e+02, 1.0202114105224609e+02,
       1.7169412231445312e+02, 1.3685763549804688e+02,
       1.7418243408203125e+02, 1.1197442626953125e+02,
       1.7667076110839844e+02, 8.9579544067382812e+01,
       1.8662403869628906e+02, 2.6873864746093750e+02,
       1.1048143768310547e+02, 1.0152348327636719e+02,
       1.7020114135742188e+02, 1.5228521728515625e+02,
       1.7617309570312500e+02, 2.2215727233886719e+02,
       1.1107863616943359e+02, 2.7232180786132812e+02,
       1.1107863616943359e+02, 1.5049363708496094e+02,
       1.7915908813476562e+02 ]
