%YAML:1.0
---
descriptors: !!opencv-matrix
   rows: 162
   cols: 32
   dt: u
   data: [ 2, 189, 17, 219, 216, 141, 34, 207, 174, 9, 72, 64, 180, 210,
       108, 64, 209, 27, 42, 16, 19, 26, 218, 119, 45, 180, 30, 106, 152,
       2, 161, 139, 133, 164, 221, 241, 236, 41, 233, 27, 190, 179, 49,
       216, 159, 169, 216, 43, 171, 15, 110, 24, 51, 124, 203, 210, 204,
       154, 119, 116, 220, 200, 131, 160, 139, 243, 109, 253, 46, 223,
       121, 56, 163, 220, 84, 231, 249, 95, 159, 35, 54, 113, 245, 239,
       195, 80, 190, 221, 71, 251, 233, 172, 63, 166, 85, 245, 172, 233,
       212, 115, 205, 15, 70, 185, 87, 187, 178, 89, 83, 105, 93, 27, 89,
       198, 102, 122, 126, 116, 219, 176, 111, 219, 229, 117, 243, 250,
       216, 130, 166, 140, 215, 254, 252, 171, 222, 238, 223, 130, 248,
       88, 238, 233, 53, 73, 211, 107, 110, 35, 48, 111, 74, 255, 168,
       190, 87, 26, 212, 249, 193, 141, 122, 105, 242, 76, 85, 221, 86,
       230, 235, 12, 252, 9, 42, 255, 55, 180, 248, 250, 198, 64, 14, 59,
       240, 253, 51, 221, 4, 59, 99, 222, 110, 30, 38, 189, 17, 186, 223,
       169, 178, 206, 15, 41, 120, 107, 172, 219, 108, 128, 217, 251, 3,
       81, 18, 58, 74, 247, 189, 148, 15, 126, 217, 10, 129, 139, 125,
       103, 149, 228, 188, 15, 94, 184, 59, 170, 184, 104, 223, 123, 201,
       178, 151, 215, 125, 98, 249, 99, 203, 190, 186, 223, 39, 188, 136,
       251, 131, 1, 35, 41, 114, 124, 101, 153, 240, 67, 111, 0, 240, 9,
       174, 152, 20, 20, 170, 169, 119, 65, 14, 186, 194, 249, 151, 248,
       16, 59, 71, 12, 74, 142, 222, 148, 125, 250, 138, 97, 26, 248, 23,
       91, 157, 242, 89, 127, 168, 105, 127, 211, 191, 178, 59, 71, 111,
       247, 218, 195, 251, 255, 189, 211, 165, 51, 9, 27, 87, 69, 48,
       158, 238, 54, 108, 136, 126, 96, 185, 51, 149, 244, 166, 100, 118,
       72, 193, 184, 1, 110, 36, 255, 34, 128, 74, 160, 75, 169, 29, 23,
       244, 37, 178, 58, 126, 25, 52, 236, 127, 229, 223, 45, 147, 208,
       54, 93, 253, 55, 149, 176, 101, 10, 230, 239, 33, 148, 238, 239,
       137, 81, 8, 173, 147, 90, 185, 239, 71, 239, 191, 1, 233, 8, 190,
       243, 40, 180, 209, 122, 200, 8, 26, 139, 26, 127, 171, 212, 5,
       122, 210, 66, 166, 42, 236, 227, 212, 119, 173, 15, 70, 185, 87,
       186, 179, 89, 195, 105, 88, 131, 217, 196, 108, 122, 126, 100,
       219, 178, 111, 219, 101, 125, 251, 252, 208, 2, 98, 184, 234, 176,
       205, 237, 177, 135, 187, 87, 144, 157, 174, 188, 118, 10, 169,
       179, 251, 145, 158, 109, 178, 227, 223, 119, 222, 251, 197, 76,
       151, 94, 123, 48, 118, 236, 45, 87, 216, 27, 75, 249, 53, 41, 14,
       156, 148, 188, 134, 157, 245, 21, 142, 235, 179, 213, 131, 248,
       25, 247, 71, 132, 83, 87, 51, 123, 250, 12, 118, 135, 190, 192,
       105, 204, 248, 239, 24, 204, 183, 48, 190, 237, 87, 71, 132, 163,
       174, 104, 114, 60, 39, 138, 77, 179, 103, 223, 214, 32, 241, 229,
       39, 10, 120, 0, 105, 177, 178, 137, 143, 15, 85, 58, 174, 157,
       125, 157, 136, 244, 197, 192, 151, 248, 219, 134, 231, 164, 67,
       134, 126, 100, 240, 101, 101, 126, 250, 200, 105, 166, 191, 8,
       207, 63, 95, 190, 187, 213, 253, 242, 140, 247, 249, 202, 223,
       221, 71, 55, 231, 247, 79, 198, 5, 164, 221, 241, 236, 169, 233,
       155, 126, 179, 57, 216, 157, 163, 216, 42, 35, 15, 110, 28, 19,
       124, 207, 210, 204, 159, 119, 116, 220, 200, 131, 161, 122, 187,
       150, 186, 201, 241, 16, 231, 187, 29, 172, 29, 46, 234, 102, 158,
       201, 235, 234, 17, 30, 75, 154, 241, 154, 83, 92, 123, 146, 68,
       174, 78, 250, 89, 118, 236, 13, 86, 94, 112, 181, 174, 246, 11,
       75, 63, 39, 215, 248, 245, 237, 226, 108, 135, 49, 238, 243, 251,
       199, 19, 35, 189, 124, 66, 244, 72, 223, 183, 78, 40, 109, 64,
       249, 146, 179, 90, 255, 227, 65, 91, 107, 229, 110, 138, 104, 103,
       207, 194, 212, 162, 250, 24, 37, 241, 99, 32, 93, 181, 145, 225,
       178, 46, 104, 159, 123, 161, 42, 80, 223, 50, 200, 252, 183, 31,
       28, 56, 51, 216, 145, 66, 172, 222, 55, 70, 168, 192, 131, 33, 38,
       181, 240, 195, 253, 127, 240, 201, 79, 245, 185, 27, 206, 28, 94,
       174, 187, 157, 223, 51, 150, 112, 249, 210, 159, 92, 15, 119, 199,
       15, 223, 198, 136, 140, 57, 121, 48, 207, 67, 158, 86, 13, 102,
       16, 183, 23, 128, 116, 21, 26, 12, 24, 122, 156, 97, 55, 239, 223,
       48, 81, 50, 136, 196, 105, 13, 93, 21, 254, 57, 207, 86, 176, 197,
       8, 249, 104, 254, 121, 33, 240, 148, 115, 220, 98, 75, 169, 90,
       191, 227, 255, 33, 26, 90, 59, 64, 51, 109, 79, 123, 101, 52, 14,
       111, 188, 104, 232, 126, 108, 243, 97, 145, 115, 18, 228, 76, 110,
       201, 176, 225, 40, 230, 249, 37, 128, 78, 179, 66, 41, 98, 138,
       190, 26, 235, 244, 189, 199, 203, 95, 180, 27, 44, 238, 118, 90,
       239, 99, 235, 149, 150, 111, 174, 241, 27, 30, 94, 251, 209, 68,
       239, 207, 66, 184, 175, 186, 205, 232, 185, 199, 171, 87, 144,
       157, 172, 188, 118, 10, 171, 51, 251, 17, 150, 111, 178, 241, 93,
       54, 222, 123, 213, 76, 183, 222, 132, 174, 133, 157, 222, 170, 39,
       175, 190, 147, 74, 210, 249, 227, 193, 67, 113, 110, 42, 184, 114,
       92, 143, 127, 108, 6, 183, 108, 184, 113, 161, 168, 253, 127, 148,
       237, 172, 31, 94, 190, 127, 170, 184, 72, 159, 51, 129, 177, 149,
       221, 124, 104, 233, 99, 193, 26, 251, 255, 101, 60, 90, 249, 202,
       1, 50, 14, 107, 77, 66, 115, 173, 103, 36, 134, 250, 130, 33, 46,
       53, 96, 123, 189, 130, 161, 76, 186, 117, 206, 21, 38, 154, 129,
       101, 112, 102, 252, 221, 239, 20, 229, 184, 15, 92, 191, 59, 170,
       184, 72, 159, 51, 65, 147, 151, 213, 108, 40, 233, 66, 193, 30,
       236, 223, 103, 188, 8, 240, 139, 9, 108, 235, 180, 71, 173, 31,
       212, 184, 199, 184, 182, 73, 195, 105, 92, 135, 137, 68, 236, 122,
       218, 105, 219, 176, 239, 219, 69, 125, 74, 187, 90, 2, 50, 184,
       151, 189, 106, 139, 184, 98, 191, 179, 242, 235, 46, 191, 36, 25,
       239, 185, 127, 129, 42, 251, 67, 213, 156, 154, 91, 242, 197, 44,
       35, 171, 57, 105, 51, 35, 53, 207, 67, 24, 101, 104, 250, 72, 255,
       89, 16, 48, 152, 168, 92, 108, 207, 161, 121, 28, 227, 221, 37,
       16, 66, 170, 82, 97, 226, 32, 221, 225, 100, 74, 232, 3, 105, 176,
       178, 26, 142, 11, 84, 27, 170, 133, 95, 145, 8, 246, 193, 192,
       149, 152, 219, 37, 69, 0, 103, 130, 110, 214, 253, 255, 168, 96,
       94, 157, 23, 251, 157, 225, 217, 127, 201, 123, 95, 215, 253, 178,
       27, 66, 207, 176, 238, 247, 255, 253, 191, 243, 172, 49, 87, 215,
       111, 37, 178, 14, 127, 181, 61, 225, 26, 229, 223, 44, 158, 119,
       182, 197, 125, 111, 253, 144, 117, 204, 174, 254, 14, 214, 109,
       183, 129, 117, 20, 63, 217, 239, 178, 162, 71, 216, 38, 173, 249,
       96, 247, 115, 129, 80, 94, 252, 13, 248, 42, 128, 73, 46, 232,
       165, 39, 144, 177, 243, 36, 161, 21, 49, 31, 161, 22, 71, 175,
       121, 20, 232, 218, 70, 215, 87, 56, 32, 62, 57, 30, 255, 217, 176,
       17, 92, 233, 132, 47, 132, 44, 42, 161, 177, 69, 112, 187, 69,
       104, 110, 51, 88, 226, 170, 239, 104, 214, 247, 201, 58, 17, 92,
       106, 58, 1, 247, 187, 0, 85, 173, 101, 62, 192, 115, 7, 163, 24,
       192, 57, 121, 48, 219, 81, 191, 118, 63, 102, 16, 179, 23, 136,
       112, 17, 26, 12, 8, 106, 188, 97, 55, 239, 255, 48, 113, 114, 136,
       196, 40, 101, 93, 23, 238, 57, 206, 86, 48, 141, 136, 187, 104,
       254, 242, 41, 247, 134, 113, 124, 98, 105, 3, 90, 61, 161, 248,
       97, 26, 88, 59, 0, 55, 101, 102, 133, 44, 173, 15, 70, 184, 111,
       186, 185, 77, 199, 96, 89, 147, 221, 196, 108, 111, 205, 99, 203,
       24, 184, 250, 101, 60, 72, 255, 90, 5, 129, 174, 199, 157, 218,
       35, 111, 255, 62, 178, 66, 246, 241, 227, 161, 65, 115, 110, 42,
       188, 115, 221, 135, 127, 108, 166, 247, 100, 184, 240, 225, 168,
       124, 235, 148, 99, 173, 29, 86, 188, 203, 184, 190, 77, 203, 105,
       92, 150, 136, 196, 236, 126, 78, 107, 219, 176, 235, 217, 69, 127,
