%YAML:1.0
---
descriptors: !!opencv-matrix
   rows: 14
   cols: 32
   dt: u
   data: [ 202, 188, 188, 122, 169, 253, 21, 143, 171, 63, 164, 25, 174,
       255, 67, 27, 129, 115, 233, 18, 38, 77, 218, 51, 235, 211, 93,
       123, 210, 85, 143, 11, 133, 164, 221, 177, 236, 41, 233, 27, 110,
       179, 49, 90, 157, 163, 216, 43, 35, 15, 110, 28, 51, 116, 207,
       210, 204, 147, 119, 116, 204, 201, 131, 160, 246, 80, 150, 140,
       77, 70, 86, 72, 185, 142, 227, 11, 78, 254, 109, 223, 248, 245,
       237, 227, 76, 71, 154, 200, 145, 50, 207, 31, 1, 127, 110, 6, 250,
       184, 170, 176, 143, 253, 145, 23, 187, 95, 150, 191, 170, 189, 86,
       11, 237, 179, 255, 145, 190, 111, 242, 227, 219, 118, 220, 251,
       239, 76, 150, 95, 29, 71, 196, 71, 48, 26, 110, 184, 117, 168,
       123, 228, 83, 96, 157, 245, 54, 204, 36, 110, 237, 240, 237, 14,
       170, 239, 101, 132, 111, 243, 72, 5, 77, 75, 191, 101, 36, 14,
       111, 180, 109, 200, 126, 68, 247, 97, 145, 114, 150, 100, 108,
       110, 201, 176, 233, 40, 230, 249, 101, 128, 74, 179, 67, 41, 240,
       66, 78, 148, 78, 10, 237, 36, 232, 150, 178, 223, 99, 42, 151, 91,
       104, 228, 110, 239, 104, 103, 199, 200, 180, 34, 238, 16, 45, 56,
       120, 8, 66, 148, 151, 186, 27, 228, 185, 39, 190, 29, 75, 17, 172,
       247, 40, 72, 165, 51, 251, 129, 50, 137, 18, 231, 201, 182, 26,
       75, 144, 64, 165, 123, 49, 233, 105, 103, 116, 203, 71, 252, 113,
       96, 124, 72, 115, 81, 148, 48, 88, 232, 22, 110, 203, 186, 108,
       63, 118, 140, 37, 32, 109, 154, 210, 232, 67, 148, 151, 223, 33,
       172, 49, 55, 188, 27, 79, 84, 188, 247, 40, 231, 133, 51, 251, 0,
       179, 201, 19, 231, 141, 182, 90, 66, 138, 64, 161, 59, 114, 80,
       122, 168, 109, 76, 249, 64, 169, 4, 177, 11, 158, 31, 37, 80, 234,
       145, 95, 225, 72, 39, 80, 192, 213, 185, 138, 59, 85, 10, 103,
       226, 240, 72, 206, 61, 12, 11, 101, 102, 116, 182, 194, 154, 51,
       161, 16, 75, 104, 228, 106, 207, 104, 255, 199, 33, 212, 162, 209,
       0, 101, 184, 112, 168, 49, 181, 74, 11, 20, 159, 194, 248, 86, 96,
       248, 71, 115, 88, 190, 160, 88, 168, 22, 125, 143, 187, 93, 31,
       58, 13, 33, 84, 125, 142, 120, 156, 66, 238, 159, 222, 43, 192,
       61, 103, 172, 7, 238, 161, 172, 183, 36, 82, 166, 59, 235, 128,
       66, 205, 162, 233, 243, 183, 94, 139, 0, 80, 165, 251 ]
keypoints: !!opencv-matrix
   rows: 14
   cols: 2
   dt: d
   data: [ 288., 2.5080000305175781e+02, 2.1720001220703125e+02,
       2.4960000610351562e+02, 1.5360000610351562e+02,
       2.4720001220703125e+02, 5.5200000762939453e+01,
       1.0440000152587891e+02, 2.4336001586914062e+02,
       2.4768000793457031e+02, 5.9040000915527344e+01,
       1.4544000244140625e+02, 1.1750401306152344e+02,
       1.5206401062011719e+02, 2.0321282958984375e+02,
       1.7210882568359375e+02, 1.6174082946777344e+02,
       1.7418241882324219e+02, 1.9657733154296875e+02,
       1.7667076110839844e+02, 1.9408901977539062e+02,
       1.0450946807861328e+02, 1.2541136169433594e+02,
       1.4332727050781250e+02, 1.6124317932128906e+02,
       1.7557591247558594e+02, 2.1140773010253906e+02,
       1.8274227905273438e+02 ]
