%YAML:1.0
---
descriptors: !!opencv-matrix
   rows: 52
   cols: 32
   dt: u
   data: [ 214, 252, 150, 151, 157, 244, 190, 231, 190, 255, 218, 23,
       236, 126, 79, 207, 237, 247, 191, 147, 62, 217, 155, 227, 189, 54,
       223, 67, 132, 125, 189, 95, 36, 180, 61, 225, 252, 111, 225, 175,
       30, 123, 57, 24, 150, 53, 72, 56, 145, 27, 87, 56, 51, 120, 121,
       87, 205, 158, 117, 116, 208, 72, 199, 163, 101, 48, 245, 97, 101,
       110, 97, 88, 123, 243, 35, 8, 214, 119, 73, 58, 185, 220, 116, 58,
       9, 240, 249, 0, 207, 222, 69, 54, 224, 113, 66, 162, 233, 192, 81,
       101, 100, 76, 99, 49, 120, 0, 98, 8, 147, 19, 128, 240, 112, 156,
       54, 104, 73, 182, 241, 3, 23, 237, 32, 12, 98, 170, 66, 160, 60,
       9, 27, 238, 25, 193, 83, 72, 166, 4, 225, 9, 247, 215, 33, 80,
       216, 185, 203, 98, 8, 3, 26, 29, 209, 225, 11, 57, 48, 43, 38,
       162, 120, 176, 187, 120, 137, 237, 81, 95, 251, 159, 165, 24, 182,
       243, 72, 58, 129, 178, 108, 24, 26, 111, 242, 1, 219, 153, 84,
       123, 192, 64, 198, 34, 108, 235, 184, 74, 221, 217, 86, 237, 195,
       173, 188, 41, 34, 217, 110, 22, 200, 242, 229, 80, 90, 43, 202,
       177, 123, 221, 5, 123, 211, 10, 222, 130, 88, 97, 19, 232, 25, 75,
       66, 72, 164, 128, 234, 8, 87, 147, 40, 208, 240, 144, 72, 104, 8,
       131, 129, 12, 209, 229, 0, 21, 32, 2, 38, 34, 245, 89, 237, 103,
       44, 95, 207, 184, 84, 234, 243, 78, 83, 124, 153, 99, 92, 196,
       124, 238, 233, 182, 125, 40, 240, 171, 229, 148, 109, 187, 80,
       113, 53, 207, 79, 239, 54, 2, 111, 248, 36, 140, 218, 231, 113,
       99, 177, 64, 126, 228, 31, 238, 201, 145, 45, 45, 240, 173, 175,
       128, 45, 179, 112, 121, 49, 215, 107, 79, 52, 31, 239, 248, 116,
       232, 250, 102, 115, 97, 188, 224, 126, 236, 22, 238, 201, 176,
       125, 63, 62, 173, 167, 132, 125, 186, 112, 185, 248, 221, 127,
       236, 29, 204, 81, 53, 225, 0, 230, 8, 123, 51, 32, 115, 64, 180,
       120, 104, 105, 171, 177, 13, 243, 251, 64, 16, 34, 130, 96, 42,
       53, 75, 105, 207, 118, 2, 239, 240, 64, 192, 91, 230, 113, 76,
       149, 96, 126, 236, 22, 239, 205, 176, 109, 108, 52, 40, 231, 128,
       45, 187, 112, 241, 128, 173, 60, 251, 153, 197, 81, 175, 54, 29,
       100, 17, 182, 151, 34, 81, 193, 58, 11, 216, 122, 92, 83, 55, 239,
       147, 150, 105, 16, 0, 164, 58, 213, 83, 71, 175, 54, 2, 111, 56,
       36, 200, 219, 230, 115, 67, 145, 65, 126, 228, 29, 238, 233, 144,
       45, 12, 244, 168, 175, 128, 45, 187, 112, 113, 125, 84, 253, 101,
       44, 111, 75, 24, 69, 234, 183, 8, 211, 117, 153, 59, 94, 212, 124,
       106, 137, 244, 253, 8, 199, 235, 97, 148, 109, 251, 82, 49, 49,
       213, 123, 111, 52, 15, 239, 248, 100, 232, 251, 102, 115, 85, 176,
       96, 126, 236, 22, 238, 201, 176, 125, 29, 124, 173, 167, 132, 125,
       170, 112, 177, 232, 248, 188, 126, 13, 205, 81, 206, 195, 191,
       164, 24, 178, 249, 66, 59, 201, 242, 248, 16, 10, 111, 251, 177,
       219, 219, 85, 127, 210, 8, 214, 106, 120, 176, 185, 120, 169, 237,
       81, 27, 235, 25, 165, 24, 190, 215, 72, 58, 129, 146, 108, 24, 27,
       107, 250, 17, 219, 217, 113, 123, 192, 64, 198, 51, 103, 58, 225,
       1, 237, 63, 226, 146, 91, 250, 53, 92, 194, 40, 213, 190, 153, 76,
       118, 127, 149, 116, 252, 162, 14, 30, 101, 246, 206, 253, 90, 213,
       218, 154, 180, 181, 11, 252, 56, 7, 191, 31, 70, 17, 172, 186, 70,
       142, 165, 39, 249, 0, 54, 220, 243, 211, 143, 247, 218, 75, 130,
       68, 143, 207, 42, 184, 242, 89, 117, 220, 248, 71, 95, 77, 246,
       19, 168, 156, 54, 252, 200, 187, 187, 145, 150, 184, 114, 211, 15,
       127, 154, 83, 210, 12, 124, 94, 88, 253, 58, 164, 62, 87, 94, 255,
       128, 236, 158, 11, 255, 254, 34, 130, 254, 245, 221, 225, 108, 11,
       176, 143, 251, 197, 175, 189, 32, 186, 45, 91, 226, 50, 59, 248,
       238, 173, 185, 87, 171, 91, 180, 127, 60, 159, 244, 59, 175, 179,
       223, 145, 147, 15, 162, 209, 83, 89, 186, 250, 157, 76, 167, 123,
       109, 49, 253, 97, 172, 78, 65, 25, 99, 233, 191, 8, 211, 61, 216,
       58, 24, 148, 124, 56, 153, 48, 241, 0, 207, 253, 37, 116, 226,
       170, 214, 113, 72, 31, 144, 117, 161, 236, 49, 6, 172, 175, 42,
       33, 174, 55, 65, 90, 167, 119, 237, 0, 0, 184, 193, 96, 197, 246,
       82, 3, 192, 80, 37, 11, 199, 255, 245, 119, 180, 134, 126, 190,
       255, 251, 90, 244, 245, 255, 213, 107, 23, 127, 61, 94, 243, 216,
       159, 191, 238, 254, 117, 196, 172, 241, 145, 25, 149, 56, 187,
       223, 150, 230, 169, 83, 126, 195, 99, 82, 253, 247, 97, 108, 119,
       127, 50, 152, 145, 244, 182, 226, 13, 174, 222, 64, 161, 225, 37,
       228, 248, 184, 185, 120, 169, 205, 81, 27, 227, 29, 164, 24, 159,
       151, 64, 58, 129, 154, 108, 24, 27, 111, 242, 17, 219, 217, 52,
       127, 192, 0, 198, 115, 60, 33, 80, 72, 89, 31, 82, 72, 83, 164,
       165, 9, 66, 25, 77, 148, 216, 140, 192, 98, 24, 99, 201, 28, 83,
       217, 1, 63, 115, 47, 78, 134, 42, 152, 50, 153, 117, 221, 176, 71,
       255, 77, 246, 19, 172, 156, 54, 196, 200, 59, 155, 17, 150, 173,
       50, 215, 15, 117, 154, 67, 210, 12, 253, 223, 88, 29, 59, 164, 48,
       70, 91, 115, 32, 236, 254, 11, 63, 63, 34, 80, 254, 245, 221, 161,
       76, 155, 177, 15, 243, 229, 168, 145, 32, 160, 38, 91, 26, 24, 58,
       184, 49, 215, 120, 7, 189, 77, 118, 23, 175, 158, 54, 192, 230,
       179, 159, 149, 182, 157, 48, 223, 211, 255, 186, 195, 22, 4, 173,
       91, 43, 67, 107, 237, 118, 151, 255, 117, 69, 72, 116, 198, 57,
       13, 182, 96, 126, 168, 23, 237, 205, 178, 36, 221, 102, 109, 162,
       128, 127, 190, 240, 245, 49, 28, 123, 101, 118, 78, 75, 114, 48,
       236, 126, 46, 115, 55, 128, 48, 126, 252, 21, 168, 169, 186, 113,
       14, 119, 239, 32, 128, 103, 168, 70, 241, 41, 17, 105, 73, 244,
       127, 207, 17, 65, 72, 125, 76, 27, 125, 183, 36, 92, 170, 23, 108,
       153, 178, 116, 156, 103, 93, 160, 136, 223, 238, 210, 241, 181,
       85, 125, 65, 252, 78, 207, 120, 64, 232, 190, 66, 83, 53, 149,
       101, 126, 196, 22, 110, 233, 182, 125, 30, 117, 136, 229, 132,
       117, 251, 112, 241, 195, 178, 187, 250, 109, 165, 185, 87, 139,
       91, 145, 127, 188, 159, 228, 43, 175, 19, 223, 149, 147, 79, 186,
       241, 95, 89, 250, 250, 156, 76, 163, 251, 177, 81, 127, 109, 52,
       79, 111, 56, 100, 224, 243, 66, 83, 85, 144, 113, 126, 212, 30,
       234, 233, 176, 125, 12, 245, 169, 161, 4, 101, 186, 96, 33, 126,
       97, 182, 173, 93, 95, 250, 104, 175, 164, 254, 11, 206, 218, 39,
       84, 250, 253, 255, 227, 76, 243, 219, 220, 183, 118, 143, 63, 87,
       47, 111, 198, 255, 71, 100, 14, 141, 23, 70, 217, 195, 214, 173,
       143, 75, 200, 255, 247, 88, 196, 232, 238, 204, 99, 126, 152, 242,
       89, 197, 63, 127, 255, 252, 68, 153, 134, 206, 49, 176, 174, 105,
       191, 54, 33, 83, 212, 211, 33, 152, 88, 117, 142, 60, 188, 187,
       220, 93, 23, 236, 175, 178, 196, 173, 128, 208, 40, 245, 221, 191,
       228, 188, 70, 143, 184, 186, 238, 154, 108, 117, 119, 145, 115,
       151, 117, 125, 111, 225, 193, 185, 46, 249, 174, 109, 148, 128,
       243, 39, 113, 129, 176, 159, 179, 166, 175, 104, 223, 126, 113,
       83, 86, 221, 130, 248, 105, 183, 11, 54, 28, 151, 220, 29, 81,
       204, 138, 63, 228, 188, 136, 129, 145, 248, 184, 185, 112, 169,
       237, 81, 23, 186, 63, 164, 24, 159, 151, 64, 59, 133, 183, 108,
       16, 59, 109, 242, 18, 219, 217, 52, 123, 192, 0, 134, 123, 248,
       184, 189, 112, 45, 205, 81, 159, 251, 255, 164, 24, 190, 221, 64,
       59, 129, 50, 236, 16, 59, 111, 250, 51, 219, 217, 81, 127, 210, 8,
       198, 122, 181, 85, 125, 69, 228, 79, 207, 59, 80, 234, 246, 90,
       83, 53, 149, 35, 126, 212, 22, 106, 233, 244, 117, 14, 119, 139,
       101, 132, 109, 248, 84, 185, 185, 65, 83, 109, 84, 79, 111, 56,
       101, 224, 247, 66, 83, 81, 145, 116, 122, 212, 22, 106, 201, 176,
       125, 14, 117, 174, 161, 4, 111, 186, 112, 32, 25, 132, 194, 59,
