%YAML:1.0
---
descriptors: !!opencv-matrix
   rows: 39
   cols: 32
   dt: u
   data: [ 213, 66, 237, 231, 36, 114, 110, 184, 96, 234, 147, 198, 211,
       110, 153, 235, 118, 196, 124, 239, 237, 212, 237, 40, 214, 235,
       239, 132, 45, 243, 121, 49, 61, 141, 123, 239, 246, 11, 239, 248,
       85, 164, 254, 66, 115, 97, 184, 116, 126, 238, 23, 234, 217, 186,
       109, 189, 124, 172, 165, 132, 119, 187, 240, 161, 250, 88, 255,
       252, 108, 108, 125, 180, 169, 222, 182, 58, 127, 63, 135, 123,
       238, 245, 253, 234, 105, 71, 227, 232, 215, 251, 242, 152, 39,
       241, 102, 123, 120, 184, 188, 122, 171, 249, 17, 143, 171, 55,
       164, 57, 174, 255, 66, 27, 131, 115, 233, 16, 18, 79, 202, 49,
       219, 211, 93, 123, 210, 68, 143, 11, 5, 176, 185, 243, 236, 173,
       249, 31, 239, 59, 63, 120, 159, 189, 216, 42, 175, 27, 126, 25,
       147, 124, 251, 211, 207, 223, 119, 246, 220, 202, 129, 179, 125,
       117, 56, 237, 61, 15, 87, 186, 111, 168, 188, 76, 223, 123, 1, 48,
       156, 213, 92, 110, 201, 50, 81, 30, 243, 253, 37, 52, 74, 57, 67,
       35, 70, 174, 132, 159, 157, 136, 166, 168, 190, 180, 9, 3, 236,
       226, 104, 198, 241, 111, 234, 211, 102, 65, 138, 255, 188, 6, 143,
       111, 144, 35, 45, 134, 54, 32, 86, 172, 123, 3, 152, 72, 31, 32,
       240, 137, 78, 223, 44, 16, 222, 157, 255, 33, 12, 131, 67, 220,
       146, 254, 11, 191, 84, 44, 43, 131, 69, 24, 159, 223, 237, 228,
       177, 82, 250, 219, 118, 16, 188, 247, 225, 106, 193, 127, 50, 152,
       3, 222, 178, 224, 71, 190, 250, 10, 128, 97, 101, 171, 208, 89,
       127, 237, 36, 78, 103, 181, 52, 110, 246, 231, 115, 55, 129, 81,
       118, 244, 61, 234, 233, 148, 113, 47, 243, 235, 230, 128, 33, 178,
       228, 123, 53, 69, 127, 237, 60, 10, 79, 184, 100, 164, 254, 66,
       83, 67, 153, 97, 122, 228, 110, 234, 201, 177, 125, 12, 247, 235,
       231, 20, 101, 187, 100, 33, 36, 48, 185, 67, 157, 111, 83, 152,
       123, 181, 45, 24, 214, 85, 73, 58, 145, 92, 64, 58, 19, 112, 249,
       16, 79, 157, 1, 118, 194, 107, 70, 226, 69, 50, 153, 227, 176, 47,
       123, 24, 40, 168, 55, 92, 215, 67, 73, 26, 183, 221, 76, 62, 145,
       212, 217, 64, 205, 217, 39, 228, 232, 227, 3, 177, 1, 177, 249,
       225, 252, 173, 233, 159, 111, 57, 57, 120, 159, 155, 216, 32, 183,
       27, 127, 25, 147, 56, 235, 211, 204, 221, 63, 244, 220, 202, 129,
       161, 70, 162, 134, 156, 93, 131, 162, 232, 190, 180, 192, 3, 236,
       226, 107, 196, 241, 109, 234, 177, 102, 67, 138, 221, 156, 6, 143,
       47, 16, 38, 45, 134, 80, 0, 158, 172, 56, 11, 24, 105, 60, 164,
       242, 9, 207, 35, 0, 195, 242, 133, 110, 32, 8, 227, 67, 76, 144,
       247, 91, 21, 16, 40, 41, 10, 50, 32, 86, 173, 123, 3, 152, 72, 14,
       32, 240, 139, 12, 139, 32, 145, 250, 29, 127, 161, 4, 131, 67,
       220, 148, 242, 11, 191, 20, 40, 43, 130, 85, 84, 109, 229, 36, 46,
       107, 56, 96, 234, 127, 230, 215, 55, 145, 123, 118, 196, 60, 238,
       169, 180, 229, 72, 196, 171, 227, 132, 45, 243, 114, 49, 109, 87,
       85, 69, 244, 14, 79, 186, 97, 232, 62, 108, 211, 48, 149, 118, 22,
       196, 92, 108, 201, 184, 245, 14, 102, 254, 37, 148, 107, 242, 66,
       53, 55, 1, 107, 207, 102, 18, 239, 113, 68, 64, 127, 198, 81, 108,
       191, 96, 126, 168, 23, 239, 129, 178, 36, 204, 84, 45, 170, 128,
       125, 171, 113, 245, 202, 144, 30, 251, 49, 236, 56, 2, 191, 25,
       83, 112, 188, 159, 40, 200, 135, 59, 255, 17, 50, 77, 146, 245,
       133, 247, 58, 203, 136, 1, 13, 19, 73, 61, 26, 245, 177, 205, 116,
       55, 237, 137, 106, 24, 190, 179, 0, 112, 128, 55, 124, 0, 65, 184,
       208, 14, 231, 253, 22, 18, 72, 64, 139, 11, 199, 172, 151, 151,
       232, 168, 46, 174, 190, 147, 2, 208, 244, 226, 201, 223, 119, 111,
       106, 158, 51, 93, 138, 123, 60, 54, 223, 44, 136, 240, 131, 12,
       177, 60, 241, 69, 118, 86, 237, 51, 112, 234, 126, 114, 145, 53,
       148, 36, 126, 60, 22, 168, 177, 188, 117, 142, 45, 174, 161, 128,
       111, 232, 80, 249, 0, 40, 183, 219, 201, 228, 161, 194, 222, 31,
       96, 16, 180, 247, 101, 107, 201, 123, 34, 152, 18, 126, 242, 241,
       13, 184, 82, 106, 208, 73, 37, 170, 66, 61, 23, 254, 19, 204, 52,
       103, 173, 1, 106, 16, 190, 151, 32, 243, 164, 51, 234, 0, 83, 137,
       146, 197, 177, 241, 30, 11, 0, 0, 175, 11, 71, 121, 191, 250, 236,
       165, 191, 212, 139, 29, 149, 62, 188, 159, 252, 43, 239, 115, 95,
       215, 147, 75, 186, 225, 127, 25, 186, 250, 148, 27, 231, 251, 181,
       77, 125, 77, 228, 79, 239, 254, 84, 238, 246, 66, 83, 49, 181,
       101, 122, 204, 22, 106, 233, 182, 117, 30, 119, 169, 229, 132,
       119, 249, 116, 225, 230, 121, 250, 250, 236, 229, 255, 212, 139,
       91, 189, 59, 220, 159, 126, 11, 207, 211, 223, 211, 146, 99, 186,
       241, 119, 89, 126, 250, 156, 223, 167, 115, 155, 69, 113, 227,
       231, 40, 252, 23, 105, 18, 59, 210, 143, 15, 156, 172, 190, 147,
       23, 187, 169, 52, 69, 194, 166, 216, 138, 198, 103, 215, 193, 37,
       130, 77, 113, 225, 100, 172, 254, 18, 233, 8, 58, 82, 189, 15, 21,
       0, 238, 177, 23, 203, 136, 188, 16, 234, 135, 216, 138, 128, 39,
       249, 81, 1, 199, 91, 197, 23, 170, 22, 172, 53, 169, 250, 147,
       213, 220, 46, 151, 255, 134, 101, 125, 239, 229, 196, 253, 232,
       36, 58, 255, 144, 14, 244, 139, 93, 9, 128, 3, 63, 21, 142, 104,
       183, 118, 1, 66, 84, 251, 225, 56, 192, 113, 46, 58, 156, 187,
       152, 21, 63, 37, 175, 146, 64, 26, 128, 216, 40, 1, 232, 31, 155,
       5, 197, 40, 199, 94, 113, 66, 82, 188, 210, 104, 105, 225, 43, 50,
       156, 19, 216, 26, 209, 141, 10, 154, 100, 152, 8, 161, 170, 199,
       253, 251, 250, 236, 229, 255, 212, 139, 27, 189, 58, 252, 255,
       253, 42, 207, 211, 95, 219, 211, 3, 186, 243, 117, 153, 111, 250,
       148, 219, 231, 241, 198, 111, 120, 250, 238, 184, 254, 135, 169,
       23, 185, 155, 141, 170, 86, 11, 239, 227, 223, 215, 246, 47, 202,
       226, 182, 217, 158, 251, 197, 91, 215, 195, 173, 92, 252, 85, 228,
       78, 229, 182, 80, 190, 118, 18, 147, 57, 149, 107, 79, 252, 22,
       106, 233, 252, 113, 42, 103, 171, 117, 4, 119, 249, 84, 169, 142,
       77, 115, 243, 229, 172, 254, 151, 249, 10, 58, 18, 189, 43, 53,
       15, 239, 227, 23, 139, 240, 172, 24, 234, 167, 254, 158, 8, 135,
       217, 209, 170, 9, 200, 6, 155, 5, 159, 97, 151, 246, 21, 70, 16,
       169, 194, 50, 204, 193, 42, 170, 28, 18, 216, 27, 181, 141, 251,
       210, 64, 26, 12, 248, 136 ]
