%YAML:1.0
---
descriptors: !!opencv-matrix
   rows: 55
   cols: 32
   dt: u
   data: [ 162, 140, 214, 254, 252, 171, 150, 239, 223, 3, 240, 88, 238,
       249, 36, 77, 215, 123, 127, 32, 50, 111, 10, 255, 170, 254, 87,
       122, 212, 248, 129, 141, 198, 172, 184, 188, 252, 160, 174, 175,
       154, 178, 24, 154, 252, 234, 84, 2, 147, 111, 121, 145, 50, 77,
       138, 243, 172, 22, 223, 236, 132, 113, 145, 8, 196, 172, 133, 147,
       148, 168, 38, 134, 58, 147, 74, 82, 228, 226, 73, 74, 113, 206,
       42, 152, 50, 220, 203, 227, 172, 38, 159, 68, 128, 115, 177, 0,
       122, 169, 114, 76, 117, 221, 86, 71, 97, 12, 252, 8, 42, 255, 38,
       148, 184, 186, 198, 72, 78, 43, 178, 253, 179, 221, 0, 27, 99,
       158, 78, 46, 72, 188, 188, 112, 169, 233, 21, 143, 187, 63, 164,
       57, 142, 183, 74, 27, 135, 83, 237, 16, 50, 77, 251, 49, 203, 211,
       93, 127, 194, 80, 135, 107, 133, 164, 221, 241, 236, 41, 233, 27,
       254, 179, 49, 88, 157, 235, 216, 43, 43, 15, 110, 28, 51, 116,
       207, 210, 204, 155, 119, 116, 204, 201, 131, 160, 134, 140, 214,
       254, 255, 171, 156, 239, 223, 147, 240, 88, 238, 234, 44, 201,
       211, 123, 110, 32, 50, 111, 10, 255, 168, 190, 87, 126, 212, 120,
       129, 141, 195, 183, 151, 216, 172, 172, 184, 223, 223, 27, 48,
       116, 156, 179, 228, 255, 167, 27, 127, 25, 179, 109, 138, 209,
       136, 216, 127, 238, 154, 192, 161, 161, 24, 157, 57, 251, 176,
       207, 83, 191, 22, 13, 238, 16, 183, 23, 160, 112, 213, 50, 29, 24,
       58, 136, 97, 63, 235, 239, 52, 80, 178, 136, 196, 107, 77, 111,
       21, 229, 184, 15, 92, 190, 59, 170, 186, 76, 159, 51, 65, 144,
       151, 221, 108, 108, 105, 90, 209, 30, 251, 223, 101, 52, 138, 240,
       138, 1, 125, 127, 157, 237, 169, 31, 94, 250, 63, 170, 184, 76,
       159, 115, 1, 177, 157, 197, 108, 104, 233, 98, 209, 30, 251, 223,
       37, 60, 90, 249, 74, 1, 240, 72, 223, 244, 78, 8, 109, 0, 249,
       146, 178, 90, 255, 35, 21, 91, 107, 229, 108, 234, 104, 71, 199,
       226, 212, 170, 250, 24, 37, 241, 99, 40, 4, 207, 95, 247, 182,
       171, 111, 180, 205, 176, 122, 66, 255, 233, 189, 65, 50, 107, 38,
       106, 193, 176, 12, 188, 234, 219, 101, 64, 116, 251, 65, 168, 98,
       188, 175, 248, 205, 237, 177, 199, 171, 91, 144, 189, 188, 253,
       100, 11, 173, 51, 251, 145, 19, 79, 146, 225, 223, 50, 222, 251,
       205, 76, 151, 251, 88, 188, 188, 114, 171, 233, 21, 142, 171, 63,
       172, 25, 174, 183, 74, 27, 135, 211, 237, 16, 26, 73, 250, 49,
       219, 211, 85, 127, 210, 80, 135, 107, 98, 174, 254, 26, 203, 244,
       185, 199, 219, 95, 180, 31, 40, 238, 118, 90, 239, 227, 235, 149,
       150, 79, 174, 241, 27, 94, 94, 251, 211, 68, 239, 79, 102, 53,
       150, 131, 253, 111, 178, 200, 190, 189, 155, 25, 204, 254, 75, 12,
       249, 29, 235, 51, 22, 115, 219, 210, 157, 22, 11, 127, 128, 111,
       15, 214, 54, 48, 240, 225, 221, 111, 250, 200, 127, 189, 185, 27,
       206, 124, 95, 156, 187, 157, 223, 51, 30, 115, 217, 208, 159, 220,
       139, 119, 197, 111, 95, 198, 89, 251, 184, 251, 41, 156, 29, 151,
       238, 125, 190, 68, 190, 178, 194, 114, 165, 103, 108, 28, 158, 9,
       235, 241, 219, 255, 63, 218, 152, 66, 169, 75, 125, 239, 148, 45,
       173, 15, 70, 186, 127, 170, 168, 76, 143, 33, 17, 210, 149, 196,
       108, 110, 237, 99, 209, 62, 187, 255, 101, 60, 74, 249, 74, 1,
       105, 45, 28, 229, 185, 31, 92, 55, 123, 170, 186, 76, 159, 51, 1,
       178, 135, 167, 108, 12, 237, 250, 209, 30, 239, 223, 116, 48, 74,
       224, 202, 9, 74, 174, 191, 152, 203, 229, 185, 198, 203, 95, 184,
       27, 44, 238, 118, 90, 239, 227, 235, 149, 150, 107, 174, 241, 95,
       23, 222, 251, 213, 68, 167, 223, 73, 249, 57, 106, 248, 140, 119,
       188, 106, 12, 110, 72, 191, 211, 192, 112, 148, 87, 108, 88, 91,
       10, 250, 53, 255, 253, 39, 104, 64, 147, 199, 41, 2, 136, 151,
       157, 58, 139, 152, 99, 158, 177, 242, 242, 172, 162, 160, 207,
       239, 37, 110, 8, 49, 217, 67, 221, 156, 182, 91, 82, 152, 40, 33,
       137, 34, 162, 215, 157, 122, 137, 185, 99, 62, 17, 210, 242, 188,
       22, 144, 9, 110, 25, 127, 149, 35, 216, 67, 221, 156, 54, 122,
       194, 132, 136, 35, 169, 242, 96, 85, 225, 71, 72, 232, 64, 105,
       176, 178, 26, 142, 10, 84, 155, 234, 133, 78, 241, 72, 119, 193,
       192, 149, 152, 218, 49, 101, 0, 99, 130, 97, 181, 149, 121, 221,
       237, 68, 175, 255, 19, 104, 28, 246, 241, 76, 53, 145, 10, 120,
       24, 123, 104, 211, 87, 173, 254, 85, 126, 216, 64, 202, 10, 105,
       107, 127, 101, 116, 10, 111, 180, 104, 232, 126, 108, 243, 33,
       145, 51, 18, 228, 68, 110, 201, 176, 229, 44, 230, 249, 101, 0,
       78, 178, 82, 105, 97, 225, 91, 96, 240, 141, 103, 189, 98, 45,
       126, 72, 183, 147, 200, 112, 18, 222, 6, 88, 91, 58, 232, 61, 255,
       173, 37, 108, 96, 146, 198, 41, 249, 239, 105, 231, 116, 139, 79,
       188, 114, 232, 124, 236, 243, 199, 209, 48, 30, 236, 84, 126, 251,
       122, 236, 46, 252, 137, 165, 184, 108, 170, 82, 57, 249, 46, 77,
       117, 180, 42, 109, 55, 112, 178, 186, 252, 243, 33, 145, 27, 15,
       230, 108, 46, 249, 252, 197, 14, 236, 235, 245, 144, 236, 248,
       194, 57, 83, 153, 187, 250, 59, 245, 51, 210, 174, 73, 142, 4,
       188, 255, 98, 96, 231, 51, 255, 208, 151, 9, 179, 241, 219, 253,
       26, 218, 144, 1, 37, 123, 26, 248, 191, 250, 11, 245, 185, 198,
       143, 81, 140, 35, 188, 223, 98, 104, 231, 51, 251, 209, 3, 9, 186,
       241, 219, 213, 154, 251, 154, 15, 37, 123, 118, 1, 114, 160, 109,
       93, 250, 64, 141, 36, 177, 11, 142, 30, 103, 148, 234, 145, 223,
       227, 28, 35, 80, 208, 151, 212, 138, 127, 87, 15, 127, 198, 126,
       64, 112, 232, 111, 88, 254, 64, 169, 6, 177, 11, 142, 26, 23, 212,
       238, 145, 223, 227, 76, 35, 208, 192, 147, 252, 138, 187, 119, 30,
       111, 134, 30, 17, 120, 225, 55, 78, 123, 48, 109, 108, 247, 3, 27,
       31, 31, 64, 254, 157, 23, 249, 136, 176, 113, 204, 215, 253, 130,
       133, 167, 166, 116, 242, 105, 75, 111, 101, 100, 10, 111, 180, 96,
       224, 118, 204, 243, 1, 145, 49, 26, 236, 86, 110, 193, 176, 229,
       44, 102, 233, 101, 128, 108, 186, 82, 184, 128, 128, 157, 217,
       164, 233, 32, 3, 126, 19, 67, 80, 149, 130, 192, 105, 131, 43, 34,
       24, 50, 220, 103, 81, 140, 146, 82, 64, 144, 192, 133, 164, 10,
       149, 63, 154, 187, 192, 53, 103, 190, 21, 204, 179, 172, 247, 42,
       64, 231, 59, 187, 129, 82, 9, 2, 215, 209, 55, 26, 203, 20, 4,
       165, 251, 184, 235, 120, 99, 84, 139, 71, 252, 82, 164, 244, 8,
       115, 69, 209, 48, 24, 220, 70, 122, 200, 186, 237, 62, 127, 141,
       37, 116, 101, 155, 214, 232, 90, 248, 59, 250, 27, 213, 155, 204,
       159, 69, 133, 35, 252, 223, 105, 96, 246, 59, 255, 209, 11, 3,
       186, 241, 251, 213, 154, 251, 152, 23, 37, 123, 182, 1, 122, 160,
       53, 95, 248, 64, 9, 36, 177, 11, 143, 30, 47, 144, 250, 145, 151,
       241, 12, 55, 80, 192, 147, 217, 138, 119, 85, 15, 127, 198, 254,
       64, 114, 168, 7, 92, 88, 104, 41, 4, 177, 11, 14, 30, 63, 212,
       250, 153, 223, 227, 76, 39, 144, 200, 147, 240, 138, 59, 119, 46,
       110, 70, 178, 85, 120, 224, 103, 100, 249, 71, 73, 20, 253, 19,
       31, 31, 62, 27, 238, 145, 23, 161, 168, 54, 80, 195, 215, 217,
       202, 131, 103, 201, 244, 99, 186, 68, 112, 229, 103, 114, 94, 86,
       105, 134, 253, 147, 15, 31, 30, 148, 255, 221, 149, 227, 236, 182,
       80, 202, 179, 249, 130, 135, 103, 255, 238, 199, 186, 68, 96, 229,
       167, 114, 94, 55, 25, 198, 126, 147, 75, 31, 23, 244, 127, 215,
       149, 174, 236, 180, 101, 206, 243, 253, 128, 135, 39, 253, 220,
       87, 143, 254, 248, 115, 243, 118, 127, 182, 113, 127, 95, 181, 89,
       125, 159, 169, 151, 95, 149, 254, 244, 212, 61, 170, 111, 255,
       117, 135, 231, 245, 206, 127, 41, 203, 99, 101, 100, 26, 111, 52,
       96, 168, 126, 204, 251, 1, 144, 177, 18, 236, 20, 110, 201, 176,
       229, 45, 230, 233, 96, 128, 111, 186, 82, 168, 9, 158, 19, 250,
