%YAML:1.0
---
descriptors: !!opencv-matrix
   rows: 30
   cols: 32
   dt: u
   data: [ 246, 64, 150, 140, 77, 70, 86, 104, 185, 142, 163, 11, 78,
       246, 47, 95, 248, 245, 237, 99, 108, 71, 154, 200, 145, 50, 207,
       31, 0, 127, 62, 6, 49, 252, 8, 101, 29, 15, 195, 236, 86, 98, 162,
       14, 114, 89, 88, 33, 185, 204, 106, 111, 107, 125, 217, 63, 253,
       143, 133, 52, 121, 24, 80, 58, 34, 173, 17, 170, 221, 133, 178,
       239, 31, 1, 105, 75, 36, 251, 108, 0, 221, 155, 3, 17, 18, 42, 74,
       247, 189, 20, 30, 123, 144, 10, 135, 138, 92, 66, 217, 165, 34,
       46, 111, 24, 32, 162, 195, 229, 215, 99, 201, 90, 118, 197, 125,
       239, 200, 212, 201, 8, 212, 227, 107, 132, 36, 243, 35, 0, 133,
       164, 221, 241, 236, 169, 233, 27, 254, 51, 49, 216, 157, 163, 216,
       43, 35, 15, 110, 24, 51, 124, 207, 210, 204, 155, 119, 100, 220,
       200, 131, 161, 88, 188, 188, 112, 169, 237, 17, 175, 171, 63, 164,
       25, 174, 183, 74, 27, 133, 211, 237, 16, 26, 75, 251, 49, 219,
       211, 93, 127, 194, 64, 135, 107, 77, 75, 255, 101, 164, 14, 111,
       180, 105, 232, 126, 108, 247, 97, 145, 114, 22, 100, 108, 110,
       193, 240, 233, 40, 230, 249, 101, 128, 74, 179, 66, 33, 81, 245,
       149, 193, 178, 142, 47, 191, 46, 33, 42, 64, 151, 51, 200, 116,
       55, 215, 92, 216, 115, 152, 49, 119, 173, 134, 62, 68, 168, 144,
       129, 41, 212, 120, 191, 118, 40, 108, 85, 144, 240, 242, 166, 24,
       247, 247, 65, 123, 33, 244, 108, 10, 41, 103, 251, 34, 209, 171,
       113, 24, 224, 241, 6, 43, 46, 177, 146, 129, 221, 127, 176, 73,
       14, 189, 189, 27, 204, 158, 106, 140, 249, 157, 202, 51, 22, 115,
       121, 208, 29, 21, 143, 119, 211, 79, 159, 198, 4, 166, 151, 145,
       222, 11, 40, 107, 190, 179, 67, 210, 220, 226, 232, 205, 51, 12,
       106, 184, 114, 209, 143, 215, 28, 6, 127, 100, 160, 96, 161, 160,
       81, 136, 149, 189, 56, 140, 184, 35, 158, 155, 242, 112, 191, 178,
       128, 203, 230, 53, 110, 8, 35, 205, 195, 141, 156, 247, 122, 18,
       152, 8, 33, 9, 34, 178, 117, 161, 102, 139, 184, 75, 47, 113, 178,
       235, 142, 30, 68, 24, 238, 157, 255, 145, 134, 122, 199, 208, 20,
       16, 26, 230, 101, 140, 7, 223, 66, 148, 23, 250, 27, 228, 185,
       103, 188, 29, 75, 16, 172, 247, 40, 68, 167, 51, 251, 129, 50,
       137, 146, 231, 201, 182, 26, 75, 128, 64, 165, 59, 33, 233, 105,
       75, 116, 203, 103, 253, 113, 96, 124, 78, 51, 81, 148, 52, 120,
       168, 6, 110, 203, 186, 108, 63, 108, 140, 36, 32, 109, 154, 210,
       232, 65, 154, 151, 189, 56, 172, 48, 51, 188, 11, 211, 112, 190,
       179, 128, 238, 199, 55, 110, 0, 49, 204, 67, 199, 140, 246, 122,
       210, 138, 8, 1, 47, 66, 157, 23, 247, 177, 204, 56, 39, 189, 11,
       74, 16, 188, 179, 0, 247, 166, 55, 236, 0, 115, 201, 146, 199,
       133, 246, 90, 67, 8, 64, 133, 63, 193, 170, 151, 176, 232, 173,
       96, 19, 238, 27, 162, 92, 150, 147, 64, 91, 129, 34, 110, 24, 51,
       111, 210, 80, 157, 162, 114, 120, 200, 64, 195, 33, 181, 76, 101,
       79, 92, 71, 207, 248, 85, 96, 244, 66, 113, 84, 181, 37, 88, 200,
       22, 238, 233, 182, 125, 61, 48, 10, 161, 148, 119, 187, 112, 172,
       202, 149, 31, 186, 155, 224, 57, 103, 190, 21, 203, 51, 172, 247,
       40, 66, 227, 51, 187, 129, 50, 9, 19, 247, 217, 39, 218, 75, 18,
       4, 165, 122, 202, 149, 151, 222, 27, 204, 53, 103, 188, 19, 78,
       16, 172, 247, 32, 247, 166, 51, 251, 128, 115, 201, 178, 231, 145,
       182, 90, 11, 2, 64, 165, 58, 252, 235, 120, 98, 92, 15, 83, 248,
       83, 164, 180, 9, 83, 73, 211, 16, 24, 220, 69, 122, 74, 50, 89,
       62, 251, 205, 37, 125, 117, 187, 94, 10, 240, 72, 206, 61, 78, 11,
       101, 102, 118, 182, 194, 154, 35, 160, 17, 75, 104, 228, 106, 207,
       72, 255, 199, 56, 84, 34, 209, 16, 101, 248, 112, 168, 74, 148,
       159, 218, 155, 244, 49, 35, 190, 81, 207, 18, 188, 247, 40, 111,
       227, 19, 251, 0, 51, 73, 179, 247, 155, 183, 90, 75, 154, 64, 165,
       50, 202, 253, 159, 222, 43, 208, 53, 103, 188, 7, 230, 176, 172,
       183, 36, 247, 166, 51, 235, 128, 98, 73, 162, 235, 179, 179, 94,
       11, 2, 80, 167, 59, 193, 140, 190, 87, 9, 252, 105, 39, 248, 211,
       175, 16, 190, 162, 22, 119, 129, 39, 104, 12, 53, 233, 243, 99,
       141, 255, 82, 80, 192, 64, 195, 46, 215, 79, 112, 227, 228, 60,
       238, 151, 121, 98, 187, 214, 159, 42, 150, 228, 111, 199, 31, 239,
       253, 188, 77, 226, 182, 220, 190, 128, 111, 223, 249, 157, 214,
       128, 156, 216, 155, 225, 17, 202, 158, 23, 132, 50, 140, 215, 105,
       110, 227, 19, 251, 144, 50, 69, 27, 243, 219, 214, 90, 127, 146,
       1, 37, 34, 49, 189, 74, 75, 84, 159, 194, 120, 84, 224, 249, 110,
       115, 88, 190, 160, 88, 168, 22, 109, 173, 187, 93, 31, 58, 13, 33,
       80, 125, 138, 122, 156, 192, 132, 190, 94, 137, 236, 48, 39, 251,
       19, 171, 16, 174, 242, 44, 123, 161, 39, 104, 8, 50, 73, 146, 99,
       219, 250, 82, 91, 192, 64, 167, 42 ]
keypoints: !!opencv-matrix
   rows: 30
   cols: 2
   dt: d
   data: [ 161., 247., 330., 2.4480000305175781e+02,
       9.4800003051757812e+01, 2.5680001831054688e+02,
       3.2040002441406250e+02, 2.5440000915527344e+02,
       2.2440000915527344e+02, 2.4960000610351562e+02,
       2.9520001220703125e+02, 2.4912001037597656e+02,
       6.4800003051757812e+01, 144., 9.6768005371093750e+01,
       2.4537602233886719e+02, 2.8684802246093750e+02,
       2.4364802551269531e+02, 1.6070401000976562e+02,
       2.3846401977539062e+02, 1.9353601074218750e+02,
       1.7971202087402344e+02, 2.0217602539062500e+02,
       1.7625601196289062e+02, 1.9180801391601562e+02,
       1.7107202148437500e+02, 2.0943362426757812e+02,
       1.7210882568359375e+02, 1.6588803100585938e+02,
       1.7418241882324219e+02, 2.0321282958984375e+02,
       1.7625602722167969e+02, 2.1150723266601562e+02,
       1.7625602722167969e+02, 2.7578884887695312e+02,
       2.3224322509765625e+02, 1.7915908813476562e+02,
       1.6920579528808594e+02, 2.0901893615722656e+02,
       1.7169412231445312e+02, 2.1150724792480469e+02,
       1.7667076110839844e+02, 1.7915908813476562e+02,
       1.7915908813476562e+02, 1.2839733886718750e+02,
       1.4332727050781250e+02, 2.0304696655273438e+02,
       1.7318711853027344e+02, 2.1797689819335938e+02,
       1.7915908813476562e+02, 2.0006097412109375e+02,
       1.8214508056640625e+02, 2.7948818969726562e+02,
       1.1107863616943359e+02, 1.9707499694824219e+02,
       1.6840954589843750e+02, 1.6840954589843750e+02,
       1.7557591247558594e+02, 2.0065818786621094e+02,
       1.8274227905273438e+02 ]
