%YAML:1.0
---
descriptors: !!opencv-matrix
   rows: 85
   cols: 32
   dt: u
   data: [ 166, 140, 215, 254, 252, 171, 222, 239, 223, 130, 112, 88,
       238, 232, 52, 65, 211, 107, 110, 35, 48, 111, 74, 255, 168, 190,
       87, 58, 212, 249, 193, 137, 3, 125, 123, 225, 178, 158, 190, 247,
       172, 72, 90, 228, 189, 150, 160, 96, 182, 127, 31, 238, 209, 152,
       32, 238, 164, 253, 46, 130, 12, 146, 163, 177, 122, 105, 114, 76,
       93, 221, 86, 102, 227, 12, 252, 8, 42, 191, 54, 180, 248, 250,
       198, 72, 78, 43, 240, 253, 51, 221, 4, 27, 99, 158, 110, 158, 77,
       75, 127, 101, 36, 14, 111, 180, 108, 168, 126, 100, 243, 97, 145,
       114, 22, 228, 108, 110, 201, 176, 233, 40, 230, 249, 37, 128, 74,
       179, 66, 41, 51, 41, 82, 124, 109, 153, 248, 70, 111, 0, 240, 9,
       174, 152, 20, 20, 170, 169, 119, 65, 14, 58, 194, 209, 150, 248,
       16, 59, 71, 12, 74, 142, 107, 48, 118, 236, 45, 215, 216, 25, 75,
       249, 117, 169, 15, 156, 150, 180, 134, 157, 245, 21, 142, 239,
       183, 213, 131, 248, 9, 247, 71, 140, 87, 87, 23, 23, 111, 37, 178,
       62, 190, 57, 61, 226, 91, 239, 223, 44, 159, 52, 54, 197, 117,
       175, 181, 208, 37, 206, 166, 254, 43, 134, 237, 231, 139, 85, 29,
       23, 244, 37, 178, 58, 126, 25, 52, 236, 127, 229, 223, 45, 155,
       192, 54, 29, 253, 39, 149, 176, 101, 10, 230, 239, 33, 132, 238,
       239, 137, 81, 5, 164, 221, 241, 236, 169, 233, 155, 254, 179, 57,
       90, 157, 163, 216, 43, 35, 15, 110, 28, 51, 124, 79, 210, 204,
       159, 119, 100, 220, 200, 129, 161, 38, 165, 240, 195, 253, 127,
       240, 73, 79, 181, 185, 27, 206, 60, 94, 188, 187, 157, 223, 51,
       22, 114, 89, 210, 31, 92, 135, 119, 215, 79, 223, 198, 136, 204,
       57, 123, 48, 207, 83, 190, 87, 13, 102, 16, 183, 23, 160, 116, 81,
       58, 28, 72, 106, 140, 99, 63, 235, 255, 48, 80, 50, 136, 196, 105,
       120, 21, 121, 101, 52, 111, 71, 63, 112, 172, 254, 8, 211, 53,
       129, 48, 24, 212, 68, 42, 120, 176, 113, 14, 239, 239, 37, 16, 97,
       250, 70, 98, 50, 186, 151, 189, 106, 139, 184, 226, 191, 179, 242,
       235, 44, 191, 36, 25, 239, 185, 127, 149, 58, 219, 67, 213, 28,
       58, 91, 242, 213, 44, 35, 171, 221, 214, 220, 249, 170, 35, 94,
       154, 23, 243, 181, 246, 91, 115, 201, 123, 127, 215, 127, 178,
       187, 71, 79, 146, 250, 203, 255, 244, 191, 249, 168, 17, 109, 79,
       123, 101, 36, 14, 111, 180, 105, 232, 126, 108, 243, 97, 145, 115,
       18, 100, 108, 110, 201, 176, 229, 40, 230, 249, 37, 128, 74, 179,
       66, 41, 66, 188, 175, 186, 221, 232, 177, 199, 171, 87, 152, 185,
       188, 252, 118, 10, 171, 179, 251, 17, 151, 107, 178, 241, 217, 54,
       222, 107, 221, 76, 183, 218, 124, 177, 185, 97, 176, 111, 99, 145,
       98, 253, 191, 56, 219, 53, 200, 58, 185, 212, 124, 58, 25, 240,
       249, 0, 203, 205, 37, 100, 194, 163, 198, 115, 114, 64, 244, 228,
       103, 206, 248, 9, 171, 148, 178, 3, 239, 95, 86, 214, 250, 181,
       181, 193, 76, 100, 210, 221, 159, 250, 203, 135, 103, 174, 77, 71,
       101, 253, 165, 83, 157, 31, 70, 190, 82, 241, 172, 12, 210, 124,
       89, 186, 217, 198, 120, 127, 255, 98, 251, 55, 171, 95, 197, 124,
       218, 127, 210, 54, 34, 42, 215, 157, 122, 139, 185, 67, 62, 145,
       210, 242, 188, 151, 128, 73, 110, 57, 119, 133, 3, 216, 67, 221,
       28, 54, 250, 130, 12, 136, 35, 169, 109, 53, 251, 65, 244, 126,
       99, 155, 97, 232, 62, 104, 211, 53, 209, 54, 18, 220, 84, 56, 153,
       242, 229, 10, 111, 157, 37, 100, 226, 243, 66, 33, 129, 174, 199,
       157, 218, 35, 111, 255, 62, 178, 74, 246, 241, 226, 193, 65, 115,
       110, 106, 188, 115, 220, 135, 127, 44, 166, 247, 100, 184, 240,
       225, 168, 205, 255, 26, 174, 253, 208, 15, 252, 218, 76, 92, 228,
       125, 195, 187, 240, 214, 97, 158, 238, 227, 3, 46, 255, 250, 253,
       175, 188, 30, 183, 43, 241, 1, 203, 127, 69, 52, 10, 111, 180,
       109, 200, 126, 100, 255, 33, 144, 116, 118, 100, 20, 110, 193,
       184, 37, 109, 230, 252, 38, 128, 78, 178, 96, 41, 237, 86, 236,
       247, 237, 120, 87, 152, 217, 222, 53, 188, 203, 229, 219, 255, 91,
       228, 238, 46, 173, 102, 254, 162, 198, 255, 101, 189, 238, 255,
       94, 245, 16, 11, 63, 225, 18, 207, 185, 119, 44, 109, 214, 131,
       181, 15, 16, 32, 46, 49, 31, 137, 192, 152, 33, 77, 197, 131, 186,
       192, 37, 0, 37, 123, 216, 95, 31, 165, 34, 14, 79, 118, 52, 168,
       242, 103, 87, 7, 32, 81, 116, 213, 109, 238, 105, 221, 17, 12,
       249, 227, 239, 212, 42, 160, 32, 27, 3, 189, 43, 30, 210, 196,
       191, 231, 190, 192, 74, 133, 180, 246, 55, 100, 38, 107, 19, 223,
       243, 152, 62, 127, 45, 46, 142, 74, 140, 114, 161, 252, 74, 185,
       167, 186, 253, 225, 177, 198, 142, 85, 152, 187, 188, 253, 112,
       139, 175, 59, 251, 17, 19, 107, 154, 241, 221, 81, 222, 251, 158,
       76, 183, 250, 108, 251, 233, 227, 184, 75, 95, 188, 3, 232, 156,
       232, 211, 231, 217, 50, 220, 220, 253, 122, 203, 3, 235, 49, 234,
       221, 165, 253, 8, 187, 86, 113, 74, 188, 23, 181, 49, 236, 56, 39,
       189, 91, 91, 49, 188, 191, 0, 240, 135, 51, 255, 1, 51, 220, 210,
       199, 141, 247, 26, 194, 136, 0, 133, 59, 64, 179, 25, 249, 216,
       237, 161, 95, 142, 121, 28, 124, 148, 151, 224, 104, 69, 26, 90,
       152, 147, 90, 242, 17, 77, 133, 63, 236, 152, 8, 133, 241, 193,
       170, 159, 179, 168, 173, 96, 151, 254, 59, 162, 88, 182, 147, 64,
       91, 129, 2, 110, 24, 51, 109, 195, 113, 141, 146, 114, 120, 200,
       64, 131, 41, 216, 32, 86, 176, 9, 169, 64, 6, 175, 19, 162, 153,
       175, 130, 64, 219, 163, 163, 232, 0, 14, 79, 195, 17, 144, 209,
       82, 57, 160, 64, 15, 10, 95, 67, 202, 174, 46, 18, 206, 120, 84,
       202, 219, 231, 115, 104, 179, 224, 254, 229, 61, 239, 205, 147,
       77, 138, 178, 111, 235, 129, 61, 255, 56, 93, 253, 251, 105, 230,
       180, 139, 79, 189, 18, 232, 180, 236, 243, 215, 209, 48, 30, 252,
       125, 122, 203, 26, 236, 62, 250, 205, 165, 252, 44, 186, 210, 57,
       42, 253, 96, 101, 87, 219, 231, 55, 5, 228, 222, 175, 171, 61,
       146, 164, 10, 254, 211, 193, 73, 184, 117, 175, 103, 85, 156, 145,
       111, 156, 222, 254, 137, 79, 50, 30, 115, 156, 247, 117, 236, 12,
       126, 68, 172, 218, 183, 244, 166, 107, 6, 78, 228, 185, 34, 111,
       98, 253, 34, 138, 74, 22, 233, 205, 74, 184, 191, 186, 47, 245,
       185, 198, 143, 81, 148, 163, 172, 255, 96, 174, 239, 59, 251, 145,
       3, 75, 186, 241, 219, 81, 222, 251, 150, 13, 63, 251, 54, 33, 112,
       224, 101, 127, 218, 64, 201, 36, 185, 11, 142, 154, 119, 132, 234,
       153, 215, 227, 28, 162, 80, 208, 147, 216, 138, 251, 119, 15, 95,
       134, 122, 96, 112, 200, 111, 92, 248, 72, 169, 4, 177, 11, 14,
       158, 22, 212, 238, 149, 255, 227, 76, 39, 210, 208, 151, 248, 138,
       187, 119, 22, 111, 6, 27, 25, 190, 189, 3, 118, 188, 119, 172, 67,
       222, 167, 124, 190, 35, 239, 166, 119, 187, 129, 133, 153, 49,
       200, 209, 99, 90, 130, 175, 116, 169, 95, 125, 51, 249, 97, 240,
       47, 83, 217, 99, 232, 61, 108, 83, 125, 221, 56, 63, 220, 68, 126,
       155, 50, 237, 18, 222, 205, 37, 252, 233, 235, 194, 241, 105, 75,
       111, 101, 100, 10, 111, 180, 96, 224, 118, 236, 243, 33, 145, 51,
       26, 228, 70, 110, 193, 176, 229, 44, 102, 233, 101, 0, 108, 186,
       82, 232, 1, 203, 123, 77, 52, 138, 111, 180, 109, 64, 126, 196,
       243, 1, 148, 116, 114, 108, 30, 238, 193, 184, 101, 207, 230, 188,
       34, 128, 108, 170, 64, 45, 34, 136, 55, 248, 125, 193, 177, 102,
       159, 13, 112, 32, 172, 159, 36, 96, 200, 59, 179, 64, 2, 141, 98,
       253, 71, 246, 154, 107, 16, 8, 101, 170, 193, 18, 151, 213, 48,
       170, 41, 51, 188, 43, 210, 244, 188, 50, 128, 239, 231, 55, 110,
       8, 49, 220, 65, 199, 140, 182, 122, 194, 138, 136, 33, 45, 124,
       235, 120, 102, 61, 29, 86, 184, 67, 168, 189, 13, 211, 73, 80,
       144, 152, 212, 236, 114, 204, 35, 201, 60, 251, 221, 37, 125, 98,
