%YAML:1.0
---
descriptors: !!opencv-matrix
   rows: 58
   cols: 32
   dt: u
   data: [ 124, 105, 18, 236, 57, 223, 82, 224, 169, 140, 236, 9, 79,
       219, 33, 148, 184, 249, 204, 114, 76, 163, 154, 172, 243, 221, 5,
       31, 98, 55, 102, 66, 34, 173, 17, 170, 221, 137, 182, 239, 31, 1,
       105, 75, 44, 219, 108, 0, 219, 155, 3, 17, 82, 11, 74, 247, 189,
       20, 30, 123, 144, 10, 135, 138, 202, 188, 188, 122, 169, 253, 21,
       143, 187, 63, 164, 57, 174, 255, 66, 27, 135, 115, 233, 16, 50,
       77, 218, 51, 219, 211, 93, 123, 210, 85, 143, 11, 133, 164, 221,
       241, 236, 169, 233, 27, 238, 51, 49, 216, 157, 225, 216, 43, 163,
       15, 110, 28, 51, 116, 207, 211, 204, 155, 119, 116, 156, 200, 193,
       160, 242, 56, 234, 212, 143, 252, 145, 23, 187, 95, 150, 63, 170,
       189, 86, 42, 237, 179, 253, 145, 190, 111, 242, 227, 219, 118,
       216, 251, 207, 76, 150, 127, 26, 112, 124, 237, 46, 214, 89, 24,
       139, 220, 118, 163, 95, 223, 214, 122, 166, 189, 181, 165, 136,
       212, 182, 209, 195, 249, 171, 135, 55, 132, 69, 115, 88, 188, 188,
       114, 169, 253, 21, 143, 187, 63, 164, 25, 174, 183, 66, 27, 135,
       211, 237, 16, 26, 73, 218, 113, 219, 211, 93, 127, 210, 68, 143,
       75, 125, 71, 196, 69, 48, 30, 78, 184, 113, 168, 251, 228, 83, 96,
       157, 245, 54, 196, 108, 110, 237, 240, 77, 46, 40, 174, 37, 148,
       111, 243, 90, 5, 246, 88, 214, 140, 77, 70, 86, 72, 169, 142, 242,
       11, 78, 254, 39, 223, 248, 245, 237, 227, 76, 103, 146, 202, 145,
       178, 207, 31, 1, 127, 126, 70, 85, 37, 147, 225, 178, 46, 104, 31,
       59, 177, 107, 80, 223, 51, 72, 252, 55, 31, 60, 24, 51, 216, 145,
       66, 173, 246, 55, 70, 168, 192, 163, 33, 245, 229, 233, 236, 140,
       71, 207, 249, 82, 226, 188, 10, 83, 241, 249, 34, 89, 192, 118,
       234, 233, 99, 255, 27, 249, 143, 229, 60, 125, 250, 242, 160, 77,
       75, 255, 101, 164, 14, 111, 180, 105, 232, 118, 100, 247, 33, 145,
       114, 20, 100, 108, 110, 193, 176, 233, 40, 230, 249, 101, 128, 74,
       243, 66, 41, 125, 125, 25, 109, 249, 15, 84, 186, 51, 168, 172,
       76, 159, 51, 65, 240, 156, 221, 92, 104, 105, 122, 209, 30, 231,
       255, 37, 54, 74, 241, 74, 35, 38, 160, 215, 168, 251, 3, 152, 105,
       159, 49, 241, 153, 204, 254, 108, 29, 223, 29, 127, 49, 18, 75,
       75, 213, 152, 158, 95, 254, 212, 12, 163, 133, 90, 48, 190, 245,
       23, 206, 120, 115, 191, 169, 210, 83, 191, 191, 48, 99, 166, 181,
       125, 129, 40, 217, 145, 204, 219, 255, 250, 209, 160, 0, 33, 11,
       244, 173, 222, 100, 190, 107, 71, 255, 80, 166, 189, 186, 83, 101,
       225, 51, 59, 214, 76, 106, 120, 107, 173, 46, 250, 135, 101, 61,
       101, 250, 70, 169, 248, 89, 62, 126, 13, 68, 85, 244, 225, 158,
       164, 8, 114, 251, 37, 115, 200, 244, 121, 106, 104, 99, 178, 41,
       243, 249, 68, 27, 67, 50, 102, 42, 6, 181, 26, 131, 221, 111, 179,
       201, 174, 189, 159, 27, 204, 158, 74, 10, 185, 157, 203, 51, 22,
       115, 153, 212, 157, 20, 11, 119, 193, 79, 157, 198, 233, 125, 24,
       101, 185, 143, 84, 55, 123, 170, 188, 12, 159, 51, 1, 176, 132,
       182, 76, 8, 105, 250, 209, 30, 239, 255, 52, 48, 74, 248, 74, 139,
       4, 166, 150, 153, 223, 139, 34, 233, 190, 179, 65, 114, 204, 226,
       232, 205, 113, 77, 106, 176, 50, 81, 143, 223, 12, 6, 239, 100,
       144, 33, 163, 128, 73, 61, 25, 245, 185, 143, 92, 55, 59, 170,
       174, 12, 191, 51, 64, 240, 135, 191, 124, 8, 105, 216, 209, 30,
       239, 255, 52, 48, 74, 192, 138, 11, 50, 160, 213, 137, 58, 11,
       184, 73, 15, 177, 240, 138, 140, 146, 100, 141, 254, 29, 127, 49,
       2, 219, 65, 212, 156, 146, 91, 246, 20, 8, 35, 129, 109, 107, 105,
       100, 116, 31, 71, 248, 97, 232, 254, 72, 83, 73, 144, 176, 24,
       236, 70, 110, 205, 178, 237, 62, 247, 205, 37, 48, 97, 187, 82,
       97, 50, 48, 117, 225, 110, 11, 184, 66, 15, 176, 178, 235, 142,
       30, 68, 14, 238, 157, 255, 21, 136, 186, 65, 208, 148, 216, 154,
       246, 69, 12, 67, 223, 65, 170, 159, 144, 172, 173, 96, 19, 238,
       59, 162, 88, 182, 163, 64, 91, 129, 38, 110, 8, 51, 109, 210, 81,
       149, 178, 114, 120, 200, 72, 195, 33, 74, 152, 23, 243, 49, 224,
       184, 7, 188, 27, 211, 49, 189, 159, 32, 200, 167, 51, 255, 145,
       51, 221, 146, 199, 137, 247, 26, 195, 128, 0, 37, 187, 245, 142,
       204, 180, 158, 35, 78, 255, 86, 226, 155, 255, 115, 104, 178, 226,
       93, 198, 124, 175, 253, 111, 205, 62, 184, 239, 229, 188, 189,
       248, 248, 24, 226, 80, 127, 232, 108, 108, 249, 16, 169, 4, 189,
       27, 157, 159, 52, 90, 238, 149, 63, 203, 136, 39, 243, 192, 215,
       185, 138, 152, 21, 155, 117, 114, 132, 162, 221, 177, 206, 233,
       169, 11, 126, 51, 53, 184, 157, 131, 200, 43, 35, 14, 106, 24, 50,
       92, 239, 210, 204, 211, 127, 101, 148, 200, 133, 160, 82, 149, 23,
       190, 155, 196, 49, 103, 189, 21, 203, 17, 172, 247, 32, 64, 166,
       51, 251, 129, 114, 9, 146, 199, 209, 54, 26, 75, 16, 4, 165, 122,
       201, 158, 149, 189, 40, 188, 48, 55, 188, 11, 211, 112, 191, 50,
       128, 226, 199, 55, 236, 0, 49, 204, 67, 199, 140, 247, 122, 210,
       8, 0, 1, 47, 66, 157, 151, 247, 49, 236, 56, 39, 189, 9, 202, 16,
       190, 178, 0, 246, 164, 55, 236, 0, 51, 201, 147, 195, 133, 247,
       26, 19, 8, 64, 133, 47, 124, 227, 224, 98, 61, 31, 82, 184, 67,
       172, 185, 9, 203, 73, 89, 144, 216, 204, 237, 115, 206, 35, 205,
       188, 250, 221, 165, 125, 118, 191, 94, 2, 65, 170, 151, 152, 232,
       173, 96, 23, 238, 27, 176, 88, 182, 179, 192, 91, 129, 34, 110,
       24, 19, 109, 194, 81, 156, 178, 114, 120, 200, 64, 131, 41, 245,
       81, 23, 110, 40, 78, 71, 56, 233, 136, 243, 104, 86, 114, 173,
       119, 212, 213, 124, 98, 105, 227, 251, 12, 177, 186, 97, 30, 88,
       51, 34, 37, 107, 211, 59, 254, 41, 212, 92, 54, 171, 89, 149, 253,
       62, 159, 246, 127, 134, 179, 221, 71, 159, 75, 170, 245, 211, 121,
       122, 250, 30, 135, 167, 127, 27, 16, 113, 225, 36, 76, 249, 48,
       109, 104, 118, 194, 159, 31, 149, 101, 238, 149, 23, 169, 217,
       184, 117, 204, 199, 249, 186, 192, 111, 136, 81, 185, 132, 162,
       213, 241, 238, 233, 104, 27, 126, 179, 51, 248, 149, 131, 200, 43,
       35, 14, 110, 152, 51, 92, 239, 80, 204, 146, 119, 100, 180, 200,
       133, 160, 33, 237, 97, 75, 212, 203, 231, 253, 85, 96, 120, 78,
       115, 81, 156, 180, 120, 170, 22, 126, 219, 186, 125, 191, 46, 12,
       37, 96, 127, 142, 242, 188, 252, 235, 120, 98, 124, 11, 83, 252,
       83, 164, 180, 9, 115, 73, 83, 16, 24, 220, 69, 122, 74, 50, 217,
       62, 251, 201, 37, 125, 117, 187, 94, 10, 108, 161, 248, 100, 176,
       139, 71, 149, 98, 165, 238, 8, 243, 227, 202, 112, 18, 238, 108,
       88, 26, 58, 241, 45, 255, 237, 37, 120, 224, 162, 206, 34, 65,
       160, 91, 193, 108, 141, 233, 81, 237, 89, 243, 90, 157, 154, 240,
       107, 110, 137, 94, 156, 147, 54, 118, 208, 148, 152, 58, 104, 157,
       136, 97, 160, 231, 223, 123, 250, 172, 180, 223, 148, 203, 91,
       189, 249, 92, 223, 254, 123, 135, 243, 253, 71, 247, 47, 170, 243,
       243, 249, 126, 250, 30, 215, 163, 123, 178, 69, 120, 228, 165,
       108, 223, 71, 73, 4, 189, 27, 15, 31, 54, 16, 254, 211, 149, 227,
       236, 167, 112, 238, 243, 217, 138, 147, 119, 251, 239, 67, 155,
       85, 113, 225, 100, 108, 233, 23, 105, 72, 127, 82, 159, 31, 148,
       228, 126, 149, 23, 233, 137, 180, 117, 206, 135, 248, 170, 128,
       111, 203, 81, 49, 193, 74, 207, 181, 76, 40, 237, 6, 224, 150,
       210, 211, 177, 161, 209, 75, 107, 236, 106, 142, 0, 246, 199, 224,
       196, 162, 242, 8, 37, 241, 113, 232, 82, 148, 151, 218, 27, 228,
       49, 139, 190, 81, 143, 19, 188, 247, 40, 238, 227, 19, 251, 144,
       50, 77, 59, 247, 153, 54, 90, 75, 146, 68, 165, 114, 49, 189, 97,
       73, 84, 219, 226, 248, 84, 96, 248, 70, 115, 88, 180, 164, 120,
       168, 22, 127, 223, 186, 125, 191, 46, 76, 37, 96, 127, 142, 90,
