%YAML:1.0
---
descriptors: !!opencv-matrix
   rows: 17
   cols: 32
   dt: u
   data: [ 104, 172, 190, 120, 169, 253, 16, 207, 155, 23, 164, 25, 174,
       253, 102, 27, 129, 115, 233, 16, 50, 111, 194, 179, 219, 211, 85,
       123, 210, 76, 143, 10, 153, 157, 15, 171, 180, 203, 103, 245, 52,
       104, 254, 102, 115, 119, 160, 97, 124, 182, 30, 234, 249, 185, 41,
       63, 248, 233, 166, 192, 105, 138, 224, 121, 124, 48, 177, 96, 9,
       108, 81, 216, 171, 255, 165, 13, 94, 255, 77, 62, 181, 213, 93,
       48, 11, 99, 186, 0, 219, 221, 5, 62, 202, 113, 70, 114, 145, 159,
       111, 239, 182, 74, 111, 181, 116, 72, 246, 242, 115, 119, 162, 97,
       126, 244, 62, 234, 249, 156, 37, 127, 252, 235, 230, 192, 37, 160,
       228, 121, 212, 158, 151, 182, 130, 160, 54, 231, 186, 155, 130,
       117, 236, 242, 72, 91, 163, 119, 108, 19, 51, 93, 139, 99, 184,
       134, 127, 194, 136, 112, 163, 11, 53, 141, 127, 239, 180, 79, 239,
       248, 116, 224, 250, 66, 115, 69, 184, 96, 122, 236, 30, 234, 233,
       176, 125, 61, 253, 237, 167, 132, 117, 187, 116, 224, 19, 124, 99,
       159, 22, 135, 239, 244, 20, 192, 80, 198, 57, 206, 183, 97, 126,
       233, 23, 239, 197, 157, 52, 253, 176, 40, 175, 128, 61, 190, 49,
       253, 43, 92, 107, 204, 118, 151, 235, 112, 92, 64, 124, 230, 57,
       204, 182, 101, 126, 168, 23, 238, 193, 182, 52, 223, 118, 41, 162,
       136, 127, 142, 112, 253, 120, 176, 185, 120, 169, 237, 81, 91,
       227, 29, 164, 24, 55, 215, 72, 58, 129, 178, 108, 24, 27, 107,
       242, 17, 219, 217, 16, 123, 192, 0, 198, 34, 117, 64, 107, 229,
       36, 74, 111, 184, 96, 226, 246, 66, 83, 113, 153, 113, 122, 196,
       60, 238, 201, 176, 253, 12, 244, 171, 225, 132, 109, 187, 112, 33,
       29, 79, 67, 207, 114, 18, 110, 120, 117, 200, 251, 230, 121, 98,
       185, 244, 126, 236, 22, 238, 201, 146, 13, 239, 48, 236, 175, 128,
       47, 183, 104, 133, 124, 64, 125, 101, 36, 74, 71, 184, 96, 166,
       247, 10, 83, 117, 153, 114, 122, 212, 108, 106, 201, 178, 253, 12,
       247, 239, 97, 20, 101, 187, 70, 32, 53, 65, 127, 237, 20, 79, 111,
       120, 100, 160, 255, 66, 83, 85, 185, 96, 122, 252, 30, 234, 201,
       176, 125, 29, 245, 169, 163, 4, 117, 171, 116, 32, 125, 33, 249,
       101, 52, 75, 67, 24, 97, 164, 255, 72, 83, 65, 217, 48, 90, 220,
       76, 106, 137, 178, 253, 8, 247, 237, 33, 20, 103, 187, 86, 32, 23,
       79, 66, 207, 86, 18, 238, 112, 117, 136, 255, 230, 97, 106, 183,
       228, 126, 236, 22, 238, 236, 147, 13, 206, 50, 46, 171, 128, 63,
       183, 120, 133, 86, 223, 98, 158, 91, 208, 158, 224, 141, 68, 217,
       167, 108, 206, 38, 197, 230, 243, 159, 195, 198, 11, 14, 253, 178,
       112, 138, 139, 63, 55, 45, 87, 25, 128, 70, 63, 149, 191, 105,
       223, 119, 1, 70, 20, 107, 193, 58, 252, 113, 142, 186, 188, 191,
       156, 61, 159, 170, 255, 146, 69, 186, 132, 248, 76 ]
keypoints: !!opencv-matrix
   rows: 17
   cols: 2
   dt: d
   data: [ 1.1760000610351562e+02, 2.4120001220703125e+02,
       3.0120001220703125e+02, 2.4600001525878906e+02,
       2.5560000610351562e+02, 2.4840000915527344e+02,
       3.0240002441406250e+02, 2.4480000305175781e+02,
       2.8944000244140625e+02, 2.1888000488281250e+02,
       3.0960000610351562e+02, 1.2384000396728516e+02,
       2.8857601928710938e+02, 7.9488006591796875e+01,
       2.8857601928710938e+02, 8.9856010437011719e+01,
       3.3523202514648438e+02, 2.0736001586914062e+02,
       3.0240002441406250e+02, 1.2268801116943359e+02,
       2.9894403076171875e+02, 1.3132801818847656e+02,
       3.0689285278320312e+02, 1.1819521331787109e+02,
       3.1104003906250000e+02, 1.2441601562500000e+02,
       3.0357510375976562e+02, 1.1446274566650391e+02,
       3.0108679199218750e+02, 1.3436930847167969e+02,
       2.7471060180664062e+02, 1.0152348327636719e+02,
       2.2574046325683594e+02, 1.5049363708496094e+02 ]
