%YAML:1.0
---
descriptors: !!opencv-matrix
   rows: 36
   cols: 32
   dt: u
   data: [ 134, 142, 215, 254, 252, 43, 158, 239, 223, 19, 113, 88, 238,
       234, 44, 73, 215, 123, 106, 1, 50, 111, 11, 255, 184, 190, 87,
       126, 212, 249, 161, 137, 198, 174, 220, 190, 252, 163, 238, 143,
       186, 179, 24, 218, 253, 235, 80, 3, 51, 111, 123, 187, 50, 77,
       142, 255, 172, 22, 159, 236, 148, 112, 147, 128, 5, 164, 221, 241,
       236, 169, 233, 159, 254, 179, 49, 216, 157, 171, 216, 43, 171, 15,
       110, 24, 51, 124, 207, 210, 204, 159, 119, 100, 204, 200, 131,
       160, 66, 188, 175, 186, 221, 232, 177, 199, 171, 87, 152, 185,
       172, 252, 118, 10, 143, 51, 251, 17, 23, 107, 178, 241, 93, 54,
       222, 235, 212, 76, 183, 250, 87, 85, 111, 165, 178, 14, 239, 53,
       61, 224, 159, 142, 223, 44, 158, 48, 54, 197, 125, 237, 253, 145,
       53, 206, 160, 62, 79, 148, 237, 242, 131, 116, 62, 53, 240, 227,
       221, 127, 250, 200, 127, 245, 191, 27, 206, 125, 95, 28, 187, 157,
       223, 51, 30, 115, 249, 210, 159, 220, 3, 119, 199, 111, 95, 198,
       87, 69, 111, 196, 150, 78, 239, 228, 44, 224, 134, 10, 85, 62, 28,
       99, 50, 213, 121, 239, 241, 209, 53, 76, 249, 42, 206, 84, 37,
       178, 179, 96, 109, 157, 221, 243, 168, 35, 78, 156, 7, 243, 155,
       236, 211, 119, 201, 251, 79, 215, 125, 242, 153, 66, 223, 176,
       174, 223, 255, 244, 188, 251, 128, 16, 193, 168, 159, 185, 40,
       173, 96, 23, 238, 27, 162, 88, 182, 147, 64, 91, 129, 38, 110, 24,
       51, 109, 210, 113, 141, 178, 114, 120, 136, 64, 131, 41, 220, 223,
       23, 228, 32, 14, 79, 252, 53, 174, 246, 101, 95, 7, 32, 209, 116,
       212, 237, 234, 105, 221, 17, 12, 243, 227, 229, 212, 42, 160, 32,
       19, 73, 9, 249, 103, 244, 62, 98, 19, 115, 233, 127, 76, 243, 41,
       208, 240, 146, 238, 100, 12, 157, 248, 237, 42, 238, 253, 32, 0,
       202, 226, 74, 8, 205, 239, 148, 37, 185, 31, 76, 190, 127, 186,
       186, 76, 143, 34, 81, 146, 131, 196, 108, 108, 237, 107, 195, 31,
       187, 255, 37, 60, 72, 240, 202, 5, 121, 109, 152, 165, 184, 31,
       92, 55, 123, 170, 186, 76, 159, 51, 1, 176, 135, 135, 108, 12,
       237, 122, 209, 158, 255, 223, 53, 52, 74, 232, 202, 9, 105, 75,
       127, 101, 100, 10, 111, 180, 97, 200, 126, 236, 243, 97, 145, 115,
       18, 228, 78, 110, 233, 176, 229, 44, 230, 249, 101, 0, 78, 186,
       66, 104, 114, 96, 80, 160, 45, 76, 250, 8, 171, 132, 177, 11, 142,
       154, 87, 214, 234, 181, 255, 227, 76, 39, 210, 208, 149, 216, 138,
       191, 39, 31, 127, 6, 90, 113, 104, 233, 37, 95, 254, 49, 45, 100,
       127, 3, 137, 31, 22, 228, 62, 149, 221, 234, 220, 176, 113, 204,
       103, 253, 130, 135, 39, 151, 222, 211, 72, 26, 249, 69, 114, 74,
       105, 18, 121, 160, 102, 96, 191, 55, 128, 118, 38, 124, 52, 8,
       129, 216, 241, 74, 71, 189, 48, 0, 34, 160, 71, 41, 123, 97, 195,
       69, 101, 30, 106, 120, 105, 232, 126, 76, 11, 0, 151, 246, 58,
       204, 116, 108, 205, 250, 229, 200, 22, 124, 0, 132, 111, 164, 122,
       133, 1, 203, 123, 77, 52, 10, 111, 52, 109, 64, 126, 196, 243, 1,
       148, 116, 114, 228, 28, 238, 201, 184, 101, 79, 38, 188, 34, 0,
       109, 186, 64, 44, 97, 177, 149, 89, 221, 205, 112, 175, 255, 121,
       40, 24, 190, 177, 68, 54, 129, 10, 106, 16, 51, 104, 211, 85, 141,
       158, 84, 126, 216, 0, 203, 138, 89, 47, 20, 37, 185, 159, 68, 55,
       127, 170, 170, 76, 143, 34, 81, 147, 131, 167, 108, 12, 237, 104,
       193, 30, 173, 255, 52, 48, 72, 212, 203, 9, 241, 237, 105, 99,
       116, 139, 75, 244, 114, 168, 124, 236, 51, 193, 208, 48, 30, 238,
       85, 126, 235, 122, 236, 63, 254, 137, 165, 240, 108, 170, 82, 185,
       90, 184, 187, 250, 27, 213, 59, 194, 175, 73, 140, 6, 188, 223,
       100, 96, 231, 59, 251, 144, 23, 9, 58, 243, 219, 245, 26, 123,
       152, 3, 37, 123, 26, 184, 59, 186, 27, 241, 155, 194, 143, 69,
       140, 163, 172, 223, 99, 72, 239, 59, 251, 209, 3, 11, 186, 243,
       219, 213, 154, 251, 146, 15, 37, 250, 86, 96, 112, 160, 111, 72,
       254, 72, 41, 44, 177, 43, 142, 26, 23, 212, 234, 149, 223, 227,
       76, 39, 192, 192, 183, 216, 138, 187, 39, 31, 127, 6, 105, 203,
       111, 101, 116, 10, 239, 180, 96, 64, 126, 204, 243, 1, 144, 48,
       90, 228, 70, 110, 193, 176, 117, 45, 102, 169, 32, 0, 108, 186,
       82, 184, 254, 96, 82, 160, 39, 89, 90, 72, 41, 36, 177, 171, 14,
       26, 47, 212, 250, 153, 223, 227, 76, 39, 144, 200, 144, 208, 138,
       63, 39, 46, 127, 70, 186, 69, 112, 224, 165, 126, 222, 71, 73,
       166, 185, 27, 15, 31, 54, 148, 254, 211, 149, 243, 172, 38, 80,
       202, 179, 216, 138, 215, 103, 255, 255, 7, 132, 162, 205, 177,
       204, 169, 232, 75, 174, 179, 49, 219, 149, 131, 216, 11, 43, 11,
       106, 156, 55, 124, 207, 208, 140, 144, 223, 100, 180, 137, 129,
       128, 9, 156, 19, 251, 177, 165, 49, 215, 190, 27, 72, 80, 188,
       243, 40, 64, 165, 59, 11, 16, 19, 152, 2, 119, 237, 191, 62, 66,
       144, 64, 161, 43, 202, 149, 159, 222, 155, 208, 53, 103, 190, 85,
       79, 48, 172, 247, 32, 247, 167, 51, 251, 128, 115, 201, 178, 247,
       87, 179, 90, 75, 18, 64, 165, 59, 159, 71, 112, 227, 182, 58, 238,
       247, 125, 34, 250, 215, 79, 43, 159, 213, 127, 207, 23, 239, 252,
       182, 77, 238, 182, 252, 142, 132, 47, 253, 248, 4, 233, 207, 74,
       101, 116, 26, 239, 52, 100, 32, 126, 130, 243, 1, 146, 113, 122,
       228, 70, 110, 233, 176, 101, 47, 102, 233, 32, 0, 111, 186, 90,
       168, 29, 128, 204, 49, 147, 251, 97, 143, 118, 119, 231, 146, 203,
       0, 218, 252, 121, 142, 232, 152, 63, 220, 237, 23, 204, 231, 243,
       85, 231, 140, 216, 64, 192, 104, 206, 181, 76, 168, 237, 2, 234,
       146, 98, 18, 181, 162, 81, 75, 107, 108, 106, 142, 0, 244, 198,
       96, 132, 160, 210, 0, 164, 241, 97, 136, 194, 135, 191, 223, 171,
       192, 61, 47, 191, 23, 198, 177, 172, 247, 44, 83, 231, 59, 235,
       128, 114, 73, 163, 215, 71, 243, 218, 203, 18, 4, 165, 123 ]
keypoints: !!opencv-matrix
   rows: 36
   cols: 2
   dt: d
   data: [ 264., 180., 2.5560000610351562e+02, 1.8120001220703125e+02,
       2.9376000976562500e+02, 2.5344000244140625e+02,
       1.1376000213623047e+02, 1.0368000793457031e+02,
       8.2080001831054688e+01, 2.3904000854492188e+02,
       2.1945602416992188e+02, 2.4192002868652344e+02,
       8.1216011047363281e+01, 2.4019201660156250e+02,
       1.1232000732421875e+02, 7.9488006591796875e+01,
       3.3177603149414062e+02, 2.3673602294921875e+02,
       7.6032005310058594e+01, 1.1404801177978516e+02,
       5.8752006530761719e+01, 2.0563201904296875e+02,
       2.8166403198242188e+02, 1.8662402343750000e+02,
       2.8339202880859375e+02, 1.8316801452636719e+02,
       1.1577600860595703e+02, 1.4515200805664062e+02,
       2.4675843811035156e+02, 1.0575361633300781e+02,
       3.2140805053710938e+02, 1.1404801940917969e+02,
       8.5017608642578125e+01, 1.2026881408691406e+02,
       8.5017608642578125e+01, 1.2441601562500000e+02,
       1.1404801940917969e+02, 1.4929922485351562e+02,
       8.9164810180664062e+01, 1.6174082946777344e+02,
       2.8200964355468750e+02, 1.8662402343750000e+02,
       1.0699778747558594e+02, 8.2114578247070312e+01,
       1.1446274566650391e+02, 9.9532821655273438e+01,
       1.1446274566650391e+02, 1.0450946807861328e+02,
       2.4883206176757812e+02, 1.0699778747558594e+02,
       1.1695106506347656e+02, 1.4432260131835938e+02,
       2.4783673095703125e+02, 1.0450946807861328e+02,
       2.2992083740234375e+02, 1.1048143768310547e+02,
       1.6422915649414062e+02, 1.5228521728515625e+02,
       2.2992083740234375e+02, 1.5527120971679688e+02,
       2.7769659423828125e+02, 1.7915908813476562e+02,
       2.7232180786132812e+02, 1.1107863616943359e+02,
       1.1824500274658203e+02, 1.4332727050781250e+02,
       1.6124317932128906e+02, 1.4332727050781250e+02,
       1.8274227905273438e+02, 1.5407681274414062e+02,
       2.7590499877929688e+02, 1.7915908813476562e+02 ]
