%YAML:1.0
---
descriptors: !!opencv-matrix
   rows: 57
   cols: 32
   dt: u
   data: [ 220, 180, 157, 246, 202, 102, 89, 25, 179, 187, 167, 25, 87,
       247, 72, 91, 149, 221, 125, 186, 59, 71, 219, 2, 217, 227, 101,
       252, 160, 99, 134, 51, 213, 79, 111, 167, 54, 2, 110, 184, 100,
       224, 214, 198, 241, 78, 153, 97, 126, 229, 125, 239, 237, 149, 45,
       47, 240, 171, 239, 132, 45, 179, 120, 17, 125, 97, 109, 98, 140,
       71, 71, 232, 66, 244, 165, 10, 83, 81, 89, 51, 89, 212, 120, 122,
       75, 99, 251, 24, 251, 137, 229, 124, 113, 171, 86, 96, 252, 88,
       255, 252, 44, 44, 125, 16, 169, 218, 182, 58, 255, 63, 133, 123,
       230, 245, 125, 238, 232, 71, 227, 232, 215, 251, 250, 144, 39,
       241, 102, 123, 220, 204, 23, 255, 136, 74, 71, 184, 180, 18, 131,
       64, 247, 115, 41, 251, 115, 212, 108, 106, 105, 197, 75, 60, 225,
       227, 103, 20, 176, 243, 129, 32, 154, 20, 151, 188, 227, 98, 21,
       79, 185, 27, 112, 48, 94, 55, 32, 123, 231, 211, 181, 144, 56,
       223, 3, 194, 153, 243, 118, 195, 160, 112, 167, 163, 76, 50, 152,
       35, 176, 46, 123, 24, 42, 186, 51, 125, 215, 123, 201, 26, 183,
       221, 77, 114, 152, 212, 201, 64, 204, 215, 43, 228, 232, 227, 3,
       129, 106, 184, 188, 122, 137, 249, 16, 143, 187, 63, 164, 57, 174,
       255, 66, 27, 131, 115, 233, 16, 50, 79, 202, 113, 219, 211, 93,
       123, 210, 68, 143, 11, 5, 176, 189, 243, 236, 173, 249, 31, 239,
       59, 61, 120, 159, 157, 216, 42, 175, 27, 127, 25, 147, 124, 235,
       211, 207, 223, 127, 246, 220, 200, 129, 177, 220, 88, 255, 244,
       110, 40, 125, 16, 169, 154, 182, 186, 255, 191, 197, 123, 239,
       245, 125, 138, 168, 103, 195, 224, 214, 251, 254, 152, 165, 241,
       103, 59, 109, 113, 28, 239, 45, 15, 86, 184, 109, 168, 181, 76,
       223, 91, 9, 114, 220, 196, 126, 110, 201, 163, 217, 136, 243, 249,
       103, 60, 74, 187, 90, 1, 70, 229, 132, 159, 221, 136, 166, 232,
       190, 144, 9, 3, 236, 226, 105, 198, 241, 107, 234, 211, 102, 65,
       138, 255, 188, 6, 143, 111, 144, 50, 9, 134, 50, 32, 86, 236, 123,
       3, 152, 104, 159, 160, 240, 137, 78, 223, 44, 17, 222, 157, 255,
       33, 76, 163, 67, 220, 146, 250, 11, 191, 84, 40, 43, 131, 77, 24,
       159, 223, 109, 228, 177, 2, 250, 219, 118, 16, 188, 247, 225, 107,
       195, 127, 50, 152, 1, 222, 178, 224, 71, 251, 250, 10, 128, 113,
       97, 171, 221, 64, 253, 231, 36, 10, 111, 184, 112, 234, 247, 66,
       211, 113, 153, 123, 126, 196, 124, 238, 233, 244, 237, 40, 212,
       235, 227, 148, 101, 251, 112, 33, 152, 157, 127, 173, 178, 195,
       127, 253, 52, 76, 250, 167, 119, 127, 162, 65, 254, 247, 31, 103,
       248, 187, 49, 61, 248, 233, 166, 192, 124, 138, 164, 123, 125, 87,
       85, 69, 52, 14, 79, 184, 97, 234, 191, 76, 211, 113, 157, 54, 22,
       196, 92, 110, 233, 176, 253, 46, 166, 238, 37, 148, 111, 243, 66,
       33, 221, 135, 82, 164, 50, 10, 79, 56, 36, 160, 203, 232, 215, 99,
       129, 208, 54, 229, 108, 234, 72, 17, 141, 14, 184, 229, 47, 148,
       36, 226, 41, 0, 237, 253, 249, 94, 219, 124, 247, 253, 251, 222,
       188, 24, 91, 252, 255, 183, 59, 242, 198, 106, 245, 103, 190, 254,
       123, 223, 101, 63, 219, 247, 206, 245, 80, 0, 30, 172, 56, 11, 24,
       105, 60, 164, 242, 8, 207, 35, 32, 193, 242, 149, 110, 32, 8, 227,
       67, 204, 144, 247, 91, 21, 16, 40, 41, 10, 50, 32, 86, 173, 123,
       3, 184, 72, 14, 160, 240, 139, 12, 139, 32, 144, 254, 157, 127,
       161, 4, 139, 67, 220, 148, 242, 11, 191, 21, 40, 43, 130, 125, 64,
       252, 103, 36, 42, 75, 24, 97, 170, 255, 8, 211, 97, 153, 122, 90,
       196, 108, 106, 137, 246, 237, 8, 214, 239, 97, 20, 232, 251, 66,
       33, 105, 125, 24, 101, 188, 143, 93, 55, 127, 168, 254, 72, 159,
       59, 17, 48, 142, 172, 92, 12, 200, 186, 81, 30, 231, 223, 52, 48,
       72, 248, 74, 41, 109, 87, 85, 69, 180, 62, 111, 62, 97, 232, 62,
       108, 211, 49, 149, 118, 22, 196, 92, 44, 201, 184, 245, 14, 38,
       255, 37, 148, 107, 242, 66, 33, 1, 161, 249, 225, 252, 173, 233,
       159, 111, 57, 59, 120, 159, 155, 216, 32, 183, 27, 127, 25, 147,
       56, 235, 211, 206, 221, 63, 244, 220, 202, 129, 161, 88, 168, 188,
       114, 169, 233, 16, 143, 171, 55, 172, 41, 174, 191, 64, 27, 129,
       83, 237, 16, 26, 75, 138, 49, 219, 211, 85, 127, 194, 64, 143, 42,
       135, 156, 255, 95, 250, 176, 191, 238, 222, 210, 176, 246, 240,
       254, 253, 43, 255, 115, 51, 131, 247, 111, 110, 255, 60, 30, 255,
       170, 213, 113, 167, 253, 231, 220, 235, 150, 252, 61, 126, 252,
       147, 218, 92, 127, 114, 253, 251, 34, 93, 194, 23, 127, 246, 118,
       110, 255, 127, 31, 229, 172, 247, 255, 208, 243, 124, 239, 140,
       37, 188, 15, 70, 138, 99, 190, 170, 9, 211, 97, 219, 18, 145, 196,
       108, 124, 108, 97, 203, 2, 237, 247, 101, 117, 192, 249, 90, 0,
       109, 113, 28, 237, 45, 15, 86, 184, 111, 168, 180, 76, 223, 91,
       25, 50, 220, 196, 124, 110, 200, 162, 209, 156, 243, 249, 101, 60,
       74, 185, 66, 1, 142, 180, 144, 147, 253, 125, 184, 235, 187, 151,
       57, 17, 204, 254, 110, 143, 227, 83, 203, 49, 54, 108, 218, 242,
       15, 87, 95, 111, 146, 109, 143, 214, 88, 253, 58, 164, 42, 87, 30,
       119, 137, 172, 154, 43, 191, 191, 99, 131, 230, 255, 221, 227, 76,
       75, 144, 141, 243, 209, 111, 187, 0, 114, 45, 11, 55, 1, 111, 205,
       102, 18, 239, 113, 76, 64, 127, 230, 81, 76, 191, 96, 126, 169,
       23, 239, 129, 178, 36, 204, 118, 45, 170, 128, 125, 187, 113, 245,
       20, 153, 158, 178, 194, 110, 52, 198, 170, 185, 106, 17, 20, 182,
       106, 91, 165, 87, 232, 81, 20, 217, 154, 96, 153, 163, 94, 71,
       136, 81, 143, 155, 55, 39, 202, 7, 246, 59, 234, 88, 68, 224, 251,
       231, 65, 104, 223, 160, 126, 204, 22, 255, 157, 176, 13, 142, 62,
       77, 167, 164, 237, 255, 122, 133, 3, 176, 19, 147, 229, 157, 168,
       215, 254, 121, 87, 86, 156, 210, 250, 109, 167, 11, 50, 29, 151,
       88, 26, 209, 140, 24, 63, 228, 154, 12, 137, 157, 202, 144, 30,
       251, 49, 236, 56, 2, 191, 25, 83, 112, 188, 159, 40, 200, 135, 51,
       255, 17, 51, 141, 18, 245, 133, 247, 58, 203, 152, 1, 13, 19, 73,
       61, 26, 245, 49, 205, 116, 55, 237, 169, 106, 24, 190, 179, 0,
       112, 132, 55, 124, 0, 65, 152, 208, 14, 231, 255, 22, 18, 74, 0,
       139, 11, 125, 98, 144, 229, 13, 15, 74, 152, 105, 170, 182, 76,
       223, 73, 89, 218, 220, 196, 124, 110, 200, 230, 217, 136, 211,
       217, 5, 20, 74, 185, 66, 0, 164, 204, 205, 223, 252, 163, 175,
       238, 158, 146, 120, 210, 241, 235, 253, 67, 91, 106, 19, 174, 114,
       212, 78, 127, 108, 14, 239, 172, 149, 251, 211, 160, 64, 72, 223,
       245, 108, 40, 237, 18, 171, 146, 178, 218, 253, 171, 81, 91, 111,
       245, 127, 143, 8, 103, 195, 226, 212, 251, 250, 152, 132, 241, 99,
       168, 88, 125, 26, 164, 3, 87, 92, 119, 165, 172, 142, 11, 191,
       191, 98, 210, 230, 247, 221, 161, 76, 155, 144, 138, 243, 229,
       238, 185, 32, 112, 45, 11, 67, 157, 54, 152, 91, 212, 188, 103,
       173, 69, 206, 19, 172, 190, 38, 197, 230, 51, 187, 133, 214, 9,
       18, 245, 55, 56, 218, 203, 20, 4, 173, 222, 195, 154, 187, 216,
       108, 165, 185, 83, 139, 95, 180, 122, 188, 159, 244, 42, 239, 177,
       95, 145, 131, 15, 178, 193, 95, 89, 250, 250, 148, 12, 39, 251,
       131, 176, 159, 153, 228, 205, 168, 199, 126, 113, 67, 86, 188,
       210, 120, 104, 179, 11, 50, 156, 151, 220, 58, 209, 141, 24, 26,
       102, 152, 8, 161, 141, 226, 240, 60, 186, 239, 201, 149, 239, 142,
       63, 148, 57, 174, 221, 74, 11, 137, 19, 251, 17, 114, 111, 74,
       245, 93, 19, 94, 127, 80, 8, 143, 75, 88, 61, 23, 254, 19, 204,
       52, 103, 173, 1, 106, 16, 174, 178, 32, 241, 160, 51, 234, 0, 82,
       137, 146, 197, 177, 240, 30, 11, 0, 0, 173, 11, 121, 104, 56, 229,
       45, 143, 86, 150, 233, 168, 182, 12, 155, 25, 17, 154, 200, 228,
       108, 76, 200, 254, 208, 168, 231, 249, 101, 52, 66, 185, 90, 10,
