%YAML:1.0
---
descriptors: !!opencv-matrix
   rows: 27
   cols: 32
   dt: u
   data: [ 53, 207, 115, 79, 246, 19, 239, 252, 84, 224, 251, 70, 115,
       97, 189, 164, 126, 238, 22, 238, 201, 178, 109, 191, 63, 236, 167,
       132, 119, 187, 244, 233, 53, 223, 127, 79, 54, 31, 239, 248, 100,
       232, 251, 102, 115, 65, 189, 224, 126, 236, 22, 238, 201, 176,
       109, 61, 190, 173, 167, 132, 125, 187, 112, 177, 252, 99, 95, 100,
       42, 10, 79, 248, 33, 164, 179, 232, 83, 99, 137, 19, 62, 212, 77,
       234, 104, 243, 141, 12, 240, 233, 101, 148, 101, 179, 102, 33,
       213, 75, 71, 207, 38, 2, 111, 184, 53, 172, 211, 230, 115, 67,
       153, 85, 118, 228, 61, 238, 233, 150, 45, 108, 180, 170, 231, 128,
       47, 179, 112, 113, 93, 79, 71, 207, 50, 2, 110, 240, 37, 128, 219,
       226, 121, 103, 177, 245, 118, 244, 14, 238, 233, 145, 13, 237,
       176, 232, 175, 128, 39, 179, 96, 41, 85, 83, 95, 229, 38, 14, 111,
       184, 100, 234, 242, 230, 83, 65, 153, 112, 126, 228, 60, 239, 201,
       180, 109, 12, 244, 174, 229, 132, 109, 187, 112, 49, 70, 189, 150,
       159, 201, 253, 190, 236, 191, 183, 251, 3, 236, 254, 79, 223, 249,
       255, 235, 211, 54, 75, 219, 251, 189, 54, 223, 107, 128, 119, 175,
       14, 120, 184, 187, 112, 141, 253, 81, 150, 231, 61, 166, 24, 190,
       221, 64, 58, 129, 246, 232, 16, 27, 107, 250, 49, 219, 217, 85,
       123, 194, 8, 198, 42, 19, 91, 107, 141, 54, 147, 239, 112, 4, 192,
       222, 230, 121, 79, 179, 100, 126, 232, 23, 239, 201, 145, 37, 237,
       116, 45, 170, 128, 63, 191, 49, 253, 109, 241, 249, 97, 172, 78,
       65, 157, 107, 233, 190, 76, 147, 29, 216, 50, 156, 132, 124, 124,
       217, 48, 241, 0, 207, 221, 37, 116, 200, 138, 210, 113, 145, 81,
       127, 109, 52, 15, 111, 120, 100, 232, 246, 102, 83, 81, 145, 97,
       126, 228, 30, 238, 233, 176, 125, 28, 244, 169, 165, 132, 109,
       186, 112, 49, 57, 83, 107, 205, 118, 151, 239, 113, 69, 72, 125,
       230, 57, 77, 182, 100, 126, 168, 23, 236, 205, 178, 100, 221, 102,
       237, 162, 128, 127, 142, 112, 241, 206, 84, 60, 181, 171, 126,
       188, 170, 188, 182, 135, 17, 206, 62, 11, 203, 167, 85, 253, 35,
       100, 197, 59, 194, 195, 243, 95, 23, 2, 117, 13, 87, 67, 176, 57,
       250, 109, 229, 185, 87, 139, 91, 145, 127, 156, 159, 244, 59, 239,
       51, 223, 149, 147, 15, 186, 209, 95, 25, 250, 234, 156, 12, 35,
       251, 125, 65, 249, 101, 52, 78, 75, 24, 97, 232, 255, 72, 211, 49,
       145, 48, 90, 196, 124, 110, 137, 178, 237, 8, 247, 237, 33, 148,
       111, 251, 82, 33, 110, 97, 118, 173, 125, 31, 250, 104, 175, 164,
       255, 11, 206, 218, 47, 212, 250, 253, 255, 227, 76, 243, 219, 220,
       183, 114, 139, 63, 87, 47, 111, 198, 248, 184, 57, 112, 169, 205,
       81, 23, 235, 127, 164, 24, 159, 151, 64, 59, 133, 54, 237, 24, 59,
       109, 242, 19, 219, 217, 116, 123, 192, 0, 134, 123, 245, 93, 125,
       69, 244, 15, 207, 55, 80, 238, 182, 94, 83, 49, 145, 35, 126, 212,
       22, 110, 233, 244, 117, 12, 101, 139, 229, 148, 109, 248, 80, 233,
       7, 249, 189, 250, 236, 165, 187, 212, 139, 89, 21, 126, 156, 223,
       252, 43, 239, 115, 95, 223, 147, 71, 170, 241, 125, 25, 250, 234,
       156, 155, 163, 177, 177, 67, 67, 77, 118, 18, 238, 120, 117, 192,
       243, 198, 83, 96, 181, 244, 126, 236, 22, 238, 237, 178, 5, 206,
       54, 44, 163, 128, 111, 187, 120, 132, 168, 8, 185, 255, 78, 105,
       113, 202, 30, 23, 96, 18, 181, 247, 97, 73, 89, 90, 35, 8, 2, 124,
       251, 177, 197, 162, 210, 40, 176, 89, 69, 170, 135, 253, 187, 250,
       236, 165, 191, 220, 139, 91, 185, 126, 220, 223, 253, 43, 239, 83,
       95, 223, 211, 71, 170, 243, 116, 153, 239, 250, 156, 251, 227,
       177, 199, 253, 187, 250, 237, 229, 191, 220, 139, 90, 188, 10,
       220, 255, 125, 43, 255, 243, 91, 211, 211, 71, 186, 226, 123, 25,
       207, 254, 148, 123, 167, 251, 205, 88, 191, 87, 100, 78, 127, 176,
       248, 250, 55, 56, 252, 245, 211, 59, 167, 116, 125, 74, 225, 244,
       186, 98, 71, 187, 117, 128, 196, 243, 87, 113, 57, 69, 99, 77, 84,
       95, 111, 120, 117, 224, 255, 78, 83, 17, 149, 244, 120, 204, 22,
       238, 201, 178, 125, 14, 54, 172, 161, 4, 127, 187, 112, 164, 153,
       132, 102, 117, 21, 191, 107, 183, 119, 101, 230, 22, 75, 225, 186,
       244, 113, 142, 188, 188, 190, 156, 61, 159, 250, 255, 145, 69,
       235, 132, 248, 76, 153, 144, 151, 185, 147, 183, 41, 223, 62, 115,
       86, 86, 253, 147, 184, 236, 119, 11, 50, 156, 147, 156, 29, 215,
       204, 207, 62, 68, 186, 140, 169, 184 ]
keypoints: !!opencv-matrix
   rows: 27
   cols: 2
   dt: d
   data: [ 262., 122., 2.6352001953125000e+02, 1.2240000152587891e+02,
       7.7760002136230469e+01, 2.3904000854492188e+02,
       2.5488000488281250e+02, 1.2528000640869141e+02,
       2.5488000488281250e+02, 1.2816000366210938e+02,
       2.5747201538085938e+02, 1.2268801116943359e+02,
       3.3868801879882812e+02, 1.2096001434326172e+02,
       2.9203201293945312e+02, 2.0390402221679688e+02,
       2.4468482971191406e+02, 7.6723213195800781e+01,
       2.5505284118652344e+02, 1.1197441864013672e+02,
       2.6542083740234375e+02, 1.2234241485595703e+02,
       2.4634373474121094e+02, 8.9579544067382812e+01,
       3.1352838134765625e+02, 8.9579544067382812e+01,
       1.5178755187988281e+02, 1.1197442626953125e+02,
       2.6127365112304688e+02, 1.1446274566650391e+02,
       3.1352838134765625e+02, 1.2441603088378906e+02,
       2.8864520263671875e+02, 2.0653060913085938e+02,
       2.0603295898437500e+02, 1.0749545288085938e+02,
       1.4929924011230469e+02, 1.1048143768310547e+02,
       2.5679467773437500e+02, 1.2541136169433594e+02,
       2.0304696655273438e+02, 1.5825720214843750e+02,
       1.5049363708496094e+02, 1.1107863616943359e+02,
       1.6482637023925781e+02, 1.1466181945800781e+02,
       2.1140773010253906e+02, 1.1824500274658203e+02,
       2.6515545654296875e+02, 1.1824500274658203e+02,
       1.7915908813476562e+02, 1.4691046142578125e+02,
       1.7915908813476562e+02, 1.5766000366210938e+02 ]
