%YAML:1.0
---
descriptors: !!opencv-matrix
   rows: 38
   cols: 32
   dt: u
   data: [ 70, 237, 144, 182, 221, 200, 254, 172, 187, 179, 0, 11, 236,
       234, 93, 194, 179, 107, 249, 211, 102, 64, 138, 243, 173, 86, 207,
       111, 132, 119, 31, 6, 213, 203, 78, 175, 54, 2, 111, 184, 116,
       224, 214, 199, 113, 75, 155, 97, 126, 229, 125, 239, 237, 148, 93,
       111, 244, 171, 239, 132, 45, 179, 56, 17, 234, 188, 190, 120, 169,
       253, 16, 206, 155, 159, 164, 25, 174, 249, 102, 159, 129, 115,
       233, 16, 54, 111, 202, 51, 219, 211, 85, 123, 210, 76, 142, 11,
       173, 253, 247, 74, 237, 93, 230, 216, 207, 154, 61, 96, 218, 216,
       253, 175, 27, 88, 198, 122, 195, 97, 62, 240, 35, 217, 101, 44,
       91, 251, 200, 165, 30, 180, 60, 186, 75, 117, 16, 232, 41, 23,
       233, 58, 95, 222, 42, 217, 247, 155, 149, 163, 30, 3, 26, 213,
       211, 211, 91, 127, 178, 71, 175, 83, 2, 162, 68, 155, 252, 137,
       168, 143, 30, 49, 17, 255, 141, 2, 216, 137, 79, 11, 238, 21, 19,
       72, 79, 213, 12, 18, 191, 253, 156, 136, 137, 145, 85, 72, 78,
       167, 38, 2, 111, 184, 100, 226, 215, 198, 115, 99, 147, 113, 118,
       228, 61, 239, 201, 148, 77, 46, 244, 175, 239, 132, 45, 179, 112,
       17, 84, 50, 152, 163, 160, 46, 123, 24, 42, 186, 51, 253, 215, 67,
       201, 26, 183, 221, 77, 51, 152, 244, 201, 64, 204, 209, 47, 228,
       232, 227, 3, 1, 39, 165, 165, 83, 220, 47, 236, 105, 95, 179, 163,
       88, 194, 232, 92, 173, 217, 142, 114, 61, 186, 250, 205, 214, 13,
       30, 213, 116, 193, 232, 210, 164, 171, 245, 49, 223, 109, 221,
       149, 191, 95, 91, 120, 60, 188, 252, 172, 228, 221, 27, 146, 1,
       199, 42, 114, 243, 39, 88, 22, 58, 90, 92, 129, 255, 212, 68, 94,
       101, 19, 78, 106, 32, 125, 160, 230, 2, 95, 19, 1, 114, 48, 213,
       104, 234, 97, 180, 149, 74, 247, 233, 7, 1, 105, 51, 75, 2, 125,
       115, 184, 239, 61, 15, 95, 184, 111, 232, 183, 76, 223, 123, 25,
       114, 220, 196, 124, 110, 201, 99, 217, 184, 243, 249, 37, 188, 90,
       59, 74, 33, 73, 125, 152, 229, 188, 15, 93, 191, 123, 168, 190,
       72, 159, 51, 65, 50, 151, 221, 124, 44, 201, 210, 209, 30, 239,
       253, 39, 52, 72, 240, 195, 33, 27, 143, 114, 89, 19, 191, 120,
       103, 127, 77, 254, 183, 40, 138, 182, 212, 246, 171, 142, 140,
       158, 153, 37, 223, 146, 127, 18, 195, 63, 132, 169, 79, 35, 94,
       99, 76, 118, 147, 235, 112, 93, 64, 120, 231, 121, 76, 182, 229,
       126, 169, 23, 238, 229, 182, 36, 221, 54, 40, 162, 136, 125, 142,
       112, 253, 37, 112, 185, 67, 93, 111, 99, 152, 107, 240, 37, 8,
       214, 85, 73, 62, 145, 92, 80, 122, 129, 112, 249, 0, 79, 157, 5,
       52, 194, 123, 70, 242, 117, 64, 249, 229, 36, 10, 111, 56, 96,
       226, 255, 66, 211, 97, 153, 114, 122, 196, 60, 234, 201, 176, 237,
       8, 246, 173, 225, 132, 101, 251, 112, 33, 181, 197, 127, 239, 52,
       11, 111, 248, 100, 164, 247, 66, 211, 65, 152, 113, 122, 228, 78,
       234, 233, 177, 125, 12, 241, 235, 165, 4, 101, 186, 100, 32, 117,
       64, 73, 229, 100, 10, 111, 56, 96, 224, 254, 198, 83, 99, 153,
       112, 126, 204, 52, 238, 201, 144, 237, 12, 228, 172, 163, 128, 45,
       179, 114, 49, 105, 125, 24, 229, 188, 143, 93, 55, 127, 168, 254,
       72, 159, 59, 17, 48, 134, 175, 92, 12, 200, 184, 209, 30, 231,
       221, 52, 48, 72, 232, 66, 41, 230, 44, 140, 176, 93, 173, 192,
       138, 210, 179, 168, 25, 131, 248, 85, 10, 201, 234, 106, 17, 62,
       106, 218, 50, 141, 214, 217, 127, 208, 105, 90, 134, 1, 179, 25,
       171, 228, 173, 169, 215, 46, 89, 93, 228, 181, 199, 248, 40, 79,
       43, 18, 157, 147, 184, 254, 49, 204, 133, 62, 232, 156, 138, 131,
       249, 36, 53, 185, 99, 217, 111, 67, 152, 59, 181, 45, 24, 214, 87,
       73, 56, 145, 28, 64, 58, 19, 112, 249, 16, 207, 220, 1, 116, 194,
       99, 70, 226, 169, 91, 121, 107, 116, 15, 75, 56, 80, 104, 117,
       236, 179, 21, 145, 48, 30, 136, 20, 110, 235, 60, 109, 63, 230,
       201, 32, 176, 126, 139, 66, 121, 88, 253, 186, 164, 42, 71, 30,
       255, 132, 172, 152, 11, 191, 191, 99, 67, 246, 255, 221, 227, 76,
       75, 144, 137, 243, 193, 111, 187, 32, 122, 45, 91, 180, 121, 249,
       108, 224, 71, 79, 216, 115, 172, 188, 8, 83, 87, 225, 48, 126,
       220, 23, 122, 201, 35, 57, 26, 243, 141, 37, 188, 115, 243, 102,
       241, 31, 71, 67, 207, 118, 22, 110, 120, 117, 192, 123, 198, 89,
       66, 189, 244, 126, 236, 22, 238, 201, 144, 45, 206, 52, 44, 171,
       132, 47, 183, 112, 181, 73, 61, 26, 245, 177, 141, 116, 55, 237,
       169, 106, 24, 190, 187, 0, 112, 134, 63, 124, 8, 65, 152, 208, 78,
       231, 253, 22, 18, 72, 0, 139, 11, 98, 186, 191, 250, 111, 181,
       153, 86, 139, 91, 149, 127, 188, 191, 118, 43, 239, 51, 223, 149,
       179, 79, 186, 241, 95, 89, 250, 250, 159, 14, 167, 255, 15, 71,
       198, 133, 180, 22, 238, 56, 84, 234, 90, 199, 209, 104, 179, 228,
       126, 204, 55, 239, 229, 144, 13, 206, 46, 79, 175, 132, 47, 254,
       120, 213, 181, 244, 217, 102, 244, 43, 206, 252, 114, 234, 123,
       110, 87, 97, 153, 48, 63, 204, 22, 111, 233, 246, 221, 30, 252,
       142, 37, 164, 109, 251, 66, 145, 242, 236, 2, 158, 89, 213, 90,
       230, 149, 134, 160, 139, 34, 206, 39, 21, 200, 249, 203, 209, 110,
       79, 210, 255, 179, 48, 137, 123, 19, 28, 62, 78, 250, 169, 176,
       184, 153, 213, 84, 15, 147, 117, 136, 25, 174, 190, 66, 212, 193,
       155, 233, 17, 30, 75, 210, 179, 235, 213, 156, 123, 146, 68, 142,
       78, 145, 29, 123, 69, 54, 206, 237, 55, 125, 204, 126, 66, 179,
       53, 148, 37, 46, 190, 22, 136, 241, 184, 117, 206, 103, 175, 48,
       128, 103, 200, 196, 249, 71, 251, 191, 250, 236, 165, 191, 212,
       139, 89, 149, 127, 252, 223, 252, 43, 207, 115, 223, 215, 147, 71,
       186, 241, 127, 89, 254, 250, 156, 95, 163, 243, 12, 140, 145, 95,
       145, 239, 227, 139, 118, 3, 107, 80, 250, 243, 33, 252, 209, 122,
       130, 24, 51, 252, 89, 63, 45, 239, 21, 64, 210, 65, 224, 34, 198,
       109, 255, 250, 236, 236, 255, 212, 235, 23, 189, 26, 220, 223,
       249, 107, 239, 115, 127, 219, 243, 103, 186, 242, 229, 217, 126,
       248, 148, 219, 133, 241, 199, 255, 179, 250, 236, 165, 191, 220,
       139, 90, 185, 110, 252, 255, 253, 42, 223, 243, 127, 215, 211, 7,
       186, 243, 126, 24, 239, 250, 156, 255, 163, 241 ]
