%YAML:1.0
---
descriptors: !!opencv-matrix
   rows: 15
   cols: 32
   dt: u
   data: [ 25, 157, 15, 175, 180, 207, 99, 245, 36, 72, 254, 38, 115, 55,
       162, 96, 124, 254, 30, 238, 249, 185, 57, 61, 253, 237, 166, 192,
       105, 138, 232, 121, 232, 172, 188, 120, 169, 249, 20, 143, 155,
       151, 164, 25, 174, 249, 70, 27, 129, 115, 233, 16, 50, 111, 202,
       51, 219, 211, 85, 123, 210, 76, 143, 10, 206, 190, 148, 150, 250,
       160, 60, 191, 187, 155, 130, 245, 236, 247, 201, 223, 247, 247,
       238, 144, 50, 78, 203, 115, 188, 182, 95, 202, 138, 112, 163, 19,
       85, 65, 195, 69, 118, 10, 111, 56, 96, 224, 251, 198, 83, 99, 153,
       116, 126, 204, 52, 238, 201, 144, 237, 12, 116, 172, 163, 132, 45,
       179, 114, 177, 27, 143, 114, 89, 19, 191, 120, 103, 127, 13, 254,
       183, 40, 138, 166, 212, 246, 171, 142, 140, 158, 153, 37, 223,
       146, 127, 18, 195, 55, 132, 169, 79, 117, 64, 123, 229, 36, 74,
       111, 184, 96, 226, 255, 66, 211, 97, 153, 114, 122, 196, 60, 234,
       201, 176, 253, 12, 228, 173, 227, 132, 109, 251, 112, 33, 212,
       239, 14, 175, 136, 2, 143, 237, 180, 166, 130, 199, 247, 234, 89,
       67, 120, 197, 109, 231, 104, 199, 207, 46, 248, 162, 239, 28, 44,
       51, 161, 8, 59, 1, 107, 205, 102, 51, 237, 113, 76, 64, 127, 198,
       121, 12, 183, 96, 126, 169, 23, 175, 129, 178, 36, 204, 118, 45,
       234, 128, 125, 175, 113, 245, 117, 65, 121, 101, 52, 10, 111, 56,
       96, 224, 255, 66, 211, 97, 145, 112, 122, 196, 60, 234, 201, 176,
       253, 12, 228, 173, 33, 132, 109, 187, 112, 32, 55, 111, 74, 6, 86,
       18, 238, 232, 84, 160, 223, 231, 97, 200, 191, 0, 126, 236, 6,
       231, 204, 179, 12, 46, 50, 45, 175, 129, 109, 191, 120, 132, 23,
       71, 67, 207, 86, 18, 110, 120, 117, 128, 251, 198, 105, 66, 189,
       244, 126, 236, 22, 238, 205, 145, 13, 206, 54, 108, 163, 128, 47,
       183, 120, 132, 245, 245, 217, 102, 244, 111, 206, 248, 114, 234,
       123, 110, 87, 113, 153, 48, 63, 204, 22, 111, 233, 242, 221, 14,
       252, 142, 37, 164, 109, 251, 66, 49, 71, 121, 191, 250, 237, 165,
       191, 212, 139, 89, 149, 127, 252, 223, 253, 43, 239, 115, 223,
       215, 147, 71, 186, 241, 119, 89, 254, 250, 156, 95, 163, 243, 173,
       92, 253, 85, 100, 110, 229, 178, 80, 190, 118, 18, 147, 61, 149,
       107, 77, 220, 22, 106, 233, 244, 113, 8, 71, 171, 117, 132, 103,
       249, 84, 225, 199, 253, 187, 250, 236, 165, 191, 220, 139, 90,
       189, 110, 252, 255, 253, 43, 223, 211, 95, 211, 243, 71, 186, 243,
       126, 89, 239, 250, 156, 251, 163, 177 ]
keypoints: !!opencv-matrix
   rows: 15
   cols: 2
   dt: d
   data: [ 3.1680001831054688e+02, 2.4720001220703125e+02,
       1.3320001220703125e+02, 2.4360000610351562e+02,
       3.0240002441406250e+02, 2.2118402099609375e+02,
       3.1276803588867188e+02, 1.2787200927734375e+02,
       2.8684802246093750e+02, 8.9856010437011719e+01,
       3.1622402954101562e+02, 1.2441601562500000e+02,
       3.0412802124023438e+02, 2.4364802551269531e+02,
       3.0067202758789062e+02, 9.1238410949707031e+01,
       3.1726083374023438e+02, 1.2441601562500000e+02,
       3.0481924438476562e+02, 1.2648961639404297e+02,
       3.1311364746093750e+02, 1.3271041870117188e+02,
       2.9859848022460938e+02, 1.8911236572265625e+02,
       1.4929924011230469e+02, 1.1346742248535156e+02,
       2.5798910522460938e+02, 1.1107863616943359e+02,
       1.5049363708496094e+02, 1.1466181945800781e+02 ]
