%YAML:1.0
---
descriptors: !!opencv-matrix
   rows: 52
   cols: 32
   dt: u
   data: [ 124, 114, 152, 162, 185, 41, 82, 152, 163, 189, 169, 41, 207,
       235, 75, 26, 151, 213, 237, 114, 10, 67, 203, 16, 218, 213, 37,
       255, 224, 115, 14, 3, 63, 99, 74, 69, 114, 2, 235, 120, 36, 172,
       118, 231, 89, 3, 151, 20, 126, 204, 23, 238, 200, 146, 77, 76,
       118, 45, 171, 132, 111, 183, 106, 241, 197, 230, 196, 23, 172, 27,
       102, 168, 255, 179, 163, 220, 227, 96, 220, 223, 19, 70, 108, 126,
       238, 101, 207, 51, 172, 62, 101, 84, 206, 247, 218, 4, 66, 185,
       175, 186, 253, 232, 177, 199, 170, 85, 144, 189, 172, 252, 118,
       11, 171, 51, 251, 17, 51, 107, 178, 241, 89, 51, 222, 251, 196,
       76, 151, 250, 124, 89, 123, 238, 58, 211, 91, 120, 5, 204, 253,
       170, 123, 223, 175, 112, 126, 185, 221, 226, 73, 35, 236, 156,
       242, 237, 161, 189, 127, 171, 102, 115, 101, 75, 109, 101, 36, 10,
       111, 188, 97, 136, 118, 76, 211, 97, 145, 115, 18, 228, 108, 110,
       201, 176, 101, 44, 230, 185, 101, 0, 104, 187, 66, 40, 120, 235,
       105, 238, 124, 203, 75, 252, 71, 236, 252, 237, 115, 205, 155, 16,
       92, 232, 215, 110, 200, 58, 108, 61, 250, 205, 165, 253, 119, 154,
       86, 249, 24, 205, 110, 229, 22, 146, 238, 119, 117, 0, 94, 2, 121,
       41, 148, 96, 122, 238, 23, 232, 232, 184, 37, 239, 119, 239, 166,
       129, 39, 146, 248, 40, 47, 161, 240, 193, 253, 127, 250, 200, 79,
       245, 189, 27, 206, 28, 95, 188, 187, 133, 223, 63, 158, 115, 121,
       208, 223, 221, 3, 119, 199, 239, 95, 214, 35, 162, 215, 157, 106,
       139, 184, 75, 62, 177, 210, 234, 188, 142, 144, 89, 238, 61, 127,
       157, 131, 219, 67, 221, 156, 50, 123, 196, 12, 136, 35, 129, 185,
       251, 105, 110, 116, 139, 79, 252, 7, 232, 252, 238, 115, 93, 152,
       48, 94, 248, 23, 234, 203, 50, 108, 63, 250, 205, 165, 252, 125,
       186, 86, 249, 108, 104, 213, 71, 45, 47, 80, 152, 203, 185, 186,
       73, 195, 249, 69, 158, 137, 84, 108, 88, 15, 99, 219, 176, 143,
       222, 85, 126, 202, 251, 74, 2, 161, 175, 107, 104, 116, 203, 107,
       112, 117, 76, 124, 236, 51, 197, 178, 48, 26, 168, 6, 110, 249,
       186, 108, 63, 118, 141, 33, 224, 127, 139, 86, 249, 58, 11, 106,
       205, 86, 83, 237, 111, 20, 228, 220, 135, 1, 46, 183, 133, 120,
       174, 131, 237, 104, 154, 117, 220, 116, 33, 142, 129, 53, 188,
       116, 252, 96, 149, 121, 101, 52, 78, 115, 55, 97, 45, 126, 8, 243,
       53, 128, 48, 18, 254, 68, 40, 152, 184, 113, 13, 231, 239, 32, 64,
       96, 170, 198, 41, 19, 207, 110, 159, 54, 147, 190, 239, 220, 68,
       92, 231, 237, 232, 182, 193, 126, 107, 151, 231, 228, 137, 14,
       253, 162, 103, 234, 137, 61, 156, 185, 221, 5, 179, 57, 144, 184,
       237, 145, 219, 142, 125, 189, 124, 150, 214, 238, 56, 205, 27, 78,
       16, 147, 75, 122, 85, 205, 20, 59, 254, 152, 8, 7, 113, 88, 165,
       216, 100, 184, 78, 67, 183, 32, 169, 174, 8, 247, 51, 128, 82,
       144, 246, 108, 104, 24, 137, 209, 13, 251, 253, 37, 80, 200, 162,
       203, 43, 189, 255, 121, 110, 126, 131, 79, 248, 84, 8, 244, 238,
       115, 65, 185, 49, 126, 232, 22, 238, 235, 54, 108, 63, 114, 201,
       33, 172, 125, 187, 98, 185, 179, 207, 101, 78, 126, 19, 238, 252,
       93, 74, 248, 230, 121, 72, 189, 229, 126, 96, 22, 239, 229, 167,
       45, 255, 50, 10, 163, 128, 127, 191, 112, 189, 161, 201, 121, 109,
       116, 79, 71, 180, 112, 104, 126, 72, 115, 17, 144, 48, 88, 236,
       22, 106, 201, 186, 117, 63, 118, 173, 33, 64, 109, 170, 82, 168,
       240, 64, 147, 133, 77, 110, 225, 66, 40, 39, 226, 27, 134, 3, 1,
       90, 232, 148, 234, 128, 8, 247, 209, 192, 213, 160, 218, 19, 129,
       9, 103, 226, 151, 223, 62, 252, 59, 214, 223, 248, 157, 222, 244,
       167, 108, 239, 175, 101, 223, 241, 183, 238, 237, 199, 58, 255,
       251, 251, 239, 139, 19, 181, 45, 87, 186, 75, 103, 253, 20, 211,
       237, 103, 20, 228, 214, 135, 161, 13, 151, 193, 106, 174, 19, 205,
       236, 188, 117, 175, 102, 107, 222, 129, 63, 156, 244, 220, 225,
       203, 109, 69, 84, 10, 103, 180, 104, 224, 254, 204, 243, 1, 148,
       112, 122, 228, 78, 110, 201, 178, 117, 12, 100, 168, 36, 0, 109,
       186, 82, 120, 100, 114, 211, 68, 100, 43, 231, 216, 115, 170, 122,
       108, 83, 249, 221, 26, 59, 204, 102, 106, 136, 114, 136, 74, 86,
       220, 37, 44, 239, 251, 114, 131, 88, 24, 248, 69, 67, 94, 121, 18,
       97, 170, 118, 8, 59, 55, 129, 118, 38, 252, 245, 136, 192, 152,
       177, 72, 87, 237, 112, 129, 99, 224, 70, 43, 198, 232, 148, 95,
       73, 200, 54, 168, 190, 178, 1, 0, 236, 243, 73, 215, 129, 119,
       232, 66, 98, 77, 203, 113, 13, 178, 95, 43, 18, 51, 7, 10, 187,
       247, 97, 67, 214, 147, 239, 125, 85, 228, 215, 174, 73, 12, 150,
       165, 126, 168, 150, 239, 248, 186, 109, 159, 62, 76, 173, 196,
       119, 142, 244, 244, 97, 167, 141, 21, 252, 79, 69, 191, 90, 255,
       56, 92, 214, 32, 218, 63, 129, 70, 124, 29, 183, 120, 251, 21, 44,
       30, 117, 244, 216, 88, 210, 204, 51, 79, 101, 77, 46, 19, 207,
       120, 69, 106, 218, 230, 121, 104, 181, 231, 94, 228, 62, 239, 233,
       177, 109, 221, 48, 42, 235, 144, 127, 255, 112, 237, 90, 184, 59,
       250, 27, 213, 19, 66, 191, 73, 140, 12, 190, 223, 96, 112, 246,
       187, 191, 144, 27, 11, 186, 247, 219, 245, 10, 123, 26, 3, 37,
       123, 119, 64, 97, 229, 100, 30, 238, 88, 105, 234, 179, 206, 155,
       10, 149, 246, 110, 133, 127, 239, 205, 55, 213, 192, 182, 248,
       170, 148, 109, 191, 123, 20, 165, 55, 73, 65, 244, 111, 67, 216,
       86, 236, 189, 252, 83, 69, 203, 48, 95, 200, 70, 126, 187, 178,
       125, 30, 108, 141, 37, 244, 253, 171, 210, 241, 0, 128, 21, 145,
       228, 201, 224, 7, 254, 49, 66, 16, 173, 146, 64, 108, 99, 10, 42,
       24, 23, 156, 215, 209, 13, 144, 26, 97, 144, 8, 133, 172, 97, 161,
       165, 21, 252, 203, 229, 191, 122, 123, 114, 124, 182, 176, 220,
       55, 129, 14, 98, 29, 243, 120, 227, 21, 44, 30, 117, 118, 200,
       200, 211, 253, 195, 154, 151, 215, 48, 172, 57, 23, 188, 19, 67,
       212, 188, 183, 128, 239, 135, 55, 122, 28, 179, 220, 163, 231,
       132, 190, 90, 64, 138, 128, 129, 57, 119, 35, 64, 128, 126, 25,
       234, 72, 45, 164, 177, 171, 143, 10, 223, 148, 126, 129, 223, 245,
       156, 35, 68, 208, 148, 152, 139, 252, 245, 143, 123, 132, 94, 59,
       243, 68, 147, 118, 90, 82, 97, 232, 250, 103, 10, 63, 197, 244,
       238, 253, 221, 213, 137, 155, 177, 200, 187, 252, 7, 130, 167,
       229, 102, 127, 141, 254, 253, 119, 224, 62, 255, 182, 112, 255,
       126, 244, 221, 63, 155, 173, 23, 86, 149, 46, 241, 220, 109, 170,
       110, 255, 116, 132, 206, 245, 143, 249, 177, 215, 108, 109, 44,
       15, 95, 188, 69, 126, 246, 237, 115, 93, 154, 113, 94, 148, 125,
       110, 200, 54, 109, 29, 227, 171, 97, 148, 117, 186, 212, 115, 241,
       79, 105, 69, 84, 14, 231, 52, 96, 160, 254, 202, 243, 1, 145, 113,
       120, 228, 78, 110, 233, 182, 101, 15, 116, 172, 160, 0, 109, 187,
       82, 168, 221, 111, 187, 100, 160, 70, 111, 246, 225, 236, 158,
       132, 157, 35, 211, 54, 38, 199, 92, 222, 201, 217, 181, 104, 186,
       220, 175, 132, 170, 241, 163, 125, 0, 136, 31, 219, 244, 137, 33,
       135, 126, 17, 74, 80, 188, 130, 40, 96, 131, 11, 34, 24, 18, 152,
       2, 117, 141, 182, 54, 64, 144, 0, 129, 168, 0, 162, 26, 187, 177,
       165, 57, 199, 190, 25, 82, 16, 188, 147, 104, 72, 167, 27, 3, 16,
       18, 156, 2, 247, 205, 151, 62, 234, 144, 0, 169, 139, 24, 159,
       127, 119, 114, 203, 55, 182, 252, 170, 122, 108, 183, 49, 129, 49,
       39, 126, 196, 66, 225, 248, 64, 47, 108, 167, 37, 128, 104, 120,
       7, 187, 33, 165, 67, 73, 212, 155, 226, 125, 68, 96, 120, 70, 115,
       72, 180, 164, 120, 138, 2, 124, 151, 186, 125, 29, 62, 12, 33, 96,
       95, 142, 250, 156, 160, 239, 105, 69, 116, 11, 71, 253, 65, 164,
       244, 10, 115, 65, 144, 53, 24, 220, 70, 106, 233, 186, 109, 62,
