%YAML:1.0
---
descriptors: !!opencv-matrix
   rows: 33
   cols: 32
   dt: u
   data: [ 252, 97, 109, 98, 140, 71, 199, 248, 66, 180, 165, 10, 83, 89,
       89, 50, 89, 212, 121, 122, 201, 99, 251, 24, 251, 201, 165, 124,
       113, 171, 86, 96, 234, 188, 188, 120, 169, 253, 16, 207, 155, 31,
       164, 25, 174, 217, 102, 27, 129, 115, 233, 16, 50, 111, 218, 51,
       219, 209, 85, 123, 210, 68, 143, 11, 173, 253, 115, 74, 237, 93,
       231, 252, 239, 154, 61, 96, 90, 244, 237, 167, 61, 90, 198, 122,
       227, 33, 62, 251, 47, 217, 101, 46, 83, 251, 198, 165, 221, 83,
       79, 237, 34, 2, 111, 56, 37, 132, 215, 230, 223, 71, 177, 85, 118,
       245, 61, 238, 233, 145, 45, 76, 244, 171, 227, 128, 47, 179, 33,
       113, 125, 37, 97, 108, 204, 71, 79, 121, 66, 224, 173, 10, 83, 85,
       89, 53, 88, 204, 82, 238, 217, 51, 125, 28, 113, 137, 133, 52,
       127, 251, 210, 96, 85, 64, 237, 229, 36, 106, 110, 24, 96, 234,
       219, 194, 211, 110, 153, 106, 118, 196, 124, 239, 205, 244, 237,
       8, 214, 239, 227, 132, 45, 243, 80, 33, 121, 143, 108, 110, 56,
       26, 79, 62, 224, 72, 190, 236, 115, 103, 146, 115, 6, 230, 124,
       238, 249, 43, 237, 45, 250, 235, 97, 208, 111, 162, 202, 121, 84,
       50, 184, 35, 160, 47, 123, 24, 42, 185, 51, 125, 223, 91, 73, 26,
       183, 221, 93, 123, 152, 244, 201, 64, 204, 217, 39, 228, 232, 227,
       3, 131, 5, 176, 189, 243, 236, 173, 249, 91, 239, 123, 63, 122,
       159, 159, 216, 42, 175, 31, 126, 24, 147, 124, 235, 211, 207, 223,
       119, 228, 212, 202, 129, 179, 220, 90, 255, 245, 110, 44, 125, 20,
       185, 218, 182, 251, 255, 191, 129, 123, 239, 245, 125, 130, 168,
       103, 227, 224, 214, 251, 254, 152, 167, 241, 103, 123, 70, 236,
       134, 159, 157, 136, 166, 168, 190, 150, 9, 3, 236, 226, 104, 198,
       241, 111, 234, 211, 38, 65, 138, 255, 172, 22, 143, 111, 128, 119,
       9, 134, 54, 32, 22, 168, 107, 3, 152, 72, 63, 32, 240, 137, 78,
       223, 45, 144, 222, 29, 255, 37, 4, 195, 67, 216, 146, 214, 11,
       191, 20, 44, 43, 131, 101, 181, 184, 1, 221, 253, 178, 203, 75,
       113, 189, 9, 150, 156, 94, 32, 153, 26, 218, 49, 151, 33, 248,
       144, 127, 21, 1, 127, 200, 79, 223, 214, 69, 50, 153, 227, 176,
       47, 123, 152, 58, 187, 55, 92, 223, 83, 73, 26, 183, 93, 93, 62,
       145, 212, 217, 66, 204, 157, 37, 228, 232, 227, 3, 49, 27, 138,
       114, 89, 19, 211, 120, 103, 127, 77, 126, 55, 47, 138, 166, 84,
       246, 171, 142, 132, 158, 153, 37, 223, 146, 255, 18, 195, 51, 132,
       237, 79, 125, 1, 253, 101, 36, 42, 75, 24, 96, 170, 255, 72, 211,
       97, 153, 122, 90, 196, 108, 110, 137, 240, 237, 8, 198, 237, 97,
       20, 229, 251, 66, 33, 105, 45, 28, 229, 184, 143, 92, 55, 123,
       160, 190, 8, 159, 51, 1, 48, 130, 191, 124, 12, 232, 248, 209, 30,
       239, 255, 52, 48, 64, 192, 203, 43, 50, 32, 86, 172, 107, 3, 184,
       72, 47, 160, 240, 139, 12, 143, 4, 144, 254, 157, 255, 161, 4,
       147, 67, 216, 144, 160, 11, 191, 53, 44, 43, 131, 105, 87, 117,
       69, 180, 30, 111, 63, 97, 232, 254, 76, 211, 48, 149, 112, 22,
       196, 124, 44, 201, 184, 117, 14, 38, 175, 37, 148, 107, 242, 66,
       53, 10, 173, 180, 159, 189, 253, 190, 239, 143, 159, 24, 1, 172,
       254, 110, 198, 195, 123, 251, 1, 118, 73, 155, 247, 175, 215, 94,
       43, 146, 78, 173, 207, 95, 67, 67, 69, 102, 22, 110, 56, 113, 194,
       115, 198, 89, 98, 189, 244, 126, 236, 54, 238, 201, 150, 173, 206,
       54, 46, 167, 132, 47, 183, 98, 165, 63, 5, 231, 189, 205, 102,
       236, 79, 85, 211, 115, 19, 73, 124, 58, 235, 249, 199, 119, 165,
       189, 240, 119, 128, 7, 235, 216, 129, 231, 252, 244, 198, 99, 154,
       186, 250, 111, 181, 185, 84, 139, 91, 181, 127, 188, 159, 246, 43,
       239, 177, 223, 145, 151, 107, 42, 209, 91, 89, 250, 250, 159, 12,
       35, 255, 1, 160, 27, 153, 166, 199, 56, 223, 94, 121, 82, 82, 188,
       210, 232, 104, 247, 11, 50, 156, 151, 216, 58, 241, 141, 30, 58,
       108, 152, 8, 161, 155, 80, 185, 23, 254, 19, 204, 52, 103, 173, 1,
       234, 16, 188, 178, 32, 242, 160, 51, 234, 0, 82, 137, 146, 197,
       177, 240, 30, 11, 0, 0, 173, 11, 105, 104, 28, 229, 45, 143, 70,
       150, 225, 168, 182, 12, 155, 9, 17, 147, 200, 228, 76, 76, 72,
       110, 208, 136, 231, 217, 5, 52, 66, 185, 90, 8, 242, 236, 2, 188,
       89, 197, 90, 230, 149, 134, 224, 25, 34, 206, 39, 17, 200, 241,
       203, 193, 110, 15, 210, 191, 177, 112, 137, 59, 16, 28, 62, 78,
       120, 61, 26, 228, 83, 222, 92, 119, 33, 140, 238, 9, 63, 191, 34,
       144, 230, 191, 221, 128, 76, 155, 144, 143, 243, 237, 56, 17, 34,
       32, 174, 91, 177, 29, 127, 69, 118, 78, 237, 55, 85, 236, 126, 98,
       179, 61, 148, 37, 126, 182, 22, 40, 249, 184, 117, 206, 103, 175,
       52, 128, 103, 232, 196, 121, 8, 168, 149, 91, 145, 237, 96, 134,
       118, 27, 98, 16, 182, 241, 1, 248, 193, 122, 34, 24, 51, 248, 91,
       49, 13, 190, 80, 96, 218, 65, 193, 170, 4, 40, 191, 219, 201, 229,
       33, 67, 158, 147, 97, 16, 180, 247, 97, 73, 201, 123, 35, 152, 18,
       88, 218, 113, 77, 146, 215, 107, 144, 73, 165, 170, 231, 255, 123,
       250, 236, 165, 255, 212, 139, 90, 185, 238, 252, 255, 253, 34,
       239, 243, 95, 223, 211, 35, 170, 243, 126, 24, 111, 254, 156, 255,
       163, 241, 12, 169, 183, 251, 205, 229, 161, 67, 158, 145, 97, 16,
       188, 211, 96, 233, 201, 59, 163, 24, 18, 120, 218, 241, 13, 144,
       95, 107, 146, 73, 165, 162 ]
keypoints: !!opencv-matrix
   rows: 33
   cols: 2
   dt: d
   data: [ 280., 149., 1.5480000305175781e+02, 2.4480000305175781e+02,
       324., 192., 3.3480001831054688e+02, 1.3080000305175781e+02,
       2.7720001220703125e+02, 1.4880000305175781e+02,
       3.3480001831054688e+02, 1.2360000610351562e+02,
       2.4336001586914062e+02, 2.4768000793457031e+02,
       1.7136000061035156e+02, 2.4480000305175781e+02,
       8.2080001831054688e+01, 2.4480000305175781e+02,
       8.3520004272460938e+01, 2.3760000610351562e+02,
       5.3280002593994141e+01, 1.7712001037597656e+02,
       5.4720001220703125e+01, 1.7136000061035156e+02,
       2.4480000305175781e+02, 2.5344000244140625e+02,
       1.7107202148437500e+02, 2.4537602233886719e+02,
       3.0585601806640625e+02, 8.9856010437011719e+01,
       3.3696002197265625e+02, 1.1923200988769531e+02,
       7.7760009765625000e+01, 1.7625601196289062e+02,
       5.3568004608154297e+01, 1.7107202148437500e+02,
       1.1059201049804688e+02, 2.4364802551269531e+02,
       2.9237765502929688e+02, 7.8796813964843750e+01,
       3.3384963989257812e+02, 1.3271041870117188e+02,
       2.8615682983398438e+02, 1.9906562805175781e+02,
       1.3934594726562500e+02, 1.1446274566650391e+02,
       2.6625030517578125e+02, 1.6174084472656250e+02,
       7.7137939453125000e+01, 1.7667076110839844e+02,
       8.4602897644042969e+01, 1.8911236572265625e+02,
       3.0357510375976562e+02, 2.1399557495117188e+02,
       2.9262652587890625e+02, 9.2565528869628906e+01,
       2.9262652587890625e+02, 1.0749545288085938e+02,
       2.8068255615234375e+02, 1.5228521728515625e+02,
       2.8068255615234375e+02, 1.6124317932128906e+02,
       1.3974409484863281e+02, 1.1466181945800781e+02,
       2.7948818969726562e+02, 1.6482637023925781e+02 ]
