%YAML:1.0
---
descriptors: !!opencv-matrix
   rows: 107
   cols: 32
   dt: u
   data: [ 121, 77, 207, 253, 84, 42, 111, 38, 117, 130, 238, 2, 115, 51,
       177, 113, 122, 230, 50, 238, 104, 184, 101, 174, 246, 174, 198, 0,
       103, 249, 112, 40, 109, 79, 121, 101, 52, 14, 111, 48, 100, 136,
       126, 104, 243, 97, 145, 112, 22, 228, 108, 110, 201, 176, 225, 46,
       230, 253, 37, 128, 108, 187, 66, 33, 130, 136, 167, 152, 93, 165,
       168, 71, 159, 3, 194, 19, 168, 138, 52, 204, 201, 42, 51, 145, 58,
       254, 82, 247, 5, 54, 154, 74, 144, 12, 240, 174, 133, 164, 221,
       241, 236, 169, 233, 159, 254, 51, 48, 88, 157, 169, 216, 43, 175,
       11, 126, 25, 179, 124, 203, 208, 204, 155, 127, 116, 220, 200,
       131, 161, 118, 103, 99, 138, 214, 82, 207, 232, 224, 196, 217,
       163, 65, 204, 255, 80, 122, 204, 143, 247, 220, 131, 172, 204,
       120, 32, 175, 205, 37, 183, 118, 212, 201, 186, 149, 249, 171,
       164, 61, 223, 190, 59, 144, 84, 156, 183, 96, 235, 231, 31, 127,
       144, 243, 77, 155, 241, 217, 251, 127, 254, 154, 64, 161, 59, 9,
       25, 119, 69, 48, 142, 103, 55, 125, 72, 118, 96, 188, 55, 132, 52,
       166, 118, 118, 72, 193, 184, 49, 108, 103, 190, 32, 128, 74, 128,
       99, 185, 66, 188, 175, 184, 253, 232, 177, 199, 171, 85, 152, 185,
       172, 188, 118, 11, 171, 51, 251, 17, 23, 107, 178, 241, 93, 50,
       94, 123, 212, 76, 183, 250, 60, 65, 90, 238, 93, 198, 86, 96, 196,
       128, 237, 3, 83, 219, 49, 80, 216, 168, 2, 106, 76, 163, 82, 12,
       115, 237, 128, 25, 115, 59, 120, 130, 104, 160, 144, 104, 233,
       107, 193, 207, 234, 57, 57, 56, 222, 243, 72, 190, 145, 23, 98,
       56, 19, 99, 202, 80, 13, 157, 87, 127, 208, 66, 203, 163, 93, 49,
       187, 97, 160, 111, 99, 147, 98, 232, 190, 104, 211, 53, 193, 186,
       177, 212, 108, 56, 153, 240, 177, 0, 237, 205, 37, 100, 194, 243,
       70, 112, 125, 255, 16, 236, 173, 15, 94, 254, 127, 170, 184, 104,
       159, 115, 193, 176, 221, 199, 108, 108, 232, 99, 195, 158, 184,
       223, 103, 188, 90, 248, 203, 1, 106, 184, 188, 88, 233, 253, 17,
       199, 171, 95, 164, 29, 46, 191, 70, 30, 133, 179, 233, 16, 22, 79,
       242, 241, 91, 211, 84, 123, 210, 68, 142, 95, 126, 151, 213, 251,
       170, 99, 30, 185, 23, 115, 145, 242, 217, 119, 201, 251, 95, 215,
       253, 178, 187, 67, 79, 241, 254, 199, 255, 252, 191, 243, 168, 17,
       126, 235, 169, 234, 44, 67, 95, 188, 135, 252, 156, 169, 195, 207,
       218, 114, 92, 212, 253, 243, 74, 3, 235, 177, 238, 213, 173, 253,
       22, 191, 214, 113, 34, 160, 21, 154, 77, 237, 160, 79, 143, 17,
       225, 24, 172, 216, 108, 205, 201, 27, 234, 17, 19, 110, 210, 209,
       5, 80, 218, 122, 152, 12, 217, 142, 120, 149, 121, 101, 48, 79,
       103, 63, 112, 164, 254, 8, 243, 55, 128, 48, 27, 214, 69, 40, 120,
       184, 113, 14, 239, 239, 37, 16, 99, 226, 198, 106, 163, 198, 101,
       65, 100, 27, 239, 190, 95, 103, 118, 246, 209, 12, 156, 36, 31,
       64, 118, 236, 225, 188, 101, 247, 46, 30, 181, 196, 103, 156, 212,
       252, 133, 174, 199, 157, 218, 35, 111, 255, 118, 178, 74, 246,
       241, 226, 192, 97, 113, 238, 42, 190, 115, 220, 143, 127, 172,
       166, 231, 100, 184, 240, 225, 168, 105, 25, 209, 109, 98, 78, 97,
       58, 105, 224, 98, 68, 215, 55, 129, 246, 86, 212, 124, 44, 129,
       152, 245, 8, 197, 172, 96, 0, 42, 160, 66, 49, 1, 93, 26, 94, 113,
       156, 126, 118, 237, 8, 126, 68, 190, 147, 164, 244, 164, 122, 86,
       72, 193, 185, 16, 111, 39, 253, 34, 2, 74, 146, 107, 173, 62, 233,
       100, 33, 207, 83, 206, 238, 7, 228, 156, 171, 67, 45, 211, 132,
       91, 220, 211, 247, 72, 122, 125, 188, 126, 69, 141, 53, 119, 253,
       94, 244, 155, 207, 110, 190, 46, 146, 190, 236, 220, 74, 218, 231,
       233, 232, 183, 193, 254, 97, 159, 231, 236, 129, 15, 255, 162, 99,
       234, 145, 29, 254, 57, 93, 159, 255, 50, 174, 249, 212, 31, 248,
       133, 76, 221, 39, 108, 223, 171, 229, 246, 99, 158, 238, 231, 3,
       58, 255, 242, 249, 15, 139, 18, 183, 45, 255, 159, 223, 23, 254,
       123, 212, 159, 248, 148, 204, 244, 38, 108, 247, 171, 149, 254,
       97, 151, 238, 225, 131, 58, 255, 250, 219, 47, 137, 26, 183, 41,
       113, 58, 31, 107, 141, 95, 82, 175, 127, 4, 228, 220, 135, 33, 46,
       183, 96, 120, 190, 131, 165, 205, 154, 117, 204, 117, 37, 170,
       129, 117, 92, 244, 254, 10, 185, 167, 186, 173, 233, 185, 199,
       142, 93, 144, 179, 172, 253, 114, 139, 169, 59, 251, 17, 18, 107,
       186, 241, 217, 83, 94, 251, 214, 12, 183, 250, 163, 206, 103, 95,
       116, 147, 239, 252, 221, 66, 112, 198, 113, 200, 189, 229, 126,
       104, 18, 239, 225, 183, 60, 255, 36, 58, 226, 128, 127, 191, 112,
       252, 23, 69, 239, 204, 150, 86, 239, 103, 237, 192, 206, 2, 81,
       190, 62, 96, 120, 213, 121, 249, 216, 129, 53, 204, 243, 47, 142,
       69, 165, 114, 245, 100, 18, 26, 125, 161, 18, 195, 185, 54, 44,
       101, 86, 163, 189, 31, 2, 33, 46, 59, 31, 133, 128, 152, 53, 77,
       197, 131, 58, 128, 37, 0, 37, 251, 231, 171, 206, 218, 111, 177,
       248, 194, 159, 155, 85, 187, 104, 236, 246, 189, 239, 235, 162,
       148, 182, 90, 174, 243, 30, 27, 209, 235, 151, 77, 120, 141, 114,
       28, 250, 94, 91, 124, 178, 86, 233, 206, 184, 45, 40, 252, 23, 58,
       238, 243, 255, 69, 164, 43, 178, 235, 83, 60, 80, 187, 197, 117,
       102, 95, 252, 240, 185, 239, 173, 73, 85, 141, 83, 190, 181, 24,
       247, 113, 72, 19, 217, 200, 77, 58, 106, 102, 251, 11, 239, 217,
       101, 61, 80, 122, 214, 107, 223, 58, 210, 80, 51, 210, 90, 83,
       249, 196, 182, 178, 10, 158, 230, 254, 102, 181, 236, 152, 61,
       239, 164, 206, 154, 255, 130, 203, 167, 165, 110, 117, 73, 174,
       148, 165, 185, 63, 88, 55, 63, 171, 186, 92, 191, 34, 64, 178,
       135, 39, 108, 12, 249, 72, 193, 222, 157, 223, 127, 48, 136, 192,
       11, 9, 1, 130, 151, 157, 58, 11, 184, 107, 30, 147, 242, 194, 188,
       162, 160, 207, 231, 53, 106, 12, 33, 235, 67, 221, 156, 182, 123,
       80, 156, 168, 33, 161, 74, 188, 23, 181, 49, 237, 48, 39, 189, 75,
       123, 57, 190, 191, 0, 208, 135, 59, 255, 1, 51, 220, 210, 199,
       141, 247, 26, 194, 136, 64, 135, 59, 223, 223, 182, 182, 191, 126,
       86, 190, 95, 243, 222, 127, 239, 248, 123, 233, 183, 239, 189, 83,
       253, 245, 159, 191, 186, 247, 93, 215, 174, 253, 185, 31, 181,
       194, 229, 234, 140, 37, 73, 156, 82, 91, 177, 218, 83, 97, 217,
       59, 89, 128, 94, 190, 187, 102, 111, 17, 216, 138, 229, 252, 253,
       218, 242, 160, 91, 79, 206, 174, 46, 18, 222, 120, 4, 194, 219,
       231, 125, 104, 179, 195, 254, 229, 189, 231, 205, 131, 15, 141,
       242, 111, 234, 129, 61, 190, 57, 29, 244, 38, 204, 117, 174, 43,
       77, 191, 214, 186, 178, 254, 243, 32, 209, 27, 95, 230, 108, 174,
       233, 244, 205, 42, 164, 203, 245, 180, 45, 248, 208, 57, 33, 125,
       99, 75, 116, 203, 235, 116, 93, 72, 124, 236, 51, 69, 181, 52,
       126, 184, 22, 108, 227, 186, 36, 95, 102, 30, 32, 192, 127, 138,
       82, 249, 184, 93, 96, 173, 87, 219, 197, 119, 21, 224, 214, 143,
       35, 12, 23, 197, 72, 254, 147, 225, 233, 186, 117, 159, 247, 99,
       152, 17, 127, 28, 92, 250, 154, 75, 103, 245, 20, 218, 237, 39,
       20, 228, 86, 135, 161, 13, 151, 193, 106, 166, 27, 205, 237, 156,
       117, 174, 102, 107, 222, 129, 39, 140, 116, 220, 26, 184, 175,
       186, 15, 213, 185, 226, 143, 85, 149, 3, 172, 221, 98, 142, 235,
       59, 251, 145, 18, 75, 186, 241, 155, 87, 155, 251, 22, 13, 53,
       251, 93, 114, 183, 228, 39, 126, 123, 216, 251, 254, 119, 38, 78,
       239, 219, 190, 183, 77, 253, 110, 133, 213, 187, 200, 210, 239,
       111, 135, 166, 247, 127, 119, 47, 58, 226, 88, 223, 177, 232, 74,
       95, 211, 116, 254, 8, 200, 247, 237, 127, 168, 178, 157, 151, 254,
       166, 240, 30, 90, 209, 234, 223, 141, 122, 213, 109, 114, 219, 36,
       244, 47, 243, 216, 114, 232, 124, 236, 87, 245, 203, 58, 63, 204,
