%YAML:1.0
---
descriptors: !!opencv-matrix
   rows: 43
   cols: 32
   dt: u
   data: [ 69, 113, 89, 67, 48, 14, 99, 184, 104, 168, 111, 76, 222, 82,
       141, 116, 182, 12, 76, 110, 193, 176, 185, 76, 228, 188, 33, 4,
       72, 163, 67, 37, 133, 164, 221, 241, 236, 105, 233, 155, 126, 179,
       49, 216, 159, 169, 216, 43, 171, 15, 110, 24, 51, 124, 239, 210,
       204, 154, 119, 100, 196, 201, 131, 160, 114, 188, 189, 178, 219,
       229, 153, 215, 139, 251, 144, 127, 188, 191, 68, 11, 237, 179,
       255, 145, 179, 75, 210, 225, 221, 18, 254, 250, 137, 76, 133, 123,
       9, 89, 119, 69, 48, 142, 231, 55, 124, 200, 118, 96, 190, 55, 132,
       52, 166, 116, 118, 72, 193, 184, 49, 109, 103, 190, 32, 128, 74,
       160, 67, 185, 89, 254, 151, 250, 169, 188, 60, 222, 191, 27, 182,
       116, 254, 243, 225, 254, 165, 87, 124, 24, 163, 77, 155, 245, 219,
       255, 127, 218, 138, 208, 169, 59, 54, 110, 106, 77, 82, 18, 175,
       104, 36, 164, 254, 162, 65, 6, 149, 4, 126, 252, 3, 238, 104, 150,
       101, 78, 52, 44, 143, 132, 101, 179, 102, 244, 245, 149, 15, 227,
       148, 78, 111, 185, 164, 168, 163, 64, 83, 119, 152, 115, 112, 212,
       125, 234, 121, 217, 57, 12, 169, 171, 229, 68, 32, 163, 192, 32,
       118, 231, 99, 130, 246, 82, 207, 232, 32, 196, 217, 163, 65, 204,
       255, 80, 122, 205, 143, 247, 204, 131, 172, 236, 120, 0, 175, 205,
       37, 183, 246, 212, 214, 0, 223, 247, 108, 40, 109, 0, 185, 146,
       179, 90, 223, 235, 93, 91, 99, 197, 125, 138, 40, 71, 195, 192,
       212, 186, 251, 156, 165, 225, 99, 32, 205, 79, 127, 101, 36, 10,
       111, 180, 105, 168, 126, 108, 211, 97, 145, 115, 18, 228, 108,
       110, 233, 176, 229, 44, 230, 249, 101, 0, 74, 187, 66, 33, 33, 79,
       232, 69, 52, 27, 207, 38, 71, 228, 190, 204, 227, 40, 151, 36, 24,
       228, 110, 110, 204, 184, 101, 62, 38, 156, 165, 52, 119, 186, 90,
       76, 107, 124, 250, 92, 107, 252, 87, 82, 233, 206, 190, 13, 42,
       188, 151, 54, 166, 247, 253, 71, 172, 43, 180, 234, 83, 127, 80,
       187, 67, 245, 110, 95, 46, 161, 112, 227, 253, 127, 250, 200, 79,
       245, 189, 27, 206, 92, 94, 188, 187, 157, 223, 51, 22, 115, 121,
       208, 159, 221, 3, 119, 199, 111, 95, 198, 58, 31, 111, 141, 31,
       83, 143, 127, 4, 228, 220, 198, 49, 46, 183, 96, 120, 190, 131,
       225, 201, 155, 117, 220, 113, 37, 170, 129, 53, 124, 244, 254, 74,
       185, 167, 186, 237, 225, 177, 199, 158, 93, 20, 179, 172, 253,
       112, 139, 233, 123, 251, 17, 19, 107, 186, 241, 93, 83, 94, 235,
       214, 76, 183, 250, 234, 171, 254, 26, 95, 245, 185, 194, 206, 85,
       176, 159, 44, 254, 118, 11, 239, 171, 235, 149, 150, 107, 174,
       241, 95, 81, 219, 123, 213, 5, 39, 206, 40, 149, 121, 101, 52,
       111, 67, 55, 97, 173, 126, 8, 243, 55, 128, 48, 26, 214, 69, 40,
       24, 184, 113, 12, 239, 239, 33, 16, 99, 234, 198, 107, 254, 105,
       114, 232, 45, 125, 218, 16, 105, 108, 119, 137, 15, 159, 87, 190,
       134, 157, 213, 247, 140, 177, 181, 192, 131, 249, 136, 187, 103,
       215, 79, 87, 18, 26, 125, 161, 18, 199, 185, 55, 44, 101, 86, 131,
       189, 31, 2, 32, 38, 49, 31, 141, 128, 152, 53, 77, 197, 131, 186,
       128, 37, 0, 37, 123, 227, 170, 206, 218, 207, 177, 248, 202, 159,
       155, 85, 219, 104, 236, 246, 188, 237, 234, 179, 148, 182, 122,
       142, 243, 30, 95, 209, 235, 151, 205, 120, 133, 149, 175, 199,
       149, 158, 35, 103, 255, 118, 162, 74, 246, 241, 227, 193, 97, 113,
       238, 42, 190, 115, 220, 15, 127, 108, 166, 231, 100, 173, 240,
       240, 168, 245, 166, 205, 45, 158, 35, 78, 250, 82, 226, 152, 222,
       83, 96, 145, 98, 125, 196, 124, 175, 237, 239, 205, 14, 184, 142,
       229, 180, 125, 251, 120, 28, 187, 223, 62, 252, 59, 86, 159, 250,
       149, 222, 244, 38, 109, 255, 163, 245, 254, 225, 191, 238, 237,
       71, 50, 255, 243, 235, 239, 159, 31, 181, 44, 127, 221, 94, 62,
       252, 43, 86, 159, 248, 149, 222, 246, 38, 108, 239, 163, 239, 214,
       245, 189, 238, 237, 231, 51, 205, 243, 235, 111, 143, 127, 181,
       45, 119, 251, 94, 102, 126, 69, 182, 86, 112, 161, 78, 247, 167,
       107, 253, 179, 247, 76, 244, 253, 238, 236, 167, 116, 171, 211,
       235, 226, 139, 107, 255, 126, 95, 161, 233, 105, 99, 116, 207,
       103, 252, 112, 104, 126, 72, 115, 81, 144, 48, 88, 172, 22, 106,
       201, 186, 109, 63, 103, 141, 33, 64, 109, 138, 82, 168, 97, 73,
       109, 69, 116, 10, 111, 180, 96, 224, 254, 200, 243, 1, 149, 49,
       90, 228, 78, 110, 201, 176, 101, 45, 102, 169, 36, 0, 109, 186,
       82, 104, 90, 184, 187, 250, 27, 245, 155, 194, 143, 69, 140, 35,
       172, 223, 98, 64, 237, 51, 251, 209, 19, 11, 186, 243, 219, 213,
       154, 123, 146, 15, 37, 122, 118, 82, 114, 232, 102, 26, 254, 64,
       105, 14, 177, 239, 143, 14, 159, 214, 238, 149, 223, 227, 204, 35,
       196, 192, 182, 248, 170, 155, 103, 191, 111, 7, 91, 123, 240, 101,
       3, 118, 63, 18, 97, 238, 206, 166, 57, 55, 199, 254, 102, 253,
       253, 194, 137, 146, 245, 200, 215, 237, 171, 135, 175, 247, 47,
       123, 99, 165, 132, 17, 252, 139, 100, 175, 251, 187, 50, 88, 198,
       32, 220, 63, 129, 14, 122, 29, 50, 120, 203, 85, 44, 30, 85, 118,
       196, 72, 211, 133, 161, 229, 99, 67, 84, 219, 231, 253, 85, 224,
       120, 74, 115, 17, 148, 180, 120, 136, 22, 106, 251, 186, 109, 61,
       44, 12, 37, 64, 127, 138, 210, 172, 67, 181, 151, 215, 177, 204,
       48, 39, 189, 89, 106, 16, 188, 178, 36, 246, 165, 51, 250, 0, 115,
       201, 178, 231, 133, 182, 26, 74, 8, 0, 129, 63, 109, 104, 235, 85,
       85, 204, 99, 150, 243, 113, 238, 8, 51, 177, 81, 116, 72, 236, 98,
       76, 11, 250, 240, 33, 103, 189, 5, 32, 195, 184, 82, 168, 118, 66,
       82, 140, 102, 24, 250, 64, 41, 4, 177, 239, 142, 10, 159, 212,
       126, 149, 223, 231, 204, 39, 196, 200, 148, 184, 138, 187, 117,
       174, 107, 133, 155, 87, 100, 229, 182, 50, 94, 55, 29, 238, 127,
       247, 75, 15, 151, 229, 127, 215, 149, 174, 236, 180, 101, 206,
       226, 217, 160, 132, 47, 255, 232, 85, 233, 79, 111, 69, 116, 10,
       231, 52, 96, 32, 126, 232, 243, 1, 145, 49, 122, 228, 70, 110,
       201, 176, 101, 45, 100, 169, 32, 0, 109, 187, 82, 168, 177, 205,
       103, 77, 20, 10, 239, 53, 117, 64, 250, 198, 115, 8, 148, 113,
       122, 236, 6, 238, 233, 176, 101, 79, 164, 174, 160, 0, 109, 186,
       240, 44, 196, 160, 5, 145, 204, 169, 232, 11, 174, 177, 147, 219,
       149, 131, 200, 11, 43, 137, 106, 156, 19, 124, 207, 208, 156, 144,
       223, 108, 132, 9, 129, 160, 67, 156, 159, 219, 27, 244, 57, 2,
       191, 83, 79, 16, 188, 247, 40, 111, 165, 51, 122, 16, 51, 205, 51,
       247, 207, 191, 90, 74, 154, 0, 161, 50, 246, 79, 112, 230, 166,
       58, 222, 134, 57, 134, 251, 255, 207, 46, 159, 149, 255, 215, 149,
       231, 252, 182, 77, 234, 178, 252, 142, 135, 103, 255, 235, 5, 191,
       78, 112, 247, 166, 54, 94, 183, 25, 102, 254, 247, 75, 47, 159,
       221, 127, 215, 149, 238, 252, 252, 77, 238, 178, 255, 214, 132,
       175, 253, 248, 93, 249, 207, 106, 69, 84, 10, 231, 116, 100, 36,
       246, 138, 115, 1, 146, 117, 120, 228, 70, 110, 233, 178, 101, 15,
       116, 173, 160, 16, 103, 186, 90, 168 ]
