%YAML:1.0
---
descriptors: !!opencv-matrix
   rows: 52
   cols: 32
   dt: u
   data: [ 60, 23, 97, 77, 96, 123, 77, 57, 1, 234, 125, 236, 83, 103,
       157, 189, 94, 152, 151, 174, 137, 178, 101, 28, 70, 143, 225, 180,
       127, 239, 70, 241, 98, 176, 251, 80, 200, 236, 120, 87, 187, 219,
       168, 221, 132, 190, 100, 90, 197, 187, 127, 144, 147, 79, 178, 80,
       95, 30, 214, 238, 208, 64, 7, 127, 206, 168, 156, 122, 169, 249,
       16, 143, 155, 159, 164, 57, 174, 255, 66, 27, 131, 115, 233, 16,
       50, 111, 202, 49, 203, 211, 85, 123, 210, 68, 143, 11, 231, 107,
       228, 68, 237, 27, 70, 140, 233, 242, 178, 237, 74, 8, 215, 191,
       138, 196, 236, 126, 237, 103, 237, 232, 50, 88, 69, 63, 239, 255,
       90, 76, 128, 68, 222, 252, 61, 139, 94, 104, 159, 130, 248, 9,
       207, 235, 37, 81, 211, 125, 111, 98, 96, 103, 26, 223, 179, 246,
       71, 63, 80, 122, 9, 130, 207, 223, 59, 115, 165, 116, 63, 183,
       125, 79, 95, 117, 157, 63, 255, 233, 167, 87, 157, 130, 245, 221,
       56, 226, 103, 255, 254, 195, 142, 213, 237, 123, 137, 186, 150,
       241, 105, 189, 169, 82, 190, 27, 116, 52, 188, 147, 194, 191, 133,
       58, 246, 24, 50, 220, 194, 145, 206, 219, 122, 232, 138, 4, 43,
       161, 5, 176, 185, 243, 236, 173, 249, 159, 207, 59, 57, 120, 158,
       185, 216, 42, 143, 27, 127, 25, 147, 120, 235, 211, 207, 223, 63,
       246, 220, 202, 129, 163, 244, 72, 223, 253, 110, 40, 125, 20, 169,
       146, 178, 250, 255, 43, 5, 91, 239, 245, 127, 138, 40, 71, 195,
       192, 214, 251, 250, 152, 165, 241, 99, 41, 6, 165, 16, 131, 253,
       111, 184, 105, 47, 53, 185, 27, 204, 26, 76, 8, 187, 159, 235, 49,
       18, 115, 89, 212, 157, 16, 31, 119, 144, 78, 133, 134, 125, 117,
       56, 237, 189, 15, 94, 186, 111, 168, 188, 76, 223, 121, 9, 48,
       220, 213, 92, 106, 233, 162, 81, 190, 243, 253, 37, 52, 74, 185,
       74, 3, 214, 173, 132, 159, 157, 136, 166, 232, 190, 148, 128, 3,
       236, 226, 73, 199, 241, 107, 234, 211, 102, 65, 138, 255, 189, 22,
       207, 111, 128, 118, 45, 134, 11, 162, 16, 153, 244, 157, 168, 223,
       30, 121, 80, 212, 189, 130, 250, 204, 55, 11, 50, 29, 151, 88, 31,
       213, 12, 26, 62, 236, 158, 140, 137, 157, 154, 214, 62, 185, 75,
       143, 189, 255, 156, 54, 84, 179, 237, 31, 42, 11, 175, 17, 243,
       161, 96, 253, 19, 213, 213, 195, 90, 71, 117, 24, 141, 251, 73,
       109, 156, 229, 188, 15, 92, 191, 59, 162, 174, 72, 159, 51, 65,
       50, 151, 221, 125, 56, 233, 218, 209, 30, 239, 223, 37, 52, 8,
       240, 74, 33, 143, 119, 192, 13, 160, 55, 239, 249, 62, 250, 89,
       229, 217, 226, 255, 133, 63, 76, 23, 238, 209, 208, 31, 216, 44,
       88, 239, 140, 95, 247, 225, 149, 82, 160, 134, 156, 31, 131, 160,
       232, 190, 180, 128, 3, 236, 226, 105, 197, 177, 109, 234, 177, 38,
       65, 138, 221, 156, 6, 207, 63, 16, 36, 43, 134, 102, 227, 196,
       143, 204, 11, 194, 168, 7, 176, 177, 238, 194, 104, 205, 150, 217,
       196, 110, 118, 78, 98, 203, 145, 140, 18, 197, 126, 93, 187, 88,
       4, 50, 32, 86, 172, 43, 11, 152, 104, 15, 160, 240, 139, 15, 138,
       36, 144, 254, 157, 127, 33, 12, 131, 67, 220, 144, 240, 75, 191,
       21, 8, 43, 131, 124, 99, 120, 103, 53, 31, 67, 56, 109, 172, 191,
       8, 223, 64, 145, 52, 24, 236, 76, 106, 200, 178, 233, 28, 243,
       253, 35, 52, 98, 179, 66, 36, 3, 130, 100, 25, 144, 159, 104, 191,
       118, 113, 66, 213, 225, 42, 158, 196, 117, 142, 50, 156, 183, 216,
       93, 87, 46, 110, 223, 196, 62, 132, 216, 156, 254, 220, 252, 246,
       229, 124, 247, 234, 187, 158, 181, 27, 238, 127, 79, 27, 251, 243,
       223, 163, 124, 103, 122, 235, 255, 215, 223, 63, 147, 125, 239,
       82, 76, 249, 188, 243, 169, 216, 178, 134, 142, 189, 166, 40, 172,
       191, 76, 66, 129, 87, 249, 210, 82, 105, 219, 241, 111, 209, 151,
       123, 130, 19, 141, 10, 74, 180, 51, 246, 49, 236, 49, 103, 189, 9,
       91, 17, 188, 191, 32, 112, 132, 59, 255, 1, 18, 137, 18, 199, 195,
       247, 26, 203, 0, 68, 135, 59, 125, 239, 156, 37, 189, 15, 70, 186,
       107, 188, 170, 72, 211, 97, 83, 146, 145, 196, 108, 124, 110, 96,
       195, 34, 255, 255, 101, 124, 192, 113, 90, 0, 237, 97, 24, 237,
       45, 15, 86, 186, 111, 168, 180, 76, 159, 91, 25, 49, 220, 196,
       124, 110, 201, 162, 209, 188, 243, 249, 101, 60, 74, 185, 66, 3,
       238, 156, 188, 182, 205, 124, 246, 234, 187, 150, 180, 27, 238,
       127, 79, 91, 249, 243, 239, 163, 108, 103, 218, 235, 223, 215,
       223, 63, 130, 125, 15, 202, 124, 121, 249, 104, 232, 79, 87, 220,
       35, 234, 180, 8, 95, 23, 193, 16, 55, 212, 85, 122, 73, 7, 121,
       26, 243, 205, 37, 188, 114, 243, 102, 115, 52, 93, 249, 104, 244,
       79, 87, 216, 71, 238, 188, 40, 83, 23, 193, 48, 127, 220, 20, 122,
       201, 54, 121, 26, 123, 141, 37, 180, 243, 251, 102, 51, 189, 241,
       121, 106, 4, 84, 215, 248, 80, 90, 245, 26, 91, 93, 60, 33, 120,
       216, 22, 106, 203, 38, 123, 21, 83, 201, 97, 13, 115, 187, 228,
       51, 143, 55, 193, 5, 164, 55, 238, 251, 86, 234, 90, 198, 217, 98,
       247, 165, 55, 76, 55, 239, 197, 208, 29, 202, 44, 88, 239, 132,
       63, 246, 121, 149, 0, 48, 179, 93, 129, 238, 97, 214, 127, 19, 98,
       16, 178, 181, 101, 124, 177, 126, 34, 24, 51, 252, 179, 19, 7,
       190, 80, 2, 192, 88, 101, 172, 0, 56, 187, 219, 195, 236, 57, 67,
       30, 23, 101, 18, 188, 183, 97, 76, 247, 123, 35, 144, 18, 252,
       178, 227, 77, 182, 86, 74, 144, 73, 165, 170, 66, 144, 23, 186,
       49, 236, 56, 2, 191, 25, 83, 49, 172, 223, 40, 200, 167, 51, 255,
       17, 51, 13, 146, 247, 141, 247, 26, 203, 128, 0, 173, 59, 89, 18,
       156, 181, 58, 136, 56, 3, 60, 33, 211, 112, 175, 18, 128, 202,
       230, 53, 236, 0, 12, 220, 193, 197, 132, 243, 122, 210, 128, 8, 9,
       11, 73, 61, 26, 244, 177, 205, 52, 39, 173, 137, 106, 24, 190,
       179, 0, 240, 128, 55, 108, 0, 65, 216, 146, 14, 231, 253, 22, 19,
       72, 0, 139, 11, 237, 96, 132, 228, 45, 15, 78, 216, 105, 170, 178,
       76, 223, 73, 17, 91, 216, 196, 108, 110, 232, 102, 209, 136, 211,
       217, 65, 60, 74, 185, 82, 0, 99, 176, 251, 248, 108, 197, 249, 83,
       139, 89, 181, 254, 188, 159, 244, 42, 239, 177, 223, 149, 147, 43,
       178, 208, 95, 89, 122, 250, 156, 140, 35, 249, 165, 158, 201, 19,
       214, 123, 135, 191, 22, 247, 28, 189, 214, 100, 202, 141, 19, 74,
       130, 53, 183, 124, 125, 54, 44, 7, 117, 244, 252, 249, 157, 245,
       3, 160, 31, 155, 236, 205, 168, 199, 222, 81, 80, 82, 188, 210,
       122, 104, 227, 43, 50, 29, 23, 24, 26, 241, 141, 24, 26, 106, 24,
       8, 161, 141, 64, 184, 179, 218, 201, 228, 177, 198, 234, 31, 96,
       24, 172, 247, 100, 110, 201, 123, 98, 144, 18, 74, 178, 241, 13,
       176, 218, 107, 208, 73, 165, 170, 240, 102, 72, 172, 28, 35, 90,
       72, 4, 164, 185, 171, 23, 10, 3, 16, 216, 137, 77, 227, 76, 39,
       193, 30, 144, 193, 171, 189, 117, 11, 62, 130, 74, 146, 22, 187,
       48, 188, 56, 18, 190, 27, 67, 84, 190, 150, 40, 234, 135, 51, 254,
       16, 183, 205, 130, 231, 133, 247, 90, 66, 136, 1, 9, 29, 105, 255,
       148, 53, 169, 141, 84, 55, 235, 172, 186, 109, 167, 48, 67, 147,
       129, 38, 108, 20, 204, 120, 193, 8, 173, 251, 117, 178, 72, 84,
       219, 11, 103, 121, 251, 250, 108, 197, 255, 212, 139, 89, 177,
       238, 188, 159, 244, 42, 238, 115, 95, 223, 147, 43, 186, 241, 126,
       25, 58, 250, 28, 155, 163, 177, 102, 89, 251, 250, 236, 229, 223,
       212, 203, 89, 189, 250, 252, 223, 124, 42, 238, 243, 223, 211,
       211, 39, 186, 241, 119, 89, 238, 250, 20, 223, 167, 115, 0, 234,
       198, 31, 0, 139, 40, 134, 54, 17, 66, 208, 161, 130, 144, 208,
       103, 238, 34, 141, 2, 216, 71, 125, 4, 34, 58, 0, 53, 128, 161,
       136, 67, 148, 151, 218, 25, 244, 48, 2, 190, 81, 75, 20, 188, 246,
       40, 254, 165, 19, 251, 20, 23, 13, 147, 215, 137, 246, 90, 74,
       152, 1, 169, 22, 194, 145, 151, 222, 11, 192, 52, 103, 174, 21,
