%YAML:1.0
---
descriptors: !!opencv-matrix
   rows: 26
   cols: 32
   dt: u
   data: [ 64, 153, 159, 245, 160, 110, 53, 167, 172, 155, 74, 0, 213,
       55, 0, 107, 165, 119, 121, 0, 17, 217, 19, 36, 205, 163, 126, 64,
       128, 114, 165, 58, 70, 173, 128, 182, 221, 137, 46, 172, 187, 176,
       8, 10, 236, 234, 92, 134, 179, 107, 121, 211, 102, 64, 138, 243,
       173, 86, 143, 255, 148, 119, 139, 6, 164, 77, 222, 252, 125, 139,
       86, 232, 223, 130, 248, 9, 239, 233, 45, 65, 211, 121, 107, 98,
       96, 103, 10, 191, 227, 255, 71, 59, 84, 251, 9, 131, 234, 184,
       156, 122, 139, 253, 20, 207, 155, 31, 164, 57, 238, 249, 110, 27,
       131, 115, 233, 16, 54, 111, 202, 51, 219, 211, 85, 123, 210, 68,
       143, 11, 52, 199, 197, 158, 222, 3, 198, 232, 18, 179, 177, 238,
       114, 96, 201, 1, 89, 206, 38, 243, 106, 98, 79, 191, 184, 6, 237,
       124, 253, 123, 240, 128, 90, 186, 188, 122, 171, 249, 17, 143,
       171, 63, 164, 57, 174, 255, 66, 27, 135, 83, 237, 16, 18, 75, 202,
       49, 219, 211, 93, 123, 210, 68, 143, 75, 36, 49, 185, 99, 221,
       111, 83, 136, 91, 181, 45, 24, 214, 117, 73, 58, 145, 28, 64, 58,
       18, 112, 249, 16, 79, 157, 1, 119, 194, 107, 70, 226, 38, 161, 16,
       131, 253, 109, 184, 73, 47, 181, 185, 27, 204, 58, 78, 8, 187,
       155, 207, 49, 22, 115, 89, 212, 157, 16, 31, 119, 212, 78, 135,
       134, 109, 87, 85, 69, 180, 30, 110, 59, 97, 232, 190, 76, 211, 48,
       149, 116, 22, 196, 124, 108, 205, 176, 117, 14, 38, 239, 37, 148,
       110, 242, 66, 37, 70, 162, 134, 156, 95, 139, 162, 232, 190, 180,
       128, 3, 236, 226, 106, 199, 177, 109, 234, 177, 102, 65, 138, 221,
       156, 6, 207, 47, 0, 36, 43, 134, 50, 32, 86, 168, 107, 11, 152,
       104, 47, 32, 240, 139, 14, 138, 36, 144, 254, 157, 127, 33, 4,
       131, 67, 220, 144, 240, 75, 191, 21, 8, 43, 131, 125, 239, 132,
       37, 157, 15, 70, 186, 107, 190, 170, 72, 195, 97, 91, 146, 145,
       196, 108, 124, 78, 96, 195, 34, 253, 255, 101, 116, 224, 113, 218,
       0, 72, 16, 28, 245, 53, 236, 120, 19, 61, 41, 82, 80, 191, 27, 0,
       88, 163, 183, 253, 129, 56, 220, 209, 199, 205, 247, 250, 195,
       136, 0, 1, 11, 18, 0, 84, 161, 10, 11, 184, 64, 44, 49, 211, 234,
       143, 10, 0, 200, 238, 157, 255, 145, 0, 154, 65, 192, 148, 225,
       58, 147, 37, 8, 41, 137, 81, 2, 156, 181, 58, 138, 56, 3, 60, 33,
       195, 48, 143, 18, 0, 219, 230, 53, 236, 0, 12, 220, 193, 197, 132,
       247, 122, 83, 0, 8, 9, 9, 31, 2, 113, 227, 102, 8, 251, 16, 105,
       32, 115, 230, 157, 15, 157, 0, 190, 145, 23, 239, 201, 176, 5,
       192, 134, 253, 170, 128, 47, 167, 81, 161, 244, 235, 72, 160, 30,
       155, 82, 232, 3, 164, 177, 175, 67, 200, 95, 16, 216, 205, 204,
       247, 78, 35, 200, 159, 186, 197, 165, 127, 117, 43, 30, 6, 73,
       134, 148, 53, 48, 184, 56, 55, 252, 35, 203, 244, 175, 34, 130,
       210, 134, 39, 108, 4, 180, 216, 197, 71, 140, 247, 122, 82, 8,
       192, 9, 13, 103, 121, 123, 250, 108, 228, 191, 212, 139, 89, 177,
       250, 188, 159, 244, 43, 238, 115, 95, 219, 147, 43, 186, 241, 119,
       89, 250, 250, 20, 155, 167, 177, 147, 66, 113, 225, 102, 8, 232,
       16, 105, 8, 187, 226, 159, 11, 157, 120, 110, 133, 31, 233, 137,
       180, 69, 192, 150, 216, 170, 128, 109, 139, 97, 129, 230, 93, 120,
       250, 236, 229, 159, 212, 203, 93, 189, 187, 28, 223, 126, 27, 206,
       243, 223, 211, 210, 39, 58, 241, 243, 89, 254, 251, 22, 223, 167,
       123, 151, 71, 113, 225, 100, 40, 234, 16, 105, 40, 123, 214, 157,
       11, 149, 64, 238, 133, 23, 239, 137, 180, 69, 202, 134, 248, 170,
       132, 47, 187, 81, 161, 231, 253, 123, 250, 236, 229, 255, 212,
       203, 90, 185, 74, 252, 255, 253, 42, 239, 115, 95, 219, 243, 39,
       186, 243, 247, 217, 174, 250, 148, 219, 231, 185, 151, 71, 80,
       227, 230, 40, 238, 151, 121, 2, 187, 242, 159, 10, 157, 72, 127,
       195, 31, 239, 248, 180, 77, 226, 182, 216, 174, 132, 101, 219,
       241, 129, 230, 253, 121, 250, 236, 229, 223, 212, 203, 94, 189,
       58, 252, 255, 125, 19, 223, 243, 95, 211, 242, 39, 58, 243, 243,
       93, 174, 250, 150, 251, 135, 243, 135, 79, 113, 243, 228, 172,
       238, 151, 249, 138, 58, 86, 157, 43, 21, 1, 239, 231, 23, 207,
       249, 180, 92, 234, 167, 252, 142, 128, 47, 251, 209, 160 ]
keypoints: !!opencv-matrix
   rows: 26
   cols: 2
   dt: d
   data: [ 320., 135., 95., 175., 103., 174., 1.9440000915527344e+02,
       2.4600001525878906e+02, 7.6800003051757812e+01,
       1.7640000915527344e+02, 1.9584001159667969e+02,
       2.4480000305175781e+02, 1.4976000976562500e+02,
       2.3904000854492188e+02, 4.7520000457763672e+01,
       2.3328001403808594e+02, 1.5033601379394531e+02,
       2.4364802551269531e+02, 9.3312011718750000e+01,
       1.7625601196289062e+02, 9.5040008544921875e+01,
       1.7107202148437500e+02, 1.1404801177978516e+02,
       1.8144001770019531e+02, 1.0886401367187500e+02,
       1.6934400939941406e+02, 9.5385612487792969e+01,
       1.7003521728515625e+02, 1.0160641479492188e+02,
       1.7210882568359375e+02, 2.7869189453125000e+02,
       1.1446274566650391e+02, 7.9626258850097656e+01,
       1.7667076110839844e+02, 1.0202114105224609e+02,
       1.7667076110839844e+02, 1.7020114135742188e+02,
       1.1048143768310547e+02, 2.6575265502929688e+02,
       1.1048143768310547e+02, 1.8513105773925781e+02,
       1.1346742248535156e+02, 2.7769659423828125e+02,
       1.1346742248535156e+02, 1.7199273681640625e+02,
       1.1107863616943359e+02, 2.6515545654296875e+02,
       1.1107863616943359e+02, 1.8274227905273438e+02,
       1.1466181945800781e+02, 2.7948818969726562e+02,
       1.1466181945800781e+02 ]
