%YAML:1.0
---
descriptors: !!opencv-matrix
   rows: 64
   cols: 32
   dt: u
   data: [ 165, 75, 93, 101, 36, 14, 110, 184, 101, 168, 114, 76, 211,
       105, 153, 51, 26, 196, 108, 110, 233, 244, 65, 12, 228, 186, 101,
       4, 105, 187, 66, 33, 57, 121, 122, 72, 197, 221, 247, 247, 237,
       76, 124, 8, 59, 156, 151, 180, 56, 234, 212, 76, 205, 187, 180,
       173, 123, 253, 36, 217, 107, 158, 90, 255, 63, 98, 72, 5, 114, 6,
       234, 120, 36, 232, 126, 199, 89, 3, 151, 148, 126, 204, 23, 238,
       204, 146, 77, 204, 70, 47, 171, 132, 47, 183, 122, 209, 91, 184,
       149, 251, 139, 229, 29, 223, 142, 123, 128, 86, 188, 183, 96, 106,
       231, 119, 253, 145, 91, 79, 219, 241, 217, 215, 95, 126, 152, 80,
       161, 59, 111, 251, 169, 171, 172, 149, 207, 188, 7, 252, 148, 205,
       227, 236, 219, 2, 221, 206, 255, 255, 206, 106, 239, 181, 238, 83,
       237, 252, 20, 190, 214, 117, 162, 176, 180, 216, 237, 249, 144,
       207, 203, 55, 177, 57, 142, 156, 76, 159, 139, 27, 227, 17, 18,
       111, 202, 209, 31, 16, 80, 127, 211, 12, 207, 175, 166, 142, 214,
       254, 252, 35, 158, 238, 223, 163, 240, 88, 238, 232, 44, 73, 211,
       127, 106, 1, 50, 111, 75, 255, 184, 190, 87, 126, 212, 120, 161,
       137, 25, 77, 110, 197, 86, 18, 239, 119, 116, 192, 94, 130, 121,
       45, 150, 96, 126, 254, 23, 236, 232, 152, 53, 239, 119, 111, 174,
       128, 39, 146, 248, 232, 217, 215, 85, 101, 42, 14, 79, 184, 104,
       250, 50, 76, 223, 55, 137, 115, 54, 85, 124, 106, 225, 80, 249,
       13, 229, 170, 97, 148, 104, 243, 1, 57, 101, 75, 111, 101, 36, 10,
       111, 180, 101, 128, 118, 204, 211, 33, 145, 115, 26, 196, 108,
       110, 201, 176, 101, 44, 230, 187, 101, 20, 108, 179, 66, 33, 45,
       48, 240, 193, 253, 63, 242, 216, 111, 245, 189, 30, 206, 28, 95,
       190, 191, 197, 222, 62, 150, 115, 249, 208, 223, 217, 3, 119, 199,
       239, 79, 247, 184, 253, 89, 232, 235, 79, 84, 254, 49, 10, 244,
       25, 31, 31, 33, 145, 174, 153, 213, 96, 104, 46, 80, 31, 243, 217,
       33, 109, 114, 176, 102, 139, 66, 189, 189, 69, 170, 105, 181, 143,
       42, 115, 138, 185, 182, 62, 68, 58, 167, 87, 121, 17, 19, 73, 241,
       113, 237, 166, 126, 119, 128, 80, 135, 123, 51, 178, 151, 185,
       106, 139, 184, 104, 63, 177, 242, 233, 110, 254, 228, 25, 255,
       185, 255, 21, 10, 251, 67, 213, 156, 18, 91, 246, 197, 140, 35,
       137, 89, 185, 153, 236, 139, 212, 83, 154, 239, 201, 174, 76, 190,
       247, 65, 246, 231, 255, 252, 208, 27, 11, 250, 241, 155, 253, 15,
       122, 186, 67, 43, 63, 37, 79, 216, 77, 252, 31, 198, 184, 71, 168,
       252, 76, 83, 32, 151, 180, 88, 196, 102, 110, 205, 50, 109, 24,
       38, 157, 37, 52, 127, 251, 90, 132, 110, 235, 41, 163, 60, 205,
       79, 188, 135, 236, 156, 237, 211, 205, 218, 18, 220, 204, 253,
       127, 203, 10, 235, 189, 239, 221, 173, 252, 26, 190, 86, 121, 47,
       161, 120, 193, 253, 127, 250, 200, 111, 245, 189, 27, 206, 29, 95,
       172, 187, 141, 223, 63, 150, 115, 121, 208, 223, 93, 3, 119, 199,
       239, 95, 198, 133, 174, 199, 157, 158, 35, 107, 251, 126, 163, 66,
       214, 245, 226, 216, 96, 115, 110, 42, 188, 51, 221, 143, 223, 60,
       166, 255, 36, 172, 224, 97, 160, 0, 130, 151, 157, 58, 11, 168,
       107, 30, 177, 242, 200, 172, 162, 160, 203, 230, 45, 106, 12, 1,
       235, 67, 221, 156, 178, 123, 80, 156, 168, 33, 137, 252, 91, 126,
       110, 172, 10, 86, 177, 225, 138, 247, 104, 83, 217, 1, 91, 242,
       244, 108, 106, 120, 231, 138, 42, 242, 235, 101, 29, 107, 179,
       238, 3, 41, 175, 107, 104, 116, 143, 107, 121, 117, 76, 124, 108,
       51, 197, 178, 48, 28, 168, 6, 110, 233, 186, 32, 63, 118, 205, 33,
       224, 127, 139, 86, 241, 101, 249, 169, 235, 188, 199, 79, 188,
       135, 249, 156, 232, 211, 255, 217, 114, 221, 213, 125, 218, 219,
       2, 251, 177, 238, 221, 175, 252, 156, 186, 208, 113, 109, 45, 173,
       243, 172, 111, 79, 159, 143, 187, 158, 200, 211, 245, 217, 42, 77,
       118, 125, 94, 153, 112, 235, 160, 237, 223, 245, 180, 128, 251,
       208, 56, 190, 245, 98, 172, 223, 82, 222, 248, 129, 68, 204, 143,
       105, 125, 59, 228, 120, 208, 147, 227, 109, 3, 126, 191, 179, 101,
       143, 159, 63, 63, 124, 246, 191, 223, 58, 190, 251, 212, 159, 244,
       149, 204, 245, 39, 108, 255, 171, 149, 254, 243, 151, 231, 253,
       131, 58, 255, 251, 223, 143, 139, 27, 55, 45, 95, 186, 107, 107,
       77, 94, 83, 175, 111, 20, 228, 212, 135, 1, 142, 183, 133, 120,
       236, 131, 237, 232, 155, 117, 220, 116, 33, 138, 133, 55, 188,
       124, 252, 102, 60, 242, 84, 251, 252, 210, 66, 233, 234, 186, 45,
       42, 188, 87, 58, 174, 245, 223, 87, 172, 107, 176, 234, 91, 62, 0,
       187, 207, 125, 86, 95, 157, 223, 126, 254, 183, 210, 255, 244,
       189, 204, 247, 38, 111, 255, 183, 197, 182, 115, 164, 107, 245,
       235, 56, 239, 250, 251, 110, 139, 70, 183, 45, 89, 234, 186, 254,
       26, 75, 241, 177, 194, 206, 85, 165, 191, 172, 222, 102, 75, 239,
       35, 235, 149, 150, 111, 190, 241, 95, 19, 218, 123, 213, 5, 47,
       206, 92, 249, 182, 174, 57, 14, 18, 168, 174, 180, 139, 161, 222,
       253, 42, 66, 150, 117, 233, 115, 64, 193, 155, 44, 201, 179, 79,
       87, 2, 55, 5, 83, 32, 145, 120, 101, 48, 206, 99, 53, 100, 13,
       127, 40, 211, 55, 128, 48, 22, 158, 69, 104, 24, 184, 97, 13, 111,
       173, 32, 80, 224, 130, 198, 33, 145, 166, 197, 21, 154, 58, 97,
       187, 246, 242, 194, 214, 99, 96, 149, 255, 53, 198, 104, 172, 249,
       253, 239, 95, 12, 42, 245, 4, 111, 228, 80, 60, 150, 221, 62, 252,
       58, 212, 159, 248, 157, 78, 244, 39, 108, 255, 175, 117, 254, 241,
       23, 230, 238, 71, 58, 255, 251, 251, 239, 155, 16, 177, 45, 87, 3,
       2, 215, 145, 114, 143, 169, 23, 62, 49, 83, 208, 157, 130, 128,
       105, 110, 61, 123, 157, 131, 220, 69, 213, 132, 58, 250, 192, 12,
       136, 1, 169, 121, 233, 121, 103, 116, 79, 71, 244, 112, 224, 124,
       72, 115, 81, 144, 48, 24, 236, 22, 106, 201, 186, 117, 63, 119,
       173, 33, 32, 109, 170, 82, 168, 94, 90, 247, 116, 37, 126, 127,
       80, 251, 238, 119, 100, 125, 255, 191, 254, 183, 125, 189, 111,
       165, 213, 185, 234, 211, 255, 99, 135, 6, 247, 103, 119, 2, 160,
       145, 145, 228, 233, 169, 7, 174, 21, 81, 16, 140, 130, 64, 142,
       167, 27, 74, 25, 18, 92, 146, 193, 12, 16, 26, 97, 128, 64, 135,
       160, 47, 60, 241, 250, 253, 165, 250, 218, 91, 251, 124, 26, 28,
       255, 93, 56, 191, 91, 23, 157, 147, 122, 186, 242, 95, 221, 159,
       238, 223, 197, 211, 135, 116, 122, 155, 164, 66, 46, 119, 202, 41,
       170, 186, 76, 30, 147, 97, 90, 245, 213, 236, 226, 73, 247, 145,
       72, 145, 167, 103, 6, 200, 113, 43, 19, 185, 197, 67, 77, 20, 26,
       110, 53, 117, 64, 254, 198, 115, 9, 148, 245, 122, 236, 6, 238,
       237, 176, 101, 143, 230, 237, 160, 0, 111, 186, 120, 12, 65, 43,
       157, 101, 172, 46, 101, 183, 234, 185, 186, 76, 247, 33, 193, 58,
       133, 102, 108, 12, 217, 248, 211, 32, 236, 255, 117, 16, 200, 250,
       195, 40, 94, 184, 58, 186, 27, 241, 155, 192, 159, 69, 140, 171,
       172, 223, 98, 8, 235, 187, 187, 209, 26, 11, 186, 243, 219, 213,
       154, 123, 150, 15, 37, 114, 94, 90, 243, 101, 3, 118, 59, 210, 37,
       238, 222, 167, 9, 191, 231, 254, 102, 253, 253, 192, 141, 145,
       181, 200, 211, 239, 171, 135, 163, 245, 37, 127, 89, 57, 219, 165,
       83, 106, 59, 83, 56, 228, 126, 166, 61, 54, 67, 216, 102, 253,
       132, 144, 1, 154, 181, 74, 212, 229, 47, 162, 173, 112, 47, 251,
       191, 70, 102, 37, 70, 10, 110, 112, 113, 226, 242, 199, 99, 41,
       149, 85, 124, 228, 21, 239, 232, 182, 69, 142, 54, 106, 229, 128,
       111, 191, 114, 28, 2, 160, 158, 217, 224, 233, 185, 7, 190, 29,
       81, 16, 140, 131, 96, 76, 131, 11, 35, 152, 18, 92, 130, 209, 76,
       144, 26, 107, 144, 0, 133, 169, 24, 220, 61, 172, 126, 71, 156,
       127, 22, 234, 152, 111, 61, 63, 33, 97, 239, 241, 159, 161, 237,
