%YAML:1.0
---
descriptors: !!opencv-matrix
   rows: 22
   cols: 32
   dt: u
   data: [ 64, 29, 159, 245, 168, 110, 53, 55, 172, 155, 74, 96, 212, 55,
       1, 107, 133, 119, 125, 16, 17, 201, 83, 40, 205, 166, 126, 0, 136,
       114, 165, 59, 202, 186, 156, 122, 169, 253, 20, 143, 155, 31, 165,
       57, 174, 251, 102, 155, 131, 115, 233, 16, 54, 79, 202, 51, 219,
       211, 85, 123, 210, 68, 143, 11, 252, 88, 254, 244, 108, 44, 125,
       20, 169, 154, 182, 58, 127, 63, 133, 123, 231, 245, 125, 234, 168,
       71, 227, 224, 215, 251, 242, 152, 167, 241, 99, 43, 3, 162, 21,
       155, 252, 137, 168, 159, 30, 57, 80, 253, 189, 130, 216, 128, 207,
       11, 115, 29, 147, 88, 75, 213, 12, 16, 62, 236, 156, 136, 137,
       185, 61, 85, 57, 238, 189, 15, 86, 248, 109, 232, 253, 76, 223,
       93, 9, 48, 220, 213, 92, 122, 201, 34, 121, 142, 251, 221, 39, 60,
       90, 187, 67, 51, 109, 117, 153, 228, 172, 15, 95, 184, 59, 234,
       191, 104, 223, 119, 201, 48, 149, 221, 125, 122, 201, 67, 217, 58,
       251, 223, 101, 188, 72, 243, 67, 33, 1, 176, 185, 243, 236, 173,
       249, 159, 207, 59, 57, 120, 157, 185, 216, 42, 135, 27, 127, 25,
       147, 120, 235, 211, 207, 223, 63, 246, 220, 202, 129, 161, 72, 28,
       57, 245, 48, 239, 121, 55, 61, 235, 126, 61, 191, 63, 0, 112, 134,
       63, 253, 1, 177, 184, 113, 206, 199, 255, 50, 146, 2, 192, 7, 123,
       72, 244, 24, 187, 57, 205, 17, 191, 30, 57, 44, 24, 190, 23, 72,
       16, 133, 27, 238, 0, 83, 40, 91, 55, 239, 213, 48, 59, 88, 8, 135,
       59, 125, 239, 140, 37, 157, 15, 70, 186, 107, 190, 170, 72, 211,
       97, 91, 146, 145, 196, 108, 124, 76, 96, 195, 34, 253, 255, 101,
       116, 224, 113, 90, 0, 105, 125, 24, 101, 184, 143, 92, 55, 123,
       168, 174, 72, 159, 51, 1, 48, 134, 63, 92, 8, 200, 250, 209, 30,
       231, 253, 52, 48, 72, 224, 75, 9, 70, 160, 150, 156, 95, 139, 162,
       232, 190, 176, 128, 3, 236, 226, 107, 199, 177, 109, 234, 177, 38,
       65, 138, 221, 156, 6, 207, 47, 0, 36, 43, 134, 50, 32, 86, 168,
       107, 11, 152, 104, 175, 160, 240, 139, 14, 138, 36, 144, 254, 157,
       127, 33, 4, 131, 67, 220, 144, 208, 75, 187, 20, 40, 43, 131, 74,
       189, 59, 246, 49, 236, 57, 39, 189, 9, 91, 49, 188, 191, 32, 112,
       134, 59, 255, 1, 51, 153, 18, 199, 199, 247, 26, 195, 0, 64, 135,
       59, 18, 96, 84, 161, 10, 11, 184, 64, 44, 49, 210, 171, 143, 10,
       0, 200, 238, 157, 255, 145, 0, 154, 65, 192, 148, 225, 58, 147,
       37, 8, 41, 137, 118, 227, 196, 130, 61, 9, 130, 168, 15, 176, 185,
       239, 194, 200, 77, 134, 216, 197, 236, 119, 78, 99, 207, 145, 152,
       16, 141, 127, 93, 46, 90, 4, 73, 61, 26, 245, 177, 205, 116, 55,
       237, 137, 106, 24, 190, 179, 0, 240, 132, 55, 92, 0, 65, 249, 144,
       204, 231, 253, 20, 18, 74, 0, 139, 11, 82, 121, 23, 254, 3, 204,
       52, 103, 173, 1, 106, 16, 190, 151, 32, 245, 162, 51, 234, 0, 66,
       137, 146, 237, 177, 240, 94, 11, 0, 16, 167, 43, 103, 89, 251,
       250, 236, 229, 255, 212, 139, 89, 189, 122, 252, 223, 252, 42,
       206, 243, 223, 211, 211, 99, 186, 241, 119, 89, 110, 250, 148,
       159, 167, 115, 191, 69, 80, 227, 231, 56, 238, 135, 105, 2, 187,
       242, 143, 10, 157, 222, 107, 195, 159, 239, 248, 180, 77, 226,
       182, 216, 142, 130, 39, 223, 249, 132, 231, 253, 121, 250, 236,
       229, 223, 244, 203, 90, 185, 250, 252, 255, 253, 50, 223, 243, 95,
       219, 243, 39, 186, 243, 251, 89, 175, 250, 148, 251, 163, 249,
       159, 79, 113, 227, 230, 40, 254, 151, 121, 2, 59, 242, 221, 43,
       157, 79, 111, 199, 23, 235, 249, 52, 77, 226, 166, 252, 174, 132,
       175, 223, 209, 1 ]
keypoints: !!opencv-matrix
   rows: 22
   cols: 2
   dt: d
   data: [ 310., 136., 1.8480000305175781e+02, 2.4600001525878906e+02,
       1.1280000305175781e+02, 2.3880000305175781e+02,
       2.9760000610351562e+02, 162., 1.1280000305175781e+02,
       1.7880000305175781e+02, 1.0800000762939453e+02,
       1.7520001220703125e+02, 1.1232000732421875e+02,
       2.4624000549316406e+02, 1.0656000518798828e+02,
       1.6848001098632812e+02, 2.0563201904296875e+02,
       2.4364802551269531e+02, 1.0368000793457031e+02,
       1.8144001770019531e+02, 1.0886401367187500e+02,
       1.7625601196289062e+02, 8.2944007873535156e+01,
       1.7625601196289062e+02, 8.4672004699707031e+01,
       1.7107202148437500e+02, 1.0540801239013672e+02,
       1.6934400939941406e+02, 8.5017608642578125e+01,
       1.7003521728515625e+02, 6.8428810119628906e+01,
       1.7625602722167969e+02, 1.0990081787109375e+02,
       1.7625602722167969e+02, 1.0948610687255859e+02,
       1.7667076110839844e+02, 1.7020114135742188e+02,
       1.1346742248535156e+02, 2.4723954772949219e+02,
       1.1107863616943359e+02, 1.6840954589843750e+02,
       1.1466181945800781e+02, 2.5798910522460938e+02,
       1.1466181945800781e+02 ]
