%YAML:1.0
---
descriptors: !!opencv-matrix
   rows: 36
   cols: 32
   dt: u
   data: [ 106, 138, 230, 30, 237, 248, 248, 199, 235, 87, 38, 149, 42,
       168, 246, 223, 163, 34, 234, 20, 182, 109, 166, 227, 10, 127, 82,
       75, 198, 196, 238, 94, 34, 173, 17, 170, 217, 133, 182, 239, 30,
       1, 105, 75, 164, 211, 108, 0, 221, 27, 3, 17, 82, 26, 74, 245,
       189, 148, 30, 106, 144, 10, 135, 138, 240, 72, 207, 188, 78, 8,
       109, 132, 249, 146, 178, 90, 127, 34, 5, 91, 106, 229, 108, 234,
       105, 71, 199, 226, 148, 170, 254, 24, 37, 113, 98, 40, 88, 188,
       184, 122, 169, 237, 21, 143, 187, 63, 172, 25, 174, 183, 66, 26,
       133, 83, 237, 16, 26, 73, 218, 113, 219, 211, 93, 123, 210, 68,
       135, 107, 13, 164, 221, 241, 236, 169, 233, 27, 126, 51, 61, 216,
       157, 163, 216, 42, 35, 15, 110, 28, 51, 124, 239, 211, 204, 159,
       119, 100, 220, 200, 195, 160, 21, 103, 196, 69, 48, 26, 110, 184,
       116, 168, 126, 228, 83, 96, 153, 116, 54, 76, 36, 110, 205, 176,
       237, 14, 166, 238, 37, 132, 110, 179, 88, 5, 246, 88, 150, 140,
       109, 86, 86, 104, 185, 142, 242, 11, 78, 254, 39, 223, 248, 245,
       239, 227, 76, 71, 146, 200, 145, 178, 207, 31, 0, 63, 126, 71, 34,
       160, 149, 185, 120, 9, 184, 237, 31, 51, 241, 249, 236, 255, 44,
       25, 223, 27, 127, 21, 50, 91, 75, 213, 156, 62, 94, 254, 212, 8,
       163, 139, 127, 67, 101, 5, 54, 26, 78, 184, 69, 224, 94, 238, 203,
       104, 159, 230, 54, 196, 252, 239, 205, 176, 109, 140, 38, 111,
       165, 148, 111, 191, 88, 117, 226, 184, 163, 186, 205, 236, 176,
       199, 187, 95, 144, 223, 174, 188, 118, 11, 205, 179, 255, 145,
       191, 111, 146, 243, 31, 114, 222, 251, 207, 76, 183, 95, 72, 188,
       189, 245, 112, 239, 113, 55, 57, 235, 126, 125, 191, 63, 0, 16,
       135, 191, 255, 0, 185, 216, 209, 142, 207, 255, 58, 130, 136, 192,
       7, 59, 77, 79, 123, 101, 36, 14, 111, 180, 105, 200, 126, 108,
       243, 97, 145, 115, 150, 100, 108, 110, 201, 176, 225, 40, 230,
       249, 37, 128, 74, 179, 67, 97, 73, 15, 123, 101, 116, 14, 111, 48,
       105, 200, 126, 100, 255, 99, 144, 112, 54, 236, 28, 110, 193, 184,
       37, 108, 230, 255, 39, 128, 72, 178, 97, 41, 2, 160, 149, 153,
       106, 9, 184, 75, 62, 49, 240, 250, 172, 26, 0, 73, 238, 25, 127,
       1, 3, 122, 67, 213, 156, 50, 90, 246, 20, 8, 33, 169, 38, 33, 146,
       129, 221, 127, 178, 73, 14, 189, 185, 27, 204, 156, 78, 140, 249,
       157, 203, 51, 22, 115, 89, 208, 29, 20, 143, 127, 193, 79, 223,
       198, 3, 184, 151, 187, 169, 181, 184, 215, 174, 89, 154, 116, 172,
       254, 102, 234, 231, 51, 255, 17, 151, 73, 178, 241, 143, 219, 126,
       250, 154, 68, 161, 223, 74, 248, 183, 184, 47, 213, 184, 199, 143,
       89, 148, 31, 172, 254, 100, 174, 239, 51, 255, 145, 19, 75, 178,
       241, 153, 81, 222, 251, 154, 12, 175, 255, 163, 166, 234, 26, 253,
       177, 188, 199, 223, 95, 124, 191, 40, 232, 254, 173, 253, 107,
       179, 21, 182, 126, 174, 243, 62, 95, 156, 235, 223, 92, 250, 207,
       73, 79, 123, 101, 116, 14, 111, 180, 104, 200, 126, 108, 243, 33,
       145, 115, 150, 100, 76, 110, 201, 176, 225, 44, 230, 249, 37, 128,
       74, 178, 67, 105, 1, 75, 127, 229, 116, 14, 111, 52, 109, 200,
       126, 100, 247, 35, 144, 112, 22, 100, 28, 110, 193, 184, 101, 77,
       230, 189, 32, 128, 72, 162, 99, 41, 195, 158, 151, 157, 48, 172,
       48, 55, 188, 11, 211, 112, 188, 51, 128, 238, 199, 55, 110, 0, 49,
       220, 67, 199, 140, 246, 122, 210, 138, 8, 1, 45, 177, 142, 205,
       117, 150, 43, 237, 63, 116, 179, 246, 254, 243, 33, 144, 59, 127,
       230, 108, 172, 185, 254, 101, 14, 236, 175, 245, 208, 237, 232,
       210, 169, 242, 120, 191, 114, 45, 253, 159, 80, 137, 253, 181,
       127, 62, 157, 118, 59, 142, 241, 221, 87, 173, 111, 58, 224, 219,
       91, 120, 251, 207, 15, 214, 127, 66, 148, 151, 223, 33, 172, 49,
       55, 188, 27, 111, 84, 188, 247, 40, 247, 165, 51, 234, 0, 179,
       201, 147, 231, 141, 182, 90, 66, 10, 64, 165, 59, 231, 127, 191,
       242, 237, 173, 159, 209, 137, 91, 189, 127, 124, 221, 253, 59,
       143, 243, 223, 83, 243, 103, 42, 225, 115, 90, 108, 250, 207, 127,
       195, 115, 186, 69, 112, 228, 183, 126, 222, 70, 73, 4, 252, 147,
       15, 31, 63, 132, 254, 211, 149, 227, 236, 182, 16, 238, 179, 217,
       138, 135, 103, 255, 253, 71, 186, 85, 112, 229, 247, 118, 94, 215,
       89, 70, 124, 179, 15, 31, 54, 180, 255, 219, 149, 231, 252, 180,
       53, 238, 227, 221, 142, 135, 103, 221, 252, 215, 66, 148, 159,
       222, 27, 244, 49, 35, 190, 83, 207, 16, 188, 247, 40, 111, 225,
       19, 251, 16, 51, 201, 178, 247, 219, 182, 90, 75, 146, 64, 165,
       50, 180, 239, 121, 99, 84, 15, 71, 252, 82, 172, 180, 76, 83, 65,
       193, 16, 24, 220, 69, 122, 104, 178, 233, 62, 127, 137, 37, 116,
       97, 186, 70, 168, 231, 255, 191, 250, 236, 165, 159, 217, 155, 90,
       153, 123, 252, 255, 253, 43, 159, 115, 255, 119, 243, 103, 170,
       226, 123, 91, 111, 186, 220, 127, 163, 115, 231, 223, 125, 250,
       236, 164, 223, 182, 219, 90, 185, 252, 252, 255, 253, 51, 151, 83,
       85, 247, 243, 103, 138, 243, 250, 223, 239, 254, 156, 243, 131,
       121, 190, 77, 120, 243, 183, 126, 94, 247, 25, 6, 248, 27, 15, 62,
       55, 157, 255, 211, 149, 227, 252, 182, 24, 238, 179, 223, 158,
       135, 247, 221, 255, 71, 153, 74, 206, 53, 7, 250, 101, 6, 246, 54,
       230, 146, 171, 161, 19, 207, 105, 236, 234, 14, 104, 252, 231, 34,
       196, 227, 242, 1, 111, 253, 88, 200, 49, 181, 74, 11, 84, 159,
       194, 248, 86, 96, 249, 70, 115, 216, 190, 160, 88, 168, 22, 125,
       159, 187, 93, 31, 58, 13, 33, 68, 125, 142, 122, 156, 64, 132,
       190, 126, 9, 236, 48, 35, 251, 23, 43, 16, 174, 242, 12, 123, 161,
       39, 104, 0, 50, 105, 146, 99, 201, 254, 82, 91, 192, 64, 167, 42,
       66, 108, 159, 222, 107, 208, 61, 103, 172, 7, 238, 177, 172, 247,
       36, 82, 166, 51, 235, 128, 66, 207, 162, 225, 247, 246, 94, 139,
       0, 80, 165, 123 ]
keypoints: !!opencv-matrix
   rows: 36
   cols: 2
   dt: d
   data: [ 65., 104., 9.8400001525878906e+01, 2.5560000610351562e+02,
       2.2920001220703125e+02, 2.4360000610351562e+02,
       2.9808001708984375e+02, 2.5056001281738281e+02,
       2.2896000671386719e+02, 2.5056001281738281e+02,
       2.5200001525878906e+02, 2.4768000793457031e+02,
       1.6416000366210938e+02, 2.4768000793457031e+02,
       2.0016000366210938e+02, 1.7424000549316406e+02,
       5.1840003967285156e+01, 144., 6.4800003051757812e+01,
       1.0224000549316406e+02, 2.2320001220703125e+02,
       1.7280000305175781e+02, 6.7392005920410156e+01,
       1.4342401123046875e+02, 6.3936004638671875e+01,
       1.4688002014160156e+02, 2.0044801330566406e+02,
       1.7452801513671875e+02, 1.6416001892089844e+02,
       2.3846401977539062e+02, 6.4281608581542969e+01,
       9.7459213256835938e+01, 6.4281608581542969e+01,
       1.0160641479492188e+02, 8.2944015502929688e+01,
       1.1404801940917969e+02, 6.8428810119628906e+01,
       1.4307841491699219e+02, 6.4281608581542969e+01,
       1.4722561645507812e+02, 2.0736003112792969e+02,
       1.7625602722167969e+02, 7.9626258850097656e+01,
       8.2114578247070312e+01, 1.1695106506347656e+02,
       1.1197442626953125e+02, 2.0901893615722656e+02,
       1.7667076110839844e+02, 1.1645340728759766e+02,
       1.1048143768310547e+02, 2.1499090576171875e+02,
       1.1048143768310547e+02, 2.2394885253906250e+02,
       1.1346742248535156e+02, 2.0603295898437500e+02,
       1.7318711853027344e+02, 1.8513105773925781e+02,
       1.7915908813476562e+02, 1.1466181945800781e+02,
       1.1107863616943359e+02, 1.3257772827148438e+02,
       1.1107863616943359e+02, 2.1857409667968750e+02,
       1.1107863616943359e+02, 1.3616090393066406e+02,
       1.4332727050781250e+02, 1.7199273681640625e+02,
       1.7557591247558594e+02, 2.0424136352539062e+02,
       1.8274227905273438e+02, 2.2215727233886719e+02,
       1.8274227905273438e+02 ]
