%YAML:1.0
---
descriptors: !!opencv-matrix
   rows: 43
   cols: 32
   dt: u
   data: [ 19, 91, 123, 225, 50, 222, 187, 118, 45, 72, 90, 231, 188,
       159, 165, 96, 182, 61, 159, 199, 193, 153, 48, 236, 183, 253, 42,
       130, 12, 151, 37, 241, 9, 13, 222, 229, 84, 142, 110, 50, 124,
       128, 110, 66, 253, 179, 176, 112, 118, 125, 58, 234, 224, 153,
       129, 238, 253, 175, 238, 0, 42, 242, 97, 168, 77, 75, 29, 103, 36,
       14, 111, 180, 109, 168, 126, 100, 243, 97, 145, 115, 150, 100,
       108, 110, 201, 176, 233, 44, 230, 251, 101, 128, 72, 179, 67, 33,
       198, 164, 145, 158, 222, 161, 172, 173, 154, 179, 25, 154, 236,
       234, 88, 75, 147, 111, 123, 177, 50, 71, 142, 223, 172, 22, 223,
       188, 148, 112, 147, 128, 246, 88, 150, 174, 13, 86, 86, 232, 185,
       142, 227, 11, 78, 254, 47, 223, 248, 245, 237, 227, 108, 199, 155,
       234, 179, 242, 207, 31, 34, 63, 124, 86, 226, 184, 170, 146, 139,
       253, 145, 23, 187, 95, 150, 191, 170, 188, 86, 42, 205, 179, 255,
       145, 191, 111, 242, 227, 95, 118, 220, 251, 207, 76, 214, 95, 133,
       166, 221, 241, 236, 169, 233, 27, 126, 179, 51, 90, 157, 227, 216,
       43, 35, 15, 110, 24, 51, 124, 239, 210, 204, 151, 119, 100, 204,
       200, 195, 160, 29, 103, 68, 71, 176, 26, 110, 184, 116, 168, 127,
       228, 211, 96, 153, 244, 54, 76, 36, 110, 201, 176, 109, 14, 166,
       174, 37, 132, 110, 243, 72, 5, 98, 184, 171, 250, 205, 236, 177,
       215, 187, 91, 144, 61, 188, 188, 118, 10, 141, 179, 251, 17, 151,
       111, 178, 243, 223, 50, 222, 251, 221, 76, 151, 127, 85, 165, 145,
       225, 178, 46, 108, 159, 59, 161, 107, 80, 223, 51, 200, 252, 183,
       31, 60, 56, 51, 216, 145, 66, 172, 222, 55, 70, 168, 192, 131, 33,
       38, 177, 176, 129, 223, 111, 240, 73, 31, 189, 185, 27, 206, 28,
       94, 136, 187, 157, 223, 51, 22, 115, 89, 214, 29, 28, 15, 119,
       197, 15, 223, 198, 217, 15, 150, 53, 168, 58, 4, 171, 252, 178,
       138, 80, 207, 96, 129, 251, 243, 102, 108, 44, 109, 237, 195, 10,
       184, 247, 119, 20, 138, 224, 137, 13, 74, 188, 183, 154, 239, 237,
       177, 215, 139, 91, 152, 63, 188, 255, 100, 174, 175, 59, 255, 145,
       147, 107, 146, 241, 157, 18, 222, 251, 158, 76, 183, 251, 124,
       235, 148, 99, 189, 31, 82, 184, 199, 188, 190, 77, 195, 105, 93,
       150, 216, 196, 236, 126, 78, 99, 203, 188, 171, 216, 5, 127, 218,
       191, 90, 6, 34, 160, 197, 153, 106, 11, 184, 75, 47, 49, 210, 235,
       172, 30, 132, 73, 238, 157, 127, 21, 2, 218, 67, 213, 156, 48,
       218, 198, 4, 8, 35, 169, 73, 79, 123, 101, 52, 14, 111, 180, 105,
       232, 126, 108, 243, 33, 145, 115, 146, 100, 108, 110, 201, 176,
       237, 40, 230, 249, 37, 128, 74, 179, 66, 105, 212, 120, 189, 118,
       40, 108, 85, 156, 240, 250, 166, 24, 247, 247, 65, 123, 33, 244,
       108, 10, 105, 103, 187, 32, 209, 171, 113, 28, 96, 241, 6, 43,
       245, 174, 239, 36, 158, 35, 79, 255, 82, 226, 156, 254, 115, 225,
       178, 119, 127, 198, 124, 175, 249, 239, 141, 30, 248, 14, 229,
       180, 237, 248, 250, 24, 89, 187, 187, 186, 169, 141, 27, 147, 238,
       77, 158, 68, 190, 254, 66, 96, 231, 55, 125, 21, 151, 9, 186, 243,
       249, 253, 62, 218, 152, 2, 161, 123, 66, 248, 191, 216, 175, 213,
       185, 214, 143, 89, 156, 55, 188, 255, 96, 174, 239, 59, 251, 145,
       19, 75, 178, 241, 155, 81, 222, 251, 154, 12, 173, 255, 138, 184,
       191, 184, 207, 245, 185, 223, 158, 95, 20, 55, 188, 255, 96, 47,
       239, 51, 251, 145, 179, 79, 178, 241, 95, 83, 222, 235, 158, 76,
       167, 251, 186, 64, 114, 232, 37, 90, 218, 64, 169, 4, 176, 11,
       142, 158, 55, 214, 234, 149, 159, 227, 76, 167, 80, 192, 147, 248,
       138, 187, 55, 31, 127, 78, 1, 75, 127, 69, 116, 10, 111, 52, 109,
       200, 126, 100, 243, 3, 149, 112, 118, 100, 22, 110, 193, 184, 101,
       109, 102, 188, 32, 128, 76, 178, 98, 41, 66, 148, 23, 250, 19,
       236, 185, 3, 190, 31, 75, 17, 172, 255, 40, 76, 167, 51, 251, 17,
       51, 141, 146, 247, 205, 182, 26, 203, 128, 0, 165, 187, 33, 233,
       105, 67, 116, 203, 231, 252, 112, 224, 124, 72, 51, 81, 145, 48,
       88, 232, 22, 110, 203, 186, 108, 63, 124, 140, 37, 32, 125, 155,
       82, 232, 138, 188, 191, 250, 239, 229, 184, 87, 159, 91, 81, 119,
       188, 191, 100, 43, 239, 59, 183, 145, 179, 94, 186, 209, 223, 91,
       254, 234, 154, 76, 165, 251, 114, 64, 114, 168, 77, 89, 254, 64,
       173, 6, 177, 11, 142, 158, 39, 214, 234, 145, 223, 227, 76, 39,
       80, 192, 151, 208, 138, 59, 23, 31, 127, 198, 26, 248, 175, 154,
       79, 209, 185, 196, 143, 85, 149, 163, 172, 223, 111, 14, 239, 57,
       251, 209, 2, 7, 186, 241, 223, 85, 154, 251, 151, 31, 55, 250,
       105, 107, 123, 101, 116, 10, 111, 180, 104, 232, 126, 108, 243,
       33, 145, 49, 18, 236, 116, 110, 201, 184, 225, 44, 230, 249, 101,
       128, 110, 178, 82, 57, 33, 253, 97, 75, 212, 223, 230, 253, 69,
       224, 120, 78, 115, 80, 148, 164, 120, 168, 18, 110, 219, 186, 125,
       191, 44, 12, 165, 96, 127, 158, 210, 188, 67, 148, 151, 223, 49,
       172, 49, 55, 188, 27, 79, 84, 188, 247, 40, 238, 165, 51, 251, 0,
       179, 201, 19, 231, 141, 182, 90, 66, 138, 64, 161, 59, 188, 235,
       120, 103, 84, 139, 71, 252, 82, 164, 244, 8, 115, 69, 211, 48, 24,
       220, 68, 122, 202, 186, 237, 62, 255, 205, 37, 116, 101, 187, 86,
       168, 182, 17, 122, 224, 101, 76, 249, 64, 41, 4, 185, 11, 30, 31,
       60, 16, 234, 145, 31, 241, 8, 39, 80, 192, 211, 217, 138, 87, 101,
       10, 103, 226, 182, 64, 122, 160, 7, 85, 88, 96, 41, 4, 185, 11,
       15, 30, 47, 208, 250, 153, 159, 227, 76, 167, 16, 200, 147, 209,
       138, 55, 53, 46, 126, 70, 231, 127, 191, 210, 237, 173, 159, 209,
       139, 91, 185, 125, 124, 253, 253, 59, 143, 243, 223, 83, 243, 103,
       170, 224, 115, 90, 110, 250, 207, 95, 195, 115, 186, 69, 112, 228,
       167, 122, 222, 103, 73, 4, 253, 155, 15, 31, 63, 148, 254, 211,
       149, 227, 236, 182, 16, 206, 179, 217, 138, 135, 119, 255, 237,
       71, 186, 85, 112, 229, 183, 114, 94, 151, 25, 102, 254, 179, 15,
       31, 22, 180, 127, 211, 149, 239, 252, 180, 117, 238, 227, 217,
       140, 135, 103, 253, 252, 215, 88, 157, 23, 254, 147, 228, 55, 231,
       172, 17, 106, 2, 60, 247, 40, 240, 231, 19, 153, 192, 115, 137,
       26, 127, 249, 231, 30, 74, 58, 66, 165, 59, 231, 255, 191, 250,
       236, 165, 159, 217, 155, 90, 145, 123, 252, 255, 253, 43, 191,
       115, 255, 119, 243, 103, 170, 226, 251, 90, 111, 190, 220, 251,
       163, 115, 190, 76, 120, 246, 167, 118, 94, 247, 25, 6, 248, 19,
       79, 63, 63, 153, 255, 215, 149, 227, 252, 182, 89, 238, 179, 255,
       158, 135, 119, 253, 254, 79, 254, 79, 112, 227, 230, 40, 254, 151,
       57, 2, 187, 243, 143, 42, 149, 212, 127, 215, 159, 227, 252, 182,
       77, 234, 182, 252, 142, 147, 103, 223, 251, 5, 218, 205, 87, 254,
       27, 194, 31, 237, 133, 0, 200, 163, 105, 247, 160, 213, 114, 243,
       169, 226, 120, 139, 14, 253, 241, 226, 206, 27, 55, 182, 165, 58,
       49, 181, 74, 11, 84, 159, 194, 248, 86, 224, 249, 71, 115, 88,
       190, 160, 88, 168, 22, 125, 159, 187, 93, 31, 58, 13, 33, 84, 125,
       142, 120, 156 ]
