%YAML:1.0
---
descriptors: !!opencv-matrix
   rows: 32
   cols: 32
   dt: u
   data: [ 246, 64, 150, 156, 77, 70, 86, 104, 185, 142, 163, 11, 78,
       222, 47, 223, 248, 245, 239, 227, 108, 71, 154, 202, 145, 50, 207,
       31, 1, 63, 110, 6, 133, 164, 221, 241, 236, 169, 233, 27, 254, 51,
       49, 216, 157, 129, 216, 11, 163, 15, 110, 24, 51, 116, 207, 210,
       76, 155, 119, 100, 220, 200, 195, 161, 234, 248, 188, 122, 169,
       253, 20, 142, 155, 63, 164, 25, 174, 255, 66, 27, 129, 115, 233,
       16, 98, 79, 218, 49, 203, 211, 93, 123, 210, 84, 143, 11, 5, 166,
       157, 241, 236, 169, 169, 155, 238, 51, 57, 88, 157, 163, 216, 42,
       163, 11, 110, 28, 19, 124, 235, 211, 204, 159, 127, 244, 220, 200,
       195, 161, 96, 216, 152, 126, 25, 205, 18, 130, 143, 73, 40, 12,
       190, 246, 65, 112, 133, 123, 248, 0, 7, 14, 218, 51, 167, 245, 16,
       59, 152, 8, 15, 27, 29, 71, 196, 103, 48, 26, 110, 184, 117, 168,
       127, 228, 83, 96, 153, 241, 54, 204, 36, 110, 237, 240, 205, 46,
       174, 239, 101, 132, 111, 243, 88, 1, 240, 72, 223, 188, 78, 8,
       109, 84, 249, 146, 178, 90, 127, 163, 1, 91, 106, 229, 108, 234,
       105, 103, 195, 226, 212, 170, 254, 24, 45, 241, 98, 40, 6, 165,
       18, 129, 221, 111, 176, 201, 46, 181, 155, 27, 204, 248, 74, 136,
       185, 155, 234, 49, 22, 115, 153, 212, 157, 20, 11, 119, 192, 79,
       141, 198, 114, 32, 113, 225, 38, 104, 248, 65, 233, 160, 184, 139,
       143, 11, 85, 26, 170, 149, 85, 153, 10, 36, 134, 192, 151, 216,
       138, 171, 101, 131, 67, 6, 45, 93, 21, 238, 57, 143, 86, 176, 205,
       136, 251, 104, 255, 115, 161, 240, 214, 113, 92, 98, 73, 161, 89,
       63, 163, 255, 37, 18, 90, 187, 64, 3, 229, 224, 132, 38, 173, 15,
       70, 152, 107, 250, 161, 76, 214, 192, 89, 179, 153, 196, 108, 111,
       207, 103, 219, 57, 185, 218, 69, 60, 88, 59, 90, 4, 240, 66, 78,
       156, 78, 10, 109, 32, 233, 150, 178, 223, 99, 98, 21, 91, 104,
       229, 110, 227, 104, 103, 199, 200, 180, 34, 238, 17, 37, 49, 116,
       32, 82, 157, 62, 190, 59, 192, 53, 103, 172, 21, 200, 179, 172,
       183, 34, 64, 166, 51, 251, 129, 114, 9, 146, 231, 241, 52, 30, 11,
       16, 4, 165, 251, 73, 158, 149, 189, 56, 188, 48, 55, 60, 11, 210,
       112, 191, 50, 128, 243, 199, 55, 108, 0, 57, 204, 195, 15, 140,
       247, 122, 146, 136, 0, 9, 11, 66, 189, 151, 247, 49, 204, 52, 39,
       253, 9, 74, 16, 190, 178, 0, 246, 164, 55, 236, 0, 115, 217, 144,
       199, 141, 247, 30, 19, 8, 64, 135, 59, 65, 162, 149, 16, 232, 173,
       96, 23, 238, 59, 162, 88, 182, 131, 192, 27, 129, 38, 110, 28, 19,
       109, 195, 81, 156, 146, 114, 120, 200, 72, 195, 41, 58, 16, 122,
       232, 119, 84, 216, 80, 73, 76, 244, 139, 47, 31, 54, 176, 254,
       177, 151, 129, 140, 35, 52, 192, 147, 253, 138, 155, 119, 174,
       110, 87, 27, 16, 121, 225, 100, 76, 249, 48, 109, 96, 118, 194,
       159, 31, 149, 32, 238, 149, 23, 169, 217, 176, 117, 192, 199, 253,
       170, 192, 111, 138, 85, 241, 210, 125, 23, 220, 3, 204, 53, 103,
       189, 3, 98, 0, 172, 182, 33, 247, 162, 51, 249, 0, 98, 201, 178,
       237, 177, 242, 94, 11, 0, 16, 167, 42, 193, 0, 89, 225, 100, 141,
       233, 83, 237, 81, 243, 94, 157, 11, 240, 107, 110, 137, 94, 157,
       147, 52, 84, 192, 148, 152, 186, 168, 156, 136, 97, 177, 66, 80,
       115, 225, 100, 76, 233, 80, 233, 0, 177, 66, 157, 31, 117, 107,
       234, 145, 31, 137, 129, 39, 240, 192, 213, 152, 154, 56, 69, 9,
       103, 168, 195, 113, 249, 226, 230, 108, 250, 84, 105, 73, 185, 82,
       159, 27, 213, 43, 238, 211, 31, 251, 131, 38, 48, 224, 151, 216,
       58, 170, 221, 155, 163, 169, 178, 69, 122, 224, 183, 100, 223, 87,
       73, 4, 189, 19, 15, 31, 54, 16, 254, 243, 149, 227, 172, 167, 16,
       238, 243, 217, 138, 155, 103, 223, 255, 67, 179, 81, 113, 225,
       118, 14, 233, 17, 105, 104, 250, 70, 155, 27, 148, 113, 110, 141,
       31, 237, 137, 180, 117, 200, 150, 248, 170, 128, 109, 136, 113,
       177, 186, 85, 120, 226, 231, 116, 222, 87, 9, 14, 189, 155, 15,
       31, 54, 148, 239, 211, 149, 231, 252, 38, 56, 226, 179, 217, 142,
       147, 119, 223, 252, 87, 147, 85, 113, 225, 100, 108, 249, 23, 105,
       96, 123, 82, 159, 31, 148, 96, 254, 157, 23, 233, 137, 180, 117,
       202, 199, 248, 170, 128, 103, 139, 85, 241, 193, 106, 207, 181,
       76, 40, 109, 22, 232, 150, 210, 243, 177, 163, 209, 91, 107, 236,
       110, 142, 0, 246, 231, 224, 132, 162, 250, 0, 164, 241, 115, 232,
       164, 239, 121, 69, 84, 75, 71, 252, 83, 172, 244, 106, 115, 69,
       152, 53, 28, 220, 70, 106, 233, 178, 109, 62, 127, 136, 37, 116,
       119, 186, 214, 232, 182, 77, 120, 234, 181, 108, 223, 199, 25, 6,
       189, 27, 15, 63, 63, 17, 239, 211, 151, 227, 248, 175, 88, 238,
       243, 221, 158, 155, 245, 219, 247, 75, 246, 77, 112, 226, 231,
       120, 254, 135, 121, 38, 185, 187, 143, 46, 151, 148, 239, 211,
       223, 227, 252, 46, 204, 226, 182, 252, 158, 187, 103, 223, 255,
       15, 179, 69, 113, 227, 228, 46, 238, 151, 105, 66, 251, 82, 155,
       27, 148, 228, 111, 199, 31, 239, 249, 180, 125, 226, 182, 216,
       174, 128, 111, 219, 241, 160, 190, 221, 120, 242, 183, 125, 222,
       247, 25, 7, 189, 155, 79, 127, 63, 25, 255, 219, 149, 227, 252,
       190, 120, 226, 243, 223, 158, 147, 247, 223, 220, 79 ]
keypoints: !!opencv-matrix
   rows: 32
   cols: 2
   dt: d
   data: [ 1.2720000457763672e+02, 2.4600001525878906e+02, 192.,
       2.4840000915527344e+02, 2.6280001831054688e+02,
       2.4960000610351562e+02, 1.9296000671386719e+02,
       2.4912001037597656e+02, 2.8944000244140625e+02,
       2.4624000549316406e+02, 2.1888000488281250e+02,
       2.4624000549316406e+02, 1.9296000671386719e+02,
       2.4048001098632812e+02, 1.2816000366210938e+02,
       2.3760000610351562e+02, 1.6272000122070312e+02,
       1.5696000671386719e+02, 6.9120010375976562e+01,
       2.3500802612304688e+02, 1.8835202026367188e+02,
       1.8835202026367188e+02, 9.5040008544921875e+01,
       1.5033601379394531e+02, 1.8869763183593750e+02,
       1.7210882568359375e+02, 1.7418241882324219e+02,
       1.7625602722167969e+02, 1.8247682189941406e+02,
       1.7625602722167969e+02, 2.4468482971191406e+02,
       2.3224322509765625e+02, 1.9906564331054688e+02,
       1.1197442626953125e+02, 2.9611013793945312e+02,
       1.1446274566650391e+02, 1.8911236572265625e+02,
       1.7915908813476562e+02, 1.5527120971679688e+02,
       1.0152348327636719e+02, 1.7318711853027344e+02,
       1.0450946807861328e+02, 1.6422915649414062e+02,
       1.0749545288085938e+02, 1.9408901977539062e+02,
       1.1048143768310547e+02, 2.8665454101562500e+02,
       1.1048143768310547e+02, 2.0603295898437500e+02,
       1.1346742248535156e+02, 2.9561248779296875e+02,
       1.1346742248535156e+02, 9.5551513671875000e+01,
       1.4929924011230469e+02, 1.4631326293945312e+02,
       1.7617309570312500e+02, 1.9707499694824219e+02,
       1.1107863616943359e+02, 2.4007318115234375e+02,
       1.1107863616943359e+02, 2.8665454101562500e+02,
       1.1107863616943359e+02, 2.0782455444335938e+02,
       1.1466181945800781e+02 ]
