%YAML:1.0
---
descriptors: !!opencv-matrix
   rows: 59
   cols: 32
   dt: u
   data: [ 56, 248, 50, 232, 57, 221, 80, 246, 169, 12, 160, 9, 47, 159,
       96, 145, 166, 185, 213, 64, 78, 43, 16, 189, 211, 209, 0, 123,
       114, 21, 14, 75, 123, 48, 245, 204, 61, 31, 217, 25, 91, 237, 181,
       185, 78, 253, 150, 60, 150, 149, 245, 5, 148, 235, 163, 221, 155,
       123, 81, 255, 71, 172, 214, 87, 75, 240, 252, 244, 39, 210, 89,
       24, 251, 252, 86, 161, 253, 223, 214, 246, 150, 125, 181, 236,
       198, 212, 191, 221, 203, 251, 233, 135, 38, 164, 73, 117, 161,
       227, 117, 73, 244, 159, 239, 245, 125, 56, 116, 116, 152, 3, 148,
       53, 174, 10, 70, 124, 243, 184, 101, 125, 44, 24, 38, 228, 91,
       144, 195, 173, 134, 142, 215, 222, 252, 171, 158, 238, 223, 179,
       240, 88, 238, 232, 44, 73, 215, 127, 106, 35, 50, 111, 11, 255,
       184, 190, 87, 126, 212, 120, 161, 129, 109, 79, 89, 103, 36, 14,
       111, 180, 101, 168, 126, 108, 211, 33, 145, 113, 18, 228, 76, 110,
       201, 176, 237, 44, 230, 249, 37, 0, 104, 187, 66, 41, 255, 124,
       254, 68, 43, 126, 87, 114, 225, 238, 174, 13, 42, 188, 135, 182,
       164, 228, 236, 110, 205, 35, 182, 170, 83, 121, 65, 59, 99, 247,
       78, 95, 31, 22, 103, 37, 50, 62, 122, 17, 61, 226, 123, 231, 207,
       46, 159, 252, 54, 45, 183, 167, 133, 144, 53, 206, 134, 239, 43,
       134, 239, 231, 9, 213, 133, 164, 221, 241, 236, 169, 233, 159,
       190, 179, 48, 216, 159, 169, 216, 43, 175, 15, 110, 24, 51, 124,
       203, 210, 204, 154, 127, 108, 204, 200, 131, 161, 23, 20, 107, 77,
       114, 126, 107, 120, 125, 194, 95, 198, 89, 158, 191, 116, 54, 141,
       23, 175, 161, 144, 53, 206, 23, 62, 138, 132, 47, 231, 117, 245,
       9, 25, 115, 69, 48, 142, 231, 55, 124, 200, 114, 96, 184, 51, 133,
       244, 166, 116, 118, 72, 193, 184, 49, 108, 103, 190, 34, 128, 74,
       160, 67, 185, 188, 80, 19, 184, 41, 205, 86, 248, 185, 10, 177,
       25, 63, 223, 40, 153, 190, 153, 213, 98, 110, 39, 26, 181, 243,
       209, 64, 59, 114, 17, 166, 131, 90, 96, 118, 104, 45, 119, 88, 24,
       235, 228, 119, 137, 15, 159, 215, 190, 134, 157, 245, 221, 140,
       36, 183, 208, 131, 249, 128, 171, 103, 151, 78, 87, 66, 189, 175,
       186, 253, 232, 185, 199, 186, 85, 152, 189, 172, 236, 118, 11,
       171, 51, 251, 17, 54, 107, 186, 241, 89, 51, 94, 123, 212, 76,
       183, 222, 212, 0, 223, 247, 108, 40, 109, 0, 185, 146, 179, 90,
       223, 235, 93, 91, 107, 197, 125, 138, 40, 71, 203, 192, 212, 186,
       251, 156, 165, 241, 99, 32, 98, 174, 254, 26, 219, 245, 185, 199,
       219, 93, 188, 23, 40, 238, 118, 90, 239, 107, 235, 149, 182, 107,
       174, 241, 31, 30, 94, 235, 209, 68, 239, 207, 106, 184, 188, 88,
       201, 249, 16, 199, 139, 95, 164, 61, 46, 191, 102, 30, 129, 179,
       235, 16, 22, 111, 242, 241, 91, 83, 84, 123, 210, 68, 206, 94, 18,
       143, 46, 187, 146, 195, 189, 231, 156, 5, 90, 179, 189, 174, 34,
       65, 231, 59, 155, 129, 118, 153, 2, 253, 233, 167, 190, 193, 53,
       0, 165, 218, 46, 165, 112, 195, 253, 127, 250, 200, 79, 245, 189,
       27, 206, 29, 94, 188, 187, 157, 223, 51, 158, 115, 121, 210, 223,
       221, 3, 119, 199, 111, 95, 198, 89, 80, 221, 101, 34, 90, 71, 184,
       113, 170, 182, 104, 91, 51, 129, 119, 50, 212, 124, 234, 73, 118,
       225, 9, 243, 235, 97, 148, 99, 241, 66, 41, 10, 185, 167, 186,
       239, 193, 185, 199, 142, 93, 144, 147, 172, 237, 114, 139, 233,
       59, 251, 17, 18, 107, 186, 241, 221, 83, 94, 235, 214, 12, 55,
       251, 114, 125, 242, 94, 91, 124, 180, 102, 233, 78, 184, 45, 40,
       252, 23, 50, 174, 243, 95, 69, 164, 43, 178, 235, 115, 62, 82,
       155, 69, 116, 103, 95, 18, 11, 63, 161, 18, 199, 185, 119, 44, 69,
       86, 131, 189, 7, 2, 32, 46, 51, 31, 141, 128, 152, 33, 77, 197,
       131, 186, 128, 37, 0, 37, 123, 253, 239, 148, 37, 168, 31, 76,
       190, 127, 186, 170, 76, 143, 32, 81, 210, 145, 196, 108, 108, 237,
       107, 195, 31, 172, 255, 101, 60, 72, 244, 203, 5, 97, 185, 149,
       121, 221, 205, 80, 175, 255, 81, 104, 24, 182, 179, 64, 240, 129,
       10, 106, 24, 51, 104, 211, 119, 141, 190, 84, 126, 216, 0, 195,
       10, 89, 185, 59, 238, 59, 157, 83, 85, 255, 77, 236, 76, 191, 223,
       98, 112, 246, 187, 220, 24, 143, 27, 184, 95, 251, 253, 34, 122,
       24, 2, 35, 123, 154, 75, 111, 245, 20, 218, 237, 55, 180, 196, 86,
       135, 161, 13, 150, 67, 106, 102, 59, 205, 237, 188, 117, 174, 102,
       107, 222, 129, 47, 140, 116, 252, 26, 184, 175, 186, 15, 213, 185,
       194, 143, 85, 149, 3, 172, 221, 98, 142, 235, 59, 251, 145, 18,
       75, 186, 241, 219, 85, 155, 251, 150, 13, 53, 251, 42, 184, 166,
       186, 79, 241, 185, 194, 206, 85, 148, 163, 172, 204, 118, 10, 239,
       123, 235, 213, 150, 107, 190, 241, 95, 81, 219, 123, 215, 13, 55,
       206, 109, 51, 219, 100, 244, 47, 243, 216, 115, 232, 124, 236, 83,
       253, 203, 58, 63, 204, 102, 126, 137, 114, 237, 10, 94, 141, 37,
       44, 235, 251, 66, 241, 105, 201, 109, 101, 116, 74, 111, 180, 96,
       224, 254, 204, 243, 1, 144, 49, 90, 228, 78, 110, 201, 176, 117,
       45, 102, 169, 101, 0, 109, 186, 82, 120, 131, 10, 151, 213, 56,
       138, 169, 55, 188, 51, 82, 244, 188, 35, 128, 239, 102, 53, 126,
       12, 177, 220, 65, 197, 140, 190, 122, 192, 140, 136, 1, 169, 33,
       31, 119, 79, 116, 139, 235, 113, 77, 72, 127, 228, 123, 69, 180,
       36, 126, 48, 22, 44, 225, 184, 101, 221, 36, 30, 34, 128, 95, 138,
       80, 249, 178, 221, 126, 252, 188, 215, 92, 255, 223, 220, 180,
       167, 52, 255, 55, 97, 215, 113, 159, 229, 231, 79, 50, 223, 251,
       27, 239, 191, 20, 184, 109, 91, 90, 185, 59, 250, 27, 213, 19, 82,
       191, 73, 137, 4, 188, 223, 96, 96, 230, 59, 253, 144, 19, 9, 186,
       243, 219, 245, 26, 251, 24, 2, 37, 123, 54, 32, 82, 128, 109, 93,
       250, 64, 173, 36, 177, 11, 142, 26, 119, 140, 234, 145, 223, 243,
       28, 35, 80, 208, 149, 144, 138, 127, 85, 15, 127, 134, 118, 66,
       112, 232, 110, 24, 254, 64, 41, 14, 177, 235, 142, 14, 151, 214,
       238, 149, 223, 227, 204, 35, 196, 192, 182, 252, 170, 187, 55,
       191, 111, 7, 173, 63, 219, 101, 240, 107, 227, 218, 114, 232, 124,
       236, 19, 165, 211, 56, 62, 204, 70, 124, 161, 242, 164, 10, 126,
       205, 37, 164, 237, 249, 66, 241, 188, 50, 234, 176, 199, 126, 120,
       65, 241, 238, 247, 191, 75, 220, 123, 155, 252, 189, 245, 183,
       188, 247, 180, 128, 219, 201, 225, 135, 231, 109, 126, 211, 105,
       201, 109, 101, 116, 10, 231, 180, 96, 160, 126, 200, 243, 1, 144,
       49, 90, 228, 86, 110, 193, 176, 117, 45, 102, 169, 36, 0, 109,
       186, 82, 168, 80, 191, 219, 101, 178, 138, 61, 247, 58, 171, 122,
       245, 61, 39, 128, 80, 39, 255, 237, 128, 113, 216, 129, 111, 252,
       166, 62, 198, 41, 208, 135, 57, 188, 212, 103, 76, 159, 119, 207,
       252, 85, 70, 236, 134, 107, 109, 63, 69, 121, 200, 131, 238, 232,
       231, 63, 255, 115, 238, 199, 12, 119, 255, 100, 254, 65, 61, 151,
       53, 169, 156, 116, 55, 239, 235, 170, 92, 190, 178, 68, 247, 128,
       39, 108, 12, 229, 249, 242, 94, 173, 250, 86, 50, 72, 64, 139, 15,
       0, 64, 121, 225, 100, 205, 233, 87, 237, 48, 176, 10, 191, 27, 81,
       3, 106, 145, 95, 8, 67, 44, 80, 192, 213, 152, 186, 56, 69, 136,
       85, 170, 190, 1, 82, 160, 55, 91, 88, 64, 45, 36, 185, 11, 14, 30,
       127, 148, 250, 153, 159, 241, 12, 183, 80, 192, 147, 208, 138,
       119, 103, 15, 127, 6, 118, 66, 82, 140, 102, 24, 250, 64, 41, 4,
       177, 235, 142, 10, 159, 212, 126, 149, 223, 231, 204, 39, 196,
       200, 148, 184, 138, 187, 55, 174, 111, 133, 190, 68, 240, 229, 55,
       122, 94, 86, 105, 166, 255, 179, 11, 31, 31, 148, 255, 221, 149,
       179, 172, 182, 4, 202, 178, 217, 130, 135, 103, 255, 238, 199,
       186, 71, 96, 229, 182, 50, 94, 55, 29, 238, 127, 247, 75, 15, 151,
       245, 127, 215, 149, 174, 236, 180, 101, 206, 242, 253, 160, 133,
