%YAML:1.0
---
descriptors: !!opencv-matrix
   rows: 93
   cols: 32
   dt: u
   data: [ 249, 77, 75, 101, 212, 2, 111, 231, 117, 130, 238, 2, 115, 33,
       177, 113, 122, 230, 42, 238, 104, 191, 53, 46, 244, 174, 198, 0,
       101, 248, 240, 40, 252, 98, 254, 116, 109, 13, 85, 68, 243, 190,
       180, 24, 66, 217, 85, 27, 136, 244, 109, 122, 104, 103, 138, 32,
       211, 217, 101, 61, 67, 249, 70, 170, 94, 115, 156, 166, 170, 10,
       92, 168, 171, 182, 130, 141, 207, 110, 75, 91, 183, 213, 237, 103,
       76, 65, 219, 32, 218, 227, 77, 55, 160, 55, 15, 18, 216, 221, 118,
       124, 59, 218, 95, 182, 161, 204, 230, 44, 107, 215, 131, 247, 38,
       244, 253, 74, 236, 205, 179, 173, 243, 251, 64, 147, 34, 180, 110,
       127, 253, 72, 254, 236, 45, 94, 95, 112, 41, 226, 246, 10, 91, 63,
       7, 255, 254, 245, 252, 234, 105, 247, 241, 202, 243, 251, 198, 17,
       35, 183, 110, 98, 184, 253, 93, 232, 107, 79, 84, 254, 49, 42,
       244, 25, 31, 31, 33, 145, 174, 153, 213, 96, 104, 62, 80, 159,
       243, 217, 33, 47, 114, 176, 102, 139, 120, 188, 120, 101, 52, 111,
       71, 55, 97, 174, 254, 8, 243, 53, 128, 48, 26, 246, 76, 40, 88,
       184, 113, 14, 239, 239, 37, 16, 98, 234, 70, 105, 133, 174, 197,
       147, 222, 170, 38, 191, 182, 146, 74, 214, 241, 226, 200, 64, 113,
       238, 42, 190, 115, 92, 143, 127, 44, 6, 247, 108, 169, 243, 161,
       136, 173, 117, 100, 11, 124, 31, 194, 120, 71, 232, 185, 76, 243,
       88, 158, 165, 88, 136, 86, 111, 239, 34, 95, 157, 36, 88, 33, 60,
       95, 191, 90, 148, 8, 88, 51, 119, 113, 206, 115, 54, 189, 8, 114,
       64, 190, 183, 32, 112, 166, 118, 87, 72, 193, 188, 16, 111, 101,
       254, 48, 0, 66, 128, 103, 171, 37, 79, 200, 77, 252, 31, 198, 184,
       71, 168, 252, 76, 83, 40, 151, 180, 92, 196, 102, 110, 204, 50,
       109, 26, 38, 29, 165, 52, 127, 251, 90, 133, 60, 89, 123, 238, 58,
       211, 91, 120, 7, 204, 253, 170, 123, 223, 167, 112, 126, 185, 221,
       226, 201, 35, 111, 156, 242, 205, 161, 189, 127, 171, 102, 115, 3,
       162, 215, 157, 122, 139, 168, 75, 62, 177, 210, 202, 188, 130,
       144, 73, 238, 61, 123, 157, 3, 219, 195, 213, 156, 18, 123, 200,
       140, 136, 35, 137, 89, 80, 213, 109, 42, 78, 77, 58, 97, 234, 38,
       204, 223, 55, 129, 119, 54, 212, 124, 110, 193, 144, 245, 8, 197,
       235, 97, 148, 106, 240, 3, 57, 133, 174, 199, 157, 222, 35, 110,
       251, 126, 163, 66, 214, 241, 226, 216, 97, 115, 110, 42, 188, 115,
       220, 143, 223, 44, 166, 255, 100, 172, 224, 97, 168, 159, 223, 58,
       190, 251, 212, 159, 244, 181, 204, 253, 39, 108, 255, 171, 181,
       246, 115, 151, 238, 245, 131, 58, 255, 251, 223, 14, 139, 27, 151,
       173, 223, 47, 33, 112, 193, 253, 127, 250, 200, 111, 245, 189, 27,
       206, 29, 95, 60, 187, 141, 223, 63, 150, 115, 121, 208, 159, 217,
       3, 119, 199, 239, 95, 198, 125, 251, 105, 234, 56, 193, 91, 248,
       7, 232, 188, 238, 115, 223, 201, 48, 94, 217, 93, 234, 203, 35,
       255, 189, 250, 221, 165, 188, 63, 187, 66, 121, 0, 130, 151, 157,
       58, 11, 168, 107, 158, 177, 242, 192, 188, 162, 160, 203, 231, 45,
       106, 8, 32, 235, 67, 221, 156, 178, 123, 80, 156, 40, 33, 129,
       157, 223, 126, 254, 181, 214, 255, 244, 189, 204, 119, 166, 127,
       239, 179, 229, 182, 115, 134, 75, 245, 235, 56, 239, 251, 251,
       102, 139, 70, 191, 45, 121, 201, 218, 109, 87, 44, 222, 111, 182,
       240, 254, 86, 228, 241, 47, 150, 99, 70, 100, 125, 206, 225, 220,
       255, 109, 110, 107, 231, 128, 46, 177, 80, 121, 189, 79, 106, 37,
       22, 18, 79, 116, 113, 236, 246, 167, 115, 12, 151, 113, 124, 236,
       20, 239, 236, 178, 109, 14, 242, 235, 165, 129, 103, 183, 126,
       124, 124, 21, 103, 100, 21, 78, 71, 49, 161, 226, 171, 72, 83,
       117, 8, 51, 56, 244, 93, 106, 105, 179, 240, 14, 243, 239, 197,
       20, 99, 250, 86, 114, 103, 249, 173, 227, 184, 15, 79, 188, 135,
       249, 156, 236, 211, 247, 217, 114, 221, 215, 125, 218, 219, 66,
       251, 176, 239, 221, 175, 252, 152, 187, 208, 113, 3, 181, 115,
       251, 246, 181, 186, 95, 95, 73, 121, 83, 157, 223, 124, 32, 159,
       59, 23, 149, 146, 186, 58, 215, 79, 220, 159, 238, 223, 142, 195,
       247, 124, 105, 145, 98, 61, 157, 82, 152, 67, 168, 176, 73, 203,
       217, 69, 146, 152, 196, 236, 90, 14, 35, 217, 176, 187, 221, 5,
       63, 106, 191, 90, 2, 3, 2, 215, 145, 98, 139, 168, 23, 62, 49, 83,
       240, 157, 2, 128, 105, 102, 61, 123, 157, 131, 220, 69, 213, 132,
       58, 250, 192, 12, 136, 1, 169, 17, 162, 197, 157, 30, 2, 105, 123,
       118, 225, 66, 214, 113, 34, 144, 101, 115, 172, 42, 172, 177, 220,
       245, 93, 140, 166, 243, 68, 173, 160, 113, 168, 27, 79, 70, 174,
       46, 18, 142, 120, 76, 74, 218, 231, 105, 104, 183, 227, 126, 229,
       191, 239, 237, 129, 15, 237, 178, 107, 238, 128, 63, 254, 57, 29,
       185, 199, 99, 77, 22, 26, 110, 53, 117, 64, 126, 198, 115, 9, 150,
       245, 122, 236, 22, 238, 237, 176, 101, 143, 182, 237, 160, 128,
       111, 190, 248, 28, 33, 191, 107, 75, 116, 139, 235, 112, 117, 72,
       124, 228, 51, 69, 180, 52, 94, 170, 22, 108, 225, 186, 100, 31,
       102, 158, 32, 224, 127, 138, 82, 249, 182, 223, 62, 252, 59, 214,
       159, 248, 149, 76, 244, 39, 108, 255, 175, 117, 254, 241, 183,
       230, 239, 71, 58, 255, 251, 251, 239, 155, 51, 181, 44, 87, 53,
       183, 73, 163, 244, 43, 67, 89, 6, 109, 253, 108, 83, 65, 202, 16,
       89, 138, 6, 58, 27, 178, 105, 54, 236, 133, 161, 116, 232, 139,
       214, 241, 95, 94, 247, 118, 37, 126, 127, 144, 251, 238, 119, 100,
       125, 255, 191, 255, 183, 125, 189, 111, 165, 213, 185, 234, 211,
       255, 103, 135, 142, 247, 119, 119, 186, 75, 102, 237, 22, 211,
       237, 103, 20, 230, 214, 135, 33, 13, 179, 193, 104, 172, 155, 205,
       104, 156, 117, 172, 102, 99, 222, 129, 55, 156, 124, 252, 93, 22,
       148, 247, 171, 120, 81, 25, 115, 254, 175, 188, 239, 115, 203,
       255, 119, 214, 236, 10, 60, 69, 239, 130, 210, 247, 83, 31, 226,
       231, 13, 71, 189, 79, 102, 101, 6, 18, 79, 116, 117, 238, 246,
       231, 115, 45, 151, 117, 124, 228, 21, 239, 236, 178, 101, 142,
       114, 235, 229, 128, 111, 191, 116, 120, 15, 165, 241, 249, 245,
       181, 250, 219, 95, 73, 125, 83, 157, 255, 124, 32, 191, 27, 23,
       157, 146, 184, 58, 247, 79, 221, 159, 238, 223, 205, 211, 133,
       109, 169, 169, 231, 188, 13, 79, 189, 235, 169, 158, 72, 243, 241,
       209, 50, 144, 102, 125, 88, 155, 105, 235, 160, 239, 221, 165,
       248, 128, 186, 210, 41, 35, 79, 101, 77, 46, 19, 239, 120, 69, 98,
       250, 230, 113, 104, 181, 229, 94, 228, 62, 239, 233, 178, 109,
       221, 36, 42, 227, 144, 127, 254, 112, 237, 186, 253, 96, 132, 223,
       215, 149, 111, 19, 228, 156, 175, 40, 188, 86, 36, 237, 191, 215,
       145, 236, 107, 245, 222, 59, 84, 141, 187, 119, 28, 214, 222, 132,
       221, 58, 248, 252, 197, 159, 254, 158, 90, 180, 103, 124, 254, 63,
       113, 215, 83, 31, 229, 231, 15, 58, 95, 123, 15, 175, 189, 28, 56,
       173, 219, 10, 78, 110, 183, 36, 218, 237, 38, 117, 198, 86, 167,
       163, 13, 183, 205, 106, 166, 191, 143, 204, 188, 101, 172, 198,
       123, 218, 129, 39, 252, 92, 92, 82, 90, 247, 236, 11, 70, 29, 254,
       149, 206, 242, 39, 104, 191, 167, 109, 252, 245, 61, 231, 201,
       207, 51, 206, 243, 238, 251, 142, 55, 116, 36, 127, 95, 90, 243,
       101, 3, 118, 59, 210, 37, 238, 222, 39, 9, 183, 199, 254, 102,
       253, 253, 192, 141, 145, 181, 200, 211, 237, 175, 135, 163, 245,
       45, 127, 181, 55, 89, 65, 180, 107, 67, 216, 86, 236, 253, 252,
       83, 69, 235, 48, 95, 200, 6, 126, 187, 182, 109, 30, 236, 141, 33,
       244, 253, 171, 84, 241, 185, 90, 108, 127, 44, 93, 87, 180, 84,
       78, 244, 173, 243, 29, 147, 113, 92, 240, 253, 198, 204, 166, 115,
       57, 195, 235, 240, 153, 113, 187, 94, 91, 233, 87, 109, 239, 44,
       68, 207, 188, 68, 78, 246, 38, 243, 99, 187, 101, 88, 194, 46,
