%YAML:1.0
---
descriptors: !!opencv-matrix
   rows: 29
   cols: 32
   dt: u
   data: [ 213, 66, 237, 167, 38, 114, 110, 152, 96, 234, 147, 198, 215,
       110, 153, 123, 54, 197, 124, 239, 237, 212, 237, 104, 214, 235,
       235, 132, 44, 243, 121, 17, 125, 87, 69, 103, 52, 14, 78, 184, 97,
       234, 191, 76, 83, 97, 153, 112, 22, 196, 92, 110, 233, 176, 237,
       46, 238, 239, 37, 148, 111, 243, 82, 33, 70, 236, 148, 151, 157,
       224, 38, 228, 186, 51, 139, 19, 228, 226, 76, 198, 225, 239, 170,
       147, 102, 88, 203, 243, 189, 54, 159, 111, 128, 119, 189, 142, 77,
       24, 159, 221, 77, 228, 233, 82, 252, 202, 102, 80, 188, 243, 33,
       106, 225, 127, 50, 138, 33, 214, 178, 226, 71, 255, 210, 8, 138,
       113, 97, 168, 137, 92, 159, 125, 100, 236, 101, 150, 252, 90, 102,
       16, 179, 243, 33, 123, 193, 122, 34, 10, 33, 244, 242, 107, 71,
       251, 82, 8, 218, 249, 96, 168, 68, 40, 219, 65, 242, 106, 169,
       192, 106, 179, 35, 24, 221, 231, 201, 186, 51, 85, 106, 56, 17,
       112, 169, 64, 29, 128, 47, 100, 196, 97, 7, 160, 106, 186, 188,
       122, 169, 253, 16, 143, 187, 63, 164, 57, 174, 255, 66, 27, 133,
       115, 233, 16, 50, 79, 202, 49, 219, 211, 93, 123, 210, 68, 143,
       11, 70, 237, 132, 159, 221, 136, 166, 168, 190, 182, 8, 3, 236,
       226, 73, 198, 241, 107, 234, 211, 38, 65, 138, 255, 172, 22, 143,
       111, 144, 115, 13, 134, 50, 32, 86, 172, 123, 3, 152, 72, 31, 160,
       240, 137, 78, 159, 36, 16, 222, 157, 255, 37, 12, 195, 67, 220,
       146, 254, 11, 187, 84, 44, 43, 131, 73, 24, 159, 223, 237, 228,
       177, 18, 222, 219, 118, 16, 188, 247, 225, 106, 195, 127, 50, 152,
       3, 222, 242, 224, 71, 186, 250, 10, 130, 113, 101, 171, 27, 159,
       82, 217, 51, 159, 120, 119, 127, 13, 94, 182, 175, 2, 166, 228,
       54, 187, 142, 140, 150, 152, 37, 223, 174, 255, 18, 195, 62, 132,
       169, 77, 180, 193, 123, 239, 180, 11, 239, 248, 84, 164, 254, 2,
       83, 65, 152, 96, 122, 236, 30, 234, 249, 184, 109, 31, 255, 237,
       167, 212, 117, 170, 112, 160, 48, 159, 127, 175, 178, 203, 95,
       253, 52, 76, 254, 167, 119, 127, 162, 65, 126, 183, 31, 229, 248,
       187, 49, 61, 249, 229, 166, 192, 52, 138, 164, 123, 88, 48, 253,
       229, 23, 78, 121, 19, 61, 201, 246, 2, 159, 31, 16, 105, 230, 157,
       127, 129, 136, 220, 241, 204, 215, 251, 186, 128, 36, 0, 5, 107,
       1, 177, 185, 225, 252, 173, 249, 159, 79, 57, 57, 120, 159, 153,
       216, 32, 183, 27, 127, 25, 147, 56, 235, 211, 207, 221, 63, 244,
       220, 202, 129, 161, 155, 138, 114, 89, 51, 211, 120, 103, 127, 77,
       118, 183, 47, 138, 166, 196, 246, 171, 142, 132, 190, 153, 37,
       223, 146, 255, 18, 195, 55, 132, 237, 79, 45, 112, 177, 69, 100,
       95, 231, 152, 107, 234, 51, 72, 210, 20, 93, 58, 152, 92, 84, 122,
       137, 240, 249, 8, 7, 220, 101, 52, 200, 251, 66, 177, 86, 162,
       134, 156, 29, 131, 34, 232, 190, 180, 128, 3, 236, 226, 107, 199,
       241, 109, 234, 177, 38, 65, 138, 221, 156, 6, 143, 63, 16, 38, 47,
       134, 80, 0, 158, 172, 56, 11, 16, 107, 60, 164, 242, 9, 143, 35,
       32, 194, 242, 133, 110, 32, 8, 235, 65, 140, 144, 247, 123, 21,
       16, 40, 41, 10, 74, 16, 60, 241, 53, 204, 120, 19, 61, 9, 83, 80,
       191, 31, 0, 72, 230, 181, 253, 145, 2, 220, 209, 197, 199, 243,
       186, 195, 132, 0, 5, 43, 142, 180, 144, 147, 253, 125, 184, 235,
       187, 183, 49, 17, 204, 254, 110, 143, 251, 83, 203, 48, 54, 79,
       218, 246, 13, 22, 95, 111, 146, 101, 143, 198, 3, 176, 26, 153,
       229, 157, 168, 215, 254, 121, 84, 86, 156, 210, 250, 236, 167, 11,
       50, 29, 151, 88, 26, 209, 206, 24, 31, 228, 154, 12, 137, 156, 73,
       61, 26, 245, 177, 205, 116, 55, 173, 169, 106, 24, 190, 179, 0,
       112, 132, 63, 124, 0, 65, 216, 208, 14, 231, 253, 22, 18, 74, 0,
       139, 11, 27, 133, 69, 133, 180, 23, 238, 59, 85, 234, 90, 198, 81,
       40, 149, 229, 127, 204, 22, 173, 237, 248, 117, 206, 44, 78, 175,
       132, 63, 252, 120, 29, 1, 160, 159, 153, 196, 205, 40, 215, 126,
       113, 66, 82, 188, 210, 120, 104, 243, 11, 50, 156, 151, 220, 26,
       209, 141, 24, 26, 102, 152, 8, 161, 142, 66, 57, 19, 254, 19, 204,
       52, 103, 173, 1, 106, 16, 190, 151, 32, 240, 164, 51, 234, 0, 67,
       137, 146, 197, 177, 241, 30, 11, 0, 0, 175, 11, 70, 121, 187, 250,
       236, 165, 191, 212, 139, 29, 181, 62, 188, 159, 124, 11, 239, 115,
       95, 211, 147, 79, 186, 225, 125, 25, 250, 250, 156, 27, 167, 243,
       181, 77, 125, 77, 228, 78, 207, 254, 81, 238, 244, 74, 83, 57,
       149, 101, 90, 204, 22, 106, 233, 246, 117, 30, 119, 169, 101, 148,
       119, 185, 84, 225, 230, 253, 251, 250, 236, 229, 255, 212, 139,
       31, 189, 58, 252, 255, 253, 43, 207, 115, 95, 219, 83, 99, 186,
       243, 117, 153, 111, 250, 148, 219, 167, 241 ]
keypoints: !!opencv-matrix
   rows: 29
   cols: 2
   dt: d
   data: [ 340., 126., 1.1760000610351562e+02, 2.4120001220703125e+02,
       6.0000003814697266e+01, 1.7520001220703125e+02,
       2.8440002441406250e+02, 1.6080000305175781e+02,
       2.8560000610351562e+02, 1.5840000915527344e+02,
       2.7216000366210938e+02, 2.5056001281738281e+02,
       1.6127999877929688e+02, 2.4336001586914062e+02,
       5.9040000915527344e+01, 1.7424000549316406e+02,
       6.1920001983642578e+01, 1.6848001098632812e+02,
       2.8512002563476562e+02, 1.6127999877929688e+02,
       3.1392001342773438e+02, 9.0720001220703125e+01,
       3.4992001342773438e+02, 1.2672000122070312e+02,
       3.4416000366210938e+02, 2.4912001037597656e+02,
       7.3440002441406250e+01, 1.6560000610351562e+02,
       8.8128005981445312e+01, 2.4537602233886719e+02,
       3.1276803588867188e+02, 9.1584007263183594e+01,
       1.1577600860595703e+02, 2.3846401977539062e+02,
       5.8752006530761719e+01, 1.7452801513671875e+02,
       6.7392005920410156e+01, 1.7107202148437500e+02,
       7.2576004028320312e+01, 1.6588801574707031e+02,
       2.9859844970703125e+02, 7.0502410888671875e+01,
       2.7371524047851562e+02, 1.6174082946777344e+02,
       8.5017608642578125e+01, 1.7418241882324219e+02,
       2.9611013793945312e+02, 1.1695106506347656e+02,
       2.7371527099609375e+02, 1.6174084472656250e+02,
       8.4602897644042969e+01, 1.7418243408203125e+02,
       1.7020114135742188e+02, 1.1048143768310547e+02,
       2.8665454101562500e+02, 1.1048143768310547e+02,
       1.7199273681640625e+02, 1.1107863616943359e+02 ]
