%YAML:1.0
---
descriptors: !!opencv-matrix
   rows: 53
   cols: 32
   dt: u
   data: [ 166, 141, 215, 254, 252, 171, 222, 239, 223, 130, 112, 88,
       238, 232, 52, 65, 211, 107, 111, 35, 48, 111, 74, 255, 168, 190,
       87, 26, 212, 120, 193, 137, 243, 135, 247, 230, 246, 38, 158, 125,
       27, 163, 147, 250, 93, 121, 156, 33, 63, 215, 117, 173, 185, 247,
       141, 206, 56, 46, 253, 214, 237, 234, 179, 33, 90, 112, 116, 236,
       45, 22, 88, 24, 235, 252, 54, 128, 15, 223, 212, 246, 134, 189,
       181, 236, 206, 68, 183, 209, 195, 249, 129, 175, 39, 132, 78, 119,
       196, 172, 133, 147, 212, 168, 38, 143, 182, 147, 74, 82, 240, 226,
       73, 66, 113, 110, 42, 152, 51, 92, 203, 99, 44, 38, 159, 68, 128,
       112, 161, 168, 9, 11, 82, 69, 52, 159, 238, 54, 124, 136, 126,
       100, 191, 49, 148, 228, 38, 100, 126, 108, 129, 184, 1, 110, 36,
       191, 34, 128, 74, 160, 73, 173, 194, 172, 153, 156, 252, 161, 174,
       207, 154, 179, 24, 218, 188, 234, 80, 2, 179, 111, 123, 145, 50,
       77, 138, 251, 188, 22, 159, 188, 148, 112, 147, 136, 134, 140,
       215, 254, 250, 171, 158, 238, 159, 147, 240, 88, 238, 234, 44,
       201, 215, 123, 110, 33, 48, 111, 10, 255, 184, 186, 87, 126, 212,
       121, 129, 137, 182, 188, 247, 248, 232, 163, 156, 206, 159, 59,
       240, 185, 46, 255, 36, 29, 207, 255, 247, 22, 122, 239, 66, 243,
       186, 222, 93, 250, 212, 220, 162, 155, 91, 112, 114, 104, 45, 119,
       216, 24, 235, 236, 116, 137, 15, 159, 215, 190, 134, 157, 245,
       253, 140, 32, 183, 208, 131, 217, 128, 171, 103, 151, 78, 87, 50,
       22, 107, 77, 67, 115, 175, 103, 116, 230, 250, 194, 0, 46, 53, 96,
       121, 189, 162, 161, 205, 187, 37, 78, 21, 38, 154, 131, 101, 96,
       36, 254, 98, 174, 254, 26, 203, 245, 145, 207, 219, 95, 188, 31,
       40, 254, 102, 90, 239, 227, 235, 149, 150, 111, 174, 241, 31, 30,
       94, 251, 209, 68, 239, 207, 132, 174, 133, 145, 214, 168, 39, 175,
       246, 147, 74, 114, 241, 226, 201, 64, 113, 106, 42, 152, 51, 92,
       206, 127, 44, 6, 191, 108, 168, 113, 161, 168, 38, 181, 240, 195,
       255, 127, 250, 201, 127, 241, 185, 27, 206, 60, 94, 174, 187, 157,
       223, 51, 150, 112, 249, 210, 159, 92, 15, 119, 199, 79, 223, 199,
       34, 168, 215, 253, 122, 139, 152, 226, 159, 179, 240, 235, 172,
       191, 36, 9, 207, 185, 127, 21, 58, 251, 66, 221, 28, 26, 95, 242,
       213, 40, 35, 139, 132, 140, 151, 158, 190, 43, 156, 238, 158, 179,
       242, 88, 238, 226, 32, 207, 219, 103, 106, 56, 48, 111, 75, 255,
       184, 182, 95, 126, 212, 120, 161, 129, 102, 33, 240, 225, 221,
       127, 250, 201, 127, 189, 177, 27, 206, 124, 95, 156, 187, 157,
       223, 51, 30, 115, 89, 210, 159, 28, 3, 119, 199, 111, 223, 198,
       13, 179, 189, 121, 248, 175, 105, 155, 54, 121, 126, 116, 151,
       151, 200, 120, 197, 30, 54, 24, 155, 216, 251, 16, 205, 205, 53,
       228, 152, 192, 128, 241, 58, 31, 171, 77, 23, 215, 173, 119, 20,
       109, 222, 230, 48, 190, 182, 96, 124, 190, 135, 129, 153, 187,
       117, 206, 117, 37, 186, 129, 121, 8, 244, 255, 120, 53, 120, 101,
       52, 79, 71, 63, 96, 172, 254, 8, 211, 53, 130, 48, 24, 212, 68,
       106, 200, 184, 113, 12, 239, 239, 37, 20, 99, 250, 198, 99, 16,
       154, 63, 225, 22, 207, 169, 55, 36, 45, 214, 130, 181, 31, 16, 97,
       38, 49, 31, 137, 224, 184, 49, 77, 197, 135, 186, 128, 37, 128,
       37, 121, 129, 174, 199, 157, 222, 43, 101, 255, 54, 179, 74, 246,
       241, 226, 225, 101, 115, 110, 42, 184, 115, 220, 143, 127, 44,
       166, 247, 100, 168, 240, 225, 168, 3, 128, 151, 157, 58, 139, 152,
       99, 158, 177, 242, 210, 188, 162, 160, 207, 207, 53, 110, 8, 33,
       219, 67, 221, 152, 182, 91, 82, 156, 40, 33, 129, 73, 24, 249,
       109, 34, 74, 101, 26, 112, 170, 102, 96, 211, 55, 129, 122, 114,
       244, 124, 42, 201, 208, 229, 10, 197, 175, 96, 128, 34, 240, 70,
       33, 109, 37, 251, 65, 244, 127, 99, 145, 113, 168, 62, 72, 211,
       49, 209, 52, 27, 220, 84, 120, 153, 240, 229, 2, 111, 157, 37,
       100, 226, 227, 66, 161, 1, 203, 123, 237, 52, 14, 111, 180, 109,
       72, 126, 100, 255, 35, 144, 116, 118, 100, 20, 110, 193, 184, 37,
       109, 230, 188, 38, 128, 76, 178, 96, 41, 105, 79, 123, 101, 116,
       10, 111, 180, 104, 232, 126, 108, 243, 97, 145, 51, 18, 228, 76,
       110, 201, 176, 237, 44, 230, 249, 101, 128, 74, 179, 66, 105, 33,
       127, 107, 75, 116, 203, 107, 117, 113, 72, 116, 236, 51, 197, 181,
       53, 94, 168, 22, 124, 225, 186, 116, 95, 102, 156, 32, 224, 127,
       138, 86, 249, 74, 248, 191, 186, 79, 245, 185, 198, 143, 93, 156,
       179, 172, 255, 96, 142, 239, 59, 251, 145, 3, 75, 186, 241, 219,
       81, 222, 251, 150, 76, 63, 250, 190, 32, 112, 224, 45, 127, 216,
       64, 137, 36, 185, 11, 143, 158, 119, 158, 234, 145, 215, 243, 28,
       39, 80, 208, 147, 216, 138, 247, 119, 15, 94, 6, 250, 96, 112,
       236, 111, 88, 254, 72, 233, 4, 177, 11, 14, 158, 22, 214, 234,
       157, 255, 227, 76, 39, 194, 192, 151, 248, 138, 187, 119, 30, 111,
       6, 106, 234, 167, 186, 79, 241, 185, 198, 142, 85, 156, 171, 44,
       254, 118, 139, 239, 123, 251, 149, 6, 75, 170, 241, 93, 81, 218,
       251, 215, 13, 55, 218, 105, 107, 127, 101, 116, 10, 111, 180, 96,
       232, 118, 108, 243, 33, 145, 51, 18, 228, 70, 110, 201, 176, 229,
       44, 102, 233, 101, 128, 76, 186, 82, 120, 194, 148, 151, 251, 49,
       236, 185, 3, 188, 27, 83, 80, 188, 183, 40, 108, 167, 51, 255, 17,
       51, 77, 146, 231, 141, 246, 26, 202, 136, 0, 133, 59, 3, 2, 149,
       153, 94, 143, 169, 87, 62, 17, 66, 210, 189, 2, 0, 77, 110, 57,
       123, 29, 3, 220, 87, 213, 132, 50, 218, 64, 12, 136, 1, 168, 124,
       235, 120, 102, 61, 29, 86, 184, 67, 168, 189, 9, 219, 73, 88, 144,
       152, 212, 236, 114, 204, 35, 201, 60, 251, 221, 37, 125, 98, 187,
       90, 2, 193, 42, 121, 241, 108, 141, 233, 146, 235, 112, 48, 222,
       157, 139, 209, 42, 230, 33, 95, 29, 131, 45, 198, 208, 196, 152,
       186, 248, 28, 136, 1, 185, 118, 0, 82, 128, 109, 125, 250, 64,
       141, 36, 177, 11, 142, 154, 119, 156, 234, 145, 223, 243, 28, 35,
       80, 208, 151, 220, 138, 127, 87, 15, 125, 198, 126, 64, 112, 232,
       111, 88, 254, 64, 169, 6, 177, 11, 142, 26, 23, 214, 238, 149,
       223, 227, 76, 35, 208, 192, 179, 248, 138, 187, 119, 62, 111, 134,
       17, 207, 107, 77, 52, 10, 111, 52, 125, 64, 122, 198, 243, 0, 148,
       116, 122, 172, 22, 110, 201, 184, 101, 223, 38, 188, 162, 192,
       109, 170, 64, 60, 128, 128, 157, 217, 164, 233, 96, 7, 126, 19,
       67, 80, 149, 130, 96, 105, 131, 43, 34, 24, 50, 220, 99, 83, 140,
       182, 82, 64, 144, 192, 133, 160, 10, 148, 23, 218, 27, 228, 49,
       99, 190, 19, 79, 18, 188, 247, 40, 74, 167, 59, 187, 144, 51, 201,
       18, 247, 201, 182, 90, 75, 146, 64, 165, 51, 2, 149, 31, 154, 155,
       224, 49, 103, 190, 21, 205, 179, 172, 247, 40, 64, 231, 59, 235,
       129, 50, 9, 146, 215, 209, 54, 26, 203, 20, 4, 165, 251, 120, 169,
       248, 103, 176, 14, 87, 149, 34, 173, 110, 9, 243, 227, 194, 80,
       50, 238, 109, 72, 88, 184, 217, 41, 255, 237, 37, 113, 224, 162,
       206, 42, 129, 42, 93, 241, 108, 173, 233, 22, 238, 115, 52, 214,
       157, 131, 209, 107, 39, 41, 94, 156, 131, 92, 246, 208, 196, 152,
       250, 232, 156, 136, 65, 185, 65, 129, 89, 225, 100, 204, 233, 19,
       233, 17, 179, 82, 157, 27, 80, 99, 110, 133, 94, 137, 147, 40,
       240, 193, 213, 185, 186, 72, 13, 136, 225, 168, 178, 69, 120, 224,
       103, 100, 248, 71, 73, 21, 249, 19, 15, 31, 62, 16, 254, 145, 151,
       225, 174, 54, 80, 195, 215, 217, 202, 135, 117, 141, 252, 195,
       250, 69, 240, 228, 39, 126, 222, 70, 105, 132, 253, 155, 15, 31,
       31, 148, 254, 221, 149, 227, 172, 182, 16, 202, 179, 249, 138,
       135, 103, 255, 238, 7, 169, 203, 87, 101, 100, 26, 111, 52, 97,
       168, 118, 204, 251, 1, 144, 177, 18, 236, 84, 110, 201, 176, 229,
