%YAML:1.0
---
descriptors: !!opencv-matrix
   rows: 105
   cols: 32
   dt: u
   data: [ 197, 74, 215, 213, 38, 14, 236, 48, 237, 154, 242, 70, 217,
       42, 181, 111, 102, 229, 126, 238, 225, 229, 167, 232, 148, 58,
       230, 128, 13, 249, 97, 45, 88, 121, 83, 100, 99, 222, 116, 87,
       161, 168, 250, 41, 31, 151, 3, 144, 166, 183, 204, 0, 76, 155,
       144, 8, 243, 237, 48, 3, 98, 148, 47, 11, 125, 105, 237, 66, 28,
       71, 71, 216, 66, 224, 173, 10, 83, 125, 93, 50, 88, 196, 120, 122,
       201, 99, 255, 56, 123, 137, 165, 60, 253, 251, 82, 96, 181, 80,
       125, 103, 36, 94, 207, 184, 68, 226, 243, 198, 115, 85, 157, 227,
       126, 212, 124, 234, 233, 180, 125, 44, 181, 235, 229, 148, 125,
       187, 84, 112, 173, 90, 207, 93, 68, 46, 229, 18, 244, 194, 118,
       84, 243, 161, 177, 107, 104, 236, 34, 78, 233, 244, 215, 42, 68,
       171, 114, 0, 75, 249, 120, 152, 53, 223, 127, 207, 182, 79, 239,
       248, 116, 224, 251, 70, 115, 97, 189, 228, 126, 236, 22, 234, 233,
       176, 125, 61, 63, 237, 167, 132, 117, 186, 116, 241, 18, 156, 210,
       212, 115, 209, 178, 226, 185, 15, 176, 43, 44, 254, 37, 181, 235,
       179, 159, 129, 32, 107, 8, 239, 155, 214, 94, 187, 147, 108, 47,
       207, 193, 178, 252, 65, 172, 78, 233, 157, 106, 191, 182, 24, 211,
       61, 222, 107, 21, 84, 125, 56, 187, 100, 249, 0, 207, 187, 247,
       244, 192, 200, 213, 113, 2, 162, 69, 155, 250, 169, 168, 143, 14,
       49, 17, 255, 133, 2, 200, 8, 79, 11, 106, 21, 19, 88, 79, 213, 12,
       20, 191, 236, 156, 8, 129, 128, 116, 48, 189, 96, 201, 111, 81,
       88, 43, 255, 181, 8, 94, 125, 77, 62, 189, 213, 125, 56, 25, 99,
       249, 64, 223, 222, 69, 62, 203, 97, 70, 242, 31, 188, 146, 209,
       147, 182, 122, 87, 55, 139, 78, 86, 13, 179, 226, 228, 245, 63,
       156, 152, 191, 153, 49, 206, 187, 255, 158, 67, 170, 196, 169, 53,
       245, 61, 97, 70, 28, 103, 79, 248, 67, 226, 173, 78, 83, 113, 81,
       180, 89, 228, 88, 239, 169, 35, 253, 62, 249, 140, 133, 60, 125,
       251, 82, 48, 205, 12, 149, 119, 32, 110, 99, 144, 126, 179, 99,
       24, 215, 115, 73, 254, 49, 116, 104, 26, 33, 244, 217, 34, 197,
       175, 113, 20, 232, 115, 65, 32, 245, 252, 161, 100, 156, 15, 71,
       190, 83, 234, 168, 76, 115, 113, 81, 54, 89, 204, 92, 110, 233,
       111, 253, 58, 249, 142, 165, 60, 121, 249, 82, 56, 9, 162, 69,
       155, 218, 27, 41, 223, 54, 125, 85, 246, 209, 2, 202, 236, 119,
       14, 46, 156, 23, 88, 111, 85, 12, 34, 191, 228, 190, 132, 137,
       245, 77, 24, 159, 220, 108, 36, 169, 18, 248, 218, 118, 84, 188,
       242, 241, 107, 228, 109, 58, 142, 129, 215, 178, 224, 85, 187,
       250, 8, 136, 113, 33, 184, 32, 176, 61, 241, 108, 237, 177, 143,
       14, 125, 49, 57, 150, 29, 76, 59, 139, 27, 115, 16, 19, 124, 235,
       17, 77, 144, 113, 127, 208, 8, 199, 251, 27, 189, 146, 216, 179,
       182, 88, 87, 255, 205, 206, 22, 42, 178, 166, 228, 247, 187, 158,
       144, 158, 139, 48, 206, 187, 126, 150, 67, 146, 68, 172, 79, 85,
       82, 127, 231, 36, 78, 111, 184, 100, 226, 247, 70, 211, 121, 153,
       97, 126, 228, 60, 234, 201, 180, 125, 12, 244, 171, 229, 132, 109,
       187, 112, 49, 253, 80, 127, 103, 36, 78, 79, 184, 100, 226, 247,
       70, 83, 117, 153, 115, 126, 212, 124, 106, 201, 180, 125, 44, 247,
       235, 229, 20, 109, 187, 68, 112, 38, 177, 189, 1, 221, 253, 176,
       75, 238, 245, 45, 9, 142, 188, 78, 162, 161, 18, 234, 17, 23, 56,
       250, 80, 15, 21, 5, 127, 208, 78, 143, 246, 220, 36, 149, 115,
       147, 110, 99, 24, 114, 179, 103, 16, 223, 115, 73, 254, 51, 92,
       104, 58, 49, 212, 153, 2, 207, 231, 97, 68, 226, 227, 11, 32, 112,
       32, 187, 120, 137, 205, 81, 79, 235, 153, 164, 24, 55, 247, 64,
       58, 137, 178, 108, 24, 26, 107, 242, 17, 219, 217, 84, 121, 192,
       0, 198, 42, 248, 168, 189, 122, 13, 205, 81, 143, 211, 53, 164,
       24, 178, 249, 68, 59, 201, 226, 232, 16, 58, 111, 251, 49, 219,
       219, 85, 123, 211, 8, 214, 106, 241, 236, 249, 87, 60, 107, 71,
       190, 83, 234, 188, 104, 114, 113, 209, 52, 25, 244, 92, 106, 105,
       126, 233, 63, 253, 142, 37, 52, 103, 249, 82, 41, 106, 176, 190,
       88, 73, 221, 17, 64, 131, 85, 164, 9, 46, 221, 106, 63, 201, 144,
       251, 16, 26, 107, 242, 145, 219, 81, 82, 123, 210, 12, 62, 250,
       109, 85, 93, 69, 244, 30, 71, 184, 97, 232, 62, 76, 211, 112, 157,
       51, 22, 196, 124, 110, 233, 176, 253, 12, 102, 249, 101, 20, 107,
       243, 74, 49, 237, 167, 220, 99, 172, 59, 85, 185, 113, 191, 191,
       60, 211, 121, 218, 59, 31, 196, 108, 58, 252, 240, 237, 0, 238,
       139, 229, 245, 239, 234, 218, 3, 245, 101, 207, 227, 214, 42, 111,
       216, 97, 178, 187, 66, 83, 115, 217, 123, 122, 196, 94, 254, 249,
       242, 237, 234, 244, 137, 167, 68, 237, 243, 242, 160, 217, 204,
       94, 255, 36, 10, 109, 181, 116, 2, 230, 146, 243, 99, 144, 113,
       114, 244, 110, 238, 104, 220, 69, 47, 230, 235, 246, 0, 39, 176,
       232, 40, 9, 161, 65, 67, 144, 219, 97, 143, 86, 113, 109, 152,
       147, 34, 200, 228, 19, 10, 2, 24, 19, 24, 109, 21, 173, 133, 21,
       101, 178, 138, 205, 228, 121, 159, 92, 111, 48, 158, 91, 177, 164,
       76, 190, 236, 115, 119, 130, 112, 86, 230, 92, 108, 185, 137, 105,
       61, 234, 239, 32, 208, 58, 130, 200, 121, 116, 191, 174, 62, 152,
       245, 23, 255, 150, 221, 140, 173, 102, 228, 106, 82, 209, 242,
       237, 80, 62, 75, 234, 63, 251, 199, 37, 251, 176, 110, 182, 91,
       105, 93, 117, 69, 244, 30, 111, 63, 105, 232, 126, 76, 211, 48,
       149, 118, 22, 68, 124, 110, 201, 184, 245, 12, 102, 254, 101, 20,
       74, 242, 66, 53, 85, 83, 67, 229, 102, 14, 111, 56, 96, 232, 123,
       198, 83, 67, 153, 112, 126, 196, 60, 238, 201, 144, 253, 12, 244,
       168, 231, 128, 45, 179, 112, 49, 248, 184, 189, 122, 141, 205, 81,
       207, 195, 61, 164, 24, 50, 221, 64, 59, 137, 214, 232, 16, 58,
       111, 250, 49, 219, 219, 85, 127, 82, 8, 198, 42, 120, 176, 185,
       120, 169, 205, 81, 91, 227, 157, 164, 24, 183, 215, 64, 58, 129,
       178, 108, 24, 26, 111, 242, 17, 219, 217, 53, 123, 192, 0, 198,
       50, 61, 53, 113, 103, 236, 75, 199, 57, 66, 160, 169, 72, 83, 81,
       209, 179, 88, 252, 112, 106, 217, 114, 233, 24, 101, 201, 229, 52,
       117, 251, 214, 160, 130, 141, 167, 187, 157, 149, 130, 135, 222,
       5, 194, 17, 174, 232, 52, 224, 193, 43, 170, 145, 62, 137, 99,
       183, 169, 117, 158, 83, 144, 12, 189, 78, 188, 20, 107, 228, 21,
       118, 81, 96, 113, 198, 231, 26, 91, 31, 59, 61, 120, 188, 149,
       170, 41, 183, 48, 206, 211, 235, 194, 1, 99, 101, 102, 114, 248,
       92, 59, 254, 61, 209, 83, 96, 213, 76, 229, 40, 50, 221, 35, 112,
       216, 248, 205, 66, 107, 47, 250, 191, 243, 241, 0, 59, 82, 11,
       116, 123, 94, 50, 186, 179, 187, 96, 57, 3, 171, 183, 143, 155,
       140, 255, 74, 90, 167, 95, 249, 145, 18, 65, 218, 192, 223, 213,
       159, 255, 134, 101, 191, 242, 55, 91, 75, 15, 82, 130, 239, 240,
       100, 192, 250, 230, 113, 70, 181, 48, 62, 237, 22, 238, 197, 147,
       44, 125, 48, 44, 163, 128, 109, 179, 98, 245, 10, 180, 180, 149,
       253, 125, 188, 111, 143, 167, 24, 19, 172, 190, 102, 134, 203,
       127, 219, 1, 52, 73, 211, 223, 175, 86, 159, 43, 150, 76, 141,
       207, 10, 156, 176, 216, 123, 247, 184, 71, 223, 77, 252, 51, 44,
       190, 38, 212, 199, 179, 155, 145, 182, 139, 112, 215, 63, 126,
       154, 203, 147, 12, 173, 95, 19, 9, 107, 172, 54, 195, 111, 112, 5,
       192, 223, 198, 121, 70, 179, 96, 126, 169, 23, 239, 201, 146, 37,
       204, 240, 45, 171, 128, 61, 191, 48, 113, 88, 253, 56, 164, 58,
       71, 95, 247, 128, 174, 158, 43, 191, 183, 66, 83, 246, 255, 221,
       226, 76, 27, 208, 9, 251, 193, 47, 189, 48, 242, 173, 91, 26, 154,
       122, 248, 51, 215, 120, 71, 127, 77, 126, 55, 47, 142, 38, 208,
       230, 171, 143, 133, 158, 153, 49, 215, 211, 223, 58, 195, 50, 4,
       45, 95, 59, 83, 107, 205, 118, 54, 239, 113, 76, 72, 247, 230, 57,
