%YAML:1.0
---
descriptors: !!opencv-matrix
   rows: 34
   cols: 32
   dt: u
   data: [ 117, 64, 201, 167, 36, 2, 110, 184, 112, 226, 223, 198, 115,
       97, 155, 115, 126, 196, 60, 239, 205, 214, 221, 40, 244, 175, 231,
       132, 45, 243, 120, 16, 53, 205, 115, 79, 246, 75, 239, 248, 116,
       164, 255, 66, 115, 97, 189, 100, 126, 238, 22, 234, 201, 176, 125,
       61, 125, 236, 167, 132, 119, 187, 100, 225, 112, 32, 191, 120,
       137, 237, 81, 67, 227, 31, 164, 24, 22, 243, 64, 26, 137, 178,
       108, 24, 26, 107, 242, 0, 219, 217, 80, 121, 224, 64, 198, 34,
       220, 90, 255, 252, 46, 44, 125, 88, 169, 250, 182, 127, 255, 191,
       193, 123, 239, 245, 125, 130, 169, 103, 243, 224, 215, 251, 254,
       152, 165, 249, 103, 115, 138, 236, 8, 186, 89, 221, 186, 236, 158,
       121, 144, 159, 172, 223, 122, 129, 189, 11, 211, 213, 118, 127,
       26, 247, 255, 81, 30, 255, 88, 28, 139, 218, 1, 176, 249, 227,
       236, 237, 249, 159, 79, 123, 61, 88, 158, 157, 88, 40, 167, 27,
       127, 24, 147, 120, 251, 209, 207, 221, 55, 244, 220, 202, 129,
       249, 209, 92, 239, 119, 38, 78, 103, 180, 112, 238, 246, 118, 243,
       119, 131, 123, 119, 228, 124, 238, 233, 244, 245, 42, 230, 235,
       103, 128, 105, 241, 96, 121, 44, 181, 57, 99, 217, 111, 81, 153,
       122, 53, 45, 24, 214, 119, 72, 56, 145, 28, 65, 56, 26, 112, 249,
       22, 207, 159, 1, 117, 210, 11, 198, 226, 209, 223, 110, 237, 178,
       74, 103, 245, 116, 76, 246, 178, 115, 119, 130, 113, 126, 244, 62,
       234, 249, 156, 37, 47, 246, 235, 230, 128, 37, 176, 228, 121, 169,
       164, 181, 83, 189, 253, 97, 175, 127, 123, 39, 24, 218, 120, 92,
       189, 145, 14, 112, 24, 191, 124, 251, 215, 175, 222, 85, 102, 218,
       64, 194, 166, 120, 172, 173, 126, 141, 237, 65, 207, 199, 55, 164,
       24, 98, 249, 66, 59, 201, 246, 232, 16, 58, 111, 251, 177, 219,
       219, 213, 123, 211, 72, 222, 42, 125, 113, 188, 239, 44, 15, 95,
       184, 111, 234, 183, 76, 223, 115, 25, 114, 220, 196, 124, 110,
       201, 227, 217, 152, 247, 251, 103, 156, 10, 251, 82, 49, 45, 112,
       177, 67, 85, 111, 99, 152, 107, 248, 47, 8, 214, 85, 77, 58, 145,
       92, 80, 122, 1, 112, 249, 0, 79, 217, 5, 52, 192, 123, 70, 242,
       84, 240, 29, 97, 170, 76, 81, 152, 34, 187, 167, 56, 215, 23, 72,
       123, 167, 213, 108, 58, 25, 68, 249, 0, 217, 235, 117, 116, 160,
       161, 6, 51, 120, 48, 185, 120, 169, 237, 81, 27, 234, 29, 165, 56,
       183, 247, 72, 59, 129, 146, 108, 16, 27, 107, 250, 17, 219, 249,
       112, 123, 192, 64, 198, 35, 117, 81, 67, 205, 36, 6, 111, 56, 100,
       224, 251, 198, 83, 67, 153, 112, 126, 228, 62, 238, 201, 144, 125,
       76, 244, 168, 163, 132, 45, 179, 112, 48, 93, 71, 67, 207, 114, 2,
       110, 120, 101, 136, 251, 230, 121, 67, 189, 244, 126, 236, 22,
       238, 201, 145, 13, 206, 52, 236, 163, 128, 47, 179, 112, 33, 105,
       221, 85, 69, 228, 30, 103, 190, 97, 232, 62, 76, 211, 48, 149, 55,
       20, 196, 124, 110, 201, 184, 245, 12, 102, 249, 101, 148, 74, 242,
       66, 53, 19, 73, 103, 141, 70, 199, 239, 112, 4, 192, 218, 199,
       113, 78, 179, 100, 126, 233, 23, 239, 197, 145, 53, 237, 148, 46,
       170, 128, 61, 191, 49, 252, 117, 65, 123, 101, 36, 78, 111, 56,
       100, 224, 247, 66, 211, 85, 145, 112, 126, 196, 60, 234, 201, 176,
       125, 12, 228, 173, 225, 4, 109, 187, 112, 32, 63, 71, 66, 205, 86,
       18, 110, 120, 117, 136, 251, 230, 105, 98, 181, 244, 126, 236, 22,
       238, 237, 178, 13, 207, 54, 110, 163, 128, 47, 183, 120, 133, 2,
       189, 180, 157, 189, 245, 190, 239, 142, 13, 152, 3, 172, 254, 38,
       198, 231, 115, 223, 129, 118, 9, 211, 255, 171, 214, 30, 251, 146,
       76, 173, 207, 124, 64, 121, 101, 36, 74, 71, 56, 97, 164, 255, 72,
       83, 49, 145, 112, 122, 212, 108, 106, 201, 176, 253, 12, 247, 237,
       161, 20, 97, 187, 70, 32, 48, 65, 127, 109, 20, 79, 111, 120, 100,
       164, 255, 66, 83, 83, 145, 112, 122, 212, 14, 234, 201, 176, 121,
       28, 245, 169, 161, 4, 117, 187, 116, 96, 253, 65, 68, 74, 141, 23,
       70, 221, 195, 196, 165, 14, 75, 200, 255, 247, 88, 228, 232, 126,
       205, 35, 126, 152, 178, 217, 133, 63, 127, 254, 248, 84, 55, 79,
       70, 206, 86, 18, 238, 112, 117, 136, 255, 230, 65, 106, 183, 228,
       126, 236, 22, 238, 237, 179, 13, 206, 50, 46, 163, 128, 47, 183,
       120, 133, 129, 132, 79, 61, 48, 142, 107, 191, 54, 97, 66, 212,
       243, 33, 184, 80, 117, 14, 62, 173, 179, 156, 21, 31, 108, 46,
       178, 196, 253, 128, 208, 56, 195, 236, 34, 140, 93, 149, 234, 98,
       175, 132, 196, 139, 168, 134, 118, 212, 232, 168, 219, 205, 102,
       15, 150, 255, 23, 20, 138, 41, 18, 4, 123, 78, 49, 5, 107, 204,
       84, 99, 203, 120, 68, 64, 252, 194, 115, 92, 189, 96, 120, 136,
       23, 239, 201, 178, 117, 159, 48, 12, 170, 140, 117, 203, 112, 236,
       79, 250, 187, 250, 236, 165, 187, 212, 139, 91, 21, 126, 188, 223,
       252, 43, 239, 115, 95, 223, 147, 79, 186, 241, 126, 89, 254, 234,
       156, 155, 163, 177, 153, 176, 19, 185, 150, 199, 105, 223, 126,
       113, 66, 82, 189, 211, 56, 104, 115, 11, 50, 156, 147, 156, 31,
       215, 205, 142, 58, 68, 184, 136, 161, 168, 135, 253, 191, 250,
       236, 165, 191, 212, 139, 91, 29, 102, 252, 223, 253, 43, 239, 115,
       95, 95, 211, 67, 170, 241, 126, 25, 239, 234, 156, 219, 163, 177,
       207, 253, 187, 250, 236, 229, 191, 220, 139, 90, 189, 126, 252,
       255, 253, 43, 223, 211, 95, 211, 243, 71, 186, 243, 127, 89, 239,
       254, 156, 251, 163, 177, 153, 128, 70, 127, 149, 191, 105, 255,
       119, 5, 70, 20, 107, 225, 58, 252, 113, 174, 186, 188, 191, 156,
       61, 159, 170, 255, 146, 69, 187, 132, 248, 76 ]
keypoints: !!opencv-matrix
   rows: 34
   cols: 2
   dt: d
   data: [ 3.0360000610351562e+02, 1.2360000610351562e+02, 312.,
       1.2480000305175781e+02, 3.3960000610351562e+02,
       2.0760000610351562e+02, 5.0400001525878906e+01,
       2.3472001647949219e+02, 2.5776000976562500e+02,
       1.6272000122070312e+02, 4.8960002899169922e+01,
       2.4336001586914062e+02, 3.0672000122070312e+02,
       2.5056001281738281e+02, 8.4960006713867188e+01,
       2.3472001647949219e+02, 3.0527999877929688e+02,
       2.4624000549316406e+02, 2.6927999877929688e+02,
       2.4480000305175781e+02, 3.5280001831054688e+02,
       2.0736001586914062e+02, 5.0400001525878906e+01, 180.,
       7.9488006591796875e+01, 2.3673602294921875e+02,
       3.3868801879882812e+02, 2.1427201843261719e+02,
       3.3868801879882812e+02, 2.0908801269531250e+02,
       3.0412802124023438e+02, 1.2787200927734375e+02,
       3.0240002441406250e+02, 1.3132801818847656e+02,
       7.7760009765625000e+01, 2.4019201660156250e+02,
       2.9030404663085938e+02, 8.0870414733886719e+01,
       3.0689285278320312e+02, 1.2441601562500000e+02,
       3.0274563598632812e+02, 1.3271041870117188e+02,
       2.6376199340820312e+02, 7.7137939453125000e+01,
       3.1104006958007812e+02, 1.1943939208984375e+02,
       3.1601672363281250e+02, 1.2441603088378906e+02,
       2.4136709594726562e+02, 1.3436930847167969e+02,
       3.0357510375976562e+02, 1.3436930847167969e+02,
       2.3141381835937500e+02, 1.5178755187988281e+02,
       2.7122695922851562e+02, 2.1399557495117188e+02,
       2.9262652587890625e+02, 9.2565528869628906e+01,
       1.4332727050781250e+02, 1.1048143768310547e+02,
       2.3290681457519531e+02, 1.5825720214843750e+02,
       1.4332727050781250e+02, 1.1107863616943359e+02,
       1.5766000366210938e+02, 1.1466181945800781e+02,
       2.2932363891601562e+02, 1.5049363708496094e+02 ]
