%YAML:1.0
---
descriptors: !!opencv-matrix
   rows: 33
   cols: 32
   dt: u
   data: [ 69, 143, 133, 147, 146, 168, 38, 165, 54, 147, 74, 210, 241,
       98, 201, 202, 113, 234, 42, 222, 51, 88, 207, 99, 172, 166, 247,
       68, 169, 83, 161, 0, 193, 64, 21, 101, 36, 14, 109, 60, 124, 162,
       98, 68, 215, 35, 129, 115, 146, 68, 108, 106, 233, 244, 81, 12,
       228, 186, 103, 20, 72, 176, 67, 40, 93, 188, 149, 250, 139, 228,
       17, 222, 175, 217, 174, 76, 254, 247, 65, 254, 167, 247, 252, 16,
       19, 75, 187, 241, 153, 243, 95, 122, 186, 66, 163, 59, 91, 112,
       117, 237, 46, 150, 89, 24, 139, 216, 118, 230, 255, 223, 212, 118,
       150, 189, 181, 237, 195, 212, 179, 221, 195, 249, 233, 134, 63,
       166, 65, 113, 25, 77, 106, 199, 86, 210, 239, 55, 116, 64, 94,
       130, 121, 47, 150, 96, 118, 190, 23, 172, 225, 152, 53, 239, 119,
       111, 190, 128, 39, 146, 241, 232, 65, 75, 93, 109, 52, 10, 111,
       188, 101, 0, 126, 196, 243, 3, 145, 117, 82, 196, 76, 110, 201,
       176, 101, 45, 230, 251, 36, 4, 108, 178, 66, 40, 50, 178, 199,
       185, 106, 139, 184, 104, 63, 177, 242, 235, 110, 255, 132, 25,
       255, 185, 255, 21, 138, 251, 67, 213, 156, 18, 91, 246, 197, 140,
       34, 137, 80, 56, 188, 183, 42, 236, 16, 6, 170, 255, 139, 41, 150,
       183, 67, 26, 133, 119, 109, 17, 4, 73, 219, 0, 217, 151, 125, 59,
       128, 96, 7, 91, 62, 115, 123, 238, 58, 211, 91, 120, 5, 200, 253,
       234, 123, 223, 171, 112, 94, 185, 223, 226, 201, 35, 108, 156,
       242, 221, 161, 189, 127, 171, 102, 241, 35, 162, 215, 189, 122,
       139, 168, 75, 62, 177, 210, 210, 188, 2, 144, 25, 238, 61, 127,
       13, 35, 218, 67, 221, 156, 34, 123, 192, 12, 136, 35, 161, 88,
       189, 57, 100, 176, 206, 71, 181, 97, 12, 174, 8, 255, 51, 128,
       112, 146, 246, 76, 104, 89, 137, 241, 45, 251, 237, 36, 80, 96,
       130, 198, 41, 133, 174, 199, 149, 222, 3, 104, 251, 62, 163, 66,
       214, 241, 226, 152, 101, 115, 110, 106, 188, 51, 221, 13, 95, 172,
       166, 255, 100, 172, 224, 33, 168, 121, 189, 57, 104, 27, 149, 83,
       210, 103, 72, 236, 76, 63, 215, 66, 112, 180, 251, 92, 208, 159,
       43, 240, 63, 251, 253, 33, 122, 122, 2, 34, 123, 177, 91, 99, 78,
       118, 131, 239, 248, 85, 72, 244, 230, 113, 65, 181, 101, 126, 232,
       22, 238, 225, 183, 45, 255, 48, 40, 163, 136, 127, 187, 112, 253,
       234, 187, 254, 26, 75, 209, 177, 194, 206, 85, 165, 63, 44, 206,
       102, 75, 239, 163, 235, 213, 150, 111, 190, 241, 91, 81, 91, 123,
       213, 5, 47, 207, 3, 0, 215, 145, 114, 143, 169, 23, 62, 49, 83,
       208, 157, 3, 16, 105, 102, 29, 123, 157, 131, 220, 69, 213, 132,
       58, 250, 192, 12, 136, 1, 169, 249, 233, 121, 101, 116, 79, 71,
       252, 112, 224, 124, 72, 115, 17, 144, 48, 24, 236, 22, 106, 201,
       186, 117, 47, 119, 173, 37, 0, 105, 186, 210, 168, 2, 160, 145,
       145, 228, 233, 185, 7, 190, 21, 83, 16, 140, 130, 64, 14, 167, 11,
       106, 25, 18, 88, 146, 193, 204, 16, 26, 97, 132, 64, 135, 160, 57,
       199, 67, 69, 22, 26, 102, 53, 117, 96, 254, 198, 115, 9, 148, 245,
       120, 204, 6, 238, 237, 176, 101, 143, 182, 237, 160, 0, 111, 186,
       248, 12, 247, 70, 102, 69, 6, 2, 78, 48, 117, 234, 246, 231, 99,
       41, 149, 85, 124, 228, 21, 239, 233, 182, 69, 142, 54, 106, 225,
       128, 111, 191, 120, 28, 177, 199, 103, 109, 22, 30, 102, 53, 117,
       72, 250, 70, 83, 8, 148, 241, 120, 236, 6, 238, 237, 176, 101,
       141, 182, 234, 160, 0, 111, 186, 112, 28, 82, 127, 75, 183, 146,
       220, 63, 183, 161, 196, 78, 197, 173, 103, 3, 214, 38, 247, 233,
       198, 65, 216, 180, 111, 175, 231, 77, 0, 42, 244, 135, 120, 2,
       160, 154, 217, 224, 233, 185, 7, 190, 29, 64, 16, 140, 131, 96,
       12, 131, 11, 35, 24, 18, 88, 130, 209, 77, 144, 26, 107, 144, 0,
       133, 169, 33, 137, 119, 91, 116, 143, 235, 112, 109, 73, 116, 64,
       184, 81, 180, 52, 78, 40, 22, 78, 147, 184, 32, 125, 100, 158, 34,
       192, 91, 139, 67, 161, 114, 1, 82, 128, 85, 92, 248, 67, 41, 5,
       184, 11, 142, 26, 52, 214, 234, 149, 223, 161, 28, 43, 208, 192,
       151, 252, 138, 123, 229, 12, 127, 134, 186, 93, 116, 230, 165,
       254, 222, 151, 73, 78, 63, 187, 11, 29, 150, 36, 174, 243, 149,
       207, 254, 44, 56, 231, 227, 217, 132, 147, 71, 223, 222, 95, 126,
       163, 104, 46, 205, 81, 215, 233, 139, 116, 189, 171, 75, 236, 126,
       18, 248, 193, 197, 231, 94, 35, 238, 145, 243, 209, 205, 191, 119,
       111, 126, 86, 189, 158, 124, 97, 182, 127, 113, 123, 109, 236,
       190, 124, 83, 21, 130, 49, 47, 132, 94, 44, 253, 188, 113, 30,
       255, 203, 37, 213, 120, 232, 76, 113, 241, 79, 105, 69, 68, 10,
       231, 48, 96, 160, 254, 74, 243, 1, 145, 51, 120, 228, 70, 110,
       233, 182, 229, 14, 116, 169, 160, 16, 109, 187, 82, 168, 98, 98,
       135, 12, 72, 3, 164, 72, 230, 162, 194, 72, 64, 224, 117, 74, 216,
       108, 106, 99, 64, 231, 203, 8, 21, 34, 69, 62, 64, 123, 118, 166,
       0, 136, 29, 155, 180, 137, 96, 135, 238, 17, 74, 16, 188, 130, 32,
       104, 225, 59, 42, 16, 18, 152, 82, 117, 141, 148, 18, 64, 144, 8,
       129, 170, 0, 160, 158, 219, 240, 169, 41, 135, 190, 25, 66, 16,
       188, 131, 104, 72, 131, 11, 34, 24, 18, 92, 2, 117, 205, 146, 30,
       65, 144, 0, 129, 169, 249, 69, 67, 77, 84, 75, 199, 124, 116, 228,
       246, 14, 115, 1, 147, 53, 120, 228, 70, 110, 233, 183, 117, 15,
       116, 171, 160, 16, 111, 186, 114, 232 ]
keypoints: !!opencv-matrix
   rows: 33
   cols: 2
   dt: d
   data: [ 328., 189., 3.8400001525878906e+01, 2.5440000915527344e+02,
       1.6680000305175781e+02, 9.7200004577636719e+01,
       3.0240002441406250e+02, 1.1040000152587891e+02,
       6.0000003814697266e+01, 1.5720001220703125e+02,
       1.7712001037597656e+02, 1.4832000732421875e+02,
       3.2688000488281250e+02, 180., 1.3824000549316406e+02,
       1.5984001159667969e+02, 1.6272000122070312e+02,
       7.9200004577636719e+01, 3.2486404418945312e+02,
       1.8144001770019531e+02, 2.9376004028320312e+02,
       1.8489601135253906e+02, 3.2486404418945312e+02,
       1.8662402343750000e+02, 1.6588801574707031e+02,
       9.6768005371093750e+01, 1.5724801635742188e+02,
       7.9488006591796875e+01, 1.7452801513671875e+02,
       1.1059201049804688e+02, 3.2555523681640625e+02,
       1.8040322875976562e+02, 2.9859844970703125e+02,
       1.8040322875976562e+02, 2.9652484130859375e+02,
       1.6174082946777344e+02, 1.7418241882324219e+02,
       1.5137281799316406e+02, 1.6422915649414062e+02,
       1.4929924011230469e+02, 1.7418243408203125e+02,
       1.5178755187988281e+02, 1.4929924011230469e+02,
       1.5676419067382812e+02, 2.9611013793945312e+02,
       1.6174084472656250e+02, 1.6422915649414062e+02,
       9.2565528869628906e+01, 2.4485075378417969e+02,
       1.0450946807861328e+02, 2.2992083740234375e+02,
       1.1346742248535156e+02, 1.7617309570312500e+02,
       1.1943939208984375e+02, 1.3138333129882812e+02,
       1.3138333129882812e+02, 1.7617309570312500e+02,
       1.4332727050781250e+02, 2.4186477661132812e+02,
       1.4631326293945312e+02, 2.8665454101562500e+02,
       1.5527120971679688e+02, 2.9561248779296875e+02,
       1.5825720214843750e+02, 1.7915908813476562e+02,
       1.4332727050781250e+02 ]
