%YAML:1.0
---
descriptors: !!opencv-matrix
   rows: 29
   cols: 32
   dt: u
   data: [ 196, 173, 133, 151, 148, 136, 36, 135, 62, 147, 74, 82, 228,
       226, 73, 74, 97, 110, 42, 152, 114, 92, 219, 227, 172, 38, 223,
       64, 128, 82, 161, 8, 75, 91, 123, 237, 50, 222, 59, 112, 61, 72,
       94, 228, 189, 159, 164, 240, 182, 61, 159, 231, 197, 153, 33, 239,
       247, 253, 42, 130, 14, 135, 33, 121, 246, 80, 214, 140, 77, 70,
       86, 104, 185, 142, 243, 11, 78, 254, 39, 223, 248, 245, 237, 227,
       108, 103, 154, 200, 145, 178, 199, 31, 1, 63, 124, 6, 192, 164,
       149, 151, 222, 168, 44, 173, 190, 147, 9, 82, 236, 226, 72, 66,
       115, 107, 42, 152, 114, 76, 218, 247, 172, 6, 159, 108, 128, 82,
       161, 136, 196, 164, 133, 159, 222, 168, 36, 171, 190, 147, 1, 82,
       228, 226, 72, 67, 113, 106, 42, 152, 115, 84, 202, 215, 44, 6,
       223, 108, 144, 96, 161, 128, 55, 178, 229, 177, 98, 27, 176, 99,
       47, 241, 178, 239, 14, 60, 206, 59, 255, 157, 255, 21, 158, 251,
       101, 212, 156, 82, 91, 246, 229, 44, 22, 215, 226, 184, 183, 248,
       203, 236, 176, 215, 187, 91, 144, 127, 188, 189, 102, 43, 237,
       179, 255, 145, 183, 111, 146, 227, 95, 114, 222, 251, 207, 76,
       151, 95, 242, 170, 186, 26, 235, 244, 152, 199, 251, 95, 180, 59,
       44, 238, 118, 95, 231, 163, 239, 149, 182, 79, 170, 243, 27, 90,
       94, 251, 211, 68, 239, 95, 77, 75, 127, 101, 36, 14, 111, 180,
       109, 200, 126, 100, 251, 97, 145, 114, 150, 100, 108, 110, 201,
       176, 225, 40, 230, 249, 102, 128, 74, 179, 67, 33, 98, 184, 183,
       152, 239, 209, 153, 199, 139, 95, 176, 187, 44, 236, 118, 90, 239,
       171, 235, 149, 22, 111, 162, 241, 27, 18, 222, 251, 215, 4, 167,
       223, 248, 217, 62, 126, 13, 20, 87, 240, 225, 156, 166, 8, 122,
       255, 37, 115, 200, 244, 125, 106, 104, 99, 178, 41, 243, 249, 64,
       27, 67, 50, 102, 42, 4, 166, 151, 153, 222, 139, 40, 233, 190,
       179, 67, 210, 204, 226, 232, 197, 51, 13, 106, 184, 115, 209, 143,
       215, 44, 6, 255, 108, 176, 64, 129, 160, 74, 157, 51, 182, 177,
       204, 49, 103, 189, 73, 74, 17, 190, 191, 32, 80, 164, 59, 255, 1,
       115, 137, 18, 231, 209, 247, 26, 11, 2, 68, 135, 123, 34, 176,
       101, 161, 102, 139, 184, 75, 47, 113, 178, 235, 142, 28, 196, 56,
       238, 157, 255, 149, 134, 122, 199, 208, 156, 16, 123, 230, 69,
       140, 19, 221, 105, 111, 123, 101, 100, 14, 111, 52, 105, 200, 126,
       108, 243, 33, 145, 115, 18, 108, 76, 110, 201, 176, 229, 44, 230,
       249, 100, 128, 74, 178, 66, 105, 189, 68, 104, 110, 116, 67, 75,
       120, 85, 228, 253, 138, 83, 85, 187, 113, 88, 140, 21, 238, 232,
       182, 109, 31, 243, 233, 161, 181, 119, 187, 118, 96, 66, 148, 23,
       251, 17, 236, 57, 39, 188, 29, 75, 16, 172, 247, 40, 70, 167, 51,
       251, 128, 51, 201, 18, 231, 141, 182, 90, 203, 128, 64, 165, 59,
       3, 130, 149, 153, 58, 139, 184, 23, 62, 49, 83, 242, 157, 2, 128,
       237, 110, 29, 123, 28, 3, 220, 69, 213, 132, 178, 90, 210, 28,
       136, 1, 169, 195, 158, 151, 157, 56, 174, 48, 51, 188, 11, 211,
       112, 190, 51, 128, 231, 199, 55, 110, 0, 49, 204, 67, 207, 140,
       246, 122, 146, 138, 0, 1, 45, 202, 199, 30, 190, 59, 192, 61, 103,
       190, 21, 222, 179, 172, 239, 34, 65, 231, 59, 187, 129, 114, 9, 2,
       247, 244, 35, 158, 139, 20, 4, 165, 91, 252, 235, 120, 98, 28, 11,
       83, 252, 83, 164, 180, 9, 83, 65, 211, 16, 24, 220, 69, 122, 74,
       50, 201, 62, 251, 205, 37, 125, 117, 187, 94, 10, 240, 72, 206,
       61, 12, 11, 101, 103, 116, 54, 194, 26, 35, 33, 49, 75, 104, 228,
       106, 207, 104, 255, 71, 33, 84, 170, 209, 0, 101, 184, 112, 136,
       209, 72, 199, 189, 78, 40, 237, 6, 224, 182, 210, 147, 179, 163,
       209, 75, 104, 228, 106, 142, 72, 118, 199, 192, 148, 170, 246, 8,
       37, 249, 113, 232, 218, 221, 87, 254, 155, 192, 23, 229, 164, 4,
       200, 163, 109, 247, 40, 81, 98, 243, 169, 194, 122, 11, 10, 255,
       241, 227, 206, 11, 53, 18, 165, 58, 49, 189, 67, 75, 212, 159,
       226, 253, 84, 96, 248, 78, 115, 88, 180, 164, 120, 170, 22, 125,
       223, 186, 93, 191, 62, 12, 37, 96, 125, 142, 250, 156, 218, 125,
       151, 222, 43, 208, 53, 103, 188, 7, 230, 160, 172, 183, 32, 215,
       166, 51, 234, 128, 98, 203, 162, 239, 177, 179, 94, 11, 2, 80,
       167, 187, 231, 223, 125, 250, 236, 160, 223, 180, 219, 90, 185,
       252, 252, 255, 253, 51, 151, 115, 125, 215, 243, 103, 138, 243,
       250, 223, 239, 254, 156, 243, 131, 123, 153, 74, 206, 53, 7, 250,
       101, 6, 118, 38, 230, 146, 171, 161, 147, 205, 105, 238, 170, 10,
       108, 252, 231, 42, 196, 227, 242, 1, 103, 253, 88, 72, 49, 181,
       74, 11, 84, 159, 194, 120, 84, 96, 249, 70, 115, 88, 190, 160, 88,
       168, 22, 125, 141, 187, 93, 31, 58, 13, 33, 80, 125, 138, 122,
       156 ]
keypoints: !!opencv-matrix
   rows: 29
   cols: 2
   dt: d
   data: [ 197., 181., 1.1760000610351562e+02, 2.5920001220703125e+02,
       1.6080000305175781e+02, 2.4720001220703125e+02,
       1.9680000305175781e+02, 180., 1.9584001159667969e+02, 180.,
       1.9152000427246094e+02, 1.7136000061035156e+02,
       6.1920001983642578e+01, 1.0224000549316406e+02,
       6.1920001983642578e+01, 1.0656000518798828e+02,
       6.4800003051757812e+01, 144., 6.2208007812500000e+01,
       1.0713600921630859e+02, 1.1577600860595703e+02,
       2.4019201660156250e+02, 1.9526402282714844e+02,
       1.7971202087402344e+02, 2.1945602416992188e+02,
       1.7280001831054688e+02, 1.9180801391601562e+02,
       1.7107202148437500e+02, 6.4281608581542969e+01,
       1.4307841491699219e+02, 1.8040322875976562e+02,
       1.7003521728515625e+02, 2.0943362426757812e+02,
       1.7210882568359375e+02, 1.9699203491210938e+02,
       1.7418241882324219e+02, 2.0321282958984375e+02,
       1.7625602722167969e+02, 2.1648388671875000e+02,
       1.7169412231445312e+02, 1.7915908813476562e+02,
       1.7915908813476562e+02, 1.3138333129882812e+02,
       1.4332727050781250e+02, 1.2541136169433594e+02,
       1.4929924011230469e+02, 1.7915908813476562e+02,
       1.5228521728515625e+02, 1.6721514892578125e+02,
       1.7318711853027344e+02, 2.2096287536621094e+02,
       1.7915908813476562e+02, 1.2899455261230469e+02,
       1.1107863616943359e+02, 1.3257772827148438e+02,
       1.4332727050781250e+02, 1.6840954589843750e+02,
       1.7557591247558594e+02 ]
