%YAML:1.0
---
descriptors: !!opencv-matrix
   rows: 22
   cols: 32
   dt: u
   data: [ 193, 24, 191, 222, 109, 108, 225, 134, 250, 27, 230, 16, 188,
       183, 101, 107, 193, 118, 122, 8, 33, 102, 243, 225, 69, 186, 210,
       8, 208, 121, 101, 170, 54, 227, 196, 253, 28, 3, 202, 168, 87,
       176, 243, 74, 99, 105, 93, 2, 89, 204, 117, 227, 42, 242, 207,
       157, 136, 254, 197, 180, 125, 186, 80, 0, 202, 172, 188, 122, 169,
       253, 17, 142, 171, 63, 164, 25, 174, 255, 66, 27, 129, 115, 233,
       16, 50, 77, 202, 113, 203, 211, 93, 123, 210, 68, 143, 11, 133,
       162, 189, 243, 236, 45, 249, 27, 239, 59, 49, 120, 158, 185, 220,
       43, 175, 27, 126, 25, 179, 116, 203, 211, 76, 154, 127, 244, 212,
       200, 193, 161, 61, 71, 204, 71, 176, 26, 79, 184, 117, 170, 127,
       228, 83, 96, 157, 112, 22, 204, 36, 110, 237, 240, 109, 46, 170,
       239, 101, 132, 111, 243, 88, 5, 240, 72, 223, 253, 108, 40, 109,
       20, 169, 146, 242, 90, 251, 107, 21, 91, 107, 229, 127, 170, 104,
       71, 195, 224, 214, 251, 242, 24, 37, 241, 98, 40, 88, 60, 59, 245,
       49, 238, 113, 55, 57, 235, 126, 57, 191, 63, 0, 48, 166, 191, 221,
       1, 48, 216, 177, 142, 223, 255, 58, 130, 2, 192, 7, 123, 248, 121,
       254, 116, 77, 68, 85, 101, 225, 150, 164, 24, 82, 253, 7, 59, 232,
       244, 121, 234, 104, 103, 178, 8, 115, 251, 69, 27, 99, 48, 230,
       98, 80, 0, 158, 169, 56, 11, 24, 107, 62, 161, 178, 8, 159, 34, 0,
       203, 214, 21, 110, 49, 8, 235, 67, 12, 152, 247, 123, 85, 144, 40,
       41, 1, 70, 160, 16, 129, 221, 111, 176, 73, 63, 53, 179, 27, 204,
       216, 72, 8, 249, 153, 235, 177, 18, 115, 219, 212, 157, 20, 15,
       127, 192, 11, 133, 134, 125, 71, 64, 69, 52, 30, 79, 186, 113,
       232, 254, 108, 211, 33, 149, 244, 54, 196, 124, 108, 237, 176,
       101, 14, 102, 239, 37, 148, 111, 242, 82, 1, 118, 227, 64, 226,
       61, 27, 66, 232, 67, 160, 185, 239, 203, 200, 93, 148, 216, 205,
       236, 115, 78, 35, 207, 157, 154, 220, 133, 127, 95, 47, 90, 6,
       253, 235, 132, 37, 173, 15, 70, 186, 107, 184, 168, 77, 135, 32,
       83, 147, 129, 196, 108, 124, 206, 107, 211, 56, 189, 219, 69, 126,
       200, 61, 90, 2, 6, 161, 18, 129, 221, 111, 176, 203, 47, 189, 187,
       27, 142, 154, 74, 140, 249, 157, 235, 49, 18, 115, 153, 212, 157,
       20, 11, 127, 193, 13, 141, 134, 88, 169, 154, 161, 48, 173, 89,
       23, 46, 137, 206, 8, 191, 163, 194, 80, 146, 175, 108, 28, 26, 24,
       193, 0, 200, 245, 34, 81, 136, 130, 11, 41, 233, 255, 148, 53, 45,
       143, 84, 55, 235, 184, 178, 77, 143, 176, 67, 19, 129, 230, 108,
       28, 236, 105, 209, 24, 173, 219, 117, 178, 72, 28, 91, 15, 243,
       67, 113, 225, 102, 8, 232, 16, 105, 40, 178, 230, 159, 11, 148,
       121, 110, 141, 31, 237, 137, 180, 69, 192, 150, 248, 170, 128, 45,
       136, 113, 161, 147, 83, 113, 225, 100, 44, 233, 23, 105, 72, 123,
       214, 159, 11, 156, 96, 254, 129, 23, 237, 137, 180, 85, 202, 134,
       248, 170, 128, 47, 139, 81, 145, 242, 109, 112, 162, 239, 120,
       254, 199, 185, 7, 185, 155, 143, 42, 86, 222, 239, 195, 223, 211,
       254, 47, 200, 226, 183, 252, 158, 187, 231, 223, 255, 79, 179, 71,
       96, 227, 230, 40, 238, 151, 105, 2, 187, 246, 155, 11, 149, 88,
       111, 199, 31, 239, 249, 180, 77, 226, 182, 216, 190, 128, 45, 219,
       241, 128, 246, 221, 121, 250, 238, 229, 223, 245, 217, 78, 189,
       59, 222, 255, 125, 49, 239, 211, 23, 195, 250, 39, 58, 227, 251,
       221, 143, 250, 215, 255, 247, 115, 66, 234, 159, 222, 75, 208, 61,
       71, 174, 23, 238, 161, 172, 231, 32, 95, 230, 59, 235, 128, 66,
       203, 162, 225, 181, 179, 94, 139, 0, 84, 165, 235 ]
keypoints: !!opencv-matrix
   rows: 22
   cols: 2
   dt: d
   data: [ 348., 1.6320001220703125e+02, 1.0680000305175781e+02,
       1.7520001220703125e+02, 2.2440000915527344e+02,
       2.4720001220703125e+02, 1.5240000915527344e+02,
       2.4720001220703125e+02, 180., 2.4480000305175781e+02,
       1.5263999938964844e+02, 2.3904000854492188e+02,
       1.4688000488281250e+02, 1.6992001342773438e+02,
       4.7520000457763672e+01, 2.3760000610351562e+02,
       1.3132801818847656e+02, 1.7452801513671875e+02,
       8.1216011047363281e+01, 2.3500802612304688e+02,
       1.7971202087402344e+02, 2.4537602233886719e+02,
       1.0782721710205078e+02, 1.7625602722167969e+02,
       1.4515202331542969e+02, 1.8662402343750000e+02,
       8.0870414733886719e+01, 2.3431683349609375e+02,
       8.7091217041015625e+01, 1.8662403869628906e+02,
       1.4432260131835938e+02, 1.8662403869628906e+02,
       2.7172460937500000e+02, 1.1048143768310547e+02,
       2.8665454101562500e+02, 1.1346742248535156e+02,
       2.2215727233886719e+02, 1.1107863616943359e+02,
       2.7232180786132812e+02, 1.1107863616943359e+02,
       1.8632545471191406e+02, 1.1466181945800781e+02,
       1.4691046142578125e+02, 1.7915908813476562e+02 ]
