%YAML:1.0
---
descriptors: !!opencv-matrix
   rows: 144
   cols: 32
   dt: u
   data: [ 49, 251, 122, 76, 119, 221, 246, 246, 229, 76, 124, 111, 59,
       220, 183, 48, 190, 250, 215, 65, 204, 186, 36, 175, 115, 93, 36,
       139, 103, 156, 118, 207, 252, 73, 252, 110, 45, 94, 86, 16, 225,
       168, 167, 8, 115, 89, 17, 123, 192, 228, 108, 106, 104, 39, 216,
       40, 211, 251, 225, 25, 114, 187, 94, 34, 2, 184, 186, 154, 99,
       245, 184, 67, 191, 93, 85, 51, 172, 158, 102, 140, 239, 59, 147,
       145, 22, 205, 18, 211, 15, 87, 154, 235, 150, 4, 173, 223, 68,
       112, 159, 68, 72, 111, 33, 90, 230, 186, 167, 24, 214, 247, 73,
       58, 1, 92, 106, 26, 1, 103, 187, 0, 93, 137, 117, 60, 192, 113,
       39, 163, 9, 161, 145, 179, 253, 173, 224, 13, 206, 57, 25, 8, 254,
       225, 88, 128, 153, 11, 74, 25, 19, 48, 218, 145, 141, 157, 63,
       124, 216, 74, 203, 168, 97, 75, 111, 101, 36, 10, 111, 180, 109,
       192, 126, 204, 243, 33, 145, 115, 58, 228, 108, 110, 201, 176,
       101, 44, 230, 187, 101, 0, 100, 179, 66, 40, 184, 253, 89, 232,
       107, 79, 84, 246, 49, 42, 244, 25, 31, 31, 33, 145, 174, 185, 213,
       96, 104, 62, 80, 31, 243, 219, 33, 109, 114, 176, 102, 139, 60,
       65, 83, 236, 93, 70, 66, 96, 133, 128, 235, 3, 83, 201, 45, 208,
       216, 164, 2, 230, 77, 163, 80, 140, 243, 237, 128, 29, 115, 187,
       112, 130, 32, 176, 17, 186, 109, 237, 144, 73, 142, 49, 161, 24,
       150, 217, 104, 138, 201, 27, 106, 17, 19, 103, 218, 209, 157, 144,
       19, 127, 216, 8, 151, 130, 9, 77, 126, 247, 180, 235, 254, 182,
       253, 130, 126, 192, 191, 169, 181, 96, 39, 123, 23, 74, 241, 184,
       4, 254, 110, 223, 52, 192, 206, 219, 225, 169, 159, 79, 18, 242,
       241, 213, 191, 244, 188, 140, 254, 36, 108, 247, 163, 149, 166,
       115, 151, 206, 113, 139, 42, 238, 250, 221, 46, 203, 2, 119, 171,
       105, 8, 89, 51, 119, 113, 206, 115, 54, 189, 8, 114, 64, 190, 151,
       32, 112, 166, 127, 87, 72, 65, 156, 16, 111, 101, 254, 48, 0, 66,
       128, 39, 187, 26, 143, 98, 154, 215, 145, 190, 231, 143, 5, 88,
       167, 44, 236, 54, 68, 110, 171, 147, 149, 214, 139, 6, 253, 56, 4,
       158, 203, 55, 14, 189, 206, 50, 162, 151, 185, 104, 139, 184, 234,
       63, 177, 242, 233, 110, 255, 164, 25, 255, 189, 127, 149, 42, 219,
       67, 213, 156, 18, 95, 246, 197, 136, 35, 137, 78, 243, 237, 251,
       184, 64, 95, 188, 7, 249, 157, 238, 217, 111, 217, 122, 95, 215,
       255, 242, 219, 66, 239, 245, 238, 247, 239, 252, 159, 243, 164,
       113, 71, 20, 149, 215, 137, 126, 176, 11, 190, 179, 139, 16, 204,
       50, 69, 239, 193, 87, 250, 0, 49, 197, 211, 194, 141, 54, 91, 22,
       138, 97, 137, 54, 191, 181, 64, 204, 15, 115, 80, 121, 3, 244,
       157, 174, 75, 61, 222, 167, 90, 220, 245, 162, 92, 115, 255, 152,
       146, 209, 193, 191, 63, 239, 92, 214, 104, 164, 120, 101, 52, 110,
       99, 55, 113, 174, 254, 8, 243, 53, 128, 48, 25, 246, 76, 40, 152,
       184, 113, 15, 239, 239, 32, 0, 98, 234, 70, 104, 17, 143, 58, 57,
       180, 172, 177, 231, 124, 77, 90, 5, 183, 168, 54, 64, 161, 43, 78,
       5, 246, 185, 36, 119, 236, 63, 62, 192, 200, 64, 179, 207, 47, 32,
       240, 225, 253, 127, 250, 216, 111, 245, 189, 27, 206, 61, 95, 190,
       191, 133, 223, 63, 148, 114, 121, 208, 223, 221, 3, 119, 199, 239,
       95, 246, 133, 174, 199, 157, 222, 3, 110, 255, 126, 163, 66, 214,
       241, 226, 217, 97, 115, 110, 106, 188, 115, 220, 143, 95, 44, 166,
       255, 100, 172, 224, 97, 168, 100, 160, 149, 67, 173, 45, 64, 152,
       203, 185, 177, 72, 194, 249, 77, 30, 201, 196, 108, 80, 31, 99,
       219, 176, 143, 216, 69, 126, 202, 171, 82, 6, 0, 130, 150, 157,
       58, 11, 168, 107, 158, 177, 242, 192, 172, 162, 160, 207, 231, 45,
       106, 8, 33, 235, 195, 221, 156, 182, 123, 84, 156, 40, 33, 129, 3,
       162, 215, 153, 106, 139, 168, 107, 62, 177, 210, 202, 189, 130,
       128, 73, 254, 61, 123, 157, 3, 219, 67, 221, 156, 18, 123, 200,
       140, 136, 35, 169, 64, 32, 209, 209, 228, 232, 233, 3, 107, 181,
       179, 24, 140, 10, 84, 154, 171, 15, 106, 153, 18, 120, 209, 192,
       141, 16, 26, 97, 196, 64, 135, 168, 97, 75, 111, 69, 116, 10, 103,
       180, 97, 224, 246, 204, 243, 1, 149, 119, 90, 228, 108, 110, 201,
       176, 101, 44, 102, 184, 96, 0, 109, 187, 82, 104, 45, 163, 137,
       163, 181, 237, 67, 25, 70, 109, 189, 12, 215, 65, 202, 0, 217,
       138, 78, 24, 31, 48, 105, 23, 236, 213, 165, 117, 218, 10, 220,
       194, 159, 223, 58, 254, 251, 212, 159, 244, 181, 204, 253, 38,
       108, 255, 171, 181, 254, 115, 151, 238, 245, 131, 58, 255, 251,
       223, 206, 139, 27, 151, 173, 127, 8, 93, 19, 252, 115, 204, 115,
       118, 173, 136, 106, 64, 124, 247, 33, 244, 166, 115, 83, 72, 1,
       185, 48, 239, 101, 252, 2, 2, 10, 50, 39, 187, 41, 175, 123, 104,
       116, 143, 107, 113, 117, 204, 124, 236, 51, 197, 178, 48, 62, 168,
       6, 110, 249, 186, 32, 63, 126, 141, 33, 224, 127, 139, 86, 249,
       217, 207, 99, 109, 52, 26, 110, 52, 101, 64, 254, 198, 251, 1,
       144, 244, 122, 228, 12, 110, 201, 176, 101, 143, 166, 237, 166, 0,
       111, 186, 80, 44, 69, 177, 57, 83, 248, 237, 185, 155, 174, 121,
       29, 252, 148, 215, 201, 120, 7, 19, 123, 28, 147, 72, 251, 84, 77,
       9, 63, 252, 152, 193, 135, 241, 74, 248, 159, 250, 11, 221, 49,
       215, 143, 113, 142, 4, 188, 247, 96, 230, 199, 51, 251, 144, 27,
       73, 250, 243, 155, 215, 158, 123, 154, 2, 141, 63, 19, 207, 110,
       159, 54, 147, 190, 239, 156, 68, 92, 231, 233, 232, 190, 193, 126,
       43, 151, 231, 246, 137, 14, 255, 162, 103, 234, 137, 61, 156, 185,
       221, 147, 203, 70, 140, 86, 147, 174, 239, 149, 64, 208, 231, 41,
       200, 182, 197, 110, 171, 147, 229, 230, 171, 6, 253, 48, 32, 142,
       203, 63, 156, 249, 220, 157, 223, 126, 254, 181, 210, 255, 244,
       189, 204, 247, 166, 127, 239, 179, 229, 182, 115, 166, 107, 245,
       235, 58, 239, 250, 251, 102, 139, 70, 183, 45, 121, 96, 149, 120,
       101, 52, 110, 99, 55, 97, 45, 126, 8, 243, 53, 128, 48, 18, 214,
       76, 40, 152, 184, 113, 13, 239, 239, 32, 64, 224, 170, 198, 41,
       48, 89, 223, 103, 48, 202, 71, 53, 32, 160, 234, 224, 243, 119,
       129, 112, 94, 244, 100, 234, 73, 144, 117, 44, 100, 173, 165, 144,
       105, 178, 198, 57, 234, 185, 254, 26, 75, 177, 185, 66, 207, 85,
       165, 191, 168, 254, 102, 91, 239, 43, 227, 145, 150, 111, 190,
       241, 95, 27, 219, 123, 213, 13, 47, 198, 85, 238, 196, 5, 172, 27,
       70, 174, 127, 186, 170, 201, 195, 96, 221, 151, 17, 198, 108, 124,
       110, 101, 207, 19, 172, 254, 101, 116, 200, 244, 219, 4, 66, 188,
       23, 245, 49, 173, 56, 39, 189, 11, 123, 116, 190, 191, 0, 208,
       135, 59, 255, 1, 51, 220, 210, 199, 141, 247, 26, 194, 136, 0,
       131, 59, 73, 47, 148, 229, 172, 31, 76, 55, 127, 170, 186, 76,
       159, 34, 192, 208, 207, 39, 108, 12, 236, 122, 193, 154, 188, 223,
       118, 48, 200, 224, 203, 9, 73, 47, 148, 181, 185, 63, 72, 55, 127,
       170, 186, 88, 175, 34, 64, 182, 135, 39, 108, 12, 48, 200, 193,
       222, 141, 223, 123, 48, 138, 192, 11, 9, 35, 181, 115, 250, 247,
       181, 184, 223, 95, 73, 121, 83, 189, 223, 124, 32, 159, 27, 151,
       149, 146, 58, 58, 215, 15, 220, 159, 238, 223, 198, 131, 215, 88,
       84, 187, 86, 53, 252, 189, 87, 240, 207, 94, 34, 121, 253, 191,
       96, 53, 126, 157, 25, 162, 249, 177, 143, 123, 111, 182, 129, 166,
       210, 117, 123, 17, 168, 135, 157, 92, 135, 105, 123, 118, 241, 66,
       214, 49, 162, 176, 101, 113, 172, 106, 172, 49, 217, 183, 93, 28,
       166, 211, 64, 169, 160, 112, 160, 95, 79, 70, 174, 46, 50, 222,
       248, 133, 194, 218, 231, 237, 234, 179, 203, 118, 229, 189, 231,
       205, 129, 15, 232, 176, 99, 239, 128, 61, 247, 57, 21, 189, 251,
       121, 106, 60, 135, 75, 248, 83, 224, 244, 238, 115, 67, 153, 48,
       94, 200, 20, 238, 235, 54, 124, 63, 242, 205, 161, 188, 127, 187,
