%YAML:1.0
---
descriptors: !!opencv-matrix
   rows: 43
   cols: 32
   dt: u
   data: [ 133, 164, 221, 241, 236, 169, 233, 155, 126, 51, 49, 88, 157,
       227, 216, 43, 3, 14, 110, 28, 51, 124, 79, 210, 204, 155, 119,
       100, 156, 200, 193, 160, 41, 173, 26, 74, 241, 151, 118, 239, 125,
       1, 236, 0, 122, 242, 46, 240, 216, 106, 2, 104, 87, 171, 56, 127,
       59, 253, 6, 75, 90, 82, 234, 140, 240, 72, 223, 180, 78, 8, 109,
       128, 249, 146, 178, 90, 127, 99, 5, 91, 107, 229, 108, 234, 104,
       71, 195, 226, 212, 170, 254, 16, 37, 113, 99, 40, 196, 172, 133,
       147, 212, 168, 39, 135, 246, 147, 74, 82, 240, 226, 73, 66, 113,
       238, 42, 152, 114, 92, 203, 99, 44, 38, 151, 68, 128, 112, 177,
       40, 134, 204, 215, 254, 251, 171, 156, 239, 223, 147, 249, 88,
       238, 234, 44, 201, 151, 123, 110, 34, 112, 111, 10, 255, 184, 190,
       87, 126, 212, 120, 129, 141, 137, 75, 66, 69, 52, 27, 234, 39,
       125, 4, 126, 128, 171, 32, 183, 164, 58, 38, 110, 76, 132, 184,
       37, 207, 166, 255, 2, 1, 71, 172, 89, 44, 77, 79, 123, 103, 36,
       14, 111, 180, 108, 200, 126, 108, 243, 33, 145, 114, 150, 100,
       108, 110, 201, 176, 233, 40, 230, 249, 101, 128, 74, 179, 67, 41,
       93, 113, 115, 69, 54, 30, 98, 48, 105, 232, 246, 108, 94, 17, 141,
       180, 54, 140, 92, 110, 193, 176, 165, 76, 22, 188, 33, 6, 107,
       162, 67, 37, 104, 152, 145, 190, 9, 205, 19, 130, 159, 67, 160, 9,
       190, 247, 96, 112, 197, 51, 232, 0, 3, 11, 218, 51, 193, 247, 24,
       59, 16, 8, 7, 123, 242, 33, 221, 229, 70, 72, 232, 65, 105, 176,
       179, 10, 15, 11, 85, 27, 234, 133, 125, 145, 10, 114, 209, 192,
       149, 184, 202, 0, 101, 160, 99, 128, 34, 184, 151, 189, 122, 137,
       184, 230, 159, 179, 240, 233, 172, 191, 36, 25, 239, 187, 127, 21,
       58, 219, 67, 221, 156, 30, 94, 250, 213, 8, 35, 171, 66, 184, 239,
       186, 237, 236, 177, 199, 187, 87, 144, 157, 172, 188, 118, 10,
       175, 51, 251, 17, 150, 111, 178, 243, 95, 54, 222, 251, 213, 76,
       183, 218, 74, 188, 167, 186, 237, 236, 185, 199, 171, 83, 24, 187,
       188, 253, 116, 138, 239, 59, 251, 17, 19, 107, 146, 241, 93, 51,
       222, 235, 148, 76, 183, 250, 213, 15, 151, 61, 168, 58, 68, 171,
       254, 178, 170, 208, 207, 96, 153, 255, 83, 102, 108, 44, 125, 229,
       199, 10, 184, 246, 103, 20, 202, 252, 201, 12, 105, 45, 28, 229,
       185, 63, 92, 55, 123, 170, 186, 76, 159, 51, 1, 179, 135, 167,
       108, 12, 109, 122, 209, 30, 239, 223, 116, 48, 74, 224, 138, 9,
       34, 162, 215, 157, 122, 137, 184, 107, 62, 17, 210, 242, 188, 30,
       128, 73, 238, 25, 123, 21, 35, 218, 67, 221, 156, 54, 122, 194,
       148, 8, 35, 169, 74, 188, 147, 182, 49, 236, 56, 39, 189, 75, 90,
       49, 188, 191, 32, 240, 135, 59, 255, 1, 51, 217, 146, 199, 141,
       247, 26, 195, 0, 68, 135, 59, 1, 79, 123, 237, 116, 14, 111, 52,
       109, 200, 126, 100, 255, 99, 144, 112, 246, 108, 20, 110, 193,
       184, 33, 109, 230, 255, 38, 128, 76, 162, 96, 41, 67, 185, 191,
       251, 171, 213, 57, 150, 174, 93, 142, 4, 188, 247, 102, 106, 231,
       51, 255, 144, 151, 73, 178, 241, 203, 223, 94, 250, 152, 0, 169,
       123, 10, 248, 191, 184, 109, 245, 185, 199, 143, 89, 148, 55, 188,
       255, 96, 142, 239, 59, 251, 145, 19, 75, 178, 241, 219, 81, 222,
       251, 158, 12, 189, 251, 74, 250, 167, 186, 79, 209, 185, 198, 139,
       93, 148, 187, 172, 188, 118, 138, 239, 123, 251, 149, 22, 111,
       170, 241, 93, 81, 222, 251, 215, 12, 55, 251, 30, 64, 98, 225,
       117, 94, 250, 48, 45, 100, 118, 131, 9, 31, 151, 196, 126, 149,
       151, 235, 200, 176, 53, 206, 103, 253, 130, 131, 39, 135, 92, 243,
       105, 107, 123, 101, 100, 14, 111, 180, 104, 200, 126, 108, 243,
       33, 145, 51, 18, 108, 68, 110, 201, 176, 229, 44, 230, 249, 101,
       128, 110, 178, 66, 169, 161, 233, 105, 65, 116, 203, 231, 252, 80,
       224, 124, 72, 51, 81, 144, 52, 88, 232, 22, 110, 203, 186, 108,
       63, 116, 140, 37, 32, 125, 154, 210, 232, 66, 148, 151, 251, 49,
       236, 185, 39, 188, 27, 75, 16, 188, 247, 40, 70, 167, 51, 251, 1,
       51, 205, 146, 231, 205, 182, 90, 203, 136, 64, 165, 59, 3, 34,
       149, 153, 94, 141, 169, 23, 62, 49, 194, 210, 189, 3, 0, 77, 110,
       9, 123, 157, 3, 216, 71, 213, 132, 50, 218, 64, 28, 136, 1, 168,
       193, 154, 151, 213, 48, 170, 57, 51, 188, 11, 210, 112, 188, 51,
       128, 231, 199, 55, 110, 8, 177, 220, 67, 207, 140, 182, 122, 130,
       138, 136, 1, 45, 124, 235, 56, 102, 61, 159, 82, 184, 67, 172,
       189, 9, 211, 73, 81, 144, 152, 212, 204, 114, 78, 35, 201, 60,
       251, 221, 37, 117, 98, 187, 94, 10, 54, 0, 122, 160, 77, 221, 250,
       64, 141, 36, 185, 11, 142, 158, 102, 144, 234, 145, 223, 179, 28,
       35, 80, 208, 151, 209, 138, 123, 85, 15, 127, 198, 122, 64, 112,
       168, 109, 92, 250, 72, 169, 4, 176, 11, 142, 26, 63, 214, 234,
       149, 223, 227, 76, 39, 208, 192, 151, 248, 138, 187, 55, 30, 127,
       70, 110, 226, 238, 154, 111, 145, 189, 205, 203, 84, 149, 175,
       104, 204, 127, 10, 235, 41, 243, 215, 198, 103, 174, 241, 82, 81,
       159, 187, 87, 30, 255, 207, 1, 207, 123, 77, 52, 138, 111, 52,
       109, 64, 126, 196, 243, 1, 148, 116, 114, 44, 30, 238, 193, 184,
       101, 79, 38, 188, 34, 128, 109, 154, 64, 41, 33, 189, 65, 75, 212,
       159, 230, 253, 85, 224, 120, 78, 114, 80, 148, 164, 88, 170, 18,
       110, 217, 186, 125, 189, 60, 12, 133, 96, 127, 142, 210, 188, 66,
       189, 23, 222, 19, 204, 53, 103, 173, 9, 106, 16, 188, 182, 32,
       246, 164, 51, 234, 0, 99, 201, 178, 197, 177, 182, 94, 11, 0, 0,
       167, 59, 246, 1, 122, 160, 117, 93, 248, 64, 9, 4, 177, 11, 142,
       30, 103, 17, 234, 145, 223, 241, 12, 39, 80, 192, 215, 209, 138,
       123, 85, 10, 111, 194, 254, 64, 114, 160, 5, 87, 90, 96, 41, 36,
       177, 11, 14, 30, 47, 212, 250, 153, 223, 227, 76, 39, 144, 200,
       147, 208, 138, 63, 55, 46, 126, 70, 155, 84, 113, 225, 119, 110,
       121, 19, 109, 104, 255, 18, 27, 31, 28, 100, 126, 157, 23, 168,
       169, 180, 113, 206, 247, 249, 130, 132, 103, 170, 116, 112, 105,
       107, 83, 101, 100, 26, 111, 52, 97, 168, 118, 204, 251, 1, 145,
       181, 18, 236, 196, 110, 201, 176, 229, 45, 230, 249, 96, 0, 110,
       186, 82, 168, 202, 125, 151, 222, 43, 208, 53, 103, 188, 3, 230,
       48, 172, 183, 32, 247, 162, 51, 234, 0, 98, 77, 178, 239, 179,
       179, 94, 11, 2, 16, 167, 59, 199, 221, 125, 250, 236, 164, 223,
       180, 219, 90, 185, 254, 252, 255, 253, 51, 151, 83, 95, 223, 243,
       37, 154, 243, 250, 221, 174, 252, 156, 211, 131, 57, 184, 90, 206,
       61, 15, 219, 101, 70, 118, 182, 230, 22, 43, 161, 19, 203, 105,
       236, 234, 10, 104, 252, 247, 33, 212, 227, 241, 1, 107, 252, 124,
       200, 66, 133, 158, 219, 139, 224, 48, 43, 191, 19, 203, 178, 172,
       247, 40, 107, 227, 19, 251, 144, 50, 73, 139, 247, 95, 178, 90,
       75, 146, 64, 165, 34, 66, 206, 159, 222, 107, 208, 61, 103, 174,
       31, 206, 161, 172, 231, 36, 86, 230, 59, 235, 128, 66, 139, 162,
       245, 119, 247, 94, 139, 18, 80, 165, 235 ]
