%YAML:1.0
---
descriptors: !!opencv-matrix
   rows: 39
   cols: 32
   dt: u
   data: [ 246, 72, 214, 158, 77, 86, 86, 232, 185, 134, 162, 27, 78,
       250, 47, 223, 248, 245, 237, 227, 108, 199, 155, 234, 145, 178,
       199, 31, 1, 127, 126, 6, 117, 64, 31, 172, 12, 15, 70, 56, 117,
       138, 227, 74, 87, 97, 33, 88, 112, 196, 108, 106, 72, 183, 65, 10,
       209, 230, 97, 24, 104, 251, 96, 32, 61, 84, 17, 238, 61, 79, 86,
       248, 63, 168, 249, 72, 223, 127, 9, 176, 220, 213, 92, 106, 233,
       35, 89, 190, 243, 223, 5, 62, 90, 123, 66, 51, 54, 162, 196, 255,
       28, 3, 202, 168, 87, 176, 241, 202, 99, 104, 93, 10, 89, 204, 117,
       227, 42, 242, 207, 189, 136, 186, 197, 180, 125, 171, 80, 0, 108,
       181, 57, 99, 217, 111, 83, 152, 43, 61, 45, 24, 214, 23, 72, 26,
       145, 28, 73, 58, 26, 112, 249, 20, 207, 217, 1, 116, 208, 3, 198,
       114, 246, 72, 150, 158, 77, 70, 86, 200, 185, 134, 242, 11, 110,
       250, 39, 223, 248, 245, 239, 227, 76, 103, 154, 232, 145, 50, 207,
       27, 1, 127, 110, 6, 44, 53, 185, 99, 221, 111, 83, 136, 91, 181,
       45, 24, 214, 21, 73, 58, 145, 28, 64, 58, 18, 112, 249, 16, 79,
       157, 1, 119, 194, 75, 70, 226, 240, 76, 223, 253, 108, 40, 108,
       20, 185, 146, 178, 218, 255, 43, 21, 91, 107, 229, 125, 170, 40,
       71, 195, 226, 214, 251, 242, 152, 37, 241, 98, 8, 6, 164, 144,
       129, 221, 111, 184, 73, 30, 53, 177, 27, 204, 122, 76, 8, 187,
       159, 235, 49, 18, 113, 219, 212, 157, 22, 95, 119, 148, 10, 133,
       134, 125, 125, 152, 101, 169, 15, 86, 186, 59, 168, 188, 72, 159,
       51, 65, 241, 156, 221, 92, 104, 233, 122, 209, 30, 231, 223, 37,
       52, 74, 249, 74, 35, 64, 24, 189, 221, 239, 96, 177, 10, 154, 31,
       116, 48, 188, 183, 225, 107, 195, 127, 59, 16, 18, 94, 227, 225,
       71, 187, 114, 43, 208, 105, 37, 235, 125, 99, 122, 103, 52, 31,
       67, 56, 97, 236, 255, 8, 219, 64, 154, 176, 216, 204, 76, 106,
       201, 178, 109, 28, 243, 221, 33, 48, 98, 186, 70, 96, 74, 157, 51,
       182, 19, 204, 49, 103, 189, 13, 74, 17, 172, 191, 32, 80, 166, 59,
       251, 1, 83, 137, 18, 199, 211, 247, 26, 11, 0, 64, 133, 123, 80,
       128, 158, 173, 56, 11, 24, 107, 62, 177, 162, 0, 151, 34, 64, 195,
       215, 5, 110, 49, 56, 251, 193, 28, 152, 247, 123, 85, 144, 40, 41,
       0, 66, 224, 134, 158, 79, 139, 166, 232, 190, 178, 129, 2, 236,
       226, 105, 207, 177, 109, 234, 163, 98, 65, 138, 217, 156, 6, 207,
       47, 0, 119, 43, 134, 109, 239, 148, 37, 173, 15, 70, 186, 107,
       176, 170, 76, 135, 96, 83, 18, 145, 196, 108, 126, 238, 99, 211,
       61, 237, 219, 69, 124, 72, 241, 74, 0, 101, 227, 132, 33, 141, 15,
       70, 184, 235, 179, 163, 77, 195, 96, 89, 147, 145, 196, 108, 127,
       206, 97, 219, 48, 173, 218, 69, 124, 200, 123, 90, 4, 36, 181, 57,
       97, 217, 111, 81, 153, 123, 53, 37, 24, 214, 23, 72, 56, 145, 28,
       64, 58, 51, 112, 249, 22, 205, 216, 1, 118, 210, 11, 198, 226,
       117, 71, 192, 69, 180, 30, 78, 186, 117, 232, 250, 228, 211, 32,
       149, 112, 22, 196, 108, 108, 205, 176, 69, 14, 166, 239, 37, 148,
       109, 242, 90, 5, 66, 148, 23, 186, 57, 236, 56, 3, 188, 25, 75,
       16, 172, 183, 40, 204, 133, 51, 255, 17, 51, 9, 146, 247, 137,
       247, 26, 203, 128, 0, 165, 59, 73, 130, 156, 181, 48, 138, 48, 35,
       62, 59, 147, 112, 175, 50, 128, 202, 231, 55, 236, 0, 60, 220,
       193, 7, 140, 247, 122, 210, 136, 0, 9, 11, 118, 227, 64, 226, 29,
       27, 210, 232, 67, 160, 185, 237, 203, 200, 93, 150, 216, 205, 236,
       115, 206, 35, 203, 189, 154, 220, 133, 127, 127, 47, 90, 4, 74,
       125, 23, 244, 17, 205, 52, 39, 173, 9, 106, 8, 190, 183, 32, 240,
       164, 51, 248, 0, 65, 217, 146, 237, 179, 245, 30, 19, 0, 0, 135,
       11, 88, 172, 156, 181, 172, 169, 105, 19, 174, 171, 190, 8, 159,
       163, 66, 90, 227, 38, 108, 25, 26, 137, 195, 0, 204, 247, 119,
       112, 136, 192, 131, 33, 125, 235, 132, 37, 173, 15, 70, 186, 107,
       184, 168, 77, 135, 32, 83, 146, 129, 196, 108, 125, 206, 107, 211,
       56, 189, 219, 69, 124, 200, 125, 90, 6, 22, 161, 18, 129, 221,
       111, 177, 203, 47, 189, 187, 27, 142, 158, 76, 12, 185, 157, 239,
       49, 18, 115, 153, 212, 157, 16, 11, 119, 193, 13, 141, 134, 122,
       144, 248, 240, 37, 212, 217, 114, 201, 93, 180, 43, 62, 31, 118,
       58, 206, 177, 149, 149, 142, 43, 50, 193, 219, 217, 218, 251, 87,
       140, 47, 95, 27, 18, 121, 225, 100, 12, 249, 48, 105, 104, 114,
       198, 157, 11, 148, 96, 238, 133, 23, 237, 201, 176, 85, 192, 134,
       253, 170, 128, 47, 134, 81, 177, 252, 235, 88, 232, 94, 27, 82,
       248, 83, 164, 180, 139, 83, 73, 91, 16, 24, 220, 197, 122, 78, 50,
       200, 63, 250, 201, 165, 125, 101, 187, 94, 2, 82, 121, 23, 254, 3,
       192, 53, 103, 173, 5, 226, 48, 172, 183, 32, 118, 162, 51, 235, 0,
       66, 137, 178, 237, 177, 178, 30, 11, 0, 16, 167, 42, 88, 169, 152,
       161, 56, 173, 89, 19, 46, 169, 206, 8, 151, 163, 194, 80, 146,
       175, 108, 28, 26, 24, 193, 1, 202, 245, 34, 80, 168, 194, 11, 41,
       73, 249, 148, 53, 173, 143, 68, 183, 235, 184, 178, 77, 175, 176,
       67, 146, 129, 230, 108, 28, 76, 105, 209, 24, 173, 219, 117, 54,
       72, 28, 91, 11, 243, 66, 113, 225, 102, 8, 232, 48, 105, 8, 178,
       230, 159, 11, 149, 112, 110, 133, 31, 237, 137, 180, 69, 192, 150,
       216, 170, 128, 45, 136, 113, 177, 246, 93, 120, 234, 175, 228,
       223, 213, 201, 79, 189, 59, 190, 159, 118, 50, 206, 211, 21, 195,
       218, 47, 58, 227, 243, 217, 142, 187, 85, 223, 247, 91, 147, 85,
       113, 225, 116, 44, 232, 23, 105, 72, 123, 214, 159, 11, 156, 96,
       126, 133, 23, 237, 137, 180, 85, 202, 134, 248, 170, 128, 47, 139,
       81, 177, 185, 245, 101, 77, 94, 91, 199, 121, 85, 232, 240, 106,
       115, 84, 180, 165, 88, 168, 86, 106, 233, 178, 101, 159, 53, 8,
       33, 20, 119, 174, 86, 236, 210, 249, 23, 222, 43, 192, 53, 103,
       172, 21, 194, 176, 172, 247, 32, 215, 162, 59, 235, 128, 98, 207,
       162, 229, 177, 178, 94, 139, 0, 16, 167, 171, 242, 109, 112, 242,
       231, 56, 254, 199, 249, 7, 185, 155, 143, 42, 86, 222, 239, 195,
       223, 211, 254, 47, 200, 226, 182, 220, 158, 251, 231, 223, 255,
       79, 147, 71, 97, 227, 230, 40, 238, 151, 121, 2, 187, 246, 155,
       11, 149, 216, 111, 207, 31, 239, 249, 180, 77, 226, 182, 216, 190,
       128, 45, 219, 241, 160 ]
