%YAML:1.0
---
descriptors: !!opencv-matrix
   rows: 36
   cols: 32
   dt: u
   data: [ 117, 112, 245, 101, 101, 110, 113, 8, 107, 178, 163, 8, 86,
       115, 73, 58, 185, 220, 116, 58, 9, 242, 249, 0, 223, 218, 69, 54,
       232, 115, 66, 162, 164, 176, 25, 208, 232, 233, 161, 79, 170, 57,
       177, 120, 148, 156, 72, 27, 143, 19, 66, 17, 19, 111, 202, 81, 29,
       0, 63, 124, 209, 8, 135, 161, 24, 207, 83, 239, 50, 66, 47, 244,
       36, 200, 90, 226, 121, 103, 176, 96, 126, 255, 30, 234, 73, 153,
       45, 127, 240, 230, 175, 128, 53, 178, 165, 57, 4, 163, 181, 67,
       240, 43, 169, 9, 106, 181, 51, 184, 213, 3, 200, 26, 51, 28, 106,
       56, 18, 208, 233, 64, 77, 128, 39, 100, 196, 195, 135, 224, 0,
       180, 61, 249, 124, 237, 49, 175, 30, 57, 40, 56, 182, 55, 72, 48,
       131, 27, 99, 0, 50, 124, 107, 23, 205, 150, 49, 116, 80, 8, 135,
       171, 112, 48, 191, 122, 137, 237, 85, 87, 234, 27, 164, 24, 182,
       243, 72, 58, 129, 178, 104, 24, 27, 107, 242, 33, 219, 185, 84,
       121, 192, 64, 198, 42, 120, 168, 189, 114, 141, 253, 81, 143, 231,
       53, 166, 24, 251, 185, 64, 58, 137, 86, 104, 24, 26, 109, 251, 49,
       219, 221, 21, 127, 242, 8, 198, 42, 25, 207, 71, 239, 50, 2, 111,
       240, 37, 136, 218, 226, 121, 103, 177, 245, 118, 244, 14, 238,
       201, 145, 13, 237, 176, 236, 175, 128, 47, 179, 32, 41, 53, 223,
       107, 79, 182, 31, 239, 248, 100, 232, 250, 102, 115, 65, 188, 224,
       126, 236, 22, 238, 201, 176, 109, 61, 190, 173, 167, 132, 125,
       187, 240, 177, 161, 235, 17, 74, 121, 157, 66, 244, 79, 8, 248,
       72, 42, 211, 133, 180, 136, 234, 70, 74, 74, 42, 106, 127, 179,
       220, 0, 58, 82, 155, 66, 173, 0, 161, 152, 187, 157, 237, 80, 143,
       30, 57, 13, 17, 150, 255, 106, 64, 145, 27, 171, 17, 22, 88, 219,
       145, 205, 213, 31, 127, 144, 72, 141, 66, 213, 83, 71, 207, 102,
       2, 111, 56, 53, 232, 211, 230, 113, 67, 145, 117, 126, 228, 61,
       238, 233, 144, 45, 78, 180, 170, 231, 128, 47, 179, 112, 49, 245,
       83, 111, 237, 36, 14, 111, 184, 100, 234, 246, 230, 83, 65, 153,
       97, 126, 196, 60, 238, 233, 180, 109, 13, 244, 171, 229, 132, 109,
       187, 112, 49, 70, 236, 150, 159, 249, 221, 190, 236, 191, 183,
       219, 19, 236, 254, 79, 223, 249, 255, 235, 211, 118, 75, 219, 251,
       189, 54, 223, 107, 128, 119, 175, 14, 248, 176, 185, 120, 169,
       237, 81, 31, 234, 25, 164, 24, 190, 215, 72, 58, 129, 146, 108,
       24, 27, 107, 250, 17, 219, 249, 116, 121, 194, 64, 198, 59, 53,
       215, 111, 111, 52, 15, 239, 248, 100, 232, 250, 230, 115, 69, 184,
       97, 126, 236, 30, 238, 233, 176, 125, 61, 244, 169, 167, 132, 125,
       186, 112, 177, 184, 124, 50, 250, 117, 215, 83, 240, 209, 142,
       244, 24, 42, 217, 35, 21, 216, 248, 133, 106, 104, 183, 112, 175,
       243, 217, 128, 11, 83, 189, 118, 235, 171, 252, 124, 90, 125, 213,
       86, 228, 209, 72, 244, 42, 42, 221, 183, 181, 200, 184, 150, 90,
       239, 238, 122, 255, 51, 217, 133, 251, 119, 156, 126, 207, 88,
       189, 59, 164, 63, 215, 94, 247, 128, 236, 154, 15, 255, 255, 34,
       2, 254, 247, 221, 225, 108, 27, 176, 143, 251, 229, 175, 185, 36,
       42, 37, 91, 117, 82, 107, 229, 36, 14, 111, 56, 100, 234, 255,
       230, 211, 65, 145, 112, 126, 196, 60, 238, 201, 176, 125, 12, 228,
       175, 225, 132, 109, 187, 112, 49, 177, 81, 127, 109, 52, 15, 111,
       56, 100, 232, 242, 70, 211, 85, 145, 97, 126, 196, 30, 238, 233,
       176, 125, 29, 244, 171, 165, 132, 125, 186, 112, 49, 203, 184,
       255, 251, 238, 249, 253, 23, 239, 87, 246, 146, 189, 159, 86, 127,
       239, 159, 255, 157, 183, 254, 247, 241, 223, 251, 218, 195, 135,
       196, 165, 249, 248, 184, 185, 120, 169, 237, 81, 31, 227, 61, 164,
       24, 151, 151, 64, 59, 129, 146, 108, 24, 27, 111, 242, 17, 219,
       217, 113, 127, 194, 0, 198, 51, 248, 184, 185, 120, 141, 237, 81,
       219, 203, 189, 164, 24, 182, 253, 66, 59, 137, 246, 237, 16, 26,
       107, 250, 177, 219, 217, 85, 127, 210, 8, 214, 122, 57, 83, 106,
       237, 118, 151, 235, 113, 69, 72, 124, 198, 57, 13, 183, 96, 126,
       184, 23, 236, 201, 178, 116, 157, 102, 237, 162, 128, 127, 138,
       120, 241, 195, 176, 189, 250, 108, 133, 185, 87, 139, 91, 145,
       127, 188, 159, 244, 59, 239, 19, 223, 149, 147, 15, 186, 193, 95,
       25, 250, 250, 156, 12, 35, 187, 177, 81, 127, 109, 52, 15, 111,
       56, 100, 224, 246, 98, 83, 81, 145, 112, 126, 212, 30, 110, 201,
       176, 117, 14, 244, 171, 161, 128, 109, 186, 96, 33, 110, 97, 118,
       173, 125, 95, 250, 104, 175, 164, 243, 11, 206, 218, 47, 84, 250,
       253, 255, 227, 76, 243, 219, 220, 183, 118, 139, 63, 86, 47, 111,
       134, 255, 99, 228, 78, 141, 23, 70, 221, 195, 134, 165, 142, 75,
       200, 255, 247, 88, 196, 204, 254, 204, 99, 255, 152, 178, 89, 133,
       63, 127, 254, 250, 68, 248, 188, 189, 112, 45, 237, 81, 159, 251,
       255, 164, 24, 190, 221, 64, 59, 129, 118, 237, 16, 59, 111, 250,
       51, 219, 217, 81, 127, 210, 8, 198, 123, 245, 93, 125, 69, 244,
       15, 239, 55, 80, 234, 118, 74, 83, 49, 149, 99, 126, 212, 22, 106,
       233, 244, 117, 12, 101, 139, 101, 132, 101, 248, 80, 233, 199,
       121, 189, 250, 236, 165, 191, 212, 139, 89, 17, 126, 188, 223,
       252, 43, 239, 115, 95, 95, 147, 71, 170, 225, 253, 25, 250, 234,
       156, 155, 163, 177, 199, 91, 187, 242, 236, 229, 255, 212, 139,
       89, 185, 122, 156, 223, 253, 43, 238, 211, 95, 211, 211, 67, 170,
       225, 119, 89, 110, 250, 148, 223, 163, 115, 56, 142, 145, 127, 19,
       110, 67, 158, 54, 7, 104, 16, 127, 115, 41, 220, 113, 250, 170, 8,
       42, 156, 121, 63, 245, 231, 16, 17, 178, 209, 70, 42, 189, 71, 66,
       205, 84, 18, 238, 120, 116, 192, 251, 198, 81, 104, 189, 225, 126,
       236, 22, 238, 237, 179, 13, 142, 54, 43, 163, 132, 61, 187, 120,
       132, 129, 49, 153, 229, 164, 78, 100, 57, 113, 234, 119, 76, 215,
       117, 217, 174, 24, 76, 116, 106, 193, 240, 241, 10, 165, 217, 101,
       52, 74, 250, 210, 177 ]
