%YAML:1.0
---
descriptors: !!opencv-matrix
   rows: 29
   cols: 32
   dt: u
   data: [ 172, 133, 150, 254, 253, 171, 86, 233, 223, 19, 249, 25, 206,
       233, 44, 201, 211, 121, 239, 34, 116, 103, 10, 159, 250, 255, 71,
       127, 214, 235, 233, 131, 246, 72, 214, 254, 77, 86, 94, 232, 185,
       150, 178, 11, 106, 250, 47, 223, 248, 245, 237, 226, 108, 71, 155,
       234, 147, 250, 199, 31, 33, 127, 126, 6, 54, 163, 197, 255, 156,
       3, 202, 168, 87, 176, 241, 202, 99, 104, 92, 2, 89, 204, 117, 243,
       122, 242, 207, 157, 136, 190, 197, 244, 125, 170, 80, 0, 5, 160,
       217, 243, 236, 173, 185, 159, 238, 59, 57, 120, 158, 185, 220, 42,
       175, 27, 127, 25, 147, 124, 203, 211, 204, 159, 127, 244, 220,
       202, 129, 161, 93, 71, 69, 71, 176, 30, 79, 184, 117, 170, 127,
       228, 83, 97, 153, 116, 54, 204, 44, 110, 233, 240, 109, 46, 230,
       239, 37, 132, 111, 243, 80, 33, 6, 161, 144, 129, 253, 111, 184,
       73, 31, 53, 177, 27, 204, 122, 92, 8, 187, 155, 251, 49, 18, 115,
       219, 212, 157, 22, 31, 119, 148, 8, 133, 134, 198, 236, 148, 159,
       29, 137, 166, 168, 190, 178, 1, 2, 236, 226, 77, 199, 177, 237,
       106, 195, 98, 69, 154, 251, 189, 18, 207, 43, 0, 50, 9, 6, 50, 32,
       214, 172, 107, 11, 152, 72, 29, 162, 240, 137, 78, 190, 37, 159,
       222, 157, 255, 37, 76, 211, 195, 200, 146, 254, 91, 191, 84, 44,
       43, 135, 209, 88, 31, 116, 8, 78, 69, 181, 224, 242, 166, 88, 247,
       51, 1, 123, 0, 244, 124, 106, 105, 101, 187, 41, 209, 171, 116,
       16, 104, 176, 194, 40, 74, 189, 51, 246, 19, 204, 48, 39, 189, 9,
       74, 17, 190, 191, 32, 208, 164, 59, 255, 1, 83, 137, 146, 199,
       213, 247, 26, 11, 0, 64, 133, 123, 80, 0, 158, 169, 56, 11, 24,
       107, 62, 177, 178, 8, 159, 34, 64, 203, 214, 5, 110, 49, 24, 235,
       195, 28, 152, 247, 123, 85, 144, 40, 41, 1, 229, 227, 132, 55,
       141, 15, 70, 184, 235, 187, 163, 77, 195, 96, 91, 154, 145, 196,
       108, 127, 206, 97, 219, 48, 173, 218, 69, 124, 200, 123, 218, 4,
       240, 72, 223, 253, 110, 40, 237, 20, 185, 146, 178, 218, 255, 171,
       21, 91, 107, 229, 111, 142, 105, 103, 195, 194, 212, 186, 250,
       152, 37, 249, 99, 40, 108, 177, 57, 99, 153, 111, 81, 185, 42, 61,
       45, 24, 214, 55, 72, 56, 145, 28, 64, 58, 19, 112, 249, 22, 205,
       156, 1, 118, 210, 3, 198, 98, 72, 177, 25, 187, 57, 205, 17, 159,
       31, 57, 32, 24, 190, 23, 72, 16, 133, 27, 206, 0, 2, 40, 91, 55,
       237, 213, 48, 122, 80, 8, 131, 11, 18, 34, 214, 165, 42, 11, 184,
       66, 44, 49, 211, 234, 141, 2, 0, 202, 110, 29, 127, 145, 0, 219,
       197, 192, 148, 225, 122, 147, 4, 8, 41, 129, 89, 146, 156, 181,
       48, 174, 48, 35, 60, 57, 131, 112, 175, 50, 128, 218, 231, 55,
       236, 0, 52, 220, 193, 7, 140, 247, 122, 82, 136, 0, 9, 11, 161,
       237, 105, 77, 86, 203, 231, 252, 85, 228, 244, 74, 115, 85, 149,
       53, 88, 236, 22, 110, 233, 178, 101, 31, 118, 8, 37, 0, 119, 154,
       86, 232, 252, 227, 120, 234, 28, 27, 82, 248, 83, 164, 181, 175,
       83, 73, 91, 16, 88, 220, 197, 115, 78, 54, 200, 63, 250, 205, 165,
       125, 101, 187, 94, 2, 120, 235, 104, 100, 80, 27, 87, 188, 98,
       164, 252, 136, 51, 1, 210, 48, 24, 204, 68, 120, 202, 186, 229,
       30, 251, 237, 37, 61, 101, 178, 206, 42, 66, 121, 123, 226, 236,
       228, 255, 212, 201, 25, 189, 26, 156, 159, 116, 42, 238, 211, 95,
       219, 147, 43, 186, 225, 247, 216, 154, 250, 20, 155, 167, 249,
       147, 67, 113, 225, 102, 8, 232, 16, 105, 40, 179, 230, 159, 10,
       149, 113, 110, 141, 31, 237, 137, 180, 69, 192, 150, 216, 170,
       128, 45, 138, 113, 145, 147, 85, 113, 225, 100, 44, 233, 23, 105,
       72, 123, 214, 159, 11, 156, 96, 126, 133, 23, 239, 137, 180, 85,
       206, 134, 248, 170, 128, 47, 139, 81, 49, 180, 255, 89, 96, 94,
       75, 83, 248, 18, 164, 244, 143, 115, 77, 73, 17, 28, 220, 69, 106,
       104, 54, 89, 63, 251, 201, 37, 60, 117, 187, 70, 218, 67, 132,
       150, 55, 1, 188, 48, 35, 253, 83, 107, 20, 190, 242, 14, 254, 129,
       39, 120, 12, 55, 201, 179, 99, 141, 254, 90, 82, 136, 64, 137, 30,
       194, 221, 23, 222, 75, 192, 53, 103, 172, 23, 194, 176, 172, 183,
       32, 215, 162, 59, 235, 128, 98, 203, 162, 229, 177, 178, 94, 139,
       0, 16, 167, 171, 242, 109, 112, 226, 231, 184, 254, 135, 249, 7,
       185, 27, 143, 42, 86, 222, 239, 195, 223, 211, 254, 47, 200, 226,
       182, 252, 158, 251, 231, 223, 255, 79, 179, 71, 97, 227, 230, 44,
       238, 151, 105, 2, 187, 214, 155, 10, 148, 64, 111, 195, 31, 239,
       249, 180, 77, 226, 182, 216, 174, 128, 45, 219, 241, 160, 246,
       221, 121, 250, 238, 225, 223, 213, 217, 78, 189, 59, 254, 255,
       125, 51, 239, 211, 23, 195, 250, 39, 58, 226, 251, 221, 142, 251,
       213, 255, 247, 115 ]
keypoints: !!opencv-matrix
   rows: 29
   cols: 2
   dt: d
   data: [ 135., 175., 8.1600006103515625e+01, 2.4360000610351562e+02,
       1.0800000762939453e+02, 1.7520001220703125e+02,
       1.5408000183105469e+02, 2.4768000793457031e+02,
       1.8144000244140625e+02, 2.4480000305175781e+02,
       8.2080001831054688e+01, 2.3472001647949219e+02,
       1.2528000640869141e+02, 1.7712001037597656e+02,
       1.2672000122070312e+02, 1.7136000061035156e+02,
       2.2176000976562500e+02, 2.4048001098632812e+02,
       1.4860801696777344e+02, 1.7107202148437500e+02,
       1.3305601501464844e+02, 1.7452801513671875e+02,
       1.4515200805664062e+02, 1.8662402343750000e+02,
       1.5379200744628906e+02, 2.3846401977539062e+02,
       1.8835202026367188e+02, 2.3846401977539062e+02,
       2.4710401916503906e+02, 2.4537602233886719e+02,
       1.2648961639404297e+02, 1.7210882568359375e+02,
       1.3478401184082031e+02, 1.7418241882324219e+02,
       9.9532821655273438e+01, 1.7169412231445312e+02,
       1.0948610687255859e+02, 1.7667076110839844e+02,
       9.9532821655273438e+01, 1.7915908813476562e+02,
       1.7617309570312500e+02, 1.1048143768310547e+02,
       2.7471060180664062e+02, 1.1048143768310547e+02,
       2.8665454101562500e+02, 1.1346742248535156e+02,
       1.1048143768310547e+02, 1.7617309570312500e+02,
       1.3138333129882812e+02, 1.7617309570312500e+02,
       1.4929924011230469e+02, 1.7617309570312500e+02,
       2.2574046325683594e+02, 1.1107863616943359e+02,
       2.7590499877929688e+02, 1.1107863616943359e+02,
       1.8990864562988281e+02, 1.1466181945800781e+02 ]
