%YAML:1.0
---
descriptors: !!opencv-matrix
   rows: 39
   cols: 32
   dt: u
   data: [ 206, 188, 156, 58, 169, 253, 20, 142, 187, 159, 164, 25, 174,
       255, 74, 155, 131, 115, 233, 16, 54, 79, 218, 115, 203, 211, 85,
       123, 210, 84, 143, 11, 133, 176, 253, 243, 236, 173, 185, 95, 239,
       59, 49, 120, 158, 185, 220, 43, 175, 27, 127, 25, 179, 124, 235,
       209, 207, 219, 127, 244, 220, 200, 129, 163, 246, 72, 214, 140,
       77, 86, 86, 104, 169, 134, 243, 11, 78, 250, 39, 223, 248, 245,
       239, 227, 108, 103, 155, 200, 147, 50, 199, 27, 3, 127, 126, 6,
       198, 237, 148, 151, 213, 128, 166, 132, 186, 55, 138, 19, 228,
       226, 76, 70, 225, 239, 42, 211, 118, 88, 202, 227, 189, 22, 223,
       111, 128, 115, 169, 142, 88, 172, 188, 112, 169, 233, 17, 143,
       171, 63, 164, 25, 142, 191, 72, 27, 129, 211, 237, 16, 58, 79,
       234, 49, 219, 211, 85, 127, 194, 80, 135, 106, 251, 91, 127, 109,
       40, 20, 93, 54, 173, 74, 214, 245, 127, 61, 183, 127, 198, 23,
       253, 71, 205, 159, 113, 160, 242, 251, 248, 146, 14, 244, 180,
       127, 5, 160, 153, 243, 236, 173, 249, 159, 79, 59, 57, 120, 159,
       153, 216, 42, 175, 27, 126, 25, 147, 124, 203, 211, 204, 156, 63,
       244, 220, 202, 129, 161, 209, 216, 29, 118, 8, 78, 69, 181, 224,
       242, 166, 24, 247, 83, 0, 123, 0, 244, 124, 106, 105, 101, 187,
       41, 241, 171, 117, 16, 104, 176, 194, 40, 11, 130, 236, 25, 176,
       159, 104, 191, 118, 113, 86, 213, 241, 34, 158, 228, 117, 142, 54,
       156, 183, 220, 77, 87, 110, 47, 255, 196, 190, 132, 216, 156, 108,
       181, 57, 99, 217, 111, 81, 9, 42, 53, 45, 24, 214, 55, 72, 56,
       145, 30, 65, 56, 26, 112, 249, 20, 207, 157, 5, 117, 208, 74, 198,
       226, 242, 72, 223, 252, 108, 40, 124, 16, 169, 146, 182, 218, 223,
       43, 149, 91, 111, 245, 125, 170, 104, 71, 195, 192, 214, 251, 242,
       152, 37, 241, 98, 33, 101, 99, 56, 71, 52, 31, 67, 56, 105, 168,
       191, 8, 223, 66, 140, 116, 146, 196, 76, 106, 200, 178, 233, 28,
       245, 253, 35, 52, 64, 163, 71, 32, 109, 87, 117, 69, 52, 30, 79,
       191, 97, 232, 190, 76, 211, 33, 145, 116, 22, 196, 124, 108, 201,
       176, 117, 14, 166, 239, 37, 148, 110, 242, 66, 33, 220, 84, 31,
       101, 3, 110, 103, 64, 117, 162, 230, 2, 91, 19, 5, 113, 184, 245,
       104, 226, 105, 183, 177, 78, 243, 233, 130, 1, 97, 113, 110, 42,
       143, 119, 192, 9, 224, 23, 239, 216, 62, 218, 93, 229, 217, 66,
       255, 45, 62, 72, 23, 254, 195, 240, 31, 216, 44, 88, 175, 132, 95,
       247, 97, 213, 125, 239, 156, 37, 189, 15, 70, 186, 123, 188, 170,
       76, 195, 33, 83, 18, 145, 196, 108, 124, 206, 96, 195, 50, 237,
       255, 37, 124, 192, 113, 74, 2, 2, 160, 134, 156, 31, 139, 160,
       232, 190, 180, 128, 3, 236, 226, 97, 197, 177, 109, 234, 161, 70,
       65, 138, 221, 156, 6, 207, 63, 16, 32, 43, 134, 102, 235, 196,
       143, 92, 11, 194, 136, 15, 184, 177, 239, 194, 104, 205, 146, 217,
       196, 110, 118, 78, 98, 203, 153, 12, 54, 197, 126, 93, 59, 88, 4,
       16, 0, 158, 173, 56, 11, 24, 104, 60, 160, 242, 9, 207, 163, 32,
       201, 222, 149, 110, 33, 8, 235, 65, 140, 144, 247, 123, 21, 80,
       40, 41, 9, 50, 32, 86, 172, 43, 11, 152, 104, 15, 160, 240, 139,
       15, 138, 36, 144, 254, 157, 127, 33, 12, 131, 67, 220, 144, 240,
       75, 187, 84, 40, 43, 131, 74, 180, 51, 246, 49, 236, 56, 39, 189,
       9, 91, 49, 188, 191, 32, 80, 132, 59, 255, 1, 51, 153, 146, 199,
       199, 247, 26, 195, 2, 68, 135, 59, 3, 178, 30, 153, 236, 157, 168,
       223, 158, 121, 84, 84, 188, 130, 122, 173, 167, 11, 50, 29, 151,
       92, 31, 209, 12, 24, 30, 108, 154, 140, 137, 156, 82, 149, 19,
       190, 27, 196, 53, 103, 173, 21, 200, 51, 172, 255, 32, 64, 162,
       59, 219, 1, 82, 9, 146, 199, 177, 244, 26, 75, 16, 0, 165, 122,
       119, 227, 196, 6, 61, 9, 194, 232, 11, 184, 177, 239, 195, 200,
       93, 150, 216, 197, 236, 118, 78, 35, 207, 144, 152, 220, 133, 62,
       93, 47, 90, 4, 73, 61, 26, 245, 177, 205, 52, 39, 173, 137, 106,
       24, 190, 179, 0, 112, 128, 63, 108, 0, 65, 216, 146, 14, 231, 253,
       22, 51, 72, 64, 139, 11, 18, 170, 196, 29, 18, 139, 40, 30, 54,
       17, 66, 243, 177, 130, 148, 88, 118, 255, 35, 149, 130, 216, 71,
       125, 4, 38, 58, 192, 53, 128, 161, 137, 1, 168, 132, 25, 148, 142,
       232, 167, 54, 49, 66, 85, 209, 160, 16, 72, 217, 46, 51, 157, 187,
       216, 87, 23, 12, 46, 251, 68, 156, 8, 208, 40, 244, 235, 72, 162,
       28, 25, 82, 232, 3, 164, 177, 175, 67, 201, 91, 16, 218, 205, 204,
       243, 78, 39, 201, 191, 186, 197, 37, 127, 117, 59, 94, 6, 80, 34,
       12, 173, 14, 19, 0, 72, 166, 180, 128, 231, 151, 130, 194, 66, 88,
       133, 108, 229, 14, 67, 199, 29, 208, 225, 171, 61, 60, 0, 45, 64,
       75, 134, 148, 53, 48, 186, 56, 35, 252, 35, 203, 212, 175, 34,
       130, 218, 134, 39, 108, 12, 180, 220, 197, 71, 140, 255, 90, 80,
       8, 128, 9, 13, 208, 125, 23, 254, 19, 204, 52, 103, 173, 1, 106,
       16, 172, 183, 32, 245, 166, 51, 234, 0, 98, 201, 146, 229, 177,
       240, 30, 11, 0, 16, 175, 43, 98, 121, 251, 242, 108, 229, 191,
       212, 203, 89, 177, 218, 156, 159, 244, 42, 238, 115, 95, 219, 131,
       47, 186, 225, 247, 217, 186, 250, 20, 155, 167, 177, 211, 67, 113,
       225, 102, 8, 232, 16, 105, 0, 187, 226, 159, 10, 156, 80, 110,
       133, 31, 237, 136, 180, 69, 192, 150, 248, 170, 128, 101, 138, 97,
       161, 0, 170, 70, 31, 24, 139, 40, 135, 54, 17, 66, 208, 161, 130,
       144, 192, 102, 175, 106, 157, 10, 216, 199, 113, 4, 34, 186, 0,
       53, 128, 168, 136, 82, 249, 23, 222, 43, 192, 53, 103, 172, 23,
       226, 176, 172, 151, 32, 215, 162, 59, 235, 128, 66, 203, 162, 225,
       177, 178, 94, 139, 0, 16, 167, 171, 65, 133, 150, 55, 33, 188, 56,
       39, 236, 211, 43, 21, 174, 162, 22, 119, 132, 39, 104, 13, 53,
       201, 147, 99, 141, 254, 90, 82, 200, 68, 139, 92, 215, 71, 80,
       227, 230, 40, 238, 151, 121, 2, 187, 246, 159, 10, 156, 80, 127,
       195, 31, 239, 248, 180, 77, 226, 182, 216, 174, 128, 101, 219,
       241, 129, 230, 221, 123, 250, 236, 229, 223, 244, 201, 94, 189,
       58, 252, 255, 125, 50, 207, 243, 95, 211, 242, 39, 186, 243, 251,
       93, 174, 186, 151, 251, 167, 115, 135, 79, 112, 227, 228, 174,
       238, 151, 121, 42, 59, 214, 157, 43, 149, 9, 111, 231, 23, 239,
       249, 180, 92, 234, 166, 252, 174, 132, 175, 251, 209, 129 ]
