%YAML:1.0
---
descriptors: !!opencv-matrix
   rows: 89
   cols: 32
   dt: u
   data: [ 33, 29, 127, 69, 112, 79, 235, 54, 125, 200, 126, 96, 22, 53,
       132, 52, 54, 124, 86, 104, 129, 184, 49, 108, 111, 190, 32, 192,
       75, 161, 66, 177, 109, 79, 91, 103, 36, 14, 111, 180, 108, 136,
       126, 104, 243, 65, 153, 112, 22, 228, 108, 110, 201, 176, 225, 46,
       230, 253, 36, 128, 72, 179, 66, 41, 133, 164, 221, 241, 236, 169,
       233, 159, 254, 51, 48, 216, 157, 169, 216, 11, 171, 11, 110, 28,
       51, 124, 203, 208, 204, 154, 119, 108, 220, 200, 131, 160, 109,
       79, 91, 101, 36, 10, 111, 188, 97, 136, 126, 108, 243, 1, 145,
       115, 18, 196, 76, 110, 201, 176, 229, 44, 230, 249, 36, 128, 104,
       179, 66, 41, 9, 25, 87, 69, 112, 142, 111, 55, 124, 72, 118, 64,
       60, 51, 128, 52, 38, 116, 118, 72, 193, 184, 17, 110, 103, 190,
       32, 128, 74, 160, 99, 185, 98, 188, 239, 178, 223, 237, 177, 135,
       171, 87, 146, 191, 174, 188, 86, 42, 207, 179, 251, 145, 191, 107,
       242, 225, 95, 22, 222, 251, 205, 76, 150, 254, 125, 61, 246, 68,
       11, 126, 87, 80, 225, 238, 174, 44, 74, 188, 135, 191, 46, 228,
       236, 110, 141, 99, 181, 168, 147, 249, 65, 59, 107, 247, 78, 87,
       123, 92, 118, 84, 43, 254, 87, 178, 225, 238, 174, 40, 106, 223,
       135, 247, 38, 244, 252, 106, 204, 199, 182, 237, 211, 251, 65,
       155, 99, 181, 110, 127, 161, 227, 117, 81, 116, 159, 239, 254,
       126, 56, 116, 244, 184, 0, 156, 37, 15, 10, 70, 110, 227, 252,
       109, 117, 44, 24, 52, 228, 83, 144, 195, 237, 219, 186, 149, 248,
       171, 132, 29, 223, 190, 123, 144, 116, 188, 183, 96, 235, 231, 27,
       127, 152, 243, 77, 155, 241, 217, 219, 127, 254, 154, 64, 161, 59,
       238, 160, 180, 218, 237, 249, 144, 73, 203, 63, 181, 26, 14, 157,
       108, 159, 137, 147, 227, 16, 18, 103, 202, 209, 95, 209, 81, 127,
       211, 12, 206, 131, 205, 206, 69, 85, 52, 26, 103, 184, 121, 82,
       182, 84, 243, 96, 157, 247, 19, 196, 108, 110, 233, 229, 101, 47,
       166, 251, 101, 20, 78, 177, 66, 36, 106, 184, 189, 88, 233, 253,
       17, 199, 171, 95, 164, 61, 46, 191, 70, 30, 133, 179, 237, 16, 30,
       75, 242, 241, 91, 211, 84, 123, 210, 68, 206, 95, 111, 36, 240,
       225, 253, 127, 242, 200, 111, 245, 191, 27, 206, 29, 95, 190, 187,
       133, 223, 63, 150, 115, 249, 208, 159, 221, 3, 119, 199, 239, 95,
       198, 115, 60, 250, 92, 107, 252, 83, 82, 233, 206, 190, 45, 42,
       188, 23, 62, 174, 247, 252, 70, 172, 35, 182, 234, 19, 125, 64,
       59, 227, 117, 78, 95, 73, 78, 53, 69, 44, 62, 101, 186, 105, 234,
       190, 76, 247, 32, 149, 255, 129, 68, 108, 46, 225, 225, 231, 13,
       134, 255, 113, 20, 74, 242, 67, 44, 133, 174, 133, 155, 222, 170,
       103, 191, 182, 146, 74, 214, 241, 227, 200, 65, 113, 234, 42, 190,
       114, 92, 143, 127, 44, 134, 231, 108, 185, 241, 161, 40, 133, 142,
       215, 222, 190, 43, 188, 235, 222, 179, 242, 88, 238, 227, 44, 207,
       223, 119, 106, 40, 48, 235, 11, 255, 184, 190, 87, 124, 212, 232,
       161, 161, 188, 113, 19, 232, 105, 205, 86, 120, 169, 8, 241, 9,
       63, 223, 40, 145, 190, 153, 213, 98, 106, 39, 26, 189, 243, 217,
       0, 59, 114, 17, 166, 131, 21, 213, 31, 225, 48, 143, 111, 57, 52,
       232, 155, 70, 215, 87, 184, 97, 54, 52, 94, 126, 233, 145, 25, 28,
       233, 142, 47, 196, 40, 130, 161, 49, 107, 167, 227, 158, 253, 179,
       109, 127, 31, 239, 95, 223, 104, 225, 188, 204, 125, 170, 183,
       188, 179, 122, 79, 223, 62, 94, 213, 238, 159, 236, 240, 125, 35,
       162, 215, 157, 122, 139, 184, 67, 62, 177, 210, 226, 188, 142,
       128, 73, 238, 61, 127, 157, 3, 219, 67, 221, 156, 50, 251, 192,
       156, 136, 33, 161, 66, 32, 209, 145, 102, 232, 233, 2, 107, 55,
       179, 24, 140, 10, 84, 26, 171, 141, 111, 25, 2, 124, 193, 192,
       149, 144, 26, 96, 197, 65, 67, 168, 73, 16, 209, 109, 34, 78, 97,
       58, 105, 232, 102, 108, 223, 55, 129, 246, 86, 244, 124, 44, 129,
       152, 245, 8, 197, 170, 96, 16, 42, 160, 67, 49, 244, 242, 223,
       100, 42, 14, 86, 184, 161, 186, 162, 108, 95, 83, 201, 211, 151,
       213, 236, 98, 105, 231, 201, 10, 178, 242, 101, 30, 104, 178, 226,
       17, 205, 90, 239, 119, 44, 74, 111, 176, 249, 190, 119, 196, 249,
       235, 223, 219, 67, 100, 125, 238, 233, 213, 191, 104, 70, 251,
       231, 132, 46, 179, 90, 49, 10, 185, 167, 186, 237, 201, 185, 195,
       142, 93, 148, 179, 172, 237, 114, 139, 169, 59, 251, 17, 18, 107,
       186, 241, 221, 83, 94, 251, 214, 12, 183, 251, 223, 26, 210, 208,
       51, 240, 90, 19, 185, 204, 182, 178, 8, 134, 231, 254, 110, 181,
       236, 152, 61, 207, 166, 206, 154, 255, 130, 203, 167, 165, 110,
       117, 247, 123, 101, 69, 86, 18, 238, 184, 97, 224, 250, 207, 67,
       72, 151, 50, 124, 228, 85, 239, 205, 178, 205, 172, 54, 104, 165,
       148, 109, 191, 82, 28, 73, 12, 241, 103, 36, 62, 102, 50, 125,
       226, 127, 76, 255, 32, 149, 248, 147, 230, 108, 14, 141, 240, 233,
       45, 134, 255, 112, 0, 202, 243, 66, 45, 155, 207, 78, 190, 46, 18,
       190, 236, 156, 74, 218, 231, 233, 232, 183, 193, 254, 97, 159,
       231, 236, 129, 15, 255, 162, 99, 234, 145, 61, 254, 57, 93, 74,
       188, 23, 183, 53, 237, 48, 39, 189, 73, 122, 61, 190, 191, 0, 208,
       135, 59, 255, 1, 51, 216, 210, 199, 141, 247, 26, 194, 8, 64, 135,
       59, 1, 130, 213, 213, 58, 138, 40, 51, 60, 179, 242, 244, 188, 35,
       128, 239, 103, 37, 110, 12, 33, 220, 69, 205, 140, 190, 122, 192,
       142, 136, 33, 173, 187, 223, 62, 252, 59, 86, 159, 250, 149, 222,
       244, 38, 108, 255, 163, 245, 254, 241, 183, 238, 237, 199, 50,
       223, 243, 235, 239, 159, 59, 180, 44, 127, 154, 75, 111, 245, 20,
       218, 237, 39, 20, 228, 214, 135, 161, 13, 151, 193, 106, 230, 155,
       205, 237, 156, 117, 174, 102, 107, 222, 129, 47, 156, 116, 252,
       123, 107, 74, 12, 85, 30, 202, 120, 97, 228, 254, 205, 75, 200,
       159, 212, 56, 236, 228, 238, 205, 51, 180, 13, 50, 109, 161, 180,
       111, 166, 90, 148, 93, 114, 183, 228, 39, 122, 123, 216, 251, 254,
       119, 36, 79, 239, 251, 254, 183, 101, 253, 110, 133, 245, 187,
       200, 211, 255, 111, 135, 206, 247, 127, 119, 47, 58, 226, 88, 111,
       181, 248, 74, 223, 209, 112, 254, 8, 200, 247, 205, 255, 168, 178,
       29, 151, 127, 182, 240, 30, 90, 209, 235, 223, 141, 122, 197, 220,
       154, 126, 240, 178, 203, 51, 113, 189, 172, 247, 171, 79, 207, 32,
       81, 182, 245, 237, 114, 120, 239, 129, 236, 219, 227, 99, 211, 97,
       169, 45, 3, 74, 184, 191, 250, 139, 213, 51, 227, 175, 81, 142, 0,
       188, 223, 102, 96, 199, 51, 251, 144, 87, 9, 59, 243, 219, 247,
       30, 123, 154, 2, 133, 127, 109, 13, 235, 103, 100, 60, 98, 144,
       127, 97, 111, 8, 243, 105, 24, 240, 18, 238, 110, 78, 141, 240,
       253, 33, 199, 253, 96, 0, 234, 251, 90, 32, 10, 184, 191, 186, 15,
       213, 185, 194, 143, 85, 148, 3, 172, 223, 98, 142, 233, 59, 251,
       145, 18, 75, 186, 241, 219, 87, 219, 251, 146, 13, 53, 250, 114,
       16, 248, 76, 59, 80, 89, 8, 121, 197, 244, 167, 43, 30, 135, 125,
       238, 157, 172, 208, 142, 231, 247, 201, 147, 248, 146, 139, 247,
       133, 100, 95, 15, 123, 53, 96, 185, 183, 248, 218, 109, 232, 184,
       100, 156, 30, 181, 172, 174, 17, 222, 252, 149, 169, 33, 220, 26,
       217, 43, 214, 223, 133, 75, 53, 73, 63, 141, 117, 172, 46, 109,
       183, 232, 251, 58, 236, 243, 33, 145, 58, 135, 102, 108, 12, 217,
       248, 199, 40, 228, 255, 117, 144, 204, 248, 211, 25, 33, 31, 103,
       79, 116, 139, 235, 113, 77, 72, 127, 228, 241, 69, 181, 37, 94,
       56, 22, 44, 225, 184, 101, 221, 36, 30, 162, 128, 95, 138, 80,
       253, 178, 223, 124, 220, 188, 215, 92, 255, 223, 220, 148, 175,
       52, 255, 55, 97, 215, 113, 159, 229, 231, 79, 50, 223, 251, 27,
       239, 191, 28, 184, 109, 223, 90, 184, 187, 250, 27, 213, 19, 210,
       191, 73, 136, 4, 188, 223, 100, 112, 231, 59, 255, 144, 19, 9,
