%YAML:1.0
---
descriptors: !!opencv-matrix
   rows: 129
   cols: 32
   dt: u
   data: [ 53, 205, 115, 79, 246, 27, 239, 252, 84, 224, 251, 70, 115,
       97, 189, 164, 126, 238, 22, 234, 217, 178, 109, 63, 63, 236, 165,
       132, 119, 187, 244, 224, 213, 76, 78, 167, 38, 2, 110, 184, 100,
       226, 215, 198, 83, 98, 155, 99, 126, 228, 60, 239, 237, 213, 221,
       40, 240, 171, 239, 132, 45, 187, 120, 17, 101, 161, 249, 69, 180,
       78, 103, 185, 99, 168, 238, 8, 211, 113, 73, 52, 88, 222, 76, 106,
       25, 178, 249, 12, 109, 188, 37, 52, 64, 242, 194, 160, 25, 205,
       63, 103, 180, 207, 71, 182, 101, 136, 174, 8, 247, 113, 0, 112,
       176, 246, 76, 104, 123, 169, 17, 63, 233, 239, 37, 80, 96, 154,
       192, 42, 100, 48, 185, 225, 189, 110, 65, 8, 115, 251, 167, 24,
       214, 119, 73, 58, 153, 220, 125, 56, 59, 114, 249, 2, 207, 223, 1,
       116, 192, 99, 70, 34, 114, 121, 63, 254, 11, 196, 23, 196, 169,
       20, 172, 9, 46, 159, 99, 51, 224, 241, 249, 67, 74, 107, 178, 225,
       243, 240, 72, 59, 65, 51, 39, 122, 161, 172, 197, 215, 213, 175,
       233, 87, 87, 227, 98, 86, 113, 33, 148, 172, 125, 238, 18, 156,
       187, 254, 117, 255, 13, 14, 211, 64, 223, 200, 208, 172, 100, 48,
       241, 97, 245, 110, 97, 8, 107, 177, 162, 8, 150, 21, 73, 58, 185,
       220, 124, 56, 27, 240, 241, 0, 207, 220, 5, 118, 192, 97, 70, 162,
       213, 67, 70, 175, 38, 2, 111, 184, 37, 224, 210, 199, 113, 67,
       155, 81, 118, 228, 61, 238, 233, 148, 93, 47, 244, 170, 239, 132,
       45, 178, 240, 113, 10, 141, 140, 187, 177, 243, 24, 167, 31, 73,
       202, 17, 172, 250, 34, 192, 193, 43, 187, 149, 30, 136, 67, 183,
       171, 119, 158, 67, 144, 68, 185, 14, 60, 109, 253, 103, 236, 75,
       71, 220, 66, 184, 188, 40, 115, 117, 193, 54, 89, 244, 68, 122,
       73, 98, 235, 56, 251, 201, 101, 60, 243, 251, 86, 227, 53, 199,
       111, 79, 180, 27, 239, 248, 84, 224, 250, 66, 243, 97, 157, 224,
       126, 236, 22, 234, 233, 176, 109, 63, 175, 237, 167, 132, 117,
       187, 112, 225, 150, 252, 182, 151, 157, 244, 190, 231, 190, 183,
       218, 19, 236, 126, 78, 207, 237, 247, 175, 147, 62, 221, 155, 227,
       189, 54, 223, 67, 135, 125, 189, 95, 31, 0, 215, 199, 114, 10, 63,
       224, 61, 34, 99, 130, 221, 39, 137, 245, 54, 213, 91, 238, 32,
       209, 13, 76, 212, 174, 75, 4, 38, 227, 35, 160, 40, 161, 91, 108,
       69, 205, 98, 72, 114, 32, 97, 8, 51, 211, 96, 240, 120, 188, 34,
       74, 67, 50, 218, 19, 87, 173, 1, 40, 121, 138, 66, 162, 234, 61,
       56, 214, 253, 245, 191, 230, 137, 239, 28, 43, 172, 190, 87, 38,
       207, 115, 219, 131, 52, 75, 242, 239, 127, 95, 223, 171, 134, 125,
       21, 255, 4, 167, 188, 99, 242, 43, 169, 9, 58, 181, 63, 184, 213,
       67, 200, 26, 51, 13, 67, 56, 18, 208, 169, 64, 76, 132, 39, 228,
       228, 195, 135, 225, 245, 67, 67, 205, 102, 2, 111, 184, 37, 160,
       210, 198, 81, 99, 153, 84, 126, 228, 61, 238, 201, 144, 45, 79,
       180, 174, 231, 132, 45, 178, 112, 113, 117, 66, 251, 229, 36, 10,
       79, 184, 96, 234, 254, 194, 211, 97, 153, 114, 126, 196, 60, 238,
       201, 180, 237, 8, 228, 175, 225, 132, 109, 251, 120, 33, 65, 2,
       154, 225, 100, 42, 104, 3, 62, 185, 114, 112, 157, 131, 208, 88,
       166, 13, 110, 28, 2, 216, 129, 64, 204, 190, 122, 196, 136, 128,
       1, 40, 33, 173, 216, 89, 208, 159, 239, 231, 126, 161, 108, 136,
       179, 162, 84, 52, 25, 110, 2, 28, 83, 184, 252, 63, 109, 156, 21,
       112, 208, 208, 194, 172, 3, 48, 57, 243, 112, 173, 185, 23, 62,
       57, 115, 112, 188, 159, 68, 120, 166, 59, 55, 17, 147, 156, 147,
       197, 69, 152, 58, 226, 152, 0, 1, 187, 95, 1, 215, 199, 83, 122,
       106, 96, 172, 160, 235, 2, 77, 99, 57, 242, 50, 197, 122, 238, 0,
       145, 61, 76, 151, 235, 75, 5, 35, 163, 35, 32, 9, 189, 145, 127,
       248, 205, 103, 182, 86, 8, 104, 72, 182, 243, 1, 32, 128, 122, 82,
       72, 19, 56, 91, 61, 109, 173, 36, 120, 88, 27, 131, 43, 21, 110,
       73, 199, 54, 10, 111, 216, 32, 232, 89, 230, 83, 76, 213, 41, 62,
       236, 20, 254, 205, 176, 173, 44, 188, 40, 101, 164, 237, 179, 18,
       209, 76, 185, 149, 86, 169, 204, 5, 182, 187, 185, 10, 104, 254,
       246, 192, 255, 133, 119, 236, 80, 19, 72, 235, 33, 141, 242, 117,
       218, 130, 81, 135, 61, 112, 235, 124, 78, 235, 89, 149, 238, 195,
       188, 188, 171, 35, 45, 199, 19, 14, 210, 228, 66, 78, 107, 234,
       49, 118, 193, 100, 187, 119, 249, 78, 235, 12, 178, 152, 115, 160,
       137, 105, 157, 54, 61, 127, 244, 159, 131, 200, 12, 23, 26, 4, 28,
       18, 216, 233, 48, 204, 201, 55, 228, 170, 130, 135, 177, 155, 107,
       67, 143, 54, 131, 239, 240, 20, 200, 208, 231, 121, 206, 183, 96,
       126, 233, 23, 239, 229, 157, 45, 239, 112, 13, 174, 128, 61, 190,
       49, 217, 27, 151, 114, 217, 19, 159, 120, 103, 127, 109, 254, 167,
       40, 138, 166, 212, 182, 171, 142, 140, 158, 152, 53, 223, 146, 93,
       18, 195, 63, 132, 173, 95, 187, 91, 107, 205, 118, 150, 235, 112,
       93, 72, 116, 230, 121, 134, 182, 116, 126, 173, 23, 238, 193, 190,
       36, 207, 118, 45, 162, 136, 127, 142, 114, 253, 231, 98, 232, 80,
       236, 29, 68, 216, 91, 250, 181, 92, 2, 201, 223, 191, 157, 204,
       102, 78, 237, 118, 234, 192, 23, 153, 69, 190, 75, 249, 90, 133,
       216, 90, 46, 188, 12, 14, 95, 50, 180, 198, 198, 135, 247, 173,
       51, 75, 228, 245, 125, 199, 236, 197, 23, 40, 211, 227, 235, 17,
       36, 185, 61, 90, 184, 126, 50, 250, 117, 215, 83, 240, 209, 14,
       244, 24, 42, 217, 35, 21, 216, 248, 133, 106, 104, 167, 112, 191,
       243, 217, 0, 59, 82, 157, 118, 235, 94, 30, 174, 165, 15, 46, 26,
       16, 160, 166, 143, 143, 207, 111, 19, 75, 244, 245, 253, 163, 172,
       213, 217, 136, 211, 231, 203, 21, 166, 255, 29, 18, 168, 253, 8,
       187, 221, 205, 146, 239, 22, 17, 208, 27, 175, 217, 114, 1, 201,
       59, 147, 81, 126, 110, 90, 183, 255, 209, 158, 123, 21, 12, 159,
       202, 109, 242, 252, 97, 172, 94, 65, 156, 107, 249, 182, 76, 211,
       25, 218, 58, 157, 196, 124, 60, 217, 112, 249, 0, 207, 217, 117,
       116, 202, 138, 210, 49, 125, 49, 252, 101, 172, 111, 75, 25, 97,
       232, 183, 76, 211, 101, 219, 58, 28, 196, 124, 126, 153, 240, 249,
       8, 199, 249, 101, 148, 232, 235, 66, 113, 8, 161, 152, 187, 157,
       237, 16, 143, 30, 53, 13, 17, 142, 254, 106, 64, 209, 27, 171, 17,
       22, 8, 219, 151, 235, 213, 31, 127, 144, 8, 141, 74, 113, 67, 67,
       205, 102, 2, 110, 120, 96, 234, 243, 230, 81, 99, 157, 244, 126,
       236, 52, 238, 201, 144, 173, 78, 52, 174, 167, 132, 45, 178, 112,
       161, 117, 66, 75, 229, 100, 10, 111, 56, 96, 232, 254, 230, 83,
       97, 145, 112, 126, 204, 52, 238, 201, 176, 237, 12, 228, 172, 161,
       132, 45, 187, 112, 33, 149, 83, 127, 109, 52, 15, 111, 248, 100,
       168, 246, 102, 211, 65, 153, 97, 126, 228, 30, 110, 233, 176, 109,
       28, 244, 171, 165, 132, 109, 186, 112, 49, 210, 91, 55, 190, 50,
       194, 53, 53, 172, 12, 82, 231, 252, 183, 32, 67, 166, 119, 237,
       192, 96, 137, 34, 109, 241, 162, 126, 131, 32, 16, 37, 123, 229,
       97, 233, 102, 172, 89, 77, 184, 227, 246, 165, 8, 195, 196, 219,
       191, 8, 196, 108, 110, 205, 99, 255, 160, 179, 217, 69, 61, 70,
       255, 94, 116, 212, 114, 29, 225, 160, 78, 125, 16, 44, 190, 167,
       120, 215, 23, 201, 123, 182, 85, 124, 122, 169, 212, 225, 8, 205,
       251, 103, 148, 160, 243, 5, 35, 232, 184, 188, 124, 205, 253, 81,
       143, 203, 189, 164, 24, 182, 185, 66, 58, 201, 214, 104, 16, 26,
       111, 251, 177, 223, 219, 85, 127, 210, 8, 214, 106, 252, 64, 204,
       231, 8, 66, 79, 152, 176, 178, 167, 26, 211, 67, 73, 91, 89, 196,
       109, 234, 104, 71, 219, 42, 209, 235, 229, 20, 33, 243, 66, 32,
       252, 69, 109, 231, 140, 66, 79, 184, 176, 182, 183, 74, 83, 99,
       153, 115, 120, 212, 125, 234, 105, 199, 249, 46, 241, 235, 229,
       148, 37, 251, 84, 32, 120, 184, 187, 112, 141, 237, 81, 151, 239,
