%YAML:1.0
---
descriptors: !!opencv-matrix
   rows: 48
   cols: 32
   dt: u
   data: [ 215, 219, 110, 175, 38, 6, 111, 184, 36, 228, 211, 231, 113,
       99, 155, 81, 126, 228, 61, 238, 233, 147, 29, 45, 240, 170, 239,
       128, 45, 179, 112, 113, 213, 93, 78, 167, 36, 2, 111, 184, 116,
       226, 215, 199, 115, 99, 155, 99, 126, 228, 61, 239, 237, 151, 221,
       46, 240, 171, 239, 132, 45, 179, 120, 17, 117, 48, 241, 101, 97,
       110, 81, 88, 59, 250, 165, 8, 94, 127, 73, 62, 179, 221, 85, 56,
       9, 242, 241, 0, 219, 222, 69, 54, 234, 113, 70, 243, 32, 181, 61,
       249, 252, 205, 145, 175, 14, 127, 60, 25, 182, 61, 76, 51, 137,
       19, 83, 16, 115, 106, 122, 23, 109, 158, 20, 126, 208, 72, 199,
       251, 53, 207, 115, 79, 182, 75, 239, 252, 116, 236, 254, 70, 115,
       97, 189, 228, 126, 238, 22, 234, 201, 176, 109, 61, 47, 236, 167,
       132, 119, 187, 116, 241, 69, 88, 159, 213, 100, 38, 169, 82, 248,
       202, 114, 86, 252, 226, 181, 107, 102, 101, 58, 14, 129, 213, 182,
       232, 84, 58, 250, 0, 140, 241, 33, 161, 120, 89, 187, 204, 45,
       209, 87, 68, 197, 68, 236, 40, 54, 221, 39, 80, 200, 244, 233, 64,
       72, 43, 242, 169, 243, 245, 0, 27, 82, 26, 116, 122, 155, 189, 47,
       185, 190, 215, 159, 231, 220, 220, 150, 183, 189, 28, 54, 35, 174,
       51, 221, 245, 253, 233, 53, 189, 235, 73, 174, 211, 109, 4, 181,
       223, 77, 24, 159, 220, 108, 36, 169, 82, 232, 218, 118, 86, 188,
       242, 245, 106, 230, 109, 58, 142, 129, 215, 178, 224, 85, 187,
       250, 8, 136, 241, 41, 184, 13, 88, 135, 117, 36, 174, 225, 18,
       116, 202, 114, 84, 243, 241, 177, 234, 120, 108, 50, 14, 169, 244,
       181, 42, 70, 254, 242, 0, 203, 249, 112, 152, 100, 48, 179, 97,
       240, 106, 113, 66, 59, 241, 162, 56, 150, 23, 65, 58, 163, 157,
       93, 48, 17, 243, 177, 64, 157, 154, 21, 118, 192, 33, 71, 163, 44,
       52, 185, 99, 221, 111, 83, 152, 107, 181, 45, 24, 214, 117, 73,
       58, 145, 92, 64, 58, 19, 112, 249, 16, 79, 221, 1, 116, 194, 107,
       70, 226, 21, 90, 105, 239, 54, 11, 203, 248, 76, 224, 88, 230, 81,
       68, 157, 33, 126, 236, 22, 238, 193, 176, 109, 61, 116, 169, 161,
       132, 125, 187, 80, 241, 155, 254, 3, 187, 23, 147, 170, 228, 158,
       70, 209, 215, 237, 206, 58, 129, 255, 41, 147, 231, 239, 149, 30,
       255, 176, 70, 155, 226, 52, 31, 49, 220, 59, 118, 75, 172, 118,
       131, 75, 112, 21, 200, 220, 231, 127, 205, 179, 0, 126, 169, 23,
       238, 205, 182, 36, 140, 242, 205, 161, 128, 47, 174, 48, 217, 125,
       83, 67, 77, 102, 22, 110, 120, 101, 232, 251, 230, 113, 67, 157,
       244, 126, 236, 54, 238, 201, 146, 45, 204, 52, 172, 167, 128, 47,
       179, 114, 181, 117, 82, 121, 229, 36, 78, 111, 56, 100, 232, 247,
       102, 211, 113, 153, 112, 126, 228, 60, 238, 201, 176, 109, 12,
       244, 175, 225, 132, 109, 187, 112, 49, 120, 184, 188, 126, 141,
       205, 81, 207, 195, 189, 164, 24, 242, 249, 70, 58, 201, 242, 232,
       16, 26, 111, 251, 177, 219, 219, 85, 127, 210, 8, 214, 42, 45,
       112, 185, 65, 85, 111, 99, 152, 107, 240, 47, 8, 214, 85, 77, 62,
       145, 92, 80, 122, 1, 240, 249, 40, 79, 220, 5, 52, 194, 123, 70,
       242, 55, 91, 107, 79, 118, 131, 238, 240, 100, 72, 122, 230, 113,
       76, 181, 100, 126, 233, 22, 238, 197, 177, 44, 125, 50, 44, 35,
       128, 125, 187, 98, 253, 117, 195, 235, 236, 52, 2, 111, 248, 101,
       160, 251, 226, 115, 111, 185, 114, 126, 252, 62, 238, 201, 179,
       173, 233, 242, 239, 167, 148, 101, 187, 112, 96, 125, 49, 249,
       101, 180, 15, 75, 24, 97, 224, 191, 8, 211, 85, 217, 48, 94, 220,
       92, 122, 137, 178, 253, 8, 251, 237, 37, 52, 239, 171, 82, 48,
       125, 81, 123, 101, 36, 14, 79, 184, 100, 224, 254, 74, 83, 81,
       153, 112, 126, 212, 124, 110, 201, 178, 125, 12, 241, 239, 229,
       20, 105, 187, 66, 48, 117, 83, 99, 69, 118, 14, 111, 56, 97, 232,
       126, 70, 83, 81, 145, 116, 126, 204, 54, 238, 201, 176, 125, 12,
       116, 172, 165, 132, 109, 187, 112, 177, 49, 81, 123, 101, 54, 15,
       111, 56, 100, 224, 255, 70, 83, 85, 153, 112, 126, 244, 62, 238,
       201, 176, 125, 12, 245, 175, 165, 4, 109, 186, 96, 48, 63, 79, 66,
       206, 118, 18, 238, 112, 117, 136, 255, 230, 97, 106, 183, 244,
       126, 236, 22, 238, 237, 147, 13, 239, 54, 110, 163, 128, 47, 183,
       120, 133, 248, 184, 185, 112, 141, 253, 81, 199, 231, 61, 164, 24,
       190, 221, 64, 59, 137, 178, 236, 16, 58, 111, 250, 49, 219, 217,
       17, 123, 210, 8, 198, 122, 90, 189, 54, 165, 189, 223, 154, 103,
       140, 45, 158, 1, 175, 190, 2, 194, 230, 55, 253, 1, 116, 137, 209,
       175, 187, 245, 62, 115, 2, 76, 141, 203, 226, 186, 191, 250, 111,
       197, 185, 86, 139, 91, 149, 127, 188, 191, 116, 43, 239, 51, 223,
       149, 179, 111, 170, 241, 95, 89, 250, 250, 159, 15, 39, 251, 125,
       65, 123, 101, 84, 78, 71, 56, 96, 224, 254, 74, 83, 113, 145, 112,
       120, 220, 116, 106, 201, 178, 253, 14, 247, 237, 165, 20, 103,
       187, 66, 32, 49, 81, 123, 101, 84, 79, 111, 56, 100, 224, 255, 66,
       83, 81, 145, 112, 122, 220, 22, 234, 201, 176, 125, 28, 245, 173,
       161, 4, 125, 186, 112, 32, 255, 83, 100, 74, 141, 23, 86, 221,
       195, 148, 165, 142, 75, 200, 255, 190, 88, 192, 204, 126, 206, 39,
       126, 152, 50, 89, 133, 63, 127, 255, 250, 84, 253, 97, 215, 100,
       131, 91, 71, 253, 97, 162, 166, 138, 91, 81, 137, 182, 58, 244,
       204, 106, 73, 241, 249, 136, 177, 201, 69, 52, 99, 190, 194, 32,
       49, 29, 115, 69, 52, 78, 237, 55, 117, 232, 126, 98, 179, 53, 149,
       37, 126, 188, 20, 168, 201, 184, 117, 12, 101, 174, 96, 128, 103,
       232, 80, 233, 207, 250, 179, 218, 236, 165, 191, 212, 139, 91,
       181, 126, 188, 159, 252, 175, 239, 115, 95, 215, 179, 79, 170,
       241, 62, 24, 250, 250, 158, 159, 163, 189, 79, 251, 191, 250, 237,
       165, 191, 212, 139, 89, 149, 127, 252, 223, 252, 43, 239, 115,
       223, 215, 147, 71, 170, 241, 127, 89, 254, 250, 156, 95, 163, 243,
       57, 65, 99, 77, 84, 79, 103, 120, 117, 224, 255, 74, 83, 81, 153,
       116, 120, 204, 22, 106, 201, 178, 125, 14, 118, 172, 165, 4, 111,
       187, 114, 160, 211, 71, 72, 165, 178, 58, 12, 63, 52, 238, 154,
       245, 151, 38, 146, 192, 54, 135, 221, 173, 253, 152, 69, 14, 160,
       231, 191, 148, 44, 240, 137, 89, 254, 175, 224, 28, 157, 255, 95,
       235, 211, 230, 172, 159, 107, 236, 119, 151, 201, 226, 201, 110,
       252, 43, 126, 190, 59, 95, 133, 63, 243, 253, 222, 94, 128, 207,
       191, 253, 180, 204, 63, 167, 190, 15, 94, 17, 181, 183, 32, 64,
       131, 123, 43, 8, 98, 216, 162, 127, 237, 167, 126, 129, 16, 80,
       133, 235, 125, 45, 86, 70, 151, 127, 70, 99, 225, 130, 239, 10,
       106, 241, 166, 181, 56, 230, 200, 106, 125, 171, 188, 174, 187,
       253, 69, 27, 107, 238, 202, 4, 92, 133, 87, 108, 147, 114, 71,
       127, 37, 129, 239, 2, 91, 99, 40, 244, 121, 246, 136, 184, 57,
       187, 49, 14, 249, 239, 7, 64, 227, 230, 230, 32, 156, 44, 195,
       251, 150, 230, 107, 83, 54, 135, 227, 210, 81, 231, 32, 72, 125,
       188, 35, 152, 58, 156, 121, 142, 249, 174, 159, 64, 161, 224, 228,
       160, 199, 255, 179, 218, 236, 161, 191, 212, 139, 91, 185, 126,
       236, 255, 253, 47, 239, 115, 95, 223, 211, 67, 170, 243, 54, 24,
       239, 234, 158, 223, 163, 181, 199, 125, 253, 250, 236, 172, 255,
       214, 235, 27, 189, 92, 221, 219, 253, 107, 239, 211, 95, 223, 243,
       37, 186, 242, 245, 153, 110, 252, 220, 219, 129, 161, 173, 88,
       253, 85, 100, 94, 253, 182, 208, 254, 54, 48, 147, 61, 215, 43,
       15, 116, 54, 74, 225, 252, 241, 42, 71, 187, 117, 160, 103, 249,
       84, 233, 199, 255, 191, 250, 236, 165, 191, 220, 139, 90, 189,
       110, 252, 255, 253, 43, 223, 115, 255, 247, 211, 71, 170, 243,
       126, 89, 239, 250, 156, 251, 163, 179, 153, 132, 194, 31, 23, 191,
       104, 191, 119, 33, 102, 150, 107, 97, 186, 244, 115, 142, 186,
