%YAML:1.0
---
descriptors: !!opencv-matrix
   rows: 134
   cols: 32
   dt: u
   data: [ 34, 253, 16, 250, 217, 141, 178, 207, 142, 17, 104, 73, 164,
       211, 108, 0, 217, 27, 3, 16, 18, 11, 218, 247, 61, 148, 30, 110,
       216, 10, 163, 138, 45, 99, 49, 37, 116, 15, 99, 56, 105, 104, 123,
       76, 211, 64, 153, 52, 144, 12, 70, 110, 193, 176, 105, 12, 36,
       252, 33, 4, 74, 171, 82, 165, 164, 140, 214, 222, 252, 43, 206,
       239, 223, 131, 120, 88, 238, 232, 60, 65, 211, 107, 106, 43, 48,
       111, 11, 255, 56, 190, 87, 56, 212, 120, 193, 136, 197, 175, 133,
       151, 150, 168, 102, 175, 190, 146, 75, 210, 253, 227, 201, 66,
       115, 238, 42, 158, 114, 76, 142, 127, 172, 166, 231, 76, 160, 115,
       161, 32, 9, 89, 87, 69, 112, 206, 103, 55, 124, 200, 118, 64, 62,
       55, 128, 52, 166, 116, 118, 72, 193, 184, 49, 108, 103, 190, 32,
       128, 66, 128, 99, 185, 133, 164, 221, 241, 236, 169, 233, 159,
       254, 51, 48, 88, 159, 169, 216, 43, 171, 11, 110, 24, 51, 124,
       207, 210, 204, 159, 119, 108, 196, 200, 131, 160, 252, 1, 30, 230,
       173, 78, 71, 49, 160, 168, 167, 24, 83, 211, 41, 115, 112, 244,
       108, 106, 120, 213, 168, 8, 251, 233, 101, 21, 34, 187, 192, 35,
       212, 0, 223, 245, 76, 40, 109, 0, 185, 146, 179, 26, 223, 99, 73,
       91, 107, 197, 108, 170, 40, 71, 195, 194, 212, 178, 251, 28, 165,
       113, 99, 32, 125, 61, 246, 68, 9, 126, 87, 80, 225, 238, 175, 12,
       74, 188, 135, 191, 36, 228, 236, 110, 141, 99, 183, 136, 147, 249,
       65, 59, 107, 247, 78, 87, 122, 92, 118, 84, 43, 254, 87, 178, 225,
       230, 174, 40, 106, 191, 135, 247, 38, 244, 252, 74, 205, 143, 182,
       233, 211, 251, 65, 19, 99, 181, 110, 127, 201, 186, 149, 248, 171,
       132, 61, 223, 190, 123, 144, 84, 188, 183, 96, 235, 231, 91, 127,
       24, 243, 77, 155, 241, 217, 251, 127, 222, 154, 64, 161, 59, 161,
       238, 109, 67, 116, 155, 239, 188, 93, 126, 118, 236, 243, 9, 156,
       37, 31, 72, 22, 110, 227, 252, 109, 127, 102, 26, 116, 192, 119,
       152, 210, 233, 126, 171, 237, 179, 172, 107, 207, 140, 23, 247,
       157, 187, 195, 109, 219, 11, 95, 214, 253, 215, 154, 74, 239, 176,
       238, 83, 237, 253, 151, 255, 212, 113, 50, 111, 106, 69, 114, 2,
       239, 120, 36, 164, 254, 231, 65, 7, 150, 20, 126, 204, 23, 238,
       200, 150, 37, 78, 52, 44, 175, 132, 37, 182, 118, 240, 182, 190,
       167, 186, 234, 175, 180, 255, 55, 251, 248, 251, 126, 255, 172,
       25, 253, 255, 255, 145, 186, 223, 75, 255, 186, 86, 93, 246, 193,
       124, 166, 243, 37, 67, 204, 77, 236, 31, 206, 184, 71, 168, 252,
       76, 211, 48, 157, 180, 88, 196, 118, 110, 205, 176, 77, 24, 38,
       159, 97, 180, 255, 251, 90, 132, 37, 67, 204, 77, 236, 31, 206,
       152, 71, 168, 245, 78, 83, 104, 159, 56, 92, 192, 102, 111, 156,
       178, 77, 24, 38, 63, 229, 148, 221, 251, 88, 132, 113, 89, 157,
       109, 42, 78, 79, 56, 104, 234, 98, 68, 215, 55, 129, 115, 86, 84,
       124, 106, 201, 208, 241, 8, 229, 170, 96, 16, 56, 243, 66, 49,
       100, 160, 145, 96, 233, 107, 225, 13, 235, 59, 185, 88, 222, 243,
       76, 186, 155, 17, 110, 48, 19, 99, 202, 80, 13, 156, 101, 126,
       208, 98, 195, 163, 52, 48, 159, 65, 137, 111, 33, 216, 118, 187,
       239, 24, 82, 181, 73, 62, 17, 92, 104, 24, 11, 240, 251, 0, 95,
       137, 33, 68, 224, 105, 70, 162, 66, 188, 175, 186, 253, 232, 185,
       199, 187, 87, 152, 153, 172, 252, 118, 11, 171, 59, 251, 17, 19,
       107, 178, 241, 93, 50, 94, 107, 196, 76, 183, 250, 188, 124, 27,
       232, 97, 77, 86, 250, 161, 10, 240, 9, 63, 223, 40, 145, 190, 153,
       213, 98, 78, 39, 18, 189, 243, 217, 1, 59, 114, 177, 110, 131, 50,
       78, 107, 76, 82, 114, 175, 111, 4, 134, 216, 130, 1, 46, 53, 228,
       122, 189, 131, 161, 204, 155, 117, 220, 52, 38, 139, 129, 117,
       242, 102, 252, 62, 117, 99, 172, 223, 66, 206, 232, 1, 196, 200,
       167, 97, 236, 63, 80, 120, 217, 147, 243, 105, 131, 92, 174, 185,
       36, 143, 157, 53, 63, 118, 242, 57, 189, 122, 104, 118, 143, 115,
       113, 97, 72, 125, 78, 31, 211, 34, 112, 252, 184, 22, 122, 219,
       186, 176, 31, 251, 205, 32, 232, 123, 138, 106, 163, 117, 79, 233,
       13, 124, 27, 207, 232, 70, 228, 248, 139, 195, 40, 151, 64, 88,
       204, 110, 239, 204, 50, 237, 155, 118, 12, 165, 61, 117, 255, 84,
       68, 197, 175, 205, 155, 222, 170, 103, 190, 182, 146, 74, 214,
       241, 226, 201, 64, 115, 238, 42, 190, 115, 92, 142, 127, 172, 134,
       167, 108, 185, 243, 225, 32, 205, 106, 156, 53, 40, 46, 108, 150,
       254, 186, 34, 93, 215, 33, 83, 91, 133, 100, 108, 94, 225, 228,
       211, 40, 196, 251, 117, 20, 200, 241, 75, 8, 126, 151, 197, 251,
       138, 99, 30, 185, 23, 115, 153, 242, 217, 127, 201, 251, 95, 215,
       253, 178, 187, 70, 207, 243, 250, 215, 255, 252, 191, 243, 172,
       17, 46, 36, 240, 193, 253, 127, 250, 200, 127, 245, 191, 27, 206,
       61, 95, 190, 187, 221, 223, 51, 20, 115, 249, 210, 159, 221, 3,
       119, 199, 111, 95, 198, 114, 61, 250, 94, 91, 124, 178, 70, 233,
       206, 176, 45, 40, 252, 23, 62, 174, 243, 223, 69, 164, 43, 178,
       235, 83, 62, 80, 155, 197, 117, 103, 95, 155, 207, 110, 190, 46,
       18, 190, 236, 156, 78, 218, 231, 237, 106, 179, 193, 254, 97, 191,
       231, 236, 129, 15, 255, 162, 99, 238, 145, 61, 254, 57, 93, 103,
       251, 133, 227, 168, 15, 78, 157, 135, 249, 155, 236, 211, 103,
       201, 250, 93, 215, 125, 210, 223, 66, 239, 176, 174, 215, 239,
       252, 156, 251, 128, 17, 124, 251, 104, 226, 60, 201, 79, 188, 7,
       232, 188, 233, 243, 207, 216, 48, 92, 252, 253, 250, 203, 3, 237,
       189, 250, 221, 165, 253, 62, 186, 86, 49, 111, 108, 197, 247, 172,
       43, 76, 158, 143, 186, 154, 232, 211, 109, 217, 171, 77, 246, 125,
       158, 153, 80, 239, 168, 238, 223, 253, 176, 140, 249, 144, 25, 56,
       77, 97, 13, 84, 91, 199, 110, 87, 228, 248, 139, 35, 44, 23, 128,
       88, 236, 131, 237, 205, 186, 117, 158, 125, 5, 133, 53, 119, 188,
       84, 124, 57, 49, 122, 232, 83, 197, 91, 214, 19, 72, 252, 14, 63,
       223, 33, 112, 126, 185, 23, 152, 139, 186, 48, 159, 251, 205, 34,
       104, 123, 138, 42, 187, 73, 140, 117, 103, 36, 62, 99, 50, 125,
       226, 239, 64, 251, 32, 148, 248, 147, 102, 108, 14, 201, 240, 233,
       45, 134, 255, 112, 16, 74, 227, 67, 40, 58, 15, 107, 141, 86, 82,
       237, 103, 4, 228, 222, 135, 33, 46, 182, 96, 104, 174, 131, 237,
       205, 154, 117, 204, 117, 37, 170, 129, 53, 220, 252, 252, 1, 226,
       101, 83, 100, 155, 237, 181, 125, 126, 118, 228, 201, 8, 156, 165,
       63, 0, 102, 140, 225, 252, 109, 215, 44, 26, 119, 196, 71, 156,
       211, 237, 10, 185, 167, 186, 237, 201, 185, 195, 142, 93, 148,
       179, 172, 237, 114, 139, 169, 59, 251, 17, 18, 75, 154, 241, 221,
       83, 94, 251, 146, 12, 55, 251, 108, 176, 16, 186, 77, 189, 208,
       200, 143, 57, 161, 25, 142, 216, 72, 158, 201, 9, 234, 17, 22, 35,
       218, 209, 159, 209, 17, 127, 218, 15, 91, 134, 92, 25, 127, 240,
       182, 203, 115, 224, 255, 172, 54, 40, 95, 255, 33, 112, 162, 117,
       238, 114, 48, 185, 40, 60, 251, 233, 33, 83, 240, 43, 5, 99, 205,
       90, 255, 119, 44, 74, 111, 176, 249, 254, 119, 196, 249, 235, 223,
       219, 67, 100, 125, 238, 233, 212, 191, 104, 70, 251, 231, 132, 46,
       179, 88, 113, 252, 157, 61, 117, 186, 203, 23, 163, 190, 188, 63,
       40, 223, 255, 0, 51, 163, 119, 237, 98, 48, 121, 168, 60, 251,
       227, 101, 247, 240, 33, 135, 99, 252, 210, 215, 100, 40, 14, 86,
       188, 177, 186, 178, 108, 79, 83, 200, 211, 246, 213, 236, 98, 105,
       199, 201, 10, 242, 251, 101, 22, 106, 178, 234, 19, 201, 175, 148,
       181, 185, 191, 88, 55, 63, 171, 186, 92, 191, 35, 64, 179, 135,
       183, 108, 12, 249, 216, 209, 222, 141, 223, 122, 176, 8, 192, 11,
       9, 105, 49, 209, 69, 96, 14, 97, 16, 105, 200, 98, 76, 158, 55,
       209, 182, 22, 92, 116, 108, 193, 242, 245, 72, 4, 188, 32, 0, 106,
