%YAML:1.0
---
descriptors: !!opencv-matrix
   rows: 98
   cols: 32
   dt: u
   data: [ 122, 251, 64, 206, 127, 217, 154, 248, 203, 200, 248, 234,
       105, 204, 244, 228, 126, 248, 206, 211, 207, 43, 206, 253, 62, 85,
       165, 251, 127, 142, 94, 157, 219, 184, 149, 251, 139, 228, 29,
       151, 158, 123, 144, 86, 188, 183, 96, 234, 231, 119, 255, 145,
       115, 79, 219, 243, 217, 243, 127, 250, 152, 64, 161, 59, 216, 221,
       119, 124, 59, 210, 127, 182, 161, 204, 230, 165, 107, 151, 131,
       247, 38, 244, 253, 200, 108, 205, 179, 189, 243, 251, 68, 147, 34,
       180, 46, 95, 15, 98, 64, 5, 114, 18, 234, 120, 36, 232, 126, 199,
       89, 67, 147, 144, 126, 204, 23, 238, 140, 146, 77, 204, 70, 47,
       171, 132, 47, 167, 122, 209, 198, 172, 211, 158, 252, 163, 174,
       175, 218, 163, 24, 216, 253, 234, 248, 0, 19, 111, 123, 191, 50,
       77, 142, 255, 172, 22, 191, 252, 140, 113, 131, 8, 25, 77, 106,
       197, 86, 18, 239, 119, 116, 192, 94, 130, 121, 45, 147, 96, 126,
       254, 23, 236, 224, 152, 53, 238, 119, 111, 174, 128, 39, 178, 240,
       232, 45, 48, 240, 193, 253, 63, 243, 216, 111, 253, 191, 30, 222,
       28, 223, 190, 191, 197, 222, 62, 148, 115, 249, 208, 223, 221, 3,
       118, 199, 239, 75, 247, 8, 88, 51, 247, 113, 206, 115, 118, 189,
       8, 114, 64, 190, 151, 32, 80, 166, 49, 87, 72, 65, 157, 48, 111,
       101, 255, 48, 0, 66, 0, 39, 251, 197, 174, 197, 147, 222, 170, 38,
       191, 182, 146, 74, 214, 241, 226, 200, 64, 115, 238, 42, 190, 115,
       92, 143, 127, 44, 134, 247, 108, 173, 243, 161, 136, 108, 164,
       213, 115, 173, 47, 64, 154, 211, 187, 177, 88, 195, 249, 76, 139,
       201, 70, 106, 58, 62, 96, 219, 144, 79, 219, 213, 124, 242, 233,
       80, 2, 50, 178, 151, 185, 106, 139, 184, 232, 63, 177, 242, 235,
       110, 254, 164, 25, 255, 185, 255, 21, 26, 251, 67, 213, 156, 18,
       91, 246, 197, 140, 35, 137, 184, 253, 81, 232, 105, 79, 84, 254,
       49, 10, 240, 25, 31, 27, 33, 145, 174, 153, 199, 98, 104, 46, 80,
       159, 243, 217, 33, 47, 114, 48, 102, 139, 101, 75, 111, 69, 36,
       10, 111, 180, 97, 128, 118, 200, 243, 97, 145, 115, 26, 228, 108,
       110, 201, 176, 101, 44, 230, 187, 101, 16, 100, 187, 66, 40, 48,
       245, 155, 236, 90, 70, 7, 238, 2, 32, 200, 10, 84, 247, 41, 32,
       120, 221, 17, 224, 73, 3, 152, 25, 241, 164, 143, 60, 49, 122,
       166, 170, 110, 235, 169, 163, 188, 205, 79, 188, 143, 252, 156,
       237, 211, 237, 219, 18, 220, 220, 253, 127, 219, 10, 235, 181,
       239, 221, 173, 252, 26, 190, 86, 121, 118, 176, 235, 120, 203,
       244, 153, 75, 155, 223, 157, 63, 28, 253, 126, 58, 143, 147, 245,
       149, 158, 99, 186, 210, 91, 94, 93, 255, 215, 100, 183, 119, 37,
       79, 200, 77, 252, 31, 198, 184, 71, 168, 252, 78, 83, 104, 151,
       52, 88, 196, 102, 110, 205, 50, 109, 25, 38, 141, 37, 52, 127,
       251, 90, 132, 96, 149, 121, 101, 52, 110, 115, 55, 97, 45, 126, 8,
       243, 53, 128, 48, 16, 214, 68, 40, 152, 184, 113, 13, 239, 239,
       32, 64, 225, 170, 198, 41, 32, 91, 79, 231, 48, 202, 111, 53, 164,
       128, 234, 224, 243, 103, 128, 80, 84, 244, 109, 202, 73, 152, 65,
       12, 229, 165, 164, 128, 32, 178, 134, 57, 25, 223, 126, 127, 186,
       210, 182, 101, 236, 72, 255, 226, 253, 248, 190, 96, 246, 51, 190,
       227, 245, 169, 47, 127, 98, 239, 46, 131, 125, 34, 233, 159, 133,
       174, 199, 157, 222, 35, 110, 251, 126, 163, 66, 214, 241, 226,
       216, 97, 115, 110, 42, 188, 51, 220, 143, 223, 44, 166, 255, 100,
       172, 224, 97, 168, 109, 169, 173, 243, 172, 47, 79, 159, 143, 187,
       190, 8, 211, 237, 209, 42, 201, 118, 125, 94, 153, 120, 251, 160,
       237, 223, 245, 244, 140, 251, 208, 48, 62, 227, 104, 136, 237, 83,
       206, 232, 7, 244, 156, 171, 75, 236, 223, 132, 91, 200, 215, 239,
       78, 99, 111, 181, 58, 69, 133, 253, 119, 191, 222, 212, 89, 189,
       59, 232, 27, 212, 83, 210, 239, 73, 236, 12, 191, 210, 98, 112,
       214, 251, 252, 208, 143, 11, 242, 243, 251, 253, 11, 122, 186, 2,
       43, 91, 190, 245, 96, 172, 95, 82, 206, 232, 17, 68, 204, 139,
       105, 125, 59, 196, 88, 208, 147, 227, 109, 131, 124, 191, 179,
       101, 143, 159, 63, 63, 124, 246, 222, 60, 238, 116, 75, 116, 56,
       194, 185, 246, 166, 157, 29, 254, 71, 251, 167, 253, 249, 167, 37,
       71, 190, 192, 83, 121, 203, 63, 175, 117, 47, 86, 157, 223, 126,
       254, 181, 214, 255, 244, 189, 206, 119, 36, 127, 239, 179, 229,
       182, 115, 134, 75, 245, 235, 56, 239, 251, 251, 110, 139, 70, 191,
       173, 121, 103, 52, 249, 250, 251, 245, 216, 91, 219, 219, 61, 27,
       28, 253, 93, 56, 159, 219, 247, 21, 151, 66, 250, 242, 91, 92, 29,
       254, 223, 69, 150, 247, 64, 249, 186, 172, 186, 205, 23, 236, 142,
       196, 140, 141, 254, 222, 106, 80, 150, 123, 105, 99, 70, 11, 186,
       53, 249, 181, 15, 123, 16, 19, 135, 91, 19, 207, 110, 159, 182,
       147, 174, 247, 220, 66, 92, 231, 233, 232, 190, 193, 127, 235,
       151, 231, 246, 137, 14, 255, 34, 111, 174, 201, 61, 156, 185, 221,
       252, 123, 237, 229, 40, 66, 79, 152, 162, 174, 166, 136, 211, 71,
       193, 123, 68, 244, 125, 250, 104, 70, 249, 40, 225, 233, 239, 156,
       32, 243, 6, 113, 69, 196, 39, 87, 5, 238, 227, 164, 125, 98, 235,
       0, 243, 97, 28, 124, 81, 228, 104, 14, 73, 244, 251, 45, 133, 254,
       80, 80, 67, 27, 82, 36, 179, 207, 101, 78, 126, 19, 239, 252, 93,
       66, 248, 230, 121, 72, 181, 229, 126, 232, 22, 239, 225, 167, 45,
       255, 50, 42, 163, 128, 127, 191, 112, 189, 109, 169, 169, 231,
       188, 13, 79, 189, 235, 169, 190, 72, 243, 249, 209, 50, 144, 102,
       124, 88, 219, 105, 235, 160, 239, 221, 165, 184, 128, 186, 210,
       41, 62, 253, 232, 0, 223, 83, 151, 239, 3, 228, 156, 175, 10, 188,
       87, 132, 89, 218, 211, 177, 206, 107, 245, 158, 59, 84, 141, 255,
       247, 124, 222, 222, 155, 87, 126, 110, 10, 22, 158, 61, 228, 68,
       247, 199, 235, 238, 62, 227, 254, 245, 236, 227, 236, 161, 63, 77,
       226, 227, 238, 129, 117, 178, 173, 92, 33, 191, 107, 75, 116, 139,
       235, 112, 85, 72, 124, 236, 51, 69, 180, 52, 94, 170, 22, 108,
       227, 186, 100, 31, 110, 30, 160, 192, 127, 138, 82, 249, 26, 93,
       83, 204, 115, 194, 50, 116, 173, 0, 110, 34, 60, 215, 33, 244, 54,
       185, 147, 224, 1, 139, 50, 239, 51, 228, 2, 11, 51, 51, 39, 187,
       186, 221, 104, 172, 31, 87, 214, 127, 23, 228, 212, 143, 35, 29,
       55, 165, 88, 252, 151, 225, 237, 187, 117, 159, 123, 71, 141, 183,
       63, 60, 124, 222, 182, 223, 62, 252, 59, 214, 159, 248, 149, 76,
       244, 39, 108, 255, 175, 117, 222, 241, 183, 230, 239, 71, 58, 255,
       251, 251, 239, 155, 51, 181, 44, 87, 209, 174, 197, 21, 138, 58,
       96, 187, 246, 242, 194, 246, 235, 96, 149, 255, 53, 198, 104, 172,
       241, 253, 239, 95, 12, 42, 245, 4, 239, 228, 88, 60, 76, 164, 185,
       163, 168, 101, 89, 159, 50, 255, 185, 57, 159, 127, 74, 24, 153,
       159, 125, 148, 30, 74, 235, 19, 207, 215, 189, 237, 128, 66, 134,
       115, 17, 162, 199, 157, 30, 131, 105, 123, 118, 225, 66, 214, 113,
       162, 144, 109, 113, 172, 42, 188, 161, 220, 55, 95, 156, 166, 243,
       68, 173, 160, 113, 168, 94, 94, 247, 118, 37, 254, 127, 208, 251,
       238, 119, 100, 125, 255, 191, 254, 183, 125, 189, 111, 165, 245,
       185, 234, 211, 255, 103, 135, 142, 247, 87, 119, 3, 2, 215, 145,
       98, 143, 168, 23, 62, 49, 83, 208, 157, 2, 128, 105, 110, 61, 123,
       157, 131, 220, 69, 213, 132, 58, 250, 192, 12, 136, 1, 169, 93,
       22, 148, 254, 171, 120, 81, 25, 99, 199, 175, 60, 239, 115, 203,
       254, 119, 214, 236, 58, 156, 69, 239, 130, 210, 247, 83, 27, 162,
       231, 13, 71, 57, 207, 67, 77, 22, 26, 102, 49, 117, 64, 126, 70,
       115, 9, 148, 245, 122, 236, 6, 238, 237, 176, 101, 143, 246, 237,
       160, 0, 111, 186, 248, 12, 35, 79, 101, 77, 46, 19, 239, 120, 69,
       98, 250, 230, 113, 104, 181, 229, 94, 228, 62, 239, 233, 178, 101,
