%YAML:1.0
---
descriptors: !!opencv-matrix
   rows: 222
   cols: 32
   dt: u
   data: [ 35, 114, 228, 133, 109, 19, 240, 125, 87, 232, 90, 231, 64,
       216, 150, 166, 248, 140, 54, 37, 141, 242, 199, 157, 30, 58, 153,
       135, 127, 174, 120, 141, 41, 156, 99, 85, 21, 223, 227, 115, 93,
       195, 250, 86, 242, 236, 180, 228, 216, 46, 50, 45, 185, 188, 53,
       143, 13, 126, 131, 66, 79, 44, 240, 244, 52, 52, 156, 226, 220,
       109, 82, 200, 107, 185, 185, 8, 87, 122, 73, 58, 153, 153, 110,
       50, 27, 99, 219, 0, 219, 149, 33, 125, 193, 75, 78, 130, 195, 30,
       174, 183, 140, 190, 188, 51, 248, 255, 151, 215, 229, 44, 18, 235,
       229, 103, 253, 135, 189, 220, 247, 236, 142, 51, 250, 211, 12,
       197, 153, 221, 72, 128, 223, 245, 86, 203, 97, 26, 54, 165, 66,
       130, 151, 3, 32, 73, 98, 36, 42, 24, 0, 252, 87, 29, 221, 167, 50,
       65, 180, 136, 5, 168, 32, 35, 97, 69, 82, 27, 239, 56, 117, 160,
       123, 226, 195, 36, 149, 164, 126, 220, 134, 234, 201, 176, 101,
       78, 36, 140, 160, 128, 103, 187, 70, 164, 126, 105, 126, 78, 61,
       211, 214, 232, 195, 204, 189, 40, 106, 221, 183, 54, 200, 240,
       236, 106, 204, 99, 106, 188, 115, 217, 5, 59, 115, 191, 126, 103,
       9, 158, 145, 117, 52, 190, 104, 55, 125, 233, 126, 116, 191, 34,
       146, 244, 212, 46, 60, 12, 189, 220, 225, 15, 134, 255, 178, 128,
       10, 132, 72, 29, 194, 182, 50, 154, 201, 241, 184, 79, 174, 31,
       137, 177, 172, 238, 110, 219, 199, 27, 235, 145, 54, 79, 226, 243,
       157, 81, 218, 235, 144, 68, 175, 223, 93, 1, 194, 231, 149, 46,
       106, 81, 101, 160, 235, 70, 83, 163, 49, 116, 60, 238, 24, 254,
       153, 177, 149, 136, 177, 236, 131, 0, 233, 235, 112, 48, 115, 157,
       14, 254, 157, 151, 86, 255, 151, 73, 190, 13, 98, 249, 62, 80,
       217, 226, 125, 230, 111, 171, 91, 191, 187, 254, 133, 26, 90, 90,
       248, 30, 8, 149, 191, 255, 139, 236, 53, 35, 188, 91, 99, 16, 252,
       255, 40, 107, 167, 51, 123, 16, 49, 201, 51, 96, 207, 243, 94, 67,
       136, 64, 165, 251, 44, 112, 248, 97, 76, 119, 211, 152, 82, 243,
       181, 26, 91, 93, 91, 43, 95, 216, 183, 122, 171, 102, 251, 146,
       95, 207, 165, 125, 255, 251, 94, 178, 45, 115, 248, 101, 117, 15,
       86, 248, 107, 232, 61, 77, 223, 89, 75, 144, 156, 204, 205, 110,
       204, 48, 89, 28, 239, 221, 37, 53, 74, 187, 74, 211, 1, 158, 19,
       247, 50, 174, 41, 119, 60, 73, 90, 86, 189, 55, 160, 228, 55, 59,
       22, 136, 177, 152, 1, 111, 141, 166, 58, 192, 42, 192, 161, 185,
       125, 112, 187, 103, 13, 94, 99, 208, 97, 226, 231, 8, 243, 49, 9,
       186, 216, 220, 120, 106, 73, 244, 249, 40, 199, 255, 64, 16, 74,
       251, 66, 232, 24, 113, 30, 225, 50, 15, 122, 49, 36, 32, 222, 229,
       215, 19, 1, 80, 118, 157, 127, 170, 73, 144, 209, 12, 228, 229,
       170, 1, 40, 146, 41, 19, 10, 159, 18, 187, 213, 167, 58, 231, 30,
       13, 91, 71, 236, 103, 34, 192, 221, 59, 131, 16, 22, 152, 89, 255,
       237, 119, 138, 67, 146, 78, 189, 155, 63, 157, 249, 183, 215, 255,
       255, 247, 27, 237, 188, 15, 111, 126, 62, 180, 255, 235, 151, 181,
       191, 186, 120, 239, 255, 223, 143, 231, 231, 110, 255, 255, 67,
       177, 191, 148, 229, 204, 181, 103, 232, 219, 66, 20, 188, 248,
       112, 107, 160, 39, 121, 13, 215, 201, 178, 65, 133, 59, 126, 10,
       8, 0, 177, 107, 53, 71, 73, 77, 86, 19, 238, 112, 68, 96, 251,
       194, 81, 8, 189, 224, 122, 204, 22, 235, 205, 176, 101, 140, 52,
       44, 162, 128, 125, 187, 120, 164, 87, 18, 207, 229, 130, 34, 104,
       27, 33, 162, 219, 230, 215, 39, 145, 74, 118, 213, 125, 172, 153,
       211, 197, 136, 212, 234, 235, 148, 173, 224, 48, 17, 212, 110,
       159, 166, 178, 106, 55, 162, 168, 166, 170, 224, 239, 55, 193,
       114, 38, 245, 236, 226, 40, 197, 169, 110, 249, 199, 103, 1, 160,
       243, 39, 35, 82, 170, 158, 186, 139, 225, 157, 207, 187, 23, 160,
       169, 12, 247, 96, 91, 239, 179, 207, 144, 26, 75, 138, 241, 217,
       242, 223, 127, 144, 68, 167, 227, 47, 124, 237, 85, 210, 62, 191,
       185, 22, 226, 94, 198, 89, 125, 159, 47, 127, 255, 51, 175, 229,
       240, 125, 172, 111, 111, 229, 132, 239, 255, 208, 241, 66, 184,
       155, 184, 155, 249, 49, 199, 175, 53, 164, 25, 172, 150, 98, 30,
       163, 51, 234, 16, 22, 79, 178, 113, 157, 144, 26, 123, 144, 64,
       143, 110, 60, 165, 56, 106, 123, 201, 19, 200, 87, 4, 108, 41, 98,
       209, 42, 20, 120, 154, 195, 112, 10, 35, 10, 61, 120, 132, 1, 127,
       115, 2, 6, 226, 117, 163, 164, 32, 173, 157, 84, 141, 235, 253,
       160, 13, 142, 168, 94, 154, 129, 0, 108, 93, 158, 105, 218, 17,
       155, 221, 85, 127, 216, 14, 218, 70, 170, 196, 20, 190, 9, 229,
       148, 238, 159, 23, 161, 25, 238, 219, 40, 141, 217, 19, 227, 1,
       106, 103, 90, 255, 129, 211, 90, 59, 82, 76, 13, 138, 125, 124,
       27, 74, 93, 221, 83, 88, 203, 72, 237, 8, 62, 209, 97, 244, 216,
       184, 22, 42, 11, 39, 186, 159, 211, 221, 1, 62, 82, 11, 106, 163,
       34, 161, 232, 9, 221, 121, 217, 203, 31, 245, 32, 155, 0, 12, 94,
       12, 217, 139, 195, 21, 22, 122, 255, 211, 31, 22, 159, 127, 213,
       76, 214, 214, 88, 113, 26, 168, 59, 203, 23, 104, 174, 228, 172,
       41, 223, 215, 35, 80, 250, 61, 79, 226, 104, 3, 154, 28, 241, 227,
       43, 61, 16, 50, 39, 243, 16, 95, 107, 225, 150, 199, 171, 86, 4,
       168, 250, 66, 145, 31, 49, 96, 108, 61, 23, 241, 107, 185, 49, 94,
       229, 141, 174, 196, 101, 24, 245, 162, 130, 249, 190, 217, 139,
       213, 180, 231, 143, 156, 148, 39, 172, 159, 103, 15, 236, 123,
       219, 209, 70, 75, 178, 240, 163, 80, 94, 187, 18, 92, 175, 223,
       41, 123, 121, 101, 116, 15, 87, 186, 97, 236, 124, 13, 155, 21, 3,
       16, 156, 204, 85, 108, 201, 184, 113, 28, 239, 221, 37, 36, 106,
       184, 66, 211, 139, 221, 4, 153, 237, 181, 188, 199, 143, 127, 92,
       151, 140, 138, 126, 204, 203, 11, 171, 21, 86, 29, 222, 243, 46,
       81, 158, 239, 158, 92, 153, 222, 70, 180, 160, 184, 233, 225, 24,
       203, 191, 31, 137, 185, 140, 254, 74, 90, 197, 19, 251, 145, 54,
       71, 202, 211, 157, 22, 219, 255, 144, 68, 167, 83, 255, 181, 245,
       96, 185, 95, 95, 191, 171, 255, 188, 189, 91, 61, 222, 183, 151,
       215, 221, 60, 255, 73, 253, 158, 251, 223, 45, 246, 194, 244, 206,
       127, 38, 209, 17, 194, 239, 217, 180, 237, 143, 61, 185, 59, 140,
       188, 108, 172, 137, 19, 194, 113, 86, 43, 106, 209, 63, 16, 95,
       127, 210, 90, 199, 207, 77, 48, 237, 117, 160, 126, 121, 26, 112,
       255, 70, 164, 221, 119, 211, 123, 55, 118, 125, 29, 145, 208, 167,
       8, 206, 239, 125, 128, 174, 228, 23, 121, 27, 249, 105, 251, 54,
       215, 251, 157, 87, 101, 126, 167, 57, 221, 158, 36, 63, 58, 151,
       220, 195, 184, 189, 255, 111, 221, 161, 224, 127, 142, 220, 251,
       137, 128, 23, 91, 48, 158, 105, 16, 124, 25, 119, 112, 157, 19,
       136, 236, 182, 56, 62, 152, 147, 148, 99, 85, 198, 255, 114, 192,
       138, 128, 65, 161, 81, 80, 217, 239, 102, 72, 111, 48, 97, 10,
       127, 96, 215, 51, 137, 126, 118, 220, 44, 202, 73, 144, 229, 97,
       214, 174, 242, 0, 32, 243, 96, 33, 161, 232, 105, 25, 68, 205,
       203, 232, 86, 64, 112, 199, 51, 12, 151, 32, 88, 168, 18, 207,
       239, 190, 118, 63, 68, 10, 176, 32, 125, 152, 82, 216, 208, 122,
       158, 188, 50, 6, 59, 16, 188, 142, 194, 229, 239, 135, 129, 91,
       38, 245, 109, 230, 40, 197, 129, 110, 208, 227, 122, 128, 32, 177,
       39, 121, 86, 141, 150, 208, 137, 162, 52, 199, 189, 147, 194, 19,
       12, 178, 100, 207, 225, 247, 170, 144, 60, 203, 130, 224, 185,
       178, 94, 75, 128, 80, 173, 14, 47, 249, 231, 87, 215, 22, 238,
       245, 23, 232, 86, 194, 121, 253, 181, 166, 124, 252, 55, 207, 225,
       248, 189, 236, 111, 111, 237, 128, 231, 190, 120, 235, 85, 50,
       142, 165, 162, 14, 45, 49, 172, 250, 131, 229, 213, 103, 203, 91,
       55, 69, 125, 174, 193, 213, 153, 72, 216, 163, 111, 148, 40, 242,
