%YAML:1.0
---
descriptors: !!opencv-matrix
   rows: 208
   cols: 32
   dt: u
   data: [ 218, 188, 189, 250, 169, 253, 17, 207, 187, 23, 164, 25, 174,
       255, 108, 31, 195, 147, 237, 16, 58, 79, 250, 243, 219, 211, 90,
       123, 146, 64, 167, 42, 161, 150, 191, 85, 40, 46, 237, 51, 232,
       218, 118, 84, 254, 51, 156, 59, 133, 70, 110, 46, 225, 252, 49,
       77, 69, 187, 112, 64, 72, 160, 67, 185, 152, 94, 62, 188, 38, 133,
       158, 246, 156, 14, 214, 175, 63, 175, 51, 1, 174, 113, 215, 199,
       228, 175, 18, 191, 243, 199, 122, 129, 53, 184, 45, 219, 117, 207,
       204, 134, 222, 3, 198, 252, 65, 226, 156, 207, 115, 104, 187, 38,
       89, 196, 82, 239, 237, 99, 77, 174, 122, 14, 229, 60, 127, 255,
       122, 140, 252, 31, 248, 237, 96, 106, 123, 26, 53, 134, 125, 32,
       127, 119, 161, 88, 118, 254, 39, 106, 56, 180, 40, 106, 199, 237,
       33, 0, 178, 243, 68, 99, 230, 140, 135, 154, 169, 226, 141, 231,
       190, 87, 200, 56, 132, 182, 34, 95, 201, 119, 233, 17, 59, 207,
       234, 34, 185, 54, 222, 222, 144, 112, 183, 76, 188, 199, 65, 111,
       149, 127, 71, 249, 101, 228, 239, 14, 67, 97, 155, 84, 121, 206,
       78, 110, 77, 178, 109, 62, 251, 232, 5, 21, 99, 251, 214, 68, 70,
       153, 191, 253, 170, 102, 189, 207, 191, 95, 210, 51, 212, 190, 44,
       75, 231, 87, 59, 145, 48, 217, 51, 224, 93, 50, 222, 198, 144, 65,
       165, 123, 119, 92, 112, 239, 103, 61, 222, 148, 13, 46, 250, 170,
       106, 63, 63, 212, 254, 209, 255, 66, 140, 55, 105, 247, 178, 252,
       192, 147, 119, 223, 80, 95, 40, 49, 88, 229, 56, 79, 82, 56, 37,
       168, 190, 41, 223, 127, 10, 16, 152, 220, 253, 98, 77, 176, 89,
       12, 239, 221, 37, 53, 106, 170, 78, 19, 65, 92, 51, 244, 103, 204,
       191, 98, 237, 136, 90, 34, 188, 159, 37, 96, 166, 115, 255, 67,
       65, 173, 178, 239, 179, 252, 10, 10, 6, 33, 33, 187, 121, 165,
       108, 5, 151, 127, 217, 43, 97, 230, 142, 10, 26, 56, 18, 38, 57,
       134, 89, 45, 92, 169, 53, 142, 219, 79, 85, 21, 103, 108, 83, 110,
       205, 105, 3, 96, 241, 142, 111, 37, 56, 128, 98, 76, 223, 195, 81,
       209, 177, 109, 122, 124, 113, 216, 147, 78, 253, 187, 7, 76, 138,
       160, 227, 48, 173, 19, 172, 174, 237, 93, 85, 89, 131, 252, 181,
       239, 90, 244, 235, 191, 204, 144, 183, 110, 221, 34, 122, 144,
       211, 217, 229, 190, 218, 255, 94, 247, 73, 211, 189, 239, 46, 86,
       223, 188, 92, 126, 95, 166, 255, 125, 154, 167, 22, 87, 183, 111,
       193, 112, 47, 189, 231, 107, 107, 132, 118, 254, 5, 121, 212, 140,
       151, 151, 228, 34, 44, 231, 62, 179, 218, 178, 236, 98, 105, 75,
       233, 215, 46, 146, 58, 223, 73, 227, 188, 34, 222, 68, 132, 121,
       177, 8, 63, 94, 186, 244, 241, 190, 127, 214, 185, 202, 126, 100,
       30, 191, 179, 112, 167, 127, 181, 76, 241, 189, 48, 234, 243, 255,
       100, 130, 202, 253, 33, 251, 238, 167, 246, 192, 245, 95, 254,
       239, 59, 181, 191, 155, 206, 172, 94, 149, 187, 207, 207, 49, 52,
       251, 184, 198, 191, 222, 95, 119, 199, 44, 207, 214, 8, 193, 157,
       251, 108, 201, 37, 69, 142, 57, 9, 98, 180, 151, 97, 66, 73, 59,
       107, 0, 66, 9, 202, 209, 69, 148, 62, 56, 16, 26, 133, 171, 14,
       94, 102, 154, 79, 130, 190, 98, 141, 196, 222, 135, 40, 206, 55,
       65, 238, 233, 179, 215, 196, 155, 22, 236, 114, 113, 202, 203, 23,
       31, 61, 222, 93, 111, 20, 87, 185, 158, 70, 188, 227, 184, 46, 76,
       238, 83, 131, 182, 20, 100, 108, 110, 197, 65, 203, 61, 174, 251,
       101, 50, 106, 182, 75, 45, 221, 218, 157, 247, 168, 140, 125, 158,
       174, 123, 150, 84, 255, 87, 9, 123, 167, 87, 125, 30, 203, 69,
       171, 49, 203, 251, 127, 150, 136, 80, 129, 59, 138, 219, 18, 157,
       51, 208, 60, 230, 31, 5, 84, 167, 172, 214, 35, 196, 230, 123,
       179, 192, 102, 156, 18, 255, 39, 115, 154, 139, 22, 20, 45, 221,
       3, 223, 107, 141, 246, 150, 191, 181, 12, 76, 94, 231, 189, 110,
       182, 96, 118, 125, 151, 231, 197, 152, 61, 237, 36, 125, 174, 130,
       28, 190, 177, 253, 127, 238, 194, 142, 223, 19, 142, 236, 18, 230,
       153, 175, 96, 232, 191, 132, 217, 228, 179, 231, 224, 99, 141,
       191, 56, 110, 205, 190, 159, 127, 120, 220, 188, 30, 250, 252,
       241, 174, 123, 82, 53, 134, 126, 177, 63, 231, 35, 88, 118, 255,
       135, 154, 56, 149, 0, 170, 211, 239, 32, 129, 178, 249, 108, 115,
       38, 241, 176, 154, 109, 205, 146, 200, 143, 29, 185, 11, 238, 220,
       110, 150, 217, 91, 251, 99, 14, 35, 218, 213, 151, 16, 139, 127,
       82, 31, 28, 198, 101, 16, 191, 117, 172, 46, 245, 23, 238, 251,
       182, 92, 246, 189, 81, 107, 133, 118, 124, 12, 145, 233, 243, 0,
       207, 187, 117, 16, 200, 232, 209, 123, 108, 113, 88, 231, 96, 79,
       123, 24, 32, 160, 231, 9, 215, 31, 11, 80, 84, 221, 125, 106, 8,
       176, 217, 8, 199, 233, 33, 21, 96, 179, 78, 82, 222, 29, 119, 244,
       243, 214, 180, 227, 185, 202, 182, 35, 12, 191, 39, 127, 167, 247,
       159, 243, 117, 219, 48, 238, 251, 251, 79, 131, 167, 116, 39, 215,
       81, 184, 63, 240, 9, 205, 81, 214, 235, 81, 132, 8, 190, 150, 64,
       50, 163, 179, 93, 25, 139, 75, 178, 113, 153, 217, 30, 122, 8, 0,
       3, 123, 11, 223, 14, 189, 18, 130, 58, 246, 52, 65, 74, 231, 173,
       138, 51, 64, 102, 107, 147, 197, 231, 152, 7, 255, 228, 39, 186,
       128, 60, 20, 57, 89, 21, 13, 75, 254, 22, 163, 235, 115, 212, 0,
       219, 194, 113, 226, 176, 96, 122, 170, 26, 188, 57, 139, 60, 63,
       248, 175, 170, 72, 181, 139, 112, 168, 56, 124, 145, 250, 27, 233,
       23, 198, 187, 7, 169, 8, 47, 223, 97, 57, 137, 187, 205, 2, 106,
       35, 250, 177, 243, 213, 20, 63, 242, 83, 7, 58, 98, 187, 234, 16,
       237, 217, 177, 103, 203, 85, 124, 173, 168, 172, 118, 22, 206, 51,
       227, 17, 150, 59, 166, 209, 79, 20, 154, 235, 199, 12, 223, 223,
       250, 48, 111, 244, 45, 212, 217, 99, 153, 206, 148, 187, 42, 28,
       54, 127, 204, 181, 253, 129, 188, 207, 226, 204, 219, 115, 216,
       251, 7, 12, 84, 119, 131, 13, 99, 149, 103, 150, 188, 103, 125,
       192, 94, 199, 168, 142, 182, 165, 110, 47, 179, 141, 229, 216,
       181, 202, 54, 120, 222, 131, 47, 132, 185, 221, 142, 91, 38, 158,
       207, 228, 190, 98, 157, 196, 218, 135, 172, 238, 55, 65, 238, 251,
       179, 199, 196, 139, 18, 237, 115, 113, 206, 139, 23, 117, 53, 218,
       216, 147, 240, 237, 37, 86, 89, 57, 83, 110, 86, 166, 255, 125,
       187, 230, 22, 29, 189, 45, 193, 176, 177, 137, 195, 255, 97, 149,
       118, 172, 29, 113, 207, 250, 247, 251, 238, 136, 233, 216, 254,
       251, 214, 246, 249, 239, 213, 106, 103, 103, 127, 220, 163, 221,
       239, 241, 94, 107, 255, 164, 174, 241, 97, 113, 116, 241, 57, 168,
       169, 15, 87, 184, 43, 180, 160, 9, 207, 115, 73, 16, 153, 213,
       109, 98, 74, 98, 219, 27, 185, 213, 5, 62, 80, 59, 70, 98, 2, 200,
       6, 189, 17, 196, 58, 230, 159, 0, 66, 131, 172, 206, 33, 64, 228,
       123, 59, 193, 98, 137, 18, 255, 165, 54, 218, 11, 16, 21, 37, 138,
       230, 93, 242, 238, 117, 121, 254, 140, 137, 14, 186, 171, 106,
       126, 63, 222, 255, 211, 223, 226, 172, 35, 104, 251, 183, 188,
       202, 187, 215, 255, 92, 95, 66, 185, 181, 185, 235, 204, 185, 207,
       175, 125, 154, 224, 172, 214, 64, 118, 167, 123, 127, 145, 19, 73,
       187, 241, 157, 144, 155, 238, 16, 0, 167, 249, 165, 255, 201, 255,
       222, 43, 238, 252, 214, 234, 185, 254, 211, 233, 249, 34, 127,
       230, 94, 238, 241, 103, 207, 255, 254, 143, 167, 188, 253, 251,
       249, 145, 4, 153, 191, 217, 172, 102, 185, 247, 190, 127, 214, 18,
       244, 183, 96, 75, 103, 95, 59, 145, 50, 217, 179, 97, 221, 34,
       254, 196, 128, 72, 165, 123, 47, 76, 98, 95, 85, 215, 178, 96, 95,
       68, 125, 2, 104, 204, 183, 164, 216, 40, 146, 79, 135, 180, 124,
       255, 39, 30, 131, 3, 87, 63, 125, 244, 61, 205, 107, 222, 180,
       146, 207, 246, 213, 200, 222, 226, 113, 236, 181, 100, 124, 234,
       31, 207, 233, 187, 46, 175, 114, 111, 166, 136, 55, 251, 240, 253,
