%YAML:1.0
---
descriptors: !!opencv-matrix
   rows: 102
   cols: 32
   dt: u
   data: [ 3, 190, 13, 185, 252, 133, 169, 255, 30, 25, 88, 245, 188,
       231, 224, 64, 207, 43, 55, 21, 179, 26, 66, 247, 108, 22, 190,
       232, 152, 136, 129, 153, 2, 235, 24, 187, 222, 137, 182, 207, 142,
       5, 72, 131, 164, 138, 98, 64, 203, 43, 35, 17, 18, 26, 66, 245,
       44, 20, 26, 107, 16, 24, 133, 138, 193, 92, 191, 220, 108, 100,
       233, 146, 252, 26, 102, 16, 252, 247, 53, 123, 193, 119, 122, 10,
       33, 69, 179, 235, 71, 186, 210, 8, 144, 241, 101, 41, 118, 231,
       237, 206, 220, 3, 206, 232, 83, 171, 177, 202, 83, 104, 148, 0,
       89, 196, 117, 237, 168, 227, 205, 223, 56, 14, 253, 180, 205, 249,
       82, 0, 172, 132, 150, 252, 253, 171, 86, 233, 223, 19, 241, 17,
       207, 233, 44, 201, 211, 121, 239, 34, 52, 99, 74, 159, 234, 255,
       71, 95, 214, 232, 233, 131, 198, 233, 148, 182, 237, 136, 238,
       168, 187, 178, 16, 11, 237, 234, 92, 199, 179, 107, 121, 211, 118,
       76, 138, 243, 173, 82, 207, 239, 4, 38, 27, 6, 124, 117, 189, 234,
       169, 79, 95, 248, 59, 250, 189, 13, 223, 127, 65, 51, 149, 221,
       221, 98, 233, 99, 251, 184, 251, 219, 101, 188, 114, 243, 70, 115,
       214, 204, 150, 147, 133, 8, 38, 198, 63, 51, 194, 19, 196, 162,
       76, 206, 225, 207, 170, 83, 126, 220, 155, 226, 189, 54, 222, 71,
       128, 93, 173, 14, 132, 60, 155, 177, 226, 234, 185, 215, 58, 227,
       66, 242, 149, 183, 65, 40, 55, 127, 19, 145, 51, 220, 145, 66,
       205, 134, 63, 224, 172, 64, 167, 179, 68, 52, 157, 241, 224, 44,
       121, 27, 122, 187, 47, 88, 223, 51, 201, 123, 183, 94, 124, 28,
       177, 80, 155, 64, 207, 187, 119, 100, 136, 225, 195, 161, 114,
       132, 247, 206, 126, 35, 158, 232, 91, 163, 217, 234, 92, 124, 52,
       17, 63, 253, 53, 229, 168, 211, 13, 255, 58, 46, 221, 150, 53,
       231, 35, 17, 198, 4, 148, 149, 137, 102, 181, 3, 190, 191, 3, 17,
       204, 34, 79, 79, 129, 87, 235, 17, 52, 197, 131, 194, 13, 50, 223,
       7, 136, 100, 173, 6, 64, 153, 159, 247, 136, 102, 53, 167, 174,
       155, 74, 0, 245, 55, 64, 106, 225, 87, 105, 144, 18, 216, 155, 96,
       205, 163, 126, 65, 128, 112, 165, 58, 125, 159, 102, 110, 168, 30,
       94, 189, 225, 200, 174, 204, 123, 103, 146, 243, 54, 230, 252,
       238, 253, 11, 253, 45, 242, 235, 101, 152, 107, 182, 234, 81, 33,
       176, 49, 241, 236, 237, 161, 159, 30, 121, 49, 120, 148, 21, 200,
       32, 135, 27, 82, 25, 147, 120, 107, 21, 13, 24, 61, 254, 208, 8,
       133, 233, 24, 93, 127, 253, 87, 134, 126, 240, 189, 130, 126, 2,
       125, 255, 49, 117, 102, 245, 63, 234, 97, 153, 16, 238, 243, 255,
       198, 0, 43, 243, 33, 186, 117, 49, 155, 60, 157, 134, 87, 113,
       244, 136, 226, 12, 214, 241, 97, 67, 216, 236, 104, 115, 88, 235,
       146, 8, 249, 244, 7, 26, 72, 50, 114, 2, 118, 72, 214, 158, 77,
       110, 254, 200, 185, 182, 178, 11, 78, 250, 47, 95, 251, 245, 239,
       227, 108, 231, 217, 232, 145, 186, 203, 31, 1, 127, 126, 6, 244,
       72, 215, 244, 78, 10, 108, 148, 185, 146, 178, 26, 95, 107, 21,
       91, 106, 245, 125, 234, 104, 199, 195, 232, 211, 250, 214, 24, 37,
       241, 98, 0, 38, 165, 144, 131, 253, 109, 184, 105, 62, 55, 57, 27,
       204, 122, 72, 8, 187, 155, 74, 49, 54, 112, 91, 214, 29, 22, 31,
       119, 212, 74, 135, 134, 0, 217, 191, 163, 168, 192, 181, 133, 142,
       29, 138, 51, 244, 191, 96, 74, 226, 87, 123, 209, 18, 137, 163,
       97, 237, 165, 126, 195, 128, 26, 165, 123, 118, 172, 222, 182,
       237, 41, 92, 202, 187, 23, 186, 27, 239, 234, 79, 90, 235, 231,
       111, 19, 28, 99, 202, 224, 159, 243, 215, 63, 193, 121, 202, 6,
       61, 85, 17, 238, 189, 15, 86, 248, 47, 168, 249, 72, 223, 125, 9,
       176, 220, 213, 125, 106, 41, 35, 91, 158, 251, 221, 5, 60, 90,
       251, 66, 51, 124, 125, 185, 229, 233, 15, 94, 184, 59, 170, 188,
       72, 223, 127, 65, 48, 149, 221, 125, 106, 201, 98, 217, 58, 251,
       223, 101, 188, 90, 249, 70, 51, 85, 77, 23, 231, 32, 14, 111, 56,
       109, 172, 251, 72, 223, 51, 129, 116, 182, 213, 108, 106, 73, 176,
       233, 76, 165, 254, 35, 132, 0, 243, 71, 33, 69, 97, 57, 197, 36,
       15, 103, 184, 109, 168, 119, 8, 223, 50, 137, 116, 146, 212, 76,
       106, 193, 176, 233, 12, 229, 188, 39, 52, 64, 179, 67, 37, 112,
       93, 119, 236, 151, 66, 86, 237, 69, 128, 234, 35, 99, 121, 33, 81,
       248, 246, 204, 227, 108, 171, 1, 172, 179, 225, 132, 19, 51, 190,
       244, 10, 27, 89, 123, 236, 82, 214, 63, 113, 173, 200, 94, 230,
       61, 223, 161, 228, 118, 253, 151, 239, 193, 153, 52, 237, 243,
       237, 174, 130, 47, 178, 37, 113, 104, 248, 188, 122, 169, 253, 21,
       143, 139, 31, 164, 25, 174, 255, 66, 27, 129, 115, 233, 16, 18,
       75, 218, 49, 219, 211, 85, 123, 210, 92, 143, 11, 73, 157, 145,
       62, 57, 141, 18, 190, 142, 25, 40, 76, 190, 178, 0, 80, 133, 115,
       238, 64, 2, 40, 211, 51, 229, 245, 16, 58, 80, 8, 3, 11, 125, 71,
       65, 71, 180, 14, 78, 184, 113, 234, 251, 236, 83, 97, 153, 244,
       22, 196, 108, 110, 233, 176, 77, 46, 46, 238, 37, 148, 111, 243,
       82, 1, 101, 113, 23, 172, 13, 134, 87, 113, 229, 136, 226, 12,
       214, 209, 32, 82, 216, 252, 104, 98, 73, 227, 146, 12, 249, 240,
       71, 26, 72, 34, 98, 34, 187, 178, 109, 91, 173, 253, 217, 157,
       143, 125, 181, 127, 10, 157, 222, 59, 205, 155, 245, 17, 159, 60,
       251, 209, 75, 89, 248, 255, 223, 140, 212, 119, 36, 49, 184, 99,
       157, 111, 81, 9, 107, 181, 45, 24, 214, 21, 74, 58, 145, 28, 65,
       56, 18, 112, 249, 16, 79, 157, 5, 119, 192, 75, 198, 98, 174, 178,
       104, 123, 141, 253, 81, 217, 207, 127, 53, 189, 138, 221, 126, 47,
       201, 154, 223, 20, 159, 108, 254, 145, 79, 89, 85, 255, 242, 12,
       220, 215, 120, 157, 61, 126, 29, 238, 87, 183, 197, 12, 174, 0,
       242, 119, 32, 116, 193, 242, 92, 8, 58, 41, 121, 63, 227, 255, 32,
       26, 18, 202, 196, 107, 199, 18, 185, 69, 48, 76, 57, 16, 40, 72,
       86, 101, 220, 55, 215, 127, 132, 85, 125, 60, 129, 80, 177, 64,
       197, 57, 42, 130, 8, 0, 3, 115, 61, 125, 25, 237, 189, 15, 86,
       186, 111, 168, 188, 72, 223, 59, 1, 176, 220, 221, 92, 106, 201,
       178, 81, 158, 251, 221, 37, 52, 74, 185, 66, 35, 198, 236, 148,
       151, 77, 136, 166, 172, 190, 178, 131, 19, 236, 226, 76, 199, 241,
       235, 106, 211, 102, 68, 154, 251, 189, 22, 223, 43, 0, 50, 169, 6,
       125, 239, 144, 225, 185, 15, 78, 190, 123, 178, 170, 72, 223, 99,
       65, 178, 145, 196, 108, 126, 107, 66, 219, 58, 235, 255, 37, 124,
       74, 113, 75, 1, 9, 158, 69, 25, 176, 159, 104, 191, 62, 81, 74,
       212, 189, 34, 186, 100, 87, 10, 54, 140, 247, 156, 119, 119, 44,
       254, 190, 192, 154, 136, 129, 156, 178, 96, 112, 225, 38, 8, 248,
       64, 105, 160, 184, 139, 15, 11, 84, 18, 174, 157, 93, 217, 202,
       166, 133, 192, 151, 216, 138, 163, 103, 130, 67, 142, 109, 231,
       148, 101, 185, 47, 70, 184, 127, 177, 170, 76, 215, 98, 89, 182,
       145, 68, 108, 126, 175, 97, 219, 51, 173, 255, 5, 124, 200, 243,
       202, 4, 229, 227, 132, 19, 141, 15, 70, 184, 234, 179, 163, 92,
       243, 96, 92, 187, 145, 70, 108, 126, 223, 97, 223, 48, 173, 154,
       69, 124, 200, 251, 218, 4, 6, 140, 149, 151, 197, 126, 180, 167,
       63, 183, 78, 17, 236, 55, 74, 207, 129, 71, 163, 17, 54, 216, 219,
       227, 47, 118, 95, 71, 130, 85, 157, 206, 137, 164, 157, 251, 236,
       169, 169, 143, 30, 123, 93, 56, 149, 243, 200, 233, 195, 10, 50,
       28, 51, 92, 107, 147, 140, 215, 126, 108, 152, 200, 129, 168, 167,
       178, 125, 249, 172, 173, 217, 155, 207, 121, 181, 253, 30, 157,
       220, 43, 143, 25, 245, 21, 147, 52, 235, 209, 219, 217, 185, 246,
       158, 141, 147, 115, 219, 90, 127, 109, 44, 20, 93, 55, 233, 74,
       214, 245, 62, 63, 150, 119, 134, 181, 253, 207, 205, 159, 161,
       224, 243, 251, 120, 146, 14, 180, 224, 127, 150, 235, 111, 190,
