%YAML:1.0
---
descriptors: !!opencv-matrix
   rows: 128
   cols: 32
   dt: u
   data: [ 64, 137, 159, 247, 128, 202, 61, 167, 174, 29, 10, 1, 213,
       183, 64, 75, 161, 87, 121, 209, 16, 217, 155, 33, 237, 163, 255,
       69, 128, 80, 165, 58, 208, 248, 25, 234, 58, 205, 27, 236, 174,
       96, 128, 57, 183, 215, 96, 80, 166, 241, 125, 82, 99, 15, 186, 55,
       249, 193, 47, 121, 16, 2, 7, 123, 74, 145, 150, 154, 139, 208,
       176, 77, 175, 81, 203, 51, 236, 246, 42, 230, 226, 51, 251, 144,
       23, 9, 154, 241, 157, 52, 90, 75, 146, 2, 173, 30, 213, 82, 253,
       231, 36, 62, 110, 152, 96, 234, 147, 102, 211, 126, 217, 235, 118,
       229, 124, 239, 237, 212, 237, 104, 198, 235, 235, 148, 44, 243,
       65, 113, 32, 5, 254, 254, 253, 139, 94, 108, 223, 134, 240, 8,
       239, 233, 36, 65, 211, 121, 111, 98, 48, 107, 10, 159, 235, 255,
       71, 59, 212, 250, 69, 139, 119, 199, 197, 198, 246, 3, 142, 232,
       26, 162, 153, 234, 81, 106, 157, 0, 95, 213, 117, 239, 40, 195,
       77, 254, 56, 46, 239, 148, 149, 235, 242, 32, 252, 105, 253, 66,
       140, 79, 199, 200, 66, 244, 165, 10, 83, 85, 89, 43, 89, 212, 120,
       122, 75, 99, 255, 24, 249, 137, 229, 124, 113, 187, 86, 96, 101,
       48, 189, 96, 41, 237, 81, 8, 235, 249, 165, 8, 158, 157, 65, 58,
       129, 21, 124, 16, 19, 97, 242, 16, 219, 217, 81, 126, 200, 1, 67,
       51, 104, 164, 253, 113, 200, 105, 81, 143, 51, 55, 172, 152, 211,
       55, 72, 27, 11, 150, 233, 24, 58, 71, 235, 17, 79, 135, 85, 117,
       227, 192, 198, 234, 222, 144, 26, 186, 27, 244, 18, 216, 191, 93,
       161, 25, 206, 222, 106, 208, 181, 27, 253, 83, 62, 7, 154, 243,
       155, 241, 10, 127, 144, 7, 47, 67, 92, 54, 152, 99, 176, 42, 114,
       24, 42, 186, 187, 121, 215, 122, 201, 26, 183, 221, 109, 51, 28,
       114, 201, 0, 220, 193, 43, 181, 196, 99, 15, 131, 232, 188, 190,
       120, 169, 249, 16, 207, 155, 23, 164, 57, 238, 249, 106, 27, 129,
       115, 233, 16, 50, 111, 202, 51, 203, 211, 85, 123, 210, 76, 143,
       11, 9, 176, 189, 251, 236, 237, 249, 159, 207, 123, 53, 124, 156,
       189, 88, 43, 143, 27, 127, 25, 179, 124, 251, 209, 207, 219, 127,
       254, 214, 72, 133, 251, 82, 14, 50, 154, 139, 209, 188, 231, 189,
       14, 144, 179, 172, 174, 37, 205, 239, 179, 207, 129, 112, 11, 2,
       234, 177, 22, 94, 187, 146, 84, 175, 223, 117, 151, 69, 103, 180,
       30, 78, 184, 97, 234, 187, 108, 83, 96, 153, 240, 22, 196, 92,
       110, 237, 176, 237, 46, 170, 238, 37, 148, 111, 243, 90, 5, 250,
       88, 255, 244, 108, 110, 125, 180, 185, 222, 182, 63, 123, 63, 135,
       91, 239, 245, 253, 226, 233, 71, 227, 234, 215, 251, 242, 144, 39,
       241, 102, 123, 23, 73, 221, 229, 3, 79, 110, 32, 45, 160, 98, 138,
       223, 39, 17, 246, 50, 245, 120, 234, 73, 144, 21, 76, 181, 231,
       71, 0, 232, 50, 3, 162, 125, 97, 238, 69, 197, 30, 235, 216, 97,
       164, 174, 10, 89, 57, 87, 54, 56, 196, 123, 250, 216, 179, 253,
       64, 127, 45, 133, 69, 227, 179, 118, 224, 102, 180, 250, 90, 223,
       253, 210, 200, 91, 31, 61, 27, 66, 249, 78, 24, 185, 218, 227, 18,
       54, 103, 154, 211, 31, 31, 17, 111, 193, 75, 254, 135, 237, 113,
       189, 239, 173, 31, 86, 184, 111, 232, 181, 76, 223, 251, 25, 115,
       220, 196, 126, 110, 201, 99, 251, 152, 247, 249, 103, 60, 90, 187,
       82, 49, 125, 117, 57, 238, 189, 15, 95, 248, 111, 232, 189, 76,
       223, 125, 9, 48, 221, 213, 94, 106, 233, 99, 249, 158, 243, 223,
       37, 190, 74, 251, 66, 51, 86, 236, 148, 183, 221, 224, 38, 136,
       187, 179, 129, 3, 228, 234, 77, 202, 241, 239, 106, 147, 46, 88,
       202, 243, 189, 22, 223, 107, 128, 115, 47, 142, 164, 132, 254,
       254, 125, 139, 218, 232, 223, 128, 241, 9, 207, 233, 44, 64, 211,
       123, 111, 98, 32, 103, 26, 255, 251, 255, 71, 63, 84, 171, 37,
       131, 3, 162, 21, 155, 252, 137, 168, 191, 30, 57, 16, 253, 189, 2,
       216, 129, 207, 11, 110, 29, 179, 88, 75, 215, 12, 22, 62, 252,
       156, 136, 137, 169, 9, 135, 196, 27, 186, 155, 44, 191, 54, 123,
       94, 246, 193, 98, 202, 229, 119, 10, 38, 156, 247, 216, 239, 87,
       44, 71, 254, 229, 190, 196, 137, 221, 253, 236, 1, 100, 29, 111,
       71, 254, 82, 226, 168, 74, 115, 113, 81, 162, 89, 228, 88, 127,
       169, 103, 249, 62, 185, 142, 133, 60, 89, 251, 82, 40, 46, 166,
       240, 75, 249, 125, 75, 217, 83, 127, 125, 56, 74, 119, 222, 188,
       93, 154, 150, 186, 186, 118, 239, 211, 79, 94, 145, 239, 211, 207,
       206, 228, 176, 137, 31, 248, 220, 129, 70, 103, 149, 0, 224, 80,
       34, 211, 32, 81, 200, 186, 2, 80, 122, 171, 82, 61, 185, 224, 4,
       91, 113, 8, 228, 138, 213, 67, 75, 237, 34, 2, 111, 184, 52, 136,
       87, 230, 83, 71, 153, 113, 118, 253, 53, 238, 233, 144, 45, 76,
       244, 170, 231, 132, 45, 179, 33, 113, 205, 217, 149, 246, 169, 12,
       87, 181, 239, 186, 39, 72, 254, 115, 73, 247, 129, 118, 124, 74,
       115, 68, 251, 33, 239, 251, 101, 86, 10, 243, 129, 33, 104, 185,
       59, 186, 25, 205, 81, 196, 139, 93, 164, 9, 166, 150, 98, 62, 200,
       51, 200, 80, 27, 43, 242, 181, 251, 209, 80, 123, 208, 26, 198,
       126, 61, 197, 123, 239, 244, 11, 239, 248, 117, 160, 255, 66, 115,
       105, 185, 112, 126, 204, 23, 254, 200, 178, 109, 63, 254, 173,
       165, 132, 109, 187, 114, 161, 213, 83, 77, 229, 38, 14, 111, 184,
       100, 232, 223, 230, 215, 87, 153, 115, 118, 196, 125, 239, 201,
       148, 109, 12, 244, 235, 235, 132, 45, 179, 81, 49, 189, 197, 76,
       231, 44, 11, 79, 184, 117, 160, 247, 72, 83, 99, 153, 81, 122,
       228, 108, 110, 105, 247, 125, 44, 242, 235, 229, 20, 109, 187, 66,
       32, 95, 55, 210, 165, 178, 62, 40, 19, 120, 163, 91, 246, 207, 42,
       201, 234, 183, 205, 60, 181, 181, 208, 149, 202, 136, 230, 47,
       134, 172, 229, 169, 5, 44, 181, 56, 99, 157, 111, 81, 137, 107,
       181, 45, 24, 214, 85, 74, 26, 145, 20, 65, 50, 18, 112, 249, 20,
       207, 217, 1, 119, 192, 11, 198, 98, 209, 64, 156, 229, 19, 78,
       106, 96, 101, 160, 230, 10, 123, 51, 1, 114, 184, 213, 120, 234,
       109, 149, 145, 78, 179, 239, 71, 1, 105, 50, 107, 2, 240, 221, 63,
       239, 128, 70, 71, 245, 52, 72, 230, 2, 115, 117, 32, 113, 120,
       246, 61, 106, 121, 187, 57, 47, 241, 227, 229, 0, 121, 42, 228,
       122, 208, 91, 95, 244, 34, 202, 20, 52, 165, 136, 130, 224, 255,
       23, 160, 115, 166, 245, 237, 96, 105, 141, 1, 45, 179, 227, 98,
       146, 32, 176, 5, 59, 249, 105, 235, 110, 29, 208, 70, 101, 83,
       192, 236, 8, 115, 252, 117, 176, 216, 232, 84, 232, 79, 43, 254,
       47, 187, 253, 133, 57, 99, 58, 246, 110, 208, 73, 95, 245, 10, 66,
       109, 180, 160, 146, 134, 192, 125, 55, 129, 115, 102, 245, 125,
       234, 97, 205, 179, 108, 247, 235, 239, 128, 32, 176, 37, 56, 247,
       97, 252, 74, 239, 85, 215, 200, 203, 254, 181, 10, 74, 220, 223,
       63, 249, 208, 254, 122, 206, 103, 238, 208, 59, 24, 69, 63, 215,
       255, 254, 231, 25, 221, 28, 238, 184, 215, 87, 191, 132, 64, 238,
       0, 119, 55, 32, 113, 64, 178, 12, 40, 105, 137, 113, 63, 227, 231,
       36, 80, 56, 218, 168, 58, 68, 50, 152, 35, 160, 47, 121, 25, 42,
       185, 51, 124, 223, 91, 72, 26, 183, 29, 108, 51, 152, 208, 201,
       64, 204, 209, 43, 228, 200, 227, 139, 1, 70, 238, 132, 151, 157,
       136, 166, 168, 190, 182, 139, 3, 236, 226, 73, 199, 241, 111, 234,
       211, 38, 65, 138, 255, 172, 22, 207, 111, 128, 119, 141, 134, 100,
       0, 94, 236, 45, 11, 218, 104, 159, 160, 241, 9, 207, 235, 41, 64,
       218, 213, 111, 34, 40, 227, 75, 221, 217, 247, 67, 61, 80, 42, 45,
       2, 38, 32, 86, 168, 121, 11, 152, 200, 159, 160, 240, 137, 206,
       207, 45, 144, 222, 29, 255, 97, 4, 195, 67, 216, 147, 218, 11,
       191, 84, 46, 43, 131, 77, 8, 159, 255, 109, 228, 177, 18, 254,
       218, 118, 16, 188, 247, 225, 106, 227, 127, 54, 138, 1, 222, 178,
       226, 71, 255, 250, 10, 138, 113, 97, 171, 33, 12, 183, 127, 36,
