%YAML:1.0
---
descriptors: !!opencv-matrix
   rows: 101
   cols: 32
   dt: u
   data: [ 0, 180, 60, 25, 185, 205, 148, 175, 94, 121, 48, 57, 174, 28,
       78, 1, 133, 19, 206, 1, 246, 104, 67, 119, 173, 214, 16, 127, 88,
       24, 141, 159, 254, 64, 214, 196, 77, 126, 94, 136, 41, 166, 183,
       26, 74, 254, 79, 222, 251, 213, 253, 226, 76, 71, 153, 194, 145,
       250, 203, 31, 167, 119, 127, 6, 6, 160, 16, 147, 237, 253, 184,
       207, 14, 53, 145, 27, 140, 92, 94, 13, 171, 11, 219, 17, 54, 120,
       91, 213, 15, 18, 95, 127, 212, 12, 205, 198, 253, 69, 111, 71,
       198, 94, 111, 188, 113, 226, 231, 130, 91, 93, 159, 115, 58, 196,
       121, 238, 233, 242, 253, 76, 119, 171, 197, 4, 103, 179, 114, 96,
       198, 176, 189, 240, 234, 45, 185, 219, 170, 187, 17, 121, 148,
       191, 76, 11, 173, 31, 119, 17, 179, 79, 218, 80, 93, 18, 127, 254,
       200, 97, 131, 179, 86, 172, 148, 151, 149, 192, 38, 134, 59, 179,
       139, 19, 228, 226, 76, 78, 225, 207, 42, 147, 62, 88, 203, 227,
       189, 182, 159, 103, 128, 119, 189, 142, 165, 231, 65, 138, 204,
       33, 102, 248, 198, 178, 153, 206, 243, 224, 233, 34, 89, 202, 74,
       238, 123, 39, 78, 179, 188, 132, 167, 60, 189, 251, 240, 160, 2,
       20, 191, 188, 173, 100, 181, 3, 142, 223, 155, 3, 204, 254, 102,
       74, 193, 119, 251, 17, 16, 73, 179, 192, 205, 54, 223, 91, 144,
       108, 181, 211, 37, 223, 189, 95, 232, 47, 110, 183, 126, 107, 126,
       244, 208, 39, 145, 60, 93, 94, 102, 142, 177, 248, 79, 122, 44,
       190, 119, 132, 218, 241, 202, 177, 193, 88, 157, 221, 108, 44,
       229, 22, 248, 82, 226, 84, 242, 176, 149, 123, 225, 228, 122, 138,
       225, 101, 243, 225, 21, 186, 210, 8, 88, 248, 97, 44, 105, 97, 25,
       71, 60, 31, 71, 56, 108, 168, 245, 8, 254, 80, 133, 52, 152, 76,
       94, 110, 201, 178, 233, 108, 229, 157, 37, 48, 64, 187, 67, 33,
       164, 196, 214, 252, 125, 11, 158, 236, 159, 2, 240, 25, 206, 235,
       44, 65, 215, 125, 111, 98, 100, 231, 11, 255, 243, 255, 87, 63,
       84, 185, 41, 139, 54, 231, 196, 207, 28, 3, 206, 168, 83, 176,
       249, 234, 67, 104, 28, 1, 89, 204, 53, 243, 106, 114, 79, 159, 56,
       62, 229, 244, 125, 58, 80, 0, 125, 253, 157, 228, 188, 15, 94,
       188, 59, 186, 184, 104, 223, 127, 201, 50, 149, 223, 125, 122,
       233, 67, 217, 190, 251, 223, 101, 188, 74, 241, 195, 51, 117, 231,
       133, 158, 222, 3, 134, 232, 18, 178, 153, 254, 211, 96, 233, 1,
       89, 194, 10, 254, 105, 99, 79, 191, 184, 6, 239, 124, 253, 122,
       240, 128, 61, 117, 57, 238, 189, 79, 86, 248, 127, 232, 253, 76,
       223, 125, 9, 48, 220, 213, 92, 106, 233, 35, 121, 190, 251, 255,
       37, 62, 218, 123, 98, 51, 237, 236, 49, 98, 221, 109, 71, 252,
       194, 248, 172, 8, 115, 241, 89, 182, 25, 210, 88, 122, 107, 99,
       250, 50, 185, 205, 5, 124, 211, 123, 86, 32, 194, 185, 191, 163,
       172, 192, 181, 133, 142, 29, 138, 51, 148, 191, 98, 66, 198, 87,
       123, 81, 18, 9, 155, 96, 237, 181, 62, 211, 128, 10, 165, 123, 75,
       129, 246, 119, 39, 88, 124, 164, 225, 81, 70, 130, 249, 127, 28,
       239, 50, 119, 185, 140, 212, 216, 183, 237, 71, 235, 222, 1, 39,
       150, 117, 104, 102, 36, 209, 67, 64, 106, 234, 136, 107, 243, 171,
       24, 222, 62, 93, 186, 187, 221, 88, 59, 33, 116, 221, 66, 157,
       156, 69, 52, 197, 115, 67, 160, 16, 238, 169, 185, 178, 235, 179,
       159, 62, 103, 88, 177, 183, 173, 64, 0, 55, 27, 21, 21, 18, 152,
       65, 55, 237, 135, 63, 228, 212, 208, 135, 251, 119, 73, 103, 68,
       5, 86, 79, 232, 101, 224, 238, 2, 83, 124, 63, 244, 120, 228, 120,
       239, 205, 163, 61, 236, 51, 110, 197, 20, 103, 183, 242, 100, 84,
       49, 157, 35, 146, 111, 120, 9, 58, 185, 179, 89, 223, 58, 73, 26,
       183, 29, 77, 49, 18, 208, 201, 64, 205, 195, 43, 229, 224, 99, 7,
       3, 202, 184, 188, 122, 137, 253, 16, 143, 155, 31, 165, 25, 238,
       253, 102, 27, 131, 115, 233, 16, 22, 111, 218, 49, 203, 211, 85,
       123, 210, 68, 143, 10, 8, 177, 60, 57, 185, 205, 144, 175, 30, 57,
       56, 57, 190, 28, 72, 0, 135, 19, 207, 17, 18, 104, 91, 23, 237,
       215, 20, 127, 80, 8, 135, 27, 107, 49, 60, 250, 108, 173, 89, 80,
       43, 121, 245, 92, 158, 143, 22, 56, 142, 175, 117, 79, 147, 75,
       210, 241, 215, 249, 24, 184, 92, 131, 203, 145, 133, 176, 253,
       243, 236, 45, 248, 95, 239, 59, 49, 122, 159, 185, 220, 43, 175,
       27, 127, 25, 178, 116, 203, 211, 207, 218, 119, 244, 220, 200,
       193, 163, 250, 76, 254, 252, 108, 10, 125, 60, 185, 146, 182, 186,
       123, 127, 149, 123, 111, 245, 125, 238, 104, 71, 227, 234, 214,
       251, 242, 152, 39, 241, 98, 40, 220, 244, 58, 186, 57, 236, 83,
       216, 59, 93, 101, 25, 95, 223, 107, 89, 181, 217, 205, 115, 62,
       71, 154, 53, 219, 241, 35, 111, 176, 19, 47, 83, 121, 15, 108,
       110, 40, 30, 95, 57, 225, 236, 190, 237, 123, 103, 146, 243, 6,
       228, 124, 110, 221, 107, 229, 13, 242, 235, 101, 144, 107, 178,
       202, 81, 74, 184, 188, 122, 169, 253, 17, 143, 171, 63, 164, 57,
       174, 255, 66, 27, 131, 115, 233, 16, 18, 73, 202, 49, 219, 211,
       85, 123, 210, 64, 143, 11, 125, 71, 192, 71, 48, 30, 78, 184, 117,
       232, 127, 228, 83, 96, 157, 244, 54, 204, 44, 110, 237, 176, 109,
       46, 162, 239, 37, 132, 111, 243, 88, 5, 149, 80, 221, 101, 3, 95,
       98, 104, 111, 160, 175, 10, 95, 51, 1, 114, 48, 197, 104, 234, 9,
       181, 185, 74, 215, 239, 65, 21, 105, 35, 75, 34, 244, 72, 222,
       253, 108, 40, 108, 140, 185, 178, 178, 154, 255, 43, 21, 91, 107,
       245, 127, 170, 40, 103, 195, 232, 214, 250, 218, 24, 165, 241, 99,
       8, 237, 45, 56, 234, 237, 173, 79, 148, 233, 121, 188, 92, 158,
       143, 19, 24, 140, 171, 119, 223, 147, 34, 218, 242, 231, 217, 168,
       248, 202, 211, 195, 241, 38, 164, 16, 131, 205, 109, 184, 105, 15,
       55, 57, 27, 204, 122, 76, 8, 251, 155, 239, 49, 22, 112, 91, 214,
       29, 20, 159, 119, 149, 78, 197, 134, 142, 140, 148, 151, 227, 42,
       183, 167, 58, 183, 78, 16, 236, 115, 74, 207, 161, 71, 32, 26, 50,
       220, 75, 227, 44, 214, 95, 71, 130, 117, 137, 138, 216, 250, 191,
       179, 58, 192, 187, 166, 142, 85, 138, 177, 189, 215, 98, 66, 199,
       119, 105, 209, 66, 13, 203, 51, 205, 225, 47, 81, 4, 2, 37, 123,
       213, 145, 189, 193, 143, 116, 181, 159, 234, 221, 142, 18, 220,
       189, 92, 110, 161, 87, 120, 24, 147, 105, 179, 194, 251, 63, 87,
       94, 130, 80, 165, 99, 243, 215, 192, 77, 150, 50, 206, 191, 115,
       99, 222, 246, 113, 41, 156, 164, 127, 198, 29, 173, 251, 250, 77,
       63, 62, 110, 180, 196, 111, 212, 250, 29, 35, 191, 40, 78, 221,
       149, 79, 191, 87, 77, 204, 69, 176, 231, 150, 116, 92, 234, 19,
       204, 158, 10, 118, 127, 111, 60, 132, 104, 154, 150, 240, 124, 90,
       176, 188, 245, 7, 78, 120, 19, 63, 57, 242, 2, 159, 31, 16, 106,
       166, 149, 125, 145, 136, 220, 211, 192, 223, 251, 250, 197, 160,
       0, 37, 43, 215, 193, 43, 170, 149, 212, 75, 192, 244, 72, 195, 16,
       83, 214, 56, 112, 248, 204, 60, 255, 127, 7, 184, 39, 185, 248,
       138, 92, 1, 3, 112, 100, 233, 64, 149, 93, 77, 108, 229, 150, 246,
       123, 102, 24, 178, 177, 81, 111, 201, 76, 122, 8, 161, 116, 243,
       3, 69, 187, 112, 0, 74, 120, 82, 168, 125, 125, 24, 237, 189, 15,
       94, 186, 111, 168, 188, 76, 223, 121, 1, 48, 220, 213, 92, 106,
       201, 162, 81, 158, 251, 223, 37, 60, 74, 249, 74, 3, 60, 100, 233,
       224, 188, 99, 91, 216, 3, 254, 189, 171, 83, 95, 73, 26, 217, 208,
       221, 242, 10, 103, 105, 146, 219, 213, 165, 253, 247, 251, 86,
       114, 73, 45, 157, 229, 188, 15, 92, 191, 59, 170, 174, 72, 159,
       51, 65, 50, 151, 255, 125, 56, 121, 90, 209, 30, 239, 223, 101,
       52, 136, 240, 138, 41, 3, 162, 156, 153, 252, 141, 169, 159, 30,
       121, 80, 212, 189, 162, 248, 68, 199, 11, 50, 28, 147, 88, 79,
       215, 12, 22, 62, 236, 156, 136, 137, 185, 50, 160, 86, 168, 105,
