%YAML:1.0
---
descriptors: !!opencv-matrix
   rows: 190
   cols: 32
   dt: u
   data: [ 11, 12, 140, 187, 157, 180, 184, 134, 30, 91, 72, 21, 172,
       186, 119, 200, 201, 43, 187, 149, 54, 216, 82, 243, 141, 119, 218,
       75, 152, 69, 57, 158, 130, 166, 156, 155, 252, 137, 172, 175, 30,
       51, 81, 249, 188, 226, 200, 200, 207, 27, 107, 21, 114, 92, 207,
       215, 12, 22, 254, 252, 156, 72, 129, 137, 241, 75, 70, 221, 44,
       10, 238, 180, 229, 186, 242, 230, 99, 0, 181, 103, 106, 228, 110,
       238, 232, 237, 69, 237, 180, 42, 230, 144, 109, 184, 112, 45, 88,
       153, 151, 247, 131, 74, 53, 167, 174, 61, 74, 33, 253, 55, 8, 75,
       167, 87, 105, 129, 16, 216, 27, 117, 237, 226, 126, 68, 128, 82,
       165, 59, 216, 248, 177, 238, 59, 205, 19, 180, 174, 64, 136, 40,
       191, 215, 64, 114, 194, 113, 125, 82, 107, 15, 250, 51, 249, 244,
       15, 122, 50, 3, 7, 59, 210, 253, 59, 162, 26, 201, 19, 197, 62,
       101, 128, 59, 55, 159, 96, 16, 174, 219, 221, 81, 123, 15, 184,
       183, 251, 193, 45, 127, 48, 8, 135, 123, 127, 97, 235, 6, 197, 86,
       239, 232, 97, 224, 207, 138, 89, 124, 95, 182, 56, 204, 113, 239,
       205, 243, 189, 232, 55, 45, 133, 4, 103, 247, 122, 244, 213, 91,
       78, 167, 38, 2, 111, 188, 100, 224, 210, 230, 113, 107, 155, 65,
       126, 229, 61, 239, 237, 144, 13, 45, 244, 171, 239, 128, 45, 179,
       112, 25, 73, 176, 189, 113, 173, 124, 249, 159, 234, 187, 54, 20,
       153, 61, 216, 235, 133, 86, 255, 24, 147, 104, 251, 193, 79, 251,
       118, 197, 202, 216, 193, 59, 129, 160, 149, 123, 170, 201, 33,
       223, 86, 113, 67, 112, 247, 210, 232, 233, 19, 26, 34, 24, 51, 92,
       111, 17, 140, 128, 115, 100, 176, 136, 133, 169, 244, 96, 215, 52,
       73, 104, 68, 64, 161, 242, 162, 8, 114, 54, 69, 59, 232, 245, 104,
       226, 9, 103, 211, 72, 145, 162, 215, 27, 225, 113, 102, 46, 200,
       88, 159, 252, 104, 236, 113, 18, 162, 26, 102, 0, 246, 183, 33,
       122, 96, 244, 44, 72, 1, 87, 179, 33, 213, 171, 114, 8, 32, 177,
       36, 43, 244, 99, 254, 102, 40, 110, 94, 216, 32, 174, 183, 9, 83,
       15, 73, 27, 188, 212, 109, 226, 12, 119, 201, 8, 211, 201, 101,
       181, 97, 243, 78, 131, 41, 172, 155, 119, 180, 238, 103, 167, 124,
       3, 106, 16, 183, 179, 24, 48, 147, 110, 72, 8, 59, 188, 17, 47,
       233, 239, 20, 64, 192, 192, 194, 40, 160, 148, 157, 153, 185, 237,
       144, 15, 142, 89, 40, 25, 182, 252, 104, 64, 193, 27, 234, 17, 18,
       40, 82, 23, 237, 22, 20, 123, 208, 72, 141, 155, 244, 65, 23, 172,
       28, 2, 71, 104, 133, 128, 226, 2, 71, 98, 33, 71, 248, 196, 108,
       98, 105, 163, 1, 140, 177, 242, 195, 22, 48, 59, 116, 36, 9, 138,
       17, 249, 60, 141, 81, 31, 94, 25, 120, 68, 182, 145, 224, 228,
       197, 42, 14, 12, 147, 56, 99, 23, 205, 157, 50, 114, 24, 136, 65,
       169, 72, 180, 189, 115, 169, 109, 181, 191, 110, 123, 44, 88, 222,
       61, 76, 56, 149, 19, 234, 16, 83, 120, 251, 17, 207, 223, 85, 118,
       216, 72, 135, 187, 64, 61, 123, 65, 178, 238, 115, 87, 42, 137,
       174, 16, 156, 151, 64, 52, 34, 62, 92, 24, 19, 185, 176, 66, 123,
       156, 34, 66, 192, 192, 231, 171, 188, 164, 154, 115, 149, 236, 97,
       143, 118, 19, 111, 16, 211, 241, 88, 57, 25, 10, 32, 24, 58, 244,
       219, 19, 205, 239, 84, 68, 224, 72, 210, 162, 64, 24, 155, 236,
       66, 238, 113, 19, 162, 137, 106, 0, 183, 183, 97, 90, 226, 189,
       109, 16, 0, 155, 146, 72, 215, 167, 50, 9, 160, 226, 38, 43, 240,
       73, 23, 252, 9, 198, 84, 167, 165, 192, 226, 2, 98, 55, 33, 247,
       224, 246, 232, 96, 105, 203, 19, 172, 179, 242, 196, 27, 50, 56,
       116, 58, 41, 141, 184, 91, 189, 157, 81, 143, 95, 29, 100, 24,
       166, 0, 6, 244, 129, 10, 42, 28, 118, 40, 115, 55, 111, 159, 20,
       123, 210, 24, 201, 76, 125, 112, 245, 99, 109, 110, 123, 152, 43,
       250, 167, 72, 94, 87, 73, 62, 181, 212, 125, 122, 9, 241, 251, 8,
       215, 223, 69, 54, 234, 115, 66, 50, 216, 252, 49, 186, 59, 233,
       27, 226, 62, 110, 136, 171, 191, 223, 97, 1, 183, 185, 223, 227,
       106, 71, 168, 191, 209, 197, 59, 185, 16, 1, 7, 123, 144, 137, 31,
       187, 184, 203, 81, 167, 166, 17, 130, 17, 247, 87, 40, 83, 162,
       51, 111, 16, 90, 73, 3, 53, 201, 131, 114, 80, 48, 0, 165, 42,
       152, 143, 14, 167, 148, 142, 102, 245, 52, 8, 234, 66, 115, 99,
       32, 193, 120, 166, 78, 234, 104, 249, 1, 61, 248, 227, 230, 17,
       105, 138, 232, 8, 36, 176, 189, 97, 189, 111, 241, 11, 127, 249,
       49, 24, 222, 61, 76, 56, 145, 28, 127, 56, 51, 120, 121, 148, 207,
       222, 85, 118, 216, 8, 199, 242, 89, 221, 28, 126, 16, 143, 83,
       176, 196, 8, 238, 68, 243, 83, 33, 112, 80, 50, 28, 106, 202, 137,
       89, 61, 227, 239, 32, 16, 58, 155, 72, 43, 120, 32, 191, 120, 137,
       237, 81, 67, 235, 19, 172, 24, 30, 247, 96, 58, 169, 178, 104, 24,
       26, 111, 178, 0, 219, 219, 80, 121, 192, 64, 230, 34, 43, 191,
       226, 94, 211, 177, 191, 247, 115, 77, 124, 174, 40, 236, 182, 180,
       63, 250, 146, 156, 151, 186, 166, 255, 62, 60, 20, 203, 223, 214,
       174, 253, 124, 233, 148, 254, 141, 5, 86, 236, 199, 183, 163, 11,
       107, 249, 127, 223, 233, 198, 235, 146, 30, 107, 219, 177, 187,
       243, 213, 127, 243, 123, 252, 10, 94, 169, 228, 255, 31, 155, 90,
       168, 207, 176, 133, 10, 233, 235, 93, 235, 99, 245, 251, 218, 14,
       97, 223, 249, 223, 251, 199, 125, 183, 191, 88, 2, 194, 177, 186,
       218, 232, 204, 49, 69, 186, 93, 97, 25, 180, 222, 110, 114, 229,
       59, 122, 16, 86, 95, 186, 113, 95, 49, 30, 107, 152, 2, 165, 27,
       75, 176, 226, 233, 61, 149, 56, 88, 47, 73, 214, 163, 173, 223,
       246, 100, 246, 61, 191, 157, 134, 155, 231, 209, 223, 253, 139,
       235, 22, 140, 49, 255, 129, 164, 197, 187, 154, 201, 44, 175, 54,
       51, 65, 246, 213, 34, 200, 65, 115, 14, 106, 156, 115, 92, 207,
       23, 140, 134, 255, 228, 188, 192, 129, 152, 11, 169, 131, 168,
       221, 213, 186, 199, 142, 105, 88, 131, 172, 222, 114, 128, 249,
       43, 147, 213, 22, 27, 154, 245, 191, 85, 143, 239, 157, 14, 187,
       222, 10, 140, 149, 187, 183, 249, 176, 143, 94, 91, 72, 115, 172,
       184, 103, 232, 195, 27, 179, 17, 23, 216, 67, 243, 141, 87, 90,
       67, 148, 76, 153, 143, 73, 177, 189, 97, 173, 60, 249, 159, 106,
       185, 190, 20, 155, 57, 88, 234, 133, 86, 253, 24, 147, 104, 251,
       128, 79, 253, 117, 116, 202, 200, 200, 43, 240, 249, 25, 42, 89,
       141, 86, 252, 170, 52, 160, 13, 183, 219, 64, 19, 160, 233, 89,
       71, 78, 15, 154, 49, 251, 201, 5, 58, 112, 18, 195, 202, 53, 253,
       91, 110, 158, 70, 78, 252, 192, 160, 185, 202, 115, 247, 185, 48,
       126, 254, 92, 234, 217, 131, 188, 47, 185, 173, 165, 188, 37, 243,
       226, 161, 52, 168, 133, 127, 141, 111, 69, 175, 83, 179, 160, 24,
       243, 121, 20, 59, 217, 234, 96, 8, 56, 110, 91, 181, 139, 251,
       213, 121, 211, 104, 214, 170, 0, 116, 59, 187, 48, 237, 179, 95,
       126, 75, 121, 17, 244, 215, 40, 0, 187, 59, 19, 17, 34, 188, 56,
       95, 229, 134, 58, 0, 80, 66, 167, 235, 10, 159, 145, 187, 151,
       255, 176, 143, 94, 21, 74, 98, 174, 188, 96, 232, 215, 59, 170,
       17, 22, 152, 115, 181, 173, 247, 30, 83, 144, 76, 157, 79, 213,
       217, 31, 253, 164, 78, 79, 181, 52, 26, 226, 84, 215, 55, 0, 115,
       96, 214, 60, 106, 121, 221, 113, 47, 241, 171, 230, 4, 32, 177,
       224, 57, 124, 227, 150, 226, 141, 213, 86, 236, 199, 189, 172, 9,
       74, 249, 106, 146, 200, 244, 232, 80, 94, 107, 202, 177, 251, 213,
       5, 127, 210, 62, 236, 10, 41, 173, 155, 69, 240, 159, 110, 215,
       110, 161, 110, 72, 181, 167, 208, 48, 21, 110, 18, 28, 211, 184,
       248, 51, 111, 157, 5, 96, 194, 210, 202, 168, 239, 106, 229, 211,
       173, 83, 77, 152, 83, 246, 149, 170, 203, 76, 223, 255, 95, 196,
       252, 254, 173, 70, 239, 240, 30, 90, 213, 191, 167, 255, 92, 116,
       103, 176, 232, 26, 202, 113, 186, 200, 95, 119, 157, 191, 72, 238,
