%YAML:1.0
---
descriptors: !!opencv-matrix
   rows: 227
   cols: 32
   dt: u
   data: [ 134, 84, 255, 247, 10, 38, 169, 90, 188, 210, 195, 86, 93,
       119, 49, 107, 103, 117, 123, 175, 161, 197, 27, 202, 65, 42, 219,
       132, 141, 241, 33, 177, 195, 158, 140, 183, 140, 52, 184, 151,
       249, 255, 214, 247, 229, 236, 90, 235, 197, 103, 253, 133, 189,
       220, 247, 227, 142, 51, 218, 211, 140, 228, 153, 93, 159, 95, 231,
       158, 238, 50, 174, 253, 215, 246, 144, 246, 73, 108, 255, 239,
       127, 199, 190, 231, 229, 103, 47, 238, 56, 2, 239, 182, 191, 253,
       185, 213, 25, 83, 30, 173, 40, 14, 122, 88, 36, 160, 203, 229,
       215, 131, 1, 64, 246, 93, 108, 231, 77, 144, 209, 0, 228, 229,
       170, 1, 40, 138, 41, 128, 184, 233, 122, 110, 91, 213, 90, 232,
       35, 0, 228, 10, 57, 203, 52, 80, 122, 185, 151, 234, 74, 7, 154,
       253, 115, 201, 129, 105, 115, 131, 110, 138, 42, 144, 53, 219, 77,
       253, 208, 15, 207, 93, 101, 16, 168, 220, 60, 236, 201, 27, 187,
       0, 22, 60, 123, 213, 7, 249, 218, 127, 18, 12, 220, 238, 217, 209,
       95, 238, 44, 14, 79, 188, 101, 56, 147, 70, 115, 115, 168, 83,
       114, 196, 125, 238, 233, 131, 25, 45, 243, 171, 224, 16, 42, 187,
       240, 41, 1, 34, 253, 93, 112, 174, 232, 19, 126, 233, 114, 112,
       188, 10, 148, 120, 167, 45, 22, 140, 177, 252, 69, 92, 76, 62, 50,
       192, 204, 128, 99, 169, 65, 130, 209, 221, 116, 10, 104, 27, 126,
       163, 114, 208, 179, 35, 148, 120, 83, 140, 46, 60, 161, 252, 197,
       78, 204, 190, 243, 4, 252, 136, 64, 40, 242, 172, 158, 186, 171,
       225, 25, 207, 187, 23, 176, 185, 46, 255, 96, 91, 239, 243, 239,
       144, 58, 79, 138, 243, 217, 210, 95, 123, 144, 68, 167, 11, 175,
       93, 239, 87, 198, 95, 255, 253, 84, 226, 94, 139, 121, 125, 151,
       33, 127, 254, 179, 239, 225, 244, 125, 174, 127, 111, 237, 132,
       239, 255, 208, 240, 18, 143, 107, 189, 114, 194, 185, 103, 60, 79,
       90, 243, 173, 47, 48, 64, 46, 43, 23, 141, 112, 184, 4, 223, 76,
       38, 122, 192, 101, 192, 165, 249, 2, 221, 26, 155, 155, 196, 53,
       239, 143, 69, 204, 5, 172, 215, 42, 68, 228, 59, 155, 192, 83,
       137, 18, 253, 233, 245, 158, 91, 24, 6, 165, 218, 209, 226, 31,
       184, 40, 232, 89, 18, 175, 93, 166, 152, 159, 134, 194, 123, 135,
       53, 124, 28, 10, 77, 162, 81, 216, 243, 122, 248, 128, 128, 3,
       105, 74, 184, 155, 152, 235, 253, 49, 199, 175, 61, 164, 56, 140,
       150, 98, 90, 161, 51, 234, 16, 22, 75, 178, 113, 159, 145, 27,
       123, 144, 64, 143, 238, 9, 221, 83, 78, 82, 222, 231, 183, 116,
       72, 122, 96, 122, 119, 160, 240, 92, 186, 22, 202, 209, 186, 116,
       127, 117, 172, 34, 8, 123, 18, 224, 185, 8, 115, 24, 225, 112, 14,
       107, 48, 36, 168, 95, 96, 151, 19, 1, 80, 126, 156, 95, 234, 72,
       144, 193, 76, 228, 161, 162, 132, 42, 162, 41, 163, 170, 12, 22,
       190, 9, 225, 148, 107, 158, 22, 240, 19, 236, 251, 45, 137, 201,
       51, 131, 129, 34, 111, 26, 251, 209, 146, 90, 59, 81, 108, 45,
       138, 45, 115, 152, 103, 116, 15, 86, 184, 35, 236, 125, 77, 223,
       93, 75, 16, 156, 204, 85, 126, 201, 48, 217, 28, 239, 221, 37, 53,
       74, 187, 74, 211, 47, 119, 213, 131, 235, 63, 174, 216, 46, 178,
       187, 206, 204, 99, 201, 158, 127, 197, 206, 254, 145, 114, 221,
       194, 188, 20, 175, 180, 207, 255, 139, 181, 42, 169, 251, 218,
       236, 249, 249, 71, 223, 89, 117, 58, 56, 221, 246, 184, 233, 170,
       23, 28, 18, 123, 162, 243, 95, 29, 242, 233, 213, 136, 255, 234,
       68, 32, 191, 102, 4, 79, 71, 16, 100, 34, 99, 8, 215, 49, 1, 112,
       144, 212, 108, 106, 8, 176, 217, 8, 213, 235, 96, 20, 96, 251, 70,
       34, 184, 164, 159, 240, 233, 237, 65, 215, 187, 51, 164, 24, 151,
       247, 64, 59, 129, 178, 124, 24, 59, 111, 242, 17, 217, 203, 117,
       120, 224, 72, 198, 170, 188, 104, 126, 114, 87, 139, 250, 96, 237,
       0, 117, 10, 123, 201, 61, 129, 58, 185, 67, 107, 96, 183, 28, 221,
       83, 201, 1, 1, 103, 139, 74, 138, 117, 164, 188, 48, 173, 189, 80,
       207, 251, 255, 160, 13, 142, 248, 94, 59, 129, 2, 108, 29, 158,
       111, 250, 16, 155, 219, 85, 127, 200, 76, 218, 70, 125, 165, 192,
       76, 221, 30, 70, 141, 83, 224, 168, 12, 66, 104, 223, 182, 217,
       206, 96, 126, 254, 98, 253, 14, 58, 124, 5, 126, 203, 127, 218, 4,
       66, 226, 230, 158, 121, 146, 168, 200, 143, 148, 217, 231, 232,
       238, 254, 198, 221, 109, 187, 149, 198, 67, 207, 221, 30, 118,
       143, 175, 22, 38, 60, 214, 83, 146, 231, 117, 18, 6, 73, 56, 113,
       233, 214, 231, 115, 61, 148, 119, 116, 252, 53, 173, 169, 216,
       229, 12, 202, 238, 245, 132, 167, 164, 112, 125, 208, 159, 159,
       190, 170, 192, 53, 39, 180, 27, 202, 112, 252, 243, 32, 115, 230,
       119, 124, 129, 112, 137, 2, 111, 241, 167, 122, 139, 0, 96, 165,
       43, 101, 197, 33, 77, 85, 30, 110, 176, 97, 32, 235, 64, 211, 16,
       156, 244, 88, 236, 18, 110, 201, 178, 253, 15, 37, 188, 129, 4,
       74, 187, 114, 164, 43, 112, 102, 141, 125, 19, 232, 89, 87, 224,
       83, 231, 64, 248, 182, 164, 88, 12, 178, 37, 133, 242, 207, 157,
       30, 62, 201, 135, 63, 174, 120, 133, 71, 254, 205, 183, 178, 168,
       63, 134, 191, 211, 19, 215, 237, 238, 219, 107, 39, 103, 125, 151,
       183, 212, 191, 227, 172, 54, 223, 194, 172, 245, 137, 85, 215, 12,
       175, 158, 13, 246, 77, 34, 149, 210, 195, 18, 112, 246, 53, 111,
       105, 229, 57, 175, 45, 199, 62, 239, 145, 42, 218, 9, 49, 113, 48,
       108, 208, 217, 255, 126, 114, 200, 55, 101, 172, 0, 102, 32, 63,
       151, 32, 114, 34, 243, 125, 192, 64, 137, 146, 109, 243, 161, 38,
       3, 96, 18, 167, 59, 139, 73, 47, 186, 201, 244, 248, 198, 237, 81,
       206, 19, 168, 222, 54, 237, 236, 187, 187, 209, 151, 143, 50, 225,
       7, 121, 218, 75, 18, 23, 173, 222, 161, 141, 32, 233, 252, 133,
       206, 255, 87, 9, 248, 66, 177, 9, 180, 33, 204, 154, 23, 221, 250,
       42, 64, 189, 108, 152, 150, 120, 85, 136, 208, 168, 159, 91, 74,
       170, 98, 147, 126, 80, 133, 192, 219, 231, 9, 202, 51, 192, 238,
       233, 151, 215, 205, 147, 14, 238, 178, 105, 171, 139, 63, 183, 56,
       149, 127, 117, 188, 98, 237, 125, 95, 156, 171, 255, 157, 61, 78,
       61, 95, 191, 133, 215, 253, 119, 157, 99, 249, 160, 123, 89, 101,
       191, 206, 127, 222, 119, 174, 157, 61, 249, 237, 249, 180, 207,
       207, 63, 124, 50, 140, 156, 100, 236, 203, 27, 187, 17, 22, 61,
       122, 243, 47, 217, 154, 127, 150, 92, 221, 199, 252, 23, 247, 237,
       181, 34, 95, 121, 117, 142, 251, 55, 75, 107, 63, 223, 248, 196,
       173, 242, 184, 243, 33, 138, 179, 251, 231, 134, 231, 255, 244,
       99, 45, 99, 120, 101, 116, 15, 111, 184, 105, 236, 126, 12, 219,
       69, 155, 52, 30, 204, 86, 110, 193, 178, 249, 62, 111, 157, 37,
       36, 106, 187, 66, 241, 116, 101, 21, 109, 25, 79, 67, 40, 32, 160,
       169, 8, 215, 115, 9, 48, 16, 212, 72, 106, 8, 34, 217, 28, 229,
       132, 1, 52, 80, 51, 70, 34, 37, 31, 103, 79, 244, 14, 239, 115,
       84, 202, 127, 102, 115, 120, 181, 100, 122, 238, 22, 170, 241,
       184, 37, 142, 52, 46, 166, 128, 237, 250, 240, 245, 55, 103, 208,
       131, 247, 31, 238, 200, 43, 172, 191, 206, 206, 106, 223, 150,
       127, 205, 206, 255, 204, 115, 205, 202, 190, 220, 143, 182, 239,
       255, 75, 148, 185, 30, 233, 245, 54, 27, 233, 115, 87, 235, 246,
       254, 115, 40, 146, 233, 126, 236, 54, 173, 185, 252, 101, 158,
       222, 239, 241, 208, 239, 168, 80, 233, 207, 204, 238, 151, 182,
       114, 191, 188, 254, 215, 87, 146, 221, 238, 251, 107, 55, 71, 63,
       255, 183, 212, 175, 235, 236, 47, 255, 197, 164, 245, 189, 116,
       148, 214, 110, 182, 162, 18, 189, 245, 176, 182, 23, 183, 93, 107,
       187, 11, 63, 245, 173, 167, 224, 213, 13, 14, 248, 195, 239, 133,
       45, 242, 169, 49, 40, 44, 245, 88, 79, 239, 129, 206, 95, 243,
       104, 88, 42, 245, 69, 189, 25, 26, 194, 24, 51, 122, 114, 149, 15,
