%YAML:1.0
---
descriptors: !!opencv-matrix
   rows: 275
   cols: 32
   dt: u
   data: [ 10, 219, 2, 185, 51, 128, 184, 230, 190, 13, 90, 167, 172,
       142, 38, 64, 230, 43, 187, 197, 70, 152, 2, 253, 36, 117, 154,
       139, 28, 20, 41, 219, 6, 156, 150, 151, 189, 164, 188, 166, 158,
       155, 83, 49, 236, 254, 104, 207, 135, 123, 179, 17, 50, 92, 139,
       243, 45, 22, 95, 195, 144, 113, 169, 11, 127, 90, 245, 254, 108,
       60, 219, 146, 137, 90, 250, 103, 252, 255, 181, 122, 206, 247,
       189, 199, 137, 33, 226, 241, 150, 249, 234, 154, 31, 247, 64, 115,
       15, 177, 34, 74, 253, 213, 186, 200, 77, 77, 125, 6, 136, 220,
       254, 32, 252, 27, 146, 241, 151, 58, 126, 213, 63, 89, 138, 239,
       215, 15, 253, 215, 37, 7, 121, 204, 124, 43, 75, 120, 73, 232,
       188, 236, 83, 105, 191, 48, 222, 168, 70, 44, 137, 35, 96, 159,
       118, 157, 161, 188, 92, 235, 82, 181, 6, 204, 10, 155, 20, 183,
       186, 226, 30, 1, 88, 2, 228, 236, 48, 196, 249, 59, 147, 145, 34,
       184, 88, 255, 45, 54, 138, 66, 149, 11, 57, 138, 48, 201, 122,
       254, 28, 199, 199, 116, 212, 4, 252, 2, 115, 217, 178, 96, 88,
       168, 14, 74, 202, 171, 126, 191, 243, 173, 162, 24, 117, 154, 116,
       168, 90, 23, 113, 225, 50, 233, 185, 87, 45, 13, 254, 239, 173,
       47, 134, 16, 46, 179, 207, 145, 144, 185, 32, 206, 214, 245, 58,
       195, 231, 192, 167, 251, 184, 20, 255, 254, 203, 111, 85, 127,
       181, 83, 101, 48, 127, 127, 40, 59, 171, 179, 247, 2, 57, 214, 59,
       171, 211, 219, 84, 3, 242, 112, 230, 186, 60, 13, 222, 239, 196,
       42, 110, 81, 117, 3, 127, 18, 91, 107, 56, 88, 123, 174, 55, 159,
       24, 176, 13, 194, 222, 239, 227, 196, 183, 251, 240, 128, 148,
       252, 175, 179, 140, 110, 87, 184, 180, 218, 142, 21, 215, 127, 89,
       43, 217, 214, 93, 63, 249, 227, 251, 34, 233, 195, 231, 84, 224,
       123, 244, 114, 70, 157, 151, 150, 135, 102, 189, 231, 60, 87, 218,
       19, 196, 190, 40, 107, 235, 215, 59, 145, 52, 219, 51, 226, 189,
       54, 222, 70, 128, 121, 165, 94, 165, 123, 233, 199, 238, 87, 239,
       125, 82, 234, 20, 238, 145, 36, 211, 44, 127, 204, 55, 239, 193,
       118, 237, 74, 116, 15, 255, 172, 61, 250, 83, 249, 75, 185, 122,
       161, 239, 221, 189, 53, 173, 93, 87, 23, 156, 159, 82, 98, 230,
       27, 159, 85, 214, 152, 243, 193, 71, 249, 58, 195, 6, 12, 157,
       211, 62, 240, 242, 206, 109, 95, 246, 200, 91, 174, 253, 43, 74,
       220, 95, 148, 255, 221, 199, 227, 204, 55, 216, 226, 55, 92, 7,
       63, 71, 63, 110, 215, 10, 90, 106, 168, 110, 241, 184, 80, 140,
       76, 220, 167, 157, 140, 247, 64, 238, 137, 223, 197, 132, 35, 246,
       208, 214, 1, 170, 169, 29, 143, 61, 211, 17, 142, 73, 227, 150,
       171, 233, 151, 102, 81, 78, 150, 153, 11, 112, 104, 99, 139, 26,
       156, 147, 184, 117, 247, 205, 205, 146, 68, 189, 200, 241, 40, 9,
       89, 255, 84, 32, 206, 239, 177, 237, 8, 118, 96, 223, 53, 160,
       108, 38, 116, 126, 74, 193, 185, 33, 104, 101, 190, 98, 128, 66,
       177, 193, 49, 33, 137, 99, 78, 20, 147, 134, 105, 68, 64, 117, 66,
       113, 72, 190, 164, 216, 42, 18, 239, 213, 170, 60, 189, 34, 8, 2,
       8, 93, 15, 121, 236, 23, 132, 22, 155, 182, 131, 190, 237, 31, 19,
       208, 50, 236, 250, 45, 101, 255, 91, 31, 177, 54, 201, 11, 255,
       170, 222, 159, 198, 148, 92, 177, 142, 57, 83, 105, 111, 116, 151,
       75, 120, 84, 232, 252, 238, 83, 5, 177, 48, 126, 172, 22, 238,
       201, 178, 109, 60, 114, 137, 161, 128, 127, 139, 114, 249, 38,
       180, 224, 219, 246, 19, 190, 232, 31, 187, 80, 243, 228, 248, 124,
       164, 255, 219, 147, 177, 178, 250, 75, 251, 47, 30, 159, 239, 157,
       108, 249, 135, 120, 180, 188, 164, 46, 15, 87, 191, 18, 230, 159,
       31, 215, 61, 74, 2, 159, 213, 253, 39, 232, 99, 249, 11, 251, 231,
       109, 61, 36, 234, 156, 83, 14, 225, 144, 155, 197, 81, 190, 207,
       31, 183, 77, 19, 204, 238, 111, 204, 217, 91, 147, 147, 54, 244,
       91, 243, 45, 22, 159, 111, 150, 127, 189, 198, 94, 185, 176, 244,
       173, 76, 220, 135, 235, 243, 142, 9, 62, 188, 87, 58, 135, 247,
       253, 81, 159, 105, 154, 224, 251, 221, 93, 63, 206, 116, 143, 31,
       6, 200, 162, 158, 107, 208, 190, 237, 154, 71, 89, 163, 172, 238,
       126, 76, 251, 123, 179, 195, 66, 18, 142, 241, 52, 54, 222, 171,
       23, 127, 189, 214, 128, 0, 77, 249, 52, 170, 104, 19, 62, 1, 90,
       208, 183, 3, 16, 73, 98, 10, 63, 156, 19, 216, 69, 85, 140, 186,
       186, 192, 140, 200, 81, 168, 245, 94, 239, 245, 46, 10, 77, 16,
       208, 234, 246, 230, 83, 39, 145, 123, 102, 228, 61, 174, 233, 245,
       229, 10, 244, 171, 231, 144, 173, 248, 80, 121, 0, 181, 56, 65,
       240, 15, 125, 191, 46, 61, 124, 20, 150, 55, 74, 20, 149, 26, 71,
       60, 82, 56, 113, 87, 109, 157, 52, 100, 88, 128, 195, 241, 48, 28,
       255, 123, 82, 230, 48, 86, 22, 75, 115, 86, 92, 27, 32, 72, 253,
       191, 51, 144, 33, 222, 17, 119, 87, 175, 114, 66, 249, 65, 225,
       187, 40, 248, 120, 111, 100, 197, 87, 244, 87, 46, 116, 46, 51,
       159, 83, 48, 92, 248, 23, 202, 202, 54, 120, 49, 87, 205, 176,
       168, 119, 155, 78, 235, 45, 31, 122, 76, 117, 147, 235, 120, 85,
       196, 253, 38, 88, 201, 182, 228, 120, 168, 146, 250, 152, 186, 36,
       222, 118, 61, 128, 73, 247, 175, 252, 228, 29, 51, 112, 227, 47,
       88, 107, 88, 101, 104, 183, 228, 223, 87, 219, 182, 62, 148, 222,
       254, 153, 51, 233, 192, 214, 217, 35, 228, 111, 167, 110, 113, 28,
       121, 146, 254, 123, 237, 83, 202, 171, 16, 168, 9, 62, 255, 33,
       16, 162, 179, 205, 128, 74, 43, 154, 249, 243, 247, 3, 59, 122,
       118, 47, 147, 58, 132, 255, 247, 219, 114, 113, 135, 147, 159,
       118, 51, 111, 255, 36, 91, 239, 247, 165, 144, 58, 252, 163, 163,
       203, 247, 84, 67, 227, 104, 228, 235, 246, 242, 193, 128, 239,
       117, 148, 202, 139, 254, 176, 239, 10, 252, 77, 158, 253, 209,
       215, 245, 175, 99, 194, 210, 26, 80, 205, 191, 223, 124, 30, 215,
       10, 249, 224, 209, 231, 221, 188, 39, 123, 125, 86, 147, 172, 188,
       214, 172, 175, 63, 179, 149, 214, 248, 246, 245, 47, 126, 222,
       227, 135, 4, 151, 223, 57, 73, 105, 238, 28, 199, 79, 244, 69, 64,
       212, 66, 51, 89, 177, 96, 72, 168, 23, 202, 203, 171, 127, 189,
       241, 172, 162, 8, 53, 155, 116, 232, 6, 184, 150, 159, 189, 132,
       190, 172, 158, 151, 67, 0, 236, 254, 104, 78, 181, 123, 59, 80,
       22, 72, 155, 241, 45, 22, 95, 74, 144, 115, 161, 138, 6, 129, 182,
       153, 149, 247, 184, 193, 159, 23, 70, 19, 204, 254, 111, 204, 249,
       59, 179, 145, 54, 240, 50, 194, 15, 54, 207, 71, 151, 108, 189,
       198, 2, 177, 166, 145, 211, 23, 188, 111, 47, 181, 78, 3, 172,
       158, 126, 76, 247, 11, 187, 145, 86, 216, 51, 209, 143, 83, 223,
       231, 150, 68, 173, 222, 146, 207, 70, 158, 86, 144, 188, 101, 181,
       68, 210, 167, 105, 234, 182, 197, 110, 171, 151, 197, 100, 155, 6,
       255, 50, 34, 186, 129, 53, 142, 185, 205, 7, 207, 32, 139, 21,
       167, 170, 204, 78, 69, 89, 135, 224, 204, 62, 4, 217, 11, 19, 119,
       134, 176, 76, 253, 44, 28, 139, 199, 93, 95, 249, 214, 105, 86,
       227, 200, 100, 38, 111, 30, 37, 106, 254, 238, 83, 135, 177, 124,
       125, 140, 55, 156, 137, 178, 65, 194, 214, 188, 176, 136, 190,
       218, 112, 57, 155, 12, 238, 221, 3, 176, 189, 71, 181, 194, 198,
       147, 57, 63, 55, 237, 110, 187, 19, 141, 40, 157, 52, 234, 87,
       107, 218, 129, 167, 212, 41, 248, 184, 220, 42, 252, 29, 213, 212,
       103, 215, 6, 196, 18, 40, 155, 38, 193, 200, 186, 139, 128, 106,
       175, 50, 159, 243, 233, 146, 59, 51, 12, 252, 138, 236, 180, 157,
       239, 140, 111, 71, 184, 20, 179, 172, 24, 215, 119, 73, 123, 209,
       214, 125, 122, 121, 96, 91, 34, 237, 187, 101, 84, 144, 123, 208,
       34, 124, 240, 121, 104, 217, 71, 87, 216, 51, 180, 164, 8, 95, 87,
       73, 27, 221, 221, 221, 242, 74, 67, 251, 17, 251, 203, 69, 62, 98,
