%YAML:1.0
---
descriptors: !!opencv-matrix
   rows: 108
   cols: 32
   dt: u
   data: [ 197, 54, 217, 245, 228, 44, 121, 27, 59, 187, 55, 92, 215,
       179, 201, 123, 167, 87, 125, 28, 177, 84, 153, 66, 207, 185, 115,
       100, 136, 225, 67, 33, 170, 196, 150, 254, 253, 171, 156, 111,
       223, 3, 241, 25, 238, 249, 44, 201, 215, 59, 111, 33, 118, 111,
       74, 223, 170, 254, 86, 123, 214, 220, 137, 143, 56, 13, 102, 238,
       151, 82, 86, 105, 197, 4, 251, 3, 107, 121, 50, 224, 120, 246,
       140, 227, 124, 171, 25, 189, 179, 229, 131, 19, 51, 46, 244, 6,
       14, 140, 148, 83, 195, 252, 188, 167, 190, 247, 78, 17, 236, 111,
       78, 207, 35, 71, 163, 146, 54, 216, 155, 227, 47, 63, 95, 71, 130,
       213, 141, 158, 2, 187, 24, 186, 222, 137, 178, 238, 142, 1, 88,
       163, 164, 218, 96, 0, 207, 59, 3, 65, 22, 58, 90, 245, 125, 20,
       30, 107, 16, 10, 141, 138, 77, 93, 127, 229, 246, 14, 111, 178,
       61, 202, 126, 226, 221, 55, 181, 117, 118, 254, 55, 234, 225, 144,
       49, 238, 231, 255, 102, 128, 47, 243, 97, 185, 122, 58, 161, 116,
       139, 125, 145, 87, 147, 239, 150, 63, 58, 61, 71, 46, 237, 247,
       253, 129, 169, 235, 243, 130, 211, 127, 88, 179, 227, 108, 22,
       127, 198, 225, 116, 223, 174, 129, 190, 168, 159, 176, 16, 147,
       236, 239, 93, 3, 151, 117, 123, 231, 226, 69, 143, 255, 46, 58,
       207, 254, 21, 164, 81, 133, 60, 117, 21, 238, 189, 79, 86, 248,
       63, 168, 249, 72, 223, 125, 9, 176, 220, 221, 93, 106, 105, 34,
       89, 190, 251, 221, 5, 62, 122, 251, 66, 51, 220, 64, 202, 167, 14,
       74, 111, 0, 32, 166, 195, 130, 215, 35, 89, 91, 112, 196, 108,
       238, 72, 215, 221, 10, 209, 227, 239, 1, 32, 243, 63, 32, 120,
       105, 18, 172, 57, 206, 87, 96, 169, 140, 234, 9, 111, 219, 34, 84,
       210, 245, 205, 98, 76, 131, 130, 173, 179, 245, 5, 27, 66, 54, 38,
       43, 85, 93, 126, 231, 214, 142, 126, 242, 189, 130, 106, 66, 125,
       191, 53, 115, 118, 245, 59, 234, 97, 153, 16, 238, 243, 255, 71,
       0, 41, 243, 97, 168, 6, 190, 150, 147, 187, 177, 184, 231, 190,
       17, 139, 247, 140, 238, 110, 202, 231, 67, 251, 149, 54, 73, 27,
       246, 174, 22, 223, 215, 136, 68, 169, 23, 61, 71, 198, 71, 176,
       26, 78, 184, 119, 170, 127, 228, 83, 96, 159, 245, 54, 204, 36,
       110, 237, 240, 237, 46, 42, 239, 101, 132, 111, 243, 90, 5, 242,
       72, 223, 252, 78, 10, 108, 164, 185, 146, 178, 90, 95, 43, 21, 91,
       98, 229, 125, 234, 104, 71, 195, 234, 148, 250, 223, 144, 37, 241,
       98, 40, 77, 180, 209, 241, 240, 46, 120, 27, 122, 179, 107, 80,
       223, 51, 72, 251, 183, 31, 116, 24, 51, 220, 145, 66, 207, 239,
       55, 100, 136, 224, 131, 161, 6, 165, 16, 131, 205, 109, 184, 105,
       62, 183, 185, 26, 204, 106, 72, 8, 187, 159, 106, 49, 50, 115, 91,
       214, 157, 22, 31, 119, 149, 74, 135, 130, 56, 156, 61, 238, 17,
       239, 83, 182, 132, 77, 174, 0, 247, 119, 32, 112, 193, 50, 29, 8,
       43, 137, 121, 63, 235, 239, 32, 16, 50, 74, 68, 123, 250, 58, 177,
       116, 139, 252, 153, 87, 187, 127, 150, 127, 62, 189, 70, 46, 237,
       183, 253, 133, 187, 111, 242, 227, 211, 126, 120, 186, 163, 76,
       150, 127, 219, 81, 124, 237, 46, 18, 93, 56, 137, 200, 85, 231,
       125, 95, 150, 99, 38, 181, 245, 239, 197, 68, 230, 221, 198, 251,
       233, 136, 63, 166, 81, 113, 198, 172, 148, 147, 213, 168, 34, 128,
       187, 179, 138, 2, 236, 226, 77, 95, 225, 235, 106, 147, 38, 92,
       218, 243, 157, 22, 223, 99, 128, 81, 33, 14, 252, 253, 153, 236,
       185, 15, 86, 248, 59, 170, 188, 72, 223, 127, 65, 48, 157, 221,
       93, 106, 73, 99, 219, 26, 251, 223, 37, 188, 122, 249, 194, 51,
       198, 108, 148, 190, 95, 169, 58, 142, 187, 146, 16, 26, 236, 234,
       93, 143, 183, 233, 127, 147, 34, 68, 218, 251, 157, 22, 207, 186,
       148, 113, 3, 4, 114, 166, 228, 237, 60, 3, 202, 184, 87, 184, 251,
       74, 99, 105, 92, 2, 217, 204, 117, 171, 136, 246, 207, 159, 46,
       254, 197, 180, 127, 170, 80, 0, 140, 207, 164, 119, 149, 234, 206,
       174, 18, 179, 11, 145, 225, 108, 89, 139, 17, 115, 49, 211, 114,
       220, 11, 47, 41, 87, 221, 69, 132, 115, 157, 40, 129, 160, 153,
       187, 236, 173, 173, 143, 30, 59, 17, 120, 148, 247, 200, 8, 207,
       27, 115, 21, 51, 126, 203, 211, 76, 146, 126, 252, 216, 72, 129,
       185, 116, 111, 234, 36, 156, 75, 71, 232, 70, 164, 238, 139, 67,
       225, 83, 16, 120, 236, 236, 242, 72, 179, 205, 40, 251, 197, 165,
       61, 245, 123, 246, 98, 90, 219, 18, 174, 59, 129, 90, 109, 143,
       12, 168, 43, 175, 223, 34, 84, 214, 185, 205, 97, 78, 11, 202,
       191, 179, 245, 11, 59, 18, 14, 13, 11, 77, 75, 127, 103, 36, 14,
       111, 188, 109, 232, 126, 100, 247, 97, 145, 115, 150, 100, 108,
       110, 193, 176, 237, 40, 230, 251, 101, 128, 74, 243, 67, 41, 181,
       239, 195, 202, 190, 35, 79, 250, 210, 146, 184, 210, 83, 227, 249,
       55, 127, 202, 22, 254, 251, 103, 46, 58, 248, 142, 167, 172, 181,
       251, 226, 160, 27, 93, 123, 228, 114, 214, 63, 112, 45, 200, 94,
       230, 125, 159, 162, 112, 54, 61, 151, 231, 193, 153, 52, 236, 247,
       237, 42, 130, 47, 182, 37, 249, 132, 205, 148, 23, 149, 166, 134,
       172, 90, 147, 43, 17, 228, 104, 77, 159, 145, 99, 160, 115, 114,
       248, 26, 111, 40, 22, 85, 70, 201, 115, 201, 10, 184, 105, 114,
       110, 125, 217, 83, 116, 85, 12, 244, 40, 107, 219, 32, 148, 90,
       184, 133, 106, 106, 47, 98, 191, 243, 253, 0, 59, 115, 158, 110,
       235, 77, 178, 28, 161, 168, 47, 56, 29, 47, 185, 51, 120, 222, 19,
       200, 59, 151, 23, 124, 52, 146, 80, 203, 80, 207, 219, 119, 246,
       136, 0, 131, 1, 81, 205, 94, 252, 181, 132, 110, 247, 173, 128,
       234, 66, 189, 251, 53, 112, 232, 247, 59, 200, 72, 139, 18, 239,
       243, 255, 134, 8, 11, 176, 233, 42, 128, 237, 21, 187, 92, 133,
       167, 236, 158, 17, 192, 80, 180, 195, 40, 65, 200, 59, 11, 67, 98,
       77, 74, 127, 173, 128, 30, 120, 16, 24, 161, 168, 88, 184, 188,
       114, 169, 237, 21, 143, 171, 63, 164, 57, 174, 255, 66, 27, 131,
       115, 237, 16, 18, 75, 202, 49, 219, 209, 85, 123, 210, 64, 143,
       107, 5, 164, 221, 241, 236, 169, 249, 27, 238, 51, 49, 88, 157,
       227, 216, 42, 163, 15, 110, 29, 51, 124, 203, 208, 204, 154, 127,
       244, 220, 200, 195, 161, 101, 113, 56, 101, 36, 31, 107, 56, 105,
       232, 126, 8, 223, 18, 131, 52, 148, 196, 108, 106, 201, 176, 113,
       8, 229, 253, 35, 20, 64, 187, 67, 101, 90, 56, 190, 252, 13, 196,
       120, 19, 190, 153, 210, 83, 189, 159, 48, 75, 237, 177, 253, 145,
       142, 203, 147, 209, 219, 235, 250, 153, 160, 0, 37, 11, 200, 188,
       63, 253, 48, 236, 113, 55, 187, 73, 118, 57, 191, 63, 0, 112, 135,
       63, 253, 1, 58, 220, 209, 159, 199, 255, 58, 131, 0, 128, 7, 123,
       38, 48, 214, 188, 107, 3, 152, 72, 175, 176, 240, 169, 78, 223,
       101, 159, 206, 253, 255, 21, 4, 195, 195, 200, 154, 90, 95, 186,
       196, 45, 35, 151, 240, 177, 27, 124, 153, 198, 19, 97, 228, 200,
       224, 8, 214, 211, 40, 115, 216, 126, 232, 112, 91, 235, 146, 13,
       249, 241, 6, 91, 72, 2, 226, 18, 220, 106, 143, 213, 74, 106, 33,
       216, 50, 182, 198, 242, 81, 225, 193, 75, 105, 252, 106, 154, 41,
       215, 207, 34, 212, 163, 243, 4, 161, 249, 38, 176, 246, 72, 214,
       158, 77, 78, 150, 204, 185, 166, 243, 27, 110, 250, 39, 219, 249,
       245, 239, 227, 108, 103, 219, 234, 145, 54, 203, 27, 1, 127, 127,
       6, 209, 216, 31, 118, 8, 78, 69, 177, 224, 242, 166, 92, 247, 19,
       0, 123, 0, 228, 124, 106, 233, 101, 187, 44, 241, 171, 101, 16,
       104, 176, 194, 40, 41, 128, 133, 71, 116, 14, 105, 53, 109, 241,
       231, 20, 243, 35, 24, 127, 218, 6, 122, 44, 33, 248, 113, 12, 204,
       250, 210, 16, 202, 128, 210, 184, 242, 207, 78, 174, 158, 2, 71,
       109, 133, 36, 178, 3, 99, 34, 36, 83, 120, 228, 108, 227, 104,
       163, 65, 173, 176, 162, 198, 18, 49, 58, 244, 14, 121, 125, 25,
