%YAML:1.0
---
descriptors: !!opencv-matrix
   rows: 277
   cols: 32
   dt: u
   data: [ 114, 227, 40, 234, 25, 213, 26, 237, 131, 61, 149, 171, 169,
       206, 78, 80, 204, 153, 253, 209, 78, 11, 238, 209, 251, 209, 175,
       255, 16, 6, 14, 94, 71, 200, 239, 223, 170, 212, 191, 188, 190,
       83, 78, 149, 253, 238, 158, 102, 39, 119, 121, 207, 247, 76, 191,
       243, 79, 62, 222, 202, 150, 247, 161, 125, 86, 122, 150, 186, 43,
       69, 22, 204, 175, 222, 176, 237, 12, 214, 99, 219, 239, 249, 206,
       243, 109, 71, 138, 248, 176, 176, 79, 191, 152, 119, 47, 95, 175,
       212, 173, 251, 173, 119, 223, 252, 223, 242, 149, 23, 223, 253,
       123, 107, 221, 211, 191, 191, 235, 103, 123, 250, 255, 91, 207,
       188, 158, 255, 244, 114, 229, 220, 61, 251, 156, 231, 78, 184,
       222, 83, 199, 18, 247, 255, 56, 105, 217, 146, 59, 110, 187, 39,
       123, 183, 255, 187, 218, 92, 152, 91, 240, 50, 125, 85, 81, 237,
       52, 70, 79, 185, 96, 104, 239, 64, 83, 51, 137, 116, 80, 212, 60,
       234, 201, 146, 253, 14, 245, 174, 163, 16, 58, 178, 224, 32, 167,
       255, 215, 95, 223, 91, 166, 236, 223, 234, 250, 230, 232, 236,
       189, 165, 255, 126, 226, 99, 229, 243, 237, 255, 62, 62, 71, 198,
       223, 127, 123, 157, 214, 253, 182, 190, 139, 225, 22, 238, 191,
       151, 168, 185, 108, 254, 110, 27, 235, 243, 239, 211, 118, 79,
       138, 243, 187, 214, 95, 123, 146, 117, 167, 94, 220, 93, 63, 235,
       170, 232, 87, 148, 174, 28, 223, 49, 223, 159, 43, 72, 230, 31,
       61, 83, 90, 133, 59, 49, 227, 225, 42, 193, 48, 83, 165, 115, 74,
       189, 145, 83, 243, 253, 54, 215, 59, 121, 56, 124, 140, 183, 196,
       180, 167, 123, 211, 16, 19, 88, 186, 247, 47, 92, 21, 238, 202,
       86, 131, 191, 217, 16, 111, 237, 60, 22, 73, 24, 196, 200, 247,
       70, 219, 193, 179, 228, 94, 164, 62, 108, 137, 181, 117, 140, 210,
       233, 162, 132, 62, 175, 120, 113, 45, 121, 29, 122, 77, 207, 87,
       248, 3, 216, 125, 76, 126, 95, 41, 185, 220, 120, 18, 126, 195,
       178, 122, 61, 79, 219, 101, 42, 90, 187, 66, 243, 199, 123, 142,
       24, 234, 20, 188, 157, 186, 92, 148, 229, 204, 206, 219, 95, 183,
       77, 253, 215, 199, 71, 142, 208, 20, 49, 255, 239, 156, 53, 187,
       213, 213, 28, 189, 252, 42, 102, 89, 90, 158, 254, 180, 19, 28,
       183, 97, 123, 229, 117, 125, 172, 160, 79, 179, 90, 211, 139, 123,
       190, 144, 97, 39, 99, 99, 233, 172, 159, 76, 157, 180, 47, 206,
       253, 148, 15, 160, 200, 86, 3, 201, 106, 123, 13, 199, 107, 246,
       177, 47, 31, 189, 187, 93, 28, 216, 222, 205, 148, 155, 248, 224,
       236, 125, 23, 185, 27, 115, 80, 222, 243, 232, 123, 213, 31, 61,
       56, 51, 84, 178, 66, 207, 253, 118, 204, 136, 192, 163, 33, 164,
       120, 187, 255, 116, 207, 227, 248, 84, 10, 112, 16, 243, 253, 57,
       8, 216, 123, 23, 67, 171, 182, 82, 47, 229, 255, 43, 8, 85, 57,
       119, 179, 37, 13, 10, 158, 93, 151, 178, 97, 222, 68, 217, 7, 224,
       200, 55, 96, 216, 43, 10, 71, 6, 163, 126, 255, 112, 47, 139, 9,
       25, 43, 121, 198, 220, 119, 211, 102, 210, 10, 127, 248, 49, 174,
       255, 238, 75, 103, 137, 23, 54, 252, 132, 234, 104, 215, 173, 142,
       242, 239, 101, 132, 99, 247, 38, 49, 37, 105, 153, 163, 206, 37,
       134, 200, 78, 178, 153, 74, 84, 240, 73, 42, 221, 73, 122, 247,
       193, 99, 207, 48, 60, 4, 239, 60, 149, 123, 147, 128, 187, 241,
       238, 71, 223, 83, 191, 253, 87, 254, 86, 167, 89, 124, 191, 45,
       127, 220, 179, 255, 237, 244, 127, 158, 111, 75, 237, 135, 103,
       190, 252, 247, 228, 164, 249, 83, 194, 236, 229, 75, 122, 51, 97,
       24, 22, 243, 76, 60, 179, 26, 50, 24, 51, 126, 186, 83, 93, 158,
       85, 110, 192, 64, 195, 162, 165, 237, 227, 70, 244, 135, 111, 252,
       115, 238, 125, 236, 112, 231, 221, 52, 29, 238, 19, 254, 227, 150,
       172, 127, 111, 28, 165, 172, 199, 247, 246, 240, 73, 112, 245, 69,
       113, 94, 105, 56, 121, 225, 99, 92, 218, 53, 132, 188, 150, 84,
       114, 40, 161, 248, 241, 78, 13, 190, 80, 0, 74, 161, 67, 181, 220,
       180, 251, 229, 195, 74, 103, 187, 49, 162, 110, 8, 95, 119, 65,
       115, 51, 220, 104, 42, 105, 208, 185, 10, 253, 175, 69, 4, 34,
       242, 70, 34, 160, 4, 167, 221, 141, 118, 164, 99, 212, 146, 195,
       18, 224, 248, 52, 239, 201, 118, 58, 169, 112, 229, 115, 139, 1,
       58, 218, 1, 209, 104, 244, 166, 67, 136, 245, 215, 55, 216, 106,
       166, 123, 51, 51, 80, 253, 34, 156, 247, 35, 71, 60, 24, 51, 216,
       189, 231, 143, 254, 222, 192, 166, 194, 133, 44, 253, 237, 174,
       191, 204, 39, 79, 188, 86, 158, 223, 26, 247, 233, 91, 107, 93,
       206, 125, 239, 250, 246, 207, 187, 237, 239, 237, 76, 182, 251,
       176, 104, 2, 136, 180, 251, 237, 173, 184, 143, 94, 51, 64, 17,
       252, 250, 124, 72, 217, 59, 51, 17, 18, 120, 75, 241, 77, 223,
       223, 103, 144, 8, 209, 138, 72, 96, 245, 69, 83, 74, 105, 32, 57,
       161, 103, 0, 92, 23, 0, 253, 50, 244, 120, 232, 1, 208, 177, 204,
       87, 186, 80, 2, 34, 131, 103, 162, 171, 243, 109, 15, 79, 91, 175,
       253, 84, 100, 215, 175, 209, 76, 154, 165, 124, 204, 250, 239,
       229, 254, 237, 221, 100, 35, 239, 164, 103, 174, 157, 252, 36,
       160, 219, 83, 210, 233, 225, 79, 122, 171, 121, 50, 20, 243, 204,
       60, 51, 26, 2, 24, 19, 184, 168, 82, 29, 142, 55, 100, 225, 64,
       199, 163, 71, 30, 143, 191, 168, 166, 14, 178, 164, 202, 219, 101,
       244, 98, 187, 234, 213, 103, 125, 167, 205, 133, 79, 47, 128, 54,
       251, 144, 136, 119, 49, 85, 128, 254, 125, 91, 114, 155, 191, 254,
       94, 103, 116, 246, 176, 21, 149, 37, 55, 90, 6, 74, 227, 188, 109,
       127, 108, 14, 53, 160, 125, 153, 133, 253, 231, 244, 173, 254,
       140, 103, 95, 252, 158, 251, 149, 30, 215, 253, 121, 107, 217,
       215, 127, 239, 169, 71, 251, 186, 251, 219, 255, 60, 156, 121,
       208, 114, 229, 220, 189, 250, 140, 47, 79, 184, 222, 58, 163, 18,
       247, 251, 121, 107, 217, 210, 59, 122, 250, 103, 91, 183, 237,
       219, 223, 124, 152, 121, 208, 34, 167, 237, 229, 95, 213, 176,
       238, 236, 91, 147, 104, 146, 96, 232, 221, 181, 89, 122, 18, 222,
       119, 250, 254, 255, 47, 30, 199, 106, 199, 247, 210, 172, 82, 170,
       168, 186, 15, 233, 185, 238, 154, 53, 144, 171, 173, 236, 90, 10,
       163, 251, 253, 145, 22, 73, 174, 241, 217, 71, 159, 251, 181, 12,
       149, 90, 39, 91, 204, 155, 228, 180, 238, 148, 71, 89, 211, 199,
       209, 72, 155, 108, 76, 238, 55, 223, 223, 148, 95, 241, 70, 58,
       250, 192, 189, 159, 248, 213, 204, 189, 123, 70, 250, 100, 127,
       251, 169, 222, 60, 32, 92, 247, 233, 119, 119, 122, 87, 234, 113,
       6, 186, 123, 111, 156, 103, 172, 146, 242, 166, 243, 220, 223, 63,
       250, 170, 232, 95, 149, 166, 94, 126, 161, 215, 215, 43, 89, 247,
       255, 61, 210, 74, 16, 186, 48, 243, 225, 103, 141, 176, 243, 165,
       115, 204, 121, 55, 123, 137, 220, 109, 212, 236, 93, 70, 0, 157,
       215, 59, 254, 34, 31, 251, 218, 67, 145, 187, 224, 199, 233, 58,
       192, 34, 151, 165, 242, 78, 255, 211, 210, 211, 224, 63, 220, 187,
       217, 25, 234, 108, 247, 204, 180, 55, 219, 183, 210, 19, 83, 138,
       243, 63, 84, 15, 238, 175, 215, 167, 183, 221, 70, 93, 229, 36,
       10, 79, 184, 116, 162, 247, 194, 211, 99, 153, 115, 122, 196, 108,
       238, 233, 180, 109, 14, 244, 239, 97, 132, 100, 251, 64, 32, 13,
       33, 233, 99, 178, 26, 123, 24, 58, 225, 7, 160, 221, 87, 218, 56,
       55, 93, 245, 220, 147, 208, 237, 0, 206, 205, 45, 228, 166, 167,
       3, 241, 93, 87, 227, 103, 48, 14, 239, 48, 124, 228, 123, 236,
       211, 109, 153, 112, 62, 212, 124, 110, 233, 240, 253, 14, 228,
       255, 103, 128, 109, 187, 82, 113, 33, 239, 121, 77, 188, 29, 207,
       190, 94, 104, 60, 236, 179, 40, 221, 36, 31, 66, 22, 110, 195, 56,
       109, 127, 44, 156, 39, 180, 93, 219, 209, 189, 162, 219, 46, 180,
       141, 217, 188, 103, 159, 119, 150, 187, 172, 188, 102, 3, 140, 51,
