%YAML:1.0
---
descriptors: !!opencv-matrix
   rows: 276
   cols: 32
   dt: u
   data: [ 253, 100, 215, 100, 32, 14, 95, 57, 49, 178, 167, 56, 95, 119,
       137, 127, 54, 212, 125, 106, 105, 213, 233, 10, 243, 251, 101, 20,
       34, 243, 130, 33, 2, 158, 55, 181, 82, 166, 185, 119, 60, 11, 90,
       83, 188, 63, 32, 64, 231, 59, 19, 129, 179, 152, 49, 111, 69, 166,
       58, 192, 1, 64, 165, 251, 126, 159, 232, 214, 245, 250, 223, 231,
       57, 13, 188, 171, 110, 111, 62, 80, 255, 243, 151, 181, 250, 43,
       40, 239, 251, 31, 175, 215, 215, 110, 255, 123, 50, 157, 233, 231,
       215, 194, 95, 167, 27, 77, 122, 163, 123, 127, 30, 48, 255, 255,
       149, 145, 251, 184, 121, 239, 187, 255, 135, 199, 231, 174, 244,
       123, 198, 152, 181, 153, 143, 231, 176, 134, 190, 23, 130, 19,
       140, 186, 103, 203, 227, 117, 123, 17, 54, 77, 83, 240, 143, 58,
       91, 87, 144, 117, 37, 70, 34, 189, 51, 219, 213, 213, 163, 103,
       94, 9, 105, 0, 40, 211, 44, 180, 217, 42, 146, 136, 83, 154, 56,
       247, 47, 28, 154, 106, 91, 14, 243, 174, 82, 170, 159, 184, 171,
       225, 29, 207, 191, 23, 160, 169, 12, 247, 100, 91, 239, 179, 207,
       144, 58, 79, 138, 208, 217, 242, 223, 127, 144, 64, 167, 107, 9,
       130, 151, 245, 118, 139, 169, 19, 62, 161, 83, 114, 189, 3, 144,
       224, 34, 37, 122, 24, 33, 252, 69, 93, 12, 135, 122, 64, 108, 136,
       9, 168, 9, 48, 151, 185, 112, 142, 169, 19, 60, 25, 115, 116, 188,
       19, 128, 216, 230, 57, 95, 153, 147, 152, 65, 69, 68, 191, 186,
       192, 136, 128, 35, 169, 226, 177, 20, 154, 205, 221, 16, 109, 143,
       57, 165, 24, 142, 221, 110, 63, 201, 27, 202, 16, 86, 111, 90,
       213, 159, 18, 82, 127, 210, 12, 141, 134, 195, 158, 172, 151, 28,
       182, 184, 54, 208, 255, 211, 215, 233, 44, 150, 235, 205, 231,
       250, 133, 189, 223, 247, 237, 142, 115, 218, 240, 13, 77, 185, 93,
       99, 112, 236, 141, 92, 83, 226, 72, 214, 232, 213, 47, 96, 248,
       247, 166, 89, 236, 123, 239, 207, 99, 255, 223, 62, 63, 141, 191,
       93, 63, 88, 212, 217, 80, 87, 253, 14, 14, 109, 57, 117, 10, 215,
       114, 115, 19, 136, 119, 114, 196, 60, 234, 233, 212, 119, 143,
       244, 170, 226, 0, 46, 184, 112, 41, 43, 25, 135, 157, 21, 159,
       192, 114, 95, 225, 82, 70, 240, 248, 52, 173, 216, 110, 50, 77,
       173, 248, 85, 157, 12, 94, 217, 66, 95, 45, 88, 140, 233, 80, 61,
       108, 9, 79, 71, 124, 96, 234, 229, 8, 215, 21, 1, 59, 152, 212,
       104, 106, 73, 39, 243, 8, 247, 251, 65, 60, 66, 59, 70, 162, 186,
       82, 71, 172, 14, 2, 82, 104, 37, 2, 225, 163, 107, 71, 33, 209,
       126, 181, 207, 227, 104, 135, 23, 221, 208, 226, 203, 17, 53, 174,
       118, 240, 45, 123, 248, 103, 117, 31, 86, 216, 107, 232, 125, 77,
       223, 89, 75, 144, 156, 204, 213, 126, 141, 50, 89, 56, 239, 221,
       37, 181, 74, 187, 74, 211, 12, 120, 157, 243, 57, 225, 57, 134,
       158, 241, 164, 177, 189, 159, 65, 74, 199, 125, 251, 144, 3, 220,
       219, 176, 207, 211, 159, 115, 144, 81, 5, 218, 125, 169, 148, 48,
       173, 157, 84, 201, 235, 189, 160, 13, 142, 184, 94, 187, 129, 130,
       108, 28, 158, 107, 218, 48, 155, 219, 85, 127, 202, 14, 218, 14,
       252, 60, 189, 251, 169, 232, 81, 142, 179, 183, 164, 49, 159, 255,
       65, 91, 195, 223, 237, 144, 58, 79, 251, 178, 203, 243, 83, 125,
       240, 81, 38, 106, 77, 30, 175, 53, 160, 126, 109, 50, 48, 254, 70,
       244, 253, 101, 147, 123, 55, 102, 125, 175, 165, 208, 181, 10,
       198, 107, 255, 128, 174, 244, 19, 121, 100, 77, 153, 239, 52, 78,
       103, 188, 120, 128, 235, 8, 215, 51, 9, 114, 144, 212, 108, 106,
       104, 176, 217, 44, 229, 171, 36, 20, 96, 187, 70, 34, 10, 159, 18,
       171, 151, 167, 186, 103, 30, 5, 75, 71, 236, 234, 42, 192, 221,
       43, 131, 49, 22, 152, 81, 255, 173, 246, 138, 67, 156, 78, 189,
       18, 43, 172, 36, 140, 109, 117, 216, 111, 137, 206, 156, 135, 168,
       172, 118, 135, 201, 163, 211, 133, 253, 107, 214, 202, 27, 93,
       222, 187, 31, 76, 122, 222, 89, 144, 175, 85, 3, 86, 57, 57, 118,
       249, 70, 162, 113, 245, 210, 102, 116, 124, 185, 140, 137, 216,
       183, 9, 79, 107, 235, 193, 47, 164, 52, 112, 101, 113, 105, 69,
       116, 14, 103, 56, 112, 232, 127, 72, 211, 81, 157, 48, 90, 204,
       118, 110, 201, 176, 237, 12, 100, 172, 33, 132, 109, 187, 82, 33,
       211, 42, 159, 176, 42, 172, 89, 2, 175, 25, 130, 80, 191, 130,
       192, 123, 167, 37, 124, 156, 3, 73, 163, 80, 144, 249, 122, 184,
       160, 192, 3, 33, 10, 192, 172, 251, 157, 148, 152, 143, 159, 29,
       197, 21, 172, 207, 46, 73, 197, 27, 171, 149, 30, 12, 123, 209,
       207, 243, 218, 95, 146, 12, 181, 218, 138, 12, 22, 190, 9, 229,
       144, 238, 158, 22, 160, 17, 236, 251, 45, 141, 201, 51, 203, 1,
       34, 103, 90, 255, 145, 210, 90, 27, 83, 92, 45, 138, 191, 93, 237,
       101, 215, 119, 255, 255, 19, 226, 126, 218, 89, 125, 151, 32, 127,
       255, 179, 175, 233, 246, 125, 142, 127, 111, 237, 132, 111, 255,
       210, 241, 74, 203, 62, 250, 9, 244, 89, 134, 167, 21, 196, 17,
       173, 207, 34, 73, 196, 187, 171, 209, 14, 207, 114, 245, 195, 243,
       218, 75, 18, 5, 165, 106, 162, 145, 129, 153, 221, 197, 164, 207,
       95, 123, 240, 95, 168, 252, 124, 172, 217, 155, 130, 145, 183,
       122, 83, 247, 29, 22, 158, 122, 219, 12, 217, 159, 24, 157, 27,
       173, 146, 194, 187, 119, 52, 5, 74, 55, 181, 183, 32, 64, 114, 63,
       19, 128, 114, 152, 81, 95, 229, 165, 186, 0, 48, 64, 165, 234, 66,
       184, 159, 184, 233, 237, 49, 199, 175, 53, 164, 24, 140, 150, 98,
       123, 129, 51, 234, 16, 22, 77, 178, 241, 157, 144, 90, 123, 144,
       64, 135, 238, 182, 132, 108, 91, 205, 123, 212, 234, 87, 55, 181,
       27, 66, 57, 62, 13, 89, 128, 227, 42, 56, 118, 123, 151, 23, 219,
       209, 119, 83, 237, 220, 230, 142, 219, 150, 153, 175, 185, 180,
       199, 223, 57, 16, 247, 140, 204, 230, 237, 175, 59, 174, 17, 214,
       121, 10, 209, 142, 82, 95, 247, 214, 92, 141, 135, 116, 0, 211,
       237, 70, 34, 106, 10, 33, 130, 250, 179, 27, 47, 37, 90, 126, 213,
       47, 162, 8, 182, 197, 202, 210, 229, 194, 1, 229, 225, 100, 0, 1,
       130, 158, 245, 52, 154, 104, 19, 125, 9, 86, 116, 183, 3, 128,
       109, 102, 46, 46, 28, 183, 220, 101, 71, 134, 254, 50, 192, 10,
       128, 73, 141, 252, 89, 63, 108, 169, 79, 87, 121, 233, 232, 172,
       8, 223, 119, 0, 49, 176, 244, 108, 106, 89, 35, 112, 60, 243, 249,
       65, 56, 82, 51, 199, 114, 117, 73, 121, 103, 20, 79, 71, 48, 96,
       232, 255, 8, 211, 17, 145, 48, 40, 244, 68, 106, 73, 176, 121, 44,
       103, 137, 33, 16, 97, 187, 70, 32, 9, 42, 95, 137, 44, 137, 233,
       64, 44, 49, 243, 192, 157, 131, 208, 169, 106, 41, 106, 223, 3,
       152, 71, 113, 132, 161, 186, 64, 84, 129, 105, 160, 34, 144, 25,
       154, 237, 205, 176, 77, 143, 61, 161, 57, 140, 222, 110, 12, 201,
       27, 234, 16, 86, 43, 90, 209, 31, 20, 90, 127, 80, 10, 135, 135,
       9, 40, 21, 185, 100, 138, 233, 66, 102, 33, 70, 130, 149, 131,
       144, 205, 106, 44, 42, 88, 3, 216, 197, 17, 68, 161, 250, 64, 54,
       137, 89, 168, 193, 2, 207, 129, 100, 217, 225, 3, 110, 101, 102,
       158, 129, 2, 134, 125, 98, 140, 106, 8, 4, 252, 229, 85, 20, 32,
       82, 97, 68, 136, 69, 204, 34, 226, 238, 189, 12, 147, 152, 72,
       142, 164, 208, 135, 224, 206, 119, 192, 220, 45, 187, 245, 134,
       67, 207, 221, 10, 119, 139, 255, 21, 46, 61, 206, 27, 20, 172,
       173, 28, 3, 202, 56, 22, 224, 222, 231, 209, 63, 26, 194, 88, 205,
       253, 239, 236, 209, 77, 158, 200, 111, 239, 149, 45, 47, 120, 82,
       33, 166, 40, 153, 244, 189, 184, 199, 94, 77, 124, 21, 160, 168,
       118, 0, 217, 11, 2, 149, 150, 184, 82, 119, 15, 29, 186, 105, 217,
       72, 249, 206, 43, 176, 144, 89, 205, 189, 176, 79, 91, 123, 104,
       24, 140, 152, 76, 188, 129, 11, 130, 16, 23, 124, 210, 211, 15,
       30, 20, 111, 218, 76, 203, 142, 2, 142, 2, 187, 213, 167, 186,
