%YAML:1.0
---
descriptors: !!opencv-matrix
   rows: 225
   cols: 32
   dt: u
   data: [ 161, 51, 233, 199, 228, 31, 239, 49, 88, 234, 85, 238, 241,
       44, 214, 38, 94, 238, 54, 207, 193, 126, 236, 42, 68, 14, 255,
       160, 77, 250, 210, 253, 152, 90, 62, 252, 44, 193, 157, 246, 148,
       14, 214, 179, 255, 189, 51, 11, 174, 113, 127, 3, 232, 165, 2, 59,
       243, 231, 122, 153, 20, 184, 37, 91, 23, 94, 233, 201, 246, 2,
       239, 223, 86, 74, 220, 230, 17, 198, 245, 108, 127, 200, 23, 255,
       139, 22, 47, 210, 112, 12, 175, 172, 189, 242, 177, 245, 132, 158,
       158, 91, 234, 169, 181, 238, 190, 31, 124, 61, 174, 231, 38, 27,
       143, 106, 98, 20, 50, 108, 10, 115, 108, 30, 116, 122, 208, 81,
       199, 203, 190, 255, 45, 179, 205, 249, 119, 244, 129, 94, 221,
       155, 43, 237, 123, 11, 233, 219, 215, 243, 122, 118, 250, 162,
       247, 193, 236, 239, 183, 95, 246, 250, 7, 186, 183, 147, 231, 172,
       169, 151, 255, 89, 83, 84, 188, 214, 252, 109, 165, 43, 59, 29,
       147, 216, 63, 241, 13, 58, 158, 194, 144, 69, 177, 245, 189, 13,
       111, 250, 157, 183, 75, 112, 213, 192, 215, 22, 113, 235, 49, 105,
       104, 162, 31, 190, 185, 143, 58, 158, 219, 235, 138, 72, 191, 169,
       112, 96, 101, 5, 189, 253, 172, 47, 71, 187, 18, 122, 177, 25,
       215, 53, 25, 59, 221, 84, 117, 47, 185, 114, 121, 31, 229, 175,
       113, 52, 208, 249, 210, 226, 245, 180, 173, 247, 156, 102, 207,
       184, 114, 223, 167, 21, 211, 127, 91, 43, 217, 198, 125, 189, 169,
       239, 251, 47, 233, 239, 255, 84, 192, 113, 118, 250, 17, 134, 111,
       225, 150, 171, 105, 87, 116, 97, 202, 214, 19, 1, 50, 96, 127,
       142, 26, 156, 155, 157, 53, 150, 222, 207, 154, 68, 189, 136, 240,
       104, 29, 133, 235, 227, 198, 106, 105, 85, 117, 65, 127, 210, 89,
       107, 152, 120, 122, 142, 55, 152, 153, 176, 45, 194, 94, 239, 166,
       192, 231, 226, 224, 224, 67, 94, 63, 244, 103, 132, 63, 246, 173,
       202, 90, 102, 188, 158, 165, 96, 166, 119, 255, 67, 193, 141, 162,
       254, 243, 253, 42, 138, 4, 49, 33, 123, 66, 156, 190, 151, 166,
       102, 189, 231, 62, 31, 210, 19, 212, 62, 102, 79, 239, 87, 59,
       145, 50, 223, 27, 226, 157, 54, 222, 199, 128, 88, 181, 95, 217,
       180, 31, 115, 112, 204, 123, 53, 49, 232, 35, 61, 247, 215, 72,
       17, 179, 174, 93, 222, 107, 220, 137, 108, 238, 137, 37, 192, 104,
       130, 162, 27, 89, 95, 87, 175, 34, 34, 30, 52, 165, 194, 90, 229,
       255, 103, 161, 219, 86, 101, 172, 102, 237, 144, 117, 172, 162,
       231, 102, 144, 46, 247, 9, 89, 68, 221, 51, 122, 177, 132, 175,
       166, 190, 21, 106, 5, 255, 227, 36, 64, 161, 99, 41, 94, 114, 9,
       26, 119, 169, 254, 30, 76, 216, 19, 161, 120, 133, 64, 55, 92, 56,
       158, 239, 32, 172, 142, 242, 68, 215, 194, 189, 106, 178, 100,
       108, 110, 105, 165, 51, 14, 161, 254, 99, 144, 72, 48, 99, 48, 1,
       1, 94, 97, 36, 138, 105, 19, 125, 9, 118, 0, 147, 3, 145, 124,
       114, 140, 108, 28, 66, 152, 101, 69, 198, 251, 178, 192, 42, 128,
       72, 8, 72, 133, 253, 229, 166, 10, 125, 55, 41, 130, 74, 128, 253,
       35, 24, 83, 54, 215, 125, 171, 80, 216, 209, 74, 229, 171, 254, 0,
       36, 242, 163, 40, 66, 188, 149, 183, 187, 236, 56, 199, 191, 185,
       186, 113, 172, 254, 64, 210, 167, 255, 127, 145, 23, 88, 187, 243,
       157, 246, 223, 98, 128, 96, 167, 91, 193, 152, 190, 95, 45, 236,
       112, 55, 236, 91, 103, 84, 214, 50, 22, 123, 165, 39, 120, 8, 181,
       237, 179, 65, 199, 186, 114, 66, 72, 64, 227, 63, 77, 57, 251,
       101, 242, 44, 123, 18, 42, 173, 126, 32, 223, 55, 193, 112, 54,
       127, 53, 88, 145, 144, 177, 104, 255, 237, 39, 128, 160, 227, 67,
       115, 143, 196, 100, 219, 229, 253, 189, 175, 223, 87, 22, 19, 236,
       124, 62, 41, 163, 123, 147, 135, 246, 252, 62, 247, 111, 91, 223,
       199, 215, 92, 149, 230, 162, 205, 41, 154, 93, 197, 152, 230, 222,
       81, 192, 3, 176, 156, 54, 96, 201, 43, 19, 197, 98, 47, 18, 255,
       41, 30, 154, 123, 20, 28, 181, 206, 7, 253, 59, 250, 250, 181,
       155, 206, 143, 81, 12, 35, 60, 223, 101, 172, 143, 123, 147, 85,
       147, 11, 58, 245, 123, 93, 159, 122, 212, 95, 133, 251, 108, 180,
       189, 245, 141, 110, 65, 186, 242, 251, 167, 24, 215, 127, 72, 59,
       217, 212, 125, 57, 57, 100, 251, 7, 201, 171, 245, 84, 224, 104,
       86, 114, 116, 177, 157, 238, 172, 111, 87, 232, 43, 180, 169, 8,
       215, 51, 72, 18, 137, 215, 125, 98, 10, 99, 251, 25, 147, 219, 65,
       126, 208, 123, 198, 98, 163, 182, 233, 215, 102, 43, 235, 112, 80,
       234, 93, 254, 241, 100, 222, 36, 95, 238, 55, 175, 185, 254, 236,
       170, 12, 14, 251, 160, 45, 235, 82, 245, 120, 189, 248, 229, 220,
       79, 95, 191, 2, 230, 174, 9, 55, 63, 66, 19, 156, 254, 249, 50,
       104, 90, 240, 40, 251, 203, 37, 48, 40, 248, 150, 122, 19, 205, 6,
       156, 29, 132, 206, 231, 132, 65, 216, 6, 48, 170, 48, 64, 201,
       226, 27, 205, 75, 11, 18, 255, 177, 38, 158, 72, 28, 88, 240, 26,
       45, 92, 215, 251, 211, 230, 51, 150, 54, 27, 115, 118, 125, 115,
       41, 253, 125, 219, 182, 146, 51, 212, 89, 247, 69, 239, 118, 192,
       251, 83, 168, 179, 37, 99, 90, 147, 236, 177, 238, 81, 173, 203,
       253, 254, 157, 203, 222, 42, 234, 171, 87, 159, 209, 246, 230,
       224, 94, 153, 174, 232, 141, 203, 243, 129, 104, 188, 126, 109,
       116, 238, 113, 50, 32, 69, 236, 13, 179, 61, 18, 16, 4, 246, 221,
       8, 152, 248, 240, 61, 207, 239, 112, 1, 96, 138, 86, 250, 92, 31,
       190, 252, 185, 126, 91, 83, 161, 142, 239, 57, 79, 247, 35, 222,
       230, 245, 237, 50, 56, 195, 162, 138, 219, 253, 1, 91, 178, 229,
       46, 99, 1, 0, 127, 81, 36, 201, 161, 19, 126, 5, 114, 80, 177,
       128, 148, 105, 106, 42, 34, 24, 147, 252, 101, 80, 5, 58, 114, 64,
       197, 136, 69, 168, 111, 87, 243, 238, 236, 45, 255, 156, 141, 26,
       186, 238, 254, 255, 189, 251, 255, 215, 63, 99, 169, 35, 10, 251,
       54, 253, 106, 190, 221, 251, 65, 57, 35, 199, 97, 64, 116, 83,
       238, 125, 77, 232, 120, 234, 24, 24, 180, 164, 126, 128, 22, 236,
       213, 58, 100, 221, 62, 28, 133, 238, 95, 142, 242, 173, 61, 119,
       233, 99, 230, 3, 207, 21, 86, 226, 253, 198, 115, 13, 209, 96, 95,
       172, 19, 158, 201, 176, 125, 154, 102, 205, 165, 36, 127, 250,
       208, 185, 87, 89, 239, 172, 34, 78, 79, 52, 173, 200, 214, 230,
       255, 102, 179, 118, 86, 245, 60, 111, 201, 129, 117, 200, 160,
       175, 106, 144, 44, 247, 33, 125, 26, 19, 249, 236, 39, 86, 93, 59,
       87, 110, 214, 239, 255, 61, 191, 102, 150, 213, 189, 45, 201, 49,
       33, 137, 211, 255, 97, 150, 126, 236, 21, 121, 34, 176, 43, 184,
       93, 229, 145, 74, 134, 5, 200, 13, 180, 221, 40, 0, 204, 187, 211,
       129, 26, 43, 114, 61, 81, 149, 152, 59, 89, 8, 54, 242, 24, 151,
       84, 239, 182, 35, 21, 123, 31, 190, 27, 230, 207, 35, 161, 197,
       55, 23, 173, 48, 176, 201, 9, 220, 232, 246, 119, 134, 190, 226,
       37, 57, 17, 140, 45, 227, 150, 173, 105, 135, 102, 81, 74, 18,
       177, 11, 48, 96, 105, 138, 26, 157, 27, 184, 53, 246, 237, 140,
       146, 68, 185, 72, 241, 120, 70, 173, 146, 155, 241, 132, 190, 175,
       190, 25, 8, 0, 236, 226, 96, 64, 167, 107, 59, 81, 18, 88, 154,
       243, 45, 22, 159, 235, 144, 82, 169, 143, 3, 223, 10, 189, 50,
       146, 190, 230, 62, 73, 90, 231, 172, 138, 50, 192, 230, 107, 179,
       197, 231, 152, 22, 255, 100, 55, 154, 131, 28, 20, 57, 223, 150,
       91, 106, 156, 199, 182, 190, 118, 149, 196, 222, 135, 41, 239, 55,
       65, 238, 251, 179, 199, 196, 155, 50, 232, 115, 97, 202, 139, 55,
       245, 53, 210, 52, 120, 250, 237, 109, 95, 182, 200, 90, 174, 248,
       11, 75, 220, 127, 128, 254, 221, 215, 99, 68, 51, 216, 186, 53,
       221, 15, 63, 85, 59, 127, 215, 90, 248, 19, 162, 41, 221, 86, 196,
       171, 172, 176, 41, 175, 159, 66, 148, 182, 249, 253, 83, 78, 15,
       178, 179, 147, 213, 62, 251, 2, 6, 7, 91, 221, 53, 151, 191, 149,
