%YAML:1.0
---
descriptors: !!opencv-matrix
   rows: 103
   cols: 32
   dt: u
   data: [ 20, 38, 235, 161, 146, 98, 187, 67, 56, 199, 91, 179, 149,
       175, 113, 8, 55, 127, 19, 149, 48, 216, 133, 66, 221, 38, 191,
       192, 165, 225, 167, 241, 214, 137, 150, 147, 149, 0, 166, 134, 63,
       23, 195, 19, 228, 162, 76, 206, 233, 206, 42, 211, 126, 216, 139,
       227, 189, 54, 223, 71, 128, 121, 185, 6, 165, 135, 65, 142, 220,
       1, 134, 232, 146, 162, 185, 206, 241, 224, 249, 2, 89, 194, 74,
       238, 121, 35, 206, 187, 60, 6, 175, 60, 157, 250, 242, 128, 198,
       169, 192, 190, 253, 137, 170, 168, 187, 176, 16, 11, 237, 234, 92,
       199, 179, 107, 121, 211, 102, 64, 158, 255, 173, 82, 207, 255, 20,
       39, 11, 6, 114, 70, 237, 206, 92, 3, 206, 168, 19, 163, 241, 202,
       81, 104, 156, 17, 91, 229, 117, 239, 168, 227, 77, 255, 56, 46,
       189, 148, 101, 235, 242, 0, 6, 164, 144, 147, 253, 109, 184, 107,
       30, 53, 57, 27, 204, 120, 90, 12, 187, 27, 203, 17, 54, 120, 91,
       215, 13, 22, 31, 127, 212, 76, 135, 134, 248, 72, 215, 236, 14,
       10, 92, 244, 169, 178, 178, 154, 127, 11, 33, 91, 102, 245, 125,
       234, 104, 199, 145, 232, 243, 235, 238, 16, 39, 184, 96, 8, 69,
       36, 221, 247, 224, 44, 105, 25, 58, 179, 107, 80, 215, 227, 201,
       122, 39, 206, 124, 28, 145, 80, 219, 64, 205, 187, 115, 36, 136,
       227, 67, 160, 133, 176, 189, 243, 236, 45, 248, 27, 255, 59, 49,
       120, 158, 249, 220, 43, 175, 27, 127, 25, 179, 116, 203, 209, 78,
       218, 119, 252, 220, 200, 193, 161, 13, 93, 255, 197, 246, 78, 111,
       54, 61, 202, 126, 226, 253, 119, 177, 119, 118, 246, 31, 234, 225,
       144, 37, 238, 231, 255, 230, 128, 46, 243, 97, 249, 0, 190, 145,
       185, 253, 173, 181, 223, 30, 27, 80, 85, 180, 183, 104, 8, 205,
       27, 51, 17, 179, 108, 82, 179, 205, 150, 62, 234, 152, 88, 149,
       187, 9, 143, 197, 185, 242, 169, 44, 191, 54, 91, 94, 244, 161,
       39, 152, 212, 87, 10, 38, 156, 179, 216, 71, 119, 44, 230, 190,
       192, 190, 196, 129, 185, 58, 146, 109, 123, 143, 253, 145, 159,
       31, 125, 181, 63, 10, 29, 94, 93, 205, 155, 245, 145, 159, 108,
       251, 241, 91, 89, 208, 247, 247, 12, 212, 87, 69, 41, 29, 231,
       176, 15, 111, 184, 109, 168, 115, 72, 223, 51, 129, 116, 178, 221,
       108, 106, 73, 176, 233, 124, 165, 252, 39, 4, 0, 179, 3, 33, 137,
       164, 145, 187, 188, 173, 45, 159, 30, 27, 80, 112, 180, 179, 232,
       236, 197, 26, 54, 28, 51, 92, 99, 179, 140, 151, 126, 236, 152,
       200, 129, 169, 249, 87, 86, 100, 170, 30, 86, 61, 225, 202, 166,
       236, 123, 101, 130, 243, 38, 228, 236, 110, 205, 99, 229, 13, 242,
       235, 100, 16, 107, 182, 234, 89, 54, 227, 228, 239, 156, 3, 206,
       168, 87, 176, 249, 202, 99, 105, 93, 2, 89, 204, 117, 243, 234,
       242, 207, 157, 170, 250, 197, 244, 125, 187, 208, 0, 196, 5, 214,
       252, 189, 171, 90, 234, 159, 146, 249, 25, 207, 235, 45, 217, 211,
       105, 111, 114, 52, 103, 10, 222, 138, 246, 67, 127, 212, 105, 9,
       130, 124, 245, 157, 228, 169, 15, 94, 184, 59, 186, 184, 104, 255,
       119, 73, 50, 149, 221, 125, 106, 201, 67, 219, 58, 251, 255, 101,
       188, 66, 240, 66, 35, 53, 231, 197, 158, 220, 35, 198, 232, 19,
       179, 177, 238, 66, 104, 201, 9, 89, 206, 38, 243, 43, 98, 79, 191,
       184, 6, 237, 124, 221, 123, 210, 128, 125, 117, 21, 108, 189, 15,
       86, 248, 111, 168, 185, 72, 223, 125, 9, 176, 220, 213, 92, 114,
       137, 99, 91, 158, 251, 223, 37, 126, 74, 59, 66, 51, 6, 160, 148,
       131, 221, 109, 184, 233, 30, 53, 49, 27, 204, 122, 76, 8, 187,
       155, 235, 49, 54, 120, 91, 214, 29, 22, 31, 119, 148, 10, 133,
       134, 29, 103, 196, 71, 176, 27, 110, 184, 118, 160, 111, 228, 211,
       96, 155, 244, 50, 76, 36, 110, 233, 208, 237, 46, 46, 239, 101,
       132, 111, 243, 80, 4, 187, 130, 240, 90, 173, 189, 80, 207, 223,
       95, 180, 57, 42, 200, 254, 253, 193, 139, 174, 20, 174, 111, 110,
       243, 27, 95, 16, 127, 210, 140, 220, 79, 142, 14, 158, 149, 229,
       118, 172, 135, 190, 247, 70, 17, 204, 43, 7, 207, 161, 71, 171,
       149, 48, 220, 19, 226, 79, 51, 223, 69, 130, 117, 189, 130, 64,
       153, 191, 173, 168, 192, 181, 141, 142, 157, 138, 51, 180, 255,
       96, 74, 194, 119, 123, 81, 18, 73, 131, 96, 237, 167, 126, 211,
       144, 26, 165, 123, 193, 220, 159, 220, 108, 108, 237, 166, 252,
       82, 230, 16, 248, 247, 37, 127, 193, 116, 122, 138, 33, 101, 243,
       225, 5, 186, 82, 8, 88, 112, 97, 40, 3, 190, 149, 185, 252, 173,
       169, 159, 30, 25, 88, 245, 188, 163, 240, 64, 199, 11, 51, 29,
       179, 24, 67, 247, 12, 22, 62, 232, 156, 200, 129, 153, 188, 20,
       254, 238, 230, 98, 219, 88, 148, 66, 247, 183, 81, 253, 187, 73,
       126, 221, 55, 163, 184, 183, 44, 138, 82, 235, 227, 132, 181, 235,
       116, 241, 252, 82, 30, 172, 44, 66, 87, 248, 32, 138, 230, 105,
       87, 211, 131, 91, 244, 212, 109, 98, 104, 199, 201, 8, 240, 227,
       227, 29, 32, 179, 118, 3, 31, 89, 123, 236, 82, 214, 63, 240, 173,
       200, 94, 230, 61, 223, 33, 228, 118, 253, 151, 207, 193, 153, 52,
       236, 243, 237, 174, 128, 39, 182, 37, 121, 186, 176, 232, 88, 173,
       249, 81, 207, 207, 87, 164, 157, 42, 204, 126, 127, 201, 11, 175,
       21, 158, 111, 254, 209, 203, 89, 81, 127, 214, 12, 220, 94, 5,
       160, 25, 225, 236, 105, 168, 155, 78, 113, 49, 88, 149, 20, 200,
       40, 131, 27, 82, 25, 19, 124, 107, 17, 12, 152, 61, 116, 212, 136,
       131, 161, 44, 177, 56, 99, 153, 109, 81, 9, 11, 53, 37, 25, 214,
       93, 74, 24, 153, 26, 65, 48, 26, 112, 249, 21, 207, 217, 1, 119,
       208, 10, 198, 226, 104, 188, 188, 122, 169, 253, 21, 175, 171, 63,
       164, 25, 174, 255, 66, 27, 131, 115, 233, 16, 50, 75, 218, 49,
       219, 211, 93, 123, 210, 64, 143, 11, 5, 160, 221, 243, 236, 169,
       249, 27, 239, 51, 49, 88, 157, 171, 216, 10, 171, 11, 126, 25, 19,
       124, 203, 211, 204, 154, 127, 244, 220, 200, 195, 161, 73, 157,
       153, 63, 57, 141, 19, 190, 142, 25, 40, 72, 190, 55, 0, 80, 133,
       91, 110, 0, 2, 40, 211, 55, 229, 245, 48, 58, 80, 8, 3, 11, 117,
       71, 225, 71, 52, 26, 78, 184, 113, 232, 251, 236, 83, 96, 157,
       244, 54, 196, 108, 110, 237, 176, 109, 46, 42, 238, 37, 148, 111,
       179, 90, 5, 232, 113, 23, 188, 29, 198, 87, 117, 229, 136, 224,
       12, 214, 209, 32, 82, 216, 120, 232, 98, 88, 235, 146, 12, 241,
       241, 6, 26, 16, 42, 34, 34, 118, 72, 214, 140, 77, 110, 182, 72,
       169, 166, 242, 11, 110, 250, 103, 91, 248, 245, 239, 227, 12, 103,
       211, 200, 149, 50, 203, 27, 1, 127, 127, 134, 209, 216, 63, 116,
       40, 78, 69, 189, 224, 218, 166, 92, 247, 83, 0, 123, 0, 196, 124,
       106, 233, 101, 187, 41, 241, 171, 101, 16, 104, 176, 194, 40, 244,
       91, 30, 14, 10, 66, 135, 237, 132, 150, 230, 170, 118, 85, 33, 83,
       104, 244, 234, 98, 104, 71, 139, 61, 240, 34, 111, 28, 81, 59,
       164, 50, 239, 123, 28, 250, 236, 173, 255, 208, 139, 89, 189, 92,
       156, 159, 155, 57, 142, 99, 127, 95, 147, 67, 202, 240, 215, 249,
       106, 248, 156, 219, 219, 129, 105, 156, 61, 127, 57, 207, 83, 191,
       87, 9, 174, 8, 178, 55, 0, 116, 197, 50, 92, 8, 58, 44, 97, 63,
       235, 255, 52, 80, 82, 136, 196, 107, 205, 182, 57, 251, 165, 61,
       94, 191, 125, 91, 53, 120, 255, 127, 156, 57, 149, 211, 93, 43,
       251, 68, 123, 231, 239, 219, 116, 250, 138, 81, 195, 51, 242, 205,
       71, 236, 142, 66, 71, 228, 229, 4, 178, 2, 67, 107, 37, 83, 248,
       245, 108, 227, 104, 163, 1, 236, 177, 226, 199, 19, 33, 58, 116,
       38, 134, 141, 132, 23, 193, 110, 180, 175, 190, 183, 74, 17, 236,
       126, 78, 203, 161, 87, 163, 17, 54, 216, 155, 227, 45, 54, 95, 71,
       192, 84, 137, 142, 198, 232, 148, 151, 141, 136, 166, 168, 190,
       178, 129, 18, 236, 226, 76, 199, 241, 235, 106, 211, 98, 69, 138,
       255, 189, 18, 207, 111, 0, 51, 41, 6, 54, 227, 196, 175, 220, 11,
