%YAML:1.0
---
descriptors: !!opencv-matrix
   rows: 95
   cols: 32
   dt: u
   data: [ 93, 93, 255, 197, 182, 78, 127, 182, 61, 202, 126, 226, 253,
       55, 181, 119, 118, 246, 63, 238, 225, 176, 37, 238, 231, 255, 230,
       128, 47, 243, 225, 185, 2, 233, 17, 218, 219, 201, 176, 207, 174,
       17, 72, 0, 164, 146, 108, 64, 193, 59, 42, 16, 18, 24, 66, 119,
       61, 148, 30, 107, 16, 8, 133, 138, 68, 38, 217, 247, 228, 46, 105,
       24, 58, 179, 39, 88, 215, 51, 201, 123, 55, 87, 125, 28, 177, 80,
       217, 66, 207, 187, 115, 36, 136, 225, 67, 33, 122, 50, 181, 116,
       43, 117, 153, 86, 147, 239, 150, 63, 58, 61, 71, 46, 172, 247,
       253, 133, 169, 239, 243, 130, 211, 95, 120, 179, 195, 124, 22,
       127, 162, 132, 214, 254, 253, 171, 220, 111, 223, 3, 113, 25, 238,
       233, 44, 193, 211, 123, 111, 33, 54, 111, 74, 223, 174, 254, 86,
       59, 214, 220, 201, 143, 56, 13, 102, 238, 23, 82, 86, 104, 69, 4,
       254, 2, 107, 121, 51, 224, 120, 230, 140, 227, 108, 171, 53, 189,
       243, 237, 130, 19, 55, 47, 124, 14, 134, 204, 140, 247, 145, 182,
       142, 174, 26, 147, 9, 80, 245, 104, 89, 175, 17, 115, 176, 219,
       122, 76, 10, 47, 169, 215, 221, 69, 132, 115, 153, 44, 124, 50,
       236, 197, 77, 92, 249, 88, 235, 157, 182, 7, 107, 75, 95, 31, 104,
       132, 239, 184, 136, 98, 243, 192, 87, 249, 227, 141, 239, 164,
       126, 211, 166, 52, 182, 250, 235, 35, 152, 202, 159, 186, 241,
       185, 78, 255, 109, 157, 223, 95, 255, 23, 52, 199, 74, 242, 154,
       218, 89, 250, 214, 237, 35, 151, 182, 227, 229, 255, 252, 11, 202,
       168, 87, 176, 243, 90, 67, 105, 92, 134, 217, 196, 117, 243, 234,
       242, 203, 159, 174, 254, 197, 244, 125, 186, 208, 0, 90, 91, 24,
       190, 187, 157, 30, 109, 143, 12, 136, 43, 238, 254, 42, 84, 198,
       243, 239, 65, 78, 11, 202, 253, 177, 245, 15, 59, 16, 14, 141, 15,
       27, 95, 123, 229, 50, 214, 63, 176, 45, 204, 94, 231, 124, 223,
       161, 228, 182, 125, 191, 230, 193, 153, 177, 238, 247, 253, 47,
       130, 38, 182, 37, 121, 120, 105, 18, 228, 57, 198, 83, 228, 161,
       140, 250, 9, 79, 219, 35, 212, 248, 253, 205, 98, 76, 163, 128,
       172, 179, 253, 7, 27, 34, 54, 102, 11, 198, 236, 148, 158, 79,
       161, 238, 136, 187, 178, 17, 26, 236, 234, 93, 207, 179, 233, 123,
       147, 102, 68, 202, 251, 189, 18, 207, 191, 148, 113, 27, 6, 2,
       237, 17, 186, 220, 201, 166, 239, 158, 5, 72, 27, 164, 194, 96,
       80, 232, 59, 3, 17, 114, 11, 2, 245, 189, 148, 30, 123, 16, 8,
       133, 170, 74, 184, 188, 122, 169, 253, 20, 142, 139, 63, 164, 25,
       174, 255, 66, 26, 131, 115, 233, 16, 18, 73, 218, 113, 203, 211,
       93, 123, 210, 84, 143, 11, 128, 203, 19, 187, 26, 201, 38, 231,
       158, 17, 64, 80, 164, 195, 32, 65, 64, 59, 10, 64, 98, 137, 66,
       127, 173, 160, 14, 104, 16, 24, 161, 168, 64, 216, 29, 254, 41,
       205, 16, 174, 143, 91, 160, 8, 190, 247, 64, 120, 133, 51, 234, 0,
       67, 12, 90, 55, 135, 182, 80, 59, 24, 8, 1, 59, 219, 81, 125, 237,
       46, 22, 93, 56, 137, 200, 23, 231, 221, 223, 150, 99, 166, 181,
       253, 239, 193, 196, 182, 221, 198, 251, 233, 136, 47, 166, 65,
       115, 214, 236, 148, 147, 213, 160, 34, 132, 186, 179, 131, 18,
       236, 226, 77, 78, 225, 239, 106, 147, 46, 92, 219, 243, 157, 22,
       223, 99, 128, 81, 41, 14, 246, 72, 214, 142, 77, 78, 86, 232, 185,
       166, 179, 27, 74, 250, 45, 91, 249, 213, 239, 227, 108, 103, 217,
       234, 145, 178, 195, 31, 1, 123, 124, 6, 240, 72, 223, 244, 76, 10,
       108, 164, 185, 146, 178, 90, 127, 43, 5, 91, 106, 229, 125, 234,
       104, 199, 195, 234, 180, 250, 206, 16, 37, 176, 112, 40, 77, 52,
       221, 227, 240, 46, 104, 27, 58, 179, 99, 80, 221, 51, 73, 218,
       183, 31, 124, 56, 51, 208, 153, 66, 205, 239, 119, 68, 136, 224,
       131, 161, 129, 181, 29, 251, 252, 141, 173, 159, 30, 59, 84, 112,
       180, 183, 200, 105, 197, 26, 54, 28, 115, 124, 75, 151, 204, 147,
       126, 236, 144, 200, 129, 169, 134, 205, 132, 151, 133, 166, 70,
       166, 83, 183, 74, 18, 228, 120, 75, 15, 153, 111, 32, 210, 126,
       220, 75, 235, 172, 22, 221, 71, 128, 113, 152, 142, 116, 109, 202,
       228, 157, 75, 71, 232, 86, 164, 239, 11, 67, 225, 81, 16, 120,
       236, 200, 250, 72, 179, 205, 40, 251, 197, 133, 61, 241, 123, 246,
       34, 212, 66, 142, 167, 12, 78, 70, 184, 96, 174, 198, 66, 211, 67,
       9, 91, 112, 196, 108, 234, 72, 215, 209, 8, 209, 227, 231, 21, 32,
       115, 126, 2, 242, 207, 79, 172, 156, 66, 71, 229, 229, 36, 178, 3,
       99, 42, 36, 83, 120, 228, 108, 227, 104, 163, 9, 172, 241, 162,
       198, 18, 49, 58, 244, 42, 101, 99, 56, 69, 36, 31, 107, 56, 105,
       232, 63, 8, 223, 82, 159, 52, 152, 204, 76, 106, 201, 176, 249, 8,
       229, 253, 33, 52, 64, 178, 67, 101, 38, 32, 214, 248, 105, 11,
       152, 72, 143, 177, 240, 169, 206, 255, 109, 159, 222, 29, 255, 21,
       20, 195, 195, 192, 154, 218, 91, 255, 212, 173, 35, 135, 4, 132,
       150, 184, 188, 11, 152, 109, 158, 51, 241, 25, 207, 234, 44, 90,
       147, 13, 110, 17, 54, 107, 139, 215, 152, 247, 95, 127, 208, 8,
       161, 128, 52, 167, 196, 163, 252, 43, 66, 168, 19, 184, 185, 239,
       195, 104, 221, 150, 217, 196, 102, 118, 30, 98, 207, 147, 172,
       214, 197, 118, 253, 251, 88, 132, 121, 125, 25, 237, 185, 15, 86,
       190, 55, 170, 188, 72, 159, 59, 1, 176, 156, 213, 92, 104, 105,
       58, 81, 30, 255, 223, 37, 52, 90, 248, 66, 43, 121, 29, 23, 238,
       61, 143, 86, 49, 197, 136, 251, 68, 255, 115, 33, 240, 212, 112,
       92, 106, 201, 161, 89, 191, 163, 255, 37, 24, 90, 170, 64, 35, 6,
       165, 16, 131, 221, 109, 184, 73, 30, 53, 185, 26, 204, 122, 72, 8,
       187, 27, 74, 49, 50, 114, 91, 214, 29, 22, 31, 119, 148, 74, 133,
       130, 25, 164, 209, 225, 178, 78, 108, 159, 63, 187, 98, 80, 157,
       51, 72, 252, 183, 31, 52, 24, 51, 216, 129, 66, 172, 222, 55, 70,
       170, 192, 131, 161, 70, 44, 210, 130, 223, 110, 250, 72, 59, 183,
       187, 27, 204, 122, 77, 26, 187, 213, 207, 179, 50, 115, 217, 194,
       157, 22, 11, 103, 197, 99, 103, 134, 29, 71, 197, 71, 176, 26, 78,
       184, 117, 168, 127, 228, 83, 96, 157, 244, 54, 204, 36, 110, 237,
       240, 109, 46, 166, 239, 101, 132, 111, 243, 88, 5, 60, 40, 188,
       243, 205, 47, 241, 202, 87, 179, 165, 26, 26, 185, 73, 58, 169,
       220, 115, 16, 26, 119, 155, 176, 95, 207, 81, 117, 243, 105, 86,
       162, 132, 4, 148, 53, 193, 110, 52, 143, 62, 179, 106, 17, 204,
       51, 8, 207, 129, 87, 162, 16, 52, 220, 19, 66, 45, 50, 86, 71,
       194, 116, 137, 134, 134, 237, 172, 127, 149, 162, 198, 174, 218,
       179, 74, 16, 224, 232, 93, 143, 145, 111, 33, 91, 114, 216, 139,
       63, 41, 62, 85, 71, 192, 115, 221, 42, 253, 135, 108, 44, 158, 51,
       78, 251, 82, 242, 185, 238, 83, 232, 249, 99, 127, 198, 124, 239,
       253, 99, 143, 30, 248, 207, 229, 188, 255, 250, 248, 16, 244, 175,
       223, 230, 158, 99, 71, 254, 82, 226, 189, 250, 115, 97, 209, 51,
       59, 228, 108, 42, 109, 239, 173, 46, 248, 199, 101, 189, 229, 251,
       118, 137, 171, 83, 106, 64, 114, 86, 155, 80, 8, 108, 223, 172,
       159, 29, 179, 180, 94, 24, 151, 111, 193, 146, 117, 142, 242, 93,
       42, 148, 78, 175, 55, 241, 115, 16, 246, 165, 98, 10, 184, 66, 43,
       240, 242, 235, 142, 30, 134, 126, 238, 157, 255, 133, 132, 186,
       197, 192, 148, 120, 90, 146, 101, 140, 99, 223, 253, 99, 121, 101,
       116, 31, 67, 56, 97, 236, 255, 72, 219, 1, 155, 48, 216, 204, 76,
       110, 201, 178, 237, 12, 247, 253, 33, 52, 98, 187, 86, 225, 74,
       188, 19, 182, 19, 236, 49, 103, 189, 27, 75, 17, 190, 191, 32, 80,
       167, 59, 255, 1, 50, 137, 146, 199, 217, 247, 26, 203, 0, 4, 135,
       123, 50, 32, 214, 173, 106, 11, 184, 72, 15, 176, 240, 139, 12,
       138, 69, 26, 254, 157, 127, 21, 0, 211, 195, 192, 156, 152, 75,
       191, 148, 40, 35, 135, 80, 128, 158, 185, 56, 11, 152, 107, 30,
