%YAML:1.0
---
descriptors: !!opencv-matrix
   rows: 164
   cols: 32
   dt: u
   data: [ 194, 145, 150, 186, 11, 196, 176, 73, 174, 21, 195, 17, 252,
       214, 108, 66, 226, 19, 250, 144, 22, 9, 155, 209, 153, 180, 26,
       75, 152, 2, 173, 18, 253, 93, 69, 101, 28, 79, 78, 184, 101, 232,
       186, 74, 83, 91, 17, 115, 56, 212, 124, 234, 233, 177, 217, 62,
       243, 233, 165, 180, 105, 179, 82, 18, 214, 204, 150, 151, 231,
       240, 190, 167, 62, 183, 219, 19, 236, 122, 74, 206, 233, 255, 175,
       147, 54, 220, 203, 227, 189, 54, 223, 67, 132, 125, 189, 142, 38,
       221, 129, 143, 221, 111, 182, 236, 158, 170, 185, 123, 232, 124,
       41, 131, 253, 211, 202, 227, 100, 103, 72, 254, 61, 86, 207, 62,
       149, 127, 245, 159, 60, 77, 106, 222, 212, 211, 207, 240, 213,
       196, 252, 2, 115, 249, 181, 100, 88, 250, 22, 202, 233, 171, 126,
       191, 115, 239, 167, 136, 119, 251, 244, 248, 70, 172, 212, 254,
       235, 237, 126, 175, 191, 191, 56, 153, 237, 238, 78, 219, 167,
       251, 255, 130, 118, 76, 218, 247, 175, 222, 223, 251, 148, 208,
       143, 143, 130, 166, 157, 155, 232, 169, 168, 175, 30, 51, 17, 249,
       148, 231, 72, 73, 207, 27, 106, 17, 51, 92, 75, 215, 140, 146, 95,
       124, 144, 72, 133, 160, 130, 164, 156, 187, 189, 249, 176, 143,
       30, 123, 76, 17, 140, 184, 106, 200, 209, 11, 187, 17, 54, 92, 91,
       151, 207, 215, 30, 103, 152, 76, 153, 143, 138, 141, 14, 187, 145,
       245, 60, 167, 182, 95, 204, 21, 188, 251, 34, 64, 201, 43, 187,
       133, 126, 136, 83, 183, 239, 247, 158, 75, 152, 68, 185, 218, 242,
       205, 70, 238, 23, 82, 78, 233, 197, 36, 250, 130, 99, 106, 182,
       229, 120, 228, 236, 227, 108, 163, 13, 173, 178, 226, 199, 19,
       117, 62, 124, 12, 8, 20, 188, 117, 160, 110, 245, 50, 236, 31,
       126, 84, 222, 57, 3, 59, 167, 86, 110, 40, 160, 240, 115, 12, 207,
       235, 116, 0, 202, 241, 71, 163, 117, 101, 233, 98, 204, 71, 71,
       248, 67, 250, 185, 10, 83, 245, 217, 59, 89, 204, 84, 250, 201,
       99, 253, 56, 123, 139, 229, 60, 117, 251, 242, 240, 60, 224, 249,
       106, 220, 111, 67, 216, 66, 188, 189, 10, 83, 213, 217, 56, 89,
       216, 84, 122, 10, 103, 235, 49, 251, 205, 165, 125, 243, 251, 118,
       226, 247, 189, 240, 220, 251, 38, 158, 239, 27, 170, 185, 58, 76,
       127, 53, 150, 183, 247, 221, 167, 240, 79, 136, 206, 186, 30, 207,
       190, 149, 118, 171, 9, 129, 13, 159, 181, 212, 166, 168, 67, 188,
       146, 66, 82, 180, 179, 32, 201, 224, 63, 58, 136, 49, 221, 128,
       74, 149, 160, 154, 0, 136, 32, 33, 168, 72, 145, 151, 245, 169,
       238, 53, 31, 174, 153, 10, 96, 252, 247, 72, 206, 133, 119, 253,
       16, 19, 201, 147, 192, 205, 247, 127, 70, 130, 66, 165, 51, 116,
       169, 154, 186, 153, 232, 84, 207, 178, 149, 161, 25, 39, 251, 66,
       90, 193, 255, 233, 16, 30, 75, 202, 32, 217, 245, 85, 127, 128,
       72, 174, 10, 169, 45, 121, 101, 244, 79, 111, 63, 117, 230, 126,
       8, 243, 53, 149, 53, 26, 238, 22, 40, 233, 248, 117, 14, 111, 239,
       37, 4, 99, 248, 70, 248, 208, 9, 159, 253, 129, 224, 97, 3, 176,
       149, 226, 16, 36, 183, 97, 123, 225, 254, 40, 144, 24, 217, 243,
       96, 221, 163, 210, 65, 160, 33, 164, 42, 118, 162, 212, 170, 203,
       37, 152, 201, 139, 53, 177, 155, 78, 206, 110, 27, 253, 145, 235,
       177, 62, 99, 203, 208, 91, 208, 219, 127, 211, 79, 238, 198, 77,
       146, 252, 95, 171, 124, 217, 184, 121, 95, 116, 52, 239, 124, 154,
       190, 23, 66, 252, 41, 183, 100, 255, 193, 199, 123, 114, 207, 238,
       197, 207, 117, 242, 67, 78, 140, 46, 2, 239, 40, 237, 182, 178,
       227, 99, 72, 181, 83, 106, 228, 110, 227, 108, 231, 77, 204, 176,
       34, 239, 145, 37, 184, 116, 12, 11, 233, 99, 7, 115, 215, 187,
       240, 45, 68, 94, 135, 125, 78, 183, 164, 54, 185, 147, 239, 197,
       152, 60, 253, 46, 77, 139, 128, 39, 166, 43, 253, 102, 185, 185,
       242, 249, 237, 83, 200, 139, 189, 173, 25, 134, 221, 72, 26, 129,
       210, 205, 81, 26, 107, 250, 49, 219, 212, 21, 127, 208, 11, 214,
       115, 174, 207, 132, 155, 213, 181, 174, 239, 31, 19, 72, 215, 232,
       233, 61, 205, 217, 203, 147, 151, 118, 94, 74, 247, 46, 54, 223,
       111, 159, 125, 248, 140, 206, 173, 176, 150, 253, 125, 190, 239,
       232, 150, 28, 19, 236, 246, 107, 151, 187, 67, 202, 34, 116, 7,
       154, 234, 63, 86, 143, 47, 150, 126, 175, 206, 248, 72, 247, 244,
       47, 90, 84, 0, 233, 146, 166, 58, 79, 59, 5, 255, 98, 244, 236,
       98, 108, 103, 247, 136, 147, 251, 70, 19, 103, 241, 102, 38, 4,
       164, 185, 67, 232, 105, 169, 9, 122, 183, 33, 24, 213, 3, 200, 26,
       19, 14, 66, 56, 50, 112, 233, 80, 77, 144, 55, 100, 192, 195, 135,
       224, 185, 207, 85, 111, 180, 10, 71, 182, 84, 170, 254, 64, 115,
       35, 128, 113, 88, 246, 12, 106, 105, 184, 105, 47, 224, 175, 101,
       16, 115, 250, 192, 41, 177, 138, 197, 223, 85, 55, 233, 127, 87,
       225, 226, 214, 113, 32, 180, 237, 121, 238, 34, 140, 185, 254,
       125, 189, 13, 42, 211, 64, 219, 140, 112, 172, 245, 93, 87, 103,
       5, 79, 103, 48, 97, 226, 162, 74, 115, 81, 17, 119, 56, 244, 120,
       234, 105, 183, 249, 44, 177, 232, 197, 20, 105, 51, 66, 50, 57,
       253, 27, 108, 52, 134, 70, 245, 116, 72, 238, 64, 243, 211, 32,
       112, 220, 252, 20, 106, 201, 186, 16, 45, 251, 237, 164, 64, 72,
       130, 242, 59, 200, 233, 190, 251, 173, 204, 116, 167, 255, 31,
       166, 16, 254, 251, 96, 91, 161, 119, 123, 82, 114, 105, 155, 241,
       239, 251, 87, 123, 82, 88, 197, 42, 70, 173, 212, 190, 171, 237,
       126, 175, 191, 183, 184, 25, 237, 254, 79, 223, 167, 243, 255,
       147, 54, 73, 218, 255, 189, 222, 95, 251, 148, 244, 143, 15, 120,
       165, 152, 170, 219, 233, 17, 207, 130, 181, 169, 25, 38, 243, 72,
       90, 129, 223, 233, 16, 26, 107, 218, 17, 217, 229, 21, 127, 176,
       74, 134, 10, 36, 196, 134, 95, 205, 126, 228, 143, 127, 31, 122,
       16, 194, 104, 30, 222, 169, 70, 106, 24, 22, 248, 91, 34, 45, 190,
       87, 69, 195, 80, 239, 142, 152, 140, 86, 88, 19, 188, 120, 234,
       185, 19, 102, 149, 47, 227, 32, 213, 39, 19, 198, 32, 51, 237, 18,
       199, 155, 242, 80, 79, 250, 197, 43, 146, 52, 125, 125, 230, 206,
       71, 223, 252, 2, 254, 188, 10, 80, 127, 67, 35, 124, 212, 87, 234,
       193, 99, 121, 104, 115, 137, 229, 180, 113, 251, 102, 243, 246,
       98, 254, 240, 41, 163, 90, 200, 139, 190, 177, 185, 78, 207, 111,
       26, 217, 241, 205, 242, 14, 103, 138, 208, 219, 209, 197, 63, 209,
       127, 110, 2, 245, 86, 207, 165, 36, 14, 110, 56, 96, 234, 215,
       228, 211, 121, 145, 115, 54, 196, 124, 111, 237, 180, 237, 8, 228,
       171, 225, 148, 44, 243, 88, 17, 48, 7, 37, 173, 188, 47, 79, 59,
       4, 172, 219, 196, 211, 97, 185, 65, 92, 166, 79, 44, 153, 161, 97,
       28, 225, 174, 161, 148, 116, 251, 212, 96, 215, 142, 206, 180,
       142, 34, 60, 239, 180, 242, 210, 247, 99, 106, 179, 67, 119, 230,
       125, 167, 252, 221, 13, 140, 184, 99, 255, 149, 173, 252, 56, 73,
       208, 72, 87, 189, 12, 11, 108, 37, 228, 50, 226, 210, 247, 2, 16,
       195, 106, 229, 106, 235, 105, 252, 87, 61, 180, 162, 195, 0, 109,
       160, 96, 8, 26, 169, 250, 95, 157, 145, 92, 231, 223, 21, 108, 19,
       42, 234, 54, 228, 233, 170, 162, 132, 94, 216, 166, 243, 171, 127,
       212, 75, 178, 140, 236, 206, 212, 205, 223, 238, 154, 102, 111,
       248, 176, 150, 189, 18, 89, 247, 233, 83, 127, 215, 77, 250, 121,
       195, 186, 106, 249, 235, 231, 28, 161, 243, 229, 32, 127, 48, 185,
       242, 237, 253, 185, 218, 143, 255, 189, 62, 158, 255, 78, 42, 239,
       147, 255, 145, 151, 99, 250, 210, 223, 221, 155, 255, 157, 77, 31,
       243, 132, 104, 190, 255, 44, 237, 113, 206, 238, 187, 160, 16,
       246, 219, 73, 122, 129, 117, 123, 18, 2, 101, 218, 50, 205, 187,
       119, 56, 192, 113, 67, 130, 244, 78, 83, 238, 56, 131, 67, 120,
       133, 12, 235, 67, 115, 195, 33, 81, 88, 176, 12, 106, 104, 151,
