%YAML:1.0
---
descriptors: !!opencv-matrix
   rows: 222
   cols: 32
   dt: u
   data: [ 67, 89, 127, 107, 74, 236, 41, 20, 236, 85, 71, 20, 189, 151,
       48, 121, 38, 21, 123, 217, 131, 153, 181, 113, 69, 41, 58, 192,
       44, 129, 165, 120, 182, 32, 233, 17, 207, 123, 177, 74, 91, 245,
       161, 155, 2, 172, 86, 31, 249, 158, 195, 21, 30, 118, 255, 210,
       31, 16, 209, 119, 229, 77, 214, 214, 106, 227, 40, 174, 25, 213,
       154, 205, 138, 29, 133, 139, 169, 206, 78, 80, 205, 155, 253, 145,
       78, 11, 234, 241, 251, 85, 191, 253, 20, 6, 63, 90, 61, 67, 110,
       238, 45, 191, 93, 88, 5, 196, 254, 135, 75, 77, 179, 237, 94, 160,
       159, 110, 140, 163, 119, 156, 210, 235, 225, 145, 119, 191, 120,
       117, 118, 163, 40, 162, 29, 157, 218, 232, 139, 125, 141, 15, 142,
       140, 94, 128, 137, 136, 253, 125, 222, 11, 251, 181, 155, 81, 137,
       255, 22, 15, 94, 86, 204, 253, 59, 234, 234, 100, 127, 249, 165,
       158, 44, 1, 220, 247, 105, 83, 247, 211, 31, 226, 98, 3, 186, 115,
       255, 137, 39, 172, 176, 243, 165, 115, 75, 130, 69, 183, 116, 182,
       106, 48, 85, 105, 83, 215, 241, 110, 154, 236, 92, 238, 53, 143,
       189, 220, 93, 239, 134, 111, 186, 192, 175, 143, 56, 92, 175, 220,
       173, 254, 141, 127, 223, 184, 223, 242, 151, 30, 255, 125, 57,
       107, 221, 210, 63, 111, 233, 103, 123, 250, 255, 219, 207, 62,
       159, 251, 208, 114, 222, 253, 150, 190, 155, 224, 22, 239, 191,
       151, 172, 185, 108, 254, 110, 82, 235, 243, 237, 211, 126, 75,
       138, 243, 187, 247, 95, 123, 146, 117, 175, 94, 37, 105, 137, 139,
       206, 37, 134, 204, 70, 176, 152, 74, 208, 240, 73, 42, 221, 73,
       114, 247, 65, 98, 207, 48, 60, 4, 239, 60, 149, 123, 19, 128, 45,
       121, 61, 75, 109, 159, 231, 248, 194, 200, 125, 76, 114, 89, 117,
       34, 204, 104, 18, 94, 195, 34, 122, 61, 103, 157, 37, 40, 91, 59,
       66, 179, 220, 89, 63, 171, 170, 224, 23, 148, 174, 93, 223, 49,
       223, 223, 43, 73, 230, 83, 189, 83, 90, 133, 187, 49, 227, 225,
       106, 193, 48, 83, 165, 115, 85, 215, 253, 111, 174, 94, 150, 184,
       126, 234, 191, 232, 215, 124, 139, 98, 151, 213, 108, 98, 204, 33,
       237, 47, 251, 239, 101, 149, 101, 251, 197, 113, 49, 91, 115, 204,
       38, 82, 198, 117, 196, 200, 250, 102, 115, 188, 165, 228, 94, 252,
       6, 106, 201, 187, 36, 173, 48, 168, 38, 130, 125, 186, 116, 189,
       191, 124, 110, 125, 255, 87, 223, 252, 87, 230, 86, 163, 121, 125,
       183, 173, 127, 249, 183, 239, 236, 244, 63, 191, 107, 79, 237,
       135, 247, 255, 116, 255, 60, 119, 97, 71, 82, 95, 235, 112, 84,
       236, 127, 198, 81, 68, 157, 164, 124, 216, 6, 234, 169, 176, 109,
       206, 37, 142, 161, 132, 103, 187, 102, 180, 221, 68, 77, 239, 36,
       10, 79, 184, 116, 226, 247, 192, 211, 99, 153, 113, 122, 196, 60,
       238, 233, 180, 109, 14, 228, 235, 225, 4, 108, 251, 64, 32, 33,
       148, 245, 87, 52, 239, 227, 48, 93, 107, 119, 84, 242, 112, 156,
       36, 89, 98, 22, 10, 185, 188, 125, 175, 13, 62, 176, 64, 206, 139,
       208, 244, 218, 254, 40, 178, 59, 217, 155, 238, 187, 125, 148,
       185, 174, 142, 66, 3, 167, 219, 253, 213, 126, 79, 170, 247, 251,
       209, 30, 251, 4, 4, 135, 91, 220, 233, 153, 230, 24, 70, 79, 184,
       226, 184, 135, 72, 255, 243, 73, 82, 179, 213, 109, 234, 74, 67,
       154, 57, 249, 201, 167, 60, 32, 179, 37, 34, 41, 167, 105, 97,
       244, 11, 235, 191, 116, 104, 126, 236, 211, 1, 144, 48, 25, 140,
       70, 44, 217, 184, 101, 31, 108, 207, 37, 212, 111, 136, 210, 161,
       165, 237, 227, 70, 244, 7, 111, 252, 51, 224, 109, 236, 112, 231,
       221, 52, 93, 238, 19, 254, 235, 210, 236, 110, 111, 28, 133, 44,
       231, 243, 246, 240, 76, 20, 189, 253, 137, 110, 125, 27, 190, 219,
       171, 84, 223, 119, 9, 91, 197, 87, 127, 152, 177, 228, 219, 64,
       205, 251, 119, 20, 144, 113, 165, 49, 255, 28, 215, 246, 225, 38,
       95, 58, 57, 186, 163, 92, 110, 115, 13, 223, 215, 214, 125, 42,
       57, 70, 249, 234, 19, 250, 85, 158, 170, 245, 96, 51, 88, 112,
       245, 229, 19, 78, 121, 56, 57, 225, 103, 8, 95, 55, 0, 125, 50,
       84, 121, 40, 33, 208, 177, 76, 221, 174, 81, 4, 34, 161, 7, 114,
       253, 116, 121, 224, 219, 215, 95, 220, 19, 238, 188, 46, 27, 31,
       65, 48, 95, 153, 213, 250, 234, 54, 120, 158, 251, 205, 37, 188,
       243, 155, 6, 251, 84, 113, 161, 166, 188, 76, 71, 152, 66, 168,
       155, 104, 211, 241, 73, 98, 216, 212, 125, 123, 217, 35, 217, 32,
       249, 140, 175, 252, 200, 59, 80, 33, 73, 94, 159, 255, 40, 174,
       49, 146, 238, 26, 182, 116, 254, 83, 161, 107, 231, 117, 126, 10,
       161, 197, 51, 121, 193, 251, 114, 146, 24, 113, 33, 43, 108, 177,
       149, 203, 249, 109, 1, 217, 14, 61, 173, 40, 222, 115, 72, 156,
       89, 26, 74, 58, 18, 67, 107, 80, 221, 144, 5, 126, 146, 203, 134,
       161, 58, 22, 42, 188, 109, 255, 149, 107, 149, 14, 244, 45, 46,
       237, 39, 25, 216, 185, 199, 33, 12, 163, 34, 157, 243, 211, 80,
       59, 83, 125, 126, 211, 159, 180, 237, 161, 178, 46, 185, 223, 62,
       121, 31, 247, 221, 63, 90, 11, 55, 23, 223, 181, 182, 209, 13,
       212, 237, 73, 175, 228, 167, 196, 135, 243, 40, 188, 56, 122, 253,
       253, 116, 247, 191, 29, 124, 9, 62, 191, 34, 144, 141, 187, 199,
       0, 22, 42, 82, 253, 255, 223, 20, 123, 82, 204, 206, 139, 139,
       121, 109, 15, 79, 91, 175, 253, 86, 230, 214, 167, 249, 156, 147,
       167, 124, 92, 250, 239, 229, 246, 237, 186, 118, 99, 239, 128,
       119, 190, 188, 253, 29, 178, 249, 97, 178, 59, 59, 152, 46, 241,
       15, 228, 221, 23, 218, 48, 55, 93, 221, 124, 147, 208, 253, 20,
       206, 205, 45, 228, 166, 135, 3, 241, 254, 103, 238, 86, 226, 18,
       127, 120, 49, 134, 255, 164, 107, 103, 143, 183, 62, 252, 132,
       238, 232, 215, 172, 238, 50, 250, 197, 137, 103, 247, 110, 228,
       47, 100, 248, 67, 116, 189, 250, 88, 75, 233, 125, 14, 24, 217,
       223, 40, 61, 8, 19, 28, 130, 50, 88, 210, 79, 29, 129, 237, 207,
       203, 90, 147, 165, 204, 188, 255, 140, 45, 87, 188, 222, 50, 161,
       24, 247, 249, 121, 107, 201, 210, 59, 74, 234, 103, 91, 51, 237,
       219, 215, 60, 144, 121, 208, 34, 220, 223, 62, 187, 170, 228, 95,
       157, 174, 94, 222, 167, 223, 223, 107, 75, 247, 211, 189, 243, 90,
       0, 59, 48, 227, 225, 111, 157, 180, 243, 165, 115, 244, 239, 204,
       255, 220, 19, 78, 236, 151, 183, 201, 26, 67, 225, 89, 91, 89,
       206, 107, 254, 122, 67, 203, 183, 239, 239, 229, 125, 176, 251,
       252, 130, 22, 89, 63, 187, 8, 231, 58, 132, 174, 89, 139, 193,
       213, 31, 56, 73, 228, 19, 125, 215, 155, 197, 27, 245, 193, 243,
       250, 208, 24, 19, 165, 18, 69, 25, 159, 255, 169, 102, 49, 19,
       174, 219, 207, 84, 252, 247, 33, 106, 231, 55, 127, 144, 17, 193,
       27, 192, 195, 183, 90, 18, 152, 97, 33, 51, 212, 140, 141, 247,
       134, 34, 236, 167, 242, 179, 139, 18, 213, 35, 81, 75, 97, 231,
       121, 154, 48, 220, 155, 226, 13, 162, 223, 69, 161, 113, 245, 42,
       215, 122, 175, 152, 43, 86, 31, 204, 190, 254, 134, 229, 204, 214,
       231, 127, 255, 117, 255, 247, 237, 199, 191, 248, 176, 50, 207,
       159, 136, 117, 47, 87, 205, 144, 215, 69, 178, 122, 33, 25, 127,
       107, 119, 240, 92, 54, 140, 254, 51, 84, 108, 40, 177, 244, 45,
       78, 12, 174, 114, 198, 230, 160, 229, 37, 78, 247, 211, 210, 243,
       244, 62, 220, 187, 81, 73, 234, 108, 247, 236, 180, 55, 219, 179,
       210, 19, 91, 138, 243, 63, 84, 15, 234, 142, 215, 167, 181, 167,
       237, 229, 95, 223, 182, 174, 239, 91, 179, 105, 18, 96, 232, 92,
       181, 89, 122, 18, 218, 119, 250, 254, 255, 47, 30, 223, 111, 195,
       127, 250, 172, 199, 104, 233, 133, 98, 0, 47, 148, 40, 224, 78,
       134, 221, 6, 211, 122, 54, 221, 121, 255, 193, 84, 245, 96, 244,
       41, 111, 128, 172, 243, 35, 248, 58, 19, 62, 188, 105, 215, 149,
       108, 141, 77, 244, 173, 46, 236, 39, 24, 220, 185, 199, 101, 28,
