%YAML:1.0
---
descriptors: !!opencv-matrix
   rows: 144
   cols: 32
   dt: u
   data: [ 218, 184, 189, 250, 169, 253, 17, 207, 187, 63, 164, 24, 142,
       223, 100, 123, 135, 147, 253, 16, 50, 79, 250, 243, 219, 211, 91,
       127, 146, 64, 167, 43, 239, 255, 237, 39, 228, 30, 111, 188, 49,
       242, 126, 196, 249, 111, 159, 183, 31, 206, 53, 239, 253, 212,
       253, 42, 110, 123, 237, 164, 111, 247, 218, 212, 188, 95, 127, 79,
       50, 106, 103, 88, 117, 14, 255, 32, 115, 119, 133, 112, 126, 252,
       4, 106, 104, 180, 105, 46, 119, 239, 32, 0, 115, 243, 102, 225,
       191, 174, 230, 157, 254, 19, 239, 251, 23, 238, 254, 247, 105,
       234, 191, 213, 127, 238, 183, 175, 252, 214, 239, 207, 62, 111,
       239, 196, 175, 252, 122, 221, 169, 109, 249, 101, 244, 79, 111,
       55, 113, 226, 126, 8, 147, 53, 145, 48, 26, 252, 84, 40, 233, 184,
       241, 14, 231, 221, 37, 20, 106, 250, 70, 248, 141, 252, 191, 127,
       77, 252, 249, 222, 255, 219, 38, 16, 248, 255, 93, 123, 193, 115,
       123, 30, 166, 69, 251, 243, 79, 251, 215, 44, 194, 117, 103, 234,
       191, 177, 61, 240, 239, 213, 157, 89, 139, 91, 149, 127, 124, 223,
       78, 43, 237, 147, 215, 177, 255, 103, 250, 209, 83, 89, 239, 191,
       95, 76, 167, 247, 226, 126, 255, 228, 126, 67, 191, 85, 139, 232,
       144, 239, 124, 159, 197, 11, 174, 245, 247, 227, 225, 103, 240,
       200, 52, 89, 239, 186, 13, 60, 135, 251, 49, 143, 75, 254, 22,
       163, 235, 242, 212, 0, 218, 198, 113, 227, 176, 96, 122, 234, 26,
       142, 155, 139, 12, 191, 120, 174, 138, 72, 61, 203, 112, 136, 248,
       217, 57, 122, 203, 205, 85, 247, 177, 18, 164, 25, 63, 159, 96,
       17, 201, 187, 229, 66, 120, 15, 242, 51, 243, 193, 68, 123, 114,
       0, 134, 58, 66, 210, 193, 142, 126, 76, 75, 184, 42, 73, 83, 237,
       245, 231, 152, 86, 22, 69, 125, 111, 193, 1, 235, 105, 164, 52,
       170, 152, 28, 182, 19, 121, 158, 212, 118, 243, 39, 95, 255, 253,
       61, 94, 181, 183, 223, 93, 186, 133, 63, 81, 223, 235, 236, 164,
       57, 239, 231, 219, 247, 135, 119, 254, 205, 123, 2, 192, 18, 137,
       77, 53, 184, 204, 46, 17, 208, 3, 172, 210, 109, 204, 250, 155,
       138, 240, 6, 7, 19, 209, 21, 16, 154, 47, 23, 28, 41, 142, 138,
       219, 50, 223, 59, 208, 189, 230, 190, 13, 86, 163, 172, 222, 38,
       193, 230, 123, 179, 193, 70, 158, 50, 253, 39, 115, 218, 139, 22,
       20, 45, 223, 63, 92, 251, 245, 224, 254, 127, 210, 185, 238, 126,
       68, 31, 191, 183, 252, 231, 125, 181, 78, 241, 189, 176, 234, 115,
       255, 96, 128, 194, 253, 100, 241, 61, 77, 123, 238, 244, 147, 239,
       252, 85, 128, 254, 66, 115, 233, 181, 96, 122, 232, 22, 106, 233,
       179, 44, 191, 114, 239, 167, 128, 119, 251, 120, 161, 35, 76, 98,
       95, 85, 215, 170, 96, 95, 68, 125, 6, 104, 204, 183, 164, 92, 42,
       146, 79, 199, 186, 124, 255, 38, 30, 2, 11, 87, 47, 125, 252, 245,
       103, 125, 103, 116, 15, 111, 184, 113, 234, 247, 110, 83, 83, 157,
       53, 30, 204, 84, 110, 233, 246, 233, 46, 102, 170, 161, 148, 111,
       187, 82, 161, 221, 142, 157, 251, 168, 41, 125, 159, 238, 219,
       150, 116, 255, 227, 200, 123, 135, 87, 125, 28, 179, 205, 235,
       241, 202, 251, 127, 148, 152, 241, 129, 33, 6, 190, 156, 27, 234,
       169, 189, 223, 191, 31, 52, 253, 172, 226, 206, 31, 167, 83, 238,
       20, 182, 72, 202, 113, 12, 18, 127, 250, 216, 84, 139, 157, 66,
       170, 157, 190, 168, 225, 21, 143, 190, 91, 152, 57, 182, 246, 66,
       91, 193, 99, 253, 17, 31, 75, 203, 49, 168, 182, 254, 251, 144,
       80, 135, 107, 143, 190, 196, 19, 226, 184, 188, 159, 186, 91, 86,
       245, 188, 226, 206, 155, 167, 75, 247, 148, 183, 220, 207, 115,
       110, 30, 126, 192, 142, 213, 139, 149, 32, 91, 123, 109, 116, 206,
       111, 180, 53, 232, 126, 100, 215, 87, 145, 112, 126, 252, 23, 110,
       201, 176, 113, 60, 231, 172, 37, 128, 106, 186, 70, 241, 154, 93,
       50, 156, 107, 244, 190, 98, 173, 132, 94, 163, 172, 190, 39, 192,
       230, 123, 191, 195, 68, 139, 146, 239, 179, 48, 10, 139, 6, 117,
       45, 223, 118, 84, 242, 230, 37, 125, 94, 140, 29, 15, 186, 43,
       110, 126, 63, 216, 255, 215, 255, 99, 172, 35, 89, 251, 179, 254,
       194, 151, 247, 255, 76, 15, 166, 37, 82, 130, 237, 221, 190, 97,
       137, 132, 185, 27, 140, 152, 82, 143, 234, 187, 223, 19, 80, 231,
       218, 192, 61, 16, 142, 235, 199, 78, 255, 135, 158, 122, 232, 226,
       95, 85, 95, 220, 87, 222, 148, 39, 25, 223, 251, 172, 125, 217,
       151, 210, 143, 103, 190, 243, 243, 217, 167, 175, 183, 183, 108,
       127, 242, 182, 234, 148, 61, 212, 209, 103, 153, 207, 148, 187,
       42, 188, 118, 87, 205, 181, 221, 1, 188, 239, 242, 206, 91, 123,
       216, 251, 7, 12, 118, 95, 70, 172, 247, 254, 233, 129, 252, 254,
       159, 251, 208, 185, 237, 255, 124, 27, 151, 251, 255, 149, 178,
       79, 138, 243, 159, 126, 223, 251, 150, 244, 135, 219, 165, 221,
       203, 254, 220, 47, 230, 252, 86, 234, 185, 126, 241, 113, 249, 50,
       125, 230, 94, 238, 241, 103, 77, 254, 252, 207, 231, 188, 253,
       251, 240, 145, 1, 142, 107, 218, 244, 183, 235, 254, 87, 77, 222,
       70, 57, 234, 188, 96, 121, 171, 22, 156, 146, 187, 44, 255, 126,
       47, 170, 192, 181, 202, 240, 233, 214, 142, 150, 151, 214, 160,
       190, 231, 190, 147, 218, 242, 236, 242, 104, 75, 235, 255, 46,
       146, 122, 221, 203, 227, 188, 38, 223, 198, 132, 121, 177, 141,
       255, 218, 106, 30, 102, 146, 254, 244, 121, 74, 119, 247, 121,
       236, 183, 105, 126, 237, 55, 239, 229, 247, 174, 239, 118, 107,
       238, 136, 127, 183, 251, 213, 188, 229, 101, 69, 221, 91, 198,
       189, 113, 226, 234, 77, 83, 105, 29, 183, 89, 206, 204, 238, 105,
       242, 221, 142, 63, 235, 197, 52, 107, 254, 246, 180, 44, 117, 57,
       101, 112, 79, 119, 184, 109, 172, 126, 72, 223, 19, 1, 48, 148,
       84, 68, 106, 65, 176, 121, 12, 231, 221, 33, 4, 64, 179, 70, 163,
       188, 52, 113, 109, 13, 111, 71, 56, 83, 234, 181, 72, 91, 29, 9,
       177, 88, 156, 84, 106, 169, 38, 121, 30, 211, 203, 33, 60, 123,
       187, 70, 51, 122, 128, 249, 250, 15, 85, 217, 236, 91, 119, 181,
       10, 47, 191, 125, 119, 235, 155, 181, 129, 42, 43, 186, 209, 251,
       249, 212, 63, 247, 28, 68, 110, 131, 222, 205, 183, 178, 47, 45,
       191, 63, 123, 94, 247, 213, 46, 150, 69, 167, 71, 55, 173, 245,
       220, 61, 127, 44, 31, 125, 132, 60, 244, 129, 249, 173, 23, 233,
       228, 252, 127, 223, 56, 0, 236, 189, 237, 219, 125, 251, 163, 94,
       212, 215, 110, 217, 34, 125, 136, 230, 217, 101, 188, 95, 255,
       212, 245, 134, 91, 102, 156, 207, 182, 190, 98, 141, 196, 222,
       135, 44, 238, 55, 197, 236, 169, 179, 199, 196, 139, 22, 236, 54,
       48, 206, 139, 31, 127, 61, 214, 188, 61, 116, 235, 181, 126, 254,
       252, 113, 204, 253, 163, 59, 61, 27, 241, 126, 219, 149, 255, 188,
       250, 124, 236, 235, 249, 230, 229, 247, 255, 126, 219, 204, 233,
       188, 251, 237, 220, 117, 167, 255, 159, 164, 24, 190, 249, 72,
       123, 129, 119, 251, 82, 114, 109, 250, 177, 207, 251, 87, 123,
       210, 24, 199, 170, 169, 45, 121, 117, 116, 111, 103, 55, 113, 234,
       127, 24, 243, 53, 144, 49, 26, 190, 84, 8, 249, 248, 113, 14, 103,
       223, 52, 0, 99, 232, 198, 232, 110, 248, 48, 186, 125, 253, 210,
       200, 143, 125, 185, 9, 238, 220, 110, 148, 201, 219, 239, 67, 14,
       35, 218, 245, 155, 212, 1, 127, 82, 31, 79, 198, 32, 0, 146, 188,
       85, 230, 194, 68, 148, 131, 219, 2, 198, 241, 40, 64, 216, 56, 10,
       0, 8, 183, 80, 138, 145, 182, 146, 11, 148, 122, 52, 170, 254,
       252, 48, 250, 189, 253, 82, 200, 159, 127, 184, 25, 238, 220, 111,
       148, 137, 219, 223, 83, 46, 39, 218, 183, 187, 213, 5, 127, 82,
       95, 79, 87, 166, 204, 140, 187, 205, 161, 206, 239, 22, 19, 192,
       147, 225, 234, 125, 201, 217, 203, 35, 151, 126, 78, 91, 179, 172,
       22, 223, 125, 144, 89, 184, 142, 196, 44, 190, 255, 140, 237, 113,
