%YAML:1.0
---
descriptors: !!opencv-matrix
   rows: 211
   cols: 32
   dt: u
   data: [ 2, 157, 38, 158, 87, 214, 180, 103, 141, 77, 90, 7, 44, 174,
       54, 196, 232, 35, 155, 133, 212, 153, 16, 223, 59, 54, 154, 131,
       22, 14, 189, 94, 152, 94, 62, 188, 46, 197, 159, 118, 148, 14,
       214, 167, 191, 191, 35, 9, 174, 241, 255, 131, 104, 135, 2, 187,
       243, 231, 122, 153, 53, 248, 45, 91, 23, 94, 233, 201, 182, 50,
       235, 222, 86, 73, 220, 230, 81, 205, 183, 104, 127, 200, 31, 253,
       139, 146, 109, 87, 118, 45, 175, 196, 189, 243, 112, 241, 85, 91,
       215, 33, 162, 10, 15, 144, 161, 248, 155, 237, 215, 38, 195, 254,
       22, 101, 124, 126, 157, 193, 253, 8, 168, 246, 101, 212, 174, 247,
       128, 117, 36, 232, 136, 59, 153, 200, 129, 204, 250, 117, 161, 20,
       145, 194, 74, 26, 201, 79, 74, 144, 31, 107, 250, 49, 141, 161,
       159, 125, 216, 113, 207, 144, 144, 135, 106, 159, 180, 140, 182,
       119, 124, 5, 215, 151, 163, 201, 62, 64, 126, 170, 11, 13, 254,
       189, 21, 47, 242, 45, 178, 64, 69, 140, 249, 202, 4, 57, 149, 187,
       229, 111, 164, 199, 92, 187, 74, 16, 148, 177, 96, 107, 193, 110,
       50, 17, 17, 248, 83, 96, 141, 154, 254, 70, 152, 89, 209, 170,
       190, 95, 35, 170, 173, 117, 23, 214, 133, 78, 157, 59, 14, 61, 43,
       3, 237, 211, 223, 195, 120, 7, 104, 162, 243, 197, 174, 187, 179,
       95, 180, 91, 140, 216, 255, 243, 195, 228, 180, 212, 246, 83, 103,
       22, 28, 223, 105, 107, 111, 91, 51, 154, 98, 244, 122, 96, 71,
       139, 118, 67, 241, 81, 164, 243, 27, 95, 230, 132, 215, 22, 188,
       119, 173, 198, 222, 231, 9, 170, 183, 134, 110, 165, 183, 165,
       164, 155, 20, 202, 54, 77, 207, 131, 175, 244, 185, 221, 17, 92,
       95, 108, 2, 102, 116, 118, 164, 226, 234, 66, 87, 51, 33, 123, 98,
       213, 120, 238, 41, 211, 17, 76, 243, 171, 114, 4, 105, 113, 34,
       139, 19, 94, 23, 212, 103, 148, 63, 114, 173, 206, 90, 38, 172,
       158, 165, 98, 166, 123, 191, 67, 193, 141, 178, 239, 178, 252, 10,
       138, 4, 1, 33, 95, 114, 28, 253, 28, 91, 117, 144, 79, 219, 247,
       180, 191, 46, 60, 71, 31, 167, 179, 255, 5, 180, 111, 55, 216, 91,
       90, 80, 187, 215, 108, 69, 95, 130, 141, 46, 223, 19, 208, 58,
       230, 156, 0, 64, 131, 188, 238, 53, 97, 238, 123, 155, 197, 98,
       136, 50, 255, 39, 119, 154, 139, 20, 4, 37, 222, 181, 188, 175,
       183, 140, 102, 95, 187, 240, 215, 173, 21, 211, 127, 91, 43, 201,
       198, 121, 191, 185, 235, 251, 46, 233, 207, 255, 84, 200, 120,
       246, 242, 2, 133, 17, 153, 221, 229, 180, 175, 159, 17, 72, 18,
       132, 216, 40, 64, 201, 27, 19, 17, 54, 56, 90, 215, 173, 150, 158,
       103, 144, 72, 181, 138, 71, 122, 210, 65, 226, 52, 186, 208, 123,
       235, 118, 230, 25, 18, 205, 252, 55, 221, 182, 154, 135, 86, 173,
       226, 30, 30, 119, 166, 175, 247, 105, 157, 111, 28, 211, 195, 226,
       112, 107, 146, 49, 107, 127, 230, 89, 55, 205, 252, 119, 158, 55,
       158, 147, 146, 237, 226, 30, 62, 178, 196, 175, 199, 102, 181, 84,
       49, 250, 101, 160, 110, 127, 17, 40, 172, 127, 32, 223, 55, 195,
       112, 182, 116, 125, 122, 144, 144, 177, 8, 235, 237, 37, 128, 160,
       243, 39, 115, 134, 152, 191, 251, 172, 102, 189, 231, 63, 63, 210,
       19, 244, 182, 108, 75, 231, 87, 59, 145, 48, 221, 187, 226, 221,
       50, 222, 198, 128, 72, 165, 123, 25, 134, 111, 225, 180, 171, 105,
       215, 118, 97, 206, 214, 19, 1, 184, 104, 103, 142, 27, 156, 155,
       184, 53, 215, 222, 207, 154, 68, 189, 200, 240, 48, 110, 112, 242,
       142, 109, 93, 246, 200, 123, 174, 245, 11, 78, 220, 79, 156, 255,
       253, 231, 227, 76, 119, 218, 226, 23, 28, 7, 47, 71, 127, 126,
       215, 53, 94, 121, 233, 244, 43, 75, 218, 87, 105, 248, 238, 83,
       13, 181, 56, 95, 200, 23, 188, 139, 178, 109, 158, 234, 223, 161,
       244, 253, 251, 80, 241, 194, 12, 144, 156, 213, 56, 248, 2, 57,
       23, 240, 31, 174, 106, 3, 93, 235, 227, 238, 133, 62, 110, 210,
       235, 148, 246, 90, 27, 209, 125, 111, 78, 216, 128, 156, 246, 9,
       108, 85, 2, 179, 179, 135, 24, 243, 55, 72, 123, 201, 214, 121,
       138, 57, 71, 219, 163, 211, 251, 81, 19, 130, 121, 138, 42, 128,
       32, 197, 169, 96, 41, 168, 71, 174, 19, 114, 245, 157, 131, 64,
       202, 106, 27, 127, 156, 17, 156, 199, 192, 196, 241, 122, 128,
       140, 192, 131, 168, 123, 50, 238, 229, 53, 86, 89, 27, 49, 204,
       86, 164, 61, 87, 211, 247, 86, 60, 181, 188, 205, 208, 245, 136,
       195, 249, 169, 131, 46, 164, 126, 119, 218, 93, 90, 220, 99, 244,
       191, 98, 189, 194, 222, 163, 60, 254, 39, 225, 230, 123, 191, 195,
       97, 143, 178, 238, 177, 241, 218, 139, 4, 113, 37, 219, 120, 188,
       185, 244, 12, 109, 93, 59, 146, 247, 142, 25, 119, 63, 82, 19,
       133, 247, 125, 13, 56, 75, 251, 43, 251, 235, 117, 56, 32, 232,
       134, 114, 143, 140, 100, 147, 197, 253, 188, 167, 223, 87, 87, 19,
       236, 124, 62, 45, 175, 43, 147, 135, 246, 252, 63, 247, 47, 90,
       222, 195, 215, 77, 157, 198, 130, 200, 7, 254, 89, 132, 42, 230,
       158, 0, 64, 2, 172, 255, 53, 64, 232, 123, 59, 193, 98, 137, 18,
       255, 37, 54, 218, 10, 16, 16, 33, 138, 15, 170, 165, 155, 237,
       189, 168, 156, 255, 89, 83, 80, 236, 218, 252, 236, 229, 75, 58,
       29, 147, 92, 46, 241, 13, 90, 223, 238, 158, 69, 145, 165, 39,
       182, 233, 199, 100, 57, 239, 176, 88, 234, 93, 254, 241, 228, 220,
       36, 95, 238, 54, 175, 209, 182, 236, 163, 76, 14, 251, 160, 77,
       235, 80, 245, 12, 220, 215, 251, 195, 238, 54, 152, 54, 91, 115,
       114, 221, 247, 41, 249, 125, 219, 183, 146, 51, 212, 90, 115, 77,
       199, 247, 196, 249, 83, 164, 179, 154, 92, 158, 190, 11, 181, 24,
       86, 149, 142, 222, 55, 239, 255, 35, 202, 236, 241, 191, 129, 44,
       135, 18, 170, 211, 231, 250, 155, 186, 125, 45, 91, 17, 141, 45,
       227, 148, 175, 105, 167, 100, 113, 74, 18, 17, 35, 48, 96, 97,
       130, 26, 156, 59, 184, 117, 117, 221, 142, 146, 68, 185, 200, 241,
       56, 2, 184, 191, 149, 188, 228, 189, 231, 190, 31, 214, 19, 244,
       247, 96, 74, 103, 87, 59, 145, 50, 221, 147, 97, 221, 38, 255,
       196, 132, 104, 181, 123, 79, 187, 234, 224, 246, 22, 187, 210,
       131, 249, 94, 231, 28, 189, 246, 34, 175, 125, 181, 215, 149, 251,
       173, 160, 90, 95, 173, 198, 143, 237, 49, 247, 127, 207, 196, 158,
       151, 18, 142, 236, 18, 165, 153, 207, 104, 232, 191, 196, 217,
       231, 177, 255, 206, 67, 14, 191, 56, 78, 143, 255, 159, 127, 248,
       84, 80, 189, 186, 254, 155, 220, 21, 71, 185, 23, 172, 24, 190,
       191, 98, 112, 163, 51, 217, 0, 82, 107, 178, 99, 219, 245, 22, 11,
       0, 64, 175, 122, 3, 223, 14, 157, 18, 128, 190, 230, 188, 68, 90,
       231, 172, 142, 51, 64, 230, 43, 155, 197, 198, 152, 6, 255, 100,
       37, 186, 139, 28, 20, 57, 219, 252, 31, 218, 232, 243, 246, 91,
       82, 177, 142, 255, 49, 31, 247, 35, 218, 247, 253, 141, 178, 56,
       211, 128, 142, 219, 239, 37, 211, 162, 229, 44, 99, 3, 191, 187,
       250, 186, 229, 155, 214, 142, 113, 28, 183, 188, 252, 244, 32,
       135, 59, 147, 21, 179, 41, 58, 245, 106, 85, 31, 250, 220, 221,
       133, 251, 163, 74, 98, 189, 70, 146, 175, 100, 112, 70, 82, 151,
       105, 236, 54, 41, 126, 237, 51, 199, 228, 246, 166, 239, 116, 42,
       218, 128, 69, 61, 243, 220, 244, 180, 189, 247, 140, 108, 69, 187,
       246, 210, 135, 25, 215, 117, 73, 59, 201, 214, 125, 58, 121, 111,
       251, 34, 233, 139, 245, 92, 160, 120, 212, 114, 24, 150, 23, 249,
       182, 35, 113, 59, 63, 158, 91, 242, 206, 115, 160, 197, 55, 30,
       141, 48, 48, 220, 9, 222, 232, 214, 127, 134, 182, 230, 37, 43,
       66, 173, 148, 147, 189, 192, 190, 167, 158, 17, 26, 1, 172, 234,
       112, 66, 167, 99, 59, 209, 82, 72, 138, 247, 45, 22, 159, 239,
       132, 86, 129, 13, 28, 234, 108, 59, 137, 251, 82, 168, 230, 245,
       167, 145, 195, 78, 10, 11, 65, 70, 232, 122, 62, 237, 111, 61,
