%YAML:1.0
---
descriptors: !!opencv-matrix
   rows: 5
   cols: 32
   dt: u
   data: [ 37, 85, 17, 69, 117, 15, 103, 56, 124, 232, 107, 72, 210, 17,
       9, 48, 144, 76, 66, 106, 201, 176, 121, 12, 37, 188, 1, 20, 72,
       59, 66, 160, 252, 124, 189, 118, 41, 108, 83, 154, 243, 190, 165,
       56, 95, 247, 73, 59, 129, 212, 236, 26, 41, 103, 250, 34, 211,
       219, 117, 63, 226, 241, 70, 99, 252, 112, 252, 103, 45, 95, 87,
       152, 83, 186, 181, 8, 219, 93, 89, 59, 157, 212, 253, 122, 232,
       102, 249, 168, 199, 219, 101, 53, 226, 251, 86, 51, 252, 112, 252,
       101, 45, 95, 85, 152, 99, 186, 182, 8, 155, 29, 81, 59, 156, 212,
       124, 106, 200, 118, 241, 8, 231, 217, 101, 52, 66, 184, 86, 35,
       248, 121, 254, 118, 168, 76, 85, 148, 179, 190, 164, 57, 119, 215,
       67, 27, 6, 244, 109, 74, 104, 71, 218, 34, 211, 227, 117, 57, 96,
       177, 198, 107 ]
keypoints: !!opencv-matrix
   rows: 5
   cols: 2
   dt: d
   data: [ 294., 2.3040000915527344e+02, 2.6352001953125000e+02,
       6.3360000610351562e+01, 9.6480003356933594e+01,
       9.7920005798339844e+01, 9.5385612487792969e+01,
       9.9532814025878906e+01, 2.5380870056152344e+02,
       7.9626258850097656e+01 ]
