%YAML:1.0
---
descriptors: !!opencv-matrix
   rows: 30
   cols: 32
   dt: u
   data: [ 220, 70, 156, 231, 168, 46, 79, 156, 48, 166, 175, 8, 215, 99,
       73, 91, 19, 198, 108, 106, 40, 212, 249, 42, 237, 235, 103, 20,
       160, 243, 71, 32, 69, 245, 157, 227, 188, 79, 71, 184, 30, 184,
       137, 76, 215, 119, 73, 34, 145, 84, 125, 123, 91, 64, 219, 54,
       237, 151, 45, 116, 152, 123, 145, 49, 221, 28, 31, 231, 176, 110,
       95, 190, 52, 234, 254, 112, 247, 119, 137, 112, 55, 119, 92, 106,
       233, 149, 41, 46, 232, 239, 39, 148, 168, 243, 129, 57, 125, 213,
       125, 102, 184, 78, 79, 188, 224, 232, 190, 76, 119, 119, 137, 115,
       22, 214, 124, 106, 249, 33, 249, 44, 251, 235, 37, 20, 104, 243,
       194, 57, 248, 190, 254, 118, 171, 184, 84, 215, 179, 159, 164,
       185, 47, 231, 66, 31, 167, 247, 237, 16, 62, 79, 138, 179, 219,
       243, 85, 123, 226, 212, 174, 75, 112, 160, 189, 112, 136, 237, 81,
       143, 178, 53, 164, 24, 55, 247, 72, 27, 129, 146, 108, 16, 26,
       111, 250, 17, 217, 135, 117, 125, 224, 0, 134, 106, 252, 101, 157,
       103, 137, 79, 71, 172, 115, 186, 163, 24, 215, 115, 73, 59, 153,
       212, 108, 122, 121, 118, 217, 42, 237, 223, 69, 52, 192, 115, 194,
       34, 232, 188, 181, 118, 233, 125, 117, 143, 251, 251, 165, 24,
       254, 247, 72, 191, 129, 126, 232, 8, 51, 111, 250, 99, 223, 255,
       85, 63, 194, 112, 199, 34, 92, 93, 95, 231, 178, 42, 127, 190,
       164, 162, 158, 226, 247, 119, 161, 112, 119, 247, 125, 234, 105,
       129, 41, 46, 240, 239, 175, 144, 36, 243, 161, 121, 252, 66, 92,
       174, 140, 10, 86, 168, 49, 182, 163, 185, 67, 107, 11, 91, 88,
       212, 236, 98, 108, 103, 203, 42, 242, 227, 229, 29, 96, 187, 94,
       2, 253, 188, 149, 178, 173, 237, 84, 143, 219, 251, 160, 24, 206,
       249, 72, 155, 137, 195, 108, 16, 63, 111, 218, 179, 153, 218, 85,
       126, 218, 125, 202, 2, 108, 97, 252, 103, 188, 15, 87, 184, 115,
       160, 231, 8, 211, 115, 89, 19, 216, 220, 109, 106, 72, 242, 217,
       12, 239, 249, 101, 53, 224, 187, 78, 34, 175, 174, 224, 91, 253,
       191, 239, 255, 83, 175, 125, 218, 99, 233, 222, 52, 93, 202, 23,
       62, 250, 126, 236, 191, 63, 94, 181, 252, 215, 220, 210, 237, 205,
       156, 158, 247, 168, 174, 117, 191, 190, 187, 166, 84, 247, 115, 0,
       123, 167, 119, 124, 24, 177, 205, 219, 55, 201, 235, 119, 84, 136,
       112, 137, 43, 108, 103, 76, 103, 240, 11, 71, 184, 33, 172, 255,
       141, 195, 97, 139, 18, 24, 196, 76, 110, 104, 240, 201, 46, 230,
       223, 37, 53, 66, 251, 78, 32, 250, 168, 236, 112, 9, 253, 88, 19,
       163, 179, 164, 24, 59, 223, 84, 63, 137, 182, 253, 24, 26, 111,
       242, 145, 219, 249, 213, 121, 226, 196, 78, 42, 236, 52, 189, 115,
       173, 109, 83, 154, 123, 255, 189, 24, 222, 253, 73, 59, 153, 222,
       124, 26, 59, 103, 251, 50, 223, 223, 117, 127, 194, 107, 70, 115,
       252, 70, 204, 167, 172, 10, 86, 184, 49, 190, 179, 237, 195, 99,
       11, 91, 89, 196, 236, 98, 108, 118, 201, 42, 246, 227, 101, 21,
       104, 251, 78, 2, 248, 188, 158, 116, 169, 237, 80, 151, 178, 155,
       164, 24, 63, 191, 64, 155, 161, 183, 237, 16, 58, 111, 146, 51,
       219, 235, 117, 121, 226, 64, 142, 11, 124, 99, 61, 231, 60, 79,
       71, 184, 117, 172, 255, 8, 215, 115, 9, 16, 216, 212, 108, 106,
       72, 178, 233, 14, 247, 255, 37, 20, 96, 187, 70, 35, 124, 99, 124,
       103, 157, 15, 71, 184, 97, 172, 191, 8, 211, 65, 89, 18, 88, 196,
       108, 122, 72, 242, 201, 12, 239, 217, 37, 52, 99, 187, 86, 34, 85,
       205, 158, 182, 146, 146, 62, 224, 190, 132, 203, 135, 237, 234,
       43, 82, 182, 229, 121, 231, 100, 193, 154, 111, 248, 231, 15, 3,
       44, 51, 41, 2, 105, 189, 56, 97, 253, 223, 85, 191, 91, 248, 60,
       8, 158, 57, 70, 48, 129, 30, 84, 24, 199, 120, 251, 23, 239, 221,
       53, 119, 90, 72, 202, 155, 221, 156, 159, 255, 171, 110, 116, 191,
       190, 187, 166, 80, 255, 115, 0, 251, 167, 119, 252, 0, 49, 205,
       27, 39, 251, 235, 119, 82, 170, 112, 137, 27, 69, 113, 25, 103,
       48, 15, 119, 184, 110, 168, 43, 76, 215, 83, 73, 112, 150, 92,
       108, 106, 193, 176, 217, 28, 237, 156, 37, 52, 72, 179, 66, 33,
       220, 77, 94, 239, 174, 10, 79, 188, 180, 178, 215, 2, 127, 107,
       57, 67, 118, 231, 125, 234, 104, 193, 11, 172, 242, 235, 239, 148,
       36, 179, 160, 0, 118, 245, 237, 166, 170, 99, 23, 232, 51, 254,
       153, 171, 71, 254, 75, 18, 183, 213, 253, 243, 108, 67, 239, 42,
       250, 103, 237, 191, 164, 119, 22, 87, 124, 119, 89, 103, 48, 11,
       119, 56, 57, 164, 239, 44, 215, 115, 137, 80, 182, 220, 109, 106,
       72, 176, 233, 14, 245, 239, 37, 20, 98, 179, 70, 99, 112, 168,
       184, 120, 13, 173, 80, 71, 226, 181, 164, 8, 51, 153, 68, 26, 201,
       182, 105, 24, 10, 107, 210, 1, 219, 201, 80, 57, 192, 8, 86, 10,
       197, 172, 181, 81, 173, 125, 164, 143, 250, 251, 134, 24, 214,
       240, 93, 175, 129, 70, 120, 24, 179, 109, 251, 242, 15, 26, 85,
       118, 202, 113, 219, 36 ]
keypoints: !!opencv-matrix
   rows: 30
   cols: 2
   dt: d
   data: [ 143., 63., 85., 70., 272., 89., 278., 89., 365., 91., 118.,
       111., 285., 151., 134., 249., 2.6760000610351562e+02,
       8.8800003051757812e+01, 162., 1.3920001220703125e+02,
       8.2800003051757812e+01, 1.8360000610351562e+02,
       1.1040000152587891e+02, 2.1600001525878906e+02,
       9.8400001525878906e+01, 2.5320001220703125e+02,
       1.1160000610351562e+02, 2.5320001220703125e+02,
       3.3840002441406250e+02, 8.4960006713867188e+01,
       8.3520004272460938e+01, 8.7840003967285156e+01,
       2.8080001831054688e+02, 9.3600006103515625e+01,
       1.6127999877929688e+02, 1.3824000549316406e+02,
       8.6400001525878906e+01, 1.8864001464843750e+02,
       1.0224000549316406e+02, 2.1456001281738281e+02,
       1.1088000488281250e+02, 2.1600001525878906e+02,
       9.5040000915527344e+01, 2.2176000976562500e+02,
       5.7600002288818359e+01, 2.2608000183105469e+02,
       1.1232000732421875e+02, 2.5200001525878906e+02,
       8.4672004699707031e+01, 7.0848007202148438e+01,
       2.6265603637695312e+02, 8.8128005981445312e+01,
       8.1216011047363281e+01, 1.3824002075195312e+02,
       1.0195201110839844e+02, 2.1600001525878906e+02,
       8.0870414733886719e+01, 8.7091209411621094e+01,
       8.5017608642578125e+01, 1.7210882568359375e+02 ]
