%YAML:1.0
---
descriptors: !!opencv-matrix
   rows: 99
   cols: 32
   dt: u
   data: [ 45, 117, 113, 67, 245, 95, 111, 184, 109, 104, 127, 76, 218,
       87, 157, 180, 158, 92, 214, 110, 193, 176, 121, 236, 39, 252, 1,
       134, 74, 183, 66, 245, 252, 76, 190, 254, 13, 98, 80, 64, 245,
       150, 135, 19, 79, 251, 43, 91, 233, 244, 233, 227, 40, 71, 155,
       170, 211, 227, 211, 27, 162, 121, 116, 66, 120, 176, 55, 113, 37,
       205, 81, 67, 239, 53, 38, 24, 159, 149, 0, 52, 128, 16, 76, 8, 27,
       185, 114, 21, 211, 217, 16, 114, 98, 8, 70, 162, 216, 190, 59,
       120, 170, 236, 49, 23, 179, 31, 246, 124, 191, 151, 128, 121, 167,
       187, 221, 16, 51, 79, 178, 119, 211, 225, 48, 234, 162, 192, 167,
       123, 248, 141, 63, 254, 157, 198, 87, 163, 148, 22, 175, 16, 119,
       247, 32, 83, 193, 242, 233, 98, 120, 139, 122, 63, 243, 227, 65,
       25, 18, 107, 244, 42, 173, 156, 173, 243, 141, 252, 125, 183, 215,
       255, 55, 20, 251, 125, 90, 47, 201, 198, 127, 30, 186, 252, 251,
       163, 239, 223, 213, 68, 194, 221, 208, 122, 34, 185, 56, 152, 253,
       213, 153, 199, 143, 77, 92, 41, 172, 222, 102, 32, 206, 59, 151,
       21, 150, 10, 114, 245, 111, 84, 154, 251, 22, 12, 149, 255, 111,
       179, 164, 19, 173, 61, 207, 153, 202, 255, 159, 92, 194, 104, 222,
       174, 197, 70, 120, 31, 159, 97, 255, 176, 15, 30, 221, 124, 218,
       127, 216, 116, 129, 220, 153, 251, 180, 197, 167, 182, 86, 11, 72,
       80, 183, 243, 32, 96, 209, 122, 18, 90, 115, 188, 122, 63, 237,
       167, 54, 72, 144, 89, 149, 171, 194, 143, 54, 156, 159, 240, 176,
       230, 191, 5, 202, 179, 172, 190, 34, 64, 227, 115, 171, 129, 52,
       201, 2, 239, 191, 118, 218, 67, 146, 68, 173, 79, 108, 117, 189,
       101, 168, 111, 87, 184, 99, 172, 190, 8, 215, 119, 73, 50, 149,
       212, 108, 106, 72, 240, 249, 8, 239, 255, 101, 52, 66, 243, 70,
       35, 134, 221, 244, 246, 183, 127, 222, 175, 223, 250, 157, 59,
       238, 124, 61, 35, 191, 115, 223, 35, 244, 109, 40, 255, 191, 223,
       79, 151, 214, 127, 213, 95, 252, 188, 189, 114, 169, 253, 85, 222,
       243, 63, 164, 24, 31, 247, 73, 58, 133, 210, 236, 26, 59, 111,
       250, 50, 219, 219, 85, 124, 194, 209, 198, 115, 28, 207, 78, 174,
       22, 146, 70, 228, 164, 132, 202, 163, 99, 67, 35, 208, 120, 228,
       140, 226, 76, 139, 13, 61, 250, 229, 167, 17, 53, 190, 56, 10, 97,
       213, 21, 107, 185, 15, 84, 191, 111, 57, 40, 92, 222, 49, 12, 244,
       149, 22, 76, 56, 247, 40, 89, 159, 175, 222, 20, 118, 218, 10,
       200, 15, 201, 188, 189, 243, 168, 124, 61, 151, 186, 123, 146,
       116, 158, 62, 72, 235, 135, 87, 253, 17, 179, 77, 251, 227, 141,
       243, 126, 214, 136, 80, 133, 123, 56, 141, 19, 254, 147, 227, 22,
       231, 148, 7, 234, 3, 47, 247, 32, 192, 225, 250, 137, 0, 122, 187,
       16, 191, 251, 231, 22, 19, 50, 88, 164, 10, 248, 190, 254, 240,
       170, 252, 93, 215, 187, 95, 180, 189, 63, 191, 194, 27, 167, 179,
       253, 144, 186, 79, 178, 51, 219, 215, 116, 251, 226, 192, 166,
       123, 108, 97, 57, 71, 28, 79, 67, 24, 96, 172, 237, 8, 211, 21, 9,
       48, 24, 212, 72, 106, 73, 178, 121, 12, 229, 137, 33, 52, 64, 187,
       70, 34, 231, 179, 164, 19, 173, 61, 206, 154, 219, 251, 155, 93,
       194, 236, 223, 46, 133, 70, 125, 95, 191, 97, 255, 178, 175, 90,
       205, 254, 142, 125, 209, 117, 92, 253, 191, 246, 189, 221, 94,
       246, 191, 255, 190, 57, 255, 255, 66, 19, 133, 243, 253, 82, 250,
       75, 250, 243, 251, 223, 127, 251, 194, 81, 199, 91, 237, 117, 189,
       110, 61, 95, 87, 184, 83, 234, 189, 12, 211, 125, 27, 51, 216,
       220, 124, 106, 233, 98, 251, 26, 227, 255, 101, 60, 90, 251, 86,
       115, 254, 93, 101, 198, 138, 86, 79, 184, 1, 228, 143, 238, 91,
       103, 201, 214, 118, 212, 253, 238, 201, 67, 253, 172, 187, 232,
       197, 188, 47, 183, 36, 112, 108, 113, 249, 101, 48, 15, 119, 188,
       107, 172, 190, 40, 215, 115, 201, 50, 148, 212, 108, 106, 136,
       176, 249, 8, 239, 253, 37, 52, 194, 243, 70, 35, 231, 246, 165,
       147, 172, 45, 204, 152, 219, 187, 147, 93, 214, 248, 221, 43, 133,
       70, 125, 95, 187, 101, 219, 178, 172, 26, 237, 254, 140, 121, 209,
       5, 39, 117, 105, 71, 220, 15, 238, 184, 109, 232, 251, 76, 82,
       120, 29, 48, 216, 204, 86, 111, 205, 178, 125, 124, 119, 60, 133,
       52, 73, 123, 82, 150, 61, 213, 105, 239, 20, 79, 79, 184, 87, 96,
       239, 6, 83, 117, 153, 116, 88, 196, 28, 238, 201, 176, 125, 31,
       235, 239, 165, 20, 59, 187, 80, 112, 39, 96, 227, 194, 87, 151,
       235, 216, 71, 224, 117, 138, 88, 205, 253, 44, 125, 200, 19, 254,
       147, 50, 60, 208, 31, 28, 129, 108, 247, 191, 114, 244, 221, 20,
       189, 117, 168, 110, 109, 23, 252, 251, 183, 84, 223, 55, 136, 107,
       165, 87, 124, 24, 177, 237, 243, 2, 197, 251, 118, 212, 200, 240,
       129, 49, 184, 141, 23, 254, 147, 227, 87, 231, 149, 5, 234, 3, 39,
       243, 32, 80, 201, 243, 137, 0, 122, 171, 67, 191, 187, 230, 20,
       19, 50, 88, 164, 42, 164, 36, 217, 147, 204, 107, 227, 200, 94,
       179, 41, 26, 208, 240, 89, 40, 25, 200, 98, 26, 51, 118, 255, 18,
       13, 6, 151, 108, 209, 107, 87, 160, 196, 188, 189, 242, 169, 236,
       21, 143, 251, 219, 167, 24, 254, 255, 79, 127, 133, 115, 253, 18,
       179, 109, 250, 243, 235, 219, 87, 126, 130, 112, 135, 123, 196,
       20, 191, 183, 162, 238, 49, 18, 190, 155, 83, 112, 212, 55, 72,
       106, 167, 127, 61, 17, 49, 220, 153, 98, 205, 166, 122, 192, 136,
       65, 133, 51, 218, 14, 158, 181, 143, 190, 188, 135, 190, 151, 202,
       19, 173, 170, 19, 203, 227, 103, 237, 149, 52, 205, 135, 234, 190,
       227, 222, 1, 128, 116, 169, 13, 120, 178, 125, 112, 168, 233, 81,
       87, 162, 61, 180, 184, 55, 151, 192, 59, 135, 151, 237, 16, 26,
       75, 226, 17, 219, 195, 112, 249, 224, 128, 134, 123, 1, 141, 157,
       255, 184, 201, 101, 191, 86, 83, 72, 64, 183, 51, 160, 96, 67,
       106, 34, 8, 51, 24, 87, 63, 236, 166, 54, 8, 176, 216, 129, 168,
       244, 148, 157, 255, 136, 78, 69, 184, 246, 178, 167, 24, 215, 119,
       73, 123, 1, 212, 108, 42, 105, 69, 251, 26, 201, 227, 117, 20,
       176, 120, 4, 34, 120, 160, 189, 112, 137, 108, 85, 159, 226, 183,
       164, 24, 19, 183, 64, 123, 1, 214, 124, 24, 58, 79, 242, 0, 219,
       235, 117, 60, 226, 240, 198, 106, 252, 93, 252, 230, 190, 15, 95,
       184, 8, 170, 159, 42, 95, 127, 9, 50, 183, 213, 125, 99, 232, 99,
       233, 46, 251, 239, 101, 188, 36, 251, 1, 115, 124, 117, 188, 230,
       174, 78, 87, 248, 0, 234, 157, 42, 95, 127, 73, 51, 222, 213, 253,
       99, 200, 67, 249, 40, 251, 233, 237, 188, 32, 123, 86, 115, 45,
       209, 65, 203, 84, 23, 111, 248, 70, 224, 77, 68, 211, 65, 185,
       228, 92, 204, 50, 238, 203, 178, 125, 189, 45, 13, 165, 44, 58,
       187, 120, 180, 205, 156, 189, 119, 168, 108, 125, 151, 255, 123,
       183, 80, 223, 55, 200, 123, 133, 87, 124, 24, 185, 237, 251, 34,
       207, 251, 118, 214, 192, 81, 133, 123, 184, 207, 10, 191, 176,
       131, 71, 255, 20, 6, 236, 177, 35, 35, 162, 81, 89, 234, 135, 232,
       106, 190, 65, 63, 226, 167, 180, 9, 50, 216, 188, 10, 223, 173,
       150, 181, 131, 182, 190, 231, 191, 147, 74, 23, 172, 234, 39, 207,
       227, 103, 248, 149, 117, 217, 150, 234, 184, 114, 223, 66, 138,
       116, 169, 12, 101, 113, 17, 71, 209, 79, 103, 184, 104, 232, 107,
       72, 214, 119, 9, 48, 144, 92, 64, 106, 65, 176, 249, 28, 37, 156,
       5, 20, 72, 51, 66, 176, 201, 188, 57, 115, 176, 238, 123, 191, 63,
       235, 127, 80, 223, 119, 8, 112, 181, 94, 124, 56, 179, 220, 121,
       63, 239, 255, 53, 196, 200, 192, 135, 115, 244, 161, 28, 109, 25,
       73, 67, 40, 6, 180, 165, 8, 211, 65, 73, 81, 16, 132, 104, 106,
       74, 102, 219, 29, 201, 129, 1, 61, 112, 43, 70, 34, 218, 252, 190,
       118, 171, 220, 55, 247, 187, 222, 36, 61, 46, 247, 38, 23, 167,
       115, 237, 2, 98, 77, 186, 239, 243, 243, 84, 187, 66, 84, 135,
