%YAML:1.0
---
descriptors: !!opencv-matrix
   rows: 28
   cols: 32
   dt: u
   data: [ 230, 188, 214, 159, 252, 35, 236, 239, 63, 179, 242, 50, 236,
       250, 156, 89, 251, 239, 127, 129, 50, 254, 203, 255, 188, 190,
       223, 212, 149, 120, 243, 137, 100, 125, 57, 103, 244, 79, 87, 184,
       123, 232, 121, 77, 215, 125, 89, 48, 156, 252, 87, 110, 201, 178,
       249, 62, 239, 223, 37, 52, 72, 123, 86, 243, 45, 111, 16, 69, 116,
       31, 102, 184, 121, 232, 126, 76, 211, 0, 149, 180, 148, 76, 68,
       110, 205, 176, 73, 14, 38, 188, 37, 4, 74, 187, 90, 133, 94, 119,
       74, 167, 19, 30, 62, 184, 57, 228, 79, 141, 79, 111, 11, 208, 54,
       221, 253, 231, 196, 209, 157, 206, 246, 229, 15, 133, 46, 183, 47,
       82, 216, 172, 151, 114, 139, 232, 81, 135, 179, 55, 162, 57, 175,
       247, 64, 219, 129, 183, 237, 16, 58, 79, 130, 51, 217, 243, 84,
       123, 160, 64, 135, 106, 101, 113, 17, 103, 21, 79, 99, 184, 104,
       232, 43, 72, 214, 81, 9, 48, 144, 84, 120, 106, 193, 176, 249, 12,
       229, 188, 1, 20, 72, 51, 67, 34, 84, 205, 94, 175, 158, 2, 79,
       252, 164, 128, 222, 130, 119, 103, 57, 67, 118, 231, 125, 235,
       104, 129, 9, 47, 248, 239, 175, 144, 36, 243, 161, 9, 250, 190,
       246, 94, 171, 248, 84, 223, 179, 31, 164, 57, 46, 239, 68, 159,
       167, 243, 237, 16, 58, 79, 138, 243, 251, 219, 85, 123, 227, 196,
       230, 11, 236, 180, 189, 115, 173, 111, 83, 152, 123, 255, 173, 24,
       222, 125, 73, 59, 153, 214, 108, 58, 59, 102, 251, 50, 207, 223,
       113, 125, 210, 107, 70, 99, 228, 62, 156, 178, 234, 169, 181, 207,
       186, 191, 36, 189, 150, 225, 67, 27, 131, 83, 107, 17, 50, 111,
       202, 50, 92, 131, 117, 125, 192, 89, 143, 195, 88, 188, 191, 114,
       184, 237, 81, 151, 178, 29, 174, 56, 55, 247, 64, 50, 35, 246,
       109, 16, 58, 107, 186, 39, 249, 231, 52, 121, 224, 192, 134, 107,
       248, 188, 190, 112, 169, 237, 80, 151, 179, 187, 164, 24, 63, 183,
       64, 123, 163, 247, 237, 16, 58, 111, 210, 51, 219, 235, 117, 123,
       226, 192, 142, 59, 233, 184, 182, 82, 205, 253, 84, 199, 251, 243,
       164, 24, 174, 240, 70, 191, 129, 246, 248, 24, 183, 111, 250, 243,
       31, 219, 85, 123, 202, 84, 202, 30, 221, 156, 158, 247, 168, 174,
       53, 191, 190, 187, 166, 84, 247, 243, 72, 107, 165, 119, 124, 24,
       51, 205, 219, 35, 201, 235, 119, 80, 136, 113, 137, 43, 225, 188,
       254, 90, 234, 237, 181, 223, 250, 95, 116, 61, 48, 248, 214, 59,
       167, 111, 118, 20, 183, 126, 190, 115, 95, 43, 117, 232, 201, 64,
       195, 219, 109, 113, 17, 69, 85, 15, 102, 184, 105, 232, 107, 76,
       214, 81, 25, 180, 144, 76, 104, 110, 193, 240, 217, 12, 165, 188,
       5, 20, 74, 59, 66, 32, 28, 205, 14, 174, 156, 131, 238, 253, 132,
       128, 218, 2, 115, 235, 33, 64, 120, 230, 78, 226, 120, 169, 9, 63,
       248, 231, 175, 144, 53, 123, 176, 8, 220, 93, 95, 231, 170, 10,
       127, 184, 164, 160, 159, 162, 255, 119, 137, 83, 118, 247, 125,
       238, 104, 193, 137, 44, 242, 235, 111, 148, 36, 243, 161, 113,
       140, 190, 156, 179, 170, 169, 52, 223, 182, 183, 36, 189, 151,
       227, 66, 11, 163, 75, 106, 16, 54, 124, 139, 51, 204, 131, 117,
       125, 232, 88, 143, 219, 124, 103, 200, 103, 157, 91, 86, 168, 55,
       164, 175, 137, 203, 97, 75, 144, 26, 204, 237, 106, 76, 242, 201,
       46, 238, 213, 5, 53, 103, 255, 78, 2, 252, 120, 253, 118, 168, 79,
       87, 156, 243, 190, 164, 40, 119, 245, 65, 59, 1, 246, 108, 74,
       104, 103, 251, 58, 251, 219, 101, 49, 98, 249, 70, 107, 108, 103,
       253, 103, 60, 75, 71, 184, 116, 172, 255, 40, 215, 115, 137, 48,
       216, 220, 108, 106, 104, 242, 233, 14, 229, 255, 101, 20, 96, 187,
       70, 35, 251, 184, 182, 80, 141, 189, 84, 199, 251, 119, 164, 28,
       46, 184, 86, 191, 129, 230, 236, 28, 190, 111, 178, 241, 155, 219,
       84, 123, 202, 68, 202, 78, 108, 97, 101, 103, 48, 75, 71, 168, 49,
       164, 231, 136, 195, 101, 137, 20, 24, 212, 108, 106, 104, 178,
       237, 46, 231, 239, 5, 21, 99, 187, 70, 96, 118, 247, 237, 166,
       170, 67, 31, 232, 19, 254, 153, 171, 86, 252, 75, 18, 183, 213,
       253, 243, 204, 67, 239, 170, 248, 102, 237, 191, 165, 119, 22, 87,
       240, 188, 149, 176, 169, 237, 21, 207, 251, 251, 160, 24, 190,
       246, 64, 63, 129, 247, 108, 16, 59, 111, 250, 115, 153, 210, 85,
       122, 200, 72, 135, 47, 248, 188, 151, 112, 169, 236, 80, 71, 179,
       27, 160, 56, 47, 191, 64, 155, 163, 179, 236, 16, 63, 79, 146,
       147, 155, 211, 84, 123, 226, 64, 135, 43, 77, 115, 249, 103, 114,
       95, 123, 184, 105, 236, 119, 236, 219, 95, 159, 48, 54, 93, 245,
       238, 193, 176, 253, 236, 79, 205, 33, 132, 111, 167, 67, 241 ]
keypoints: !!opencv-matrix
   rows: 28
   cols: 2
   dt: d
   data: [ 181., 43., 77., 52., 355., 113., 60., 204., 367., 212., 121.,
       255., 2.4960000610351562e+02, 7.6800003051757812e+01,
       3.5160000610351562e+02, 8.0400001525878906e+01, 264.,
       8.1600006103515625e+01, 3.5160000610351562e+02,
       9.1200004577636719e+01, 3.1560000610351562e+02,
       1.4160000610351562e+02, 7.3200004577636719e+01, 168.,
       1.1640000152587891e+02, 2.2560000610351562e+02,
       9.4800003051757812e+01, 2.3040000915527344e+02,
       6.4800003051757812e+01, 2.3280000305175781e+02,
       1.2120000457763672e+02, 2.5560000610351562e+02,
       2.4480000305175781e+02, 7.4880004882812500e+01,
       2.5344000244140625e+02, 7.6319999694824219e+01,
       3.5280001831054688e+02, 9.0720001220703125e+01,
       6.9120002746582031e+01, 1.1232000732421875e+02,
       3.1824002075195312e+02, 1.4688000488281250e+02,
       8.6400001525878906e+01, 1.9296000671386719e+02,
       1.1664000701904297e+02, 2.2464001464843750e+02,
       3.2313601684570312e+02, 7.4304008483886719e+01,
       6.9120010375976562e+01, 1.2096001434326172e+02,
       6.9120010375976562e+01, 1.6243202209472656e+02,
       7.2576004028320312e+01, 1.6761601257324219e+02,
       2.6157226562500000e+02, 1.3257772827148438e+02 ]
