%YAML:1.0
---
descriptors: !!opencv-matrix
   rows: 10
   cols: 32
   dt: u
   data: [ 252, 60, 189, 118, 168, 111, 83, 152, 243, 250, 167, 24, 215,
       119, 73, 59, 145, 212, 124, 122, 41, 103, 251, 42, 215, 219, 97,
       52, 202, 243, 70, 115, 208, 180, 189, 112, 136, 237, 81, 79, 178,
       179, 160, 24, 183, 247, 64, 27, 129, 183, 108, 16, 58, 79, 210,
       17, 217, 227, 117, 125, 224, 64, 135, 42, 208, 190, 158, 180, 138,
       168, 20, 135, 186, 155, 162, 125, 167, 226, 66, 91, 167, 247, 109,
       17, 62, 79, 130, 35, 152, 227, 126, 123, 136, 64, 139, 11, 124,
       125, 252, 231, 174, 14, 95, 184, 32, 186, 191, 8, 215, 119, 73,
       51, 22, 212, 125, 106, 200, 67, 249, 40, 251, 233, 101, 180, 32,
       251, 130, 51, 253, 124, 189, 119, 173, 108, 83, 152, 251, 251,
       167, 24, 215, 117, 73, 59, 145, 212, 124, 122, 169, 101, 251, 34,
       203, 219, 101, 60, 192, 241, 70, 115, 138, 172, 134, 152, 219,
       241, 180, 231, 159, 23, 200, 19, 44, 234, 34, 204, 233, 59, 139,
       145, 54, 79, 2, 247, 59, 87, 158, 75, 147, 68, 173, 206, 236, 120,
       249, 103, 108, 79, 95, 152, 67, 238, 181, 8, 211, 93, 217, 59,
       157, 220, 125, 122, 201, 118, 249, 40, 231, 219, 101, 52, 66, 187,
       86, 115, 124, 53, 125, 231, 188, 46, 95, 184, 33, 170, 191, 8,
       215, 119, 9, 50, 22, 214, 125, 106, 249, 178, 249, 46, 247, 237,
       101, 180, 96, 251, 194, 51, 255, 84, 246, 231, 111, 94, 127, 216,
       57, 238, 247, 171, 95, 127, 223, 255, 255, 213, 253, 239, 236,
       247, 249, 234, 247, 255, 199, 151, 39, 247, 110, 247, 173, 121,
       253, 103, 100, 79, 111, 184, 81, 234, 119, 72, 211, 117, 153, 51,
       28, 220, 86, 106, 201, 240, 121, 40, 103, 219, 101, 132, 103, 251,
       82, 241 ]
keypoints: !!opencv-matrix
   rows: 10
   cols: 2
   dt: d
   data: [ 190., 42., 291., 71., 331., 90., 201., 107., 188., 47., 128.,
       213., 2.0160000610351562e+02, 1.1400000762939453e+02,
       2.0160000610351562e+02, 1.0656000518798828e+02,
       6.4800003051757812e+01, 1.7856001281738281e+02,
       1.9906564331054688e+02, 1.1695106506347656e+02 ]
