%YAML:1.0
---
descriptors: !!opencv-matrix
   rows: 54
   cols: 32
   dt: u
   data: [ 120, 186, 254, 112, 170, 252, 89, 215, 179, 159, 180, 189, 63,
       247, 194, 26, 167, 247, 237, 16, 26, 75, 178, 33, 219, 211, 117,
       251, 226, 192, 166, 123, 45, 117, 115, 79, 245, 95, 127, 184, 125,
       72, 126, 108, 222, 119, 141, 180, 150, 212, 222, 106, 193, 176,
       121, 238, 39, 255, 5, 6, 74, 247, 66, 245, 34, 153, 32, 152, 125,
       213, 146, 199, 143, 77, 216, 45, 172, 220, 54, 228, 204, 59, 147,
       65, 150, 42, 114, 245, 47, 20, 154, 187, 18, 12, 189, 223, 32,
       253, 19, 156, 92, 229, 135, 238, 158, 136, 232, 8, 180, 241, 96,
       32, 217, 122, 2, 3, 67, 43, 218, 127, 57, 20, 15, 58, 80, 91, 183,
       170, 103, 117, 121, 71, 245, 95, 110, 184, 105, 224, 255, 12, 218,
       124, 159, 52, 156, 204, 86, 110, 205, 176, 253, 236, 39, 222, 5,
       22, 75, 179, 202, 244, 94, 184, 254, 240, 170, 188, 93, 215, 187,
       159, 180, 185, 191, 255, 194, 26, 167, 247, 253, 148, 50, 75, 162,
       98, 219, 223, 127, 251, 224, 192, 135, 123, 248, 190, 250, 248,
       170, 244, 89, 215, 179, 95, 180, 189, 63, 191, 194, 26, 175, 179,
       253, 144, 186, 79, 162, 179, 219, 219, 52, 251, 226, 192, 166,
       251, 252, 91, 30, 126, 173, 12, 86, 180, 129, 152, 181, 105, 127,
       251, 33, 211, 196, 244, 237, 98, 104, 99, 202, 45, 243, 251, 101,
       155, 90, 187, 74, 3, 35, 253, 145, 152, 253, 173, 132, 231, 223,
       11, 104, 76, 164, 240, 100, 132, 217, 43, 2, 1, 83, 42, 210, 255,
       45, 22, 31, 122, 88, 88, 211, 141, 124, 49, 188, 103, 168, 15, 87,
       184, 99, 172, 190, 8, 215, 115, 73, 50, 148, 212, 108, 106, 136,
       32, 251, 8, 235, 253, 37, 52, 98, 179, 70, 35, 8, 189, 59, 251,
       176, 239, 119, 191, 63, 75, 126, 24, 191, 119, 0, 48, 181, 127,
       125, 24, 179, 184, 249, 127, 237, 255, 52, 64, 200, 192, 199, 251,
       109, 125, 189, 111, 44, 95, 87, 184, 67, 234, 189, 12, 211, 125,
       27, 50, 216, 212, 124, 106, 233, 98, 249, 62, 231, 255, 101, 60,
       90, 251, 70, 115, 39, 241, 121, 71, 212, 31, 207, 184, 109, 232,
       255, 76, 211, 120, 31, 48, 216, 204, 86, 110, 205, 178, 125, 252,
       47, 252, 133, 52, 73, 251, 210, 212, 61, 213, 105, 239, 20, 71,
       79, 184, 86, 96, 239, 70, 83, 119, 185, 116, 88, 204, 28, 238,
       201, 146, 125, 63, 235, 239, 165, 20, 59, 187, 112, 112, 221, 184,
       189, 243, 168, 108, 61, 151, 186, 251, 150, 84, 159, 63, 72, 107,
       135, 87, 125, 17, 179, 77, 251, 32, 203, 251, 126, 214, 136, 81,
       133, 123, 244, 76, 87, 188, 14, 66, 71, 232, 177, 166, 162, 43,
       103, 99, 33, 95, 233, 245, 109, 226, 104, 199, 139, 170, 177, 162,
       199, 27, 33, 113, 100, 42, 74, 184, 243, 96, 226, 156, 121, 87,
       43, 13, 124, 232, 62, 191, 196, 52, 167, 191, 247, 16, 146, 154,
       162, 227, 127, 253, 48, 202, 194, 128, 135, 255, 124, 160, 189,
       112, 136, 109, 85, 159, 226, 183, 164, 24, 147, 183, 64, 123, 1,
       214, 124, 24, 26, 111, 242, 0, 219, 235, 117, 125, 224, 240, 198,
       98, 124, 99, 120, 101, 56, 15, 87, 184, 97, 172, 190, 40, 95, 83,
       201, 52, 22, 212, 76, 106, 200, 35, 233, 8, 251, 253, 37, 52, 98,
       179, 70, 33, 88, 178, 255, 112, 42, 201, 81, 87, 162, 31, 180, 56,
       63, 151, 192, 59, 167, 183, 237, 0, 26, 107, 162, 1, 211, 195,
       112, 249, 96, 128, 134, 123, 252, 112, 252, 231, 45, 79, 95, 152,
       3, 254, 181, 41, 219, 93, 91, 27, 157, 212, 253, 115, 104, 102,
       249, 160, 223, 217, 229, 61, 98, 255, 86, 114, 92, 79, 2, 174, 21,
       130, 78, 240, 165, 128, 203, 199, 99, 67, 33, 208, 120, 228, 140,
       230, 76, 163, 13, 175, 178, 229, 163, 17, 59, 191, 120, 8, 112,
       48, 61, 96, 9, 204, 81, 19, 235, 93, 164, 8, 23, 151, 68, 58, 132,
       149, 108, 16, 11, 79, 242, 0, 211, 249, 80, 120, 64, 0, 6, 122,
       100, 113, 17, 103, 112, 79, 103, 56, 104, 232, 107, 72, 215, 119,
       9, 48, 16, 92, 68, 106, 73, 176, 249, 12, 229, 156, 37, 20, 64,
       179, 70, 32, 210, 222, 188, 189, 170, 64, 29, 191, 190, 95, 146,
       183, 245, 47, 10, 75, 231, 87, 253, 129, 98, 77, 3, 119, 232, 163,
       254, 215, 140, 80, 165, 91, 180, 32, 190, 115, 205, 107, 177, 200,
       82, 182, 165, 26, 83, 248, 95, 43, 185, 220, 66, 19, 46, 247, 249,
       0, 91, 131, 85, 117, 193, 121, 86, 226, 221, 156, 189, 243, 168,
       108, 85, 151, 234, 123, 183, 80, 223, 55, 72, 123, 133, 87, 125,
       24, 185, 77, 251, 32, 203, 251, 118, 86, 136, 81, 133, 123, 220,
       184, 189, 242, 169, 236, 29, 157, 186, 255, 133, 24, 255, 255, 72,
       123, 133, 119, 253, 16, 59, 77, 186, 51, 203, 211, 127, 255, 128,
       112, 135, 123, 109, 161, 17, 97, 17, 78, 66, 152, 96, 160, 239, 8,
       215, 19, 8, 176, 16, 140, 64, 122, 25, 176, 217, 4, 173, 253, 1,
       116, 74, 131, 74, 32, 252, 113, 253, 103, 172, 95, 95, 184, 65,
       250, 183, 8, 219, 93, 89, 59, 156, 212, 253, 106, 201, 102, 249,
       168, 231, 217, 101, 181, 99, 251, 94, 115, 119, 233, 104, 10, 205,
       29, 198, 168, 67, 100, 173, 141, 195, 72, 95, 180, 216, 200, 208,
       111, 206, 34, 221, 189, 186, 89, 133, 125, 95, 191, 90, 196, 88,
       140, 189, 247, 161, 108, 85, 183, 178, 59, 38, 16, 255, 55, 64,
       123, 129, 86, 125, 24, 59, 72, 251, 55, 235, 239, 116, 85, 162,
       192, 133, 43, 201, 188, 159, 183, 168, 188, 36, 183, 190, 219, 7,
       84, 252, 246, 66, 251, 133, 103, 248, 13, 179, 205, 186, 97, 141,
       163, 127, 0, 136, 64, 139, 121, 229, 48, 149, 145, 204, 45, 128,
       138, 250, 243, 161, 92, 150, 176, 73, 59, 129, 70, 106, 30, 51,
       101, 219, 66, 141, 154, 85, 126, 200, 121, 67, 128, 109, 117, 149,
       103, 245, 31, 118, 184, 121, 232, 111, 76, 222, 115, 73, 246, 149,
       212, 124, 106, 233, 240, 217, 46, 239, 255, 69, 52, 74, 243, 74,
       18, 86, 69, 255, 100, 138, 82, 31, 40, 224, 198, 143, 163, 91,
       127, 19, 123, 50, 213, 249, 226, 108, 193, 191, 12, 251, 235, 71,
       5, 229, 243, 37, 114, 214, 92, 175, 180, 141, 228, 149, 167, 158,
       214, 130, 21, 246, 252, 115, 107, 193, 119, 121, 67, 252, 77, 242,
       42, 233, 243, 223, 27, 128, 121, 149, 90, 125, 113, 249, 68, 173,
       92, 87, 188, 99, 232, 188, 40, 91, 57, 207, 182, 144, 220, 228,
       106, 205, 98, 232, 160, 251, 221, 101, 191, 227, 255, 78, 111, 93,
       209, 221, 103, 176, 90, 71, 189, 97, 232, 127, 104, 219, 119, 136,
       246, 18, 212, 108, 106, 89, 176, 233, 12, 234, 239, 37, 148, 106,
       178, 194, 49, 77, 173, 149, 81, 157, 127, 231, 138, 107, 243, 14,
       28, 218, 112, 221, 175, 1, 70, 120, 126, 179, 112, 255, 224, 45,
       26, 69, 116, 202, 253, 219, 36, 212, 255, 152, 166, 186, 64, 23,
       221, 178, 236, 140, 175, 117, 247, 203, 82, 54, 87, 109, 226, 96,
       67, 137, 42, 248, 165, 47, 189, 40, 242, 167, 91, 87, 127, 202,
       37, 202, 46, 190, 170, 42, 226, 170, 239, 221, 44, 87, 18, 183,
       71, 121, 167, 197, 113, 157, 106, 188, 38, 79, 182, 205, 119, 11,
       85, 165, 229, 45, 139, 220, 79, 207, 248, 22, 244, 141, 141, 209,
       101, 27, 1, 93, 74, 83, 254, 235, 242, 121, 63, 109, 14, 165, 116,
       216, 251, 214, 240, 21, 103, 115, 231, 146, 15, 191, 248, 124,
       160, 123, 194, 223, 125, 9, 32, 182, 125, 22, 99, 224, 240, 25,
       46, 169, 206, 47, 6, 101, 243, 3, 161, 124, 2, 220, 104, 168, 105,
       80, 10, 131, 63, 173, 185, 195, 3, 75, 90, 193, 148, 236, 18, 30,
       7, 203, 16, 210, 247, 113, 125, 240, 219, 206, 3, 247, 179, 172,
       164, 137, 23, 91, 200, 131, 244, 133, 143, 67, 238, 91, 18, 221,
       197, 121, 247, 140, 67, 255, 152, 219, 83, 205, 61, 165, 39, 62,
       86, 236, 121, 253, 103, 173, 95, 87, 184, 97, 254, 183, 8, 219,
       93, 91, 59, 156, 212, 125, 106, 232, 118, 249, 168, 231, 217, 101,
       53, 98, 251, 70, 115, 37, 229, 133, 203, 156, 79, 207, 232, 22,
       242, 137, 8, 211, 101, 89, 36, 89, 192, 122, 254, 123, 98, 127,
       63, 173, 158, 205, 116, 208, 123, 208, 160, 21, 101, 95, 231, 50,
