%YAML:1.0
---
descriptors: !!opencv-matrix
   rows: 101
   cols: 32
   dt: u
   data: [ 229, 108, 205, 135, 204, 43, 239, 143, 82, 178, 169, 138, 211,
       161, 209, 43, 75, 206, 122, 191, 105, 118, 223, 34, 236, 142, 239,
       60, 196, 251, 210, 168, 149, 20, 245, 245, 172, 62, 236, 27, 124,
       250, 179, 118, 223, 120, 157, 239, 55, 4, 124, 45, 177, 244, 103,
       138, 132, 251, 115, 148, 204, 249, 209, 53, 159, 221, 244, 247,
       183, 123, 254, 189, 91, 250, 61, 179, 239, 124, 223, 33, 191, 115,
       149, 99, 244, 252, 44, 255, 171, 223, 127, 247, 215, 255, 213,
       215, 44, 101, 57, 103, 85, 79, 71, 176, 117, 36, 239, 8, 211, 81,
       9, 48, 24, 220, 66, 106, 73, 176, 121, 46, 231, 255, 1, 16, 66,
       187, 70, 226, 238, 221, 228, 254, 245, 116, 95, 191, 91, 223, 156,
       147, 239, 127, 31, 85, 223, 243, 149, 167, 254, 78, 120, 239, 255,
       223, 223, 211, 182, 247, 220, 91, 116, 212, 157, 239, 140, 111,
       69, 184, 198, 186, 175, 8, 243, 117, 9, 123, 65, 212, 108, 42,
       105, 229, 123, 29, 193, 239, 117, 20, 48, 123, 84, 34, 44, 101,
       49, 71, 213, 79, 71, 184, 113, 40, 239, 8, 218, 117, 13, 180, 152,
       220, 66, 106, 73, 176, 249, 62, 103, 223, 1, 52, 66, 251, 70, 162,
       9, 135, 24, 235, 180, 157, 71, 191, 86, 9, 92, 0, 183, 51, 168,
       96, 89, 10, 6, 28, 90, 184, 99, 63, 239, 205, 182, 96, 18, 138,
       216, 169, 222, 156, 244, 246, 183, 123, 222, 190, 91, 255, 23,
       187, 239, 253, 63, 1, 183, 247, 189, 99, 246, 101, 46, 255, 186,
       223, 223, 159, 182, 255, 221, 87, 238, 220, 244, 254, 245, 126,
       126, 175, 91, 251, 125, 191, 108, 127, 127, 85, 255, 243, 183,
       163, 246, 124, 90, 255, 255, 223, 223, 231, 150, 253, 220, 91,
       212, 212, 157, 247, 140, 111, 69, 191, 214, 179, 131, 24, 215,
       117, 9, 123, 1, 86, 108, 42, 57, 101, 123, 63, 233, 227, 117, 20,
       176, 120, 132, 50, 216, 253, 190, 250, 185, 221, 87, 246, 191,
       223, 188, 25, 191, 255, 66, 19, 133, 243, 253, 82, 122, 75, 250,
       247, 251, 219, 23, 123, 210, 81, 135, 91, 69, 234, 157, 155, 168,
       141, 44, 158, 254, 187, 178, 92, 246, 226, 201, 122, 135, 79, 110,
       28, 179, 77, 203, 115, 172, 190, 127, 252, 136, 112, 131, 13, 112,
       48, 59, 112, 41, 221, 81, 83, 227, 25, 164, 40, 63, 151, 64, 58,
       132, 177, 204, 16, 11, 47, 178, 17, 211, 249, 48, 123, 96, 0, 70,
       43, 14, 255, 246, 255, 253, 91, 254, 252, 127, 234, 255, 14, 205,
       238, 31, 68, 255, 239, 255, 227, 244, 243, 239, 254, 255, 223,
       207, 173, 199, 247, 231, 211, 205, 22, 181, 85, 164, 110, 237,
       159, 252, 251, 182, 84, 223, 55, 148, 111, 167, 86, 124, 24, 177,
       236, 241, 66, 205, 251, 118, 196, 202, 240, 193, 113, 88, 172,
       158, 186, 11, 232, 16, 71, 171, 23, 166, 25, 46, 183, 34, 91, 161,
       179, 233, 0, 62, 79, 130, 65, 211, 243, 90, 91, 128, 64, 175, 10,
       197, 189, 189, 83, 173, 236, 181, 159, 250, 251, 183, 24, 254,
       245, 76, 111, 133, 119, 124, 26, 179, 109, 250, 241, 237, 251, 87,
       126, 194, 113, 133, 123, 236, 114, 236, 103, 172, 95, 223, 152,
       67, 254, 181, 9, 211, 77, 91, 59, 156, 212, 237, 122, 232, 102,
       249, 0, 199, 217, 101, 181, 97, 187, 86, 115, 214, 48, 151, 231,
       3, 78, 43, 104, 189, 160, 227, 192, 205, 230, 9, 119, 54, 181,
       106, 162, 97, 213, 185, 76, 145, 178, 75, 6, 32, 35, 39, 52, 252,
       113, 252, 230, 174, 71, 87, 184, 2, 250, 181, 43, 215, 127, 73,
       59, 220, 213, 253, 227, 72, 67, 251, 40, 243, 193, 239, 189, 32,
       123, 86, 115, 125, 245, 172, 238, 141, 95, 95, 248, 87, 254, 181,
       10, 90, 253, 127, 114, 217, 212, 255, 106, 232, 99, 251, 154, 251,
       223, 197, 62, 210, 255, 240, 114, 201, 180, 57, 243, 176, 239,
       127, 191, 63, 235, 127, 92, 223, 119, 8, 112, 151, 95, 125, 56,
       179, 252, 249, 127, 239, 255, 37, 68, 200, 192, 135, 241, 22, 237,
       246, 223, 250, 43, 254, 254, 127, 130, 255, 138, 109, 239, 29, 80,
       255, 255, 127, 234, 240, 251, 143, 255, 62, 255, 71, 138, 231,
       243, 227, 137, 109, 99, 96, 71, 117, 31, 78, 184, 105, 232, 255,
       76, 203, 72, 159, 180, 24, 204, 196, 110, 205, 240, 253, 172, 38,
       93, 5, 52, 74, 191, 90, 196, 254, 180, 228, 82, 137, 125, 85, 143,
       187, 127, 181, 29, 74, 252, 94, 159, 133, 215, 253, 21, 190, 111,
       250, 243, 155, 91, 93, 255, 199, 68, 206, 87, 1, 164, 153, 219,
       216, 237, 33, 143, 94, 115, 41, 24, 150, 112, 72, 40, 129, 26,
       106, 24, 51, 120, 251, 23, 141, 134, 85, 124, 208, 72, 133, 168,
       205, 156, 189, 119, 168, 46, 125, 151, 255, 127, 183, 112, 223,
       55, 204, 127, 135, 86, 125, 24, 177, 237, 251, 34, 239, 255, 118,
       212, 202, 241, 197, 121, 197, 188, 189, 114, 173, 252, 21, 186,
       251, 223, 181, 24, 254, 247, 78, 127, 133, 119, 124, 26, 243, 109,
       186, 241, 203, 219, 119, 126, 128, 113, 135, 123, 248, 219, 28,
       126, 169, 28, 84, 181, 129, 26, 180, 105, 127, 115, 0, 211, 132,
       243, 253, 66, 104, 79, 202, 61, 243, 251, 101, 187, 90, 184, 202,
       11, 216, 184, 255, 112, 41, 156, 89, 23, 163, 21, 164, 24, 63,
       151, 64, 59, 167, 183, 253, 24, 26, 79, 178, 1, 219, 249, 80, 120,
       226, 128, 134, 123, 69, 113, 57, 99, 112, 95, 115, 24, 105, 232,
       119, 104, 222, 95, 141, 48, 148, 92, 68, 106, 193, 240, 185, 8,
       103, 253, 33, 22, 72, 179, 71, 51, 125, 117, 188, 238, 173, 95,
       95, 248, 83, 254, 165, 12, 219, 253, 95, 51, 217, 212, 125, 110,
       233, 99, 251, 152, 251, 219, 197, 60, 210, 251, 86, 114, 109, 125,
       189, 103, 60, 95, 87, 188, 83, 232, 189, 8, 215, 125, 27, 50, 156,
       116, 124, 106, 233, 112, 249, 62, 231, 223, 37, 52, 90, 251, 82,
       115, 102, 205, 246, 255, 252, 11, 110, 252, 95, 162, 219, 10, 239,
       233, 61, 64, 251, 239, 127, 227, 248, 243, 203, 254, 190, 254,
       143, 144, 150, 251, 209, 0, 252, 113, 252, 230, 142, 78, 87, 184,
       32, 184, 189, 8, 223, 119, 73, 19, 222, 213, 253, 98, 72, 67, 219,
       40, 243, 193, 229, 61, 34, 251, 6, 51, 238, 160, 180, 250, 137,
       125, 88, 137, 159, 63, 165, 25, 206, 127, 76, 91, 205, 147, 255,
       50, 58, 71, 251, 211, 155, 211, 209, 127, 146, 77, 134, 82, 181,
       254, 107, 238, 118, 131, 75, 248, 117, 192, 245, 254, 115, 199,
       185, 49, 126, 232, 23, 238, 235, 183, 108, 63, 240, 168, 167, 172,
       125, 187, 114, 241, 104, 48, 184, 112, 41, 253, 81, 7, 235, 61,
       37, 24, 190, 151, 68, 62, 128, 48, 232, 16, 18, 108, 242, 1, 71,
       217, 80, 123, 194, 0, 70, 42, 248, 216, 148, 126, 41, 156, 84,
       181, 129, 154, 160, 93, 126, 251, 1, 219, 132, 245, 253, 66, 108,
       103, 218, 161, 211, 251, 117, 59, 90, 116, 10, 11, 68, 113, 57,
       99, 112, 78, 115, 24, 105, 232, 107, 104, 214, 95, 9, 48, 148, 93,
       84, 98, 193, 176, 249, 12, 103, 189, 33, 4, 64, 179, 67, 179, 99,
       41, 228, 8, 77, 153, 192, 72, 203, 240, 164, 12, 2, 136, 215, 182,
       200, 168, 226, 92, 140, 42, 222, 144, 30, 88, 193, 127, 95, 174,
       90, 140, 113, 101, 91, 101, 52, 143, 79, 117, 96, 160, 106, 72,
       55, 25, 16, 48, 54, 188, 84, 106, 73, 186, 209, 14, 241, 140, 37,
       48, 105, 130, 66, 40, 112, 168, 255, 112, 8, 236, 89, 87, 163, 21,
       160, 24, 51, 159, 64, 59, 161, 183, 125, 152, 26, 111, 178, 1,
       219, 249, 80, 121, 224, 128, 198, 42, 80, 128, 223, 245, 10, 74,
       17, 51, 166, 191, 166, 176, 183, 55, 0, 91, 35, 181, 109, 0, 40,
       205, 131, 9, 217, 163, 115, 209, 160, 128, 37, 43, 230, 108, 214,
       159, 252, 43, 110, 232, 63, 162, 251, 10, 236, 234, 61, 81, 123,
       205, 127, 227, 96, 247, 203, 254, 190, 62, 207, 172, 21, 251, 113,
       128, 228, 101, 24, 109, 9, 15, 71, 44, 50, 162, 160, 8, 214, 3,
       73, 80, 144, 68, 104, 106, 104, 102, 217, 30, 229, 176, 5, 60, 80,
       58, 66, 34, 205, 220, 189, 243, 168, 108, 125, 151, 251, 255, 183,
       116, 255, 119, 200, 123, 135, 87, 125, 26, 179, 109, 251, 99, 235,
