%YAML:1.0
---
descriptors: !!opencv-matrix
   rows: 18
   cols: 32
   dt: u
   data: [ 237, 112, 253, 99, 108, 95, 95, 152, 67, 250, 181, 8, 211, 93,
       91, 59, 29, 212, 125, 122, 201, 118, 249, 40, 231, 219, 101, 52,
       202, 187, 86, 115, 30, 117, 114, 238, 189, 95, 254, 232, 125, 172,
       255, 3, 75, 253, 63, 196, 254, 221, 255, 227, 236, 179, 249, 238,
       187, 255, 143, 135, 119, 119, 103, 215, 62, 121, 98, 238, 253, 95,
       222, 232, 61, 172, 255, 15, 74, 252, 63, 196, 254, 221, 255, 227,
       204, 179, 217, 236, 183, 255, 143, 159, 119, 63, 108, 87, 131,
       174, 255, 249, 236, 169, 233, 87, 255, 91, 246, 246, 189, 235,
       212, 107, 111, 171, 127, 157, 179, 252, 231, 211, 222, 251, 254,
       192, 156, 200, 225, 185, 52, 245, 122, 238, 252, 71, 255, 248,
       118, 140, 255, 11, 83, 253, 59, 80, 254, 221, 87, 227, 204, 179,
       217, 62, 255, 239, 167, 141, 117, 187, 102, 210, 252, 113, 253,
       103, 172, 95, 95, 152, 163, 254, 181, 8, 211, 93, 91, 59, 156,
       212, 253, 106, 105, 103, 251, 32, 243, 217, 101, 61, 98, 251, 70,
       115, 62, 81, 114, 238, 221, 95, 254, 232, 45, 228, 255, 11, 74,
       252, 63, 196, 248, 221, 255, 227, 76, 179, 217, 236, 179, 252,
       143, 63, 119, 63, 126, 198, 220, 180, 189, 240, 169, 236, 93, 23,
       187, 255, 143, 25, 159, 191, 74, 123, 135, 215, 253, 17, 59, 79,
       242, 130, 219, 243, 127, 255, 130, 64, 135, 115, 130, 140, 191,
       248, 201, 229, 177, 199, 190, 23, 70, 18, 44, 255, 96, 73, 225,
       59, 171, 145, 50, 239, 178, 243, 217, 179, 94, 75, 144, 0, 165,
       170, 53, 85, 83, 79, 116, 135, 239, 248, 84, 224, 123, 70, 113,
       113, 185, 96, 122, 104, 22, 234, 201, 176, 125, 63, 100, 172, 167,
       132, 125, 187, 112, 176, 130, 136, 158, 184, 203, 225, 177, 199,
       158, 23, 68, 17, 172, 183, 34, 73, 193, 59, 163, 16, 50, 79, 18,
       247, 217, 247, 94, 107, 144, 4, 165, 202, 54, 84, 122, 238, 92,
       87, 250, 232, 61, 164, 251, 11, 71, 222, 47, 80, 250, 253, 255,
       227, 76, 179, 153, 254, 247, 237, 167, 159, 117, 59, 110, 210, 52,
       53, 122, 174, 124, 111, 123, 248, 54, 228, 249, 11, 87, 255, 43,
       80, 250, 253, 23, 226, 8, 179, 25, 62, 245, 173, 163, 45, 117, 59,
       118, 195, 138, 172, 182, 154, 219, 241, 180, 231, 159, 23, 236,
       17, 172, 254, 102, 193, 193, 59, 235, 17, 118, 79, 146, 247, 59,
       87, 94, 107, 146, 76, 173, 206, 53, 207, 75, 239, 182, 11, 111,
       248, 100, 224, 254, 230, 115, 67, 185, 112, 126, 236, 20, 238,
       201, 178, 109, 60, 240, 173, 165, 132, 125, 187, 112, 177, 36, 21,
       123, 239, 244, 103, 239, 248, 84, 168, 123, 66, 81, 245, 185, 32,
       120, 252, 22, 234, 129, 178, 56, 62, 117, 172, 163, 4, 117, 171,
       114, 160, 21, 207, 67, 143, 182, 130, 238, 252, 84, 64, 218, 230,
       113, 96, 185, 100, 126, 238, 6, 239, 201, 177, 13, 127, 52, 44,
       167, 128, 61, 187, 240, 173, 92, 180, 186, 240, 169, 236, 85, 159,
       187, 223, 174, 25, 158, 255, 74, 90, 133, 215, 253, 16, 58, 73,
       186, 130, 219, 223, 95, 127, 130, 64, 135, 115 ]
keypoints: !!opencv-matrix
   rows: 18
   cols: 2
   dt: d
   data: [ 175., 43., 79., 217., 6.9600006103515625e+01,
       2.1840000915527344e+02, 72., 1.2600000762939453e+02,
       8.8800003051757812e+01, 2.1600001525878906e+02,
       2.0160000610351562e+02, 1.9920001220703125e+02,
       6.4800003051757812e+01, 2.1888000488281250e+02,
       1.8576000976562500e+02, 1.0656000518798828e+02,
       8.9280006408691406e+01, 1.2384000396728516e+02,
       9.7920005798339844e+01, 2.1456001281738281e+02,
       9.3312011718750000e+01, 1.2268801116943359e+02,
       7.7760009765625000e+01, 2.1772802734375000e+02,
       8.2944007873535156e+01, 2.1772802734375000e+02,
       1.0368000793457031e+02, 2.0736001586914062e+02,
       1.1923200988769531e+02, 2.1254402160644531e+02,
       8.7091209411621094e+01, 2.1565443420410156e+02,
       1.1197441864013672e+02, 2.1772802734375000e+02,
       1.8164739990234375e+02, 1.0699778747558594e+02 ]
