%YAML:1.0
---
descriptors: !!opencv-matrix
   rows: 20
   cols: 32
   dt: u
   data: [ 101, 99, 16, 71, 116, 31, 102, 184, 105, 168, 127, 76, 214,
       64, 157, 180, 148, 76, 68, 110, 197, 176, 201, 14, 38, 188, 37, 4,
       74, 179, 75, 133, 109, 113, 57, 103, 49, 79, 103, 184, 105, 232,
       111, 8, 214, 119, 9, 48, 144, 92, 124, 106, 73, 176, 249, 44, 231,
       253, 5, 20, 66, 179, 70, 114, 252, 180, 189, 114, 169, 237, 81,
       159, 187, 63, 165, 24, 158, 191, 72, 59, 129, 151, 237, 16, 58,
       111, 251, 19, 219, 219, 85, 127, 194, 72, 199, 114, 253, 116, 253,
       247, 44, 127, 91, 152, 123, 250, 183, 124, 223, 95, 219, 59, 183,
       213, 125, 106, 169, 100, 251, 170, 199, 251, 99, 180, 74, 227, 71,
       115, 201, 188, 189, 241, 168, 108, 125, 151, 186, 251, 150, 56,
       159, 63, 72, 123, 135, 87, 125, 17, 179, 76, 251, 99, 207, 219,
       126, 246, 128, 80, 135, 123, 101, 119, 172, 167, 188, 14, 78, 184,
       34, 238, 155, 205, 211, 108, 219, 115, 149, 196, 125, 111, 237,
       80, 253, 8, 236, 243, 237, 180, 12, 251, 26, 81, 69, 117, 121, 69,
       112, 78, 111, 184, 104, 224, 111, 8, 215, 119, 141, 52, 22, 92,
       84, 106, 193, 176, 253, 76, 101, 188, 37, 4, 72, 179, 67, 241,
       252, 176, 189, 114, 169, 237, 81, 91, 187, 63, 165, 24, 31, 255,
       72, 27, 131, 147, 237, 16, 58, 111, 250, 18, 219, 219, 85, 127,
       226, 72, 135, 115, 216, 156, 183, 84, 169, 236, 69, 23, 179, 223,
       166, 24, 174, 183, 64, 95, 1, 246, 236, 8, 56, 77, 243, 99, 219,
       242, 84, 27, 162, 244, 198, 122, 246, 110, 237, 182, 140, 106, 87,
       172, 177, 182, 162, 187, 67, 107, 77, 27, 185, 212, 109, 98, 104,
       71, 203, 42, 179, 242, 197, 61, 165, 251, 86, 66, 76, 87, 221,
       103, 178, 122, 111, 184, 109, 232, 111, 224, 223, 119, 137, 112,
       22, 84, 108, 106, 193, 144, 237, 44, 238, 255, 37, 132, 234, 243,
       129, 49, 220, 180, 189, 114, 169, 237, 81, 11, 187, 183, 165, 24,
       159, 247, 72, 59, 161, 151, 253, 16, 58, 111, 250, 2, 219, 219,
       85, 127, 226, 65, 135, 50, 200, 188, 247, 94, 233, 232, 117, 135,
       187, 95, 166, 57, 46, 183, 70, 95, 163, 246, 237, 16, 50, 77, 162,
       227, 219, 242, 84, 91, 130, 212, 198, 123, 45, 113, 49, 103, 117,
       79, 103, 184, 105, 232, 111, 72, 218, 87, 9, 180, 144, 92, 84,
       106, 193, 176, 249, 12, 231, 253, 37, 52, 74, 179, 66, 177, 109,
       113, 137, 37, 8, 15, 71, 152, 34, 236, 171, 13, 215, 5, 83, 18,
       144, 196, 109, 110, 77, 144, 249, 8, 229, 245, 5, 52, 72, 187, 82,
       82, 165, 112, 81, 69, 96, 11, 230, 184, 121, 226, 115, 232, 211,
       85, 141, 181, 30, 220, 82, 106, 201, 180, 253, 14, 4, 152, 1, 20,
       79, 187, 66, 180, 252, 112, 189, 118, 45, 93, 85, 152, 251, 254,
       181, 24, 223, 221, 73, 59, 141, 212, 253, 122, 233, 103, 251, 160,
       211, 219, 117, 61, 194, 249, 70, 115, 36, 98, 113, 71, 116, 91,
       227, 89, 121, 232, 123, 104, 83, 89, 221, 180, 58, 156, 22, 42,
       129, 180, 237, 78, 6, 204, 33, 164, 111, 163, 66, 161, 45, 117,
       120, 71, 116, 31, 103, 184, 109, 232, 127, 76, 219, 113, 159, 180,
       156, 76, 86, 110, 205, 176, 125, 46, 102, 253, 37, 4, 74, 187, 74,
       181, 248, 236, 254, 116, 201, 236, 85, 230, 243, 150, 164, 24, 51,
       187, 87, 59, 169, 230, 124, 72, 104, 111, 178, 43, 251, 219, 85,
       57, 226, 240, 198, 74 ]
keypoints: !!opencv-matrix
   rows: 20
   cols: 2
   dt: d
   data: [ 275., 190., 334., 174., 297., 54., 327., 51., 99., 136.,
       2.0040000915527344e+02, 4.4400001525878906e+01,
       1.3080000305175781e+02, 1.8120001220703125e+02,
       2.9280001831054688e+02, 5.1600002288818359e+01,
       2.6520001220703125e+02, 7.9200004577636719e+01,
       1.4280000305175781e+02, 7.9200004577636719e+01,
       2.2920001220703125e+02, 2.4360000610351562e+02,
       2.9664001464843750e+02, 5.4720001220703125e+01,
       2.6496002197265625e+02, 7.9200004577636719e+01,
       3.3408001708984375e+02, 1.7280000305175781e+02,
       2.0016000366210938e+02, 5.0400001525878906e+01,
       2.8339202880859375e+02, 1.6070401000976562e+02,
       1.0886401367187500e+02, 2.2464001464843750e+02,
       1.4515202331542969e+02, 7.0502410888671875e+01,
       3.3384963989257812e+02, 1.7210882568359375e+02,
       1.1446274566650391e+02, 8.7091217041015625e+01 ]
