%YAML:1.0
---
descriptors: !!opencv-matrix
   rows: 5
   cols: 32
   dt: u
   data: [ 248, 172, 190, 118, 168, 236, 85, 255, 179, 159, 164, 25, 119,
       247, 66, 27, 161, 246, 109, 24, 58, 79, 154, 35, 219, 235, 117,
       57, 224, 240, 206, 42, 116, 96, 81, 69, 0, 75, 99, 24, 96, 160,
       235, 72, 83, 23, 129, 52, 48, 212, 64, 106, 9, 176, 225, 8, 21,
       172, 33, 16, 97, 163, 70, 32, 253, 121, 253, 102, 140, 79, 71,
       184, 97, 250, 165, 72, 83, 81, 217, 59, 24, 196, 124, 106, 233,
       99, 249, 40, 179, 201, 101, 60, 107, 251, 82, 32, 197, 174, 141,
       23, 184, 168, 109, 159, 118, 187, 74, 84, 243, 224, 208, 122, 1,
       110, 110, 28, 179, 252, 239, 51, 12, 46, 117, 192, 200, 208, 193,
       169, 244, 201, 22, 46, 201, 78, 70, 237, 241, 180, 163, 9, 98, 96,
       45, 215, 248, 230, 104, 98, 104, 99, 219, 45, 177, 162, 69, 31,
       65, 59, 238, 6 ]
keypoints: !!opencv-matrix
   rows: 5
   cols: 2
   dt: d
   data: [ 36., 194., 330., 238., 138., 9.4800003051757812e+01,
       1.3391999816894531e+02, 9.3600006103515625e+01,
       2.9237765502929688e+02, 7.6723213195800781e+01 ]
