%YAML:1.0
---
descriptors: !!opencv-matrix
   rows: 27
   cols: 32
   dt: u
   data: [ 120, 184, 254, 114, 137, 253, 81, 199, 227, 191, 180, 24, 43,
       245, 70, 63, 171, 242, 236, 16, 26, 107, 178, 177, 219, 219, 85,
       123, 227, 208, 198, 235, 248, 190, 188, 248, 169, 236, 85, 151,
       179, 95, 182, 57, 15, 183, 66, 91, 135, 151, 237, 16, 58, 79, 234,
       17, 219, 243, 116, 255, 162, 196, 166, 123, 226, 172, 144, 250,
       205, 237, 144, 199, 159, 19, 160, 24, 166, 249, 101, 27, 201, 59,
       75, 17, 58, 111, 218, 243, 153, 144, 82, 59, 208, 72, 67, 138, 20,
       205, 75, 239, 150, 131, 239, 252, 20, 128, 202, 66, 113, 227, 57,
       64, 122, 238, 18, 234, 73, 178, 25, 63, 252, 174, 175, 0, 61, 187,
       112, 168, 237, 180, 156, 119, 169, 45, 84, 159, 251, 187, 188, 89,
       223, 123, 72, 155, 133, 198, 108, 10, 62, 111, 219, 51, 251, 251,
       117, 60, 202, 240, 202, 3, 248, 188, 254, 114, 169, 253, 85, 215,
       187, 31, 180, 56, 59, 255, 70, 59, 141, 243, 237, 16, 58, 111,
       242, 51, 219, 219, 116, 123, 225, 80, 198, 123, 240, 168, 156,
       250, 141, 237, 21, 199, 158, 23, 160, 25, 182, 255, 96, 27, 201,
       115, 105, 17, 58, 111, 218, 49, 217, 211, 84, 123, 208, 89, 135,
       10, 109, 103, 197, 71, 180, 31, 78, 184, 82, 234, 59, 76, 211, 96,
       157, 181, 29, 196, 36, 110, 233, 240, 237, 46, 44, 174, 229, 148,
       239, 255, 218, 37, 192, 152, 189, 244, 172, 108, 93, 183, 186,
       251, 134, 25, 215, 183, 64, 91, 197, 247, 125, 136, 57, 77, 243,
       0, 217, 251, 255, 24, 128, 112, 133, 123, 207, 166, 132, 19, 173,
       63, 236, 158, 90, 251, 3, 220, 192, 96, 221, 175, 21, 70, 104, 63,
       183, 100, 207, 162, 12, 26, 221, 244, 206, 253, 216, 20, 248, 253,
       190, 250, 171, 237, 85, 215, 187, 95, 164, 25, 191, 255, 66, 27,
       167, 243, 253, 16, 122, 79, 186, 49, 251, 195, 94, 123, 224, 80,
       135, 122, 247, 230, 140, 147, 136, 57, 12, 143, 155, 191, 149,
       253, 195, 104, 223, 155, 141, 199, 236, 151, 190, 71, 207, 146,
       154, 83, 221, 255, 140, 253, 154, 21, 212, 176, 157, 98, 168, 108,
       65, 25, 34, 51, 163, 88, 215, 87, 72, 123, 21, 148, 108, 58, 59,
       69, 219, 16, 217, 160, 97, 124, 168, 163, 131, 50, 79, 103, 132,
       7, 161, 27, 110, 168, 127, 160, 235, 204, 207, 96, 157, 214, 147,
       204, 238, 126, 141, 240, 205, 200, 172, 118, 71, 20, 202, 247, 75,
       4, 252, 252, 191, 250, 169, 253, 85, 214, 191, 55, 164, 24, 63,
       255, 99, 123, 129, 243, 253, 82, 58, 111, 250, 177, 219, 219, 85,
       123, 242, 217, 70, 122, 216, 156, 191, 254, 169, 236, 21, 151,
       190, 159, 134, 49, 190, 255, 98, 91, 165, 119, 253, 16, 50, 77,
       178, 163, 203, 243, 94, 91, 130, 96, 165, 123, 136, 148, 189, 243,
       168, 110, 185, 27, 190, 123, 183, 17, 221, 63, 8, 107, 167, 23,
       127, 145, 179, 197, 123, 87, 205, 179, 122, 212, 128, 64, 133,
       115, 213, 87, 109, 103, 42, 90, 95, 56, 224, 234, 183, 236, 211,
       119, 147, 115, 54, 212, 124, 110, 233, 197, 237, 8, 226, 171, 101,
       148, 108, 179, 70, 113, 253, 97, 253, 102, 12, 75, 71, 156, 98,
       242, 161, 8, 83, 85, 201, 59, 24, 212, 108, 106, 105, 103, 249,
       32, 241, 201, 101, 52, 97, 251, 70, 32, 207, 182, 172, 55, 172,
       63, 140, 139, 218, 247, 135, 221, 195, 108, 223, 171, 149, 70,
       249, 55, 189, 68, 255, 2, 142, 95, 223, 244, 140, 253, 217, 84,
       243, 140, 236, 21, 156, 58, 172, 175, 126, 230, 142, 149, 227, 44,
       150, 163, 31, 102, 248, 165, 189, 248, 253, 14, 174, 107, 221, 21,
       237, 236, 216, 92, 248, 164, 148, 112, 137, 237, 17, 7, 187, 183,
       164, 25, 142, 183, 64, 27, 129, 151, 237, 16, 58, 111, 210, 2,
       219, 211, 85, 123, 194, 64, 135, 42, 209, 220, 221, 127, 144, 46,
       71, 190, 118, 235, 106, 84, 115, 113, 129, 121, 17, 110, 44, 56,
       169, 252, 89, 47, 233, 174, 117, 0, 232, 241, 194, 40, 241, 140,
       237, 53, 140, 106, 205, 47, 248, 246, 130, 155, 243, 44, 22, 43,
       139, 102, 121, 47, 252, 237, 255, 14, 233, 107, 221, 16, 229, 120,
       213, 76, 245, 36, 213, 83, 137, 63, 66, 152, 115, 178, 161, 88,
       202, 115, 205, 191, 145, 196, 108, 58, 57, 102, 217, 82, 158, 218,
       69, 126, 234, 241, 66, 36, 244, 104, 253, 103, 8, 75, 71, 156,
       114, 178, 164, 8, 83, 85, 201, 59, 25, 212, 108, 106, 105, 103,
       251, 40, 243, 203, 101, 52, 97, 187, 70, 32, 209, 184, 158, 48,
       168, 173, 81, 71, 234, 255, 160, 29, 183, 186, 66, 27, 161, 167,
       108, 21, 63, 107, 146, 33, 217, 203, 113, 120, 200, 64, 203, 90 ]
keypoints: !!opencv-matrix
   rows: 27
   cols: 2
   dt: d
   data: [ 562., 368., 560., 371., 268., 421., 437., 431.,
       2.2080000305175781e+02, 3.2880001831054688e+02,
       5.6160003662109375e+02, 3.6840002441406250e+02,
       3.8280001831054688e+02, 3.7560000610351562e+02,
       2.5344000244140625e+02, 3.6576000976562500e+02,
       5.6448004150390625e+02, 3.7728002929687500e+02,
       2.2809602355957031e+02, 3.3868801879882812e+02,
       5.6160003662109375e+02, 3.6979202270507812e+02,
       2.3016963195800781e+02, 3.3799685668945312e+02,
       3.8361605834960938e+02, 3.6080645751953125e+02,
       2.6127365112304688e+02, 3.6702725219726562e+02,
       5.7024005126953125e+02, 3.6702725219726562e+02,
       5.6401928710937500e+02, 3.7946884155273438e+02,
       5.6194567871093750e+02, 3.8776324462890625e+02,
       5.4328326416015625e+02, 3.9191046142578125e+02,
       2.0901893615722656e+02, 1.5925251770019531e+02,
       2.5132037353515625e+02, 3.4836486816406250e+02,
       2.2146052551269531e+02, 3.5582983398437500e+02,
       5.1508233642578125e+02, 3.8320138549804688e+02,
       2.0304696655273438e+02, 1.5527120971679688e+02,
       2.2394885253906250e+02, 3.5533218383789062e+02,
       3.8519204711914062e+02, 3.6130416870117188e+02,
       2.1140773010253906e+02, 1.6124317932128906e+02,
       2.2215727233886719e+02, 3.2965274047851562e+02 ]
