%YAML:1.0
---
descriptors: !!opencv-matrix
   rows: 13
   cols: 32
   dt: u
   data: [ 129, 170, 223, 251, 236, 169, 233, 218, 254, 59, 242, 246,
       189, 235, 208, 107, 111, 239, 126, 156, 179, 252, 207, 243, 220,
       187, 255, 224, 172, 200, 97, 169, 248, 168, 188, 114, 136, 237,
       81, 135, 178, 55, 166, 24, 183, 243, 64, 27, 129, 182, 109, 16,
       58, 111, 202, 49, 219, 227, 117, 121, 224, 72, 198, 42, 240, 168,
       189, 112, 136, 237, 81, 71, 162, 151, 164, 24, 55, 151, 64, 27, 1,
       182, 108, 24, 58, 79, 178, 33, 217, 131, 112, 121, 224, 64, 198,
       34, 252, 120, 253, 118, 40, 77, 85, 152, 226, 190, 181, 24, 83,
       213, 73, 59, 9, 212, 108, 122, 104, 103, 251, 32, 211, 203, 117,
       60, 225, 249, 70, 99, 252, 112, 188, 116, 45, 93, 85, 152, 227,
       250, 180, 24, 91, 221, 89, 59, 136, 212, 253, 106, 232, 103, 250,
       128, 211, 219, 101, 61, 66, 185, 70, 51, 248, 168, 253, 112, 141,
       253, 81, 7, 243, 55, 164, 24, 43, 173, 86, 59, 137, 182, 236, 24,
       62, 111, 242, 145, 219, 219, 85, 121, 227, 204, 214, 106, 98, 188,
       189, 18, 233, 237, 181, 199, 187, 127, 32, 57, 172, 190, 70, 27,
       135, 27, 251, 17, 54, 79, 250, 115, 95, 22, 94, 251, 192, 68, 135,
       223, 216, 189, 159, 114, 168, 236, 85, 151, 178, 159, 174, 56,
       183, 183, 64, 123, 39, 247, 109, 24, 58, 77, 187, 35, 217, 227,
       117, 88, 160, 192, 134, 123, 248, 168, 183, 112, 141, 253, 80, 71,
       243, 179, 164, 25, 35, 189, 68, 27, 137, 182, 237, 16, 58, 111,
       210, 147, 219, 251, 84, 123, 195, 72, 214, 10, 240, 184, 148, 240,
       137, 109, 16, 207, 155, 187, 160, 24, 150, 185, 64, 27, 137, 215,
       104, 16, 59, 111, 210, 18, 153, 210, 85, 126, 216, 104, 194, 10,
       252, 252, 253, 118, 168, 237, 87, 222, 243, 191, 164, 56, 119,
       245, 65, 59, 131, 246, 108, 18, 42, 111, 250, 51, 251, 219, 117,
       61, 226, 241, 198, 107, 224, 188, 149, 176, 137, 237, 144, 71,
       154, 187, 168, 24, 182, 176, 64, 154, 137, 183, 104, 16, 59, 111,
       210, 19, 153, 150, 85, 122, 200, 72, 131, 42, 60, 245, 216, 47,
       219, 75, 23, 232, 19, 164, 173, 169, 67, 119, 75, 16, 27, 221,
       235, 242, 120, 67, 219, 62, 250, 199, 5, 127, 241, 115, 142, 210 ]
keypoints: !!opencv-matrix
   rows: 13
   cols: 2
   dt: d
   data: [ 36., 88., 6.4800003051757812e+01, 2.5560000610351562e+02,
       1.9560000610351562e+02, 258., 2.2608000183105469e+02,
       6.9120002746582031e+01, 6.6240005493164062e+01,
       8.6400001525878906e+01, 9.9360000610351562e+01,
       9.2160003662109375e+01, 1.3104000854492188e+02,
       9.3600006103515625e+01, 3.1968002319335938e+02,
       2.0304000854492188e+02, 9.8496009826660156e+01,
       9.3312011718750000e+01, 1.0368000793457031e+02,
       9.6768005371093750e+01, 3.2140802001953125e+02,
       2.0908801269531250e+02, 1.0368001556396484e+02,
       9.5385612487792969e+01, 2.9113351440429688e+02,
       1.3685763549804688e+02 ]
