%YAML:1.0
---
descriptors: !!opencv-matrix
   rows: 6
   cols: 32
   dt: u
   data: [ 60, 81, 121, 231, 116, 95, 91, 48, 97, 236, 255, 8, 219, 29,
       27, 48, 220, 220, 213, 106, 201, 178, 113, 140, 231, 253, 33, 17,
       99, 171, 86, 243, 232, 188, 253, 247, 253, 127, 223, 191, 83, 238,
       252, 26, 123, 125, 214, 38, 89, 254, 247, 170, 248, 126, 253, 174,
       127, 255, 229, 57, 231, 252, 214, 234, 168, 188, 189, 245, 221,
       127, 215, 191, 83, 234, 188, 26, 251, 125, 84, 34, 217, 254, 247,
       40, 249, 254, 249, 190, 111, 223, 245, 53, 227, 232, 214, 250,
       232, 184, 189, 123, 173, 253, 113, 151, 255, 63, 102, 24, 190,
       253, 70, 123, 129, 62, 253, 24, 186, 252, 251, 49, 207, 251, 85,
       81, 194, 192, 198, 106, 200, 184, 189, 248, 169, 237, 49, 215,
       175, 95, 164, 24, 190, 151, 66, 91, 167, 51, 251, 24, 50, 79, 178,
       113, 219, 219, 86, 123, 130, 64, 135, 123, 245, 148, 205, 119,
       180, 46, 97, 191, 118, 235, 99, 84, 243, 97, 152, 121, 17, 78, 52,
       12, 185, 252, 125, 47, 202, 175, 117, 64, 232, 193, 210, 48 ]
keypoints: !!opencv-matrix
   rows: 6
   cols: 2
   dt: d
   data: [ 531., 38., 579., 51., 5.7960003662109375e+02,
       5.0400001525878906e+01, 5.7720001220703125e+02,
       5.6400001525878906e+01, 5.7744000244140625e+02,
       6.1920001983642578e+01, 2.9740408325195312e+02,
       1.3616090393066406e+02 ]
