%YAML:1.0
---
descriptors: !!opencv-matrix
   rows: 8
   cols: 32
   dt: u
   data: [ 100, 225, 29, 99, 153, 79, 71, 168, 98, 160, 43, 8, 214, 115,
       73, 50, 144, 84, 104, 106, 72, 112, 217, 60, 237, 158, 69, 52, 64,
       51, 70, 34, 212, 159, 159, 247, 168, 14, 87, 190, 190, 190, 166,
       80, 247, 243, 72, 91, 165, 119, 108, 74, 120, 205, 235, 59, 249,
       235, 119, 20, 32, 240, 133, 107, 252, 102, 140, 182, 172, 46, 95,
       152, 178, 190, 135, 157, 199, 99, 91, 91, 129, 196, 109, 127, 40,
       69, 203, 34, 218, 227, 245, 181, 160, 251, 90, 67, 244, 110, 140,
       182, 172, 46, 87, 152, 178, 190, 143, 29, 215, 97, 91, 27, 145,
       198, 109, 126, 56, 71, 203, 34, 218, 211, 101, 188, 136, 243, 218,
       3, 222, 164, 156, 186, 139, 224, 20, 175, 186, 183, 132, 25, 111,
       247, 74, 91, 129, 119, 233, 17, 62, 75, 138, 49, 219, 195, 93,
       127, 128, 100, 143, 10, 246, 237, 4, 142, 27, 11, 6, 232, 62, 162,
       160, 137, 198, 96, 9, 145, 121, 196, 106, 99, 108, 67, 207, 127,
       188, 34, 13, 63, 97, 59, 10, 4, 222, 160, 158, 182, 139, 116, 20,
       143, 187, 191, 128, 25, 238, 250, 74, 219, 129, 215, 233, 17, 62,
       79, 154, 51, 219, 211, 93, 127, 128, 100, 175, 10, 100, 111, 140,
       167, 172, 42, 95, 158, 34, 190, 142, 141, 199, 227, 91, 26, 17,
       206, 109, 30, 8, 66, 203, 32, 238, 215, 101, 189, 128, 243, 218,
       66 ]
keypoints: !!opencv-matrix
   rows: 8
   cols: 2
   dt: d
   data: [ 9.8400001525878906e+01, 1.5840000915527344e+02,
       1.5696000671386719e+02, 180., 1.6243202209472656e+02,
       1.6588801574707031e+02, 1.6174082946777344e+02,
       1.6588803100585938e+02, 5.1508233642578125e+02,
       1.1446274566650391e+02, 2.3639045715332031e+02,
       3.4836486816406250e+02, 5.1358935546875000e+02,
       1.1645340728759766e+02, 1.6840954589843750e+02,
       1.5766000366210938e+02 ]
