%YAML:1.0
---
descriptors: !!opencv-matrix
   rows: 108
   cols: 32
   dt: u
   data: [ 235, 60, 190, 80, 217, 252, 240, 7, 251, 243, 164, 29, 42,
       184, 87, 190, 137, 111, 240, 21, 183, 235, 178, 226, 27, 93, 84,
       59, 203, 84, 75, 222, 107, 180, 182, 94, 93, 221, 244, 103, 249,
       95, 109, 24, 46, 189, 46, 181, 172, 187, 242, 0, 247, 251, 178,
       197, 119, 251, 84, 11, 74, 68, 239, 222, 218, 186, 62, 187, 170,
       252, 57, 222, 175, 127, 150, 245, 223, 223, 194, 91, 167, 55, 253,
       145, 183, 77, 187, 241, 218, 241, 58, 211, 174, 132, 141, 83, 199,
       166, 133, 19, 141, 63, 206, 153, 91, 251, 131, 92, 194, 96, 221,
       239, 149, 70, 120, 63, 191, 68, 223, 162, 140, 90, 223, 118, 140,
       127, 217, 20, 82, 157, 18, 186, 27, 192, 16, 239, 191, 21, 233,
       51, 108, 218, 44, 212, 224, 187, 235, 129, 118, 11, 154, 255, 177,
       244, 26, 91, 16, 0, 173, 6, 141, 84, 63, 101, 96, 94, 127, 56, 61,
       230, 103, 4, 223, 55, 11, 49, 182, 85, 82, 106, 225, 148, 57, 78,
       231, 251, 65, 4, 66, 179, 71, 240, 129, 221, 27, 255, 148, 199,
       71, 246, 22, 75, 74, 80, 183, 247, 32, 96, 217, 122, 19, 73, 43,
       188, 114, 63, 237, 167, 190, 8, 144, 89, 181, 170, 94, 117, 114,
       238, 251, 94, 127, 248, 41, 78, 255, 160, 95, 223, 143, 117, 182,
       213, 253, 226, 224, 209, 185, 254, 247, 255, 47, 135, 38, 247, 39,
       115, 80, 188, 159, 248, 168, 236, 81, 23, 174, 91, 170, 24, 183,
       183, 64, 122, 163, 55, 124, 16, 19, 77, 179, 19, 217, 255, 114,
       88, 136, 64, 135, 59, 28, 93, 10, 239, 149, 230, 79, 254, 52, 128,
       206, 2, 115, 243, 57, 96, 120, 254, 25, 234, 72, 145, 57, 63, 251,
       239, 167, 65, 51, 251, 244, 34, 152, 141, 47, 238, 149, 198, 71,
       245, 228, 0, 206, 2, 115, 119, 48, 97, 120, 246, 25, 234, 120,
       137, 49, 63, 243, 237, 135, 17, 51, 58, 244, 106, 32, 221, 27,
       255, 252, 197, 167, 246, 214, 9, 88, 64, 180, 243, 32, 96, 201,
       122, 2, 72, 99, 186, 122, 63, 237, 167, 182, 72, 16, 88, 181, 171,
       24, 205, 59, 239, 149, 199, 71, 247, 20, 128, 206, 2, 119, 247,
       33, 96, 88, 250, 25, 234, 88, 169, 57, 63, 233, 231, 135, 16, 48,
       123, 180, 106, 100, 103, 128, 159, 92, 13, 206, 232, 95, 184, 185,
       72, 242, 232, 93, 0, 217, 202, 106, 107, 106, 99, 203, 127, 180,
       30, 135, 60, 80, 123, 82, 128, 42, 253, 98, 202, 245, 213, 255,
       245, 143, 68, 220, 2, 40, 221, 55, 100, 252, 251, 147, 195, 195,
       187, 62, 255, 59, 93, 142, 171, 87, 159, 244, 223, 184, 180, 191,
       120, 237, 253, 81, 87, 235, 95, 244, 56, 62, 191, 102, 191, 141,
       178, 246, 24, 187, 111, 114, 131, 223, 219, 112, 91, 210, 204,
       198, 251, 248, 168, 190, 120, 141, 237, 81, 87, 227, 21, 164, 24,
       51, 145, 64, 59, 137, 178, 108, 24, 26, 111, 242, 17, 219, 201,
       112, 121, 224, 136, 198, 42, 82, 141, 22, 190, 219, 192, 20, 239,
       159, 21, 232, 19, 108, 250, 36, 212, 233, 187, 235, 129, 126, 75,
       138, 247, 185, 246, 222, 91, 17, 0, 175, 14, 47, 188, 244, 83,
       253, 189, 253, 222, 251, 255, 116, 60, 234, 253, 215, 62, 143,
       254, 247, 28, 183, 122, 239, 242, 94, 95, 117, 250, 199, 220, 210,
       253, 112, 161, 255, 112, 40, 233, 81, 83, 235, 61, 173, 40, 55,
       149, 64, 58, 32, 178, 108, 16, 26, 107, 226, 17, 217, 201, 48,
       121, 224, 136, 198, 35, 128, 220, 29, 255, 148, 199, 71, 182, 22,
       10, 196, 0, 247, 247, 33, 97, 193, 122, 56, 72, 107, 172, 123, 63,
       233, 167, 52, 16, 16, 89, 180, 42, 108, 57, 61, 101, 61, 79, 71,
       184, 106, 168, 174, 8, 210, 85, 1, 50, 144, 116, 108, 106, 73,
       240, 249, 13, 239, 255, 33, 52, 64, 43, 70, 98, 80, 188, 159, 248,
       186, 236, 81, 23, 174, 25, 170, 24, 183, 183, 64, 122, 163, 55,
       124, 24, 19, 73, 179, 17, 217, 231, 118, 88, 128, 64, 167, 59, 47,
       189, 246, 91, 253, 189, 253, 255, 255, 121, 124, 60, 250, 253,
       158, 60, 175, 242, 247, 28, 183, 122, 238, 247, 127, 95, 117, 250,
       199, 206, 210, 253, 1, 157, 153, 249, 188, 237, 37, 191, 94, 11,
       88, 80, 182, 51, 0, 96, 209, 26, 22, 24, 51, 56, 115, 55, 237,
       142, 54, 72, 152, 88, 129, 169, 109, 101, 120, 103, 253, 31, 87,
       184, 119, 168, 255, 8, 219, 121, 93, 48, 152, 220, 125, 106, 200,
       242, 249, 62, 239, 223, 37, 53, 98, 251, 78, 163, 175, 254, 255,
       87, 254, 58, 255, 255, 251, 251, 119, 254, 124, 255, 158, 63, 191,
       255, 247, 10, 183, 255, 175, 235, 126, 255, 119, 230, 231, 245,
       195, 245, 235, 180, 182, 90, 253, 253, 240, 99, 251, 95, 125, 24,
       14, 253, 62, 188, 169, 59, 243, 0, 182, 111, 186, 215, 23, 126,
       82, 107, 202, 76, 239, 215, 169, 182, 248, 89, 237, 253, 249, 87,
       207, 123, 244, 60, 58, 189, 214, 62, 207, 186, 247, 28, 183, 126,
       226, 211, 79, 223, 113, 250, 223, 204, 214, 255, 233, 182, 254,
       120, 237, 253, 113, 87, 235, 95, 116, 124, 62, 191, 198, 191, 143,
       178, 247, 24, 187, 126, 226, 211, 95, 219, 112, 234, 218, 204,
       206, 255, 171, 188, 228, 89, 253, 189, 240, 223, 219, 123, 244,
       60, 170, 252, 214, 191, 205, 170, 119, 28, 183, 126, 230, 247, 95,
       95, 245, 250, 215, 204, 210, 255, 175, 252, 244, 90, 237, 189,
       253, 222, 219, 123, 244, 60, 250, 253, 222, 63, 205, 234, 247, 28,
       255, 126, 238, 243, 127, 91, 117, 186, 215, 252, 210, 253, 248,
       188, 188, 248, 141, 221, 81, 119, 247, 27, 164, 24, 191, 191, 66,
       57, 201, 186, 255, 16, 58, 111, 114, 177, 219, 219, 84, 123, 210,
       8, 206, 106, 221, 117, 249, 227, 178, 110, 127, 157, 42, 234, 190,
       108, 223, 119, 201, 50, 55, 213, 93, 122, 161, 112, 249, 42, 253,
       205, 39, 180, 232, 243, 135, 113, 171, 182, 244, 89, 236, 189,
       249, 87, 255, 123, 116, 124, 190, 189, 214, 62, 143, 187, 247, 24,
       183, 126, 226, 211, 78, 95, 113, 234, 207, 204, 214, 253, 252, 73,
       46, 238, 13, 70, 87, 232, 165, 132, 135, 2, 123, 115, 41, 83, 120,
       244, 237, 234, 104, 131, 57, 172, 243, 227, 197, 17, 35, 59, 116,
       34, 108, 241, 152, 230, 217, 68, 86, 157, 2, 184, 141, 9, 214,
       247, 73, 26, 149, 221, 253, 114, 90, 67, 219, 32, 235, 213, 101,
       125, 136, 115, 142, 19, 228, 106, 149, 52, 173, 13, 68, 21, 235,
       186, 178, 93, 135, 136, 69, 159, 137, 228, 108, 70, 73, 103, 194,
       128, 144, 210, 85, 62, 72, 120, 218, 29, 248, 204, 7, 252, 141,
       66, 68, 231, 181, 22, 130, 19, 107, 43, 32, 83, 105, 244, 233,
       226, 104, 207, 19, 175, 243, 227, 196, 17, 51, 120, 244, 42, 116,
       121, 57, 102, 56, 207, 83, 176, 234, 172, 166, 8, 247, 117, 1, 48,
       144, 116, 108, 106, 73, 161, 249, 61, 243, 237, 33, 48, 96, 43,
       70, 35, 1, 207, 24, 251, 188, 141, 7, 190, 86, 13, 124, 64, 183,
       241, 128, 96, 197, 122, 6, 72, 98, 184, 99, 63, 237, 143, 52, 72,
       16, 216, 129, 169, 116, 113, 57, 237, 56, 79, 87, 184, 32, 40,
       166, 8, 215, 23, 9, 112, 212, 92, 108, 98, 73, 34, 241, 28, 229,
       161, 33, 56, 48, 59, 6, 51, 120, 221, 30, 238, 149, 150, 86, 252,
       245, 136, 238, 0, 115, 243, 33, 112, 216, 246, 204, 106, 104, 139,
       25, 47, 243, 239, 133, 17, 58, 122, 248, 10, 4, 65, 61, 239, 188,
       15, 127, 184, 78, 168, 219, 66, 215, 121, 25, 64, 218, 85, 127,
       107, 72, 176, 73, 60, 237, 235, 239, 148, 52, 187, 85, 35, 120,
       168, 154, 250, 139, 233, 80, 71, 171, 21, 164, 25, 47, 147, 66,
       26, 163, 179, 237, 16, 26, 75, 130, 49, 219, 225, 80, 123, 224,
       64, 142, 10, 76, 113, 89, 101, 50, 78, 123, 56, 36, 224, 111, 236,
       223, 23, 137, 112, 22, 28, 92, 106, 201, 144, 241, 12, 229, 237,
       33, 132, 32, 163, 6, 113, 216, 178, 222, 176, 42, 152, 80, 87,
       171, 31, 178, 253, 143, 131, 194, 219, 167, 183, 237, 16, 30, 79,
       130, 81, 218, 227, 120, 251, 168, 132, 143, 27, 36, 253, 41, 69,
       85, 79, 199, 184, 100, 108, 238, 8, 211, 85, 4, 52, 24, 220, 66,
       106, 73, 178, 121, 45, 101, 156, 1, 20, 65, 59, 86, 242, 80, 251,
