%YAML:1.0
---
descriptors: !!opencv-matrix
   rows: 5
   cols: 32
   dt: u
   data: [ 192, 180, 157, 241, 168, 108, 53, 143, 58, 187, 2, 56, 150,
       55, 72, 123, 133, 87, 105, 16, 51, 76, 243, 66, 205, 178, 126, 86,
       128, 80, 135, 59, 124, 103, 92, 36, 40, 11, 86, 40, 49, 166, 171,
       137, 203, 107, 11, 147, 154, 196, 236, 102, 108, 227, 201, 14,
       242, 247, 101, 53, 98, 243, 74, 2, 68, 189, 156, 190, 137, 228,
       23, 175, 186, 191, 141, 25, 246, 247, 74, 91, 129, 119, 233, 18,
       58, 67, 218, 51, 233, 215, 77, 127, 128, 114, 135, 82, 124, 97,
       204, 36, 8, 11, 86, 40, 33, 164, 167, 137, 195, 99, 3, 146, 24,
       228, 233, 98, 76, 227, 201, 8, 242, 227, 5, 21, 96, 183, 78, 2,
       96, 177, 57, 80, 153, 205, 81, 15, 234, 57, 37, 24, 150, 21, 72,
       50, 129, 18, 72, 16, 19, 104, 250, 21, 77, 152, 21, 127, 192, 0,
       198, 34 ]
keypoints: !!opencv-matrix
   rows: 5
   cols: 2
   dt: d
   data: [ 4.2240002441406250e+02, 2.1240000915527344e+02,
       4.2912002563476562e+02, 2.0736001586914062e+02,
       4.2163204956054688e+02, 2.1254402160644531e+02,
       4.2923526000976562e+02, 2.0736003112792969e+02,
       4.2052618408203125e+02, 8.4602897644042969e+01 ]
