%YAML:1.0
---
descriptors: !!opencv-matrix
   rows: 10
   cols: 32
   dt: u
   data: [ 124, 97, 104, 101, 52, 75, 71, 56, 96, 164, 239, 8, 215, 1,
       27, 48, 18, 196, 76, 106, 72, 176, 245, 12, 227, 237, 33, 21, 96,
       179, 78, 32, 218, 184, 190, 248, 169, 253, 81, 71, 171, 95, 180,
       25, 174, 159, 102, 91, 165, 179, 221, 17, 58, 111, 178, 241, 219,
       219, 90, 123, 210, 4, 167, 123, 202, 184, 190, 248, 137, 237, 16,
       71, 187, 27, 160, 25, 190, 159, 100, 91, 165, 179, 251, 17, 50,
       111, 146, 241, 219, 211, 90, 123, 208, 64, 167, 26, 61, 69, 105,
       101, 116, 11, 111, 56, 117, 160, 255, 136, 211, 11, 153, 48, 122,
       204, 86, 110, 200, 176, 109, 14, 230, 237, 33, 148, 103, 187, 66,
       160, 61, 71, 105, 101, 116, 31, 111, 56, 117, 232, 255, 232, 219,
       9, 153, 112, 94, 204, 23, 110, 201, 176, 101, 142, 230, 237, 161,
       148, 103, 187, 82, 161, 60, 69, 121, 101, 116, 10, 111, 56, 117,
       160, 255, 8, 211, 1, 153, 112, 122, 204, 70, 106, 232, 178, 109,
       14, 230, 237, 33, 4, 103, 187, 82, 160, 196, 116, 157, 115, 136,
       108, 65, 138, 50, 179, 163, 24, 151, 23, 73, 59, 129, 84, 104, 24,
       35, 68, 251, 2, 201, 168, 117, 116, 192, 81, 7, 50, 11, 94, 59,
       39, 50, 94, 191, 48, 60, 206, 94, 229, 252, 126, 131, 96, 182,
       125, 149, 103, 165, 144, 37, 239, 230, 127, 42, 130, 14, 247, 13,
       249, 252, 103, 76, 38, 40, 11, 86, 168, 160, 166, 167, 137, 195,
       99, 11, 147, 26, 196, 236, 102, 108, 67, 201, 44, 226, 227, 101,
       53, 96, 243, 78, 2, 248, 172, 184, 122, 137, 237, 81, 207, 163,
       23, 164, 25, 55, 179, 66, 27, 9, 242, 237, 16, 58, 111, 202, 51,
       219, 193, 84, 121, 226, 192, 206, 42 ]
keypoints: !!opencv-matrix
   rows: 10
   cols: 2
   dt: d
   data: [ 392., 31., 478., 45., 4.7808001708984375e+02,
       4.4640003204345703e+01, 5.2416003417968750e+02,
       5.7600002288818359e+01, 5.1984002685546875e+02,
       5.9040000915527344e+01, 5.2531207275390625e+02,
       5.7024005889892578e+01, 3.6827145385742188e+02,
       1.1695106506347656e+02, 3.1104006958007812e+02,
       1.4432260131835938e+02, 3.5334152221679688e+02,
       2.5878533935546875e+02, 3.6429016113281250e+02,
       1.2541136169433594e+02 ]
