%YAML:1.0
---
descriptors: !!opencv-matrix
   rows: 14
   cols: 32
   dt: u
   data: [ 139, 188, 254, 251, 236, 233, 253, 223, 191, 123, 246, 246,
       189, 255, 214, 107, 239, 123, 127, 157, 179, 252, 235, 243, 206,
       251, 255, 192, 204, 192, 227, 249, 53, 95, 91, 111, 246, 7, 111,
       248, 116, 200, 123, 230, 115, 101, 185, 96, 126, 236, 22, 238,
       201, 176, 109, 63, 100, 172, 165, 132, 125, 187, 112, 177, 131,
       174, 255, 249, 236, 169, 236, 223, 191, 115, 242, 247, 189, 235,
       212, 107, 239, 239, 127, 157, 178, 252, 231, 243, 158, 251, 255,
       200, 204, 200, 225, 217, 130, 156, 190, 248, 203, 229, 180, 199,
       158, 23, 68, 17, 172, 191, 98, 73, 225, 59, 171, 17, 50, 79, 18,
       247, 219, 247, 94, 107, 144, 72, 165, 170, 138, 172, 182, 152,
       201, 245, 180, 199, 159, 23, 96, 17, 172, 190, 102, 205, 201, 59,
       171, 17, 54, 111, 146, 243, 27, 86, 94, 107, 146, 76, 173, 206,
       124, 112, 185, 99, 168, 79, 87, 152, 99, 186, 181, 8, 215, 85, 73,
       58, 153, 212, 125, 122, 72, 118, 249, 56, 239, 223, 101, 52, 226,
       187, 70, 35, 237, 113, 249, 103, 36, 79, 71, 152, 99, 234, 183, 8,
       211, 85, 217, 58, 28, 220, 117, 106, 201, 244, 249, 42, 231, 221,
       37, 52, 66, 187, 86, 113, 252, 112, 188, 118, 173, 95, 87, 152,
       179, 254, 181, 24, 223, 221, 75, 59, 157, 212, 253, 106, 105, 103,
       251, 162, 215, 219, 101, 61, 66, 249, 70, 115, 139, 174, 255, 249,
       236, 169, 232, 215, 191, 19, 242, 242, 189, 235, 240, 107, 111,
       171, 127, 157, 179, 254, 199, 243, 222, 251, 255, 232, 156, 200,
       225, 137, 124, 117, 125, 103, 180, 78, 95, 184, 97, 168, 191, 8,
       211, 119, 137, 51, 20, 212, 125, 106, 201, 240, 249, 44, 239, 233,
       101, 52, 96, 243, 198, 35, 173, 113, 121, 103, 228, 79, 71, 184,
       81, 234, 119, 72, 211, 117, 217, 51, 28, 220, 84, 106, 233, 242,
       249, 40, 103, 217, 101, 52, 106, 251, 82, 241, 53, 191, 123, 239,
       246, 203, 111, 248, 52, 232, 127, 102, 115, 247, 185, 112, 126,
       254, 23, 234, 201, 178, 105, 63, 248, 237, 167, 132, 125, 235,
       114, 241, 85, 77, 174, 165, 128, 110, 95, 178, 224, 230, 174, 5,
       151, 42, 19, 91, 164, 231, 125, 239, 172, 201, 181, 40, 227, 235,
       103, 16, 168, 241, 73, 90, 128, 172, 159, 248, 69, 237, 177, 198,
       254, 83, 102, 16, 188, 251, 96, 105, 225, 59, 58, 16, 51, 253,
       178, 243, 221, 187, 90, 75, 144, 64, 33, 170 ]
keypoints: !!opencv-matrix
   rows: 14
   cols: 2
   dt: d
   data: [ 65., 155., 1.1160000610351562e+02, 156.,
       7.3200004577636719e+01, 1.5360000610351562e+02,
       1.0560000610351562e+02, 150., 1.1880000305175781e+02,
       1.4760000610351562e+02, 1.8432000732421875e+02,
       6.0480003356933594e+01, 1.8720001220703125e+02,
       6.4800003051757812e+01, 2.1456001281738281e+02,
       2.2896000671386719e+02, 6.9120002746582031e+01,
       1.5408000183105469e+02, 1.8662402343750000e+02,
       5.8752006530761719e+01, 1.8662402343750000e+02,
       6.5664009094238281e+01, 1.1232000732421875e+02,
       1.6588801574707031e+02, 1.5344642639160156e+02,
       9.5385612487792969e+01, 9.1238410949707031e+01,
       1.5137281799316406e+02 ]
