%YAML:1.0
---
descriptors: !!opencv-matrix
   rows: 29
   cols: 32
   dt: u
   data: [ 252, 180, 189, 114, 169, 237, 81, 207, 187, 63, 165, 24, 159,
       255, 72, 59, 129, 151, 237, 16, 58, 111, 250, 19, 219, 211, 85,
       127, 194, 64, 135, 114, 225, 174, 221, 253, 238, 168, 108, 159,
       127, 179, 82, 250, 247, 171, 208, 121, 111, 239, 63, 29, 179, 254,
       199, 243, 220, 186, 255, 232, 188, 200, 209, 169, 254, 100, 236,
       246, 172, 58, 94, 136, 179, 182, 151, 185, 203, 105, 219, 31, 19,
       196, 253, 110, 104, 71, 203, 162, 210, 251, 197, 189, 166, 255,
       94, 2, 236, 172, 229, 83, 205, 233, 229, 207, 251, 183, 36, 24, 2,
       225, 93, 63, 9, 222, 98, 24, 58, 126, 254, 115, 15, 26, 85, 125,
       195, 216, 214, 236, 240, 168, 191, 112, 138, 237, 81, 83, 162, 55,
       164, 24, 23, 151, 64, 27, 1, 182, 109, 16, 26, 79, 162, 17, 217,
       129, 113, 121, 224, 192, 134, 98, 172, 180, 241, 82, 205, 125,
       149, 219, 83, 247, 164, 28, 10, 245, 77, 191, 153, 222, 226, 24,
       59, 118, 250, 178, 31, 90, 85, 126, 203, 125, 198, 246, 194, 186,
       159, 177, 104, 141, 57, 86, 170, 123, 160, 221, 180, 151, 64, 27,
       167, 49, 125, 21, 147, 79, 146, 113, 205, 144, 122, 250, 136, 0,
       3, 185, 129, 174, 223, 249, 236, 171, 233, 215, 191, 19, 242, 242,
       189, 235, 212, 43, 111, 171, 127, 156, 179, 255, 71, 243, 220,
       154, 255, 192, 205, 192, 227, 168, 76, 188, 189, 243, 169, 236,
       125, 151, 186, 123, 26, 24, 191, 191, 72, 250, 135, 87, 253, 17,
       147, 72, 251, 115, 205, 223, 127, 254, 128, 80, 135, 123, 116,
       115, 173, 166, 138, 74, 23, 184, 34, 238, 143, 173, 87, 119, 73,
       82, 20, 212, 237, 226, 72, 67, 233, 8, 249, 167, 229, 181, 32,
       243, 6, 115, 69, 253, 157, 227, 184, 47, 70, 188, 46, 186, 170,
       68, 215, 115, 73, 115, 151, 87, 124, 122, 209, 208, 89, 60, 172,
       158, 101, 84, 136, 243, 129, 17, 216, 156, 183, 92, 169, 232, 81,
       135, 187, 159, 166, 56, 174, 183, 64, 95, 33, 246, 236, 8, 58, 77,
       179, 99, 219, 242, 84, 91, 130, 228, 198, 122, 129, 174, 223, 249,
       236, 171, 233, 215, 254, 19, 114, 210, 189, 235, 240, 105, 111,
       43, 126, 156, 179, 252, 71, 243, 204, 154, 255, 192, 204, 200,
       225, 169, 116, 99, 120, 103, 116, 26, 118, 56, 105, 164, 127, 40,
       195, 73, 159, 48, 58, 204, 68, 106, 204, 176, 237, 12, 230, 237,
       33, 21, 97, 163, 78, 132, 129, 174, 223, 253, 246, 170, 169, 215,
       254, 3, 82, 242, 253, 227, 176, 105, 119, 111, 54, 28, 179, 220,
       133, 255, 252, 174, 126, 192, 172, 200, 161, 169, 45, 117, 17, 71,
       113, 79, 103, 184, 105, 232, 123, 104, 222, 117, 141, 180, 148,
       92, 68, 106, 193, 176, 249, 14, 45, 156, 37, 6, 74, 179, 67, 181,
       232, 188, 151, 88, 201, 233, 165, 207, 250, 191, 224, 56, 178,
       244, 68, 187, 137, 126, 226, 16, 51, 126, 226, 51, 29, 171, 117,
       120, 193, 88, 198, 168, 108, 113, 56, 101, 96, 15, 115, 56, 105,
       172, 63, 108, 214, 81, 137, 48, 148, 84, 108, 106, 193, 240, 249,
       12, 231, 221, 33, 20, 74, 162, 70, 35, 164, 114, 81, 71, 96, 91,
       103, 56, 113, 234, 115, 232, 211, 21, 141, 181, 24, 220, 70, 106,
       233, 180, 253, 14, 37, 152, 33, 20, 107, 187, 70, 181, 213, 115,
       89, 101, 48, 15, 66, 56, 100, 168, 171, 76, 215, 19, 65, 80, 150,
       85, 108, 110, 201, 144, 217, 30, 232, 205, 37, 20, 40, 179, 1, 1,
       17, 143, 75, 238, 150, 162, 111, 247, 212, 2, 218, 230, 113, 227,
       176, 96, 126, 234, 31, 173, 249, 155, 44, 255, 248, 175, 174, 192,
       189, 250, 240, 168, 252, 112, 189, 99, 45, 95, 87, 152, 83, 250,
       181, 24, 223, 93, 73, 59, 157, 212, 253, 122, 233, 103, 251, 0,
       199, 219, 101, 53, 194, 251, 70, 115, 221, 87, 105, 101, 34, 26,
       111, 48, 120, 226, 94, 228, 221, 38, 147, 113, 54, 197, 53, 239,
       225, 148, 181, 78, 244, 111, 235, 132, 44, 243, 3, 113, 34, 160,
       170, 26, 205, 245, 177, 207, 187, 87, 229, 159, 8, 204, 126, 8,
       233, 155, 227, 149, 22, 111, 186, 243, 91, 87, 158, 127, 209, 77,
       255, 214, 244, 60, 172, 50, 140, 109, 85, 206, 242, 255, 160, 25,
       214, 240, 67, 59, 201, 198, 121, 17, 58, 103, 251, 34, 217, 131,
       85, 60, 192, 121, 214, 98, 69, 83, 221, 5, 162, 46, 39, 24, 108,
       234, 63, 228, 215, 52, 203, 122, 22, 68, 124, 110, 193, 240, 253,
       8, 228, 175, 101, 148, 140, 251, 65, 117, 87, 54, 255, 116, 38,
       46, 93, 48, 169, 218, 150, 233, 223, 63, 149, 123, 166, 245, 125,
       175, 236, 193, 161, 76, 210, 251, 127, 144, 36, 240, 67, 113, 204,
       249, 185, 243, 184, 204, 127, 148, 43, 185, 55, 8, 255, 87, 72,
       114, 134, 223, 125, 90, 219, 72, 251, 53, 239, 217, 39, 252, 0,
       147, 135, 123, 236, 120, 189, 118, 45, 77, 85, 152, 251, 250, 180,
       24, 223, 29, 65, 59, 140, 212, 125, 74, 232, 101, 251, 32, 199,
       219, 117, 61, 66, 249, 70, 51 ]
keypoints: !!opencv-matrix
   rows: 29
   cols: 2
   dt: d
   data: [ 323., 43., 49., 249., 173., 59., 300., 66., 316., 241., 301.,
       69., 292., 74., 48., 234., 128., 115., 318., 147.,
       2.4720001220703125e+02, 66., 294., 6.7200004577636719e+01, 48.,
       2.3400001525878906e+02, 3.0120001220703125e+02,
       8.5200004577636719e+01, 4.6800003051757812e+01,
       2.2920001220703125e+02, 2.0880000305175781e+02,
       2.2200001525878906e+02, 3.4992001342773438e+02,
       1.9008000183105469e+02, 2.7216000366210938e+02,
       1.6704000854492188e+02, 3.1248001098632812e+02,
       1.4976000976562500e+02, 2.2896000671386719e+02,
       7.6319999694824219e+01, 4.7520000457763672e+01,
       2.2032000732421875e+02, 1.3680000305175781e+02,
       2.0448001098632812e+02, 3.1795202636718750e+02,
       8.1216011047363281e+01, 3.1276803588867188e+02,
       6.3936004638671875e+01, 1.5552001953125000e+02,
       7.0502410888671875e+01, 3.2970245361328125e+02,
       1.4100482177734375e+02, 3.1850503540039062e+02,
       7.9626258850097656e+01, 1.2192771148681641e+02,
       1.1446274566650391e+02, 1.3436930847167969e+02,
       2.0653060913085938e+02 ]
