%YAML:1.0
---
descriptors: !!opencv-matrix
   rows: 4
   cols: 32
   dt: u
   data: [ 45, 113, 25, 71, 245, 31, 103, 184, 109, 232, 103, 76, 210,
       113, 13, 180, 144, 76, 82, 106, 193, 176, 121, 60, 103, 221, 5,
       52, 74, 179, 66, 160, 208, 168, 191, 112, 138, 233, 81, 23, 178,
       55, 166, 24, 55, 183, 64, 123, 35, 182, 109, 16, 58, 79, 162, 17,
       217, 227, 113, 121, 224, 192, 134, 107, 205, 116, 253, 101, 32,
       46, 103, 56, 121, 234, 119, 92, 223, 49, 153, 63, 54, 68, 116,
       110, 233, 244, 241, 10, 230, 251, 101, 4, 74, 241, 66, 49, 221,
       126, 253, 119, 41, 126, 91, 154, 251, 255, 191, 60, 223, 255, 207,
       191, 183, 213, 253, 18, 169, 71, 251, 226, 223, 255, 113, 191,
       194, 245, 79, 115 ]
keypoints: !!opencv-matrix
   rows: 4
   cols: 2
   dt: d
   data: [ 35., 70., 33., 123., 2.5090563964843750e+02,
       9.3312011718750000e+01, 2.4053762817382812e+02,
       1.7210882568359375e+02 ]
