%YAML:1.0
---
descriptors: !!opencv-matrix
   rows: 19
   cols: 32
   dt: u
   data: [ 129, 174, 223, 251, 236, 171, 237, 223, 126, 51, 242, 246,
       253, 235, 208, 105, 127, 239, 127, 156, 179, 252, 207, 243, 204,
       186, 255, 192, 204, 200, 225, 169, 129, 174, 223, 247, 180, 171,
       109, 191, 126, 179, 114, 244, 247, 99, 144, 105, 127, 110, 126,
       12, 179, 252, 79, 127, 236, 187, 119, 128, 236, 232, 193, 169,
       252, 60, 189, 118, 40, 111, 83, 152, 243, 250, 167, 24, 215, 87,
       73, 59, 129, 212, 124, 122, 41, 103, 251, 42, 211, 219, 97, 52,
       200, 241, 70, 115, 77, 65, 17, 71, 17, 94, 103, 184, 105, 160,
       111, 8, 211, 115, 9, 244, 16, 212, 104, 106, 73, 208, 249, 44,
       231, 252, 5, 20, 74, 179, 66, 32, 208, 186, 158, 56, 170, 168, 80,
       135, 170, 31, 160, 189, 183, 163, 66, 27, 167, 183, 109, 16, 58,
       79, 130, 51, 219, 227, 116, 121, 160, 64, 142, 27, 208, 176, 189,
       112, 136, 237, 81, 139, 178, 183, 164, 25, 55, 183, 72, 59, 129,
       183, 108, 16, 58, 79, 250, 3, 219, 195, 117, 125, 224, 64, 134,
       106, 248, 184, 253, 112, 137, 221, 81, 19, 226, 247, 164, 24, 59,
       149, 66, 59, 1, 150, 108, 24, 58, 111, 178, 1, 219, 203, 112, 57,
       226, 192, 70, 106, 208, 164, 157, 112, 170, 233, 81, 15, 178, 191,
       160, 57, 183, 183, 64, 27, 163, 183, 109, 16, 58, 79, 194, 19,
       217, 195, 117, 125, 160, 64, 135, 43, 182, 237, 246, 223, 188, 43,
       238, 232, 63, 178, 251, 26, 238, 232, 93, 83, 127, 239, 127, 227,
       232, 247, 203, 255, 190, 190, 207, 180, 149, 123, 227, 128, 109,
       101, 17, 71, 85, 95, 103, 168, 97, 224, 111, 8, 210, 81, 29, 180,
       24, 204, 80, 106, 73, 176, 249, 46, 39, 156, 5, 4, 74, 59, 82,
       164, 236, 113, 253, 103, 44, 95, 95, 152, 67, 250, 183, 8, 211,
       93, 217, 59, 156, 212, 125, 122, 73, 118, 249, 40, 231, 217, 101,
       52, 98, 251, 70, 115, 252, 116, 189, 119, 168, 110, 87, 152, 115,
       250, 167, 24, 215, 119, 73, 59, 145, 212, 124, 122, 41, 101, 251,
       42, 215, 251, 117, 52, 200, 241, 70, 115, 182, 229, 198, 159, 220,
       139, 238, 233, 63, 178, 251, 26, 234, 234, 125, 66, 123, 239, 127,
       243, 122, 243, 203, 255, 188, 62, 207, 164, 181, 123, 227, 128,
       37, 199, 197, 79, 244, 11, 239, 184, 118, 170, 123, 196, 81, 96,
       157, 116, 127, 204, 34, 110, 225, 240, 77, 46, 44, 46, 229, 132,
       109, 251, 240, 165, 148, 229, 222, 191, 188, 43, 254, 252, 62,
       178, 251, 10, 247, 234, 89, 82, 123, 239, 127, 227, 104, 247, 203,
       63, 252, 231, 239, 148, 37, 123, 225, 128, 124, 85, 125, 103, 176,
       78, 95, 184, 32, 170, 255, 8, 211, 119, 137, 114, 22, 212, 125,
       106, 233, 176, 249, 46, 239, 239, 101, 148, 96, 243, 194, 33, 237,
       113, 249, 103, 164, 79, 71, 184, 113, 234, 55, 8, 211, 125, 217,
       50, 28, 220, 84, 106, 201, 240, 249, 40, 231, 217, 37, 52, 98,
       251, 70, 113, 61, 103, 96, 71, 244, 27, 78, 248, 81, 226, 189,
       206, 67, 104, 159, 180, 92, 196, 20, 238, 237, 178, 109, 174, 50,
       205, 165, 180, 111, 255, 90, 132, 173, 113, 249, 103, 228, 79, 79,
       184, 81, 234, 119, 72, 211, 93, 217, 49, 28, 220, 84, 106, 233,
       244, 249, 42, 231, 217, 37, 180, 99, 251, 82, 225 ]
keypoints: !!opencv-matrix
   rows: 19
   cols: 2
   dt: d
   data: [ 79., 32., 48., 36., 198., 76., 296., 84., 332., 88., 304.,
       103., 81., 163., 3.0360000610351562e+02, 1.0320000457763672e+02,
       2.0640000915527344e+02, 1.1760000610351562e+02,
       3.0480001831054688e+02, 1.1760000610351562e+02,
       2.1480000305175781e+02, 1.5720001220703125e+02,
       1.9728001403808594e+02, 7.6319999694824219e+01,
       2.0736001586914062e+02, 1.2528000640869141e+02,
       1.2384000396728516e+02, 1.7856001281738281e+02,
       2.0908801269531250e+02, 1.3305601501464844e+02,
       2.1358082580566406e+02, 1.4929922485351562e+02,
       2.1358082580566406e+02, 1.5966722106933594e+02,
       1.3063682556152344e+02, 1.8455043029785156e+02,
       2.1150724792480469e+02, 1.6174084472656250e+02 ]
