%YAML:1.0
---
descriptors: !!opencv-matrix
   rows: 14
   cols: 32
   dt: u
   data: [ 130, 189, 158, 157, 213, 239, 180, 231, 190, 147, 74, 18, 188,
       186, 32, 73, 225, 123, 187, 17, 114, 253, 18, 255, 173, 54, 94,
       67, 128, 72, 165, 138, 216, 188, 159, 242, 170, 236, 81, 147, 182,
       219, 162, 56, 247, 247, 64, 123, 163, 247, 125, 16, 59, 77, 187,
       35, 217, 227, 117, 88, 160, 64, 135, 123, 100, 97, 57, 103, 5, 79,
       71, 56, 97, 224, 167, 8, 211, 17, 9, 48, 24, 196, 88, 106, 73,
       242, 249, 12, 229, 185, 1, 52, 64, 59, 70, 98, 236, 52, 188, 114,
       237, 109, 81, 154, 243, 191, 165, 24, 215, 241, 73, 27, 137, 212,
       108, 26, 42, 103, 251, 0, 223, 219, 117, 125, 194, 105, 70, 34,
       252, 112, 253, 114, 40, 109, 85, 152, 226, 190, 165, 24, 83, 213,
       73, 59, 9, 212, 108, 122, 40, 103, 250, 32, 219, 203, 117, 61,
       224, 249, 70, 99, 124, 85, 124, 231, 184, 78, 95, 184, 33, 168,
       191, 8, 211, 119, 137, 50, 22, 212, 125, 106, 104, 163, 249, 46,
       251, 239, 37, 148, 96, 243, 198, 35, 252, 112, 252, 118, 45, 93,
       87, 152, 195, 250, 181, 8, 223, 93, 89, 59, 136, 212, 253, 106,
       232, 103, 251, 160, 211, 217, 101, 61, 98, 187, 86, 51, 252, 60,
       188, 116, 201, 125, 84, 207, 147, 183, 164, 25, 75, 253, 69, 27,
       137, 214, 233, 16, 56, 111, 250, 162, 219, 211, 85, 63, 227, 124,
       78, 82, 101, 97, 57, 103, 29, 79, 71, 56, 96, 224, 233, 8, 210,
       81, 9, 48, 216, 84, 64, 106, 73, 178, 249, 12, 229, 184, 1, 20,
       64, 59, 66, 32, 248, 168, 236, 112, 205, 253, 81, 71, 243, 183,
       164, 24, 43, 169, 86, 59, 137, 166, 237, 24, 58, 111, 242, 147,
       219, 219, 84, 121, 195, 204, 214, 238, 252, 252, 253, 118, 168,
       237, 87, 254, 243, 190, 164, 24, 119, 245, 65, 59, 129, 246, 108,
       90, 106, 111, 250, 51, 251, 219, 117, 57, 224, 249, 198, 107, 37,
       119, 17, 71, 112, 15, 102, 184, 121, 168, 123, 76, 214, 115, 137,
       180, 148, 76, 70, 106, 225, 176, 217, 46, 165, 190, 37, 4, 72,
       243, 67, 161, 252, 120, 253, 118, 40, 92, 85, 156, 243, 190, 165,
       24, 91, 213, 73, 59, 163, 212, 108, 106, 105, 103, 250, 34, 211,
       219, 101, 60, 99, 241, 70, 35, 232, 184, 145, 240, 169, 237, 144,
       71, 155, 187, 168, 24, 182, 177, 64, 154, 137, 179, 104, 16, 59,
       111, 210, 18, 153, 150, 85, 122, 200, 72, 130, 10 ]
keypoints: !!opencv-matrix
   rows: 14
   cols: 2
   dt: d
   data: [ 73., 87., 337., 206., 274., 221., 2.4240000915527344e+02,
       6.9600006103515625e+01, 2.4120001220703125e+02, 72.,
       8.2800003051757812e+01, 8.1600006103515625e+01,
       8.1600006103515625e+01, 8.7600006103515625e+01,
       1.1760000610351562e+02, 9.9600006103515625e+01,
       2.7360000610351562e+02, 2.2080000305175781e+02,
       1.1664000701904297e+02, 9.3600006103515625e+01,
       3.3696002197265625e+02, 2.1168000793457031e+02,
       2.7504000854492188e+02, 2.2752000427246094e+02,
       2.4537602233886719e+02, 6.0480007171630859e+01,
       1.2026881408691406e+02, 9.7459213256835938e+01 ]
