%YAML:1.0
---
descriptors: !!opencv-matrix
   rows: 107
   cols: 32
   dt: u
   data: [ 207, 4, 237, 255, 44, 34, 205, 24, 157, 218, 151, 210, 219,
       111, 185, 107, 95, 228, 127, 175, 169, 197, 111, 202, 194, 251,
       251, 156, 150, 249, 112, 113, 222, 223, 246, 158, 190, 112, 159,
       252, 157, 222, 159, 247, 109, 255, 191, 103, 119, 211, 191, 231,
       245, 3, 46, 239, 250, 127, 239, 159, 183, 247, 181, 117, 161, 160,
       149, 219, 205, 173, 128, 143, 222, 51, 161, 24, 150, 216, 76, 27,
       201, 27, 106, 17, 50, 110, 218, 209, 141, 26, 93, 126, 216, 72,
       211, 162, 190, 223, 228, 243, 244, 59, 254, 183, 95, 119, 61, 183,
       235, 108, 159, 41, 223, 75, 151, 95, 242, 252, 109, 191, 238, 223,
       255, 244, 215, 253, 213, 253, 108, 49, 57, 103, 65, 79, 115, 56,
       105, 232, 111, 8, 223, 87, 9, 112, 148, 84, 112, 106, 65, 176,
       249, 12, 199, 253, 1, 4, 72, 179, 70, 178, 222, 221, 242, 254,
       251, 116, 94, 188, 185, 206, 157, 183, 109, 255, 127, 119, 247,
       243, 157, 227, 252, 71, 186, 239, 251, 255, 207, 223, 190, 247,
       165, 87, 175, 221, 236, 247, 180, 255, 223, 191, 95, 251, 61, 183,
       251, 124, 223, 43, 223, 115, 151, 95, 246, 252, 125, 191, 239,
       223, 255, 244, 215, 255, 213, 253, 252, 68, 23, 246, 141, 102, 84,
       174, 165, 182, 162, 19, 99, 55, 41, 91, 233, 214, 237, 226, 104,
       199, 217, 172, 243, 227, 197, 21, 35, 113, 228, 10, 191, 222, 228,
       247, 180, 191, 223, 190, 95, 255, 157, 183, 239, 124, 159, 175,
       223, 99, 189, 23, 255, 108, 111, 191, 174, 223, 255, 215, 223,
       255, 217, 125, 44, 113, 57, 97, 96, 79, 115, 24, 104, 232, 111, 8,
       215, 87, 9, 48, 16, 28, 68, 106, 65, 176, 249, 12, 231, 252, 33,
       52, 64, 179, 70, 179, 195, 24, 253, 253, 236, 173, 249, 31, 223,
       121, 214, 126, 255, 157, 244, 107, 239, 183, 127, 29, 147, 124,
       67, 209, 222, 250, 251, 208, 156, 136, 209, 57, 160, 156, 187,
       251, 220, 229, 167, 231, 222, 11, 72, 16, 180, 253, 32, 96, 201,
       122, 19, 17, 51, 190, 122, 63, 109, 158, 158, 72, 144, 88, 245,
       170, 15, 245, 83, 207, 242, 154, 111, 252, 125, 232, 126, 230, 89,
       247, 189, 244, 126, 252, 22, 238, 193, 146, 172, 239, 62, 188,
       167, 132, 47, 179, 98, 189, 212, 124, 157, 247, 168, 110, 71, 152,
       178, 250, 163, 88, 215, 119, 73, 123, 145, 84, 124, 106, 57, 69,
       251, 32, 233, 235, 101, 20, 192, 115, 6, 50, 83, 219, 238, 13, 34,
       18, 190, 188, 108, 76, 222, 231, 73, 46, 150, 98, 118, 197, 253,
       231, 197, 217, 173, 237, 54, 47, 238, 199, 45, 182, 57, 93, 64,
       28, 59, 237, 96, 111, 123, 18, 44, 74, 118, 72, 183, 23, 1, 121,
       164, 60, 93, 40, 161, 148, 49, 93, 199, 185, 32, 128, 0, 225, 71,
       243, 124, 93, 30, 236, 29, 70, 86, 56, 197, 128, 239, 0, 83, 115,
       33, 243, 208, 244, 252, 106, 104, 131, 91, 28, 251, 239, 197, 25,
       58, 58, 104, 2, 108, 113, 61, 103, 188, 79, 87, 184, 100, 172,
       175, 8, 211, 117, 9, 48, 144, 212, 108, 106, 72, 176, 249, 12,
       239, 255, 37, 53, 64, 187, 198, 99, 53, 239, 107, 111, 182, 155,
       239, 244, 100, 232, 255, 230, 115, 72, 191, 32, 126, 237, 22, 239,
       205, 177, 45, 61, 114, 173, 167, 128, 109, 187, 235, 217, 149, 75,
       111, 167, 54, 11, 207, 248, 68, 232, 151, 231, 243, 76, 187, 33,
       126, 228, 93, 239, 237, 177, 109, 61, 240, 233, 175, 148, 109,
       187, 80, 81, 244, 73, 47, 254, 12, 198, 71, 224, 212, 134, 130, 2,
       115, 209, 33, 67, 200, 244, 105, 235, 104, 231, 26, 45, 241, 227,
       197, 25, 48, 59, 116, 42, 35, 171, 119, 201, 108, 133, 248, 85,
       175, 25, 240, 224, 185, 142, 212, 102, 238, 187, 127, 221, 139,
       235, 199, 209, 158, 216, 170, 200, 77, 128, 99, 189, 205, 167,
       148, 183, 173, 47, 94, 188, 123, 186, 187, 92, 207, 98, 73, 159,
       151, 199, 108, 118, 189, 99, 203, 162, 172, 250, 101, 246, 202,
       243, 203, 5, 131, 180, 189, 217, 236, 173, 188, 191, 223, 59, 48,
       120, 188, 185, 92, 43, 135, 27, 127, 17, 179, 108, 203, 211, 15,
       26, 126, 254, 220, 72, 195, 155, 214, 223, 226, 222, 254, 50, 94,
       254, 155, 206, 156, 255, 108, 238, 255, 103, 119, 247, 191, 227,
       248, 71, 174, 255, 186, 126, 207, 158, 183, 247, 181, 117, 28,
       205, 15, 239, 149, 198, 79, 252, 132, 128, 207, 2, 115, 119, 57,
       96, 120, 246, 25, 234, 73, 129, 57, 63, 243, 239, 135, 17, 51,
       187, 244, 34, 229, 229, 169, 70, 156, 79, 71, 184, 80, 234, 169,
       72, 115, 113, 25, 48, 89, 198, 80, 110, 233, 98, 249, 47, 105,
       142, 197, 60, 89, 251, 82, 32, 220, 70, 156, 247, 168, 42, 109,
       184, 240, 190, 135, 16, 215, 99, 201, 123, 19, 86, 108, 42, 56,
       197, 235, 10, 232, 235, 103, 20, 160, 241, 133, 32, 246, 64, 214,
       254, 14, 10, 78, 168, 57, 178, 163, 154, 199, 107, 29, 91, 122,
       197, 109, 234, 104, 199, 207, 234, 144, 250, 203, 20, 37, 249,
       112, 0, 53, 97, 99, 5, 116, 75, 239, 120, 101, 224, 123, 206, 83,
       0, 189, 52, 122, 204, 22, 110, 201, 178, 44, 14, 52, 44, 33, 132,
       109, 187, 114, 244, 119, 227, 140, 167, 172, 26, 78, 168, 130,
       190, 147, 237, 199, 104, 90, 67, 145, 197, 237, 231, 140, 65, 207,
       40, 234, 227, 237, 181, 172, 255, 152, 1, 83, 123, 238, 5, 50, 2,
       191, 176, 108, 228, 222, 231, 241, 46, 151, 66, 54, 229, 125, 231,
       205, 209, 165, 109, 244, 46, 170, 128, 13, 183, 63, 93, 1, 156,
       27, 253, 182, 174, 173, 119, 60, 11, 90, 70, 181, 179, 32, 96,
       119, 127, 22, 9, 179, 152, 16, 111, 237, 166, 62, 128, 136, 192,
       161, 169, 248, 236, 188, 118, 141, 237, 85, 143, 243, 55, 164, 24,
       179, 243, 64, 59, 137, 246, 104, 24, 58, 111, 250, 51, 219, 223,
       85, 121, 226, 88, 198, 42, 32, 172, 214, 255, 236, 169, 236, 239,
       254, 51, 224, 210, 165, 235, 84, 75, 107, 239, 107, 137, 114, 249,
       203, 243, 188, 186, 223, 36, 149, 248, 243, 136, 43, 189, 160, 91,
       253, 189, 241, 215, 219, 253, 124, 77, 170, 236, 246, 180, 141,
       42, 82, 29, 151, 122, 242, 247, 47, 30, 21, 234, 219, 220, 218,
       255, 128, 172, 212, 153, 252, 171, 232, 207, 126, 179, 226, 210,
       229, 227, 20, 73, 107, 239, 106, 153, 50, 252, 203, 115, 156, 178,
       223, 68, 213, 72, 227, 136, 160, 172, 214, 187, 204, 171, 236,
       207, 62, 179, 226, 210, 229, 226, 84, 73, 107, 239, 106, 153, 50,
       255, 207, 115, 156, 162, 223, 96, 149, 88, 241, 136, 162, 172,
       212, 217, 252, 171, 232, 207, 255, 19, 242, 82, 164, 170, 84, 75,
       235, 171, 107, 153, 58, 254, 195, 243, 156, 186, 222, 64, 213, 72,
       227, 136, 198, 242, 237, 165, 170, 75, 59, 184, 46, 252, 23, 231,
       213, 119, 195, 66, 55, 85, 125, 246, 193, 84, 237, 72, 236, 3,
       111, 180, 164, 243, 5, 113, 10, 141, 34, 190, 221, 197, 182, 231,
       159, 15, 72, 19, 172, 255, 50, 64, 201, 123, 187, 129, 114, 155,
       82, 255, 175, 119, 158, 75, 146, 92, 181, 202, 129, 166, 157, 249,
       236, 45, 172, 191, 94, 59, 48, 120, 180, 187, 200, 11, 135, 27,
       127, 17, 179, 124, 203, 83, 140, 154, 126, 228, 216, 72, 129, 169,
       212, 77, 206, 167, 140, 10, 71, 168, 116, 166, 142, 3, 215, 99,
       27, 83, 113, 196, 108, 234, 104, 209, 201, 42, 241, 231, 231, 21,
       32, 243, 180, 2, 82, 9, 122, 237, 126, 137, 250, 101, 173, 160,
       250, 138, 47, 139, 52, 80, 234, 175, 127, 205, 72, 187, 129, 252,
       182, 248, 138, 49, 21, 138, 91, 138, 160, 172, 157, 187, 220, 237,
       165, 143, 94, 19, 64, 16, 180, 177, 64, 104, 193, 26, 58, 24, 51,
       110, 115, 51, 205, 150, 86, 120, 144, 72, 149, 170, 231, 166, 196,
       3, 172, 57, 142, 136, 91, 191, 155, 253, 192, 96, 223, 143, 93,
       70, 236, 191, 190, 70, 207, 242, 44, 18, 205, 252, 142, 255, 216,
       4, 229, 113, 25, 101, 48, 79, 87, 184, 120, 232, 43, 8, 214, 55,
       9, 48, 144, 84, 104, 106, 73, 240, 249, 14, 229, 253, 37, 20, 64,
       51, 70, 34, 52, 181, 177, 122, 221, 237, 86, 237, 211, 185, 168,
