%YAML:1.0
---
descriptors: !!opencv-matrix
   rows: 24
   cols: 32
   dt: u
   data: [ 212, 89, 127, 103, 168, 78, 79, 188, 224, 236, 182, 100, 247,
       119, 145, 115, 38, 244, 125, 106, 233, 225, 249, 44, 243, 235,
       101, 144, 96, 179, 196, 121, 252, 52, 189, 114, 173, 125, 83, 152,
       251, 251, 181, 24, 223, 253, 75, 59, 145, 214, 253, 26, 59, 103,
       251, 34, 223, 219, 85, 127, 194, 107, 70, 115, 112, 168, 189, 112,
       136, 237, 81, 159, 162, 55, 164, 24, 55, 247, 64, 27, 1, 150, 109,
       24, 58, 111, 242, 19, 219, 227, 117, 121, 224, 192, 134, 106, 236,
       101, 157, 119, 137, 110, 71, 168, 115, 186, 161, 24, 215, 115, 73,
       59, 153, 214, 108, 106, 105, 103, 219, 42, 253, 219, 69, 60, 192,
       115, 194, 34, 37, 101, 17, 71, 85, 15, 102, 184, 113, 160, 235, 8,
       211, 113, 29, 180, 24, 204, 80, 106, 73, 176, 217, 46, 39, 158, 5,
       4, 75, 51, 82, 160, 252, 102, 140, 183, 168, 40, 92, 138, 178,
       190, 135, 185, 199, 107, 91, 91, 1, 196, 237, 55, 108, 69, 203,
       34, 202, 227, 253, 189, 164, 249, 158, 66, 205, 245, 188, 103,
       176, 14, 127, 184, 59, 170, 47, 8, 223, 115, 73, 50, 151, 86, 125,
       106, 96, 208, 249, 42, 239, 255, 37, 52, 138, 243, 131, 35, 212,
       190, 159, 247, 170, 168, 85, 183, 182, 191, 162, 121, 247, 243,
       64, 91, 167, 247, 109, 16, 58, 77, 139, 35, 249, 227, 119, 88,
       168, 113, 135, 11, 108, 229, 148, 99, 221, 127, 70, 168, 115, 178,
       173, 8, 195, 113, 73, 182, 145, 206, 104, 122, 58, 114, 249, 50,
       175, 223, 5, 117, 210, 123, 202, 2, 109, 101, 16, 79, 221, 31, 70,
       172, 115, 160, 237, 8, 227, 96, 29, 180, 216, 204, 96, 110, 108,
       242, 217, 62, 47, 222, 5, 60, 66, 123, 218, 132, 216, 188, 191,
       246, 170, 232, 85, 151, 178, 31, 166, 56, 183, 247, 64, 27, 39,
       247, 109, 16, 58, 79, 162, 51, 217, 227, 116, 121, 160, 192, 167,
       107, 248, 188, 188, 112, 169, 237, 85, 191, 251, 187, 166, 24,
       191, 245, 64, 59, 129, 246, 108, 24, 58, 111, 250, 51, 219, 219,
       117, 121, 194, 64, 198, 43, 124, 101, 188, 103, 156, 79, 71, 184,
       114, 174, 191, 8, 211, 113, 73, 114, 88, 212, 109, 106, 104, 242,
       233, 14, 255, 239, 101, 20, 96, 251, 70, 34, 28, 205, 14, 174,
       156, 163, 110, 255, 134, 128, 219, 2, 115, 235, 57, 64, 121, 235,
       31, 227, 120, 169, 9, 191, 248, 231, 175, 144, 181, 251, 176, 8,
       134, 236, 214, 159, 252, 171, 174, 238, 62, 179, 250, 18, 236,
       234, 73, 75, 123, 239, 110, 178, 50, 255, 203, 255, 188, 54, 223,
       204, 133, 121, 225, 136, 108, 103, 189, 111, 60, 75, 71, 184, 116,
       174, 255, 40, 215, 115, 137, 18, 216, 212, 108, 106, 104, 242,
       233, 14, 229, 255, 101, 21, 64, 251, 70, 35, 96, 32, 57, 101, 0,
       79, 65, 56, 96, 224, 171, 8, 211, 23, 9, 50, 152, 148, 104, 40, 9,
       178, 209, 12, 197, 188, 1, 52, 64, 34, 70, 34, 220, 205, 94, 191,
       142, 2, 79, 188, 181, 144, 215, 2, 255, 107, 57, 67, 114, 231,
       125, 234, 104, 193, 11, 173, 242, 235, 239, 148, 37, 179, 161, 8,
       128, 173, 214, 157, 252, 171, 236, 239, 63, 179, 250, 26, 236,
       234, 0, 73, 123, 239, 110, 144, 50, 250, 203, 255, 60, 54, 223,
       76, 197, 120, 227, 136, 197, 180, 181, 83, 172, 111, 165, 158,
       250, 251, 3, 92, 214, 116, 220, 47, 133, 70, 120, 26, 179, 100,
       251, 114, 77, 26, 117, 116, 200, 121, 211, 113, 124, 99, 200, 39,
       184, 75, 87, 168, 51, 236, 189, 169, 67, 109, 203, 16, 27, 220,
       237, 98, 76, 114, 201, 62, 254, 229, 37, 181, 97, 251, 70, 83,
       248, 188, 151, 116, 169, 237, 80, 71, 187, 27, 160, 24, 191, 191,
       64, 187, 163, 179, 236, 16, 63, 79, 146, 19, 219, 211, 84, 123,
       226, 64, 142, 27, 52, 119, 121, 101, 52, 79, 71, 56, 97, 168, 190,
       104, 211, 21, 137, 176, 216, 220, 76, 106, 233, 178, 113, 12, 231,
       253, 37, 52, 96, 186, 86, 32, 197, 172, 157, 81, 140, 125, 196,
       143, 250, 251, 134, 24, 214, 248, 93, 171, 129, 70, 120, 25, 55,
       109, 251, 50, 139, 219, 117, 125, 200, 120, 219, 4 ]
keypoints: !!opencv-matrix
   rows: 24
   cols: 2
   dt: d
   data: [ 207., 42., 307., 103., 139., 121., 312., 164., 303., 167.,
       178., 176., 1.6560000610351562e+02, 66., 3.0840002441406250e+02,
       156., 3.0720001220703125e+02, 1.6560000610351562e+02,
       3.0360000610351562e+02, 1.6680000305175781e+02,
       3.5520001220703125e+02, 168., 1.0560000610351562e+02,
       2.0640000915527344e+02, 1.2720000457763672e+02,
       2.3400001525878906e+02, 2.8512002563476562e+02,
       9.7920005798339844e+01, 2.3184001159667969e+02,
       1.2096000671386719e+02, 1.2528000640869141e+02,
       2.3472001647949219e+02, 1.0713600921630859e+02,
       8.2944007873535156e+01, 2.8684802246093750e+02,
       9.8496009826660156e+01, 2.3500802612304688e+02,
       1.3824002075195312e+02, 1.0540801239013672e+02,
       1.9008001708984375e+02, 9.9532814025878906e+01,
       1.4307841491699219e+02, 1.0575361633300781e+02,
       2.0528642272949219e+02, 1.3271041870117188e+02,
       2.3431683349609375e+02, 1.0450946807861328e+02,
       1.8662403869628906e+02 ]
