%YAML:1.0
---
descriptors: !!opencv-matrix
   rows: 13
   cols: 32
   dt: u
   data: [ 129, 170, 223, 249, 236, 169, 233, 83, 254, 123, 242, 244,
       189, 163, 208, 105, 111, 171, 127, 156, 179, 252, 231, 211, 204,
       187, 250, 192, 140, 200, 227, 169, 216, 188, 159, 242, 168, 236,
       81, 151, 182, 219, 162, 56, 247, 247, 64, 123, 163, 247, 125, 16,
       59, 77, 187, 35, 217, 231, 117, 88, 160, 64, 135, 123, 100, 97,
       57, 103, 5, 79, 71, 56, 96, 224, 167, 8, 211, 17, 9, 50, 24, 196,
       88, 106, 73, 242, 249, 12, 229, 185, 1, 52, 64, 59, 70, 98, 252,
       120, 253, 114, 40, 109, 85, 152, 243, 190, 165, 24, 83, 213, 73,
       59, 9, 212, 108, 122, 40, 103, 250, 32, 219, 203, 117, 61, 225,
       249, 70, 35, 124, 85, 92, 231, 184, 78, 95, 184, 33, 170, 191, 8,
       211, 119, 137, 18, 22, 212, 125, 106, 104, 163, 249, 46, 251, 239,
       37, 148, 96, 243, 198, 35, 252, 112, 252, 118, 45, 93, 87, 152,
       195, 186, 181, 8, 223, 93, 89, 59, 136, 212, 253, 106, 232, 103,
       251, 160, 211, 217, 101, 61, 98, 187, 86, 51, 101, 101, 25, 103,
       21, 79, 71, 56, 96, 224, 235, 8, 210, 17, 9, 48, 152, 84, 64, 106,
       73, 178, 249, 12, 229, 188, 1, 52, 64, 59, 66, 32, 69, 117, 17,
       103, 116, 15, 102, 184, 121, 170, 123, 76, 214, 115, 9, 52, 148,
       92, 68, 106, 225, 240, 217, 46, 165, 190, 37, 4, 72, 243, 66, 161,
       252, 112, 253, 118, 40, 76, 85, 156, 243, 186, 165, 24, 91, 213,
       73, 59, 163, 212, 108, 106, 105, 103, 250, 34, 243, 219, 101, 60,
       98, 241, 70, 99, 252, 252, 253, 118, 168, 237, 85, 255, 243, 191,
       164, 56, 119, 247, 72, 59, 131, 246, 108, 10, 122, 111, 250, 51,
       251, 235, 117, 57, 224, 209, 198, 107, 37, 119, 0, 71, 116, 15,
       70, 184, 94, 232, 107, 76, 210, 96, 29, 180, 152, 76, 64, 110,
       201, 176, 89, 30, 37, 158, 37, 52, 72, 187, 90, 133, 248, 121,
       127, 102, 168, 76, 85, 189, 161, 188, 174, 8, 115, 247, 193, 19,
       38, 246, 108, 106, 72, 99, 250, 40, 243, 233, 101, 60, 96, 242,
       198, 123, 104, 188, 145, 176, 201, 237, 144, 71, 155, 187, 160,
       24, 182, 177, 64, 154, 137, 179, 104, 16, 27, 111, 210, 19, 153,
       150, 85, 122, 200, 72, 130, 10 ]
keypoints: !!opencv-matrix
   rows: 13
   cols: 2
   dt: d
   data: [ 31., 93., 337., 206., 274., 221., 2.4120001220703125e+02, 72.,
       8.2800003051757812e+01, 8.1600006103515625e+01,
       8.1600006103515625e+01, 8.7600006103515625e+01,
       2.7360000610351562e+02, 2.2080000305175781e+02,
       2.7480001831054688e+02, 2.2800001525878906e+02,
       2.4537602233886719e+02, 6.0480007171630859e+01,
       3.3696002197265625e+02, 2.1081602478027344e+02,
       2.7302401733398438e+02, 2.2118402099609375e+02,
       2.3846403503417969e+02, 7.0502410888671875e+01,
       1.2026881408691406e+02, 9.7459213256835938e+01 ]
