%YAML:1.0
---
descriptors: !!opencv-matrix
   rows: 122
   cols: 32
   dt: u
   data: [ 125, 97, 173, 102, 141, 79, 71, 184, 65, 244, 173, 8, 83, 113,
       89, 63, 88, 212, 104, 106, 73, 99, 251, 40, 243, 201, 197, 60, 99,
       251, 86, 96, 193, 174, 151, 62, 168, 44, 100, 143, 251, 59, 42,
       88, 143, 226, 192, 159, 129, 207, 108, 13, 54, 77, 202, 115, 156,
       246, 86, 58, 200, 81, 195, 13, 250, 188, 190, 250, 169, 253, 93,
       215, 179, 95, 164, 29, 63, 191, 66, 27, 167, 179, 253, 20, 58, 79,
       178, 179, 219, 219, 84, 123, 242, 192, 166, 251, 216, 189, 188,
       250, 173, 205, 93, 255, 190, 119, 164, 25, 191, 255, 66, 27, 135,
       115, 255, 2, 122, 109, 250, 183, 251, 219, 85, 125, 210, 88, 135,
       123, 222, 85, 246, 222, 47, 86, 62, 232, 189, 206, 215, 167, 108,
       254, 55, 215, 246, 245, 255, 227, 228, 199, 187, 206, 179, 123,
       207, 143, 6, 183, 45, 87, 220, 188, 188, 243, 153, 237, 93, 191,
       190, 255, 172, 24, 159, 191, 66, 59, 161, 247, 125, 24, 58, 73,
       186, 54, 219, 219, 127, 125, 192, 64, 135, 122, 213, 65, 93, 111,
       40, 74, 79, 184, 96, 160, 163, 64, 215, 115, 137, 115, 50, 212,
       124, 106, 105, 196, 233, 44, 224, 235, 101, 20, 32, 179, 66, 32,
       248, 188, 191, 244, 169, 236, 93, 151, 187, 223, 180, 25, 159,
       191, 66, 123, 197, 215, 125, 144, 58, 79, 242, 3, 219, 251, 246,
       249, 128, 64, 230, 115, 159, 156, 254, 255, 182, 182, 189, 247,
       189, 95, 214, 182, 253, 255, 190, 107, 247, 255, 191, 133, 181,
       221, 43, 239, 222, 255, 255, 194, 167, 236, 177, 241, 239, 189,
       245, 118, 237, 255, 213, 255, 91, 251, 245, 28, 90, 125, 222, 189,
       221, 254, 247, 42, 189, 118, 251, 180, 127, 219, 117, 255, 223,
       253, 222, 247, 69, 71, 16, 135, 112, 14, 110, 184, 124, 170, 123,
       68, 213, 99, 153, 112, 18, 76, 78, 110, 225, 144, 77, 110, 164,
       190, 39, 132, 8, 243, 67, 161, 173, 253, 125, 94, 253, 127, 223,
       252, 95, 255, 253, 56, 90, 253, 222, 55, 223, 222, 247, 111, 249,
       114, 251, 255, 127, 223, 101, 254, 87, 255, 214, 245, 222, 253,
       242, 251, 187, 127, 126, 252, 63, 110, 246, 163, 239, 127, 15,
       245, 183, 223, 255, 230, 228, 213, 185, 255, 191, 255, 79, 167,
       166, 247, 47, 95, 235, 190, 255, 90, 252, 253, 253, 215, 255, 127,
       116, 124, 186, 253, 214, 63, 207, 242, 247, 28, 183, 126, 254,
       243, 95, 223, 116, 234, 215, 204, 214, 255, 216, 188, 158, 240,
       169, 173, 80, 215, 235, 155, 164, 24, 191, 187, 64, 27, 161, 183,
       252, 16, 59, 111, 146, 51, 219, 251, 85, 123, 202, 64, 203, 11,
       215, 204, 254, 255, 190, 50, 254, 254, 189, 211, 215, 146, 221,
       238, 189, 106, 119, 231, 127, 175, 180, 205, 175, 238, 254, 255,
       255, 196, 164, 243, 161, 113, 175, 180, 224, 222, 253, 245, 222,
       255, 95, 234, 245, 63, 250, 253, 254, 56, 223, 235, 151, 167, 238,
       102, 234, 255, 127, 95, 189, 190, 95, 253, 246, 215, 108, 99, 24,
       103, 44, 31, 86, 184, 105, 168, 247, 77, 223, 105, 9, 146, 148,
       196, 108, 110, 72, 240, 201, 12, 230, 249, 33, 53, 74, 179, 74, 3,
       248, 188, 191, 250, 169, 237, 93, 215, 187, 95, 180, 25, 63, 191,
       66, 27, 173, 179, 253, 16, 58, 79, 178, 51, 219, 223, 124, 249,
       224, 64, 166, 123, 245, 112, 125, 103, 40, 79, 83, 56, 105, 252,
       183, 40, 215, 93, 137, 51, 150, 212, 125, 106, 201, 229, 249, 12,
       195, 251, 97, 148, 96, 187, 70, 115, 68, 245, 17, 103, 241, 111,
       103, 185, 104, 234, 107, 76, 214, 117, 8, 48, 145, 94, 72, 106,
       81, 176, 249, 46, 229, 188, 5, 20, 72, 115, 195, 35, 208, 156,
       191, 244, 172, 236, 81, 23, 186, 95, 150, 61, 183, 191, 66, 91,
       199, 119, 125, 17, 59, 79, 242, 35, 219, 243, 126, 251, 128, 64,
       135, 123, 159, 156, 254, 255, 190, 182, 191, 255, 189, 219, 214,
       183, 221, 255, 182, 75, 247, 247, 191, 161, 176, 221, 43, 239,
       250, 255, 255, 198, 183, 237, 161, 91, 224, 160, 149, 147, 141,
       237, 17, 15, 218, 51, 161, 24, 150, 52, 76, 63, 129, 19, 106, 16,
       51, 110, 251, 83, 141, 146, 81, 126, 208, 72, 135, 34, 240, 170,
       222, 112, 169, 169, 80, 71, 179, 183, 166, 153, 35, 235, 70, 27,
       11, 246, 237, 16, 62, 111, 194, 177, 218, 242, 85, 123, 226, 192,
       206, 10, 62, 245, 100, 239, 61, 95, 254, 248, 95, 252, 189, 11,
       203, 125, 94, 164, 255, 221, 255, 111, 254, 240, 123, 223, 175,
       223, 143, 183, 87, 191, 221, 215, 69, 103, 16, 7, 48, 14, 110,
       184, 121, 160, 107, 76, 199, 98, 157, 212, 150, 77, 108, 110, 197,
       240, 205, 108, 164, 188, 7, 4, 72, 179, 11, 4, 45, 103, 16, 103,
       52, 15, 118, 184, 109, 168, 123, 76, 223, 81, 9, 144, 144, 76, 76,
       110, 196, 176, 73, 12, 230, 253, 33, 20, 74, 187, 74, 1, 248, 73,
       30, 124, 9, 78, 87, 228, 177, 166, 166, 9, 99, 243, 35, 87, 200,
       244, 233, 98, 104, 231, 146, 44, 243, 227, 69, 25, 98, 49, 102,
       106, 96, 160, 149, 248, 137, 237, 17, 143, 155, 55, 160, 24, 166,
       188, 76, 31, 129, 19, 104, 16, 26, 111, 242, 49, 153, 146, 84,
       127, 208, 72, 135, 42, 222, 253, 246, 247, 243, 14, 126, 252, 63,
       234, 254, 179, 237, 255, 13, 81, 183, 223, 255, 226, 240, 211,
       137, 254, 255, 255, 111, 134, 166, 247, 163, 83, 222, 245, 246,
       247, 251, 122, 127, 255, 63, 238, 255, 187, 109, 255, 143, 244,
       247, 255, 255, 226, 244, 211, 169, 238, 255, 255, 15, 135, 166,
       246, 175, 87, 94, 253, 118, 231, 243, 94, 126, 252, 63, 238, 255,
       163, 111, 255, 31, 212, 247, 255, 255, 226, 236, 211, 185, 254,
       191, 255, 7, 135, 39, 247, 47, 95, 228, 172, 189, 95, 141, 237,
       135, 142, 218, 55, 44, 24, 246, 241, 72, 42, 129, 114, 104, 26,
       50, 108, 251, 51, 109, 159, 85, 125, 208, 89, 212, 106, 238, 247,
       118, 199, 255, 27, 255, 248, 121, 238, 255, 174, 78, 237, 159, 20,
       191, 221, 247, 234, 228, 243, 173, 238, 126, 255, 37, 135, 103,
       247, 111, 209, 222, 222, 246, 254, 190, 54, 254, 254, 189, 218,
       223, 247, 205, 238, 189, 107, 247, 247, 255, 167, 176, 197, 43,
       239, 250, 255, 255, 196, 166, 255, 161, 81, 239, 188, 246, 218,
       239, 253, 252, 255, 255, 95, 116, 61, 172, 255, 198, 191, 175,
       251, 247, 20, 182, 127, 170, 243, 95, 251, 87, 235, 215, 212, 239,
       223, 239, 189, 252, 87, 253, 253, 255, 255, 255, 123, 126, 56,
       250, 253, 158, 55, 191, 254, 247, 10, 247, 126, 235, 255, 127,
       127, 117, 251, 215, 252, 206, 253, 108, 99, 24, 103, 44, 31, 86,
       184, 97, 172, 247, 73, 207, 65, 9, 144, 144, 196, 236, 110, 76,
       240, 201, 12, 230, 249, 37, 53, 66, 187, 74, 3, 205, 166, 148, 54,
       169, 45, 68, 191, 251, 187, 170, 92, 206, 226, 72, 159, 129, 71,
       108, 28, 191, 109, 219, 51, 152, 218, 85, 126, 200, 100, 203, 4,
       213, 172, 150, 62, 184, 172, 76, 199, 250, 51, 160, 88, 166, 226,
       81, 155, 161, 103, 108, 29, 55, 77, 138, 115, 184, 182, 87, 120,
       200, 81, 195, 12, 248, 188, 189, 250, 173, 253, 85, 246, 191, 127,
       164, 24, 63, 255, 96, 59, 129, 243, 253, 26, 58, 111, 250, 179,
       251, 219, 85, 123, 242, 89, 199, 123, 248, 252, 190, 250, 169,
       237, 85, 215, 186, 95, 164, 25, 191, 255, 98, 27, 161, 243, 253,
       16, 58, 79, 186, 51, 251, 211, 126, 123, 130, 80, 167, 123, 216,
       189, 189, 242, 169, 237, 85, 183, 191, 251, 166, 24, 191, 183, 64,
       27, 133, 247, 253, 16, 59, 77, 251, 51, 219, 219, 85, 127, 130,
       64, 199, 123, 216, 188, 189, 246, 169, 236, 21, 23, 186, 255, 166,
       25, 191, 191, 66, 91, 135, 119, 253, 17, 51, 77, 243, 35, 219,
       243, 126, 121, 128, 64, 135, 123, 208, 52, 191, 243, 40, 238, 89,
       19, 190, 251, 183, 113, 223, 127, 8, 123, 199, 181, 125, 145, 185,
       197, 123, 70, 193, 219, 251, 208, 128, 64, 165, 115, 120, 186,
       184, 120, 170, 236, 81, 83, 178, 61, 180, 61, 55, 183, 192, 26, 7,
       182, 109, 24, 26, 75, 226, 49, 219, 225, 113, 248, 224, 192, 134,
       115, 109, 117, 61, 237, 189, 79, 87, 189, 87, 234, 254, 44, 223,
