%YAML:1.0
---
descriptors: !!opencv-matrix
   rows: 15
   cols: 32
   dt: u
   data: [ 30, 117, 242, 238, 61, 95, 254, 232, 125, 172, 255, 11, 75,
       253, 63, 132, 254, 221, 255, 227, 204, 179, 249, 238, 179, 255,
       143, 135, 119, 119, 103, 215, 62, 121, 114, 238, 253, 95, 222,
       232, 61, 172, 255, 15, 74, 252, 63, 196, 254, 221, 255, 227, 204,
       179, 217, 236, 183, 255, 143, 151, 119, 63, 110, 87, 129, 186,
       207, 187, 236, 169, 233, 214, 190, 123, 242, 246, 245, 203, 208,
       75, 111, 111, 127, 157, 163, 252, 207, 113, 204, 170, 255, 192,
       140, 200, 225, 177, 131, 174, 255, 249, 236, 169, 233, 215, 191,
       91, 242, 246, 189, 239, 212, 107, 239, 43, 127, 157, 179, 252,
       231, 241, 206, 251, 254, 192, 140, 200, 161, 185, 52, 245, 122,
       238, 252, 71, 255, 248, 118, 204, 253, 11, 83, 253, 59, 80, 254,
       221, 87, 227, 200, 179, 249, 62, 247, 237, 167, 141, 117, 187,
       102, 211, 220, 180, 189, 240, 169, 236, 93, 23, 187, 255, 143, 25,
       159, 191, 74, 123, 135, 151, 253, 17, 59, 79, 242, 130, 219, 243,
       127, 255, 130, 64, 135, 115, 202, 180, 188, 240, 169, 253, 17, 7,
       187, 127, 164, 25, 142, 159, 66, 27, 129, 19, 249, 16, 50, 77,
       242, 211, 207, 211, 90, 127, 146, 68, 135, 90, 252, 112, 189, 118,
       45, 93, 87, 152, 243, 254, 181, 24, 223, 93, 75, 59, 140, 212,
       253, 106, 233, 103, 251, 32, 211, 219, 101, 60, 98, 185, 70, 115,
       130, 136, 158, 184, 203, 225, 49, 199, 158, 23, 68, 17, 172, 183,
       98, 73, 193, 59, 163, 17, 50, 79, 18, 247, 217, 247, 94, 107, 144,
       4, 165, 202, 54, 84, 122, 238, 92, 87, 250, 232, 61, 164, 255, 11,
       71, 223, 63, 80, 250, 253, 255, 227, 76, 179, 185, 254, 247, 237,
       167, 159, 117, 59, 110, 210, 52, 21, 123, 238, 116, 71, 239, 120,
       84, 168, 123, 66, 81, 245, 57, 32, 124, 252, 23, 234, 201, 178,
       121, 62, 117, 173, 163, 36, 117, 171, 118, 240, 1, 174, 223, 249,
       236, 169, 233, 87, 254, 83, 250, 246, 181, 171, 240, 107, 111,
       171, 127, 156, 147, 248, 231, 209, 220, 187, 254, 192, 188, 200,
       225, 169, 129, 166, 255, 249, 236, 169, 233, 87, 254, 83, 242,
       246, 189, 171, 240, 107, 111, 171, 127, 157, 179, 252, 231, 211,
       220, 251, 250, 232, 156, 200, 225, 169, 138, 172, 182, 154, 219,
       241, 180, 231, 159, 23, 236, 17, 172, 254, 102, 193, 193, 59, 235,
       17, 118, 79, 146, 247, 59, 87, 94, 107, 146, 76, 173, 206, 21,
       207, 67, 143, 182, 130, 238, 252, 84, 64, 218, 230, 113, 96, 185,
       100, 126, 238, 6, 239, 201, 184, 13, 127, 52, 44, 167, 128, 61,
       187, 240, 172 ]
keypoints: !!opencv-matrix
   rows: 15
   cols: 2
   dt: d
   data: [ 79., 217., 6.9600006103515625e+01, 2.1840000915527344e+02,
       3.7200000762939453e+01, 1.3080000305175781e+02,
       6.2400001525878906e+01, 1.2720000457763672e+02,
       8.8800003051757812e+01, 2.1600001525878906e+02,
       1.8576000976562500e+02, 1.0656000518798828e+02,
       1.0713600921630859e+02, 2.1081602478027344e+02,
       2.0044801330566406e+02, 2.0217602539062500e+02,
       9.3312011718750000e+01, 1.2268801116943359e+02,
       7.7760009765625000e+01, 2.1772802734375000e+02,
       8.8128005981445312e+01, 2.1600001525878906e+02,
       5.7024005889892578e+01, 1.2787200927734375e+02,
       6.2208007812500000e+01, 1.2787200927734375e+02,
       1.0368000793457031e+02, 2.0736001586914062e+02,
       1.1197441864013672e+02, 2.1772802734375000e+02 ]
