%YAML:1.0
---
descriptors: !!opencv-matrix
   rows: 86
   cols: 32
   dt: u
   data: [ 93, 116, 189, 183, 168, 126, 95, 156, 63, 251, 159, 125, 223,
       255, 219, 122, 183, 215, 125, 191, 189, 65, 251, 34, 251, 255,
       111, 212, 168, 243, 139, 81, 153, 140, 251, 249, 212, 231, 239,
       223, 22, 3, 70, 18, 125, 223, 48, 96, 123, 187, 51, 153, 115, 190,
       19, 191, 253, 207, 159, 64, 181, 216, 177, 170, 35, 181, 169, 187,
       221, 197, 221, 239, 94, 91, 72, 21, 176, 253, 124, 96, 217, 11,
       19, 29, 219, 58, 115, 183, 109, 30, 158, 104, 152, 72, 240, 250,
       134, 176, 185, 202, 238, 101, 179, 216, 31, 123, 145, 127, 220,
       252, 108, 105, 255, 25, 251, 179, 179, 103, 251, 210, 29, 22, 75,
       255, 221, 107, 37, 243, 29, 223, 111, 238, 182, 130, 79, 252, 132,
       64, 222, 230, 123, 111, 184, 97, 126, 231, 29, 239, 217, 139, 45,
       189, 242, 237, 175, 144, 63, 187, 176, 121, 252, 36, 189, 101,
       140, 111, 85, 168, 114, 182, 167, 24, 211, 117, 73, 59, 145, 212,
       104, 42, 40, 117, 249, 0, 203, 219, 69, 52, 192, 121, 70, 34, 212,
       68, 142, 182, 14, 98, 78, 8, 180, 146, 131, 19, 87, 107, 57, 75,
       105, 229, 105, 227, 104, 199, 155, 10, 211, 227, 203, 21, 33, 121,
       52, 2, 109, 241, 57, 103, 116, 15, 99, 184, 97, 160, 111, 72, 211,
       81, 25, 52, 20, 204, 114, 106, 201, 176, 249, 40, 103, 188, 1, 4,
       66, 187, 66, 32, 128, 220, 31, 255, 156, 229, 135, 231, 150, 67,
       200, 16, 180, 247, 33, 97, 201, 122, 59, 9, 43, 239, 114, 63, 233,
       167, 158, 8, 144, 88, 181, 170, 0, 141, 9, 251, 148, 229, 195,
       167, 86, 1, 72, 16, 183, 245, 32, 96, 217, 58, 18, 24, 59, 184,
       114, 63, 237, 167, 150, 72, 144, 72, 148, 234, 238, 221, 224, 254,
       245, 180, 94, 191, 27, 219, 157, 191, 253, 127, 159, 121, 223,
       243, 149, 183, 251, 78, 106, 239, 254, 255, 255, 206, 182, 255,
       244, 93, 6, 143, 186, 222, 244, 131, 182, 227, 158, 6, 255, 2,
       228, 251, 53, 64, 217, 123, 3, 147, 114, 187, 74, 255, 109, 54,
       143, 11, 149, 122, 241, 138, 5, 221, 11, 238, 212, 199, 239, 247,
       70, 8, 89, 66, 113, 247, 48, 96, 248, 122, 19, 203, 203, 187, 26,
       63, 117, 172, 175, 8, 25, 26, 241, 168, 93, 222, 239, 119, 178,
       58, 111, 191, 116, 239, 86, 244, 251, 103, 147, 112, 55, 102, 60,
       172, 189, 156, 45, 47, 234, 239, 53, 192, 174, 241, 128, 113, 131,
       182, 157, 249, 236, 173, 188, 143, 30, 59, 48, 120, 180, 184, 204,
       43, 135, 27, 119, 17, 178, 124, 203, 83, 12, 26, 126, 254, 220,
       200, 131, 137, 128, 156, 153, 249, 188, 237, 133, 191, 30, 11, 72,
       80, 180, 181, 32, 104, 201, 58, 18, 25, 51, 60, 114, 55, 237, 134,
       190, 104, 144, 72, 149, 170, 212, 68, 157, 247, 140, 106, 111,
       172, 52, 166, 194, 16, 247, 99, 9, 107, 115, 213, 104, 234, 104,
       213, 233, 42, 229, 162, 239, 20, 160, 115, 37, 32, 49, 221, 107,
       207, 148, 199, 239, 246, 84, 72, 220, 66, 241, 244, 181, 96, 126,
       106, 22, 207, 235, 184, 124, 63, 100, 45, 174, 128, 117, 187, 240,
       232, 34, 141, 34, 152, 213, 213, 182, 231, 95, 69, 76, 7, 40, 236,
       54, 4, 217, 107, 147, 197, 118, 186, 54, 255, 63, 22, 154, 43, 85,
       12, 253, 222, 16, 205, 27, 237, 148, 199, 71, 238, 84, 128, 202,
       2, 115, 115, 33, 64, 120, 254, 8, 234, 104, 177, 25, 63, 249, 166,
       167, 0, 49, 122, 240, 40, 152, 140, 155, 249, 149, 231, 111, 231,
       22, 3, 206, 18, 55, 187, 32, 96, 121, 186, 19, 152, 122, 188, 17,
       191, 251, 239, 159, 65, 179, 88, 244, 170, 212, 73, 47, 254, 12,
       70, 71, 224, 132, 132, 195, 2, 119, 83, 49, 67, 120, 244, 121,
       235, 104, 129, 25, 45, 241, 227, 207, 16, 48, 59, 52, 106, 34,
       189, 34, 152, 221, 213, 176, 231, 159, 93, 88, 7, 172, 252, 118,
       132, 201, 59, 147, 17, 150, 58, 114, 247, 47, 22, 158, 107, 210,
       12, 181, 222, 120, 40, 191, 116, 8, 237, 85, 83, 226, 183, 164,
       24, 55, 247, 64, 59, 1, 246, 108, 8, 42, 111, 178, 33, 211, 203,
       112, 57, 224, 232, 198, 34, 2, 207, 34, 191, 215, 131, 190, 230,
       30, 4, 88, 167, 236, 234, 54, 64, 255, 107, 147, 199, 230, 154,
       14, 255, 44, 54, 158, 139, 29, 94, 185, 222, 165, 54, 137, 211,
       252, 45, 234, 152, 30, 187, 25, 92, 212, 121, 221, 40, 221, 8,
       119, 63, 179, 118, 219, 18, 12, 30, 251, 252, 216, 203, 83, 161,
       245, 201, 111, 238, 44, 3, 79, 252, 133, 208, 146, 194, 115, 111,
       177, 99, 126, 228, 125, 239, 233, 195, 109, 189, 242, 234, 239,
       144, 53, 187, 112, 121, 197, 245, 29, 103, 145, 78, 119, 172, 120,
       234, 34, 8, 214, 117, 73, 51, 145, 84, 104, 106, 97, 240, 249, 46,
       237, 255, 69, 54, 64, 114, 71, 34, 229, 125, 189, 103, 129, 79,
       71, 168, 120, 226, 47, 8, 214, 117, 73, 51, 144, 84, 104, 106, 97,
       240, 249, 42, 229, 219, 69, 54, 64, 123, 70, 34, 92, 76, 204, 167,
       132, 10, 71, 168, 48, 166, 142, 3, 215, 99, 27, 83, 115, 196, 109,
       234, 104, 208, 205, 46, 241, 231, 229, 21, 32, 243, 228, 2, 68,
       115, 57, 229, 48, 78, 127, 152, 56, 172, 127, 108, 215, 55, 129,
       82, 150, 93, 125, 106, 129, 208, 233, 14, 229, 191, 37, 132, 0,
       179, 7, 115, 29, 221, 107, 255, 148, 199, 207, 240, 84, 64, 223,
       66, 243, 116, 177, 96, 120, 234, 22, 235, 233, 184, 125, 63, 225,
       175, 174, 0, 53, 187, 113, 248, 105, 188, 188, 113, 189, 255, 89,
       150, 111, 251, 182, 8, 191, 191, 83, 58, 141, 247, 253, 24, 155,
       120, 243, 177, 207, 255, 52, 240, 194, 200, 71, 251, 20, 205, 27,
       239, 148, 2, 103, 232, 116, 128, 203, 2, 115, 99, 41, 96, 120,
       236, 8, 234, 105, 144, 25, 46, 225, 166, 167, 4, 48, 186, 112, 40,
       24, 140, 19, 255, 149, 231, 102, 231, 53, 3, 202, 18, 63, 179, 32,
       192, 121, 251, 27, 136, 120, 157, 17, 191, 251, 231, 158, 65, 179,
       88, 180, 42, 10, 205, 34, 158, 213, 196, 190, 231, 159, 15, 202,
       3, 172, 254, 52, 192, 249, 123, 187, 193, 114, 155, 26, 255, 63,
       54, 158, 75, 144, 92, 181, 138, 60, 221, 26, 238, 149, 199, 86,
       248, 212, 136, 239, 0, 115, 243, 41, 80, 216, 242, 12, 98, 104,
       163, 25, 63, 251, 239, 165, 17, 58, 123, 248, 2, 228, 180, 149,
       250, 205, 237, 84, 206, 223, 59, 169, 24, 246, 249, 76, 187, 201,
       210, 122, 18, 63, 111, 218, 179, 187, 222, 85, 126, 218, 89, 210,
       130, 34, 177, 176, 155, 253, 253, 176, 79, 143, 93, 88, 61, 172,
       220, 110, 32, 205, 27, 211, 17, 150, 42, 242, 213, 15, 20, 26,
       251, 208, 12, 157, 223, 2, 205, 46, 157, 214, 135, 190, 231, 158,
       68, 72, 135, 228, 232, 50, 64, 252, 107, 19, 197, 198, 154, 22,
       253, 44, 54, 142, 67, 29, 30, 185, 222, 248, 156, 190, 254, 141,
       244, 85, 239, 149, 158, 134, 25, 238, 255, 34, 91, 193, 247, 233,
       34, 120, 111, 122, 191, 251, 243, 87, 27, 146, 120, 172, 90, 252,
       180, 189, 118, 141, 125, 85, 158, 243, 255, 165, 24, 223, 245, 75,
       59, 137, 214, 236, 26, 43, 103, 251, 50, 219, 223, 85, 63, 194,
       121, 198, 98, 216, 172, 254, 244, 170, 188, 89, 151, 187, 183,
       166, 185, 159, 183, 192, 91, 167, 247, 253, 28, 58, 77, 163, 160,
       219, 251, 85, 219, 162, 228, 135, 123, 213, 84, 253, 247, 46, 46,
       95, 24, 244, 250, 151, 246, 215, 127, 147, 107, 119, 213, 125,
       239, 233, 229, 255, 8, 210, 235, 235, 148, 44, 243, 33, 113, 76,
       113, 57, 103, 48, 78, 119, 184, 104, 172, 127, 108, 215, 119, 9,
       48, 148, 92, 76, 106, 193, 176, 249, 44, 231, 253, 37, 148, 64,
       179, 71, 51, 2, 165, 157, 155, 252, 237, 184, 175, 30, 49, 88, 17,
       180, 190, 88, 64, 199, 27, 51, 17, 22, 88, 91, 213, 13, 22, 158,
       238, 148, 72, 133, 139, 93, 79, 94, 166, 54, 2, 94, 176, 165, 128,
       223, 163, 79, 99, 179, 211, 118, 229, 108, 238, 108, 129, 13, 172,
       242, 225, 239, 129, 38, 179, 40, 1, 168, 207, 26, 191, 180, 131,
       238, 247, 214, 2, 218, 210, 245, 227, 48, 64, 91, 106, 10, 206,
       114, 186, 78, 63, 236, 167, 167, 8, 28, 218, 249, 136, 117, 87,
