%YAML:1.0
---
descriptors: !!opencv-matrix
   rows: 27
   cols: 32
   dt: u
   data: [ 69, 245, 157, 227, 188, 79, 71, 184, 30, 184, 137, 72, 215,
       119, 73, 34, 145, 84, 125, 123, 91, 64, 219, 54, 237, 151, 45,
       116, 152, 123, 145, 49, 220, 176, 188, 176, 169, 252, 89, 158,
       187, 255, 166, 157, 159, 247, 74, 27, 135, 215, 253, 20, 191, 71,
       250, 32, 219, 219, 117, 255, 170, 196, 143, 83, 221, 29, 31, 231,
       176, 110, 95, 190, 52, 234, 254, 112, 247, 119, 137, 112, 55, 247,
       92, 106, 233, 149, 41, 46, 232, 239, 39, 148, 168, 243, 129, 57,
       248, 190, 254, 118, 171, 184, 84, 215, 179, 159, 164, 185, 47,
       231, 66, 31, 167, 247, 237, 16, 62, 79, 138, 179, 219, 243, 85,
       123, 226, 212, 174, 75, 112, 160, 189, 112, 136, 237, 81, 143,
       178, 55, 164, 24, 55, 247, 72, 26, 129, 146, 108, 16, 26, 107,
       186, 17, 217, 195, 117, 125, 224, 0, 134, 106, 252, 101, 157, 103,
       137, 111, 71, 168, 115, 186, 163, 24, 215, 115, 73, 59, 153, 214,
       108, 106, 121, 118, 217, 42, 237, 223, 69, 52, 192, 115, 194, 34,
       134, 172, 214, 159, 254, 43, 254, 239, 63, 179, 243, 26, 236, 234,
       9, 73, 123, 239, 127, 162, 48, 255, 203, 255, 188, 54, 223, 204,
       149, 120, 225, 137, 92, 93, 95, 231, 178, 42, 127, 190, 164, 162,
       158, 226, 247, 119, 161, 112, 119, 247, 125, 234, 105, 129, 41,
       46, 240, 239, 175, 144, 36, 243, 161, 121, 248, 188, 188, 116,
       169, 253, 84, 159, 243, 187, 164, 24, 63, 243, 64, 59, 129, 246,
       236, 24, 58, 111, 218, 35, 219, 203, 117, 123, 234, 96, 206, 43,
       108, 97, 252, 103, 188, 15, 87, 184, 115, 160, 175, 8, 211, 115,
       89, 19, 216, 220, 109, 106, 72, 242, 217, 12, 239, 249, 101, 53,
       224, 187, 70, 34, 201, 156, 158, 247, 168, 174, 117, 191, 190,
       187, 166, 84, 247, 115, 0, 123, 167, 119, 124, 24, 49, 205, 155,
       55, 201, 235, 119, 16, 136, 112, 137, 43, 173, 253, 241, 83, 205,
       127, 231, 220, 83, 247, 173, 28, 66, 253, 93, 190, 25, 222, 226,
       122, 251, 118, 255, 178, 63, 30, 69, 126, 227, 255, 214, 244, 236,
       52, 189, 115, 173, 109, 83, 154, 123, 255, 189, 24, 222, 253, 73,
       59, 153, 222, 124, 26, 59, 103, 251, 50, 223, 223, 117, 127, 194,
       107, 70, 115, 252, 70, 220, 167, 172, 10, 86, 184, 48, 190, 179,
       237, 211, 99, 11, 91, 89, 196, 236, 98, 108, 118, 201, 42, 246,
       227, 101, 21, 104, 251, 78, 2, 124, 103, 61, 231, 60, 79, 71, 184,
       117, 172, 255, 8, 215, 115, 9, 16, 216, 212, 108, 106, 72, 178,
       233, 14, 247, 255, 37, 20, 96, 187, 70, 35, 85, 205, 158, 182,
       146, 146, 62, 224, 190, 132, 203, 135, 237, 234, 43, 80, 182, 229,
       121, 231, 100, 193, 154, 110, 248, 231, 15, 3, 44, 51, 41, 2, 105,
       189, 56, 97, 253, 221, 85, 191, 91, 248, 60, 8, 158, 57, 66, 48,
       129, 30, 84, 24, 199, 120, 251, 23, 239, 221, 53, 119, 90, 72,
       202, 155, 69, 113, 25, 103, 48, 15, 119, 56, 110, 168, 43, 76,
       215, 83, 73, 112, 150, 92, 108, 106, 193, 176, 217, 28, 229, 156,
       37, 52, 72, 179, 66, 33, 220, 77, 94, 239, 174, 10, 79, 188, 180,
       178, 215, 2, 127, 107, 57, 67, 118, 231, 125, 234, 104, 193, 11,
       172, 242, 235, 239, 148, 36, 179, 160, 0, 118, 245, 237, 166, 170,
       67, 23, 232, 51, 254, 153, 171, 71, 254, 75, 18, 183, 213, 253,
       243, 108, 67, 239, 42, 250, 103, 237, 191, 164, 119, 22, 87, 252,
       252, 252, 118, 168, 239, 87, 250, 243, 190, 164, 56, 119, 245, 65,
       27, 163, 246, 236, 90, 40, 111, 234, 58, 251, 203, 101, 57, 226,
       249, 70, 35, 205, 180, 181, 83, 173, 109, 165, 159, 250, 251, 39,
       88, 222, 117, 72, 47, 129, 86, 120, 24, 179, 124, 251, 51, 77, 26,
       85, 118, 194, 249, 209, 35, 249, 188, 149, 176, 169, 237, 84, 207,
       251, 251, 160, 88, 174, 242, 64, 191, 129, 247, 108, 16, 63, 111,
       218, 51, 153, 210, 85, 126, 200, 76, 131, 31, 124, 119, 121, 103,
       48, 11, 119, 56, 57, 164, 239, 45, 215, 115, 137, 80, 182, 220,
       109, 106, 72, 176, 233, 14, 245, 239, 37, 20, 98, 179, 70, 99,
       220, 73, 78, 191, 174, 10, 111, 188, 180, 178, 215, 18, 223, 107,
       25, 91, 118, 229, 125, 234, 104, 197, 139, 174, 242, 235, 239,
       148, 36, 179, 161, 1, 197, 172, 181, 81, 173, 125, 164, 143, 250,
       251, 134, 24, 214, 240, 221, 175, 129, 70, 120, 24, 179, 109, 251,
       242, 15, 26, 85, 118, 202, 113, 219, 36, 245, 113, 113, 71, 61,
       95, 71, 184, 105, 232, 171, 72, 218, 85, 141, 182, 144, 212, 92,
       106, 201, 34, 249, 44, 163, 248, 5, 54, 74, 179, 66, 53 ]
keypoints: !!opencv-matrix
   rows: 27
   cols: 2
   dt: d
   data: [ 85., 70., 84., 89., 272., 89., 365., 91., 118., 111., 285.,
       151., 1.9560000610351562e+02, 66., 2.6760000610351562e+02,
       8.8800003051757812e+01, 8.5200004577636719e+01,
       1.8840000915527344e+02, 1.1040000152587891e+02,
       2.1600001525878906e+02, 1.1160000610351562e+02,
       2.5320001220703125e+02, 1.4976000976562500e+02,
       6.3360000610351562e+01, 2.8080001831054688e+02,
       9.3600006103515625e+01, 1.6127999877929688e+02,
       1.3824000549316406e+02, 1.0224000549316406e+02,
       2.1456001281738281e+02, 9.5040000915527344e+01,
       2.2176000976562500e+02, 5.7600002288818359e+01,
       2.2608000183105469e+02, 8.4672004699707031e+01,
       7.0848007202148438e+01, 2.6265603637695312e+02,
       8.8128005981445312e+01, 8.1216011047363281e+01,
       1.3824002075195312e+02, 3.3350402832031250e+02,
       1.6070401000976562e+02, 8.4672004699707031e+01,
       1.7280001831054688e+02, 8.2944007873535156e+01,
       1.8316801452636719e+02, 1.0195201110839844e+02,
       2.1600001525878906e+02, 2.6334722900390625e+02,
       8.7091209411621094e+01, 8.5017608642578125e+01,
       1.7210882568359375e+02, 2.1797689819335938e+02,
       1.7915908813476562e+02 ]
