%YAML:1.0
---
descriptors: !!opencv-matrix
   rows: 2
   cols: 32
   dt: u
   data: [ 252, 60, 189, 118, 137, 104, 85, 142, 179, 183, 165, 24, 79,
       247, 73, 27, 129, 215, 237, 18, 58, 71, 186, 34, 219, 211, 85,
       127, 226, 113, 134, 98, 252, 188, 188, 118, 137, 108, 87, 207,
       179, 191, 173, 24, 110, 247, 73, 31, 129, 215, 237, 18, 58, 79,
       251, 35, 251, 215, 85, 127, 226, 113, 134, 51 ]
keypoints: !!opencv-matrix
   rows: 2
   cols: 2
   dt: d
   data: [ 2.8857601928710938e+02, 1.7280001831054688e+02,
       2.9113351440429688e+02, 1.7169412231445312e+02 ]
