%YAML:1.0
---
descriptors: !!opencv-matrix
   rows: 103
   cols: 32
   dt: u
   data: [ 165, 143, 65, 75, 244, 155, 238, 253, 84, 32, 122, 194, 241,
       96, 156, 160, 91, 10, 2, 126, 241, 184, 109, 63, 44, 142, 37, 68,
       125, 138, 208, 172, 120, 60, 191, 248, 173, 237, 81, 23, 255, 59,
       180, 24, 159, 191, 64, 122, 193, 190, 253, 16, 59, 111, 242, 146,
       219, 255, 112, 123, 194, 72, 198, 107, 218, 190, 190, 185, 171,
       252, 61, 215, 191, 95, 150, 181, 173, 255, 98, 203, 167, 55, 255,
       145, 182, 77, 163, 243, 219, 247, 126, 211, 134, 84, 173, 91, 248,
       186, 255, 112, 42, 233, 17, 82, 163, 191, 164, 56, 63, 183, 64,
       59, 39, 176, 196, 16, 10, 79, 162, 0, 219, 195, 113, 121, 226,
       128, 71, 235, 229, 252, 253, 118, 172, 253, 85, 191, 251, 251,
       182, 24, 254, 253, 213, 59, 133, 247, 125, 10, 185, 111, 250, 99,
       219, 251, 117, 58, 194, 248, 194, 123, 156, 13, 47, 238, 157, 198,
       87, 229, 196, 0, 206, 2, 115, 247, 48, 65, 120, 242, 25, 234, 120,
       171, 56, 63, 243, 229, 135, 17, 50, 58, 244, 42, 0, 221, 155, 254,
       212, 197, 167, 242, 150, 8, 72, 0, 180, 243, 33, 96, 217, 122, 18,
       75, 99, 186, 122, 63, 237, 167, 190, 8, 16, 89, 53, 170, 14, 176,
       42, 138, 85, 245, 178, 200, 30, 65, 73, 3, 236, 220, 126, 64, 249,
       27, 147, 211, 22, 50, 58, 247, 15, 93, 138, 111, 145, 15, 61, 214,
       142, 114, 166, 155, 235, 241, 184, 200, 159, 223, 21, 183, 204,
       222, 111, 203, 183, 89, 191, 147, 182, 69, 46, 242, 14, 87, 219,
       239, 150, 117, 45, 215, 220, 244, 189, 116, 169, 124, 85, 159,
       251, 251, 190, 56, 223, 247, 73, 186, 167, 214, 252, 24, 123, 111,
       187, 34, 251, 223, 117, 63, 226, 240, 199, 123, 220, 101, 124,
       231, 9, 95, 95, 184, 35, 230, 167, 8, 223, 119, 11, 113, 54, 213,
       253, 234, 104, 87, 249, 155, 247, 251, 69, 53, 34, 243, 6, 114,
       231, 180, 133, 147, 141, 61, 68, 136, 91, 251, 139, 92, 198, 104,
       93, 175, 145, 70, 120, 63, 191, 100, 223, 178, 140, 90, 221, 126,
       136, 127, 209, 20, 173, 253, 61, 224, 172, 79, 87, 184, 10, 248,
       188, 108, 223, 87, 201, 51, 151, 80, 95, 122, 233, 98, 121, 20,
       239, 217, 101, 252, 90, 251, 199, 115, 36, 112, 121, 101, 114, 79,
       115, 176, 124, 108, 118, 40, 215, 63, 1, 48, 150, 93, 85, 98, 193,
       176, 57, 14, 231, 223, 33, 180, 96, 179, 71, 243, 220, 73, 110,
       238, 13, 70, 79, 232, 165, 132, 135, 2, 91, 91, 51, 99, 120, 244,
       125, 234, 104, 129, 57, 172, 243, 235, 199, 21, 51, 187, 116, 34,
       248, 162, 254, 112, 43, 233, 81, 82, 163, 183, 164, 57, 47, 151,
       64, 31, 39, 179, 205, 16, 10, 79, 162, 1, 219, 211, 80, 123, 226,
       192, 6, 235, 68, 118, 121, 231, 50, 110, 59, 16, 60, 238, 127,
       228, 223, 23, 137, 24, 54, 93, 93, 106, 129, 148, 249, 78, 197,
       175, 43, 132, 96, 179, 7, 241, 88, 249, 27, 120, 234, 205, 85, 87,
       163, 29, 244, 120, 183, 151, 128, 112, 38, 183, 77, 0, 91, 11,
       162, 53, 241, 225, 48, 248, 32, 128, 166, 59, 233, 188, 245, 88,
       237, 253, 245, 255, 255, 123, 116, 124, 58, 253, 212, 61, 143,
       250, 247, 24, 187, 126, 250, 243, 95, 223, 117, 250, 215, 220,
       194, 255, 216, 205, 47, 252, 157, 70, 87, 229, 181, 134, 198, 18,
       123, 127, 48, 67, 120, 246, 121, 234, 104, 207, 49, 175, 243, 227,
       198, 17, 35, 56, 244, 42, 1, 221, 25, 251, 180, 197, 71, 183, 22,
       9, 72, 64, 183, 243, 32, 96, 201, 122, 50, 8, 123, 152, 114, 63,
       237, 142, 190, 72, 152, 88, 176, 171, 218, 182, 254, 248, 107,
       248, 121, 91, 59, 95, 247, 191, 109, 255, 134, 253, 167, 159, 255,
       144, 183, 95, 163, 215, 222, 251, 122, 203, 167, 196, 47, 87, 33,
       156, 25, 249, 156, 237, 71, 191, 86, 75, 72, 80, 182, 49, 40, 96,
       209, 26, 18, 24, 59, 188, 115, 55, 237, 190, 54, 80, 152, 72, 209,
       171, 1, 139, 67, 91, 244, 139, 234, 179, 116, 33, 122, 194, 241,
       64, 148, 160, 91, 42, 2, 60, 179, 184, 101, 63, 44, 142, 35, 64,
       125, 136, 209, 172, 134, 114, 174, 154, 107, 113, 186, 216, 159,
       255, 21, 183, 76, 254, 127, 75, 247, 89, 255, 179, 166, 69, 175,
       242, 94, 83, 223, 239, 151, 119, 45, 215, 76, 116, 121, 101, 112,
       78, 123, 176, 32, 236, 126, 228, 213, 31, 144, 112, 22, 93, 117,
       122, 193, 144, 249, 14, 231, 237, 33, 132, 44, 163, 71, 241, 111,
       38, 132, 163, 173, 63, 70, 152, 123, 251, 139, 93, 207, 104, 91,
       155, 145, 198, 236, 63, 191, 69, 219, 130, 136, 215, 205, 124,
       136, 127, 218, 4, 252, 32, 61, 224, 8, 76, 81, 24, 161, 22, 165,
       24, 215, 23, 72, 59, 129, 148, 109, 58, 8, 103, 242, 16, 211, 233,
       96, 61, 96, 128, 70, 34, 94, 177, 145, 250, 153, 68, 18, 200, 171,
       25, 137, 24, 222, 246, 72, 254, 209, 83, 248, 114, 27, 67, 218,
       241, 185, 212, 15, 126, 152, 19, 163, 54, 228, 98, 149, 240, 45,
       45, 68, 150, 235, 186, 176, 93, 134, 137, 85, 159, 137, 228, 108,
       18, 108, 103, 202, 128, 144, 210, 85, 62, 200, 249, 90, 13, 248,
       73, 62, 254, 141, 214, 87, 228, 133, 132, 134, 2, 115, 115, 33,
       83, 104, 244, 233, 234, 104, 139, 59, 61, 243, 227, 197, 17, 50,
       59, 252, 42, 171, 182, 253, 89, 236, 253, 249, 87, 255, 127, 116,
       60, 186, 189, 214, 63, 143, 154, 246, 24, 183, 126, 226, 211, 94,
       219, 113, 234, 199, 204, 214, 253, 108, 99, 120, 103, 253, 27, 86,
       184, 99, 168, 181, 8, 203, 105, 217, 148, 216, 204, 196, 106, 72,
       114, 201, 60, 239, 221, 37, 53, 99, 187, 94, 130, 1, 221, 24, 255,
       180, 141, 71, 183, 86, 9, 76, 64, 183, 243, 32, 96, 193, 122, 38,
       72, 106, 184, 90, 63, 237, 175, 54, 8, 16, 216, 128, 171, 194,
       142, 151, 157, 236, 162, 172, 55, 188, 154, 218, 242, 180, 43,
       176, 75, 239, 247, 63, 133, 48, 221, 3, 207, 188, 182, 254, 128,
       141, 232, 177, 41, 80, 185, 31, 248, 186, 236, 17, 183, 166, 25,
       170, 40, 183, 183, 64, 112, 163, 55, 108, 16, 27, 9, 179, 53, 249,
       167, 54, 88, 160, 0, 167, 59, 64, 56, 187, 112, 9, 204, 81, 2,
       162, 21, 164, 24, 182, 151, 64, 122, 128, 62, 72, 24, 11, 74, 242,
       32, 209, 177, 16, 56, 64, 0, 6, 106, 202, 188, 246, 244, 226, 252,
       120, 87, 191, 123, 118, 185, 174, 191, 196, 127, 167, 191, 255,
       144, 179, 92, 162, 211, 223, 250, 126, 202, 166, 196, 167, 123,
       124, 169, 185, 112, 136, 205, 85, 223, 226, 181, 172, 8, 55, 247,
       64, 50, 1, 242, 108, 24, 90, 107, 250, 49, 251, 205, 85, 125, 224,
       192, 198, 106, 80, 184, 159, 112, 136, 236, 81, 151, 178, 179,
       166, 24, 55, 183, 64, 123, 129, 246, 104, 24, 59, 79, 178, 35,
       217, 227, 85, 120, 224, 64, 134, 58, 171, 188, 244, 89, 237, 189,
       240, 87, 251, 123, 116, 56, 170, 188, 214, 63, 143, 58, 247, 28,
       183, 126, 230, 211, 15, 91, 117, 250, 215, 204, 211, 239, 162,
       172, 228, 249, 236, 171, 236, 207, 95, 179, 248, 154, 225, 232,
       92, 9, 91, 202, 115, 17, 50, 126, 79, 247, 14, 222, 223, 125, 213,
       200, 210, 136, 116, 113, 57, 237, 40, 79, 87, 56, 38, 168, 162, 8,
       215, 23, 1, 112, 212, 92, 108, 98, 73, 34, 241, 28, 225, 161, 33,
       56, 16, 59, 6, 51, 219, 190, 255, 216, 226, 180, 125, 247, 59,
       127, 118, 254, 61, 191, 198, 121, 167, 255, 247, 144, 179, 218,
       163, 243, 94, 255, 126, 202, 175, 196, 163, 249, 125, 38, 132,
       167, 173, 63, 70, 152, 51, 250, 139, 93, 199, 104, 91, 154, 149,
       68, 253, 63, 188, 65, 219, 34, 138, 215, 205, 124, 136, 127, 218,
       4, 216, 168, 158, 186, 139, 233, 80, 71, 163, 21, 164, 25, 47,
       147, 66, 91, 163, 179, 237, 16, 58, 79, 130, 49, 219, 225, 80,
       123, 224, 0, 142, 10, 120, 188, 187, 112, 136, 236, 85, 135, 178,
       183, 172, 24, 55, 183, 64, 58, 129, 246, 105, 16, 26, 75, 178, 35,
       217, 231, 85, 121, 160, 64, 134, 106, 120, 121, 123, 102, 48, 207,
       67, 48, 96, 232, 254, 104, 119, 213, 129, 48, 48, 252, 68, 106,
       73, 178, 184, 44, 241, 169, 33, 48, 96, 187, 70, 43, 80, 251, 59,
