%YAML:1.0
---
descriptors: !!opencv-matrix
   rows: 99
   cols: 32
   dt: u
   data: [ 33, 207, 81, 75, 244, 139, 239, 189, 116, 32, 122, 198, 243,
       97, 156, 164, 122, 42, 2, 110, 241, 184, 77, 63, 44, 142, 37, 64,
       125, 138, 208, 168, 4, 157, 187, 255, 212, 231, 231, 243, 22, 8,
       72, 2, 244, 243, 33, 96, 217, 122, 18, 219, 115, 186, 58, 63, 237,
       167, 190, 8, 144, 122, 245, 170, 28, 197, 46, 236, 149, 230, 71,
       252, 4, 128, 206, 2, 115, 119, 56, 96, 120, 246, 25, 234, 73, 131,
       57, 63, 251, 239, 135, 81, 51, 106, 244, 42, 196, 114, 123, 231,
       98, 78, 63, 56, 56, 78, 119, 108, 223, 87, 137, 113, 182, 93, 125,
       98, 225, 180, 249, 78, 245, 171, 39, 132, 64, 179, 7, 243, 159,
       142, 254, 255, 166, 178, 253, 247, 189, 211, 214, 242, 221, 239,
       186, 107, 119, 247, 63, 175, 181, 221, 47, 236, 250, 235, 255,
       192, 167, 236, 161, 113, 218, 190, 63, 187, 170, 252, 61, 191,
       191, 127, 150, 245, 255, 255, 194, 121, 167, 55, 253, 129, 183,
       77, 171, 243, 218, 247, 127, 219, 174, 196, 173, 91, 32, 220, 187,
       250, 252, 229, 167, 247, 214, 11, 88, 80, 180, 247, 32, 96, 217,
       122, 51, 10, 115, 186, 122, 63, 237, 175, 182, 104, 144, 88, 181,
       171, 94, 221, 246, 188, 171, 86, 126, 244, 189, 202, 222, 163,
       237, 255, 35, 199, 247, 247, 255, 227, 112, 201, 155, 238, 251,
       247, 207, 139, 38, 247, 173, 83, 6, 145, 50, 155, 85, 245, 186,
       72, 31, 69, 73, 3, 236, 220, 62, 192, 249, 27, 147, 17, 22, 176,
       58, 245, 15, 84, 154, 107, 144, 15, 189, 214, 28, 221, 26, 238,
       149, 198, 71, 244, 20, 8, 206, 2, 115, 243, 33, 96, 88, 250, 29,
       234, 104, 153, 57, 63, 243, 239, 167, 1, 50, 123, 244, 42, 206,
       148, 180, 186, 203, 241, 176, 201, 159, 95, 133, 179, 204, 254,
       106, 201, 231, 27, 235, 145, 54, 79, 155, 215, 223, 115, 219, 239,
       146, 70, 173, 215, 92, 188, 255, 118, 168, 124, 117, 159, 251,
       251, 191, 56, 223, 247, 73, 58, 167, 214, 252, 24, 155, 111, 187,
       34, 219, 255, 117, 63, 192, 241, 199, 123, 175, 249, 96, 218, 237,
       213, 254, 212, 159, 92, 117, 11, 168, 220, 255, 45, 205, 203, 151,
       215, 214, 114, 106, 241, 47, 89, 207, 235, 87, 223, 222, 215, 142,
       114, 164, 186, 107, 115, 186, 200, 159, 255, 149, 183, 204, 222,
       127, 207, 247, 81, 191, 211, 166, 69, 175, 242, 91, 83, 207, 239,
       151, 119, 45, 215, 248, 188, 185, 248, 141, 237, 81, 247, 255, 59,
       164, 24, 191, 187, 64, 59, 201, 186, 125, 24, 58, 111, 242, 179,
       219, 223, 84, 123, 210, 72, 198, 42, 169, 190, 253, 89, 236, 189,
       241, 255, 223, 123, 116, 124, 122, 253, 222, 63, 143, 190, 247,
       28, 191, 126, 226, 211, 94, 223, 117, 250, 223, 204, 210, 255,
       129, 142, 24, 255, 188, 173, 39, 183, 30, 11, 92, 80, 181, 243,
       32, 96, 197, 122, 54, 8, 34, 60, 74, 63, 237, 175, 54, 40, 144,
       217, 145, 169, 252, 205, 46, 238, 157, 70, 87, 224, 132, 132, 134,
       2, 115, 83, 51, 67, 120, 244, 121, 234, 104, 139, 57, 61, 243,
       235, 199, 17, 51, 59, 252, 34, 221, 89, 191, 239, 44, 6, 127, 184,
       52, 236, 215, 69, 247, 255, 25, 82, 118, 221, 125, 238, 232, 212,
       217, 46, 229, 239, 239, 132, 44, 179, 33, 115, 90, 189, 22, 190,
       155, 228, 16, 231, 187, 29, 232, 25, 46, 251, 32, 209, 193, 187,
       233, 0, 126, 75, 154, 247, 187, 246, 90, 123, 18, 4, 175, 11, 1,
       143, 81, 75, 116, 139, 235, 183, 116, 33, 122, 196, 243, 65, 148,
       164, 122, 42, 2, 124, 243, 184, 77, 63, 44, 142, 35, 64, 125, 138,
       208, 168, 175, 190, 255, 87, 254, 60, 255, 255, 251, 251, 119,
       254, 92, 255, 222, 63, 191, 255, 247, 26, 183, 127, 190, 227, 126,
       255, 119, 238, 239, 245, 195, 245, 248, 205, 47, 252, 157, 70, 87,
       237, 149, 6, 198, 18, 115, 119, 32, 83, 248, 244, 233, 234, 104,
       199, 49, 175, 243, 227, 197, 17, 50, 56, 244, 42, 56, 157, 26,
       255, 149, 199, 86, 253, 22, 138, 204, 2, 247, 243, 32, 96, 217,
       250, 19, 203, 122, 179, 26, 63, 235, 231, 167, 1, 56, 122, 240,
       162, 1, 221, 25, 251, 188, 237, 71, 191, 86, 9, 88, 80, 183, 179,
       32, 96, 209, 58, 54, 24, 59, 184, 115, 63, 237, 143, 54, 104, 144,
       88, 128, 169, 161, 188, 153, 251, 188, 237, 129, 159, 94, 91, 64,
       80, 180, 177, 96, 96, 217, 26, 19, 24, 51, 60, 83, 55, 237, 150,
       190, 104, 152, 72, 209, 187, 84, 113, 25, 235, 48, 79, 67, 56, 36,
       104, 123, 104, 215, 87, 137, 112, 54, 157, 92, 106, 73, 144, 121,
       28, 245, 164, 33, 132, 32, 163, 39, 51, 171, 190, 236, 219, 252,
       179, 205, 255, 95, 91, 244, 254, 249, 237, 254, 41, 95, 203, 23,
       141, 187, 126, 110, 255, 110, 95, 247, 252, 223, 252, 218, 249,
       41, 119, 57, 69, 116, 79, 167, 48, 100, 104, 126, 108, 211, 21,
       145, 36, 28, 92, 86, 110, 193, 176, 245, 14, 101, 45, 33, 128, 72,
       186, 83, 249, 112, 168, 255, 112, 136, 237, 81, 87, 226, 21, 164,
       24, 55, 149, 64, 59, 1, 178, 104, 24, 26, 111, 178, 17, 219, 137,
       112, 121, 224, 192, 198, 42, 253, 102, 132, 163, 141, 63, 70, 152,
       59, 186, 131, 93, 199, 104, 91, 155, 149, 68, 236, 127, 191, 69,
       223, 34, 168, 211, 205, 124, 136, 127, 90, 4, 120, 49, 121, 96,
       41, 93, 65, 16, 225, 44, 164, 8, 31, 21, 1, 182, 0, 148, 204, 104,
       9, 33, 240, 0, 211, 201, 32, 57, 98, 130, 70, 99, 80, 178, 27,
       176, 170, 236, 25, 23, 170, 93, 130, 253, 191, 150, 66, 90, 167,
       63, 109, 21, 159, 73, 178, 1, 216, 161, 58, 248, 136, 0, 135, 91,
       161, 158, 154, 255, 252, 165, 167, 247, 158, 11, 92, 80, 181, 243,
       32, 96, 205, 122, 54, 24, 50, 252, 74, 63, 237, 175, 190, 200,
       144, 216, 145, 169, 237, 84, 61, 231, 45, 79, 87, 188, 25, 250,
       180, 40, 223, 55, 193, 51, 151, 84, 253, 106, 233, 102, 249, 188,
       239, 219, 101, 188, 90, 249, 70, 123, 84, 52, 57, 229, 48, 46,
       123, 152, 36, 232, 255, 68, 215, 119, 9, 120, 54, 213, 125, 234,
       137, 144, 249, 72, 199, 237, 35, 132, 160, 227, 7, 115, 194, 140,
       213, 190, 236, 163, 76, 175, 159, 179, 210, 82, 245, 251, 16, 75,
       223, 247, 127, 129, 120, 110, 75, 255, 188, 186, 223, 216, 148,
       248, 176, 8, 1, 221, 25, 251, 180, 173, 71, 191, 86, 9, 124, 64,
       183, 51, 128, 96, 213, 26, 60, 24, 219, 184, 115, 63, 237, 159,
       52, 112, 16, 216, 128, 169, 56, 221, 62, 238, 157, 199, 87, 182,
       196, 8, 174, 0, 247, 115, 32, 112, 192, 242, 72, 72, 88, 171, 113,
       63, 235, 231, 4, 25, 16, 26, 228, 42, 171, 188, 237, 249, 252,
       187, 237, 223, 95, 243, 244, 254, 249, 237, 150, 41, 95, 235, 119,
       157, 191, 254, 111, 247, 78, 91, 255, 252, 223, 204, 208, 249,
       198, 114, 172, 178, 11, 117, 186, 200, 159, 254, 149, 183, 204,
       222, 127, 75, 247, 85, 255, 247, 166, 71, 187, 242, 91, 83, 207,
       175, 148, 119, 45, 215, 120, 121, 57, 101, 48, 79, 71, 184, 96,
       168, 230, 8, 215, 85, 1, 48, 16, 244, 108, 106, 73, 176, 249, 12,
       243, 233, 37, 52, 96, 186, 70, 43, 171, 182, 252, 89, 236, 189,
       249, 95, 255, 123, 116, 124, 186, 253, 214, 63, 143, 186, 247, 28,
       183, 126, 230, 211, 94, 219, 117, 234, 207, 204, 210, 253, 129,
       180, 153, 251, 188, 237, 1, 159, 94, 91, 64, 80, 182, 49, 8, 96,
       209, 26, 18, 24, 51, 60, 115, 55, 237, 134, 54, 124, 152, 72, 129,
       187, 80, 184, 157, 112, 136, 236, 81, 23, 162, 177, 164, 24, 151,
       183, 64, 122, 1, 182, 108, 24, 27, 75, 242, 0, 201, 163, 117, 124,
       192, 192, 134, 58, 76, 115, 121, 101, 50, 78, 91, 56, 32, 108,
       111, 232, 223, 23, 137, 112, 22, 20, 204, 106, 201, 144, 241, 12,
       231, 237, 33, 132, 34, 163, 6, 113, 120, 169, 185, 112, 153, 205,
       81, 206, 226, 53, 164, 8, 55, 183, 64, 50, 1, 178, 108, 24, 10,
       107, 250, 49, 219, 205, 53, 121, 224, 0, 70, 106, 125, 113, 121,
       101, 48, 95, 83, 24, 96, 104, 191, 104, 27, 21, 137, 52, 22, 148,
       196, 106, 201, 176, 241, 12, 195, 201, 33, 52, 106, 162, 70, 113,
