%YAML:1.0
---
descriptors: !!opencv-matrix
   rows: 103
   cols: 32
   dt: u
   data: [ 45, 245, 56, 103, 112, 79, 127, 184, 57, 236, 127, 12, 223,
       119, 11, 52, 148, 92, 85, 106, 193, 176, 249, 44, 231, 223, 37,
       132, 74, 179, 71, 243, 240, 201, 63, 254, 28, 199, 71, 165, 196,
       4, 134, 0, 247, 209, 32, 67, 200, 242, 105, 106, 104, 43, 122, 61,
       241, 163, 228, 25, 48, 59, 244, 42, 248, 172, 191, 122, 136, 237,
       85, 215, 242, 23, 165, 24, 55, 245, 8, 59, 129, 178, 108, 24, 58,
       111, 186, 51, 219, 203, 116, 57, 240, 216, 198, 170, 148, 213,
       157, 255, 140, 229, 71, 184, 150, 18, 139, 0, 247, 119, 41, 107,
       209, 82, 105, 106, 43, 69, 123, 63, 233, 167, 103, 28, 144, 123,
       20, 34, 112, 141, 62, 238, 157, 198, 87, 167, 196, 4, 174, 8, 115,
       241, 32, 81, 200, 242, 104, 106, 88, 171, 90, 61, 243, 231, 132,
       25, 48, 58, 244, 42, 100, 49, 57, 101, 53, 78, 99, 16, 104, 232,
       39, 8, 214, 21, 1, 50, 144, 84, 104, 106, 9, 240, 241, 12, 197,
       253, 1, 54, 64, 35, 71, 34, 42, 249, 160, 152, 253, 253, 176, 199,
       159, 93, 88, 61, 172, 220, 102, 164, 205, 59, 147, 17, 134, 106,
       114, 247, 47, 30, 30, 235, 210, 28, 149, 223, 220, 73, 110, 230,
       10, 2, 95, 32, 161, 134, 166, 2, 115, 115, 17, 115, 98, 228, 125,
       238, 104, 199, 149, 40, 243, 235, 197, 17, 37, 179, 100, 10, 220,
       72, 46, 254, 13, 70, 87, 232, 132, 150, 134, 19, 119, 215, 35, 67,
       232, 244, 249, 227, 104, 231, 59, 44, 243, 227, 199, 17, 48, 59,
       116, 106, 212, 205, 142, 183, 132, 74, 79, 172, 52, 182, 130, 3,
       247, 99, 27, 67, 97, 230, 105, 234, 104, 193, 89, 44, 249, 163,
       231, 21, 160, 115, 180, 74, 92, 126, 222, 231, 162, 14, 127, 184,
       57, 238, 183, 237, 223, 119, 203, 27, 183, 213, 253, 102, 233,
       209, 233, 40, 254, 247, 101, 149, 170, 243, 15, 83, 212, 65, 95,
       231, 4, 10, 79, 184, 36, 162, 131, 2, 215, 67, 25, 83, 114, 196,
       109, 234, 104, 213, 73, 12, 241, 163, 231, 20, 36, 179, 32, 32,
       48, 205, 31, 238, 28, 199, 71, 166, 132, 0, 202, 0, 247, 119, 33,
       97, 192, 242, 72, 106, 75, 169, 121, 61, 225, 167, 164, 16, 16,
       27, 52, 42, 240, 164, 159, 122, 168, 233, 85, 159, 178, 23, 164,
       24, 55, 247, 72, 123, 1, 146, 108, 16, 58, 79, 250, 51, 217, 227,
       117, 125, 224, 192, 134, 106, 156, 221, 31, 254, 157, 198, 87,
       164, 148, 30, 199, 0, 247, 247, 33, 83, 193, 114, 233, 66, 120,
       201, 91, 63, 227, 227, 84, 17, 16, 122, 164, 42, 216, 140, 158,
       252, 141, 118, 85, 231, 181, 150, 142, 19, 106, 251, 34, 91, 233,
       247, 233, 163, 120, 199, 179, 171, 211, 243, 214, 27, 18, 120,
       252, 74, 88, 184, 159, 112, 170, 236, 81, 151, 179, 159, 166, 56,
       55, 247, 64, 90, 35, 254, 109, 24, 27, 75, 186, 49, 217, 231, 117,
       120, 160, 192, 134, 107, 240, 64, 198, 174, 15, 2, 70, 236, 245,
       162, 227, 11, 67, 43, 41, 219, 120, 196, 108, 226, 108, 231, 201,
       170, 176, 226, 195, 23, 37, 59, 120, 2, 37, 181, 153, 235, 252,
       45, 225, 27, 22, 123, 89, 80, 215, 113, 216, 104, 217, 10, 22, 28,
       147, 56, 123, 23, 205, 143, 187, 236, 152, 74, 209, 161, 248, 176,
       181, 112, 45, 237, 81, 27, 227, 61, 164, 24, 154, 149, 72, 63,
       129, 22, 236, 24, 58, 111, 243, 17, 203, 219, 81, 123, 194, 8, 70,
       34, 248, 62, 252, 112, 43, 253, 85, 87, 251, 255, 180, 60, 63,
       255, 198, 59, 135, 247, 253, 0, 187, 111, 226, 59, 219, 219, 117,
       187, 226, 192, 206, 123, 168, 174, 184, 251, 188, 173, 71, 255,
       86, 31, 124, 16, 247, 241, 168, 96, 89, 122, 38, 24, 58, 110, 106,
       63, 237, 143, 53, 120, 208, 200, 212, 169, 32, 172, 190, 218, 236,
       225, 209, 199, 158, 23, 236, 25, 162, 233, 102, 72, 201, 42, 106,
       16, 50, 107, 106, 243, 111, 151, 151, 121, 208, 72, 244, 202, 21,
       4, 19, 175, 150, 38, 110, 255, 52, 138, 218, 86, 87, 115, 33, 224,
       125, 238, 30, 174, 57, 148, 25, 174, 169, 238, 167, 4, 184, 251,
       160, 0, 45, 117, 49, 71, 245, 127, 199, 136, 123, 234, 47, 8, 218,
       113, 13, 180, 144, 92, 66, 106, 97, 176, 249, 30, 39, 222, 5, 54,
       74, 123, 70, 166, 208, 166, 222, 122, 170, 232, 85, 159, 162, 55,
       164, 185, 55, 247, 74, 91, 35, 151, 109, 16, 58, 79, 138, 51, 219,
       227, 117, 253, 160, 208, 134, 107, 248, 188, 189, 112, 169, 253,
       85, 158, 243, 191, 164, 24, 159, 189, 65, 63, 133, 210, 236, 24,
       186, 111, 250, 179, 251, 219, 85, 127, 194, 208, 198, 107, 124,
       49, 60, 98, 40, 15, 87, 184, 35, 184, 175, 44, 215, 119, 73, 18,
       148, 212, 108, 106, 8, 35, 217, 24, 219, 221, 37, 52, 106, 179,
       70, 51, 88, 161, 248, 100, 137, 124, 93, 31, 35, 165, 174, 8, 155,
       55, 64, 114, 35, 150, 125, 8, 26, 11, 243, 3, 219, 255, 21, 125,
       162, 192, 198, 42, 100, 113, 25, 101, 81, 78, 115, 16, 105, 232,
       111, 8, 214, 21, 9, 48, 144, 92, 104, 106, 65, 240, 241, 12, 229,
       189, 1, 2, 72, 51, 71, 34, 124, 217, 156, 254, 9, 204, 87, 188,
       134, 18, 166, 8, 247, 119, 40, 115, 193, 114, 232, 74, 105, 65,
       123, 61, 235, 227, 85, 25, 16, 58, 4, 58, 124, 148, 157, 254, 168,
       109, 85, 191, 198, 187, 174, 24, 215, 119, 72, 122, 129, 86, 108,
       24, 59, 77, 251, 49, 203, 227, 117, 125, 176, 104, 132, 50, 216,
       186, 252, 116, 171, 252, 89, 23, 179, 255, 180, 189, 191, 183,
       194, 91, 167, 247, 253, 16, 58, 79, 162, 33, 219, 251, 116, 251,
       162, 196, 135, 123, 84, 180, 157, 118, 168, 108, 85, 159, 242,
       187, 167, 24, 215, 119, 73, 123, 3, 214, 108, 26, 121, 69, 251,
       34, 233, 235, 117, 52, 224, 240, 134, 50, 197, 135, 157, 255, 188,
       47, 79, 191, 190, 250, 155, 80, 247, 115, 153, 107, 213, 70, 125,
       46, 249, 205, 75, 63, 237, 190, 255, 148, 152, 249, 145, 33, 109,
       53, 177, 111, 221, 94, 71, 189, 115, 234, 239, 8, 219, 117, 9,
       246, 217, 222, 124, 122, 121, 242, 249, 174, 239, 255, 5, 52, 66,
       243, 214, 34, 248, 156, 159, 254, 137, 231, 84, 170, 132, 22, 167,
       17, 103, 247, 40, 219, 193, 246, 233, 34, 104, 79, 90, 63, 211,
       243, 81, 27, 50, 121, 228, 42, 29, 197, 109, 239, 28, 86, 79, 184,
       68, 64, 207, 2, 115, 113, 59, 96, 120, 198, 28, 238, 201, 161,
       125, 63, 243, 239, 165, 20, 55, 187, 116, 96, 72, 174, 148, 53,
       173, 171, 96, 175, 187, 187, 178, 125, 207, 42, 192, 155, 131,
       199, 108, 28, 62, 232, 203, 165, 142, 242, 117, 84, 194, 196, 203,
       13, 231, 166, 165, 147, 172, 47, 204, 155, 218, 187, 147, 93, 210,
       108, 93, 111, 197, 70, 125, 31, 186, 69, 207, 160, 141, 26, 255,
       244, 140, 125, 209, 37, 214, 4, 135, 182, 143, 106, 65, 10, 185,
       182, 131, 19, 71, 235, 73, 91, 225, 229, 105, 163, 40, 197, 139,
       194, 145, 162, 219, 23, 160, 113, 52, 98, 212, 77, 204, 181, 140,
       10, 87, 168, 180, 166, 134, 3, 215, 99, 3, 83, 113, 228, 109, 234,
       104, 197, 223, 46, 249, 231, 229, 21, 32, 243, 20, 2, 248, 186,
       254, 248, 170, 252, 89, 215, 187, 95, 180, 189, 63, 191, 130, 27,
       167, 183, 253, 16, 186, 79, 162, 227, 219, 251, 112, 251, 226,
       196, 134, 123, 252, 208, 157, 255, 140, 77, 87, 152, 150, 186,
       165, 24, 215, 119, 73, 123, 209, 84, 108, 122, 107, 103, 251, 49,
       233, 195, 101, 60, 144, 59, 4, 34, 37, 165, 137, 139, 220, 105,
       230, 200, 78, 97, 105, 74, 210, 112, 88, 32, 89, 202, 2, 122, 27,
       50, 221, 53, 61, 132, 135, 124, 217, 91, 210, 128, 149, 141, 19,
       239, 148, 167, 78, 255, 117, 139, 202, 82, 83, 115, 32, 224, 249,
       238, 30, 188, 61, 152, 25, 174, 185, 238, 135, 0, 168, 250, 240,
       0, 129, 165, 153, 251, 156, 237, 33, 159, 94, 59, 105, 24, 150,
       49, 72, 40, 145, 26, 2, 24, 51, 124, 123, 23, 205, 151, 21, 108,
       144, 72, 131, 162, 32, 172, 188, 250, 252, 233, 177, 199, 222, 21,
       108, 25, 164, 237, 98, 64, 201, 58, 227, 16, 50, 106, 90, 55, 77,
       151, 23, 121, 208, 72, 213, 202, 109, 113, 25, 103, 49, 78, 67,
