%YAML:1.0
---
descriptors: !!opencv-matrix
   rows: 104
   cols: 32
   dt: u
   data: [ 220, 52, 185, 248, 168, 108, 89, 154, 175, 95, 167, 24, 159,
       247, 73, 91, 135, 223, 125, 24, 58, 71, 251, 2, 217, 241, 117, 60,
       128, 241, 7, 115, 208, 66, 159, 252, 40, 10, 109, 165, 185, 158,
       162, 17, 87, 227, 41, 91, 178, 245, 109, 98, 104, 197, 139, 74,
       240, 162, 119, 24, 0, 240, 165, 34, 29, 84, 19, 237, 149, 166,
       110, 254, 21, 130, 202, 70, 87, 243, 41, 224, 125, 252, 30, 234,
       121, 148, 25, 158, 185, 238, 135, 4, 186, 251, 160, 0, 116, 205,
       7, 174, 149, 66, 71, 232, 101, 164, 170, 2, 67, 99, 33, 80, 121,
       228, 72, 226, 40, 163, 25, 62, 185, 166, 133, 21, 113, 123, 244,
       34, 34, 180, 176, 219, 237, 253, 184, 143, 143, 121, 24, 57, 172,
       156, 94, 42, 135, 27, 251, 21, 150, 104, 250, 241, 15, 92, 30,
       251, 214, 12, 135, 223, 212, 205, 142, 183, 156, 74, 87, 174, 180,
       182, 142, 19, 119, 99, 10, 67, 113, 230, 105, 227, 104, 197, 89,
       47, 249, 227, 231, 85, 160, 121, 180, 98, 37, 189, 241, 83, 205,
       239, 230, 204, 95, 243, 169, 88, 242, 248, 93, 56, 217, 222, 122,
       27, 27, 114, 219, 114, 61, 30, 21, 126, 201, 123, 210, 162, 252,
       172, 189, 112, 137, 237, 85, 255, 242, 55, 164, 24, 23, 247, 72,
       59, 1, 214, 108, 24, 122, 111, 250, 51, 219, 203, 117, 125, 224,
       192, 198, 42, 45, 117, 49, 67, 229, 95, 103, 169, 121, 234, 111,
       8, 218, 53, 5, 180, 144, 84, 64, 106, 97, 240, 249, 14, 103, 223,
       5, 22, 66, 123, 198, 162, 125, 197, 109, 239, 28, 86, 79, 184, 68,
       64, 207, 2, 243, 101, 59, 96, 88, 196, 124, 238, 233, 161, 125,
       29, 243, 239, 161, 16, 62, 187, 112, 112, 208, 172, 63, 122, 170,
       233, 85, 207, 178, 55, 164, 56, 55, 215, 64, 27, 35, 151, 109, 16,
       58, 79, 170, 51, 219, 227, 117, 121, 224, 192, 134, 106, 248, 188,
       188, 122, 137, 253, 85, 223, 227, 31, 164, 24, 63, 245, 74, 63,
       133, 146, 236, 24, 59, 111, 250, 51, 219, 219, 84, 127, 242, 200,
       198, 115, 40, 176, 189, 112, 173, 253, 113, 23, 255, 127, 52, 56,
       190, 181, 128, 188, 133, 18, 236, 24, 147, 108, 114, 17, 207, 219,
       112, 123, 194, 8, 198, 123, 121, 184, 154, 120, 40, 173, 80, 23,
       163, 27, 236, 28, 191, 147, 0, 88, 161, 179, 108, 8, 26, 47, 146,
       19, 211, 239, 112, 24, 232, 192, 74, 11, 208, 184, 157, 122, 136,
       236, 81, 151, 178, 159, 164, 24, 183, 247, 65, 123, 129, 246, 108,
       16, 59, 79, 250, 49, 217, 227, 117, 120, 224, 192, 134, 42, 56,
       205, 60, 127, 153, 207, 71, 167, 198, 5, 172, 0, 179, 115, 32, 80,
       193, 114, 72, 8, 90, 41, 115, 63, 235, 231, 20, 89, 144, 90, 196,
       42, 37, 164, 153, 251, 252, 109, 225, 153, 94, 59, 125, 88, 213,
       113, 216, 40, 217, 10, 50, 28, 19, 48, 107, 19, 205, 143, 59, 100,
       144, 203, 209, 160, 28, 75, 74, 174, 22, 130, 86, 228, 164, 132,
       207, 163, 99, 227, 35, 192, 122, 228, 140, 226, 76, 137, 13, 47,
       250, 229, 166, 65, 53, 187, 188, 10, 241, 73, 79, 236, 30, 2, 79,
       112, 133, 32, 210, 194, 83, 3, 177, 113, 104, 228, 93, 238, 233,
       171, 5, 12, 240, 168, 227, 16, 53, 186, 112, 40, 120, 190, 251,
       120, 170, 253, 85, 215, 179, 95, 180, 61, 63, 255, 194, 26, 175,
       179, 253, 16, 186, 107, 178, 51, 219, 219, 116, 251, 226, 192,
       166, 123, 244, 70, 196, 231, 44, 42, 74, 136, 113, 178, 243, 242,
       203, 107, 153, 91, 114, 197, 109, 234, 40, 214, 205, 234, 150,
       250, 227, 149, 164, 243, 114, 0, 252, 93, 30, 254, 157, 199, 86,
       164, 148, 128, 174, 0, 247, 247, 33, 81, 192, 242, 205, 98, 104,
       171, 88, 63, 243, 231, 4, 27, 50, 59, 44, 42, 152, 140, 19, 254,
       149, 227, 86, 231, 151, 7, 202, 19, 39, 183, 32, 192, 233, 122,
       138, 16, 58, 191, 18, 191, 251, 231, 150, 67, 178, 88, 164, 170,
       220, 212, 189, 243, 168, 108, 28, 151, 186, 251, 146, 116, 159,
       62, 64, 235, 135, 87, 253, 17, 179, 77, 243, 34, 201, 243, 126,
       214, 136, 81, 133, 123, 127, 96, 238, 100, 37, 126, 90, 24, 97,
       242, 183, 8, 91, 31, 223, 191, 182, 213, 253, 254, 140, 215, 185,
       192, 211, 249, 197, 23, 231, 247, 122, 102, 32, 237, 10, 190, 212,
       137, 182, 230, 172, 5, 106, 3, 165, 169, 34, 0, 232, 235, 2, 193,
       70, 186, 2, 47, 117, 165, 150, 9, 65, 27, 239, 138, 68, 181, 29,
       103, 176, 79, 103, 185, 120, 232, 47, 8, 215, 119, 136, 48, 16,
       86, 76, 106, 113, 240, 249, 30, 239, 159, 37, 52, 64, 243, 198,
       33, 84, 104, 63, 103, 0, 202, 115, 160, 224, 168, 167, 40, 86,
       215, 1, 50, 176, 116, 104, 106, 65, 225, 168, 40, 225, 169, 33,
       17, 64, 51, 7, 35, 216, 184, 252, 112, 171, 188, 93, 151, 171,
       183, 164, 184, 63, 183, 192, 63, 167, 215, 253, 24, 58, 79, 162,
       97, 219, 251, 84, 123, 226, 196, 134, 59, 116, 104, 121, 101, 17,
       78, 71, 34, 97, 160, 174, 8, 179, 23, 1, 50, 8, 252, 108, 202, 72,
       250, 241, 46, 231, 237, 1, 17, 96, 177, 70, 42, 163, 174, 144,
       145, 253, 189, 176, 239, 91, 59, 48, 93, 174, 168, 78, 153, 137,
       11, 230, 21, 54, 110, 194, 211, 12, 86, 85, 122, 216, 76, 203,
       141, 221, 252, 189, 243, 169, 236, 29, 151, 186, 251, 134, 16,
       191, 191, 72, 106, 135, 87, 253, 17, 51, 77, 251, 34, 201, 247,
       127, 222, 136, 80, 133, 123, 241, 128, 157, 189, 12, 142, 64, 11,
       230, 51, 162, 80, 247, 51, 0, 91, 193, 196, 108, 0, 57, 205, 83,
       29, 201, 235, 112, 80, 216, 8, 64, 10, 248, 46, 156, 116, 168, 46,
       92, 191, 187, 190, 182, 25, 143, 35, 66, 27, 129, 230, 108, 12,
       120, 109, 195, 42, 218, 251, 117, 53, 192, 240, 202, 11, 120, 168,
       253, 118, 137, 237, 85, 222, 243, 55, 164, 24, 63, 183, 64, 58, 1,
       246, 108, 8, 58, 107, 250, 49, 219, 203, 117, 121, 226, 200, 198,
       42, 53, 188, 130, 161, 213, 175, 230, 207, 83, 161, 168, 79, 2,
       232, 125, 16, 217, 202, 2, 21, 31, 59, 216, 178, 61, 156, 133,
       126, 217, 123, 210, 134, 77, 124, 157, 231, 169, 110, 111, 184,
       48, 250, 175, 8, 223, 119, 9, 251, 149, 84, 124, 106, 105, 212,
       249, 46, 239, 251, 101, 52, 138, 243, 131, 50, 37, 181, 49, 67,
       252, 47, 199, 188, 107, 232, 249, 76, 210, 120, 92, 48, 216, 206,
       86, 111, 217, 50, 217, 124, 45, 156, 5, 54, 201, 123, 210, 162,
       109, 113, 17, 69, 49, 79, 99, 56, 105, 232, 39, 8, 214, 81, 9, 48,
       144, 20, 80, 106, 65, 176, 241, 12, 135, 249, 1, 52, 74, 34, 67,
       32, 219, 143, 134, 181, 133, 190, 188, 231, 190, 151, 202, 87,
       172, 170, 119, 203, 225, 103, 234, 133, 244, 205, 150, 226, 190,
       243, 222, 3, 136, 116, 169, 14, 96, 109, 57, 117, 21, 207, 103,
       38, 97, 168, 238, 8, 179, 21, 1, 48, 136, 246, 76, 74, 72, 250,
       241, 46, 231, 189, 0, 17, 64, 49, 70, 42, 96, 177, 149, 114, 136,
       205, 65, 155, 163, 53, 165, 8, 178, 215, 72, 30, 129, 150, 104,
       24, 26, 107, 250, 17, 219, 152, 85, 124, 192, 0, 198, 34, 116,
       102, 204, 167, 168, 42, 79, 136, 34, 182, 143, 169, 211, 99, 75,
       91, 17, 196, 109, 230, 104, 70, 205, 42, 240, 163, 237, 181, 164,
       251, 22, 66, 189, 108, 133, 182, 205, 109, 230, 204, 218, 242,
       160, 26, 82, 208, 73, 187, 249, 204, 98, 115, 109, 119, 218, 162,
       21, 202, 213, 62, 201, 125, 82, 134, 248, 184, 152, 112, 152, 237,
       81, 151, 178, 185, 164, 24, 55, 183, 64, 58, 1, 182, 108, 24, 59,
       79, 210, 2, 219, 203, 53, 121, 232, 192, 134, 58, 105, 149, 28,
       107, 185, 63, 86, 189, 111, 57, 43, 92, 222, 113, 8, 208, 149, 6,
       76, 44, 182, 32, 89, 23, 239, 223, 37, 116, 218, 202, 200, 3, 215,
       122, 238, 150, 46, 18, 190, 176, 137, 254, 151, 239, 73, 204, 223,
       15, 46, 229, 253, 231, 196, 71, 175, 232, 18, 115, 239, 151, 47,
       191, 29, 85, 76, 252, 189, 242, 169, 221, 87, 191, 251, 223, 172,
       24, 254, 255, 72, 58, 133, 115, 253, 18, 123, 73, 186, 177, 251,
       219, 87, 127, 130, 112, 135, 123, 214, 114, 236, 182, 106, 64,
