%YAML:1.0
---
descriptors: !!opencv-matrix
   rows: 15
   cols: 32
   dt: u
   data: [ 248, 190, 254, 120, 235, 253, 85, 215, 179, 31, 164, 57, 59,
       255, 70, 27, 175, 243, 237, 16, 58, 111, 178, 51, 251, 219, 116,
       123, 227, 208, 198, 251, 228, 160, 148, 243, 205, 109, 80, 11, 91,
       59, 161, 25, 198, 121, 76, 27, 153, 138, 104, 17, 62, 102, 203,
       147, 143, 210, 85, 127, 210, 72, 210, 2, 244, 77, 63, 110, 153,
       70, 71, 236, 164, 132, 174, 8, 115, 247, 33, 83, 64, 244, 104, 98,
       104, 131, 59, 61, 241, 227, 69, 25, 48, 59, 100, 106, 228, 164,
       148, 243, 205, 45, 192, 138, 219, 179, 161, 24, 198, 248, 92, 27,
       137, 2, 106, 17, 58, 103, 219, 18, 141, 154, 81, 126, 208, 73,
       210, 130, 248, 189, 191, 122, 169, 205, 93, 247, 187, 95, 164, 25,
       63, 191, 66, 27, 175, 179, 253, 16, 122, 79, 186, 51, 251, 203,
       124, 123, 224, 64, 167, 123, 88, 188, 156, 182, 137, 236, 21, 167,
       186, 151, 142, 25, 174, 247, 66, 91, 129, 115, 233, 16, 58, 77,
       154, 49, 203, 211, 95, 123, 128, 80, 135, 122, 252, 164, 188, 112,
       141, 125, 81, 11, 211, 183, 165, 24, 158, 217, 72, 27, 137, 18,
       233, 16, 58, 103, 218, 16, 203, 219, 81, 127, 210, 73, 206, 34,
       208, 176, 157, 114, 168, 109, 65, 30, 178, 59, 163, 24, 151, 183,
       64, 123, 129, 150, 108, 24, 59, 77, 251, 16, 217, 163, 117, 120,
       224, 192, 134, 35, 216, 156, 191, 246, 169, 236, 21, 151, 186,
       223, 134, 17, 191, 255, 96, 91, 165, 119, 253, 17, 58, 77, 146,
       163, 203, 243, 94, 91, 128, 96, 133, 123, 245, 122, 253, 118, 40,
       88, 93, 152, 224, 254, 182, 252, 83, 117, 203, 59, 6, 212, 124,
       110, 237, 71, 239, 40, 210, 235, 101, 145, 108, 241, 78, 113, 252,
       104, 253, 118, 12, 79, 71, 152, 242, 250, 165, 8, 83, 85, 201, 59,
       0, 212, 108, 122, 105, 103, 251, 32, 211, 203, 101, 60, 97, 251,
       70, 32, 218, 252, 190, 250, 139, 213, 87, 230, 183, 23, 164, 27,
       63, 255, 98, 27, 163, 243, 253, 210, 106, 79, 186, 179, 251, 195,
       95, 123, 179, 84, 167, 122, 216, 148, 189, 251, 168, 108, 121,
       159, 190, 31, 151, 16, 223, 63, 8, 91, 135, 23, 125, 16, 58, 77,
       243, 19, 203, 243, 126, 213, 128, 64, 133, 123, 148, 82, 191, 183,
       38, 47, 121, 152, 62, 186, 215, 114, 215, 95, 137, 75, 103, 93,
       125, 27, 169, 213, 203, 8, 197, 227, 123, 148, 164, 249, 5, 49,
       197, 180, 173, 179, 140, 109, 221, 143, 222, 255, 130, 29, 211,
       236, 94, 43, 129, 71, 121, 21, 191, 77, 251, 50, 205, 11, 255,
       124, 136, 120, 209, 82 ]
keypoints: !!opencv-matrix
   rows: 15
   cols: 2
   dt: d
   data: [ 490., 247., 387., 255., 197., 287., 1.4760000610351562e+02,
       3.4080001831054688e+02, 4.8960000610351562e+02,
       2.4768000793457031e+02, 1.9584001159667969e+02,
       3.0672000122070312e+02, 4.2768002319335938e+02,
       3.1104000854492188e+02, 3.3350402832031250e+02,
       2.5574401855468750e+02, 4.9248004150390625e+02,
       2.5574401855468750e+02, 4.7347204589843750e+02,
       2.6611203002929688e+02, 1.5552001953125000e+02,
       1.0886401367187500e+02, 4.9144326782226562e+02,
       2.4675843811035156e+02, 4.9351687622070312e+02,
       2.6127365112304688e+02, 4.9559048461914062e+02,
       2.6956802368164062e+02, 1.9408900451660156e+02,
       2.5629702758789062e+02 ]
