%YAML:1.0
---
descriptors: !!opencv-matrix
   rows: 130
   cols: 32
   dt: u
   data: [ 196, 181, 157, 254, 184, 110, 85, 191, 186, 251, 171, 88, 215,
       247, 72, 123, 129, 87, 124, 24, 59, 73, 251, 35, 249, 251, 119,
       124, 136, 96, 135, 51, 236, 100, 189, 103, 13, 111, 87, 168, 114,
       190, 165, 24, 211, 117, 9, 59, 153, 212, 104, 106, 105, 103, 251,
       59, 199, 219, 69, 60, 64, 123, 70, 98, 61, 205, 81, 239, 148, 75,
       71, 184, 86, 160, 203, 66, 243, 113, 137, 100, 88, 216, 24, 234,
       105, 176, 89, 63, 233, 238, 165, 20, 48, 187, 80, 32, 248, 164,
       127, 122, 136, 237, 85, 215, 242, 23, 228, 24, 55, 245, 8, 57, 33,
       178, 76, 24, 58, 111, 186, 55, 211, 203, 112, 89, 224, 192, 198,
       42, 28, 93, 58, 255, 149, 199, 103, 240, 22, 136, 207, 2, 115,
       247, 33, 64, 121, 250, 19, 250, 106, 187, 24, 63, 249, 239, 167,
       0, 176, 123, 240, 162, 108, 36, 189, 101, 173, 111, 71, 56, 112,
       46, 175, 24, 210, 117, 9, 59, 153, 84, 104, 42, 57, 240, 249, 10,
       199, 219, 65, 52, 192, 123, 70, 34, 29, 205, 58, 239, 148, 166,
       79, 252, 116, 128, 207, 2, 115, 115, 57, 96, 120, 238, 28, 234,
       88, 145, 57, 63, 251, 239, 167, 0, 51, 251, 240, 32, 16, 205, 15,
       238, 148, 199, 79, 225, 132, 4, 202, 2, 119, 247, 49, 65, 120,
       242, 25, 235, 72, 169, 25, 61, 241, 165, 175, 16, 49, 58, 52, 42,
       236, 105, 53, 101, 41, 79, 71, 48, 97, 164, 38, 8, 223, 21, 1,
       183, 0, 84, 72, 106, 73, 240, 249, 44, 231, 217, 69, 52, 66, 187,
       70, 98, 252, 96, 252, 103, 141, 95, 71, 152, 67, 182, 165, 8, 83,
       25, 89, 59, 24, 212, 120, 122, 104, 102, 249, 8, 243, 203, 197,
       61, 99, 251, 86, 34, 64, 60, 149, 101, 48, 78, 67, 56, 48, 232,
       110, 72, 215, 55, 0, 114, 16, 84, 108, 106, 73, 208, 241, 15, 229,
       190, 33, 20, 0, 162, 6, 51, 2, 221, 18, 159, 245, 196, 190, 167,
       63, 15, 90, 17, 172, 254, 32, 196, 231, 123, 179, 1, 114, 152, 19,
       255, 45, 54, 158, 195, 148, 84, 173, 139, 2, 221, 50, 155, 245,
       197, 190, 231, 30, 11, 88, 51, 172, 254, 36, 196, 221, 123, 147,
       145, 114, 152, 26, 255, 45, 22, 158, 235, 144, 92, 173, 223, 2,
       223, 74, 159, 246, 147, 190, 231, 30, 4, 92, 167, 172, 232, 54,
       192, 126, 107, 147, 197, 246, 152, 12, 255, 44, 55, 142, 203, 29,
       94, 185, 141, 108, 97, 189, 103, 173, 79, 71, 136, 115, 168, 39,
       8, 214, 117, 73, 50, 144, 84, 104, 106, 73, 240, 249, 8, 239, 219,
       69, 52, 64, 59, 70, 34, 252, 168, 189, 114, 136, 237, 85, 222,
       243, 183, 164, 24, 119, 241, 72, 59, 137, 214, 108, 24, 58, 111,
       250, 51, 219, 203, 117, 61, 224, 217, 198, 42, 47, 166, 224, 90,
       253, 249, 198, 232, 83, 255, 253, 173, 106, 236, 223, 180, 89,
       202, 198, 30, 158, 38, 238, 179, 62, 94, 133, 255, 215, 223, 222,
       212, 212, 180, 157, 242, 136, 236, 85, 155, 166, 187, 167, 24,
       215, 247, 72, 123, 129, 214, 108, 24, 59, 77, 251, 49, 217, 227,
       117, 124, 160, 64, 134, 50, 105, 251, 156, 250, 173, 173, 84, 223,
       235, 25, 172, 77, 191, 251, 64, 218, 133, 227, 77, 92, 26, 107,
       218, 177, 251, 249, 52, 56, 202, 216, 202, 139, 244, 184, 157,
       122, 232, 237, 81, 159, 162, 23, 164, 24, 55, 215, 72, 123, 1,
       150, 108, 24, 43, 79, 250, 49, 217, 227, 116, 124, 240, 192, 134,
       42, 68, 125, 29, 103, 160, 78, 103, 184, 104, 232, 43, 8, 215,
       119, 9, 115, 144, 116, 108, 106, 97, 240, 249, 44, 237, 249, 101,
       20, 64, 51, 71, 50, 16, 141, 47, 238, 148, 230, 71, 103, 196, 4,
       206, 2, 115, 243, 32, 96, 88, 242, 25, 234, 88, 139, 49, 63, 249,
       167, 166, 16, 48, 106, 244, 106, 166, 172, 23, 154, 205, 229, 128,
       206, 158, 19, 192, 24, 164, 242, 96, 73, 201, 59, 106, 17, 50,
       111, 218, 113, 25, 18, 95, 123, 208, 72, 165, 130, 128, 156, 153,
       249, 188, 237, 133, 191, 86, 91, 72, 80, 182, 181, 96, 96, 217,
       26, 18, 25, 51, 60, 115, 55, 237, 134, 62, 104, 144, 88, 149, 171,
       245, 197, 189, 255, 156, 79, 71, 188, 86, 242, 175, 16, 243, 121,
       26, 99, 217, 198, 120, 107, 121, 101, 123, 63, 233, 239, 229, 20,
       240, 123, 208, 98, 17, 205, 107, 159, 180, 198, 175, 246, 84, 64,
       90, 198, 241, 228, 177, 96, 124, 106, 22, 207, 235, 184, 125, 63,
       172, 46, 174, 128, 61, 219, 241, 248, 2, 221, 48, 155, 253, 197,
       188, 231, 30, 31, 88, 49, 172, 190, 38, 196, 205, 59, 179, 145,
       114, 88, 82, 255, 45, 22, 158, 235, 144, 92, 173, 159, 34, 189,
       34, 152, 221, 245, 182, 231, 223, 69, 72, 3, 168, 252, 54, 128,
       217, 59, 147, 129, 166, 186, 82, 255, 63, 22, 158, 107, 81, 76,
       245, 222, 36, 201, 59, 254, 93, 197, 167, 224, 158, 0, 233, 2,
       244, 255, 33, 96, 200, 251, 19, 195, 66, 43, 26, 125, 117, 164,
       142, 42, 17, 59, 53, 170, 220, 93, 47, 238, 29, 70, 71, 240, 164,
       136, 199, 2, 115, 119, 49, 67, 120, 244, 125, 234, 105, 131, 57,
       44, 243, 235, 231, 16, 48, 59, 116, 98, 57, 207, 111, 238, 182,
       131, 79, 252, 133, 64, 218, 230, 115, 111, 176, 97, 126, 226, 29,
       239, 201, 139, 45, 189, 250, 237, 175, 144, 63, 186, 240, 57, 165,
       182, 137, 251, 252, 173, 233, 25, 30, 59, 89, 92, 212, 113, 88,
       40, 221, 10, 55, 29, 179, 118, 91, 19, 77, 30, 187, 236, 152, 74,
       209, 161, 152, 204, 154, 249, 149, 231, 103, 199, 54, 3, 70, 18,
       59, 243, 48, 64, 121, 250, 19, 152, 59, 188, 17, 191, 255, 239,
       158, 65, 179, 88, 241, 170, 102, 230, 225, 82, 236, 109, 223, 157,
       75, 255, 185, 221, 194, 236, 222, 26, 157, 202, 245, 151, 158, 98,
       239, 243, 46, 30, 149, 255, 197, 223, 214, 215, 124, 101, 188,
       230, 141, 126, 86, 136, 115, 182, 175, 8, 219, 121, 91, 250, 217,
       212, 249, 115, 44, 99, 251, 170, 251, 239, 197, 53, 160, 123, 222,
       66, 244, 73, 62, 254, 12, 198, 71, 164, 196, 132, 135, 0, 115,
       211, 33, 67, 200, 240, 105, 106, 104, 167, 27, 45, 241, 163, 197,
       25, 48, 59, 116, 34, 117, 101, 121, 102, 156, 79, 71, 184, 64,
       226, 173, 8, 83, 113, 89, 50, 88, 212, 80, 106, 105, 35, 249, 46,
       249, 141, 229, 60, 97, 251, 214, 96, 124, 101, 188, 230, 141, 78,
       71, 184, 115, 230, 175, 8, 211, 117, 91, 114, 209, 212, 121, 106,
       104, 99, 251, 42, 251, 239, 197, 29, 162, 251, 86, 98, 77, 117,
       249, 103, 240, 79, 127, 184, 49, 224, 111, 12, 223, 119, 75, 48,
       182, 220, 125, 110, 201, 208, 249, 46, 239, 223, 37, 52, 106, 243,
       66, 114, 109, 101, 177, 103, 253, 79, 71, 168, 123, 168, 47, 8,
       210, 117, 77, 54, 144, 92, 96, 106, 73, 112, 249, 26, 239, 221, 5,
       52, 66, 59, 70, 162, 108, 113, 57, 103, 48, 79, 119, 184, 108,
       168, 111, 8, 214, 117, 9, 48, 144, 84, 108, 106, 65, 176, 121, 12,
       229, 221, 37, 20, 64, 51, 70, 115, 244, 72, 134, 190, 13, 10, 68,
       232, 181, 178, 163, 26, 67, 226, 45, 223, 232, 197, 104, 226, 104,
       103, 139, 160, 145, 226, 199, 31, 33, 57, 112, 2, 129, 162, 157,
       249, 236, 173, 188, 143, 30, 59, 48, 120, 180, 187, 200, 11, 135,
       27, 126, 25, 50, 120, 203, 83, 12, 154, 126, 252, 216, 72, 131,
       137, 98, 168, 148, 154, 73, 141, 144, 199, 143, 17, 160, 8, 174,
       210, 100, 143, 201, 59, 234, 17, 26, 107, 218, 241, 153, 146, 95,
       123, 144, 8, 7, 142, 252, 244, 188, 119, 173, 127, 87, 188, 115,
       186, 165, 24, 215, 113, 73, 58, 153, 214, 124, 58, 40, 103, 251,
       18, 251, 223, 101, 61, 200, 251, 206, 34, 253, 253, 189, 255, 156,
       111, 87, 188, 118, 250, 175, 24, 215, 117, 73, 115, 209, 198, 124,
       106, 121, 230, 251, 63, 233, 255, 101, 124, 208, 123, 212, 98,
       252, 190, 253, 114, 169, 253, 85, 223, 255, 255, 180, 56, 255,
       255, 202, 187, 135, 215, 252, 16, 191, 111, 251, 179, 219, 219,
       117, 255, 194, 248, 206, 123, 230, 172, 188, 190, 173, 253, 213,
       239, 159, 223, 181, 57, 254, 253, 78, 59, 201, 115, 255, 19, 62,
       111, 234, 179, 251, 219, 95, 123, 208, 121, 214, 195, 32, 249, 27,
