%YAML:1.0
---
descriptors: !!opencv-matrix
   rows: 13
   cols: 32
   dt: u
   data: [ 200, 184, 191, 247, 168, 108, 121, 151, 174, 255, 182, 17,
       255, 255, 66, 91, 135, 119, 125, 24, 50, 77, 243, 33, 207, 251,
       117, 81, 192, 224, 135, 123, 77, 167, 150, 37, 177, 63, 118, 189,
       123, 171, 250, 93, 207, 98, 8, 208, 149, 207, 108, 60, 188, 240,
       201, 14, 174, 255, 37, 84, 202, 246, 203, 1, 197, 231, 133, 7,
       172, 15, 239, 184, 126, 186, 147, 204, 194, 96, 221, 39, 17, 68,
       108, 127, 225, 112, 205, 40, 172, 26, 237, 244, 204, 251, 210, 37,
       242, 166, 132, 58, 169, 41, 64, 143, 191, 51, 163, 249, 199, 224,
       200, 223, 129, 134, 236, 21, 62, 75, 207, 49, 152, 242, 93, 127,
       200, 76, 154, 4, 231, 166, 196, 23, 236, 43, 238, 184, 82, 186,
       27, 253, 193, 96, 221, 143, 89, 70, 110, 191, 181, 244, 205, 10,
       44, 58, 245, 148, 205, 253, 216, 132, 214, 172, 142, 178, 139,
       240, 20, 143, 186, 151, 131, 17, 236, 234, 106, 75, 129, 119, 233,
       19, 54, 73, 138, 51, 219, 243, 95, 127, 128, 117, 173, 74, 196,
       114, 57, 101, 32, 79, 119, 56, 56, 234, 115, 104, 215, 87, 1, 48,
       150, 93, 77, 98, 225, 240, 249, 14, 229, 183, 33, 4, 64, 179, 7,
       51, 101, 239, 196, 7, 252, 10, 238, 190, 82, 234, 90, 236, 209,
       96, 213, 38, 25, 70, 108, 254, 233, 240, 205, 42, 44, 46, 229,
       148, 237, 251, 208, 13, 237, 119, 156, 101, 32, 14, 119, 184, 49,
       174, 38, 12, 215, 51, 75, 19, 144, 68, 108, 110, 104, 244, 217,
       10, 239, 251, 101, 52, 72, 179, 66, 3, 245, 85, 197, 71, 148, 46,
       79, 184, 80, 226, 171, 76, 211, 96, 153, 51, 29, 196, 124, 110,
       233, 244, 253, 46, 172, 174, 229, 20, 109, 251, 82, 112, 77, 102,
       148, 165, 172, 63, 70, 136, 111, 186, 179, 108, 207, 98, 217, 223,
       147, 197, 108, 111, 172, 101, 207, 128, 156, 242, 103, 180, 202,
       247, 75, 5, 121, 167, 20, 37, 185, 30, 70, 190, 105, 168, 170, 77,
       207, 34, 24, 208, 149, 198, 108, 45, 204, 248, 201, 12, 168, 255,
       101, 84, 200, 118, 203, 9, 89, 175, 16, 37, 177, 30, 70, 55, 104,
       168, 234, 77, 143, 34, 16, 208, 144, 135, 108, 108, 156, 184, 193,
       13, 170, 253, 36, 80, 72, 134, 202, 9 ]
keypoints: !!opencv-matrix
   rows: 13
   cols: 2
   dt: d
   data: [ 464., 33., 4.7952001953125000e+02, 2.3616000366210938e+02,
       4.8528002929687500e+02, 2.4048001098632812e+02,
       2.3328002929687500e+02, 7.6032005310058594e+01,
       1.1577600860595703e+02, 4.1472003173828125e+02,
       1.7107202148437500e+02, 4.1990405273437500e+02,
       4.9248004150390625e+02, 4.2163204956054688e+02,
       1.3478401184082031e+02, 7.0502410888671875e+01,
       2.8823043823242188e+02, 3.8983685302734375e+02,
       1.3063682556152344e+02, 4.0435205078125000e+02,
       1.0575361633300781e+02, 4.1264645385742188e+02,
       4.8024588012695312e+02, 2.3639045715332031e+02,
       4.8014636230468750e+02, 2.3649000549316406e+02 ]
