%YAML:1.0
---
descriptors: !!opencv-matrix
   rows: 5
   cols: 32
   dt: u
   data: [ 197, 174, 132, 22, 172, 173, 100, 143, 251, 187, 176, 93, 230,
       224, 221, 159, 129, 102, 108, 31, 182, 109, 203, 99, 156, 178,
       119, 122, 192, 117, 195, 13, 248, 172, 158, 118, 168, 236, 85,
       191, 179, 159, 174, 25, 119, 247, 66, 27, 161, 246, 109, 8, 58,
       111, 154, 35, 251, 239, 117, 121, 224, 80, 206, 74, 208, 188, 190,
       186, 170, 232, 17, 135, 182, 31, 134, 49, 183, 247, 66, 91, 167,
       55, 109, 17, 58, 77, 131, 51, 217, 227, 126, 121, 160, 64, 165,
       107, 116, 97, 83, 69, 80, 79, 98, 56, 96, 224, 235, 72, 83, 85,
       137, 180, 56, 220, 68, 106, 73, 176, 249, 12, 53, 172, 33, 20, 97,
       179, 70, 160, 197, 174, 149, 23, 168, 172, 164, 159, 254, 187,
       130, 92, 246, 224, 220, 127, 133, 102, 110, 31, 183, 109, 207,
       115, 140, 58, 119, 60, 200, 112, 131, 13 ]
keypoints: !!opencv-matrix
   rows: 5
   cols: 2
   dt: d
   data: [ 335., 101., 31., 216., 3.8400001525878906e+01,
       2.1480000305175781e+02, 3.0960000610351562e+02, 258.,
       3.3177603149414062e+02, 1.0022400665283203e+02 ]
