%YAML:1.0
---
descriptors: !!opencv-matrix
   rows: 118
   cols: 32
   dt: u
   data: [ 10, 153, 34, 152, 253, 213, 190, 199, 143, 73, 88, 33, 172,
       254, 38, 192, 204, 59, 179, 193, 150, 10, 82, 241, 39, 84, 154,
       171, 154, 12, 189, 223, 216, 184, 159, 120, 170, 236, 85, 215,
       179, 27, 164, 56, 55, 183, 64, 123, 35, 246, 108, 24, 59, 79, 178,
       35, 217, 227, 116, 120, 162, 208, 134, 107, 244, 77, 141, 166,
       138, 66, 23, 168, 144, 182, 135, 155, 87, 103, 75, 91, 65, 212,
       109, 226, 104, 71, 203, 42, 241, 227, 237, 53, 32, 243, 148, 98,
       60, 93, 30, 238, 157, 198, 87, 176, 132, 136, 207, 0, 243, 247,
       33, 112, 216, 242, 73, 106, 104, 171, 88, 63, 227, 231, 164, 17,
       48, 123, 244, 42, 212, 205, 142, 183, 158, 74, 71, 168, 164, 182,
       142, 19, 247, 99, 11, 83, 113, 230, 105, 226, 104, 197, 201, 46,
       249, 227, 199, 21, 32, 115, 180, 66, 116, 205, 71, 239, 149, 66,
       71, 172, 101, 164, 235, 2, 99, 99, 41, 80, 120, 198, 72, 226, 104,
       163, 73, 63, 185, 166, 133, 21, 49, 123, 244, 42, 36, 181, 29,
       111, 248, 79, 71, 185, 122, 40, 45, 8, 215, 119, 8, 48, 145, 86,
       76, 106, 113, 176, 249, 31, 239, 191, 37, 116, 192, 226, 198, 161,
       236, 100, 61, 106, 141, 111, 71, 216, 67, 174, 165, 8, 82, 117,
       73, 57, 152, 212, 72, 106, 40, 103, 249, 56, 211, 219, 65, 61,
       210, 251, 70, 34, 125, 69, 109, 238, 13, 86, 79, 184, 197, 192,
       207, 2, 251, 117, 187, 243, 88, 228, 125, 234, 201, 163, 127, 173,
       243, 233, 197, 24, 63, 187, 112, 112, 112, 141, 158, 188, 141,
       112, 84, 103, 177, 22, 142, 19, 102, 235, 34, 91, 225, 247, 233,
       129, 124, 75, 131, 163, 211, 231, 222, 27, 161, 120, 188, 10, 208,
       186, 223, 114, 170, 232, 85, 151, 179, 31, 180, 56, 55, 247, 192,
       123, 39, 246, 108, 24, 58, 79, 162, 35, 217, 227, 116, 248, 160,
       192, 134, 107, 252, 213, 157, 238, 172, 77, 69, 189, 22, 182, 165,
       24, 215, 119, 73, 123, 209, 212, 108, 58, 123, 71, 251, 23, 249,
       227, 101, 61, 144, 120, 132, 34, 244, 4, 151, 182, 13, 102, 81,
       74, 177, 182, 131, 27, 70, 247, 105, 91, 233, 245, 233, 34, 40,
       71, 155, 130, 145, 242, 219, 31, 128, 121, 52, 98, 116, 121, 57,
       101, 28, 79, 83, 40, 98, 164, 46, 8, 215, 21, 1, 48, 16, 124, 64,
       106, 73, 176, 249, 28, 229, 141, 37, 48, 96, 59, 70, 34, 244, 102,
       204, 167, 138, 106, 95, 168, 18, 182, 135, 185, 211, 103, 75, 91,
       83, 212, 109, 226, 104, 71, 207, 42, 240, 227, 237, 181, 164, 251,
       22, 66, 28, 207, 78, 174, 150, 130, 86, 229, 164, 132, 206, 163,
       99, 99, 34, 208, 120, 228, 140, 226, 92, 137, 13, 61, 250, 229,
       167, 81, 51, 190, 188, 2, 248, 190, 126, 248, 171, 252, 89, 119,
       179, 95, 180, 189, 63, 191, 130, 25, 167, 179, 237, 128, 186, 79,
       178, 247, 211, 211, 112, 219, 226, 196, 166, 123, 88, 188, 159,
       118, 136, 237, 85, 27, 182, 187, 166, 24, 247, 247, 64, 123, 1,
       246, 108, 24, 59, 79, 250, 50, 217, 227, 117, 120, 224, 224, 134,
       42, 0, 164, 153, 249, 156, 237, 69, 143, 86, 55, 104, 24, 182, 53,
       72, 32, 145, 26, 10, 24, 51, 120, 123, 55, 237, 135, 20, 124, 208,
       72, 133, 170, 45, 164, 153, 235, 252, 47, 105, 27, 94, 59, 93, 24,
       215, 113, 216, 40, 25, 10, 22, 28, 19, 48, 105, 19, 204, 143, 49,
       100, 144, 202, 209, 160, 152, 140, 19, 250, 149, 229, 22, 230,
       150, 7, 200, 17, 39, 183, 32, 192, 201, 122, 130, 16, 58, 191, 18,
       191, 235, 231, 22, 75, 178, 88, 164, 170, 236, 181, 61, 103, 176,
       79, 103, 185, 122, 234, 47, 8, 215, 119, 8, 49, 145, 86, 108, 106,
       113, 208, 249, 30, 239, 251, 101, 52, 64, 242, 198, 50, 236, 245,
       29, 103, 9, 79, 71, 184, 121, 226, 167, 8, 215, 119, 9, 51, 144,
       84, 108, 106, 105, 100, 249, 31, 229, 251, 65, 52, 66, 51, 70, 34,
       112, 48, 189, 100, 8, 76, 65, 19, 160, 181, 166, 8, 151, 23, 64,
       58, 0, 148, 108, 8, 9, 107, 243, 0, 193, 225, 112, 48, 96, 128, 6,
       106, 248, 160, 189, 112, 137, 124, 65, 159, 226, 183, 164, 24, 27,
       183, 64, 123, 1, 150, 124, 24, 58, 75, 242, 0, 219, 235, 117, 125,
       226, 192, 198, 98, 200, 176, 60, 113, 35, 124, 121, 23, 43, 23,
       38, 184, 191, 23, 194, 127, 135, 23, 253, 24, 50, 76, 243, 81,
       199, 251, 112, 64, 2, 128, 7, 121, 88, 178, 127, 112, 40, 233, 81,
       87, 162, 61, 180, 184, 63, 151, 128, 25, 167, 147, 237, 0, 26,
       107, 162, 17, 211, 193, 112, 249, 224, 128, 134, 123, 205, 116,
       23, 101, 225, 78, 119, 56, 121, 234, 110, 8, 222, 119, 1, 245,
       147, 84, 236, 106, 97, 212, 249, 14, 231, 255, 69, 6, 74, 242, 6,
       51, 80, 180, 189, 112, 168, 236, 81, 159, 178, 155, 160, 56, 151,
       183, 72, 59, 3, 150, 108, 24, 59, 79, 226, 1, 217, 163, 116, 124,
       224, 192, 134, 43, 88, 186, 254, 112, 171, 252, 89, 23, 163, 31,
       180, 61, 63, 183, 194, 27, 167, 183, 253, 16, 58, 79, 178, 17,
       219, 251, 116, 251, 162, 196, 134, 123, 100, 117, 188, 103, 168,
       47, 87, 188, 122, 190, 175, 12, 215, 115, 73, 59, 145, 86, 108,
       106, 105, 240, 249, 42, 239, 219, 101, 52, 200, 243, 198, 35, 229,
       96, 129, 147, 204, 109, 227, 200, 90, 242, 33, 26, 208, 208, 89,
       46, 89, 204, 98, 31, 35, 118, 255, 50, 29, 10, 213, 60, 193, 123,
       82, 160, 252, 102, 140, 167, 168, 42, 95, 136, 50, 182, 135, 185,
       199, 97, 91, 91, 81, 196, 109, 231, 44, 71, 207, 34, 210, 227,
       237, 189, 164, 251, 30, 66, 109, 151, 20, 99, 177, 31, 86, 61,
       110, 57, 43, 92, 223, 113, 8, 208, 149, 6, 76, 56, 255, 48, 89,
       23, 239, 223, 37, 116, 218, 202, 200, 3, 45, 85, 57, 229, 60, 79,
       87, 184, 80, 232, 251, 8, 211, 121, 27, 48, 216, 220, 86, 99, 237,
       178, 121, 14, 229, 253, 37, 53, 80, 59, 86, 195, 53, 189, 146,
       161, 213, 175, 230, 206, 83, 163, 168, 78, 66, 248, 109, 16, 217,
       202, 2, 21, 31, 58, 216, 178, 61, 220, 133, 126, 217, 91, 210,
       134, 220, 188, 189, 242, 169, 236, 29, 151, 186, 251, 135, 28,
       191, 255, 72, 123, 135, 87, 253, 17, 59, 77, 251, 35, 203, 243,
       127, 127, 136, 81, 133, 123, 252, 113, 252, 231, 173, 95, 87, 152,
       67, 254, 181, 41, 219, 93, 91, 59, 28, 212, 253, 99, 200, 102,
       249, 168, 247, 217, 229, 61, 98, 251, 94, 115, 116, 77, 15, 14,
       153, 74, 71, 168, 164, 164, 170, 10, 98, 97, 9, 87, 120, 228, 104,
       226, 104, 163, 121, 46, 241, 166, 133, 21, 97, 123, 244, 98, 94,
       207, 44, 164, 171, 82, 158, 168, 129, 252, 158, 175, 207, 172,
       195, 195, 198, 229, 237, 231, 220, 75, 175, 188, 186, 97, 239,
       191, 38, 55, 61, 95, 212, 48, 29, 112, 136, 236, 81, 24, 226, 179,
       165, 24, 215, 87, 72, 59, 129, 20, 104, 56, 57, 69, 251, 16, 201,
       235, 65, 116, 192, 1, 6, 34, 248, 174, 156, 116, 168, 172, 84,
       183, 187, 191, 182, 93, 175, 35, 66, 27, 133, 230, 108, 12, 56,
       109, 195, 35, 202, 251, 117, 113, 194, 240, 202, 11, 64, 249, 51,
       64, 81, 206, 99, 39, 96, 65, 104, 8, 182, 151, 0, 48, 128, 62, 64,
       72, 67, 152, 176, 29, 229, 188, 16, 64, 64, 0, 199, 186, 92, 123,
       251, 102, 178, 74, 119, 188, 97, 172, 126, 104, 87, 247, 129, 48,
       54, 252, 108, 98, 65, 176, 169, 40, 247, 229, 37, 180, 96, 179,
       71, 115, 109, 113, 25, 101, 49, 79, 67, 56, 105, 232, 39, 8, 214,
       81, 9, 48, 144, 28, 80, 106, 65, 176, 241, 8, 199, 249, 1, 54, 72,
       34, 66, 34, 240, 168, 255, 112, 169, 172, 89, 7, 171, 55, 160, 24,
       47, 183, 68, 27, 167, 183, 125, 152, 26, 79, 162, 81, 219, 251,
       84, 123, 226, 192, 198, 42, 100, 177, 153, 114, 136, 237, 65, 153,
       162, 53, 161, 24, 146, 247, 72, 58, 129, 150, 104, 24, 26, 107,
       250, 17, 201, 152, 17, 124, 192, 0, 198, 34, 133, 180, 157, 211,
       204, 109, 161, 139, 94, 115, 41, 88, 150, 240, 72, 43, 129, 10,
       106, 24, 51, 116, 219, 18, 205, 134, 117, 116, 216, 73, 131, 162,
       69, 113, 57, 69, 112, 95, 115, 56, 104, 232, 127, 40, 214, 21,
