%YAML:1.0
---
descriptors: !!opencv-matrix
   rows: 7
   cols: 32
   dt: u
   data: [ 246, 174, 149, 178, 169, 237, 92, 207, 187, 59, 160, 25, 142,
       254, 76, 159, 205, 211, 237, 16, 62, 79, 202, 243, 155, 214, 95,
       127, 144, 84, 142, 22, 45, 62, 249, 119, 228, 47, 85, 81, 113,
       234, 117, 76, 115, 121, 17, 57, 157, 234, 6, 46, 185, 242, 120, 8,
       199, 223, 117, 32, 234, 232, 82, 179, 81, 235, 140, 161, 146, 12,
       61, 150, 126, 181, 74, 215, 149, 34, 82, 74, 39, 79, 40, 149, 214,
       88, 133, 96, 252, 167, 190, 68, 172, 80, 169, 75, 124, 184, 242,
       122, 203, 253, 82, 202, 179, 23, 165, 25, 111, 253, 110, 154, 171,
       251, 237, 82, 30, 111, 154, 179, 219, 223, 85, 123, 243, 71, 110,
       66, 185, 143, 111, 239, 150, 130, 111, 243, 117, 10, 246, 246,
       115, 43, 176, 97, 126, 198, 31, 238, 249, 187, 13, 191, 250, 239,
       162, 192, 63, 136, 240, 41, 35, 175, 104, 171, 180, 155, 174, 239,
       94, 65, 121, 230, 169, 72, 182, 160, 254, 43, 150, 245, 215, 184,
       108, 253, 46, 77, 174, 225, 93, 14, 249, 157, 39, 94, 234, 26,
       237, 61, 188, 202, 95, 203, 252, 127, 104, 232, 191, 168, 221,
       139, 150, 149, 133, 166, 78, 194, 22, 31, 254, 187, 221, 127, 122,
       213 ]
keypoints: !!opencv-matrix
   rows: 7
   cols: 2
   dt: d
   data: [ 40., 176., 9.1200004577636719e+01, 1.1400000762939453e+02,
       7.5600006103515625e+01, 138., 4.6080001831054688e+01,
       1.6992001342773438e+02, 9.8496009826660156e+01,
       8.8128005981445312e+01, 6.9120010375976562e+01,
       8.8128005981445312e+01, 7.2576011657714844e+01,
       1.1197441864013672e+02 ]
