%YAML:1.0
---
descriptors: !!opencv-matrix
   rows: 69
   cols: 32
   dt: u
   data: [ 223, 158, 254, 252, 191, 86, 95, 251, 151, 222, 190, 183, 109,
       255, 171, 231, 119, 243, 191, 172, 253, 71, 62, 223, 251, 255,
       231, 151, 191, 252, 45, 127, 11, 219, 191, 159, 226, 214, 189,
       183, 15, 93, 94, 231, 236, 62, 166, 74, 231, 127, 183, 209, 213,
       216, 43, 224, 110, 115, 254, 194, 158, 31, 165, 223, 53, 103, 205,
       234, 142, 3, 79, 216, 198, 242, 189, 206, 83, 227, 249, 59, 91,
       192, 108, 254, 203, 71, 46, 48, 250, 137, 229, 252, 189, 251, 240,
       32, 62, 201, 66, 174, 23, 18, 222, 233, 5, 160, 242, 139, 107, 74,
       45, 212, 250, 205, 151, 231, 76, 179, 13, 173, 179, 248, 135, 23,
       119, 190, 240, 142, 57, 222, 106, 238, 116, 213, 219, 240, 215,
       72, 252, 166, 57, 221, 178, 96, 126, 168, 151, 205, 203, 187, 38,
       191, 242, 205, 162, 168, 63, 142, 112, 249, 131, 29, 7, 157, 22,
       134, 168, 39, 188, 73, 82, 199, 164, 42, 48, 193, 230, 47, 59,
       133, 181, 152, 21, 221, 4, 50, 154, 130, 12, 4, 49, 221, 19, 219,
       70, 156, 126, 146, 174, 244, 132, 72, 82, 231, 57, 138, 178, 64,
       110, 169, 55, 205, 195, 155, 6, 253, 48, 40, 174, 128, 61, 156,
       48, 221, 18, 203, 74, 140, 62, 144, 174, 117, 172, 136, 218, 226,
       44, 142, 164, 192, 110, 187, 223, 193, 196, 139, 134, 237, 48, 32,
       174, 139, 53, 146, 189, 157, 130, 184, 158, 185, 75, 229, 184, 71,
       142, 29, 80, 183, 172, 150, 96, 75, 231, 59, 179, 145, 18, 94,
       146, 209, 141, 16, 218, 235, 144, 12, 37, 219, 176, 205, 123, 237,
       52, 195, 111, 119, 84, 140, 122, 66, 115, 43, 176, 64, 122, 250,
       7, 232, 232, 184, 32, 47, 243, 237, 164, 0, 117, 184, 228, 234,
       213, 223, 207, 158, 148, 34, 71, 188, 22, 146, 155, 246, 114, 227,
       169, 65, 121, 230, 44, 254, 121, 199, 11, 127, 248, 166, 231, 68,
       168, 243, 240, 48, 39, 79, 106, 30, 95, 145, 190, 108, 223, 68,
       125, 175, 104, 232, 182, 149, 222, 171, 162, 199, 166, 43, 110,
       253, 54, 26, 203, 171, 95, 63, 122, 198, 135, 141, 64, 171, 254,
       177, 238, 243, 228, 66, 216, 199, 185, 170, 247, 192, 111, 171,
       27, 223, 247, 24, 78, 255, 60, 12, 142, 232, 61, 199, 185, 148,
       239, 48, 252, 227, 172, 125, 81, 152, 75, 251, 181, 61, 222, 127,
       207, 191, 159, 145, 255, 50, 183, 102, 251, 210, 206, 219, 97,
       254, 222, 207, 75, 87, 2, 153, 32, 137, 151, 195, 182, 101, 77,
       65, 88, 3, 168, 28, 52, 64, 216, 59, 147, 97, 214, 184, 21, 253,
       45, 20, 142, 195, 85, 14, 245, 222, 70, 191, 150, 254, 169, 164,
       190, 255, 158, 155, 25, 112, 252, 255, 104, 107, 135, 115, 127,
       147, 179, 73, 138, 243, 169, 246, 127, 238, 152, 115, 161, 179,
       162, 138, 238, 154, 223, 241, 184, 199, 159, 87, 212, 179, 40,
       236, 54, 205, 235, 163, 251, 149, 182, 111, 46, 247, 31, 119, 222,
       203, 151, 12, 189, 222, 227, 184, 254, 88, 237, 245, 217, 71, 203,
       95, 180, 63, 40, 156, 246, 63, 239, 163, 255, 20, 134, 111, 182,
       241, 31, 88, 210, 251, 215, 140, 254, 95, 207, 22, 237, 71, 51,
       118, 27, 16, 17, 206, 23, 245, 217, 61, 147, 175, 151, 84, 149,
       46, 165, 212, 61, 142, 67, 91, 97, 135, 174, 231, 12, 119, 23, 86,
       227, 133, 114, 62, 234, 88, 60, 234, 91, 231, 93, 46, 159, 228,
       118, 205, 23, 239, 165, 148, 53, 206, 52, 46, 171, 132, 175, 247,
       33, 245, 139, 170, 182, 249, 108, 145, 185, 219, 223, 91, 84, 118,
       189, 235, 242, 237, 255, 43, 55, 157, 183, 94, 42, 241, 206, 219,
       251, 238, 158, 140, 41, 205, 59, 86, 106, 237, 119, 86, 123, 112,
       117, 76, 255, 231, 75, 13, 183, 196, 254, 141, 151, 231, 205, 179,
       53, 206, 178, 255, 162, 131, 127, 174, 120, 215, 14, 34, 226, 129,
       119, 179, 248, 73, 127, 13, 95, 183, 72, 202, 254, 204, 127, 141,
       135, 180, 150, 182, 4, 212, 30, 87, 155, 199, 143, 143, 121, 135,
       69, 225, 6, 14, 24, 131, 167, 236, 134, 176, 195, 64, 112, 208,
       233, 98, 112, 108, 106, 106, 67, 195, 139, 61, 56, 34, 39, 60, 24,
       59, 33, 160, 160, 225, 143, 29, 90, 163, 33, 206, 22, 176, 73, 16,
       80, 225, 32, 73, 89, 108, 98, 122, 34, 215, 11, 29, 76, 34, 85,
       100, 16, 43, 160, 168, 144, 129, 214, 183, 214, 168, 232, 239, 61,
       145, 242, 210, 239, 107, 60, 73, 123, 227, 78, 153, 50, 250, 79,
       237, 156, 154, 223, 68, 229, 248, 241, 128, 153, 28, 127, 117, 54,
       226, 125, 55, 116, 70, 94, 242, 253, 63, 177, 97, 38, 119, 61,
       173, 225, 220, 53, 79, 231, 175, 250, 128, 36, 240, 37, 121, 2,
       184, 30, 155, 107, 229, 56, 71, 174, 29, 66, 17, 172, 150, 96, 75,
       231, 59, 235, 144, 18, 92, 147, 81, 141, 16, 90, 235, 144, 0, 45,
       155, 147, 219, 103, 156, 102, 129, 236, 244, 212, 72, 210, 230,
       49, 142, 179, 97, 110, 168, 55, 205, 203, 187, 38, 253, 48, 40,
       186, 128, 61, 156, 112, 217, 248, 93, 87, 228, 54, 10, 111, 118,
       161, 142, 250, 106, 63, 51, 161, 83, 110, 244, 13, 234, 104, 183,
       0, 46, 240, 234, 102, 128, 39, 249, 101, 105, 139, 136, 210, 217,
       181, 189, 232, 151, 255, 19, 70, 150, 189, 139, 116, 232, 231, 43,
       18, 152, 178, 188, 22, 211, 79, 223, 154, 64, 158, 128, 169, 140,
       160, 21, 126, 77, 116, 71, 227, 120, 84, 132, 247, 38, 83, 21,
       180, 101, 126, 148, 22, 106, 249, 178, 117, 14, 119, 42, 160, 0,
       117, 171, 116, 177, 10, 132, 32, 201, 85, 247, 186, 67, 15, 5, 90,
       3, 140, 59, 36, 196, 217, 27, 147, 145, 18, 152, 17, 223, 47, 86,
       154, 195, 150, 78, 61, 134, 234, 138, 238, 154, 207, 241, 184,
       199, 159, 87, 212, 179, 44, 206, 118, 207, 235, 51, 187, 149, 182,
       79, 46, 241, 31, 115, 218, 235, 151, 12, 189, 222, 234, 184, 255,
       154, 203, 245, 185, 71, 171, 87, 116, 187, 44, 222, 102, 27, 239,
       187, 243, 145, 22, 111, 178, 241, 95, 89, 218, 235, 215, 68, 231,
       223, 171, 184, 55, 248, 109, 253, 185, 87, 139, 89, 148, 127, 188,
       156, 116, 175, 239, 59, 247, 145, 147, 111, 242, 241, 95, 89, 250,
       234, 223, 12, 255, 251, 59, 83, 106, 233, 118, 83, 251, 120, 117,
       108, 254, 167, 75, 30, 191, 244, 254, 157, 151, 231, 205, 179, 37,
       206, 178, 253, 162, 135, 119, 175, 124, 213, 253, 223, 237, 190,
       188, 36, 79, 253, 210, 218, 156, 214, 115, 231, 251, 115, 95, 226,
       60, 238, 251, 67, 190, 191, 250, 207, 231, 252, 191, 251, 240,
       121, 66, 168, 150, 21, 9, 200, 48, 7, 190, 21, 66, 17, 236, 182,
       64, 74, 161, 63, 233, 16, 18, 216, 131, 81, 13, 50, 90, 67, 128,
       0, 165, 10, 147, 90, 111, 156, 38, 128, 237, 116, 212, 74, 210,
       230, 49, 142, 177, 97, 110, 168, 31, 207, 235, 175, 38, 253, 144,
       42, 250, 136, 61, 153, 112, 249, 34, 189, 43, 186, 223, 225, 181,
       230, 158, 87, 88, 187, 172, 252, 116, 0, 235, 123, 179, 129, 50,
       122, 154, 247, 125, 22, 158, 235, 21, 92, 183, 250, 34, 175, 106,
       26, 223, 145, 191, 230, 222, 85, 120, 175, 40, 236, 119, 0, 235,
       107, 163, 199, 246, 122, 46, 247, 126, 23, 159, 171, 85, 93, 255,
       206, 47, 127, 67, 78, 245, 31, 110, 248, 127, 200, 125, 238, 72,
       227, 189, 180, 126, 232, 150, 238, 193, 178, 188, 254, 54, 62,
       133, 174, 95, 191, 106, 181, 255, 54, 252, 227, 175, 127, 219,
       152, 59, 255, 181, 191, 223, 127, 207, 191, 191, 213, 255, 54,
       181, 116, 249, 194, 223, 219, 111, 247, 247, 239, 79, 119, 222,
       89, 110, 236, 45, 86, 255, 248, 157, 206, 215, 167, 75, 255, 183,
       103, 254, 245, 255, 231, 233, 231, 187, 232, 243, 251, 239, 159,
       55, 191, 124, 115, 130, 16, 176, 217, 85, 247, 184, 66, 30, 7, 84,
       19, 140, 154, 102, 72, 217, 25, 147, 145, 38, 212, 81, 210, 15,
       22, 154, 103, 150, 12, 61, 134, 215, 255, 159, 254, 171, 135, 159,
       252, 158, 186, 145, 118, 124, 247, 105, 99, 247, 127, 127, 211,
       243, 67, 170, 251, 249, 187, 111, 254, 152, 115, 161, 51, 170,
       184, 183, 186, 207, 245, 185, 71, 175, 95, 116, 55, 172, 223, 102,
