%YAML:1.0
---
descriptors: !!opencv-matrix
   rows: 78
   cols: 32
   dt: u
   data: [ 8, 141, 22, 185, 213, 239, 180, 167, 30, 5, 74, 19, 189, 63,
       34, 192, 241, 59, 131, 1, 118, 152, 17, 191, 237, 231, 62, 65, 18,
       76, 157, 202, 247, 127, 111, 134, 230, 2, 190, 112, 169, 198, 123,
       231, 89, 238, 191, 51, 126, 245, 247, 231, 229, 211, 172, 206, 62,
       42, 239, 140, 109, 247, 247, 213, 2, 157, 42, 155, 247, 209, 186,
       239, 223, 69, 92, 163, 44, 252, 62, 224, 255, 59, 147, 129, 214,
       184, 38, 247, 47, 53, 154, 235, 21, 12, 189, 223, 2, 141, 34, 154,
       211, 209, 190, 231, 158, 5, 120, 131, 108, 238, 46, 132, 255, 59,
       147, 145, 118, 185, 24, 255, 61, 22, 158, 99, 85, 14, 173, 158,
       78, 56, 251, 225, 231, 124, 249, 146, 235, 254, 183, 184, 223, 63,
       213, 62, 175, 213, 253, 147, 145, 103, 226, 192, 223, 219, 123,
       255, 199, 229, 71, 247, 226, 154, 55, 250, 111, 245, 152, 215,
       139, 95, 148, 127, 44, 221, 126, 62, 207, 179, 247, 145, 150, 47,
       186, 241, 91, 120, 90, 255, 215, 12, 151, 95, 51, 175, 96, 139,
       214, 147, 238, 255, 71, 105, 248, 239, 33, 76, 182, 180, 127, 171,
       23, 253, 222, 186, 76, 255, 62, 12, 175, 232, 127, 142, 250, 221,
       72, 169, 187, 117, 240, 236, 105, 151, 239, 13, 126, 0, 189, 247,
       212, 116, 167, 127, 127, 24, 147, 184, 179, 113, 111, 253, 55,
       192, 194, 194, 199, 249, 40, 173, 99, 9, 81, 219, 97, 111, 127,
       69, 236, 137, 162, 132, 38, 148, 0, 138, 202, 0, 94, 186, 116, 29,
       47, 84, 16, 111, 82, 12, 214, 206, 3, 147, 113, 249, 246, 137,
       248, 51, 79, 121, 56, 246, 157, 31, 244, 100, 239, 155, 23, 29,
       147, 56, 70, 213, 142, 220, 186, 238, 31, 140, 209, 149, 16, 140,
       74, 249, 20, 175, 107, 115, 31, 67, 94, 214, 177, 227, 176, 64,
       123, 170, 23, 28, 179, 184, 37, 159, 206, 239, 179, 192, 189, 136,
       80, 184, 179, 201, 122, 236, 54, 128, 202, 116, 77, 0, 242, 194,
       59, 139, 180, 96, 126, 185, 23, 239, 200, 183, 4, 223, 178, 248,
       170, 128, 61, 138, 112, 8, 163, 219, 115, 232, 116, 133, 248, 116,
       207, 72, 240, 226, 188, 159, 180, 32, 238, 185, 23, 213, 195, 43,
       2, 213, 54, 24, 170, 250, 93, 138, 113, 185, 138, 178, 142, 185,
       175, 177, 184, 3, 159, 19, 66, 183, 172, 142, 102, 203, 231, 59,
       187, 149, 22, 92, 131, 209, 14, 83, 218, 235, 156, 76, 169, 159,
       148, 206, 90, 178, 198, 169, 54, 239, 188, 50, 106, 127, 119, 241,
       41, 81, 51, 235, 3, 34, 112, 245, 10, 63, 124, 134, 101, 45, 185,
       120, 193, 139, 2, 149, 48, 211, 213, 253, 252, 167, 127, 29, 106,
       7, 172, 188, 126, 224, 249, 155, 131, 145, 214, 56, 16, 247, 63,
       92, 30, 106, 219, 76, 241, 222, 6, 148, 178, 155, 147, 230, 180,
       175, 31, 215, 74, 19, 204, 254, 110, 72, 247, 27, 179, 17, 50,
       220, 27, 198, 47, 87, 159, 71, 128, 76, 165, 219, 23, 95, 234, 68,
       54, 23, 254, 113, 68, 236, 223, 231, 73, 232, 191, 32, 126, 237,
       22, 239, 205, 179, 61, 206, 114, 77, 175, 132, 109, 190, 121, 85,
       122, 92, 50, 148, 71, 246, 180, 119, 177, 111, 222, 175, 40, 189,
       38, 132, 236, 191, 255, 129, 76, 155, 176, 207, 243, 247, 218,
       131, 11, 92, 190, 223, 34, 174, 170, 186, 247, 241, 176, 67, 31,
       79, 93, 179, 172, 204, 38, 192, 223, 59, 147, 17, 54, 190, 98,
       215, 15, 87, 26, 203, 148, 76, 189, 215, 2, 133, 16, 139, 213,
       247, 186, 107, 13, 5, 91, 3, 236, 94, 46, 196, 216, 19, 147, 177,
       22, 152, 89, 223, 45, 116, 138, 67, 22, 14, 189, 150, 130, 156,
       51, 217, 113, 229, 177, 67, 159, 79, 80, 20, 172, 254, 36, 100,
       223, 59, 179, 17, 50, 156, 114, 255, 13, 54, 26, 202, 144, 8, 37,
       255, 34, 235, 106, 186, 215, 193, 190, 228, 142, 69, 88, 171, 44,
       237, 118, 4, 250, 123, 131, 209, 18, 11, 10, 245, 61, 20, 143,
       235, 85, 31, 191, 218, 90, 190, 165, 192, 127, 255, 184, 251, 63,
       125, 158, 191, 12, 60, 214, 132, 175, 23, 255, 49, 151, 27, 49,
       215, 31, 95, 27, 247, 199, 4, 159, 247, 61, 105, 235, 109, 70,
       114, 239, 120, 97, 194, 125, 2, 89, 121, 149, 50, 122, 252, 181,
       170, 200, 178, 165, 137, 87, 237, 225, 133, 103, 243, 118, 224,
       142, 29, 242, 211, 225, 245, 190, 83, 157, 222, 123, 183, 232,
       254, 111, 239, 255, 251, 183, 150, 180, 208, 58, 226, 15, 88, 207,
       195, 151, 111, 237, 215, 220, 95, 189, 188, 172, 7, 221, 253, 150,
       186, 144, 231, 221, 255, 113, 75, 255, 215, 127, 247, 233, 71,
       139, 216, 249, 195, 239, 188, 60, 248, 177, 185, 212, 79, 221,
       236, 142, 46, 79, 156, 50, 178, 138, 72, 215, 115, 217, 123, 55,
       212, 125, 106, 233, 69, 203, 34, 249, 171, 101, 60, 176, 251, 0,
       32, 6, 133, 144, 133, 209, 110, 178, 43, 44, 37, 75, 1, 204, 44,
       4, 196, 145, 95, 131, 49, 22, 184, 89, 206, 45, 54, 15, 71, 128,
       110, 141, 134, 2, 153, 186, 185, 147, 228, 56, 87, 175, 21, 78,
       35, 188, 191, 98, 64, 227, 59, 187, 145, 22, 152, 146, 213, 207,
       247, 30, 67, 144, 0, 173, 219, 60, 73, 238, 238, 92, 82, 75, 248,
       69, 128, 247, 130, 91, 237, 189, 80, 120, 252, 55, 234, 136, 179,
       61, 172, 115, 237, 167, 133, 119, 187, 116, 160, 130, 158, 190,
       185, 179, 247, 185, 199, 190, 95, 86, 53, 188, 190, 38, 73, 231,
       59, 191, 149, 183, 221, 35, 215, 203, 211, 126, 195, 144, 64, 173,
       123, 25, 140, 91, 237, 54, 187, 251, 115, 61, 73, 95, 66, 61, 171,
       176, 224, 119, 43, 31, 140, 147, 184, 37, 223, 222, 239, 34, 192,
       183, 138, 105, 224, 163, 199, 123, 232, 100, 129, 234, 96, 77, 0,
       208, 226, 189, 13, 180, 97, 238, 185, 23, 239, 235, 39, 0, 223,
       180, 152, 170, 144, 29, 138, 113, 169, 3, 133, 2, 140, 148, 130,
       234, 103, 21, 1, 219, 2, 120, 250, 48, 64, 120, 170, 19, 157, 18,
       154, 0, 223, 40, 60, 142, 200, 29, 10, 241, 128, 42, 133, 242,
       201, 245, 231, 185, 103, 30, 5, 121, 2, 136, 185, 60, 64, 217, 27,
       19, 145, 18, 186, 81, 215, 45, 60, 154, 198, 213, 74, 244, 162, 2,
       188, 184, 187, 83, 229, 186, 207, 30, 71, 76, 51, 188, 255, 34,
       64, 247, 59, 147, 145, 50, 156, 58, 247, 79, 23, 154, 235, 144,
       69, 165, 219, 47, 52, 178, 153, 125, 181, 176, 74, 95, 79, 125,
       23, 140, 216, 126, 172, 217, 43, 146, 21, 150, 62, 82, 210, 15,
       93, 27, 107, 219, 77, 109, 214, 7, 92, 147, 185, 167, 245, 190,
       214, 31, 91, 88, 114, 156, 158, 97, 232, 247, 91, 151, 19, 151,
       148, 17, 242, 6, 86, 190, 194, 156, 93, 169, 151, 31, 95, 66, 142,
       114, 146, 46, 240, 133, 76, 255, 231, 105, 226, 167, 196, 126,
       237, 134, 238, 196, 147, 12, 239, 50, 108, 170, 128, 63, 191, 40,
       149, 61, 65, 106, 225, 100, 83, 239, 120, 68, 224, 254, 2, 17, 25,
       179, 32, 122, 156, 23, 234, 201, 179, 37, 156, 119, 205, 163, 132,
       119, 186, 126, 232, 2, 155, 214, 157, 100, 204, 252, 71, 173, 93,
       122, 99, 172, 158, 38, 70, 238, 187, 183, 129, 82, 184, 2, 193,
       21, 56, 218, 131, 21, 12, 229, 207, 98, 153, 162, 156, 79, 213,
       184, 71, 139, 93, 208, 163, 44, 158, 118, 195, 238, 187, 179, 133,
       194, 11, 178, 209, 19, 48, 218, 171, 21, 12, 61, 223, 2, 184, 178,
       153, 235, 245, 185, 71, 159, 29, 92, 51, 172, 158, 102, 12, 239,
       59, 131, 145, 18, 90, 162, 209, 79, 84, 26, 235, 146, 76, 165,
       207, 141, 174, 223, 156, 252, 51, 111, 251, 86, 166, 156, 150,
       253, 227, 251, 103, 123, 70, 46, 44, 113, 111, 63, 158, 252, 207,
       103, 44, 190, 248, 97, 168, 130, 146, 62, 248, 109, 165, 185, 87,
       141, 27, 81, 115, 188, 159, 116, 75, 239, 51, 191, 21, 178, 79, 2,
       209, 71, 91, 250, 234, 148, 12, 161, 179, 10, 48, 187, 249, 108,
       164, 185, 87, 175, 27, 124, 114, 188, 191, 244, 74, 231, 59, 63,
       145, 147, 92, 130, 193, 68, 189, 250, 170, 132, 192, 161, 171, 95,
       50, 251, 100, 33, 124, 89, 18, 169, 238, 182, 189, 95, 191, 199,
       190, 167, 245, 253, 22, 141, 71, 178, 192, 211, 251, 113, 139,
