%YAML:1.0
---
descriptors: !!opencv-matrix
   rows: 102
   cols: 32
   dt: u
   data: [ 34, 177, 112, 154, 117, 213, 186, 197, 31, 93, 125, 27, 44,
       220, 126, 132, 221, 187, 147, 145, 22, 58, 90, 245, 31, 92, 154,
       235, 215, 14, 255, 223, 43, 120, 96, 72, 93, 209, 216, 198, 83,
       100, 116, 138, 8, 156, 247, 180, 72, 168, 147, 217, 142, 62, 116,
       222, 63, 92, 129, 111, 119, 156, 94, 222, 159, 112, 235, 177, 230,
       35, 255, 223, 31, 235, 86, 247, 25, 159, 253, 104, 127, 153, 23,
       159, 163, 246, 52, 194, 94, 79, 191, 164, 191, 253, 177, 241, 183,
       102, 101, 77, 76, 3, 207, 248, 86, 226, 145, 238, 83, 76, 149, 37,
       89, 196, 86, 239, 233, 39, 109, 31, 48, 10, 225, 188, 125, 191,
       82, 244, 255, 70, 68, 172, 14, 19, 198, 248, 22, 226, 209, 239,
       67, 108, 179, 195, 88, 196, 175, 231, 237, 39, 79, 159, 176, 99,
       233, 188, 125, 255, 120, 84, 183, 161, 113, 80, 217, 217, 84, 107,
       223, 49, 165, 24, 10, 220, 206, 53, 137, 154, 202, 16, 118, 111,
       122, 215, 59, 216, 21, 127, 210, 8, 206, 6, 38, 183, 172, 97, 173,
       127, 218, 152, 23, 125, 189, 29, 195, 44, 94, 58, 221, 140, 247,
       63, 158, 114, 121, 146, 79, 89, 129, 247, 208, 111, 86, 86, 252,
       109, 253, 228, 205, 75, 86, 109, 193, 174, 188, 43, 99, 61, 65,
       19, 232, 246, 229, 226, 72, 99, 232, 40, 243, 193, 229, 51, 99,
       122, 214, 107, 82, 141, 2, 190, 147, 228, 58, 226, 173, 21, 203,
       3, 172, 251, 32, 80, 160, 115, 249, 195, 18, 9, 138, 229, 241,
       244, 154, 75, 0, 7, 47, 10, 88, 9, 186, 104, 184, 236, 87, 81,
       235, 13, 252, 0, 62, 183, 66, 48, 160, 50, 125, 88, 18, 41, 162,
       97, 219, 253, 38, 72, 192, 194, 231, 99, 15, 67, 104, 231, 52, 26,
       250, 176, 77, 128, 95, 227, 217, 95, 157, 96, 54, 213, 149, 239,
       200, 176, 109, 204, 103, 217, 163, 133, 39, 183, 88, 99, 145, 18,
       239, 225, 38, 34, 233, 87, 100, 123, 210, 246, 25, 11, 176, 107,
       111, 134, 63, 157, 185, 252, 37, 192, 212, 170, 250, 196, 173,
       136, 240, 57, 11, 124, 235, 245, 246, 243, 191, 215, 95, 231, 92,
       183, 61, 156, 215, 32, 63, 123, 151, 149, 134, 188, 36, 234, 102,
       79, 190, 129, 229, 252, 181, 255, 3, 201, 119, 89, 101, 221, 165,
       180, 238, 16, 112, 66, 184, 156, 180, 100, 106, 56, 34, 72, 195,
       184, 54, 241, 37, 24, 2, 2, 87, 152, 197, 172, 58, 21, 123, 232,
       211, 99, 25, 107, 5, 69, 252, 179, 31, 191, 36, 112, 254, 155,
       151, 161, 25, 155, 48, 222, 211, 229, 138, 207, 53, 4, 166, 242,
       60, 172, 121, 114, 117, 239, 83, 250, 119, 42, 124, 8, 63, 93, 8,
       49, 153, 154, 87, 106, 74, 58, 72, 61, 219, 223, 49, 125, 98, 203,
       66, 171, 104, 169, 251, 106, 244, 200, 99, 213, 107, 13, 124, 32,
       183, 183, 224, 112, 208, 58, 68, 88, 26, 56, 160, 33, 239, 253,
       32, 73, 192, 130, 198, 43, 216, 152, 43, 56, 52, 248, 81, 7, 247,
       85, 68, 185, 191, 156, 50, 120, 163, 171, 221, 21, 190, 47, 182,
       55, 211, 199, 50, 105, 244, 132, 247, 90, 112, 1, 26, 160, 20,
       111, 98, 71, 172, 5, 170, 10, 22, 154, 96, 80, 232, 145, 74, 176,
       24, 35, 80, 64, 241, 133, 138, 25, 129, 74, 167, 138, 7, 4, 162,
       137, 218, 160, 186, 202, 14, 33, 202, 163, 196, 190, 117, 96, 255,
       87, 59, 149, 150, 19, 215, 240, 60, 52, 143, 130, 148, 95, 177,
       132, 176, 67, 106, 44, 20, 27, 195, 120, 68, 132, 243, 198, 67,
       136, 179, 64, 120, 172, 6, 107, 204, 179, 101, 12, 240, 161, 160,
       5, 117, 170, 116, 196, 56, 16, 123, 105, 77, 93, 112, 80, 101, 33,
       231, 2, 19, 19, 100, 118, 104, 148, 234, 200, 10, 179, 241, 128,
       87, 233, 128, 3, 35, 138, 116, 34, 104, 168, 184, 253, 61, 249,
       81, 11, 75, 29, 172, 24, 178, 189, 66, 50, 201, 26, 235, 0, 26,
       106, 227, 147, 207, 221, 16, 59, 210, 72, 94, 170, 13, 79, 154,
       251, 176, 174, 106, 150, 127, 73, 126, 100, 247, 99, 177, 124,
       119, 106, 12, 124, 147, 184, 5, 125, 232, 255, 50, 192, 154, 211,
       97, 41, 93, 157, 127, 79, 178, 246, 115, 176, 237, 76, 126, 36,
       124, 119, 162, 113, 118, 119, 124, 234, 145, 153, 57, 125, 251,
       237, 34, 194, 58, 131, 37, 115, 37, 41, 239, 81, 213, 143, 226,
       66, 238, 17, 122, 2, 16, 152, 53, 32, 232, 106, 2, 92, 146, 184,
       86, 96, 15, 8, 0, 64, 233, 9, 82, 166, 55, 41, 34, 136, 221, 177,
       170, 66, 77, 225, 152, 139, 128, 140, 55, 36, 232, 171, 91, 213,
       158, 43, 101, 236, 153, 20, 138, 251, 149, 13, 49, 196, 217, 142,
       237, 241, 166, 160, 105, 23, 100, 83, 86, 246, 57, 35, 208, 107,
       103, 134, 63, 156, 179, 220, 101, 225, 222, 235, 254, 192, 173,
       192, 240, 41, 43, 184, 112, 152, 109, 249, 185, 83, 203, 93, 180,
       190, 172, 142, 246, 174, 239, 163, 223, 153, 151, 47, 242, 209,
       150, 89, 186, 251, 159, 140, 47, 221, 80, 217, 159, 222, 11, 192,
       53, 199, 238, 65, 106, 34, 60, 179, 96, 98, 162, 115, 232, 64, 67,
       137, 146, 97, 249, 164, 86, 11, 8, 18, 165, 43, 181, 239, 207,
       254, 158, 35, 71, 252, 82, 162, 249, 222, 115, 225, 185, 35, 121,
       238, 100, 238, 233, 247, 205, 47, 248, 239, 229, 20, 237, 251,
       242, 160, 91, 16, 123, 225, 102, 220, 233, 81, 237, 76, 183, 102,
       157, 31, 246, 226, 110, 129, 159, 157, 139, 55, 112, 192, 214,
       217, 170, 192, 47, 136, 117, 241, 125, 114, 110, 141, 125, 95,
       251, 120, 47, 236, 246, 47, 206, 222, 171, 212, 252, 205, 238,
       226, 205, 243, 235, 220, 246, 119, 171, 191, 95, 175, 126, 215,
       26, 18, 120, 225, 101, 94, 249, 80, 45, 76, 246, 38, 159, 30, 150,
       224, 254, 153, 159, 225, 205, 178, 113, 192, 151, 217, 170, 135,
       47, 142, 125, 247, 10, 191, 57, 233, 254, 133, 189, 119, 143, 121,
       92, 103, 188, 191, 228, 33, 206, 59, 151, 17, 211, 10, 98, 213,
       110, 25, 62, 234, 30, 136, 165, 251, 4, 9, 18, 155, 205, 173, 160,
       67, 172, 17, 75, 3, 164, 210, 96, 194, 232, 43, 42, 145, 22, 185,
       130, 224, 149, 20, 154, 75, 144, 74, 41, 142, 82, 166, 172, 176,
       139, 97, 25, 79, 139, 63, 140, 187, 44, 175, 66, 27, 197, 151,
       253, 145, 26, 75, 194, 145, 219, 215, 222, 255, 144, 68, 183, 91,
       0, 45, 83, 113, 246, 235, 231, 227, 124, 129, 122, 66, 53, 41, 49,
       32, 59, 122, 2, 41, 49, 184, 0, 46, 108, 134, 54, 0, 229, 81, 227,
       160, 179, 102, 77, 164, 14, 19, 206, 120, 84, 224, 146, 207, 83,
       8, 147, 161, 24, 196, 127, 239, 237, 247, 69, 28, 176, 75, 233,
       180, 45, 188, 90, 28, 243, 66, 78, 172, 14, 3, 74, 120, 20, 230,
       214, 239, 83, 9, 179, 1, 92, 132, 127, 239, 236, 151, 69, 12, 208,
       107, 233, 144, 61, 188, 88, 80, 180, 81, 107, 174, 20, 194, 195,
       96, 196, 196, 211, 163, 83, 217, 185, 64, 88, 168, 130, 99, 73,
       163, 100, 140, 240, 33, 160, 9, 117, 187, 116, 226, 84, 124, 145,
       163, 7, 111, 114, 68, 187, 166, 42, 79, 231, 235, 65, 10, 177,
       100, 77, 118, 40, 245, 153, 170, 155, 215, 71, 51, 160, 127, 7,
       90, 0, 201, 27, 122, 80, 229, 243, 198, 182, 13, 104, 0, 48, 211,
       33, 16, 233, 59, 3, 208, 2, 26, 10, 127, 121, 133, 178, 73, 80, 1,
       102, 170, 203, 152, 243, 250, 168, 164, 108, 151, 159, 91, 16, 84,
       189, 251, 224, 106, 135, 43, 63, 28, 179, 77, 146, 243, 202, 218,
       126, 232, 158, 192, 161, 57, 232, 173, 61, 122, 253, 205, 85, 175,
       67, 29, 164, 24, 178, 93, 64, 63, 201, 146, 114, 24, 122, 110,
       243, 183, 111, 218, 20, 123, 210, 8, 214, 42, 210, 34, 14, 188,
       10, 195, 16, 73, 134, 164, 130, 155, 199, 199, 96, 66, 160, 53,
       233, 129, 10, 79, 131, 17, 209, 225, 187, 187, 16, 0, 45, 2, 40,
       169, 123, 107, 244, 202, 115, 213, 113, 0, 124, 40, 51, 151, 160,
       48, 18, 154, 6, 120, 82, 184, 160, 63, 111, 189, 36, 72, 80, 138,
       198, 168, 131, 208, 51, 91, 101, 213, 165, 206, 95, 89, 112, 86,
       172, 220, 188, 236, 247, 27, 18, 72, 195, 188, 58, 245, 5, 30, 26,
       138, 82, 28, 229, 253, 0, 129, 9, 137, 148, 199, 164, 35, 68, 1,
