%YAML:1.0
---
descriptors: !!opencv-matrix
   rows: 112
   cols: 32
   dt: u
   data: [ 143, 222, 250, 219, 245, 247, 191, 254, 95, 239, 93, 247, 252,
       252, 191, 237, 255, 251, 151, 215, 247, 124, 60, 254, 126, 95,
       255, 239, 159, 255, 189, 255, 10, 150, 114, 185, 50, 163, 184,
       115, 127, 33, 123, 242, 172, 222, 168, 192, 255, 59, 151, 145,
       146, 184, 0, 223, 204, 95, 58, 194, 247, 134, 161, 129, 57, 49,
       123, 101, 84, 78, 107, 80, 97, 224, 100, 8, 19, 21, 144, 52, 120,
       156, 20, 104, 201, 178, 240, 8, 87, 237, 32, 32, 99, 170, 70, 248,
       3, 159, 104, 155, 242, 145, 184, 119, 31, 69, 92, 231, 173, 206,
       182, 96, 230, 59, 151, 149, 215, 24, 54, 247, 44, 28, 186, 232,
       29, 132, 137, 221, 51, 133, 99, 233, 212, 134, 236, 119, 84, 65,
       218, 198, 25, 47, 180, 96, 124, 155, 23, 137, 218, 186, 53, 207,
       126, 46, 190, 192, 53, 200, 240, 136, 3, 12, 7, 157, 50, 166, 168,
       39, 189, 65, 82, 199, 164, 162, 52, 197, 230, 47, 27, 133, 181,
       152, 21, 205, 4, 54, 154, 130, 28, 4, 57, 221, 58, 223, 34, 14,
       93, 197, 151, 228, 135, 76, 248, 139, 42, 204, 54, 0, 216, 250,
       147, 199, 78, 43, 90, 191, 123, 84, 132, 59, 83, 30, 86, 222, 16,
       79, 90, 172, 54, 195, 94, 103, 164, 132, 248, 42, 55, 186, 36, 80,
       254, 187, 31, 225, 76, 139, 0, 111, 240, 165, 174, 137, 53, 26,
       167, 11, 184, 77, 91, 108, 20, 206, 79, 119, 116, 128, 250, 66,
       51, 51, 49, 80, 122, 236, 5, 106, 104, 185, 16, 46, 241, 173, 164,
       16, 117, 186, 100, 170, 103, 79, 66, 94, 127, 147, 250, 104, 221,
       192, 253, 238, 104, 200, 183, 245, 126, 232, 194, 238, 228, 179,
       110, 252, 54, 60, 129, 139, 95, 191, 122, 132, 250, 57, 170, 188,
       94, 228, 83, 120, 23, 204, 213, 39, 112, 255, 99, 64, 124, 248,
       183, 211, 136, 91, 178, 232, 91, 33, 171, 137, 53, 43, 60, 219,
       199, 205, 134, 190, 149, 166, 62, 239, 159, 95, 217, 151, 236,
       238, 58, 73, 241, 239, 191, 135, 124, 207, 90, 255, 188, 118, 223,
       207, 156, 125, 185, 218, 9, 180, 133, 241, 149, 47, 77, 63, 22,
       171, 78, 84, 183, 33, 16, 233, 217, 14, 26, 24, 57, 248, 81, 28,
       237, 223, 182, 16, 154, 200, 145, 40, 70, 134, 8, 187, 226, 164,
       60, 183, 58, 31, 95, 215, 141, 234, 218, 88, 119, 139, 183, 149,
       150, 24, 206, 247, 92, 39, 250, 197, 156, 70, 169, 208, 90, 166,
       152, 176, 153, 173, 16, 199, 187, 59, 136, 25, 143, 163, 66, 152,
       133, 155, 237, 16, 62, 75, 130, 23, 219, 215, 29, 127, 128, 68,
       139, 10, 2, 137, 32, 137, 149, 211, 182, 101, 76, 69, 80, 3, 168,
       8, 54, 96, 216, 43, 147, 113, 214, 184, 21, 221, 45, 28, 138, 67,
       85, 14, 245, 198, 2, 133, 0, 137, 213, 227, 186, 39, 15, 5, 90, 3,
       140, 56, 52, 192, 217, 27, 147, 177, 22, 152, 81, 221, 45, 20,
       138, 67, 148, 14, 189, 142, 175, 83, 120, 229, 100, 22, 251, 56,
       65, 236, 117, 167, 89, 29, 151, 36, 222, 21, 151, 111, 197, 180,
       101, 136, 70, 217, 160, 135, 103, 191, 84, 245, 31, 82, 120, 225,
       37, 86, 217, 16, 69, 204, 151, 167, 153, 29, 183, 110, 254, 21,
       157, 239, 205, 128, 37, 200, 195, 217, 170, 134, 39, 175, 116,
       119, 131, 56, 58, 248, 109, 165, 185, 83, 143, 89, 84, 119, 188,
       159, 117, 106, 238, 57, 159, 21, 130, 15, 50, 241, 71, 89, 186,
       234, 158, 12, 33, 251, 64, 140, 151, 29, 144, 66, 32, 39, 122,
       147, 66, 16, 228, 114, 0, 75, 241, 102, 32, 0, 48, 216, 147, 109,
       13, 54, 86, 66, 128, 96, 161, 10, 19, 133, 66, 204, 148, 130, 232,
       127, 20, 1, 219, 66, 89, 234, 176, 96, 120, 174, 23, 169, 219,
       155, 4, 223, 56, 44, 174, 192, 61, 138, 241, 136, 2, 136, 150,
       157, 17, 230, 56, 7, 62, 17, 66, 16, 236, 34, 32, 73, 241, 63, 59,
       144, 50, 220, 3, 213, 141, 54, 218, 67, 144, 0, 165, 10, 145, 28,
       127, 117, 50, 226, 125, 55, 116, 70, 94, 242, 253, 63, 177, 97,
       54, 127, 61, 169, 225, 220, 53, 79, 231, 175, 250, 128, 36, 240,
       37, 121, 43, 177, 185, 75, 221, 245, 187, 207, 75, 121, 61, 10,
       152, 221, 94, 36, 153, 27, 147, 153, 151, 58, 250, 241, 111, 93,
       157, 111, 211, 15, 215, 246, 147, 219, 103, 157, 38, 144, 236,
       244, 212, 72, 82, 230, 49, 138, 178, 229, 110, 168, 55, 205, 203,
       191, 38, 253, 48, 40, 186, 136, 61, 152, 112, 253, 130, 152, 151,
       185, 35, 229, 56, 71, 62, 29, 66, 181, 172, 151, 32, 73, 231, 59,
       187, 148, 18, 220, 19, 209, 133, 48, 154, 195, 144, 4, 37, 251,
       19, 91, 74, 188, 46, 128, 172, 116, 164, 8, 216, 231, 49, 142,
       177, 65, 110, 169, 31, 199, 205, 139, 6, 237, 240, 225, 170, 136,
       61, 144, 57, 153, 36, 36, 176, 219, 252, 173, 225, 27, 95, 11,
       121, 24, 210, 233, 92, 56, 217, 26, 38, 25, 146, 178, 202, 146,
       79, 30, 48, 104, 208, 203, 82, 129, 220, 75, 95, 164, 34, 10, 127,
       116, 165, 140, 246, 98, 63, 3, 161, 83, 102, 245, 93, 234, 104,
       183, 0, 104, 240, 225, 110, 128, 100, 177, 39, 41, 39, 110, 106,
       30, 95, 145, 186, 96, 223, 68, 253, 175, 104, 200, 183, 148, 238,
       235, 131, 199, 198, 35, 46, 253, 54, 63, 137, 171, 87, 63, 126,
       206, 176, 225, 107, 229, 70, 195, 253, 103, 52, 3, 118, 179, 49,
       29, 48, 32, 122, 155, 147, 193, 82, 188, 37, 55, 119, 199, 180,
       129, 101, 152, 244, 250, 6, 121, 162, 150, 239, 193, 158, 197,
       154, 233, 88, 171, 236, 252, 127, 128, 221, 123, 147, 209, 84, 91,
       154, 226, 41, 20, 159, 171, 149, 126, 191, 223, 18, 206, 46, 249,
       17, 210, 189, 175, 140, 21, 218, 131, 169, 78, 58, 96, 235, 19,
       171, 161, 94, 169, 55, 221, 225, 231, 154, 69, 53, 24, 165, 70, 6,
       92, 186, 219, 178, 177, 190, 198, 30, 11, 90, 162, 188, 158, 229,
       104, 231, 123, 147, 17, 135, 156, 48, 243, 36, 22, 62, 194, 148,
       89, 165, 191, 30, 127, 226, 130, 246, 227, 159, 222, 14, 228, 24,
       231, 76, 207, 231, 8, 127, 123, 151, 215, 134, 179, 12, 250, 122,
       4, 175, 163, 183, 255, 53, 219, 15, 134, 136, 187, 178, 164, 43,
       159, 62, 15, 93, 215, 141, 227, 218, 80, 119, 11, 23, 149, 178,
       152, 140, 215, 236, 101, 190, 228, 188, 198, 171, 209, 2, 132, 0,
       137, 85, 247, 186, 7, 14, 5, 90, 3, 140, 30, 36, 196, 217, 27,
       147, 145, 22, 152, 81, 223, 45, 22, 154, 71, 150, 78, 61, 142, 63,
       82, 120, 229, 38, 22, 219, 24, 73, 232, 119, 231, 219, 29, 159,
       36, 222, 149, 149, 239, 204, 180, 101, 200, 70, 217, 160, 134,
       111, 191, 80, 245, 14, 34, 226, 136, 101, 243, 184, 64, 47, 196,
       95, 135, 8, 206, 119, 204, 250, 169, 147, 177, 132, 179, 52, 192,
       22, 85, 139, 207, 135, 111, 61, 214, 127, 78, 226, 68, 231, 50,
       255, 82, 113, 230, 126, 175, 73, 173, 215, 190, 63, 236, 181, 175,
       157, 183, 164, 202, 86, 111, 133, 133, 231, 247, 126, 245, 19,
       133, 66, 138, 146, 162, 170, 97, 60, 1, 91, 146, 77, 238, 188, 64,
       126, 187, 23, 188, 18, 153, 5, 221, 56, 44, 138, 192, 181, 130,
       161, 132, 185, 88, 107, 252, 118, 149, 235, 246, 87, 74, 116, 166,
       57, 221, 183, 96, 126, 168, 23, 207, 235, 190, 54, 191, 86, 207,
       186, 136, 127, 153, 112, 249, 17, 135, 66, 203, 212, 163, 106,
       113, 84, 5, 219, 82, 73, 106, 184, 64, 122, 171, 23, 189, 154,
       154, 5, 223, 60, 44, 170, 192, 189, 138, 240, 128, 39, 164, 98,
       139, 212, 163, 234, 91, 86, 65, 217, 210, 153, 72, 248, 32, 125,
       139, 23, 157, 154, 178, 76, 214, 12, 12, 171, 236, 181, 207, 176,
       228, 2, 136, 158, 153, 52, 162, 56, 7, 62, 9, 66, 49, 236, 50, 32,
       72, 243, 63, 57, 144, 50, 220, 1, 215, 204, 54, 186, 195, 144, 0,
       161, 11, 94, 95, 254, 164, 162, 2, 188, 247, 168, 206, 154, 231,
       61, 175, 227, 74, 166, 247, 253, 199, 196, 211, 132, 232, 242,
       227, 238, 131, 45, 244, 47, 91, 47, 41, 225, 64, 229, 52, 236,
       223, 123, 251, 60, 77, 8, 172, 215, 190, 157, 207, 87, 157, 151,
       122, 228, 192, 30, 92, 181, 238, 207, 245, 218, 213, 147, 90, 111,
       221, 54, 146, 233, 84, 212, 66, 214, 230, 49, 142, 177, 97, 110,
