%YAML:1.0
---
descriptors: !!opencv-matrix
   rows: 64
   cols: 32
   dt: u
   data: [ 72, 169, 187, 123, 248, 237, 121, 151, 239, 13, 126, 0, 188,
       247, 208, 116, 167, 59, 126, 24, 146, 56, 179, 113, 111, 253, 55,
       224, 194, 130, 199, 249, 26, 5, 111, 232, 22, 226, 75, 112, 229,
       68, 222, 130, 91, 205, 178, 96, 122, 180, 31, 233, 136, 179, 37,
       220, 243, 239, 170, 193, 55, 130, 116, 96, 82, 89, 59, 220, 11,
       196, 144, 0, 141, 80, 134, 2, 172, 223, 96, 107, 224, 181, 253,
       192, 73, 11, 146, 224, 211, 240, 218, 27, 18, 8, 37, 58, 51, 73,
       105, 69, 86, 23, 239, 117, 76, 232, 250, 198, 81, 44, 181, 32,
       126, 133, 23, 237, 133, 186, 117, 204, 62, 12, 167, 132, 125, 170,
       112, 253, 173, 117, 113, 71, 116, 111, 231, 248, 112, 168, 121,
       90, 211, 117, 157, 180, 26, 220, 86, 106, 169, 178, 125, 46, 37,
       140, 37, 36, 99, 251, 70, 161, 172, 4, 124, 125, 100, 127, 82,
       186, 85, 58, 247, 24, 83, 89, 59, 57, 89, 220, 6, 42, 104, 246,
       121, 47, 71, 235, 112, 21, 115, 249, 76, 130, 10, 188, 176, 191,
       179, 229, 178, 71, 30, 15, 72, 17, 172, 190, 34, 64, 135, 59, 147,
       17, 54, 156, 91, 255, 13, 119, 26, 75, 144, 68, 133, 219, 43, 166,
       146, 152, 245, 179, 176, 75, 95, 69, 125, 183, 136, 236, 110, 196,
       217, 11, 130, 149, 150, 186, 4, 215, 30, 22, 154, 111, 151, 78,
       253, 215, 58, 235, 98, 186, 95, 193, 183, 229, 142, 4, 88, 171,
       44, 204, 54, 128, 250, 123, 131, 215, 86, 43, 14, 253, 121, 69,
       143, 235, 85, 30, 183, 218, 57, 151, 107, 233, 246, 151, 235, 121,
       69, 76, 254, 230, 89, 29, 182, 228, 126, 138, 23, 252, 219, 184,
       53, 221, 126, 205, 162, 196, 127, 142, 244, 241, 58, 242, 226,
       140, 127, 215, 152, 236, 155, 236, 148, 175, 44, 252, 246, 164,
       254, 253, 255, 165, 196, 111, 166, 223, 187, 95, 159, 255, 23, 44,
       63, 223, 16, 23, 254, 167, 180, 14, 254, 125, 60, 207, 255, 183,
       247, 126, 138, 64, 255, 207, 63, 167, 236, 240, 89, 14, 254, 231,
       255, 133, 44, 106, 173, 219, 122, 169, 182, 188, 141, 213, 80,
       204, 135, 149, 132, 11, 46, 255, 99, 210, 232, 243, 235, 209, 30,
       11, 146, 241, 219, 241, 158, 123, 146, 30, 62, 90, 196, 173, 156,
       191, 169, 190, 116, 175, 191, 187, 10, 25, 238, 226, 67, 219, 129,
       103, 233, 21, 118, 92, 219, 59, 175, 247, 87, 27, 128, 116, 139,
       14, 74, 153, 186, 185, 155, 228, 49, 215, 175, 93, 78, 3, 188,
       255, 98, 72, 231, 59, 191, 145, 22, 25, 146, 241, 207, 247, 30,
       203, 144, 64, 173, 75, 130, 156, 190, 185, 184, 255, 185, 199,
       190, 95, 86, 49, 188, 254, 166, 105, 231, 59, 191, 21, 55, 221,
       35, 247, 207, 243, 126, 195, 144, 64, 173, 123, 177, 68, 75, 140,
       70, 130, 239, 80, 76, 2, 242, 198, 191, 138, 177, 64, 106, 160,
       14, 238, 105, 167, 68, 223, 244, 160, 170, 0, 61, 152, 113, 136,
       138, 152, 146, 251, 117, 247, 184, 83, 63, 73, 83, 82, 172, 154,
       36, 104, 255, 59, 151, 145, 183, 188, 18, 215, 15, 255, 26, 195,
       154, 12, 41, 135, 125, 111, 249, 101, 244, 11, 71, 185, 96, 160,
       254, 200, 83, 33, 209, 48, 90, 204, 68, 108, 201, 50, 229, 10,
       254, 205, 37, 52, 101, 250, 82, 32, 57, 113, 234, 76, 116, 86,
       235, 80, 64, 200, 255, 2, 83, 157, 181, 32, 126, 252, 21, 234,
       200, 179, 180, 8, 115, 173, 161, 128, 103, 187, 118, 224, 106,
       156, 112, 221, 123, 253, 152, 47, 31, 77, 92, 187, 172, 30, 22,
       228, 198, 27, 247, 5, 246, 14, 243, 223, 7, 118, 26, 251, 22, 12,
       143, 223, 10, 157, 162, 28, 209, 244, 184, 103, 189, 77, 126, 55,
       40, 190, 54, 212, 232, 187, 151, 145, 150, 186, 34, 199, 23, 117,
       154, 203, 195, 68, 173, 222, 120, 249, 56, 234, 57, 221, 83, 85,
       131, 13, 172, 9, 190, 223, 98, 80, 200, 179, 253, 80, 90, 11, 242,
       177, 251, 213, 4, 123, 82, 10, 142, 123, 208, 80, 252, 229, 44,
       78, 125, 24, 40, 254, 150, 35, 215, 63, 19, 123, 102, 213, 125,
       235, 232, 213, 241, 8, 209, 235, 250, 148, 36, 249, 37, 123, 202,
       176, 187, 216, 107, 233, 184, 67, 170, 23, 164, 57, 140, 159, 100,
       59, 167, 19, 251, 145, 18, 79, 162, 208, 223, 17, 90, 127, 144, 4,
       7, 227, 95, 50, 249, 100, 233, 124, 89, 18, 169, 254, 183, 189,
       95, 63, 199, 190, 135, 213, 253, 30, 141, 71, 177, 192, 211, 251,
       113, 187, 234, 245, 70, 119, 248, 25, 119, 236, 45, 194, 95, 113,
       133, 140, 246, 34, 123, 253, 32, 65, 124, 244, 255, 226, 73, 163,
       162, 157, 243, 235, 227, 153, 55, 170, 116, 115, 10, 219, 58, 154,
       127, 213, 187, 197, 159, 77, 84, 3, 172, 223, 54, 64, 254, 59,
       147, 197, 198, 186, 58, 255, 119, 93, 138, 235, 87, 14, 53, 251,
       138, 153, 59, 219, 125, 213, 187, 247, 159, 73, 84, 163, 188, 223,
       52, 100, 238, 59, 147, 193, 195, 58, 50, 255, 103, 125, 154, 234,
       22, 12, 53, 251, 222, 88, 247, 228, 111, 120, 249, 80, 169, 254,
       182, 171, 223, 191, 151, 127, 230, 245, 253, 227, 128, 119, 162,
       192, 215, 251, 250, 151, 167, 245, 119, 115, 43, 176, 121, 235,
       237, 253, 248, 95, 207, 121, 53, 59, 156, 159, 222, 40, 143, 19,
       223, 21, 151, 104, 122, 209, 79, 89, 63, 254, 158, 140, 201, 247,
       78, 48, 243, 225, 239, 124, 249, 88, 107, 251, 183, 58, 159, 191,
       213, 190, 175, 221, 255, 145, 145, 119, 251, 192, 223, 217, 123,
       255, 199, 229, 71, 247, 149, 221, 71, 87, 148, 62, 230, 245, 116,
       66, 251, 86, 83, 96, 157, 225, 121, 230, 6, 238, 249, 180, 125,
       46, 60, 174, 36, 64, 109, 251, 240, 180, 43, 95, 66, 142, 118,
       146, 174, 246, 69, 76, 124, 231, 41, 202, 183, 196, 126, 235, 134,
       205, 198, 154, 4, 255, 54, 44, 170, 136, 63, 159, 120, 221, 56,
       73, 98, 236, 21, 83, 94, 112, 69, 36, 254, 2, 91, 29, 179, 96,
       122, 148, 151, 234, 200, 179, 117, 156, 243, 237, 160, 133, 119,
       190, 124, 66, 41, 177, 121, 104, 116, 205, 75, 157, 66, 105, 124,
       104, 51, 149, 200, 48, 30, 154, 23, 88, 147, 58, 248, 23, 127,
       141, 32, 236, 112, 138, 198, 249, 92, 177, 184, 96, 160, 237, 91,
       17, 34, 237, 189, 45, 159, 159, 74, 16, 149, 157, 213, 16, 154,
       26, 184, 0, 219, 205, 37, 253, 192, 2, 135, 115, 79, 51, 236, 51,
       171, 125, 253, 153, 123, 255, 21, 189, 249, 124, 223, 59, 167, 83,
       245, 23, 183, 64, 255, 224, 79, 91, 125, 187, 231, 215, 159, 119,
       111, 178, 249, 96, 235, 125, 217, 91, 235, 253, 181, 61, 14, 157,
       222, 190, 143, 19, 213, 17, 151, 107, 250, 208, 219, 217, 53, 255,
       198, 204, 207, 247, 78, 58, 250, 244, 102, 36, 185, 82, 169, 222,
       247, 183, 140, 191, 247, 74, 231, 253, 255, 147, 128, 215, 130,
       224, 86, 123, 250, 139, 135, 245, 45, 211, 134, 120, 184, 187, 79,
       229, 184, 72, 30, 71, 81, 147, 172, 223, 103, 8, 223, 57, 147,
       145, 38, 54, 90, 243, 71, 22, 155, 43, 149, 13, 53, 210, 57, 32,
       97, 69, 84, 138, 97, 19, 113, 160, 118, 66, 51, 1, 148, 52, 56,
       172, 6, 40, 137, 186, 101, 12, 4, 172, 32, 64, 103, 136, 82, 168,
       10, 157, 50, 154, 243, 244, 184, 99, 159, 93, 88, 55, 172, 190,
       38, 196, 231, 59, 147, 17, 22, 24, 50, 247, 15, 116, 26, 203, 146,
       12, 173, 223, 39, 181, 97, 73, 245, 223, 235, 249, 87, 105, 121,
       78, 88, 24, 156, 164, 124, 136, 18, 252, 211, 186, 125, 223, 44,
       28, 133, 230, 127, 142, 210, 181, 92, 48, 184, 231, 36, 108, 91,
       16, 40, 207, 31, 33, 215, 63, 91, 90, 214, 85, 125, 27, 8, 16,
       243, 0, 195, 237, 58, 145, 132, 243, 5, 115, 109, 112, 241, 71,
       114, 108, 107, 152, 105, 234, 125, 236, 88, 55, 221, 60, 54, 220,
       22, 254, 129, 178, 253, 226, 5, 28, 37, 164, 239, 243, 66, 177,
       217, 50, 47, 127, 41, 255, 17, 57, 118, 108, 87, 245, 123, 245,
       138, 245, 20, 44, 252, 44, 181, 212, 255, 29, 67, 235, 97, 129,
       42, 167, 12, 115, 11, 155, 51, 217, 252, 149, 185, 119, 143, 89,
       92, 118, 188, 158, 244, 228, 231, 59, 23, 29, 211, 24, 34, 245,
       47, 28, 186, 234, 158, 136, 161, 189, 91, 21, 111, 237, 54, 82,
