%YAML:1.0
---
descriptors: !!opencv-matrix
   rows: 96
   cols: 32
   dt: u
   data: [ 57, 149, 107, 233, 245, 183, 251, 115, 69, 73, 126, 103, 25,
       61, 182, 96, 126, 186, 23, 189, 159, 184, 53, 159, 127, 205, 162,
       192, 255, 142, 240, 251, 254, 92, 237, 184, 172, 103, 220, 207,
       159, 254, 144, 191, 93, 126, 119, 75, 239, 213, 127, 243, 236, 71,
       251, 208, 251, 203, 255, 191, 149, 121, 181, 219, 3, 142, 75, 249,
       52, 171, 232, 115, 63, 1, 91, 215, 185, 169, 176, 64, 123, 170,
       23, 29, 178, 184, 5, 223, 206, 207, 187, 192, 180, 136, 121, 136,
       3, 151, 105, 139, 246, 213, 185, 119, 31, 77, 88, 167, 173, 142,
       182, 96, 254, 59, 151, 149, 151, 56, 52, 215, 108, 93, 186, 224,
       29, 4, 189, 221, 19, 219, 86, 157, 54, 131, 174, 245, 85, 64, 82,
       230, 41, 136, 180, 228, 110, 107, 22, 197, 199, 184, 6, 253, 32,
       34, 190, 130, 61, 152, 177, 157, 2, 75, 2, 140, 63, 128, 190, 101,
       172, 12, 222, 167, 172, 142, 178, 68, 238, 43, 159, 197, 68, 139,
       2, 253, 48, 48, 174, 139, 22, 22, 189, 143, 34, 149, 178, 83, 213,
       189, 240, 71, 127, 25, 106, 25, 138, 188, 124, 64, 217, 155, 131,
       17, 158, 186, 112, 215, 63, 94, 150, 74, 208, 76, 245, 206, 151,
       143, 64, 187, 222, 177, 174, 243, 172, 64, 153, 247, 173, 106,
       178, 192, 111, 163, 31, 191, 182, 10, 78, 255, 190, 13, 175, 232,
       189, 199, 185, 148, 99, 126, 82, 222, 122, 181, 186, 214, 233,
       200, 184, 236, 60, 222, 167, 180, 134, 113, 214, 193, 135, 131, 6,
       237, 50, 93, 42, 170, 12, 151, 43, 157, 186, 253, 47, 216, 255,
       197, 150, 238, 159, 122, 156, 47, 44, 253, 103, 1, 157, 91, 211,
       99, 227, 107, 26, 255, 115, 87, 141, 191, 87, 124, 191, 219, 3,
       158, 59, 248, 240, 165, 57, 247, 223, 89, 88, 116, 188, 187, 160,
       96, 231, 27, 23, 28, 179, 9, 34, 247, 201, 158, 58, 202, 152, 192,
       161, 171, 19, 60, 58, 186, 159, 165, 179, 71, 204, 77, 201, 23,
       148, 156, 54, 72, 237, 43, 91, 21, 150, 43, 18, 244, 113, 13, 26,
       74, 216, 95, 177, 211, 35, 220, 238, 93, 118, 244, 188, 199, 26,
       71, 82, 147, 49, 172, 182, 107, 239, 127, 17, 133, 166, 222, 180,
       235, 35, 47, 186, 129, 133, 80, 252, 218, 198, 134, 10, 187, 194,
       160, 56, 183, 60, 23, 79, 151, 141, 42, 26, 88, 231, 143, 179,
       149, 182, 156, 141, 247, 92, 39, 250, 193, 156, 70, 169, 82, 9,
       166, 133, 161, 188, 47, 73, 27, 22, 187, 94, 84, 151, 35, 208,
       204, 93, 14, 14, 60, 187, 252, 81, 30, 204, 199, 191, 180, 154,
       200, 144, 169, 34, 77, 18, 140, 69, 229, 190, 198, 12, 8, 88, 3,
       164, 168, 53, 68, 216, 123, 147, 65, 6, 58, 66, 251, 53, 20, 138,
       171, 21, 94, 49, 142, 149, 104, 203, 234, 22, 130, 235, 80, 20,
       192, 211, 230, 81, 199, 177, 104, 126, 185, 23, 223, 137, 151, 12,
       202, 240, 140, 171, 128, 173, 187, 49, 176, 151, 205, 212, 255,
       222, 171, 238, 236, 31, 130, 234, 18, 229, 232, 61, 64, 251, 231,
       58, 127, 112, 246, 79, 254, 188, 190, 207, 4, 181, 251, 209, 128,
       15, 81, 104, 229, 118, 27, 255, 56, 77, 228, 127, 166, 221, 93,
       191, 32, 30, 85, 151, 239, 193, 176, 109, 204, 102, 221, 171, 132,
       119, 191, 81, 241, 15, 83, 122, 229, 38, 18, 127, 56, 109, 204,
       87, 166, 221, 31, 187, 96, 118, 85, 151, 239, 197, 144, 45, 200,
       230, 249, 171, 132, 39, 183, 125, 113, 157, 2, 195, 221, 102, 51,
       233, 80, 117, 227, 215, 246, 25, 139, 177, 236, 126, 172, 54, 156,
       169, 182, 165, 194, 150, 239, 250, 128, 191, 233, 120, 161, 187,
       86, 107, 237, 102, 118, 255, 112, 69, 78, 222, 231, 57, 31, 183,
       225, 126, 177, 151, 239, 237, 183, 53, 223, 242, 249, 234, 128,
       63, 255, 124, 121, 187, 87, 106, 233, 117, 215, 255, 112, 77, 78,
       252, 167, 59, 28, 182, 165, 254, 153, 151, 231, 237, 182, 52, 221,
       115, 89, 170, 163, 127, 158, 124, 253, 110, 179, 177, 18, 235,
       125, 157, 222, 139, 127, 52, 253, 12, 252, 207, 158, 143, 91, 247,
       21, 151, 66, 250, 241, 31, 81, 125, 255, 222, 85, 143, 215, 27,
       149, 115, 201, 242, 163, 185, 115, 60, 65, 91, 230, 93, 238, 172,
       96, 126, 59, 151, 184, 147, 153, 36, 223, 124, 173, 186, 192, 189,
       130, 161, 177, 57, 218, 107, 222, 118, 147, 235, 112, 87, 72, 244,
       230, 57, 205, 183, 96, 126, 184, 23, 207, 203, 190, 36, 255, 114,
       205, 170, 168, 127, 139, 112, 249, 145, 28, 55, 221, 50, 230, 61,
       55, 124, 66, 94, 242, 253, 55, 176, 101, 118, 55, 53, 141, 225,
       156, 53, 79, 229, 46, 250, 128, 38, 192, 165, 249, 18, 75, 78,
       172, 46, 128, 188, 101, 172, 4, 210, 231, 53, 142, 178, 65, 110,
       171, 31, 199, 196, 139, 6, 237, 178, 225, 174, 137, 60, 144, 185,
       137, 50, 238, 106, 165, 118, 201, 255, 231, 53, 7, 118, 163, 35,
       13, 178, 0, 46, 187, 135, 193, 202, 188, 37, 63, 118, 197, 188,
       129, 101, 152, 212, 248, 58, 184, 169, 172, 31, 215, 146, 224, 30,
       234, 156, 171, 108, 188, 39, 128, 221, 115, 215, 193, 141, 43,
       121, 191, 155, 87, 155, 187, 87, 47, 61, 255, 7, 92, 179, 219,
       183, 183, 190, 198, 95, 75, 90, 114, 140, 158, 229, 232, 247, 91,
       158, 17, 135, 156, 49, 243, 37, 86, 30, 194, 156, 93, 169, 191, 6,
       126, 250, 131, 182, 243, 191, 214, 31, 238, 28, 167, 12, 207, 231,
       12, 255, 123, 151, 151, 130, 176, 40, 250, 110, 20, 175, 163, 151,
       255, 53, 211, 94, 158, 136, 187, 242, 164, 58, 151, 50, 15, 95,
       151, 141, 227, 90, 72, 119, 15, 183, 157, 146, 152, 221, 247, 236,
       103, 190, 193, 188, 198, 185, 210, 130, 32, 144, 153, 85, 213,
       176, 72, 31, 39, 81, 19, 140, 158, 102, 204, 249, 25, 147, 145,
       38, 148, 83, 211, 13, 22, 154, 99, 150, 12, 61, 134, 230, 220,
       229, 218, 237, 229, 158, 204, 155, 90, 153, 127, 124, 252, 125,
       107, 205, 211, 255, 211, 251, 103, 218, 243, 61, 26, 207, 254,
       157, 127, 245, 115, 131, 58, 51, 216, 108, 165, 185, 83, 143, 89,
       17, 119, 188, 159, 244, 171, 238, 59, 159, 21, 179, 15, 50, 209,
       5, 24, 186, 234, 156, 12, 161, 243, 51, 129, 112, 225, 246, 171,
       232, 83, 109, 33, 250, 82, 155, 27, 244, 96, 111, 139, 31, 153,
       155, 186, 69, 212, 158, 220, 186, 196, 189, 136, 241, 129, 19, 14,
       107, 193, 118, 178, 235, 83, 93, 69, 94, 230, 25, 12, 182, 100,
       126, 137, 23, 189, 151, 186, 37, 206, 126, 13, 170, 192, 183, 142,
       117, 245, 8, 180, 152, 249, 252, 229, 185, 95, 30, 127, 93, 18,
       156, 191, 98, 72, 199, 27, 63, 25, 51, 220, 115, 215, 207, 223,
       190, 238, 144, 200, 165, 227, 30, 34, 226, 193, 86, 243, 232, 65,
       127, 69, 95, 183, 73, 206, 254, 236, 126, 137, 147, 149, 151, 178,
       37, 212, 30, 76, 139, 199, 167, 143, 117, 212, 19, 133, 67, 234,
       146, 227, 235, 99, 60, 65, 91, 146, 93, 231, 184, 96, 126, 171,
       23, 172, 19, 153, 36, 223, 184, 236, 170, 192, 55, 130, 161, 160,
       7, 165, 106, 171, 212, 167, 235, 81, 87, 73, 221, 147, 217, 223,
       58, 96, 127, 155, 23, 157, 154, 186, 108, 214, 79, 77, 170, 228,
       181, 207, 177, 240, 94, 95, 234, 164, 162, 16, 190, 247, 168, 206,
       154, 231, 45, 174, 247, 90, 166, 247, 253, 199, 196, 195, 132,
       232, 242, 103, 239, 131, 45, 116, 175, 91, 147, 90, 103, 157, 38,
       128, 233, 212, 148, 66, 210, 230, 49, 140, 181, 101, 110, 168, 62,
       205, 235, 173, 38, 253, 16, 42, 186, 128, 61, 152, 112, 253, 47,
       51, 232, 64, 228, 116, 252, 218, 91, 251, 60, 77, 8, 172, 215,
       190, 157, 207, 23, 157, 151, 114, 246, 192, 14, 93, 181, 238, 207,
       245, 218, 213, 218, 84, 252, 212, 11, 126, 85, 55, 169, 182, 166,
       58, 94, 63, 3, 127, 38, 245, 253, 34, 105, 103, 243, 200, 87, 251,
       84, 19, 99, 244, 13, 123, 35, 95, 67, 206, 120, 183, 154, 81, 141,
       72, 249, 230, 48, 158, 165, 112, 206, 187, 23, 199, 133, 139, 100,
       239, 50, 60, 170, 154, 29, 90, 51, 157, 58, 56, 35, 172, 31, 223,
       146, 99, 134, 236, 216, 175, 42, 220, 39, 128, 252, 185, 215, 129,
