%YAML:1.0
---
descriptors: !!opencv-matrix
   rows: 60
   cols: 32
   dt: u
   data: [ 50, 105, 34, 168, 29, 79, 208, 74, 141, 132, 224, 11, 10, 152,
       53, 20, 232, 177, 219, 193, 76, 171, 18, 204, 179, 216, 138, 63,
       81, 44, 126, 134, 244, 125, 255, 100, 172, 71, 87, 250, 131, 238,
       188, 41, 83, 253, 97, 19, 217, 244, 237, 98, 104, 99, 248, 10,
       251, 197, 101, 63, 99, 251, 214, 114, 24, 0, 78, 225, 5, 91, 97,
       17, 53, 37, 102, 2, 91, 19, 2, 76, 122, 140, 170, 152, 8, 176,
       113, 128, 199, 233, 144, 1, 39, 136, 116, 170, 47, 181, 248, 66,
       221, 255, 210, 74, 91, 245, 173, 29, 10, 248, 94, 188, 153, 138,
       210, 20, 190, 122, 126, 150, 11, 93, 21, 127, 219, 77, 90, 214,
       25, 0, 125, 65, 7, 94, 105, 16, 117, 113, 102, 2, 219, 17, 150,
       252, 114, 140, 170, 152, 143, 176, 117, 208, 71, 249, 128, 5, 103,
       128, 100, 164, 244, 109, 253, 228, 141, 67, 86, 237, 195, 250,
       184, 10, 83, 189, 65, 51, 216, 244, 109, 98, 73, 99, 249, 136,
       243, 201, 229, 63, 97, 122, 118, 42, 37, 41, 229, 81, 213, 191,
       234, 210, 119, 241, 124, 70, 16, 168, 87, 44, 88, 104, 18, 28,
       133, 184, 116, 224, 79, 28, 1, 0, 235, 253, 82, 228, 81, 78, 78,
       204, 22, 22, 78, 176, 101, 2, 254, 198, 115, 98, 181, 244, 118,
       228, 28, 238, 237, 133, 37, 111, 178, 174, 162, 144, 61, 243, 120,
       12, 90, 149, 58, 186, 243, 192, 27, 233, 189, 5, 237, 161, 78,
       247, 42, 80, 183, 187, 135, 163, 82, 11, 26, 215, 251, 245, 10,
       75, 16, 6, 167, 115, 153, 77, 87, 239, 4, 75, 79, 176, 101, 32,
       242, 66, 115, 19, 177, 245, 122, 244, 28, 234, 105, 177, 113, 189,
       241, 232, 160, 16, 54, 187, 112, 40, 120, 169, 178, 248, 205, 241,
       84, 79, 195, 157, 172, 24, 14, 185, 100, 154, 201, 186, 201, 17,
       14, 107, 194, 145, 155, 215, 84, 63, 210, 76, 246, 42, 94, 121,
       185, 228, 155, 68, 31, 158, 3, 248, 128, 10, 221, 191, 65, 122,
       245, 221, 253, 209, 11, 75, 251, 192, 251, 229, 143, 191, 176,
       112, 37, 59, 122, 121, 169, 164, 27, 68, 93, 31, 2, 236, 142, 11,
       255, 191, 64, 82, 197, 247, 253, 209, 73, 75, 249, 136, 251, 225,
       237, 185, 36, 32, 22, 122, 125, 142, 239, 229, 182, 106, 111, 187,
       119, 234, 254, 226, 115, 101, 144, 112, 127, 254, 127, 184, 185,
       250, 237, 142, 254, 239, 231, 148, 229, 234, 212, 97, 11, 250, 22,
       153, 111, 149, 184, 214, 159, 24, 86, 230, 188, 222, 244, 228,
       238, 59, 183, 197, 195, 155, 2, 241, 20, 89, 186, 170, 30, 13, 41,
       153, 221, 184, 191, 122, 169, 108, 81, 218, 171, 91, 165, 24, 223,
       247, 73, 123, 165, 215, 253, 26, 187, 103, 186, 33, 219, 251, 117,
       124, 226, 115, 163, 99, 188, 169, 57, 106, 249, 205, 83, 249, 235,
       25, 189, 8, 63, 255, 64, 176, 140, 187, 212, 88, 26, 43, 106, 53,
       251, 217, 37, 125, 226, 131, 198, 163, 208, 164, 157, 241, 136,
       108, 121, 7, 58, 191, 34, 24, 151, 55, 72, 91, 167, 23, 125, 16,
       50, 92, 147, 64, 207, 219, 94, 116, 128, 64, 131, 2, 17, 4, 83,
       185, 82, 130, 170, 66, 52, 1, 74, 226, 117, 195, 160, 64, 119, 43,
       2, 184, 35, 148, 4, 127, 180, 166, 170, 64, 189, 131, 33, 160, 50,
       105, 50, 188, 29, 197, 144, 71, 141, 132, 232, 11, 174, 152, 38,
       84, 200, 187, 203, 1, 76, 43, 18, 252, 177, 144, 154, 59, 80, 12,
       126, 142, 244, 97, 168, 164, 204, 77, 85, 200, 18, 190, 161, 11,
       83, 141, 75, 27, 248, 221, 229, 99, 72, 103, 202, 0, 209, 129,
       229, 61, 97, 121, 86, 242, 117, 237, 188, 86, 221, 47, 214, 236,
       251, 187, 169, 26, 82, 248, 92, 59, 233, 214, 96, 83, 60, 103,
       218, 55, 59, 143, 85, 127, 201, 123, 250, 2, 252, 107, 184, 165,
       204, 75, 213, 69, 130, 174, 178, 11, 87, 13, 65, 27, 168, 244,
       237, 98, 104, 119, 232, 8, 245, 193, 229, 53, 97, 122, 214, 234,
       200, 152, 43, 184, 180, 201, 113, 23, 244, 69, 70, 157, 183, 141,
       50, 88, 195, 171, 205, 29, 62, 141, 54, 55, 211, 231, 48, 73, 180,
       132, 246, 90, 153, 76, 79, 254, 14, 160, 75, 82, 148, 130, 214,
       198, 49, 235, 177, 107, 106, 224, 63, 207, 233, 135, 6, 171, 210,
       235, 234, 136, 63, 249, 112, 40, 89, 81, 107, 229, 102, 82, 127,
       112, 97, 236, 246, 230, 91, 29, 151, 112, 126, 212, 149, 238, 201,
       176, 165, 204, 119, 233, 162, 132, 111, 182, 118, 121, 124, 224,
       190, 122, 169, 44, 87, 220, 227, 155, 165, 24, 95, 243, 72, 59,
       161, 215, 125, 90, 26, 103, 138, 32, 251, 251, 117, 125, 226, 243,
       226, 35, 0, 9, 251, 121, 246, 227, 235, 103, 124, 1, 122, 66, 53,
       186, 52, 32, 250, 43, 18, 25, 17, 184, 5, 125, 109, 46, 50, 64,
       205, 202, 225, 168, 112, 33, 26, 72, 77, 7, 80, 72, 229, 32, 231,
       8, 82, 145, 36, 112, 248, 156, 106, 104, 8, 163, 209, 12, 83, 248,
       0, 63, 99, 10, 104, 130, 20, 104, 147, 163, 7, 107, 96, 196, 171,
       166, 130, 143, 135, 141, 65, 10, 163, 109, 109, 86, 8, 245, 153,
       136, 153, 208, 5, 51, 224, 123, 7, 90, 16, 205, 26, 232, 210, 194,
       122, 238, 166, 0, 232, 1, 53, 211, 33, 80, 248, 185, 3, 240, 26,
       139, 18, 127, 249, 165, 171, 73, 49, 18, 39, 130, 64, 249, 153,
       242, 185, 201, 23, 166, 170, 29, 136, 41, 190, 151, 64, 18, 129,
       123, 105, 80, 66, 73, 202, 55, 249, 149, 31, 123, 128, 16, 135,
       43, 120, 189, 216, 244, 26, 12, 81, 55, 162, 164, 142, 40, 191,
       183, 64, 82, 198, 255, 253, 128, 74, 218, 208, 168, 251, 225, 189,
       57, 32, 32, 150, 43, 117, 6, 199, 236, 166, 34, 205, 81, 212, 138,
       219, 246, 81, 235, 185, 107, 126, 164, 62, 172, 185, 167, 36, 200,
       208, 170, 226, 132, 173, 250, 240, 33, 10, 184, 186, 248, 109,
       245, 185, 87, 143, 93, 84, 55, 172, 159, 102, 236, 239, 59, 151,
       145, 151, 15, 178, 241, 95, 93, 154, 235, 158, 76, 173, 223, 252,
       226, 156, 122, 169, 45, 86, 216, 243, 155, 181, 88, 95, 251, 73,
       27, 177, 215, 108, 122, 58, 103, 202, 48, 251, 203, 101, 125, 226,
       243, 226, 3, 102, 164, 16, 58, 13, 237, 144, 200, 219, 17, 169,
       25, 166, 248, 76, 136, 137, 27, 226, 17, 30, 106, 218, 179, 157,
       84, 25, 123, 208, 15, 159, 134, 72, 163, 149, 115, 201, 172, 100,
       159, 171, 27, 43, 68, 206, 243, 72, 223, 165, 87, 236, 16, 18, 73,
       155, 113, 141, 246, 86, 78, 202, 80, 163, 43, 81, 131, 207, 224,
       134, 34, 109, 215, 112, 195, 222, 246, 17, 35, 248, 106, 127, 196,
       63, 188, 153, 219, 165, 192, 248, 174, 254, 196, 173, 208, 240,
       57, 252, 227, 220, 96, 168, 15, 86, 216, 227, 186, 180, 104, 79,
       99, 73, 27, 145, 196, 108, 122, 106, 103, 203, 48, 251, 195, 101,
       125, 224, 243, 78, 3, 87, 10, 196, 151, 172, 58, 140, 174, 173,
       246, 146, 247, 195, 108, 159, 207, 103, 198, 237, 174, 236, 193,
       207, 168, 142, 118, 221, 151, 166, 253, 152, 92, 86, 179, 196,
       146, 170, 112, 158, 137, 170, 247, 155, 183, 205, 238, 207, 138,
       55, 215, 253, 145, 22, 67, 175, 224, 184, 70, 255, 255, 173, 119,
       173, 87, 86, 251, 144, 186, 186, 201, 22, 172, 138, 61, 152, 171,
       238, 204, 202, 2, 151, 83, 237, 83, 70, 75, 207, 181, 184, 68, 45,
       255, 52, 31, 159, 95, 166, 237, 151, 90, 219, 233, 166, 238, 159,
       187, 41, 24, 108, 244, 109, 191, 177, 114, 234, 18, 115, 79, 170,
       243, 57, 22, 85, 126, 210, 127, 135, 182, 180, 164, 220, 29, 218,
       11, 55, 235, 50, 166, 232, 187, 71, 225, 75, 1, 59, 198, 98, 32,
       112, 119, 207, 94, 124, 6, 101, 61, 225, 248, 39, 202, 86, 174,
       140, 159, 170, 57, 28, 175, 30, 191, 144, 255, 231, 96, 202, 11,
       151, 195, 236, 23, 190, 74, 207, 49, 168, 22, 125, 191, 156, 125,
       153, 29, 214, 115, 14, 172, 27, 83, 19, 72, 150, 172, 135, 175,
       71, 198, 35, 83, 244, 213, 237, 227, 108, 71, 139, 31, 241, 227,
       169, 191, 48, 55, 45, 83, 77, 163, 156, 99, 169, 28, 116, 159,
       171, 25, 174, 76, 206, 226, 72, 218, 165, 71, 236, 28, 22, 73,
       139, 97, 139, 245, 53, 127, 202, 82, 139, 9, 93, 217, 235, 227,
