%YAML:1.0
---
descriptors: !!opencv-matrix
   rows: 87
   cols: 32
   dt: u
   data: [ 40, 3, 106, 37, 96, 216, 124, 119, 161, 76, 116, 129, 47, 15,
       34, 16, 170, 170, 199, 12, 76, 184, 32, 8, 231, 209, 48, 129, 98,
       132, 198, 203, 3, 129, 9, 137, 148, 135, 186, 43, 12, 1, 91, 67,
       244, 41, 56, 64, 216, 3, 19, 33, 86, 184, 81, 221, 45, 36, 138,
       68, 20, 10, 177, 138, 15, 124, 235, 241, 244, 231, 187, 222, 95,
       239, 84, 182, 25, 220, 247, 40, 255, 41, 23, 157, 163, 182, 57,
       210, 95, 95, 191, 164, 157, 221, 117, 241, 209, 150, 239, 225,
       134, 34, 105, 87, 116, 99, 214, 246, 17, 43, 240, 107, 107, 134,
       63, 189, 185, 223, 37, 192, 222, 235, 254, 196, 173, 200, 240, 57,
       48, 204, 255, 246, 199, 102, 85, 199, 113, 23, 230, 19, 66, 63,
       44, 95, 233, 214, 163, 16, 56, 250, 19, 224, 91, 242, 212, 67,
       227, 88, 246, 170, 48, 67, 106, 108, 20, 19, 194, 104, 68, 36,
       243, 2, 67, 8, 181, 96, 120, 140, 6, 107, 204, 179, 37, 12, 114,
       237, 160, 21, 117, 186, 124, 132, 183, 70, 101, 13, 12, 19, 207,
       120, 86, 226, 145, 239, 83, 36, 149, 165, 88, 196, 126, 239, 237,
       38, 109, 30, 48, 10, 225, 180, 127, 255, 82, 244, 42, 176, 98,
       154, 117, 213, 186, 204, 159, 93, 117, 27, 40, 220, 126, 132, 216,
       187, 147, 209, 22, 58, 58, 245, 63, 92, 146, 235, 215, 15, 254,
       214, 207, 82, 237, 231, 34, 84, 29, 144, 41, 254, 23, 229, 221,
       63, 219, 239, 7, 85, 189, 239, 197, 84, 253, 224, 198, 123, 255,
       132, 14, 247, 13, 113, 3, 178, 241, 225, 118, 169, 248, 19, 239,
       65, 184, 230, 141, 139, 212, 228, 239, 139, 31, 153, 147, 56, 198,
       209, 142, 220, 186, 234, 191, 206, 65, 157, 43, 130, 114, 152,
       108, 145, 185, 83, 207, 85, 180, 214, 172, 202, 246, 174, 238,
       163, 223, 157, 135, 47, 98, 209, 148, 89, 186, 250, 30, 140, 57,
       205, 106, 184, 56, 248, 105, 221, 145, 79, 143, 21, 165, 25, 174,
       159, 102, 26, 200, 179, 203, 16, 2, 43, 250, 209, 215, 209, 26,
       123, 18, 12, 143, 202, 181, 237, 237, 254, 222, 39, 207, 252, 82,
       226, 185, 90, 117, 225, 185, 33, 123, 238, 54, 238, 249, 103, 15,
       191, 248, 143, 231, 60, 253, 251, 210, 160, 25, 142, 26, 184, 116,
       188, 120, 115, 224, 77, 124, 21, 47, 139, 34, 81, 226, 171, 134,
       12, 156, 187, 0, 7, 210, 237, 50, 65, 112, 128, 46, 195, 63, 190,
       239, 255, 188, 23, 79, 251, 23, 250, 214, 254, 115, 231, 159, 101,
       127, 238, 127, 174, 233, 223, 239, 191, 254, 239, 239, 188, 191,
       252, 112, 241, 15, 155, 253, 83, 224, 95, 191, 188, 63, 127, 119,
       237, 253, 125, 159, 61, 191, 91, 183, 95, 245, 248, 109, 248, 110,
       95, 117, 198, 222, 247, 135, 253, 125, 150, 252, 92, 61, 95, 81,
       184, 215, 222, 182, 103, 123, 252, 191, 247, 221, 224, 190, 60,
       173, 99, 119, 140, 219, 255, 101, 157, 251, 236, 108, 87, 121,
       175, 237, 228, 174, 34, 77, 127, 82, 234, 188, 238, 19, 33, 241,
       35, 127, 134, 108, 172, 233, 107, 165, 10, 248, 207, 229, 188,
       111, 232, 112, 57, 15, 124, 235, 241, 244, 231, 251, 215, 30, 235,
       94, 178, 25, 159, 243, 104, 127, 57, 23, 153, 163, 190, 32, 254,
       127, 79, 191, 196, 181, 217, 241, 249, 60, 252, 121, 114, 105,
       239, 83, 250, 51, 186, 188, 8, 63, 95, 72, 17, 149, 218, 197, 42,
       106, 114, 120, 61, 211, 223, 49, 61, 98, 195, 70, 171, 56, 64, 10,
       173, 77, 73, 241, 64, 4, 44, 246, 43, 3, 157, 35, 0, 104, 148,
       207, 96, 72, 179, 65, 128, 215, 225, 162, 49, 115, 10, 118, 194,
       56, 49, 127, 65, 79, 94, 112, 80, 101, 160, 230, 2, 19, 19, 100,
       116, 104, 156, 170, 216, 8, 176, 113, 128, 87, 233, 128, 65, 99,
       136, 116, 162, 50, 64, 72, 128, 70, 8, 232, 64, 73, 0, 176, 11, 2,
       10, 52, 16, 234, 129, 15, 225, 8, 51, 68, 192, 149, 152, 138, 18,
       101, 8, 114, 134, 73, 138, 237, 243, 166, 168, 105, 151, 253, 83,
       22, 246, 185, 43, 208, 107, 103, 162, 63, 156, 179, 216, 229, 225,
       206, 203, 254, 192, 173, 192, 241, 57, 88, 136, 43, 56, 52, 217,
       81, 7, 244, 85, 198, 185, 191, 140, 50, 120, 226, 171, 205, 21,
       142, 45, 54, 53, 211, 197, 50, 105, 116, 132, 119, 90, 129, 220,
       51, 91, 87, 197, 179, 222, 95, 75, 116, 18, 56, 215, 37, 100, 127,
       58, 18, 8, 163, 188, 48, 255, 101, 62, 18, 2, 91, 17, 101, 251,
       56, 21, 123, 232, 83, 114, 81, 107, 5, 65, 237, 50, 31, 191, 46,
       112, 254, 147, 151, 160, 25, 155, 48, 220, 219, 229, 2, 79, 255,
       0, 166, 242, 122, 19, 122, 228, 119, 90, 251, 120, 109, 204, 255,
       166, 79, 15, 54, 208, 254, 141, 159, 227, 201, 179, 53, 204, 182,
       253, 171, 135, 111, 174, 109, 117, 43, 176, 114, 217, 109, 221,
       185, 91, 235, 93, 180, 30, 188, 158, 214, 174, 239, 3, 223, 29,
       147, 111, 242, 209, 223, 89, 186, 250, 222, 140, 107, 253, 127,
       50, 238, 141, 125, 95, 187, 216, 175, 236, 247, 47, 220, 222, 203,
       123, 254, 221, 255, 247, 140, 243, 251, 192, 223, 113, 171, 255,
       71, 47, 119, 243, 79, 50, 185, 98, 169, 124, 25, 24, 171, 254, 53,
       253, 221, 127, 203, 191, 151, 85, 245, 62, 149, 68, 186, 128, 203,
       217, 105, 190, 142, 247, 15, 117, 50, 83, 82, 140, 127, 23, 210,
       104, 13, 140, 248, 47, 74, 158, 39, 84, 252, 189, 207, 227, 76,
       179, 65, 220, 176, 188, 131, 151, 117, 46, 126, 215, 160, 32, 68,
       137, 76, 137, 224, 64, 174, 49, 240, 18, 140, 139, 64, 74, 104,
       137, 110, 144, 2, 190, 195, 209, 148, 16, 154, 97, 85, 8, 115,
       136, 129, 160, 71, 153, 108, 169, 232, 71, 254, 19, 242, 90, 157,
       138, 208, 107, 107, 139, 110, 152, 51, 254, 231, 209, 196, 146,
       250, 72, 132, 136, 97, 168, 1, 142, 191, 217, 244, 173, 125, 183,
       126, 27, 118, 80, 188, 163, 224, 104, 231, 43, 55, 28, 179, 252,
       99, 247, 238, 190, 126, 192, 144, 200, 161, 169, 3, 215, 64, 141,
       112, 31, 186, 248, 13, 105, 91, 231, 249, 14, 190, 196, 62, 9,
       151, 239, 199, 144, 29, 221, 38, 60, 170, 132, 31, 134, 137, 213,
       48, 17, 122, 65, 13, 29, 112, 64, 101, 32, 230, 2, 18, 153, 37,
       112, 232, 148, 74, 104, 8, 179, 81, 136, 87, 233, 128, 19, 99, 10,
       104, 130, 176, 2, 78, 109, 20, 11, 193, 112, 68, 4, 247, 199, 67,
       0, 178, 65, 120, 132, 6, 108, 236, 183, 69, 14, 208, 169, 160, 4,
       121, 168, 112, 128, 131, 156, 183, 250, 172, 164, 124, 215, 223,
       91, 16, 84, 189, 251, 240, 106, 199, 51, 63, 29, 179, 77, 26, 243,
       136, 218, 126, 234, 156, 192, 161, 41, 7, 95, 81, 5, 114, 26, 190,
       178, 61, 232, 90, 229, 141, 46, 135, 132, 54, 77, 134, 103, 197,
       144, 69, 238, 38, 52, 47, 134, 78, 181, 11, 213, 2, 249, 55, 218,
       111, 213, 185, 214, 143, 88, 80, 103, 188, 222, 119, 101, 238, 59,
       179, 209, 199, 59, 50, 241, 23, 16, 218, 170, 31, 29, 37, 255,
       233, 12, 229, 37, 4, 59, 104, 19, 84, 226, 210, 222, 147, 40, 145,
       171, 8, 164, 124, 45, 173, 252, 229, 10, 132, 106, 240, 144, 109,
       236, 82, 124, 154, 154, 210, 189, 114, 186, 184, 86, 63, 5, 86,
       247, 109, 206, 166, 204, 119, 63, 167, 149, 182, 157, 5, 255, 150,
       103, 58, 195, 183, 132, 45, 221, 146, 156, 255, 254, 138, 229,
       157, 246, 150, 211, 192, 178, 52, 247, 33, 107, 111, 243, 59, 145,
       43, 79, 50, 127, 249, 130, 223, 74, 181, 88, 165, 59, 139, 220,
       10, 191, 61, 144, 190, 255, 93, 75, 222, 231, 236, 248, 190, 224,
       254, 43, 191, 135, 231, 153, 31, 255, 166, 119, 186, 131, 31, 30,
       57, 159, 143, 86, 128, 159, 229, 54, 238, 159, 95, 251, 91, 119,
       200, 104, 255, 239, 221, 79, 191, 183, 181, 212, 93, 226, 46, 127,
       223, 167, 159, 127, 248, 149, 11, 48, 122, 153, 109, 157, 184, 83,
       207, 89, 180, 47, 156, 143, 246, 110, 238, 1, 223, 157, 135, 43,
       114, 209, 215, 89, 186, 250, 30, 140, 41, 215, 138, 80, 127, 160,
       110, 220, 249, 82, 173, 89, 180, 247, 189, 159, 182, 43, 238, 145,
       223, 129, 131, 47, 34, 193, 215, 217, 250, 170, 95, 140, 37, 251,
