%YAML:1.0
---
descriptors: !!opencv-matrix
   rows: 155
   cols: 32
   dt: u
   data: [ 149, 237, 107, 251, 180, 139, 111, 253, 118, 98, 82, 198, 243,
       227, 185, 97, 121, 238, 62, 206, 251, 248, 127, 63, 252, 175, 167,
       192, 45, 187, 240, 184, 234, 182, 246, 16, 235, 248, 188, 143,
       187, 255, 20, 189, 140, 174, 206, 159, 135, 159, 231, 17, 182, 94,
       230, 194, 30, 87, 95, 239, 142, 68, 143, 95, 127, 112, 243, 228,
       103, 92, 127, 80, 97, 202, 246, 170, 127, 31, 215, 190, 126, 245,
       245, 238, 201, 118, 180, 200, 215, 249, 231, 138, 103, 247, 102,
       121, 44, 70, 110, 95, 100, 122, 233, 58, 84, 94, 127, 144, 211,
       101, 191, 107, 73, 206, 39, 46, 168, 244, 101, 12, 71, 59, 240,
       129, 87, 233, 92, 240, 188, 20, 122, 253, 206, 98, 213, 99, 17,
       162, 255, 179, 83, 61, 32, 9, 91, 151, 151, 162, 44, 246, 81, 142,
       115, 235, 241, 21, 101, 232, 100, 130, 129, 199, 117, 227, 148,
       190, 238, 183, 124, 147, 123, 82, 243, 8, 148, 224, 123, 206, 6,
       122, 243, 188, 109, 239, 45, 202, 182, 68, 109, 219, 209, 168,
       180, 85, 101, 91, 85, 75, 199, 184, 85, 118, 231, 154, 83, 85,
       157, 37, 88, 152, 82, 106, 233, 246, 125, 31, 117, 138, 193, 20,
       119, 185, 84, 240, 95, 116, 241, 102, 163, 95, 191, 80, 107, 232,
       29, 173, 95, 61, 223, 182, 182, 85, 213, 127, 133, 80, 172, 202,
       251, 93, 45, 183, 70, 183, 15, 119, 45, 55, 121, 35, 178, 95, 55,
       188, 121, 236, 127, 237, 95, 125, 138, 176, 150, 92, 212, 102,
       197, 240, 189, 14, 102, 199, 37, 183, 107, 255, 206, 243, 203,
       190, 134, 181, 171, 184, 20, 167, 191, 251, 130, 245, 172, 230,
       66, 223, 167, 103, 232, 21, 119, 77, 139, 227, 168, 114, 95, 219,
       138, 68, 139, 93, 9, 166, 245, 71, 112, 58, 107, 59, 107, 173,
       127, 228, 223, 39, 148, 52, 55, 79, 108, 44, 145, 248, 173, 78,
       14, 255, 35, 196, 198, 226, 71, 49, 166, 52, 253, 241, 235, 125,
       185, 91, 187, 255, 53, 61, 140, 191, 95, 47, 239, 27, 247, 145,
       178, 70, 250, 192, 95, 91, 223, 239, 198, 101, 135, 247, 196, 64,
       142, 55, 8, 11, 100, 32, 164, 178, 227, 220, 211, 99, 73, 91, 96,
       196, 106, 234, 73, 212, 219, 32, 148, 162, 103, 0, 40, 51, 33, 0,
       166, 249, 48, 200, 237, 253, 212, 207, 203, 94, 188, 15, 42, 220,
       127, 175, 205, 219, 215, 83, 222, 43, 242, 240, 51, 88, 204, 191,
       83, 94, 222, 223, 144, 141, 70, 155, 212, 163, 234, 107, 86, 1,
       219, 18, 97, 195, 48, 65, 120, 174, 34, 184, 58, 187, 15, 255,
       120, 166, 138, 64, 53, 138, 240, 136, 220, 180, 188, 113, 169,
       104, 81, 27, 179, 183, 166, 56, 159, 183, 72, 27, 163, 151, 237,
       16, 58, 77, 195, 2, 217, 211, 117, 125, 224, 64, 135, 35, 39, 98,
       227, 68, 102, 19, 239, 216, 75, 236, 124, 238, 72, 204, 247, 44,
       126, 237, 23, 255, 197, 54, 172, 200, 54, 28, 175, 174, 207, 255,
       114, 245, 209, 205, 15, 229, 16, 2, 79, 180, 36, 128, 202, 66,
       247, 3, 32, 99, 112, 228, 120, 238, 105, 153, 17, 44, 240, 160,
       174, 0, 32, 162, 33, 40, 126, 95, 106, 78, 51, 214, 95, 112, 161,
       204, 255, 167, 107, 79, 183, 84, 126, 245, 149, 231, 204, 131, 52,
       238, 243, 125, 168, 155, 39, 183, 126, 119, 100, 72, 215, 153,
       194, 170, 160, 64, 108, 130, 227, 66, 149, 131, 33, 73, 106, 172,
       106, 154, 0, 150, 69, 72, 20, 162, 66, 0, 193, 123, 33, 160, 124,
       13, 255, 254, 130, 66, 85, 189, 177, 150, 134, 2, 119, 119, 9,
       123, 113, 246, 237, 170, 104, 193, 105, 44, 243, 227, 245, 21,
       162, 240, 164, 122, 209, 153, 29, 108, 136, 78, 69, 181, 224, 80,
       166, 72, 247, 51, 0, 115, 0, 246, 108, 106, 121, 9, 211, 45, 241,
       171, 100, 16, 104, 178, 130, 56, 34, 177, 185, 210, 237, 253, 185,
       207, 139, 125, 29, 63, 140, 190, 94, 10, 143, 27, 247, 17, 150,
       107, 250, 209, 95, 93, 31, 255, 212, 76, 135, 247, 160, 199, 68,
       170, 108, 11, 68, 104, 12, 62, 185, 235, 198, 98, 136, 81, 74,
       128, 78, 99, 104, 3, 77, 93, 180, 2, 235, 253, 20, 10, 18, 128,
       95, 119, 97, 102, 179, 86, 95, 184, 121, 206, 127, 225, 89, 127,
       159, 244, 182, 213, 245, 239, 236, 210, 173, 238, 227, 255, 175,
       135, 39, 247, 166, 119, 181, 205, 15, 103, 148, 110, 230, 180,
       116, 99, 235, 84, 211, 32, 24, 97, 121, 198, 10, 238, 249, 180,
       125, 47, 173, 170, 68, 68, 105, 219, 208, 40, 13, 119, 121, 103,
       243, 95, 63, 184, 49, 238, 127, 173, 95, 125, 139, 176, 182, 93,
       213, 102, 197, 176, 173, 174, 111, 255, 37, 135, 111, 247, 15,
       247, 14, 176, 185, 209, 237, 253, 185, 207, 159, 255, 61, 57, 140,
       191, 78, 142, 175, 27, 243, 17, 18, 124, 250, 211, 15, 87, 95,
       239, 194, 76, 143, 247, 40, 5, 255, 245, 228, 98, 253, 39, 21,
       187, 246, 51, 83, 61, 8, 11, 73, 214, 55, 161, 56, 250, 65, 136,
       111, 255, 244, 129, 227, 248, 228, 178, 155, 95, 102, 31, 115,
       146, 191, 112, 125, 68, 214, 231, 105, 204, 183, 213, 118, 236,
       134, 238, 229, 157, 36, 239, 50, 107, 170, 129, 111, 181, 109, 93,
       106, 188, 182, 20, 235, 244, 24, 135, 171, 255, 166, 189, 12, 190,
       70, 159, 167, 247, 253, 145, 54, 79, 178, 224, 31, 115, 95, 251,
       130, 68, 175, 95, 92, 120, 187, 118, 11, 104, 19, 202, 115, 163,
       169, 56, 30, 215, 73, 58, 179, 253, 100, 18, 11, 118, 186, 34,
       209, 247, 17, 47, 224, 115, 7, 163, 2, 217, 53, 217, 108, 133,
       189, 236, 143, 24, 80, 66, 188, 158, 252, 101, 238, 27, 63, 201,
       195, 24, 114, 241, 133, 56, 218, 170, 28, 24, 49, 185, 106, 93,
       99, 236, 109, 212, 222, 248, 137, 72, 184, 239, 60, 159, 53, 243,
       238, 241, 223, 231, 197, 11, 242, 253, 55, 121, 170, 186, 31, 191,
       63, 219, 250, 184, 186, 184, 107, 249, 144, 67, 123, 95, 244, 57,
       46, 222, 102, 60, 251, 187, 231, 145, 30, 127, 146, 211, 219, 215,
       83, 107, 211, 4, 47, 159, 89, 133, 127, 101, 18, 38, 105, 127,
       121, 65, 254, 198, 93, 43, 184, 113, 54, 143, 124, 172, 177, 185,
       181, 77, 254, 235, 114, 196, 109, 192, 227, 249, 63, 79, 123, 228,
       118, 152, 255, 112, 233, 196, 190, 234, 63, 159, 181, 38, 46, 241,
       23, 107, 192, 163, 36, 238, 243, 221, 167, 138, 103, 191, 119,
       229, 56, 5, 94, 236, 151, 226, 89, 127, 149, 1, 222, 2, 83, 243,
       56, 65, 120, 174, 31, 168, 56, 187, 17, 158, 251, 239, 162, 69,
       55, 200, 244, 2, 3, 157, 99, 223, 52, 247, 235, 114, 86, 73, 95,
       70, 113, 252, 180, 100, 126, 58, 22, 217, 147, 184, 61, 255, 37,
       46, 170, 192, 31, 139, 117, 253, 138, 156, 251, 255, 122, 193,
       191, 247, 31, 78, 92, 162, 252, 255, 164, 96, 215, 59, 183, 0,
       227, 152, 106, 255, 103, 247, 62, 139, 22, 200, 37, 251, 74, 185,
       149, 186, 169, 173, 20, 167, 171, 57, 40, 105, 174, 182, 64, 146,
       135, 51, 237, 16, 86, 73, 210, 245, 173, 214, 94, 123, 154, 68,
       143, 31, 21, 46, 203, 239, 118, 171, 107, 208, 118, 130, 123, 230,
       115, 225, 177, 96, 127, 236, 38, 254, 137, 178, 205, 110, 252,
       175, 163, 128, 237, 251, 112, 160, 175, 107, 226, 86, 239, 19,
       222, 200, 219, 190, 180, 174, 72, 200, 247, 175, 250, 232, 198,
       231, 204, 103, 174, 232, 50, 88, 197, 191, 111, 255, 122, 197, 94,
       118, 210, 65, 131, 62, 125, 123, 57, 167, 111, 149, 77, 39, 78,
       156, 55, 221, 225, 188, 112, 213, 153, 66, 59, 239, 87, 68, 235,
       100, 171, 16, 123, 81, 226, 204, 103, 84, 255, 120, 97, 192, 126,
       10, 121, 157, 183, 182, 126, 252, 183, 238, 205, 178, 180, 200,
       119, 105, 228, 137, 111, 190, 122, 245, 159, 217, 102, 245, 183,
       214, 127, 182, 61, 228, 86, 131, 189, 63, 51, 225, 166, 247, 157,
       207, 252, 216, 53, 236, 235, 251, 239, 129, 38, 180, 173, 123,
       139, 189, 62, 187, 253, 213, 185, 247, 159, 89, 84, 23, 188, 222,
       118, 64, 207, 59, 147, 145, 55, 72, 122, 247, 111, 223, 158, 235,
       152, 12, 169, 219, 25, 121, 122, 101, 114, 82, 111, 52, 96, 204,
       126, 168, 57, 71, 147, 180, 54, 252, 213, 238, 193, 144, 165, 44,
