%YAML:1.0
---
descriptors: !!opencv-matrix
   rows: 79
   cols: 32
   dt: u
   data: [ 23, 75, 15, 190, 6, 134, 47, 80, 132, 128, 211, 226, 117, 211,
       161, 75, 110, 249, 55, 235, 73, 147, 10, 232, 208, 160, 234, 136,
       61, 187, 49, 161, 247, 87, 111, 6, 246, 18, 190, 112, 169, 198,
       243, 231, 73, 238, 183, 51, 62, 245, 215, 231, 229, 215, 172, 206,
       126, 46, 239, 128, 109, 183, 119, 213, 181, 18, 195, 221, 70, 34,
       232, 88, 85, 194, 243, 246, 89, 203, 177, 233, 122, 172, 54, 142,
       169, 247, 134, 194, 20, 234, 235, 140, 191, 169, 112, 177, 3, 151,
       96, 139, 246, 209, 186, 103, 95, 77, 88, 167, 172, 142, 182, 96,
       254, 59, 151, 149, 151, 56, 100, 215, 46, 28, 186, 233, 29, 6,
       173, 221, 3, 10, 134, 157, 114, 134, 40, 99, 189, 65, 66, 199,
       164, 138, 52, 196, 230, 45, 27, 133, 23, 152, 17, 221, 4, 54, 154,
       130, 28, 4, 57, 156, 2, 203, 2, 140, 95, 129, 190, 101, 140, 4,
       218, 163, 172, 142, 50, 192, 238, 59, 155, 193, 68, 139, 2, 253,
       116, 48, 142, 139, 20, 30, 189, 138, 56, 77, 91, 237, 22, 206, 79,
       119, 36, 128, 250, 67, 115, 59, 49, 80, 122, 254, 21, 106, 72,
       185, 16, 45, 241, 173, 36, 0, 121, 186, 96, 42, 234, 157, 53, 253,
       123, 217, 184, 254, 27, 125, 84, 186, 108, 125, 14, 167, 175, 83,
       247, 65, 183, 14, 235, 247, 31, 115, 122, 251, 31, 12, 159, 247,
       217, 68, 110, 231, 22, 211, 75, 56, 117, 228, 215, 2, 123, 9, 156,
       225, 122, 180, 157, 234, 232, 181, 45, 157, 243, 235, 163, 133,
       55, 143, 116, 106, 26, 53, 162, 180, 7, 255, 182, 70, 161, 75,
       222, 131, 40, 189, 42, 140, 184, 255, 251, 129, 9, 155, 176, 235,
       179, 119, 154, 131, 143, 92, 191, 222, 61, 101, 107, 200, 212,
       115, 235, 216, 112, 228, 221, 10, 81, 216, 191, 49, 120, 140, 23,
       255, 225, 51, 172, 220, 119, 9, 163, 236, 37, 179, 118, 224, 230,
       220, 173, 222, 204, 229, 159, 204, 155, 95, 145, 151, 112, 252,
       124, 107, 205, 211, 63, 195, 187, 103, 218, 243, 49, 58, 222, 187,
       149, 91, 245, 115, 21, 221, 110, 251, 180, 143, 111, 253, 87, 120,
       222, 70, 123, 107, 186, 96, 127, 207, 63, 239, 251, 187, 77, 255,
       254, 239, 175, 196, 61, 155, 240, 25, 10, 154, 154, 185, 51, 169,
       56, 71, 62, 29, 78, 49, 172, 155, 98, 72, 247, 59, 171, 145, 22,
       152, 3, 241, 79, 119, 26, 67, 144, 68, 173, 139, 3, 188, 147, 153,
       183, 167, 184, 135, 31, 75, 72, 247, 172, 158, 100, 204, 247, 59,
       147, 145, 55, 156, 1, 243, 13, 22, 154, 226, 156, 76, 177, 159,
       181, 95, 220, 168, 172, 39, 222, 255, 158, 250, 184, 111, 95, 248,
       245, 3, 223, 211, 127, 247, 233, 103, 11, 152, 248, 139, 239, 188,
       29, 122, 241, 145, 3, 48, 249, 241, 116, 172, 249, 87, 107, 155,
       120, 242, 156, 159, 212, 106, 239, 155, 31, 145, 131, 120, 164,
       192, 134, 28, 186, 162, 196, 200, 35, 173, 19, 0, 99, 129, 86, 70,
       234, 80, 21, 64, 90, 199, 25, 142, 181, 224, 126, 137, 23, 189,
       133, 183, 52, 202, 52, 12, 170, 132, 45, 142, 113, 212, 57, 23,
       107, 233, 246, 247, 251, 113, 69, 65, 223, 230, 89, 29, 182, 96,
       126, 186, 23, 253, 157, 186, 53, 221, 126, 205, 170, 192, 127,
       142, 112, 249, 29, 68, 75, 234, 150, 130, 107, 80, 52, 192, 223,
       230, 81, 195, 185, 96, 126, 168, 30, 254, 169, 149, 13, 206, 248,
       143, 175, 196, 189, 179, 56, 48, 42, 154, 55, 248, 109, 245, 152,
       223, 155, 93, 148, 63, 44, 221, 54, 44, 205, 187, 183, 133, 150,
       43, 50, 241, 91, 89, 152, 251, 151, 12, 182, 95, 74, 24, 180, 21,
       137, 254, 48, 3, 47, 255, 10, 21, 140, 60, 70, 222, 129, 55, 233,
       17, 22, 216, 211, 64, 15, 118, 80, 67, 194, 68, 13, 95, 149, 34,
       203, 241, 70, 34, 232, 88, 119, 203, 87, 246, 89, 202, 249, 104,
       127, 141, 54, 188, 131, 244, 5, 192, 22, 174, 187, 196, 173, 137,
       121, 133, 187, 215, 115, 232, 118, 149, 254, 112, 77, 72, 240,
       227, 63, 29, 180, 33, 254, 185, 151, 231, 238, 182, 36, 223, 242,
       217, 170, 226, 127, 142, 113, 255, 46, 179, 176, 154, 239, 253,
       184, 221, 139, 125, 21, 253, 172, 220, 206, 174, 143, 27, 247, 81,
       151, 106, 234, 241, 15, 85, 62, 255, 222, 93, 159, 215, 50, 184,
       168, 174, 63, 71, 146, 232, 31, 238, 152, 171, 108, 188, 39, 0,
       221, 115, 215, 195, 141, 43, 91, 255, 219, 87, 155, 187, 85, 47,
       55, 223, 7, 252, 179, 155, 183, 245, 190, 214, 31, 91, 94, 118,
       156, 158, 227, 232, 247, 91, 151, 17, 135, 148, 56, 242, 166, 22,
       191, 198, 158, 93, 173, 215, 14, 126, 234, 131, 246, 243, 191,
       214, 30, 230, 28, 167, 76, 237, 247, 12, 127, 123, 151, 215, 134,
       178, 44, 250, 110, 21, 191, 167, 151, 255, 61, 223, 15, 150, 136,
       187, 242, 180, 58, 151, 62, 79, 95, 215, 205, 235, 90, 80, 119,
       139, 183, 149, 150, 152, 156, 211, 236, 101, 190, 197, 188, 198,
       185, 211, 255, 94, 236, 97, 188, 55, 75, 154, 83, 235, 180, 255,
       83, 44, 215, 56, 93, 196, 93, 188, 189, 102, 117, 158, 250, 223,
       165, 212, 255, 253, 90, 85, 5, 149, 119, 91, 228, 239, 229, 185,
       124, 15, 127, 0, 208, 117, 188, 108, 123, 26, 50, 56, 147, 176,
       63, 215, 109, 30, 114, 68, 213, 202, 213, 224, 142, 189, 246, 208,
       225, 118, 252, 235, 31, 223, 124, 183, 12, 254, 118, 231, 247, 91,
       183, 181, 180, 219, 187, 198, 123, 95, 223, 207, 134, 100, 173,
       215, 56, 124, 210, 228, 85, 66, 86, 216, 17, 166, 248, 11, 107,
       89, 53, 16, 248, 220, 134, 226, 72, 179, 24, 138, 179, 205, 135,
       63, 103, 251, 118, 138, 138, 60, 191, 151, 255, 127, 188, 99, 159,
       238, 247, 63, 204, 190, 38, 203, 239, 63, 223, 1, 180, 255, 57,
       206, 191, 87, 223, 179, 134, 108, 173, 215, 2, 133, 0, 137, 149,
       231, 186, 107, 14, 5, 91, 3, 140, 108, 46, 64, 216, 11, 147, 181,
       22, 152, 81, 221, 45, 20, 138, 71, 148, 14, 189, 198, 10, 157,
       162, 188, 245, 240, 180, 71, 53, 77, 222, 161, 168, 189, 54, 196,
       233, 187, 151, 129, 30, 187, 178, 195, 243, 117, 154, 139, 199,
       68, 190, 222, 61, 97, 107, 225, 84, 83, 239, 120, 68, 228, 252,
       66, 81, 152, 179, 32, 120, 172, 23, 239, 201, 179, 36, 140, 113,
       13, 175, 132, 101, 186, 118, 224, 63, 189, 107, 105, 246, 255,
       251, 251, 223, 72, 252, 231, 123, 252, 183, 32, 255, 251, 151,
       181, 191, 178, 126, 223, 126, 93, 47, 198, 223, 238, 120, 213,
       130, 187, 186, 153, 255, 229, 185, 71, 31, 29, 92, 51, 172, 159,
       98, 72, 239, 59, 131, 145, 22, 24, 2, 211, 79, 21, 154, 235, 146,
       12, 173, 139, 29, 2, 227, 217, 118, 178, 232, 82, 117, 195, 87,
       246, 25, 135, 177, 108, 127, 172, 22, 156, 145, 180, 37, 194, 214,
       239, 178, 192, 175, 141, 112, 245, 147, 4, 247, 252, 38, 34, 252,
       82, 93, 2, 210, 242, 61, 59, 181, 105, 238, 177, 31, 175, 232,
       167, 5, 201, 146, 250, 234, 130, 61, 249, 113, 9, 16, 159, 90,
       233, 22, 190, 250, 83, 189, 1, 95, 70, 93, 203, 48, 64, 118, 187,
       31, 153, 146, 153, 4, 223, 222, 239, 42, 192, 189, 130, 41, 145,
       35, 95, 90, 12, 122, 183, 158, 87, 157, 72, 248, 231, 60, 158,
       183, 112, 222, 57, 151, 229, 143, 139, 68, 255, 50, 124, 170, 154,
       93, 222, 40, 157, 156, 25, 123, 249, 87, 243, 185, 66, 116, 80,
       68, 162, 29, 159, 33, 105, 98, 57, 147, 208, 18, 152, 52, 252, 87,
       233, 10, 105, 55, 133, 39, 226, 7, 253, 179, 155, 182, 243, 190,
       215, 30, 201, 88, 230, 188, 254, 231, 96, 247, 123, 151, 209, 183,
       152, 56, 250, 46, 20, 191, 134, 156, 95, 165, 223, 6, 115, 225,
       215, 230, 81, 191, 221, 31, 207, 92, 231, 108, 254, 255, 4, 127,
       123, 151, 135, 195, 242, 174, 235, 46, 6, 191, 171, 183, 254, 181,
       253, 72, 153, 85, 223, 103, 249, 113, 39, 237, 73, 127, 42, 126,
       119, 164, 244, 34, 50, 190, 0, 19, 184, 35, 253, 30, 254, 80, 67,
       50, 14, 92, 47, 31, 166, 202, 187, 177, 182, 122, 179, 55, 81, 79,
       215, 205, 107, 58, 192, 119, 139, 157, 157, 190, 152, 92, 215,
