%YAML:1.0
---
descriptors: !!opencv-matrix
   rows: 26
   cols: 32
   dt: u
   data: [ 18, 1, 26, 139, 95, 95, 186, 64, 45, 32, 169, 11, 142, 14, 44,
       192, 248, 149, 219, 227, 76, 163, 81, 200, 181, 212, 138, 63, 17,
       10, 43, 134, 72, 16, 154, 236, 32, 44, 121, 18, 41, 11, 111, 16,
       151, 179, 1, 90, 165, 21, 108, 8, 0, 16, 145, 0, 215, 191, 114, 8,
       136, 225, 33, 35, 90, 225, 186, 176, 155, 192, 24, 238, 171, 21,
       128, 185, 140, 223, 106, 18, 129, 219, 221, 145, 90, 75, 130, 241,
       251, 209, 159, 255, 146, 20, 167, 90, 55, 52, 248, 0, 221, 253,
       210, 202, 91, 245, 173, 29, 10, 184, 87, 62, 153, 202, 210, 28,
       158, 114, 252, 178, 91, 93, 17, 127, 203, 77, 90, 214, 7, 75, 19,
       155, 236, 173, 174, 196, 236, 17, 57, 114, 188, 146, 248, 107,
       234, 35, 10, 219, 18, 9, 6, 225, 4, 16, 154, 232, 148, 27, 225,
       128, 1, 105, 198, 137, 70, 170, 34, 196, 100, 1, 74, 130, 129, 0,
       0, 212, 104, 10, 42, 220, 2, 144, 87, 33, 4, 36, 162, 0, 161, 211,
       49, 128, 38, 236, 194, 216, 92, 163, 234, 202, 87, 177, 120, 10,
       32, 200, 117, 8, 217, 232, 19, 153, 2, 250, 78, 217, 12, 30, 133,
       44, 213, 249, 82, 132, 82, 141, 6, 186, 25, 228, 58, 230, 172, 21,
       202, 19, 172, 243, 32, 192, 225, 179, 251, 209, 18, 9, 130, 231,
       213, 53, 154, 75, 128, 5, 189, 10, 135, 178, 147, 250, 173, 133,
       185, 208, 190, 25, 81, 112, 188, 223, 104, 105, 231, 59, 183, 81,
       147, 69, 26, 241, 201, 152, 122, 234, 152, 1, 161, 163, 177, 201,
       79, 188, 14, 128, 141, 247, 212, 0, 208, 194, 49, 131, 176, 97,
       104, 160, 10, 201, 105, 143, 36, 191, 240, 160, 250, 8, 53, 152,
       176, 40, 249, 17, 110, 236, 52, 86, 127, 112, 101, 72, 254, 34,
       91, 63, 182, 117, 124, 148, 189, 234, 233, 155, 49, 140, 243, 249,
       226, 128, 39, 162, 116, 127, 80, 173, 13, 183, 157, 200, 59, 173,
       182, 149, 136, 3, 236, 247, 10, 67, 241, 243, 235, 192, 114, 72,
       202, 253, 253, 2, 143, 107, 0, 2, 183, 106, 93, 117, 189, 106,
       168, 108, 87, 152, 235, 91, 189, 24, 95, 247, 10, 58, 181, 87,
       125, 122, 147, 99, 186, 97, 219, 233, 101, 12, 202, 243, 227, 115,
       52, 1, 26, 168, 92, 71, 83, 98, 133, 36, 232, 11, 22, 154, 35, 80,
       248, 173, 75, 227, 76, 163, 16, 76, 241, 133, 130, 61, 81, 43,
       102, 2, 135, 233, 23, 234, 236, 161, 190, 204, 142, 24, 25, 64,
       156, 211, 233, 75, 135, 75, 19, 223, 66, 1, 138, 241, 36, 152,
       111, 174, 28, 211, 161, 161, 64, 253, 57, 250, 25, 193, 19, 224,
       174, 20, 137, 9, 180, 215, 97, 16, 129, 123, 217, 82, 66, 75, 154,
       53, 249, 149, 31, 123, 16, 3, 7, 106, 138, 184, 179, 186, 103,
       213, 185, 199, 159, 93, 84, 19, 172, 223, 102, 140, 239, 59, 147,
       145, 18, 62, 58, 243, 87, 85, 154, 235, 23, 12, 37, 251, 74, 18,
       214, 156, 109, 214, 185, 91, 31, 253, 150, 182, 173, 142, 178,
       237, 230, 37, 191, 129, 128, 237, 179, 221, 215, 243, 251, 137,
       22, 4, 45, 253, 11, 50, 127, 233, 111, 221, 249, 83, 239, 125,
       214, 102, 191, 158, 210, 108, 110, 157, 255, 145, 135, 191, 231,
       209, 215, 249, 186, 147, 111, 140, 45, 255, 63, 144, 121, 227,
       101, 127, 251, 216, 75, 252, 189, 47, 91, 95, 223, 180, 255, 197,
       151, 255, 157, 51, 121, 208, 223, 217, 171, 247, 239, 175, 118,
       243, 180, 108, 156, 126, 222, 43, 215, 236, 82, 166, 169, 26, 86,
       120, 11, 25, 249, 198, 66, 99, 120, 103, 217, 46, 120, 143, 101,
       121, 193, 123, 250, 130, 204, 166, 159, 115, 224, 232, 112, 23,
       249, 31, 119, 56, 159, 179, 72, 27, 131, 22, 108, 24, 50, 108,
       130, 2, 207, 251, 116, 73, 194, 192, 199, 35, 125, 6, 199, 236,
       134, 34, 77, 81, 197, 130, 223, 114, 81, 227, 185, 107, 122, 164,
       62, 174, 185, 179, 4, 136, 208, 235, 226, 128, 175, 234, 240, 33,
       200, 174, 149, 115, 169, 172, 100, 151, 187, 27, 34, 92, 142, 163,
       72, 223, 165, 87, 236, 16, 50, 77, 138, 99, 141, 243, 116, 70,
       194, 64, 135, 171, 250, 17, 115, 236, 117, 82, 94, 113, 101, 0,
       246, 162, 91, 29, 180, 241, 254, 149, 151, 226, 216, 187, 49, 204,
       243, 249, 162, 197, 55, 170, 244, 59, 131, 154, 59, 217, 109, 213,
       184, 86, 159, 89, 80, 103, 172, 158, 54, 105, 238, 59, 55, 213,
       135, 188, 50, 241, 7, 56, 186, 138, 24, 12, 33, 223 ]
keypoints: !!opencv-matrix
   rows: 26
   cols: 2
   dt: d
   data: [ 357., 90., 345., 95., 343., 99., 354., 115., 140., 119., 361.,
       119., 340., 127., 340., 135., 138., 138., 136., 169., 79., 232.,
       75., 240., 3.3840002441406250e+02, 7.6800003051757812e+01,
       3.5640002441406250e+02, 90., 1.4280000305175781e+02,
       9.4800003051757812e+01, 3.4560000610351562e+02,
       1.5120001220703125e+02, 1.9560000610351562e+02,
       2.3760000610351562e+02, 162., 2.4120001220703125e+02,
       2.5200001525878906e+02, 2.4840000915527344e+02,
       3.2040002441406250e+02, 2.5080000305175781e+02,
       3.3264001464843750e+02, 1.1520000457763672e+02,
       3.3264001464843750e+02, 1.5263999938964844e+02,
       1.3536000061035156e+02, 1.6704000854492188e+02,
       3.3177603149414062e+02, 1.5206401062011719e+02,
       7.6032005310058594e+01, 2.3155201721191406e+02,
       2.0044801330566406e+02, 2.4192002868652344e+02 ]
