%YAML:1.0
---
descriptors: !!opencv-matrix
   rows: 149
   cols: 32
   dt: u
   data: [ 35, 173, 241, 91, 245, 217, 190, 239, 91, 33, 124, 10, 40,
       249, 92, 180, 155, 27, 19, 24, 87, 58, 250, 247, 47, 28, 21, 111,
       223, 206, 219, 142, 189, 81, 107, 237, 102, 86, 111, 248, 101,
       202, 247, 162, 89, 127, 191, 241, 126, 252, 151, 238, 201, 179,
       61, 140, 115, 233, 227, 132, 39, 179, 116, 241, 138, 205, 50, 153,
       213, 213, 190, 231, 30, 13, 88, 19, 172, 158, 46, 192, 249, 27,
       147, 209, 118, 152, 18, 247, 47, 87, 158, 67, 146, 12, 189, 206,
       34, 125, 162, 156, 119, 212, 188, 103, 157, 199, 88, 163, 44, 188,
       54, 164, 238, 59, 147, 5, 198, 187, 50, 235, 39, 52, 30, 139, 7,
       92, 189, 223, 38, 237, 48, 155, 213, 213, 190, 236, 31, 165, 120,
       3, 172, 220, 126, 132, 217, 123, 147, 211, 86, 186, 88, 255, 45,
       20, 143, 107, 87, 15, 189, 206, 149, 196, 74, 103, 20, 10, 103,
       185, 116, 34, 99, 82, 211, 97, 152, 112, 112, 76, 40, 110, 104,
       180, 13, 47, 228, 175, 33, 4, 104, 171, 216, 0, 32, 156, 56, 88,
       125, 253, 145, 239, 223, 29, 160, 25, 162, 152, 38, 48, 201, 26,
       194, 17, 54, 46, 114, 183, 15, 30, 16, 123, 208, 8, 212, 206, 36,
       176, 185, 83, 249, 253, 80, 25, 127, 125, 53, 24, 142, 29, 78, 62,
       137, 27, 196, 16, 150, 120, 251, 17, 79, 216, 17, 127, 210, 12,
       198, 215, 217, 90, 255, 117, 34, 94, 63, 20, 169, 206, 118, 228,
       127, 23, 131, 123, 38, 117, 252, 110, 225, 213, 181, 104, 246,
       235, 100, 128, 46, 240, 47, 121, 45, 84, 124, 95, 76, 126, 241,
       186, 84, 178, 127, 18, 211, 125, 31, 47, 73, 222, 34, 42, 168,
       244, 123, 44, 71, 187, 113, 5, 83, 249, 68, 163, 187, 0, 103, 77,
       117, 22, 233, 120, 113, 236, 214, 134, 89, 15, 151, 244, 126, 140,
       215, 173, 137, 151, 101, 204, 87, 123, 171, 132, 39, 164, 118,
       245, 222, 90, 255, 244, 103, 94, 255, 116, 233, 206, 246, 167,
       125, 191, 183, 123, 230, 245, 253, 231, 228, 213, 164, 232, 211,
       251, 234, 131, 39, 245, 117, 127, 127, 120, 247, 229, 103, 126,
       251, 208, 105, 234, 182, 171, 95, 63, 215, 63, 174, 245, 253, 255,
       141, 247, 181, 200, 215, 251, 235, 131, 231, 247, 103, 119, 183,
       229, 119, 194, 215, 210, 238, 232, 95, 160, 251, 194, 72, 220,
       253, 228, 123, 253, 182, 250, 237, 243, 61, 238, 59, 30, 135, 135,
       103, 63, 116, 164, 53, 105, 235, 222, 92, 197, 207, 80, 199, 200,
       252, 74, 51, 249, 181, 36, 72, 234, 22, 207, 137, 163, 46, 168,
       115, 12, 165, 184, 103, 251, 114, 232, 10, 156, 43, 223, 113, 242,
       186, 103, 61, 7, 78, 151, 168, 63, 36, 192, 247, 59, 147, 128, 50,
       154, 48, 255, 39, 119, 154, 195, 19, 68, 173, 218, 61, 84, 247,
       69, 6, 90, 230, 120, 117, 226, 254, 226, 83, 56, 149, 247, 122,
       196, 126, 234, 237, 246, 69, 78, 54, 238, 101, 132, 111, 243, 106,
       133, 217, 84, 87, 229, 38, 50, 236, 49, 117, 226, 243, 246, 217,
       26, 149, 231, 118, 149, 62, 170, 229, 148, 133, 206, 166, 234,
       234, 128, 47, 240, 41, 21, 52, 32, 19, 201, 95, 169, 160, 74, 254,
       33, 233, 26, 130, 194, 45, 88, 120, 168, 74, 144, 2, 51, 67, 82,
       149, 164, 2, 123, 241, 89, 99, 132, 139, 219, 51, 216, 127, 149,
       190, 247, 157, 72, 208, 103, 172, 222, 182, 229, 238, 59, 151,
       197, 243, 187, 50, 253, 63, 56, 154, 202, 31, 12, 185, 223, 45,
       121, 83, 71, 244, 95, 238, 244, 85, 234, 120, 104, 219, 120, 157,
       180, 95, 222, 22, 106, 197, 178, 125, 190, 44, 222, 37, 164, 79,
       251, 218, 165, 10, 57, 146, 153, 99, 213, 185, 71, 47, 13, 92, 35,
       172, 158, 103, 204, 230, 59, 179, 145, 66, 152, 18, 209, 5, 20,
       26, 171, 18, 20, 45, 223, 129, 175, 30, 249, 248, 137, 104, 39,
       188, 16, 114, 80, 181, 131, 160, 91, 98, 43, 78, 88, 114, 220, 2,
       125, 236, 130, 122, 96, 16, 128, 131, 168, 43, 173, 98, 73, 245,
       211, 191, 119, 76, 76, 124, 34, 40, 204, 182, 36, 122, 42, 147,
       237, 214, 186, 100, 253, 110, 28, 134, 225, 87, 142, 253, 207, 43,
       185, 233, 128, 237, 221, 147, 146, 135, 237, 28, 175, 154, 156,
       214, 166, 140, 48, 247, 21, 159, 42, 126, 178, 79, 93, 169, 255,
       222, 143, 28, 87, 203, 83, 252, 245, 162, 14, 125, 180, 57, 115,
       118, 246, 221, 59, 130, 123, 38, 69, 125, 239, 245, 220, 117, 224,
       198, 235, 126, 132, 172, 176, 129, 65, 1, 206, 179, 91, 180, 139,
       97, 183, 126, 11, 126, 116, 247, 32, 148, 100, 211, 110, 38, 28,
       179, 252, 97, 127, 44, 190, 54, 64, 208, 200, 193, 173, 117, 255,
       89, 110, 188, 79, 71, 253, 118, 42, 184, 72, 115, 113, 201, 48,
       57, 222, 76, 106, 251, 59, 249, 63, 249, 142, 37, 124, 113, 251,
       194, 41, 193, 4, 205, 115, 36, 170, 96, 22, 126, 83, 99, 212, 251,
       34, 144, 121, 99, 46, 46, 156, 163, 220, 199, 98, 132, 251, 114,
       0, 140, 193, 65, 40, 23, 29, 99, 158, 244, 150, 239, 112, 116,
       200, 219, 70, 113, 252, 181, 228, 126, 234, 23, 239, 237, 155, 60,
       238, 56, 46, 174, 128, 61, 167, 112, 253, 63, 89, 234, 76, 102,
       86, 239, 248, 69, 202, 247, 6, 89, 253, 183, 228, 126, 236, 23,
       238, 201, 179, 188, 232, 115, 45, 167, 132, 103, 191, 120, 245,
       121, 50, 122, 109, 61, 31, 89, 120, 71, 168, 247, 78, 91, 155, 63,
       112, 126, 188, 127, 104, 204, 183, 241, 156, 211, 249, 33, 52,
       115, 170, 72, 3, 159, 90, 98, 76, 114, 146, 238, 240, 181, 204,
       86, 231, 105, 206, 183, 213, 118, 237, 151, 239, 228, 149, 36,
       238, 50, 107, 175, 131, 47, 183, 41, 93, 147, 20, 232, 229, 54,
       123, 248, 91, 28, 235, 86, 179, 157, 30, 150, 104, 239, 157, 191,
       141, 189, 220, 101, 202, 214, 239, 186, 149, 173, 136, 25, 209,
       139, 222, 55, 220, 111, 149, 188, 246, 157, 90, 80, 103, 172, 222,
       182, 229, 238, 59, 151, 199, 231, 190, 34, 255, 55, 122, 222, 138,
       31, 28, 57, 223, 94, 122, 255, 244, 102, 96, 187, 82, 169, 206,
       246, 163, 44, 191, 247, 91, 230, 245, 255, 195, 128, 213, 162,
       232, 215, 123, 235, 131, 135, 245, 39, 251, 186, 147, 102, 233,
       61, 199, 251, 121, 133, 12, 255, 167, 75, 79, 62, 69, 254, 149,
       191, 226, 216, 187, 41, 221, 183, 249, 170, 199, 55, 142, 244, 83,
       161, 127, 245, 69, 244, 95, 237, 254, 125, 168, 118, 112, 155, 55,
       133, 183, 14, 92, 86, 104, 225, 252, 97, 44, 39, 248, 101, 150,
       66, 248, 70, 173, 181, 95, 79, 71, 132, 62, 230, 246, 116, 66,
       251, 214, 83, 40, 157, 225, 121, 198, 6, 106, 237, 180, 125, 46,
       52, 174, 36, 0, 109, 219, 240, 188, 44, 86, 252, 127, 108, 47,
       245, 186, 197, 190, 191, 0, 210, 121, 13, 43, 141, 84, 102, 42,
       136, 240, 123, 16, 71, 187, 113, 21, 83, 251, 70, 163, 44, 17,
       252, 71, 141, 126, 245, 25, 206, 187, 191, 0, 210, 125, 29, 106,
       201, 86, 123, 8, 16, 225, 251, 192, 71, 191, 85, 21, 195, 251,
       196, 162, 111, 179, 249, 97, 245, 127, 211, 25, 107, 253, 63, 61,
       222, 29, 206, 190, 151, 21, 213, 51, 151, 112, 249, 144, 79, 217,
       37, 247, 206, 239, 206, 119, 94, 58, 250, 68, 227, 114, 59, 16,
       169, 238, 183, 181, 76, 254, 199, 158, 167, 245, 253, 150, 148,
       195, 160, 192, 218, 113, 75, 195, 166, 231, 47, 87, 32, 177, 61,
       89, 237, 237, 208, 15, 79, 125, 49, 25, 134, 156, 94, 40, 137, 26,
       231, 17, 150, 104, 122, 145, 15, 24, 21, 127, 208, 8, 212, 215,
       93, 29, 31, 101, 176, 46, 71, 51, 100, 168, 171, 76, 247, 115,
       129, 114, 50, 230, 108, 104, 153, 169, 17, 12, 232, 175, 36, 16,
       232, 226, 195, 33, 5, 169, 155, 225, 244, 140, 107, 19, 126, 137,
       121, 64, 149, 147, 192, 96, 118, 42, 22, 28, 147, 184, 129, 0,
       236, 141, 39, 224, 136, 130, 225, 161, 17, 206, 31, 253, 48, 174,
       97, 182, 116, 11, 66, 80, 247, 51, 160, 121, 55, 46, 44, 12, 99,
       220, 1, 63, 196, 174, 114, 0, 168, 208, 33, 41, 81, 77, 85, 197,
       18, 10, 111, 52, 36, 32, 234, 192, 87, 35, 129, 119, 34, 196, 108,
       234, 105, 152, 85, 77, 180, 170, 98, 4, 40, 178, 96, 40, 50, 111,
