%YAML:1.0
---
descriptors: !!opencv-matrix
   rows: 110
   cols: 32
   dt: u
   data: [ 149, 74, 155, 190, 38, 134, 106, 80, 148, 136, 83, 66, 117,
       195, 161, 73, 126, 121, 23, 202, 9, 211, 0, 232, 208, 226, 234,
       128, 56, 187, 33, 161, 247, 71, 111, 132, 246, 18, 239, 112, 233,
       196, 219, 231, 89, 236, 191, 51, 126, 229, 55, 239, 229, 211, 164,
       204, 54, 40, 239, 132, 45, 183, 114, 213, 21, 68, 75, 234, 22,
       162, 235, 80, 20, 193, 219, 226, 81, 207, 185, 96, 126, 168, 23,
       190, 139, 151, 36, 202, 240, 140, 170, 128, 189, 187, 112, 176,
       57, 7, 106, 201, 86, 179, 251, 82, 85, 5, 254, 130, 25, 137, 182,
       224, 122, 136, 151, 253, 158, 187, 37, 222, 118, 237, 170, 197,
       247, 138, 120, 128, 19, 20, 99, 193, 118, 178, 235, 83, 93, 97,
       94, 230, 25, 14, 182, 100, 126, 137, 23, 189, 151, 176, 37, 206,
       54, 76, 170, 192, 183, 142, 113, 245, 76, 173, 172, 21, 189, 124,
       80, 139, 251, 221, 142, 9, 226, 232, 78, 22, 145, 70, 232, 17, 30,
       233, 227, 3, 239, 119, 85, 87, 194, 100, 222, 86, 189, 74, 227,
       252, 110, 35, 233, 88, 85, 194, 243, 246, 81, 203, 177, 73, 122,
       172, 54, 142, 169, 247, 134, 200, 86, 234, 243, 140, 63, 169, 112,
       161, 187, 83, 106, 236, 54, 214, 219, 116, 5, 76, 246, 231, 59,
       158, 182, 100, 126, 185, 151, 239, 205, 183, 36, 221, 242, 249,
       170, 128, 63, 158, 124, 253, 56, 28, 98, 141, 85, 219, 195, 98,
       85, 70, 254, 35, 35, 40, 39, 244, 120, 172, 130, 232, 108, 186,
       117, 143, 50, 239, 128, 1, 119, 172, 124, 206, 2, 158, 106, 249,
       54, 235, 233, 115, 127, 65, 95, 50, 177, 187, 176, 96, 123, 42,
       31, 24, 179, 152, 37, 223, 206, 239, 186, 192, 181, 136, 85, 169,
       121, 97, 121, 101, 84, 78, 75, 81, 97, 228, 238, 8, 19, 23, 16,
       48, 24, 188, 20, 104, 201, 186, 241, 12, 211, 237, 32, 32, 99,
       130, 70, 98, 57, 222, 107, 254, 116, 133, 203, 240, 86, 72, 252,
       230, 49, 205, 179, 96, 126, 168, 23, 207, 203, 191, 52, 255, 114,
       205, 170, 136, 61, 155, 112, 249, 50, 249, 34, 202, 93, 213, 158,
       236, 23, 77, 220, 171, 40, 221, 38, 4, 220, 251, 147, 193, 94, 43,
       90, 255, 59, 84, 140, 251, 83, 14, 220, 222, 2, 203, 2, 140, 95,
       128, 174, 101, 141, 8, 218, 227, 172, 142, 176, 196, 110, 43, 159,
       193, 64, 139, 6, 253, 48, 48, 142, 139, 23, 30, 185, 141, 40, 157,
       176, 243, 213, 253, 244, 231, 127, 25, 108, 19, 168, 189, 124, 64,
       249, 155, 147, 145, 22, 186, 112, 247, 127, 221, 150, 106, 211,
       72, 241, 154, 48, 77, 91, 109, 22, 202, 79, 119, 52, 132, 250, 67,
       115, 59, 49, 80, 122, 228, 21, 106, 72, 185, 48, 14, 243, 173,
       164, 0, 101, 186, 228, 234, 35, 126, 90, 30, 114, 181, 186, 212,
       169, 200, 184, 237, 60, 222, 167, 176, 150, 57, 214, 192, 135, 3,
       6, 253, 50, 29, 41, 187, 14, 214, 43, 157, 184, 83, 123, 104, 118,
       217, 182, 117, 229, 36, 126, 234, 11, 204, 190, 160, 62, 185, 198,
       227, 212, 179, 36, 156, 54, 193, 32, 227, 119, 142, 205, 197, 38,
       110, 161, 146, 239, 113, 158, 206, 27, 254, 24, 171, 12, 172, 119,
       142, 223, 123, 147, 147, 134, 114, 170, 210, 15, 22, 223, 175,
       151, 127, 151, 255, 35, 76, 238, 93, 84, 246, 248, 198, 120, 79,
       94, 151, 32, 172, 183, 107, 237, 239, 145, 149, 166, 250, 180,
       235, 103, 47, 186, 131, 149, 212, 124, 222, 70, 134, 8, 187, 226,
       160, 56, 135, 62, 31, 95, 183, 205, 238, 122, 88, 247, 139, 183,
       149, 182, 28, 202, 215, 76, 39, 254, 205, 156, 70, 173, 83, 2, 52,
       32, 137, 213, 247, 186, 67, 95, 77, 92, 3, 140, 28, 54, 164, 217,
       11, 147, 149, 150, 184, 85, 222, 47, 84, 154, 231, 150, 78, 29,
       214, 54, 159, 151, 190, 205, 39, 70, 238, 159, 31, 249, 127, 102,
       234, 45, 205, 217, 203, 46, 99, 125, 107, 90, 255, 184, 182, 215,
       62, 153, 123, 240, 159, 47, 81, 104, 229, 118, 94, 255, 56, 77,
       236, 127, 166, 217, 29, 159, 36, 94, 221, 151, 239, 193, 176, 125,
       204, 103, 217, 171, 132, 103, 191, 81, 241, 57, 151, 107, 233,
       246, 247, 251, 113, 69, 65, 254, 230, 89, 61, 182, 96, 126, 186,
       23, 252, 157, 184, 53, 159, 126, 205, 162, 192, 127, 142, 248,
       241, 111, 179, 253, 16, 235, 125, 189, 155, 171, 127, 52, 253, 12,
       254, 207, 63, 135, 91, 247, 23, 151, 66, 170, 193, 94, 89, 125,
       239, 206, 117, 143, 215, 11, 149, 32, 139, 246, 149, 187, 127, 94,
       73, 92, 231, 189, 142, 190, 96, 254, 27, 151, 157, 151, 152, 36,
       247, 108, 29, 186, 192, 31, 142, 185, 221, 147, 28, 119, 213, 50,
       238, 109, 55, 124, 66, 94, 242, 125, 55, 176, 101, 54, 62, 61,
       140, 225, 156, 53, 79, 229, 46, 250, 128, 38, 192, 165, 121, 43,
       177, 240, 75, 221, 245, 251, 207, 75, 125, 61, 10, 40, 221, 94,
       36, 153, 27, 147, 153, 151, 58, 250, 243, 111, 93, 157, 127, 211,
       79, 215, 254, 147, 219, 70, 157, 46, 128, 172, 244, 148, 72, 210,
       230, 49, 138, 176, 69, 110, 168, 55, 205, 195, 159, 6, 253, 48,
       32, 170, 136, 61, 152, 48, 157, 36, 36, 184, 219, 253, 189, 240,
       27, 79, 27, 125, 24, 152, 249, 92, 60, 221, 10, 50, 25, 146, 178,
       250, 192, 79, 93, 16, 110, 210, 75, 210, 163, 50, 238, 106, 225,
       118, 203, 255, 231, 52, 5, 250, 163, 51, 13, 176, 0, 47, 187, 135,
       129, 74, 188, 5, 63, 248, 133, 190, 129, 101, 152, 150, 168, 58,
       185, 161, 174, 63, 215, 146, 232, 30, 238, 152, 175, 108, 188, 39,
       0, 221, 115, 223, 195, 205, 43, 121, 255, 155, 87, 155, 187, 87,
       47, 53, 223, 7, 220, 147, 155, 183, 245, 190, 198, 31, 91, 90,
       102, 172, 158, 103, 232, 247, 91, 150, 17, 135, 148, 16, 243, 36,
       22, 30, 198, 156, 93, 169, 159, 6, 252, 243, 219, 242, 243, 187,
       214, 62, 67, 94, 178, 140, 151, 165, 108, 119, 59, 147, 144, 131,
       156, 33, 247, 4, 22, 186, 194, 150, 215, 37, 253, 78, 134, 136,
       187, 242, 164, 187, 155, 62, 31, 93, 183, 141, 235, 122, 80, 119,
       11, 51, 149, 146, 28, 202, 211, 204, 103, 191, 236, 188, 198, 185,
       211, 247, 78, 236, 65, 188, 51, 78, 158, 83, 230, 180, 223, 83,
       44, 215, 60, 95, 196, 93, 157, 189, 110, 101, 158, 186, 95, 181,
       244, 255, 253, 90, 85, 134, 32, 160, 153, 69, 213, 184, 64, 31,
       167, 81, 19, 140, 156, 119, 140, 217, 25, 147, 145, 38, 244, 82,
       210, 13, 20, 155, 231, 150, 12, 29, 198, 35, 131, 97, 193, 244,
       137, 232, 55, 111, 17, 58, 214, 157, 10, 212, 224, 239, 139, 31,
       157, 147, 56, 69, 212, 156, 220, 186, 192, 157, 136, 217, 137, 10,
       176, 156, 249, 253, 229, 185, 95, 30, 63, 21, 18, 156, 191, 106,
       104, 207, 27, 179, 25, 50, 78, 122, 215, 207, 223, 159, 239, 146,
       72, 165, 163, 75, 18, 238, 229, 34, 86, 185, 16, 169, 220, 22,
       231, 221, 63, 147, 239, 102, 85, 189, 189, 133, 197, 181, 200, 78,
       123, 254, 128, 175, 164, 61, 117, 31, 34, 226, 193, 118, 179, 232,
       81, 119, 225, 95, 183, 9, 206, 254, 236, 126, 140, 147, 157, 151,
       176, 37, 192, 30, 77, 155, 71, 175, 143, 121, 213, 31, 34, 227,
       209, 86, 178, 232, 82, 125, 67, 87, 246, 153, 131, 177, 108, 127,
       140, 22, 156, 145, 180, 37, 194, 70, 238, 178, 192, 175, 205, 113,
       241, 43, 208, 48, 108, 125, 221, 208, 120, 71, 100, 228, 13, 42,
       220, 54, 180, 156, 185, 211, 69, 206, 43, 114, 157, 83, 89, 1, 59,
       91, 142, 72, 222, 187, 94, 127, 236, 103, 87, 255, 113, 77, 78,
       212, 247, 59, 28, 183, 165, 238, 177, 151, 167, 237, 182, 52, 223,
       115, 91, 234, 131, 127, 252, 124, 255, 18, 135, 123, 235, 54, 162,
       251, 115, 188, 69, 95, 150, 125, 239, 176, 64, 118, 187, 31, 136,
       147, 185, 36, 223, 222, 237, 42, 192, 181, 138, 165, 241, 145, 90,
       79, 156, 22, 130, 235, 214, 212, 66, 210, 230, 49, 201, 177, 97,
       110, 168, 62, 207, 235, 175, 38, 253, 144, 170, 186, 128, 61, 153,
       112, 249, 94, 95, 250, 164, 162, 2, 190, 214, 168, 206, 154, 231,
       29, 175, 227, 11, 38, 245, 253, 231, 204, 209, 132, 232, 240, 227,
