%YAML:1.0
---
descriptors: !!opencv-matrix
   rows: 43
   cols: 32
   dt: u
   data: [ 220, 180, 191, 122, 169, 236, 81, 216, 251, 91, 165, 28, 95,
       255, 72, 123, 165, 211, 124, 26, 59, 71, 186, 35, 219, 251, 117,
       94, 234, 65, 227, 51, 188, 185, 57, 106, 249, 205, 83, 248, 59,
       57, 165, 8, 63, 255, 72, 48, 149, 219, 213, 82, 27, 107, 90, 55,
       251, 221, 37, 126, 98, 3, 70, 171, 152, 1, 76, 233, 5, 91, 97, 16,
       37, 37, 231, 2, 155, 19, 0, 68, 104, 156, 171, 216, 8, 176, 113,
       128, 199, 233, 128, 1, 35, 138, 116, 162, 185, 205, 71, 239, 20,
       79, 71, 188, 101, 32, 234, 66, 115, 83, 184, 245, 120, 228, 12,
       234, 105, 177, 121, 61, 177, 232, 160, 16, 54, 187, 112, 40, 120,
       169, 182, 248, 157, 245, 84, 207, 147, 29, 168, 9, 42, 255, 103,
       154, 201, 179, 249, 16, 62, 107, 130, 145, 251, 223, 197, 123,
       210, 124, 254, 70, 10, 159, 178, 157, 93, 209, 176, 103, 31, 13,
       92, 3, 172, 254, 62, 228, 251, 59, 179, 129, 6, 184, 98, 223, 7,
       118, 154, 139, 22, 12, 61, 207, 50, 13, 10, 168, 29, 71, 208, 70,
       141, 4, 232, 11, 6, 154, 39, 80, 232, 185, 75, 129, 12, 171, 18,
       200, 177, 148, 154, 59, 81, 8, 126, 14, 218, 166, 186, 184, 155,
       192, 25, 207, 155, 23, 132, 185, 140, 239, 106, 27, 133, 19, 249,
       145, 122, 79, 130, 211, 219, 209, 159, 255, 146, 68, 167, 90, 184,
       49, 58, 73, 93, 95, 114, 88, 69, 32, 231, 10, 19, 151, 33, 116,
       104, 156, 234, 234, 8, 179, 241, 140, 87, 233, 128, 59, 115, 11,
       116, 162, 34, 161, 117, 88, 205, 221, 212, 111, 207, 117, 165, 24,
       10, 156, 78, 191, 137, 18, 226, 16, 86, 107, 122, 213, 31, 90, 85,
       127, 211, 12, 206, 38, 104, 169, 184, 248, 189, 249, 81, 15, 203,
       21, 172, 25, 174, 253, 66, 18, 201, 50, 233, 16, 26, 106, 194,
       145, 203, 213, 17, 123, 210, 72, 78, 74, 66, 249, 57, 186, 27,
       197, 19, 230, 170, 29, 136, 9, 180, 215, 65, 18, 129, 123, 121,
       83, 66, 75, 218, 55, 249, 149, 31, 123, 16, 19, 7, 122, 74, 186,
       242, 248, 109, 253, 249, 87, 143, 93, 180, 62, 172, 159, 214, 174,
       239, 179, 223, 145, 151, 79, 242, 209, 95, 89, 122, 251, 150, 140,
       111, 249, 15, 113, 226, 131, 112, 30, 234, 88, 41, 232, 31, 229,
       221, 28, 219, 182, 54, 77, 85, 255, 197, 208, 189, 202, 110, 93,
       173, 164, 143, 183, 27, 213, 17, 143, 75, 173, 18, 162, 107, 55,
       52, 0, 74, 226, 113, 35, 176, 96, 118, 174, 6, 172, 25, 152, 5,
       63, 168, 174, 162, 192, 189, 130, 32, 40, 212, 108, 157, 163, 142,
       107, 82, 200, 175, 182, 34, 205, 199, 131, 65, 11, 163, 69, 109,
       114, 32, 117, 217, 32, 137, 208, 69, 119, 160, 123, 7, 18, 104,
       167, 121, 99, 244, 200, 119, 53, 97, 1, 127, 40, 151, 23, 136, 48,
       18, 158, 68, 120, 90, 184, 128, 12, 239, 253, 36, 69, 224, 130,
       198, 162, 42, 184, 98, 216, 95, 245, 153, 71, 139, 93, 180, 63,
       40, 156, 118, 172, 237, 187, 151, 145, 151, 47, 50, 241, 91, 89,
       154, 251, 215, 12, 254, 223, 27, 18, 122, 237, 54, 214, 249, 51,
       109, 76, 126, 231, 59, 15, 182, 228, 238, 181, 151, 141, 141, 184,
       37, 205, 214, 249, 186, 131, 63, 140, 124, 93, 124, 227, 156, 118,
       169, 13, 84, 223, 243, 187, 180, 88, 127, 251, 73, 27, 129, 215,
       108, 26, 122, 99, 202, 32, 251, 203, 117, 61, 226, 240, 202, 43,
       40, 110, 121, 99, 120, 239, 82, 216, 103, 40, 252, 72, 127, 83, 9,
       16, 159, 216, 70, 106, 10, 54, 72, 63, 199, 205, 33, 61, 98, 211,
       78, 171, 116, 64, 82, 107, 79, 75, 119, 64, 101, 36, 227, 42, 66,
       25, 45, 80, 250, 148, 74, 98, 72, 179, 193, 12, 245, 168, 0, 23,
       113, 59, 100, 130, 184, 189, 62, 124, 96, 239, 125, 115, 181, 14,
       118, 25, 63, 255, 32, 17, 172, 179, 213, 10, 120, 141, 50, 47,
       243, 235, 112, 129, 98, 200, 198, 251, 27, 155, 106, 248, 51, 212,
       185, 87, 143, 93, 84, 231, 44, 159, 182, 238, 230, 51, 151, 149,
       151, 9, 54, 241, 91, 121, 186, 235, 158, 132, 173, 127, 220, 179,
       148, 116, 169, 13, 84, 255, 179, 187, 176, 92, 239, 227, 65, 155,
       133, 247, 108, 16, 122, 111, 210, 18, 251, 211, 117, 62, 226, 112,
       138, 11, 94, 206, 204, 151, 138, 114, 28, 174, 148, 246, 143, 175,
       195, 110, 143, 203, 99, 199, 253, 167, 108, 193, 207, 172, 154,
       99, 255, 151, 165, 127, 156, 86, 86, 247, 144, 178, 187, 193, 22,
       172, 154, 61, 136, 187, 204, 254, 74, 66, 179, 87, 237, 83, 86,
       75, 139, 179, 248, 68, 63, 255, 180, 22, 133, 87, 44, 231, 88, 99,
       176, 11, 103, 169, 96, 4, 239, 168, 211, 67, 138, 16, 26, 220, 68,
       122, 88, 176, 73, 44, 238, 197, 36, 85, 96, 139, 206, 130, 126,
       11, 236, 183, 142, 90, 222, 168, 50, 246, 131, 143, 195, 108, 223,
       202, 85, 199, 253, 231, 141, 193, 207, 162, 186, 103, 207, 149,
       173, 127, 156, 84, 128, 174, 204, 181, 80, 171, 105, 51, 54, 167,
       102, 213, 161, 35, 146, 24, 111, 174, 98, 140, 48, 252, 197, 79,
       76, 38, 112, 65, 229, 136, 6, 200, 254, 247, 232, 100, 210, 51,
       95, 252, 51, 230, 44, 175, 75, 103, 139, 21, 55, 222, 133, 230,
       248, 210, 188, 191, 250, 199, 165, 239, 175, 247, 174, 241, 119,
       3, 204, 39, 8, 106, 78, 32, 32, 228, 139, 237, 195, 108, 219, 82,
       118, 197, 237, 231, 140, 208, 205, 8, 246, 101, 233, 149, 45, 247,
       30, 84, 86, 245, 193, 131, 154, 19, 14, 169, 51, 240, 137, 236,
       205, 102, 72, 150, 23, 213, 249, 243, 75, 66, 223, 246, 172, 84,
       143, 255, 174, 182, 139, 20, 87, 249, 221, 211, 154, 80, 190, 168,
       170, 209, 136, 230, 201, 242, 205, 246, 55, 87, 248, 210, 199, 65,
       255, 113, 62, 3, 207, 238, 157, 243, 43, 20, 66, 178, 133, 92, 73,
       5, 137, 31, 154, 253, 132, 204, 168, 231, 196, 159, 69, 92, 251,
       156, 131, 75, 251, 209, 13, 18, 223, 252, 146, 164, 39, 253, 220,
       2, 197, 85, 139, 122, 161, 2, 252, 183, 131, 240, 203, 36, 140,
       239, 75, 86, 232, 48, 41, 228, 109, 4, 132, 226, 83, 85, 230, 236,
       69, 36, 246, 16, 236, 85, 142, 114, 149, 143, 211, 247, 150, 58,
       66, 124, 215, 111, 201, 214, 252, 145, 252, 103, 239, 162, 58, 34,
       213, 191, 165, 120, 212, 110, 201, 188, 151, 158, 137, 172, 5,
       183, 255, 27, 130, 92, 254, 242, 64, 255, 165, 119, 120, 8, 179,
       77, 187, 103, 145, 178, 90, 122, 138, 68, 131, 45, 219, 156, 151,
       186, 203, 237, 84, 231, 187, 83, 160, 92, 254, 246, 32, 255, 163,
       243, 125, 0, 59, 79, 26, 243, 153, 242, 94, 90, 154, 69, 163, 58,
       69, 161, 172, 91, 136, 84, 169, 137, 226, 113, 165, 128, 209, 126,
       94, 107, 77, 87, 120, 153, 158, 66, 255, 49, 77, 171, 223, 125,
       133, 34, 111, 228, 119, 225, 200, 163, 152, 23, 74, 136, 3, 240,
       129, 140, 211, 14, 95, 178, 93, 197, 125, 247, 79, 66, 221, 176,
       190, 213, 143, 124, 44, 179, 26, 20, 228, 110, 173, 119, 172, 46,
       173, 158, 218, 191, 58, 221, 195, 105, 213, 10, 141, 70, 105, 21,
       176, 124, 207, 34, 108, 63, 245, 116, 201, 248, 214, 216, 125,
       113, 72, 167, 24, 31, 78, 184, 34, 224, 135, 205, 211, 71, 91,
       144, 28, 220, 221, 239, 205, 82, 221, 44, 238, 193, 173, 181, 44,
       183, 26, 16 ]
