%YAML:1.0
---
descriptors: !!opencv-matrix
   rows: 53
   cols: 32
   dt: u
   data: [ 183, 70, 69, 140, 14, 19, 206, 120, 21, 194, 209, 231, 67,
       108, 183, 197, 92, 196, 191, 239, 237, 7, 77, 158, 48, 98, 233,
       156, 63, 255, 120, 84, 56, 80, 10, 169, 77, 79, 113, 80, 4, 36,
       231, 11, 147, 149, 35, 72, 104, 156, 234, 98, 8, 179, 209, 0, 215,
       225, 130, 21, 115, 11, 124, 178, 191, 53, 113, 64, 157, 255, 208,
       74, 95, 241, 173, 25, 10, 152, 94, 189, 153, 138, 194, 20, 191,
       107, 124, 214, 27, 93, 17, 127, 203, 13, 222, 198, 244, 109, 253,
       228, 141, 67, 86, 237, 67, 254, 188, 42, 115, 61, 65, 51, 200,
       246, 108, 226, 76, 99, 233, 8, 243, 201, 229, 63, 97, 122, 214,
       11, 209, 2, 239, 224, 134, 34, 233, 87, 116, 227, 214, 246, 81,
       43, 184, 107, 126, 132, 63, 189, 185, 151, 37, 194, 210, 235, 250,
       196, 173, 232, 240, 48, 66, 249, 57, 250, 27, 193, 19, 224, 142,
       116, 133, 41, 180, 215, 96, 48, 193, 123, 217, 194, 66, 75, 250,
       117, 249, 149, 155, 59, 16, 3, 7, 90, 94, 248, 185, 232, 27, 84,
       27, 216, 35, 184, 132, 10, 189, 150, 65, 114, 247, 221, 221, 240,
       74, 75, 251, 216, 249, 225, 143, 127, 176, 33, 39, 59, 175, 223,
       198, 158, 245, 146, 190, 240, 95, 202, 95, 231, 104, 236, 183,
       229, 255, 235, 183, 199, 229, 254, 79, 254, 62, 127, 175, 139,
       159, 255, 249, 157, 18, 18, 123, 225, 102, 76, 233, 80, 45, 76,
       246, 102, 31, 31, 150, 204, 110, 137, 159, 193, 137, 177, 33, 192,
       150, 216, 170, 130, 45, 138, 101, 241, 221, 253, 191, 120, 168,
       44, 87, 222, 251, 91, 180, 24, 223, 255, 64, 123, 165, 215, 125,
       122, 59, 101, 187, 35, 219, 251, 101, 124, 226, 241, 227, 51, 208,
       164, 157, 241, 136, 108, 121, 143, 59, 191, 2, 25, 151, 55, 72,
       91, 161, 23, 125, 16, 50, 93, 147, 66, 223, 219, 94, 116, 128, 64,
       135, 10, 17, 6, 91, 169, 50, 162, 42, 90, 52, 1, 90, 226, 85, 195,
       160, 64, 119, 25, 2, 184, 49, 152, 5, 95, 188, 166, 170, 196, 189,
       130, 33, 161, 17, 143, 75, 233, 178, 38, 74, 56, 36, 0, 218, 198,
       81, 99, 176, 96, 126, 134, 28, 238, 153, 152, 5, 29, 232, 172,
       170, 196, 61, 130, 48, 49, 50, 73, 26, 152, 29, 197, 148, 103,
       141, 5, 168, 11, 174, 154, 36, 148, 200, 179, 203, 1, 72, 43, 80,
       236, 177, 16, 154, 59, 16, 24, 254, 142, 52, 73, 27, 164, 84, 70,
       215, 66, 33, 0, 232, 11, 19, 154, 37, 80, 248, 157, 19, 227, 8,
       187, 16, 72, 241, 141, 130, 21, 97, 59, 102, 2, 34, 224, 117, 88,
       205, 217, 148, 239, 207, 55, 180, 24, 42, 28, 76, 63, 137, 146,
       234, 0, 86, 107, 106, 213, 31, 90, 85, 127, 83, 12, 198, 46, 25,
       142, 237, 243, 166, 160, 105, 23, 100, 83, 94, 246, 185, 43, 208,
       106, 103, 162, 63, 157, 179, 216, 37, 227, 206, 239, 254, 192,
       173, 192, 241, 41, 104, 161, 251, 104, 180, 232, 115, 21, 107, 9,
       124, 40, 179, 181, 192, 48, 18, 30, 68, 88, 18, 56, 160, 3, 239,
       253, 32, 73, 192, 130, 198, 43, 10, 146, 50, 137, 117, 211, 184,
       107, 31, 13, 84, 183, 172, 142, 38, 196, 234, 25, 131, 145, 38,
       184, 114, 223, 15, 84, 154, 235, 22, 12, 61, 223, 58, 30, 98, 216,
       95, 245, 153, 87, 141, 93, 156, 183, 40, 156, 54, 172, 237, 187,
       151, 149, 158, 47, 54, 247, 83, 93, 154, 235, 247, 12, 252, 223,
       75, 152, 187, 216, 109, 249, 185, 87, 143, 93, 180, 58, 172, 142,
       246, 238, 239, 187, 223, 157, 151, 15, 242, 209, 87, 89, 250, 235,
       150, 140, 45, 253, 14, 127, 226, 5, 114, 27, 190, 112, 57, 172,
       31, 239, 205, 76, 215, 164, 62, 253, 199, 243, 196, 240, 44, 236,
       46, 85, 45, 167, 71, 183, 15, 213, 252, 236, 188, 114, 168, 109,
       87, 223, 243, 155, 180, 24, 95, 251, 65, 59, 161, 214, 124, 90,
       58, 111, 139, 35, 251, 235, 117, 125, 226, 243, 194, 43, 237, 112,
       191, 118, 36, 15, 119, 148, 121, 254, 55, 57, 246, 93, 91, 59,
       183, 100, 117, 127, 224, 244, 168, 42, 227, 155, 101, 48, 228,
       251, 86, 107, 131, 152, 215, 250, 172, 132, 236, 247, 159, 91, 16,
       112, 189, 251, 224, 107, 135, 35, 63, 24, 243, 77, 2, 241, 136,
       218, 126, 200, 156, 192, 161, 41, 11, 27, 170, 152, 51, 244, 185,
       87, 143, 93, 92, 167, 60, 159, 226, 236, 230, 59, 151, 149, 151,
       9, 54, 241, 67, 89, 186, 203, 158, 132, 173, 127, 58, 30, 114,
       237, 117, 252, 249, 51, 109, 76, 254, 167, 43, 31, 182, 212, 238,
       179, 151, 133, 141, 184, 48, 205, 214, 253, 186, 131, 127, 140,
       125, 95, 15, 213, 1, 129, 116, 23, 238, 184, 15, 120, 26, 199,
       220, 30, 158, 228, 247, 77, 23, 239, 199, 16, 57, 223, 47, 92,
       171, 164, 30, 183, 17, 213, 52, 65, 90, 97, 2, 73, 119, 64, 101,
       32, 227, 162, 19, 27, 12, 81, 106, 156, 74, 98, 72, 177, 65, 0,
       244, 160, 0, 19, 101, 155, 100, 2, 99, 48, 149, 156, 13, 221, 0,
       8, 139, 144, 161, 72, 234, 208, 108, 182, 216, 120, 232, 32, 15,
       103, 218, 145, 137, 208, 65, 59, 90, 46, 88, 6, 248, 63, 16, 244,
       57, 141, 88, 55, 163, 172, 168, 125, 175, 219, 64, 147, 198, 255,
       205, 0, 126, 203, 210, 175, 243, 225, 177, 185, 34, 64, 138, 11,
       76, 231, 88, 107, 240, 136, 118, 181, 105, 9, 125, 224, 159, 195,
       136, 16, 18, 26, 68, 122, 82, 184, 136, 61, 238, 245, 36, 65, 64,
       130, 206, 160, 11, 154, 114, 248, 117, 245, 249, 87, 207, 93, 116,
       183, 172, 159, 182, 172, 239, 51, 151, 149, 151, 43, 50, 209, 131,
       93, 186, 235, 158, 140, 237, 223, 252, 175, 148, 116, 169, 13, 84,
       191, 251, 186, 176, 89, 143, 235, 64, 147, 129, 215, 236, 48, 122,
       111, 195, 43, 250, 243, 101, 61, 234, 240, 202, 11, 32, 110, 216,
       99, 116, 107, 119, 216, 119, 40, 124, 40, 243, 65, 137, 16, 26,
       216, 70, 106, 10, 176, 73, 59, 102, 157, 33, 37, 99, 251, 78, 137,
       94, 220, 204, 151, 139, 114, 28, 170, 148, 246, 143, 175, 201,
       110, 143, 203, 115, 215, 253, 163, 108, 195, 207, 172, 154, 99,
       255, 151, 45, 125, 28, 86, 136, 166, 220, 53, 74, 235, 49, 107,
       118, 183, 226, 187, 167, 35, 2, 27, 111, 191, 234, 128, 52, 252,
       197, 14, 92, 135, 113, 37, 229, 200, 14, 138, 211, 191, 19, 180,
       40, 140, 4, 55, 185, 218, 130, 92, 183, 210, 0, 83, 164, 239, 108,
       1, 123, 77, 146, 39, 176, 240, 30, 186, 8, 0, 137, 25, 184, 156,
       150, 252, 225, 173, 84, 115, 177, 27, 240, 89, 63, 251, 32, 27,
       165, 179, 85, 0, 120, 79, 18, 163, 211, 211, 80, 26, 42, 96, 162,
       155, 118, 27, 236, 55, 138, 82, 158, 168, 18, 230, 131, 175, 195,
       108, 95, 74, 93, 199, 253, 231, 205, 67, 207, 162, 186, 103, 207,
       149, 173, 119, 28, 86, 94, 167, 224, 163, 186, 66, 158, 140, 18,
       244, 155, 239, 205, 110, 219, 10, 95, 215, 253, 243, 222, 66, 207,
       226, 184, 68, 175, 253, 173, 119, 151, 86, 197, 190, 140, 191,
       172, 173, 28, 159, 158, 95, 128, 93, 247, 232, 90, 75, 133, 99,
       109, 21, 190, 72, 219, 49, 200, 227, 127, 249, 152, 88, 153, 91,
       222, 191, 251, 116, 242, 50, 63, 255, 51, 174, 94, 255, 77, 231,
       235, 20, 55, 223, 133, 178, 240, 210, 168, 254, 122, 199, 45, 231,
       167, 244, 175, 241, 52, 231, 81, 67, 210, 203, 103, 189, 117, 4,
       127, 170, 67, 97, 136, 20, 122, 218, 66, 114, 90, 184, 109, 46,
       109, 132, 36, 69, 99, 138, 198, 224, 210, 156, 151, 188, 137, 237,
       84, 71, 185, 19, 224, 88, 62, 183, 32, 91, 167, 243, 125, 0, 123,
       79, 146, 97, 145, 210, 94, 26, 8, 80, 163, 27, 70, 247, 65, 163,
       58, 19, 14, 168, 3, 240, 137, 237, 207, 70, 201, 150, 23, 221,
       253, 247, 75, 66, 205, 159, 184, 84, 141, 190, 62, 182, 11, 52,
       71, 243, 213, 26, 58, 80, 10, 168, 170, 112, 129, 228, 236, 198,
       205, 246, 55, 209, 248, 242, 199, 67, 207, 121, 56, 0, 15, 254,
       29, 183, 43, 21, 71, 178, 197, 221, 106, 20, 169, 153, 171, 217,
       132, 228, 232, 230, 220, 255, 7, 85, 251, 156, 131, 66, 239, 209,
       12, 50, 223, 238, 150, 164, 39, 245, 228, 106, 236, 85, 236, 58,
