%YAML:1.0
---
descriptors: !!opencv-matrix
   rows: 89
   cols: 32
   dt: u
   data: [ 61, 146, 232, 253, 61, 87, 217, 121, 87, 206, 180, 166, 107,
       127, 191, 229, 95, 145, 159, 172, 173, 106, 119, 159, 219, 223,
       231, 253, 255, 172, 92, 119, 109, 65, 45, 202, 205, 125, 199, 200,
       195, 112, 165, 10, 18, 216, 125, 171, 201, 192, 83, 255, 11, 35,
       250, 176, 19, 89, 133, 60, 219, 91, 208, 228, 42, 249, 183, 154,
       111, 213, 185, 198, 143, 93, 84, 43, 172, 222, 103, 47, 238, 59,
       179, 209, 135, 107, 178, 241, 87, 81, 218, 171, 23, 13, 53, 255,
       219, 142, 237, 225, 166, 32, 105, 151, 116, 123, 22, 246, 185, 47,
       208, 107, 111, 135, 63, 157, 187, 220, 37, 226, 206, 235, 254,
       192, 173, 192, 241, 121, 137, 154, 155, 251, 52, 172, 121, 150,
       254, 91, 114, 116, 188, 211, 224, 120, 167, 43, 62, 28, 179, 140,
       34, 243, 206, 255, 50, 192, 152, 129, 33, 49, 253, 127, 237, 100,
       174, 3, 205, 255, 82, 234, 188, 238, 19, 41, 209, 51, 127, 198,
       124, 188, 233, 107, 229, 26, 248, 203, 229, 188, 125, 248, 242,
       57, 58, 149, 123, 232, 211, 226, 17, 107, 13, 69, 236, 34, 31,
       191, 40, 81, 254, 155, 151, 161, 57, 139, 48, 220, 211, 231, 138,
       79, 49, 0, 167, 242, 165, 237, 201, 247, 156, 43, 79, 254, 210,
       162, 41, 90, 243, 227, 105, 35, 91, 238, 2, 238, 249, 100, 220,
       62, 233, 143, 199, 60, 188, 251, 144, 160, 253, 221, 235, 254,
       188, 33, 79, 253, 215, 234, 221, 246, 115, 255, 187, 97, 127, 234,
       63, 239, 249, 71, 110, 191, 250, 239, 239, 252, 183, 251, 240,
       113, 37, 29, 107, 79, 118, 198, 239, 112, 84, 200, 127, 34, 112,
       117, 181, 100, 126, 120, 18, 234, 161, 176, 125, 110, 103, 44,
       162, 128, 117, 187, 116, 241, 1, 0, 113, 225, 102, 8, 232, 64,
       237, 17, 176, 10, 143, 9, 80, 47, 106, 129, 30, 137, 6, 42, 68,
       192, 150, 216, 154, 40, 117, 136, 97, 140, 42, 191, 57, 200, 255,
       197, 191, 255, 139, 125, 156, 47, 60, 191, 230, 34, 207, 51, 215,
       145, 210, 43, 178, 223, 123, 29, 47, 254, 150, 12, 167, 251, 173,
       70, 237, 237, 236, 63, 77, 187, 87, 250, 149, 220, 211, 41, 215,
       43, 89, 196, 23, 175, 185, 102, 125, 154, 110, 219, 245, 188, 159,
       249, 208, 240, 177, 2, 110, 229, 20, 2, 97, 112, 100, 164, 246, 2,
       83, 9, 177, 97, 120, 132, 14, 234, 104, 182, 101, 12, 212, 169,
       162, 1, 101, 169, 112, 32, 19, 157, 107, 143, 86, 182, 235, 250,
       116, 96, 94, 198, 113, 46, 183, 100, 126, 239, 22, 237, 177, 152,
       61, 255, 60, 46, 171, 192, 173, 231, 112, 252, 18, 219, 86, 155,
       98, 155, 184, 214, 191, 29, 82, 231, 45, 206, 239, 205, 118, 59,
       167, 209, 198, 216, 4, 209, 20, 32, 126, 135, 53, 156, 45, 221,
       74, 253, 58, 248, 233, 221, 180, 199, 175, 29, 236, 25, 172, 159,
       102, 80, 192, 59, 203, 0, 66, 11, 146, 243, 247, 245, 26, 59, 18,
       92, 143, 138, 203, 158, 253, 250, 160, 164, 109, 151, 159, 91, 20,
       244, 189, 239, 240, 107, 7, 35, 63, 156, 179, 76, 166, 243, 206,
       219, 254, 232, 156, 192, 129, 121, 253, 84, 93, 245, 140, 38, 77,
       186, 208, 250, 150, 94, 211, 115, 137, 123, 69, 196, 124, 238,
       233, 197, 227, 46, 237, 235, 253, 148, 40, 241, 128, 33, 253, 115,
       253, 103, 168, 79, 95, 184, 97, 254, 189, 76, 223, 127, 73, 51,
       158, 212, 125, 106, 201, 98, 249, 40, 243, 217, 101, 188, 98, 243,
       70, 115, 0, 200, 122, 89, 100, 205, 233, 212, 126, 29, 118, 0,
       176, 147, 183, 109, 106, 56, 2, 74, 194, 188, 50, 113, 71, 153,
       50, 0, 80, 145, 101, 232, 3, 163, 38, 153, 85, 183, 168, 107, 94,
       225, 80, 71, 160, 232, 54, 5, 216, 41, 19, 181, 150, 248, 21, 221,
       12, 30, 155, 198, 93, 12, 57, 156, 14, 249, 180, 151, 77, 213,
       184, 136, 143, 180, 67, 3, 236, 222, 79, 198, 192, 125, 251, 211,
       70, 80, 219, 241, 13, 80, 139, 235, 2, 38, 21, 206, 6, 217, 148,
       147, 197, 95, 182, 174, 31, 183, 66, 35, 204, 122, 47, 205, 209,
       91, 163, 83, 116, 216, 89, 228, 45, 22, 95, 71, 146, 125, 141,
       143, 253, 150, 239, 254, 188, 3, 79, 251, 87, 234, 220, 254, 115,
       237, 185, 113, 127, 238, 63, 175, 249, 199, 239, 191, 250, 239,
       231, 252, 191, 248, 112, 113, 131, 154, 254, 216, 236, 185, 249,
       87, 239, 91, 116, 214, 188, 142, 246, 107, 239, 59, 63, 157, 179,
       108, 50, 209, 206, 155, 250, 232, 156, 136, 161, 185, 254, 48,
       236, 98, 171, 125, 25, 24, 43, 255, 149, 189, 79, 125, 223, 191,
       183, 213, 253, 55, 157, 68, 253, 128, 219, 89, 105, 247, 175, 231,
       15, 87, 116, 32, 22, 140, 77, 95, 250, 72, 47, 160, 241, 10, 206,
       218, 105, 112, 248, 157, 238, 226, 8, 179, 219, 216, 149, 176,
       139, 63, 81, 43, 119, 134, 174, 120, 50, 216, 111, 213, 191, 82,
       141, 202, 244, 111, 60, 222, 119, 173, 238, 185, 159, 199, 199,
       47, 50, 241, 87, 89, 138, 171, 31, 29, 61, 223, 223, 182, 253,
       114, 163, 116, 93, 150, 251, 223, 21, 189, 91, 125, 222, 191, 135,
       87, 149, 21, 189, 76, 186, 162, 203, 251, 117, 251, 174, 245, 142,
       119, 139, 186, 254, 177, 108, 248, 249, 23, 190, 95, 118, 247,
       189, 142, 210, 107, 239, 43, 127, 149, 183, 220, 231, 195, 198,
       251, 250, 193, 140, 200, 229, 217, 139, 248, 183, 249, 124, 157,
       184, 214, 255, 89, 86, 84, 188, 158, 246, 236, 231, 43, 63, 93,
       131, 216, 51, 245, 142, 219, 62, 226, 30, 140, 169, 253, 73, 186,
       252, 241, 108, 221, 249, 87, 239, 125, 116, 118, 189, 151, 194,
       239, 110, 147, 254, 152, 131, 120, 243, 241, 94, 217, 250, 224,
       30, 140, 237, 249, 9, 50, 122, 169, 109, 217, 233, 83, 238, 93,
       244, 166, 157, 143, 242, 238, 110, 41, 255, 157, 135, 59, 230,
       209, 214, 209, 186, 233, 22, 140, 45, 241, 145, 2, 92, 229, 36,
       42, 105, 18, 108, 6, 119, 86, 147, 11, 145, 73, 98, 164, 46, 172,
       160, 180, 69, 206, 198, 235, 242, 0, 109, 137, 120, 8, 201, 76,
       157, 245, 173, 110, 109, 191, 185, 186, 150, 24, 159, 55, 1, 123,
       129, 70, 124, 40, 104, 220, 227, 136, 199, 251, 245, 148, 130,
       248, 80, 43, 221, 253, 222, 247, 188, 47, 95, 189, 158, 178, 143,
       22, 215, 241, 73, 75, 119, 118, 121, 122, 249, 213, 219, 170, 234,
       239, 207, 52, 172, 251, 209, 16, 16, 28, 126, 94, 83, 231, 179,
       242, 84, 64, 124, 2, 120, 247, 39, 96, 126, 58, 19, 136, 35, 171,
       58, 127, 115, 175, 2, 11, 121, 67, 101, 251, 18, 206, 142, 190,
       11, 128, 15, 231, 148, 7, 192, 135, 105, 231, 50, 65, 109, 227,
       131, 135, 106, 203, 10, 239, 240, 38, 222, 137, 181, 84, 164, 90,
       27, 217, 106, 237, 119, 82, 255, 53, 101, 76, 126, 162, 121, 63,
       182, 96, 126, 189, 151, 238, 204, 184, 101, 205, 247, 237, 162,
       129, 55, 174, 252, 251, 222, 50, 251, 226, 239, 117, 249, 89, 171,
       255, 181, 255, 28, 223, 254, 171, 167, 145, 223, 181, 151, 71,
       170, 192, 219, 89, 171, 254, 143, 135, 255, 87, 75, 50, 117, 211,
       109, 221, 249, 87, 239, 125, 116, 246, 189, 159, 214, 238, 110,
       155, 254, 156, 151, 60, 247, 241, 86, 217, 122, 234, 31, 140, 237,
       253, 19, 141, 107, 206, 84, 246, 239, 244, 116, 68, 222, 2, 113,
       125, 182, 100, 120, 238, 23, 239, 233, 187, 61, 239, 121, 47, 170,
       192, 37, 163, 116, 232, 146, 221, 191, 254, 138, 229, 29, 255,
       158, 91, 152, 82, 52, 247, 96, 107, 229, 251, 63, 144, 163, 79,
       58, 255, 249, 138, 255, 170, 177, 80, 165, 123, 202, 28, 158, 245,
       161, 190, 52, 183, 185, 186, 70, 20, 172, 51, 3, 203, 133, 119,
       233, 0, 48, 220, 208, 234, 199, 243, 86, 3, 138, 112, 137, 27,
       134, 188, 155, 186, 234, 165, 189, 223, 158, 155, 25, 18, 188,
       222, 104, 8, 231, 59, 19, 145, 18, 79, 154, 243, 217, 141, 63,
       238, 144, 89, 161, 131, 131, 193, 51, 67, 101, 221, 166, 101, 205,
       72, 123, 66, 168, 28, 180, 164, 232, 8, 90, 75, 215, 184, 117,
       245, 54, 24, 6, 66, 87, 14, 241, 172, 121, 190, 239, 253, 62, 3,
       73, 127, 87, 235, 246, 254, 115, 237, 144, 121, 127, 236, 127,
