%YAML:1.0
---
descriptors: !!opencv-matrix
   rows: 75
   cols: 32
   dt: u
   data: [ 11, 155, 105, 155, 242, 149, 191, 247, 30, 69, 92, 135, 173,
       206, 182, 96, 206, 59, 151, 149, 215, 24, 116, 255, 110, 85, 186,
       234, 23, 132, 173, 221, 19, 223, 98, 140, 87, 144, 190, 101, 141,
       68, 216, 167, 44, 142, 182, 196, 110, 163, 159, 229, 204, 139, 36,
       253, 178, 124, 138, 139, 63, 158, 189, 221, 2, 152, 6, 185, 43,
       229, 56, 7, 190, 93, 66, 181, 172, 150, 32, 200, 231, 59, 187,
       149, 18, 220, 19, 241, 133, 48, 218, 195, 144, 4, 165, 219, 3,
       219, 103, 156, 86, 145, 172, 101, 140, 72, 82, 231, 40, 142, 182,
       196, 110, 171, 183, 197, 199, 155, 38, 253, 52, 32, 170, 130, 31,
       28, 185, 221, 103, 111, 66, 94, 125, 155, 238, 232, 91, 200, 125,
       238, 104, 232, 183, 180, 126, 236, 178, 238, 229, 51, 238, 255,
       62, 126, 197, 171, 95, 191, 122, 133, 10, 132, 32, 137, 245, 247,
       186, 74, 30, 5, 93, 18, 140, 158, 60, 196, 217, 27, 147, 145, 18,
       156, 81, 215, 13, 20, 154, 199, 150, 14, 61, 166, 130, 50, 50,
       248, 109, 181, 185, 83, 143, 93, 21, 119, 140, 159, 118, 10, 238,
       57, 159, 149, 150, 15, 50, 209, 23, 88, 186, 234, 150, 12, 165,
       215, 118, 121, 107, 254, 94, 196, 191, 96, 136, 136, 217, 227, 28,
       222, 53, 66, 238, 245, 19, 227, 192, 131, 144, 232, 49, 44, 139,
       138, 5, 55, 55, 211, 185, 216, 106, 220, 118, 145, 235, 240, 87,
       64, 116, 230, 57, 201, 183, 96, 126, 168, 23, 207, 227, 190, 38,
       255, 82, 77, 186, 136, 127, 153, 112, 249, 153, 28, 127, 253, 50,
       226, 127, 55, 52, 78, 94, 178, 125, 63, 178, 97, 118, 63, 29, 168,
       224, 156, 37, 239, 99, 175, 250, 128, 37, 224, 165, 121, 47, 185,
       120, 74, 221, 245, 155, 205, 75, 121, 61, 10, 168, 220, 94, 164,
       153, 27, 147, 217, 151, 42, 250, 241, 111, 93, 21, 127, 215, 15,
       222, 246, 3, 127, 91, 140, 122, 177, 186, 118, 233, 72, 88, 230,
       188, 222, 181, 32, 198, 51, 86, 229, 135, 3, 6, 253, 36, 28, 170,
       170, 29, 147, 43, 157, 50, 188, 161, 172, 63, 199, 147, 234, 14,
       238, 156, 171, 44, 189, 39, 0, 221, 115, 223, 193, 136, 43, 121,
       255, 211, 87, 155, 187, 23, 47, 53, 251, 3, 228, 102, 135, 70, 50,
       174, 236, 232, 114, 154, 131, 104, 44, 191, 43, 127, 79, 83, 231,
       196, 245, 44, 237, 37, 14, 223, 132, 5, 119, 179, 204, 15, 134,
       136, 187, 240, 160, 106, 151, 62, 67, 95, 215, 157, 235, 218, 64,
       119, 11, 151, 157, 182, 152, 204, 215, 236, 101, 174, 197, 188,
       198, 185, 208, 247, 78, 236, 85, 188, 59, 77, 158, 83, 230, 180,
       222, 19, 44, 215, 58, 95, 228, 93, 189, 173, 118, 101, 138, 170,
       95, 181, 180, 255, 253, 88, 124, 134, 252, 181, 249, 173, 103,
       188, 207, 158, 250, 144, 119, 220, 126, 117, 43, 239, 81, 255,
       179, 231, 101, 123, 240, 157, 18, 255, 254, 157, 120, 181, 211, 6,
       220, 173, 185, 173, 103, 188, 206, 142, 251, 144, 35, 220, 254,
       117, 11, 239, 83, 255, 145, 132, 71, 123, 208, 207, 83, 255, 191,
       148, 124, 181, 219, 70, 153, 173, 189, 173, 100, 188, 142, 142,
       255, 154, 163, 204, 190, 87, 75, 207, 87, 255, 145, 132, 73, 251,
       240, 207, 115, 223, 255, 148, 127, 181, 95, 15, 81, 97, 229, 39,
       22, 255, 56, 77, 232, 87, 230, 217, 31, 159, 228, 126, 213, 151,
       238, 193, 176, 117, 204, 102, 249, 171, 132, 47, 191, 89, 113, 29,
       2, 195, 209, 86, 178, 233, 82, 117, 131, 87, 214, 153, 139, 241,
       108, 127, 173, 22, 152, 145, 180, 37, 194, 6, 239, 186, 128, 175,
       205, 113, 164, 79, 187, 241, 64, 226, 24, 188, 215, 43, 241, 60,
       239, 12, 174, 215, 190, 175, 221, 215, 213, 151, 90, 164, 192, 62,
       92, 47, 238, 207, 244, 135, 245, 19, 135, 98, 202, 18, 163, 171,
       115, 60, 65, 91, 210, 93, 174, 188, 96, 126, 171, 23, 172, 179,
       153, 37, 223, 184, 108, 170, 192, 61, 130, 161, 132, 17, 133, 106,
       202, 246, 163, 104, 127, 84, 1, 219, 102, 89, 235, 188, 64, 122,
       170, 23, 185, 155, 154, 37, 223, 56, 173, 170, 192, 61, 138, 240,
       160, 147, 90, 103, 157, 38, 128, 169, 86, 212, 66, 210, 230, 57,
       142, 181, 105, 110, 169, 63, 207, 227, 141, 38, 253, 128, 42, 250,
       128, 61, 157, 113, 253, 94, 127, 254, 164, 162, 66, 191, 247, 168,
       206, 222, 167, 61, 175, 99, 82, 38, 247, 245, 199, 192, 219, 132,
       232, 240, 231, 254, 129, 165, 242, 167, 91, 47, 59, 233, 64, 229,
       61, 255, 219, 75, 255, 60, 76, 24, 188, 215, 188, 157, 202, 23,
       157, 151, 114, 228, 192, 15, 93, 189, 238, 199, 245, 218, 229, 37,
       36, 233, 203, 244, 169, 234, 90, 87, 33, 121, 202, 145, 137, 221,
       8, 95, 138, 23, 29, 155, 50, 77, 146, 78, 156, 187, 252, 213, 203,
       80, 160, 130, 152, 138, 187, 55, 231, 56, 71, 30, 77, 66, 183,
       172, 150, 98, 72, 247, 59, 155, 149, 54, 156, 17, 247, 141, 22,
       154, 195, 148, 12, 189, 223, 51, 95, 90, 140, 50, 163, 154, 82,
       141, 72, 248, 231, 53, 190, 182, 112, 222, 185, 23, 229, 133, 139,
       68, 255, 50, 60, 170, 154, 93, 206, 43, 157, 153, 89, 127, 121,
       23, 243, 185, 66, 124, 80, 68, 2, 29, 159, 35, 125, 34, 57, 147,
       217, 17, 152, 54, 252, 199, 233, 10, 67, 182, 5, 39, 242, 43, 66,
       240, 75, 115, 144, 250, 68, 109, 77, 253, 167, 40, 138, 182, 252,
       106, 169, 134, 156, 150, 190, 102, 247, 6, 125, 146, 203, 223,
       134, 234, 205, 7, 125, 155, 187, 182, 243, 190, 221, 30, 201, 88,
       226, 252, 254, 225, 232, 247, 123, 151, 209, 183, 152, 40, 250,
       44, 22, 175, 130, 156, 90, 169, 157, 23, 204, 174, 132, 14, 18,
       174, 232, 236, 99, 154, 131, 105, 236, 61, 34, 123, 197, 127, 231,
       140, 165, 46, 235, 176, 110, 207, 133, 133, 119, 121, 204, 72,
       131, 87, 222, 99, 217, 49, 45, 253, 1, 127, 234, 238, 245, 172,
       244, 54, 178, 174, 0, 16, 56, 38, 253, 30, 246, 112, 203, 54, 142,
       133, 109, 246, 142, 229, 200, 222, 33, 207, 250, 19, 183, 188,
       250, 17, 45, 213, 47, 79, 214, 87, 189, 184, 111, 239, 210, 124,
       10, 239, 252, 183, 253, 242, 224, 4, 133, 127, 73, 180, 238, 239,
       181, 238, 13, 127, 0, 208, 241, 188, 100, 91, 50, 50, 56, 209,
       168, 41, 213, 109, 28, 39, 68, 215, 234, 229, 225, 2, 57, 144,
       137, 11, 225, 190, 202, 142, 180, 152, 163, 172, 222, 97, 198,
       207, 115, 251, 209, 2, 1, 74, 243, 5, 20, 143, 187, 148, 127, 37,
       255, 6, 112, 176, 153, 109, 213, 184, 72, 143, 60, 81, 3, 140,
       154, 103, 15, 200, 25, 147, 211, 70, 82, 210, 208, 7, 16, 203, 47,
       18, 13, 61, 198, 10, 89, 181, 181, 173, 109, 189, 135, 142, 253,
       154, 33, 140, 190, 65, 202, 198, 119, 251, 17, 17, 216, 115, 240,
       141, 83, 223, 151, 134, 126, 149, 251, 21, 2, 195, 193, 214, 162,
       234, 66, 125, 129, 122, 242, 17, 130, 181, 108, 127, 172, 22, 152,
       146, 176, 4, 194, 20, 172, 178, 192, 165, 201, 240, 132, 20, 133,
       122, 235, 150, 162, 251, 113, 188, 1, 95, 210, 85, 199, 184, 64,
       118, 187, 31, 188, 146, 153, 12, 213, 254, 173, 170, 196, 181,
       131, 161, 176, 55, 133, 74, 203, 214, 163, 203, 90, 86, 1, 217,
       66, 81, 74, 188, 96, 120, 138, 23, 189, 154, 154, 77, 255, 220,
       140, 170, 196, 181, 139, 112, 160, 155, 88, 239, 221, 62, 242,
       235, 82, 212, 74, 214, 230, 57, 206, 183, 105, 110, 225, 31, 207,
       161, 165, 38, 238, 66, 111, 250, 128, 183, 249, 112, 249, 43, 35,
       225, 65, 244, 61, 253, 95, 75, 237, 125, 239, 24, 172, 215, 164,
       158, 14, 23, 157, 151, 122, 228, 192, 46, 93, 191, 236, 207, 238,
       218, 221, 130, 152, 131, 187, 51, 230, 57, 71, 62, 15, 67, 177,
       172, 215, 32, 88, 247, 59, 187, 148, 50, 156, 1, 247, 205, 182,
       186, 195, 144, 4, 165, 123, 39, 32, 233, 193, 228, 57, 239, 218,
       91, 227, 124, 138, 145, 232, 253, 44, 91, 202, 23, 29, 131, 50,
       236, 194, 6, 28, 175, 172, 221, 255, 82, 228, 202, 134, 46, 188,
       237, 104, 124, 39, 173, 94, 22, 183, 140, 47, 50, 75, 167, 7, 255,
