%YAML:1.0
---
descriptors: !!opencv-matrix
   rows: 170
   cols: 32
   dt: u
   data: [ 9, 207, 122, 223, 116, 159, 255, 254, 95, 76, 124, 70, 107,
       232, 183, 100, 54, 235, 14, 79, 230, 185, 45, 255, 118, 127, 38,
       145, 87, 223, 69, 77, 59, 94, 118, 247, 117, 246, 251, 246, 125,
       110, 254, 183, 105, 31, 151, 244, 255, 255, 183, 143, 173, 254,
       113, 238, 247, 255, 186, 131, 47, 215, 126, 255, 56, 29, 123, 238,
       23, 247, 255, 114, 148, 200, 254, 2, 127, 255, 32, 224, 252, 251,
       151, 226, 25, 171, 58, 191, 251, 239, 171, 73, 59, 107, 101, 243,
       251, 94, 119, 239, 125, 95, 251, 126, 93, 239, 246, 191, 79, 191,
       182, 244, 254, 221, 191, 205, 237, 255, 113, 238, 247, 255, 186,
       147, 23, 156, 244, 255, 202, 48, 184, 184, 201, 252, 16, 6, 187,
       31, 4, 29, 172, 191, 70, 90, 133, 27, 235, 17, 22, 77, 210, 193,
       223, 243, 90, 123, 146, 69, 15, 82, 4, 136, 135, 151, 149, 139,
       164, 233, 190, 147, 66, 2, 228, 224, 105, 75, 121, 110, 34, 145,
       34, 248, 11, 125, 13, 38, 223, 68, 128, 104, 49, 136, 100, 140,
       142, 158, 220, 131, 166, 235, 22, 178, 192, 26, 96, 224, 41, 65,
       121, 238, 34, 58, 112, 107, 10, 63, 60, 6, 223, 108, 145, 104,
       112, 128, 107, 148, 172, 53, 253, 63, 96, 159, 123, 123, 62, 93,
       210, 56, 94, 186, 145, 70, 125, 13, 183, 112, 219, 19, 207, 127,
       241, 180, 216, 116, 218, 93, 154, 22, 255, 245, 230, 58, 253, 95,
       125, 239, 255, 246, 205, 47, 156, 249, 127, 159, 63, 173, 185,
       244, 101, 206, 246, 255, 254, 128, 175, 244, 229, 225, 79, 251,
       245, 242, 236, 157, 255, 189, 123, 249, 188, 237, 253, 127, 222,
       63, 175, 247, 255, 223, 215, 75, 251, 245, 254, 91, 255, 250, 134,
       215, 211, 125, 206, 252, 190, 190, 249, 255, 191, 239, 191, 191,
       207, 25, 236, 254, 111, 223, 209, 127, 235, 19, 118, 79, 251, 251,
       191, 119, 95, 127, 146, 117, 175, 255, 29, 158, 255, 255, 214,
       162, 239, 254, 55, 199, 95, 246, 253, 234, 186, 105, 127, 239, 55,
       187, 179, 250, 46, 255, 252, 238, 255, 196, 173, 251, 161, 233,
       79, 190, 252, 243, 188, 156, 255, 182, 127, 127, 22, 189, 255,
       255, 214, 118, 135, 127, 253, 29, 247, 88, 239, 243, 238, 255,
       255, 242, 134, 212, 79, 125, 109, 176, 149, 243, 205, 45, 249,
       155, 43, 127, 177, 92, 159, 115, 72, 30, 205, 143, 123, 28, 147,
       106, 251, 209, 205, 220, 23, 124, 154, 200, 211, 240, 71, 190,
       150, 31, 234, 169, 188, 239, 190, 187, 194, 240, 228, 238, 204,
       107, 231, 127, 234, 147, 183, 77, 207, 119, 44, 54, 127, 254, 152,
       112, 139, 157, 98, 169, 166, 26, 137, 153, 148, 237, 207, 151,
       160, 9, 238, 232, 126, 15, 201, 227, 234, 17, 22, 107, 202, 241,
       185, 50, 95, 123, 208, 60, 143, 14, 2, 222, 146, 157, 87, 159,
       180, 71, 159, 3, 74, 83, 172, 158, 38, 196, 199, 59, 147, 1, 230,
       188, 18, 223, 37, 54, 30, 3, 18, 76, 173, 207, 81, 205, 94, 172,
       182, 134, 78, 117, 229, 8, 250, 70, 87, 67, 176, 80, 118, 228, 30,
       238, 221, 137, 5, 60, 178, 237, 38, 208, 60, 162, 224, 9, 245,
       221, 201, 230, 246, 39, 79, 189, 80, 234, 91, 94, 115, 113, 185,
       113, 95, 206, 22, 110, 249, 242, 125, 46, 124, 174, 229, 164, 188,
       251, 208, 97, 252, 236, 246, 127, 174, 123, 222, 252, 23, 166,
       254, 155, 99, 233, 91, 16, 95, 238, 103, 110, 124, 246, 223, 174,
       122, 239, 101, 17, 231, 255, 230, 194, 11, 152, 51, 248, 125, 149,
       185, 215, 159, 29, 112, 102, 188, 158, 244, 224, 207, 59, 55, 137,
       131, 58, 114, 245, 15, 221, 186, 234, 86, 8, 165, 185, 204, 180,
       156, 178, 137, 253, 16, 143, 190, 219, 131, 25, 142, 254, 74, 203,
       133, 19, 232, 17, 55, 77, 218, 210, 201, 211, 95, 127, 152, 68,
       141, 23, 237, 98, 189, 245, 108, 13, 117, 216, 251, 190, 180, 88,
       159, 209, 65, 59, 128, 68, 110, 110, 192, 102, 242, 32, 199, 219,
       117, 60, 66, 185, 67, 161, 246, 253, 133, 22, 157, 6, 134, 236,
       50, 234, 169, 75, 114, 254, 77, 179, 249, 247, 76, 231, 105, 99,
       154, 127, 185, 6, 207, 126, 129, 115, 243, 26, 85, 89, 75, 167,
       82, 6, 239, 112, 60, 200, 91, 199, 81, 227, 185, 64, 118, 237, 63,
       239, 193, 145, 29, 78, 116, 172, 171, 132, 45, 179, 33, 17, 130,
       187, 182, 156, 117, 215, 184, 71, 191, 29, 86, 51, 172, 142, 54,
       207, 238, 59, 187, 129, 102, 219, 18, 201, 7, 18, 158, 131, 6, 76,
       173, 222, 63, 91, 106, 201, 117, 150, 254, 196, 109, 76, 252, 231,
       11, 136, 183, 244, 254, 173, 151, 246, 206, 187, 36, 220, 50, 125,
       162, 195, 127, 158, 122, 207, 9, 110, 174, 212, 93, 157, 238, 246,
       233, 130, 238, 78, 189, 233, 117, 166, 172, 107, 122, 207, 193,
       239, 178, 232, 55, 93, 135, 40, 66, 189, 123, 172, 177, 229, 95,
       109, 176, 203, 71, 125, 70, 0, 254, 74, 115, 65, 184, 49, 120,
       186, 76, 104, 251, 171, 109, 31, 250, 201, 37, 80, 113, 138, 226,
       40, 223, 90, 107, 6, 99, 86, 191, 248, 57, 238, 214, 247, 120,
       124, 151, 167, 190, 253, 245, 231, 237, 247, 189, 234, 50, 121,
       237, 134, 111, 183, 62, 125, 174, 251, 247, 219, 237, 213, 188,
       205, 159, 93, 244, 183, 172, 254, 126, 207, 239, 219, 183, 211,
       242, 123, 234, 241, 63, 88, 222, 239, 151, 93, 245, 255, 49, 65,
       99, 44, 86, 3, 199, 120, 84, 64, 250, 66, 83, 72, 177, 228, 120,
       140, 6, 239, 201, 179, 101, 30, 48, 44, 32, 20, 125, 171, 112,
       164, 64, 160, 151, 157, 79, 139, 160, 72, 190, 176, 66, 2, 228,
       226, 96, 194, 113, 109, 106, 144, 2, 217, 139, 93, 28, 34, 223,
       108, 16, 32, 49, 136, 32, 32, 198, 157, 76, 131, 160, 74, 22, 177,
       226, 10, 64, 192, 48, 72, 121, 172, 98, 153, 0, 251, 203, 221, 28,
       34, 219, 100, 21, 8, 112, 136, 95, 191, 245, 247, 172, 24, 255,
       182, 123, 251, 190, 238, 191, 47, 212, 122, 239, 215, 127, 221,
       219, 107, 239, 225, 254, 251, 255, 244, 175, 220, 211, 121, 75,
       248, 252, 245, 62, 157, 121, 178, 239, 217, 180, 237, 191, 223,
       214, 118, 167, 185, 253, 157, 135, 76, 230, 245, 206, 223, 187,
       250, 14, 132, 67, 125, 114, 235, 180, 42, 9, 153, 146, 236, 203,
       21, 168, 9, 174, 200, 102, 150, 136, 225, 233, 81, 94, 43, 202,
       241, 153, 208, 13, 123, 208, 14, 15, 78, 78, 177, 54, 142, 249,
       221, 179, 232, 175, 220, 221, 41, 236, 222, 110, 214, 254, 253,
       251, 99, 86, 3, 218, 209, 247, 113, 11, 63, 18, 47, 47, 215, 213,
       223, 197, 23, 178, 42, 103, 191, 114, 234, 94, 246, 119, 97, 153,
       101, 55, 102, 60, 110, 241, 208, 13, 47, 236, 46, 101, 132, 172,
       243, 145, 41, 206, 156, 188, 183, 137, 252, 53, 143, 191, 223,
       134, 17, 236, 255, 66, 75, 193, 119, 251, 16, 54, 77, 251, 226,
       207, 243, 95, 95, 130, 84, 141, 90, 49, 203, 75, 234, 116, 133,
       75, 244, 86, 8, 124, 198, 51, 193, 176, 96, 126, 168, 22, 206,
       203, 186, 44, 63, 114, 141, 162, 232, 61, 154, 112, 249, 74, 177,
       157, 176, 137, 253, 20, 143, 171, 121, 136, 9, 142, 190, 74, 250,
       129, 83, 249, 17, 22, 73, 218, 241, 137, 215, 95, 127, 144, 68,
       141, 31, 45, 120, 185, 101, 45, 61, 81, 154, 107, 186, 180, 72,
       159, 145, 81, 58, 137, 76, 108, 92, 139, 116, 243, 0, 199, 221,
       117, 60, 226, 249, 66, 163, 163, 173, 162, 156, 221, 245, 196,
       231, 215, 87, 200, 27, 32, 186, 118, 164, 201, 170, 18, 129, 126,
       79, 178, 255, 59, 30, 158, 59, 145, 92, 252, 206, 21, 84, 107,
       165, 50, 74, 111, 184, 52, 224, 83, 226, 215, 23, 153, 97, 54, 76,
       29, 239, 233, 144, 61, 14, 228, 175, 171, 132, 36, 179, 37, 113,
       148, 71, 127, 229, 52, 66, 79, 56, 116, 236, 219, 226, 211, 103,
       185, 64, 122, 212, 61, 234, 232, 176, 45, 14, 225, 175, 163, 132,
       37, 179, 117, 113, 8, 148, 58, 249, 85, 229, 177, 103, 30, 5, 76,
       19, 188, 159, 34, 96, 249, 59, 147, 16, 50, 188, 50, 223, 79, 223,
       18, 99, 211, 8, 165, 234, 212, 239, 42, 2, 168, 177, 71, 248, 230,
       54, 175, 104, 99, 226, 251, 116, 17, 74, 76, 122, 250, 67, 174,
