%YAML:1.0
---
descriptors: !!opencv-matrix
   rows: 208
   cols: 32
   dt: u
   data: [ 37, 109, 162, 142, 212, 131, 167, 224, 252, 192, 250, 70, 112,
       248, 51, 64, 120, 235, 18, 239, 197, 179, 30, 238, 52, 60, 143, 8,
       93, 127, 115, 196, 159, 179, 251, 199, 246, 95, 251, 248, 127,
       237, 215, 246, 93, 239, 250, 112, 127, 223, 63, 238, 241, 219, 45,
       223, 254, 207, 175, 196, 47, 174, 229, 241, 159, 151, 121, 233,
       38, 191, 185, 186, 31, 125, 125, 247, 221, 127, 222, 105, 191,
       157, 183, 245, 179, 208, 239, 215, 142, 217, 235, 230, 159, 205,
       67, 241, 52, 197, 26, 175, 124, 7, 246, 121, 23, 32, 253, 11, 119,
       249, 42, 64, 120, 217, 7, 99, 74, 50, 75, 191, 247, 199, 139, 45,
       117, 171, 120, 130, 15, 148, 60, 251, 253, 239, 249, 219, 31, 123,
       215, 23, 220, 255, 106, 72, 255, 27, 191, 17, 51, 252, 123, 215,
       207, 223, 155, 246, 158, 13, 145, 243, 191, 191, 255, 237, 188,
       126, 255, 250, 171, 253, 254, 244, 223, 63, 150, 55, 174, 85, 253,
       108, 185, 217, 161, 237, 230, 251, 235, 150, 79, 225, 239, 245, 3,
       24, 3, 155, 118, 183, 170, 82, 62, 73, 91, 231, 188, 222, 180,
       224, 254, 43, 23, 157, 135, 152, 20, 255, 4, 62, 186, 192, 156,
       143, 57, 221, 253, 115, 109, 83, 236, 63, 253, 253, 191, 254, 183,
       252, 218, 127, 223, 187, 127, 247, 254, 190, 233, 119, 127, 222,
       254, 27, 247, 244, 207, 252, 66, 249, 201, 211, 157, 159, 238,
       220, 189, 255, 190, 127, 117, 118, 252, 246, 234, 227, 119, 207,
       190, 140, 243, 92, 251, 243, 252, 35, 255, 236, 28, 8, 133, 241,
       222, 84, 114, 228, 5, 86, 90, 56, 33, 164, 255, 3, 75, 31, 27,
       214, 248, 213, 253, 226, 76, 183, 209, 206, 179, 249, 130, 151,
       39, 167, 124, 70, 38, 239, 130, 159, 212, 195, 174, 226, 30, 136,
       90, 130, 224, 230, 53, 164, 89, 106, 19, 223, 67, 154, 76, 255,
       44, 52, 143, 169, 148, 127, 116, 140, 184, 70, 104, 172, 124, 75,
       86, 72, 23, 46, 176, 187, 99, 77, 51, 17, 216, 136, 199, 103, 110,
       39, 75, 27, 242, 193, 161, 189, 117, 189, 86, 203, 173, 65, 83,
       65, 116, 11, 231, 112, 116, 8, 119, 114, 83, 17, 189, 53, 122,
       152, 6, 106, 233, 180, 101, 14, 36, 136, 32, 132, 99, 185, 98,
       161, 14, 156, 146, 191, 213, 231, 191, 230, 159, 7, 90, 19, 236,
       251, 37, 72, 249, 123, 179, 147, 50, 250, 26, 255, 109, 54, 222,
       75, 149, 89, 181, 138, 31, 175, 226, 7, 214, 155, 238, 243, 119,
       228, 126, 231, 105, 234, 183, 212, 123, 238, 166, 207, 222, 184,
       45, 255, 62, 111, 167, 129, 239, 247, 248, 204, 136, 145, 59, 123,
       115, 204, 57, 117, 173, 73, 103, 20, 60, 151, 42, 49, 166, 59,
       215, 8, 19, 152, 48, 69, 71, 249, 50, 66, 74, 130, 171, 251, 73,
       154, 59, 236, 52, 188, 120, 19, 107, 73, 91, 96, 191, 159, 192,
       240, 230, 63, 124, 13, 151, 24, 163, 213, 215, 253, 58, 200, 8,
       128, 33, 105, 121, 214, 238, 236, 60, 27, 67, 248, 69, 236, 222,
       111, 115, 89, 187, 32, 90, 228, 95, 109, 172, 167, 109, 159, 250,
       239, 161, 148, 109, 170, 112, 121, 224, 172, 152, 30, 201, 173,
       22, 238, 155, 159, 172, 25, 166, 241, 70, 146, 137, 106, 226, 2,
       102, 111, 218, 51, 63, 151, 21, 59, 216, 88, 202, 138, 102, 161,
       206, 220, 92, 131, 74, 104, 159, 176, 209, 10, 96, 232, 117, 66,
       217, 237, 123, 243, 74, 115, 203, 221, 29, 38, 205, 60, 53, 43,
       80, 130, 205, 159, 239, 127, 232, 223, 63, 255, 118, 127, 87, 244,
       217, 247, 250, 237, 119, 126, 191, 142, 241, 220, 191, 243, 126,
       239, 247, 196, 190, 244, 165, 241, 100, 173, 132, 158, 220, 131,
       7, 232, 30, 178, 72, 10, 116, 226, 105, 65, 217, 238, 34, 114, 98,
       98, 218, 191, 61, 6, 207, 108, 144, 123, 112, 130, 10, 239, 42,
       187, 247, 209, 190, 231, 31, 69, 92, 163, 172, 237, 50, 0, 251,
       123, 147, 213, 70, 154, 42, 255, 239, 87, 158, 235, 87, 30, 189,
       218, 102, 237, 212, 151, 237, 15, 254, 236, 63, 187, 178, 10, 238,
       122, 77, 95, 255, 199, 127, 211, 122, 122, 203, 239, 189, 62, 223,
       246, 197, 127, 242, 15, 109, 165, 177, 67, 213, 28, 99, 25, 105,
       248, 43, 76, 218, 113, 92, 183, 144, 76, 112, 126, 155, 240, 249,
       0, 45, 184, 5, 116, 202, 47, 210, 164, 7, 60, 233, 123, 185, 181,
       250, 218, 175, 253, 184, 237, 168, 190, 215, 58, 207, 251, 223,
       149, 142, 107, 251, 224, 31, 92, 159, 190, 199, 215, 99, 215, 226,
       243, 117, 254, 106, 129, 220, 109, 191, 27, 241, 255, 172, 255,
       12, 91, 206, 179, 127, 129, 235, 79, 202, 243, 182, 250, 222, 186,
       29, 144, 163, 159, 141, 48, 189, 209, 201, 111, 185, 200, 122,
       243, 165, 28, 156, 251, 73, 43, 185, 13, 114, 60, 51, 118, 250,
       192, 221, 155, 87, 126, 202, 97, 131, 178, 138, 156, 55, 254, 189,
       245, 145, 231, 159, 91, 68, 22, 188, 255, 32, 109, 201, 59, 179,
       1, 51, 206, 114, 255, 203, 247, 218, 75, 154, 76, 181, 251, 206,
       59, 236, 23, 187, 124, 57, 144, 187, 223, 23, 253, 232, 252, 223,
       255, 166, 103, 253, 149, 183, 69, 175, 232, 14, 115, 237, 131,
       174, 245, 31, 87, 207, 150, 125, 255, 54, 172, 111, 188, 63, 91,
       95, 246, 253, 111, 157, 105, 55, 199, 63, 238, 163, 84, 127, 247,
       230, 255, 255, 132, 63, 219, 209, 121, 19, 77, 111, 173, 20, 199,
       239, 118, 84, 232, 218, 66, 177, 20, 177, 229, 104, 164, 30, 237,
       233, 184, 53, 223, 181, 172, 170, 128, 61, 152, 113, 108, 11, 222,
       123, 254, 117, 214, 190, 246, 157, 78, 124, 39, 172, 255, 182,
       101, 255, 123, 151, 195, 231, 159, 58, 255, 119, 127, 174, 139,
       31, 220, 61, 255, 187, 21, 239, 245, 246, 43, 237, 127, 125, 235,
       254, 114, 95, 59, 156, 123, 127, 215, 127, 169, 185, 245, 37, 206,
       254, 235, 255, 132, 239, 248, 249, 241, 127, 115, 98, 4, 103, 18,
       222, 112, 121, 228, 254, 239, 73, 172, 247, 181, 126, 237, 149,
       231, 204, 211, 164, 200, 50, 89, 197, 135, 111, 190, 122, 85, 25,
       205, 211, 239, 20, 226, 111, 252, 119, 194, 255, 66, 115, 115,
       185, 96, 123, 238, 62, 234, 105, 176, 109, 239, 252, 238, 167,
       132, 39, 251, 112, 168, 249, 81, 253, 228, 9, 70, 93, 63, 161,
       250, 166, 8, 63, 63, 1, 123, 192, 245, 125, 232, 105, 79, 243,
       136, 243, 251, 212, 26, 42, 240, 98, 58, 187, 91, 98, 70, 119,
       146, 254, 112, 137, 204, 87, 231, 105, 204, 183, 148, 126, 237,
       151, 231, 236, 151, 164, 238, 54, 126, 141, 131, 111, 166, 126,
       213, 156, 92, 252, 119, 99, 126, 127, 188, 121, 246, 119, 152, 91,
       63, 159, 185, 55, 221, 149, 238, 164, 244, 125, 238, 71, 251, 116,
       133, 231, 247, 78, 251, 126, 221, 23, 110, 153, 211, 86, 173, 133,
       0, 168, 9, 110, 252, 45, 245, 208, 243, 232, 98, 125, 11, 90, 189,
       187, 244, 5, 91, 26, 62, 172, 22, 175, 112, 233, 195, 204, 83,
       207, 216, 87, 242, 181, 186, 89, 92, 255, 175, 95, 200, 151, 254,
       239, 118, 127, 242, 31, 75, 197, 188, 247, 255, 84, 244, 153, 77,
       62, 237, 20, 214, 109, 55, 228, 202, 94, 2, 185, 51, 179, 97, 96,
       182, 62, 201, 233, 185, 48, 206, 247, 235, 226, 1, 52, 250, 121,
       40, 175, 252, 149, 190, 109, 93, 71, 252, 155, 250, 144, 76, 238,
       245, 73, 151, 157, 224, 222, 111, 107, 103, 218, 185, 181, 82, 69,
       62, 90, 127, 19, 125, 235, 242, 96, 26, 235, 253, 188, 206, 123,
       127, 96, 189, 40, 138, 94, 221, 167, 75, 243, 213, 230, 94, 238,
       245, 62, 90, 222, 239, 159, 20, 219, 223, 138, 178, 166, 146, 235,
       245, 185, 103, 187, 61, 21, 187, 140, 222, 78, 143, 175, 27, 243,
       145, 22, 94, 154, 209, 31, 81, 223, 239, 135, 4, 191, 215, 202,
       36, 182, 156, 73, 253, 176, 74, 191, 151, 196, 25, 236, 222, 102,
       207, 193, 125, 235, 1, 38, 71, 218, 211, 31, 115, 91, 59, 146,
       125, 173, 70, 77, 146, 59, 250, 48, 188, 123, 16, 233, 73, 127,
       116, 191, 215, 40, 240, 230, 59, 29, 90, 147, 144, 186, 245, 199,
       253, 58, 200, 2, 131, 33, 99, 191, 115, 109, 229, 110, 19, 239,
