%YAML:1.0
---
descriptors: !!opencv-matrix
   rows: 134
   cols: 32
   dt: u
   data: [ 102, 116, 186, 26, 233, 237, 144, 207, 154, 191, 168, 57, 134,
       252, 111, 24, 141, 59, 235, 17, 34, 111, 218, 19, 89, 23, 93, 123,
       208, 88, 135, 219, 118, 112, 120, 228, 78, 79, 218, 200, 41, 188,
       176, 111, 67, 94, 93, 18, 250, 213, 95, 227, 204, 39, 89, 216,
       147, 152, 203, 190, 109, 187, 119, 151, 164, 140, 214, 254, 252,
       171, 94, 239, 223, 3, 113, 88, 239, 233, 52, 65, 211, 107, 111,
       42, 48, 111, 74, 255, 168, 254, 87, 58, 212, 248, 193, 137, 60,
       231, 196, 235, 156, 15, 70, 185, 71, 185, 185, 75, 67, 105, 89,
       130, 217, 198, 100, 122, 90, 98, 75, 153, 239, 223, 229, 116, 243,
       251, 208, 130, 198, 236, 154, 180, 252, 160, 174, 174, 186, 147,
       24, 82, 188, 234, 112, 66, 163, 107, 123, 145, 34, 77, 138, 243,
       172, 22, 159, 236, 132, 113, 161, 136, 252, 125, 149, 238, 173,
       79, 86, 248, 59, 186, 184, 73, 223, 127, 9, 80, 221, 223, 253, 99,
       107, 99, 91, 187, 251, 215, 37, 190, 216, 251, 194, 51, 133, 164,
       221, 241, 236, 41, 233, 11, 126, 51, 49, 218, 159, 161, 216, 43,
       35, 15, 110, 24, 51, 116, 207, 210, 204, 154, 119, 116, 220, 200,
       195, 160, 201, 212, 28, 185, 185, 141, 17, 191, 174, 61, 164, 28,
       190, 19, 74, 19, 135, 3, 110, 0, 38, 104, 83, 53, 207, 219, 116,
       126, 24, 8, 129, 11, 93, 77, 215, 205, 246, 10, 111, 178, 125,
       130, 122, 98, 241, 115, 177, 117, 114, 236, 62, 234, 225, 184, 37,
       238, 100, 174, 231, 0, 167, 248, 113, 168, 201, 53, 109, 253, 126,
       214, 123, 56, 232, 200, 21, 230, 253, 95, 146, 99, 22, 53, 253,
       238, 229, 64, 46, 221, 103, 235, 233, 136, 54, 166, 17, 241, 233,
       34, 212, 117, 109, 59, 121, 27, 235, 254, 182, 60, 159, 11, 214,
       191, 138, 133, 238, 12, 172, 126, 227, 200, 70, 251, 114, 189, 74,
       164, 74, 89, 93, 49, 25, 97, 51, 126, 51, 24, 104, 232, 110, 96,
       222, 51, 129, 120, 178, 85, 124, 106, 17, 144, 177, 76, 247, 237,
       34, 70, 168, 35, 3, 51, 114, 144, 168, 88, 29, 215, 209, 31, 27,
       125, 181, 63, 42, 28, 30, 188, 157, 151, 245, 149, 191, 111, 121,
       215, 27, 126, 144, 247, 219, 12, 254, 95, 1, 178, 157, 187, 236,
       137, 173, 143, 30, 59, 24, 248, 180, 163, 200, 128, 207, 27, 43,
       17, 83, 72, 75, 209, 12, 22, 62, 252, 156, 72, 129, 185, 70, 132,
       156, 17, 203, 54, 188, 135, 190, 183, 10, 17, 204, 42, 78, 75,
       161, 87, 235, 145, 54, 216, 147, 98, 77, 54, 222, 71, 128, 80,
       141, 142, 59, 178, 61, 89, 47, 253, 216, 155, 27, 125, 181, 127,
       10, 28, 222, 56, 205, 159, 245, 17, 159, 122, 251, 209, 27, 89,
       57, 247, 223, 12, 222, 87, 143, 182, 229, 81, 190, 123, 176, 123,
       127, 127, 183, 247, 202, 124, 206, 45, 127, 158, 206, 48, 183,
       116, 111, 214, 94, 86, 119, 247, 223, 204, 205, 247, 120, 41, 82,
       106, 121, 221, 82, 208, 175, 13, 252, 9, 46, 223, 6, 148, 162,
       185, 205, 80, 10, 43, 26, 241, 243, 252, 0, 27, 226, 134, 238,
       143, 85, 114, 249, 165, 34, 46, 123, 16, 104, 234, 219, 229, 215,
       51, 65, 90, 54, 205, 125, 191, 136, 212, 197, 8, 196, 229, 99,
       132, 172, 243, 35, 65, 21, 13, 222, 229, 180, 14, 110, 114, 252,
       128, 126, 66, 253, 227, 177, 102, 114, 236, 62, 234, 96, 152, 133,
       238, 230, 174, 231, 0, 36, 243, 105, 168, 34, 191, 17, 170, 221,
       205, 182, 239, 14, 1, 121, 75, 164, 251, 108, 0, 217, 27, 3, 81,
       82, 10, 74, 247, 189, 20, 15, 110, 144, 74, 135, 138, 77, 52, 153,
       225, 226, 46, 120, 25, 58, 187, 107, 80, 221, 115, 72, 250, 183,
       29, 124, 56, 19, 208, 155, 64, 207, 233, 119, 68, 136, 225, 139,
       161, 6, 165, 112, 131, 223, 109, 240, 201, 127, 183, 185, 27, 206,
       120, 92, 136, 187, 155, 207, 49, 18, 115, 219, 210, 157, 20, 11,
       119, 196, 79, 207, 134, 56, 221, 61, 127, 185, 207, 83, 183, 86,
       13, 238, 0, 183, 119, 32, 112, 197, 50, 29, 24, 58, 137, 121, 63,
       235, 255, 52, 80, 146, 138, 196, 107, 125, 93, 55, 238, 61, 207,
       86, 184, 197, 72, 235, 64, 255, 249, 33, 240, 212, 112, 92, 106,
       201, 163, 88, 189, 227, 255, 33, 24, 122, 59, 64, 51, 178, 186,
       167, 184, 234, 173, 180, 199, 191, 219, 242, 251, 46, 191, 36, 25,
       239, 251, 255, 145, 186, 223, 2, 232, 153, 114, 94, 234, 193, 76,
       167, 251, 246, 89, 86, 236, 13, 70, 86, 232, 161, 142, 242, 11,
       78, 223, 39, 223, 248, 213, 237, 226, 108, 199, 155, 238, 179,
       242, 199, 31, 34, 63, 124, 6, 69, 111, 154, 166, 240, 160, 174,
       216, 232, 192, 93, 196, 253, 195, 235, 84, 82, 107, 14, 250, 23,
       1, 190, 234, 232, 149, 175, 136, 140, 243, 35, 129, 121, 187, 154,
       167, 176, 143, 94, 213, 43, 173, 251, 77, 255, 123, 74, 144, 180,
       239, 76, 84, 158, 187, 217, 61, 255, 221, 37, 176, 234, 130, 203,
       11, 9, 139, 110, 77, 53, 219, 232, 103, 109, 69, 126, 132, 171,
       40, 182, 164, 122, 38, 110, 108, 68, 185, 37, 223, 166, 253, 2,
       65, 70, 140, 253, 108, 242, 56, 239, 212, 139, 253, 145, 23, 187,
       127, 150, 63, 184, 189, 70, 42, 237, 183, 253, 145, 191, 111, 242,
       226, 215, 118, 216, 251, 207, 76, 150, 127, 219, 80, 119, 236, 47,
       22, 93, 57, 201, 250, 86, 162, 221, 223, 180, 103, 134, 53, 245,
       239, 201, 196, 182, 221, 195, 251, 233, 142, 38, 164, 69, 119,
       119, 123, 107, 30, 108, 132, 219, 66, 249, 204, 240, 15, 34, 220,
       55, 48, 174, 233, 87, 87, 198, 107, 190, 124, 83, 56, 3, 170, 69,
       179, 102, 215, 41, 237, 34, 46, 209, 150, 71, 239, 247, 4, 236, 0,
       226, 250, 54, 48, 216, 238, 66, 105, 92, 171, 190, 127, 99, 124,
       6, 9, 66, 86, 234, 142, 65, 177, 213, 101, 98, 72, 49, 25, 105,
       120, 114, 104, 159, 23, 200, 50, 38, 29, 108, 32, 3, 112, 227, 65,
       5, 248, 97, 6, 104, 160, 7, 35, 190, 150, 237, 255, 170, 98, 95,
       153, 22, 255, 159, 179, 209, 103, 203, 75, 95, 215, 255, 178, 57,
       71, 111, 162, 234, 227, 255, 213, 183, 255, 180, 115, 99, 178,
       252, 232, 124, 7, 216, 91, 91, 125, 177, 253, 12, 28, 222, 57,
       159, 29, 181, 21, 151, 107, 43, 213, 218, 95, 251, 254, 156, 140,
       211, 87, 15, 146, 51, 249, 63, 231, 184, 73, 31, 73, 208, 103,
       236, 222, 60, 236, 255, 59, 191, 149, 151, 185, 115, 215, 31, 126,
       155, 194, 159, 12, 53, 215, 118, 96, 241, 229, 103, 10, 248, 0,
       105, 161, 178, 139, 143, 15, 85, 59, 174, 213, 117, 249, 136, 240,
       213, 192, 151, 248, 203, 131, 231, 166, 67, 142, 114, 189, 233,
       70, 91, 7, 151, 239, 19, 233, 248, 107, 112, 124, 84, 51, 189,
       255, 213, 133, 248, 251, 241, 175, 59, 12, 173, 186, 97, 124, 242,
       255, 29, 231, 196, 71, 176, 26, 110, 184, 118, 168, 127, 228, 83,
       96, 153, 240, 54, 76, 36, 110, 233, 240, 109, 30, 174, 239, 37,
       132, 111, 179, 72, 5, 3, 125, 123, 225, 50, 158, 190, 114, 173,
       200, 90, 228, 189, 158, 181, 96, 182, 61, 31, 207, 193, 152, 48,
       238, 166, 253, 42, 130, 12, 178, 33, 249, 116, 99, 204, 101, 138,
       11, 7, 168, 100, 164, 167, 170, 211, 97, 201, 19, 56, 212, 108,
       98, 72, 114, 205, 8, 244, 195, 101, 53, 97, 251, 70, 32, 88, 244,
       188, 112, 137, 109, 21, 143, 187, 63, 164, 25, 143, 183, 74, 26,
       163, 151, 237, 16, 26, 77, 187, 51, 219, 215, 21, 127, 194, 80,
       135, 107, 93, 181, 145, 225, 178, 46, 44, 31, 58, 179, 107, 80,
       223, 51, 72, 248, 183, 31, 60, 184, 19, 216, 145, 194, 141, 238,
       55, 68, 168, 192, 131, 161, 121, 191, 157, 245, 169, 47, 92, 191,
       63, 170, 184, 108, 191, 59, 64, 177, 157, 223, 124, 40, 233, 106,
       209, 30, 251, 219, 101, 60, 74, 248, 194, 11, 128, 164, 149, 159,
       222, 160, 45, 239, 190, 147, 64, 82, 253, 227, 72, 65, 51, 111,
       106, 152, 50, 76, 143, 255, 172, 6, 159, 40, 132, 80, 161, 168, 1,
       136, 151, 157, 60, 139, 176, 226, 223, 179, 242, 88, 238, 170, 36,
       207, 207, 119, 110, 17, 48, 235, 3, 221, 152, 178, 95, 86, 212,
