%YAML:1.0
---
descriptors: !!opencv-matrix
   rows: 173
   cols: 32
   dt: u
   data: [ 242, 203, 102, 236, 13, 18, 78, 97, 229, 4, 178, 3, 99, 104,
       52, 199, 120, 228, 108, 239, 108, 163, 5, 141, 179, 234, 194, 17,
       103, 62, 244, 12, 67, 127, 91, 229, 50, 158, 62, 118, 61, 200,
       122, 228, 189, 159, 133, 240, 166, 61, 31, 204, 193, 152, 176,
       238, 166, 253, 42, 130, 12, 144, 35, 185, 186, 182, 175, 58, 203,
       255, 145, 247, 55, 127, 253, 63, 106, 253, 110, 16, 253, 251, 231,
       20, 62, 251, 123, 167, 123, 231, 52, 247, 211, 76, 230, 211, 207,
       249, 108, 255, 126, 216, 123, 184, 227, 244, 21, 162, 249, 95,
       155, 35, 54, 113, 253, 239, 230, 80, 239, 189, 111, 233, 171, 224,
       55, 166, 85, 241, 122, 180, 177, 212, 127, 118, 152, 255, 27, 123,
       180, 59, 124, 61, 30, 55, 159, 215, 213, 37, 191, 111, 249, 207,
       27, 126, 93, 254, 199, 12, 191, 127, 160, 205, 247, 252, 252, 139,
       222, 238, 223, 19, 112, 88, 239, 233, 36, 77, 211, 123, 127, 40,
       34, 111, 74, 191, 170, 254, 87, 62, 212, 248, 193, 141, 70, 172,
       209, 190, 254, 160, 62, 175, 187, 147, 0, 154, 237, 235, 88, 66,
       183, 123, 121, 145, 50, 72, 138, 243, 172, 150, 223, 238, 132, 96,
       131, 8, 240, 72, 207, 246, 76, 2, 108, 228, 241, 146, 178, 26,
       123, 18, 5, 91, 106, 229, 108, 234, 104, 71, 155, 232, 179, 234,
       198, 24, 37, 176, 98, 40, 196, 140, 133, 151, 132, 168, 38, 135,
       62, 147, 74, 82, 228, 98, 73, 74, 97, 238, 42, 154, 50, 220, 203,
       227, 172, 38, 222, 64, 128, 123, 161, 8, 61, 233, 72, 79, 196, 31,
       230, 232, 120, 160, 108, 72, 83, 72, 149, 176, 24, 236, 66, 110,
       221, 178, 253, 62, 54, 237, 5, 48, 109, 187, 218, 132, 77, 113,
       29, 103, 50, 94, 114, 184, 104, 105, 107, 100, 222, 19, 141, 114,
       178, 85, 124, 106, 17, 176, 153, 76, 71, 175, 35, 70, 200, 35, 75,
       51, 77, 177, 149, 101, 49, 76, 48, 56, 104, 73, 42, 8, 254, 81, 8,
       50, 144, 4, 124, 104, 135, 32, 209, 69, 71, 249, 32, 6, 74, 34,
       67, 51, 39, 161, 112, 195, 253, 125, 240, 9, 79, 117, 61, 27, 206,
       89, 94, 44, 187, 11, 255, 21, 150, 120, 255, 214, 143, 92, 21,
       119, 214, 142, 213, 198, 54, 245, 109, 1, 207, 67, 135, 232, 2,
       246, 184, 171, 67, 76, 87, 145, 89, 212, 211, 227, 73, 114, 125,
       156, 125, 3, 205, 53, 117, 127, 86, 242, 252, 106, 190, 118, 77,
       12, 85, 216, 227, 190, 180, 8, 122, 217, 69, 59, 136, 244, 109,
       74, 72, 103, 138, 40, 115, 217, 69, 59, 67, 249, 70, 35, 77, 75,
       93, 101, 36, 14, 111, 180, 105, 168, 126, 108, 215, 97, 145, 50,
       22, 100, 108, 110, 193, 176, 237, 40, 230, 249, 101, 148, 74, 179,
       66, 33, 128, 127, 107, 81, 212, 187, 229, 87, 84, 225, 126, 86,
       48, 57, 245, 40, 105, 170, 18, 152, 161, 184, 53, 126, 110, 15,
       182, 0, 237, 216, 240, 168, 81, 77, 222, 213, 180, 138, 110, 34,
       125, 128, 110, 2, 121, 35, 177, 116, 114, 236, 46, 238, 96, 248,
       5, 238, 230, 238, 231, 0, 103, 243, 96, 168, 34, 249, 17, 186,
       216, 201, 166, 207, 142, 17, 72, 75, 164, 242, 104, 0, 217, 59, 3,
       81, 19, 26, 90, 247, 189, 148, 15, 110, 152, 10, 131, 139, 72,
       180, 185, 96, 177, 109, 17, 143, 59, 63, 164, 24, 142, 55, 72, 26,
       133, 23, 237, 16, 58, 78, 249, 83, 203, 215, 21, 119, 194, 64,
       135, 107, 106, 50, 119, 77, 109, 217, 249, 83, 235, 125, 116, 173,
       140, 141, 214, 191, 206, 188, 247, 12, 132, 122, 242, 208, 71, 89,
       82, 171, 70, 140, 79, 255, 252, 65, 86, 236, 13, 86, 94, 32, 177,
       174, 247, 10, 75, 55, 39, 223, 248, 212, 253, 234, 104, 199, 185,
       140, 243, 251, 199, 21, 35, 191, 124, 2, 141, 178, 229, 145, 236,
       221, 105, 187, 255, 127, 53, 252, 141, 167, 218, 47, 39, 14, 238,
       28, 247, 92, 255, 213, 78, 91, 119, 229, 158, 140, 197, 245, 99,
       176, 241, 204, 125, 23, 216, 79, 91, 121, 181, 57, 92, 190, 254,
       61, 159, 21, 245, 21, 183, 107, 171, 213, 27, 94, 219, 254, 84,
       140, 195, 87, 9, 11, 86, 69, 52, 159, 238, 54, 109, 136, 126, 96,
       187, 33, 148, 180, 38, 102, 110, 108, 193, 184, 33, 110, 38, 255,
       34, 128, 74, 160, 75, 173, 178, 6, 71, 93, 67, 82, 172, 110, 53,
       38, 246, 146, 73, 38, 181, 245, 126, 157, 130, 168, 105, 222, 101,
       222, 55, 42, 203, 133, 103, 164, 102, 252, 253, 125, 149, 252,
       169, 47, 94, 250, 59, 186, 184, 76, 223, 243, 65, 177, 157, 223,
       125, 98, 105, 103, 219, 186, 251, 223, 101, 190, 218, 121, 66, 19,
       242, 56, 175, 247, 139, 253, 145, 7, 187, 127, 150, 191, 186, 188,
       70, 42, 237, 183, 255, 145, 191, 79, 242, 226, 95, 119, 222, 251,
       237, 76, 151, 127, 77, 52, 152, 231, 240, 46, 120, 17, 58, 179,
       107, 80, 221, 115, 73, 250, 183, 95, 124, 56, 17, 212, 153, 66,
       207, 173, 119, 100, 136, 227, 139, 161, 236, 227, 228, 119, 141,
       31, 68, 184, 87, 186, 181, 88, 211, 105, 92, 131, 89, 68, 110,
       122, 234, 100, 219, 147, 111, 219, 229, 125, 115, 184, 88, 10, 73,
       57, 27, 254, 184, 220, 98, 48, 105, 8, 227, 72, 191, 243, 128,
       240, 130, 255, 108, 74, 31, 73, 251, 127, 183, 253, 34, 24, 0,
       163, 3, 33, 178, 188, 54, 184, 250, 175, 176, 243, 191, 123, 240,
       249, 62, 255, 164, 25, 237, 251, 255, 17, 186, 223, 66, 215, 155,
       210, 31, 254, 193, 76, 162, 243, 55, 123, 122, 14, 100, 134, 223,
       64, 233, 204, 248, 47, 2, 220, 183, 48, 190, 233, 87, 71, 196,
       163, 190, 104, 115, 60, 39, 138, 77, 179, 103, 215, 110, 198, 237,
       191, 174, 96, 95, 156, 151, 255, 159, 179, 193, 111, 218, 75, 95,
       215, 239, 246, 56, 70, 239, 162, 238, 231, 255, 253, 183, 255,
       244, 113, 37, 69, 145, 33, 53, 79, 71, 24, 111, 232, 251, 76, 215,
       88, 17, 176, 152, 136, 92, 110, 141, 176, 121, 28, 165, 222, 33,
       20, 72, 187, 82, 101, 154, 80, 116, 237, 47, 82, 93, 56, 139, 242,
       84, 163, 255, 223, 148, 55, 150, 245, 181, 239, 200, 68, 183, 217,
       195, 251, 233, 175, 55, 164, 69, 115, 198, 169, 149, 211, 201,
       204, 52, 167, 190, 177, 2, 16, 228, 55, 72, 203, 129, 87, 234, 80,
       115, 88, 219, 97, 45, 50, 223, 71, 128, 80, 133, 138, 77, 11, 149,
       101, 164, 62, 103, 186, 121, 202, 126, 68, 255, 96, 157, 254, 145,
       70, 108, 46, 153, 240, 235, 47, 134, 255, 101, 20, 202, 243, 67,
       37, 201, 226, 150, 217, 172, 156, 109, 159, 255, 27, 54, 116, 188,
       195, 232, 239, 135, 67, 110, 28, 243, 109, 139, 241, 136, 250,
       119, 204, 154, 128, 139, 173, 80, 79, 222, 245, 20, 130, 110, 38,
       228, 128, 238, 2, 161, 163, 49, 80, 104, 238, 42, 200, 72, 185,
       128, 111, 224, 239, 134, 1, 97, 176, 104, 8, 162, 185, 21, 186,
       221, 135, 134, 236, 158, 17, 160, 74, 164, 210, 40, 129, 220, 123,
       2, 113, 115, 11, 90, 189, 173, 208, 15, 126, 24, 26, 129, 136,
       133, 164, 205, 241, 236, 171, 233, 27, 126, 179, 51, 90, 157, 163,
       216, 43, 43, 14, 110, 24, 51, 124, 207, 210, 204, 154, 119, 100,
       156, 200, 193, 160, 6, 165, 112, 195, 221, 127, 240, 201, 127,
       183, 187, 27, 206, 120, 92, 136, 187, 159, 223, 51, 54, 112, 89,
       214, 159, 30, 11, 119, 197, 79, 221, 134, 120, 204, 61, 126, 57,
       223, 83, 182, 87, 13, 174, 0, 187, 87, 32, 116, 69, 178, 93, 72,
       106, 173, 97, 63, 227, 255, 48, 80, 114, 136, 196, 107, 121, 62,
       149, 181, 168, 47, 92, 191, 59, 170, 184, 76, 191, 51, 65, 147,
       151, 255, 124, 40, 233, 107, 195, 26, 187, 223, 101, 62, 74, 240,
       67, 11, 192, 173, 223, 157, 222, 170, 47, 175, 190, 131, 72, 210,
       253, 227, 224, 64, 51, 111, 42, 152, 51, 72, 143, 255, 172, 150,
       191, 104, 156, 96, 129, 168, 61, 97, 19, 39, 53, 79, 103, 16, 111,
       232, 123, 72, 223, 16, 25, 176, 152, 12, 92, 110, 201, 176, 121,
       28, 165, 221, 33, 16, 64, 171, 82, 225, 218, 217, 23, 220, 67,
       192, 53, 167, 181, 2, 70, 34, 60, 151, 32, 247, 98, 247, 185, 194,
       97, 157, 50, 237, 179, 226, 86, 10, 34, 144, 165, 58, 189, 214,
