%YAML:1.0
---
descriptors: !!opencv-matrix
   rows: 78
   cols: 32
   dt: u
   data: [ 170, 140, 150, 254, 253, 171, 148, 239, 223, 131, 240, 25,
       238, 233, 36, 201, 215, 123, 111, 1, 52, 111, 66, 191, 170, 254,
       86, 123, 214, 220, 169, 143, 212, 172, 148, 151, 149, 168, 38,
       130, 122, 179, 139, 18, 228, 98, 72, 78, 225, 206, 42, 147, 54,
       220, 203, 227, 157, 54, 223, 67, 128, 99, 177, 138, 119, 167, 229,
       204, 188, 7, 206, 168, 83, 170, 185, 74, 115, 105, 148, 16, 217,
       196, 53, 239, 169, 226, 207, 142, 186, 190, 245, 212, 237, 235,
       82, 0, 190, 190, 182, 184, 233, 127, 18, 219, 31, 255, 253, 189,
       78, 191, 110, 29, 253, 159, 247, 54, 190, 119, 202, 178, 219, 211,
       81, 255, 211, 109, 166, 211, 2, 187, 24, 187, 94, 141, 182, 239,
       142, 1, 88, 7, 164, 186, 98, 0, 207, 59, 3, 65, 70, 56, 90, 245,
       237, 20, 30, 107, 24, 26, 141, 138, 81, 93, 255, 197, 246, 106,
       111, 54, 125, 202, 126, 226, 249, 63, 181, 117, 118, 252, 63, 234,
       233, 176, 37, 238, 230, 254, 230, 128, 47, 243, 224, 185, 11, 127,
       123, 229, 114, 222, 63, 242, 45, 200, 94, 228, 188, 223, 163, 112,
       182, 125, 23, 230, 197, 152, 48, 238, 238, 253, 47, 130, 12, 162,
       43, 249, 21, 93, 255, 199, 246, 14, 126, 240, 173, 130, 122, 66,
       125, 255, 53, 114, 246, 119, 63, 234, 193, 153, 16, 236, 247, 191,
       79, 0, 0, 243, 97, 169, 64, 152, 157, 190, 9, 237, 20, 162, 143,
       90, 172, 8, 182, 247, 32, 94, 193, 51, 234, 0, 3, 13, 218, 59,
       193, 246, 80, 59, 24, 72, 5, 59, 133, 164, 221, 241, 236, 41, 233,
       91, 254, 179, 49, 90, 157, 227, 216, 43, 35, 15, 110, 25, 51, 116,
       207, 210, 204, 154, 119, 116, 220, 200, 131, 161, 242, 56, 177,
       244, 171, 229, 153, 87, 155, 239, 150, 127, 62, 189, 70, 46, 173,
       183, 253, 133, 184, 111, 243, 226, 211, 126, 216, 186, 135, 76,
       151, 127, 246, 79, 39, 238, 157, 66, 70, 108, 229, 140, 250, 3,
       99, 124, 36, 69, 248, 244, 204, 227, 108, 163, 9, 172, 177, 242,
       199, 19, 49, 58, 116, 6, 219, 17, 125, 236, 46, 18, 93, 57, 137,
       200, 84, 231, 253, 223, 150, 99, 166, 181, 245, 239, 193, 196,
       230, 221, 198, 251, 233, 136, 55, 164, 69, 123, 57, 221, 55, 238,
       61, 159, 86, 48, 197, 136, 235, 64, 255, 249, 32, 240, 212, 112,
       28, 106, 201, 161, 88, 191, 227, 255, 37, 24, 90, 187, 192, 35,
       60, 93, 29, 235, 189, 79, 86, 216, 63, 168, 248, 72, 223, 125, 9,
       176, 221, 221, 93, 122, 105, 34, 89, 190, 251, 223, 5, 62, 218,
       251, 66, 51, 124, 245, 153, 229, 233, 15, 86, 191, 51, 170, 188,
       72, 223, 127, 65, 48, 157, 223, 125, 106, 73, 114, 217, 26, 255,
       223, 101, 180, 250, 248, 194, 51, 54, 60, 182, 186, 233, 47, 152,
       202, 191, 251, 249, 185, 78, 255, 101, 29, 223, 223, 247, 21, 60,
       195, 138, 240, 155, 90, 93, 254, 210, 109, 34, 215, 101, 113, 29,
       167, 52, 15, 103, 184, 109, 232, 123, 72, 222, 114, 137, 52, 148,
       197, 92, 106, 201, 176, 121, 76, 165, 220, 39, 22, 64, 51, 67,
       101, 135, 205, 149, 22, 176, 166, 78, 175, 27, 151, 41, 17, 102,
       98, 77, 31, 151, 99, 32, 126, 118, 92, 42, 63, 42, 222, 85, 70,
       128, 243, 129, 76, 252, 233, 114, 110, 113, 217, 86, 244, 241,
       140, 244, 9, 43, 215, 38, 148, 122, 248, 133, 66, 106, 43, 136,
       191, 251, 253, 4, 59, 115, 190, 110, 139, 162, 173, 17, 186, 221,
       141, 166, 237, 158, 17, 144, 91, 164, 200, 104, 1, 201, 27, 67,
       81, 114, 43, 90, 245, 173, 144, 143, 126, 80, 8, 131, 170, 88,
       184, 188, 122, 169, 205, 17, 142, 171, 63, 164, 25, 174, 223, 66,
       26, 135, 115, 237, 16, 18, 79, 218, 49, 219, 211, 85, 123, 210, 0,
       143, 107, 121, 248, 159, 100, 21, 79, 99, 228, 118, 232, 162, 12,
       82, 145, 96, 49, 185, 204, 104, 114, 41, 247, 153, 60, 249, 143,
       69, 118, 72, 42, 114, 58, 149, 239, 79, 250, 190, 33, 79, 220,
       214, 210, 188, 210, 83, 227, 249, 125, 123, 202, 14, 254, 235, 99,
       46, 62, 248, 136, 167, 44, 181, 251, 224, 160, 246, 76, 210, 142,
       77, 110, 246, 200, 185, 166, 243, 11, 74, 186, 103, 222, 248, 245,
       239, 227, 76, 231, 217, 234, 145, 54, 203, 27, 1, 127, 126, 134,
       240, 74, 207, 190, 76, 8, 109, 228, 185, 178, 242, 90, 115, 99,
       129, 91, 104, 228, 110, 234, 105, 103, 203, 234, 212, 162, 254,
       24, 45, 120, 114, 40, 89, 165, 211, 225, 178, 110, 108, 159, 59,
       177, 107, 80, 223, 51, 72, 252, 183, 31, 60, 24, 51, 216, 145, 66,
       172, 222, 55, 70, 170, 192, 163, 161, 111, 123, 59, 250, 236, 173,
       248, 212, 171, 121, 124, 108, 190, 223, 155, 56, 142, 59, 127, 95,
       151, 35, 234, 241, 214, 249, 106, 250, 200, 219, 139, 145, 6, 164,
       16, 131, 221, 109, 176, 73, 31, 55, 185, 27, 204, 120, 72, 8, 187,
       155, 202, 177, 50, 114, 89, 214, 29, 22, 31, 127, 148, 10, 133,
       134, 56, 156, 61, 127, 185, 239, 83, 191, 87, 15, 174, 0, 182, 55,
       32, 116, 197, 50, 29, 24, 42, 168, 113, 63, 235, 255, 52, 80, 146,
       200, 196, 107, 249, 61, 153, 101, 169, 15, 84, 191, 59, 168, 188,
       76, 159, 51, 65, 176, 149, 223, 92, 104, 105, 122, 209, 26, 239,
       223, 37, 52, 202, 248, 194, 43, 198, 36, 149, 159, 222, 169, 170,
       138, 190, 146, 8, 18, 236, 226, 73, 79, 51, 107, 106, 147, 50, 64,
       138, 255, 140, 22, 223, 108, 128, 97, 3, 132, 122, 50, 240, 228,
       79, 92, 248, 80, 233, 204, 180, 47, 11, 159, 214, 22, 110, 133,
       239, 144, 142, 35, 242, 192, 87, 217, 162, 187, 111, 132, 126,
       215, 132, 232, 149, 87, 139, 200, 54, 172, 186, 183, 67, 16, 236,
       227, 72, 143, 145, 126, 225, 82, 98, 92, 219, 51, 47, 242, 85,
       111, 130, 114, 133, 10, 77, 178, 28, 163, 168, 15, 56, 31, 47,
       187, 3, 124, 222, 19, 72, 59, 151, 23, 124, 56, 147, 88, 155, 84,
       141, 219, 119, 246, 136, 128, 131, 19, 218, 48, 62, 244, 13, 198,
       120, 115, 190, 153, 210, 83, 191, 159, 48, 107, 166, 181, 253,
       145, 172, 201, 146, 212, 219, 235, 250, 217, 36, 0, 33, 11, 1,
       128, 133, 119, 44, 14, 105, 55, 125, 243, 102, 20, 243, 35, 144,
       127, 193, 70, 126, 140, 161, 248, 113, 108, 204, 254, 242, 0, 202,
       192, 66, 184, 198, 237, 149, 95, 155, 166, 30, 172, 154, 179, 75,
       17, 96, 234, 77, 11, 145, 111, 32, 118, 118, 208, 139, 63, 41, 46,
       77, 108, 144, 115, 128, 2, 245, 134, 239, 174, 158, 51, 78, 251,
       82, 226, 185, 254, 115, 224, 243, 99, 123, 198, 124, 174, 253,
       107, 175, 30, 248, 143, 229, 188, 253, 250, 112, 28, 220, 48, 189,
       116, 168, 104, 81, 27, 178, 183, 167, 24, 151, 183, 65, 123, 167,
       151, 237, 144, 56, 71, 179, 2, 219, 227, 117, 125, 160, 224, 38,
       114, 125, 71, 64, 69, 48, 26, 110, 184, 117, 168, 122, 228, 83,
       96, 157, 244, 54, 204, 44, 110, 205, 176, 69, 12, 36, 174, 37,
       132, 111, 178, 88, 5, 232, 249, 27, 104, 9, 198, 23, 101, 237,
       192, 224, 8, 182, 211, 32, 51, 200, 124, 232, 98, 89, 167, 146,
       15, 241, 241, 7, 91, 72, 2, 166, 58, 246, 76, 210, 156, 77, 102,
       118, 196, 185, 142, 242, 11, 110, 250, 39, 219, 232, 245, 239,
       195, 108, 231, 210, 234, 145, 50, 210, 27, 65, 125, 126, 142, 209,
       88, 159, 118, 40, 108, 85, 156, 240, 218, 166, 24, 119, 247, 65,
       123, 1, 244, 124, 10, 105, 101, 187, 34, 209, 235, 113, 24, 104,
       241, 66, 34, 80, 245, 147, 225, 178, 6, 47, 159, 62, 161, 10, 82,
       149, 51, 200, 116, 55, 223, 60, 152, 115, 216, 145, 102, 173, 166,
       158, 68, 168, 208, 161, 40, 141, 115, 63, 251, 236, 189, 188, 212,
       239, 88, 116, 76, 188, 223, 121, 185, 134, 59, 119, 95, 215, 113,
       170, 241, 199, 249, 110, 234, 136, 81, 131, 177, 248, 160, 148,
       176, 41, 137, 64, 7, 171, 49, 162, 25, 175, 131, 64, 219, 131,
       135, 108, 16, 10, 111, 194, 17, 144, 240, 80, 57, 192, 0, 194, 10,
       229, 225, 149, 38, 45, 13, 70, 184, 107, 250, 161, 76, 246, 224,
       89, 183, 153, 196, 108, 110, 207, 99, 219, 57, 185, 218, 69, 60,
