%YAML:1.0
---
descriptors: !!opencv-matrix
   rows: 110
   cols: 32
   dt: u
   data: [ 13, 93, 255, 197, 246, 78, 111, 54, 125, 234, 126, 226, 217,
       55, 181, 119, 118, 252, 55, 238, 225, 176, 37, 238, 231, 255, 102,
       128, 47, 243, 225, 185, 2, 171, 24, 187, 222, 141, 176, 206, 142,
       17, 72, 3, 164, 186, 98, 0, 207, 59, 3, 65, 6, 58, 82, 245, 237,
       20, 30, 107, 24, 10, 137, 138, 200, 190, 188, 123, 137, 253, 21,
       143, 187, 63, 44, 25, 174, 255, 66, 26, 129, 115, 233, 16, 50, 76,
       218, 115, 207, 215, 93, 123, 210, 84, 143, 11, 41, 157, 57, 255,
       189, 205, 215, 182, 94, 73, 124, 64, 254, 241, 32, 96, 212, 122,
       22, 74, 211, 168, 122, 63, 239, 255, 52, 88, 90, 10, 209, 171,
       148, 200, 148, 151, 133, 8, 166, 132, 190, 179, 179, 18, 192, 98,
       76, 79, 233, 198, 42, 210, 114, 252, 91, 226, 173, 6, 223, 67,
       129, 121, 241, 130, 124, 180, 189, 226, 173, 111, 95, 184, 59,
       250, 189, 13, 223, 127, 73, 19, 149, 223, 253, 114, 235, 67, 219,
       59, 251, 223, 101, 188, 178, 243, 198, 115, 170, 197, 214, 254,
       253, 187, 92, 109, 223, 19, 241, 25, 238, 249, 44, 205, 215, 59,
       255, 32, 102, 103, 10, 159, 170, 254, 86, 31, 214, 220, 169, 143,
       0, 182, 153, 187, 252, 173, 161, 159, 30, 27, 88, 112, 180, 183,
       232, 72, 205, 27, 50, 24, 51, 88, 67, 183, 173, 151, 62, 232, 152,
       72, 129, 185, 101, 97, 185, 103, 32, 31, 103, 184, 109, 168, 127,
       72, 222, 114, 137, 116, 148, 196, 76, 106, 193, 176, 233, 72, 165,
       184, 39, 52, 64, 179, 67, 37, 117, 252, 143, 37, 21, 79, 231, 241,
       118, 234, 162, 12, 82, 177, 64, 1, 185, 196, 104, 122, 121, 255,
       153, 10, 249, 143, 5, 84, 200, 58, 242, 50, 60, 213, 21, 238, 189,
       79, 86, 252, 45, 168, 248, 72, 223, 127, 13, 176, 220, 213, 124,
       98, 73, 35, 89, 188, 251, 255, 5, 30, 90, 251, 70, 51, 198, 236,
       144, 151, 77, 169, 238, 136, 187, 178, 0, 26, 236, 234, 93, 207,
       179, 235, 123, 147, 38, 68, 218, 251, 141, 150, 207, 63, 132, 115,
       11, 6, 53, 167, 196, 159, 204, 3, 198, 233, 19, 179, 185, 222, 66,
       104, 205, 155, 89, 206, 38, 51, 63, 98, 79, 187, 184, 150, 197,
       124, 253, 122, 218, 132, 5, 164, 221, 241, 236, 41, 249, 91, 238,
       51, 49, 88, 159, 233, 216, 43, 163, 15, 110, 25, 51, 116, 207,
       208, 76, 154, 119, 100, 220, 200, 195, 161, 77, 52, 221, 241, 226,
       46, 104, 27, 58, 179, 99, 80, 221, 51, 73, 250, 183, 31, 124, 24,
       51, 212, 155, 66, 205, 239, 119, 68, 136, 224, 131, 161, 23, 93,
       255, 231, 182, 14, 126, 244, 173, 128, 126, 66, 125, 255, 53, 115,
       118, 245, 63, 234, 193, 145, 56, 236, 247, 191, 199, 0, 35, 243,
       97, 184, 126, 97, 18, 238, 57, 198, 87, 232, 161, 140, 250, 9, 79,
       219, 35, 212, 248, 245, 205, 98, 76, 163, 136, 141, 179, 253, 7,
       31, 2, 54, 102, 3, 212, 64, 142, 166, 14, 78, 111, 72, 32, 142,
       199, 2, 87, 195, 91, 91, 112, 196, 108, 238, 72, 215, 145, 8, 209,
       227, 239, 17, 33, 51, 47, 34, 118, 44, 218, 178, 228, 169, 120,
       194, 191, 151, 187, 25, 135, 234, 71, 26, 235, 231, 111, 17, 12,
       67, 202, 224, 157, 246, 95, 27, 224, 121, 107, 6, 235, 138, 242,
       90, 125, 181, 80, 207, 223, 95, 180, 25, 42, 200, 54, 252, 201,
       162, 206, 20, 190, 47, 98, 247, 27, 95, 144, 123, 211, 12, 252,
       79, 203, 83, 124, 237, 46, 22, 93, 56, 233, 232, 23, 230, 221,
       223, 150, 119, 134, 53, 253, 239, 197, 196, 167, 221, 198, 251,
       233, 140, 38, 166, 65, 113, 134, 20, 156, 149, 205, 110, 181, 15,
       190, 183, 71, 21, 204, 35, 10, 79, 161, 71, 234, 16, 52, 220, 147,
       194, 77, 50, 223, 71, 138, 112, 141, 146, 116, 111, 234, 228, 156,
       67, 71, 200, 70, 164, 239, 11, 67, 225, 113, 16, 120, 204, 76,
       242, 88, 179, 205, 40, 249, 197, 165, 61, 245, 123, 212, 2, 27,
       89, 123, 228, 82, 214, 63, 112, 173, 200, 94, 230, 125, 223, 177,
       112, 54, 253, 151, 238, 193, 153, 52, 238, 243, 237, 170, 130, 47,
       178, 37, 113, 162, 233, 17, 186, 220, 141, 166, 237, 158, 21, 160,
       91, 164, 203, 104, 1, 201, 11, 67, 81, 114, 43, 90, 247, 173, 144,
       30, 122, 80, 24, 167, 138, 58, 185, 108, 90, 173, 249, 81, 223,
       207, 117, 37, 157, 42, 204, 126, 191, 131, 11, 199, 16, 158, 105,
       126, 241, 203, 89, 85, 127, 214, 12, 220, 214, 85, 12, 31, 111, 0,
       38, 103, 48, 180, 130, 239, 68, 119, 99, 161, 80, 112, 228, 108,
       46, 41, 149, 9, 14, 192, 167, 97, 0, 40, 243, 96, 32, 65, 152,
       153, 126, 57, 205, 18, 190, 143, 89, 40, 76, 190, 182, 64, 112,
       133, 51, 252, 0, 19, 8, 91, 51, 173, 215, 16, 122, 24, 8, 1, 27,
       29, 71, 198, 71, 48, 10, 110, 184, 117, 168, 123, 228, 83, 96,
       157, 112, 54, 204, 36, 110, 233, 240, 205, 46, 166, 174, 37, 132,
       110, 243, 64, 1, 60, 44, 188, 243, 205, 47, 241, 202, 87, 179,
       173, 26, 26, 249, 73, 58, 185, 217, 83, 16, 26, 119, 219, 176, 95,
       207, 81, 117, 243, 105, 70, 162, 105, 129, 197, 69, 108, 14, 105,
       57, 109, 177, 231, 148, 211, 35, 24, 254, 90, 4, 122, 44, 25, 240,
       117, 4, 205, 250, 210, 20, 78, 130, 210, 176, 108, 176, 56, 99,
       201, 111, 81, 169, 42, 53, 45, 25, 214, 23, 74, 26, 145, 22, 73,
       48, 26, 112, 249, 17, 207, 157, 21, 117, 208, 2, 198, 98, 240, 72,
       223, 254, 78, 8, 109, 196, 185, 178, 178, 90, 123, 227, 5, 91,
       107, 229, 108, 234, 105, 71, 203, 224, 148, 170, 246, 24, 37, 241,
       98, 32, 70, 36, 210, 130, 221, 110, 250, 72, 59, 182, 187, 27,
       204, 122, 77, 154, 187, 213, 207, 179, 32, 115, 217, 194, 157, 22,
       139, 103, 197, 99, 103, 130, 252, 132, 125, 97, 149, 107, 83, 175,
       115, 35, 175, 24, 83, 53, 8, 48, 25, 150, 72, 56, 58, 174, 121,
       31, 235, 239, 21, 85, 227, 202, 198, 34, 134, 165, 16, 131, 221,
       109, 168, 105, 30, 55, 185, 27, 204, 122, 72, 8, 187, 27, 106, 49,
       50, 114, 219, 214, 157, 20, 159, 119, 148, 74, 133, 130, 8, 156,
       57, 123, 177, 239, 83, 191, 87, 15, 174, 16, 183, 55, 0, 116, 213,
       26, 28, 8, 59, 136, 97, 63, 235, 223, 52, 80, 146, 200, 196, 107,
       121, 29, 23, 238, 61, 143, 86, 176, 197, 8, 251, 68, 255, 113, 33,
       240, 212, 112, 92, 106, 201, 161, 89, 191, 163, 255, 33, 16, 90,
       170, 64, 3, 125, 231, 149, 100, 185, 15, 70, 184, 107, 184, 169,
       76, 223, 226, 73, 182, 145, 196, 108, 126, 235, 99, 219, 53, 185,
       255, 5, 124, 72, 243, 202, 0, 242, 75, 71, 172, 14, 66, 71, 37,
       229, 164, 178, 35, 67, 98, 37, 87, 104, 244, 108, 227, 104, 227,
       65, 140, 177, 226, 198, 18, 33, 50, 244, 46, 134, 205, 156, 151,
       132, 34, 118, 167, 91, 179, 75, 17, 228, 106, 76, 11, 145, 79, 32,
       18, 118, 252, 75, 99, 44, 22, 85, 71, 128, 113, 136, 14, 196, 228,
       149, 151, 93, 168, 162, 136, 190, 178, 11, 18, 236, 226, 73, 207,
       113, 109, 106, 146, 34, 84, 138, 251, 140, 6, 207, 47, 128, 115,
       1, 134, 242, 32, 113, 229, 38, 40, 248, 64, 105, 128, 184, 139,
       47, 11, 85, 18, 174, 149, 93, 217, 138, 36, 196, 192, 151, 216,
       138, 131, 103, 130, 99, 14, 101, 99, 56, 71, 36, 31, 103, 56, 105,
       236, 191, 8, 223, 82, 131, 52, 144, 204, 76, 106, 201, 176, 249,
       12, 229, 253, 33, 52, 64, 179, 67, 37, 253, 167, 238, 44, 142, 3,
       78, 255, 82, 226, 153, 239, 83, 224, 249, 115, 127, 198, 108, 175,
       253, 103, 143, 30, 248, 143, 229, 188, 61, 250, 240, 57, 39, 179,
       61, 243, 173, 173, 217, 151, 143, 121, 185, 127, 30, 157, 222, 42,
       143, 155, 255, 21, 151, 58, 234, 241, 91, 89, 185, 246, 221, 140,
       209, 115, 215, 237, 196, 30, 152, 35, 70, 172, 19, 179, 73, 216,
       99, 224, 41, 21, 17, 238, 32, 122, 126, 195, 143, 63, 168, 166,
       197, 84, 176, 243, 144, 4, 4, 173, 148, 55, 141, 168, 182, 174,
       250, 179, 75, 17, 228, 226, 77, 15, 145, 111, 32, 83, 114, 88,
       219, 123, 45, 54, 93, 67, 128, 115, 153, 138, 115, 16, 246, 165,
       98, 10, 184, 66, 47, 240, 242, 235, 142, 30, 4, 126, 238, 157,
