%YAML:1.0
---
descriptors: !!opencv-matrix
   rows: 120
   cols: 32
   dt: u
   data: [ 13, 93, 255, 197, 246, 78, 111, 182, 61, 202, 126, 226, 253,
       119, 177, 119, 118, 254, 23, 234, 225, 144, 33, 238, 103, 255,
       230, 128, 38, 242, 101, 249, 2, 171, 24, 186, 222, 137, 180, 239,
       142, 5, 72, 131, 164, 131, 96, 64, 203, 59, 3, 17, 82, 26, 66,
       245, 61, 20, 30, 107, 16, 24, 165, 138, 238, 180, 150, 126, 233,
       249, 20, 235, 155, 151, 173, 57, 110, 249, 110, 151, 145, 123,
       233, 18, 54, 103, 154, 51, 251, 243, 69, 127, 210, 108, 143, 131,
       134, 165, 16, 147, 253, 109, 188, 239, 30, 51, 57, 27, 140, 50,
       76, 9, 187, 155, 234, 17, 54, 120, 219, 215, 13, 22, 31, 127, 144,
       76, 141, 134, 114, 71, 229, 236, 92, 3, 206, 40, 19, 163, 243,
       202, 83, 108, 149, 17, 91, 205, 117, 237, 232, 231, 77, 223, 56,
       46, 237, 148, 101, 235, 114, 0, 1, 162, 17, 251, 252, 205, 161,
       159, 94, 121, 80, 112, 149, 23, 200, 96, 151, 27, 54, 24, 211, 60,
       107, 23, 141, 158, 62, 244, 144, 136, 133, 233, 249, 215, 86, 110,
       171, 30, 94, 61, 225, 202, 174, 236, 123, 103, 130, 247, 38, 228,
       236, 110, 237, 67, 237, 45, 242, 235, 100, 152, 107, 182, 234, 89,
       61, 102, 228, 71, 52, 26, 79, 184, 118, 170, 127, 228, 115, 97,
       159, 244, 50, 204, 36, 110, 233, 240, 237, 46, 238, 239, 101, 132,
       111, 243, 88, 33, 44, 180, 248, 241, 221, 111, 241, 203, 91, 51,
       45, 26, 159, 125, 94, 56, 155, 155, 19, 17, 50, 118, 121, 146, 79,
       223, 17, 117, 213, 73, 214, 226, 246, 64, 214, 156, 77, 106, 246,
       200, 185, 166, 243, 11, 78, 250, 109, 94, 249, 245, 239, 227, 44,
       103, 219, 200, 145, 50, 203, 31, 129, 127, 127, 134, 242, 72, 215,
       244, 14, 10, 108, 52, 185, 146, 178, 154, 127, 107, 21, 91, 106,
       245, 125, 234, 104, 71, 211, 232, 211, 251, 222, 144, 39, 241, 98,
       40, 124, 132, 249, 97, 149, 107, 67, 9, 115, 163, 175, 24, 83, 53,
       8, 48, 25, 150, 72, 56, 57, 178, 121, 14, 251, 239, 21, 85, 227,
       74, 198, 34, 107, 178, 253, 250, 125, 247, 153, 223, 27, 125, 181,
       255, 28, 29, 190, 41, 223, 23, 247, 21, 151, 111, 59, 213, 91, 91,
       250, 254, 158, 12, 151, 115, 58, 146, 109, 59, 175, 253, 145, 159,
       31, 125, 181, 63, 10, 28, 30, 25, 205, 155, 245, 149, 158, 110,
       251, 213, 91, 89, 216, 247, 215, 12, 222, 87, 125, 117, 17, 238,
       189, 79, 86, 248, 127, 168, 185, 72, 223, 125, 9, 176, 220, 213,
       92, 114, 169, 35, 89, 190, 251, 223, 37, 62, 202, 123, 66, 51,
       214, 236, 132, 147, 213, 128, 166, 165, 187, 179, 130, 18, 236,
       226, 77, 71, 225, 235, 42, 211, 110, 92, 202, 243, 189, 54, 223,
       99, 128, 80, 185, 14, 252, 117, 157, 228, 168, 15, 94, 184, 59,
       186, 184, 104, 223, 127, 65, 51, 149, 221, 125, 114, 105, 67, 217,
       62, 251, 219, 101, 60, 74, 241, 66, 51, 194, 232, 148, 158, 207,
       129, 110, 172, 187, 178, 0, 26, 236, 234, 92, 199, 179, 235, 127,
       195, 98, 68, 218, 255, 189, 18, 207, 186, 20, 54, 147, 4, 134, 12,
       214, 252, 255, 171, 154, 106, 159, 146, 241, 25, 206, 235, 37,
       201, 215, 125, 111, 51, 52, 103, 10, 254, 138, 250, 71, 127, 212,
       105, 9, 131, 50, 162, 229, 253, 28, 3, 202, 168, 87, 176, 243,
       202, 99, 105, 93, 2, 89, 204, 117, 227, 234, 242, 207, 157, 138,
       250, 197, 180, 125, 187, 80, 0, 3, 190, 21, 185, 252, 141, 169,
       255, 30, 91, 88, 213, 188, 163, 248, 64, 199, 11, 51, 29, 179, 88,
       83, 247, 108, 22, 62, 232, 152, 200, 129, 153, 64, 153, 191, 173,
       168, 192, 181, 133, 142, 29, 10, 51, 148, 191, 96, 74, 194, 87,
       107, 81, 18, 73, 131, 97, 237, 183, 126, 195, 144, 26, 165, 123,
       3, 235, 128, 155, 251, 157, 172, 223, 58, 249, 72, 205, 172, 230,
       95, 144, 183, 107, 243, 157, 134, 90, 154, 115, 60, 20, 159, 238,
       144, 20, 11, 220, 150, 205, 148, 119, 147, 182, 86, 174, 19, 151,
       11, 17, 100, 234, 77, 139, 149, 127, 160, 114, 126, 220, 10, 63,
       171, 222, 85, 71, 160, 115, 136, 14, 69, 65, 27, 229, 48, 14, 111,
       56, 125, 168, 251, 72, 223, 51, 129, 116, 178, 221, 108, 106, 73,
       144, 233, 76, 165, 248, 35, 4, 0, 179, 7, 33, 116, 49, 155, 44,
       157, 198, 87, 96, 245, 136, 194, 4, 214, 241, 33, 81, 216, 124,
       104, 114, 72, 235, 146, 12, 249, 243, 134, 26, 72, 42, 118, 34,
       129, 164, 157, 251, 252, 173, 169, 159, 30, 59, 84, 112, 180, 35,
       200, 105, 197, 26, 50, 28, 51, 92, 91, 151, 204, 151, 126, 108,
       152, 200, 129, 169, 198, 42, 219, 69, 224, 106, 232, 82, 234, 179,
       50, 88, 156, 190, 85, 58, 167, 117, 120, 25, 145, 245, 176, 64,
       13, 24, 95, 36, 196, 241, 71, 160, 252, 82, 26, 172, 44, 6, 87,
       56, 32, 138, 231, 105, 83, 83, 9, 91, 248, 212, 109, 226, 104,
       199, 201, 8, 241, 227, 227, 157, 32, 179, 102, 3, 72, 184, 188,
       122, 139, 253, 21, 142, 171, 63, 164, 25, 174, 255, 67, 27, 131,
       115, 237, 16, 18, 75, 218, 49, 219, 211, 85, 123, 210, 81, 143,
       11, 5, 160, 221, 241, 236, 169, 233, 27, 238, 179, 49, 88, 157,
       227, 216, 10, 171, 143, 110, 29, 51, 124, 203, 208, 140, 154, 127,
       100, 220, 200, 195, 161, 38, 160, 80, 131, 253, 109, 184, 73, 31,
       49, 177, 27, 204, 58, 76, 8, 187, 155, 107, 49, 18, 112, 91, 212,
       157, 22, 223, 119, 148, 10, 197, 130, 141, 182, 57, 250, 173, 61,
       94, 190, 125, 91, 53, 92, 191, 127, 24, 59, 149, 211, 93, 11, 251,
       0, 122, 227, 231, 223, 116, 186, 154, 209, 195, 59, 67, 184, 185,
       69, 32, 76, 57, 52, 40, 72, 86, 101, 220, 55, 150, 118, 132, 85,
       125, 13, 193, 92, 177, 64, 193, 56, 58, 130, 8, 0, 3, 123, 118,
       169, 222, 181, 172, 169, 97, 138, 171, 183, 186, 25, 151, 234, 67,
       26, 235, 239, 111, 17, 30, 99, 203, 66, 221, 214, 63, 60, 192,
       104, 3, 2, 150, 205, 149, 151, 130, 174, 22, 166, 27, 183, 11, 17,
       230, 98, 77, 139, 145, 75, 32, 19, 126, 220, 75, 107, 173, 22, 93,
       70, 128, 115, 133, 78, 125, 117, 28, 109, 189, 15, 86, 186, 111,
       168, 184, 76, 223, 121, 9, 176, 220, 212, 92, 106, 233, 99, 81,
       30, 251, 223, 37, 60, 74, 187, 74, 3, 121, 125, 157, 229, 185, 15,
       92, 62, 59, 162, 170, 72, 191, 59, 65, 176, 151, 253, 124, 40,
       105, 90, 209, 30, 255, 223, 101, 52, 72, 240, 75, 43, 6, 0, 214,
       188, 170, 43, 152, 72, 158, 178, 176, 137, 207, 234, 101, 203,
       151, 117, 111, 49, 52, 99, 11, 220, 152, 243, 95, 127, 212, 105,
       9, 131, 34, 16, 214, 188, 105, 3, 152, 72, 15, 160, 240, 169, 78,
       191, 37, 159, 222, 189, 255, 37, 76, 211, 195, 200, 146, 250, 75,
       187, 86, 172, 43, 151, 88, 188, 63, 244, 49, 204, 121, 119, 185,
       73, 246, 57, 191, 191, 0, 80, 166, 191, 253, 1, 56, 217, 144, 207,
       211, 247, 58, 131, 0, 0, 7, 123, 101, 99, 56, 101, 52, 31, 123,
       56, 109, 236, 127, 8, 223, 18, 143, 116, 146, 204, 76, 106, 201,
       176, 105, 76, 229, 157, 37, 20, 64, 179, 67, 101, 148, 148, 60,
       179, 24, 71, 16, 184, 132, 244, 134, 1, 215, 126, 11, 75, 192, 1,
       93, 97, 108, 193, 91, 28, 201, 195, 107, 85, 48, 35, 13, 74, 130,
       140, 148, 151, 197, 102, 52, 167, 58, 179, 74, 19, 76, 62, 4, 203,
       161, 79, 161, 145, 54, 216, 27, 227, 45, 54, 223, 71, 128, 116,
       173, 142, 134, 141, 148, 151, 193, 174, 180, 167, 190, 183, 66,
       17, 236, 121, 76, 79, 161, 87, 163, 17, 50, 252, 155, 227, 45, 54,
       95, 71, 194, 85, 137, 138, 242, 205, 71, 236, 157, 66, 71, 229,
       229, 12, 162, 35, 99, 57, 36, 87, 232, 244, 236, 227, 104, 163, 1,
       173, 179, 226, 198, 19, 33, 58, 244, 46, 112, 79, 30, 124, 157,
       140, 70, 167, 225, 2, 234, 4, 162, 35, 5, 208, 200, 226, 104, 76,
       104, 171, 211, 47, 179, 255, 212, 25, 72, 88, 234, 10, 101, 231,
       132, 19, 141, 15, 70, 188, 234, 187, 171, 92, 195, 96, 93, 155,
       17, 198, 108, 126, 254, 97, 223, 48, 173, 154, 85, 124, 200, 123,
       218, 4, 68, 160, 153, 33, 160, 107, 105, 25, 58, 177, 35, 28, 223,
