%YAML:1.0
---
descriptors: !!opencv-matrix
   rows: 217
   cols: 32
   dt: u
   data: [ 2, 171, 25, 186, 252, 201, 182, 207, 142, 5, 88, 43, 164, 222,
       104, 64, 203, 59, 3, 81, 82, 58, 74, 245, 61, 20, 30, 107, 16, 26,
       165, 203, 2, 173, 17, 219, 249, 141, 176, 207, 142, 9, 104, 64,
       164, 146, 108, 64, 193, 59, 2, 16, 19, 58, 210, 119, 45, 180, 30,
       106, 24, 10, 161, 139, 118, 112, 126, 232, 78, 15, 218, 232, 105,
       168, 176, 79, 83, 94, 29, 49, 254, 213, 95, 243, 204, 39, 89, 220,
       147, 216, 195, 190, 109, 59, 118, 151, 57, 21, 107, 69, 118, 86,
       239, 121, 116, 232, 127, 230, 115, 77, 187, 97, 126, 140, 21, 238,
       233, 176, 53, 14, 118, 169, 163, 132, 111, 170, 112, 241, 128,
       167, 29, 187, 236, 137, 173, 175, 30, 57, 80, 240, 180, 131, 200,
       1, 207, 27, 51, 17, 115, 92, 75, 215, 76, 18, 126, 252, 156, 8,
       129, 169, 178, 15, 103, 236, 29, 83, 70, 104, 197, 4, 250, 3, 99,
       104, 52, 197, 120, 228, 204, 227, 108, 163, 5, 173, 179, 226, 195,
       19, 119, 63, 116, 14, 114, 144, 224, 26, 95, 213, 209, 63, 27, 77,
       180, 63, 42, 28, 30, 180, 221, 147, 253, 5, 174, 111, 115, 255,
       27, 127, 152, 251, 219, 12, 222, 95, 69, 50, 217, 103, 224, 44,
       105, 24, 106, 187, 63, 88, 213, 99, 201, 122, 55, 93, 124, 62,
       145, 208, 217, 64, 205, 187, 99, 36, 136, 227, 67, 161, 121, 191,
       144, 183, 177, 143, 90, 183, 59, 169, 186, 77, 255, 51, 64, 144,
       181, 255, 237, 16, 175, 90, 201, 50, 255, 255, 55, 178, 202, 194,
       203, 27, 196, 172, 149, 151, 214, 168, 38, 135, 190, 147, 74, 18,
       252, 226, 73, 74, 97, 111, 42, 144, 114, 92, 139, 227, 173, 38,
       223, 64, 128, 112, 161, 136, 162, 62, 154, 90, 233, 237, 144, 79,
       154, 191, 169, 57, 38, 253, 109, 25, 141, 51, 235, 17, 50, 107,
       218, 50, 89, 23, 85, 123, 208, 88, 135, 219, 124, 181, 145, 172,
       173, 111, 86, 219, 63, 170, 184, 76, 223, 255, 65, 112, 221, 221,
       125, 115, 41, 99, 219, 154, 251, 223, 101, 62, 218, 123, 198, 51,
       50, 190, 167, 60, 195, 239, 176, 246, 183, 255, 250, 191, 42, 191,
       38, 28, 237, 251, 247, 16, 62, 255, 48, 227, 219, 246, 84, 243,
       195, 76, 166, 223, 73, 183, 121, 105, 186, 222, 121, 55, 127, 109,
       110, 188, 155, 63, 150, 244, 38, 191, 253, 156, 147, 152, 245, 85,
       239, 253, 50, 224, 102, 132, 135, 113, 166, 140, 215, 254, 252,
       171, 94, 239, 223, 130, 112, 88, 238, 232, 36, 193, 211, 107, 110,
       35, 112, 111, 74, 255, 172, 254, 87, 58, 212, 248, 193, 141, 162,
       165, 244, 223, 254, 163, 184, 173, 219, 179, 17, 147, 236, 234,
       92, 3, 151, 87, 115, 181, 178, 109, 207, 215, 44, 30, 223, 254,
       149, 192, 211, 137, 93, 49, 27, 101, 51, 126, 51, 24, 104, 104,
       102, 96, 222, 19, 129, 121, 178, 85, 124, 122, 17, 144, 177, 76,
       247, 171, 35, 70, 232, 35, 3, 51, 233, 34, 212, 124, 105, 31, 121,
       27, 235, 255, 52, 60, 143, 9, 214, 191, 131, 133, 238, 12, 164,
       111, 227, 216, 86, 251, 112, 189, 74, 132, 74, 9, 91, 181, 126,
       113, 179, 222, 125, 55, 253, 109, 127, 181, 191, 159, 150, 112,
       38, 191, 253, 141, 215, 216, 181, 213, 255, 255, 54, 195, 110,
       132, 207, 127, 3, 121, 123, 229, 114, 158, 190, 118, 45, 72, 122,
       228, 189, 158, 181, 112, 182, 61, 31, 239, 193, 152, 32, 238, 230,
       253, 42, 128, 12, 147, 35, 185, 126, 169, 82, 106, 121, 221, 82,
       208, 171, 13, 237, 9, 46, 223, 102, 148, 178, 185, 205, 82, 30,
       43, 138, 241, 251, 252, 0, 123, 226, 135, 110, 79, 85, 82, 249,
       165, 34, 46, 123, 24, 122, 202, 219, 229, 215, 115, 73, 90, 55,
       205, 125, 175, 136, 212, 205, 66, 196, 229, 99, 132, 172, 243, 35,
       67, 14, 154, 179, 250, 253, 247, 186, 203, 30, 73, 208, 119, 236,
       252, 60, 236, 255, 59, 191, 149, 183, 171, 59, 223, 31, 126, 187,
       206, 151, 12, 245, 119, 34, 191, 17, 170, 221, 205, 182, 239, 15,
       17, 121, 75, 164, 255, 108, 0, 221, 155, 3, 81, 18, 10, 90, 247,
       61, 20, 31, 111, 144, 74, 135, 138, 72, 188, 188, 115, 185, 237,
       17, 143, 187, 53, 172, 25, 174, 55, 74, 27, 131, 83, 233, 16, 50,
       72, 251, 119, 207, 215, 29, 127, 194, 64, 135, 106, 29, 103, 196,
       71, 178, 26, 110, 184, 118, 168, 127, 228, 83, 96, 153, 244, 54,
       76, 36, 110, 233, 240, 77, 46, 46, 238, 101, 132, 111, 179, 72, 5,
       45, 53, 36, 33, 252, 47, 195, 152, 87, 249, 189, 92, 211, 8, 219,
       44, 89, 200, 86, 125, 191, 112, 93, 150, 76, 92, 161, 116, 223,
       207, 88, 149, 246, 89, 86, 174, 13, 86, 94, 232, 161, 142, 242,
       11, 78, 255, 39, 215, 248, 245, 237, 226, 108, 199, 155, 238, 179,
       242, 199, 27, 34, 63, 124, 70, 29, 150, 234, 227, 182, 34, 111,
       247, 85, 203, 223, 246, 89, 45, 184, 96, 127, 214, 31, 143, 249,
       180, 37, 226, 250, 239, 190, 132, 175, 219, 240, 113, 105, 34,
       180, 117, 109, 217, 249, 23, 235, 253, 118, 61, 174, 11, 214, 159,
       134, 37, 230, 28, 148, 126, 227, 192, 70, 251, 114, 171, 66, 132,
       79, 223, 52, 48, 184, 243, 205, 45, 241, 200, 91, 179, 165, 27,
       30, 217, 77, 26, 185, 220, 115, 18, 26, 119, 218, 176, 95, 217,
       17, 127, 209, 107, 86, 162, 131, 207, 102, 159, 23, 147, 174, 228,
       221, 90, 210, 199, 232, 72, 182, 229, 236, 97, 154, 239, 228, 173,
       6, 255, 34, 58, 206, 131, 31, 61, 185, 140, 77, 53, 153, 229, 226,
       46, 120, 25, 58, 179, 107, 80, 221, 115, 73, 250, 183, 93, 124,
       56, 17, 208, 153, 66, 207, 233, 127, 68, 136, 227, 139, 161, 248,
       217, 62, 126, 9, 86, 87, 180, 225, 140, 166, 8, 123, 255, 34, 115,
       192, 244, 253, 106, 104, 99, 178, 45, 243, 249, 68, 25, 99, 50,
       110, 106, 56, 157, 61, 127, 184, 207, 83, 183, 86, 13, 174, 0,
       183, 119, 32, 112, 197, 50, 29, 24, 58, 137, 113, 63, 235, 255,
       52, 80, 178, 200, 196, 107, 132, 140, 214, 188, 253, 171, 196,
       239, 223, 147, 120, 88, 238, 234, 36, 205, 211, 111, 110, 33, 112,
       109, 74, 255, 172, 182, 87, 126, 208, 104, 129, 140, 194, 164,
       245, 158, 190, 161, 188, 47, 222, 179, 19, 146, 236, 234, 124, 74,
       151, 23, 123, 153, 242, 109, 207, 215, 44, 54, 223, 252, 148, 64,
       129, 8, 178, 188, 183, 188, 234, 165, 176, 199, 191, 91, 240, 251,
       44, 191, 36, 25, 239, 251, 255, 145, 186, 207, 2, 255, 153, 118,
       94, 250, 193, 76, 167, 223, 110, 135, 237, 243, 138, 114, 95, 157,
       18, 255, 159, 179, 193, 111, 203, 75, 93, 214, 237, 178, 56, 66,
       239, 162, 238, 231, 255, 213, 183, 255, 180, 113, 118, 32, 241,
       225, 119, 74, 248, 64, 105, 177, 178, 139, 15, 15, 85, 63, 190,
       149, 93, 253, 136, 240, 197, 192, 159, 216, 131, 167, 231, 165,
       67, 6, 114, 189, 233, 69, 83, 95, 87, 127, 19, 235, 250, 235, 114,
       125, 4, 48, 252, 255, 245, 5, 188, 254, 241, 47, 59, 46, 37, 186,
       105, 108, 246, 255, 25, 139, 110, 69, 21, 219, 225, 103, 109, 69,
       110, 132, 171, 8, 182, 36, 122, 38, 234, 76, 12, 184, 53, 207,
       166, 255, 2, 65, 103, 140, 125, 76, 69, 111, 218, 166, 244, 168,
       238, 156, 234, 192, 61, 196, 253, 194, 251, 116, 114, 107, 14,
       222, 23, 1, 190, 234, 236, 149, 47, 136, 140, 243, 35, 196, 93,
       57, 87, 97, 34, 74, 51, 48, 105, 232, 99, 96, 223, 23, 129, 114,
       38, 149, 252, 226, 17, 144, 177, 76, 21, 233, 99, 70, 106, 163,
       35, 51, 147, 22, 55, 89, 75, 118, 164, 122, 117, 106, 242, 118,
       72, 62, 165, 173, 253, 181, 238, 161, 237, 247, 37, 220, 53, 34,
       242, 131, 105, 96, 39, 191, 53, 175, 73, 163, 212, 139, 103, 244,
       117, 232, 127, 238, 19, 5, 195, 16, 41, 234, 6, 222, 121, 188, 9,
       62, 252, 205, 165, 64, 229, 155, 214, 248, 107, 178, 253, 232,
       124, 7, 152, 89, 91, 125, 177, 253, 12, 157, 126, 24, 159, 29,
       181, 21, 151, 107, 171, 213, 219, 91, 251, 254, 150, 140, 151,
       115, 173, 29, 111, 81, 212, 163, 229, 246, 84, 160, 246, 118, 16,
       41, 181, 73, 121, 138, 2, 120, 177, 191, 21, 62, 126, 11, 181, 68,
