%YAML:1.0
---
descriptors: !!opencv-matrix
   rows: 96
   cols: 32
   dt: u
   data: [ 248, 72, 214, 244, 46, 10, 92, 52, 185, 146, 178, 154, 127,
       11, 33, 91, 102, 245, 125, 234, 104, 199, 131, 232, 243, 235, 239,
       16, 39, 176, 224, 10, 69, 52, 153, 243, 224, 44, 121, 27, 58, 187,
       47, 92, 221, 179, 201, 123, 151, 95, 125, 24, 177, 84, 155, 66,
       207, 187, 119, 100, 136, 225, 195, 161, 6, 164, 144, 147, 253,
       109, 184, 107, 62, 55, 57, 27, 204, 122, 76, 8, 187, 155, 235, 49,
       54, 120, 219, 215, 13, 22, 31, 103, 148, 72, 135, 134, 198, 48,
       255, 16, 234, 233, 177, 195, 187, 247, 50, 185, 4, 190, 71, 27,
       167, 63, 227, 17, 54, 127, 178, 66, 93, 18, 95, 107, 197, 64, 135,
       243, 20, 38, 171, 161, 178, 98, 187, 67, 56, 199, 91, 179, 213,
       175, 96, 8, 55, 127, 19, 145, 48, 216, 133, 66, 205, 134, 191,
       192, 165, 225, 165, 241, 214, 205, 150, 147, 133, 0, 38, 198, 63,
       19, 195, 19, 228, 162, 76, 207, 225, 206, 42, 211, 122, 220, 203,
       227, 189, 54, 222, 71, 128, 125, 177, 6, 164, 167, 193, 138, 220,
       1, 198, 248, 146, 162, 185, 254, 243, 96, 233, 2, 89, 194, 74,
       234, 121, 99, 78, 191, 60, 6, 175, 124, 221, 251, 242, 128, 198,
       173, 132, 182, 253, 137, 238, 168, 187, 176, 17, 11, 236, 234, 93,
       7, 179, 107, 121, 211, 102, 64, 138, 243, 173, 82, 207, 239, 4,
       38, 27, 6, 193, 92, 191, 221, 108, 76, 109, 182, 253, 82, 246, 80,
       240, 179, 181, 127, 97, 116, 106, 138, 225, 229, 179, 225, 69,
       186, 210, 0, 88, 240, 97, 40, 3, 190, 149, 153, 252, 173, 169,
       159, 30, 121, 80, 245, 188, 163, 240, 192, 199, 11, 51, 29, 179,
       88, 67, 247, 12, 22, 62, 232, 156, 136, 129, 185, 120, 221, 61,
       238, 25, 207, 83, 183, 197, 73, 174, 0, 243, 119, 32, 112, 193,
       178, 93, 8, 43, 137, 113, 63, 235, 239, 32, 16, 18, 10, 196, 123,
       2, 153, 189, 175, 172, 192, 181, 133, 142, 29, 154, 51, 180, 191,
       96, 66, 194, 119, 123, 81, 18, 137, 211, 97, 205, 183, 126, 211,
       148, 10, 165, 123, 193, 92, 159, 220, 108, 108, 237, 150, 248, 83,
       230, 16, 180, 179, 53, 123, 193, 116, 106, 8, 33, 101, 243, 225,
       69, 186, 82, 8, 200, 113, 97, 40, 164, 4, 214, 252, 189, 43, 26,
       200, 159, 130, 240, 25, 206, 235, 37, 201, 215, 125, 111, 50, 52,
       231, 11, 222, 154, 251, 71, 127, 212, 233, 41, 131, 54, 227, 228,
       223, 156, 3, 206, 168, 87, 176, 241, 202, 99, 105, 93, 0, 89, 204,
       53, 243, 250, 242, 207, 159, 42, 62, 229, 252, 125, 187, 240, 0,
       124, 117, 57, 229, 121, 111, 94, 250, 59, 170, 188, 72, 255, 127,
       73, 48, 157, 223, 125, 106, 201, 98, 249, 59, 251, 221, 37, 188,
       90, 248, 70, 51, 180, 199, 196, 158, 220, 35, 198, 232, 19, 179,
       177, 238, 66, 104, 201, 9, 89, 206, 38, 243, 42, 98, 79, 191, 184,
       6, 237, 124, 221, 123, 210, 128, 61, 85, 17, 236, 189, 15, 86,
       248, 47, 168, 249, 72, 223, 93, 9, 176, 220, 213, 95, 106, 73, 35,
       89, 158, 251, 221, 37, 62, 90, 187, 66, 51, 29, 93, 255, 229, 151,
       14, 127, 244, 45, 192, 126, 66, 125, 255, 53, 118, 118, 117, 63,
       234, 193, 145, 49, 236, 243, 255, 199, 0, 47, 243, 101, 249, 244,
       80, 142, 174, 44, 66, 86, 120, 160, 142, 231, 41, 115, 211, 171,
       91, 216, 212, 108, 226, 108, 71, 138, 40, 242, 227, 230, 25, 32,
       51, 62, 67, 1, 161, 17, 241, 236, 205, 161, 159, 30, 121, 25, 120,
       148, 21, 200, 32, 151, 27, 114, 29, 19, 120, 107, 17, 13, 152, 61,
       244, 208, 8, 133, 225, 118, 172, 218, 182, 237, 41, 92, 203, 187,
       179, 187, 25, 238, 234, 79, 26, 235, 231, 111, 3, 14, 99, 202,
       243, 158, 214, 215, 63, 193, 120, 74, 6, 134, 205, 165, 23, 209,
       232, 174, 167, 58, 211, 74, 145, 232, 110, 76, 75, 129, 119, 161,
       211, 54, 220, 219, 99, 45, 22, 93, 71, 128, 117, 133, 94, 142,
       221, 133, 183, 145, 166, 22, 172, 19, 147, 11, 21, 236, 115, 73,
       143, 149, 126, 161, 114, 114, 220, 26, 191, 169, 214, 93, 70, 170,
       119, 152, 26, 134, 28, 142, 149, 229, 118, 180, 135, 190, 219, 70,
       17, 200, 62, 39, 107, 225, 103, 179, 148, 53, 220, 51, 226, 15,
       51, 222, 67, 130, 116, 189, 222, 134, 253, 133, 31, 153, 166, 22,
       172, 155, 179, 75, 80, 230, 241, 73, 15, 145, 126, 33, 114, 114,
       208, 155, 63, 41, 246, 69, 70, 168, 115, 128, 7, 121, 79, 124,
       108, 56, 30, 79, 60, 97, 72, 174, 236, 123, 103, 146, 247, 22,
       228, 252, 238, 221, 137, 237, 13, 250, 239, 101, 144, 107, 166,
       74, 113, 250, 147, 61, 123, 175, 221, 145, 159, 143, 121, 149, 63,
       30, 157, 94, 121, 205, 155, 253, 145, 159, 108, 251, 241, 83, 89,
       248, 247, 223, 12, 150, 127, 242, 96, 116, 225, 38, 8, 216, 65,
       233, 0, 176, 138, 143, 11, 84, 18, 234, 149, 125, 217, 74, 39,
       198, 192, 146, 216, 138, 178, 101, 130, 115, 136, 104, 184, 188,
       122, 169, 253, 21, 139, 187, 31, 164, 25, 174, 255, 71, 27, 135,
       115, 233, 16, 50, 79, 202, 49, 219, 211, 85, 123, 210, 68, 143,
       11, 72, 152, 25, 191, 57, 141, 17, 190, 142, 25, 40, 72, 190, 55,
       64, 80, 133, 19, 238, 0, 2, 8, 211, 55, 229, 213, 56, 58, 80, 8,
       1, 27, 216, 176, 189, 112, 169, 109, 17, 143, 171, 63, 164, 56,
       142, 191, 72, 27, 129, 215, 237, 16, 58, 111, 235, 49, 219, 211,
       85, 127, 194, 64, 135, 107, 117, 71, 196, 71, 52, 30, 78, 184,
       113, 234, 251, 236, 83, 96, 157, 244, 22, 196, 108, 110, 237, 176,
       109, 46, 62, 238, 37, 148, 111, 243, 82, 5, 101, 99, 56, 69, 52,
       31, 115, 56, 105, 236, 127, 8, 223, 82, 139, 116, 144, 204, 108,
       106, 201, 176, 233, 76, 229, 189, 33, 52, 64, 163, 67, 37, 118,
       64, 214, 140, 77, 110, 254, 72, 169, 166, 242, 11, 78, 250, 39,
       94, 248, 245, 239, 227, 76, 231, 209, 200, 145, 186, 203, 27, 129,
       127, 126, 6, 69, 99, 26, 231, 48, 15, 111, 184, 109, 172, 255, 8,
       223, 19, 137, 116, 182, 221, 108, 106, 9, 176, 233, 76, 229, 253,
       35, 4, 0, 179, 67, 33, 209, 216, 31, 118, 40, 78, 69, 181, 240,
       218, 166, 92, 247, 83, 0, 123, 0, 244, 124, 106, 233, 101, 187,
       43, 241, 235, 100, 16, 104, 176, 194, 40, 110, 32, 214, 174, 107,
       27, 152, 104, 143, 32, 241, 137, 207, 223, 44, 147, 222, 157, 255,
       103, 76, 195, 218, 216, 147, 251, 73, 187, 86, 174, 43, 135, 142,
       141, 148, 151, 193, 126, 180, 175, 190, 183, 78, 17, 236, 126, 78,
       207, 161, 87, 163, 17, 55, 220, 155, 227, 47, 55, 95, 71, 130, 84,
       137, 206, 79, 111, 61, 250, 236, 173, 255, 148, 171, 121, 125, 76,
       188, 159, 19, 57, 142, 99, 95, 95, 131, 35, 234, 240, 215, 249,
       58, 184, 156, 219, 219, 137, 55, 227, 196, 191, 222, 11, 198, 168,
       19, 179, 185, 239, 66, 104, 205, 22, 89, 206, 102, 119, 110, 98,
       207, 145, 188, 130, 197, 118, 253, 123, 208, 4, 198, 232, 148,
       151, 205, 136, 166, 168, 186, 178, 131, 2, 236, 226, 76, 199, 241,
       235, 106, 211, 102, 68, 218, 251, 189, 18, 207, 107, 0, 51, 41, 6,
       242, 73, 71, 236, 14, 66, 70, 229, 225, 160, 178, 98, 99, 106, 37,
       83, 232, 245, 108, 227, 104, 163, 1, 237, 177, 226, 198, 18, 33,
       58, 244, 46, 118, 172, 218, 180, 236, 41, 117, 139, 187, 183, 187,
       25, 167, 234, 66, 18, 235, 239, 110, 17, 46, 99, 202, 82, 220,
       208, 239, 62, 192, 104, 3, 2, 101, 227, 132, 23, 141, 15, 70, 188,
       242, 187, 171, 92, 211, 96, 93, 191, 17, 70, 108, 127, 255, 97,
       207, 48, 173, 154, 117, 116, 200, 251, 218, 4, 137, 132, 149, 251,
       252, 173, 105, 159, 94, 27, 84, 112, 183, 99, 200, 237, 215, 10,
       62, 28, 51, 92, 107, 151, 140, 219, 118, 108, 154, 200, 129, 169,
       103, 58, 255, 224, 172, 36, 217, 86, 41, 251, 190, 125, 28, 159,
       213, 58, 142, 223, 245, 149, 131, 243, 227, 224, 210, 89, 62, 146,
       142, 213, 3, 121, 148, 205, 149, 183, 144, 162, 70, 172, 18, 147,
       41, 17, 226, 98, 73, 11, 17, 98, 32, 114, 126, 220, 10, 63, 169,
       134, 213, 68, 160, 123, 128, 10, 70, 237, 148, 31, 152, 163, 70,
