%YAML:1.0
---
descriptors: !!opencv-matrix
   rows: 211
   cols: 32
   dt: u
   data: [ 124, 178, 156, 42, 137, 105, 82, 200, 163, 183, 169, 57, 207,
       255, 75, 26, 153, 213, 237, 51, 30, 67, 219, 16, 219, 215, 69,
       127, 176, 119, 14, 66, 120, 129, 152, 229, 40, 200, 81, 39, 163,
       37, 174, 8, 183, 179, 66, 82, 193, 150, 109, 24, 26, 11, 211, 17,
       219, 237, 52, 113, 160, 64, 230, 42, 165, 67, 93, 101, 36, 14,
       111, 184, 125, 168, 242, 68, 215, 33, 153, 19, 154, 196, 108, 110,
       233, 244, 65, 12, 228, 186, 101, 4, 72, 177, 66, 33, 244, 96, 190,
       116, 73, 45, 80, 196, 179, 182, 166, 25, 94, 157, 67, 27, 173,
       213, 253, 114, 44, 103, 154, 128, 219, 219, 85, 63, 225, 121, 78,
       2, 60, 67, 210, 100, 85, 10, 214, 93, 101, 168, 243, 107, 83, 9,
       56, 144, 120, 156, 166, 226, 88, 179, 1, 136, 242, 237, 161, 5,
       111, 186, 250, 130, 248, 237, 122, 96, 56, 205, 83, 81, 243, 132,
       172, 8, 187, 151, 66, 48, 18, 188, 76, 88, 74, 47, 240, 26, 251,
       221, 36, 121, 96, 128, 70, 42, 132, 221, 147, 95, 179, 237, 182,
       183, 188, 74, 122, 120, 254, 247, 13, 181, 133, 115, 94, 10, 115,
       76, 58, 111, 165, 190, 118, 138, 200, 112, 135, 187, 42, 0, 86,
       225, 87, 138, 248, 64, 45, 1, 242, 2, 143, 27, 52, 200, 234, 145,
       159, 145, 8, 191, 65, 204, 151, 249, 154, 193, 55, 136, 117, 130,
       198, 236, 217, 254, 188, 32, 174, 175, 218, 179, 25, 208, 252,
       234, 248, 66, 151, 127, 125, 191, 115, 77, 139, 251, 168, 30, 239,
       252, 156, 243, 129, 8, 199, 174, 247, 246, 174, 35, 158, 174, 223,
       179, 18, 208, 237, 235, 212, 11, 151, 119, 125, 189, 176, 109,
       143, 255, 40, 62, 223, 252, 140, 241, 147, 137, 110, 144, 248,
       248, 181, 246, 216, 153, 155, 153, 53, 59, 222, 255, 60, 25, 159,
       241, 149, 49, 178, 96, 26, 221, 203, 223, 255, 223, 215, 229, 71,
       19, 250, 56, 172, 244, 139, 117, 144, 87, 155, 255, 144, 127, 44,
       188, 70, 170, 141, 183, 253, 145, 189, 111, 243, 194, 91, 87, 216,
       187, 203, 76, 158, 95, 184, 240, 18, 250, 57, 205, 80, 68, 169,
       44, 161, 9, 46, 223, 41, 145, 186, 185, 197, 66, 78, 39, 24, 189,
       243, 209, 2, 59, 82, 22, 15, 11, 186, 188, 148, 90, 203, 253, 17,
       206, 191, 31, 164, 25, 46, 183, 70, 30, 141, 211, 235, 16, 38,
       111, 50, 115, 91, 214, 20, 123, 211, 68, 174, 95, 129, 188, 149,
       185, 236, 173, 173, 159, 94, 51, 56, 92, 182, 57, 80, 9, 143, 11,
       50, 13, 19, 124, 91, 113, 141, 152, 85, 124, 152, 72, 129, 184,
       167, 140, 183, 254, 252, 35, 222, 239, 223, 130, 242, 112, 230,
       248, 60, 97, 223, 127, 63, 39, 248, 235, 10, 190, 184, 190, 199,
       30, 212, 248, 240, 133, 32, 108, 120, 79, 84, 203, 99, 116, 84,
       164, 252, 10, 19, 17, 147, 49, 88, 188, 2, 106, 232, 190, 113, 30,
       103, 141, 32, 48, 119, 186, 94, 168, 167, 142, 215, 158, 252, 171,
       206, 238, 223, 162, 242, 216, 230, 232, 52, 65, 219, 111, 111, 47,
       48, 239, 10, 255, 184, 62, 87, 60, 212, 232, 241, 137, 217, 77,
       82, 109, 212, 138, 111, 231, 245, 130, 110, 2, 115, 161, 177, 113,
       122, 230, 46, 234, 104, 189, 4, 111, 246, 239, 230, 0, 99, 248,
       224, 40, 34, 189, 146, 248, 221, 141, 86, 207, 155, 161, 248, 75,
       46, 251, 100, 144, 217, 187, 147, 16, 90, 43, 154, 243, 187, 148,
       29, 123, 216, 72, 138, 138, 109, 79, 93, 103, 52, 10, 111, 180,
       100, 160, 254, 204, 211, 99, 145, 113, 90, 228, 76, 110, 233, 176,
       109, 44, 230, 235, 37, 0, 109, 187, 66, 40, 50, 123, 122, 104,
       119, 217, 246, 118, 237, 76, 120, 108, 42, 157, 183, 48, 190, 251,
       87, 64, 198, 187, 52, 255, 115, 220, 36, 139, 103, 152, 102, 207,
       98, 123, 91, 76, 114, 196, 58, 70, 171, 76, 248, 237, 44, 142,
       165, 80, 230, 255, 71, 214, 195, 139, 162, 109, 52, 52, 46, 138,
       0, 17, 39, 249, 188, 81, 18, 232, 105, 77, 86, 249, 41, 28, 161,
       9, 47, 219, 40, 17, 184, 153, 199, 98, 108, 39, 26, 189, 243, 217,
       1, 63, 114, 23, 206, 131, 244, 67, 70, 206, 12, 2, 70, 96, 229, 4,
       179, 2, 67, 72, 53, 87, 120, 196, 110, 226, 108, 231, 77, 237,
       176, 170, 195, 23, 113, 59, 112, 4, 42, 144, 254, 232, 61, 199,
       216, 25, 91, 121, 181, 57, 94, 157, 60, 44, 151, 149, 181, 17,
       154, 235, 27, 213, 203, 251, 89, 215, 86, 140, 135, 119, 1, 110,
       239, 209, 212, 191, 161, 87, 84, 171, 86, 114, 176, 57, 213, 41,
       41, 42, 22, 153, 160, 252, 37, 78, 111, 15, 182, 128, 229, 216,
       241, 169, 32, 68, 120, 79, 84, 207, 195, 112, 68, 164, 239, 10,
       115, 17, 23, 48, 88, 188, 66, 106, 200, 178, 121, 60, 103, 143, 0,
       16, 113, 154, 86, 168, 133, 188, 147, 92, 242, 189, 52, 183, 188,
       10, 120, 112, 190, 242, 133, 181, 183, 51, 94, 40, 115, 76, 34,
       95, 45, 158, 118, 10, 216, 112, 131, 173, 218, 94, 118, 124, 43,
       218, 87, 50, 161, 198, 230, 169, 107, 159, 131, 247, 38, 244, 253,
       66, 108, 133, 167, 173, 211, 251, 64, 147, 35, 181, 46, 127, 233,
       88, 149, 101, 96, 14, 101, 60, 104, 186, 34, 76, 215, 51, 129,
       187, 134, 68, 108, 110, 225, 244, 209, 12, 228, 187, 97, 20, 72,
       176, 67, 41, 60, 81, 83, 236, 85, 6, 66, 104, 5, 0, 243, 199, 67,
       137, 37, 80, 248, 140, 6, 98, 77, 179, 16, 140, 178, 237, 128, 4,
       41, 191, 112, 144, 13, 176, 88, 195, 237, 125, 241, 153, 79, 127,
       181, 94, 222, 89, 218, 172, 191, 11, 222, 57, 183, 116, 249, 210,
       207, 217, 59, 245, 222, 143, 217, 215, 50, 41, 80, 205, 95, 139,
       202, 64, 107, 160, 240, 10, 43, 136, 21, 148, 186, 189, 71, 65,
       12, 187, 192, 222, 151, 220, 1, 51, 101, 14, 82, 134, 244, 98,
       254, 116, 77, 13, 85, 92, 243, 190, 180, 24, 82, 217, 69, 59, 168,
       244, 109, 106, 104, 103, 138, 0, 243, 217, 69, 63, 67, 185, 70,
       43, 71, 114, 153, 18, 168, 45, 49, 154, 186, 251, 149, 253, 148,
       151, 203, 90, 135, 25, 108, 20, 131, 69, 235, 114, 220, 20, 63,
       254, 136, 81, 11, 81, 136, 136, 185, 251, 48, 237, 83, 150, 22,
       15, 68, 48, 183, 23, 160, 120, 213, 58, 61, 8, 58, 156, 99, 63,
       227, 143, 48, 208, 146, 200, 132, 107, 1, 172, 145, 251, 204, 173,
       168, 143, 14, 49, 72, 72, 183, 49, 80, 128, 129, 10, 50, 28, 19,
       56, 91, 49, 141, 156, 31, 112, 152, 72, 129, 168, 204, 98, 204,
       53, 40, 43, 96, 152, 190, 178, 163, 253, 215, 33, 219, 155, 7, 68,
       108, 62, 40, 116, 207, 0, 204, 243, 117, 21, 200, 241, 74, 17, 89,
       184, 151, 254, 139, 228, 16, 222, 175, 153, 174, 76, 254, 247, 65,
       255, 165, 247, 253, 16, 19, 75, 155, 241, 153, 243, 95, 122, 138,
       83, 171, 59, 104, 173, 121, 101, 180, 110, 103, 55, 112, 172, 126,
       8, 243, 53, 128, 48, 18, 246, 76, 40, 120, 184, 113, 46, 239, 239,
       37, 0, 96, 234, 70, 104, 178, 186, 167, 184, 234, 143, 176, 219,
       55, 235, 240, 251, 118, 255, 132, 56, 253, 255, 247, 16, 186, 255,
       73, 215, 159, 82, 125, 218, 209, 236, 38, 247, 252, 72, 252, 126,
       45, 30, 86, 16, 225, 42, 167, 8, 123, 89, 17, 251, 192, 228, 108,
       74, 104, 103, 200, 40, 211, 251, 225, 25, 114, 179, 86, 34, 109,
       195, 65, 71, 148, 26, 103, 189, 117, 97, 102, 204, 211, 97, 152,
       244, 120, 206, 108, 124, 187, 176, 109, 47, 46, 174, 37, 68, 239,
       179, 210, 36, 58, 176, 116, 105, 45, 247, 209, 217, 71, 125, 247,
       57, 10, 29, 222, 124, 205, 157, 181, 17, 158, 58, 123, 149, 211,
       249, 144, 247, 87, 12, 244, 119, 203, 83, 126, 108, 107, 91, 93,
       56, 133, 206, 22, 173, 221, 223, 147, 50, 6, 53, 253, 239, 196, 5,
       247, 152, 71, 249, 105, 191, 54, 166, 15, 115, 32, 128, 189, 155,
       77, 237, 240, 79, 222, 25, 64, 17, 180, 216, 108, 72, 201, 10, 35,
       17, 18, 110, 82, 241, 5, 16, 90, 107, 208, 8, 245, 170, 2, 149,
       169, 185, 223, 225, 181, 239, 30, 85, 72, 179, 172, 255, 44, 64,
       235, 27, 147, 145, 50, 26, 18, 215, 109, 22, 158, 111, 148, 76,
       181, 250, 77, 49, 152, 225, 240, 46, 120, 25, 58, 177, 103, 80,
