%YAML:1.0
---
descriptors: !!opencv-matrix
   rows: 175
   cols: 32
   dt: u
   data: [ 248, 217, 126, 110, 9, 86, 87, 176, 161, 136, 166, 8, 123,
       255, 32, 115, 192, 244, 253, 106, 104, 227, 186, 44, 243, 233,
       100, 25, 99, 242, 110, 42, 13, 180, 48, 227, 253, 61, 240, 25, 79,
       125, 61, 57, 206, 121, 222, 172, 159, 10, 238, 60, 150, 120, 255,
       212, 207, 223, 21, 127, 214, 142, 217, 199, 229, 205, 77, 71, 244,
       30, 102, 180, 89, 224, 110, 72, 115, 48, 149, 245, 88, 230, 38,
       110, 253, 186, 125, 46, 39, 251, 197, 16, 122, 187, 88, 172, 182,
       39, 96, 69, 82, 2, 235, 120, 49, 164, 246, 167, 73, 7, 133, 20,
       126, 252, 7, 238, 120, 158, 229, 78, 60, 44, 171, 196, 39, 163,
       102, 240, 2, 163, 149, 155, 252, 169, 172, 143, 30, 49, 17, 249,
       156, 226, 200, 8, 207, 27, 107, 17, 19, 88, 203, 209, 12, 18, 126,
       236, 156, 72, 129, 169, 9, 93, 87, 69, 116, 47, 235, 54, 108, 72,
       126, 68, 222, 49, 132, 52, 54, 124, 86, 44, 129, 184, 49, 108,
       103, 190, 96, 128, 74, 224, 67, 169, 198, 172, 217, 254, 254, 160,
       190, 174, 187, 147, 16, 154, 237, 235, 88, 66, 183, 123, 125, 145,
       50, 68, 138, 243, 172, 150, 223, 238, 132, 113, 131, 8, 91, 250,
       182, 85, 163, 222, 124, 55, 255, 127, 102, 21, 46, 191, 38, 253,
       167, 63, 253, 12, 212, 221, 178, 193, 131, 251, 86, 195, 66, 196,
       167, 127, 3, 125, 91, 229, 178, 158, 190, 119, 188, 192, 90, 228,
       189, 182, 161, 112, 166, 127, 31, 204, 193, 152, 52, 238, 164,
       253, 46, 128, 12, 144, 163, 185, 122, 41, 114, 76, 245, 221, 94,
       71, 235, 140, 252, 9, 42, 187, 119, 180, 248, 250, 199, 88, 30,
       43, 176, 249, 59, 221, 4, 59, 99, 142, 110, 158, 81, 77, 222, 213,
       52, 138, 111, 38, 124, 128, 126, 2, 121, 163, 177, 116, 114, 238,
       62, 200, 96, 248, 5, 238, 230, 175, 230, 0, 37, 176, 97, 168, 50,
       112, 115, 192, 76, 7, 232, 88, 45, 168, 176, 79, 2, 27, 53, 52,
       254, 153, 95, 225, 140, 35, 81, 200, 215, 216, 139, 190, 125, 41,
       118, 183, 72, 252, 184, 115, 153, 237, 21, 142, 59, 63, 172, 25,
       174, 55, 66, 27, 129, 83, 233, 16, 50, 72, 251, 115, 239, 215, 29,
       123, 210, 80, 135, 107, 133, 164, 221, 241, 236, 41, 233, 27, 254,
       179, 49, 218, 157, 171, 216, 43, 43, 15, 110, 24, 51, 124, 207,
       210, 204, 146, 127, 108, 204, 200, 131, 160, 106, 50, 252, 197,
       109, 93, 249, 91, 171, 253, 244, 173, 136, 159, 214, 63, 78, 181,
       255, 129, 133, 107, 246, 192, 87, 89, 210, 235, 79, 140, 79, 255,
       252, 65, 94, 236, 13, 86, 95, 232, 177, 166, 230, 10, 91, 119, 39,
       243, 248, 213, 253, 234, 104, 199, 177, 236, 243, 251, 199, 17,
       35, 63, 124, 34, 244, 72, 207, 148, 78, 42, 108, 64, 249, 178,
       179, 90, 95, 35, 1, 91, 107, 229, 108, 234, 104, 103, 207, 234,
       148, 170, 250, 28, 37, 113, 99, 32, 77, 14, 149, 77, 172, 62, 103,
       186, 109, 202, 190, 68, 255, 115, 149, 254, 183, 70, 108, 46, 145,
       225, 171, 77, 135, 255, 119, 20, 202, 227, 67, 37, 77, 53, 153,
       225, 240, 46, 120, 27, 58, 179, 107, 80, 221, 51, 72, 250, 183,
       31, 116, 56, 19, 208, 153, 2, 207, 237, 55, 68, 168, 224, 139,
       161, 50, 40, 80, 156, 77, 153, 248, 66, 235, 32, 224, 11, 46, 152,
       20, 20, 170, 169, 123, 193, 14, 43, 194, 241, 151, 92, 16, 59, 69,
       12, 74, 142, 244, 99, 220, 101, 138, 11, 71, 184, 32, 164, 174,
       168, 211, 97, 201, 19, 58, 212, 108, 98, 72, 225, 205, 8, 244,
       161, 101, 53, 97, 123, 70, 34, 254, 111, 233, 35, 252, 91, 207,
       200, 82, 228, 177, 171, 67, 204, 223, 154, 91, 204, 197, 255, 254,
       118, 237, 178, 124, 65, 165, 253, 229, 191, 214, 244, 110, 227,
       236, 183, 188, 89, 207, 188, 22, 255, 151, 239, 193, 239, 218, 66,
       95, 198, 237, 247, 218, 71, 239, 177, 238, 199, 239, 253, 183,
       191, 148, 113, 121, 205, 90, 71, 85, 30, 102, 228, 121, 130, 110,
       0, 115, 48, 53, 244, 120, 236, 34, 110, 237, 188, 61, 47, 55, 239,
       5, 0, 107, 187, 90, 140, 8, 237, 19, 78, 145, 194, 70, 239, 245,
       1, 238, 0, 254, 243, 40, 244, 88, 250, 202, 232, 122, 139, 24,
       127, 187, 244, 4, 72, 66, 210, 162, 42, 9, 25, 87, 69, 113, 142,
       102, 55, 109, 136, 126, 68, 252, 51, 128, 244, 38, 102, 118, 104,
       193, 184, 17, 108, 102, 255, 32, 128, 74, 160, 107, 169, 196, 174,
       140, 183, 214, 168, 38, 143, 190, 147, 74, 82, 245, 226, 73, 66,
       113, 110, 42, 152, 50, 220, 206, 227, 236, 166, 183, 68, 160, 115,
       161, 136, 236, 227, 244, 119, 173, 31, 70, 184, 83, 186, 183, 89,
       211, 105, 89, 139, 89, 68, 108, 122, 120, 101, 203, 176, 111, 219,
       101, 125, 99, 184, 216, 2, 224, 140, 215, 254, 252, 171, 204, 238,
       223, 19, 248, 88, 239, 232, 60, 73, 211, 107, 110, 41, 50, 107,
       202, 255, 168, 186, 87, 126, 212, 232, 193, 140, 9, 125, 107, 65,
       212, 171, 225, 87, 84, 161, 126, 70, 49, 57, 181, 40, 105, 170,
       18, 152, 161, 184, 53, 78, 110, 15, 180, 0, 239, 216, 80, 168,
       118, 122, 188, 176, 139, 108, 20, 142, 171, 254, 128, 57, 135,
       254, 67, 27, 129, 213, 237, 17, 14, 71, 219, 0, 217, 195, 93, 63,
       160, 117, 7, 83, 29, 23, 228, 37, 178, 58, 126, 25, 60, 236, 95,
       231, 221, 45, 147, 192, 54, 93, 191, 167, 149, 144, 101, 138, 230,
       239, 43, 132, 239, 247, 9, 81, 104, 168, 152, 48, 41, 189, 80, 2,
       235, 185, 160, 25, 174, 152, 70, 154, 129, 167, 236, 16, 30, 107,
       194, 16, 143, 213, 17, 123, 192, 12, 75, 15, 132, 253, 21, 187,
       153, 143, 166, 237, 158, 16, 160, 64, 180, 210, 40, 229, 216, 59,
       74, 98, 115, 11, 90, 125, 168, 144, 15, 126, 24, 26, 129, 136,
       122, 188, 156, 56, 169, 249, 16, 199, 187, 87, 164, 61, 46, 175,
       70, 158, 133, 179, 237, 16, 62, 79, 242, 243, 219, 215, 84, 123,
       146, 68, 142, 95, 244, 107, 190, 86, 109, 12, 213, 64, 201, 190,
       180, 8, 106, 217, 85, 27, 136, 244, 101, 74, 104, 103, 226, 168,
       115, 217, 69, 59, 67, 184, 70, 171, 197, 36, 221, 177, 238, 40,
       233, 83, 251, 179, 179, 90, 159, 171, 217, 27, 47, 133, 110, 153,
       51, 101, 199, 194, 156, 154, 127, 108, 204, 225, 3, 160, 157, 150,
       220, 251, 138, 35, 94, 154, 23, 59, 157, 246, 89, 115, 201, 123,
       95, 215, 253, 178, 187, 71, 79, 183, 218, 195, 255, 254, 189, 241,
       168, 19, 44, 171, 152, 91, 217, 221, 82, 133, 231, 29, 236, 8,
       162, 243, 6, 52, 201, 186, 194, 24, 30, 42, 106, 53, 175, 221, 20,
       123, 210, 2, 206, 143, 241, 93, 253, 109, 42, 78, 71, 56, 112, 98,
       98, 72, 247, 55, 129, 115, 114, 212, 60, 106, 105, 212, 253, 43,
       229, 171, 96, 20, 48, 243, 70, 112, 77, 79, 123, 103, 52, 10, 111,
       188, 105, 200, 126, 108, 243, 97, 145, 115, 18, 228, 108, 110,
       201, 176, 237, 44, 230, 249, 37, 128, 110, 187, 194, 40, 1, 75,
       90, 69, 52, 159, 235, 55, 109, 136, 126, 100, 171, 0, 150, 180,
       34, 38, 110, 76, 196, 184, 37, 111, 38, 252, 50, 0, 78, 128, 203,
       13, 20, 63, 221, 111, 178, 162, 83, 144, 164, 136, 255, 96, 119,
       119, 129, 82, 22, 246, 77, 248, 58, 129, 73, 46, 233, 173, 37,
       144, 160, 243, 100, 33, 249, 191, 149, 189, 173, 47, 92, 190, 63,
       186, 184, 104, 191, 51, 1, 179, 133, 255, 124, 8, 185, 107, 195,
       155, 187, 223, 101, 188, 90, 232, 75, 9, 132, 174, 215, 153, 222,
       170, 47, 175, 190, 146, 64, 210, 253, 227, 224, 65, 51, 111, 106,
       186, 50, 76, 142, 255, 172, 134, 255, 108, 168, 112, 161, 168,
       223, 127, 19, 170, 250, 132, 63, 248, 172, 200, 217, 102, 124,
       211, 169, 224, 246, 105, 159, 254, 211, 3, 170, 239, 248, 189, 47,
       202, 24, 179, 35, 145, 155, 185, 149, 249, 171, 165, 153, 247,
       191, 59, 148, 118, 188, 183, 64, 239, 231, 63, 255, 24, 179, 75,
       211, 241, 157, 219, 127, 250, 154, 64, 171, 187, 132, 111, 83,
       186, 176, 129, 111, 244, 189, 136, 121, 228, 253, 195, 169, 16,
       54, 107, 6, 122, 115, 139, 12, 239, 232, 220, 46, 200, 12, 147,
