%YAML:1.0
---
descriptors: !!opencv-matrix
   rows: 189
   cols: 32
   dt: u
   data: [ 157, 207, 110, 163, 182, 2, 111, 176, 36, 29, 155, 231, 247,
       43, 155, 67, 110, 199, 29, 255, 250, 217, 13, 172, 248, 225, 174,
       196, 45, 151, 177, 89, 76, 17, 159, 241, 136, 110, 61, 55, 172,
       185, 202, 0, 220, 55, 0, 106, 165, 119, 121, 144, 17, 216, 83, 64,
       205, 167, 127, 64, 136, 115, 165, 51, 216, 252, 25, 224, 58, 204,
       19, 188, 190, 97, 130, 56, 191, 151, 64, 112, 182, 85, 124, 80,
       123, 13, 186, 51, 249, 165, 47, 124, 8, 16, 133, 59, 170, 251, 40,
       184, 253, 217, 146, 239, 158, 21, 88, 187, 172, 156, 98, 128, 207,
       27, 131, 81, 86, 42, 194, 183, 110, 85, 158, 251, 84, 12, 159,
       219, 141, 92, 223, 244, 100, 174, 105, 82, 252, 202, 118, 84, 125,
       179, 177, 123, 98, 108, 50, 206, 161, 245, 182, 106, 70, 171, 114,
       0, 8, 241, 105, 176, 70, 237, 144, 182, 221, 200, 254, 172, 187,
       179, 0, 11, 236, 234, 93, 194, 179, 107, 249, 211, 102, 64, 138,
       243, 173, 86, 207, 111, 132, 119, 31, 6, 213, 203, 78, 175, 54, 2,
       111, 184, 116, 224, 214, 199, 113, 75, 155, 97, 126, 229, 125,
       239, 237, 148, 93, 111, 244, 171, 239, 132, 45, 179, 56, 17, 89,
       197, 87, 197, 147, 66, 111, 191, 37, 225, 142, 194, 93, 39, 136,
       228, 118, 214, 157, 248, 89, 153, 53, 204, 185, 236, 143, 196,
       170, 198, 161, 56, 250, 88, 255, 244, 46, 78, 93, 180, 169, 222,
       182, 63, 127, 63, 135, 91, 230, 213, 253, 226, 233, 199, 243, 232,
       211, 251, 230, 150, 47, 241, 100, 123, 4, 45, 151, 161, 212, 39,
       170, 206, 46, 145, 74, 67, 149, 162, 97, 66, 107, 75, 42, 220, 18,
       217, 3, 98, 253, 134, 143, 4, 128, 113, 161, 136, 130, 164, 68,
       155, 218, 137, 168, 175, 62, 49, 65, 247, 141, 98, 200, 193, 103,
       11, 234, 145, 51, 88, 207, 87, 12, 38, 62, 229, 188, 0, 137, 152,
       117, 239, 192, 101, 220, 58, 78, 175, 115, 178, 168, 8, 67, 98,
       93, 50, 89, 206, 64, 126, 126, 86, 205, 46, 172, 142, 133, 117,
       161, 243, 218, 4, 48, 189, 156, 255, 202, 164, 85, 255, 35, 151,
       237, 25, 54, 247, 64, 27, 167, 243, 117, 128, 26, 74, 219, 113,
       219, 187, 84, 106, 176, 64, 166, 171, 244, 104, 147, 36, 9, 106,
       70, 64, 41, 226, 162, 72, 114, 54, 69, 63, 40, 245, 104, 226, 41,
       103, 144, 74, 145, 162, 71, 58, 233, 113, 102, 58, 82, 152, 146,
       178, 179, 209, 148, 231, 185, 23, 160, 42, 44, 190, 38, 189, 235,
       187, 143, 145, 116, 79, 0, 232, 185, 214, 94, 123, 144, 84, 175,
       15, 121, 159, 127, 108, 58, 30, 79, 185, 224, 200, 174, 236, 115,
       101, 146, 115, 54, 230, 108, 110, 249, 171, 253, 45, 242, 233, 97,
       144, 107, 242, 106, 113, 9, 158, 60, 123, 48, 143, 67, 178, 86,
       13, 206, 68, 242, 83, 160, 112, 84, 58, 12, 76, 138, 136, 105, 63,
       227, 175, 32, 208, 16, 139, 64, 41, 92, 50, 184, 35, 176, 42, 114,
       24, 42, 188, 179, 121, 223, 91, 201, 26, 183, 221, 93, 51, 24,
       116, 201, 64, 220, 201, 43, 229, 192, 99, 3, 131, 234, 188, 190,
       120, 169, 253, 16, 206, 155, 159, 164, 25, 174, 249, 102, 159,
       129, 115, 233, 16, 54, 111, 202, 51, 219, 211, 85, 123, 210, 76,
       142, 11, 58, 25, 50, 184, 161, 221, 84, 103, 185, 7, 224, 25, 142,
       186, 38, 217, 163, 187, 209, 1, 116, 187, 16, 252, 177, 215, 94,
       59, 208, 116, 143, 66, 152, 20, 151, 252, 131, 110, 53, 231, 185,
       27, 98, 48, 30, 183, 32, 91, 163, 215, 101, 16, 48, 255, 2, 98,
       217, 242, 118, 67, 192, 81, 167, 43, 187, 126, 96, 42, 119, 159,
       218, 248, 89, 96, 245, 239, 43, 76, 151, 181, 62, 169, 213, 103,
       239, 54, 124, 191, 178, 217, 1, 187, 127, 175, 90, 221, 91, 221,
       70, 193, 145, 182, 78, 247, 37, 137, 222, 70, 75, 51, 160, 244,
       113, 246, 156, 184, 89, 137, 49, 206, 186, 254, 134, 198, 171,
       198, 168, 52, 173, 253, 247, 74, 237, 93, 230, 216, 207, 154, 61,
       96, 218, 216, 253, 175, 27, 88, 198, 122, 195, 97, 62, 240, 35,
       217, 101, 44, 91, 251, 200, 165, 109, 117, 61, 238, 60, 15, 95,
       248, 111, 232, 189, 76, 223, 121, 25, 48, 220, 196, 126, 110, 137,
       99, 123, 157, 243, 255, 37, 188, 72, 187, 66, 49, 70, 237, 148,
       183, 157, 200, 54, 172, 186, 147, 128, 19, 228, 226, 72, 203, 225,
       235, 232, 211, 102, 72, 202, 243, 189, 150, 223, 111, 128, 119,
       191, 134, 100, 68, 222, 254, 125, 11, 218, 232, 223, 128, 249, 8,
       207, 235, 41, 80, 211, 117, 111, 98, 32, 99, 75, 223, 251, 255,
       71, 63, 208, 187, 37, 130, 2, 161, 162, 145, 213, 114, 173, 207,
       122, 245, 91, 18, 128, 184, 126, 44, 217, 31, 50, 145, 146, 248,
       181, 192, 45, 30, 159, 103, 132, 68, 245, 230, 170, 255, 24, 187,
       95, 157, 184, 238, 30, 53, 16, 191, 173, 140, 98, 129, 175, 27,
       131, 85, 102, 46, 90, 183, 239, 209, 30, 251, 84, 28, 159, 155,
       30, 180, 60, 186, 75, 117, 16, 232, 41, 23, 233, 58, 95, 222, 42,
       217, 247, 155, 149, 163, 30, 3, 26, 213, 211, 211, 91, 127, 178,
       71, 175, 83, 29, 24, 155, 246, 199, 230, 107, 82, 116, 203, 111,
       18, 92, 243, 33, 104, 245, 125, 50, 154, 33, 244, 178, 226, 87,
       239, 83, 0, 169, 97, 33, 160, 2, 162, 68, 155, 252, 137, 168, 143,
       30, 49, 17, 255, 141, 2, 216, 137, 79, 11, 238, 21, 19, 72, 79,
       213, 12, 18, 191, 253, 156, 136, 137, 145, 108, 219, 124, 106,
       252, 162, 147, 184, 234, 28, 189, 104, 66, 232, 175, 122, 213,
       116, 236, 115, 160, 35, 106, 52, 124, 247, 103, 223, 208, 115,
       118, 35, 220, 164, 156, 250, 232, 102, 89, 157, 179, 63, 161, 25,
       95, 115, 72, 90, 213, 151, 109, 48, 58, 71, 219, 19, 219, 231,
       119, 124, 176, 192, 166, 3, 188, 81, 246, 228, 229, 70, 254, 247,
       113, 143, 242, 19, 91, 61, 50, 88, 254, 222, 181, 226, 252, 191,
       17, 138, 251, 239, 246, 69, 231, 252, 254, 219, 180, 197, 115,
       207, 244, 11, 239, 252, 84, 164, 255, 66, 115, 65, 188, 100, 122,
       204, 22, 234, 233, 178, 109, 63, 127, 236, 165, 132, 119, 186,
       244, 160, 85, 72, 78, 167, 38, 2, 111, 184, 100, 226, 215, 198,
       115, 99, 147, 113, 118, 228, 61, 239, 201, 148, 77, 46, 244, 175,
       239, 132, 45, 179, 112, 17, 194, 147, 186, 188, 175, 236, 181, 7,
       154, 69, 146, 19, 172, 190, 102, 66, 230, 51, 251, 17, 54, 9, 178,
       227, 251, 117, 158, 251, 148, 76, 181, 95, 241, 219, 127, 109, 36,
       14, 103, 181, 116, 238, 246, 102, 115, 55, 130, 113, 116, 228, 44,
       238, 233, 244, 113, 46, 246, 171, 229, 128, 41, 186, 244, 121,
       124, 114, 249, 116, 105, 108, 81, 216, 187, 255, 180, 45, 79, 247,
       207, 30, 183, 221, 229, 48, 138, 115, 170, 0, 219, 221, 101, 191,
       226, 245, 70, 115, 23, 65, 223, 229, 3, 78, 126, 32, 45, 128, 98,
       128, 223, 39, 1, 246, 54, 213, 123, 238, 65, 144, 21, 204, 175,
       239, 71, 0, 35, 178, 3, 160, 120, 93, 23, 236, 29, 214, 86, 39,
       197, 200, 234, 0, 122, 55, 33, 243, 192, 246, 204, 96, 105, 139,
       17, 173, 243, 241, 4, 19, 58, 56, 124, 58, 248, 160, 190, 152,
       205, 245, 81, 67, 234, 87, 164, 26, 46, 134, 98, 223, 233, 131,
       234, 152, 62, 111, 242, 209, 219, 67, 218, 123, 211, 76, 238, 110,
       122, 253, 36, 4, 219, 87, 150, 239, 129, 166, 140, 11, 40, 188,
       71, 150, 105, 247, 209, 227, 124, 11, 250, 175, 59, 7, 141, 63,
       115, 126, 190, 222, 125, 87, 65, 71, 176, 30, 79, 184, 113, 234,
       191, 108, 83, 113, 157, 244, 54, 196, 92, 110, 233, 176, 109, 46,
       106, 239, 37, 148, 111, 243, 82, 33, 245, 207, 233, 86, 188, 50,
       79, 252, 210, 162, 189, 232, 115, 233, 253, 51, 31, 230, 93, 110,
       252, 103, 172, 63, 250, 143, 101, 188, 245, 243, 194, 33, 161,
       229, 169, 67, 212, 47, 237, 255, 86, 179, 106, 94, 211, 97, 92,
       32, 29, 206, 18, 60, 248, 250, 89, 30, 109, 14, 149, 100, 217,
       218, 210, 168, 249, 113, 214, 100, 73, 30, 84, 116, 225, 130, 226,
       77, 106, 185, 5, 151, 216, 228, 224, 102, 77, 231, 144, 136, 51,
