%YAML:1.0
---
descriptors: !!opencv-matrix
   rows: 256
   cols: 32
   dt: u
   data: [ 109, 33, 208, 65, 237, 63, 230, 136, 123, 186, 36, 72, 210,
       120, 221, 188, 153, 76, 98, 122, 20, 118, 201, 18, 15, 158, 69,
       124, 194, 123, 218, 132, 8, 221, 59, 126, 161, 216, 55, 231, 236,
       14, 110, 32, 62, 183, 32, 52, 162, 115, 202, 66, 80, 57, 40, 115,
       243, 245, 20, 3, 82, 82, 167, 107, 115, 204, 43, 94, 180, 246, 94,
       167, 247, 75, 254, 32, 114, 250, 182, 112, 209, 226, 28, 156, 239,
       143, 101, 127, 58, 62, 182, 211, 154, 212, 248, 79, 207, 248, 191,
       255, 173, 156, 124, 188, 255, 218, 166, 20, 253, 255, 93, 123,
       197, 123, 123, 74, 227, 77, 251, 243, 207, 251, 223, 44, 138, 245,
       227, 154, 237, 141, 191, 251, 237, 237, 116, 167, 255, 27, 46, 24,
       254, 185, 112, 123, 193, 102, 122, 92, 114, 233, 251, 177, 239,
       251, 86, 89, 210, 216, 208, 42, 129, 177, 19, 237, 116, 141, 169,
       125, 124, 72, 113, 68, 181, 81, 48, 96, 180, 57, 22, 45, 227, 188,
       17, 95, 229, 172, 42, 8, 88, 2, 163, 185, 32, 172, 57, 250, 93,
       237, 64, 207, 223, 57, 160, 24, 182, 219, 64, 48, 137, 186, 66, 0,
       42, 46, 74, 55, 207, 215, 16, 123, 80, 8, 198, 170, 249, 73, 126,
       108, 13, 94, 86, 56, 225, 40, 166, 8, 115, 115, 34, 243, 192, 228,
       252, 106, 108, 171, 49, 173, 243, 235, 224, 17, 34, 186, 92, 42,
       246, 153, 212, 211, 215, 78, 94, 225, 89, 55, 243, 19, 74, 59, 46,
       223, 233, 215, 167, 210, 124, 254, 89, 226, 63, 250, 214, 67, 183,
       174, 248, 22, 73, 52, 252, 113, 160, 111, 117, 23, 238, 187, 102,
       28, 222, 51, 0, 59, 165, 22, 108, 8, 177, 240, 51, 16, 71, 171,
       116, 0, 202, 208, 195, 35, 243, 79, 70, 205, 54, 18, 78, 96, 69,
       164, 242, 226, 99, 8, 181, 229, 122, 228, 108, 238, 236, 163, 69,
       140, 178, 234, 195, 147, 117, 190, 120, 12, 138, 180, 140, 187,
       159, 255, 176, 143, 30, 123, 67, 51, 204, 250, 106, 200, 209, 11,
       187, 17, 54, 220, 203, 147, 142, 119, 218, 71, 152, 76, 153, 15,
       73, 198, 197, 153, 76, 137, 237, 61, 222, 115, 147, 86, 221, 194,
       184, 99, 123, 0, 106, 140, 103, 101, 111, 215, 236, 151, 254, 92,
       60, 136, 193, 96, 92, 94, 87, 227, 53, 34, 114, 208, 101, 160,
       191, 103, 91, 57, 25, 66, 104, 196, 77, 250, 8, 179, 9, 172, 250,
       233, 162, 4, 239, 243, 112, 19, 216, 252, 17, 250, 57, 205, 19,
       190, 62, 106, 160, 88, 191, 151, 64, 245, 149, 221, 221, 88, 107,
       79, 216, 55, 249, 240, 15, 122, 18, 16, 7, 59, 18, 207, 71, 207,
       178, 194, 111, 252, 36, 12, 218, 227, 97, 103, 176, 196, 126, 247,
       15, 238, 200, 155, 13, 253, 240, 164, 175, 128, 53, 242, 180, 41,
       166, 205, 145, 142, 253, 107, 183, 236, 154, 166, 185, 27, 236,
       250, 105, 7, 249, 243, 206, 227, 100, 103, 200, 238, 189, 22, 207,
       63, 151, 127, 245, 198, 245, 219, 78, 175, 22, 6, 79, 252, 4, 196,
       215, 231, 113, 99, 187, 65, 126, 228, 61, 239, 232, 147, 93, 173,
       240, 42, 239, 128, 45, 191, 112, 120, 219, 220, 191, 151, 133,
       254, 191, 231, 62, 247, 207, 23, 252, 54, 78, 111, 237, 247, 191,
       147, 191, 221, 251, 227, 253, 55, 223, 67, 138, 125, 189, 127, 0,
       161, 149, 155, 218, 233, 33, 143, 62, 49, 65, 148, 212, 226, 72,
       72, 115, 27, 106, 144, 51, 88, 219, 81, 12, 38, 30, 108, 152, 0,
       129, 160, 10, 140, 140, 187, 185, 181, 56, 143, 30, 91, 72, 21,
       172, 250, 34, 201, 193, 43, 187, 149, 54, 216, 83, 247, 207, 247,
       158, 195, 152, 68, 185, 154, 197, 130, 253, 193, 164, 46, 233, 25,
       105, 253, 151, 18, 211, 45, 220, 111, 87, 212, 124, 61, 185, 244,
       237, 128, 205, 186, 231, 212, 197, 234, 213, 113, 239, 252, 161,
       204, 253, 101, 159, 254, 139, 234, 156, 110, 60, 255, 245, 39,
       239, 247, 223, 231, 225, 75, 186, 254, 123, 94, 207, 190, 159,
       124, 51, 59, 56, 47, 66, 225, 213, 171, 114, 86, 69, 137, 122, 11,
       43, 57, 117, 144, 184, 170, 135, 144, 14, 186, 0, 174, 127, 205,
       132, 97, 227, 223, 94, 138, 1, 235, 19, 169, 244, 141, 172, 23,
       14, 9, 88, 64, 181, 147, 224, 224, 86, 42, 22, 24, 83, 152, 67,
       49, 172, 133, 62, 224, 24, 138, 129, 169, 71, 164, 181, 209, 205,
       109, 232, 75, 235, 179, 161, 24, 158, 184, 92, 43, 169, 135, 90,
       25, 22, 99, 218, 208, 13, 26, 85, 124, 192, 72, 195, 164, 68, 33,
       209, 3, 248, 107, 233, 9, 122, 181, 33, 24, 214, 102, 77, 26, 51,
       5, 72, 56, 18, 112, 233, 64, 13, 22, 13, 116, 192, 99, 71, 224,
       166, 132, 132, 154, 201, 241, 180, 207, 159, 23, 197, 19, 72, 234,
       110, 207, 233, 27, 163, 145, 54, 78, 90, 243, 95, 83, 222, 111,
       147, 92, 172, 134, 253, 98, 228, 1, 172, 27, 205, 152, 67, 246,
       180, 239, 195, 72, 223, 143, 91, 196, 108, 127, 204, 102, 237, 8,
       172, 74, 229, 180, 231, 255, 82, 69, 233, 152, 23, 124, 9, 206,
       17, 51, 204, 74, 226, 20, 182, 147, 32, 245, 192, 50, 234, 0, 105,
       175, 114, 31, 129, 250, 82, 26, 24, 8, 5, 43, 117, 64, 78, 172,
       12, 2, 74, 32, 37, 128, 235, 11, 83, 2, 33, 83, 248, 132, 108,
       230, 76, 131, 81, 12, 144, 160, 192, 16, 41, 42, 104, 0, 183, 123,
       241, 219, 166, 145, 86, 212, 95, 142, 208, 226, 162, 216, 229,
       232, 94, 250, 30, 82, 206, 200, 111, 168, 162, 24, 229, 155, 54,
       251, 212, 109, 201, 198, 156, 223, 110, 57, 57, 158, 206, 115,
       124, 84, 253, 162, 234, 107, 167, 79, 38, 44, 163, 116, 163, 211,
       198, 255, 114, 44, 156, 216, 1, 169, 162, 54, 132, 23, 233, 123,
       148, 123, 151, 191, 153, 125, 230, 124, 207, 143, 157, 118, 239,
       35, 172, 230, 75, 31, 4, 22, 125, 183, 194, 124, 158, 223, 197,
       232, 190, 255, 77, 220, 124, 156, 255, 154, 164, 24, 246, 251, 93,
       123, 193, 105, 123, 90, 98, 101, 250, 243, 223, 219, 223, 62, 208,
       113, 99, 138, 101, 237, 200, 103, 156, 46, 78, 174, 98, 161, 41,
       72, 211, 33, 89, 18, 17, 198, 104, 126, 91, 120, 217, 45, 172,
       158, 133, 116, 200, 243, 218, 40, 45, 189, 153, 95, 240, 141, 71,
       191, 126, 233, 108, 76, 246, 247, 193, 48, 221, 110, 54, 28, 147,
       56, 249, 51, 111, 159, 53, 116, 216, 242, 194, 249, 129, 132, 17,
       239, 52, 143, 105, 121, 116, 72, 113, 84, 247, 19, 184, 229, 92,
       8, 18, 44, 243, 180, 81, 31, 132, 168, 34, 64, 88, 128, 33, 160,
       54, 200, 212, 231, 21, 70, 222, 228, 57, 21, 251, 3, 106, 126, 12,
       214, 249, 213, 165, 210, 14, 242, 89, 225, 187, 250, 198, 71, 193,
       118, 238, 134, 209, 225, 29, 109, 52, 78, 71, 61, 101, 8, 230, 64,
       243, 19, 136, 116, 16, 4, 108, 104, 107, 168, 113, 31, 233, 173,
       36, 16, 106, 130, 64, 40, 210, 73, 103, 180, 7, 66, 69, 36, 181,
       134, 194, 3, 102, 163, 33, 83, 96, 229, 109, 226, 104, 207, 162,
       238, 177, 162, 198, 19, 33, 48, 52, 106, 72, 48, 61, 97, 32, 76,
       81, 19, 225, 136, 36, 8, 158, 19, 0, 18, 164, 20, 76, 40, 65, 96,
       177, 0, 195, 217, 96, 16, 64, 128, 66, 35, 7, 12, 220, 29, 203,
       61, 188, 75, 159, 207, 125, 159, 108, 108, 55, 190, 167, 163, 222,
       5, 53, 0, 103, 219, 38, 31, 89, 187, 255, 237, 137, 213, 77, 180,
       151, 241, 177, 46, 33, 23, 58, 187, 7, 84, 222, 115, 72, 250, 181,
       23, 124, 56, 51, 220, 153, 70, 237, 247, 127, 70, 136, 64, 131,
       49, 89, 151, 76, 165, 214, 26, 110, 255, 33, 166, 94, 230, 109,
       35, 153, 167, 55, 198, 84, 238, 225, 248, 173, 143, 254, 231, 111,
       132, 47, 246, 139, 173, 116, 97, 153, 232, 152, 105, 87, 136, 162,
       181, 168, 8, 87, 243, 73, 91, 17, 212, 105, 114, 26, 67, 203, 16,
       251, 129, 69, 125, 240, 123, 70, 34, 253, 120, 251, 100, 77, 78,
       87, 48, 225, 162, 166, 8, 19, 179, 65, 50, 32, 244, 124, 106, 73,
       39, 176, 10, 211, 233, 97, 60, 98, 224, 70, 34, 26, 236, 4, 155,
       29, 221, 74, 174, 143, 109, 156, 11, 174, 69, 22, 132, 33, 227,
       223, 221, 74, 9, 107, 255, 187, 86, 141, 251, 19, 15, 29, 110,
       250, 241, 252, 120, 203, 81, 21, 206, 163, 61, 164, 57, 47, 159,
