%YAML:1.0
---
descriptors: !!opencv-matrix
   rows: 172
   cols: 32
   dt: u
   data: [ 7, 251, 23, 83, 162, 141, 173, 237, 110, 121, 114, 228, 128,
       208, 252, 36, 175, 11, 114, 222, 211, 248, 47, 241, 44, 24, 95,
       230, 73, 22, 227, 189, 248, 191, 183, 120, 171, 205, 85, 103, 171,
       31, 172, 56, 46, 183, 64, 23, 163, 179, 237, 16, 122, 107, 162,
       49, 249, 208, 84, 123, 194, 64, 134, 107, 86, 245, 188, 190, 171,
       213, 159, 232, 158, 254, 141, 171, 204, 254, 79, 82, 183, 87, 253,
       247, 230, 67, 235, 243, 251, 87, 207, 191, 148, 119, 15, 87, 196,
       188, 159, 183, 169, 108, 61, 172, 190, 183, 3, 17, 252, 255, 75,
       75, 163, 87, 249, 210, 50, 221, 155, 227, 237, 243, 223, 67, 128,
       113, 133, 91, 3, 132, 129, 153, 240, 226, 104, 47, 62, 67, 75,
       212, 148, 34, 176, 116, 81, 15, 50, 157, 55, 152, 93, 87, 172, 46,
       154, 196, 156, 64, 177, 84, 65, 133, 139, 141, 148, 98, 239, 47,
       116, 67, 75, 82, 241, 114, 152, 224, 81, 206, 58, 173, 183, 152,
       125, 95, 44, 46, 158, 68, 141, 64, 240, 116, 36, 166, 113, 65,
       240, 127, 227, 152, 99, 191, 63, 24, 211, 85, 204, 60, 29, 156,
       68, 58, 25, 116, 105, 20, 79, 158, 37, 116, 195, 163, 198, 224,
       174, 252, 252, 87, 205, 127, 244, 255, 219, 255, 181, 27, 74, 125,
       31, 191, 205, 214, 243, 42, 244, 231, 123, 238, 127, 91, 213, 55,
       211, 253, 222, 246, 229, 113, 93, 1, 228, 91, 230, 184, 104, 232,
       50, 108, 211, 56, 221, 175, 18, 68, 124, 107, 197, 240, 93, 12,
       44, 25, 101, 52, 76, 187, 91, 21, 164, 172, 181, 93, 249, 249, 71,
       170, 214, 183, 168, 56, 226, 245, 68, 182, 137, 122, 104, 18, 58,
       110, 235, 63, 45, 158, 85, 127, 208, 105, 198, 170, 199, 48, 250,
       82, 235, 60, 60, 143, 187, 243, 167, 153, 78, 254, 95, 190, 167,
       223, 249, 21, 182, 79, 190, 226, 31, 91, 85, 127, 198, 245, 143,
       86, 166, 182, 232, 82, 234, 253, 157, 207, 155, 119, 53, 189, 158,
       220, 222, 25, 143, 91, 215, 21, 182, 110, 250, 243, 95, 29, 21,
       255, 213, 204, 214, 223, 241, 93, 209, 69, 96, 94, 110, 54, 33,
       226, 234, 96, 19, 55, 133, 246, 116, 212, 116, 232, 105, 216, 241,
       14, 37, 174, 229, 4, 43, 240, 74, 56, 71, 190, 172, 62, 184, 173,
       159, 175, 158, 223, 88, 189, 245, 238, 246, 65, 151, 107, 127, 21,
       246, 78, 238, 55, 108, 55, 127, 248, 156, 116, 135, 219, 139, 180,
       244, 213, 119, 254, 249, 119, 63, 239, 214, 183, 172, 63, 150,
       237, 239, 191, 255, 133, 181, 220, 113, 223, 95, 127, 186, 195,
       158, 204, 109, 223, 117, 149, 87, 78, 216, 78, 79, 172, 225, 192,
       170, 72, 115, 119, 141, 119, 112, 246, 124, 106, 121, 3, 253, 109,
       59, 170, 69, 92, 97, 242, 226, 36, 189, 107, 224, 23, 76, 27, 207,
       240, 83, 230, 244, 207, 67, 104, 215, 143, 88, 236, 70, 238, 236,
       118, 236, 170, 118, 73, 229, 61, 103, 189, 94, 196, 96, 254, 155,
       244, 108, 141, 164, 103, 232, 170, 56, 92, 180, 177, 68, 3, 169,
       51, 66, 1, 113, 107, 146, 106, 53, 150, 118, 58, 72, 88, 195, 139,
       3, 10, 86, 159, 44, 179, 184, 122, 159, 24, 210, 226, 236, 250,
       181, 237, 238, 51, 191, 135, 134, 153, 71, 253, 6, 122, 250, 130,
       30, 141, 57, 141, 253, 104, 224, 87, 77, 31, 198, 196, 83, 226,
       164, 8, 34, 152, 87, 190, 137, 236, 232, 66, 205, 247, 221, 32,
       23, 75, 85, 59, 107, 127, 90, 12, 45, 116, 91, 225, 52, 110, 107,
       48, 105, 232, 251, 108, 215, 19, 153, 176, 126, 156, 94, 106, 201,
       176, 101, 14, 228, 255, 34, 148, 76, 251, 66, 177, 212, 238, 154,
       167, 178, 42, 31, 223, 54, 167, 142, 181, 215, 231, 43, 64, 55,
       127, 77, 54, 122, 133, 137, 46, 249, 167, 45, 213, 160, 243, 133,
       83, 215, 94, 255, 255, 174, 102, 222, 246, 156, 90, 210, 118, 245,
       254, 181, 107, 238, 247, 63, 227, 237, 143, 115, 239, 179, 187,
       234, 138, 156, 249, 49, 113, 135, 205, 231, 222, 228, 198, 175,
       244, 92, 202, 95, 98, 112, 244, 189, 100, 121, 106, 50, 239, 241,
       178, 46, 239, 60, 62, 231, 128, 7, 255, 241, 228, 60, 95, 123,
       111, 246, 194, 231, 240, 84, 142, 127, 98, 115, 249, 185, 96, 122,
       250, 55, 234, 232, 182, 45, 46, 102, 47, 165, 128, 119, 251, 244,
       163, 83, 211, 133, 191, 42, 4, 172, 37, 172, 74, 218, 231, 237,
       38, 154, 195, 230, 103, 61, 133, 197, 201, 135, 233, 164, 98, 254,
       146, 12, 54, 177, 93, 170, 133, 225, 219, 251, 193, 189, 111, 31,
       119, 85, 179, 137, 239, 252, 229, 95, 59, 179, 129, 115, 218, 238,
       211, 47, 54, 222, 239, 183, 196, 167, 244, 253, 133, 205, 231,
       148, 10, 78, 184, 118, 162, 251, 90, 83, 107, 152, 112, 123, 206,
       125, 235, 185, 246, 205, 46, 248, 239, 165, 148, 237, 251, 242,
       32, 170, 159, 229, 95, 237, 127, 255, 253, 95, 95, 125, 55, 232,
       252, 190, 37, 223, 75, 183, 39, 247, 252, 127, 255, 111, 95, 243,
       215, 95, 238, 213, 247, 39, 49, 96, 19, 253, 189, 170, 198, 95,
       249, 121, 76, 160, 200, 223, 172, 217, 42, 210, 93, 151, 240, 222,
       242, 14, 28, 21, 242, 205, 95, 91, 157, 194, 186, 154, 148, 170,
       132, 60, 55, 186, 27, 130, 245, 172, 159, 64, 83, 167, 55, 125,
       145, 182, 79, 130, 193, 219, 48, 126, 251, 4, 0, 167, 27, 109, 31,
       253, 71, 236, 11, 111, 185, 118, 234, 255, 108, 211, 119, 157, 54,
       94, 246, 126, 238, 201, 240, 237, 42, 102, 175, 229, 148, 111,
       251, 194, 177, 229, 30, 253, 71, 52, 46, 111, 187, 124, 234, 255,
       244, 243, 117, 153, 116, 127, 246, 127, 46, 169, 180, 105, 111,
       228, 190, 103, 128, 238, 242, 208, 113, 100, 100, 217, 71, 100,
       45, 111, 214, 115, 163, 109, 24, 18, 163, 197, 60, 17, 236, 2, 30,
       3, 86, 232, 34, 79, 156, 181, 44, 194, 251, 82, 168, 86, 245, 172,
       174, 186, 69, 31, 232, 170, 252, 141, 169, 255, 255, 75, 83, 151,
       213, 253, 243, 106, 67, 219, 185, 251, 211, 239, 191, 148, 115, 7,
       83, 36, 174, 188, 125, 184, 169, 19, 170, 222, 63, 172, 56, 166,
       245, 65, 48, 137, 122, 104, 80, 58, 109, 235, 63, 205, 135, 117,
       127, 208, 105, 70, 170, 105, 125, 215, 69, 96, 90, 109, 54, 232,
       224, 102, 72, 179, 55, 133, 247, 6, 244, 116, 72, 65, 216, 240,
       40, 39, 184, 100, 0, 66, 240, 70, 184, 39, 45, 40, 1, 188, 191,
       162, 206, 206, 233, 152, 77, 178, 216, 223, 168, 157, 75, 86, 85,
       151, 176, 78, 162, 172, 93, 63, 116, 204, 91, 219, 140, 104, 121,
       213, 69, 64, 94, 109, 54, 33, 226, 238, 8, 147, 55, 133, 247, 68,
       252, 120, 200, 73, 218, 241, 8, 39, 184, 69, 16, 42, 240, 70, 56,
       166, 220, 188, 247, 141, 111, 188, 239, 158, 255, 185, 17, 204,
       125, 79, 11, 205, 83, 251, 19, 116, 101, 123, 242, 111, 91, 223,
       127, 209, 121, 223, 218, 182, 121, 225, 220, 205, 81, 221, 238,
       147, 246, 132, 139, 0, 253, 117, 47, 217, 249, 211, 227, 106, 75,
       254, 184, 123, 81, 205, 63, 55, 124, 214, 254, 175, 150, 173, 255,
       172, 127, 255, 253, 223, 95, 151, 87, 253, 253, 62, 43, 221, 83,
       191, 39, 247, 109, 123, 247, 239, 123, 255, 214, 93, 253, 213,
       243, 212, 244, 156, 183, 170, 106, 63, 168, 186, 191, 131, 49,
       253, 247, 73, 91, 179, 87, 125, 50, 114, 69, 155, 105, 249, 227,
       127, 95, 128, 115, 165, 99, 70, 253, 172, 215, 141, 124, 158, 172,
       219, 247, 143, 27, 232, 252, 95, 43, 217, 119, 251, 243, 254, 97,
       251, 243, 251, 127, 223, 127, 197, 127, 221, 86, 212, 220, 159,
       191, 136, 110, 55, 172, 190, 151, 131, 17, 247, 247, 72, 75, 247,
       87, 105, 83, 112, 197, 155, 97, 233, 227, 95, 69, 128, 115, 165,
       106, 106, 156, 209, 214, 105, 252, 97, 2, 187, 191, 175, 56, 108,
       183, 196, 254, 69, 246, 251, 136, 33, 79, 250, 243, 31, 182, 80,
       58, 130, 228, 70, 125, 132, 20, 157, 187, 136, 239, 181, 239, 190,
       31, 131, 17, 212, 127, 41, 75, 129, 83, 123, 3, 48, 197, 91, 119,
       197, 147, 95, 87, 144, 89, 165, 162, 210, 186, 154, 177, 34, 164,
       56, 87, 190, 59, 178, 245, 189, 159, 66, 90, 167, 159, 255, 145,
