%YAML:1.0
---
descriptors: !!opencv-matrix
   rows: 294
   cols: 32
   dt: u
   data: [ 104, 76, 211, 204, 85, 36, 103, 214, 67, 130, 108, 74, 48,
       243, 165, 244, 88, 252, 2, 74, 65, 178, 240, 232, 53, 188, 133,
       40, 51, 251, 118, 168, 127, 35, 237, 161, 172, 43, 204, 31, 11,
       243, 154, 255, 147, 45, 212, 42, 79, 196, 125, 189, 153, 122, 197,
       128, 206, 91, 255, 244, 141, 252, 208, 113, 103, 6, 196, 233, 142,
       35, 205, 27, 22, 179, 145, 222, 209, 105, 217, 107, 91, 132, 127,
       189, 184, 99, 207, 144, 220, 142, 239, 252, 189, 248, 208, 160,
       131, 151, 46, 239, 148, 150, 236, 55, 84, 73, 94, 70, 240, 107,
       58, 96, 252, 34, 31, 173, 255, 152, 17, 223, 231, 239, 170, 192,
       24, 138, 248, 25, 60, 229, 98, 74, 221, 209, 198, 200, 195, 4,
       253, 10, 107, 217, 61, 164, 88, 250, 147, 227, 78, 35, 62, 189,
       115, 89, 129, 121, 119, 31, 254, 166, 3, 88, 101, 137, 114, 143,
       169, 22, 110, 96, 82, 230, 189, 6, 150, 108, 38, 45, 62, 141, 133,
       156, 117, 221, 4, 56, 186, 128, 61, 132, 33, 253, 181, 120, 76,
       65, 68, 157, 228, 212, 237, 90, 246, 78, 147, 18, 135, 127, 104,
       172, 78, 206, 201, 182, 245, 224, 150, 248, 226, 2, 105, 155, 106,
       164, 61, 100, 225, 69, 86, 31, 207, 120, 81, 226, 255, 90, 83,
       117, 156, 36, 121, 220, 22, 234, 169, 246, 125, 174, 127, 143,
       165, 4, 231, 171, 118, 228, 211, 124, 5, 190, 11, 204, 44, 230,
       191, 82, 128, 221, 172, 134, 7, 247, 167, 99, 124, 199, 103, 77,
       182, 255, 176, 112, 94, 186, 24, 84, 35, 93, 49, 133, 110, 232,
       20, 215, 107, 121, 20, 68, 255, 130, 83, 237, 58, 224, 120, 172,
       151, 238, 253, 187, 53, 28, 251, 237, 162, 65, 117, 138, 124, 224,
       98, 160, 71, 211, 78, 201, 232, 105, 111, 177, 227, 154, 160, 202,
       92, 210, 234, 189, 106, 145, 90, 254, 199, 81, 28, 0, 159, 67,
       229, 8, 246, 140, 44, 157, 239, 227, 244, 114, 239, 246, 85, 107,
       126, 243, 91, 45, 177, 226, 107, 214, 151, 184, 185, 248, 45, 174,
       110, 239, 246, 197, 239, 219, 252, 249, 139, 158, 118, 158, 103,
       182, 189, 119, 253, 94, 86, 247, 44, 174, 182, 77, 231, 171, 183,
       133, 228, 220, 36, 239, 86, 123, 250, 131, 39, 196, 37, 223, 154,
       153, 111, 221, 166, 214, 127, 53, 117, 72, 246, 162, 121, 31, 182,
       101, 110, 182, 63, 238, 249, 152, 117, 253, 119, 251, 226, 193,
       63, 164, 244, 123, 203, 132, 174, 183, 173, 188, 232, 39, 172, 87,
       87, 149, 173, 168, 82, 203, 131, 39, 251, 13, 180, 221, 215, 195,
       206, 123, 218, 192, 140, 204, 153, 92, 217, 20, 124, 101, 48, 63,
       91, 48, 125, 172, 183, 12, 223, 35, 135, 19, 150, 229, 124, 44,
       172, 225, 113, 14, 227, 251, 97, 17, 74, 161, 74, 19, 108, 98,
       141, 189, 172, 47, 93, 138, 30, 255, 176, 157, 223, 111, 91, 26,
       157, 197, 125, 23, 14, 101, 251, 16, 205, 215, 125, 60, 208, 121,
       7, 82, 87, 158, 214, 151, 162, 42, 182, 167, 95, 243, 90, 243, 78,
       48, 174, 79, 55, 71, 174, 51, 181, 252, 13, 230, 60, 38, 119, 199,
       236, 125, 137, 5, 49, 142, 71, 204, 60, 39, 200, 251, 85, 9, 216,
       86, 114, 104, 180, 229, 89, 138, 54, 45, 187, 187, 67, 159, 56,
       46, 162, 204, 157, 168, 112, 165, 43, 113, 16, 142, 77, 157, 162,
       72, 203, 160, 177, 74, 108, 217, 101, 132, 216, 57, 210, 99, 71,
       35, 218, 221, 22, 208, 139, 63, 95, 15, 91, 134, 219, 90, 150,
       189, 35, 62, 60, 26, 249, 58, 66, 114, 205, 50, 161, 251, 167, 93,
       188, 32, 229, 213, 131, 200, 150, 251, 122, 134, 42, 241, 41, 37,
       47, 4, 239, 87, 245, 118, 251, 152, 87, 255, 31, 18, 89, 125, 255,
       233, 187, 70, 183, 191, 181, 240, 61, 206, 15, 95, 245, 197, 231,
       239, 124, 199, 11, 175, 98, 11, 247, 187, 170, 247, 111, 77, 121,
       231, 168, 232, 190, 132, 63, 171, 134, 29, 150, 184, 12, 255, 44,
       92, 46, 195, 223, 206, 251, 205, 154, 124, 18, 184, 83, 244, 48,
       194, 185, 66, 104, 23, 44, 223, 103, 153, 167, 187, 147, 144, 99,
       15, 146, 235, 179, 213, 26, 43, 27, 84, 47, 218, 184, 243, 112,
       248, 247, 153, 246, 253, 23, 53, 116, 187, 47, 205, 110, 145, 190,
       155, 135, 80, 118, 58, 8, 191, 127, 209, 4, 239, 119, 156, 206,
       203, 104, 185, 42, 114, 213, 217, 101, 39, 229, 229, 110, 9, 162,
       157, 66, 180, 200, 170, 194, 16, 90, 186, 242, 13, 111, 213, 20,
       115, 66, 12, 222, 126, 107, 61, 181, 105, 249, 253, 89, 31, 75,
       249, 44, 8, 190, 61, 70, 182, 133, 62, 241, 24, 130, 72, 251, 27,
       111, 221, 21, 127, 194, 204, 134, 123, 245, 239, 172, 191, 188,
       46, 79, 191, 86, 248, 142, 85, 243, 96, 211, 98, 213, 102, 124,
       95, 254, 72, 235, 59, 233, 175, 239, 180, 144, 121, 208, 73, 147,
       144, 239, 189, 108, 246, 104, 31, 87, 249, 82, 114, 112, 156, 176,
       233, 217, 175, 55, 149, 191, 220, 231, 213, 6, 58, 251, 194, 165,
       136, 112, 109, 92, 186, 213, 117, 10, 74, 99, 152, 178, 182, 166,
       204, 223, 35, 193, 95, 35, 228, 108, 74, 41, 69, 185, 40, 216,
       231, 101, 52, 170, 241, 6, 113, 33, 141, 229, 87, 212, 127, 235,
       179, 85, 225, 115, 82, 211, 52, 148, 165, 121, 206, 50, 172, 185,
       248, 125, 174, 44, 46, 181, 64, 239, 169, 208, 228, 98, 187, 165,
       157, 77, 213, 73, 24, 199, 212, 197, 13, 224, 205, 86, 230, 204,
       172, 251, 221, 139, 234, 247, 149, 15, 114, 201, 123, 30, 172, 84,
       124, 18, 128, 183, 252, 20, 2, 105, 104, 87, 149, 208, 2, 253,
       251, 120, 100, 123, 249, 63, 153, 2, 219, 43, 221, 153, 158, 223,
       70, 181, 160, 37, 234, 161, 178, 253, 223, 110, 95, 233, 28, 86,
       117, 83, 118, 211, 28, 220, 233, 110, 156, 54, 25, 155, 248, 255,
       17, 5, 42, 248, 64, 245, 137, 84, 125, 93, 249, 152, 99, 168, 28,
       87, 148, 35, 181, 175, 8, 223, 83, 203, 178, 22, 214, 236, 90, 94,
       66, 251, 32, 250, 237, 37, 125, 234, 147, 138, 0, 55, 113, 99,
       206, 46, 199, 203, 88, 205, 224, 217, 238, 83, 220, 189, 101, 94,
       252, 30, 239, 201, 39, 254, 188, 177, 40, 139, 188, 61, 59, 49,
       245, 244, 103, 249, 68, 206, 83, 199, 253, 65, 166, 188, 42, 83,
       121, 213, 35, 88, 212, 68, 106, 232, 98, 237, 8, 123, 201, 229,
       60, 103, 250, 214, 169, 40, 140, 125, 111, 116, 79, 107, 184, 117,
       232, 127, 8, 115, 103, 17, 49, 26, 228, 87, 110, 104, 178, 121,
       63, 103, 143, 33, 20, 113, 171, 70, 240, 4, 156, 187, 249, 117,
       237, 179, 83, 126, 9, 123, 83, 188, 221, 36, 0, 169, 59, 3, 24,
       51, 188, 50, 247, 77, 158, 18, 66, 208, 73, 229, 243, 191, 87, 67,
       174, 254, 23, 94, 252, 133, 202, 216, 239, 83, 220, 187, 145, 94,
       224, 151, 231, 237, 131, 28, 174, 178, 101, 171, 156, 63, 255,
       122, 213, 131, 16, 111, 219, 100, 246, 169, 23, 124, 83, 87, 82,
       144, 20, 148, 109, 110, 30, 59, 153, 211, 188, 119, 195, 69, 40,
       250, 192, 13, 136, 245, 188, 189, 157, 101, 87, 148, 127, 234,
       248, 86, 225, 211, 86, 83, 56, 156, 173, 121, 238, 54, 239, 189,
       240, 125, 190, 44, 110, 247, 64, 239, 173, 208, 164, 178, 235, 24,
       170, 61, 149, 214, 232, 95, 44, 181, 15, 107, 200, 55, 5, 216,
       233, 132, 103, 110, 35, 72, 191, 178, 208, 139, 59, 87, 63, 94,
       206, 10, 126, 88, 189, 122, 137, 186, 112, 13, 72, 124, 239, 191,
       207, 167, 5, 62, 169, 151, 110, 192, 18, 70, 157, 246, 201, 32,
       168, 127, 174, 11, 217, 254, 168, 180, 54, 45, 29, 213, 137, 203,
       119, 181, 29, 238, 232, 94, 159, 137, 199, 236, 23, 222, 111, 238,
       177, 155, 218, 85, 127, 67, 15, 222, 78, 33, 142, 21, 223, 84,
       166, 200, 119, 84, 9, 219, 86, 208, 32, 180, 229, 93, 174, 54, 12,
       185, 186, 69, 223, 12, 46, 242, 196, 157, 136, 248, 173, 154, 156,
       190, 251, 211, 247, 185, 199, 31, 87, 70, 147, 44, 222, 46, 105,
       239, 187, 179, 145, 54, 220, 59, 247, 95, 71, 154, 67, 183, 76,
       181, 218, 61, 109, 231, 77, 213, 87, 207, 111, 87, 224, 254, 2,
       83, 120, 151, 164, 121, 236, 50, 236, 237, 242, 125, 142, 59, 111,
