%YAML:1.0
---
descriptors: !!opencv-matrix
   rows: 272
   cols: 32
   dt: u
   data: [ 129, 167, 159, 153, 238, 5, 189, 255, 158, 63, 85, 112, 220,
       243, 232, 43, 167, 11, 38, 44, 115, 124, 170, 209, 172, 155, 127,
       238, 24, 240, 163, 161, 17, 141, 74, 239, 182, 154, 238, 252, 100,
       192, 126, 198, 115, 104, 188, 224, 126, 236, 22, 239, 205, 176,
       13, 255, 54, 237, 167, 128, 125, 186, 249, 157, 33, 191, 144, 22,
       253, 157, 214, 247, 91, 169, 124, 108, 162, 168, 198, 148, 137,
       106, 198, 0, 214, 58, 202, 63, 46, 84, 53, 59, 90, 92, 218, 141,
       18, 207, 67, 143, 178, 2, 111, 252, 36, 140, 218, 231, 97, 103,
       177, 196, 126, 238, 15, 239, 200, 147, 45, 255, 176, 164, 175,
       128, 37, 182, 52, 105, 143, 189, 46, 174, 62, 135, 159, 248, 196,
       240, 155, 175, 253, 248, 59, 33, 158, 97, 91, 103, 236, 235, 29,
       189, 232, 81, 77, 16, 92, 174, 25, 82, 71, 39, 192, 21, 224, 60,
       236, 135, 123, 179, 46, 220, 137, 40, 215, 190, 7, 206, 240, 157,
       214, 88, 197, 66, 46, 94, 221, 165, 206, 244, 218, 140, 110, 221,
       163, 222, 253, 127, 183, 252, 211, 238, 189, 14, 234, 252, 47,
       231, 253, 246, 206, 226, 173, 103, 248, 255, 191, 215, 143, 191,
       159, 127, 181, 255, 234, 164, 144, 140, 124, 51, 158, 238, 155,
       142, 152, 24, 236, 234, 116, 151, 223, 83, 223, 161, 36, 79, 210,
       222, 184, 31, 223, 191, 148, 104, 11, 9, 63, 77, 227, 222, 212,
       210, 239, 246, 213, 192, 222, 66, 113, 236, 181, 100, 120, 234,
       23, 239, 233, 187, 46, 239, 112, 46, 175, 136, 55, 251, 112, 236,
       137, 198, 222, 239, 110, 57, 237, 190, 206, 83, 95, 214, 253, 226,
       250, 99, 99, 0, 106, 44, 231, 52, 47, 211, 228, 223, 118, 12, 62,
       218, 201, 200, 244, 136, 208, 179, 213, 78, 206, 161, 29, 39, 179,
       19, 106, 58, 47, 217, 249, 199, 142, 210, 120, 254, 89, 238, 189,
       158, 214, 83, 245, 57, 244, 42, 175, 207, 226, 158, 223, 50, 254,
       252, 91, 198, 93, 247, 104, 232, 191, 69, 127, 235, 179, 239, 244,
       86, 142, 255, 62, 127, 207, 239, 159, 255, 250, 213, 8, 140, 142,
       185, 185, 165, 121, 199, 150, 29, 206, 21, 188, 231, 34, 64, 193,
       59, 187, 148, 58, 136, 82, 55, 235, 247, 158, 73, 152, 0, 173,
       154, 2, 160, 156, 187, 202, 169, 176, 143, 30, 49, 9, 185, 132,
       226, 72, 74, 207, 27, 106, 16, 18, 72, 203, 81, 140, 150, 95, 127,
       152, 72, 137, 130, 114, 164, 172, 58, 157, 241, 208, 206, 199, 53,
       160, 25, 34, 248, 122, 139, 201, 194, 235, 17, 62, 107, 202, 49,
       155, 83, 149, 127, 209, 77, 222, 78, 162, 59, 248, 223, 238, 137,
       150, 119, 219, 148, 112, 239, 172, 232, 197, 11, 142, 123, 134,
       67, 198, 106, 206, 241, 38, 0, 102, 187, 85, 248, 215, 143, 229,
       41, 232, 69, 196, 30, 239, 3, 121, 226, 100, 8, 19, 56, 215, 191,
       24, 108, 112, 111, 245, 242, 244, 74, 39, 121, 197, 36, 207, 241,
       218, 164, 52, 126, 154, 172, 236, 38, 150, 86, 19, 207, 248, 253,
       2, 172, 227, 24, 221, 110, 134, 2, 237, 246, 192, 162, 80, 245,
       246, 170, 200, 125, 250, 211, 129, 84, 23, 93, 100, 46, 232, 58,
       124, 26, 115, 84, 247, 113, 185, 239, 180, 4, 54, 46, 225, 244,
       19, 79, 4, 186, 114, 4, 90, 224, 97, 169, 47, 8, 167, 220, 77, 54,
       201, 90, 69, 202, 222, 2, 81, 252, 183, 239, 217, 192, 63, 175,
       140, 243, 39, 136, 19, 94, 242, 132, 151, 253, 112, 100, 102, 22,
       222, 220, 252, 186, 116, 7, 205, 135, 255, 180, 200, 248, 174,
       110, 207, 50, 234, 32, 180, 163, 66, 202, 46, 63, 20, 91, 158,
       238, 248, 7, 44, 96, 146, 184, 205, 230, 144, 66, 158, 135, 208,
       19, 140, 219, 97, 72, 217, 120, 130, 16, 0, 183, 18, 194, 213,
       247, 151, 15, 151, 121, 61, 130, 0, 251, 57, 187, 250, 201, 185,
       207, 30, 85, 120, 167, 181, 142, 116, 0, 239, 27, 19, 213, 82, 56,
       110, 119, 109, 4, 62, 233, 213, 8, 167, 251, 44, 112, 57, 97, 32,
       14, 113, 16, 104, 168, 117, 72, 215, 27, 1, 17, 148, 20, 69, 106,
       64, 244, 49, 8, 199, 217, 32, 16, 64, 162, 66, 163, 198, 177, 150,
       138, 27, 212, 176, 73, 175, 17, 129, 16, 204, 222, 106, 194, 226,
       19, 251, 144, 22, 9, 155, 243, 153, 180, 26, 79, 152, 3, 165, 83,
       104, 175, 83, 76, 211, 200, 39, 255, 163, 76, 108, 232, 42, 231,
       160, 84, 48, 250, 192, 194, 83, 27, 162, 127, 61, 164, 5, 43, 50,
       166, 166, 121, 1, 60, 219, 69, 114, 223, 178, 50, 120, 225, 110,
       108, 48, 182, 135, 176, 166, 125, 194, 0, 133, 184, 180, 106, 6,
       175, 48, 2, 201, 96, 75, 223, 83, 125, 111, 46, 114, 94, 251, 112,
       161, 204, 124, 237, 61, 61, 147, 51, 38, 229, 85, 237, 165, 201,
       180, 109, 102, 107, 40, 128, 111, 182, 39, 253, 98, 214, 254, 92,
       255, 176, 178, 143, 203, 215, 125, 151, 204, 232, 46, 66, 215,
       119, 171, 21, 182, 43, 214, 198, 46, 63, 20, 79, 222, 220, 248,
       215, 197, 232, 190, 255, 109, 140, 116, 204, 239, 155, 166, 16,
       246, 251, 93, 123, 193, 105, 123, 74, 98, 101, 218, 241, 207, 219,
       215, 43, 80, 113, 99, 10, 41, 171, 129, 91, 252, 133, 171, 215,
       206, 9, 120, 64, 176, 192, 148, 164, 76, 42, 82, 220, 146, 170,
       230, 125, 44, 60, 186, 232, 212, 136, 211, 169, 111, 75, 231, 26,
       244, 194, 222, 132, 254, 200, 210, 225, 112, 92, 181, 248, 194,
       225, 63, 83, 199, 139, 79, 254, 60, 62, 174, 145, 149, 55, 112,
       75, 8, 188, 158, 248, 169, 237, 52, 199, 191, 31, 174, 16, 174,
       187, 64, 26, 161, 115, 235, 16, 50, 73, 146, 243, 219, 215, 86,
       123, 194, 64, 143, 139, 201, 198, 255, 255, 108, 185, 109, 190,
       254, 83, 95, 214, 255, 227, 250, 107, 35, 74, 46, 44, 163, 116,
       175, 211, 230, 223, 119, 172, 156, 216, 193, 233, 253, 202, 71,
       87, 100, 22, 78, 176, 48, 186, 227, 196, 115, 7, 217, 255, 77,
       196, 60, 206, 233, 214, 237, 34, 183, 171, 228, 132, 39, 179, 114,
       56, 68, 36, 185, 3, 248, 107, 161, 9, 122, 245, 43, 24, 215, 103,
       73, 26, 59, 76, 72, 56, 19, 112, 253, 66, 205, 4, 47, 100, 192,
       99, 135, 224, 100, 40, 148, 186, 141, 237, 128, 138, 206, 179,
       129, 25, 198, 240, 73, 138, 201, 98, 106, 17, 18, 103, 218, 50,
       141, 150, 91, 127, 144, 105, 25, 6, 248, 72, 87, 236, 15, 90, 84,
       104, 225, 146, 166, 10, 79, 19, 5, 247, 98, 244, 236, 98, 108,
       103, 183, 137, 179, 235, 69, 23, 35, 56, 102, 38, 56, 141, 6, 238,
       19, 215, 83, 111, 133, 4, 236, 2, 107, 215, 32, 196, 120, 179,
       201, 240, 8, 139, 24, 189, 251, 197, 135, 19, 115, 6, 164, 42,
       100, 240, 40, 90, 205, 205, 81, 204, 131, 61, 164, 25, 38, 221,
       74, 26, 137, 146, 235, 16, 26, 99, 250, 49, 91, 16, 21, 127, 208,
       24, 214, 114, 16, 207, 41, 185, 50, 199, 171, 250, 30, 76, 88,
       231, 181, 199, 48, 64, 118, 59, 23, 197, 66, 152, 96, 63, 237,
       135, 175, 192, 52, 2, 5, 251, 35, 191, 227, 76, 119, 147, 187,
       214, 31, 237, 92, 239, 40, 141, 244, 164, 62, 251, 147, 221, 146,
       186, 36, 255, 62, 92, 141, 234, 215, 142, 117, 253, 61, 92, 215,
       226, 52, 10, 71, 212, 97, 240, 250, 231, 99, 9, 49, 83, 104, 196,
       76, 246, 109, 243, 9, 168, 178, 233, 166, 4, 239, 251, 114, 25,
       60, 180, 249, 99, 172, 111, 79, 152, 83, 251, 181, 94, 83, 105,
       217, 43, 93, 220, 21, 58, 187, 118, 249, 146, 79, 223, 245, 244,
       255, 235, 208, 144, 210, 67, 71, 164, 14, 18, 76, 32, 229, 166,
       242, 227, 75, 42, 181, 215, 106, 197, 108, 231, 108, 231, 133,
       204, 176, 234, 202, 147, 37, 180, 112, 4, 255, 221, 181, 222, 253,
       119, 158, 252, 159, 234, 189, 95, 238, 254, 47, 229, 253, 247,
       255, 226, 237, 103, 121, 255, 191, 127, 207, 127, 159, 127, 188,
       255, 199, 223, 183, 151, 238, 244, 190, 254, 190, 219, 218, 246,
       252, 254, 237, 111, 255, 247, 63, 151, 247, 223, 175, 231, 188,
       62, 255, 194, 140, 253, 161, 125, 57, 71, 37, 237, 188, 15, 79,
       63, 69, 172, 222, 76, 211, 97, 145, 197, 92, 228, 93, 110, 249,
       161, 113, 28, 225, 232, 229, 20, 50, 251, 208, 96, 245, 75, 78,
