%YAML:1.0
---
descriptors: !!opencv-matrix
   rows: 180
   cols: 32
   dt: u
   data: [ 118, 6, 197, 228, 118, 2, 206, 104, 27, 162, 242, 202, 81,
       108, 157, 16, 127, 213, 117, 239, 40, 211, 205, 206, 56, 46, 237,
       148, 37, 242, 114, 0, 193, 92, 255, 221, 108, 100, 237, 150, 248,
       210, 118, 80, 248, 243, 181, 111, 99, 100, 122, 202, 161, 197,
       243, 232, 69, 186, 210, 8, 72, 241, 97, 168, 181, 231, 201, 142,
       204, 1, 198, 248, 198, 162, 153, 238, 113, 226, 249, 3, 121, 194,
       74, 234, 105, 39, 78, 190, 120, 134, 175, 60, 61, 250, 112, 160,
       86, 173, 148, 151, 149, 192, 166, 134, 187, 19, 139, 19, 228, 226,
       76, 206, 225, 207, 42, 211, 54, 216, 203, 227, 189, 54, 223, 67,
       128, 85, 189, 14, 70, 241, 127, 162, 210, 194, 181, 69, 170, 209,
       67, 227, 84, 223, 72, 18, 190, 189, 115, 209, 81, 219, 154, 64,
       125, 0, 175, 78, 133, 2, 167, 242, 239, 118, 97, 72, 120, 87, 75,
       88, 3, 228, 157, 237, 219, 71, 216, 180, 94, 152, 215, 238, 203,
       6, 244, 159, 134, 217, 161, 188, 63, 166, 86, 245, 161, 1, 97, 73,
       213, 95, 194, 121, 85, 64, 241, 72, 211, 24, 156, 164, 88, 138,
       18, 124, 255, 186, 117, 28, 37, 24, 128, 64, 91, 138, 208, 172,
       64, 29, 159, 245, 168, 110, 53, 55, 172, 155, 74, 64, 245, 55, 1,
       107, 135, 119, 121, 16, 17, 201, 83, 8, 205, 166, 126, 0, 136, 82,
       165, 59, 26, 60, 50, 248, 163, 255, 20, 71, 185, 6, 228, 59, 46,
       191, 33, 153, 163, 187, 149, 1, 56, 75, 16, 252, 243, 215, 90, 59,
       178, 117, 175, 82, 98, 176, 251, 80, 232, 236, 56, 71, 187, 219,
       56, 93, 156, 190, 100, 90, 197, 187, 127, 148, 147, 75, 146, 80,
       95, 30, 126, 238, 200, 64, 7, 123, 248, 85, 96, 139, 205, 125,
       118, 71, 77, 110, 253, 26, 10, 23, 38, 244, 104, 134, 206, 186,
       124, 151, 113, 194, 183, 101, 146, 83, 51, 95, 254, 246, 128, 236,
       29, 243, 62, 170, 168, 40, 254, 176, 99, 80, 213, 67, 8, 75, 99,
       13, 74, 184, 34, 212, 75, 93, 140, 162, 107, 68, 16, 128, 33, 160,
       134, 156, 148, 85, 194, 98, 181, 143, 190, 183, 10, 20, 204, 51,
       76, 207, 163, 87, 235, 144, 49, 220, 219, 98, 44, 50, 95, 70, 136,
       112, 133, 187, 208, 252, 27, 226, 58, 205, 19, 180, 186, 105, 162,
       24, 183, 151, 64, 112, 162, 245, 125, 80, 99, 13, 186, 51, 249,
       161, 47, 120, 0, 0, 7, 59, 124, 164, 212, 234, 29, 101, 210, 202,
       67, 53, 169, 11, 107, 121, 79, 18, 217, 208, 233, 114, 14, 99,
       219, 177, 219, 221, 129, 127, 243, 79, 94, 10, 218, 145, 18, 186,
       27, 212, 50, 73, 175, 29, 131, 17, 172, 223, 106, 192, 230, 51,
       251, 145, 22, 15, 154, 211, 155, 245, 26, 91, 18, 6, 173, 91, 213,
       206, 76, 179, 166, 136, 254, 176, 244, 82, 146, 247, 247, 72, 155,
       67, 103, 225, 125, 239, 239, 212, 77, 63, 236, 203, 239, 196, 44,
       179, 57, 17, 248, 90, 255, 252, 44, 74, 93, 52, 169, 186, 182,
       250, 127, 55, 129, 123, 102, 245, 253, 234, 232, 199, 227, 232,
       243, 251, 238, 144, 39, 177, 100, 121, 230, 223, 209, 54, 178,
       162, 158, 188, 155, 210, 57, 245, 101, 255, 233, 23, 151, 115, 21,
       119, 241, 100, 10, 175, 40, 214, 109, 238, 253, 247, 134, 117,
       185, 54, 59, 232, 117, 119, 83, 89, 21, 236, 245, 127, 90, 157,
       163, 245, 220, 148, 151, 38, 237, 167, 48, 158, 243, 217, 33, 191,
       122, 143, 108, 119, 70, 173, 148, 190, 223, 129, 42, 168, 187,
       144, 9, 10, 236, 234, 92, 134, 179, 235, 123, 209, 38, 65, 202,
       255, 189, 86, 143, 123, 20, 34, 11, 134, 63, 33, 105, 69, 86, 95,
       79, 120, 1, 224, 253, 138, 83, 79, 159, 48, 126, 156, 23, 238,
       141, 146, 125, 28, 119, 205, 161, 180, 119, 171, 82, 244, 60, 220,
       80, 163, 213, 124, 222, 227, 57, 7, 189, 23, 10, 50, 46, 221, 249,
       194, 134, 162, 124, 191, 89, 226, 179, 199, 222, 19, 243, 95, 254,
       210, 119, 100, 209, 97, 67, 107, 107, 200, 107, 242, 169, 24, 95,
       93, 93, 186, 187, 213, 120, 251, 9, 118, 221, 64, 157, 152, 69,
       54, 237, 115, 67, 180, 254, 29, 98, 195, 213, 92, 246, 231, 125,
       111, 182, 27, 10, 62, 46, 253, 233, 210, 142, 242, 124, 191, 113,
       226, 183, 95, 214, 83, 211, 95, 254, 214, 62, 92, 104, 131, 213,
       116, 190, 231, 109, 79, 189, 19, 8, 62, 14, 253, 233, 211, 207,
       163, 252, 183, 121, 226, 183, 223, 158, 19, 195, 94, 254, 214,
       253, 207, 227, 118, 186, 50, 95, 252, 211, 194, 29, 242, 121, 237,
       191, 51, 23, 227, 149, 238, 252, 69, 46, 63, 122, 207, 229, 252,
       183, 247, 194, 121, 200, 176, 159, 240, 120, 173, 169, 83, 186,
       153, 49, 80, 188, 183, 96, 123, 133, 59, 115, 25, 51, 95, 146, 82,
       77, 17, 122, 232, 200, 0, 35, 185, 121, 143, 110, 110, 50, 26, 79,
       186, 96, 76, 174, 236, 115, 103, 154, 114, 54, 198, 108, 174, 233,
       139, 45, 47, 242, 239, 33, 148, 107, 162, 74, 121, 54, 166, 44,
       171, 188, 227, 90, 136, 135, 61, 153, 185, 199, 78, 95, 10, 221,
       147, 205, 177, 30, 3, 105, 148, 219, 213, 139, 255, 148, 79, 20,
       67, 228, 212, 125, 90, 76, 237, 211, 200, 218, 53, 37, 24, 82,
       221, 109, 57, 217, 144, 98, 114, 34, 102, 122, 53, 95, 139, 65,
       127, 209, 11, 70, 226, 115, 26, 98, 150, 93, 182, 152, 66, 153,
       101, 133, 159, 72, 200, 54, 156, 172, 165, 219, 133, 164, 231,
       148, 207, 19, 118, 218, 91, 207, 5, 59, 86, 84, 49, 152, 35, 176,
       111, 123, 25, 42, 185, 59, 121, 223, 59, 73, 26, 179, 157, 77, 51,
       20, 112, 201, 64, 205, 197, 47, 229, 224, 99, 7, 3, 202, 168, 188,
       122, 169, 253, 20, 143, 155, 159, 164, 25, 174, 255, 67, 27, 131,
       115, 233, 16, 54, 79, 202, 113, 203, 211, 85, 123, 210, 84, 143,
       11, 133, 176, 189, 243, 236, 173, 249, 95, 79, 123, 53, 120, 159,
       185, 220, 43, 175, 27, 126, 25, 179, 124, 235, 209, 207, 217, 119,
       228, 220, 200, 129, 163, 103, 166, 224, 74, 239, 51, 202, 200, 83,
       115, 181, 254, 72, 72, 222, 191, 95, 204, 230, 254, 159, 118, 239,
       211, 30, 88, 193, 255, 255, 239, 122, 132, 220, 112, 186, 250,
       172, 69, 95, 216, 158, 28, 53, 9, 95, 223, 107, 88, 247, 217, 29,
       114, 10, 7, 154, 48, 243, 205, 47, 237, 176, 179, 47, 83, 125, 71,
       64, 71, 176, 30, 78, 184, 116, 234, 255, 236, 83, 96, 157, 116,
       22, 196, 108, 110, 233, 176, 109, 46, 170, 239, 37, 148, 111, 243,
       210, 33, 254, 64, 214, 172, 45, 86, 92, 104, 169, 134, 178, 11,
       78, 190, 39, 223, 232, 245, 253, 227, 108, 231, 147, 200, 147,
       250, 199, 27, 39, 63, 124, 14, 38, 164, 80, 131, 253, 109, 184,
       207, 15, 53, 57, 27, 140, 92, 94, 12, 187, 155, 219, 17, 22, 112,
       91, 213, 13, 20, 31, 127, 148, 14, 207, 134, 54, 204, 210, 163,
       181, 74, 214, 231, 49, 39, 251, 187, 11, 60, 15, 153, 249, 215,
       134, 163, 124, 190, 73, 234, 176, 254, 214, 7, 229, 127, 238, 223,
       143, 95, 123, 115, 164, 116, 63, 151, 125, 79, 95, 117, 157, 63,
       182, 105, 167, 83, 157, 134, 245, 157, 184, 226, 103, 255, 190,
       130, 142, 213, 237, 243, 118, 230, 197, 237, 28, 3, 202, 168, 87,
       176, 243, 202, 99, 105, 93, 64, 89, 204, 117, 227, 106, 242, 207,
       157, 40, 170, 197, 180, 117, 171, 80, 0, 114, 4, 197, 252, 94, 3,
       206, 40, 83, 162, 243, 202, 81, 104, 29, 17, 91, 205, 53, 235,
       105, 242, 207, 207, 24, 46, 237, 148, 45, 170, 114, 0, 193, 72,
       157, 221, 109, 100, 233, 150, 248, 91, 102, 80, 188, 179, 37, 107,
       193, 118, 122, 8, 161, 69, 243, 225, 69, 186, 210, 8, 216, 113,
       97, 40, 192, 68, 222, 252, 61, 139, 86, 104, 159, 130, 248, 9,
       239, 235, 37, 81, 210, 117, 111, 98, 96, 103, 10, 223, 243, 246,
       71, 63, 80, 123, 9, 130, 125, 117, 57, 238, 189, 79, 86, 216, 111,
       232, 253, 76, 223, 125, 9, 48, 220, 221, 94, 106, 201, 99, 89,
       190, 243, 221, 37, 62, 72, 123, 66, 51, 237, 241, 17, 239, 45, 15,
       86, 248, 109, 232, 179, 76, 223, 89, 9, 177, 220, 212, 126, 106,
       201, 35, 217, 188, 247, 249, 71, 60, 90, 59, 90, 51, 229, 228,
