%YAML:1.0
---
descriptors: !!opencv-matrix
   rows: 184
   cols: 32
   dt: u
   data: [ 44, 9, 186, 254, 125, 192, 211, 64, 198, 140, 253, 34, 114,
       249, 49, 96, 200, 122, 39, 75, 26, 171, 234, 169, 113, 245, 162,
       137, 211, 107, 116, 163, 216, 248, 153, 226, 58, 204, 51, 180,
       190, 33, 130, 48, 183, 151, 64, 114, 166, 117, 125, 80, 99, 13,
       187, 51, 249, 161, 47, 124, 0, 16, 133, 58, 1, 186, 31, 27, 162,
       170, 32, 151, 118, 113, 66, 244, 247, 194, 200, 120, 39, 46, 40,
       28, 147, 216, 175, 49, 140, 166, 48, 64, 184, 128, 129, 41, 213,
       66, 237, 231, 36, 114, 110, 184, 96, 234, 147, 198, 211, 110, 153,
       235, 118, 196, 124, 239, 237, 212, 237, 40, 214, 235, 239, 132,
       45, 243, 121, 49, 181, 239, 73, 174, 204, 33, 70, 249, 198, 178,
       137, 206, 243, 227, 233, 3, 121, 202, 74, 234, 105, 35, 78, 58,
       248, 132, 165, 60, 253, 251, 240, 160, 198, 173, 144, 190, 159,
       129, 174, 169, 187, 144, 9, 11, 236, 234, 93, 198, 179, 235, 121,
       211, 118, 72, 202, 243, 173, 86, 207, 251, 148, 118, 11, 6, 124,
       228, 252, 104, 141, 79, 82, 232, 71, 55, 165, 27, 83, 121, 104,
       18, 217, 208, 237, 58, 26, 103, 91, 147, 219, 207, 69, 125, 243,
       171, 222, 2, 76, 153, 159, 245, 128, 110, 53, 183, 172, 155, 74,
       0, 213, 55, 0, 107, 161, 119, 121, 0, 17, 216, 19, 36, 205, 163,
       126, 68, 128, 114, 165, 51, 30, 165, 129, 227, 147, 199, 111, 143,
       55, 105, 138, 0, 239, 103, 72, 132, 49, 90, 221, 156, 27, 152, 25,
       183, 169, 214, 159, 116, 162, 86, 135, 58, 232, 180, 253, 123,
       202, 105, 81, 159, 50, 55, 164, 153, 87, 55, 72, 27, 1, 215, 233,
       48, 58, 71, 251, 19, 207, 131, 117, 125, 240, 192, 134, 250, 4,
       169, 159, 165, 212, 38, 170, 203, 118, 129, 74, 67, 149, 163, 97,
       64, 105, 79, 34, 156, 18, 218, 5, 98, 189, 166, 143, 4, 136, 113,
       33, 136, 253, 225, 105, 106, 205, 71, 71, 249, 67, 252, 165, 10,
       83, 209, 121, 52, 89, 216, 116, 122, 75, 99, 250, 16, 251, 201,
       229, 124, 115, 187, 214, 98, 9, 162, 76, 155, 218, 153, 168, 191,
       54, 117, 84, 247, 173, 2, 202, 68, 119, 11, 166, 140, 54, 88, 111,
       85, 76, 39, 62, 197, 61, 132, 137, 221, 159, 57, 144, 241, 177,
       54, 84, 159, 115, 147, 78, 116, 143, 243, 195, 236, 215, 94, 188,
       24, 190, 216, 243, 130, 138, 255, 149, 79, 170, 245, 152, 5, 157,
       189, 128, 241, 177, 215, 64, 223, 55, 59, 134, 112, 143, 179, 192,
       164, 145, 94, 220, 152, 59, 220, 153, 147, 171, 213, 159, 231,
       170, 4, 170, 23, 169, 92, 159, 127, 100, 236, 101, 150, 252, 90,
       102, 16, 179, 243, 49, 123, 193, 106, 34, 10, 33, 244, 242, 107,
       71, 251, 82, 8, 88, 249, 96, 168, 130, 162, 28, 153, 236, 137,
       168, 207, 14, 57, 16, 253, 172, 2, 216, 136, 207, 11, 79, 29, 19,
       88, 79, 213, 12, 16, 190, 252, 156, 136, 137, 153, 118, 195, 197,
       191, 28, 3, 202, 168, 83, 176, 243, 202, 99, 104, 29, 17, 89, 196,
       101, 235, 40, 242, 207, 189, 184, 170, 205, 20, 109, 59, 82, 32,
       109, 117, 185, 236, 168, 15, 95, 184, 59, 184, 188, 76, 223, 119,
       201, 50, 151, 221, 125, 122, 201, 66, 251, 56, 251, 217, 37, 188,
       8, 241, 130, 49, 86, 173, 148, 151, 157, 192, 38, 229, 186, 51,
       138, 19, 228, 226, 72, 198, 225, 239, 170, 211, 118, 88, 203, 227,
       189, 54, 159, 103, 128, 119, 189, 142, 118, 96, 209, 97, 67, 106,
       106, 200, 107, 243, 171, 8, 214, 18, 93, 190, 59, 221, 120, 251,
       9, 116, 217, 64, 157, 158, 69, 52, 233, 115, 67, 148, 125, 117,
       57, 238, 61, 79, 87, 248, 111, 232, 189, 76, 223, 125, 9, 48, 220,
       213, 126, 106, 137, 35, 121, 156, 243, 255, 37, 60, 74, 187, 66,
       51, 213, 99, 237, 229, 36, 94, 111, 24, 96, 234, 211, 98, 211,
       127, 217, 123, 118, 196, 124, 239, 141, 244, 237, 8, 214, 235,
       227, 132, 172, 243, 80, 113, 249, 151, 126, 108, 42, 30, 87, 61,
       224, 204, 174, 236, 115, 101, 154, 115, 38, 228, 108, 110, 249,
       227, 173, 13, 242, 233, 100, 16, 107, 242, 234, 121, 133, 167,
       147, 195, 244, 47, 108, 63, 126, 163, 107, 92, 214, 96, 92, 144,
       149, 14, 66, 60, 241, 248, 217, 78, 44, 158, 21, 100, 200, 234,
       195, 160, 40, 221, 56, 251, 57, 141, 83, 190, 23, 13, 76, 8, 182,
       53, 3, 68, 133, 122, 29, 72, 106, 40, 115, 63, 239, 255, 48, 58,
       26, 25, 5, 107, 61, 141, 123, 239, 246, 11, 239, 248, 85, 164,
       254, 66, 115, 97, 184, 116, 126, 238, 23, 234, 217, 186, 109, 189,
       124, 172, 165, 132, 119, 187, 240, 161, 213, 78, 79, 231, 38, 10,
       111, 184, 100, 234, 222, 230, 83, 115, 145, 114, 118, 196, 124,
       239, 205, 148, 109, 46, 244, 239, 235, 132, 45, 179, 120, 17, 153,
       220, 17, 253, 52, 159, 71, 190, 85, 10, 68, 84, 247, 83, 168, 229,
       84, 90, 60, 106, 235, 156, 113, 63, 161, 254, 52, 16, 58, 152,
       128, 41, 26, 49, 22, 250, 227, 193, 148, 231, 185, 23, 240, 59,
       46, 255, 45, 157, 250, 187, 135, 129, 120, 75, 2, 236, 179, 210,
       94, 59, 146, 84, 175, 11, 92, 50, 184, 35, 176, 42, 114, 24, 42,
       190, 187, 125, 223, 121, 201, 26, 183, 221, 93, 51, 24, 112, 201,
       0, 220, 221, 33, 229, 192, 99, 3, 131, 250, 88, 255, 252, 108,
       108, 125, 180, 169, 222, 182, 58, 127, 63, 135, 123, 238, 245,
       253, 234, 105, 71, 227, 232, 215, 251, 242, 152, 39, 241, 102,
       123, 156, 20, 151, 252, 227, 98, 20, 79, 187, 155, 112, 48, 94,
       119, 40, 219, 167, 147, 245, 176, 56, 223, 2, 194, 147, 242, 118,
       199, 176, 112, 167, 131, 199, 38, 106, 141, 112, 170, 233, 89, 62,
       230, 219, 255, 197, 194, 158, 88, 54, 45, 111, 173, 166, 133, 197,
       95, 84, 44, 171, 184, 4, 167, 51, 69, 125, 23, 68, 71, 180, 62,
       78, 184, 97, 234, 191, 108, 83, 97, 157, 116, 22, 196, 92, 110,
       233, 176, 125, 14, 234, 239, 37, 148, 111, 243, 90, 33, 253, 107,
       197, 166, 45, 27, 78, 152, 1, 166, 150, 238, 75, 65, 209, 159, 92,
       228, 236, 238, 72, 215, 205, 168, 176, 193, 229, 180, 38, 191, 26,
       32, 14, 136, 245, 251, 199, 192, 250, 172, 119, 17, 67, 3, 233,
       107, 60, 109, 51, 123, 51, 203, 22, 216, 15, 245, 15, 254, 223,
       67, 183, 150, 245, 142, 120, 93, 23, 236, 29, 198, 84, 39, 229,
       200, 202, 64, 98, 55, 32, 243, 192, 182, 236, 224, 105, 139, 17,
       140, 179, 241, 196, 19, 50, 24, 244, 58, 246, 22, 19, 172, 49,
       103, 80, 123, 189, 78, 241, 125, 78, 91, 172, 213, 254, 185, 141,
       162, 173, 167, 0, 222, 178, 208, 42, 187, 90, 100, 47, 87, 220,
       68, 213, 254, 168, 42, 71, 184, 115, 178, 35, 120, 223, 99, 201,
       255, 51, 196, 108, 106, 41, 69, 171, 42, 152, 242, 101, 12, 162,
       243, 0, 32, 68, 40, 211, 65, 242, 106, 169, 64, 122, 179, 35, 24,
       221, 167, 193, 186, 51, 93, 106, 56, 17, 112, 169, 64, 29, 128,
       47, 100, 196, 97, 7, 160, 11, 188, 16, 81, 177, 183, 82, 183, 55,
       163, 174, 52, 142, 146, 70, 180, 149, 190, 220, 16, 127, 221, 121,
       255, 171, 215, 149, 119, 138, 196, 138, 31, 37, 171, 150, 17, 212,
       143, 232, 35, 254, 185, 99, 72, 130, 160, 84, 152, 137, 46, 98,
       28, 146, 248, 194, 100, 12, 30, 85, 100, 200, 136, 219, 128, 120,
       184, 188, 122, 171, 249, 17, 143, 171, 55, 164, 57, 174, 255, 66,
       27, 131, 115, 233, 16, 18, 79, 202, 49, 219, 211, 93, 123, 210,
       68, 143, 11, 5, 176, 185, 243, 236, 173, 249, 31, 239, 59, 63,
       120, 159, 189, 216, 42, 175, 27, 126, 25, 147, 124, 251, 211, 207,
       223, 119, 246, 220, 202, 129, 179, 27, 159, 82, 221, 51, 159, 120,
       119, 127, 5, 94, 166, 174, 18, 166, 228, 54, 171, 142, 140, 246,
       152, 37, 223, 162, 255, 18, 195, 62, 132, 169, 13, 222, 88, 255,
       244, 110, 104, 125, 20, 169, 146, 182, 187, 255, 191, 193, 123,
       239, 245, 125, 130, 168, 71, 227, 224, 215, 251, 254, 152, 165,
       241, 103, 43, 212, 69, 93, 231, 19, 94, 106, 32, 61, 160, 230, 2,
       91, 3, 1, 115, 48, 213, 104, 234, 105, 148, 21, 106, 183, 233, 71,
