%YAML:1.0
---
descriptors: !!opencv-matrix
   rows: 106
   cols: 32
   dt: u
   data: [ 246, 64, 214, 140, 77, 102, 118, 72, 185, 134, 227, 11, 78,
       250, 69, 95, 249, 213, 237, 227, 72, 199, 219, 202, 149, 50, 203,
       31, 1, 119, 126, 6, 242, 72, 223, 244, 14, 10, 76, 52, 169, 146,
       178, 90, 127, 11, 17, 91, 98, 229, 125, 234, 104, 199, 147, 200,
       179, 235, 206, 144, 37, 176, 98, 40, 118, 71, 229, 196, 118, 2,
       206, 104, 19, 160, 218, 234, 89, 108, 157, 16, 126, 213, 53, 173,
       168, 211, 77, 223, 56, 46, 173, 148, 173, 243, 114, 0, 6, 164, 20,
       147, 237, 237, 184, 111, 14, 49, 57, 26, 140, 114, 72, 12, 187,
       27, 106, 17, 18, 120, 219, 215, 13, 20, 31, 119, 144, 8, 133, 134,
       229, 134, 193, 158, 220, 3, 198, 232, 18, 179, 184, 222, 211, 96,
       217, 1, 89, 194, 70, 123, 123, 103, 77, 191, 184, 6, 231, 124,
       221, 123, 210, 128, 129, 166, 153, 187, 248, 169, 161, 175, 30,
       59, 80, 112, 181, 179, 232, 193, 199, 27, 34, 24, 51, 92, 75, 23,
       204, 151, 126, 232, 152, 72, 129, 169, 2, 235, 24, 186, 222, 137,
       182, 207, 142, 5, 72, 3, 164, 251, 96, 64, 203, 59, 3, 1, 86, 26,
       66, 245, 61, 20, 30, 107, 16, 26, 165, 138, 252, 64, 206, 166, 14,
       74, 111, 40, 160, 166, 163, 139, 87, 3, 1, 91, 114, 196, 109, 227,
       104, 215, 157, 10, 209, 227, 239, 25, 37, 51, 54, 2, 106, 188,
       156, 122, 169, 253, 20, 175, 187, 63, 164, 57, 174, 255, 66, 31,
       129, 115, 233, 16, 50, 79, 218, 113, 203, 211, 93, 123, 210, 68,
       143, 11, 214, 236, 148, 147, 221, 168, 34, 128, 250, 179, 130, 19,
       228, 226, 77, 94, 225, 239, 106, 211, 38, 84, 219, 243, 157, 22,
       223, 103, 128, 83, 41, 14, 181, 199, 196, 191, 204, 3, 70, 169,
       19, 179, 177, 255, 66, 104, 77, 155, 89, 206, 38, 115, 127, 98,
       79, 187, 168, 150, 197, 124, 221, 123, 216, 4, 162, 133, 150, 174,
       252, 43, 220, 239, 223, 19, 249, 17, 238, 235, 44, 81, 211, 11,
       106, 32, 54, 107, 11, 223, 184, 246, 86, 127, 208, 218, 169, 136,
       230, 163, 196, 255, 172, 3, 198, 168, 87, 176, 241, 75, 99, 105,
       93, 3, 217, 204, 101, 242, 78, 114, 207, 153, 46, 250, 197, 126,
       125, 170, 88, 134, 21, 93, 127, 231, 214, 14, 126, 240, 173, 128,
       106, 66, 125, 255, 53, 115, 246, 245, 63, 234, 193, 145, 24, 236,
       247, 190, 71, 0, 33, 243, 97, 160, 34, 165, 17, 154, 221, 141,
       182, 239, 159, 5, 232, 11, 164, 235, 108, 0, 201, 155, 3, 17, 18,
       11, 26, 245, 61, 20, 30, 123, 144, 8, 135, 138, 77, 36, 145, 225,
       224, 46, 104, 27, 58, 179, 107, 80, 223, 51, 72, 250, 183, 31,
       116, 56, 51, 212, 145, 66, 205, 253, 119, 68, 136, 224, 131, 161,
       124, 164, 249, 97, 149, 107, 67, 57, 113, 163, 175, 24, 83, 53, 8,
       56, 89, 150, 72, 56, 56, 240, 121, 14, 251, 239, 21, 85, 227, 106,
       198, 34, 125, 117, 25, 109, 185, 15, 86, 184, 59, 168, 185, 72,
       223, 127, 73, 240, 157, 221, 93, 98, 105, 114, 217, 62, 251, 223,
       37, 180, 122, 251, 66, 51, 11, 158, 195, 31, 48, 159, 106, 182,
       62, 65, 94, 244, 189, 231, 176, 212, 87, 106, 54, 140, 163, 152,
       87, 127, 172, 254, 186, 192, 62, 132, 169, 157, 142, 205, 213, 87,
       177, 226, 30, 172, 19, 147, 11, 144, 236, 231, 73, 143, 23, 127,
       160, 242, 115, 220, 138, 255, 40, 214, 93, 71, 134, 247, 133, 44,
       114, 79, 103, 174, 29, 66, 70, 108, 229, 4, 250, 35, 99, 104, 49,
       87, 248, 244, 204, 227, 108, 163, 5, 172, 177, 242, 198, 19, 53,
       59, 116, 14, 65, 221, 21, 127, 176, 141, 70, 190, 111, 40, 58,
       104, 254, 114, 128, 180, 135, 115, 92, 74, 67, 40, 89, 63, 172,
       222, 37, 82, 88, 19, 195, 45, 128, 233, 21, 187, 153, 141, 167,
       237, 158, 17, 192, 80, 164, 195, 40, 65, 201, 59, 74, 81, 114, 15,
       90, 127, 173, 144, 30, 120, 16, 8, 161, 168, 77, 33, 152, 97, 176,
       47, 121, 25, 43, 185, 63, 56, 223, 19, 201, 26, 151, 21, 93, 62,
       16, 208, 201, 64, 206, 221, 45, 244, 128, 227, 139, 1, 214, 44,
       210, 130, 207, 110, 250, 200, 59, 182, 187, 27, 78, 250, 77, 154,
       187, 213, 239, 179, 56, 119, 153, 226, 157, 22, 139, 103, 197, 99,
       39, 134, 5, 162, 221, 241, 236, 169, 233, 155, 110, 51, 49, 88,
       157, 163, 216, 42, 163, 11, 110, 28, 19, 124, 203, 211, 204, 159,
       127, 244, 220, 200, 193, 161, 253, 227, 148, 102, 44, 31, 70, 184,
       111, 184, 169, 76, 246, 98, 217, 179, 149, 196, 108, 110, 207, 99,
       219, 29, 185, 217, 69, 60, 72, 59, 74, 4, 104, 152, 152, 254, 25,
       205, 18, 130, 143, 9, 40, 12, 190, 214, 65, 112, 197, 59, 234, 0,
       7, 10, 218, 51, 229, 245, 16, 59, 216, 8, 7, 27, 93, 71, 196, 71,
       176, 30, 78, 184, 117, 170, 254, 228, 83, 96, 157, 244, 54, 204,
       44, 110, 237, 240, 109, 46, 166, 239, 37, 132, 111, 243, 88, 5,
       85, 165, 147, 225, 178, 46, 44, 31, 59, 187, 107, 80, 221, 51, 72,
       254, 55, 31, 60, 184, 51, 216, 129, 194, 173, 246, 55, 196, 160,
       224, 163, 161, 242, 72, 223, 252, 78, 8, 109, 52, 185, 146, 178,
       90, 127, 43, 21, 91, 107, 229, 125, 234, 104, 71, 199, 226, 208,
       250, 254, 152, 37, 240, 98, 40, 63, 176, 116, 91, 175, 253, 216,
       155, 143, 121, 181, 127, 10, 157, 222, 189, 205, 155, 245, 17,
       159, 42, 250, 241, 27, 89, 24, 255, 223, 13, 222, 87, 248, 89, 63,
       126, 205, 68, 85, 117, 225, 158, 166, 8, 114, 255, 37, 115, 200,
       244, 121, 106, 120, 99, 178, 45, 243, 249, 68, 27, 99, 50, 230,
       106, 134, 165, 16, 131, 221, 109, 184, 73, 62, 55, 185, 27, 204,
       122, 72, 136, 187, 31, 234, 49, 50, 115, 219, 214, 157, 22, 31,
       119, 144, 74, 141, 134, 72, 188, 57, 245, 112, 238, 113, 55, 57,
       235, 126, 57, 191, 63, 0, 48, 134, 63, 221, 0, 240, 216, 209, 142,
       199, 255, 58, 130, 10, 192, 7, 123, 109, 93, 23, 238, 61, 143, 86,
       176, 197, 136, 251, 68, 254, 115, 33, 240, 212, 112, 92, 106, 201,
       161, 88, 63, 163, 255, 37, 18, 90, 59, 64, 27, 242, 32, 117, 225,
       38, 40, 248, 0, 233, 160, 184, 139, 175, 11, 85, 18, 170, 149,
       125, 217, 10, 36, 198, 192, 150, 216, 138, 163, 101, 130, 67, 14,
       125, 125, 25, 237, 184, 15, 86, 186, 55, 168, 188, 72, 159, 51, 1,
       176, 156, 221, 92, 106, 233, 114, 81, 30, 231, 255, 37, 52, 74,
       249, 74, 35, 0, 132, 150, 172, 188, 43, 148, 111, 158, 51, 179,
       24, 207, 226, 44, 203, 219, 7, 110, 33, 50, 235, 75, 215, 184,
       246, 95, 118, 208, 72, 161, 1, 38, 32, 214, 184, 105, 11, 152, 72,
       63, 161, 240, 137, 78, 191, 109, 159, 222, 93, 127, 53, 4, 211,
       195, 200, 152, 222, 91, 187, 196, 45, 35, 135, 115, 16, 246, 165,
       99, 30, 112, 104, 41, 120, 242, 171, 78, 30, 135, 127, 254, 149,
       255, 165, 204, 210, 197, 200, 150, 114, 67, 135, 103, 172, 38, 87,
       101, 99, 56, 103, 52, 31, 71, 56, 105, 232, 191, 8, 223, 82, 143,
       52, 144, 204, 76, 106, 201, 178, 249, 12, 229, 221, 33, 52, 64,
       179, 67, 37, 134, 207, 140, 151, 149, 166, 55, 174, 26, 151, 9,
       23, 228, 97, 11, 13, 177, 98, 33, 119, 118, 92, 26, 239, 237, 22,
       223, 71, 128, 119, 149, 74, 229, 0, 197, 77, 13, 14, 105, 9, 111,
       160, 167, 28, 215, 35, 16, 242, 88, 164, 106, 46, 25, 196, 117, 8,
       135, 251, 195, 80, 72, 162, 210, 48, 70, 189, 148, 151, 233, 216,
       190, 174, 190, 179, 10, 48, 236, 247, 72, 239, 131, 119, 249, 82,
       51, 88, 219, 113, 47, 54, 95, 103, 130, 113, 137, 142, 191, 82,
       238, 196, 166, 50, 239, 216, 212, 202, 214, 230, 81, 236, 189,
       107, 126, 244, 55, 239, 169, 183, 36, 138, 82, 107, 231, 132, 239,
       251, 112, 113, 252, 173, 253, 108, 188, 107, 71, 251, 82, 250,
       189, 106, 83, 241, 225, 51, 25, 198, 108, 106, 249, 99, 239, 30,
       249, 207, 101, 60, 121, 250, 194, 33, 119, 184, 124, 251, 173,
       189, 216, 210, 207, 121, 188, 255, 30, 156, 222, 58, 143, 155,
       245, 21, 159, 43, 122, 241, 155, 89, 57, 255, 221, 13, 219, 87,
       250, 17, 247, 236, 175, 84, 93, 23, 137, 110, 214, 185, 63, 63,
