%YAML:1.0
---
descriptors: !!opencv-matrix
   rows: 245
   cols: 32
   dt: u
   data: [ 27, 159, 99, 155, 215, 215, 191, 247, 92, 77, 88, 199, 40,
       204, 182, 96, 254, 43, 151, 197, 247, 184, 52, 253, 46, 77, 170,
       195, 125, 14, 185, 221, 37, 99, 73, 7, 116, 27, 110, 184, 96, 96,
       127, 205, 211, 1, 157, 180, 24, 204, 70, 110, 205, 176, 77, 12,
       102, 12, 161, 4, 111, 191, 90, 128, 41, 220, 17, 235, 189, 175,
       67, 191, 86, 73, 232, 64, 247, 113, 32, 228, 209, 42, 10, 60, 27,
       168, 81, 63, 233, 255, 4, 80, 154, 218, 208, 41, 241, 223, 77,
       126, 56, 12, 71, 188, 240, 10, 234, 108, 243, 99, 136, 83, 212,
       230, 108, 110, 233, 75, 203, 47, 240, 235, 96, 152, 24, 162, 66,
       41, 253, 64, 220, 230, 137, 30, 69, 157, 33, 187, 167, 24, 91, 83,
       73, 123, 81, 196, 124, 122, 104, 199, 249, 0, 243, 235, 229, 20,
       162, 179, 226, 34, 120, 205, 60, 110, 56, 206, 87, 182, 228, 8,
       238, 8, 115, 119, 131, 114, 192, 246, 125, 106, 40, 171, 105, 63,
       227, 239, 32, 25, 114, 243, 70, 43, 252, 112, 186, 96, 77, 45, 80,
       200, 235, 178, 164, 24, 78, 153, 77, 59, 169, 213, 245, 114, 44,
       103, 154, 130, 219, 219, 85, 63, 225, 121, 74, 34, 45, 177, 16,
       131, 253, 125, 241, 25, 79, 121, 53, 28, 222, 88, 90, 172, 155,
       10, 222, 60, 151, 120, 123, 213, 207, 217, 21, 126, 222, 14, 217,
       247, 59, 144, 252, 248, 53, 86, 217, 95, 91, 121, 183, 57, 94, 29,
       158, 189, 159, 149, 181, 17, 159, 235, 59, 213, 203, 251, 217,
       215, 79, 140, 222, 127, 63, 99, 72, 165, 114, 2, 106, 120, 48,
       236, 87, 231, 89, 3, 146, 16, 62, 237, 23, 238, 204, 210, 205, 76,
       110, 41, 175, 132, 47, 183, 58, 209, 246, 164, 229, 255, 157, 39,
       72, 169, 83, 187, 249, 26, 83, 121, 92, 27, 217, 222, 117, 187,
       58, 118, 219, 151, 139, 250, 213, 116, 245, 234, 208, 2, 89, 157,
       23, 239, 49, 206, 98, 183, 37, 73, 250, 72, 255, 51, 0, 240, 144,
       231, 76, 56, 13, 184, 81, 60, 171, 255, 36, 80, 106, 130, 66, 9,
       41, 93, 127, 77, 116, 78, 123, 54, 124, 72, 126, 64, 30, 53, 128,
       48, 38, 60, 86, 104, 193, 184, 33, 108, 103, 190, 32, 128, 67,
       160, 66, 249, 180, 164, 213, 243, 205, 47, 66, 136, 83, 187, 177,
       26, 67, 121, 77, 27, 217, 198, 36, 50, 58, 118, 91, 178, 137, 218,
       197, 126, 241, 249, 80, 130, 198, 175, 213, 150, 190, 160, 174,
       174, 154, 179, 25, 210, 253, 234, 93, 66, 147, 103, 121, 155, 50,
       73, 142, 243, 172, 22, 223, 236, 132, 115, 145, 8, 166, 204, 215,
       254, 252, 169, 214, 239, 223, 2, 112, 88, 238, 249, 37, 65, 211,
       123, 111, 35, 50, 111, 74, 255, 168, 190, 87, 58, 212, 248, 193,
       141, 175, 231, 236, 187, 172, 19, 207, 253, 87, 255, 149, 255,
       195, 108, 222, 11, 95, 194, 255, 255, 254, 102, 111, 179, 238, 87,
       253, 252, 183, 255, 212, 213, 67, 43, 154, 180, 112, 160, 186,
       150, 168, 136, 90, 96, 188, 163, 225, 82, 134, 123, 29, 217, 6,
       137, 130, 232, 196, 181, 58, 136, 140, 241, 43, 137, 159, 123, 19,
       242, 147, 150, 62, 113, 172, 136, 87, 70, 76, 210, 96, 229, 246,
       121, 181, 242, 209, 211, 186, 236, 185, 233, 47, 202, 42, 38, 169,
       179, 38, 189, 144, 250, 249, 137, 182, 207, 30, 41, 120, 106, 172,
       251, 108, 144, 217, 187, 131, 17, 18, 58, 90, 247, 189, 212, 15,
       110, 216, 74, 131, 139, 5, 164, 221, 241, 236, 169, 232, 159, 254,
       51, 48, 88, 157, 171, 216, 43, 171, 11, 110, 24, 51, 124, 207,
       241, 204, 155, 119, 116, 156, 200, 129, 168, 106, 184, 190, 88,
       201, 245, 16, 199, 171, 31, 164, 25, 42, 239, 102, 31, 137, 187,
       233, 16, 62, 111, 242, 241, 27, 211, 84, 123, 210, 68, 238, 94,
       60, 81, 215, 164, 68, 11, 66, 112, 101, 160, 242, 47, 67, 9, 56,
       16, 248, 196, 4, 99, 77, 179, 17, 136, 242, 225, 128, 4, 107, 187,
       114, 146, 126, 251, 236, 174, 56, 65, 95, 152, 7, 252, 157, 239,
       233, 239, 219, 82, 95, 209, 239, 247, 138, 67, 239, 189, 250, 215,
       175, 189, 151, 191, 52, 113, 116, 36, 202, 37, 16, 42, 71, 106,
       52, 166, 234, 137, 83, 99, 3, 80, 121, 196, 105, 166, 40, 147,
       205, 14, 249, 167, 165, 21, 33, 227, 54, 66, 71, 20, 148, 223,
       137, 62, 180, 11, 254, 155, 143, 84, 220, 114, 205, 239, 133, 87,
       120, 8, 177, 197, 251, 194, 133, 62, 91, 22, 136, 97, 137, 39,
       252, 98, 254, 116, 109, 13, 85, 64, 243, 190, 180, 24, 66, 217,
       77, 27, 137, 244, 101, 122, 104, 103, 138, 0, 211, 219, 69, 61,
       67, 249, 70, 163, 61, 65, 83, 172, 85, 6, 70, 96, 133, 128, 235,
       3, 67, 153, 41, 208, 248, 172, 2, 102, 77, 179, 16, 140, 179, 253,
       128, 6, 51, 190, 112, 128, 24, 0, 70, 169, 71, 219, 249, 82, 45,
       76, 246, 11, 143, 15, 50, 201, 106, 129, 206, 193, 13, 179, 113,
       196, 215, 217, 186, 145, 127, 13, 125, 210, 50, 41, 82, 252, 87,
       153, 80, 65, 127, 160, 224, 11, 42, 152, 21, 148, 186, 185, 211,
       65, 14, 186, 208, 253, 147, 248, 0, 51, 103, 12, 90, 142, 13, 177,
       48, 131, 253, 61, 240, 217, 79, 253, 53, 30, 222, 24, 222, 174,
       187, 8, 222, 63, 151, 112, 249, 212, 207, 217, 3, 118, 222, 15,
       217, 215, 60, 93, 57, 127, 57, 207, 82, 178, 198, 72, 237, 72,
       254, 125, 33, 240, 148, 114, 220, 74, 139, 169, 91, 63, 227, 255,
       32, 90, 90, 27, 0, 59, 125, 61, 246, 68, 9, 126, 87, 80, 225, 238,
       175, 12, 74, 188, 199, 191, 44, 228, 236, 110, 141, 99, 181, 136,
       147, 249, 65, 63, 107, 255, 78, 87, 250, 92, 118, 92, 43, 218, 87,
       182, 225, 206, 238, 41, 107, 159, 135, 247, 38, 244, 253, 66, 232,
       143, 178, 237, 243, 251, 64, 155, 35, 181, 110, 127, 217, 184,
       149, 249, 171, 132, 61, 223, 190, 123, 144, 84, 188, 179, 96, 235,
       231, 83, 126, 24, 243, 77, 155, 241, 217, 251, 127, 254, 154, 80,
       161, 59, 237, 206, 103, 69, 52, 26, 103, 188, 113, 98, 246, 220,
       243, 97, 157, 247, 17, 196, 108, 110, 233, 244, 237, 47, 166, 255,
       37, 20, 110, 184, 82, 44, 253, 117, 148, 236, 172, 15, 94, 248,
       63, 170, 184, 108, 223, 123, 73, 145, 221, 221, 126, 106, 233, 99,
       219, 250, 185, 223, 47, 190, 88, 123, 3, 1, 2, 164, 217, 155, 236,
       169, 168, 143, 30, 51, 25, 248, 157, 226, 200, 136, 75, 11, 106,
       25, 19, 88, 207, 209, 12, 16, 63, 124, 156, 72, 137, 128, 215, 65,
       70, 230, 14, 2, 78, 164, 245, 182, 179, 2, 75, 106, 29, 87, 106,
       197, 108, 235, 108, 231, 157, 232, 176, 234, 199, 20, 37, 187,
       112, 4, 86, 234, 148, 152, 11, 49, 16, 138, 171, 55, 136, 184,
       142, 162, 69, 222, 131, 213, 236, 145, 30, 71, 203, 208, 152, 210,
       91, 127, 144, 101, 15, 6, 50, 123, 122, 76, 118, 217, 247, 210,
       237, 204, 248, 175, 35, 156, 183, 48, 170, 233, 87, 67, 204, 187,
       166, 232, 114, 92, 36, 139, 101, 189, 86, 223, 245, 237, 204, 250,
       236, 97, 206, 200, 194, 218, 185, 42, 81, 225, 249, 171, 89, 194,
       94, 250, 127, 103, 142, 179, 184, 201, 231, 189, 221, 251, 250,
       128, 118, 32, 241, 229, 102, 106, 232, 74, 123, 163, 178, 26, 143,
       43, 85, 26, 187, 157, 125, 177, 8, 246, 209, 192, 159, 252, 219,
       38, 229, 224, 67, 6, 203, 81, 124, 108, 106, 95, 125, 56, 141,
       108, 20, 173, 221, 157, 147, 97, 22, 53, 255, 110, 193, 1, 246,
       156, 103, 123, 104, 185, 54, 167, 5, 113, 1, 102, 174, 85, 84, 55,
       165, 87, 94, 175, 94, 82, 176, 16, 181, 45, 105, 46, 18, 153, 160,
       252, 37, 76, 109, 14, 255, 128, 197, 216, 245, 169, 107, 176, 244,
       224, 45, 86, 216, 25, 75, 125, 55, 57, 79, 157, 254, 60, 135, 29,
       181, 17, 158, 240, 59, 213, 203, 251, 25, 215, 94, 132, 221, 87,
       54, 103, 106, 77, 122, 2, 239, 120, 36, 164, 254, 231, 65, 7, 151,
       20, 126, 204, 23, 238, 200, 146, 165, 78, 116, 44, 175, 132, 39,
       183, 114, 240, 121, 217, 23, 102, 45, 79, 69, 48, 233, 248, 178,
       72, 247, 118, 18, 51, 128, 228, 124, 110, 201, 225, 243, 45, 179,
       248, 65, 16, 66, 178, 70, 109, 183, 190, 166, 63, 248, 175, 176,
