%YAML:1.0
---
descriptors: !!opencv-matrix
   rows: 414
   cols: 32
   dt: u
   data: [ 39, 29, 106, 76, 85, 211, 235, 112, 85, 68, 252, 2, 104, 252,
       183, 228, 120, 168, 146, 232, 149, 187, 52, 255, 55, 125, 130, 10,
       127, 175, 124, 244, 1, 32, 23, 177, 100, 136, 233, 83, 236, 81,
       115, 244, 157, 130, 208, 234, 98, 41, 94, 29, 147, 188, 134, 192,
       132, 184, 58, 192, 12, 128, 33, 169, 88, 78, 223, 237, 36, 42,
       109, 22, 32, 130, 246, 65, 247, 35, 17, 90, 118, 229, 45, 238, 8,
       212, 193, 8, 198, 235, 226, 128, 164, 241, 33, 40, 146, 217, 82,
       158, 246, 146, 180, 103, 189, 4, 94, 167, 44, 163, 166, 197, 106,
       171, 135, 197, 112, 185, 4, 239, 50, 32, 190, 195, 63, 156, 185,
       159, 66, 248, 145, 160, 41, 205, 18, 198, 175, 253, 136, 9, 142,
       150, 70, 182, 193, 117, 253, 80, 71, 15, 218, 241, 153, 212, 159,
       255, 128, 31, 135, 31, 5, 19, 90, 239, 224, 15, 175, 88, 44, 10,
       117, 228, 245, 115, 169, 25, 126, 41, 7, 110, 128, 176, 8, 88, 68,
       143, 98, 128, 217, 179, 105, 177, 30, 94, 110, 154, 106, 144, 191,
       98, 173, 206, 222, 167, 41, 206, 183, 65, 110, 185, 151, 215, 196,
       143, 38, 236, 114, 99, 234, 203, 39, 183, 53, 219, 155, 95, 99,
       252, 86, 130, 174, 118, 148, 0, 210, 230, 41, 142, 181, 197, 110,
       249, 151, 207, 225, 159, 4, 255, 48, 104, 170, 128, 63, 180, 33,
       189, 21, 180, 173, 183, 140, 108, 223, 250, 242, 222, 141, 21,
       247, 125, 91, 43, 217, 195, 125, 191, 173, 107, 251, 47, 233, 199,
       239, 52, 232, 123, 54, 82, 207, 59, 203, 199, 56, 70, 171, 48,
       168, 200, 87, 228, 253, 231, 227, 242, 22, 125, 181, 238, 193,
       208, 176, 72, 0, 185, 175, 168, 12, 226, 43, 185, 28, 207, 20,
       179, 176, 201, 127, 252, 246, 88, 151, 163, 255, 203, 106, 97,
       127, 219, 78, 243, 254, 32, 78, 255, 236, 135, 47, 109, 123, 154,
       173, 3, 26, 159, 118, 152, 243, 208, 52, 231, 191, 57, 120, 179,
       172, 158, 166, 212, 167, 155, 143, 129, 118, 25, 0, 247, 186, 214,
       26, 195, 22, 4, 175, 143, 88, 128, 156, 246, 9, 116, 69, 162, 162,
       51, 143, 24, 247, 51, 8, 107, 201, 214, 121, 138, 121, 79, 251,
       35, 211, 255, 217, 21, 8, 107, 160, 34, 9, 215, 125, 239, 46, 95,
       223, 253, 92, 126, 29, 230, 223, 125, 186, 167, 31, 80, 151, 111,
       225, 96, 63, 189, 235, 75, 111, 196, 127, 174, 213, 241, 158, 103,
       250, 65, 242, 58, 189, 223, 123, 181, 62, 186, 77, 12, 223, 188,
       55, 223, 134, 176, 182, 244, 172, 198, 126, 197, 37, 229, 231,
       214, 143, 221, 0, 249, 149, 201, 173, 193, 161, 206, 142, 25, 168,
       96, 148, 151, 97, 238, 73, 16, 123, 88, 19, 9, 83, 209, 13, 148,
       15, 94, 210, 24, 225, 169, 15, 12, 254, 240, 230, 179, 223, 146,
       203, 194, 124, 131, 221, 237, 245, 42, 159, 249, 55, 255, 240,
       224, 38, 234, 234, 95, 239, 204, 199, 253, 145, 129, 193, 28, 63,
       244, 38, 140, 63, 118, 173, 202, 86, 100, 188, 159, 161, 96, 166,
       115, 127, 73, 225, 141, 162, 239, 243, 255, 58, 138, 8, 1, 33,
       123, 122, 57, 59, 92, 83, 220, 80, 103, 249, 200, 230, 41, 62,
       156, 38, 112, 164, 187, 253, 17, 207, 43, 178, 238, 211, 125, 16,
       251, 98, 4, 46, 95, 130, 189, 115, 216, 244, 129, 174, 119, 157,
       136, 120, 227, 180, 219, 180, 0, 238, 59, 23, 81, 242, 170, 2,
       255, 44, 28, 190, 202, 93, 136, 177, 175, 144, 88, 62, 126, 42,
       205, 149, 117, 212, 78, 246, 51, 247, 29, 35, 11, 238, 241, 255,
       227, 236, 173, 35, 63, 243, 235, 122, 147, 113, 56, 37, 91, 189,
       13, 47, 250, 157, 231, 67, 96, 213, 192, 207, 18, 115, 255, 49,
       97, 200, 178, 27, 184, 57, 171, 122, 190, 219, 255, 138, 88, 152,
       11, 116, 114, 123, 121, 242, 116, 125, 205, 92, 71, 251, 233, 142,
       9, 62, 188, 86, 52, 166, 255, 253, 65, 198, 75, 146, 249, 251,
       124, 28, 59, 78, 20, 159, 15, 43, 253, 120, 106, 124, 149, 223,
       254, 95, 105, 252, 10, 61, 220, 54, 32, 159, 251, 23, 71, 206, 42,
       124, 255, 103, 93, 41, 186, 87, 159, 82, 255, 89, 149, 182, 54,
       137, 47, 85, 111, 233, 191, 171, 29, 254, 122, 42, 59, 161, 87,
       234, 33, 52, 235, 27, 200, 217, 242, 86, 18, 202, 116, 195, 75,
       39, 47, 98, 30, 87, 157, 178, 224, 222, 64, 81, 143, 104, 200, 55,
       165, 248, 43, 130, 103, 182, 186, 28, 255, 54, 30, 11, 43, 93, 15,
       123, 132, 15, 98, 228, 5, 100, 62, 238, 20, 109, 234, 82, 198,
       201, 40, 215, 174, 54, 68, 118, 255, 133, 244, 197, 200, 6, 122,
       239, 132, 207, 255, 89, 221, 155, 37, 110, 160, 149, 119, 233, 79,
       85, 225, 222, 147, 25, 188, 118, 41, 121, 139, 19, 189, 190, 255,
       53, 198, 91, 73, 158, 196, 167, 76, 241, 230, 37, 116, 210, 71,
       86, 122, 162, 72, 105, 202, 125, 226, 88, 120, 213, 174, 126, 248,
       6, 250, 133, 182, 77, 202, 22, 12, 37, 130, 239, 251, 106, 133,
       52, 151, 121, 168, 244, 39, 203, 248, 1, 73, 249, 110, 83, 109,
       188, 112, 222, 147, 21, 254, 187, 34, 105, 157, 248, 239, 161,
       220, 253, 139, 244, 113, 75, 114, 247, 71, 100, 30, 174, 53, 109,
       234, 119, 228, 216, 48, 149, 238, 22, 100, 126, 111, 197, 244,
       181, 200, 38, 58, 102, 130, 78, 246, 201, 157, 61, 185, 80, 234,
       29, 253, 82, 120, 103, 8, 185, 15, 47, 219, 97, 148, 254, 185,
       196, 114, 14, 43, 216, 189, 155, 221, 1, 122, 123, 15, 106, 19,
       127, 94, 113, 239, 36, 189, 223, 180, 141, 10, 250, 238, 123, 95,
       189, 112, 254, 241, 191, 198, 205, 52, 105, 243, 178, 254, 224,
       146, 119, 223, 80, 93, 212, 125, 123, 100, 98, 108, 127, 16, 40,
       172, 124, 40, 31, 151, 193, 112, 54, 253, 21, 106, 193, 18, 176,
       42, 247, 237, 33, 168, 32, 243, 7, 51, 1, 32, 225, 65, 108, 217,
       160, 70, 236, 81, 242, 74, 128, 24, 212, 174, 234, 8, 74, 153,
       135, 186, 245, 192, 5, 56, 18, 0, 69, 8, 81, 172, 176, 113, 90,
       234, 52, 141, 86, 113, 33, 8, 241, 79, 119, 219, 32, 16, 252, 184,
       69, 98, 76, 39, 88, 29, 179, 221, 0, 59, 121, 10, 238, 19, 60,
       120, 120, 234, 117, 213, 90, 80, 3, 44, 253, 43, 59, 157, 33, 144,
       92, 185, 151, 194, 14, 54, 88, 191, 211, 205, 160, 57, 115, 155,
       78, 154, 6, 156, 58, 159, 20, 167, 178, 226, 30, 1, 89, 3, 228,
       252, 51, 64, 251, 59, 2, 17, 6, 184, 26, 255, 109, 54, 138, 75,
       148, 75, 57, 138, 165, 123, 233, 197, 236, 23, 173, 253, 82, 238,
       148, 238, 145, 36, 215, 46, 95, 204, 55, 239, 225, 118, 237, 74,
       116, 15, 255, 172, 93, 250, 215, 253, 19, 205, 118, 185, 245, 146,
       254, 103, 221, 2, 202, 2, 41, 186, 52, 100, 234, 171, 59, 205,
       124, 187, 4, 255, 247, 254, 222, 67, 55, 140, 241, 140, 124, 181,
       186, 226, 217, 102, 85, 31, 33, 189, 175, 17, 159, 55, 74, 218,
       213, 159, 253, 176, 26, 219, 209, 128, 251, 253, 190, 71, 162, 70,
       174, 67, 246, 246, 133, 144, 207, 117, 152, 202, 139, 250, 152,
       239, 76, 236, 87, 143, 141, 213, 215, 245, 175, 99, 202, 208, 59,
       80, 205, 255, 199, 124, 31, 215, 103, 34, 90, 226, 228, 11, 250,
       81, 169, 160, 147, 206, 29, 138, 245, 10, 238, 165, 95, 31, 209,
       231, 136, 200, 92, 89, 191, 232, 13, 139, 243, 129, 38, 240, 146,
       138, 125, 255, 178, 204, 31, 237, 249, 11, 204, 220, 107, 132,
       255, 121, 195, 115, 6, 51, 122, 242, 191, 212, 143, 127, 215, 95,
       61, 215, 38, 240, 242, 237, 109, 95, 182, 200, 91, 236, 249, 43,
       74, 220, 95, 148, 254, 221, 215, 227, 196, 55, 219, 234, 63, 92,
       7, 175, 69, 63, 126, 215, 17, 34, 203, 225, 150, 43, 233, 87, 118,
       35, 70, 150, 19, 9, 112, 104, 111, 136, 27, 157, 155, 188, 53,
       210, 221, 143, 154, 68, 173, 200, 240, 184, 142, 21, 182, 185,
       149, 246, 184, 199, 29, 71, 83, 23, 204, 254, 46, 204, 253, 63,
       179, 177, 54, 148, 17, 198, 39, 119, 154, 71, 134, 93, 189, 214,
       11, 91, 10, 189, 119, 144, 186, 230, 61, 64, 86, 231, 172, 202,
       55, 192, 230, 107, 179, 197, 199, 152, 7, 255, 102, 119, 154, 131,
       28, 4, 57, 223, 111, 94, 195, 193, 96, 52, 107, 146, 53, 234, 122,
