%YAML:1.0
---
descriptors: !!opencv-matrix
   rows: 281
   cols: 32
   dt: u
   data: [ 219, 82, 151, 221, 35, 62, 48, 26, 121, 50, 66, 118, 204, 50,
       133, 255, 167, 85, 188, 40, 165, 213, 135, 200, 150, 250, 90, 134,
       170, 117, 41, 5, 95, 159, 54, 179, 179, 224, 188, 167, 253, 91,
       94, 183, 141, 190, 58, 77, 231, 19, 191, 145, 182, 152, 5, 247,
       236, 247, 222, 199, 150, 68, 173, 95, 237, 189, 245, 69, 232, 111,
       79, 250, 81, 250, 172, 76, 83, 117, 149, 55, 29, 198, 118, 110,
       233, 242, 253, 46, 127, 138, 101, 52, 107, 250, 82, 248, 66, 188,
       154, 186, 219, 164, 18, 199, 187, 15, 201, 29, 44, 255, 102, 16,
       231, 59, 215, 21, 54, 15, 154, 247, 251, 117, 26, 107, 152, 68,
       175, 219, 154, 139, 111, 253, 183, 218, 125, 247, 85, 76, 86, 130,
       123, 29, 182, 101, 110, 190, 159, 236, 248, 184, 37, 253, 119,
       251, 226, 193, 55, 140, 244, 107, 56, 215, 255, 237, 230, 86, 254,
       255, 84, 235, 254, 103, 91, 61, 179, 233, 126, 198, 183, 238, 217,
       186, 49, 160, 102, 235, 244, 133, 111, 250, 252, 219, 42, 165,
       120, 233, 213, 203, 185, 111, 15, 37, 124, 155, 8, 141, 62, 0,
       217, 27, 131, 145, 18, 58, 96, 213, 111, 157, 134, 111, 85, 8,
       214, 234, 1, 221, 147, 189, 52, 197, 165, 238, 30, 67, 72, 82,
       180, 182, 32, 96, 223, 123, 18, 65, 99, 152, 19, 127, 101, 6, 62,
       32, 24, 88, 161, 187, 32, 134, 191, 211, 116, 237, 251, 67, 222,
       13, 123, 18, 176, 204, 60, 32, 217, 58, 3, 16, 162, 188, 48, 223,
       111, 158, 54, 64, 208, 8, 213, 185, 106, 61, 181, 96, 249, 125,
       84, 31, 11, 249, 44, 9, 190, 189, 68, 54, 133, 55, 245, 24, 138,
       74, 251, 24, 239, 221, 21, 127, 210, 76, 134, 123, 104, 76, 243,
       204, 85, 36, 103, 214, 83, 130, 104, 74, 56, 241, 181, 244, 88,
       252, 18, 74, 65, 178, 240, 232, 55, 60, 133, 40, 19, 251, 118,
       168, 17, 178, 165, 249, 44, 219, 225, 23, 87, 125, 83, 114, 163,
       28, 148, 237, 73, 190, 126, 25, 159, 252, 103, 145, 141, 250, 218,
       194, 229, 8, 85, 237, 125, 37, 169, 164, 148, 78, 79, 159, 114,
       237, 170, 9, 215, 231, 91, 112, 209, 206, 237, 117, 62, 90, 233,
       42, 251, 229, 165, 61, 160, 242, 214, 74, 98, 248, 173, 157, 77,
       213, 153, 184, 135, 252, 132, 7, 224, 204, 86, 230, 204, 180, 251,
       213, 143, 74, 251, 149, 15, 19, 201, 127, 27, 46, 92, 252, 195,
       148, 182, 154, 173, 188, 184, 15, 254, 91, 147, 117, 252, 248, 62,
       239, 167, 3, 254, 21, 183, 109, 27, 215, 140, 122, 90, 218, 152,
       68, 169, 23, 75, 191, 249, 117, 178, 62, 95, 183, 113, 234, 94,
       237, 253, 61, 151, 114, 151, 119, 117, 47, 245, 220, 173, 47, 110,
       127, 117, 132, 142, 246, 138, 125, 36, 164, 154, 244, 124, 9, 240,
       234, 30, 162, 80, 11, 228, 235, 108, 3, 217, 123, 3, 48, 116, 122,
       90, 207, 207, 150, 223, 111, 216, 104, 25, 138, 186, 243, 82, 248,
       211, 217, 116, 245, 31, 61, 116, 187, 15, 207, 110, 148, 190, 155,
       135, 80, 118, 58, 8, 215, 127, 209, 5, 239, 119, 140, 206, 203,
       181, 120, 78, 65, 76, 157, 229, 80, 109, 82, 242, 70, 147, 18,
       135, 125, 104, 168, 110, 206, 207, 180, 119, 96, 150, 232, 162, 0,
       105, 25, 106, 180, 17, 136, 111, 251, 70, 130, 232, 194, 126, 17,
       98, 130, 249, 70, 16, 104, 123, 174, 42, 156, 3, 152, 183, 241,
       21, 170, 154, 64, 165, 128, 97, 168, 7, 165, 230, 155, 213, 245,
       185, 223, 31, 223, 93, 151, 104, 238, 127, 140, 125, 107, 147,
       157, 183, 216, 62, 243, 47, 30, 159, 199, 159, 78, 189, 222, 116,
       179, 241, 32, 248, 45, 86, 220, 67, 229, 168, 77, 66, 245, 76, 16,
       152, 222, 96, 80, 158, 34, 250, 49, 123, 220, 5, 126, 192, 219,
       198, 67, 205, 80, 151, 240, 171, 76, 61, 144, 174, 155, 7, 84,
       220, 211, 73, 79, 167, 85, 121, 90, 97, 69, 155, 192, 221, 251,
       95, 78, 138, 49, 161, 51, 245, 135, 204, 233, 142, 35, 204, 155,
       86, 179, 145, 254, 209, 105, 217, 107, 91, 132, 126, 188, 185, 99,
       207, 146, 152, 139, 231, 252, 189, 249, 208, 0, 27, 198, 238, 199,
       214, 22, 239, 245, 116, 239, 94, 198, 121, 96, 158, 100, 127, 206,
       55, 239, 241, 188, 45, 238, 126, 47, 255, 128, 47, 246, 249, 252,
       11, 175, 66, 11, 246, 147, 174, 255, 111, 73, 121, 231, 232, 232,
       190, 164, 126, 43, 22, 221, 151, 184, 12, 253, 46, 28, 174, 194,
       223, 134, 235, 157, 65, 239, 172, 183, 188, 47, 207, 191, 86, 251,
       154, 85, 243, 40, 218, 99, 197, 70, 124, 79, 222, 88, 239, 55,
       237, 171, 255, 180, 152, 249, 209, 72, 189, 126, 239, 86, 14, 59,
       171, 80, 214, 226, 151, 254, 83, 236, 247, 175, 63, 228, 254, 239,
       173, 229, 45, 138, 16, 79, 229, 180, 111, 255, 89, 116, 127, 35,
       236, 225, 172, 43, 204, 27, 3, 243, 146, 222, 211, 45, 212, 43,
       93, 196, 125, 189, 153, 114, 197, 128, 222, 219, 237, 244, 189,
       236, 208, 96, 63, 87, 67, 172, 252, 23, 222, 252, 133, 200, 216,
       239, 81, 200, 187, 144, 92, 224, 23, 239, 205, 131, 28, 174, 178,
       109, 171, 156, 63, 255, 122, 213, 108, 32, 157, 185, 173, 111, 89,
       154, 31, 255, 164, 25, 215, 45, 73, 218, 209, 199, 125, 29, 26,
       66, 251, 18, 207, 215, 117, 125, 208, 249, 22, 114, 244, 107, 249,
       100, 206, 67, 199, 253, 67, 166, 188, 106, 83, 121, 221, 34, 89,
       220, 68, 106, 200, 99, 237, 10, 115, 136, 229, 60, 101, 251, 214,
       170, 120, 225, 168, 229, 244, 79, 67, 189, 50, 169, 246, 9, 119,
       71, 90, 112, 88, 204, 85, 120, 90, 250, 201, 45, 239, 239, 165,
       117, 32, 130, 214, 234, 40, 72, 125, 103, 112, 79, 107, 184, 53,
       232, 246, 8, 115, 103, 19, 17, 24, 228, 70, 110, 104, 176, 121,
       63, 231, 143, 33, 16, 99, 171, 70, 248, 55, 113, 99, 204, 46, 199,
       203, 88, 205, 224, 209, 110, 82, 220, 189, 229, 94, 236, 30, 111,
       201, 163, 252, 156, 176, 56, 139, 188, 61, 63, 112, 245, 50, 222,
       86, 137, 75, 155, 190, 238, 141, 38, 120, 175, 44, 14, 38, 148,
       238, 177, 131, 99, 70, 171, 2, 253, 54, 86, 90, 51, 127, 30, 13,
       159, 59, 91, 194, 78, 90, 16, 239, 254, 1, 64, 252, 231, 41, 227,
       183, 212, 126, 234, 6, 204, 193, 138, 134, 249, 50, 108, 160, 138,
       127, 255, 98, 221, 61, 135, 119, 111, 118, 11, 239, 121, 64, 64,
       127, 230, 123, 105, 184, 160, 126, 200, 22, 110, 217, 176, 45,
       157, 102, 207, 33, 132, 127, 170, 224, 161, 199, 128, 188, 186,
       173, 188, 184, 143, 255, 91, 151, 21, 206, 248, 122, 203, 167, 3,
       127, 29, 182, 101, 155, 211, 152, 127, 94, 254, 156, 69, 169, 87,
       170, 132, 96, 249, 253, 147, 216, 111, 87, 29, 245, 18, 137, 24,
       62, 229, 219, 139, 23, 185, 250, 62, 77, 215, 47, 217, 154, 215,
       23, 12, 248, 142, 61, 229, 231, 92, 213, 87, 199, 232, 87, 226,
       252, 2, 123, 248, 183, 165, 89, 236, 146, 238, 173, 243, 61, 159,
       59, 79, 197, 85, 247, 253, 124, 228, 173, 89, 97, 79, 84, 15, 227,
       88, 68, 4, 117, 66, 115, 65, 189, 100, 122, 168, 2, 106, 129, 178,
       125, 28, 103, 40, 160, 0, 127, 171, 116, 224, 46, 181, 49, 233,
       213, 243, 177, 75, 94, 97, 125, 18, 136, 157, 124, 164, 217, 27,
       147, 145, 19, 186, 112, 214, 79, 93, 155, 103, 215, 72, 213, 182,
       35, 192, 209, 79, 93, 21, 206, 237, 75, 74, 248, 66, 42, 216, 188,
       244, 216, 122, 146, 10, 207, 42, 254, 251, 34, 60, 148, 59, 91,
       62, 250, 140, 137, 220, 147, 191, 21, 167, 167, 246, 30, 3, 74,
       66, 181, 243, 33, 228, 117, 122, 18, 73, 99, 152, 83, 191, 229,
       231, 30, 0, 26, 89, 41, 168, 233, 81, 18, 71, 229, 30, 102, 61,
       121, 168, 103, 76, 214, 48, 12, 245, 180, 76, 100, 110, 229, 176,
       241, 8, 39, 249, 96, 6, 74, 50, 203, 133, 199, 108, 171, 159, 42,
       240, 175, 134, 190, 194, 206, 144, 180, 246, 215, 127, 39, 107,
       123, 207, 161, 77, 190, 114, 197, 38, 222, 168, 132, 113, 39, 124,
       214, 249, 154, 186, 138, 224, 62, 196, 174, 23, 137, 179, 172,
       215, 105, 91, 163, 123, 233, 211, 82, 67, 138, 113, 248, 193, 95,
