%YAML:1.0
---
descriptors: !!opencv-matrix
   rows: 198
   cols: 32
   dt: u
   data: [ 199, 174, 211, 214, 188, 32, 174, 174, 218, 179, 25, 208, 252,
       234, 252, 66, 151, 111, 125, 191, 179, 77, 143, 251, 168, 62, 239,
       252, 140, 243, 129, 41, 188, 241, 82, 232, 115, 205, 86, 233, 33,
       12, 161, 13, 63, 223, 106, 17, 190, 153, 213, 98, 78, 39, 26, 149,
       243, 217, 1, 63, 115, 23, 175, 131, 164, 73, 95, 101, 52, 14, 111,
       180, 101, 160, 98, 64, 243, 99, 17, 113, 90, 228, 108, 110, 105,
       176, 81, 12, 231, 250, 101, 0, 105, 187, 66, 40, 248, 233, 122,
       104, 24, 205, 83, 81, 163, 132, 172, 8, 63, 215, 64, 48, 136, 176,
       109, 88, 74, 47, 242, 59, 251, 217, 32, 121, 98, 136, 70, 42, 249,
       205, 67, 109, 148, 2, 111, 231, 117, 130, 234, 2, 115, 33, 176,
       113, 122, 228, 42, 238, 104, 191, 53, 46, 240, 174, 198, 0, 101,
       186, 240, 40, 47, 55, 65, 167, 112, 22, 110, 57, 49, 232, 90, 199,
       221, 38, 145, 244, 126, 205, 23, 239, 205, 146, 125, 206, 164,
       110, 175, 132, 47, 230, 2, 221, 106, 188, 238, 50, 157, 249, 144,
       135, 187, 87, 134, 189, 170, 172, 86, 11, 201, 179, 249, 17, 62,
       111, 246, 225, 79, 83, 220, 123, 231, 76, 222, 94, 240, 209, 63,
       248, 26, 205, 81, 101, 172, 20, 160, 9, 55, 223, 32, 17, 170, 179,
       93, 64, 106, 47, 50, 21, 241, 193, 50, 121, 112, 0, 167, 122, 13,
       177, 16, 235, 237, 125, 225, 25, 78, 113, 53, 92, 156, 88, 90,
       172, 155, 10, 106, 24, 147, 120, 251, 209, 77, 217, 63, 124, 158,
       14, 153, 176, 69, 54, 249, 101, 224, 46, 105, 24, 106, 187, 63,
       92, 215, 119, 201, 123, 151, 92, 124, 58, 145, 80, 185, 64, 205,
       185, 99, 36, 136, 227, 67, 161, 120, 181, 146, 94, 203, 125, 86,
       239, 251, 27, 237, 8, 106, 243, 108, 180, 185, 211, 226, 0, 95,
       59, 154, 115, 59, 158, 85, 111, 203, 98, 234, 6, 241, 73, 87, 101,
       4, 14, 111, 52, 116, 162, 226, 72, 243, 33, 17, 179, 56, 228, 104,
       106, 105, 244, 81, 14, 229, 170, 69, 16, 104, 184, 66, 40, 120,
       237, 59, 120, 57, 205, 81, 119, 161, 12, 172, 8, 63, 211, 64, 17,
       128, 186, 77, 8, 74, 43, 162, 61, 243, 249, 32, 57, 98, 128, 102,
       42, 50, 40, 114, 233, 117, 139, 218, 64, 125, 32, 240, 139, 15,
       137, 21, 20, 186, 185, 87, 81, 8, 178, 64, 222, 151, 252, 0, 51,
       103, 142, 70, 134, 45, 48, 209, 129, 253, 63, 225, 89, 111, 249,
       181, 92, 222, 24, 219, 190, 191, 141, 222, 61, 147, 114, 249, 208,
       93, 217, 37, 116, 206, 79, 91, 245, 234, 232, 228, 91, 237, 249,
       81, 134, 235, 95, 52, 24, 170, 8, 215, 191, 137, 66, 238, 24, 150,
       108, 230, 241, 15, 90, 84, 123, 210, 93, 222, 78, 197, 175, 199,
       151, 222, 162, 110, 191, 254, 178, 10, 198, 249, 227, 249, 66,
       115, 110, 42, 254, 99, 96, 142, 255, 44, 134, 231, 108, 172, 243,
       225, 168, 197, 174, 211, 158, 252, 35, 174, 239, 218, 163, 24,
       208, 253, 234, 248, 64, 19, 111, 122, 191, 51, 79, 143, 255, 168,
       54, 175, 252, 140, 241, 163, 168, 224, 164, 149, 255, 253, 47, 68,
       175, 83, 187, 177, 24, 227, 121, 76, 27, 201, 214, 100, 16, 58,
       110, 219, 147, 173, 218, 213, 118, 241, 104, 208, 10, 182, 190,
       163, 187, 234, 175, 52, 219, 55, 203, 250, 255, 70, 253, 140, 24,
       253, 255, 247, 21, 191, 251, 73, 243, 191, 118, 117, 194, 233, 76,
       166, 215, 102, 32, 241, 97, 244, 107, 248, 11, 123, 179, 176, 153,
       142, 45, 85, 58, 175, 157, 87, 157, 146, 112, 193, 192, 143, 216,
       21, 246, 199, 224, 67, 134, 120, 161, 89, 100, 56, 79, 67, 57,
       162, 172, 175, 8, 55, 87, 128, 16, 16, 180, 76, 104, 9, 35, 241,
       29, 249, 237, 33, 124, 96, 162, 70, 105, 188, 249, 88, 232, 227,
       79, 86, 252, 33, 12, 252, 13, 31, 31, 33, 145, 190, 153, 213, 98,
       120, 58, 80, 29, 243, 217, 33, 111, 115, 187, 110, 131, 237, 75,
       93, 103, 36, 10, 111, 56, 101, 136, 118, 108, 243, 97, 153, 115,
       58, 228, 108, 110, 201, 176, 109, 44, 230, 251, 97, 16, 106, 187,
       66, 33, 92, 184, 159, 250, 155, 228, 81, 222, 175, 153, 172, 8,
       190, 247, 64, 254, 167, 119, 253, 16, 27, 75, 155, 241, 219, 255,
       87, 122, 138, 66, 171, 59, 219, 223, 253, 237, 46, 22, 255, 188,
       27, 106, 94, 198, 221, 63, 181, 99, 182, 85, 53, 239, 225, 16, 61,
       251, 99, 251, 239, 132, 62, 247, 81, 121, 205, 62, 252, 115, 169,
       124, 83, 152, 171, 222, 37, 12, 255, 119, 203, 191, 135, 83, 236,
       90, 163, 100, 251, 114, 207, 219, 65, 61, 202, 247, 15, 115, 72,
       63, 218, 188, 117, 248, 123, 150, 168, 77, 92, 132, 173, 167, 179,
       212, 98, 107, 140, 220, 135, 137, 180, 235, 226, 245, 186, 137,
       142, 212, 47, 249, 241, 81, 95, 236, 44, 78, 71, 56, 169, 234,
       246, 46, 95, 183, 161, 115, 254, 213, 124, 234, 233, 199, 177,
       204, 177, 251, 231, 28, 41, 187, 98, 49, 57, 241, 59, 108, 125,
       221, 115, 221, 99, 72, 252, 76, 63, 217, 40, 48, 252, 152, 86,
       120, 219, 43, 176, 29, 251, 205, 33, 124, 122, 138, 234, 187, 141,
       114, 147, 101, 96, 44, 105, 80, 120, 154, 117, 100, 159, 147, 193,
       191, 182, 76, 118, 78, 129, 116, 178, 64, 197, 249, 99, 172, 74,
       179, 99, 161, 131, 166, 208, 187, 236, 41, 173, 143, 30, 51, 25,
       253, 157, 98, 216, 138, 143, 11, 123, 29, 51, 88, 207, 211, 12,
       18, 127, 252, 156, 200, 139, 128, 216, 152, 149, 248, 139, 228,
       21, 223, 190, 59, 144, 82, 156, 183, 96, 74, 229, 119, 253, 145,
       51, 79, 219, 241, 217, 211, 127, 254, 154, 80, 165, 59, 213, 72,
       199, 196, 14, 10, 239, 168, 121, 130, 242, 2, 67, 42, 21, 127,
       120, 196, 108, 235, 104, 247, 141, 202, 176, 170, 199, 20, 101,
       57, 112, 36, 126, 227, 40, 174, 60, 31, 79, 248, 7, 172, 252, 201,
       227, 205, 127, 80, 220, 232, 255, 239, 204, 35, 234, 185, 243,
       221, 173, 189, 50, 191, 118, 224, 227, 187, 246, 90, 219, 181,
       176, 199, 255, 29, 164, 23, 40, 250, 102, 255, 239, 171, 234, 149,
       182, 107, 190, 241, 26, 91, 86, 123, 219, 68, 235, 207, 96, 173,
       248, 72, 250, 225, 145, 207, 122, 29, 188, 42, 20, 191, 229, 112,
       163, 155, 66, 16, 18, 43, 162, 83, 125, 141, 55, 109, 209, 64,
       231, 171, 162, 178, 180, 90, 207, 253, 144, 79, 139, 55, 33, 25,
       14, 157, 76, 159, 137, 27, 227, 17, 18, 111, 218, 209, 31, 16, 81,
       127, 211, 72, 199, 226, 77, 48, 153, 229, 224, 46, 120, 25, 58,
       179, 99, 80, 215, 51, 73, 122, 183, 93, 124, 56, 17, 208, 153, 2,
       207, 237, 99, 68, 168, 227, 203, 131, 60, 83, 106, 100, 84, 2,
       243, 112, 228, 128, 255, 231, 83, 201, 56, 192, 120, 220, 199,
       110, 200, 179, 4, 8, 114, 237, 33, 5, 111, 187, 120, 146, 42, 171,
       211, 95, 211, 208, 190, 103, 59, 73, 125, 176, 40, 174, 172, 244,
       255, 27, 131, 128, 23, 26, 166, 243, 39, 117, 154, 235, 23, 4,
       175, 189, 102, 206, 133, 191, 152, 97, 15, 172, 150, 31, 153, 227,
       225, 230, 72, 67, 221, 211, 239, 210, 58, 75, 203, 247, 173, 182,
       255, 253, 144, 251, 164, 120, 189, 65, 91, 228, 86, 67, 67, 72, 5,
       228, 227, 139, 67, 141, 47, 16, 248, 132, 0, 102, 77, 183, 16,
       142, 179, 237, 129, 20, 97, 171, 114, 96, 228, 104, 255, 86, 237,
       73, 197, 196, 203, 190, 180, 8, 34, 217, 85, 59, 136, 244, 102,
       74, 104, 103, 202, 160, 83, 153, 69, 57, 67, 249, 86, 170, 180,
       69, 122, 78, 86, 134, 195, 112, 212, 128, 237, 142, 83, 193, 179,
       96, 88, 232, 2, 106, 200, 167, 112, 14, 115, 173, 1, 24, 125, 187,
       120, 176, 244, 96, 254, 102, 45, 46, 88, 204, 105, 187, 179, 24,
       83, 25, 93, 27, 153, 213, 117, 122, 40, 247, 217, 66, 219, 219,
       209, 85, 193, 115, 66, 2, 221, 116, 253, 103, 33, 124, 123, 152,
       115, 254, 38, 12, 123, 127, 95, 59, 183, 212, 252, 126, 171, 116,
       185, 98, 215, 219, 101, 36, 227, 243, 70, 122, 206, 50, 56, 51,
       235, 253, 185, 89, 186, 255, 53, 253, 156, 221, 75, 27, 143, 25,
       247, 23, 182, 118, 250, 66, 79, 81, 63, 239, 196, 69, 7, 243, 136,
