%YAML:1.0
---
descriptors: !!opencv-matrix
   rows: 296
   cols: 32
   dt: u
   data: [ 42, 146, 102, 171, 127, 115, 184, 200, 15, 93, 223, 167, 232,
       204, 62, 140, 255, 155, 223, 149, 134, 179, 123, 245, 31, 87, 154,
       215, 23, 15, 61, 223, 14, 172, 146, 155, 221, 113, 190, 202, 31,
       23, 73, 19, 204, 238, 110, 128, 219, 91, 131, 19, 54, 114, 90,
       243, 47, 22, 159, 111, 150, 127, 189, 134, 110, 183, 129, 142,
       217, 100, 75, 186, 19, 225, 137, 205, 72, 231, 72, 148, 93, 222,
       177, 190, 27, 82, 219, 243, 61, 20, 141, 238, 186, 167, 38, 112,
       2, 147, 51, 239, 52, 199, 171, 53, 78, 73, 91, 102, 245, 21, 184,
       96, 86, 61, 63, 137, 209, 152, 97, 159, 165, 174, 186, 192, 20,
       138, 181, 121, 125, 87, 125, 70, 236, 31, 78, 184, 65, 234, 188,
       238, 75, 108, 159, 183, 94, 196, 244, 238, 237, 50, 237, 174, 58,
       255, 229, 156, 111, 255, 216, 117, 142, 232, 146, 155, 109, 215,
       184, 232, 31, 188, 80, 3, 204, 222, 107, 13, 249, 121, 179, 211,
       6, 80, 122, 241, 13, 16, 207, 111, 22, 45, 53, 199, 154, 18, 166,
       189, 43, 82, 57, 89, 165, 223, 214, 179, 173, 167, 35, 207, 102,
       125, 175, 128, 40, 205, 163, 200, 199, 243, 250, 129, 182, 164,
       45, 219, 1, 143, 125, 251, 182, 169, 105, 55, 238, 81, 92, 246,
       189, 227, 176, 97, 39, 35, 26, 28, 179, 8, 54, 245, 206, 251, 26,
       64, 188, 136, 129, 40, 159, 255, 234, 150, 246, 240, 190, 244,
       145, 218, 93, 246, 121, 254, 255, 173, 127, 251, 151, 243, 245,
       215, 172, 238, 58, 71, 239, 207, 175, 247, 191, 245, 15, 182, 38,
       185, 125, 213, 184, 107, 221, 220, 84, 167, 173, 204, 54, 129,
       255, 41, 159, 181, 228, 235, 118, 220, 190, 83, 139, 203, 87, 12,
       61, 223, 150, 1, 239, 218, 148, 162, 239, 197, 116, 3, 195, 146,
       81, 234, 60, 104, 127, 142, 59, 189, 59, 151, 61, 198, 249, 174,
       158, 68, 181, 209, 240, 32, 130, 157, 12, 155, 188, 135, 190, 175,
       156, 10, 155, 115, 244, 122, 36, 96, 215, 115, 59, 227, 245, 141,
       73, 255, 174, 54, 175, 210, 28, 10, 185, 159, 151, 163, 239, 177,
       162, 3, 188, 219, 62, 115, 83, 242, 125, 238, 248, 105, 119, 139,
       55, 157, 243, 220, 47, 209, 156, 11, 255, 196, 181, 196, 161, 201,
       73, 217, 247, 69, 36, 142, 111, 180, 229, 72, 118, 68, 219, 49,
       144, 100, 38, 244, 126, 74, 209, 184, 53, 224, 101, 248, 96, 128,
       103, 187, 193, 105, 2, 129, 0, 137, 149, 135, 174, 167, 12, 1, 90,
       2, 228, 42, 48, 68, 88, 2, 19, 225, 82, 184, 25, 221, 45, 50, 142,
       198, 20, 14, 177, 12, 90, 153, 182, 254, 59, 212, 184, 113, 142,
       93, 223, 39, 252, 190, 35, 194, 230, 55, 191, 129, 132, 139, 179,
       253, 211, 247, 250, 139, 22, 39, 45, 91, 128, 32, 59, 177, 100,
       137, 248, 2, 236, 19, 115, 83, 149, 155, 80, 75, 234, 41, 106,
       145, 54, 252, 211, 192, 69, 144, 250, 72, 196, 8, 97, 138, 128,
       129, 59, 249, 180, 168, 104, 19, 62, 25, 83, 81, 181, 3, 16, 73,
       194, 43, 63, 144, 51, 152, 83, 87, 205, 186, 186, 192, 152, 192,
       1, 57, 154, 94, 127, 188, 38, 146, 255, 246, 189, 198, 94, 231,
       125, 239, 179, 97, 102, 245, 191, 199, 228, 149, 36, 238, 242,
       235, 234, 129, 39, 245, 45, 89, 11, 243, 127, 233, 108, 141, 237,
       87, 236, 89, 246, 244, 189, 159, 210, 99, 238, 169, 94, 140, 211,
       158, 231, 193, 102, 217, 122, 128, 78, 128, 227, 249, 26, 22, 91,
       225, 34, 105, 181, 87, 45, 107, 190, 246, 142, 31, 132, 40, 166,
       147, 206, 1, 81, 61, 33, 194, 214, 213, 58, 163, 239, 64, 167,
       187, 145, 131, 111, 233, 164, 3, 237, 117, 116, 72, 246, 246, 147,
       15, 184, 33, 110, 137, 94, 239, 249, 175, 101, 4, 226, 201, 162,
       196, 109, 136, 225, 241, 60, 88, 120, 238, 101, 93, 90, 112, 1,
       110, 245, 9, 59, 221, 51, 152, 222, 185, 151, 227, 200, 54, 122,
       185, 211, 217, 225, 185, 119, 187, 78, 147, 219, 18, 107, 168,
       106, 32, 41, 83, 164, 72, 214, 247, 25, 135, 242, 65, 110, 141,
       63, 173, 217, 159, 165, 192, 212, 105, 186, 136, 61, 132, 49, 249,
       60, 76, 122, 238, 124, 215, 211, 240, 213, 4, 253, 2, 115, 217,
       179, 224, 120, 248, 151, 106, 232, 167, 60, 191, 115, 237, 163,
       25, 119, 171, 120, 234, 35, 9, 98, 139, 149, 211, 162, 233, 76,
       64, 89, 70, 232, 88, 191, 224, 216, 43, 146, 231, 215, 184, 44,
       255, 36, 56, 138, 194, 93, 15, 121, 204, 40, 99, 152, 103, 180,
       31, 86, 61, 103, 172, 63, 77, 223, 105, 75, 146, 144, 204, 196,
       126, 204, 240, 73, 10, 239, 217, 37, 53, 66, 186, 202, 139, 17,
       205, 107, 254, 180, 128, 254, 231, 252, 64, 222, 130, 49, 174,
       178, 96, 238, 243, 63, 207, 253, 139, 36, 47, 242, 175, 174, 192,
       21, 152, 249, 248, 139, 171, 233, 213, 230, 185, 188, 55, 91, 105,
       84, 215, 189, 44, 214, 40, 47, 63, 55, 157, 182, 252, 228, 195,
       78, 127, 254, 224, 207, 132, 211, 253, 43, 49, 102, 193, 101, 151,
       248, 65, 109, 89, 247, 230, 136, 24, 150, 172, 238, 129, 214, 157,
       143, 178, 117, 212, 22, 89, 154, 195, 79, 14, 123, 149, 57, 189,
       57, 240, 157, 253, 81, 87, 223, 121, 172, 24, 158, 189, 66, 40,
       137, 186, 95, 16, 27, 43, 242, 183, 219, 221, 17, 122, 218, 73,
       195, 114, 134, 189, 53, 147, 244, 239, 175, 237, 31, 232, 88, 99,
       228, 124, 60, 32, 223, 123, 19, 115, 51, 184, 89, 255, 45, 22,
       143, 194, 21, 75, 145, 189, 126, 165, 132, 170, 185, 89, 30, 168,
       11, 247, 153, 189, 207, 74, 202, 147, 219, 197, 237, 247, 62, 67,
       207, 181, 186, 211, 205, 255, 190, 23, 138, 87, 175, 178, 213,
       145, 238, 173, 168, 218, 158, 179, 177, 254, 157, 194, 201, 139,
       111, 211, 78, 156, 179, 118, 222, 208, 156, 146, 255, 252, 221,
       217, 139, 145, 254, 16, 100, 200, 111, 87, 184, 72, 9, 250, 149,
       187, 8, 30, 125, 143, 238, 149, 223, 227, 248, 103, 212, 194, 23,
       58, 202, 255, 23, 61, 63, 215, 185, 81, 59, 101, 116, 79, 101,
       117, 121, 104, 114, 110, 95, 29, 152, 48, 182, 156, 23, 45, 225,
       176, 48, 31, 117, 205, 32, 132, 105, 136, 70, 249, 37, 6, 105,
       204, 124, 35, 79, 89, 85, 106, 253, 238, 83, 73, 189, 120, 94,
       168, 6, 172, 137, 38, 100, 154, 86, 157, 161, 188, 221, 235, 82,
       241, 57, 116, 121, 237, 116, 95, 75, 88, 68, 232, 124, 44, 187,
       21, 145, 180, 94, 156, 150, 108, 201, 178, 117, 159, 231, 205,
       161, 180, 126, 187, 90, 121, 191, 83, 226, 68, 53, 94, 94, 124,
       65, 236, 247, 175, 75, 12, 191, 119, 126, 196, 149, 239, 236, 179,
       53, 200, 242, 121, 192, 151, 103, 191, 116, 87, 254, 114, 254,
       114, 43, 93, 21, 216, 171, 254, 53, 189, 94, 223, 207, 191, 135,
       113, 245, 115, 165, 69, 186, 144, 219, 211, 101, 191, 254, 181,
       15, 119, 49, 146, 239, 252, 62, 3, 73, 123, 86, 104, 214, 230,
       113, 233, 176, 97, 126, 172, 63, 172, 233, 255, 39, 29, 216, 174,
       251, 148, 61, 168, 112, 57, 166, 121, 16, 142, 109, 213, 158, 200,
       143, 252, 145, 11, 236, 220, 125, 135, 234, 249, 255, 227, 66,
       103, 218, 249, 179, 80, 143, 187, 23, 63, 63, 214, 42, 243, 40,
       24, 253, 213, 144, 239, 139, 93, 188, 173, 40, 140, 94, 128, 205,
       155, 215, 21, 222, 42, 226, 245, 59, 85, 158, 251, 211, 12, 223,
       223, 210, 249, 58, 178, 41, 157, 24, 228, 171, 172, 144, 41, 174,
       158, 70, 20, 166, 253, 253, 83, 78, 79, 162, 241, 153, 209, 10,
       251, 0, 10, 15, 111, 93, 85, 121, 231, 50, 78, 127, 56, 33, 236,
       127, 36, 223, 23, 137, 112, 54, 213, 125, 234, 193, 144, 249, 110,
       247, 239, 47, 132, 32, 179, 39, 113, 24, 180, 187, 250, 219, 253,
       81, 71, 251, 67, 125, 24, 62, 253, 104, 56, 171, 187, 213, 17, 27,
       43, 178, 211, 219, 213, 20, 107, 242, 64, 167, 251, 72, 217, 62,
       253, 36, 204, 125, 182, 173, 13, 118, 1, 191, 23, 0, 113, 230, 51,
       13, 72, 74, 152, 16, 61, 231, 251, 114, 193, 16, 144, 165, 27, 33,
       221, 121, 74, 116, 143, 239, 244, 69, 100, 126, 46, 112, 21, 148,
       52, 94, 176, 22, 234, 201, 186, 117, 127, 119, 12, 160, 128, 119,
