%YAML:1.0
---
descriptors: !!opencv-matrix
   rows: 240
   cols: 32
   dt: u
   data: [ 232, 253, 106, 97, 209, 206, 127, 117, 49, 164, 167, 141, 27,
       157, 82, 21, 60, 252, 209, 209, 120, 255, 177, 78, 127, 209, 133,
       97, 111, 132, 246, 250, 10, 205, 32, 137, 213, 215, 182, 231, 76,
       69, 88, 3, 172, 120, 62, 64, 217, 11, 130, 97, 86, 184, 81, 253,
       47, 20, 142, 71, 95, 14, 157, 222, 2, 173, 40, 153, 149, 197, 180,
       231, 94, 21, 72, 18, 164, 185, 120, 0, 201, 27, 19, 17, 114, 56,
       82, 247, 45, 20, 158, 111, 209, 72, 181, 138, 9, 211, 125, 175,
       102, 94, 239, 188, 76, 108, 95, 230, 221, 125, 186, 32, 54, 85,
       55, 239, 193, 48, 63, 221, 228, 111, 107, 132, 62, 174, 21, 113,
       46, 94, 102, 190, 111, 150, 190, 98, 157, 196, 222, 167, 40, 206,
       55, 197, 238, 187, 179, 199, 196, 155, 18, 252, 50, 115, 138, 203,
       23, 13, 61, 223, 195, 115, 209, 175, 50, 4, 170, 56, 40, 200, 89,
       228, 253, 102, 137, 38, 54, 125, 20, 238, 193, 208, 172, 105, 164,
       184, 170, 168, 44, 179, 35, 157, 122, 172, 187, 250, 233, 253, 17,
       199, 155, 31, 164, 25, 174, 255, 102, 154, 239, 187, 239, 17, 58,
       79, 170, 243, 219, 215, 90, 123, 146, 76, 167, 111, 242, 104, 153,
       234, 41, 233, 19, 202, 171, 23, 169, 57, 142, 151, 109, 26, 193,
       185, 205, 16, 10, 7, 234, 243, 211, 213, 26, 63, 144, 83, 7, 106,
       237, 117, 241, 71, 96, 126, 103, 184, 115, 232, 57, 104, 90, 55,
       197, 182, 22, 252, 84, 106, 193, 242, 249, 106, 63, 188, 37, 164,
       107, 243, 66, 189, 165, 116, 117, 67, 221, 95, 199, 121, 87, 248,
       185, 72, 210, 28, 221, 165, 29, 24, 86, 58, 225, 114, 125, 28, 45,
       24, 37, 116, 91, 186, 194, 181, 27, 95, 230, 132, 215, 19, 188,
       119, 173, 228, 222, 167, 9, 170, 183, 198, 110, 165, 183, 165,
       164, 155, 4, 202, 50, 93, 143, 131, 175, 244, 185, 221, 245, 75,
       214, 172, 44, 6, 87, 120, 133, 142, 242, 71, 103, 233, 35, 87,
       248, 228, 44, 98, 76, 167, 1, 168, 178, 243, 66, 18, 57, 251, 112,
       6, 208, 32, 131, 177, 194, 168, 168, 71, 62, 3, 250, 211, 159,
       135, 65, 88, 123, 159, 111, 148, 18, 157, 195, 66, 148, 164, 186,
       196, 232, 80, 163, 152, 11, 93, 107, 207, 118, 86, 191, 181, 12,
       76, 94, 166, 253, 127, 187, 228, 118, 121, 151, 239, 225, 144,
       117, 237, 103, 125, 174, 128, 54, 190, 181, 249, 154, 94, 62, 188,
       44, 133, 158, 246, 156, 14, 212, 167, 191, 191, 51, 1, 174, 177,
       247, 199, 236, 175, 18, 191, 243, 199, 122, 153, 20, 56, 45, 91,
       22, 188, 148, 26, 171, 253, 148, 199, 255, 31, 176, 185, 174, 238,
       78, 143, 143, 19, 238, 16, 54, 111, 74, 241, 153, 210, 94, 123,
       210, 84, 143, 151, 6, 157, 190, 211, 252, 102, 189, 231, 63, 63,
       219, 51, 244, 190, 110, 75, 239, 95, 63, 145, 50, 219, 25, 225,
       253, 54, 222, 199, 128, 72, 165, 95, 47, 76, 98, 79, 117, 211,
       163, 96, 93, 64, 125, 34, 104, 216, 183, 164, 88, 40, 146, 107,
       133, 178, 124, 255, 38, 60, 131, 3, 87, 175, 116, 228, 48, 4, 218,
       232, 20, 130, 195, 86, 84, 131, 210, 2, 81, 193, 57, 64, 120, 172,
       6, 185, 9, 183, 0, 138, 248, 174, 182, 0, 181, 136, 112, 168, 190,
       92, 66, 142, 93, 95, 255, 232, 29, 78, 245, 7, 76, 110, 43, 229,
       250, 193, 207, 226, 108, 39, 120, 254, 183, 87, 202, 63, 23, 127,
       109, 214, 173, 239, 227, 239, 222, 41, 231, 252, 205, 194, 185,
       206, 243, 225, 249, 98, 121, 234, 78, 238, 233, 39, 238, 191, 188,
       207, 167, 172, 181, 251, 240, 160, 197, 184, 184, 91, 141, 236,
       145, 159, 234, 125, 12, 24, 148, 187, 86, 58, 129, 74, 121, 29,
       146, 78, 250, 113, 79, 25, 63, 252, 216, 65, 195, 227, 130, 218,
       22, 158, 107, 192, 188, 230, 190, 6, 80, 163, 172, 150, 33, 65,
       230, 123, 179, 193, 66, 143, 18, 249, 53, 48, 218, 139, 20, 20,
       37, 219, 155, 113, 108, 97, 38, 22, 120, 29, 109, 232, 87, 166,
       89, 31, 158, 116, 182, 29, 253, 237, 197, 144, 165, 192, 102, 249,
       172, 134, 39, 150, 242, 245, 130, 175, 18, 145, 223, 201, 255,
       231, 189, 23, 112, 147, 172, 166, 102, 71, 163, 107, 202, 144,
       114, 125, 128, 247, 189, 22, 30, 111, 132, 92, 165, 206, 93, 111,
       84, 93, 155, 159, 86, 188, 235, 188, 174, 76, 106, 192, 135, 247,
       148, 228, 236, 110, 198, 65, 239, 61, 246, 251, 101, 59, 106, 182,
       74, 13, 95, 56, 162, 170, 69, 244, 251, 208, 115, 205, 214, 39, 9,
       223, 243, 228, 120, 232, 183, 220, 151, 19, 182, 226, 223, 245,
       139, 235, 175, 167, 127, 247, 81, 14, 238, 181, 134, 34, 237, 87,
       116, 71, 222, 150, 121, 43, 178, 75, 98, 230, 63, 141, 176, 217,
       5, 232, 212, 171, 254, 0, 165, 248, 241, 8, 90, 188, 191, 250,
       153, 253, 17, 199, 187, 23, 164, 24, 174, 255, 100, 58, 169, 187,
       239, 16, 62, 79, 250, 243, 219, 215, 90, 123, 210, 64, 135, 62,
       245, 141, 223, 254, 244, 47, 207, 251, 123, 170, 251, 90, 123,
       105, 156, 49, 123, 239, 102, 59, 249, 255, 77, 255, 248, 191, 231,
       20, 205, 248, 226, 32, 246, 84, 114, 238, 119, 124, 94, 156, 221,
       10, 242, 42, 111, 127, 61, 219, 254, 213, 157, 227, 172, 35, 120,
       235, 179, 254, 198, 151, 247, 255, 76, 15, 11, 207, 14, 189, 50,
       128, 62, 246, 188, 65, 90, 231, 173, 138, 179, 64, 102, 107, 159,
       197, 231, 152, 6, 255, 228, 39, 186, 129, 60, 148, 57, 95, 248,
       247, 122, 64, 229, 94, 117, 253, 113, 175, 191, 56, 75, 61, 206,
       181, 63, 148, 228, 40, 248, 179, 169, 134, 251, 223, 5, 71, 99,
       246, 238, 235, 2, 200, 7, 157, 89, 196, 60, 230, 159, 0, 64, 3,
       172, 222, 36, 64, 236, 123, 59, 193, 102, 137, 18, 255, 37, 54,
       218, 11, 16, 20, 33, 142, 9, 48, 244, 237, 63, 86, 123, 56, 1,
       204, 86, 166, 253, 95, 155, 231, 86, 116, 189, 172, 197, 208, 181,
       136, 198, 249, 171, 128, 46, 166, 92, 113, 42, 161, 148, 154, 125,
       221, 144, 236, 143, 29, 172, 11, 238, 252, 110, 198, 217, 27, 235,
       97, 2, 99, 90, 245, 31, 84, 11, 127, 210, 14, 141, 198, 189, 207,
       203, 254, 220, 43, 230, 254, 82, 226, 248, 222, 211, 97, 185, 34,
       121, 230, 94, 238, 249, 99, 109, 255, 254, 207, 231, 188, 253,
       251, 240, 168, 88, 13, 146, 188, 57, 188, 90, 146, 163, 46, 142,
       13, 175, 239, 35, 216, 230, 247, 237, 70, 44, 3, 146, 187, 211,
       247, 1, 59, 50, 245, 44, 90, 124, 117, 185, 173, 169, 15, 87, 184,
       35, 182, 168, 9, 223, 59, 73, 16, 153, 213, 93, 98, 72, 98, 217,
       186, 255, 223, 5, 62, 192, 123, 70, 98, 156, 249, 188, 123, 185,
       225, 145, 204, 198, 57, 181, 49, 190, 223, 106, 42, 129, 83, 253,
       83, 14, 101, 203, 53, 203, 193, 61, 127, 208, 19, 135, 3, 250, 8,
       249, 254, 111, 213, 153, 104, 155, 22, 180, 11, 44, 255, 117, 91,
       206, 179, 155, 129, 34, 111, 250, 219, 91, 121, 218, 59, 23, 44,
       84, 106, 154, 92, 154, 190, 11, 245, 156, 70, 149, 74, 216, 55,
       175, 254, 35, 136, 236, 241, 191, 129, 44, 143, 18, 171, 211, 247,
       250, 139, 62, 124, 41, 91, 193, 118, 83, 191, 34, 34, 184, 56, 56,
       202, 211, 245, 245, 6, 139, 217, 118, 109, 108, 167, 165, 213,
       181, 15, 132, 227, 106, 128, 44, 181, 35, 209, 124, 164, 156, 246,
       137, 108, 84, 130, 163, 51, 167, 24, 243, 243, 72, 123, 193, 214,
       121, 10, 58, 71, 251, 35, 211, 251, 81, 59, 128, 121, 198, 34,
       229, 25, 189, 245, 172, 111, 85, 159, 90, 251, 162, 24, 215, 61,
       89, 59, 129, 70, 120, 62, 185, 240, 251, 0, 205, 171, 117, 52,
       208, 121, 192, 114, 193, 20, 189, 85, 172, 46, 229, 55, 252, 251,
       190, 84, 246, 53, 144, 43, 133, 102, 108, 12, 161, 237, 243, 3,
       199, 191, 117, 16, 200, 232, 195, 57, 214, 252, 181, 240, 170,
       114, 21, 158, 51, 242, 134, 184, 223, 55, 193, 127, 135, 215, 253,
       145, 235, 79, 251, 146, 169, 243, 93, 255, 166, 240, 7, 119, 194,
       93, 114, 220, 99, 180, 190, 102, 189, 134, 222, 163, 44, 190, 39,
       64, 230, 123, 191, 195, 100, 139, 178, 239, 179, 48, 26, 139, 6,
