%YAML:1.0
---
descriptors: !!opencv-matrix
   rows: 261
   cols: 32
   dt: u
   data: [ 45, 221, 255, 227, 244, 98, 95, 246, 21, 75, 254, 48, 91, 45,
       185, 96, 223, 223, 22, 26, 185, 186, 57, 174, 107, 255, 116, 196,
       239, 219, 228, 185, 29, 189, 255, 243, 180, 230, 255, 182, 118,
       235, 254, 98, 121, 63, 184, 96, 125, 86, 63, 154, 179, 249, 57,
       255, 111, 239, 167, 192, 167, 211, 241, 249, 32, 180, 187, 243,
       116, 205, 233, 87, 94, 107, 121, 80, 245, 205, 44, 16, 217, 58,
       23, 24, 51, 188, 56, 223, 109, 158, 178, 96, 208, 138, 213, 184,
       177, 59, 82, 77, 86, 134, 107, 80, 97, 192, 252, 230, 49, 3, 167,
       84, 126, 236, 6, 252, 129, 154, 148, 108, 116, 172, 162, 0, 43,
       179, 98, 185, 211, 14, 198, 253, 84, 134, 104, 119, 53, 9, 82,
       214, 49, 163, 176, 100, 118, 174, 55, 173, 161, 157, 5, 207, 184,
       174, 186, 192, 173, 128, 112, 169, 32, 156, 25, 185, 125, 237,
       177, 31, 94, 121, 88, 92, 190, 220, 32, 96, 197, 59, 130, 17, 179,
       60, 123, 151, 205, 22, 16, 122, 152, 8, 133, 251, 62, 1, 103, 236,
       214, 3, 239, 124, 5, 136, 89, 131, 89, 255, 189, 44, 126, 57, 23,
       237, 152, 146, 4, 204, 242, 111, 234, 136, 183, 191, 243, 194,
       136, 136, 147, 187, 20, 193, 161, 198, 30, 1, 64, 178, 165, 198,
       96, 64, 219, 59, 131, 65, 34, 188, 66, 55, 197, 135, 154, 33, 20,
       9, 53, 170, 61, 101, 105, 71, 212, 91, 79, 249, 65, 230, 253, 138,
       83, 101, 221, 36, 90, 220, 22, 110, 201, 178, 125, 14, 119, 141,
       165, 52, 119, 250, 214, 248, 250, 166, 164, 183, 57, 232, 91, 36,
       161, 189, 151, 185, 239, 111, 10, 91, 231, 247, 253, 3, 56, 197,
       203, 167, 219, 243, 248, 211, 38, 143, 150, 115, 184, 5, 110, 237,
       151, 118, 79, 111, 85, 2, 238, 18, 83, 121, 56, 97, 121, 230, 27,
       170, 56, 191, 53, 174, 243, 239, 130, 1, 115, 250, 244, 42, 32,
       139, 41, 170, 252, 201, 207, 237, 206, 93, 220, 232, 179, 236,
       190, 96, 220, 138, 31, 77, 218, 43, 106, 53, 172, 149, 175, 252,
       20, 154, 212, 233, 3, 132, 50, 136, 119, 178, 184, 107, 254, 73,
       91, 151, 12, 250, 58, 196, 247, 43, 147, 181, 182, 153, 6, 223,
       24, 54, 154, 199, 156, 4, 169, 135, 34, 177, 208, 200, 247, 217,
       118, 207, 27, 53, 125, 59, 14, 253, 108, 148, 187, 155, 134, 16,
       22, 58, 40, 213, 63, 213, 5, 111, 211, 142, 206, 143, 130, 216,
       59, 253, 101, 205, 185, 198, 159, 89, 82, 163, 188, 159, 36, 105,
       230, 59, 179, 193, 67, 156, 82, 245, 5, 50, 154, 139, 20, 28, 53,
       251, 154, 249, 178, 186, 27, 196, 18, 194, 175, 13, 200, 17, 44,
       222, 103, 80, 164, 59, 217, 81, 6, 15, 146, 243, 219, 245, 26,
       123, 146, 5, 47, 219, 130, 180, 182, 216, 219, 244, 176, 67, 191,
       87, 69, 18, 12, 190, 110, 237, 231, 27, 147, 145, 55, 95, 50, 215,
       31, 22, 26, 75, 154, 68, 173, 215, 33, 151, 121, 71, 244, 11, 231,
       245, 69, 36, 127, 34, 83, 49, 156, 52, 62, 154, 6, 106, 209, 184,
       125, 95, 111, 140, 36, 68, 119, 234, 198, 169, 213, 135, 206, 237,
       174, 2, 108, 121, 253, 82, 183, 242, 91, 98, 170, 227, 114, 196,
       108, 234, 125, 197, 13, 206, 240, 235, 239, 148, 45, 240, 249, 0,
       63, 133, 66, 138, 221, 147, 198, 233, 71, 224, 217, 206, 99, 232,
       191, 164, 120, 234, 150, 239, 205, 35, 30, 191, 58, 77, 141, 255,
       127, 174, 88, 148, 90, 79, 106, 188, 50, 128, 63, 230, 176, 12,
       222, 163, 45, 239, 163, 81, 118, 251, 141, 193, 68, 139, 134, 237,
       242, 229, 174, 139, 37, 180, 45, 203, 138, 156, 55, 211, 55, 222,
       184, 103, 189, 83, 86, 182, 172, 134, 182, 229, 103, 59, 155, 140,
       243, 221, 53, 239, 15, 123, 218, 194, 14, 132, 173, 252, 71, 50,
       187, 215, 226, 108, 57, 17, 58, 251, 87, 117, 220, 183, 203, 106,
       183, 93, 189, 21, 145, 212, 179, 192, 70, 62, 126, 134, 140, 113,
       7, 243, 185, 137, 110, 237, 22, 150, 110, 117, 85, 64, 246, 194,
       123, 9, 178, 229, 126, 188, 23, 238, 249, 186, 53, 253, 246, 235,
       226, 128, 63, 172, 248, 8, 16, 153, 63, 126, 131, 205, 53, 119,
       172, 69, 110, 9, 182, 183, 34, 48, 166, 51, 91, 68, 19, 153, 50,
       109, 243, 175, 86, 2, 64, 64, 135, 123, 120, 249, 90, 106, 83,
       205, 82, 244, 163, 4, 236, 9, 63, 223, 34, 16, 162, 185, 197, 194,
       74, 43, 154, 61, 243, 205, 0, 59, 114, 3, 39, 154, 219, 144, 124,
       229, 42, 2, 89, 59, 52, 250, 147, 242, 221, 63, 144, 107, 103,
       213, 125, 175, 249, 213, 69, 140, 200, 235, 251, 212, 46, 164,
       161, 49, 91, 193, 193, 77, 194, 18, 238, 253, 107, 67, 124, 198,
       25, 42, 156, 244, 119, 207, 54, 142, 197, 158, 181, 195, 54, 237,
       170, 132, 47, 178, 235, 140, 184, 221, 48, 218, 93, 213, 214, 239,
       215, 65, 236, 2, 42, 152, 38, 36, 200, 186, 147, 81, 78, 43, 114,
       191, 51, 213, 146, 123, 83, 30, 252, 206, 169, 245, 113, 78, 85,
       221, 195, 125, 81, 64, 117, 10, 58, 220, 190, 164, 88, 184, 146,
       106, 239, 58, 124, 191, 115, 221, 0, 41, 123, 142, 218, 252, 104,
       177, 145, 122, 249, 237, 16, 75, 239, 57, 169, 28, 142, 217, 72,
       212, 129, 18, 106, 24, 23, 43, 218, 209, 159, 220, 18, 126, 218,
       72, 203, 18, 47, 174, 98, 154, 93, 183, 251, 200, 95, 12, 93, 175,
       104, 200, 255, 132, 217, 234, 131, 215, 134, 51, 14, 255, 62, 28,
       137, 235, 95, 143, 120, 215, 167, 216, 194, 147, 117, 155, 162,
       192, 95, 233, 83, 119, 72, 136, 182, 228, 251, 108, 50, 93, 183,
       188, 29, 254, 46, 62, 155, 194, 223, 141, 121, 149, 33, 177, 57,
       232, 252, 205, 177, 255, 206, 93, 124, 26, 182, 157, 122, 32, 137,
       10, 19, 29, 146, 42, 122, 53, 109, 29, 48, 124, 208, 8, 213, 251,
       54, 67, 230, 205, 54, 3, 202, 104, 133, 136, 210, 226, 75, 203,
       189, 192, 122, 169, 23, 249, 88, 145, 6, 204, 218, 168, 234, 197,
       189, 175, 120, 128, 63, 100, 226, 72, 85, 51, 226, 88, 87, 192,
       252, 70, 10, 200, 183, 164, 120, 168, 150, 255, 141, 178, 4, 218,
       54, 60, 131, 169, 255, 255, 122, 132, 106, 195, 82, 94, 75, 144,
       132, 109, 91, 6, 96, 74, 104, 200, 44, 212, 216, 42, 162, 64, 68,
       47, 38, 191, 51, 127, 144, 43, 83, 30, 238, 142, 215, 94, 70, 132,
       18, 22, 170, 112, 168, 202, 211, 231, 77, 202, 183, 203, 102, 229,
       253, 239, 237, 199, 151, 204, 176, 34, 239, 128, 45, 183, 57, 21,
       160, 180, 27, 251, 116, 239, 225, 91, 94, 73, 115, 80, 246, 213,
       40, 32, 249, 26, 22, 24, 51, 188, 26, 151, 205, 158, 51, 68, 216,
       136, 209, 177, 189, 237, 225, 71, 213, 87, 206, 248, 81, 234, 253,
       74, 83, 120, 189, 164, 121, 204, 18, 238, 237, 242, 125, 174, 58,
       78, 197, 52, 127, 255, 248, 228, 50, 255, 84, 203, 123, 155, 178,
       236, 143, 4, 188, 167, 44, 142, 174, 148, 238, 121, 131, 96, 70,
       47, 2, 253, 182, 209, 30, 243, 85, 30, 15, 207, 6, 20, 186, 216,
       219, 245, 185, 67, 31, 87, 77, 19, 12, 190, 102, 104, 229, 27,
       179, 145, 54, 30, 50, 215, 31, 23, 154, 79, 153, 68, 173, 214,
       208, 157, 191, 190, 130, 192, 53, 103, 188, 27, 202, 48, 245, 246,
       32, 99, 163, 119, 120, 129, 112, 201, 2, 111, 241, 167, 122, 3,
       48, 96, 165, 43, 218, 252, 50, 184, 155, 241, 145, 198, 175, 20,
       140, 51, 44, 222, 103, 196, 227, 187, 219, 145, 6, 15, 18, 247,
       187, 213, 26, 123, 16, 68, 45, 95, 57, 73, 227, 207, 84, 78, 111,
       212, 115, 69, 110, 66, 121, 163, 61, 116, 120, 238, 18, 238, 131,
       144, 189, 235, 117, 172, 130, 4, 51, 242, 116, 232, 56, 113, 18,
       238, 29, 215, 146, 73, 196, 8, 185, 74, 106, 217, 49, 0, 216, 184,
       223, 99, 78, 35, 26, 221, 243, 213, 139, 59, 91, 43, 120, 131,
       246, 166, 199, 246, 40, 121, 91, 168, 171, 63, 151, 185, 207, 231,
       200, 222, 215, 215, 253, 34, 58, 69, 235, 167, 218, 247, 249, 255,
       38, 199, 134, 99, 33, 48, 123, 73, 86, 111, 225, 82, 100, 97, 239,
       146, 19, 21, 148, 100, 124, 140, 18, 44, 137, 190, 245, 86, 87,
       172, 18, 0, 237, 138, 102, 240, 10, 220, 184, 155, 211, 213, 177,
