%YAML:1.0
---
descriptors: !!opencv-matrix
   rows: 291
   cols: 32
   dt: u
   data: [ 146, 178, 26, 184, 27, 197, 17, 74, 190, 31, 196, 49, 44, 215,
       107, 88, 247, 57, 143, 144, 34, 7, 2, 87, 217, 199, 59, 207, 144,
       0, 37, 75, 244, 109, 248, 68, 206, 19, 214, 253, 67, 182, 188, 10,
       83, 121, 215, 3, 88, 220, 229, 106, 200, 99, 239, 136, 115, 201,
       229, 61, 119, 251, 94, 170, 1, 60, 183, 91, 241, 236, 241, 87,
       239, 93, 110, 0, 60, 183, 36, 126, 161, 58, 98, 24, 147, 184, 178,
       97, 79, 190, 20, 2, 194, 208, 199, 235, 102, 189, 19, 154, 219,
       240, 186, 107, 171, 65, 249, 171, 44, 254, 108, 180, 255, 187,
       211, 145, 23, 11, 154, 255, 59, 20, 10, 107, 215, 71, 175, 214,
       95, 215, 199, 165, 50, 2, 110, 188, 53, 224, 210, 229, 221, 38,
       154, 209, 54, 197, 125, 239, 253, 216, 13, 206, 174, 111, 239,
       132, 175, 182, 169, 81, 42, 190, 120, 208, 242, 235, 57, 119, 31,
       175, 188, 171, 175, 175, 198, 16, 15, 187, 199, 144, 62, 58, 68,
       223, 254, 151, 62, 251, 215, 200, 143, 203, 2, 148, 183, 95, 203,
       228, 181, 103, 190, 87, 111, 48, 188, 247, 36, 111, 231, 51, 179,
       128, 19, 221, 50, 241, 13, 186, 90, 74, 146, 64, 165, 255, 49,
       142, 16, 220, 124, 39, 202, 251, 95, 11, 88, 118, 118, 120, 180,
       229, 223, 74, 54, 45, 187, 42, 3, 159, 184, 254, 163, 236, 156,
       168, 248, 133, 199, 104, 41, 154, 42, 204, 43, 130, 186, 86, 128,
       220, 180, 198, 215, 127, 167, 127, 121, 199, 227, 77, 190, 115,
       148, 48, 90, 186, 12, 17, 3, 124, 90, 211, 230, 191, 26, 178, 56,
       248, 191, 212, 94, 231, 109, 238, 250, 198, 55, 109, 191, 213,
       134, 209, 175, 253, 30, 99, 207, 167, 47, 167, 45, 85, 216, 145,
       181, 117, 9, 110, 81, 55, 51, 183, 162, 25, 246, 55, 0, 91, 128,
       246, 105, 8, 56, 88, 209, 15, 221, 178, 80, 16, 226, 96, 198, 122,
       104, 189, 49, 121, 217, 223, 85, 119, 199, 236, 172, 45, 178, 21,
       66, 180, 200, 182, 202, 16, 217, 58, 241, 29, 127, 213, 20, 115,
       82, 12, 214, 126, 45, 116, 145, 69, 117, 31, 102, 20, 121, 226,
       111, 76, 210, 48, 21, 176, 144, 76, 80, 110, 205, 240, 217, 10,
       39, 221, 5, 52, 74, 251, 90, 148, 77, 173, 184, 97, 249, 189, 89,
       159, 203, 245, 44, 8, 157, 253, 83, 182, 135, 18, 249, 28, 146,
       104, 251, 23, 111, 221, 5, 125, 194, 228, 207, 98, 128, 164, 179,
       83, 116, 223, 233, 7, 95, 79, 115, 16, 176, 204, 124, 32, 217, 58,
       3, 17, 178, 188, 112, 255, 79, 30, 146, 64, 208, 8, 213, 254, 46,
       170, 193, 249, 249, 209, 26, 202, 19, 63, 112, 179, 9, 207, 96,
       156, 221, 187, 135, 144, 30, 30, 202, 243, 15, 213, 155, 239, 179,
       141, 30, 214, 5, 243, 101, 211, 172, 153, 239, 148, 78, 125, 87,
       230, 211, 220, 221, 111, 78, 92, 126, 91, 203, 240, 239, 177, 132,
       248, 190, 194, 229, 155, 213, 245, 147, 223, 107, 168, 50, 150,
       47, 115, 61, 78, 222, 247, 61, 6, 182, 117, 118, 179, 31, 239,
       225, 143, 52, 255, 240, 106, 170, 192, 61, 132, 165, 117, 57, 68,
       225, 69, 85, 83, 199, 127, 83, 230, 228, 26, 83, 117, 182, 180,
       121, 204, 18, 168, 169, 254, 125, 142, 123, 239, 213, 52, 119,
       172, 246, 236, 208, 191, 188, 247, 152, 206, 87, 188, 182, 183,
       134, 5, 247, 119, 75, 83, 197, 247, 108, 82, 106, 205, 251, 63,
       233, 227, 119, 16, 160, 114, 5, 122, 133, 206, 93, 219, 236, 137,
       239, 212, 204, 82, 125, 198, 253, 194, 189, 41, 127, 104, 22, 126,
       227, 52, 126, 247, 100, 24, 167, 236, 92, 155, 193, 241, 81, 174,
       251, 183, 118, 138, 187, 114, 252, 167, 82, 178, 117, 226, 170,
       32, 54, 111, 34, 140, 32, 252, 164, 111, 92, 167, 122, 0, 37, 160,
       37, 233, 255, 235, 105, 46, 56, 223, 95, 188, 130, 236, 148, 143,
       243, 204, 219, 97, 22, 245, 253, 103, 239, 67, 239, 61, 251, 73,
       173, 189, 52, 191, 22, 121, 60, 223, 238, 231, 230, 94, 126, 247,
       101, 250, 254, 231, 83, 45, 179, 211, 109, 214, 183, 238, 253,
       250, 89, 168, 122, 235, 228, 133, 111, 251, 248, 219, 57, 236, 77,
       255, 60, 211, 82, 180, 197, 200, 92, 96, 243, 217, 146, 161, 74,
       40, 86, 107, 79, 174, 107, 61, 230, 235, 161, 187, 54, 154, 90,
       139, 219, 31, 246, 156, 195, 246, 188, 103, 185, 198, 90, 183,
       108, 174, 39, 109, 231, 255, 183, 133, 180, 217, 52, 238, 50, 126,
       222, 131, 175, 117, 173, 223, 93, 251, 232, 67, 134, 16, 239, 149,
       118, 190, 158, 98, 113, 125, 221, 99, 127, 214, 127, 202, 202,
       112, 253, 233, 127, 9, 167, 132, 47, 251, 244, 121, 172, 77, 76,
       111, 108, 79, 79, 248, 68, 42, 245, 10, 115, 125, 185, 33, 88,
       208, 119, 106, 104, 178, 73, 61, 103, 235, 225, 21, 113, 251, 82,
       162, 57, 220, 127, 255, 61, 230, 127, 191, 221, 70, 223, 22, 249,
       255, 62, 97, 253, 163, 63, 175, 235, 175, 123, 255, 243, 255, 218,
       64, 30, 155, 244, 122, 217, 71, 189, 191, 172, 123, 92, 189, 118,
       255, 222, 25, 223, 45, 154, 249, 215, 207, 236, 35, 252, 240, 237,
       34, 239, 227, 119, 17, 228, 250, 141, 72, 83, 13, 30, 150, 166,
       130, 189, 103, 236, 134, 90, 135, 172, 170, 51, 65, 226, 35, 42,
       133, 116, 137, 6, 236, 244, 178, 254, 9, 12, 16, 41, 8, 239, 109,
       14, 170, 236, 45, 238, 220, 136, 218, 156, 207, 252, 239, 123,
       135, 126, 227, 223, 239, 199, 67, 14, 248, 246, 17, 239, 188, 30,
       255, 187, 209, 212, 194, 183, 250, 170, 100, 30, 168, 174, 154,
       147, 3, 205, 255, 105, 74, 183, 81, 253, 243, 50, 67, 139, 224,
       217, 211, 111, 141, 144, 115, 37, 35, 28, 204, 19, 222, 211, 199,
       39, 234, 20, 2, 202, 2, 121, 243, 33, 196, 113, 250, 2, 234, 97,
       153, 29, 255, 49, 166, 135, 0, 179, 123, 33, 168, 147, 155, 127,
       248, 182, 135, 251, 119, 221, 72, 118, 70, 189, 143, 180, 97, 238,
       59, 23, 221, 243, 185, 32, 255, 250, 217, 170, 192, 31, 136, 225,
       249, 117, 203, 237, 183, 180, 138, 207, 189, 18, 44, 210, 239,
       115, 77, 153, 0, 94, 228, 53, 239, 200, 246, 77, 45, 116, 46, 237,
       144, 101, 186, 210, 97, 130, 168, 179, 217, 117, 253, 241, 202,
       95, 91, 112, 18, 188, 220, 60, 40, 249, 27, 19, 81, 179, 188, 50,
       247, 77, 94, 18, 74, 212, 9, 85, 247, 131, 148, 183, 90, 201, 244,
       177, 15, 239, 83, 107, 16, 188, 254, 108, 238, 199, 27, 250, 24,
       19, 45, 186, 243, 13, 62, 90, 74, 210, 64, 165, 166, 73, 180, 184,
       80, 121, 253, 249, 27, 250, 253, 60, 92, 188, 189, 214, 50, 161,
       62, 93, 24, 147, 105, 184, 90, 95, 29, 53, 189, 202, 192, 79, 123,
       1, 150, 245, 87, 114, 43, 171, 59, 94, 235, 87, 246, 249, 32, 148,
       100, 55, 110, 38, 44, 177, 220, 45, 95, 44, 46, 53, 196, 255, 232,
       1, 189, 67, 188, 179, 218, 219, 244, 178, 199, 239, 83, 73, 18,
       188, 254, 108, 228, 231, 123, 186, 145, 23, 11, 186, 243, 61, 52,
       30, 106, 154, 70, 163, 255, 36, 252, 117, 71, 244, 79, 231, 248,
       122, 160, 125, 72, 211, 53, 149, 53, 24, 92, 66, 106, 193, 240,
       121, 44, 109, 154, 69, 36, 66, 187, 70, 168, 54, 239, 56, 170,
       125, 209, 151, 236, 11, 36, 189, 139, 239, 200, 63, 4, 216, 235,
       135, 99, 78, 35, 72, 191, 178, 212, 143, 59, 87, 31, 95, 142, 52,
       203, 156, 245, 156, 15, 222, 236, 142, 180, 144, 11, 199, 105,
       105, 3, 249, 215, 255, 115, 120, 107, 75, 172, 251, 199, 207, 117,
       133, 123, 213, 138, 220, 112, 23, 251, 9, 205, 65, 24, 183, 21,
       131, 16, 222, 215, 73, 223, 144, 20, 105, 90, 11, 69, 251, 16,
       193, 240, 3, 88, 34, 7, 5, 50, 248, 233, 109, 236, 60, 203, 95,
       252, 130, 236, 148, 139, 115, 221, 147, 113, 22, 245, 125, 239,
       233, 71, 239, 61, 243, 233, 173, 184, 53, 187, 86, 123, 8, 178,
       121, 161, 125, 217, 241, 95, 78, 117, 53, 186, 143, 133, 202, 160,
       43, 8, 194, 16, 23, 56, 108, 145, 207, 197, 48, 109, 246, 140,
       221, 202, 133, 31, 223, 175, 244, 34, 110, 154, 252, 210, 88, 246,
       213, 226, 185, 107, 119, 203, 30, 175, 179, 16, 14, 234, 164, 174,
