%YAML:1.0
---
descriptors: !!opencv-matrix
   rows: 311
   cols: 32
   dt: u
   data: [ 48, 101, 67, 204, 94, 131, 199, 109, 212, 128, 232, 10, 115,
       193, 49, 16, 120, 232, 2, 234, 72, 163, 20, 15, 177, 172, 133, 56,
       113, 58, 114, 168, 51, 65, 99, 236, 85, 82, 238, 97, 117, 0, 254,
       2, 113, 201, 52, 100, 120, 172, 19, 234, 217, 179, 52, 205, 51,
       236, 130, 0, 119, 174, 242, 172, 201, 176, 57, 97, 52, 45, 113,
       31, 110, 121, 102, 92, 190, 19, 64, 57, 133, 26, 78, 24, 131, 188,
       113, 17, 207, 217, 48, 100, 72, 0, 67, 171, 35, 173, 113, 75, 213,
       223, 134, 239, 93, 96, 120, 74, 34, 92, 180, 164, 24, 58, 194,
       120, 251, 186, 124, 191, 47, 92, 5, 114, 83, 14, 214, 188, 87,
       104, 22, 190, 25, 149, 178, 200, 191, 128, 226, 8, 230, 218, 101,
       68, 248, 233, 122, 198, 78, 231, 155, 255, 155, 254, 11, 10, 72,
       51, 33, 142, 180, 253, 123, 202, 221, 245, 214, 205, 193, 0, 252,
       10, 98, 220, 45, 160, 216, 218, 130, 115, 206, 35, 58, 191, 51,
       73, 133, 63, 113, 123, 254, 166, 45, 125, 57, 71, 117, 31, 102,
       188, 121, 234, 110, 76, 242, 112, 29, 180, 152, 68, 88, 110, 237,
       176, 121, 42, 39, 253, 5, 16, 74, 123, 90, 12, 185, 72, 63, 254,
       20, 214, 231, 244, 212, 130, 242, 2, 243, 248, 49, 113, 248, 252,
       62, 235, 233, 191, 48, 174, 241, 239, 238, 0, 33, 56, 112, 42, 93,
       17, 245, 101, 36, 30, 111, 56, 101, 224, 231, 68, 219, 49, 29,
       255, 22, 196, 124, 110, 169, 240, 125, 12, 199, 251, 65, 20, 106,
       163, 66, 52, 69, 189, 159, 87, 187, 203, 55, 177, 254, 179, 47,
       40, 214, 243, 73, 114, 179, 118, 104, 122, 113, 249, 185, 58, 237,
       142, 69, 118, 200, 114, 195, 34, 86, 143, 159, 190, 186, 226, 63,
       232, 182, 142, 219, 163, 109, 231, 41, 66, 127, 255, 239, 131, 40,
       195, 139, 111, 248, 167, 239, 137, 165, 226, 37, 99, 163, 244,
       204, 27, 253, 159, 224, 236, 95, 121, 240, 126, 226, 120, 222,
       165, 221, 202, 246, 21, 239, 126, 95, 247, 46, 26, 87, 119, 223,
       12, 218, 157, 239, 179, 213, 69, 249, 95, 230, 189, 123, 249, 117,
       88, 202, 246, 220, 182, 221, 220, 230, 122, 219, 122, 251, 192,
       47, 218, 69, 118, 203, 172, 202, 181, 204, 189, 17, 64, 253, 223,
       111, 179, 123, 184, 32, 72, 158, 151, 69, 181, 129, 156, 95, 122,
       147, 89, 249, 212, 191, 216, 5, 118, 66, 165, 194, 32, 166, 135,
       228, 223, 205, 118, 191, 237, 219, 183, 189, 147, 72, 108, 95,
       143, 221, 87, 243, 210, 180, 103, 239, 226, 47, 127, 223, 247,
       215, 255, 212, 214, 53, 76, 207, 229, 116, 46, 107, 240, 53, 234,
       246, 6, 83, 35, 145, 121, 121, 204, 54, 238, 105, 247, 29, 110,
       250, 175, 229, 132, 237, 243, 114, 32, 98, 171, 225, 136, 218,
       209, 189, 205, 171, 53, 148, 187, 12, 230, 228, 118, 111, 147,
       235, 145, 18, 11, 230, 211, 60, 22, 159, 255, 181, 4, 167, 245,
       37, 226, 104, 8, 204, 29, 198, 237, 82, 39, 169, 13, 66, 200, 94,
       48, 217, 202, 66, 111, 222, 38, 222, 55, 124, 14, 149, 124, 81,
       27, 218, 134, 27, 29, 246, 245, 195, 54, 188, 119, 189, 199, 86,
       183, 105, 174, 183, 239, 231, 255, 183, 133, 244, 217, 52, 232,
       115, 239, 222, 131, 175, 117, 169, 223, 162, 93, 99, 222, 87, 245,
       126, 103, 149, 2, 218, 114, 41, 218, 53, 229, 108, 179, 155, 131,
       237, 143, 22, 255, 51, 126, 154, 11, 63, 220, 120, 159, 175, 238,
       248, 26, 253, 189, 240, 206, 219, 95, 188, 95, 42, 200, 255, 139,
       173, 11, 198, 21, 182, 111, 142, 243, 30, 89, 21, 127, 223, 92,
       251, 199, 186, 143, 234, 186, 228, 225, 93, 99, 22, 31, 93, 179,
       165, 239, 58, 72, 95, 187, 167, 129, 122, 30, 74, 179, 242, 231,
       254, 201, 180, 204, 180, 82, 67, 188, 183, 87, 229, 252, 181, 151,
       255, 219, 107, 20, 188, 248, 108, 238, 167, 127, 106, 25, 147,
       252, 186, 227, 13, 62, 86, 2, 202, 77, 161, 255, 224, 233, 158,
       176, 220, 129, 163, 206, 142, 21, 200, 11, 164, 202, 96, 66, 201,
       74, 43, 80, 82, 111, 194, 51, 124, 132, 191, 109, 16, 8, 244, 138,
       25, 63, 91, 165, 146, 130, 63, 115, 36, 236, 94, 230, 119, 247,
       162, 96, 54, 127, 20, 226, 209, 152, 164, 46, 240, 229, 46, 128,
       37, 226, 37, 233, 207, 88, 239, 180, 143, 118, 189, 146, 184, 214,
       198, 135, 253, 254, 55, 107, 103, 101, 57, 135, 165, 197, 183,
       234, 83, 111, 222, 128, 173, 245, 53, 126, 230, 190, 181, 158,
       238, 9, 182, 233, 235, 182, 153, 232, 206, 232, 237, 183, 183,
       211, 206, 35, 228, 99, 142, 250, 156, 22, 79, 191, 212, 111, 7,
       39, 4, 4, 91, 168, 50, 3, 175, 105, 28, 2, 195, 226, 149, 55, 33,
       73, 126, 57, 27, 235, 49, 131, 1, 12, 241, 134, 42, 4, 148, 249,
       33, 160, 71, 12, 140, 157, 207, 38, 188, 143, 14, 243, 74, 215,
       196, 40, 87, 78, 201, 79, 59, 149, 151, 92, 223, 208, 12, 54, 223,
       199, 157, 125, 185, 150, 65, 218, 149, 159, 46, 186, 161, 28, 94,
       253, 83, 246, 228, 64, 204, 239, 87, 126, 42, 18, 147, 244, 239,
       113, 12, 34, 115, 194, 148, 137, 149, 45, 6, 190, 187, 155, 242,
       165, 182, 215, 158, 31, 81, 119, 180, 255, 101, 73, 197, 123, 19,
       23, 182, 220, 26, 243, 77, 22, 94, 202, 144, 89, 165, 219, 129,
       211, 117, 65, 38, 31, 236, 188, 92, 123, 51, 86, 219, 40, 156,
       165, 63, 4, 30, 111, 225, 180, 61, 215, 36, 10, 97, 4, 127, 190,
       209, 245, 199, 109, 200, 135, 234, 32, 110, 188, 174, 250, 58,
       231, 113, 231, 223, 83, 119, 71, 127, 238, 245, 69, 207, 122, 108,
       44, 175, 140, 45, 243, 170, 208, 32, 157, 58, 95, 213, 159, 181,
       119, 92, 36, 110, 6, 34, 169, 36, 65, 248, 46, 34, 12, 240, 184,
       48, 253, 111, 191, 82, 66, 81, 8, 197, 190, 109, 255, 225, 97,
       245, 122, 107, 158, 99, 249, 62, 108, 27, 39, 209, 182, 29, 204,
       212, 252, 155, 210, 237, 128, 44, 221, 165, 228, 239, 247, 210,
       245, 127, 124, 145, 227, 189, 191, 82, 216, 47, 233, 251, 76, 207,
       27, 5, 148, 221, 157, 223, 55, 139, 178, 89, 190, 189, 221, 5,
       118, 234, 95, 74, 23, 168, 189, 56, 120, 121, 221, 82, 247, 191,
       73, 124, 13, 63, 191, 2, 176, 133, 187, 215, 0, 115, 107, 114, 63,
       255, 221, 52, 123, 82, 0, 206, 219, 53, 133, 237, 69, 150, 59,
       237, 59, 84, 224, 250, 202, 211, 96, 157, 35, 127, 134, 126, 172,
       249, 240, 101, 12, 60, 142, 103, 212, 237, 232, 208, 164, 162,
       205, 49, 218, 221, 237, 214, 231, 223, 91, 121, 19, 182, 249, 60,
       5, 201, 106, 19, 3, 51, 46, 90, 191, 37, 30, 20, 123, 81, 89, 212,
       238, 22, 1, 23, 169, 22, 14, 234, 41, 108, 32, 227, 67, 215, 27,
       12, 80, 250, 13, 111, 100, 8, 145, 81, 76, 213, 184, 138, 70, 64,
       42, 33, 34, 98, 233, 51, 154, 93, 205, 180, 231, 143, 17, 192, 9,
       166, 153, 96, 69, 200, 123, 235, 65, 66, 107, 210, 253, 181, 16,
       30, 59, 16, 8, 21, 174, 215, 16, 174, 30, 42, 182, 169, 1, 172,
       202, 199, 212, 220, 198, 182, 127, 38, 37, 125, 143, 161, 197,
       190, 74, 192, 50, 234, 144, 8, 98, 163, 117, 95, 197, 246, 71,
       183, 82, 126, 181, 115, 253, 127, 162, 74, 123, 191, 255, 119,
       230, 180, 250, 252, 208, 173, 236, 58, 127, 197, 199, 231, 247,
       232, 101, 190, 191, 114, 104, 255, 157, 254, 123, 139, 12, 124,
       15, 14, 221, 118, 148, 254, 171, 151, 116, 214, 43, 146, 215, 59,
       217, 5, 235, 91, 14, 234, 151, 114, 169, 227, 216, 219, 209, 189,
       69, 139, 229, 128, 170, 12, 142, 100, 116, 106, 187, 251, 209, 26,
       11, 230, 208, 61, 4, 159, 127, 183, 4, 167, 254, 219, 123, 102,
       156, 75, 150, 190, 222, 183, 220, 94, 199, 109, 206, 118, 198,
       119, 253, 187, 197, 199, 217, 182, 253, 59, 107, 139, 143, 47,
       181, 61, 221, 242, 142, 8, 186, 176, 169, 28, 167, 22, 15, 218,
       187, 165, 239, 40, 72, 223, 187, 63, 129, 58, 28, 75, 183, 220,
       167, 186, 249, 148, 200, 148, 26, 175, 212, 229, 243, 173, 127,
       255, 156, 95, 251, 147, 86, 219, 124, 253, 239, 223, 215, 191,
       191, 191, 244, 127, 242, 47, 94, 255, 246, 223, 255, 209, 247,
