%YAML:1.0
---
descriptors: !!opencv-matrix
   rows: 342
   cols: 32
   dt: u
   data: [ 60, 21, 214, 236, 231, 98, 84, 115, 5, 143, 255, 163, 75, 125,
       43, 217, 126, 188, 135, 36, 28, 179, 16, 136, 243, 255, 64, 7,
       247, 255, 236, 211, 254, 240, 248, 178, 219, 221, 84, 223, 163,
       61, 165, 29, 14, 159, 74, 151, 165, 151, 221, 17, 126, 79, 154,
       243, 251, 209, 21, 255, 226, 132, 142, 87, 139, 167, 148, 245,
       254, 5, 188, 255, 136, 59, 28, 122, 172, 187, 200, 135, 175, 83,
       87, 45, 112, 106, 194, 207, 188, 218, 126, 238, 78, 216, 131, 137,
       35, 204, 233, 95, 188, 241, 86, 166, 95, 75, 254, 33, 178, 120,
       183, 112, 195, 234, 60, 12, 191, 136, 103, 63, 234, 62, 180, 219,
       148, 217, 244, 79, 105, 61, 241, 101, 116, 206, 235, 18, 107, 200,
       124, 64, 179, 147, 213, 180, 88, 236, 20, 92, 139, 184, 240, 42,
       167, 252, 34, 40, 203, 131, 66, 168, 61, 205, 115, 79, 244, 75,
       239, 253, 117, 228, 127, 78, 83, 97, 157, 52, 122, 206, 22, 106,
       217, 178, 125, 63, 124, 172, 165, 196, 127, 187, 242, 232, 150,
       220, 150, 151, 167, 118, 182, 231, 62, 255, 218, 51, 236, 190,
       102, 207, 237, 215, 175, 147, 126, 252, 155, 227, 189, 50, 222,
       67, 128, 125, 189, 95, 160, 221, 57, 249, 252, 205, 85, 175, 30,
       57, 44, 24, 182, 55, 8, 48, 129, 27, 19, 8, 98, 42, 114, 55, 237,
       159, 20, 120, 16, 24, 199, 250, 41, 62, 232, 97, 116, 15, 234, 80,
       112, 200, 124, 70, 51, 9, 145, 48, 62, 232, 22, 253, 133, 184, 84,
       46, 110, 141, 32, 160, 237, 139, 90, 153, 201, 198, 156, 228, 126,
       43, 188, 127, 140, 59, 159, 126, 253, 99, 168, 166, 183, 5, 126,
       45, 97, 101, 131, 207, 116, 191, 127, 188, 76, 216, 129, 169, 212,
       207, 111, 163, 150, 2, 79, 180, 36, 36, 218, 231, 83, 39, 185, 67,
       110, 198, 61, 255, 232, 217, 45, 172, 248, 227, 238, 196, 165,
       219, 244, 105, 253, 19, 225, 231, 180, 114, 75, 152, 80, 226, 211,
       210, 83, 108, 153, 235, 126, 196, 60, 255, 173, 246, 253, 138,
       144, 232, 161, 132, 173, 171, 112, 116, 34, 236, 234, 90, 221,
       217, 242, 206, 91, 37, 236, 10, 40, 153, 116, 52, 41, 250, 83,
       216, 82, 58, 158, 243, 63, 28, 149, 107, 211, 29, 254, 174, 22,
       241, 75, 160, 194, 194, 173, 245, 168, 209, 67, 227, 85, 223, 72,
       1, 62, 157, 115, 241, 81, 219, 154, 68, 125, 128, 175, 204, 45,
       18, 167, 178, 244, 96, 215, 116, 11, 104, 68, 64, 233, 242, 162,
       24, 99, 63, 69, 63, 168, 213, 104, 226, 41, 103, 211, 64, 145,
       242, 213, 59, 225, 113, 102, 42, 100, 52, 189, 97, 245, 111, 99,
       152, 123, 243, 45, 24, 223, 63, 89, 58, 153, 220, 85, 58, 59, 112,
       249, 2, 207, 223, 65, 116, 194, 99, 70, 226, 10, 187, 2, 187, 215,
       157, 186, 207, 30, 117, 88, 135, 172, 174, 114, 128, 191, 43, 147,
       213, 22, 56, 26, 245, 174, 85, 158, 235, 158, 14, 153, 222, 211,
       74, 70, 221, 38, 26, 110, 48, 237, 170, 242, 226, 203, 10, 181,
       119, 106, 228, 110, 239, 236, 245, 5, 236, 180, 58, 226, 144, 37,
       184, 112, 5, 132, 5, 159, 189, 212, 38, 46, 66, 188, 129, 74, 82,
       181, 227, 33, 67, 112, 111, 2, 160, 49, 216, 17, 104, 253, 160,
       202, 0, 136, 97, 161, 160, 14, 172, 142, 185, 145, 180, 184, 135,
       62, 23, 74, 21, 172, 234, 114, 200, 197, 43, 187, 149, 54, 220,
       83, 242, 143, 215, 158, 203, 152, 69, 169, 218, 239, 63, 224, 140,
       254, 53, 158, 250, 137, 254, 156, 171, 108, 254, 247, 166, 239,
       243, 215, 231, 164, 11, 170, 234, 62, 29, 239, 190, 23, 247, 59,
       221, 76, 137, 22, 152, 233, 240, 108, 142, 239, 28, 70, 32, 140,
       130, 227, 223, 192, 75, 234, 210, 70, 65, 186, 241, 134, 241, 206,
       47, 18, 85, 45, 142, 14, 237, 242, 219, 239, 240, 190, 198, 239,
       84, 92, 135, 141, 206, 127, 239, 110, 75, 187, 214, 198, 0, 190,
       241, 54, 89, 142, 173, 150, 247, 173, 215, 180, 225, 56, 106, 157,
       111, 67, 200, 215, 60, 181, 8, 83, 213, 121, 57, 89, 216, 87, 122,
       58, 99, 106, 49, 251, 201, 37, 125, 243, 251, 86, 162, 72, 153,
       151, 241, 137, 102, 53, 167, 174, 185, 74, 1, 220, 55, 0, 75, 129,
       87, 121, 16, 17, 216, 83, 52, 205, 231, 127, 68, 128, 82, 165, 59,
       72, 188, 191, 60, 251, 224, 180, 239, 250, 155, 120, 49, 188, 254,
       96, 50, 167, 123, 226, 129, 54, 107, 154, 119, 253, 247, 95, 75,
       192, 96, 175, 155, 36, 180, 152, 25, 189, 237, 145, 11, 206, 59,
       57, 57, 142, 253, 76, 10, 133, 27, 202, 17, 50, 106, 218, 19, 141,
       215, 17, 127, 208, 72, 135, 147, 36, 77, 59, 254, 24, 197, 87,
       160, 148, 14, 237, 0, 247, 215, 33, 112, 200, 122, 25, 74, 104,
       175, 122, 63, 225, 175, 32, 24, 80, 51, 38, 170, 70, 49, 191, 170,
       207, 224, 177, 67, 170, 221, 159, 33, 164, 190, 70, 74, 193, 55,
       251, 17, 18, 9, 242, 224, 221, 54, 94, 219, 128, 102, 183, 211,
       253, 255, 233, 110, 158, 55, 95, 248, 211, 234, 189, 110, 115,
       225, 251, 51, 61, 198, 84, 238, 249, 99, 172, 62, 250, 207, 229,
       188, 255, 251, 242, 113, 134, 221, 18, 146, 239, 253, 191, 227,
       168, 86, 25, 183, 172, 238, 107, 130, 175, 83, 223, 87, 118, 37,
       58, 242, 181, 16, 14, 239, 148, 95, 133, 215, 188, 81, 214, 228,
       205, 103, 85, 238, 25, 189, 242, 27, 75, 189, 47, 223, 216, 213,
       166, 114, 56, 251, 81, 164, 59, 251, 85, 87, 227, 253, 228, 255,
       119, 91, 254, 82, 254, 147, 87, 144, 207, 142, 179, 110, 114, 88,
       229, 120, 215, 240, 78, 114, 204, 231, 110, 120, 58, 142, 165,
       151, 148, 251, 116, 39, 101, 173, 200, 69, 220, 46, 78, 175, 99,
       179, 40, 72, 195, 33, 84, 146, 25, 206, 80, 46, 26, 88, 221, 63,
       175, 254, 133, 116, 225, 243, 218, 32, 161, 224, 106, 69, 84, 15,
       235, 112, 112, 96, 117, 70, 17, 1, 156, 48, 120, 140, 18, 238,
       225, 182, 213, 11, 100, 45, 160, 32, 109, 168, 122, 128, 13, 164,
       153, 113, 149, 237, 97, 139, 118, 19, 109, 16, 147, 241, 88, 40,
       89, 10, 98, 24, 27, 248, 251, 17, 205, 207, 21, 100, 226, 200,
       210, 162, 124, 233, 150, 242, 141, 200, 86, 236, 227, 177, 160, 9,
       78, 249, 104, 146, 233, 199, 233, 82, 78, 107, 154, 177, 187, 214,
       69, 127, 227, 63, 238, 2, 248, 48, 189, 116, 9, 76, 81, 23, 225,
       25, 164, 24, 191, 23, 64, 27, 132, 21, 108, 8, 9, 109, 178, 0,
       195, 251, 112, 26, 96, 0, 70, 43, 105, 192, 83, 101, 100, 76, 99,
       49, 121, 0, 98, 8, 147, 19, 192, 244, 80, 156, 32, 104, 73, 178,
       241, 3, 151, 237, 0, 76, 98, 170, 66, 32, 118, 218, 217, 173, 197,
       86, 103, 187, 27, 63, 121, 86, 4, 162, 32, 210, 241, 205, 164,
       130, 217, 30, 248, 211, 165, 167, 247, 230, 49, 104, 214, 245,
       101, 170, 77, 157, 236, 143, 111, 185, 206, 234, 178, 206, 223,
       192, 209, 114, 127, 236, 46, 78, 217, 124, 207, 255, 140, 174,
       231, 252, 61, 171, 81, 49, 253, 73, 151, 116, 77, 12, 70, 164,
       225, 178, 162, 8, 115, 209, 1, 251, 128, 228, 104, 106, 104, 103,
       210, 41, 243, 251, 69, 56, 98, 185, 66, 32, 145, 57, 69, 183, 46,
       175, 233, 188, 126, 248, 178, 78, 255, 98, 217, 43, 62, 230, 126,
       252, 169, 120, 223, 221, 156, 138, 103, 148, 109, 186, 65, 57,
       101, 48, 245, 97, 229, 110, 97, 216, 123, 178, 35, 8, 214, 119,
       77, 58, 185, 220, 116, 58, 9, 242, 249, 0, 207, 222, 69, 54, 224,
       113, 66, 162, 94, 177, 52, 186, 139, 113, 20, 201, 27, 19, 165,
       58, 15, 126, 44, 189, 251, 155, 157, 163, 63, 67, 90, 213, 147,
       211, 90, 127, 179, 71, 175, 23, 116, 96, 215, 84, 74, 104, 97, 0,
       169, 178, 162, 8, 22, 166, 69, 59, 40, 245, 104, 210, 9, 103, 226,
       64, 149, 162, 87, 56, 225, 113, 103, 104, 120, 159, 92, 110, 56,
       12, 86, 183, 161, 44, 172, 109, 127, 41, 2, 211, 6, 246, 236, 98,
       76, 43, 201, 61, 242, 233, 97, 17, 107, 226, 74, 27, 200, 180, 48,
       138, 237, 120, 52, 142, 235, 86, 44, 177, 236, 246, 111, 214, 195,
       91, 234, 32, 70, 0, 250, 211, 143, 241, 207, 47, 146, 118, 13,
