%YAML:1.0
---
descriptors: !!opencv-matrix
   rows: 123
   cols: 32
   dt: u
   data: [ 190, 190, 183, 168, 233, 55, 146, 123, 159, 251, 249, 189, 78,
       255, 102, 29, 221, 157, 247, 54, 188, 211, 138, 178, 219, 87, 73,
       255, 210, 111, 166, 211, 194, 228, 244, 222, 46, 161, 190, 140,
       159, 178, 25, 139, 236, 234, 93, 10, 151, 117, 121, 199, 226, 69,
       142, 251, 44, 62, 207, 190, 20, 114, 1, 5, 162, 204, 214, 254,
       253, 171, 220, 239, 223, 130, 120, 25, 238, 233, 37, 201, 211,
       123, 111, 1, 52, 111, 66, 255, 170, 254, 86, 27, 214, 252, 137,
       143, 198, 172, 144, 190, 191, 168, 170, 136, 187, 146, 24, 10,
       236, 234, 93, 78, 179, 107, 121, 211, 50, 69, 138, 251, 140, 22,
       143, 254, 148, 115, 1, 0, 128, 179, 153, 187, 236, 137, 177, 143,
       158, 57, 80, 112, 180, 183, 232, 72, 207, 27, 51, 17, 83, 78, 203,
       243, 204, 150, 62, 236, 152, 8, 129, 169, 212, 173, 148, 151, 149,
       168, 38, 134, 122, 51, 203, 18, 164, 34, 64, 78, 225, 206, 42,
       211, 50, 220, 203, 227, 157, 38, 222, 67, 128, 81, 185, 142, 208,
       72, 79, 180, 14, 2, 76, 33, 161, 146, 178, 90, 91, 3, 33, 83, 106,
       229, 108, 234, 104, 199, 131, 200, 179, 234, 198, 16, 37, 176,
       224, 32, 60, 36, 222, 241, 199, 122, 120, 2, 121, 134, 54, 159,
       75, 107, 87, 154, 59, 231, 239, 176, 52, 244, 149, 202, 78, 223,
       147, 65, 239, 229, 94, 130, 2, 187, 24, 186, 126, 141, 176, 239,
       142, 5, 72, 35, 164, 251, 96, 64, 207, 59, 3, 1, 66, 26, 66, 245,
       61, 20, 30, 107, 16, 10, 165, 139, 100, 24, 29, 190, 137, 237, 20,
       162, 159, 90, 165, 24, 182, 247, 32, 73, 193, 51, 234, 2, 99, 79,
       218, 61, 193, 243, 80, 59, 26, 89, 5, 59, 121, 95, 87, 110, 43,
       30, 86, 56, 161, 202, 174, 108, 123, 119, 131, 247, 54, 228, 236,
       110, 201, 195, 169, 45, 242, 235, 101, 144, 106, 182, 106, 121,
       34, 173, 17, 186, 221, 137, 182, 239, 158, 17, 104, 91, 164, 195,
       108, 0, 235, 59, 3, 17, 82, 11, 10, 247, 61, 148, 30, 106, 16, 8,
       135, 138, 74, 184, 188, 114, 137, 237, 21, 142, 187, 63, 164, 57,
       174, 191, 66, 26, 131, 83, 233, 16, 18, 77, 218, 113, 219, 211,
       93, 123, 210, 84, 143, 75, 64, 152, 156, 254, 41, 205, 20, 166,
       143, 91, 164, 8, 190, 183, 65, 126, 133, 115, 232, 64, 3, 12, 91,
       51, 199, 214, 80, 59, 26, 9, 13, 27, 21, 103, 204, 71, 176, 10,
       111, 184, 118, 170, 127, 228, 211, 96, 153, 241, 54, 76, 36, 110,
       233, 240, 77, 46, 46, 174, 101, 132, 109, 243, 72, 5, 240, 72,
       207, 180, 78, 8, 109, 0, 249, 146, 178, 90, 91, 35, 5, 91, 106,
       229, 108, 234, 105, 71, 195, 226, 148, 170, 246, 24, 37, 113, 98,
       32, 77, 177, 153, 225, 240, 44, 104, 31, 58, 185, 43, 80, 221, 51,
       72, 250, 183, 31, 124, 28, 19, 216, 217, 66, 207, 223, 55, 100,
       136, 192, 131, 161, 6, 161, 16, 131, 221, 109, 176, 73, 46, 181,
       177, 27, 204, 216, 72, 8, 185, 15, 234, 177, 18, 114, 219, 210,
       29, 20, 31, 103, 144, 10, 141, 134, 45, 93, 19, 254, 61, 223, 86,
       176, 212, 200, 120, 68, 255, 249, 33, 224, 212, 114, 28, 106, 137,
       169, 88, 191, 227, 255, 37, 26, 90, 187, 64, 51, 130, 196, 150,
       190, 189, 43, 156, 111, 159, 19, 249, 25, 238, 234, 44, 201, 215,
       27, 110, 33, 118, 111, 10, 223, 184, 254, 87, 63, 212, 88, 137,
       143, 182, 60, 182, 170, 249, 39, 154, 74, 159, 187, 241, 185, 78,
       255, 100, 157, 223, 95, 247, 55, 60, 195, 10, 246, 155, 218, 73,
       254, 210, 109, 35, 215, 124, 50, 252, 229, 71, 90, 248, 24, 99,
       157, 182, 7, 11, 11, 87, 158, 106, 140, 239, 152, 12, 240, 247,
       192, 87, 217, 227, 129, 239, 164, 126, 218, 242, 205, 103, 172,
       159, 66, 70, 236, 229, 4, 218, 3, 107, 120, 52, 215, 248, 244,
       237, 227, 108, 163, 5, 173, 179, 226, 198, 19, 39, 62, 116, 6, 59,
       50, 252, 236, 46, 55, 216, 27, 11, 249, 115, 239, 159, 157, 182,
       40, 150, 157, 181, 5, 149, 250, 35, 220, 194, 251, 123, 214, 95,
       132, 81, 87, 13, 164, 221, 241, 236, 169, 233, 27, 254, 51, 53,
       216, 157, 163, 216, 42, 35, 15, 110, 28, 19, 124, 239, 211, 204,
       155, 119, 100, 220, 200, 195, 161, 64, 152, 153, 254, 41, 205, 18,
       142, 143, 89, 40, 12, 190, 247, 64, 112, 133, 59, 232, 0, 3, 8,
       218, 51, 167, 247, 16, 59, 24, 8, 7, 27, 246, 72, 214, 140, 77,
       70, 86, 104, 185, 142, 242, 11, 78, 250, 39, 223, 248, 245, 239,
       227, 76, 103, 146, 202, 145, 178, 207, 31, 1, 127, 126, 6, 60, 56,
       188, 243, 205, 47, 241, 202, 87, 179, 165, 26, 30, 249, 105, 26,
       169, 220, 115, 16, 26, 115, 219, 176, 223, 219, 81, 127, 195, 105,
       86, 162, 189, 6, 238, 236, 230, 50, 239, 93, 212, 203, 215, 246,
       81, 237, 186, 107, 126, 196, 55, 175, 185, 183, 44, 138, 82, 235,
       227, 132, 173, 251, 240, 241, 225, 160, 151, 176, 44, 173, 64, 6,
       171, 27, 162, 88, 150, 179, 64, 27, 193, 131, 108, 8, 59, 111,
       194, 65, 153, 178, 82, 120, 200, 72, 195, 40, 75, 178, 169, 5, 32,
       94, 57, 48, 40, 204, 22, 229, 220, 63, 214, 82, 164, 69, 125, 236,
       133, 64, 177, 64, 71, 57, 42, 196, 72, 0, 35, 83, 212, 40, 150,
       183, 172, 169, 97, 2, 190, 55, 147, 25, 191, 226, 67, 91, 235,
       239, 111, 17, 58, 69, 203, 32, 220, 242, 126, 48, 128, 73, 7, 34,
       253, 229, 221, 236, 172, 71, 71, 253, 66, 178, 188, 74, 83, 225,
       249, 51, 89, 220, 76, 106, 233, 99, 235, 26, 251, 201, 229, 60,
       117, 250, 242, 168, 61, 85, 29, 237, 189, 15, 86, 186, 117, 168,
       188, 76, 223, 121, 1, 176, 220, 213, 92, 106, 105, 34, 89, 62,
       247, 223, 37, 52, 122, 249, 74, 35, 198, 172, 132, 151, 157, 168,
       162, 232, 190, 146, 1, 18, 236, 226, 73, 207, 113, 107, 106, 210,
       50, 69, 154, 255, 157, 6, 207, 110, 128, 99, 41, 134, 125, 125,
       25, 101, 168, 15, 84, 190, 59, 168, 172, 76, 159, 51, 65, 176,
       149, 221, 92, 104, 105, 122, 209, 30, 231, 221, 37, 52, 74, 240,
       74, 35, 100, 163, 212, 231, 252, 15, 66, 184, 83, 185, 187, 205,
       195, 105, 92, 134, 217, 196, 108, 118, 14, 96, 203, 146, 46, 222,
       197, 118, 251, 235, 88, 4, 46, 120, 254, 224, 172, 38, 217, 82,
       11, 249, 182, 41, 28, 159, 87, 58, 134, 221, 245, 213, 134, 231,
       131, 224, 219, 89, 255, 155, 134, 213, 7, 95, 38, 32, 214, 184,
       235, 3, 152, 72, 159, 177, 241, 137, 204, 254, 101, 157, 223, 29,
       127, 53, 16, 195, 11, 212, 152, 218, 91, 254, 212, 45, 35, 135,
       62, 177, 125, 123, 171, 221, 81, 152, 143, 125, 157, 63, 10, 221,
       222, 126, 237, 155, 253, 83, 158, 34, 250, 241, 211, 89, 161, 255,
       215, 15, 212, 119, 69, 107, 58, 101, 52, 31, 99, 24, 109, 172,
       191, 8, 223, 82, 137, 52, 144, 204, 76, 106, 137, 176, 249, 8,
       181, 253, 35, 52, 64, 179, 71, 37, 137, 160, 29, 155, 236, 233,
       169, 143, 30, 51, 49, 152, 156, 226, 72, 41, 139, 11, 106, 24, 51,
       92, 219, 209, 76, 147, 127, 124, 148, 8, 137, 160, 116, 111, 142,
       52, 137, 143, 70, 226, 228, 166, 234, 77, 227, 160, 3, 146, 72,
       228, 232, 66, 76, 235, 196, 42, 176, 231, 69, 25, 65, 125, 90, 12,
       248, 184, 253, 117, 34, 203, 113, 103, 118, 189, 246, 56, 183, 53,
       192, 57, 179, 253, 108, 16, 58, 252, 225, 28, 221, 227, 117, 81,
       224, 0, 71, 107, 77, 176, 156, 161, 169, 47, 56, 25, 43, 185, 55,
       124, 222, 23, 72, 26, 151, 21, 221, 48, 19, 80, 217, 80, 207, 209,
       53, 246, 136, 2, 131, 51, 68, 164, 133, 37, 164, 106, 108, 45,
       106, 243, 171, 152, 215, 32, 216, 218, 19, 4, 108, 60, 89, 252,
       205, 2, 140, 247, 85, 85, 204, 224, 215, 16, 209, 80, 191, 116, 8,
       78, 69, 180, 240, 250, 166, 24, 215, 115, 1, 123, 1, 244, 124,
       106, 105, 101, 251, 40, 209, 235, 117, 16, 104, 240, 66, 58, 248,
       89, 62, 94, 77, 68, 85, 117, 225, 158, 166, 8, 114, 255, 37, 115,
       200, 244, 121, 106, 104, 99, 178, 40, 243, 249, 68, 27, 67, 50,
       230, 42, 248, 32, 88, 160, 9, 73, 80, 64, 36, 36, 160, 25, 151,
