%YAML:1.0
---
descriptors: !!opencv-matrix
   rows: 118
   cols: 32
   dt: u
   data: [ 100, 155, 126, 216, 205, 243, 82, 232, 199, 29, 191, 42, 66,
       243, 45, 95, 217, 208, 239, 250, 26, 35, 11, 245, 91, 59, 225,
       223, 146, 107, 124, 35, 215, 188, 154, 184, 27, 244, 16, 202, 187,
       89, 136, 25, 44, 247, 98, 222, 165, 19, 249, 21, 55, 79, 146, 211,
       155, 117, 26, 126, 154, 69, 171, 86, 70, 172, 128, 182, 221, 201,
       174, 169, 155, 178, 1, 11, 236, 234, 92, 198, 179, 235, 121, 147,
       102, 68, 138, 243, 173, 86, 207, 127, 148, 102, 137, 6, 119, 135,
       201, 196, 214, 2, 206, 233, 18, 162, 176, 202, 113, 104, 157, 0,
       123, 197, 87, 239, 104, 99, 77, 222, 120, 46, 237, 148, 53, 250,
       114, 160, 216, 252, 153, 226, 58, 205, 19, 188, 190, 41, 130, 56,
       183, 151, 64, 112, 166, 85, 125, 80, 99, 13, 187, 51, 249, 225,
       47, 124, 0, 16, 5, 59, 132, 175, 29, 249, 62, 170, 40, 232, 252,
       176, 66, 80, 213, 67, 8, 67, 99, 14, 42, 122, 34, 220, 203, 93,
       204, 160, 235, 68, 24, 9, 1, 168, 62, 29, 114, 162, 213, 95, 86,
       224, 29, 47, 246, 27, 10, 62, 47, 221, 248, 215, 142, 227, 124,
       191, 112, 230, 179, 215, 222, 19, 147, 95, 254, 222, 189, 205,
       119, 239, 52, 11, 239, 248, 68, 164, 247, 66, 115, 97, 185, 97,
       126, 228, 30, 238, 233, 182, 125, 46, 241, 235, 231, 4, 101, 186,
       116, 160, 195, 232, 155, 24, 121, 236, 121, 199, 187, 95, 160, 25,
       30, 151, 102, 27, 161, 137, 95, 20, 54, 79, 162, 81, 219, 58, 90,
       255, 128, 0, 35, 95, 134, 245, 55, 251, 237, 205, 189, 199, 175,
       19, 121, 18, 156, 223, 109, 107, 171, 27, 219, 19, 82, 36, 58,
       209, 231, 24, 78, 107, 148, 90, 133, 227, 125, 87, 197, 103, 180,
       62, 79, 184, 117, 234, 255, 108, 83, 97, 157, 244, 22, 196, 108,
       110, 233, 176, 109, 14, 170, 239, 37, 148, 111, 243, 82, 33, 213,
       82, 109, 231, 38, 14, 111, 184, 100, 234, 214, 230, 213, 95, 145,
       115, 118, 229, 125, 239, 233, 148, 109, 78, 244, 235, 235, 132,
       44, 179, 49, 49, 124, 51, 203, 100, 19, 110, 86, 91, 33, 172, 238,
       175, 3, 39, 3, 86, 112, 204, 237, 32, 8, 147, 145, 10, 243, 229,
       33, 149, 163, 246, 38, 114, 121, 143, 110, 110, 56, 30, 79, 188,
       225, 204, 190, 204, 123, 103, 146, 115, 38, 230, 124, 238, 233,
       11, 189, 45, 242, 233, 97, 152, 111, 242, 106, 121, 25, 156, 2,
       201, 145, 182, 74, 183, 117, 137, 206, 86, 75, 51, 162, 244, 117,
       166, 156, 184, 191, 153, 49, 206, 186, 255, 150, 195, 171, 196,
       168, 44, 62, 220, 214, 231, 149, 78, 86, 229, 113, 191, 251, 19,
       75, 60, 30, 156, 249, 223, 133, 211, 124, 190, 89, 226, 187, 255,
       214, 71, 225, 127, 254, 222, 125, 117, 57, 238, 61, 79, 87, 248,
       111, 232, 253, 76, 223, 125, 9, 48, 220, 212, 94, 106, 217, 163,
       121, 188, 243, 253, 37, 60, 74, 59, 98, 51, 252, 68, 125, 111, 44,
       10, 79, 184, 116, 166, 246, 194, 83, 97, 157, 127, 122, 196, 124,
       238, 233, 245, 125, 42, 240, 235, 231, 20, 103, 251, 96, 32, 45,
       12, 191, 125, 100, 236, 99, 18, 116, 194, 102, 16, 179, 241, 49,
       123, 89, 110, 50, 14, 161, 244, 247, 42, 71, 191, 80, 0, 202, 249,
       96, 168, 109, 117, 153, 228, 172, 15, 95, 184, 59, 234, 188, 108,
       223, 119, 201, 48, 149, 221, 125, 122, 201, 66, 217, 56, 251, 219,
       39, 188, 74, 241, 67, 49, 132, 196, 222, 252, 61, 139, 86, 232,
       159, 130, 224, 9, 207, 235, 32, 81, 211, 121, 107, 98, 96, 103,
       26, 223, 225, 246, 71, 61, 80, 58, 9, 130, 3, 162, 5, 153, 236,
       169, 168, 159, 30, 57, 80, 245, 173, 130, 216, 205, 135, 11, 122,
       29, 151, 92, 79, 213, 12, 18, 255, 228, 156, 140, 137, 153, 84,
       167, 24, 227, 48, 10, 107, 184, 111, 172, 255, 8, 215, 115, 200,
       84, 178, 221, 108, 122, 72, 208, 201, 92, 253, 245, 39, 20, 0,
       162, 7, 33, 197, 24, 159, 220, 77, 228, 169, 82, 248, 218, 102,
       16, 188, 247, 97, 106, 225, 127, 50, 138, 1, 222, 178, 226, 71,
       187, 218, 8, 136, 113, 97, 160, 108, 91, 211, 98, 60, 19, 146,
       216, 135, 168, 187, 237, 202, 203, 237, 208, 222, 116, 238, 114,
       205, 35, 200, 184, 122, 208, 39, 254, 94, 191, 104, 145, 62, 153,
       58, 162, 245, 95, 214, 228, 45, 38, 255, 11, 79, 62, 47, 208, 249,
       215, 143, 115, 92, 191, 89, 174, 187, 215, 222, 87, 211, 95, 238,
       206, 190, 221, 254, 163, 149, 84, 222, 225, 113, 29, 255, 19, 79,
       62, 46, 81, 249, 211, 133, 227, 124, 251, 89, 237, 251, 211, 206,
       87, 227, 127, 254, 86, 139, 190, 144, 241, 177, 191, 80, 19, 115,
       175, 70, 20, 175, 147, 66, 189, 149, 62, 212, 24, 190, 220, 241,
       166, 206, 223, 213, 99, 170, 196, 138, 143, 252, 75, 94, 236, 42,
       10, 95, 184, 32, 166, 243, 235, 83, 11, 17, 83, 118, 213, 109,
       226, 204, 215, 205, 40, 240, 235, 239, 148, 37, 179, 98, 1, 220,
       205, 71, 247, 146, 26, 102, 180, 180, 18, 195, 194, 243, 99, 137,
       227, 97, 246, 108, 234, 104, 212, 77, 46, 228, 227, 230, 0, 34,
       243, 228, 32, 27, 139, 82, 217, 51, 187, 120, 55, 127, 13, 94,
       182, 175, 18, 166, 228, 118, 42, 142, 24, 150, 152, 37, 223, 134,
       255, 18, 195, 54, 132, 137, 13, 68, 179, 152, 161, 176, 47, 121,
       25, 62, 185, 51, 124, 223, 19, 72, 26, 183, 29, 77, 49, 146, 112,
       201, 80, 205, 209, 47, 244, 200, 130, 135, 3, 104, 186, 188, 120,
       171, 249, 20, 143, 155, 63, 164, 57, 174, 255, 66, 27, 135, 115,
       233, 16, 18, 75, 202, 49, 219, 211, 93, 123, 210, 68, 143, 11, 5,
       176, 189, 243, 236, 173, 249, 159, 207, 59, 61, 120, 158, 249,
       216, 42, 175, 27, 127, 25, 147, 120, 235, 211, 207, 223, 63, 246,
       220, 202, 129, 163, 212, 72, 254, 252, 110, 40, 125, 148, 185,
       146, 178, 186, 255, 63, 1, 91, 239, 245, 127, 138, 104, 71, 195,
       224, 214, 251, 254, 152, 37, 249, 115, 41, 216, 69, 93, 229, 19,
       78, 110, 64, 37, 128, 238, 2, 91, 51, 1, 114, 56, 213, 104, 234,
       105, 149, 145, 78, 183, 233, 2, 1, 99, 50, 107, 34, 60, 145, 253,
       234, 203, 101, 83, 216, 35, 21, 173, 2, 95, 247, 104, 82, 254,
       209, 247, 226, 26, 3, 91, 145, 211, 205, 33, 95, 243, 227, 38,
       179, 56, 216, 151, 242, 103, 207, 81, 230, 233, 17, 96, 8, 30,
       185, 32, 26, 169, 249, 134, 80, 24, 187, 18, 224, 219, 210, 86,
       83, 210, 8, 71, 171, 149, 217, 61, 113, 172, 95, 196, 161, 244,
       122, 178, 80, 211, 88, 153, 107, 200, 16, 124, 107, 253, 229, 115,
       6, 161, 235, 101, 80, 105, 56, 216, 32, 125, 117, 56, 237, 61, 15,
       95, 186, 111, 168, 252, 76, 223, 121, 9, 112, 220, 213, 92, 106,
       201, 178, 81, 158, 251, 253, 37, 52, 74, 185, 74, 35, 194, 167,
       148, 157, 93, 139, 162, 232, 190, 180, 8, 3, 236, 226, 72, 199,
       177, 109, 106, 241, 38, 65, 138, 255, 172, 22, 143, 47, 16, 34,
       15, 134, 48, 0, 94, 236, 41, 11, 88, 104, 159, 162, 240, 9, 207,
       235, 32, 81, 218, 85, 111, 32, 96, 227, 75, 220, 209, 247, 67, 57,
       80, 40, 41, 130, 3, 162, 149, 153, 236, 141, 168, 223, 30, 121,
       80, 214, 189, 130, 248, 200, 167, 11, 50, 29, 151, 88, 15, 209,
       12, 26, 62, 236, 156, 140, 137, 157, 11, 146, 68, 25, 176, 187,
       104, 191, 118, 115, 86, 245, 241, 34, 154, 236, 119, 14, 54, 156,
       183, 216, 77, 87, 12, 111, 255, 196, 190, 132, 216, 157, 64, 252,
       185, 187, 62, 192, 187, 134, 158, 85, 128, 179, 189, 223, 106, 66,
       231, 83, 123, 81, 114, 77, 155, 51, 233, 165, 30, 91, 20, 8, 165,
       250, 101, 96, 147, 161, 44, 45, 64, 0, 105, 168, 162, 72, 135, 3,
       65, 30, 200, 132, 108, 24, 8, 96, 193, 0, 132, 240, 0, 48, 200,
       41, 66, 32, 161, 236, 145, 87, 125, 127, 71, 174, 83, 234, 188,
       24, 242, 49, 221, 180, 153, 198, 84, 40, 43, 110, 121, 63, 45,
       158, 53, 60, 218, 120, 82, 44, 249, 81, 59, 110, 61, 213, 83, 57,
       197, 72, 181, 76, 83, 221, 42, 176, 220, 176, 92, 106, 201, 39,
       122, 31, 243, 253, 32, 26, 90, 10, 114, 115, 25, 18, 143, 141, 22,
