%YAML:1.0
---
descriptors: !!opencv-matrix
   rows: 210
   cols: 32
   dt: u
   data: [ 34, 158, 94, 216, 253, 179, 80, 103, 221, 11, 254, 180, 234,
       248, 166, 253, 205, 50, 206, 48, 180, 175, 66, 255, 42, 63, 80,
       219, 158, 204, 252, 31, 131, 140, 92, 90, 251, 189, 26, 166, 159,
       65, 44, 157, 174, 76, 6, 181, 135, 179, 218, 21, 183, 12, 94, 255,
       46, 87, 17, 123, 254, 204, 8, 29, 72, 221, 187, 118, 163, 88, 55,
       247, 233, 143, 126, 40, 62, 181, 224, 54, 163, 118, 236, 64, 64,
       185, 160, 98, 251, 183, 116, 3, 226, 114, 167, 107, 76, 145, 151,
       245, 169, 110, 37, 191, 174, 153, 74, 64, 222, 119, 8, 206, 165,
       87, 253, 56, 17, 216, 19, 196, 141, 246, 127, 70, 138, 98, 161,
       51, 10, 140, 172, 187, 185, 165, 56, 143, 30, 31, 76, 21, 164,
       187, 42, 72, 193, 11, 187, 149, 62, 220, 83, 55, 207, 247, 222,
       203, 152, 0, 185, 218, 242, 67, 102, 141, 15, 18, 78, 104, 101, 4,
       242, 226, 99, 74, 180, 247, 122, 228, 108, 227, 108, 163, 69, 141,
       178, 234, 194, 147, 37, 190, 124, 12, 21, 227, 27, 160, 242, 135,
       175, 117, 172, 169, 59, 98, 92, 211, 232, 128, 190, 57, 82, 251,
       81, 155, 136, 68, 60, 129, 47, 236, 9, 2, 163, 161, 16, 5, 14,
       233, 21, 163, 194, 111, 228, 0, 234, 2, 99, 121, 48, 64, 120, 162,
       77, 225, 8, 169, 1, 29, 241, 132, 130, 17, 97, 10, 252, 10, 100,
       32, 213, 67, 232, 106, 233, 8, 42, 183, 33, 24, 214, 34, 77, 26,
       51, 197, 104, 58, 18, 112, 233, 64, 29, 18, 79, 116, 192, 99, 71,
       224, 176, 169, 28, 242, 152, 141, 92, 233, 179, 48, 224, 9, 55,
       211, 64, 17, 160, 187, 109, 210, 90, 91, 74, 61, 249, 193, 69,
       121, 32, 0, 138, 10, 40, 52, 190, 117, 236, 110, 245, 51, 238,
       155, 126, 28, 222, 57, 0, 59, 165, 86, 110, 8, 144, 240, 51, 1,
       71, 235, 116, 0, 194, 240, 195, 163, 24, 189, 26, 250, 19, 199,
       147, 65, 54, 133, 237, 3, 47, 215, 32, 0, 249, 187, 131, 144, 26,
       139, 24, 191, 249, 199, 11, 107, 115, 2, 166, 162, 248, 116, 123,
       100, 64, 78, 69, 51, 112, 162, 166, 24, 19, 19, 1, 115, 48, 244,
       108, 40, 105, 119, 176, 10, 243, 237, 32, 48, 98, 176, 70, 34, 5,
       161, 177, 163, 253, 237, 224, 75, 110, 49, 185, 24, 158, 184, 92,
       40, 185, 11, 91, 29, 18, 58, 216, 209, 141, 28, 31, 124, 208, 74,
       211, 162, 137, 198, 220, 223, 108, 57, 105, 158, 254, 115, 126,
       212, 221, 226, 250, 99, 163, 79, 46, 12, 163, 116, 175, 211, 198,
       255, 119, 44, 156, 216, 1, 173, 250, 248, 188, 120, 139, 65, 20,
       206, 163, 63, 164, 41, 46, 159, 75, 27, 171, 211, 237, 80, 74, 79,
       130, 177, 219, 209, 84, 63, 243, 21, 46, 11, 32, 140, 27, 250, 93,
       237, 65, 71, 222, 13, 232, 24, 182, 147, 32, 48, 201, 58, 2, 16,
       58, 174, 82, 23, 137, 182, 18, 123, 208, 8, 198, 170, 248, 73,
       118, 236, 15, 94, 84, 36, 225, 18, 166, 10, 107, 51, 0, 243, 98,
       244, 236, 98, 108, 231, 177, 137, 243, 235, 64, 19, 35, 56, 102,
       14, 77, 222, 201, 177, 228, 137, 237, 51, 206, 115, 31, 126, 157,
       131, 224, 226, 107, 160, 110, 10, 81, 44, 230, 245, 196, 151, 247,
       104, 190, 168, 209, 32, 193, 228, 17, 77, 52, 78, 103, 57, 116,
       74, 99, 80, 247, 19, 136, 244, 16, 12, 76, 42, 107, 180, 121, 31,
       165, 172, 33, 4, 104, 130, 194, 40, 118, 185, 185, 90, 137, 205,
       87, 237, 139, 61, 164, 25, 6, 221, 78, 30, 137, 146, 221, 82, 90,
       107, 250, 49, 251, 152, 85, 127, 210, 26, 198, 115, 202, 173, 144,
       140, 249, 112, 190, 107, 184, 175, 188, 25, 140, 170, 98, 134,
       207, 71, 219, 169, 52, 75, 146, 206, 63, 149, 223, 191, 210, 229,
       175, 199, 212, 84, 191, 117, 42, 110, 77, 58, 160, 218, 135, 24,
       83, 119, 137, 123, 39, 212, 125, 170, 169, 197, 177, 8, 209, 171,
       117, 20, 32, 241, 102, 113, 120, 183, 156, 48, 171, 169, 80, 159,
       162, 55, 173, 57, 143, 167, 74, 26, 135, 151, 237, 16, 26, 75,
       202, 16, 219, 199, 117, 125, 224, 64, 143, 3, 61, 203, 83, 166,
       164, 2, 70, 245, 69, 194, 243, 199, 67, 9, 57, 96, 120, 204, 6,
       103, 77, 183, 13, 170, 176, 239, 166, 4, 109, 186, 240, 201, 72,
       188, 181, 127, 153, 237, 87, 167, 242, 219, 40, 24, 182, 119, 0,
       59, 129, 114, 104, 0, 59, 104, 250, 63, 233, 255, 85, 56, 194, 96,
       135, 122, 236, 113, 17, 238, 104, 77, 87, 56, 162, 168, 49, 104,
       215, 215, 9, 48, 16, 240, 85, 106, 73, 34, 250, 25, 225, 201, 33,
       56, 112, 50, 6, 35, 40, 221, 27, 110, 85, 198, 71, 245, 116, 72,
       234, 64, 114, 215, 32, 112, 216, 252, 18, 106, 121, 187, 16, 47,
       115, 237, 132, 0, 24, 10, 244, 58, 61, 205, 106, 222, 220, 211,
       207, 242, 213, 128, 220, 2, 115, 249, 181, 100, 88, 250, 23, 203,
       233, 171, 126, 191, 115, 239, 167, 8, 119, 251, 116, 168, 72, 144,
       190, 117, 173, 126, 245, 23, 238, 219, 54, 28, 222, 185, 64, 58,
       161, 119, 108, 8, 17, 233, 179, 0, 207, 251, 116, 81, 202, 224,
       203, 51, 129, 196, 21, 201, 100, 15, 232, 120, 124, 18, 113, 84,
       223, 3, 184, 173, 90, 0, 18, 46, 225, 244, 89, 95, 132, 186, 114,
       4, 90, 169, 97, 160, 26, 196, 131, 193, 151, 210, 110, 246, 53,
       139, 222, 146, 9, 167, 176, 196, 121, 222, 157, 188, 91, 153, 33,
       206, 187, 246, 158, 199, 167, 212, 188, 60, 15, 123, 208, 191, 98,
       141, 190, 80, 30, 198, 81, 231, 173, 204, 227, 132, 62, 123, 135,
       71, 195, 240, 94, 233, 100, 69, 47, 168, 127, 255, 9, 217, 238,
       237, 150, 158, 253, 127, 246, 236, 155, 230, 189, 27, 238, 252,
       47, 133, 249, 231, 207, 98, 124, 103, 91, 255, 191, 87, 207, 127,
       151, 127, 190, 198, 206, 222, 190, 151, 236, 180, 191, 183, 190,
       255, 223, 183, 236, 238, 202, 79, 255, 247, 255, 135, 246, 220,
       235, 227, 254, 119, 255, 199, 134, 245, 173, 127, 53, 199, 111,
       111, 180, 27, 238, 253, 116, 224, 250, 66, 115, 72, 156, 224, 122,
       236, 22, 238, 237, 176, 109, 61, 188, 237, 167, 132, 125, 186,
       240, 172, 101, 56, 168, 128, 189, 61, 83, 152, 203, 253, 173, 12,
       150, 156, 95, 58, 137, 196, 90, 93, 159, 99, 251, 16, 207, 29, 1,
       126, 216, 107, 82, 114, 227, 91, 83, 140, 96, 6, 47, 112, 25, 204,
       114, 237, 94, 228, 167, 244, 222, 109, 166, 102, 197, 178, 246,
       222, 52, 58, 97, 142, 92, 191, 98, 253, 245, 75, 78, 175, 102, 2,
       79, 184, 0, 226, 214, 231, 83, 97, 155, 81, 126, 228, 61, 238,
       201, 150, 77, 44, 244, 42, 229, 132, 45, 187, 112, 81, 118, 168,
       151, 190, 141, 225, 64, 202, 135, 151, 163, 11, 66, 250, 108, 222,
       233, 243, 234, 17, 26, 107, 138, 224, 153, 182, 215, 123, 209,
       120, 116, 6, 155, 138, 198, 149, 22, 178, 168, 87, 126, 243, 210,
       247, 233, 42, 150, 235, 103, 239, 62, 157, 189, 253, 197, 237,
       156, 107, 251, 192, 173, 132, 185, 12, 118, 160, 214, 242, 205,
       225, 96, 225, 175, 49, 161, 11, 34, 250, 108, 219, 233, 135, 106,
       144, 62, 107, 218, 241, 153, 178, 215, 123, 225, 0, 106, 134, 8,
       188, 190, 249, 169, 237, 52, 199, 191, 31, 174, 16, 174, 187, 64,
       26, 161, 115, 235, 16, 50, 105, 146, 243, 239, 215, 86, 123, 194,
       80, 175, 139, 197, 232, 190, 254, 44, 221, 125, 220, 255, 154, 36,
       16, 246, 251, 93, 107, 193, 105, 123, 90, 98, 101, 250, 243, 223,
       219, 215, 45, 208, 113, 99, 170, 66, 143, 111, 143, 178, 130, 189,
       53, 44, 228, 91, 231, 229, 44, 150, 65, 38, 39, 61, 133, 208, 152,
       101, 108, 228, 38, 254, 128, 36, 146, 181, 121, 152, 224, 75, 161,
       52, 194, 232, 244, 52, 193, 215, 226, 209, 199, 248, 193, 122,
       236, 53, 253, 91, 210, 197, 132, 236, 225, 175, 196, 47, 146, 184,
       176, 199, 222, 37, 222, 45, 21, 140, 172, 221, 62, 146, 86, 236,
       88, 189, 235, 205, 241, 255, 231, 237, 69, 127, 247, 182, 91, 223,
       147, 28, 60, 25, 13, 6, 160, 156, 187, 236, 105, 168, 203, 14, 49,
       177, 154, 140, 194, 72, 138, 203, 27, 234, 17, 19, 110, 203, 209,
       140, 16, 31, 125, 156, 8, 137, 128, 229, 162, 237, 65, 164, 14,
