%YAML:1.0
---
descriptors: !!opencv-matrix
   rows: 340
   cols: 32
   dt: u
   data: [ 67, 190, 130, 149, 237, 188, 232, 23, 171, 233, 90, 253, 172,
       168, 214, 198, 133, 47, 127, 29, 151, 216, 210, 227, 142, 124,
       158, 170, 138, 76, 155, 221, 98, 181, 83, 136, 251, 241, 186, 207,
       171, 69, 168, 171, 44, 254, 108, 244, 255, 187, 219, 177, 23, 11,
       174, 215, 57, 20, 143, 239, 149, 70, 167, 254, 164, 63, 88, 250,
       122, 137, 147, 112, 28, 12, 116, 239, 183, 195, 162, 81, 94, 184,
       7, 108, 226, 46, 68, 31, 246, 129, 33, 248, 127, 138, 11, 145, 34,
       139, 146, 190, 251, 129, 62, 195, 159, 13, 89, 227, 108, 227, 32,
       196, 254, 251, 131, 211, 22, 154, 10, 255, 52, 118, 143, 235, 146,
       95, 169, 143, 191, 132, 235, 76, 223, 83, 207, 235, 85, 194, 252,
       130, 113, 108, 183, 229, 121, 202, 18, 174, 237, 163, 60, 159, 59,
       79, 135, 12, 247, 254, 120, 236, 28, 13, 35, 174, 21, 245, 90,
       104, 53, 76, 253, 3, 107, 222, 35, 144, 248, 169, 135, 230, 44, 3,
       56, 253, 243, 213, 131, 11, 51, 39, 124, 86, 2, 148, 183, 95, 203,
       228, 177, 231, 190, 87, 111, 48, 124, 247, 44, 111, 231, 59, 179,
       128, 19, 89, 186, 241, 77, 62, 90, 74, 211, 64, 165, 190, 175,
       198, 38, 152, 205, 51, 172, 239, 214, 246, 148, 151, 193, 232, 63,
       143, 89, 192, 179, 191, 236, 231, 79, 214, 42, 18, 223, 229, 159,
       252, 248, 196, 78, 58, 160, 176, 237, 173, 176, 130, 30, 183, 2,
       31, 140, 168, 115, 140, 149, 75, 251, 21, 150, 126, 210, 242, 157,
       86, 219, 127, 134, 77, 25, 78, 181, 93, 47, 254, 148, 70, 103,
       244, 116, 202, 230, 2, 119, 243, 49, 113, 248, 244, 31, 235, 233,
       183, 48, 46, 243, 175, 230, 0, 233, 251, 120, 40, 230, 240, 229,
       18, 77, 89, 147, 200, 139, 246, 177, 187, 74, 204, 95, 159, 139,
       209, 243, 115, 110, 103, 254, 240, 27, 80, 205, 255, 71, 63, 86,
       246, 155, 159, 119, 191, 162, 39, 63, 119, 61, 78, 219, 247, 125,
       110, 162, 209, 126, 179, 151, 167, 245, 152, 53, 255, 178, 227,
       234, 130, 63, 244, 165, 253, 174, 170, 192, 249, 233, 241, 90,
       202, 19, 63, 116, 187, 9, 143, 98, 156, 221, 155, 167, 144, 26,
       94, 202, 242, 79, 215, 155, 239, 179, 141, 14, 210, 121, 57, 200,
       238, 180, 44, 90, 144, 34, 229, 111, 141, 183, 167, 75, 80, 86,
       206, 61, 78, 14, 26, 217, 34, 231, 237, 36, 57, 168, 235, 90, 90,
       45, 116, 144, 101, 53, 31, 230, 156, 121, 232, 47, 76, 210, 48,
       25, 52, 152, 76, 80, 110, 237, 240, 249, 10, 103, 221, 5, 52, 74,
       123, 90, 148, 10, 129, 214, 181, 21, 146, 120, 105, 191, 145, 64,
       135, 236, 234, 126, 198, 242, 105, 171, 212, 6, 217, 11, 221, 10,
       210, 207, 71, 30, 38, 41, 142, 95, 235, 105, 108, 188, 211, 222,
       252, 142, 252, 156, 175, 249, 204, 214, 224, 182, 253, 253, 247,
       207, 75, 239, 189, 250, 105, 173, 253, 52, 191, 157, 93, 93, 133,
       189, 255, 172, 127, 79, 184, 126, 125, 247, 16, 223, 110, 154,
       233, 247, 207, 238, 127, 190, 240, 111, 181, 207, 235, 119, 85,
       240, 217, 197, 96, 32, 148, 35, 251, 117, 207, 161, 7, 94, 109,
       115, 17, 176, 28, 52, 100, 217, 58, 19, 17, 179, 188, 113, 191,
       109, 94, 146, 64, 212, 12, 213, 254, 185, 157, 119, 254, 61, 231,
       79, 248, 213, 70, 223, 86, 121, 255, 60, 229, 252, 179, 63, 238,
       169, 167, 123, 255, 243, 255, 218, 16, 63, 223, 244, 120, 77, 165,
       185, 97, 153, 253, 89, 159, 106, 253, 44, 8, 158, 189, 83, 50,
       133, 30, 249, 28, 146, 72, 251, 19, 111, 221, 21, 124, 194, 244,
       79, 106, 214, 232, 191, 246, 170, 64, 62, 136, 174, 155, 147, 163,
       221, 255, 105, 106, 183, 81, 253, 115, 2, 69, 138, 224, 219, 231,
       111, 157, 164, 243, 37, 35, 93, 143, 206, 117, 48, 126, 123, 152,
       53, 237, 254, 37, 251, 103, 139, 80, 118, 238, 125, 252, 172, 208,
       225, 47, 238, 255, 165, 129, 162, 225, 110, 75, 3, 142, 78, 220,
       116, 150, 104, 127, 148, 11, 218, 214, 113, 227, 176, 224, 95, 99,
       55, 172, 190, 143, 71, 223, 178, 239, 186, 200, 44, 160, 184, 129,
       244, 198, 125, 117, 44, 79, 94, 57, 61, 238, 183, 13, 215, 109,
       10, 19, 158, 197, 109, 46, 236, 244, 233, 14, 231, 251, 101, 149,
       96, 232, 206, 83, 66, 178, 213, 157, 46, 185, 160, 10, 94, 177,
       83, 242, 236, 192, 196, 238, 39, 29, 170, 17, 135, 124, 143, 213,
       12, 50, 91, 230, 20, 8, 13, 173, 88, 254, 172, 247, 152, 14, 71,
       188, 54, 191, 143, 9, 247, 119, 8, 82, 85, 214, 109, 72, 42, 72,
       251, 45, 237, 167, 245, 20, 160, 242, 132, 122, 20, 9, 127, 255,
       6, 195, 111, 96, 196, 0, 105, 3, 119, 233, 49, 72, 122, 185, 19,
       195, 24, 179, 26, 124, 209, 174, 67, 0, 181, 59, 37, 130, 237,
       192, 216, 237, 124, 74, 79, 184, 115, 178, 36, 8, 215, 115, 217,
       115, 83, 204, 60, 122, 105, 84, 201, 16, 238, 249, 101, 52, 60,
       185, 66, 32, 221, 150, 241, 71, 150, 62, 239, 185, 125, 230, 187,
       254, 219, 100, 157, 181, 127, 198, 92, 254, 249, 244, 125, 238,
       188, 254, 103, 148, 239, 251, 215, 117, 188, 111, 248, 68, 206,
       19, 86, 253, 67, 182, 188, 10, 83, 121, 87, 3, 88, 212, 197, 106,
       72, 99, 201, 136, 115, 201, 229, 61, 103, 250, 90, 138, 33, 117,
       117, 77, 116, 95, 238, 121, 109, 232, 115, 96, 216, 88, 156, 165,
       254, 12, 86, 106, 193, 176, 101, 204, 38, 250, 34, 2, 75, 187,
       195, 165, 63, 77, 103, 206, 84, 146, 239, 117, 213, 192, 255, 2,
       113, 233, 181, 229, 120, 232, 19, 239, 233, 179, 52, 173, 50, 106,
       135, 0, 119, 190, 240, 172, 108, 108, 125, 110, 124, 73, 199, 104,
       91, 174, 189, 40, 114, 125, 141, 48, 216, 240, 70, 74, 105, 35,
       107, 63, 113, 223, 97, 59, 83, 123, 86, 43, 27, 117, 195, 71, 118,
       54, 238, 222, 105, 193, 122, 102, 57, 50, 157, 246, 126, 223, 22,
       232, 131, 146, 181, 233, 54, 172, 166, 128, 175, 242, 99, 189,
       219, 28, 246, 252, 195, 182, 188, 119, 189, 198, 90, 183, 45, 174,
       183, 237, 231, 255, 183, 135, 180, 221, 52, 239, 50, 111, 222,
       131, 175, 116, 173, 223, 34, 173, 154, 88, 251, 249, 176, 199,
       190, 21, 108, 57, 172, 178, 102, 16, 203, 59, 226, 0, 22, 75, 130,
       115, 95, 23, 18, 107, 208, 72, 143, 143, 181, 109, 74, 238, 92,
       131, 70, 228, 213, 128, 236, 10, 115, 193, 49, 80, 88, 232, 2,
       238, 104, 163, 92, 190, 115, 173, 129, 24, 113, 187, 122, 168,
       223, 86, 239, 191, 174, 118, 255, 216, 159, 222, 215, 247, 221,
       239, 251, 79, 127, 239, 191, 255, 249, 199, 191, 238, 251, 123,
       239, 204, 191, 247, 181, 113, 162, 201, 58, 154, 93, 197, 211,
       100, 221, 68, 225, 3, 54, 216, 52, 65, 200, 42, 19, 67, 106, 171,
       26, 189, 113, 24, 130, 27, 88, 10, 112, 202, 37, 164, 145, 221,
       124, 3, 135, 235, 94, 162, 81, 70, 244, 225, 236, 5, 91, 106, 2,
       40, 113, 122, 106, 207, 172, 30, 223, 124, 156, 232, 17, 164, 143,
       20, 229, 83, 244, 103, 251, 25, 87, 251, 63, 55, 89, 125, 255, 45,
       255, 110, 55, 191, 181, 244, 63, 158, 79, 94, 245, 199, 239, 239,
       244, 215, 98, 146, 239, 157, 124, 215, 201, 121, 86, 252, 86, 239,
       96, 236, 182, 197, 92, 172, 167, 133, 137, 250, 231, 157, 30, 35,
       241, 133, 21, 168, 124, 125, 65, 133, 191, 211, 151, 110, 165,
       167, 254, 151, 11, 18, 148, 50, 96, 106, 161, 71, 122, 24, 50,
       201, 59, 66, 109, 174, 94, 69, 128, 64, 165, 98, 191, 84, 237,
       191, 173, 119, 255, 216, 95, 238, 223, 151, 249, 252, 255, 43,
       255, 237, 191, 239, 237, 244, 127, 234, 119, 91, 239, 156, 31,
       255, 117, 245, 9, 139, 16, 219, 173, 189, 177, 87, 95, 29, 124,
       32, 174, 145, 226, 204, 197, 42, 166, 24, 146, 40, 66, 177, 143,
       217, 18, 123, 210, 12, 201, 173, 98, 177, 155, 2, 58, 233, 82, 64,
       171, 177, 169, 137, 166, 220, 76, 18, 134, 187, 77, 81, 15, 43,
       218, 113, 155, 144, 1, 123, 192, 11, 7, 30, 24, 205, 83, 175, 23,
       195, 47, 230, 22, 0, 202, 130, 121, 227, 33, 196, 123, 251, 11,
