%YAML:1.0
---
descriptors: !!opencv-matrix
   rows: 387
   cols: 32
   dt: u
   data: [ 97, 151, 41, 236, 125, 157, 75, 63, 203, 105, 172, 76, 178,
       233, 20, 112, 220, 170, 126, 12, 155, 43, 242, 151, 127, 253, 148,
       120, 26, 10, 210, 120, 11, 159, 107, 137, 114, 178, 171, 55, 60,
       73, 94, 230, 253, 38, 182, 96, 54, 43, 23, 189, 149, 152, 53, 95,
       102, 45, 170, 192, 173, 198, 161, 249, 66, 248, 147, 178, 41, 205,
       147, 196, 175, 253, 144, 41, 142, 158, 68, 182, 197, 117, 253, 82,
       70, 15, 250, 243, 153, 212, 31, 255, 2, 30, 135, 31, 6, 252, 150,
       151, 253, 244, 190, 175, 159, 155, 26, 49, 236, 254, 108, 207,
       135, 115, 187, 147, 118, 73, 139, 241, 45, 22, 223, 203, 144, 116,
       173, 15, 105, 243, 59, 100, 52, 143, 73, 16, 224, 232, 115, 76,
       183, 197, 80, 50, 132, 172, 124, 110, 203, 176, 210, 13, 213, 249,
       33, 56, 72, 130, 83, 49, 60, 21, 58, 171, 188, 247, 186, 200, 30,
       77, 221, 3, 199, 252, 43, 192, 254, 59, 151, 241, 30, 179, 120,
       157, 251, 197, 171, 109, 148, 11, 61, 203, 125, 82, 121, 237, 108,
       15, 79, 24, 76, 232, 151, 238, 223, 79, 187, 96, 126, 197, 127,
       111, 201, 49, 109, 152, 244, 233, 171, 180, 28, 187, 81, 113, 117,
       218, 255, 254, 46, 134, 79, 249, 215, 74, 212, 230, 113, 255, 185,
       100, 127, 254, 63, 138, 233, 203, 46, 191, 242, 239, 255, 136, 61,
       184, 112, 121, 38, 235, 162, 158, 75, 192, 190, 236, 154, 87, 89,
       163, 172, 238, 126, 0, 239, 123, 179, 195, 66, 18, 142, 241, 53,
       52, 206, 171, 21, 119, 183, 242, 165, 119, 37, 3, 172, 31, 198,
       57, 92, 234, 179, 76, 211, 40, 213, 161, 157, 68, 94, 127, 237,
       240, 125, 28, 174, 91, 101, 180, 205, 255, 90, 21, 128, 201, 1,
       136, 212, 129, 134, 229, 68, 0, 80, 66, 33, 8, 52, 192, 72, 34, 2,
       101, 66, 42, 5, 189, 40, 0, 150, 72, 85, 24, 208, 136, 219, 16,
       103, 173, 104, 82, 41, 83, 36, 72, 222, 231, 25, 135, 242, 82,
       108, 141, 191, 141, 201, 159, 183, 192, 212, 105, 186, 136, 47,
       132, 53, 249, 48, 143, 87, 173, 149, 130, 71, 109, 21, 5, 242, 99,
       99, 42, 32, 196, 248, 134, 14, 224, 120, 187, 65, 191, 184, 246,
       146, 66, 181, 138, 240, 14, 215, 255, 172, 149, 140, 62, 204, 191,
       218, 246, 142, 221, 195, 108, 95, 42, 197, 198, 249, 189, 253, 69,
       255, 130, 170, 87, 207, 245, 140, 124, 153, 84, 9, 147, 126, 73,
       110, 155, 249, 83, 77, 93, 118, 246, 137, 12, 182, 96, 110, 172,
       174, 153, 156, 188, 103, 213, 70, 105, 242, 193, 119, 140, 124,
       223, 37, 22, 107, 205, 116, 59, 79, 88, 89, 234, 253, 238, 83, 73,
       181, 56, 94, 168, 23, 46, 169, 182, 96, 158, 86, 223, 161, 180,
       253, 251, 82, 145, 249, 86, 255, 229, 164, 42, 73, 22, 248, 242,
       22, 246, 215, 163, 209, 107, 118, 228, 61, 188, 169, 213, 164,
       138, 214, 235, 255, 132, 172, 248, 80, 121, 20, 16, 90, 184, 82,
       130, 56, 66, 60, 1, 99, 145, 31, 214, 41, 88, 182, 189, 34, 176,
       4, 151, 16, 94, 209, 231, 26, 70, 33, 1, 35, 131, 65, 139, 136,
       172, 136, 156, 72, 7, 238, 41, 138, 77, 167, 168, 82, 210, 196,
       167, 108, 85, 159, 9, 211, 17, 184, 245, 26, 89, 136, 0, 137, 28,
       9, 217, 247, 69, 36, 206, 239, 177, 237, 8, 118, 96, 223, 181,
       176, 102, 6, 116, 62, 74, 209, 184, 35, 224, 101, 250, 98, 128,
       70, 179, 197, 33, 73, 41, 23, 23, 229, 220, 36, 39, 237, 233, 42,
       64, 190, 178, 0, 246, 128, 38, 106, 12, 69, 249, 144, 108, 165,
       186, 86, 2, 74, 64, 139, 44, 120, 235, 123, 96, 82, 203, 67, 125,
       32, 44, 252, 40, 51, 151, 32, 16, 120, 152, 4, 120, 90, 187, 224,
       29, 249, 197, 37, 121, 97, 138, 230, 98, 159, 37, 111, 160, 149,
       167, 233, 91, 21, 193, 222, 147, 25, 173, 50, 41, 120, 131, 19,
       189, 185, 219, 53, 198, 91, 75, 142, 196, 175, 204, 176, 240, 134,
       141, 30, 155, 244, 167, 190, 238, 28, 11, 218, 114, 244, 122, 45,
       64, 247, 91, 27, 243, 114, 185, 73, 127, 44, 30, 142, 198, 156,
       91, 161, 137, 57, 120, 105, 106, 116, 23, 67, 120, 85, 232, 245,
       238, 115, 29, 181, 48, 126, 168, 6, 110, 201, 178, 125, 63, 242,
       205, 161, 176, 125, 171, 114, 185, 39, 78, 195, 65, 66, 114, 234,
       210, 121, 203, 126, 230, 25, 34, 213, 252, 127, 220, 54, 158, 133,
       150, 229, 226, 22, 172, 182, 132, 175, 243, 106, 189, 42, 50, 46,
       169, 110, 211, 184, 72, 140, 76, 212, 167, 141, 140, 182, 138,
       238, 169, 223, 213, 134, 171, 102, 192, 86, 65, 186, 137, 93, 12,
       61, 219, 189, 13, 15, 250, 157, 230, 75, 97, 213, 192, 207, 2,
       115, 255, 49, 97, 200, 162, 59, 222, 57, 139, 122, 190, 219, 235,
       138, 72, 57, 11, 112, 114, 81, 162, 136, 43, 44, 24, 72, 25, 102,
       189, 135, 237, 195, 200, 218, 90, 217, 198, 236, 149, 142, 99,
       205, 16, 136, 241, 191, 221, 200, 134, 27, 84, 132, 158, 191, 93,
       118, 134, 176, 251, 94, 154, 112, 86, 116, 249, 41, 105, 189, 122,
       55, 40, 161, 252, 10, 95, 79, 174, 119, 196, 217, 224, 97, 179, 1,
       32, 13, 129, 68, 203, 160, 2, 76, 113, 83, 70, 146, 8, 148, 41,
       232, 44, 50, 21, 151, 188, 117, 80, 4, 8, 186, 64, 221, 8, 81,
       140, 3, 90, 115, 218, 114, 163, 186, 80, 223, 9, 121, 230, 61,
       222, 181, 64, 126, 57, 23, 149, 131, 187, 4, 255, 22, 44, 42, 194,
       253, 139, 33, 153, 170, 112, 238, 221, 78, 99, 185, 94, 22, 231,
       87, 146, 16, 157, 38, 105, 107, 28, 179, 144, 32, 220, 119, 214,
       87, 43, 216, 193, 37, 137, 124, 250, 61, 253, 85, 103, 84, 14,
       231, 188, 112, 160, 115, 64, 115, 113, 153, 52, 60, 220, 20, 106,
       233, 240, 121, 46, 109, 239, 37, 4, 107, 186, 194, 168, 6, 105,
       146, 154, 109, 197, 176, 232, 158, 188, 81, 11, 236, 218, 111, 9,
       216, 121, 163, 83, 70, 114, 218, 248, 29, 16, 207, 107, 148, 62,
       29, 139, 154, 19, 54, 233, 35, 194, 57, 17, 165, 93, 214, 178,
       157, 151, 66, 207, 102, 157, 255, 208, 10, 153, 227, 193, 199,
       241, 186, 195, 38, 132, 45, 243, 46, 49, 240, 194, 253, 125, 114,
       216, 75, 253, 61, 10, 8, 247, 111, 158, 216, 88, 147, 88, 2, 50,
       250, 192, 95, 92, 133, 47, 146, 255, 94, 214, 112, 34, 140, 164,
       40, 27, 88, 8, 2, 252, 128, 141, 195, 72, 90, 18, 220, 133, 108,
       165, 12, 67, 199, 8, 218, 225, 169, 189, 40, 168, 14, 80, 87, 178,
       172, 166, 168, 16, 155, 136, 130, 244, 129, 173, 193, 236, 91, 75,
       221, 197, 125, 247, 140, 67, 255, 16, 216, 3, 239, 253, 148, 114,
       22, 86, 186, 243, 48, 50, 219, 217, 149, 247, 191, 125, 180, 61,
       46, 157, 78, 20, 137, 59, 199, 17, 118, 107, 58, 183, 123, 85, 20,
       251, 83, 20, 134, 219, 114, 112, 98, 204, 125, 69, 222, 104, 137,
       172, 177, 139, 104, 220, 63, 4, 254, 177, 215, 231, 204, 35, 208,
       220, 51, 24, 139, 187, 87, 63, 118, 215, 117, 103, 140, 166, 152,
       31, 94, 188, 2, 172, 168, 205, 199, 104, 91, 19, 220, 197, 237,
       119, 236, 67, 221, 60, 250, 227, 173, 61, 8, 250, 154, 80, 60, 12,
       250, 239, 196, 34, 98, 83, 117, 3, 255, 18, 83, 59, 48, 216, 120,
       142, 38, 138, 24, 178, 9, 162, 210, 239, 226, 65, 183, 235, 248,
       130, 80, 0, 156, 247, 9, 108, 84, 1, 171, 179, 135, 24, 247, 119,
       72, 78, 65, 246, 121, 138, 9, 69, 219, 161, 215, 247, 87, 19, 136,
       123, 136, 58, 6, 164, 176, 155, 197, 113, 190, 207, 31, 55, 73,
       19, 204, 248, 111, 140, 217, 91, 131, 19, 54, 116, 91, 242, 47,
       22, 159, 111, 146, 95, 157, 134, 87, 149, 172, 167, 140, 87, 159,
       185, 6, 246, 134, 143, 241, 108, 91, 42, 29, 199, 249, 183, 221,
       69, 255, 8, 233, 99, 239, 148, 141, 118, 153, 82, 23, 221, 74,
       153, 210, 167, 174, 230, 188, 72, 218, 231, 112, 222, 53, 64, 253,
       235, 31, 231, 231, 157, 20, 127, 52, 38, 170, 192, 61, 83, 185,
       147, 215, 231, 172, 167, 136, 23, 142, 156, 26, 254, 129, 205,
       195, 236, 91, 75, 213, 197, 125, 247, 238, 67, 255, 50, 232, 65,
       239, 253, 136, 119, 155, 84, 37, 137, 103, 78, 92, 147, 134, 105,
