%YAML:1.0
---
descriptors: !!opencv-matrix
   rows: 210
   cols: 32
   dt: u
   data: [ 40, 241, 56, 98, 249, 205, 21, 255, 11, 61, 60, 45, 54, 183,
       74, 16, 149, 26, 198, 80, 82, 41, 250, 55, 235, 157, 53, 127, 82,
       24, 199, 251, 53, 31, 237, 77, 150, 3, 239, 187, 86, 229, 222,
       198, 81, 108, 157, 100, 127, 238, 54, 233, 249, 240, 101, 255, 53,
       46, 231, 192, 165, 169, 244, 101, 88, 16, 42, 228, 52, 78, 93, 23,
       36, 236, 254, 41, 159, 159, 83, 114, 128, 149, 125, 40, 200, 216,
       241, 13, 231, 237, 113, 145, 32, 160, 70, 123, 37, 164, 190, 222,
       221, 245, 195, 202, 214, 139, 237, 8, 242, 249, 45, 104, 217, 106,
       106, 24, 43, 99, 122, 191, 91, 159, 213, 59, 208, 121, 112, 170,
       53, 9, 175, 216, 213, 247, 201, 75, 86, 225, 206, 18, 80, 248, 52,
       104, 121, 174, 58, 157, 27, 251, 115, 146, 91, 143, 159, 64, 185,
       72, 240, 164, 145, 133, 174, 236, 157, 6, 207, 239, 118, 194, 239,
       2, 83, 233, 58, 96, 121, 206, 56, 175, 121, 251, 189, 15, 249,
       175, 135, 4, 105, 106, 240, 96, 147, 146, 77, 185, 114, 130, 185,
       123, 62, 115, 82, 247, 189, 15, 146, 113, 127, 153, 63, 141, 231,
       156, 69, 223, 204, 175, 186, 192, 61, 128, 43, 217, 139, 154, 122,
       27, 103, 188, 184, 66, 125, 93, 119, 23, 172, 138, 118, 221, 226,
       45, 162, 5, 150, 188, 182, 193, 22, 121, 90, 227, 159, 12, 89,
       207, 40, 127, 57, 225, 116, 207, 121, 55, 45, 76, 126, 8, 31, 31,
       3, 48, 132, 59, 213, 8, 209, 184, 113, 12, 231, 221, 48, 129, 66,
       128, 70, 251, 10, 159, 18, 187, 213, 183, 178, 103, 28, 5, 90, 71,
       236, 250, 34, 192, 221, 43, 131, 17, 54, 152, 81, 255, 173, 116,
       138, 67, 156, 78, 185, 142, 118, 228, 228, 230, 205, 66, 78, 172,
       123, 178, 163, 10, 75, 251, 93, 87, 243, 213, 253, 227, 106, 103,
       203, 243, 187, 254, 197, 63, 167, 243, 254, 6, 114, 233, 1, 224,
       153, 205, 89, 141, 3, 160, 132, 8, 135, 151, 64, 54, 136, 156,
       253, 88, 74, 75, 241, 148, 187, 208, 141, 127, 2, 0, 134, 122,
       191, 84, 237, 103, 210, 87, 159, 248, 19, 230, 245, 174, 91, 125,
       159, 52, 95, 220, 151, 238, 237, 246, 125, 174, 127, 79, 229, 180,
       127, 255, 214, 245, 149, 24, 253, 101, 52, 46, 107, 16, 124, 226,
       119, 240, 211, 53, 149, 121, 55, 92, 60, 252, 185, 244, 117, 110,
       205, 175, 115, 196, 236, 161, 65, 113, 49, 223, 107, 238, 182,
       163, 239, 247, 196, 64, 218, 230, 113, 235, 176, 96, 126, 234, 31,
       237, 219, 171, 44, 191, 248, 173, 166, 192, 61, 218, 240, 185, 86,
       9, 206, 180, 147, 242, 58, 64, 164, 132, 203, 131, 109, 238, 35,
       202, 98, 245, 233, 195, 28, 129, 135, 104, 210, 231, 202, 1, 165,
       103, 45, 18, 104, 0, 253, 213, 108, 72, 249, 11, 235, 181, 118,
       18, 153, 155, 244, 122, 235, 28, 51, 136, 16, 124, 226, 192, 79,
       191, 242, 45, 215, 136, 85, 234, 49, 143, 105, 69, 52, 219, 231,
       55, 117, 234, 254, 238, 243, 40, 148, 36, 88, 238, 22, 44, 233,
       184, 101, 175, 44, 174, 165, 144, 109, 232, 208, 236, 215, 92,
       199, 190, 7, 134, 110, 178, 189, 194, 66, 215, 125, 230, 53, 239,
       102, 229, 57, 239, 237, 197, 31, 238, 176, 234, 206, 0, 45, 245,
       33, 92, 11, 32, 249, 217, 116, 252, 233, 3, 127, 93, 116, 16, 156,
       156, 212, 44, 239, 9, 55, 157, 147, 124, 182, 193, 79, 28, 154,
       232, 198, 128, 99, 236, 1, 189, 63, 125, 225, 206, 117, 119, 173,
       77, 110, 4, 190, 183, 0, 112, 164, 51, 86, 12, 209, 153, 50, 77,
       199, 255, 112, 66, 72, 0, 167, 251, 253, 112, 252, 101, 172, 95,
       212, 60, 114, 250, 183, 124, 215, 124, 219, 59, 251, 197, 108,
       103, 237, 103, 237, 30, 223, 207, 103, 181, 237, 123, 74, 83, 101,
       100, 185, 101, 56, 47, 79, 152, 18, 186, 61, 8, 215, 117, 89, 51,
       157, 92, 125, 110, 107, 112, 249, 27, 237, 159, 37, 60, 80, 251,
       66, 32, 32, 136, 212, 255, 28, 160, 196, 47, 206, 19, 194, 18,
       161, 42, 36, 203, 201, 34, 106, 0, 62, 237, 71, 189, 133, 243,
       210, 81, 148, 200, 216, 8, 181, 181, 229, 4, 158, 87, 78, 254, 83,
       226, 218, 206, 115, 108, 159, 164, 61, 230, 116, 238, 237, 243,
       125, 15, 186, 110, 101, 20, 239, 252, 120, 92, 48, 49, 88, 225,
       124, 75, 81, 105, 75, 32, 177, 40, 23, 17, 0, 48, 170, 144, 78,
       96, 8, 51, 81, 29, 241, 129, 33, 54, 112, 10, 70, 42, 174, 234,
       224, 24, 207, 209, 156, 206, 219, 119, 180, 155, 8, 204, 95, 158,
       153, 203, 195, 213, 214, 103, 238, 243, 62, 95, 157, 255, 215, 93,
       222, 198, 197, 124, 159, 244, 40, 110, 51, 80, 168, 202, 162, 64,
       246, 151, 1, 59, 164, 117, 124, 106, 97, 197, 176, 104, 209, 170,
       107, 16, 64, 113, 35, 59, 228, 91, 221, 229, 172, 42, 71, 150,
       112, 166, 170, 104, 215, 33, 193, 90, 64, 244, 108, 122, 40, 240,
       193, 10, 228, 166, 101, 20, 160, 249, 214, 41, 101, 121, 185, 109,
       236, 47, 87, 184, 94, 234, 116, 72, 215, 61, 17, 57, 148, 92, 127,
       110, 137, 114, 249, 28, 229, 159, 101, 52, 208, 251, 198, 113,
       248, 48, 121, 112, 43, 253, 81, 82, 226, 113, 165, 24, 27, 157,
       64, 56, 1, 144, 220, 16, 11, 39, 242, 16, 83, 201, 49, 121, 106,
       128, 70, 50, 147, 22, 134, 149, 199, 54, 172, 95, 188, 215, 210,
       215, 77, 42, 183, 239, 127, 135, 187, 173, 181, 213, 53, 202, 148,
       98, 218, 128, 173, 116, 185, 220, 8, 25, 59, 245, 113, 205, 117,
       55, 173, 77, 110, 25, 191, 159, 0, 16, 132, 59, 221, 0, 64, 185,
       48, 44, 231, 217, 18, 3, 66, 0, 199, 251, 201, 28, 23, 61, 184,
       126, 104, 50, 253, 90, 114, 84, 223, 50, 128, 251, 167, 103, 124,
       45, 181, 220, 177, 108, 141, 250, 114, 0, 200, 224, 3, 61, 139,
       140, 109, 189, 16, 174, 105, 55, 60, 67, 70, 148, 189, 47, 18, 97,
       103, 39, 59, 141, 181, 220, 117, 223, 197, 191, 218, 0, 12, 128,
       129, 120, 177, 130, 231, 77, 20, 7, 233, 57, 87, 236, 214, 22,
       115, 104, 189, 101, 124, 156, 54, 173, 249, 252, 117, 159, 29, 46,
       171, 132, 127, 168, 112, 124, 120, 49, 152, 174, 121, 237, 90,
       220, 39, 233, 188, 9, 127, 223, 75, 24, 220, 251, 245, 222, 14, 3,
       218, 185, 219, 221, 161, 185, 186, 87, 10, 91, 237, 100, 229, 85,
       172, 111, 237, 154, 82, 250, 54, 24, 211, 49, 213, 111, 17, 68,
       124, 62, 169, 116, 253, 154, 79, 62, 245, 52, 198, 249, 80, 96,
       167, 229, 237, 79, 252, 55, 207, 191, 83, 251, 189, 146, 241, 125,
       222, 39, 93, 198, 119, 174, 251, 70, 255, 255, 111, 62, 237, 188,
       199, 242, 210, 244, 9, 158, 122, 95, 116, 190, 251, 247, 125, 9,
       126, 84, 127, 243, 164, 112, 55, 43, 6, 12, 179, 184, 33, 111,
       111, 255, 50, 192, 203, 130, 225, 185, 82, 169, 158, 170, 11, 192,
       19, 200, 171, 21, 168, 41, 174, 214, 96, 82, 226, 177, 253, 208,
       10, 11, 138, 241, 217, 209, 11, 123, 16, 2, 39, 67, 141, 204, 252,
       254, 214, 55, 239, 252, 83, 194, 117, 18, 89, 105, 191, 41, 63,
       217, 19, 255, 225, 246, 62, 254, 127, 207, 231, 172, 255, 255,
       249, 160, 151, 12, 239, 151, 134, 114, 173, 134, 124, 215, 95,
       150, 253, 46, 150, 107, 99, 231, 59, 159, 181, 220, 61, 234, 140,
       46, 254, 192, 173, 117, 177, 124, 71, 172, 229, 183, 178, 176,
       175, 130, 190, 211, 91, 215, 253, 110, 218, 107, 39, 103, 63, 159,
       183, 216, 191, 225, 140, 54, 223, 192, 172, 245, 185, 85, 221,
       159, 121, 103, 162, 26, 127, 184, 112, 232, 126, 228, 255, 39,
       146, 113, 54, 213, 125, 238, 241, 152, 173, 111, 230, 235, 103,
       132, 110, 243, 3, 121, 109, 31, 153, 109, 180, 47, 71, 63, 84,
       170, 250, 108, 211, 49, 129, 51, 221, 110, 108, 46, 249, 242, 193,
       10, 238, 255, 101, 144, 200, 250, 210, 41, 107, 124, 209, 87, 113,
       157, 100, 23, 123, 131, 110, 76, 170, 176, 196, 180, 128, 106,
       226, 28, 195, 252, 242, 234, 47, 92, 20, 34, 202, 84, 202, 172,
       139, 184, 159, 249, 66, 174, 120, 83, 191, 27, 96, 209, 189, 215,
       32, 121, 183, 191, 23, 132, 179, 220, 144, 85, 223, 251, 122, 192,
