%YAML:1.0
---
descriptors: !!opencv-matrix
   rows: 244
   cols: 32
   dt: u
   data: [ 38, 173, 49, 154, 253, 193, 146, 238, 159, 57, 184, 11, 164,
       255, 108, 4, 217, 187, 195, 17, 18, 43, 202, 247, 189, 20, 15,
       127, 144, 10, 7, 138, 133, 166, 221, 177, 236, 169, 233, 155, 239,
       179, 48, 216, 159, 169, 216, 11, 167, 11, 110, 29, 179, 120, 203,
       210, 204, 154, 127, 236, 204, 200, 131, 161, 215, 64, 223, 180,
       78, 2, 108, 0, 249, 178, 179, 90, 91, 42, 213, 123, 106, 197, 125,
       170, 104, 71, 159, 192, 146, 234, 195, 148, 37, 241, 98, 32, 56,
       65, 213, 165, 69, 11, 66, 116, 101, 161, 242, 75, 83, 41, 24, 144,
       248, 204, 4, 243, 93, 186, 81, 128, 146, 235, 228, 5, 239, 170,
       250, 2, 252, 112, 190, 96, 77, 47, 80, 200, 235, 178, 164, 24, 78,
       153, 69, 59, 169, 213, 252, 114, 44, 103, 152, 128, 219, 219, 85,
       63, 225, 121, 74, 2, 13, 176, 48, 195, 253, 61, 241, 25, 79, 121,
       53, 28, 223, 89, 202, 172, 159, 10, 238, 60, 151, 120, 251, 213,
       79, 223, 21, 126, 218, 142, 217, 215, 124, 13, 62, 110, 56, 230,
       87, 50, 224, 8, 255, 8, 115, 119, 35, 115, 196, 246, 124, 106,
       104, 171, 104, 45, 243, 235, 96, 25, 98, 227, 102, 43, 109, 79,
       121, 103, 52, 14, 111, 176, 100, 136, 126, 108, 243, 65, 145, 113,
       22, 228, 108, 110, 201, 176, 237, 44, 230, 249, 37, 128, 104, 187,
       66, 33, 77, 113, 89, 65, 50, 14, 115, 56, 104, 232, 111, 100, 223,
       82, 141, 112, 182, 12, 76, 106, 193, 176, 185, 76, 228, 189, 33,
       6, 72, 163, 67, 33, 241, 223, 77, 110, 56, 12, 71, 188, 224, 10,
       250, 108, 243, 99, 136, 115, 84, 230, 108, 110, 233, 75, 203, 47,
       240, 171, 96, 152, 88, 162, 66, 41, 41, 93, 127, 69, 112, 111,
       239, 54, 125, 72, 126, 96, 22, 53, 129, 48, 38, 124, 86, 104, 193,
       184, 49, 108, 103, 191, 32, 128, 66, 176, 70, 249, 180, 132, 213,
       187, 205, 47, 70, 168, 19, 179, 177, 88, 71, 123, 77, 27, 217,
       198, 36, 114, 58, 102, 91, 179, 137, 210, 85, 126, 209, 123, 194,
       130, 198, 175, 213, 150, 190, 32, 174, 175, 218, 179, 25, 210,
       237, 234, 93, 66, 147, 103, 121, 155, 50, 77, 142, 243, 172, 22,
       223, 236, 132, 113, 145, 40, 39, 223, 99, 75, 118, 147, 239, 244,
       85, 72, 112, 230, 120, 200, 181, 164, 126, 104, 22, 238, 193, 186,
       44, 255, 36, 28, 175, 192, 127, 190, 114, 189, 128, 164, 21, 155,
       238, 169, 168, 143, 30, 51, 17, 249, 157, 163, 200, 137, 15, 27,
       107, 29, 51, 92, 79, 209, 12, 18, 127, 124, 148, 200, 129, 160,
       242, 65, 102, 238, 15, 18, 78, 37, 229, 166, 179, 2, 67, 8, 28,
       119, 104, 228, 108, 235, 108, 231, 77, 204, 178, 234, 198, 17, 37,
       190, 244, 4, 253, 64, 220, 102, 137, 30, 69, 157, 33, 186, 167,
       24, 91, 83, 73, 123, 81, 196, 108, 122, 104, 199, 249, 0, 243,
       235, 229, 20, 162, 179, 226, 34, 175, 227, 236, 187, 172, 19, 207,
       253, 87, 255, 149, 255, 195, 108, 222, 10, 95, 202, 255, 255, 254,
       102, 111, 179, 238, 87, 253, 253, 181, 255, 212, 213, 81, 77, 222,
       213, 148, 138, 110, 167, 116, 130, 126, 2, 123, 35, 177, 112, 114,
       238, 46, 234, 112, 184, 5, 238, 244, 175, 230, 0, 101, 248, 225,
       168, 96, 160, 157, 104, 233, 109, 144, 207, 170, 59, 48, 24, 156,
       191, 76, 58, 137, 19, 114, 16, 19, 111, 146, 81, 93, 158, 84, 126,
       208, 64, 195, 170, 1, 110, 46, 209, 84, 191, 173, 87, 84, 235, 94,
       2, 176, 32, 181, 45, 41, 46, 18, 153, 160, 252, 37, 76, 109, 14,
       246, 128, 133, 216, 241, 172, 184, 112, 82, 250, 97, 205, 86, 69,
       169, 12, 225, 9, 63, 223, 41, 25, 190, 185, 197, 98, 44, 39, 24,
       189, 243, 209, 2, 59, 114, 22, 39, 139, 86, 32, 241, 229, 34, 42,
       120, 2, 41, 163, 178, 153, 143, 47, 85, 122, 166, 157, 125, 157,
       136, 212, 197, 192, 151, 248, 218, 134, 167, 164, 99, 6, 228, 98,
       190, 112, 109, 45, 81, 200, 219, 190, 176, 24, 66, 201, 101, 27,
       137, 244, 103, 82, 40, 103, 202, 16, 91, 155, 69, 61, 194, 249,
       70, 130, 198, 175, 215, 150, 254, 163, 174, 174, 218, 179, 25,
       218, 253, 234, 80, 3, 23, 111, 123, 255, 114, 77, 142, 255, 172,
       22, 255, 252, 132, 113, 131, 32, 77, 53, 153, 225, 240, 46, 120,
       17, 58, 187, 107, 80, 221, 51, 73, 250, 183, 29, 124, 56, 17, 208,
       153, 66, 207, 239, 119, 100, 136, 227, 139, 161, 45, 177, 176,
       195, 253, 61, 240, 217, 79, 253, 53, 30, 206, 28, 222, 174, 187,
       12, 222, 60, 151, 112, 249, 212, 79, 217, 5, 119, 198, 143, 219,
       199, 4, 189, 16, 171, 177, 141, 162, 238, 62, 9, 104, 68, 172,
       242, 104, 132, 217, 43, 2, 80, 19, 58, 90, 53, 172, 212, 15, 110,
       216, 10, 139, 137, 60, 221, 21, 254, 61, 207, 86, 176, 197, 72,
       233, 72, 254, 127, 33, 240, 132, 115, 220, 98, 75, 41, 90, 191,
       227, 255, 37, 26, 90, 27, 68, 51, 41, 141, 28, 207, 189, 159, 70,
       183, 79, 1, 110, 0, 243, 97, 48, 244, 80, 34, 10, 28, 31, 168, 89,
       63, 171, 255, 4, 80, 154, 138, 216, 12, 203, 81, 111, 108, 107,
       123, 123, 56, 141, 76, 84, 173, 221, 157, 179, 229, 6, 53, 253,
       111, 225, 5, 183, 156, 71, 249, 104, 153, 54, 165, 13, 113, 54,
       103, 104, 69, 114, 2, 239, 120, 36, 164, 254, 231, 65, 7, 151, 20,
       126, 204, 23, 238, 200, 150, 229, 76, 54, 44, 175, 132, 39, 182,
       114, 240, 223, 123, 23, 242, 179, 148, 62, 113, 168, 136, 87, 102,
       60, 211, 225, 225, 164, 121, 190, 210, 209, 201, 130, 236, 249,
       233, 47, 202, 10, 39, 169, 131, 214, 66, 231, 182, 14, 10, 78,
       160, 249, 182, 179, 26, 75, 106, 29, 95, 122, 197, 108, 235, 108,
       231, 143, 232, 176, 170, 207, 20, 37, 177, 112, 4, 164, 141, 150,
       254, 252, 43, 158, 239, 223, 131, 241, 88, 238, 232, 44, 65, 211,
       123, 106, 35, 50, 111, 139, 255, 184, 190, 87, 126, 212, 120, 161,
       137, 27, 0, 86, 169, 71, 91, 249, 64, 45, 68, 246, 10, 139, 15,
       54, 77, 106, 129, 95, 193, 15, 187, 117, 192, 215, 217, 138, 209,
       119, 141, 125, 210, 218, 240, 116, 245, 39, 216, 120, 56, 171,
       244, 54, 163, 107, 223, 223, 214, 182, 189, 181, 236, 206, 84,
       239, 213, 199, 249, 137, 167, 39, 166, 76, 83, 161, 238, 109, 71,
       116, 155, 239, 190, 93, 108, 126, 224, 241, 9, 156, 36, 30, 66,
       86, 110, 227, 188, 109, 127, 102, 30, 180, 128, 103, 155, 82, 237,
       157, 120, 156, 241, 140, 79, 69, 150, 135, 178, 134, 84, 183, 147,
       65, 43, 129, 228, 108, 90, 73, 69, 243, 42, 231, 203, 117, 52, 40,
       120, 8, 11, 50, 105, 82, 220, 85, 153, 240, 66, 127, 32, 240, 10,
       42, 216, 21, 52, 186, 185, 67, 81, 14, 186, 196, 221, 151, 220, 0,
       59, 71, 12, 82, 142, 182, 190, 167, 59, 232, 175, 180, 255, 63,
       250, 242, 255, 70, 252, 143, 25, 253, 255, 255, 23, 254, 255, 203,
       183, 190, 94, 93, 246, 193, 124, 166, 215, 116, 7, 206, 37, 16,
       10, 103, 43, 48, 166, 234, 137, 211, 35, 2, 82, 121, 228, 108,
       162, 120, 155, 205, 14, 248, 167, 165, 20, 33, 226, 118, 0, 144,
       141, 125, 121, 234, 195, 181, 239, 126, 62, 112, 51, 23, 63, 36,
       59, 235, 19, 39, 65, 114, 126, 67, 117, 249, 138, 119, 68, 113,
       112, 167, 171, 163, 203, 117, 89, 100, 155, 175, 252, 126, 122,
       112, 244, 168, 8, 180, 165, 95, 8, 22, 110, 231, 188, 109, 247,
       44, 26, 54, 228, 95, 156, 195, 237, 126, 235, 237, 190, 56, 65,
       79, 184, 7, 252, 156, 239, 233, 239, 219, 82, 95, 209, 255, 247,
       138, 67, 239, 189, 250, 247, 175, 189, 183, 191, 52, 121, 246,
       199, 229, 250, 174, 96, 14, 189, 23, 23, 217, 243, 233, 111, 152,
       203, 95, 211, 191, 179, 122, 66, 111, 247, 186, 230, 255, 253,
       183, 251, 164, 113, 107, 177, 244, 232, 45, 22, 217, 27, 75, 125,
       117, 61, 78, 159, 126, 124, 134, 29, 181, 21, 158, 250, 187, 213,
       195, 251, 153, 215, 86, 132, 214, 87, 110, 235, 237, 179, 172, 27,
       207, 189, 23, 253, 148, 233, 195, 237, 219, 11, 93, 198, 255, 247,
       222, 106, 239, 176, 238, 83, 237, 253, 150, 255, 212, 113, 54,
