%YAML:1.0
---
descriptors: !!opencv-matrix
   rows: 287
   cols: 32
   dt: u
   data: [ 61, 102, 121, 96, 116, 47, 70, 216, 81, 234, 124, 76, 19, 73,
       81, 48, 221, 200, 22, 126, 233, 182, 120, 30, 243, 205, 37, 52,
       123, 251, 90, 161, 206, 250, 238, 151, 242, 208, 188, 240, 191,
       215, 87, 231, 108, 238, 239, 206, 103, 127, 187, 213, 246, 221,
       175, 225, 30, 35, 255, 195, 167, 246, 45, 223, 44, 159, 239, 231,
       244, 114, 110, 247, 84, 111, 254, 247, 91, 41, 178, 194, 107, 198,
       183, 188, 189, 249, 45, 174, 110, 239, 246, 197, 239, 217, 252,
       217, 187, 75, 71, 222, 94, 149, 206, 252, 132, 0, 209, 198, 105,
       195, 189, 197, 124, 232, 22, 238, 73, 163, 30, 253, 48, 232, 138,
       136, 63, 155, 248, 156, 11, 187, 232, 215, 182, 148, 251, 191,
       126, 201, 30, 102, 249, 123, 222, 232, 55, 107, 191, 153, 147,
       216, 175, 253, 110, 79, 191, 224, 175, 128, 217, 41, 43, 113, 16,
       174, 93, 157, 178, 72, 203, 160, 185, 78, 236, 216, 109, 132, 216,
       41, 210, 99, 71, 35, 218, 221, 22, 209, 137, 59, 95, 15, 91, 134,
       10, 167, 128, 136, 89, 180, 185, 79, 155, 37, 204, 151, 140, 231,
       110, 196, 221, 11, 139, 149, 18, 27, 208, 215, 189, 52, 138, 255,
       146, 68, 183, 246, 185, 95, 99, 111, 116, 26, 79, 181, 85, 66,
       118, 230, 115, 9, 177, 240, 126, 232, 22, 110, 237, 180, 109, 174,
       102, 237, 36, 128, 127, 186, 208, 217, 2, 160, 246, 252, 127, 134,
       184, 105, 147, 149, 208, 3, 237, 219, 114, 72, 254, 61, 51, 145,
       6, 219, 162, 221, 203, 218, 219, 231, 39, 164, 37, 206, 217, 4,
       124, 103, 48, 63, 127, 48, 125, 110, 183, 29, 255, 35, 2, 19, 150,
       196, 125, 110, 172, 244, 113, 14, 231, 251, 96, 145, 72, 161, 74,
       67, 180, 107, 248, 68, 206, 23, 86, 220, 67, 182, 180, 10, 83, 89,
       207, 59, 89, 212, 100, 106, 200, 103, 203, 24, 115, 201, 101, 61,
       119, 251, 94, 130, 49, 5, 229, 87, 212, 95, 235, 53, 87, 225, 115,
       82, 115, 32, 156, 165, 120, 238, 50, 172, 185, 252, 125, 174, 45,
       46, 245, 64, 239, 169, 240, 228, 147, 146, 229, 221, 46, 251, 73,
       31, 87, 121, 83, 242, 243, 28, 148, 237, 90, 190, 62, 153, 155,
       252, 231, 145, 132, 250, 250, 194, 181, 136, 84, 125, 189, 132,
       225, 68, 214, 83, 199, 120, 81, 226, 253, 26, 83, 117, 190, 165,
       121, 204, 18, 170, 185, 242, 125, 142, 127, 14, 133, 52, 119, 239,
       114, 236, 189, 22, 103, 69, 15, 51, 207, 120, 85, 226, 191, 198,
       75, 77, 191, 175, 62, 196, 181, 238, 169, 245, 61, 156, 66, 203,
       193, 180, 111, 239, 80, 244, 185, 1, 110, 237, 54, 82, 94, 121,
       36, 100, 247, 131, 83, 31, 58, 113, 254, 149, 189, 231, 109, 179,
       53, 12, 243, 235, 170, 149, 45, 170, 124, 90, 216, 148, 174, 61,
       26, 119, 25, 59, 54, 167, 198, 20, 247, 103, 2, 114, 49, 245, 249,
       168, 40, 205, 115, 31, 217, 231, 255, 21, 160, 32, 45, 106, 73,
       21, 23, 77, 81, 62, 102, 57, 109, 8, 111, 68, 222, 115, 9, 244,
       180, 20, 94, 40, 193, 176, 17, 76, 167, 255, 34, 6, 74, 114, 227,
       33, 191, 87, 67, 172, 77, 23, 78, 248, 21, 72, 216, 239, 83, 216,
       187, 180, 216, 233, 151, 231, 205, 131, 84, 142, 176, 101, 169,
       188, 63, 63, 122, 213, 125, 229, 169, 167, 244, 78, 79, 191, 114,
       236, 236, 9, 211, 103, 91, 112, 209, 206, 85, 124, 126, 218, 233,
       62, 255, 205, 165, 117, 160, 234, 214, 98, 108, 109, 243, 204, 84,
       102, 99, 210, 67, 132, 108, 74, 48, 243, 165, 118, 88, 252, 2,
       106, 9, 178, 248, 168, 117, 172, 129, 40, 243, 251, 118, 168, 40,
       165, 49, 233, 215, 227, 177, 107, 15, 97, 121, 18, 152, 223, 108,
       164, 217, 27, 147, 176, 19, 186, 120, 213, 111, 212, 143, 111,
       211, 10, 229, 226, 55, 95, 210, 140, 114, 170, 107, 82, 137, 192,
       124, 231, 41, 227, 167, 84, 118, 108, 7, 110, 0, 131, 148, 232,
       114, 44, 32, 136, 127, 255, 106, 153, 184, 243, 82, 240, 215, 219,
       116, 253, 151, 61, 117, 187, 14, 205, 106, 145, 62, 155, 135, 112,
       118, 58, 8, 215, 127, 209, 36, 239, 119, 156, 206, 203, 116, 96,
       189, 176, 13, 109, 80, 200, 139, 190, 177, 9, 15, 222, 79, 27,
       201, 213, 236, 16, 14, 103, 250, 128, 219, 211, 85, 63, 193, 125,
       70, 198, 48, 136, 78, 217, 87, 234, 97, 71, 118, 5, 230, 18, 99,
       1, 50, 88, 121, 174, 34, 156, 42, 188, 69, 125, 85, 166, 146, 65,
       241, 8, 116, 138, 70, 158, 213, 149, 54, 171, 164, 187, 94, 179,
       90, 242, 237, 232, 204, 239, 55, 127, 174, 33, 161, 252, 143, 223,
       12, 54, 127, 198, 197, 232, 1, 5, 211, 124, 5, 190, 43, 132, 46,
       166, 171, 86, 128, 221, 172, 166, 39, 247, 167, 227, 124, 199,
       101, 77, 150, 251, 176, 112, 94, 186, 24, 85, 35, 125, 133, 234,
       210, 159, 118, 129, 162, 200, 86, 128, 217, 230, 101, 200, 225,
       192, 122, 232, 6, 83, 70, 183, 14, 255, 60, 20, 171, 226, 29, 171,
       48, 141, 64, 10, 250, 150, 118, 202, 185, 96, 120, 165, 86, 155,
       125, 167, 130, 34, 50, 101, 106, 76, 32, 253, 165, 111, 92, 167,
       122, 1, 37, 137, 39, 233, 245, 93, 10, 172, 4, 70, 79, 252, 197,
       194, 238, 6, 243, 211, 59, 113, 248, 228, 92, 238, 233, 135, 24,
       42, 243, 233, 134, 24, 56, 251, 120, 26, 98, 218, 42, 184, 126,
       219, 176, 230, 158, 93, 210, 191, 164, 204, 54, 192, 201, 59, 235,
       81, 70, 171, 70, 181, 88, 39, 186, 211, 85, 12, 189, 95, 86, 153,
       158, 250, 139, 240, 21, 203, 159, 23, 141, 179, 108, 247, 104, 78,
       231, 179, 187, 129, 19, 75, 58, 241, 155, 215, 95, 75, 144, 100,
       173, 118, 155, 153, 111, 253, 54, 214, 127, 55, 85, 72, 86, 131,
       59, 31, 180, 97, 102, 176, 31, 236, 249, 152, 53, 253, 247, 251,
       234, 193, 55, 140, 244, 123, 253, 253, 104, 65, 188, 127, 223,
       254, 82, 229, 188, 154, 19, 61, 218, 32, 25, 222, 213, 126, 250,
       114, 253, 63, 251, 205, 165, 245, 119, 251, 214, 112, 103, 2, 205,
       233, 140, 35, 204, 27, 86, 179, 145, 222, 209, 41, 217, 107, 95,
       132, 127, 189, 153, 99, 207, 144, 220, 138, 239, 252, 189, 232,
       208, 160, 181, 76, 111, 220, 68, 38, 239, 248, 213, 130, 247, 18,
       83, 201, 181, 109, 120, 236, 18, 234, 233, 247, 60, 174, 113, 170,
       195, 4, 111, 249, 112, 160, 145, 103, 66, 173, 118, 163, 170, 88,
       22, 160, 89, 198, 117, 192, 161, 192, 126, 40, 2, 110, 163, 176,
       77, 31, 164, 132, 171, 4, 29, 171, 57, 129, 10, 187, 154, 186,
       243, 165, 187, 214, 187, 13, 124, 13, 44, 251, 46, 16, 239, 59,
       215, 21, 22, 11, 26, 245, 251, 223, 30, 235, 154, 70, 171, 219,
       11, 90, 88, 221, 106, 153, 184, 114, 13, 72, 124, 239, 191, 79,
       163, 5, 46, 185, 135, 44, 193, 146, 70, 221, 86, 205, 32, 168,
       127, 174, 11, 153, 131, 16, 39, 147, 100, 244, 169, 19, 108, 81,
       83, 82, 144, 22, 148, 109, 110, 28, 59, 157, 147, 156, 119, 192,
       5, 56, 154, 192, 140, 4, 177, 244, 207, 128, 190, 186, 173, 188,
       184, 15, 254, 91, 151, 21, 220, 248, 126, 235, 167, 3, 250, 21,
       183, 109, 155, 211, 206, 127, 90, 75, 156, 68, 169, 7, 50, 222,
       84, 173, 111, 155, 186, 234, 141, 6, 120, 231, 44, 14, 39, 132,
       238, 185, 131, 71, 70, 187, 6, 253, 22, 118, 90, 179, 125, 14, 13,
       159, 93, 6, 155, 236, 164, 38, 79, 184, 53, 138, 187, 96, 223, 99,
       169, 249, 247, 213, 44, 238, 169, 133, 9, 138, 208, 255, 111, 148,
       56, 243, 33, 33, 182, 107, 56, 170, 61, 149, 214, 104, 31, 44,
       181, 15, 238, 200, 55, 4, 216, 233, 135, 103, 110, 35, 72, 255,
       242, 212, 139, 59, 87, 31, 94, 199, 247, 28, 115, 196, 149, 46,
       111, 248, 121, 230, 174, 14, 91, 103, 21, 127, 125, 196, 92, 238,
       233, 183, 57, 202, 179, 254, 199, 4, 235, 251, 98, 112, 209, 75,
       127, 165, 52, 223, 122, 16, 125, 236, 246, 9, 247, 13, 19, 112,
       182, 229, 108, 110, 172, 244, 241, 14, 231, 235, 33, 17, 32, 155,
       76, 67, 154, 219, 34, 185, 31, 209, 176, 198, 30, 69, 210, 183,
       175, 140, 50, 192, 252, 27, 187, 69, 174, 15, 71, 183, 241, 103,
