%YAML:1.0
---
descriptors: !!opencv-matrix
   rows: 201
   cols: 32
   dt: u
   data: [ 197, 6, 253, 65, 164, 46, 237, 57, 89, 255, 151, 18, 211, 101,
       220, 111, 127, 212, 125, 59, 249, 244, 237, 128, 77, 186, 231,
       196, 231, 234, 212, 49, 12, 153, 151, 253, 169, 110, 53, 55, 174,
       185, 75, 32, 220, 55, 0, 74, 133, 55, 125, 16, 17, 216, 19, 20,
       205, 247, 127, 68, 144, 98, 133, 51, 30, 173, 129, 195, 151, 207,
       79, 207, 63, 121, 138, 2, 175, 103, 88, 132, 49, 203, 221, 220,
       27, 201, 25, 247, 169, 214, 159, 247, 163, 86, 147, 46, 241, 74,
       70, 221, 44, 26, 238, 48, 237, 138, 242, 230, 67, 8, 181, 103,
       106, 228, 110, 238, 236, 231, 69, 236, 52, 42, 231, 144, 109, 184,
       112, 5, 25, 221, 83, 238, 146, 194, 63, 231, 52, 64, 90, 162, 125,
       242, 160, 96, 119, 255, 30, 160, 113, 153, 29, 127, 248, 166, 46,
       128, 61, 218, 161, 24, 41, 53, 83, 97, 116, 63, 234, 80, 112, 105,
       122, 72, 187, 25, 149, 176, 60, 140, 22, 248, 139, 178, 245, 14,
       39, 237, 32, 32, 233, 131, 66, 168, 23, 223, 111, 175, 182, 6,
       111, 252, 36, 132, 218, 231, 113, 99, 177, 65, 126, 231, 31, 238,
       200, 145, 45, 45, 242, 175, 175, 128, 45, 179, 112, 121, 96, 88,
       27, 229, 100, 206, 99, 23, 45, 33, 111, 8, 215, 151, 0, 124, 80,
       180, 126, 8, 9, 152, 241, 2, 197, 190, 48, 64, 2, 130, 68, 34,
       109, 116, 185, 101, 109, 110, 67, 152, 123, 251, 175, 24, 210,
       119, 73, 59, 153, 220, 117, 58, 9, 118, 249, 0, 223, 219, 69, 52,
       202, 115, 82, 178, 53, 207, 99, 79, 182, 83, 239, 252, 84, 224,
       250, 70, 115, 96, 189, 228, 126, 238, 22, 238, 233, 178, 109, 191,
       63, 173, 167, 132, 117, 186, 240, 237, 117, 95, 110, 175, 54, 6,
       79, 248, 68, 192, 210, 231, 113, 67, 187, 65, 126, 228, 61, 239,
       233, 147, 29, 45, 240, 43, 175, 128, 45, 187, 112, 88, 36, 77, 59,
       254, 24, 198, 87, 176, 148, 130, 233, 0, 247, 247, 33, 112, 216,
       120, 27, 74, 104, 131, 122, 63, 225, 175, 35, 8, 80, 123, 36, 98,
       26, 199, 211, 225, 147, 98, 111, 191, 53, 225, 78, 194, 221, 39,
       136, 196, 119, 95, 157, 188, 27, 152, 53, 238, 169, 230, 175, 196,
       166, 214, 165, 56, 38, 20, 220, 216, 219, 250, 148, 15, 143, 131,
       108, 155, 140, 252, 102, 206, 199, 115, 235, 16, 22, 169, 246,
       194, 46, 55, 21, 91, 222, 252, 137, 214, 245, 73, 78, 175, 38, 2,
       111, 184, 100, 232, 214, 230, 115, 97, 155, 97, 126, 228, 61, 239,
       237, 147, 77, 44, 240, 235, 239, 132, 45, 187, 112, 17, 89, 221,
       127, 236, 23, 206, 85, 55, 229, 192, 238, 0, 127, 55, 32, 115,
       102, 180, 121, 104, 105, 137, 49, 13, 243, 235, 68, 16, 34, 144,
       100, 42, 214, 220, 150, 151, 213, 118, 190, 231, 190, 159, 219,
       19, 236, 126, 110, 207, 233, 223, 171, 147, 54, 221, 219, 227,
       189, 54, 223, 71, 130, 125, 189, 143, 245, 104, 151, 116, 77, 14,
       70, 136, 249, 178, 162, 72, 118, 209, 65, 59, 128, 228, 104, 106,
       72, 103, 146, 40, 145, 250, 69, 60, 96, 121, 66, 34, 117, 112,
       245, 101, 101, 110, 113, 8, 107, 178, 163, 8, 86, 115, 73, 58,
       185, 220, 116, 58, 9, 242, 249, 0, 223, 218, 69, 54, 232, 115, 66,
       162, 68, 2, 253, 65, 172, 110, 233, 25, 104, 255, 183, 22, 211,
       117, 220, 111, 93, 196, 124, 60, 185, 240, 237, 0, 207, 187, 103,
       212, 205, 234, 212, 49, 24, 105, 19, 235, 25, 201, 83, 72, 166,
       32, 171, 8, 183, 147, 96, 80, 104, 145, 109, 66, 10, 163, 153, 21,
       241, 196, 3, 89, 32, 3, 39, 34, 32, 165, 61, 249, 252, 205, 241,
       175, 94, 121, 56, 24, 150, 55, 72, 48, 129, 26, 83, 24, 115, 120,
       123, 23, 77, 158, 117, 124, 80, 72, 199, 170, 197, 74, 214, 212,
       100, 42, 237, 18, 232, 154, 242, 198, 249, 170, 181, 123, 102,
       229, 110, 207, 229, 245, 135, 232, 20, 58, 250, 128, 12, 241, 97,
       133, 154, 169, 10, 187, 95, 133, 186, 205, 158, 5, 92, 135, 173,
       207, 98, 0, 252, 59, 147, 213, 86, 27, 26, 247, 255, 197, 142,
       233, 29, 10, 173, 218, 111, 149, 240, 246, 255, 115, 159, 235,
       155, 239, 189, 191, 76, 124, 54, 134, 191, 87, 215, 35, 244, 107,
       56, 222, 56, 95, 79, 255, 151, 110, 175, 215, 126, 179, 240, 82,
       169, 253, 89, 215, 163, 189, 181, 56, 11, 183, 207, 158, 135, 214,
       213, 24, 26, 107, 234, 176, 91, 217, 85, 255, 227, 213, 198, 103,
       31, 149, 130, 193, 149, 118, 79, 223, 53, 139, 222, 22, 75, 119,
       176, 228, 121, 254, 156, 184, 57, 153, 49, 206, 187, 255, 135,
       197, 170, 244, 184, 52, 118, 233, 146, 250, 157, 137, 66, 200,
       219, 48, 161, 11, 98, 251, 109, 148, 249, 195, 105, 82, 10, 99,
       218, 249, 187, 246, 199, 127, 241, 59, 114, 6, 40, 136, 189, 127,
       141, 111, 64, 175, 207, 179, 172, 24, 243, 57, 16, 58, 201, 230,
       104, 8, 24, 104, 251, 177, 207, 251, 85, 121, 210, 104, 210, 10,
       84, 48, 191, 112, 137, 237, 113, 87, 235, 147, 164, 24, 182, 211,
       64, 59, 161, 50, 104, 24, 19, 111, 178, 32, 219, 155, 80, 57, 192,
       64, 231, 162, 104, 25, 30, 254, 13, 245, 148, 102, 199, 8, 172, 9,
       238, 253, 37, 219, 200, 114, 235, 0, 10, 107, 210, 185, 211, 243,
       82, 27, 82, 123, 124, 26, 155, 186, 127, 113, 43, 253, 185, 83,
       127, 91, 214, 255, 46, 157, 214, 60, 167, 191, 253, 21, 191, 255,
       179, 211, 219, 121, 56, 194, 207, 132, 119, 255, 101, 173, 192,
       69, 220, 42, 78, 175, 99, 179, 40, 72, 195, 32, 92, 50, 89, 198,
       64, 46, 26, 90, 221, 45, 173, 174, 133, 116, 161, 243, 218, 0,
       214, 217, 111, 190, 46, 195, 95, 249, 132, 244, 150, 171, 119,
       247, 171, 67, 54, 245, 125, 230, 104, 65, 43, 61, 242, 227, 109,
       147, 52, 178, 181, 115, 87, 64, 215, 69, 2, 10, 62, 224, 61, 162,
       102, 130, 221, 35, 1, 215, 54, 213, 122, 238, 97, 209, 29, 76,
       150, 238, 79, 4, 38, 243, 35, 32, 25, 231, 208, 193, 179, 159,
       124, 223, 119, 61, 94, 38, 175, 227, 170, 228, 55, 10, 134, 28,
       214, 152, 37, 215, 238, 223, 54, 231, 178, 220, 137, 173, 75, 225,
       252, 234, 75, 157, 216, 8, 174, 49, 165, 137, 191, 222, 92, 242,
       78, 177, 251, 221, 206, 11, 255, 209, 223, 217, 203, 121, 22, 134,
       15, 106, 164, 176, 25, 208, 232, 233, 161, 79, 170, 57, 177, 120,
       148, 156, 72, 27, 143, 19, 66, 17, 19, 111, 202, 81, 29, 0, 63,
       124, 209, 8, 135, 161, 40, 148, 17, 184, 153, 205, 145, 175, 222,
       61, 168, 25, 166, 180, 104, 192, 193, 18, 234, 17, 50, 104, 83,
       23, 233, 151, 20, 123, 208, 8, 133, 27, 220, 180, 58, 186, 59,
       124, 82, 216, 123, 95, 165, 25, 94, 223, 107, 217, 183, 217, 204,
       115, 62, 71, 186, 243, 219, 241, 35, 127, 178, 7, 47, 67, 24, 141,
       22, 173, 157, 195, 66, 101, 164, 0, 234, 2, 99, 51, 32, 193, 104,
       166, 200, 224, 124, 169, 17, 45, 184, 225, 130, 83, 97, 10, 248,
       10, 61, 237, 241, 108, 188, 75, 199, 252, 66, 248, 184, 8, 83,
       113, 209, 50, 89, 208, 92, 122, 75, 99, 235, 56, 123, 205, 37, 60,
       119, 251, 82, 232, 68, 40, 215, 84, 74, 104, 233, 0, 234, 183,
       162, 136, 151, 167, 85, 26, 35, 245, 104, 25, 0, 103, 230, 64,
       157, 144, 87, 60, 193, 113, 71, 96, 45, 239, 153, 79, 240, 141,
       110, 190, 62, 235, 126, 76, 247, 231, 209, 244, 85, 110, 38, 28,
       211, 56, 249, 51, 46, 159, 53, 116, 218, 242, 194, 185, 11, 169,
       2, 187, 221, 213, 186, 207, 14, 81, 88, 3, 172, 222, 126, 128,
       248, 43, 147, 213, 23, 58, 154, 245, 175, 85, 159, 235, 150, 14,
       187, 206, 25, 221, 83, 255, 22, 130, 190, 247, 60, 0, 74, 198,
       125, 211, 32, 192, 118, 127, 19, 232, 243, 152, 29, 255, 244, 175,
       174, 64, 61, 130, 161, 169, 24, 207, 83, 239, 50, 66, 47, 244, 36,
       200, 90, 226, 121, 103, 176, 96, 126, 255, 30, 234, 73, 153, 45,
       127, 240, 230, 175, 128, 53, 178, 165, 57, 161, 168, 197, 213,
       213, 175, 233, 215, 87, 227, 98, 86, 113, 33, 20, 172, 125, 238,
       18, 156, 187, 254, 85, 191, 13, 142, 213, 64, 219, 200, 240, 172,
       161, 99, 106, 79, 84, 143, 227, 120, 82, 168, 117, 76, 51, 193,
