%YAML:1.0
---
descriptors: !!opencv-matrix
   rows: 190
   cols: 32
   dt: u
   data: [ 79, 91, 71, 5, 171, 42, 172, 150, 172, 88, 154, 229, 141, 34,
       147, 206, 38, 100, 125, 205, 133, 201, 133, 192, 132, 114, 107,
       198, 14, 245, 57, 85, 236, 137, 191, 251, 173, 205, 117, 167, 255,
       59, 38, 17, 254, 185, 96, 91, 193, 70, 123, 94, 114, 105, 219,
       177, 239, 251, 86, 91, 210, 88, 208, 42, 33, 189, 171, 126, 116,
       166, 111, 119, 118, 73, 124, 64, 49, 243, 176, 48, 216, 122, 18,
       136, 147, 186, 178, 47, 109, 173, 162, 136, 72, 226, 242, 185, 8,
       44, 191, 113, 173, 237, 117, 71, 255, 63, 174, 25, 190, 187, 64,
       27, 161, 51, 106, 24, 54, 105, 147, 243, 207, 223, 84, 123, 194,
       88, 135, 138, 249, 193, 95, 236, 13, 94, 71, 60, 225, 66, 166, 8,
       91, 115, 48, 243, 224, 228, 252, 106, 109, 131, 113, 141, 243,
       235, 192, 16, 42, 186, 88, 34, 226, 161, 140, 186, 141, 193, 208,
       207, 207, 53, 129, 25, 38, 248, 122, 10, 201, 194, 235, 17, 30,
       107, 218, 49, 153, 16, 85, 127, 208, 12, 222, 78, 133, 93, 15,
       191, 178, 134, 47, 180, 52, 64, 67, 212, 245, 118, 128, 97, 118,
       103, 124, 239, 225, 220, 93, 47, 228, 162, 238, 128, 12, 176, 161,
       49, 3, 236, 234, 82, 246, 145, 190, 207, 94, 115, 92, 175, 40,
       236, 246, 32, 191, 123, 147, 149, 150, 90, 174, 243, 62, 15, 191,
       235, 221, 84, 187, 222, 2, 178, 149, 187, 248, 169, 184, 143, 158,
       51, 49, 249, 140, 226, 72, 203, 207, 27, 106, 17, 50, 74, 203,
       209, 140, 146, 223, 126, 156, 8, 133, 138, 117, 101, 229, 102,
       204, 71, 207, 248, 67, 234, 189, 74, 83, 117, 217, 182, 89, 196,
       116, 238, 201, 99, 255, 56, 59, 207, 229, 60, 127, 251, 242, 240,
       252, 224, 248, 106, 252, 105, 67, 216, 87, 63, 181, 26, 83, 213,
       251, 56, 89, 216, 79, 122, 10, 103, 107, 51, 219, 205, 165, 125,
       243, 251, 118, 98, 44, 96, 146, 184, 197, 230, 178, 194, 158, 135,
       208, 19, 140, 218, 105, 200, 249, 121, 130, 17, 20, 183, 146, 194,
       153, 215, 158, 79, 149, 125, 61, 130, 76, 145, 149, 245, 169, 110,
       52, 191, 175, 153, 74, 64, 220, 119, 9, 206, 133, 87, 252, 56, 19,
       208, 91, 192, 141, 246, 127, 70, 138, 114, 137, 49, 110, 221, 179,
       222, 221, 127, 151, 236, 155, 230, 189, 11, 234, 244, 43, 39, 249,
       214, 207, 98, 108, 103, 248, 255, 255, 215, 135, 63, 211, 127,
       180, 254, 22, 207, 71, 206, 178, 194, 111, 253, 36, 0, 219, 226,
       97, 103, 176, 68, 126, 255, 15, 234, 88, 155, 13, 239, 240, 164,
       175, 129, 53, 179, 180, 41, 245, 95, 78, 175, 22, 6, 111, 252, 68,
       164, 219, 231, 115, 97, 187, 65, 126, 228, 61, 239, 232, 177, 29,
       175, 240, 42, 239, 132, 45, 187, 112, 65, 176, 195, 83, 228, 229,
       2, 70, 252, 85, 130, 242, 231, 3, 141, 60, 193, 252, 204, 38, 230,
       77, 191, 1, 162, 178, 234, 246, 6, 47, 190, 240, 25, 86, 145, 148,
       170, 139, 244, 50, 200, 175, 21, 133, 16, 204, 214, 110, 222, 226,
       19, 251, 144, 22, 1, 155, 211, 155, 244, 26, 95, 146, 7, 173, 23,
       129, 20, 21, 253, 100, 46, 233, 59, 124, 10, 115, 84, 246, 81,
       185, 237, 244, 24, 54, 45, 225, 244, 81, 78, 5, 186, 114, 0, 88,
       224, 97, 169, 19, 239, 168, 185, 246, 129, 191, 206, 30, 101, 88,
       167, 181, 232, 118, 32, 191, 107, 19, 213, 134, 186, 38, 127, 236,
       13, 191, 233, 221, 24, 151, 219, 188, 253, 247, 255, 189, 95, 223,
       248, 95, 238, 255, 10, 107, 253, 31, 245, 251, 255, 255, 227, 252,
       242, 121, 255, 251, 255, 197, 19, 199, 255, 212, 118, 128, 180,
       156, 179, 191, 233, 48, 143, 30, 123, 71, 49, 151, 249, 74, 73,
       131, 27, 191, 17, 54, 92, 75, 151, 205, 215, 127, 103, 152, 72,
       141, 131, 27, 50, 255, 113, 175, 189, 121, 82, 111, 121, 214, 253,
       94, 157, 214, 44, 167, 157, 253, 21, 143, 213, 163, 208, 219, 121,
       57, 210, 207, 132, 118, 119, 63, 77, 99, 222, 212, 214, 239, 246,
       85, 192, 222, 194, 113, 252, 181, 100, 120, 238, 23, 207, 233,
       187, 60, 239, 51, 46, 175, 128, 55, 254, 116, 228, 18, 221, 74,
       207, 146, 194, 46, 228, 52, 128, 250, 162, 121, 247, 160, 96, 122,
       255, 158, 226, 89, 155, 13, 239, 50, 166, 175, 129, 61, 178, 164,
       56, 64, 48, 153, 100, 56, 205, 83, 24, 162, 168, 166, 104, 215,
       211, 65, 48, 17, 116, 108, 120, 11, 65, 251, 24, 201, 132, 37, 60,
       96, 163, 6, 35, 248, 96, 88, 100, 73, 73, 81, 120, 98, 172, 164,
       8, 51, 17, 67, 50, 8, 212, 100, 72, 72, 111, 242, 8, 211, 201,
       101, 57, 98, 168, 78, 42, 26, 237, 37, 138, 31, 255, 202, 234,
       143, 140, 156, 139, 174, 197, 55, 132, 24, 227, 223, 255, 74, 169,
       78, 253, 169, 84, 141, 219, 55, 15, 21, 110, 121, 7, 37, 236, 188,
       47, 79, 61, 197, 172, 154, 76, 211, 97, 145, 69, 88, 164, 76, 110,
       249, 161, 113, 28, 241, 200, 225, 20, 122, 251, 208, 96, 238, 221,
       183, 222, 253, 119, 159, 236, 91, 206, 189, 26, 108, 255, 47, 229,
       249, 246, 255, 226, 125, 103, 123, 255, 191, 127, 207, 127, 147,
       127, 246, 254, 199, 254, 183, 151, 236, 228, 63, 247, 190, 251,
       218, 247, 252, 246, 200, 123, 255, 255, 255, 151, 243, 222, 251,
       227, 189, 54, 255, 194, 140, 117, 165, 253, 197, 104, 191, 255,
       109, 157, 124, 220, 239, 154, 164, 16, 254, 219, 93, 123, 193,
       121, 123, 74, 194, 103, 250, 241, 223, 219, 215, 58, 16, 113, 99,
       42, 246, 98, 254, 242, 45, 161, 82, 200, 139, 190, 177, 185, 78,
       207, 111, 27, 217, 241, 207, 242, 14, 103, 138, 208, 219, 209, 65,
       127, 209, 127, 46, 2, 248, 64, 118, 236, 15, 90, 84, 32, 225, 146,
       166, 26, 79, 27, 5, 255, 98, 212, 236, 98, 108, 103, 183, 137,
       179, 235, 64, 19, 35, 48, 110, 46, 101, 160, 185, 160, 237, 109,
       232, 75, 107, 177, 169, 25, 158, 184, 92, 56, 153, 135, 122, 29,
       22, 114, 218, 208, 157, 28, 23, 125, 192, 75, 211, 134, 47, 123,
       208, 191, 234, 137, 190, 80, 30, 198, 81, 231, 173, 204, 183, 132,
       62, 107, 135, 71, 199, 240, 94, 249, 100, 71, 47, 168, 127, 255,
       137, 209, 248, 124, 123, 100, 0, 78, 71, 23, 112, 162, 166, 24,
       19, 19, 1, 121, 1, 244, 68, 42, 105, 254, 177, 14, 241, 175, 112,
       16, 96, 177, 198, 34, 116, 160, 153, 250, 217, 109, 83, 201, 19,
       167, 165, 24, 86, 243, 72, 24, 145, 222, 73, 16, 58, 67, 202, 19,
       219, 134, 21, 127, 208, 73, 198, 34, 68, 160, 132, 177, 141, 165,
       64, 74, 198, 187, 137, 24, 198, 208, 72, 138, 201, 4, 106, 17, 26,
       99, 219, 18, 141, 150, 155, 127, 144, 107, 24, 2, 242, 248, 152,
       250, 139, 193, 20, 206, 171, 63, 160, 57, 46, 159, 65, 27, 171,
       211, 205, 210, 74, 79, 218, 177, 219, 209, 92, 123, 241, 17, 38,
       11, 77, 113, 25, 97, 96, 78, 113, 16, 40, 168, 118, 8, 158, 19, 0,
       114, 132, 20, 76, 104, 65, 208, 177, 0, 199, 249, 32, 4, 64, 162,
       70, 163, 72, 189, 158, 249, 185, 237, 52, 135, 175, 31, 174, 17,
       174, 187, 64, 26, 161, 115, 235, 16, 18, 105, 155, 243, 239, 223,
       86, 123, 210, 80, 143, 11, 125, 93, 22, 100, 116, 15, 102, 244,
       101, 170, 250, 76, 83, 113, 177, 181, 120, 228, 82, 234, 233, 179,
       25, 44, 118, 235, 229, 4, 107, 186, 122, 8, 66, 134, 26, 250, 219,
       193, 188, 239, 157, 31, 176, 187, 172, 254, 44, 89, 239, 147, 203,
       145, 54, 11, 2, 211, 187, 86, 94, 251, 144, 80, 175, 143, 137, 4,
       21, 221, 108, 46, 232, 56, 124, 58, 115, 84, 221, 49, 184, 239,
       205, 4, 50, 46, 161, 244, 91, 83, 4, 250, 114, 4, 90, 169, 105,
       160, 187, 58, 247, 249, 43, 151, 152, 87, 127, 123, 214, 247, 62,
       157, 150, 45, 175, 189, 253, 5, 175, 255, 227, 208, 211, 123, 59,
       146, 207, 204, 183, 255, 103, 255, 243, 228, 214, 199, 238, 246,
       3, 224, 120, 206, 57, 253, 245, 32, 62, 239, 22, 223, 197, 58,
       172, 250, 125, 12, 141, 168, 239, 251, 115, 249, 250, 217, 111,
       252, 47, 87, 93, 228, 173, 92, 182, 43, 126, 63, 38, 115, 238,
       245, 253, 227, 105, 227, 51, 237, 243, 251, 198, 155, 119, 60,
