%YAML:1.0
---
descriptors: !!opencv-matrix
   rows: 299
   cols: 32
   dt: u
   data: [ 73, 244, 183, 62, 45, 141, 177, 119, 255, 63, 169, 29, 190,
       185, 34, 22, 161, 35, 123, 5, 194, 109, 178, 215, 217, 254, 94,
       58, 74, 12, 131, 203, 25, 209, 54, 173, 38, 75, 119, 252, 117, 98,
       242, 43, 223, 121, 10, 100, 122, 204, 94, 227, 104, 179, 5, 223,
       240, 230, 39, 20, 127, 190, 35, 155, 27, 247, 120, 65, 243, 59,
       61, 223, 123, 189, 60, 166, 13, 14, 207, 180, 55, 95, 134, 49,
       246, 248, 37, 222, 126, 77, 53, 231, 231, 212, 143, 221, 159, 53,
       110, 160, 149, 166, 233, 83, 213, 193, 222, 23, 25, 221, 126, 105,
       121, 169, 19, 189, 185, 251, 52, 206, 91, 75, 138, 196, 175, 204,
       112, 224, 48, 19, 90, 232, 116, 143, 83, 121, 5, 8, 253, 15, 119,
       219, 34, 16, 248, 184, 5, 98, 76, 163, 88, 29, 243, 201, 33, 57,
       121, 170, 230, 147, 10, 175, 98, 154, 119, 217, 190, 230, 159, 76,
       92, 163, 168, 236, 183, 132, 175, 43, 151, 199, 230, 170, 14, 255,
       46, 86, 158, 171, 87, 142, 127, 221, 253, 82, 239, 229, 174, 42,
       73, 144, 212, 226, 246, 230, 211, 99, 177, 107, 94, 228, 61, 252,
       169, 245, 229, 138, 214, 235, 231, 144, 172, 249, 80, 113, 103,
       94, 195, 197, 98, 50, 106, 146, 57, 234, 122, 230, 25, 55, 245,
       252, 127, 220, 55, 188, 129, 146, 165, 194, 22, 238, 182, 132,
       167, 243, 96, 173, 58, 114, 230, 185, 111, 115, 184, 72, 143, 110,
       213, 175, 12, 204, 63, 140, 222, 153, 215, 161, 142, 183, 102,
       208, 151, 81, 155, 191, 87, 13, 61, 215, 46, 112, 242, 142, 125,
       95, 182, 200, 27, 172, 253, 43, 74, 220, 95, 148, 255, 221, 215,
       243, 70, 55, 216, 242, 63, 93, 7, 191, 87, 63, 239, 215, 6, 236,
       128, 147, 213, 113, 190, 207, 31, 183, 93, 19, 204, 252, 111, 140,
       249, 91, 147, 147, 54, 116, 75, 243, 45, 22, 159, 111, 150, 127,
       189, 198, 17, 142, 203, 225, 180, 171, 105, 150, 118, 115, 70, 86,
       153, 11, 112, 104, 99, 138, 27, 157, 147, 188, 53, 246, 220, 207,
       154, 68, 189, 200, 113, 168, 18, 18, 122, 225, 50, 107, 185, 87,
       45, 45, 254, 251, 143, 31, 134, 28, 46, 153, 207, 145, 24, 187, 5,
       194, 214, 212, 58, 195, 231, 192, 175, 155, 142, 155, 162, 147,
       227, 84, 188, 203, 63, 63, 86, 179, 204, 190, 124, 75, 255, 27,
       179, 145, 242, 220, 61, 243, 95, 83, 223, 199, 151, 68, 181, 195,
       139, 161, 228, 213, 207, 60, 184, 119, 123, 253, 84, 146, 136, 44,
       214, 175, 47, 47, 243, 157, 180, 120, 231, 192, 15, 123, 218, 235,
       199, 196, 223, 221, 70, 172, 191, 150, 238, 192, 183, 228, 186,
       159, 17, 59, 252, 254, 237, 43, 163, 115, 119, 19, 114, 107, 170,
       225, 125, 22, 255, 235, 132, 113, 151, 235, 2, 18, 106, 136, 110,
       145, 184, 64, 140, 76, 220, 167, 140, 140, 54, 136, 238, 137, 223,
       213, 134, 171, 118, 208, 86, 1, 186, 201, 93, 15, 125, 219, 37,
       22, 105, 204, 124, 123, 74, 88, 95, 96, 253, 110, 83, 77, 191, 48,
       94, 168, 23, 46, 137, 178, 104, 158, 86, 221, 161, 180, 93, 171,
       82, 215, 152, 113, 51, 225, 3, 200, 49, 81, 165, 76, 247, 34, 191,
       151, 64, 199, 110, 185, 223, 208, 75, 153, 241, 192, 199, 241, 42,
       195, 34, 132, 37, 251, 38, 234, 162, 158, 79, 192, 190, 236, 26,
       87, 89, 163, 104, 236, 62, 204, 255, 107, 147, 199, 198, 18, 142,
       241, 52, 54, 223, 175, 21, 127, 191, 214, 93, 95, 79, 229, 38, 14,
       110, 48, 96, 226, 222, 230, 115, 35, 145, 67, 118, 228, 60, 238,
       233, 145, 149, 46, 246, 173, 231, 128, 45, 243, 120, 25, 17, 123,
       123, 231, 54, 139, 255, 244, 108, 232, 254, 230, 63, 15, 181, 33,
       46, 229, 95, 239, 201, 171, 37, 236, 242, 169, 38, 128, 109, 179,
       99, 249, 66, 211, 207, 174, 104, 70, 111, 56, 140, 73, 95, 229,
       245, 231, 184, 66, 22, 101, 127, 239, 193, 129, 51, 109, 100, 55,
       234, 136, 28, 166, 25, 121, 114, 81, 98, 196, 109, 87, 222, 104,
       137, 236, 177, 139, 106, 220, 63, 164, 254, 177, 215, 231, 236,
       163, 20, 204, 51, 92, 137, 187, 119, 191, 126, 214, 6, 104, 18,
       147, 109, 213, 184, 200, 143, 188, 80, 3, 236, 218, 111, 133, 248,
       121, 179, 211, 70, 114, 90, 240, 29, 16, 207, 235, 20, 62, 61,
       134, 60, 12, 110, 239, 196, 34, 110, 81, 117, 3, 255, 22, 91, 107,
       48, 88, 121, 142, 55, 138, 152, 178, 29, 167, 210, 239, 226, 64,
       183, 251, 240, 128, 195, 170, 173, 159, 186, 232, 41, 3, 186, 95,
       81, 245, 164, 230, 198, 110, 167, 11, 125, 149, 179, 76, 239, 115,
       140, 54, 58, 234, 148, 64, 135, 253, 152, 113, 59, 229, 52, 221,
       249, 118, 124, 76, 126, 8, 191, 21, 147, 164, 190, 58, 149, 13,
       201, 184, 48, 143, 247, 221, 50, 160, 98, 152, 79, 249, 82, 249,
       187, 244, 187, 216, 181, 199, 171, 189, 134, 57, 44, 191, 70, 90,
       163, 119, 253, 17, 86, 73, 178, 226, 123, 117, 95, 251, 130, 116,
       167, 107, 6, 220, 26, 155, 84, 247, 186, 226, 31, 65, 94, 3, 228,
       254, 54, 196, 221, 123, 147, 145, 38, 156, 90, 255, 47, 119, 154,
       195, 148, 11, 61, 222, 3, 91, 2, 157, 51, 128, 184, 230, 190, 12,
       90, 167, 172, 142, 55, 64, 230, 107, 179, 197, 198, 152, 6, 253,
       100, 54, 154, 131, 28, 20, 41, 223, 57, 104, 107, 238, 116, 19,
       75, 80, 81, 232, 244, 234, 115, 5, 177, 48, 126, 232, 22, 238,
       201, 178, 101, 60, 114, 201, 161, 160, 119, 187, 114, 249, 43,
       253, 49, 251, 125, 157, 218, 254, 95, 121, 60, 77, 188, 220, 92,
       160, 159, 187, 215, 71, 199, 58, 122, 247, 47, 93, 25, 190, 95,
       31, 91, 223, 139, 226, 121, 233, 110, 49, 169, 223, 78, 113, 181,
       246, 157, 11, 248, 105, 126, 137, 95, 173, 131, 39, 111, 209, 86,
       201, 187, 172, 61, 152, 225, 225, 57, 121, 112, 229, 53, 95, 91,
       22, 85, 236, 126, 8, 187, 21, 147, 164, 94, 188, 150, 72, 201,
       184, 117, 158, 231, 221, 160, 177, 102, 156, 94, 121, 152, 178,
       116, 69, 11, 87, 17, 121, 113, 253, 181, 183, 79, 29, 138, 191,
       54, 21, 213, 32, 165, 229, 55, 141, 219, 219, 81, 183, 111, 132,
       15, 247, 10, 223, 102, 250, 117, 213, 191, 247, 157, 76, 220, 167,
       44, 252, 54, 164, 238, 59, 151, 199, 240, 171, 50, 255, 51, 95,
       143, 203, 87, 30, 189, 215, 124, 240, 121, 104, 217, 103, 83, 216,
       51, 180, 172, 9, 95, 87, 73, 24, 221, 221, 213, 242, 10, 67, 251,
       17, 251, 217, 5, 127, 226, 51, 6, 243, 114, 121, 150, 254, 43,
       193, 22, 76, 171, 85, 168, 41, 46, 247, 32, 84, 230, 249, 205,
       194, 11, 11, 154, 253, 179, 213, 15, 59, 146, 22, 174, 31, 33,
       189, 89, 206, 126, 203, 46, 248, 94, 224, 120, 238, 245, 213, 172,
       112, 22, 251, 22, 106, 195, 48, 238, 127, 44, 44, 37, 188, 93,
       187, 1, 177, 82, 92, 127, 252, 98, 224, 191, 118, 173, 130, 222,
       230, 60, 159, 161, 96, 230, 123, 191, 195, 192, 137, 50, 237, 242,
       241, 122, 139, 44, 49, 37, 187, 154, 12, 110, 255, 195, 240, 236,
       71, 181, 70, 86, 147, 185, 175, 183, 237, 110, 171, 151, 141, 176,
       156, 36, 234, 198, 107, 218, 129, 167, 212, 189, 232, 61, 94, 249,
       105, 214, 35, 207, 216, 87, 98, 120, 198, 83, 201, 121, 104, 127,
       200, 23, 254, 203, 182, 93, 146, 115, 205, 165, 108, 253, 251,
       112, 176, 95, 29, 191, 244, 243, 214, 61, 243, 185, 202, 126, 103,
       60, 191, 37, 119, 167, 127, 151, 1, 225, 219, 48, 232, 243, 255,
       110, 130, 171, 116, 33, 123, 27, 16, 36, 171, 47, 253, 184, 80, 4,
       76, 223, 167, 189, 12, 154, 200, 238, 9, 223, 197, 142, 176, 119,
       145, 198, 193, 186, 193, 63, 15, 61, 219, 183, 76, 107, 156, 84,
       134, 207, 240, 149, 192, 218, 199, 49, 207, 181, 101, 124, 233,
       23, 239, 233, 135, 52, 238, 48, 46, 170, 136, 61, 191, 112, 248,
       66, 249, 187, 242, 251, 192, 177, 230, 187, 157, 172, 41, 44, 159,
       70, 18, 163, 123, 253, 81, 82, 75, 178, 227, 123, 85, 30, 107,
       130, 20, 167, 123, 165, 123, 233, 205, 238, 19, 239, 125, 82, 226,
       93, 238, 81, 189, 213, 44, 127, 92, 55, 239, 193, 118, 239, 202,
