%YAML:1.0
---
descriptors: !!opencv-matrix
   rows: 179
   cols: 32
   dt: u
   data: [ 40, 57, 58, 245, 113, 221, 117, 87, 169, 77, 116, 25, 174,
       159, 6, 48, 132, 187, 221, 0, 8, 185, 48, 236, 199, 217, 16, 19,
       66, 4, 199, 251, 67, 249, 161, 19, 186, 209, 63, 167, 254, 253,
       142, 164, 172, 174, 214, 230, 167, 87, 253, 215, 199, 73, 191,
       245, 188, 30, 159, 250, 140, 23, 191, 93, 162, 236, 126, 90, 73,
       197, 158, 230, 159, 22, 160, 17, 40, 222, 46, 17, 201, 51, 195,
       192, 102, 15, 26, 255, 51, 154, 218, 59, 81, 24, 102, 142, 49, 0,
       236, 77, 22, 30, 233, 58, 84, 226, 246, 134, 81, 45, 151, 100,
       126, 140, 50, 172, 185, 252, 117, 94, 95, 47, 179, 192, 125, 168,
       120, 120, 82, 157, 31, 254, 147, 192, 55, 103, 173, 69, 79, 3,
       124, 247, 40, 80, 162, 51, 187, 0, 80, 137, 50, 109, 249, 161, 10,
       75, 48, 2, 165, 122, 71, 255, 33, 154, 186, 157, 191, 186, 170,
       120, 156, 236, 188, 246, 211, 36, 167, 123, 255, 215, 195, 73,
       174, 117, 188, 20, 47, 190, 28, 21, 11, 245, 29, 190, 255, 199,
       180, 246, 255, 183, 118, 235, 94, 102, 121, 63, 152, 96, 101, 86,
       61, 218, 243, 248, 45, 239, 110, 239, 183, 196, 175, 211, 240, 57,
       138, 248, 50, 154, 91, 213, 178, 194, 159, 81, 96, 3, 44, 222,
       103, 132, 239, 123, 147, 209, 39, 15, 26, 255, 31, 22, 26, 43, 26,
       5, 45, 223, 145, 67, 94, 255, 38, 2, 110, 112, 237, 2, 215, 242,
       121, 67, 184, 227, 98, 229, 44, 234, 237, 213, 13, 237, 176, 234,
       234, 129, 45, 179, 121, 8, 88, 249, 26, 170, 27, 205, 82, 192,
       175, 4, 168, 41, 46, 215, 98, 80, 162, 177, 205, 210, 74, 11, 154,
       241, 147, 213, 10, 123, 114, 3, 47, 90, 222, 4, 135, 244, 165,
       230, 108, 99, 185, 130, 195, 16, 205, 243, 33, 223, 209, 245, 185,
       58, 57, 199, 144, 138, 153, 243, 223, 69, 130, 97, 120, 34, 191,
       92, 237, 87, 198, 87, 159, 184, 19, 230, 247, 190, 91, 125, 159,
       41, 95, 220, 183, 238, 237, 246, 125, 190, 115, 111, 229, 148,
       127, 255, 84, 241, 25, 157, 91, 110, 211, 132, 119, 119, 225, 72,
       110, 68, 63, 179, 32, 112, 246, 187, 134, 136, 211, 155, 48, 111,
       243, 237, 34, 10, 107, 194, 171, 171, 63, 243, 19, 190, 123, 141,
       30, 232, 143, 200, 248, 237, 239, 198, 43, 148, 150, 249, 207,
       103, 79, 3, 74, 189, 176, 208, 13, 186, 24, 63, 11, 85, 1, 153,
       63, 108, 11, 207, 53, 119, 173, 77, 110, 12, 190, 183, 34, 50,
       166, 51, 106, 4, 81, 185, 50, 109, 243, 255, 82, 2, 72, 0, 167,
       251, 237, 101, 185, 109, 184, 47, 71, 154, 18, 170, 41, 24, 215,
       119, 65, 57, 157, 92, 125, 110, 41, 112, 249, 30, 229, 223, 5, 52,
       208, 251, 66, 32, 90, 174, 134, 181, 130, 58, 184, 150, 168, 215,
       26, 247, 141, 46, 66, 202, 39, 71, 237, 149, 20, 221, 135, 226,
       220, 103, 126, 197, 172, 116, 169, 91, 40, 251, 152, 228, 109,
       159, 84, 214, 43, 184, 188, 77, 159, 57, 67, 146, 204, 233, 205,
       20, 204, 42, 211, 152, 235, 221, 117, 61, 74, 252, 74, 155, 128,
       138, 190, 249, 176, 174, 249, 23, 254, 23, 98, 149, 183, 47, 32,
       75, 197, 51, 106, 24, 50, 252, 19, 87, 205, 183, 82, 64, 192, 128,
       133, 42, 130, 216, 50, 155, 109, 205, 184, 198, 158, 29, 80, 5,
       172, 158, 55, 73, 199, 59, 179, 65, 198, 188, 18, 245, 5, 24, 26,
       171, 16, 28, 5, 219, 189, 201, 238, 247, 228, 28, 111, 212, 113,
       246, 183, 230, 123, 105, 219, 59, 111, 228, 52, 206, 233, 244,
       189, 170, 246, 251, 229, 132, 111, 251, 240, 249, 71, 249, 33, 30,
       58, 217, 63, 160, 175, 124, 145, 173, 236, 206, 215, 118, 166,
       123, 253, 199, 199, 65, 238, 125, 188, 20, 47, 186, 28, 23, 7,
       125, 100, 69, 155, 103, 140, 79, 71, 168, 96, 160, 170, 8, 215,
       113, 9, 18, 144, 212, 108, 106, 72, 240, 217, 42, 229, 240, 101,
       20, 64, 123, 70, 34, 80, 153, 191, 110, 2, 200, 55, 103, 172, 1,
       238, 32, 62, 183, 32, 114, 162, 243, 123, 64, 82, 153, 50, 101,
       243, 173, 54, 3, 96, 2, 167, 123, 7, 252, 237, 95, 206, 23, 239,
       188, 86, 242, 84, 134, 121, 124, 223, 47, 63, 222, 51, 239, 225,
       246, 255, 255, 111, 43, 253, 172, 127, 253, 241, 252, 213, 70, 94,
       254, 38, 18, 108, 120, 253, 18, 211, 242, 93, 226, 185, 235, 118,
       197, 60, 234, 237, 197, 15, 207, 178, 171, 234, 128, 37, 241, 169,
       5, 56, 249, 91, 234, 19, 197, 83, 96, 161, 0, 237, 9, 63, 223, 33,
       16, 186, 185, 197, 194, 74, 35, 26, 191, 243, 197, 0, 59, 114, 3,
       38, 26, 49, 0, 237, 77, 20, 71, 233, 122, 86, 229, 214, 2, 113,
       13, 148, 101, 120, 140, 55, 173, 137, 250, 117, 221, 93, 46, 179,
       132, 119, 168, 112, 108, 218, 214, 237, 183, 42, 114, 29, 55, 172,
       255, 151, 247, 205, 47, 146, 75, 103, 213, 253, 165, 173, 205,
       237, 199, 214, 227, 251, 149, 166, 228, 133, 91, 82, 184, 51, 254,
       17, 205, 49, 103, 173, 13, 96, 25, 190, 159, 36, 80, 160, 59, 89,
       0, 82, 143, 50, 197, 209, 208, 26, 10, 64, 0, 135, 122, 94, 184,
       246, 184, 219, 192, 56, 66, 167, 149, 196, 163, 44, 223, 98, 82,
       226, 185, 251, 208, 22, 75, 146, 245, 91, 245, 139, 75, 183, 5,
       47, 210, 23, 141, 239, 151, 134, 114, 173, 166, 124, 215, 95, 146,
       249, 46, 159, 235, 99, 231, 59, 143, 181, 216, 45, 224, 76, 47,
       254, 192, 165, 245, 181, 124, 50, 255, 84, 155, 115, 155, 190,
       236, 143, 52, 116, 175, 44, 142, 174, 149, 238, 219, 131, 101, 82,
       63, 8, 253, 62, 16, 28, 251, 95, 142, 141, 221, 82, 78, 198, 188,
       2, 144, 62, 102, 173, 134, 218, 231, 109, 238, 167, 78, 102, 247,
       173, 197, 68, 195, 134, 235, 176, 231, 254, 139, 37, 244, 45, 93,
       199, 169, 239, 183, 162, 160, 47, 164, 190, 245, 3, 215, 253, 238,
       218, 107, 39, 103, 125, 215, 183, 216, 191, 225, 140, 50, 223,
       192, 172, 231, 161, 84, 160, 203, 45, 255, 188, 137, 79, 189, 86,
       29, 212, 96, 247, 101, 152, 97, 94, 106, 44, 78, 250, 40, 107, 63,
       236, 187, 244, 144, 20, 154, 212, 104, 51, 97, 99, 76, 62, 211,
       203, 121, 199, 224, 208, 230, 114, 204, 181, 228, 94, 172, 94,
       237, 201, 163, 101, 157, 48, 44, 131, 148, 93, 174, 112, 125, 188,
       108, 222, 87, 101, 107, 103, 208, 241, 154, 54, 24, 123, 81, 133,
       63, 59, 240, 70, 106, 32, 245, 40, 106, 87, 139, 101, 1, 227, 249,
       106, 162, 213, 124, 159, 181, 129, 14, 103, 182, 184, 226, 42, 12,
       214, 51, 65, 91, 177, 102, 104, 124, 97, 253, 145, 42, 233, 134,
       85, 16, 168, 112, 67, 58, 2, 248, 186, 155, 219, 213, 179, 239,
       63, 21, 68, 23, 172, 222, 110, 68, 231, 91, 179, 145, 118, 30, 58,
       247, 45, 22, 30, 107, 152, 20, 173, 223, 32, 176, 185, 90, 107,
       249, 177, 74, 219, 31, 117, 57, 140, 220, 76, 11, 137, 27, 194,
       17, 18, 110, 250, 241, 79, 16, 82, 107, 209, 9, 71, 247, 214, 18,
       251, 245, 162, 98, 57, 83, 62, 207, 87, 247, 93, 239, 171, 106,
       119, 221, 191, 129, 176, 212, 165, 194, 214, 167, 251, 132, 165,
       225, 37, 113, 47, 98, 226, 12, 103, 19, 246, 72, 95, 238, 252,
       239, 72, 200, 183, 172, 254, 233, 150, 231, 196, 183, 6, 218, 54,
       28, 139, 171, 95, 63, 122, 197, 184, 249, 91, 106, 82, 205, 83,
       244, 49, 8, 100, 8, 55, 215, 40, 16, 180, 185, 4, 66, 75, 59, 24,
       63, 243, 205, 32, 41, 112, 3, 102, 187, 51, 64, 231, 77, 124, 83,
       201, 13, 71, 233, 210, 66, 145, 28, 180, 236, 88, 140, 62, 237,
       137, 250, 231, 157, 5, 58, 235, 132, 23, 136, 116, 236, 180, 110,
       194, 163, 84, 43, 226, 206, 93, 163, 250, 90, 3, 40, 101, 144,
       249, 203, 14, 243, 40, 183, 73, 238, 184, 132, 135, 53, 233, 91,
       122, 138, 82, 164, 150, 212, 143, 182, 52, 199, 249, 155, 194, 18,
       12, 178, 100, 207, 225, 247, 234, 144, 60, 203, 146, 192, 187,
       178, 94, 79, 128, 112, 173, 14, 56, 143, 108, 47, 84, 59, 238,
       248, 85, 38, 253, 143, 99, 104, 59, 1, 121, 202, 195, 239, 236,
       242, 77, 189, 118, 75, 193, 37, 119, 255, 126, 204, 32, 33, 120,
       65, 236, 77, 225, 87, 76, 45, 255, 2, 146, 17, 214, 36, 72, 28,
