%YAML:1.0
---
descriptors: !!opencv-matrix
   rows: 164
   cols: 32
   dt: u
   data: [ 186, 183, 183, 170, 249, 117, 148, 125, 31, 127, 253, 189, 78,
       255, 46, 29, 221, 155, 247, 36, 190, 103, 74, 151, 251, 247, 84,
       255, 211, 78, 166, 211, 61, 93, 55, 236, 53, 215, 86, 56, 197,
       200, 235, 64, 255, 249, 33, 224, 216, 112, 28, 106, 201, 163, 120,
       159, 227, 255, 37, 16, 90, 170, 112, 35, 166, 77, 150, 252, 189,
       171, 150, 238, 223, 130, 248, 25, 206, 249, 37, 193, 195, 127,
       111, 1, 52, 239, 66, 191, 170, 254, 87, 27, 214, 253, 201, 143,
       198, 165, 145, 190, 254, 161, 190, 169, 187, 147, 25, 154, 236,
       234, 92, 66, 151, 123, 123, 147, 114, 69, 138, 211, 140, 54, 143,
       238, 148, 98, 131, 0, 196, 172, 148, 147, 213, 160, 38, 135, 122,
       51, 75, 18, 228, 98, 72, 74, 225, 207, 42, 147, 118, 220, 203,
       227, 189, 38, 222, 67, 128, 66, 169, 142, 2, 187, 25, 187, 250,
       137, 180, 239, 142, 5, 72, 107, 164, 191, 96, 64, 199, 59, 3, 1,
       18, 26, 202, 245, 173, 20, 30, 107, 144, 10, 165, 139, 124, 117,
       25, 238, 185, 79, 86, 248, 55, 168, 169, 73, 223, 127, 73, 81,
       157, 221, 93, 98, 105, 99, 219, 58, 243, 255, 101, 62, 122, 123,
       70, 51, 198, 172, 245, 222, 190, 161, 186, 136, 158, 146, 25, 146,
       236, 234, 93, 10, 183, 119, 123, 211, 178, 101, 142, 243, 12, 30,
       207, 252, 149, 99, 17, 0, 128, 164, 29, 187, 236, 137, 173, 175,
       30, 59, 80, 112, 180, 179, 232, 137, 207, 27, 35, 17, 51, 94, 75,
       211, 76, 18, 126, 236, 152, 72, 129, 169, 139, 55, 108, 237, 62,
       155, 123, 56, 169, 204, 84, 230, 249, 223, 151, 39, 22, 113, 245,
       239, 225, 64, 166, 157, 102, 251, 233, 168, 63, 166, 13, 241, 126,
       38, 212, 245, 215, 122, 232, 2, 121, 135, 58, 90, 207, 106, 85,
       158, 187, 237, 228, 153, 41, 240, 149, 202, 142, 255, 91, 1, 239,
       245, 91, 132, 56, 13, 103, 238, 21, 211, 70, 237, 197, 132, 250,
       3, 99, 232, 52, 196, 248, 230, 140, 227, 108, 171, 5, 189, 179,
       229, 134, 19, 115, 62, 252, 14, 124, 105, 18, 236, 121, 222, 86,
       224, 169, 140, 236, 9, 79, 219, 41, 212, 250, 241, 205, 98, 76, 3,
       154, 172, 251, 253, 5, 63, 98, 55, 102, 67, 85, 93, 127, 228, 246,
       14, 110, 240, 189, 130, 122, 66, 125, 243, 49, 114, 118, 119, 59,
       234, 225, 153, 16, 236, 247, 191, 79, 0, 8, 242, 97, 168, 34, 173,
       17, 170, 217, 137, 182, 239, 30, 1, 104, 75, 164, 251, 108, 0,
       201, 27, 3, 17, 82, 26, 74, 245, 189, 20, 30, 123, 144, 10, 135,
       138, 220, 66, 218, 167, 34, 10, 111, 24, 32, 166, 195, 129, 215,
       35, 89, 90, 114, 197, 109, 239, 72, 215, 205, 8, 212, 227, 111, 4,
       36, 243, 35, 0, 197, 7, 204, 17, 172, 42, 108, 41, 120, 183, 131,
       153, 195, 32, 222, 91, 19, 132, 108, 60, 188, 212, 205, 0, 204,
       186, 117, 212, 132, 224, 208, 68, 128, 201, 23, 187, 24, 137, 38,
       229, 190, 17, 192, 80, 164, 195, 32, 65, 194, 59, 10, 64, 115,
       137, 66, 125, 172, 160, 14, 42, 24, 24, 161, 168, 202, 172, 188,
       58, 169, 253, 20, 143, 187, 63, 164, 25, 174, 239, 66, 27, 135,
       115, 233, 16, 54, 77, 218, 113, 203, 211, 93, 123, 210, 68, 143,
       11, 93, 111, 68, 71, 176, 11, 110, 184, 118, 170, 110, 228, 211,
       97, 153, 112, 50, 76, 36, 238, 233, 208, 205, 46, 110, 239, 101,
       132, 110, 179, 64, 1, 113, 240, 138, 101, 29, 15, 231, 236, 118,
       232, 162, 12, 82, 153, 88, 1, 185, 204, 106, 110, 109, 127, 153,
       29, 249, 141, 5, 52, 73, 56, 210, 26, 240, 72, 207, 180, 76, 8,
       109, 132, 233, 146, 178, 90, 123, 99, 1, 91, 106, 229, 108, 234,
       105, 71, 195, 232, 212, 162, 254, 24, 37, 113, 114, 40, 182, 20,
       238, 222, 166, 226, 239, 113, 213, 194, 215, 246, 113, 253, 189,
       107, 126, 244, 55, 170, 185, 167, 52, 206, 82, 47, 226, 128, 175,
       234, 112, 49, 77, 49, 145, 225, 240, 46, 104, 27, 58, 187, 107,
       80, 221, 51, 72, 250, 183, 31, 124, 24, 19, 216, 217, 66, 205,
       255, 119, 100, 136, 224, 131, 161, 120, 133, 125, 101, 157, 106,
       87, 175, 97, 55, 174, 24, 211, 53, 8, 50, 9, 214, 76, 40, 120, 42,
       233, 31, 251, 255, 5, 117, 227, 194, 198, 42, 6, 160, 16, 131,
       221, 109, 176, 73, 30, 53, 177, 27, 204, 56, 72, 136, 187, 27,
       234, 177, 18, 114, 219, 212, 29, 22, 31, 111, 144, 10, 141, 134,
       120, 157, 63, 126, 153, 230, 87, 183, 196, 76, 238, 0, 243, 119,
       32, 112, 197, 178, 93, 8, 59, 137, 121, 63, 227, 239, 32, 16, 178,
       202, 196, 123, 52, 238, 196, 175, 220, 15, 198, 168, 83, 187, 185,
       79, 67, 105, 77, 150, 89, 198, 100, 114, 78, 98, 79, 179, 172,
       222, 197, 52, 249, 251, 208, 4, 157, 241, 123, 234, 190, 7, 79,
       216, 22, 88, 149, 246, 85, 215, 249, 105, 127, 201, 31, 254, 251,
       71, 62, 242, 248, 201, 175, 252, 189, 179, 33, 113, 53, 96, 252,
       232, 142, 5, 79, 216, 70, 18, 181, 74, 83, 211, 249, 42, 123, 216,
       63, 250, 203, 103, 63, 177, 243, 203, 231, 60, 253, 251, 104, 160,
       124, 117, 29, 228, 184, 15, 94, 184, 51, 168, 184, 104, 223, 115,
       73, 16, 149, 221, 125, 106, 105, 66, 217, 62, 255, 223, 37, 188,
       72, 241, 66, 3, 76, 171, 145, 251, 184, 140, 79, 191, 255, 13,
       174, 0, 255, 243, 193, 118, 129, 246, 108, 88, 27, 73, 235, 113,
       169, 244, 39, 88, 130, 179, 135, 33, 54, 181, 182, 168, 251, 39,
       156, 107, 159, 123, 241, 185, 78, 255, 108, 21, 223, 31, 247, 53,
       122, 67, 74, 215, 186, 94, 93, 254, 210, 76, 162, 215, 85, 101,
       59, 102, 52, 15, 99, 56, 111, 232, 175, 8, 247, 82, 141, 53, 144,
       108, 76, 106, 201, 177, 248, 60, 177, 184, 3, 50, 64, 51, 67, 101,
       108, 50, 214, 245, 85, 88, 120, 24, 107, 253, 182, 79, 139, 139,
       87, 158, 58, 173, 236, 144, 15, 240, 215, 192, 142, 217, 163, 131,
       239, 164, 126, 150, 242, 184, 174, 244, 143, 252, 145, 23, 187,
       95, 150, 63, 170, 189, 86, 42, 237, 247, 253, 129, 190, 111, 242,
       227, 211, 119, 216, 251, 207, 76, 150, 95, 155, 113, 117, 236, 46,
       18, 93, 57, 139, 240, 116, 231, 223, 223, 148, 51, 134, 181, 181,
       239, 201, 100, 166, 217, 194, 251, 233, 174, 63, 164, 65, 113,
       203, 83, 127, 108, 42, 23, 93, 63, 133, 108, 94, 237, 221, 157,
       182, 103, 134, 21, 253, 109, 197, 131, 37, 140, 66, 249, 104, 154,
       62, 164, 6, 115, 26, 112, 124, 237, 47, 214, 89, 24, 139, 220,
       118, 163, 223, 223, 214, 114, 166, 189, 181, 205, 200, 212, 183,
       209, 195, 249, 169, 135, 55, 132, 69, 115, 242, 79, 102, 172, 21,
       67, 70, 236, 197, 4, 250, 3, 98, 104, 52, 69, 248, 228, 76, 227,
       108, 171, 5, 237, 177, 160, 134, 19, 117, 62, 244, 78, 111, 212,
       252, 90, 219, 189, 16, 207, 207, 23, 173, 31, 10, 218, 46, 254,
       193, 131, 202, 20, 190, 47, 126, 247, 27, 95, 16, 127, 211, 12,
       200, 71, 88, 168, 188, 114, 169, 253, 21, 143, 171, 63, 164, 25,
       174, 183, 66, 27, 131, 211, 237, 16, 26, 73, 202, 113, 219, 211,
       93, 127, 210, 68, 143, 75, 13, 164, 221, 241, 236, 169, 233, 27,
       238, 51, 53, 216, 157, 227, 216, 42, 35, 15, 110, 28, 51, 124,
       239, 211, 204, 219, 119, 100, 220, 200, 195, 161, 96, 156, 153,
       254, 25, 205, 18, 3, 143, 73, 168, 8, 190, 215, 96, 112, 197, 59,
       232, 0, 3, 11, 218, 51, 163, 245, 0, 59, 152, 10, 15, 27, 125, 71,
       68, 71, 48, 30, 78, 184, 117, 170, 254, 228, 83, 96, 157, 244, 22,
       204, 108, 110, 233, 240, 109, 14, 166, 239, 37, 148, 111, 243, 90,
       5, 246, 80, 214, 140, 77, 70, 86, 72, 169, 142, 242, 11, 78, 254,
       39, 223, 248, 245, 237, 227, 76, 103, 146, 202, 145, 178, 207, 27,
       1, 127, 126, 70, 53, 22, 239, 204, 166, 98, 237, 121, 213, 203,
       223, 246, 81, 253, 188, 107, 126, 244, 55, 170, 185, 167, 44, 138,
       114, 175, 231, 196, 189, 234, 240, 241, 93, 53, 147, 225, 178, 46,
       44, 31, 58, 179, 107, 80, 221, 51, 72, 252, 183, 31, 60, 152, 19,
       216, 145, 194, 141, 230, 63, 68, 170, 224, 163, 161, 248, 121,
