%YAML:1.0
---
descriptors: !!opencv-matrix
   rows: 287
   cols: 32
   dt: u
   data: [ 120, 184, 187, 122, 175, 253, 145, 71, 255, 83, 188, 24, 190,
       191, 98, 56, 171, 187, 229, 17, 27, 107, 178, 178, 219, 215, 22,
       123, 211, 72, 199, 251, 57, 188, 185, 240, 189, 237, 81, 215, 223,
       115, 172, 24, 158, 189, 64, 40, 137, 187, 125, 17, 27, 43, 242,
       179, 219, 223, 17, 122, 218, 73, 197, 122, 59, 221, 123, 238, 85,
       150, 207, 244, 101, 200, 252, 68, 59, 15, 54, 240, 220, 243, 87,
       238, 201, 171, 112, 237, 243, 253, 134, 8, 91, 150, 226, 248, 60,
       120, 112, 238, 101, 221, 82, 80, 3, 78, 245, 9, 63, 223, 99, 152,
       220, 185, 149, 194, 78, 38, 216, 187, 211, 213, 33, 59, 123, 63,
       14, 19, 191, 135, 100, 69, 223, 19, 206, 248, 81, 250, 157, 238,
       73, 104, 151, 167, 127, 196, 222, 239, 253, 195, 109, 206, 58, 74,
       237, 180, 47, 255, 122, 148, 134, 189, 49, 219, 246, 199, 170,
       236, 31, 233, 89, 119, 228, 124, 60, 128, 255, 123, 19, 243, 179,
       184, 89, 255, 45, 22, 143, 194, 213, 11, 177, 191, 43, 182, 240,
       77, 127, 95, 251, 91, 91, 233, 116, 62, 8, 156, 214, 180, 254,
       136, 214, 156, 183, 62, 244, 207, 46, 93, 145, 239, 223, 172, 90,
       253, 155, 12, 239, 191, 66, 114, 173, 87, 181, 194, 86, 151, 57,
       47, 183, 75, 110, 179, 147, 141, 169, 222, 52, 234, 214, 107, 218,
       128, 167, 244, 49, 248, 126, 229, 128, 162, 185, 121, 30, 172, 11,
       245, 153, 189, 207, 74, 74, 146, 219, 221, 237, 247, 30, 67, 207,
       181, 186, 215, 173, 255, 190, 31, 154, 87, 131, 157, 30, 155, 190,
       134, 174, 175, 156, 26, 218, 114, 244, 122, 36, 64, 199, 115, 59,
       227, 245, 141, 73, 127, 44, 38, 175, 194, 28, 10, 169, 141, 250,
       249, 16, 178, 41, 221, 16, 228, 171, 124, 176, 41, 143, 158, 66,
       151, 196, 245, 253, 83, 78, 75, 242, 181, 187, 209, 142, 255, 2,
       28, 15, 95, 0, 25, 59, 216, 50, 197, 177, 71, 142, 13, 88, 102,
       180, 158, 164, 96, 230, 59, 23, 144, 18, 136, 32, 119, 77, 132,
       58, 202, 152, 0, 37, 251, 191, 255, 227, 150, 246, 114, 175, 252,
       49, 206, 93, 246, 105, 236, 255, 173, 127, 251, 151, 227, 245,
       215, 172, 238, 58, 71, 239, 174, 175, 247, 255, 245, 26, 18, 166,
       189, 43, 82, 56, 91, 165, 222, 214, 183, 237, 239, 35, 203, 102,
       253, 189, 161, 44, 205, 163, 200, 211, 243, 250, 131, 166, 228,
       45, 91, 125, 87, 121, 70, 236, 87, 78, 248, 65, 234, 253, 110, 91,
       124, 159, 182, 94, 196, 180, 238, 205, 50, 255, 170, 50, 249, 229,
       189, 127, 255, 216, 245, 6, 53, 35, 170, 252, 229, 187, 216, 76,
       73, 89, 103, 208, 220, 125, 32, 252, 25, 23, 119, 151, 35, 126,
       212, 93, 28, 170, 238, 221, 15, 117, 247, 218, 122, 58, 240, 42,
       228, 185, 18, 187, 30, 150, 185, 172, 143, 66, 25, 167, 149, 253,
       145, 138, 79, 162, 209, 209, 241, 186, 251, 4, 5, 39, 123, 221,
       225, 74, 50, 240, 134, 123, 21, 51, 233, 167, 29, 87, 215, 74, 80,
       177, 237, 125, 220, 123, 222, 137, 46, 250, 201, 165, 225, 168,
       130, 170, 91, 100, 4, 250, 204, 212, 102, 235, 83, 212, 135, 254,
       18, 16, 187, 189, 104, 121, 220, 50, 184, 16, 187, 176, 226, 87,
       47, 178, 76, 245, 233, 244, 162, 105, 113, 49, 109, 77, 77, 65,
       31, 227, 236, 164, 8, 146, 151, 65, 54, 128, 20, 121, 120, 73, 42,
       243, 24, 199, 248, 1, 60, 90, 0, 66, 122, 166, 242, 213, 145, 254,
       173, 169, 223, 158, 181, 177, 254, 157, 199, 201, 138, 111, 209,
       207, 145, 51, 102, 94, 208, 220, 144, 191, 252, 221, 217, 131,
       177, 43, 66, 232, 41, 45, 49, 248, 10, 79, 78, 189, 167, 137, 8,
       223, 140, 254, 137, 255, 133, 142, 38, 103, 209, 70, 93, 170, 191,
       215, 239, 93, 199, 50, 219, 187, 172, 125, 193, 144, 199, 139, 77,
       216, 43, 44, 157, 166, 2, 204, 179, 255, 209, 74, 11, 194, 241,
       251, 117, 190, 251, 21, 28, 55, 219, 90, 153, 182, 254, 59, 246,
       185, 234, 142, 93, 222, 35, 252, 191, 35, 194, 230, 55, 191, 129,
       4, 139, 59, 253, 211, 247, 250, 131, 22, 7, 45, 123, 117, 249,
       168, 164, 188, 79, 93, 159, 2, 252, 140, 13, 151, 172, 83, 18,
       129, 204, 125, 125, 207, 75, 243, 16, 249, 1, 173, 252, 136, 60,
       154, 82, 188, 76, 122, 238, 84, 215, 203, 240, 212, 128, 246, 2,
       115, 221, 177, 96, 120, 248, 23, 234, 232, 183, 60, 191, 115, 237,
       162, 128, 55, 187, 124, 168, 149, 133, 207, 187, 148, 162, 111,
       197, 52, 3, 195, 146, 89, 226, 56, 104, 125, 206, 42, 156, 59,
       211, 61, 230, 217, 175, 158, 68, 165, 217, 240, 0, 57, 141, 218,
       79, 246, 146, 238, 103, 118, 65, 124, 230, 57, 248, 190, 224, 126,
       170, 18, 140, 215, 186, 52, 255, 54, 109, 150, 64, 127, 138, 234,
       140, 35, 137, 100, 155, 21, 147, 134, 233, 93, 64, 81, 2, 224, 72,
       190, 229, 216, 43, 146, 103, 247, 184, 108, 253, 36, 24, 138, 195,
       93, 15, 121, 204, 41, 18, 109, 65, 118, 187, 233, 87, 77, 121,
       118, 246, 145, 13, 148, 40, 110, 172, 22, 156, 151, 188, 101, 212,
       70, 91, 242, 192, 255, 136, 112, 189, 251, 82, 102, 68, 117, 95,
       222, 88, 89, 238, 182, 175, 74, 12, 183, 255, 254, 196, 223, 239,
       236, 167, 117, 200, 51, 120, 192, 147, 119, 189, 118, 95, 33, 22,
       105, 204, 108, 43, 77, 91, 93, 234, 252, 110, 83, 9, 181, 48, 220,
       136, 6, 44, 137, 38, 96, 158, 86, 159, 161, 188, 61, 234, 82, 241,
       25, 199, 106, 239, 52, 14, 239, 56, 100, 64, 250, 70, 243, 104,
       186, 96, 122, 204, 30, 239, 205, 184, 69, 47, 228, 173, 162, 128,
       109, 162, 225, 128, 166, 248, 146, 155, 109, 199, 184, 232, 31,
       188, 80, 3, 204, 220, 123, 13, 254, 121, 179, 211, 2, 114, 74,
       241, 13, 16, 207, 239, 22, 47, 61, 131, 37, 113, 51, 71, 244, 79,
       99, 56, 113, 232, 127, 104, 210, 85, 153, 52, 220, 76, 86, 122,
       201, 176, 249, 12, 103, 156, 37, 196, 202, 187, 82, 177, 42, 179,
       160, 58, 253, 209, 152, 79, 11, 93, 29, 169, 172, 140, 94, 128,
       143, 27, 215, 21, 150, 106, 226, 213, 15, 85, 30, 251, 215, 14,
       159, 223, 101, 115, 241, 69, 54, 15, 135, 56, 104, 228, 43, 204,
       215, 45, 209, 6, 30, 244, 104, 111, 201, 240, 221, 8, 36, 12, 5,
       48, 110, 187, 83, 49, 67, 155, 193, 69, 98, 24, 232, 55, 57, 97,
       124, 238, 57, 46, 148, 244, 38, 95, 183, 140, 213, 24, 165, 193,
       54, 61, 248, 168, 47, 132, 203, 189, 73, 193, 99, 69, 117, 220,
       110, 53, 101, 64, 126, 66, 59, 16, 148, 228, 122, 134, 190, 200,
       203, 184, 117, 205, 54, 124, 134, 128, 111, 142, 248, 60, 177, 79,
       107, 77, 86, 131, 239, 244, 85, 64, 254, 198, 115, 1, 181, 37,
       120, 232, 22, 238, 233, 186, 101, 63, 118, 44, 160, 128, 127, 187,
       114, 232, 189, 70, 105, 236, 86, 3, 75, 120, 85, 66, 245, 254, 83,
       9, 185, 49, 126, 136, 21, 238, 233, 182, 101, 142, 210, 233, 160,
       132, 127, 171, 114, 176, 84, 115, 121, 231, 50, 78, 127, 184, 33,
       236, 127, 96, 223, 23, 137, 112, 54, 213, 125, 234, 193, 144, 233,
       110, 247, 239, 39, 132, 32, 179, 39, 113, 84, 85, 254, 239, 20,
       70, 95, 184, 52, 228, 207, 5, 215, 119, 27, 82, 118, 213, 61, 234,
       232, 145, 249, 14, 241, 239, 103, 132, 36, 179, 37, 115, 11, 155,
       63, 251, 228, 140, 185, 21, 239, 89, 87, 116, 188, 159, 248, 105,
       230, 43, 63, 29, 211, 24, 162, 241, 206, 249, 58, 194, 22, 136,
       129, 241, 33, 22, 251, 237, 116, 43, 241, 87, 76, 105, 124, 126,
       23, 57, 164, 112, 254, 12, 23, 60, 177, 186, 96, 14, 214, 237,
       176, 176, 220, 200, 210, 249, 185, 221, 41, 236, 61, 135, 79, 253,
       69, 72, 236, 12, 243, 95, 18, 48, 220, 242, 87, 110, 201, 43, 112,
       191, 243, 253, 134, 24, 88, 26, 242, 250, 109, 95, 241, 225, 246,
       172, 107, 150, 113, 73, 126, 230, 57, 39, 209, 116, 118, 238, 23,
       92, 131, 144, 133, 232, 116, 172, 160, 128, 175, 251, 112, 185,
       39, 205, 40, 139, 29, 179, 178, 200, 78, 69, 93, 135, 224, 232,
       62, 32, 216, 75, 147, 119, 135, 48, 108, 253, 38, 28, 139, 231,
