%YAML:1.0
---
descriptors: !!opencv-matrix
   rows: 300
   cols: 32
   dt: u
   data: [ 181, 150, 225, 71, 182, 59, 175, 249, 124, 230, 187, 254, 211,
       100, 157, 165, 127, 198, 94, 174, 249, 240, 109, 142, 60, 206,
       231, 148, 231, 251, 247, 229, 208, 52, 19, 228, 0, 110, 105, 83,
       56, 42, 227, 80, 223, 23, 0, 121, 244, 149, 93, 40, 41, 151, 145,
       74, 209, 176, 98, 4, 0, 96, 39, 48, 48, 109, 74, 236, 86, 195, 71,
       101, 209, 128, 232, 10, 115, 193, 49, 80, 120, 232, 2, 106, 72,
       163, 20, 159, 113, 172, 133, 25, 117, 186, 114, 136, 61, 158, 222,
       247, 212, 54, 126, 247, 117, 47, 254, 87, 83, 41, 178, 66, 125,
       198, 38, 156, 189, 254, 17, 174, 110, 239, 244, 193, 235, 216,
       232, 155, 27, 29, 246, 252, 195, 182, 188, 119, 189, 198, 82, 151,
       45, 190, 55, 237, 231, 255, 183, 133, 244, 217, 52, 238, 55, 239,
       222, 131, 167, 116, 173, 223, 147, 187, 206, 189, 10, 150, 40, 95,
       54, 249, 82, 247, 77, 234, 178, 200, 118, 239, 191, 133, 215, 216,
       143, 221, 134, 35, 251, 192, 45, 132, 185, 157, 177, 76, 191, 254,
       20, 198, 87, 244, 244, 202, 230, 2, 243, 249, 49, 113, 216, 252,
       30, 106, 105, 171, 112, 46, 241, 175, 230, 25, 73, 56, 120, 42,
       84, 201, 190, 246, 174, 72, 63, 172, 172, 150, 143, 50, 223, 247,
       105, 106, 179, 87, 125, 211, 82, 65, 139, 224, 249, 227, 111, 75,
       164, 115, 165, 35, 81, 23, 92, 173, 178, 42, 60, 63, 60, 73, 74,
       229, 181, 34, 138, 81, 118, 63, 77, 165, 199, 152, 69, 13, 164,
       165, 62, 128, 60, 208, 169, 25, 49, 77, 99, 206, 85, 215, 207, 97,
       213, 128, 253, 2, 115, 201, 53, 164, 120, 232, 18, 235, 72, 179,
       52, 206, 51, 236, 133, 0, 119, 186, 112, 172, 207, 138, 23, 248,
       164, 244, 126, 154, 253, 27, 116, 112, 156, 219, 168, 255, 231,
       67, 30, 94, 115, 13, 42, 243, 158, 249, 122, 206, 154, 193, 161,
       33, 33, 143, 66, 72, 221, 151, 202, 255, 69, 129, 236, 78, 2, 168,
       183, 116, 88, 238, 2, 252, 156, 186, 84, 140, 62, 60, 133, 76,
       219, 174, 248, 140, 92, 104, 185, 237, 60, 90, 123, 136, 118, 237,
       247, 139, 215, 14, 211, 96, 242, 221, 238, 87, 12, 180, 237, 178,
       223, 231, 35, 81, 240, 171, 13, 96, 223, 86, 229, 191, 188, 246,
       251, 248, 31, 79, 215, 247, 253, 111, 190, 79, 255, 199, 191, 159,
       191, 199, 255, 247, 255, 123, 250, 202, 158, 133, 181, 117, 3,
       157, 27, 217, 242, 247, 184, 103, 188, 73, 74, 114, 188, 182, 36,
       96, 231, 59, 18, 144, 151, 152, 48, 127, 45, 54, 58, 194, 152, 64,
       169, 159, 64, 6, 91, 182, 198, 200, 229, 103, 60, 6, 106, 135,
       109, 227, 43, 209, 115, 43, 162, 132, 96, 156, 2, 239, 180, 167,
       222, 9, 36, 80, 165, 202, 2, 157, 11, 216, 209, 231, 187, 231,
       148, 13, 78, 3, 44, 183, 32, 68, 237, 59, 147, 145, 51, 153, 48,
       255, 57, 54, 154, 67, 144, 64, 165, 250, 38, 166, 236, 223, 205,
       63, 254, 239, 95, 183, 125, 147, 104, 105, 31, 15, 217, 206, 147,
       15, 252, 250, 111, 235, 111, 31, 213, 167, 215, 255, 220, 206,
       100, 41, 218, 206, 212, 230, 99, 80, 129, 128, 237, 2, 112, 243,
       33, 80, 88, 252, 19, 122, 26, 147, 216, 40, 119, 172, 129, 40,
       179, 171, 114, 162, 34, 178, 239, 156, 124, 215, 193, 121, 86,
       253, 86, 239, 97, 108, 150, 75, 92, 172, 35, 37, 133, 250, 231,
       29, 26, 35, 241, 149, 69, 168, 124, 221, 37, 252, 101, 83, 220,
       223, 166, 232, 94, 234, 248, 74, 210, 120, 149, 165, 185, 104, 82,
       123, 229, 240, 127, 254, 46, 30, 103, 102, 205, 59, 91, 141, 42,
       187, 218, 242, 241, 157, 248, 197, 155, 45, 252, 173, 174, 174,
       118, 144, 142, 187, 135, 145, 30, 122, 72, 253, 94, 213, 30, 251,
       215, 142, 143, 219, 120, 45, 124, 101, 206, 27, 214, 127, 65, 166,
       188, 10, 99, 57, 215, 19, 88, 246, 197, 106, 72, 106, 205, 142,
       115, 201, 229, 61, 111, 250, 218, 138, 77, 177, 184, 65, 185, 93,
       91, 155, 107, 253, 156, 8, 158, 221, 90, 178, 145, 92, 253, 124,
       146, 104, 251, 17, 111, 93, 37, 253, 210, 165, 207, 115, 198, 6,
       238, 209, 164, 58, 109, 132, 185, 151, 183, 179, 205, 46, 221, 95,
       231, 213, 255, 177, 176, 197, 165, 194, 158, 178, 223, 197, 132,
       245, 165, 116, 131, 222, 3, 152, 210, 131, 46, 238, 30, 0, 88,
       231, 228, 194, 169, 196, 127, 43, 2, 213, 103, 158, 30, 255, 188,
       54, 143, 202, 156, 26, 169, 157, 130, 168, 62, 218, 201, 217, 181,
       231, 222, 23, 228, 25, 172, 216, 38, 8, 201, 59, 226, 1, 86, 111,
       130, 247, 125, 18, 94, 123, 80, 12, 237, 142, 109, 119, 144, 69,
       116, 31, 103, 60, 121, 234, 111, 76, 211, 48, 29, 180, 152, 76,
       68, 110, 205, 176, 249, 14, 39, 253, 5, 52, 74, 186, 218, 4, 57,
       172, 224, 69, 87, 63, 79, 126, 81, 166, 252, 26, 115, 41, 148, 52,
       121, 238, 2, 172, 184, 190, 117, 174, 127, 207, 133, 48, 103, 168,
       242, 172, 93, 177, 216, 160, 188, 156, 90, 189, 43, 225, 16, 173,
       143, 158, 74, 80, 182, 205, 125, 85, 223, 9, 216, 147, 254, 213,
       39, 255, 172, 134, 139, 91, 42, 236, 55, 190, 77, 205, 180, 231,
       159, 23, 200, 25, 172, 221, 96, 132, 201, 123, 251, 1, 66, 111,
       210, 243, 157, 22, 222, 123, 18, 12, 151, 234, 66, 163, 227, 200,
       250, 241, 187, 207, 171, 5, 200, 170, 12, 238, 228, 118, 111, 159,
       251, 145, 18, 11, 174, 211, 60, 52, 143, 239, 149, 70, 167, 244,
       222, 71, 206, 191, 146, 6, 79, 57, 52, 134, 199, 199, 105, 103,
       139, 83, 118, 237, 45, 238, 232, 210, 205, 110, 248, 231, 239,
       128, 173, 246, 160, 80, 32, 134, 63, 83, 117, 255, 241, 119, 222,
       45, 127, 0, 170, 252, 180, 32, 209, 58, 2, 24, 178, 184, 32, 191,
       111, 30, 18, 65, 208, 10, 213, 173, 180, 245, 123, 202, 223, 213,
       198, 236, 193, 0, 248, 10, 98, 220, 61, 161, 120, 250, 130, 227,
       78, 35, 62, 191, 51, 72, 133, 123, 119, 123, 246, 166, 83, 235,
       233, 174, 186, 211, 158, 173, 142, 236, 158, 175, 233, 236, 222,
       98, 247, 255, 253, 213, 222, 73, 239, 189, 250, 101, 175, 253, 4,
       54, 157, 93, 105, 249, 57, 72, 57, 223, 81, 255, 67, 108, 164, 12,
       150, 20, 66, 176, 200, 144, 204, 88, 219, 43, 113, 21, 251, 149,
       5, 126, 90, 12, 94, 123, 159, 218, 103, 129, 6, 31, 238, 113, 85,
       98, 147, 246, 91, 8, 180, 229, 127, 132, 30, 111, 229, 180, 29,
       222, 54, 10, 225, 196, 127, 175, 248, 21, 2, 156, 191, 222, 203,
       228, 181, 231, 190, 31, 103, 18, 124, 247, 44, 105, 237, 123, 179,
       130, 51, 221, 58, 113, 91, 162, 82, 75, 211, 65, 165, 250, 178,
       222, 80, 190, 115, 137, 154, 104, 31, 4, 240, 239, 47, 206, 167,
       149, 174, 185, 135, 70, 110, 62, 0, 253, 178, 208, 0, 187, 127,
       13, 11, 157, 135, 218, 132, 153, 205, 55, 188, 239, 95, 242, 86,
       151, 200, 104, 119, 207, 205, 69, 187, 165, 228, 116, 79, 215, 14,
       18, 223, 199, 159, 124, 153, 158, 199, 253, 73, 164, 232, 44, 110,
       190, 165, 202, 152, 237, 245, 239, 219, 83, 127, 230, 95, 239,
       229, 3, 206, 106, 62, 62, 175, 188, 172, 243, 186, 85, 249, 217,
       61, 236, 12, 70, 77, 185, 65, 122, 166, 8, 83, 55, 16, 115, 72,
       196, 124, 234, 233, 199, 241, 13, 243, 251, 229, 20, 58, 184, 240,
       48, 112, 113, 121, 109, 57, 95, 83, 88, 97, 200, 247, 8, 95, 23,
       1, 116, 54, 188, 124, 106, 201, 163, 241, 92, 211, 249, 1, 26, 98,
       130, 102, 115, 53, 89, 35, 204, 124, 86, 199, 252, 196, 200, 240,
       102, 115, 216, 181, 228, 88, 228, 22, 106, 201, 163, 52, 172, 48,
       188, 167, 152, 93, 187, 112, 61, 48, 141, 3, 94, 93, 199, 198,
       225, 213, 0, 232, 10, 34, 217, 36, 20, 216, 250, 2, 66, 72, 171,
       26, 189, 49, 188, 0, 27, 81, 42, 118, 174, 51, 13, 99, 78, 85,
       214, 198, 97, 197, 0, 232, 2, 96, 248, 52, 228, 88, 234, 2, 235,
       92, 171, 22, 189, 51, 236, 130, 11, 115, 46, 112, 174, 186, 183,
       122, 232, 223, 149, 250, 123, 141, 12, 124, 15, 8, 221, 118, 144,
       254, 187, 151, 117, 246, 43, 18, 223, 123, 217, 5, 239, 91, 14,
