%YAML:1.0
---
descriptors: !!opencv-matrix
   rows: 238
   cols: 32
   dt: u
   data: [ 129, 235, 157, 253, 164, 9, 125, 223, 95, 91, 80, 84, 188,
       163, 225, 107, 195, 75, 38, 14, 99, 92, 171, 241, 238, 219, 118,
       170, 152, 216, 161, 169, 47, 221, 177, 222, 253, 119, 182, 252,
       215, 234, 189, 103, 232, 254, 111, 230, 253, 242, 206, 242, 237,
       103, 120, 254, 191, 87, 143, 191, 159, 127, 188, 223, 18, 207, 79,
       207, 178, 194, 111, 228, 36, 12, 218, 227, 97, 103, 176, 64, 126,
       252, 31, 238, 200, 155, 45, 237, 240, 164, 175, 129, 37, 179, 180,
       121, 63, 93, 99, 222, 212, 210, 239, 244, 213, 194, 222, 194, 113,
       252, 183, 100, 120, 238, 55, 239, 237, 179, 60, 239, 58, 46, 175,
       136, 39, 255, 240, 228, 214, 222, 150, 151, 164, 180, 190, 183,
       190, 91, 219, 246, 236, 110, 202, 78, 255, 247, 191, 151, 183,
       220, 235, 227, 188, 54, 255, 198, 140, 117, 169, 93, 193, 198,
       222, 239, 108, 41, 109, 190, 206, 19, 94, 214, 253, 195, 250, 99,
       35, 64, 42, 44, 227, 20, 175, 211, 228, 151, 118, 44, 28, 218,
       193, 168, 44, 113, 61, 97, 96, 79, 113, 56, 109, 184, 55, 72, 223,
       19, 73, 27, 180, 16, 68, 106, 129, 116, 17, 0, 199, 217, 97, 4,
       64, 161, 67, 163, 41, 191, 146, 86, 221, 157, 230, 119, 123, 169,
       124, 76, 34, 176, 70, 148, 137, 42, 194, 0, 150, 58, 210, 63, 47,
       92, 20, 59, 218, 76, 202, 143, 175, 239, 226, 154, 247, 178, 238,
       236, 29, 6, 89, 215, 104, 232, 189, 197, 127, 235, 147, 239, 246,
       214, 12, 239, 62, 126, 143, 142, 191, 255, 240, 157, 129, 4, 23,
       95, 100, 46, 232, 56, 124, 26, 115, 84, 255, 113, 185, 239, 214,
       4, 54, 46, 161, 244, 19, 75, 4, 250, 114, 4, 90, 224, 97, 169, 2,
       235, 121, 59, 250, 201, 187, 207, 30, 85, 120, 163, 180, 142, 118,
       0, 175, 59, 19, 213, 210, 58, 110, 119, 109, 4, 62, 233, 213, 8,
       167, 219, 2, 171, 233, 59, 250, 165, 185, 207, 62, 93, 120, 183,
       180, 142, 86, 88, 239, 75, 19, 149, 150, 88, 238, 115, 109, 13,
       190, 233, 149, 16, 167, 219, 231, 105, 232, 69, 196, 30, 239, 147,
       121, 226, 100, 12, 24, 57, 215, 191, 40, 108, 112, 110, 225, 118,
       244, 74, 55, 57, 197, 36, 207, 240, 218, 164, 17, 221, 90, 206,
       19, 166, 54, 247, 116, 0, 206, 70, 124, 243, 32, 100, 126, 255,
       18, 226, 249, 187, 28, 255, 249, 174, 6, 66, 61, 90, 169, 170, 53,
       202, 211, 166, 228, 2, 70, 228, 117, 202, 242, 199, 3, 136, 37,
       84, 248, 204, 38, 102, 77, 183, 1, 162, 176, 254, 150, 6, 105,
       187, 242, 141, 60, 224, 249, 106, 252, 99, 67, 216, 71, 61, 181,
       42, 83, 213, 249, 56, 89, 216, 70, 122, 10, 103, 107, 51, 219,
       205, 165, 125, 243, 251, 118, 226, 4, 163, 156, 33, 248, 41, 173,
       159, 122, 189, 45, 56, 148, 3, 202, 26, 151, 15, 74, 24, 18, 120,
       235, 80, 76, 156, 53, 100, 192, 192, 135, 225, 35, 175, 193, 95,
       124, 165, 171, 119, 218, 9, 248, 224, 176, 176, 212, 32, 77, 106,
       82, 140, 147, 106, 230, 111, 44, 30, 182, 232, 213, 128, 114, 169,
       232, 169, 191, 251, 173, 204, 116, 167, 255, 59, 166, 16, 254,
       189, 96, 123, 193, 102, 123, 90, 114, 105, 251, 177, 239, 251, 86,
       91, 146, 88, 193, 10, 12, 156, 149, 241, 173, 44, 184, 146, 174,
       186, 154, 96, 252, 55, 65, 203, 135, 119, 127, 19, 19, 201, 219,
       224, 205, 179, 127, 212, 136, 99, 1, 35, 84, 168, 153, 115, 152,
       205, 67, 184, 34, 57, 161, 72, 246, 115, 72, 50, 129, 82, 108, 90,
       11, 96, 219, 51, 201, 142, 37, 124, 64, 3, 7, 35, 242, 65, 102,
       172, 7, 82, 78, 96, 229, 160, 178, 3, 75, 106, 54, 247, 248, 229,
       236, 227, 108, 163, 5, 141, 178, 234, 195, 19, 39, 62, 124, 6,
       116, 69, 95, 172, 26, 2, 71, 104, 133, 4, 235, 131, 87, 98, 32,
       81, 248, 244, 108, 102, 108, 163, 17, 29, 241, 225, 32, 20, 48,
       171, 36, 0, 140, 72, 146, 184, 221, 226, 178, 66, 159, 135, 208,
       19, 140, 219, 33, 200, 217, 121, 130, 16, 0, 183, 210, 194, 145,
       247, 150, 75, 150, 125, 61, 130, 144, 165, 78, 109, 23, 130, 66,
       109, 228, 0, 234, 3, 99, 75, 32, 65, 120, 162, 75, 226, 104, 169,
       9, 29, 249, 161, 131, 17, 97, 2, 232, 10, 253, 218, 71, 247, 132,
       14, 111, 180, 49, 62, 215, 215, 83, 3, 153, 95, 101, 196, 61, 206,
       232, 214, 249, 34, 244, 170, 244, 192, 46, 187, 240, 120, 166,
       207, 192, 155, 213, 177, 174, 239, 31, 19, 73, 151, 232, 234, 61,
       205, 221, 203, 131, 135, 118, 222, 78, 255, 46, 118, 222, 107,
       159, 93, 248, 140, 104, 239, 19, 12, 211, 200, 39, 247, 35, 76,
       108, 232, 42, 231, 160, 84, 48, 250, 194, 66, 67, 27, 168, 127,
       61, 164, 5, 75, 114, 162, 166, 249, 41, 171, 65, 95, 252, 129,
       171, 231, 206, 13, 88, 96, 176, 224, 148, 164, 74, 106, 82, 92,
       146, 168, 102, 125, 44, 28, 190, 232, 215, 140, 211, 169, 255,
       221, 190, 190, 253, 119, 158, 252, 159, 234, 189, 79, 236, 254,
       47, 229, 253, 247, 223, 231, 237, 103, 121, 255, 191, 95, 207,
       255, 159, 127, 184, 223, 153, 224, 66, 225, 54, 130, 106, 252, 53,
       33, 214, 226, 83, 7, 152, 228, 122, 220, 28, 248, 107, 156, 5,
       191, 184, 199, 183, 196, 47, 145, 56, 56, 141, 238, 30, 243, 108,
       185, 237, 247, 254, 251, 95, 84, 157, 227, 242, 99, 167, 33, 46,
       142, 241, 124, 46, 211, 230, 223, 119, 108, 28, 240, 161, 161, 36,
       196, 166, 83, 205, 127, 230, 207, 255, 31, 122, 16, 194, 104, 12,
       222, 169, 70, 106, 24, 30, 248, 75, 34, 45, 190, 86, 69, 195, 88,
       206, 142, 197, 104, 191, 255, 108, 237, 124, 220, 239, 154, 166,
       24, 246, 223, 93, 123, 201, 105, 123, 94, 130, 103, 250, 113, 207,
       219, 215, 56, 192, 113, 67, 170, 87, 29, 87, 141, 147, 2, 46, 105,
       45, 128, 75, 230, 108, 114, 168, 246, 118, 247, 60, 227, 213, 145,
       157, 236, 180, 38, 207, 130, 45, 39, 169, 37, 240, 65, 79, 172,
       24, 2, 67, 120, 4, 4, 227, 3, 83, 195, 41, 80, 88, 244, 44, 226,
       104, 131, 65, 28, 241, 161, 160, 20, 49, 171, 100, 34, 200, 233,
       190, 255, 173, 205, 116, 165, 255, 159, 166, 24, 254, 249, 96,
       123, 193, 119, 123, 82, 114, 109, 219, 177, 239, 251, 87, 123, 16,
       56, 197, 42, 72, 188, 190, 249, 153, 237, 52, 199, 175, 31, 172,
       25, 172, 251, 64, 90, 161, 115, 235, 16, 18, 105, 147, 243, 239,
       215, 86, 123, 146, 80, 167, 11, 42, 130, 164, 186, 93, 85, 152,
       109, 27, 29, 149, 155, 204, 111, 126, 155, 221, 145, 135, 145, 26,
       79, 106, 209, 155, 86, 222, 255, 147, 12, 182, 230, 26, 237, 37,
       154, 31, 255, 202, 234, 143, 140, 156, 139, 238, 197, 49, 132, 24,
       227, 223, 255, 74, 169, 110, 253, 175, 84, 141, 219, 55, 15, 21,
       108, 208, 203, 15, 189, 14, 74, 100, 45, 180, 18, 226, 86, 99, 66,
       0, 211, 104, 228, 106, 234, 105, 245, 87, 29, 180, 162, 195, 5,
       105, 48, 232, 8, 68, 36, 241, 65, 192, 107, 225, 8, 106, 245, 171,
       24, 213, 55, 73, 58, 59, 92, 72, 56, 19, 112, 253, 66, 77, 4, 7,
       100, 192, 99, 71, 240, 101, 160, 185, 160, 237, 109, 232, 75, 107,
       243, 169, 25, 158, 184, 92, 56, 153, 131, 127, 17, 30, 99, 218,
       208, 221, 94, 23, 125, 192, 111, 211, 194, 100, 32, 148, 185, 205,
       173, 0, 74, 134, 179, 137, 25, 198, 224, 73, 10, 201, 76, 106, 17,
       30, 103, 219, 16, 141, 150, 89, 127, 144, 107, 26, 130, 228, 164,
       153, 122, 217, 109, 83, 139, 187, 47, 173, 25, 22, 247, 72, 16,
       145, 210, 105, 16, 26, 7, 202, 19, 217, 148, 21, 127, 208, 105,
       134, 35, 118, 98, 190, 224, 73, 33, 210, 200, 139, 191, 177, 27,
       66, 217, 109, 27, 217, 209, 239, 179, 10, 103, 138, 208, 219, 208,
       201, 127, 209, 123, 110, 2, 32, 219, 56, 251, 56, 141, 17, 190,
       94, 61, 116, 8, 182, 145, 130, 96, 133, 90, 6, 72, 194, 56, 107,
       55, 237, 159, 48, 56, 80, 136, 5, 235, 248, 72, 118, 252, 15, 90,
       84, 32, 225, 146, 166, 26, 79, 27, 1, 247, 98, 212, 236, 98, 108,
       103, 177, 137, 179, 235, 68, 19, 39, 48, 110, 38, 212, 200, 189,
