%YAML:1.0
---
descriptors: !!opencv-matrix
   rows: 155
   cols: 32
   dt: u
   data: [ 198, 173, 184, 188, 252, 161, 190, 175, 154, 178, 24, 217,
       236, 234, 117, 66, 151, 127, 121, 145, 50, 79, 138, 243, 168, 22,
       223, 252, 148, 113, 147, 8, 44, 175, 244, 99, 253, 47, 194, 184,
       87, 185, 184, 72, 195, 105, 88, 131, 89, 198, 100, 122, 190, 96,
       203, 185, 111, 219, 229, 125, 243, 250, 216, 130, 247, 135, 247,
       228, 246, 34, 158, 121, 27, 163, 251, 251, 89, 105, 156, 25, 63,
       213, 117, 175, 185, 247, 141, 206, 184, 46, 237, 212, 237, 226,
       162, 33, 77, 49, 189, 101, 101, 78, 113, 8, 104, 232, 38, 8, 254,
       17, 73, 50, 144, 4, 120, 120, 1, 32, 177, 8, 79, 185, 1, 6, 74,
       34, 67, 51, 125, 13, 231, 205, 244, 10, 111, 50, 117, 162, 110,
       66, 115, 49, 145, 119, 122, 236, 58, 238, 233, 240, 229, 206, 116,
       174, 231, 4, 231, 250, 112, 168, 122, 56, 238, 117, 139, 253, 145,
       7, 187, 87, 134, 159, 170, 188, 86, 42, 201, 247, 249, 145, 158,
       111, 246, 162, 79, 119, 220, 187, 231, 76, 222, 94, 139, 243, 124,
       253, 46, 156, 125, 56, 171, 220, 84, 162, 249, 223, 151, 39, 54,
       113, 245, 239, 192, 64, 174, 221, 70, 251, 233, 172, 38, 166, 21,
       241, 196, 48, 217, 119, 224, 46, 104, 25, 58, 187, 103, 88, 213,
       243, 201, 122, 183, 95, 125, 24, 145, 208, 219, 64, 207, 185, 115,
       100, 136, 227, 67, 161, 242, 75, 103, 204, 29, 83, 70, 236, 197,
       4, 242, 2, 99, 104, 52, 71, 120, 196, 108, 227, 108, 163, 5, 173,
       179, 226, 198, 19, 117, 62, 244, 12, 137, 174, 23, 249, 228, 175,
       168, 55, 60, 27, 82, 84, 149, 147, 176, 201, 87, 42, 54, 28, 243,
       220, 67, 23, 204, 139, 122, 196, 28, 128, 129, 169, 72, 189, 126,
       113, 179, 190, 124, 55, 173, 117, 110, 177, 155, 183, 146, 116,
       39, 183, 253, 140, 176, 216, 181, 85, 239, 255, 114, 193, 162,
       196, 143, 115, 67, 91, 123, 225, 50, 142, 191, 242, 60, 72, 90,
       228, 157, 158, 165, 224, 182, 61, 159, 207, 193, 153, 33, 238,
       182, 253, 42, 130, 12, 147, 161, 249, 122, 169, 114, 76, 117, 221,
       82, 103, 97, 4, 252, 8, 43, 221, 38, 180, 184, 186, 198, 72, 14,
       43, 178, 253, 179, 221, 0, 59, 99, 142, 78, 14, 17, 15, 222, 229,
       20, 142, 110, 98, 252, 128, 110, 66, 121, 163, 177, 114, 114, 236,
       42, 234, 96, 184, 5, 238, 236, 174, 230, 0, 99, 242, 105, 168, 34,
       173, 17, 170, 219, 137, 182, 239, 30, 1, 120, 107, 172, 218, 108,
       0, 217, 27, 3, 81, 83, 58, 74, 245, 189, 148, 30, 106, 152, 10,
       163, 139, 14, 145, 179, 250, 125, 215, 184, 89, 94, 89, 81, 231,
       252, 222, 60, 224, 254, 57, 191, 149, 135, 187, 27, 209, 95, 127,
       171, 205, 156, 14, 57, 147, 25, 64, 105, 101, 54, 90, 249, 52, 97,
       100, 118, 134, 27, 13, 150, 244, 126, 148, 149, 236, 205, 176, 53,
       140, 86, 237, 160, 128, 111, 164, 80, 121, 200, 216, 156, 190, 9,
       205, 21, 166, 142, 90, 160, 25, 190, 247, 2, 123, 129, 115, 232,
       0, 6, 77, 218, 49, 193, 243, 88, 59, 24, 8, 5, 27, 29, 103, 196,
       71, 48, 27, 110, 184, 118, 168, 127, 228, 211, 99, 153, 244, 54,
       76, 36, 110, 233, 208, 237, 62, 110, 239, 101, 132, 110, 243, 64,
       33, 252, 89, 86, 236, 13, 86, 86, 40, 177, 174, 230, 11, 75, 95,
       39, 223, 248, 244, 237, 226, 108, 199, 209, 172, 179, 251, 199,
       27, 35, 63, 124, 2, 73, 49, 113, 69, 55, 94, 243, 24, 105, 232,
       54, 104, 222, 25, 201, 182, 178, 4, 124, 104, 129, 176, 177, 72,
       198, 184, 33, 22, 74, 34, 67, 55, 33, 237, 26, 74, 241, 151, 102,
       239, 127, 1, 236, 8, 122, 242, 44, 244, 209, 122, 2, 104, 23, 139,
       58, 127, 59, 253, 4, 75, 210, 82, 234, 172, 41, 173, 42, 46, 213,
       191, 231, 231, 244, 4, 238, 9, 227, 232, 50, 16, 152, 234, 66,
       111, 220, 187, 12, 63, 105, 125, 5, 113, 69, 94, 218, 206, 240,
       72, 207, 190, 76, 8, 109, 32, 249, 146, 178, 26, 255, 35, 5, 91,
       106, 229, 108, 234, 104, 71, 199, 234, 212, 170, 250, 16, 37, 113,
       99, 40, 25, 157, 22, 237, 176, 190, 108, 55, 125, 9, 126, 68, 190,
       51, 128, 244, 167, 54, 28, 8, 161, 152, 17, 95, 162, 255, 50, 128,
       154, 192, 169, 41, 110, 230, 237, 247, 168, 114, 79, 156, 150,
       255, 151, 243, 193, 111, 218, 74, 93, 214, 237, 246, 186, 71, 239,
       162, 238, 231, 239, 253, 167, 255, 180, 113, 102, 165, 112, 195,
       221, 125, 240, 9, 79, 53, 185, 27, 206, 88, 92, 136, 187, 155,
       223, 49, 182, 112, 219, 214, 31, 28, 15, 119, 199, 15, 221, 134,
       9, 157, 21, 127, 57, 141, 86, 190, 79, 41, 56, 76, 255, 113, 0,
       176, 133, 115, 92, 74, 115, 40, 89, 63, 171, 222, 37, 114, 90, 11,
       65, 59, 246, 125, 237, 5, 223, 75, 215, 236, 19, 224, 168, 139,
       99, 124, 87, 51, 88, 254, 211, 243, 237, 250, 253, 46, 125, 0,
       133, 51, 101, 126, 86, 250, 196, 172, 133, 147, 212, 168, 38, 143,
       182, 147, 74, 82, 224, 226, 73, 66, 113, 238, 42, 152, 50, 92,
       203, 99, 44, 38, 159, 68, 128, 113, 161, 136, 194, 172, 153, 190,
       252, 161, 174, 239, 154, 179, 24, 218, 252, 234, 81, 10, 179, 111,
       123, 145, 50, 79, 138, 251, 172, 22, 159, 188, 148, 80, 147, 136,
       254, 95, 200, 172, 91, 86, 87, 248, 19, 236, 212, 175, 65, 247,
       39, 80, 124, 252, 151, 230, 237, 151, 249, 158, 123, 101, 165,
       191, 59, 63, 126, 211, 134, 140, 215, 254, 250, 171, 158, 239,
       159, 147, 248, 88, 238, 234, 44, 201, 151, 123, 110, 32, 48, 111,
       10, 255, 184, 190, 87, 126, 212, 121, 129, 141, 178, 62, 119, 93,
       91, 82, 169, 106, 117, 174, 242, 210, 64, 14, 37, 173, 121, 253,
       194, 225, 109, 247, 117, 206, 53, 34, 203, 135, 97, 48, 39, 164,
       101, 97, 233, 110, 204, 95, 71, 140, 83, 196, 165, 8, 83, 121, 95,
       51, 88, 200, 112, 110, 76, 98, 255, 40, 115, 137, 197, 61, 113,
       251, 82, 104, 134, 164, 221, 187, 236, 233, 168, 143, 30, 51, 17,
       184, 149, 162, 200, 139, 11, 11, 106, 29, 51, 92, 207, 211, 12,
       22, 63, 124, 156, 72, 139, 128, 86, 32, 241, 229, 39, 8, 120, 0,
       105, 177, 178, 137, 143, 15, 85, 63, 174, 149, 125, 157, 136, 240,
       197, 192, 151, 248, 202, 130, 231, 164, 67, 142, 90, 112, 116,
       236, 47, 214, 88, 24, 139, 252, 118, 163, 207, 223, 214, 246, 134,
       189, 181, 225, 204, 196, 179, 217, 195, 249, 201, 143, 39, 164,
       77, 83, 154, 83, 117, 237, 46, 18, 92, 57, 139, 218, 116, 227,
       253, 223, 148, 35, 134, 181, 181, 239, 200, 196, 166, 217, 194,
       251, 233, 174, 55, 166, 69, 113, 252, 98, 204, 101, 40, 11, 71,
       152, 38, 182, 166, 232, 211, 1, 209, 27, 26, 196, 108, 106, 104,
       244, 205, 8, 228, 195, 101, 20, 100, 187, 70, 32, 88, 180, 188,
       112, 169, 237, 85, 143, 171, 63, 164, 25, 175, 183, 74, 27, 131,
       27, 237, 16, 26, 73, 251, 49, 203, 211, 85, 127, 194, 64, 135,
       106, 5, 164, 157, 241, 236, 169, 185, 159, 238, 51, 57, 88, 157,
       161, 216, 42, 163, 11, 110, 29, 19, 120, 203, 209, 76, 155, 127,
       252, 212, 200, 195, 161, 74, 48, 118, 200, 45, 127, 88, 24, 107,
       172, 119, 169, 15, 159, 215, 190, 134, 157, 245, 217, 132, 33,
       183, 208, 3, 249, 0, 187, 71, 135, 78, 71, 125, 81, 255, 237, 164,
       6, 111, 60, 68, 200, 255, 70, 83, 127, 185, 98, 124, 196, 63, 110,
       217, 177, 49, 140, 243, 235, 230, 132, 172, 251, 240, 113, 99, 50,
       108, 201, 109, 221, 249, 81, 169, 117, 245, 173, 138, 159, 214,
       62, 206, 149, 255, 149, 134, 58, 246, 192, 87, 121, 146, 187, 79,
       142, 78, 247, 93, 49, 145, 225, 179, 46, 108, 31, 58, 163, 99, 80,
       221, 51, 72, 254, 183, 31, 60, 152, 19, 208, 145, 194, 141, 238,
       63, 70, 168, 224, 163, 33, 93, 75, 96, 133, 22, 26, 110, 188, 97,
       224, 222, 230, 219, 72, 147, 244, 54, 196, 156, 239, 205, 176,
       109, 140, 230, 109, 165, 148, 47, 190, 88, 85, 39, 86, 103, 79,
       102, 34, 239, 112, 84, 202, 123, 230, 80, 104, 189, 109, 126, 236,
       22, 238, 161, 180, 45, 204, 4, 42, 227, 132, 127, 251, 112, 181,
