%YAML:1.0
---
descriptors: !!opencv-matrix
   rows: 324
   cols: 32
   dt: u
   data: [ 72, 180, 149, 97, 177, 110, 53, 151, 123, 123, 110, 48, 158,
       55, 72, 254, 167, 23, 92, 16, 51, 220, 177, 66, 239, 255, 20, 70,
       202, 80, 135, 59, 163, 76, 108, 24, 76, 255, 241, 194, 220, 94,
       240, 23, 50, 152, 55, 107, 201, 170, 2, 21, 174, 231, 118, 255,
       87, 26, 208, 63, 85, 89, 116, 206, 35, 204, 232, 95, 180, 241, 94,
       166, 95, 67, 252, 32, 178, 248, 182, 116, 195, 234, 30, 12, 239,
       140, 103, 255, 170, 62, 148, 139, 28, 216, 248, 78, 101, 225, 121,
       71, 180, 78, 71, 156, 98, 160, 175, 8, 211, 113, 201, 52, 24, 220,
       76, 122, 91, 176, 249, 44, 237, 156, 37, 116, 65, 179, 198, 160,
       25, 237, 63, 103, 180, 206, 71, 183, 116, 128, 238, 0, 247, 113,
       1, 112, 48, 98, 76, 40, 107, 169, 49, 47, 233, 239, 36, 16, 98,
       146, 64, 40, 100, 48, 189, 225, 237, 110, 81, 8, 123, 251, 165,
       24, 214, 49, 73, 58, 153, 220, 124, 56, 27, 114, 249, 0, 207, 223,
       5, 118, 192, 97, 70, 162, 32, 165, 57, 251, 221, 205, 85, 175, 30,
       121, 44, 24, 182, 183, 72, 48, 137, 27, 83, 8, 115, 42, 122, 55,
       239, 159, 20, 121, 80, 88, 199, 170, 72, 145, 149, 229, 169, 110,
       53, 191, 174, 57, 74, 32, 220, 55, 8, 106, 165, 87, 121, 144, 17,
       216, 27, 117, 205, 246, 127, 70, 130, 82, 133, 123, 35, 206, 49,
       223, 188, 241, 86, 183, 87, 11, 92, 96, 162, 245, 161, 228, 205,
       122, 150, 8, 207, 140, 106, 191, 162, 255, 182, 219, 22, 220, 220,
       109, 197, 146, 252, 65, 172, 14, 237, 29, 78, 187, 183, 82, 211,
       61, 220, 106, 95, 84, 125, 60, 152, 100, 249, 64, 79, 187, 119,
       212, 197, 248, 208, 49, 190, 17, 214, 168, 197, 87, 86, 236, 21,
       63, 244, 59, 14, 63, 34, 221, 252, 223, 135, 242, 124, 187, 89,
       240, 179, 211, 212, 55, 179, 253, 236, 95, 214, 158, 150, 151,
       165, 118, 188, 231, 63, 191, 222, 51, 236, 62, 75, 207, 237, 215,
       175, 145, 62, 221, 27, 227, 189, 54, 223, 199, 132, 125, 189, 95,
       213, 93, 78, 167, 38, 2, 111, 188, 100, 226, 214, 199, 115, 97,
       187, 97, 126, 228, 61, 239, 237, 151, 29, 44, 240, 43, 239, 132,
       45, 187, 120, 17, 53, 207, 99, 79, 182, 83, 239, 253, 84, 224,
       251, 66, 115, 96, 189, 228, 126, 238, 22, 238, 217, 178, 109, 63,
       63, 236, 167, 196, 117, 187, 240, 229, 167, 237, 144, 158, 253,
       109, 191, 236, 154, 230, 185, 27, 236, 232, 123, 3, 253, 227, 74,
       103, 116, 99, 218, 254, 189, 22, 207, 62, 213, 127, 215, 198, 67,
       249, 168, 153, 255, 181, 190, 175, 31, 251, 92, 239, 172, 252, 86,
       172, 135, 123, 179, 149, 151, 90, 254, 243, 46, 23, 159, 235, 156,
       92, 153, 223, 3, 187, 184, 155, 226, 181, 191, 207, 26, 127, 92,
       183, 188, 174, 86, 8, 231, 91, 179, 149, 150, 90, 238, 243, 126,
       23, 191, 235, 156, 80, 139, 223, 38, 162, 92, 155, 238, 169, 168,
       143, 30, 49, 17, 251, 132, 74, 72, 136, 207, 27, 75, 17, 18, 74,
       75, 213, 140, 18, 31, 254, 156, 8, 129, 145, 3, 144, 140, 187,
       173, 189, 176, 143, 30, 123, 73, 23, 172, 250, 110, 201, 193, 11,
       179, 21, 54, 92, 91, 147, 14, 119, 218, 71, 152, 76, 153, 159,
       216, 252, 17, 250, 49, 205, 19, 190, 62, 41, 128, 24, 191, 151,
       64, 113, 213, 221, 93, 80, 123, 79, 249, 55, 249, 225, 46, 120,
       26, 0, 133, 59, 26, 175, 133, 163, 149, 246, 102, 175, 39, 61,
       158, 67, 44, 55, 88, 134, 97, 198, 219, 153, 18, 201, 9, 253, 253,
       69, 158, 197, 131, 86, 189, 106, 61, 97, 237, 105, 204, 87, 79,
       216, 67, 240, 181, 10, 83, 117, 217, 63, 89, 204, 84, 126, 201,
       98, 253, 24, 123, 201, 229, 124, 247, 187, 82, 224, 25, 221, 83,
       238, 146, 210, 54, 247, 117, 64, 238, 166, 127, 115, 160, 228,
       114, 255, 26, 168, 65, 153, 61, 111, 184, 239, 6, 0, 63, 218, 169,
       56, 210, 145, 146, 170, 139, 196, 48, 73, 175, 29, 137, 17, 236,
       222, 106, 74, 166, 19, 251, 17, 18, 1, 154, 243, 153, 244, 10, 91,
       144, 7, 165, 83, 110, 61, 185, 238, 239, 101, 159, 250, 139, 190,
       156, 175, 44, 255, 119, 3, 239, 243, 255, 227, 193, 67, 186, 234,
       123, 89, 207, 190, 23, 127, 39, 219, 206, 221, 187, 250, 237, 228,
       191, 220, 143, 94, 28, 39, 156, 223, 103, 107, 239, 123, 183, 215,
       67, 67, 186, 240, 247, 217, 207, 174, 28, 123, 37, 243, 194, 111,
       58, 184, 235, 225, 182, 71, 173, 6, 152, 187, 172, 158, 101, 64,
       231, 187, 203, 147, 114, 15, 130, 243, 241, 20, 26, 251, 20, 85,
       167, 139, 36, 77, 27, 254, 24, 205, 71, 224, 214, 136, 232, 0,
       247, 211, 33, 112, 208, 123, 90, 74, 106, 170, 122, 63, 225, 191,
       32, 24, 80, 59, 102, 34, 194, 102, 58, 186, 139, 225, 184, 79,
       159, 14, 153, 179, 172, 206, 109, 65, 239, 155, 203, 145, 102, 7,
       130, 211, 241, 84, 154, 251, 20, 84, 175, 219, 75, 168, 252, 219,
       175, 153, 249, 143, 255, 113, 4, 137, 191, 61, 82, 171, 39, 151,
       251, 29, 150, 104, 255, 241, 223, 123, 95, 121, 198, 140, 139,
       232, 113, 1, 71, 164, 13, 2, 64, 32, 225, 160, 171, 66, 83, 2, 41,
       247, 104, 132, 108, 234, 72, 131, 209, 140, 145, 226, 194, 20, 33,
       170, 112, 36, 190, 65, 214, 228, 205, 127, 86, 238, 21, 181, 246,
       27, 75, 60, 38, 223, 216, 214, 166, 114, 60, 251, 57, 160, 155,
       251, 84, 87, 243, 253, 252, 78, 204, 233, 190, 255, 173, 220, 116,
       167, 255, 153, 166, 17, 254, 251, 104, 91, 193, 118, 123, 90, 114,
       105, 218, 177, 239, 251, 87, 123, 146, 89, 205, 10, 203, 198, 157,
       173, 108, 45, 185, 222, 154, 59, 28, 94, 220, 187, 216, 106, 167,
       71, 127, 45, 39, 119, 139, 211, 212, 255, 122, 174, 154, 216, 9,
       137, 45, 255, 185, 77, 176, 143, 238, 191, 126, 233, 126, 68, 246,
       247, 193, 180, 215, 110, 54, 28, 211, 184, 249, 51, 111, 191, 37,
       100, 218, 242, 195, 249, 196, 164, 221, 229, 236, 10, 110, 171,
       122, 179, 43, 152, 215, 99, 216, 19, 51, 198, 106, 42, 112, 240,
       205, 74, 236, 174, 71, 36, 228, 250, 195, 32, 20, 221, 31, 236,
       54, 195, 87, 244, 132, 72, 218, 98, 247, 215, 161, 96, 86, 112,
       29, 98, 73, 137, 33, 63, 225, 229, 39, 144, 48, 187, 37, 59, 25,
       145, 57, 237, 20, 207, 65, 59, 118, 1, 111, 0, 183, 19, 0, 96, 80,
       58, 24, 8, 91, 184, 113, 31, 229, 237, 50, 64, 114, 130, 161, 170,
       72, 188, 158, 249, 169, 237, 52, 199, 191, 31, 172, 16, 174, 187,
       64, 154, 163, 115, 235, 16, 50, 77, 146, 243, 207, 215, 94, 123,
       194, 80, 175, 139, 62, 221, 246, 166, 149, 119, 82, 206, 53, 213,
       251, 11, 79, 189, 43, 143, 232, 223, 135, 83, 12, 251, 25, 224,
       187, 241, 196, 71, 227, 126, 188, 222, 61, 173, 115, 103, 212,
       159, 70, 250, 115, 160, 104, 72, 83, 241, 17, 176, 88, 254, 0,
       122, 91, 186, 249, 62, 47, 237, 5, 100, 235, 251, 210, 160, 62,
       152, 246, 227, 213, 86, 126, 225, 15, 55, 242, 3, 75, 31, 46, 212,
       253, 215, 167, 210, 92, 191, 89, 166, 187, 223, 158, 87, 19, 47,
       236, 222, 116, 13, 219, 102, 144, 233, 71, 166, 51, 160, 238, 8,
       119, 243, 73, 84, 17, 254, 104, 74, 88, 186, 201, 42, 249, 238, 5,
       24, 224, 243, 198, 42, 124, 177, 150, 240, 141, 71, 112, 206, 231,
       177, 162, 11, 10, 185, 76, 203, 233, 196, 235, 144, 30, 107, 219,
       208, 155, 195, 215, 127, 131, 12, 250, 138, 100, 48, 241, 97, 237,
       110, 113, 72, 123, 177, 35, 24, 86, 49, 73, 58, 153, 220, 116, 56,
       25, 114, 241, 0, 223, 222, 5, 118, 224, 97, 70, 162, 244, 96, 215,
       100, 11, 72, 68, 64, 225, 242, 162, 8, 75, 155, 69, 191, 40, 245,
       108, 226, 73, 103, 146, 0, 147, 232, 197, 59, 105, 51, 98, 10, 24,
       133, 30, 169, 149, 166, 66, 103, 100, 0, 234, 2, 115, 17, 32, 65,
       120, 162, 72, 249, 56, 185, 17, 29, 241, 197, 130, 81, 97, 66,
       232, 10, 3, 253, 251, 211, 247, 245, 188, 231, 95, 163, 92, 34,
       44, 252, 252, 160, 191, 123, 179, 145, 215, 248, 186, 243, 47, 31,
       159, 227, 197, 90, 253, 174, 32, 173, 57, 251, 124, 205, 81, 175,
