%YAML:1.0
---
descriptors: !!opencv-matrix
   rows: 122
   cols: 32
   dt: u
   data: [ 32, 180, 56, 59, 185, 205, 144, 143, 142, 121, 49, 25, 174,
       28, 78, 0, 133, 27, 202, 1, 18, 108, 91, 55, 141, 212, 16, 127,
       208, 8, 135, 155, 125, 157, 30, 110, 153, 166, 87, 179, 228, 8,
       239, 68, 115, 115, 34, 80, 212, 242, 92, 104, 184, 137, 89, 63,
       235, 239, 36, 80, 58, 226, 232, 59, 42, 187, 16, 187, 255, 153,
       178, 207, 14, 21, 88, 175, 172, 204, 102, 128, 142, 59, 131, 85,
       150, 56, 218, 247, 44, 85, 30, 235, 94, 14, 159, 223, 91, 133, 87,
       197, 147, 114, 110, 183, 37, 129, 142, 194, 77, 39, 168, 228, 118,
       214, 156, 248, 121, 137, 53, 206, 185, 246, 135, 68, 174, 198,
       169, 56, 199, 74, 222, 213, 100, 46, 236, 18, 248, 138, 114, 70,
       221, 163, 181, 107, 102, 101, 126, 238, 225, 213, 151, 232, 20,
       58, 122, 128, 12, 241, 97, 45, 61, 205, 115, 207, 244, 75, 239,
       252, 85, 164, 254, 194, 115, 97, 189, 116, 126, 238, 23, 234, 201,
       178, 109, 239, 125, 172, 165, 132, 103, 251, 244, 161, 14, 62,
       142, 179, 145, 182, 184, 3, 62, 151, 75, 149, 140, 170, 114, 200,
       229, 43, 171, 149, 22, 216, 27, 210, 140, 215, 159, 199, 136, 69,
       169, 150, 244, 104, 211, 102, 75, 104, 70, 64, 233, 226, 163, 8,
       115, 118, 77, 59, 168, 245, 104, 226, 73, 103, 218, 72, 145, 170,
       197, 59, 97, 115, 102, 2, 61, 239, 209, 78, 172, 3, 207, 248, 70,
       234, 184, 206, 83, 96, 253, 163, 123, 200, 6, 110, 201, 99, 47,
       56, 56, 137, 101, 60, 117, 251, 242, 165, 152, 226, 107, 161, 52,
       2, 235, 252, 48, 109, 210, 231, 145, 13, 218, 64, 123, 204, 21,
       253, 200, 188, 197, 166, 232, 229, 190, 196, 37, 154, 116, 233,
       222, 90, 255, 244, 46, 108, 125, 144, 169, 254, 182, 191, 223, 63,
       7, 91, 231, 245, 253, 194, 169, 71, 227, 232, 215, 251, 254, 147,
       167, 241, 103, 123, 76, 4, 158, 117, 137, 232, 52, 7, 190, 31, 38,
       17, 206, 243, 106, 91, 161, 119, 235, 16, 48, 205, 131, 64, 207,
       243, 116, 67, 194, 112, 135, 3, 85, 84, 202, 167, 38, 10, 111,
       184, 112, 226, 223, 198, 83, 99, 155, 115, 118, 228, 61, 238, 201,
       148, 221, 40, 244, 171, 231, 132, 45, 243, 114, 49, 120, 40, 159,
       112, 137, 237, 81, 71, 227, 21, 164, 24, 55, 243, 64, 26, 129,
       178, 108, 24, 26, 107, 146, 0, 219, 217, 80, 121, 192, 64, 230,
       42, 85, 91, 79, 239, 38, 2, 111, 184, 36, 224, 215, 198, 113, 67,
       153, 81, 126, 228, 61, 238, 201, 144, 61, 111, 244, 170, 239, 132,
       45, 179, 240, 113, 87, 33, 174, 196, 141, 86, 171, 64, 238, 248,
       143, 8, 208, 240, 87, 110, 208, 116, 121, 251, 136, 67, 187, 72,
       217, 60, 207, 31, 128, 115, 55, 38, 3, 161, 163, 209, 213, 214,
       169, 207, 126, 181, 88, 18, 128, 184, 126, 36, 249, 95, 50, 145,
       150, 248, 180, 229, 45, 22, 159, 102, 132, 68, 183, 238, 204, 162,
       252, 65, 172, 78, 233, 157, 106, 191, 183, 24, 211, 61, 222, 107,
       21, 212, 125, 56, 186, 100, 233, 0, 207, 187, 247, 244, 194, 200,
       212, 97, 8, 181, 185, 125, 153, 253, 85, 175, 55, 123, 44, 24,
       190, 55, 8, 52, 145, 90, 92, 8, 123, 40, 115, 63, 239, 223, 20,
       114, 210, 80, 198, 122, 98, 219, 99, 142, 254, 128, 190, 245, 200,
       140, 216, 239, 104, 232, 180, 160, 222, 123, 183, 99, 212, 43,
       238, 237, 52, 52, 175, 138, 69, 190, 246, 205, 120, 93, 23, 236,
       29, 198, 84, 39, 197, 200, 234, 0, 114, 55, 32, 243, 192, 246,
       232, 96, 105, 139, 17, 140, 179, 243, 68, 19, 18, 60, 124, 26,
       205, 88, 149, 85, 45, 15, 101, 148, 252, 178, 38, 24, 222, 19, 65,
       255, 33, 116, 104, 74, 97, 245, 185, 42, 197, 235, 117, 20, 74,
       121, 65, 42, 104, 172, 190, 120, 169, 253, 16, 207, 155, 23, 164,
       25, 174, 253, 102, 27, 129, 115, 233, 16, 50, 111, 194, 179, 219,
       211, 85, 123, 210, 76, 143, 10, 48, 168, 142, 124, 29, 111, 193,
       107, 83, 163, 224, 24, 115, 105, 20, 57, 217, 238, 106, 8, 56,
       239, 113, 175, 155, 254, 213, 17, 65, 104, 114, 42, 116, 231, 200,
       69, 220, 42, 78, 175, 99, 167, 169, 8, 67, 96, 92, 18, 89, 206,
       64, 186, 90, 82, 221, 44, 172, 142, 133, 85, 225, 243, 218, 0,
       217, 220, 95, 255, 6, 78, 103, 181, 116, 74, 246, 118, 243, 115,
       128, 115, 116, 228, 44, 238, 233, 244, 253, 47, 246, 235, 230,
       128, 43, 184, 240, 121, 153, 157, 15, 171, 180, 203, 103, 245, 52,
       104, 254, 102, 115, 119, 160, 97, 124, 182, 30, 234, 249, 185, 41,
       63, 248, 233, 166, 192, 105, 138, 224, 121, 124, 48, 177, 96, 9,
       108, 81, 216, 171, 255, 165, 13, 94, 255, 77, 62, 181, 213, 93,
       48, 11, 99, 186, 0, 219, 221, 5, 62, 202, 113, 70, 114, 35, 175,
       226, 26, 211, 189, 188, 231, 31, 73, 92, 223, 44, 168, 246, 132,
       159, 107, 147, 29, 150, 186, 38, 226, 46, 95, 28, 203, 223, 92,
       137, 205, 118, 48, 249, 96, 250, 107, 17, 74, 171, 245, 177, 57,
       30, 159, 69, 58, 163, 149, 93, 16, 17, 107, 160, 64, 223, 144, 21,
       127, 225, 1, 7, 243, 249, 120, 210, 102, 77, 30, 86, 248, 241,
       130, 161, 77, 106, 249, 5, 159, 248, 228, 224, 110, 204, 231, 152,
       168, 51, 248, 69, 26, 107, 119, 106, 14, 68, 33, 145, 97, 242,
       107, 171, 72, 42, 181, 43, 56, 213, 3, 201, 58, 51, 93, 74, 58,
       18, 80, 169, 64, 77, 132, 47, 100, 196, 227, 7, 224, 145, 159,
       111, 239, 182, 74, 111, 181, 116, 72, 246, 242, 115, 119, 162, 97,
       126, 244, 62, 234, 249, 156, 37, 127, 252, 235, 230, 192, 37, 160,
       228, 121, 246, 89, 58, 206, 61, 209, 147, 97, 207, 4, 221, 34,
       230, 220, 39, 100, 216, 176, 207, 67, 72, 35, 106, 191, 177, 244,
       139, 27, 16, 42, 52, 103, 220, 114, 184, 234, 248, 86, 94, 216,
       243, 220, 181, 9, 95, 211, 107, 91, 183, 217, 5, 126, 110, 71,
       186, 48, 251, 201, 103, 237, 178, 179, 47, 67, 220, 114, 248, 99,
       96, 42, 123, 24, 123, 186, 183, 121, 223, 91, 201, 27, 63, 213,
       93, 122, 168, 244, 201, 66, 204, 217, 101, 164, 232, 243, 3, 161,
       109, 85, 85, 69, 108, 30, 71, 184, 97, 232, 190, 76, 211, 112,
       157, 183, 20, 196, 124, 110, 201, 240, 253, 44, 38, 249, 101, 20,
       75, 243, 66, 53, 148, 68, 94, 231, 19, 94, 106, 96, 45, 160, 103,
       2, 95, 82, 29, 114, 48, 245, 104, 234, 65, 149, 25, 74, 247, 239,
       3, 5, 97, 51, 47, 34, 212, 158, 151, 182, 130, 160, 54, 231, 186,
       155, 130, 117, 236, 242, 72, 91, 163, 119, 108, 19, 51, 93, 139,
       99, 184, 134, 127, 194, 136, 112, 163, 11, 106, 176, 190, 248, 9,
       221, 17, 67, 175, 85, 164, 25, 186, 221, 98, 63, 233, 179, 251,
       16, 26, 107, 178, 209, 219, 83, 82, 123, 210, 12, 63, 122, 84, 48,
       153, 229, 32, 110, 83, 24, 36, 168, 163, 104, 215, 23, 73, 90, 22,
       85, 125, 122, 9, 209, 153, 8, 193, 225, 37, 148, 160, 243, 7, 51,
       120, 168, 189, 123, 13, 237, 81, 143, 199, 53, 164, 24, 243, 217,
       68, 59, 201, 226, 104, 16, 26, 110, 251, 177, 203, 219, 81, 123,
       242, 8, 214, 170, 189, 100, 83, 100, 83, 79, 122, 112, 49, 234,
       242, 31, 91, 15, 35, 17, 60, 173, 21, 238, 109, 183, 16, 14, 243,
       201, 33, 4, 107, 181, 106, 210, 220, 105, 186, 196, 29, 212, 211,
       64, 234, 172, 143, 8, 214, 218, 81, 98, 208, 116, 125, 123, 72,
       67, 186, 74, 249, 189, 143, 61, 0, 35, 63, 34, 109, 83, 56, 231,
       44, 15, 79, 184, 111, 168, 183, 76, 223, 113, 25, 114, 220, 196,
       126, 110, 201, 98, 249, 152, 231, 249, 35, 188, 24, 187, 67, 49,
       142, 161, 163, 147, 221, 212, 160, 197, 250, 157, 73, 17, 140,
       216, 92, 164, 201, 59, 147, 209, 150, 250, 250, 243, 173, 84, 159,
       111, 134, 6, 183, 230, 13, 56, 155, 245, 199, 230, 185, 83, 248,
       203, 119, 82, 28, 243, 97, 106, 103, 125, 50, 152, 17, 209, 178,
       194, 93, 175, 255, 8, 137, 97, 33, 163, 2, 162, 68, 155, 236, 169,
       168, 143, 14, 49, 17, 255, 141, 2, 216, 136, 15, 11, 110, 29, 23,
       92, 79, 213, 12, 16, 63, 236, 156, 136, 137, 133, 45, 44, 227, 87,
