%YAML:1.0
---
descriptors: !!opencv-matrix
   rows: 275
   cols: 32
   dt: u
   data: [ 169, 241, 121, 78, 85, 221, 87, 117, 85, 72, 125, 10, 58, 220,
       190, 164, 216, 184, 150, 106, 207, 58, 124, 191, 115, 221, 0, 41,
       123, 142, 218, 254, 184, 13, 110, 236, 151, 82, 199, 111, 85, 6,
       238, 18, 83, 121, 48, 229, 121, 230, 170, 170, 120, 191, 53, 142,
       243, 239, 130, 17, 115, 122, 244, 42, 222, 153, 182, 210, 171,
       240, 181, 199, 191, 31, 14, 179, 172, 246, 102, 206, 231, 115,
       171, 144, 50, 205, 186, 227, 25, 54, 94, 195, 134, 84, 165, 127,
       35, 92, 211, 76, 87, 86, 230, 214, 65, 130, 124, 66, 40, 210, 165,
       244, 120, 252, 130, 202, 193, 190, 180, 234, 55, 188, 132, 10,
       123, 254, 122, 172, 176, 251, 88, 234, 114, 137, 191, 255, 30, 45,
       112, 239, 175, 135, 224, 17, 62, 155, 134, 80, 226, 62, 4, 127,
       252, 128, 52, 248, 117, 136, 135, 185, 160, 137, 105, 170, 252,
       193, 207, 236, 30, 69, 216, 170, 183, 204, 184, 64, 218, 203, 31,
       69, 90, 43, 110, 183, 184, 149, 174, 252, 20, 27, 244, 233, 250,
       166, 38, 183, 57, 233, 89, 36, 185, 63, 151, 185, 239, 199, 74,
       95, 165, 247, 237, 3, 56, 77, 203, 167, 219, 243, 250, 211, 2, 15,
       135, 123, 160, 253, 56, 218, 221, 197, 148, 239, 223, 65, 236, 3,
       50, 152, 38, 32, 200, 170, 146, 81, 94, 43, 90, 191, 123, 85, 20,
       123, 83, 28, 252, 206, 219, 6, 198, 229, 38, 2, 108, 63, 125, 178,
       151, 242, 223, 35, 144, 239, 103, 197, 124, 169, 233, 197, 5, 206,
       216, 235, 251, 212, 47, 160, 169, 1, 125, 37, 216, 96, 216, 79,
       83, 153, 98, 160, 173, 8, 87, 243, 75, 50, 17, 204, 80, 120, 10,
       66, 248, 10, 251, 141, 37, 124, 160, 226, 74, 162, 136, 138, 177,
       187, 20, 201, 163, 207, 94, 7, 64, 146, 165, 204, 48, 64, 217, 59,
       3, 17, 50, 188, 75, 55, 205, 135, 26, 97, 144, 8, 133, 170, 195,
       148, 190, 154, 211, 245, 176, 231, 159, 95, 108, 23, 44, 190, 38,
       72, 167, 27, 179, 145, 54, 13, 50, 247, 31, 55, 90, 75, 152, 68,
       173, 223, 21, 73, 254, 239, 158, 22, 126, 65, 229, 132, 199, 130,
       93, 227, 49, 98, 98, 37, 59, 220, 84, 129, 23, 200, 119, 233, 7,
       0, 190, 187, 225, 0, 42, 97, 66, 236, 93, 215, 248, 72, 201, 128,
       245, 10, 9, 217, 52, 164, 120, 57, 211, 233, 0, 35, 146, 221, 87,
       249, 139, 59, 119, 15, 91, 130, 177, 16, 239, 77, 84, 70, 233,
       127, 86, 224, 246, 6, 113, 53, 151, 100, 124, 140, 51, 172, 169,
       250, 117, 31, 79, 47, 241, 0, 111, 168, 112, 248, 63, 203, 67, 78,
       221, 19, 206, 248, 71, 72, 248, 238, 107, 232, 189, 164, 120, 200,
       22, 238, 205, 51, 110, 191, 50, 76, 165, 156, 127, 191, 240, 244,
       186, 243, 114, 234, 247, 201, 243, 253, 27, 53, 112, 187, 15, 205,
       108, 148, 190, 155, 135, 64, 114, 58, 8, 215, 63, 208, 4, 111,
       119, 156, 198, 175, 49, 3, 105, 77, 60, 7, 203, 91, 87, 232, 222,
       70, 83, 141, 180, 100, 92, 172, 62, 45, 139, 187, 117, 157, 112,
       44, 161, 148, 125, 170, 80, 53, 246, 248, 238, 18, 203, 209, 156,
       239, 171, 247, 165, 155, 72, 252, 126, 27, 171, 211, 251, 147,
       246, 103, 186, 240, 123, 83, 223, 255, 199, 85, 255, 86, 33, 217,
       107, 252, 84, 193, 173, 119, 212, 64, 208, 131, 177, 223, 48, 97,
       76, 186, 19, 193, 235, 138, 102, 125, 101, 42, 186, 136, 29, 152,
       244, 249, 29, 189, 249, 243, 180, 246, 255, 183, 118, 201, 62,
       102, 121, 127, 213, 96, 125, 94, 63, 154, 179, 248, 169, 255, 111,
       15, 183, 192, 167, 194, 244, 249, 93, 255, 111, 199, 180, 20, 239,
       183, 96, 248, 158, 102, 113, 49, 148, 103, 103, 198, 125, 206,
       249, 249, 173, 109, 126, 47, 239, 132, 45, 251, 240, 105, 61, 101,
       97, 71, 214, 83, 79, 248, 65, 226, 253, 202, 83, 101, 253, 164,
       126, 204, 22, 238, 233, 178, 125, 142, 127, 140, 165, 52, 119,
       251, 86, 252, 83, 206, 71, 205, 20, 150, 104, 255, 52, 11, 90,
       214, 81, 162, 176, 229, 119, 140, 63, 172, 177, 157, 5, 207, 188,
       174, 186, 196, 173, 128, 248, 173, 61, 36, 99, 73, 116, 63, 234,
       90, 79, 97, 123, 194, 91, 8, 157, 164, 126, 140, 22, 189, 153,
       178, 117, 158, 54, 108, 163, 228, 255, 207, 114, 165, 194, 172,
       158, 183, 135, 188, 180, 135, 190, 191, 6, 18, 172, 184, 96, 203,
       163, 103, 251, 17, 52, 221, 147, 226, 205, 83, 95, 67, 128, 124,
       153, 14, 63, 1, 231, 236, 78, 3, 237, 124, 141, 200, 125, 131, 89,
       253, 180, 60, 122, 169, 23, 237, 208, 178, 38, 200, 86, 106, 238,
       136, 247, 191, 118, 226, 90, 153, 146, 250, 187, 164, 50, 223,
       171, 25, 72, 16, 60, 219, 96, 80, 229, 91, 157, 16, 19, 11, 154,
       243, 219, 245, 26, 235, 154, 65, 169, 27, 222, 75, 70, 172, 10,
       18, 62, 242, 165, 142, 210, 231, 45, 170, 179, 195, 110, 229, 253,
       199, 236, 143, 134, 234, 178, 97, 170, 137, 47, 181, 41, 29, 138,
       248, 35, 217, 101, 201, 184, 150, 191, 89, 82, 181, 172, 158, 36,
       96, 206, 59, 179, 65, 199, 220, 114, 245, 7, 80, 26, 195, 30, 28,
       133, 255, 4, 24, 31, 187, 66, 236, 177, 80, 172, 17, 99, 3, 180,
       154, 33, 73, 230, 57, 59, 82, 2, 156, 18, 113, 197, 161, 58, 66,
       16, 1, 33, 131, 11, 103, 114, 168, 171, 187, 190, 95, 142, 34, 88,
       249, 140, 202, 163, 192, 182, 47, 223, 55, 198, 1, 130, 223, 102,
       125, 42, 187, 30, 215, 137, 1, 222, 18, 239, 157, 42, 114, 189,
       58, 188, 222, 87, 247, 93, 46, 183, 107, 103, 213, 191, 167, 229,
       213, 39, 192, 86, 99, 123, 135, 175, 245, 37, 117, 53, 134, 68,
       250, 140, 35, 202, 248, 87, 50, 145, 214, 83, 64, 249, 105, 91,
       192, 110, 238, 170, 103, 79, 181, 152, 138, 227, 252, 189, 251,
       112, 128, 152, 207, 58, 170, 22, 131, 31, 228, 132, 4, 220, 163,
       47, 135, 34, 64, 110, 59, 135, 194, 74, 137, 8, 191, 241, 193,
       170, 193, 52, 11, 165, 235, 160, 207, 73, 187, 124, 195, 79, 252,
       22, 112, 240, 250, 183, 205, 56, 97, 90, 217, 23, 105, 107, 110,
       78, 63, 233, 128, 175, 252, 20, 152, 212, 168, 49, 48, 123, 73,
       86, 237, 227, 80, 100, 97, 111, 22, 147, 21, 148, 100, 126, 156,
       18, 152, 139, 188, 117, 86, 71, 173, 16, 64, 111, 139, 98, 240,
       151, 68, 126, 206, 70, 6, 175, 113, 148, 194, 87, 150, 81, 231,
       183, 99, 126, 245, 51, 238, 241, 149, 52, 78, 114, 43, 234, 128,
       45, 170, 33, 240, 216, 188, 188, 242, 137, 244, 93, 190, 179, 255,
       134, 24, 191, 247, 66, 123, 197, 214, 253, 152, 58, 75, 250, 51,
       235, 243, 245, 125, 162, 208, 134, 122, 167, 120, 174, 167, 156,
       23, 234, 216, 86, 232, 83, 71, 209, 120, 159, 160, 121, 76, 50,
       239, 237, 244, 93, 190, 44, 47, 239, 196, 109, 191, 120, 148, 49,
       55, 107, 77, 60, 135, 201, 91, 86, 224, 222, 206, 19, 140, 180,
       100, 92, 172, 26, 45, 137, 187, 117, 159, 48, 44, 129, 52, 125,
       136, 112, 52, 47, 141, 66, 138, 223, 147, 238, 232, 87, 64, 93,
       207, 104, 232, 191, 164, 90, 234, 146, 239, 215, 58, 94, 255, 62,
       28, 141, 239, 127, 175, 120, 148, 17, 126, 88, 191, 114, 141, 186,
       112, 28, 72, 124, 239, 189, 71, 163, 65, 46, 41, 23, 78, 195, 16,
       10, 125, 244, 129, 43, 168, 125, 139, 9, 153, 21, 104, 123, 226,
       86, 150, 107, 112, 224, 196, 71, 2, 85, 198, 50, 113, 114, 237,
       18, 238, 69, 147, 52, 172, 243, 233, 135, 72, 37, 179, 54, 240,
       171, 193, 88, 94, 197, 20, 182, 109, 89, 74, 245, 70, 104, 248,
       190, 244, 216, 43, 162, 6, 215, 46, 214, 255, 54, 63, 22, 43, 95,
       30, 250, 141, 10, 156, 186, 186, 211, 241, 182, 231, 158, 87, 72,
       51, 172, 254, 38, 64, 231, 59, 147, 145, 54, 26, 58, 247, 127,
       119, 30, 75, 145, 68, 173, 223, 61, 205, 231, 71, 212, 87, 206,
       248, 85, 226, 253, 66, 83, 120, 189, 164, 121, 204, 18, 238, 237,
       242, 125, 175, 62, 14, 197, 20, 111, 255, 248, 228, 206, 223, 230,
       158, 234, 208, 190, 248, 159, 215, 95, 231, 109, 239, 255, 207,
       119, 119, 171, 215, 246, 205, 142, 255, 126, 55, 207, 203, 183,
