%YAML:1.0
---
descriptors: !!opencv-matrix
   rows: 240
   cols: 32
   dt: u
   data: [ 117, 156, 173, 247, 156, 102, 223, 186, 242, 223, 165, 5, 243,
       127, 91, 43, 217, 199, 121, 189, 175, 239, 251, 47, 233, 239, 255,
       68, 200, 113, 118, 218, 152, 94, 62, 190, 42, 197, 28, 118, 156,
       14, 214, 43, 255, 191, 35, 0, 174, 177, 255, 131, 108, 7, 18, 59,
       211, 231, 122, 153, 113, 121, 45, 91, 213, 1, 55, 108, 56, 158,
       239, 48, 236, 142, 242, 68, 215, 234, 181, 234, 182, 117, 108,
       110, 225, 165, 51, 78, 161, 255, 99, 144, 72, 115, 97, 52, 71,
       205, 22, 90, 177, 132, 175, 166, 174, 1, 106, 5, 252, 243, 36, 68,
       161, 99, 105, 94, 115, 9, 27, 119, 169, 254, 30, 76, 216, 18, 161,
       58, 23, 94, 233, 201, 182, 34, 239, 218, 86, 74, 220, 230, 17,
       196, 255, 108, 127, 200, 23, 255, 139, 22, 47, 210, 96, 12, 175,
       204, 189, 243, 177, 245, 43, 139, 238, 191, 229, 152, 248, 148,
       141, 85, 86, 135, 173, 232, 58, 202, 202, 226, 191, 77, 158, 248,
       22, 161, 198, 123, 250, 193, 142, 159, 216, 94, 82, 157, 191, 211,
       246, 98, 189, 231, 63, 55, 218, 51, 228, 62, 102, 78, 239, 223,
       63, 145, 54, 219, 57, 227, 189, 22, 222, 195, 132, 88, 181, 255,
       67, 210, 77, 142, 124, 68, 235, 184, 14, 73, 91, 231, 245, 109,
       152, 96, 22, 68, 63, 111, 193, 8, 191, 253, 164, 62, 235, 140, 28,
       166, 17, 113, 30, 95, 103, 158, 111, 178, 190, 114, 141, 204, 218,
       167, 40, 207, 183, 193, 238, 185, 183, 199, 192, 155, 54, 236, 48,
       49, 234, 139, 5, 55, 53, 219, 129, 142, 146, 155, 180, 175, 60,
       215, 126, 123, 122, 116, 188, 226, 160, 236, 183, 43, 38, 28, 183,
       188, 3, 247, 44, 30, 54, 96, 152, 200, 137, 141, 173, 73, 107,
       254, 60, 195, 75, 180, 196, 68, 246, 2, 243, 201, 177, 96, 88,
       232, 31, 234, 201, 167, 102, 191, 227, 169, 162, 136, 53, 187,
       116, 224, 17, 134, 235, 225, 54, 171, 105, 86, 118, 99, 206, 214,
       19, 9, 56, 104, 127, 138, 27, 157, 187, 188, 37, 214, 222, 207,
       154, 68, 189, 136, 240, 40, 60, 124, 120, 238, 125, 253, 90, 88,
       7, 40, 189, 9, 59, 221, 33, 144, 220, 185, 149, 194, 14, 38, 88,
       191, 211, 221, 161, 57, 115, 187, 78, 18, 159, 52, 231, 176, 213,
       247, 233, 95, 85, 241, 214, 151, 25, 188, 126, 41, 125, 137, 19,
       189, 191, 255, 53, 206, 91, 75, 154, 196, 175, 204, 176, 244, 191,
       29, 110, 250, 149, 183, 107, 113, 149, 196, 223, 22, 89, 235, 51,
       97, 104, 170, 27, 189, 185, 163, 58, 206, 219, 235, 138, 72, 191,
       201, 112, 112, 116, 115, 58, 238, 60, 71, 87, 120, 70, 236, 223,
       107, 83, 109, 147, 96, 220, 220, 109, 99, 216, 179, 233, 60, 251,
       165, 165, 149, 97, 187, 252, 67, 209, 126, 158, 62, 8, 38, 93,
       180, 176, 30, 166, 21, 119, 39, 3, 91, 164, 117, 109, 230, 236,
       197, 147, 41, 211, 227, 240, 16, 8, 241, 42, 90, 15, 207, 98, 30,
       247, 157, 190, 241, 255, 76, 125, 231, 104, 200, 182, 132, 62,
       235, 151, 239, 230, 185, 14, 255, 54, 94, 11, 170, 95, 159, 235,
       197, 4, 77, 86, 95, 116, 202, 111, 120, 190, 72, 124, 32, 124,
       211, 167, 85, 242, 106, 23, 78, 99, 128, 10, 125, 36, 186, 35,
       138, 26, 178, 99, 163, 36, 170, 141, 123, 152, 191, 168, 200, 62,
       57, 225, 80, 177, 206, 92, 59, 205, 91, 72, 144, 190, 120, 203,
       49, 143, 251, 191, 117, 208, 1, 143, 128, 132, 88, 255, 123, 194,
       228, 240, 214, 118, 91, 119, 86, 20, 31, 41, 105, 111, 27, 51,
       154, 34, 244, 123, 113, 71, 171, 114, 2, 241, 209, 229, 179, 23,
       159, 8, 171, 176, 166, 14, 189, 4, 9, 203, 199, 245, 99, 186, 64,
       84, 67, 31, 255, 155, 152, 93, 61, 232, 37, 174, 196, 60, 135,
       185, 80, 61, 222, 121, 233, 118, 39, 75, 218, 87, 105, 248, 230,
       83, 77, 177, 40, 95, 200, 22, 252, 139, 178, 109, 159, 82, 207,
       161, 212, 253, 251, 112, 241, 252, 106, 227, 230, 69, 98, 234, 80,
       81, 130, 243, 67, 75, 201, 53, 202, 120, 236, 55, 238, 8, 247,
       128, 170, 82, 237, 227, 129, 231, 255, 118, 128, 215, 108, 239,
       69, 70, 114, 239, 80, 97, 194, 246, 198, 89, 46, 151, 59, 62, 229,
       117, 238, 173, 215, 181, 104, 86, 42, 227, 128, 37, 243, 98, 244,
       190, 237, 44, 179, 207, 249, 127, 196, 133, 94, 221, 155, 11, 109,
       123, 139, 233, 219, 215, 195, 122, 118, 250, 162, 247, 193, 236,
       169, 183, 127, 190, 242, 209, 177, 202, 231, 240, 198, 123, 53,
       49, 201, 99, 53, 247, 147, 192, 81, 210, 238, 125, 220, 121, 222,
       193, 46, 238, 233, 166, 192, 40, 130, 226, 27, 42, 141, 18, 158,
       221, 213, 182, 239, 159, 22, 72, 3, 172, 254, 47, 197, 217, 123,
       163, 3, 102, 171, 90, 255, 53, 86, 158, 43, 18, 76, 61, 206, 131,
       141, 46, 223, 18, 208, 174, 230, 157, 0, 68, 130, 172, 174, 52,
       97, 238, 123, 155, 204, 102, 136, 50, 255, 103, 118, 158, 137, 20,
       4, 33, 158, 2, 200, 47, 223, 25, 196, 62, 230, 158, 0, 64, 3, 188,
       222, 53, 96, 236, 123, 51, 197, 102, 138, 18, 255, 37, 62, 154,
       10, 16, 17, 37, 154, 34, 48, 41, 248, 93, 165, 145, 106, 134, 5,
       200, 15, 176, 221, 32, 0, 204, 187, 211, 129, 27, 42, 114, 189,
       213, 151, 152, 58, 25, 9, 54, 250, 135, 91, 106, 156, 199, 150,
       188, 102, 157, 196, 214, 135, 40, 238, 55, 197, 238, 171, 179,
       197, 196, 155, 54, 236, 55, 113, 202, 139, 31, 125, 61, 222, 218,
       92, 154, 190, 11, 245, 24, 86, 149, 14, 222, 31, 239, 255, 35,
       202, 236, 243, 253, 129, 44, 7, 18, 170, 211, 231, 250, 155, 178,
       125, 45, 91, 163, 182, 225, 151, 102, 41, 239, 112, 88, 234, 91,
       254, 241, 44, 222, 38, 95, 238, 54, 175, 185, 254, 237, 171, 28,
       14, 251, 160, 45, 239, 82, 245, 124, 55, 146, 224, 219, 110, 82,
       83, 161, 141, 239, 57, 15, 183, 98, 218, 230, 181, 205, 50, 24,
       203, 144, 138, 219, 245, 37, 87, 162, 239, 174, 3, 23, 111, 233,
       201, 182, 50, 239, 223, 70, 200, 220, 230, 81, 4, 181, 100, 127,
       200, 31, 189, 139, 131, 45, 218, 184, 12, 175, 132, 189, 242, 241,
       253, 82, 184, 187, 254, 11, 220, 21, 103, 189, 87, 236, 25, 190,
       191, 34, 114, 162, 51, 249, 0, 82, 75, 178, 227, 211, 245, 26, 11,
       0, 64, 175, 122, 50, 41, 107, 232, 92, 199, 195, 107, 132, 4, 248,
       11, 51, 157, 53, 32, 88, 184, 19, 225, 72, 171, 80, 28, 113, 12,
       129, 56, 113, 8, 118, 138, 42, 225, 52, 152, 125, 221, 144, 238,
       159, 61, 240, 11, 140, 252, 110, 132, 217, 27, 195, 97, 6, 107,
       90, 213, 31, 87, 27, 127, 82, 12, 95, 206, 182, 255, 37, 179, 205,
       109, 119, 244, 145, 222, 153, 31, 67, 125, 121, 11, 233, 243, 219,
       227, 254, 103, 250, 162, 255, 67, 205, 175, 241, 127, 246, 210,
       194, 190, 188, 95, 170, 249, 181, 191, 222, 59, 22, 120, 252, 179,
       202, 107, 3, 87, 125, 25, 178, 76, 239, 51, 236, 55, 127, 251,
       148, 81, 141, 43, 162, 237, 40, 154, 93, 213, 178, 238, 223, 17,
       96, 11, 160, 156, 54, 32, 201, 43, 19, 65, 102, 42, 114, 255, 103,
       30, 158, 107, 81, 28, 245, 142, 247, 91, 255, 36, 162, 82, 63, 48,
       57, 204, 246, 228, 95, 38, 151, 63, 86, 117, 252, 110, 201, 211,
       181, 8, 216, 251, 103, 128, 236, 245, 35, 117, 44, 92, 213, 251,
       195, 230, 50, 146, 54, 27, 115, 114, 89, 119, 41, 217, 125, 219,
       183, 146, 51, 212, 89, 51, 69, 231, 254, 192, 249, 83, 160, 179,
       210, 93, 123, 156, 106, 244, 191, 102, 189, 196, 222, 162, 60,
       254, 35, 97, 230, 123, 191, 195, 225, 137, 178, 235, 243, 177, 10,
       138, 52, 113, 37, 219, 15, 168, 167, 147, 229, 188, 168, 150, 255,
       89, 83, 80, 236, 218, 220, 236, 229, 75, 58, 29, 147, 220, 175,
       241, 13, 62, 158, 198, 158, 69, 177, 165, 81, 89, 223, 69, 2, 70,
       149, 50, 36, 232, 238, 64, 85, 51, 5, 98, 102, 213, 121, 232, 73,
       137, 17, 76, 241, 174, 102, 22, 97, 114, 33, 43, 70, 182, 172, 17,
       170, 57, 189, 159, 190, 191, 22, 245, 140, 230, 206, 63, 167, 83,
       239, 148, 178, 77, 175, 115, 12, 18, 127, 231, 132, 240, 135, 117,
