%YAML:1.0
---
descriptors: !!opencv-matrix
   rows: 107
   cols: 32
   dt: u
   data: [ 252, 72, 223, 244, 46, 10, 125, 20, 185, 146, 182, 186, 127,
       127, 133, 91, 102, 245, 125, 234, 104, 199, 195, 232, 210, 251,
       230, 144, 39, 241, 98, 33, 240, 112, 19, 168, 11, 205, 80, 72,
       171, 8, 161, 41, 62, 223, 41, 48, 232, 177, 221, 128, 14, 7, 18,
       209, 209, 209, 2, 59, 16, 2, 39, 3, 92, 245, 189, 226, 168, 79,
       95, 184, 43, 248, 185, 73, 223, 255, 73, 50, 151, 213, 125, 114,
       201, 67, 251, 56, 251, 219, 101, 252, 138, 243, 134, 115, 192, 28,
       191, 221, 108, 100, 233, 146, 250, 26, 102, 16, 252, 183, 49, 123,
       225, 118, 123, 8, 33, 101, 179, 225, 71, 187, 210, 8, 208, 249,
       101, 168, 246, 36, 222, 180, 173, 61, 124, 74, 187, 178, 179, 25,
       207, 234, 79, 91, 235, 197, 237, 167, 60, 71, 203, 194, 158, 250,
       199, 63, 192, 125, 106, 6, 240, 64, 22, 44, 104, 11, 70, 120, 117,
       130, 226, 72, 103, 225, 33, 80, 112, 228, 110, 106, 72, 183, 3,
       30, 176, 230, 65, 24, 112, 186, 96, 8, 120, 221, 63, 238, 29, 198,
       83, 50, 133, 76, 174, 0, 115, 119, 33, 112, 192, 242, 93, 106,
       105, 139, 121, 63, 227, 239, 160, 17, 50, 10, 116, 122, 61, 85,
       17, 234, 61, 111, 86, 248, 45, 168, 249, 72, 223, 125, 9, 176,
       220, 213, 92, 106, 137, 35, 89, 190, 251, 221, 1, 62, 90, 187, 66,
       51, 220, 180, 58, 186, 49, 252, 90, 216, 191, 77, 117, 25, 255,
       223, 106, 209, 182, 27, 157, 83, 62, 7, 186, 183, 219, 241, 42,
       75, 146, 7, 175, 83, 97, 96, 56, 69, 60, 31, 71, 56, 107, 232,
       182, 8, 214, 80, 151, 116, 144, 68, 94, 110, 201, 176, 233, 92,
       229, 153, 33, 52, 64, 187, 67, 101, 11, 186, 5, 185, 252, 141,
       168, 223, 30, 89, 80, 245, 189, 130, 240, 192, 199, 11, 51, 29,
       151, 88, 87, 247, 12, 30, 62, 232, 156, 136, 129, 153, 193, 24,
       191, 222, 109, 108, 225, 134, 250, 27, 230, 16, 188, 183, 101,
       107, 193, 118, 122, 8, 33, 102, 243, 225, 69, 186, 210, 8, 208,
       121, 101, 170, 246, 77, 103, 172, 31, 66, 70, 236, 229, 128, 186,
       3, 67, 120, 49, 87, 248, 244, 109, 227, 108, 163, 25, 173, 179,
       226, 199, 23, 37, 63, 244, 6, 85, 235, 27, 226, 48, 142, 107, 176,
       109, 172, 255, 8, 255, 210, 128, 116, 178, 253, 108, 122, 73, 240,
       233, 108, 185, 252, 39, 84, 0, 163, 71, 33, 120, 133, 125, 97,
       149, 106, 71, 47, 97, 39, 175, 24, 211, 53, 8, 50, 17, 150, 72,
       56, 56, 40, 249, 31, 239, 239, 21, 85, 227, 202, 198, 98, 54, 227,
       196, 253, 28, 3, 202, 168, 87, 176, 243, 74, 99, 105, 93, 2, 89,
       204, 117, 227, 42, 242, 207, 157, 136, 254, 197, 180, 125, 186,
       80, 0, 198, 233, 148, 158, 207, 129, 174, 168, 155, 146, 0, 10,
       236, 234, 93, 199, 179, 235, 123, 195, 102, 68, 218, 255, 189, 18,
       207, 123, 20, 51, 27, 6, 46, 160, 121, 193, 237, 105, 185, 9, 15,
       117, 53, 27, 220, 29, 94, 42, 155, 27, 219, 49, 18, 112, 123, 208,
       79, 29, 31, 127, 214, 12, 215, 242, 38, 164, 16, 131, 221, 109,
       184, 105, 62, 53, 49, 27, 204, 122, 72, 8, 187, 11, 203, 49, 54,
       120, 91, 214, 29, 22, 31, 103, 144, 12, 135, 134, 233, 76, 189,
       93, 77, 108, 229, 150, 254, 83, 102, 16, 178, 177, 5, 123, 201,
       76, 106, 8, 33, 244, 243, 35, 69, 186, 80, 0, 200, 248, 66, 168,
       192, 145, 189, 169, 170, 204, 181, 143, 142, 85, 138, 51, 180,
       191, 96, 66, 198, 19, 123, 17, 18, 9, 83, 83, 205, 164, 62, 87,
       144, 0, 133, 123, 202, 172, 188, 122, 169, 253, 17, 142, 171, 63,
       164, 25, 174, 255, 66, 27, 129, 115, 233, 16, 50, 77, 202, 113,
       203, 211, 93, 123, 210, 68, 143, 11, 118, 72, 214, 158, 77, 118,
       214, 232, 185, 134, 178, 11, 74, 250, 45, 223, 249, 213, 239, 227,
       76, 103, 219, 232, 147, 186, 195, 31, 1, 127, 126, 6, 133, 162,
       189, 243, 236, 45, 249, 27, 239, 59, 49, 120, 158, 185, 220, 43,
       175, 27, 126, 25, 179, 116, 203, 211, 76, 154, 127, 244, 212, 200,
       193, 161, 61, 71, 204, 71, 176, 26, 79, 184, 117, 170, 127, 228,
       83, 96, 157, 112, 22, 204, 36, 110, 237, 240, 109, 46, 170, 239,
       101, 132, 111, 243, 88, 5, 101, 34, 149, 178, 172, 45, 64, 8, 175,
       59, 179, 88, 151, 131, 72, 27, 137, 135, 78, 24, 59, 103, 203,
       112, 156, 144, 114, 124, 200, 9, 67, 32, 69, 86, 121, 75, 244,
       190, 239, 184, 77, 201, 127, 102, 81, 125, 156, 100, 119, 236, 22,
       62, 145, 176, 125, 206, 111, 62, 167, 196, 221, 251, 209, 117,
       169, 89, 115, 231, 116, 22, 239, 156, 84, 200, 119, 70, 249, 25,
       189, 161, 94, 76, 22, 110, 225, 244, 125, 173, 103, 233, 166, 128,
       111, 155, 112, 185, 121, 203, 108, 108, 56, 26, 79, 188, 97, 236,
       190, 236, 123, 101, 150, 118, 54, 228, 236, 110, 200, 43, 237, 45,
       242, 255, 37, 144, 107, 166, 106, 125, 25, 77, 118, 252, 181, 134,
       126, 230, 165, 128, 238, 2, 187, 251, 53, 116, 232, 243, 59, 202,
       72, 139, 18, 237, 243, 255, 134, 0, 11, 177, 97, 42, 240, 72, 223,
       253, 108, 40, 109, 20, 169, 146, 242, 90, 251, 107, 21, 91, 107,
       229, 127, 170, 104, 71, 195, 224, 214, 251, 242, 24, 37, 241, 98,
       40, 61, 117, 24, 237, 189, 15, 86, 186, 109, 168, 253, 72, 223,
       89, 9, 176, 220, 212, 92, 106, 201, 34, 89, 190, 247, 221, 37, 60,
       74, 187, 74, 35, 190, 177, 109, 90, 141, 221, 81, 219, 207, 125,
       53, 189, 138, 220, 126, 127, 205, 154, 221, 17, 223, 105, 126,
       209, 203, 89, 21, 255, 243, 12, 212, 87, 117, 227, 212, 191, 220,
       11, 198, 168, 19, 179, 177, 239, 66, 96, 205, 150, 89, 198, 110,
       114, 110, 98, 207, 177, 172, 134, 197, 118, 253, 123, 80, 4, 20,
       0, 150, 172, 184, 43, 154, 73, 158, 163, 241, 25, 207, 235, 32,
       218, 211, 77, 110, 48, 52, 235, 11, 222, 152, 247, 99, 125, 208,
       41, 169, 130, 72, 24, 181, 221, 237, 104, 177, 138, 250, 27, 116,
       48, 188, 183, 197, 123, 195, 95, 122, 24, 3, 124, 226, 225, 69,
       187, 114, 42, 210, 121, 101, 171, 41, 32, 181, 95, 109, 104, 225,
       142, 126, 91, 114, 16, 178, 181, 201, 111, 129, 94, 98, 8, 35,
       244, 243, 33, 71, 250, 112, 0, 194, 120, 70, 170, 50, 97, 81, 225,
       102, 136, 232, 64, 233, 144, 186, 74, 15, 11, 84, 18, 234, 133,
       127, 209, 74, 38, 198, 192, 150, 152, 138, 192, 101, 128, 115, 8,
       137, 160, 149, 179, 236, 233, 169, 159, 30, 51, 17, 152, 157, 226,
       200, 172, 147, 11, 106, 24, 51, 92, 75, 145, 140, 147, 127, 116,
       156, 200, 129, 160, 252, 83, 30, 172, 44, 2, 87, 184, 32, 174,
       198, 105, 83, 87, 171, 83, 244, 212, 109, 226, 108, 215, 193, 8,
       242, 227, 231, 148, 32, 187, 54, 3, 60, 164, 188, 241, 205, 111,
       241, 202, 87, 179, 173, 26, 94, 57, 73, 40, 185, 155, 83, 24, 58,
       114, 89, 146, 223, 207, 81, 117, 243, 73, 66, 162, 205, 118, 57,
       243, 172, 44, 95, 158, 125, 43, 191, 120, 191, 95, 217, 120, 151,
       215, 93, 59, 187, 36, 233, 243, 231, 253, 54, 176, 138, 209, 195,
       33, 181, 120, 213, 65, 168, 31, 70, 152, 103, 186, 182, 104, 211,
       19, 193, 190, 24, 212, 108, 122, 73, 246, 73, 24, 166, 218, 101,
       52, 251, 187, 74, 37, 246, 177, 61, 122, 175, 221, 217, 155, 143,
       121, 181, 127, 26, 157, 222, 121, 205, 155, 245, 17, 159, 42, 250,
       241, 83, 89, 56, 254, 223, 12, 214, 119, 101, 226, 132, 55, 172,
       15, 70, 184, 226, 179, 163, 204, 211, 224, 89, 154, 153, 70, 104,
       95, 239, 101, 223, 49, 172, 26, 85, 124, 200, 251, 218, 4, 246,
       44, 222, 180, 172, 41, 120, 67, 187, 178, 178, 25, 143, 234, 71,
       91, 235, 231, 109, 21, 60, 71, 194, 194, 156, 250, 223, 63, 192,
       105, 99, 2, 88, 60, 59, 245, 49, 238, 113, 55, 57, 235, 126, 57,
       191, 63, 0, 48, 166, 191, 221, 1, 48, 216, 177, 142, 223, 255, 58,
       130, 2, 192, 7, 123, 165, 244, 17, 83, 253, 127, 199, 174, 83,
       235, 168, 24, 210, 120, 93, 188, 153, 66, 80, 58, 47, 102, 121,
       63, 45, 158, 21, 124, 216, 121, 82, 164, 248, 121, 254, 116, 77,
