%YAML:1.0
---
descriptors: !!opencv-matrix
   rows: 182
   cols: 32
   dt: u
   data: [ 48, 15, 191, 222, 188, 215, 87, 242, 215, 140, 252, 32, 226,
       241, 165, 116, 200, 250, 12, 74, 74, 139, 106, 189, 163, 254, 165,
       155, 18, 251, 116, 111, 76, 145, 159, 245, 128, 110, 53, 167, 174,
       187, 74, 0, 213, 55, 8, 107, 167, 87, 121, 16, 17, 216, 147, 36,
       205, 167, 127, 68, 136, 114, 165, 51, 214, 237, 150, 179, 133,
       200, 54, 135, 63, 183, 202, 19, 238, 186, 72, 202, 225, 207, 170,
       83, 118, 88, 155, 227, 189, 54, 222, 71, 128, 92, 173, 14, 21,
       231, 201, 171, 140, 1, 79, 248, 70, 176, 217, 198, 83, 225, 249,
       75, 121, 202, 6, 238, 75, 114, 79, 48, 248, 128, 229, 44, 61, 251,
       240, 160, 70, 228, 214, 223, 127, 130, 190, 168, 159, 176, 26,
       130, 236, 234, 125, 134, 183, 103, 123, 211, 34, 97, 139, 255, 44,
       62, 207, 190, 149, 51, 73, 132, 118, 196, 215, 222, 222, 3, 142,
       236, 27, 162, 208, 202, 124, 234, 61, 17, 63, 253, 53, 227, 225,
       247, 13, 223, 56, 46, 207, 212, 165, 51, 35, 32, 245, 167, 201,
       134, 252, 3, 206, 232, 18, 162, 153, 202, 113, 104, 152, 0, 91,
       196, 87, 239, 104, 103, 77, 222, 120, 14, 173, 188, 237, 251, 210,
       160, 36, 13, 62, 252, 252, 171, 22, 232, 223, 134, 248, 8, 206,
       249, 37, 65, 211, 115, 111, 98, 96, 35, 74, 159, 243, 255, 69, 63,
       84, 250, 37, 131, 26, 149, 87, 225, 147, 198, 111, 183, 37, 225,
       74, 194, 221, 55, 168, 228, 119, 87, 29, 184, 59, 152, 21, 238,
       169, 230, 174, 196, 174, 214, 161, 56, 252, 90, 255, 252, 46, 78,
       93, 176, 169, 222, 182, 255, 95, 23, 161, 91, 238, 245, 125, 226,
       233, 199, 235, 232, 211, 251, 230, 144, 37, 177, 100, 115, 213,
       64, 237, 167, 38, 114, 110, 184, 112, 234, 147, 198, 215, 110,
       153, 123, 118, 197, 124, 239, 237, 212, 237, 40, 214, 235, 235,
       132, 44, 243, 121, 17, 213, 203, 110, 175, 54, 2, 111, 188, 100,
       224, 215, 199, 113, 79, 155, 97, 118, 229, 61, 239, 237, 145, 29,
       111, 240, 171, 239, 132, 45, 179, 56, 17, 124, 224, 252, 106, 141,
       79, 82, 200, 71, 55, 165, 27, 83, 217, 91, 27, 89, 208, 237, 122,
       122, 103, 219, 17, 219, 203, 69, 125, 243, 187, 222, 2, 125, 41,
       253, 66, 140, 79, 71, 216, 66, 180, 165, 10, 83, 81, 89, 50, 88,
       212, 120, 122, 73, 99, 255, 24, 251, 137, 133, 124, 113, 187, 86,
       96, 53, 205, 250, 239, 244, 131, 239, 248, 87, 160, 254, 2, 115,
       105, 155, 48, 126, 238, 23, 234, 216, 178, 109, 191, 126, 173,
       165, 196, 247, 187, 242, 161, 104, 180, 253, 241, 233, 105, 89,
       159, 35, 119, 172, 185, 183, 55, 72, 26, 9, 151, 249, 144, 26, 76,
       251, 51, 79, 215, 85, 117, 242, 192, 198, 250, 252, 180, 149, 246,
       202, 102, 93, 25, 51, 187, 161, 120, 94, 119, 72, 91, 213, 221,
       125, 178, 57, 70, 219, 2, 219, 235, 103, 254, 170, 97, 134, 51,
       220, 68, 151, 254, 172, 46, 71, 184, 191, 178, 3, 80, 223, 115,
       105, 91, 179, 213, 124, 106, 41, 69, 155, 34, 217, 243, 103, 28,
       176, 243, 1, 32, 159, 252, 144, 241, 177, 215, 66, 223, 55, 59,
       140, 112, 143, 147, 192, 164, 177, 154, 220, 152, 127, 221, 25,
       151, 171, 215, 149, 247, 170, 4, 170, 62, 27, 157, 7, 193, 149,
       150, 79, 247, 37, 137, 206, 66, 75, 51, 176, 228, 121, 246, 156,
       184, 121, 153, 49, 206, 187, 255, 134, 192, 171, 198, 168, 60,
       156, 237, 23, 179, 176, 235, 7, 196, 52, 22, 195, 16, 247, 99, 9,
       73, 225, 67, 76, 115, 106, 213, 73, 46, 225, 227, 110, 16, 32, 83,
       165, 34, 25, 139, 18, 249, 55, 155, 40, 255, 94, 41, 94, 102, 173,
       131, 162, 228, 55, 10, 166, 12, 211, 152, 37, 149, 206, 223, 50,
       196, 62, 140, 137, 173, 40, 221, 56, 249, 56, 141, 21, 190, 22,
       61, 76, 24, 182, 49, 8, 100, 133, 26, 23, 8, 98, 56, 115, 63, 237,
       223, 52, 120, 82, 88, 133, 171, 125, 23, 69, 71, 180, 30, 78, 184,
       97, 234, 187, 108, 83, 96, 153, 246, 22, 196, 92, 110, 233, 176,
       253, 46, 174, 239, 37, 148, 111, 243, 82, 37, 18, 65, 221, 229, 3,
       78, 127, 164, 45, 128, 98, 130, 223, 39, 1, 246, 54, 213, 251,
       234, 65, 144, 21, 76, 167, 235, 70, 4, 104, 179, 3, 176, 181, 101,
       81, 69, 228, 31, 199, 249, 96, 170, 248, 72, 83, 120, 157, 178,
       88, 196, 70, 110, 233, 178, 108, 42, 52, 140, 37, 52, 105, 251,
       82, 164, 158, 20, 151, 252, 235, 98, 21, 79, 187, 155, 112, 48,
       92, 119, 40, 123, 231, 147, 181, 160, 56, 207, 2, 192, 209, 243,
       126, 143, 176, 112, 167, 163, 40, 249, 181, 106, 29, 205, 83, 156,
       135, 93, 172, 13, 186, 221, 106, 144, 200, 122, 192, 80, 79, 43,
       122, 49, 235, 213, 20, 123, 82, 30, 86, 219, 82, 152, 146, 178,
       179, 193, 148, 231, 185, 23, 176, 59, 44, 190, 36, 153, 235, 187,
       143, 145, 48, 79, 0, 232, 185, 215, 94, 123, 144, 84, 175, 11,
       173, 253, 115, 74, 239, 89, 231, 252, 203, 146, 61, 104, 90, 252,
       253, 183, 27, 90, 194, 106, 227, 35, 190, 251, 63, 217, 69, 46,
       83, 255, 206, 165, 190, 54, 83, 172, 50, 183, 90, 88, 57, 202,
       241, 253, 111, 199, 161, 149, 254, 185, 133, 166, 237, 7, 16, 223,
       146, 213, 43, 186, 62, 166, 43, 23, 125, 117, 57, 238, 61, 15, 87,
       248, 111, 232, 253, 76, 223, 125, 13, 48, 220, 221, 92, 106, 201,
       35, 121, 190, 243, 255, 39, 60, 72, 59, 67, 51, 86, 172, 148, 183,
       157, 200, 166, 224, 187, 151, 129, 19, 236, 226, 72, 198, 225,
       239, 234, 211, 54, 77, 202, 243, 189, 22, 223, 111, 128, 119, 191,
       14, 118, 164, 197, 158, 94, 3, 207, 232, 83, 162, 248, 202, 115,
       104, 21, 1, 89, 236, 53, 235, 105, 242, 207, 159, 56, 38, 237, 52,
       109, 59, 114, 32, 96, 5, 158, 238, 125, 11, 158, 105, 159, 160,
       249, 9, 206, 235, 40, 80, 210, 125, 111, 34, 48, 99, 91, 222, 251,
       254, 71, 63, 80, 42, 37, 130, 62, 48, 246, 172, 121, 27, 26, 72,
       191, 32, 241, 169, 78, 223, 44, 144, 222, 157, 255, 101, 12, 147,
       8, 153, 211, 255, 9, 183, 82, 47, 42, 211, 2, 162, 69, 155, 252,
       169, 168, 143, 30, 49, 17, 253, 173, 2, 216, 136, 79, 11, 234, 21,
       19, 88, 207, 213, 12, 16, 190, 252, 156, 136, 137, 153, 6, 58,
       138, 177, 136, 164, 57, 18, 166, 135, 206, 133, 173, 239, 99, 72,
       229, 123, 171, 145, 22, 200, 146, 98, 205, 245, 158, 73, 128, 65,
       45, 218, 253, 108, 33, 100, 29, 111, 71, 250, 67, 234, 168, 10,
       115, 113, 81, 48, 89, 230, 92, 106, 105, 39, 249, 62, 249, 140,
       133, 60, 121, 251, 82, 104, 108, 91, 252, 94, 126, 155, 151, 152,
       207, 172, 181, 237, 235, 200, 231, 84, 86, 240, 238, 114, 192, 99,
       78, 184, 126, 219, 37, 186, 127, 187, 72, 17, 213, 6, 149, 254,
       168, 42, 71, 152, 251, 186, 163, 120, 215, 243, 201, 95, 51, 212,
       108, 106, 40, 69, 139, 34, 152, 242, 101, 60, 178, 243, 33, 33,
       76, 32, 245, 65, 242, 106, 171, 64, 42, 183, 35, 152, 213, 39,
       201, 186, 51, 125, 106, 58, 16, 241, 169, 64, 77, 128, 47, 36,
       196, 225, 7, 224, 220, 70, 23, 191, 170, 10, 71, 184, 180, 150,
       131, 96, 215, 99, 137, 79, 51, 196, 108, 234, 104, 197, 75, 46,
       224, 226, 103, 20, 32, 243, 37, 33, 84, 50, 152, 35, 240, 46, 123,
       24, 106, 170, 179, 125, 223, 11, 73, 26, 183, 221, 77, 243, 152,
       244, 201, 64, 204, 213, 35, 164, 232, 243, 3, 129, 90, 186, 188,
       120, 171, 249, 21, 143, 171, 55, 164, 57, 174, 255, 66, 27, 135,
       51, 233, 16, 22, 75, 202, 49, 219, 211, 85, 123, 210, 68, 143, 11,
       222, 88, 255, 244, 46, 44, 125, 20, 185, 218, 182, 186, 255, 191,
       133, 123, 231, 245, 253, 130, 168, 71, 227, 192, 215, 251, 254,
       152, 167, 241, 103, 123, 216, 69, 93, 231, 19, 78, 106, 164, 45,
       160, 238, 2, 91, 19, 1, 114, 56, 213, 120, 234, 105, 148, 149,
       106, 183, 233, 7, 5, 97, 51, 11, 42, 214, 158, 149, 250, 170, 96,
       20, 183, 59, 27, 227, 112, 236, 51, 200, 95, 231, 87, 237, 146,
       50, 207, 75, 99, 249, 182, 94, 199, 128, 113, 167, 43, 228, 29,
