%YAML:1.0
---
descriptors: !!opencv-matrix
   rows: 182
   cols: 32
   dt: u
   data: [ 40, 189, 243, 232, 247, 217, 246, 199, 75, 45, 121, 43, 14,
       253, 100, 148, 187, 155, 134, 16, 82, 58, 138, 209, 63, 212, 5,
       111, 243, 78, 206, 167, 104, 126, 144, 101, 173, 31, 84, 182, 43,
       232, 188, 77, 191, 57, 67, 146, 141, 228, 237, 76, 205, 106, 209,
       152, 239, 221, 117, 189, 202, 252, 74, 91, 25, 159, 90, 110, 243,
       174, 119, 119, 125, 73, 126, 68, 63, 243, 32, 112, 182, 171, 6,
       136, 243, 186, 48, 127, 251, 239, 50, 74, 106, 194, 235, 171, 124,
       113, 154, 188, 58, 207, 23, 232, 174, 140, 168, 9, 222, 215, 35,
       80, 250, 249, 79, 98, 72, 35, 146, 88, 241, 193, 47, 63, 80, 51,
       39, 115, 223, 83, 230, 4, 227, 90, 255, 252, 41, 228, 150, 175,
       73, 12, 159, 183, 54, 197, 253, 231, 197, 209, 189, 200, 54, 121,
       205, 151, 47, 247, 47, 85, 100, 101, 63, 101, 164, 79, 71, 168,
       100, 166, 239, 8, 215, 117, 9, 114, 216, 212, 108, 106, 105, 178,
       249, 12, 229, 235, 37, 20, 96, 250, 70, 98, 93, 90, 223, 228, 2,
       6, 79, 184, 166, 232, 151, 198, 89, 231, 185, 107, 118, 245, 61,
       238, 233, 209, 173, 108, 248, 235, 239, 148, 45, 179, 32, 113,
       215, 76, 135, 158, 7, 150, 46, 162, 189, 194, 194, 150, 125, 102,
       53, 239, 102, 229, 57, 239, 229, 197, 55, 238, 177, 106, 206, 0,
       63, 245, 33, 92, 218, 6, 142, 181, 130, 50, 188, 23, 184, 215,
       146, 247, 141, 38, 66, 203, 39, 71, 237, 149, 52, 221, 135, 194,
       220, 99, 254, 193, 172, 117, 169, 83, 118, 97, 59, 204, 121, 93,
       90, 104, 175, 232, 180, 8, 206, 222, 45, 116, 220, 249, 255, 226,
       77, 3, 234, 252, 179, 241, 139, 191, 16, 43, 46, 151, 248, 76, 20,
       190, 13, 205, 70, 166, 151, 50, 134, 24, 174, 179, 33, 207, 200,
       242, 234, 66, 104, 47, 82, 187, 145, 243, 82, 27, 18, 89, 12, 14,
       90, 249, 26, 234, 59, 193, 26, 64, 171, 4, 168, 169, 46, 223, 100,
       80, 230, 177, 221, 208, 78, 3, 154, 241, 219, 209, 10, 123, 49, 3,
       47, 83, 37, 99, 201, 35, 52, 139, 226, 8, 70, 97, 123, 232, 179,
       73, 153, 128, 24, 10, 70, 93, 139, 176, 77, 61, 140, 205, 33, 240,
       212, 139, 82, 160, 191, 92, 237, 71, 210, 23, 223, 188, 17, 230,
       247, 254, 91, 125, 159, 33, 95, 220, 181, 238, 237, 246, 125, 174,
       123, 79, 229, 148, 111, 255, 214, 241, 1, 189, 63, 124, 97, 206,
       117, 119, 173, 93, 110, 4, 190, 183, 32, 112, 164, 59, 83, 12, 83,
       153, 50, 93, 243, 255, 80, 2, 72, 64, 167, 251, 109, 100, 185,
       109, 56, 47, 79, 184, 82, 170, 41, 72, 215, 113, 89, 49, 157, 92,
       124, 110, 106, 116, 249, 31, 237, 223, 37, 60, 80, 251, 66, 32,
       49, 143, 79, 238, 182, 131, 79, 247, 196, 72, 218, 230, 113, 234,
       176, 96, 126, 170, 30, 204, 219, 171, 36, 191, 248, 237, 166, 192,
       61, 138, 240, 57, 178, 76, 94, 94, 73, 197, 150, 98, 159, 6, 240,
       19, 96, 252, 39, 1, 232, 179, 195, 194, 108, 47, 26, 255, 19, 26,
       202, 59, 81, 57, 110, 142, 31, 251, 1, 186, 59, 141, 26, 226, 171,
       92, 152, 237, 172, 198, 67, 180, 167, 107, 220, 199, 71, 11, 138,
       253, 184, 212, 15, 186, 26, 20, 3, 93, 128, 0, 191, 119, 164, 111,
       101, 48, 236, 179, 99, 25, 215, 57, 16, 123, 193, 86, 121, 42, 56,
       244, 91, 12, 197, 235, 116, 16, 192, 232, 69, 34, 91, 255, 35, 48,
       187, 217, 28, 166, 171, 253, 138, 237, 175, 142, 194, 246, 167,
       207, 253, 213, 223, 73, 166, 244, 186, 84, 159, 255, 174, 20, 171,
       93, 145, 132, 106, 241, 20, 143, 105, 39, 118, 225, 70, 18, 51, 8,
       50, 96, 113, 174, 58, 157, 255, 188, 53, 31, 223, 175, 146, 68,
       169, 136, 112, 168, 8, 57, 62, 113, 113, 221, 113, 55, 169, 77,
       116, 29, 190, 159, 2, 16, 132, 51, 221, 0, 8, 248, 112, 172, 199,
       217, 48, 3, 66, 4, 199, 123, 201, 20, 21, 189, 56, 46, 122, 50,
       237, 74, 114, 85, 255, 59, 2, 243, 135, 69, 108, 44, 165, 228,
       209, 15, 166, 251, 98, 16, 72, 164, 75, 17, 93, 191, 125, 215,
       182, 246, 111, 183, 118, 249, 31, 98, 121, 119, 152, 96, 39, 118,
       93, 154, 243, 152, 41, 255, 111, 15, 167, 196, 175, 211, 249, 57,
       95, 247, 163, 176, 187, 208, 92, 239, 171, 253, 154, 253, 143,
       190, 90, 178, 167, 207, 253, 149, 223, 75, 134, 212, 184, 212,
       191, 255, 166, 4, 171, 87, 49, 33, 41, 233, 77, 100, 225, 65, 196,
       17, 245, 18, 144, 154, 84, 43, 232, 136, 82, 153, 11, 50, 242,
       192, 85, 185, 146, 45, 81, 11, 118, 162, 201, 20, 21, 53, 56, 94,
       107, 48, 253, 90, 34, 84, 223, 50, 144, 243, 135, 69, 124, 45,
       165, 196, 241, 13, 173, 250, 98, 80, 72, 160, 3, 53, 101, 164,
       249, 100, 84, 15, 67, 152, 115, 165, 164, 8, 19, 243, 65, 48, 25,
       204, 64, 120, 42, 82, 248, 10, 95, 141, 37, 60, 226, 163, 66, 162,
       13, 20, 255, 81, 230, 127, 245, 27, 94, 179, 63, 26, 218, 117,
       221, 47, 55, 22, 118, 56, 49, 244, 57, 64, 79, 139, 117, 69, 195,
       232, 201, 161, 49, 128, 237, 77, 20, 6, 233, 123, 86, 237, 214, 2,
       113, 41, 182, 101, 120, 140, 51, 173, 169, 250, 117, 157, 93, 46,
       243, 132, 63, 168, 112, 124, 188, 132, 108, 89, 13, 127, 211, 232,
       87, 54, 165, 26, 66, 89, 62, 141, 89, 144, 195, 42, 42, 103, 123,
       151, 83, 219, 193, 127, 83, 237, 94, 230, 10, 158, 26, 187, 213,
       167, 178, 231, 30, 13, 88, 23, 172, 239, 34, 64, 221, 59, 131, 17,
       54, 152, 65, 255, 111, 119, 154, 67, 144, 76, 189, 155, 201, 201,
       83, 220, 101, 156, 110, 37, 249, 0, 98, 64, 191, 210, 48, 244, 98,
       110, 50, 78, 65, 188, 146, 235, 36, 184, 2, 8, 90, 176, 235, 172,
       16, 153, 63, 126, 19, 204, 55, 103, 172, 1, 236, 0, 62, 183, 32,
       112, 166, 51, 123, 192, 82, 137, 50, 117, 243, 173, 18, 11, 48, 2,
       167, 122, 205, 122, 244, 119, 44, 28, 239, 152, 211, 250, 52, 102,
       251, 217, 219, 171, 55, 100, 125, 254, 225, 100, 174, 170, 102,
       203, 229, 188, 111, 255, 81, 113, 122, 53, 51, 172, 27, 221, 87,
       105, 173, 196, 189, 11, 206, 223, 34, 212, 250, 185, 223, 99, 72,
       35, 242, 222, 179, 213, 11, 63, 82, 46, 39, 246, 31, 251, 65, 62,
       123, 153, 94, 240, 175, 124, 184, 237, 47, 206, 67, 144, 166, 235,
       221, 199, 207, 11, 14, 189, 186, 209, 41, 187, 122, 23, 15, 223,
       36, 125, 157, 109, 156, 15, 71, 184, 91, 160, 36, 72, 214, 51, 1,
       57, 145, 108, 104, 106, 41, 240, 249, 60, 229, 158, 69, 52, 216,
       123, 66, 34, 71, 169, 239, 151, 162, 160, 175, 135, 190, 247, 27,
       247, 253, 238, 222, 107, 39, 103, 61, 151, 183, 216, 175, 225,
       140, 54, 223, 192, 172, 247, 129, 85, 168, 196, 52, 126, 9, 229,
       148, 236, 158, 23, 160, 25, 238, 218, 44, 1, 201, 51, 227, 1, 106,
       111, 90, 247, 209, 210, 90, 59, 81, 88, 101, 138, 90, 74, 198,
       188, 42, 16, 60, 230, 173, 134, 210, 231, 45, 174, 167, 207, 102,
       245, 237, 197, 68, 207, 135, 234, 176, 99, 250, 139, 39, 245, 45,
       95, 130, 190, 158, 153, 217, 181, 184, 199, 190, 23, 74, 145, 172,
       170, 98, 200, 229, 59, 163, 145, 22, 216, 2, 245, 13, 50, 30, 75,
       144, 68, 173, 206, 143, 130, 2, 216, 81, 180, 184, 66, 127, 73,
       113, 84, 168, 202, 62, 236, 253, 41, 146, 145, 183, 148, 22, 215,
       12, 30, 154, 195, 219, 5, 107, 132, 237, 108, 229, 85, 236, 111,
       237, 154, 83, 250, 182, 24, 210, 49, 213, 111, 81, 68, 120, 62,
       185, 116, 253, 154, 79, 62, 245, 116, 198, 249, 80, 100, 111, 190,
       180, 88, 251, 213, 146, 202, 155, 255, 180, 189, 42, 252, 95, 191,
       141, 243, 253, 85, 190, 111, 170, 243, 27, 95, 221, 255, 219, 125,
       94, 87, 231, 164, 237, 79, 252, 55, 207, 191, 83, 251, 157, 28,
       209, 125, 222, 39, 93, 70, 123, 188, 251, 74, 253, 223, 111, 30,
       237, 252, 199, 240, 210, 244, 47, 102, 226, 8, 119, 59, 242, 72,
       95, 234, 252, 239, 74, 200, 183, 172, 250, 168, 150, 127, 133,
       183, 4, 218, 22, 93, 163, 171, 223, 127, 122, 133, 122, 113, 50,
       172, 105, 223, 151, 72, 239, 232, 180, 9, 222, 222, 47, 116, 220,
