%YAML:1.0
---
descriptors: !!opencv-matrix
   rows: 221
   cols: 32
   dt: u
   data: [ 84, 81, 126, 229, 52, 78, 127, 152, 100, 236, 222, 163, 215,
       79, 59, 64, 118, 213, 61, 255, 204, 145, 169, 12, 242, 239, 175,
       133, 36, 179, 45, 83, 87, 149, 231, 133, 146, 102, 175, 190, 60,
       96, 90, 198, 213, 38, 156, 96, 54, 199, 62, 237, 149, 153, 53,
       206, 188, 46, 238, 196, 173, 230, 177, 117, 240, 52, 158, 184, 42,
       233, 16, 74, 170, 25, 160, 57, 158, 222, 96, 91, 170, 177, 237, 0,
       30, 107, 154, 81, 209, 209, 91, 123, 80, 0, 47, 27, 126, 122, 148,
       206, 155, 115, 158, 200, 131, 232, 157, 170, 73, 119, 205, 190,
       93, 213, 253, 226, 9, 71, 235, 248, 179, 231, 237, 191, 179, 255,
       190, 53, 237, 37, 120, 99, 125, 95, 222, 56, 121, 168, 191, 8,
       203, 89, 29, 176, 216, 196, 212, 106, 236, 246, 249, 154, 39, 217,
       5, 53, 67, 191, 74, 134, 35, 167, 19, 139, 213, 163, 162, 79, 30,
       9, 121, 70, 32, 200, 60, 132, 253, 10, 2, 145, 22, 186, 72, 223,
       44, 20, 142, 226, 213, 78, 249, 141, 44, 6, 108, 105, 116, 63, 88,
       24, 101, 170, 255, 77, 219, 73, 147, 57, 216, 140, 198, 58, 140,
       182, 65, 156, 199, 219, 33, 149, 234, 235, 90, 131, 216, 162, 158,
       188, 40, 188, 88, 23, 255, 29, 182, 24, 191, 179, 0, 218, 135,
       183, 108, 24, 30, 77, 195, 19, 219, 251, 114, 217, 0, 128, 135,
       11, 234, 90, 188, 126, 105, 252, 157, 50, 139, 222, 180, 61, 174,
       189, 215, 191, 135, 117, 253, 7, 229, 111, 242, 233, 211, 123,
       121, 187, 70, 244, 15, 95, 230, 62, 244, 80, 237, 189, 81, 90,
       203, 187, 180, 88, 42, 153, 212, 31, 137, 246, 127, 24, 170, 111,
       242, 178, 95, 218, 213, 186, 203, 200, 86, 47, 253, 181, 225, 68,
       254, 51, 207, 250, 83, 234, 189, 238, 91, 104, 215, 167, 127, 204,
       86, 238, 237, 99, 237, 158, 58, 79, 165, 188, 127, 254, 122, 221,
       49, 12, 233, 69, 84, 91, 195, 122, 87, 226, 254, 74, 115, 41, 148,
       36, 120, 204, 118, 104, 169, 242, 125, 159, 62, 174, 165, 0, 103,
       170, 80, 236, 100, 58, 232, 229, 72, 10, 75, 48, 34, 164, 167,
       173, 195, 39, 193, 18, 20, 212, 109, 234, 24, 210, 233, 8, 197,
       166, 229, 181, 164, 162, 86, 114, 77, 113, 61, 101, 36, 14, 119,
       184, 105, 232, 118, 68, 215, 53, 9, 49, 180, 84, 124, 110, 193,
       176, 185, 12, 231, 251, 97, 4, 72, 179, 67, 115, 153, 146, 197,
       189, 180, 58, 120, 55, 62, 115, 210, 247, 255, 46, 144, 250, 199,
       247, 60, 133, 189, 220, 101, 141, 142, 227, 250, 128, 172, 236,
       152, 89, 101, 113, 57, 103, 116, 79, 115, 56, 104, 236, 127, 40,
       210, 21, 137, 48, 216, 28, 84, 106, 201, 176, 241, 14, 103, 189,
       33, 4, 64, 171, 70, 243, 135, 148, 110, 155, 110, 54, 249, 232,
       221, 91, 145, 151, 88, 108, 190, 111, 255, 193, 191, 167, 182,
       231, 63, 245, 18, 58, 219, 207, 213, 111, 117, 247, 102, 168, 104,
       18, 207, 217, 240, 199, 203, 117, 37, 153, 170, 204, 94, 158, 139,
       171, 195, 21, 22, 111, 254, 241, 31, 89, 21, 123, 215, 12, 222,
       206, 253, 114, 140, 166, 141, 62, 70, 144, 107, 184, 3, 77, 199,
       120, 91, 154, 145, 196, 124, 127, 188, 69, 217, 2, 186, 219, 101,
       118, 168, 127, 90, 2, 81, 213, 91, 236, 52, 134, 79, 53, 68, 105,
       219, 102, 117, 55, 176, 96, 86, 164, 62, 44, 217, 155, 97, 159,
       240, 174, 162, 192, 60, 138, 240, 57, 125, 95, 101, 68, 172, 95,
       79, 184, 65, 234, 191, 238, 75, 101, 157, 183, 94, 212, 252, 110,
       201, 35, 109, 172, 178, 251, 229, 148, 103, 255, 80, 117, 108, 33,
       120, 101, 125, 95, 86, 56, 97, 168, 247, 8, 219, 57, 31, 57, 216,
       220, 68, 106, 140, 242, 249, 12, 231, 217, 37, 53, 65, 187, 94,
       131, 223, 115, 226, 69, 163, 18, 63, 84, 49, 230, 94, 167, 73,
       142, 215, 150, 54, 221, 245, 238, 196, 212, 165, 202, 118, 105,
       175, 135, 47, 247, 47, 213, 192, 146, 175, 95, 172, 190, 177, 191,
       214, 91, 214, 117, 243, 245, 184, 107, 77, 86, 110, 12, 187, 237,
       127, 61, 203, 187, 118, 76, 216, 232, 244, 123, 189, 112, 215, 95,
       14, 51, 69, 88, 87, 242, 118, 102, 83, 241, 189, 238, 91, 236,
       126, 106, 233, 244, 255, 168, 6, 234, 69, 4, 127, 251, 120, 37,
       10, 216, 63, 255, 116, 133, 59, 246, 191, 9, 86, 98, 188, 215,
       161, 96, 230, 123, 63, 200, 131, 152, 34, 253, 196, 255, 58, 138,
       16, 137, 33, 185, 97, 138, 141, 61, 172, 239, 97, 151, 87, 127,
       118, 124, 246, 229, 130, 121, 201, 46, 110, 28, 155, 252, 107, 49,
       204, 251, 112, 80, 208, 200, 212, 113, 120, 174, 158, 244, 173,
       189, 84, 55, 251, 191, 180, 89, 175, 187, 64, 147, 133, 167, 204,
       4, 60, 107, 210, 191, 219, 219, 112, 59, 66, 72, 202, 11, 254,
       161, 248, 18, 203, 249, 248, 207, 235, 85, 164, 155, 40, 202, 95,
       158, 163, 203, 232, 144, 22, 111, 190, 241, 27, 89, 21, 127, 231,
       68, 238, 70, 191, 119, 108, 69, 254, 27, 207, 248, 80, 234, 190,
       238, 83, 40, 151, 163, 127, 196, 220, 238, 237, 226, 237, 142, 62,
       75, 229, 180, 111, 255, 90, 213, 255, 55, 236, 229, 172, 27, 206,
       56, 80, 254, 183, 254, 211, 44, 151, 171, 95, 196, 252, 239, 237,
       229, 237, 140, 174, 203, 237, 149, 111, 255, 90, 213, 255, 118,
       172, 167, 172, 62, 94, 157, 59, 254, 151, 221, 207, 108, 219, 139,
       149, 197, 253, 53, 173, 84, 253, 138, 174, 219, 237, 181, 142,
       255, 154, 85, 253, 95, 224, 100, 254, 19, 207, 190, 81, 234, 190,
       238, 83, 121, 151, 52, 95, 198, 54, 238, 237, 51, 109, 174, 126,
       111, 229, 180, 111, 255, 216, 93, 159, 255, 238, 150, 246, 242,
       190, 247, 144, 210, 93, 247, 125, 254, 255, 175, 127, 251, 151,
       211, 245, 223, 46, 239, 58, 71, 255, 199, 175, 247, 191, 213, 126,
       182, 164, 162, 169, 61, 30, 184, 27, 255, 157, 253, 207, 110, 90,
       147, 221, 215, 253, 247, 254, 71, 219, 179, 186, 211, 239, 255,
       154, 87, 154, 87, 151, 95, 229, 151, 142, 55, 142, 189, 215, 242,
       146, 246, 73, 108, 157, 239, 127, 197, 253, 239, 237, 231, 127,
       234, 184, 10, 239, 148, 175, 253, 177, 93, 227, 190, 213, 84, 236,
       173, 225, 222, 171, 251, 180, 252, 190, 183, 198, 31, 143, 231,
       110, 28, 35, 111, 234, 242, 156, 154, 117, 254, 201, 232, 66, 253,
       167, 186, 220, 81, 232, 169, 161, 222, 170, 251, 180, 252, 150,
       246, 207, 63, 15, 74, 118, 28, 179, 110, 238, 112, 76, 26, 119,
       252, 216, 232, 67, 245, 217, 60, 23, 48, 137, 172, 80, 150, 235,
       27, 160, 92, 191, 178, 64, 187, 161, 167, 108, 20, 191, 79, 146,
       49, 144, 251, 80, 122, 202, 85, 139, 15, 1, 171, 107, 201, 100,
       174, 107, 23, 102, 77, 126, 64, 177, 195, 84, 80, 114, 170, 55,
       156, 147, 152, 231, 113, 79, 189, 162, 192, 136, 130, 208, 168,
       205, 85, 61, 101, 32, 14, 127, 56, 105, 200, 127, 72, 223, 23,
       129, 115, 180, 84, 124, 110, 225, 240, 185, 12, 231, 251, 33, 132,
       72, 179, 66, 113, 44, 6, 124, 109, 100, 63, 115, 26, 117, 174,
       127, 29, 211, 9, 147, 24, 24, 164, 199, 62, 168, 180, 65, 10, 70,
       223, 33, 21, 251, 233, 90, 131, 56, 188, 186, 250, 217, 253, 81,
       215, 215, 83, 188, 24, 63, 223, 98, 184, 201, 186, 215, 16, 27,
       111, 114, 179, 219, 221, 16, 123, 243, 72, 206, 186, 78, 115, 112,
       101, 35, 30, 126, 56, 105, 236, 63, 237, 207, 95, 158, 180, 150,
       85, 253, 103, 196, 240, 237, 204, 103, 249, 33, 135, 102, 182, 71,
       119, 77, 98, 152, 103, 168, 62, 79, 144, 105, 170, 183, 72, 223,
       99, 217, 122, 150, 196, 108, 110, 201, 212, 233, 8, 230, 251, 101,
       148, 136, 243, 67, 33, 189, 183, 109, 227, 244, 30, 79, 255, 82,
       247, 29, 222, 115, 101, 218, 49, 127, 206, 20, 190, 251, 126, 125,
       63, 252, 203, 231, 100, 45, 200, 242, 120, 98, 173, 185, 243, 189,
       205, 93, 175, 155, 189, 188, 25, 174, 205, 92, 18, 141, 219, 253,
       17, 90, 107, 234, 247, 255, 221, 157, 255, 194, 12, 214, 123, 120,
       184, 191, 240, 137, 236, 81, 211, 163, 91, 164, 25, 63, 159, 64,
