%YAML:1.0
---
descriptors: !!opencv-matrix
   rows: 253
   cols: 32
   dt: u
   data: [ 92, 249, 149, 163, 168, 12, 71, 148, 34, 185, 163, 96, 223,
       119, 72, 250, 7, 223, 108, 90, 91, 80, 219, 32, 233, 161, 103,
       100, 168, 179, 163, 49, 44, 175, 121, 103, 116, 79, 127, 184, 116,
       238, 126, 9, 115, 103, 19, 17, 28, 228, 71, 110, 232, 178, 121,
       63, 103, 207, 37, 20, 115, 251, 70, 248, 236, 45, 124, 117, 172,
       15, 92, 48, 105, 254, 182, 29, 215, 45, 83, 27, 142, 197, 109,
       110, 252, 229, 209, 40, 195, 219, 117, 49, 64, 249, 202, 83, 10,
       159, 53, 179, 187, 209, 190, 239, 158, 247, 24, 247, 236, 254,
       230, 164, 167, 51, 219, 145, 247, 73, 46, 255, 172, 87, 95, 255,
       148, 68, 141, 223, 211, 124, 5, 158, 42, 164, 45, 166, 171, 82,
       136, 221, 172, 134, 71, 95, 167, 231, 125, 199, 231, 77, 182, 115,
       176, 48, 94, 186, 8, 85, 35, 93, 42, 146, 166, 156, 93, 151, 201,
       123, 83, 245, 196, 143, 97, 237, 118, 197, 93, 172, 179, 157, 137,
       250, 247, 157, 11, 119, 209, 60, 223, 172, 92, 252, 40, 16, 255,
       77, 116, 87, 241, 90, 86, 229, 119, 6, 113, 29, 181, 104, 124, 28,
       51, 8, 128, 252, 117, 157, 71, 171, 176, 0, 119, 136, 116, 250,
       147, 26, 206, 189, 218, 34, 40, 126, 22, 181, 214, 247, 77, 234,
       178, 74, 119, 237, 191, 173, 180, 222, 143, 220, 220, 34, 255,
       196, 189, 180, 185, 221, 188, 237, 96, 74, 221, 241, 214, 204,
       195, 4, 237, 10, 106, 216, 63, 164, 216, 250, 147, 114, 78, 35,
       126, 189, 115, 89, 133, 123, 83, 31, 254, 166, 57, 196, 97, 69,
       85, 87, 207, 120, 83, 226, 252, 90, 83, 117, 156, 165, 125, 204,
       18, 238, 169, 242, 125, 158, 62, 110, 133, 36, 119, 239, 114, 236,
       68, 143, 89, 227, 224, 14, 111, 191, 48, 170, 126, 72, 87, 51,
       128, 81, 55, 222, 53, 46, 88, 154, 233, 46, 253, 173, 101, 196,
       32, 226, 226, 41, 130, 88, 126, 158, 95, 213, 186, 64, 159, 85,
       69, 151, 236, 222, 62, 205, 238, 121, 147, 195, 230, 207, 58, 245,
       23, 115, 218, 11, 23, 13, 61, 254, 125, 109, 233, 167, 244, 78,
       71, 191, 50, 236, 252, 9, 115, 103, 83, 112, 217, 206, 85, 126,
       126, 218, 233, 62, 255, 237, 165, 101, 160, 250, 214, 106, 253,
       93, 42, 172, 28, 70, 95, 252, 196, 66, 238, 5, 243, 243, 59, 97,
       216, 228, 95, 239, 233, 167, 120, 47, 241, 233, 166, 24, 24, 251,
       120, 90, 70, 190, 213, 151, 166, 234, 176, 171, 223, 179, 18, 242,
       236, 248, 204, 207, 167, 127, 174, 17, 55, 252, 143, 247, 12, 54,
       95, 231, 172, 108, 9, 13, 40, 165, 49, 233, 215, 195, 177, 111,
       95, 97, 125, 18, 152, 221, 44, 164, 217, 27, 147, 145, 19, 186,
       120, 213, 111, 148, 142, 103, 87, 10, 245, 242, 129, 135, 46, 239,
       52, 150, 108, 53, 92, 76, 94, 70, 241, 106, 190, 97, 252, 34, 30,
       173, 252, 152, 37, 223, 230, 251, 170, 128, 24, 138, 248, 77, 221,
       120, 253, 101, 34, 30, 95, 50, 40, 230, 70, 236, 159, 55, 131,
       115, 38, 117, 253, 78, 193, 220, 229, 40, 230, 235, 101, 132, 46,
       176, 3, 113, 11, 30, 247, 157, 227, 246, 61, 119, 189, 94, 94,
       247, 108, 191, 39, 77, 103, 63, 183, 129, 180, 220, 38, 239, 118,
       127, 250, 131, 167, 244, 165, 223, 180, 107, 248, 96, 206, 19, 86,
       220, 67, 178, 180, 11, 83, 217, 79, 27, 89, 220, 103, 122, 72,
       103, 203, 16, 123, 201, 101, 61, 119, 251, 90, 130, 75, 132, 142,
       189, 173, 188, 184, 39, 238, 91, 94, 21, 172, 184, 118, 207, 135,
       39, 251, 13, 182, 237, 147, 195, 142, 127, 90, 203, 142, 76, 153,
       93, 9, 149, 19, 249, 177, 198, 41, 55, 60, 73, 74, 82, 189, 55,
       32, 96, 208, 59, 27, 152, 51, 152, 17, 223, 237, 230, 186, 64,
       154, 0, 161, 59, 237, 126, 81, 69, 34, 15, 103, 58, 120, 234, 54,
       124, 151, 17, 129, 183, 6, 84, 108, 110, 225, 244, 225, 10, 164,
       171, 97, 52, 106, 241, 66, 49, 32, 132, 59, 83, 116, 237, 243, 71,
       254, 9, 123, 16, 190, 221, 44, 32, 185, 58, 2, 16, 34, 188, 48,
       255, 111, 159, 48, 3, 208, 72, 213, 235, 42, 188, 115, 241, 246,
       233, 243, 103, 25, 239, 252, 170, 175, 189, 164, 148, 175, 187,
       199, 17, 58, 186, 96, 239, 190, 214, 52, 243, 199, 200, 199, 235,
       179, 146, 229, 95, 44, 235, 193, 31, 87, 253, 83, 114, 243, 28,
       148, 109, 95, 190, 54, 25, 187, 252, 101, 149, 132, 250, 251, 194,
       245, 136, 84, 109, 221, 75, 158, 188, 38, 26, 124, 163, 252, 50,
       86, 2, 223, 162, 163, 243, 162, 229, 172, 111, 101, 221, 133, 200,
       176, 227, 111, 133, 44, 112, 41, 5, 221, 93, 122, 227, 132, 46,
       111, 152, 41, 230, 191, 143, 219, 71, 155, 86, 127, 196, 95, 238,
       233, 151, 61, 106, 247, 169, 167, 4, 43, 243, 227, 112, 3, 159,
       82, 207, 246, 178, 190, 247, 79, 73, 121, 230, 236, 234, 190, 164,
       254, 107, 150, 205, 215, 184, 44, 255, 46, 60, 174, 194, 95, 198,
       233, 157, 199, 44, 171, 26, 138, 252, 191, 130, 190, 198, 198,
       144, 252, 214, 247, 120, 39, 127, 123, 223, 161, 69, 190, 98, 213,
       38, 63, 136, 132, 113, 39, 124, 131, 16, 39, 147, 100, 230, 169,
       23, 108, 81, 67, 210, 144, 22, 212, 108, 102, 12, 59, 157, 147,
       148, 119, 192, 5, 56, 154, 192, 140, 132, 177, 244, 51, 200, 240,
       79, 61, 20, 142, 237, 75, 72, 252, 70, 42, 216, 182, 244, 216,
       106, 134, 75, 207, 171, 252, 251, 34, 124, 150, 59, 95, 30, 250,
       140, 45, 116, 176, 69, 85, 31, 230, 20, 121, 234, 110, 76, 214,
       16, 21, 180, 144, 76, 80, 110, 197, 244, 209, 10, 39, 253, 5, 48,
       74, 59, 202, 132, 93, 249, 152, 99, 184, 28, 78, 188, 162, 176,
       175, 72, 223, 83, 201, 182, 23, 220, 236, 122, 75, 80, 217, 33,
       238, 201, 37, 116, 42, 179, 138, 32, 161, 210, 253, 223, 110, 159,
       233, 28, 86, 117, 83, 246, 243, 12, 156, 105, 94, 156, 62, 89,
       155, 244, 127, 49, 5, 42, 251, 64, 245, 137, 84, 125, 0, 156, 183,
       216, 116, 237, 179, 83, 254, 9, 114, 82, 182, 221, 52, 44, 185,
       58, 2, 25, 51, 188, 18, 255, 69, 158, 18, 66, 208, 9, 197, 179,
       35, 142, 4, 223, 124, 166, 200, 55, 93, 9, 219, 86, 224, 40, 180,
       229, 201, 174, 54, 141, 173, 190, 69, 255, 4, 62, 250, 194, 157,
       136, 120, 141, 32, 237, 108, 103, 116, 79, 111, 184, 116, 232,
       246, 8, 115, 117, 145, 49, 88, 228, 87, 238, 104, 184, 105, 63,
       111, 143, 229, 20, 97, 171, 70, 168, 63, 87, 67, 172, 238, 23, 78,
       120, 133, 202, 216, 231, 75, 206, 177, 176, 94, 233, 151, 239,
       237, 131, 68, 142, 178, 109, 175, 156, 63, 255, 122, 213, 244, 79,
       115, 206, 118, 234, 183, 112, 205, 142, 255, 234, 111, 213, 165,
       116, 126, 245, 6, 98, 224, 163, 44, 142, 243, 230, 33, 155, 119,
       251, 37, 225, 61, 165, 121, 106, 178, 19, 79, 121, 117, 96, 253,
       202, 91, 71, 184, 52, 126, 152, 22, 238, 203, 146, 45, 223, 242,
       205, 37, 180, 119, 162, 226, 33, 100, 161, 248, 229, 244, 79, 99,
       189, 114, 237, 111, 8, 215, 53, 74, 112, 80, 204, 71, 120, 88,
       250, 233, 12, 239, 173, 37, 100, 224, 170, 214, 227, 189, 75, 107,
       237, 38, 18, 79, 176, 1, 64, 246, 231, 83, 109, 183, 33, 126, 228,
       23, 238, 205, 178, 101, 168, 114, 233, 224, 144, 111, 191, 120,
       241, 17, 149, 27, 235, 144, 230, 34, 55, 52, 1, 79, 66, 245, 51,
       40, 224, 81, 58, 26, 136, 123, 152, 17, 127, 169, 191, 150, 66,
       56, 66, 169, 40, 127, 191, 250, 103, 178, 22, 95, 183, 97, 232,
       62, 237, 127, 125, 151, 48, 150, 127, 245, 111, 221, 216, 189, 44,
       234, 239, 37, 146, 238, 246, 138, 121, 147, 10, 206, 191, 158, 38,
       104, 127, 22, 235, 211, 215, 89, 42, 146, 201, 125, 239, 63, 175,
       189, 220, 95, 252, 92, 34, 255, 196, 61, 245, 184, 156, 85, 221,
       189, 119, 188, 79, 87, 188, 206, 250, 191, 108, 247, 121, 139, 99,
       129, 70, 124, 99, 253, 97, 251, 60, 235, 203, 101, 52, 232, 123,
       217, 83, 50, 222, 84, 141, 123, 139, 58, 234, 141, 4, 248, 207,
       44, 139, 39, 149, 238, 169, 131, 231, 70, 171, 16, 253, 54, 50,
