%YAML:1.0
---
descriptors: !!opencv-matrix
   rows: 265
   cols: 32
   dt: u
   data: [ 216, 252, 17, 250, 25, 205, 19, 190, 62, 104, 130, 24, 191,
       151, 64, 113, 181, 213, 125, 80, 123, 77, 248, 55, 249, 225, 46,
       124, 16, 16, 5, 58, 33, 204, 185, 219, 188, 241, 84, 183, 87, 91,
       124, 32, 162, 240, 166, 100, 195, 58, 22, 24, 95, 136, 103, 183,
       174, 254, 52, 219, 146, 216, 220, 237, 16, 230, 203, 225, 146, 66,
       107, 238, 52, 225, 218, 163, 21, 39, 136, 64, 127, 223, 29, 240,
       11, 153, 5, 47, 248, 135, 190, 197, 165, 144, 37, 56, 43, 159,
       102, 12, 191, 159, 151, 255, 141, 196, 200, 237, 238, 236, 182,
       132, 158, 227, 203, 109, 250, 43, 86, 255, 184, 84, 13, 122, 94,
       174, 128, 125, 61, 207, 115, 207, 246, 203, 239, 248, 85, 228,
       126, 198, 121, 101, 189, 100, 126, 254, 23, 234, 201, 178, 125,
       255, 125, 236, 167, 132, 119, 187, 116, 225, 7, 243, 27, 162, 114,
       141, 191, 245, 174, 57, 59, 106, 84, 223, 104, 0, 174, 57, 87,
       227, 211, 51, 136, 85, 61, 12, 47, 238, 73, 2, 163, 163, 76, 145,
       151, 245, 169, 238, 53, 167, 174, 57, 10, 33, 213, 55, 8, 74, 229,
       87, 121, 16, 17, 217, 19, 4, 237, 167, 127, 196, 128, 66, 165, 51,
       10, 62, 142, 185, 145, 164, 184, 135, 190, 23, 74, 149, 172, 238,
       99, 72, 229, 59, 171, 149, 22, 216, 147, 115, 207, 247, 218, 201,
       128, 69, 173, 218, 197, 74, 215, 213, 38, 14, 236, 48, 237, 154,
       242, 70, 217, 42, 181, 111, 102, 229, 126, 238, 225, 229, 167,
       232, 148, 58, 230, 128, 13, 249, 97, 45, 210, 198, 17, 250, 59,
       224, 184, 77, 143, 21, 153, 179, 172, 222, 108, 198, 239, 147,
       251, 145, 66, 15, 202, 211, 145, 112, 154, 251, 16, 6, 165, 251,
       88, 121, 83, 100, 99, 222, 116, 87, 161, 168, 250, 41, 31, 151, 3,
       144, 166, 183, 204, 0, 76, 155, 144, 8, 243, 237, 48, 3, 98, 148,
       47, 11, 128, 162, 31, 247, 162, 12, 172, 161, 188, 146, 83, 82,
       212, 195, 104, 67, 35, 91, 107, 138, 114, 220, 27, 103, 204, 130,
       127, 64, 8, 168, 161, 160, 125, 105, 237, 66, 28, 71, 71, 216, 66,
       224, 173, 10, 83, 125, 93, 50, 88, 196, 120, 122, 201, 99, 255,
       56, 123, 137, 165, 60, 253, 251, 82, 96, 142, 121, 54, 155, 237,
       249, 180, 196, 207, 85, 85, 135, 140, 204, 127, 175, 170, 43, 130,
       86, 214, 48, 58, 241, 39, 81, 6, 107, 214, 95, 141, 215, 203, 178,
       188, 13, 122, 157, 185, 56, 174, 244, 140, 173, 252, 196, 202, 38,
       54, 61, 251, 84, 135, 69, 182, 89, 14, 49, 75, 250, 30, 166, 15,
       85, 60, 20, 31, 252, 160, 103, 93, 83, 60, 142, 233, 57, 223, 119,
       33, 25, 221, 187, 7, 163, 56, 131, 48, 28, 209, 247, 123, 57, 144,
       112, 166, 114, 133, 9, 159, 189, 212, 38, 170, 202, 60, 17, 74,
       82, 149, 242, 33, 65, 120, 79, 50, 197, 49, 216, 19, 99, 173, 160,
       202, 68, 152, 105, 161, 160, 1, 171, 57, 217, 60, 141, 81, 151,
       94, 25, 88, 96, 182, 147, 224, 96, 197, 42, 6, 28, 195, 56, 98,
       55, 237, 156, 50, 104, 16, 8, 208, 169, 121, 143, 124, 108, 186,
       46, 79, 191, 224, 72, 174, 205, 115, 39, 130, 83, 38, 198, 108,
       110, 201, 171, 109, 63, 250, 237, 96, 208, 107, 162, 234, 121, 92,
       97, 238, 69, 15, 82, 251, 64, 229, 132, 231, 2, 89, 187, 21, 250,
       120, 244, 251, 248, 8, 243, 177, 200, 87, 233, 199, 5, 163, 55,
       126, 34, 8, 176, 253, 243, 236, 237, 249, 159, 207, 123, 53, 56,
       156, 189, 72, 43, 171, 27, 127, 24, 179, 124, 251, 209, 207, 219,
       119, 116, 214, 200, 197, 179, 108, 94, 126, 106, 236, 34, 227,
       248, 224, 60, 125, 108, 81, 113, 189, 123, 93, 84, 102, 122, 168,
       51, 233, 60, 124, 175, 227, 204, 213, 115, 118, 163, 1, 146, 215,
       121, 162, 171, 97, 95, 118, 55, 67, 244, 151, 195, 232, 97, 119,
       26, 38, 24, 147, 220, 47, 17, 204, 130, 117, 68, 176, 128, 165,
       177, 33, 255, 153, 95, 240, 157, 111, 183, 126, 235, 124, 100,
       246, 230, 192, 244, 213, 126, 38, 28, 211, 152, 235, 51, 44, 191,
       53, 224, 216, 242, 194, 253, 181, 80, 125, 103, 36, 94, 207, 184,
       68, 226, 243, 198, 115, 85, 157, 227, 126, 212, 124, 234, 233,
       180, 125, 44, 181, 235, 229, 148, 125, 187, 84, 112, 108, 204,
       192, 147, 213, 124, 246, 231, 121, 111, 239, 27, 232, 118, 42,
       253, 121, 194, 138, 178, 116, 26, 120, 234, 127, 247, 214, 115,
       147, 124, 222, 198, 220, 88, 255, 180, 46, 108, 125, 20, 169, 254,
       182, 191, 255, 63, 3, 91, 238, 245, 253, 194, 40, 103, 227, 192,
       215, 251, 254, 147, 165, 241, 103, 123, 90, 187, 148, 178, 169,
       249, 20, 175, 171, 63, 168, 185, 175, 190, 66, 154, 135, 211, 237,
       17, 30, 73, 203, 51, 154, 215, 92, 255, 130, 68, 143, 27, 173, 90,
       207, 93, 68, 46, 229, 18, 244, 194, 118, 84, 243, 161, 177, 107,
       104, 236, 34, 78, 233, 244, 215, 42, 68, 171, 114, 0, 75, 249,
       120, 152, 87, 79, 87, 239, 50, 2, 111, 112, 37, 136, 90, 226, 121,
       103, 177, 228, 126, 247, 30, 234, 233, 153, 45, 253, 180, 228,
       175, 128, 39, 178, 37, 33, 213, 91, 71, 175, 38, 6, 111, 184, 36,
       236, 210, 231, 113, 99, 153, 81, 118, 228, 61, 238, 201, 144, 61,
       108, 244, 170, 239, 128, 45, 179, 112, 113, 125, 237, 189, 106,
       188, 77, 71, 220, 194, 248, 188, 8, 83, 113, 217, 50, 89, 208, 92,
       122, 75, 99, 250, 56, 251, 205, 37, 60, 251, 251, 82, 32, 148,
       169, 31, 242, 138, 193, 21, 229, 179, 148, 224, 56, 63, 215, 64,
       27, 162, 187, 229, 210, 90, 75, 10, 49, 217, 193, 69, 107, 32, 0,
       167, 162, 223, 97, 123, 225, 19, 90, 123, 64, 41, 228, 167, 136,
       159, 6, 95, 116, 54, 149, 92, 254, 205, 145, 181, 204, 215, 253,
       10, 4, 103, 167, 35, 116, 109, 23, 191, 231, 172, 15, 111, 56,
       111, 232, 255, 76, 211, 243, 153, 114, 220, 196, 126, 110, 233,
       99, 249, 248, 231, 251, 103, 148, 10, 251, 80, 49, 53, 223, 127,
       207, 182, 79, 239, 248, 116, 224, 251, 70, 115, 97, 189, 228, 126,
       236, 22, 234, 233, 176, 125, 61, 63, 237, 167, 132, 117, 186, 116,
       241, 26, 236, 1, 251, 19, 193, 11, 238, 23, 109, 156, 163, 44,
       215, 40, 132, 57, 155, 159, 213, 123, 13, 9, 247, 185, 212, 159,
       247, 51, 6, 165, 255, 108, 94, 92, 90, 126, 139, 86, 156, 198,
       142, 183, 236, 115, 65, 167, 89, 87, 240, 206, 114, 232, 100, 93,
       60, 102, 143, 37, 152, 252, 251, 72, 57, 72, 115, 179, 167, 160,
       2, 183, 53, 232, 236, 223, 228, 247, 245, 201, 38, 150, 125, 236,
       99, 201, 240, 174, 8, 232, 244, 111, 170, 14, 182, 183, 185, 18,
       156, 210, 212, 115, 209, 178, 226, 185, 15, 176, 43, 44, 254, 37,
       181, 235, 179, 159, 129, 32, 107, 8, 239, 155, 214, 94, 187, 147,
       108, 47, 207, 82, 188, 18, 250, 187, 209, 60, 231, 189, 11, 144,
       187, 172, 190, 101, 237, 231, 187, 223, 145, 118, 11, 130, 250,
       179, 212, 30, 251, 146, 84, 175, 31, 124, 168, 190, 152, 205, 213,
       17, 195, 234, 87, 164, 25, 14, 182, 98, 159, 233, 162, 234, 144,
       30, 107, 242, 209, 219, 67, 222, 123, 147, 12, 238, 102, 153, 157,
       79, 173, 180, 202, 103, 245, 52, 96, 254, 226, 115, 119, 160, 97,
       122, 182, 94, 234, 121, 185, 37, 61, 248, 235, 166, 64, 109, 170,
       228, 56, 142, 245, 118, 155, 207, 221, 182, 205, 239, 86, 61, 131,
       140, 220, 127, 135, 175, 91, 211, 83, 246, 52, 62, 242, 55, 81,
       15, 111, 150, 126, 175, 215, 244, 104, 215, 102, 9, 72, 70, 192,
       225, 226, 162, 8, 83, 127, 77, 63, 168, 212, 108, 226, 105, 103,
       153, 40, 147, 226, 197, 27, 105, 115, 102, 6, 193, 178, 252, 65,
       172, 78, 233, 157, 106, 191, 182, 24, 211, 61, 222, 107, 21, 84,
       125, 56, 187, 100, 249, 0, 207, 187, 247, 244, 192, 200, 213, 113,
       2, 162, 69, 155, 250, 169, 168, 143, 14, 49, 17, 255, 133, 2, 200,
       8, 79, 11, 106, 21, 19, 88, 79, 213, 12, 20, 191, 236, 156, 8,
       129, 128, 116, 48, 189, 96, 201, 111, 81, 88, 43, 255, 181, 8, 94,
       125, 77, 62, 189, 213, 125, 56, 25, 99, 249, 64, 223, 222, 69, 62,
