%YAML:1.0
---
descriptors: !!opencv-matrix
   rows: 146
   cols: 32
   dt: u
   data: [ 77, 53, 91, 101, 179, 110, 50, 56, 104, 232, 111, 32, 222, 51,
       9, 115, 178, 85, 124, 106, 17, 144, 177, 76, 231, 169, 35, 6, 232,
       35, 11, 51, 153, 119, 106, 101, 54, 90, 251, 120, 96, 236, 126,
       166, 91, 77, 147, 48, 62, 188, 21, 236, 233, 176, 37, 142, 114,
       237, 161, 132, 111, 162, 102, 249, 164, 140, 214, 254, 189, 171,
       148, 234, 223, 131, 240, 88, 206, 249, 36, 201, 215, 123, 127, 35,
       48, 239, 74, 191, 170, 254, 87, 90, 212, 233, 193, 7, 196, 236,
       134, 147, 214, 136, 38, 134, 186, 147, 74, 18, 236, 226, 72, 66,
       97, 111, 42, 152, 114, 220, 155, 227, 172, 38, 159, 64, 128, 80,
       161, 8, 224, 220, 28, 190, 41, 205, 21, 174, 142, 27, 160, 13,
       190, 51, 3, 91, 133, 115, 108, 64, 102, 77, 83, 61, 205, 243, 80,
       58, 24, 8, 1, 27, 65, 77, 223, 237, 244, 10, 111, 183, 116, 130,
       126, 66, 243, 51, 177, 113, 126, 238, 62, 234, 225, 184, 37, 238,
       116, 174, 230, 0, 45, 242, 224, 168, 73, 181, 120, 105, 186, 254,
       121, 55, 127, 109, 206, 180, 159, 31, 146, 112, 55, 31, 253, 156,
       147, 216, 229, 86, 239, 237, 50, 212, 166, 196, 135, 121, 62, 77,
       103, 238, 157, 82, 70, 105, 197, 4, 250, 3, 75, 104, 52, 197, 248,
       228, 204, 227, 108, 163, 13, 172, 179, 225, 199, 23, 51, 190, 244,
       6, 128, 162, 157, 187, 252, 137, 165, 143, 30, 59, 80, 120, 180,
       183, 232, 72, 207, 27, 51, 17, 51, 78, 75, 211, 12, 150, 62, 236,
       152, 72, 129, 185, 246, 80, 150, 140, 77, 70, 86, 232, 185, 142,
       163, 11, 78, 242, 47, 223, 248, 213, 237, 227, 108, 199, 155, 202,
       145, 178, 207, 31, 0, 63, 124, 6, 45, 29, 57, 254, 61, 223, 86,
       176, 214, 72, 108, 68, 255, 241, 33, 224, 212, 122, 30, 74, 227,
       168, 122, 63, 227, 255, 33, 24, 90, 27, 64, 187, 8, 157, 185, 251,
       144, 239, 87, 151, 22, 79, 238, 16, 183, 119, 32, 96, 213, 58, 29,
       24, 187, 136, 113, 63, 235, 207, 52, 80, 144, 200, 132, 123, 73,
       177, 213, 97, 98, 72, 48, 25, 105, 121, 114, 104, 158, 23, 200,
       54, 130, 21, 108, 96, 3, 48, 227, 65, 71, 248, 96, 38, 74, 32, 3,
       163, 14, 144, 179, 250, 253, 247, 186, 73, 94, 73, 209, 119, 204,
       222, 60, 232, 223, 59, 191, 145, 151, 187, 59, 215, 31, 127, 187,
       202, 150, 12, 181, 215, 124, 132, 121, 97, 153, 106, 87, 175, 115,
       39, 175, 24, 83, 53, 8, 50, 57, 150, 76, 32, 56, 46, 249, 31, 251,
       239, 21, 85, 227, 194, 198, 34, 75, 181, 119, 123, 179, 222, 125,
       55, 253, 109, 111, 181, 191, 63, 150, 117, 167, 63, 253, 12, 246,
       152, 181, 87, 239, 255, 54, 195, 38, 132, 135, 127, 58, 146, 45,
       27, 15, 253, 145, 159, 31, 125, 181, 63, 42, 28, 30, 93, 205, 155,
       181, 149, 158, 122, 123, 213, 83, 89, 216, 247, 211, 12, 214, 95,
       203, 81, 124, 237, 46, 30, 93, 57, 193, 200, 23, 230, 253, 223,
       150, 103, 6, 53, 253, 239, 229, 64, 166, 221, 230, 251, 233, 138,
       39, 166, 81, 113, 85, 82, 253, 165, 34, 46, 111, 24, 104, 130,
       194, 229, 215, 99, 73, 90, 119, 197, 125, 103, 136, 212, 197, 8,
       212, 231, 103, 128, 164, 243, 35, 65, 242, 56, 234, 208, 139, 253,
       145, 7, 187, 95, 150, 63, 170, 189, 86, 42, 237, 183, 253, 145,
       190, 111, 242, 226, 223, 119, 220, 251, 239, 76, 214, 127, 193,
       244, 148, 245, 172, 14, 108, 191, 123, 251, 18, 124, 215, 48, 216,
       123, 7, 70, 124, 44, 245, 212, 217, 2, 172, 186, 117, 212, 136,
       248, 217, 29, 1, 15, 222, 245, 212, 142, 110, 115, 124, 128, 110,
       66, 249, 227, 177, 113, 118, 126, 58, 106, 224, 152, 5, 238, 245,
       175, 199, 0, 40, 242, 97, 168, 2, 175, 17, 154, 216, 141, 182,
       239, 14, 1, 104, 75, 164, 210, 108, 0, 221, 27, 3, 17, 82, 26, 90,
       245, 61, 20, 30, 106, 144, 10, 135, 138, 17, 30, 63, 93, 74, 119,
       181, 114, 101, 238, 242, 102, 112, 60, 135, 45, 253, 183, 238,
       163, 229, 255, 117, 78, 53, 34, 114, 130, 105, 96, 37, 255, 13,
       103, 198, 71, 176, 27, 110, 184, 118, 168, 107, 228, 211, 98, 153,
       244, 54, 76, 44, 110, 205, 208, 237, 62, 44, 238, 101, 132, 110,
       179, 72, 5, 87, 178, 100, 145, 247, 251, 113, 91, 127, 127, 181,
       63, 142, 188, 206, 61, 235, 142, 238, 144, 191, 122, 111, 212,
       158, 82, 55, 247, 222, 12, 207, 215, 101, 113, 21, 101, 101, 31,
       103, 56, 105, 232, 123, 72, 215, 50, 25, 52, 152, 196, 86, 110,
       205, 176, 249, 12, 165, 252, 33, 20, 72, 179, 66, 229, 198, 165,
       253, 213, 254, 43, 172, 107, 222, 179, 19, 210, 221, 232, 92, 10,
       183, 71, 115, 187, 48, 101, 143, 215, 12, 30, 239, 236, 132, 104,
       145, 128, 89, 187, 154, 102, 48, 141, 122, 245, 43, 169, 255, 77,
       255, 243, 74, 16, 180, 239, 237, 6, 158, 218, 219, 49, 219, 255,
       53, 232, 74, 130, 138, 27, 69, 53, 153, 225, 224, 44, 120, 27, 58,
       185, 43, 80, 221, 119, 72, 122, 183, 31, 125, 56, 17, 80, 153, 66,
       207, 141, 127, 100, 136, 225, 131, 161, 61, 116, 145, 236, 189,
       15, 86, 252, 63, 170, 248, 72, 223, 115, 1, 48, 221, 221, 92, 106,
       105, 103, 89, 190, 249, 223, 5, 62, 74, 123, 66, 35, 185, 70, 111,
       71, 70, 35, 239, 120, 85, 234, 119, 194, 113, 77, 191, 97, 126,
       140, 23, 238, 233, 182, 45, 142, 118, 43, 225, 128, 103, 251, 112,
       232, 88, 161, 26, 225, 147, 236, 107, 68, 35, 161, 234, 10, 27,
       147, 64, 80, 120, 223, 73, 208, 26, 155, 145, 192, 249, 193, 135,
       97, 107, 2, 39, 2, 45, 102, 225, 129, 188, 63, 203, 152, 71, 253,
       189, 207, 195, 9, 223, 140, 89, 204, 87, 127, 138, 112, 109, 152,
       14, 92, 165, 244, 255, 255, 80, 196, 248, 217, 126, 102, 9, 86,
       87, 240, 225, 150, 166, 8, 123, 255, 2, 115, 104, 244, 253, 234,
       104, 103, 186, 41, 243, 235, 69, 25, 99, 178, 102, 122, 11, 127,
       123, 233, 114, 158, 58, 114, 45, 72, 94, 228, 189, 159, 180, 112,
       182, 61, 31, 207, 197, 152, 48, 238, 230, 253, 42, 128, 12, 130,
       35, 241, 7, 3, 231, 207, 102, 34, 174, 88, 76, 202, 91, 230, 80,
       104, 189, 110, 126, 100, 50, 239, 129, 177, 13, 200, 4, 46, 235,
       132, 207, 255, 113, 181, 58, 233, 114, 72, 245, 221, 86, 214, 115,
       13, 124, 8, 43, 157, 166, 180, 120, 186, 134, 88, 94, 58, 176,
       191, 123, 221, 4, 107, 115, 159, 238, 174, 65, 244, 156, 85, 164,
       44, 108, 159, 106, 187, 42, 92, 214, 48, 216, 123, 133, 70, 124,
       28, 135, 120, 209, 0, 204, 190, 117, 52, 200, 240, 195, 9, 204,
       178, 29, 161, 185, 79, 25, 63, 174, 121, 131, 125, 222, 23, 72,
       59, 135, 23, 253, 48, 115, 77, 217, 84, 205, 211, 63, 246, 136, 0,
       135, 19, 126, 29, 237, 247, 168, 98, 31, 152, 146, 243, 159, 186,
       211, 119, 201, 107, 95, 214, 253, 242, 57, 65, 239, 162, 238, 183,
       239, 245, 173, 251, 148, 115, 0, 205, 158, 252, 21, 134, 110, 38,
       252, 0, 234, 66, 185, 163, 48, 192, 232, 226, 42, 200, 64, 139,
       18, 237, 229, 255, 146, 8, 0, 8, 105, 136, 88, 252, 188, 113, 137,
       205, 21, 175, 43, 63, 172, 25, 174, 55, 74, 27, 129, 211, 237, 16,
       90, 72, 251, 53, 235, 211, 85, 127, 194, 80, 135, 107, 67, 190,
       148, 216, 236, 165, 185, 87, 159, 187, 188, 116, 156, 179, 244,
       239, 167, 63, 127, 29, 179, 79, 131, 208, 156, 218, 127, 250, 154,
       64, 169, 173, 133, 164, 221, 241, 236, 169, 233, 91, 126, 179, 49,
       90, 157, 227, 216, 43, 35, 15, 110, 24, 51, 124, 207, 210, 204,
       151, 119, 100, 220, 200, 195, 160, 226, 184, 175, 250, 203, 236,
       177, 215, 187, 91, 144, 191, 190, 188, 116, 11, 205, 179, 255,
       145, 191, 111, 146, 227, 95, 54, 222, 251, 205, 76, 151, 123, 240,
       72, 223, 254, 78, 8, 109, 136, 249, 146, 178, 90, 127, 107, 21,
       91, 107, 229, 108, 234, 105, 103, 203, 226, 148, 170, 246, 24, 37,
       241, 98, 40, 188, 104, 186, 114, 77, 45, 241, 200, 203, 186, 164,
       8, 26, 217, 69, 26, 169, 252, 99, 82, 10, 103, 154, 160, 91, 217,
       69, 127, 195, 121, 70, 162, 197, 112, 145, 119, 40, 12, 4, 156,
