%YAML:1.0
---
descriptors: !!opencv-matrix
   rows: 226
   cols: 32
   dt: u
   data: [ 218, 248, 20, 184, 41, 205, 80, 75, 175, 60, 160, 25, 174,
       222, 96, 27, 135, 177, 221, 3, 78, 71, 90, 213, 147, 209, 91, 127,
       16, 4, 7, 11, 196, 173, 133, 147, 212, 168, 38, 135, 62, 19, 75,
       82, 228, 98, 72, 74, 97, 206, 42, 154, 50, 216, 203, 227, 172, 38,
       222, 64, 128, 83, 161, 8, 203, 185, 125, 255, 110, 151, 127, 56,
       233, 216, 20, 226, 253, 95, 146, 35, 38, 113, 253, 238, 229, 64,
       126, 221, 103, 251, 233, 136, 38, 166, 81, 241, 117, 189, 148,
       236, 185, 45, 94, 218, 191, 186, 184, 72, 255, 251, 101, 50, 223,
       219, 125, 99, 107, 99, 218, 187, 185, 222, 111, 62, 216, 123, 195,
       147, 3, 63, 91, 229, 242, 190, 62, 55, 61, 72, 122, 228, 157, 46,
       132, 240, 166, 63, 223, 132, 149, 152, 132, 238, 166, 255, 62,
       128, 140, 192, 139, 189, 180, 196, 149, 187, 205, 15, 70, 140, 83,
       187, 177, 88, 67, 105, 77, 155, 217, 204, 36, 114, 106, 102, 91,
       179, 171, 222, 213, 126, 249, 251, 210, 132, 250, 56, 238, 49,
       139, 253, 145, 7, 187, 215, 134, 155, 170, 188, 86, 42, 201, 183,
       249, 145, 158, 111, 246, 162, 223, 87, 220, 251, 231, 76, 222, 94,
       162, 141, 215, 254, 252, 171, 214, 239, 223, 130, 112, 88, 238,
       233, 36, 65, 211, 123, 111, 35, 48, 111, 74, 255, 168, 190, 87,
       26, 212, 248, 193, 137, 198, 164, 177, 254, 252, 161, 190, 143,
       155, 179, 16, 217, 236, 234, 92, 10, 151, 127, 121, 149, 178, 77,
       142, 243, 44, 30, 223, 252, 148, 112, 145, 9, 121, 77, 206, 253,
       84, 10, 111, 39, 117, 130, 238, 2, 115, 35, 177, 113, 122, 238,
       42, 238, 104, 184, 69, 46, 246, 175, 194, 0, 103, 248, 112, 40,
       38, 233, 177, 154, 252, 201, 182, 207, 142, 29, 152, 43, 164, 255,
       104, 0, 217, 91, 75, 81, 82, 11, 202, 247, 61, 20, 15, 127, 144,
       10, 133, 139, 126, 64, 64, 224, 71, 83, 105, 72, 9, 164, 180, 10,
       11, 79, 31, 213, 122, 129, 223, 225, 8, 35, 113, 204, 214, 217,
       139, 191, 119, 191, 126, 210, 227, 196, 233, 238, 220, 39, 143,
       255, 16, 35, 152, 218, 113, 63, 28, 32, 93, 215, 91, 173, 249, 47,
       93, 239, 125, 46, 159, 252, 77, 248, 210, 56, 241, 13, 71, 69,
       213, 31, 70, 180, 117, 160, 238, 72, 83, 49, 181, 245, 88, 230,
       14, 110, 249, 186, 113, 46, 191, 251, 4, 16, 122, 187, 216, 44,
       73, 49, 56, 105, 37, 12, 240, 24, 104, 72, 34, 76, 158, 25, 73,
       48, 144, 4, 124, 104, 131, 32, 145, 81, 199, 185, 32, 22, 74, 2,
       67, 3, 133, 164, 221, 241, 236, 41, 233, 27, 254, 51, 49, 90, 157,
       161, 216, 43, 35, 15, 110, 24, 51, 124, 207, 210, 204, 146, 119,
       116, 220, 200, 131, 161, 246, 72, 207, 252, 14, 66, 76, 32, 185,
       146, 179, 26, 123, 75, 5, 91, 106, 229, 125, 226, 104, 199, 195,
       232, 147, 234, 194, 144, 37, 177, 98, 32, 11, 175, 98, 139, 215,
       177, 190, 231, 93, 69, 88, 231, 40, 168, 182, 132, 254, 43, 131,
       149, 214, 186, 4, 255, 46, 85, 158, 203, 95, 78, 249, 220, 126,
       233, 114, 104, 45, 157, 90, 242, 235, 4, 252, 9, 43, 219, 102,
       148, 174, 184, 207, 88, 78, 43, 154, 241, 155, 221, 1, 123, 66,
       167, 78, 134, 246, 32, 241, 225, 103, 106, 248, 8, 123, 179, 178,
       155, 143, 15, 93, 63, 191, 157, 85, 153, 168, 244, 197, 194, 159,
       216, 145, 183, 231, 165, 67, 134, 253, 97, 236, 110, 13, 95, 71,
       140, 67, 128, 165, 8, 115, 121, 95, 59, 216, 196, 120, 110, 204,
       99, 255, 8, 115, 217, 69, 61, 99, 251, 90, 100, 109, 79, 121, 103,
       36, 10, 111, 180, 100, 168, 126, 108, 243, 33, 145, 112, 22, 228,
       108, 110, 201, 176, 237, 46, 230, 253, 37, 128, 104, 187, 66, 41,
       3, 189, 91, 229, 178, 154, 190, 55, 188, 64, 90, 228, 189, 182,
       176, 112, 166, 127, 31, 204, 209, 152, 164, 238, 164, 253, 46,
       128, 12, 144, 163, 185, 122, 105, 114, 72, 85, 221, 94, 198, 235,
       4, 252, 9, 42, 223, 119, 180, 248, 186, 199, 64, 78, 59, 176, 253,
       187, 221, 4, 59, 99, 158, 110, 222, 137, 182, 173, 121, 205, 61,
       108, 159, 87, 127, 69, 213, 155, 111, 218, 111, 13, 10, 250, 28,
       183, 124, 127, 147, 207, 223, 87, 100, 154, 204, 213, 244, 29, 5,
       23, 37, 53, 79, 67, 56, 101, 232, 187, 72, 223, 49, 16, 240, 144,
       132, 92, 44, 173, 176, 113, 28, 161, 255, 33, 20, 234, 171, 66,
       97, 190, 230, 105, 161, 252, 75, 203, 232, 18, 244, 145, 187, 67,
       77, 222, 132, 89, 200, 199, 255, 250, 118, 237, 151, 124, 69, 173,
       253, 247, 191, 214, 240, 116, 168, 140, 48, 169, 233, 80, 202,
       171, 189, 160, 25, 134, 168, 66, 26, 137, 199, 237, 17, 30, 75,
       203, 49, 219, 209, 93, 127, 208, 65, 14, 66, 38, 189, 17, 170,
       248, 137, 166, 239, 142, 33, 120, 106, 164, 250, 104, 128, 217,
       187, 2, 81, 83, 43, 74, 245, 189, 148, 15, 126, 152, 10, 131, 139,
       189, 219, 107, 206, 116, 130, 239, 248, 85, 72, 117, 230, 81, 201,
       184, 96, 126, 232, 22, 238, 233, 182, 44, 175, 118, 44, 161, 128,
       127, 187, 112, 241, 238, 160, 184, 242, 237, 233, 144, 73, 139,
       63, 181, 25, 14, 221, 76, 27, 137, 147, 235, 16, 18, 103, 218,
       209, 219, 209, 81, 127, 211, 76, 206, 99, 198, 174, 217, 188, 252,
       161, 174, 207, 154, 179, 16, 218, 253, 234, 88, 2, 179, 111, 123,
       145, 50, 77, 142, 251, 172, 22, 159, 236, 148, 112, 147, 136, 24,
       205, 57, 123, 48, 207, 83, 190, 86, 13, 238, 0, 183, 23, 160, 112,
       85, 58, 29, 72, 106, 136, 97, 63, 235, 175, 48, 16, 50, 136, 68,
       107, 172, 226, 213, 119, 205, 15, 70, 152, 83, 187, 177, 89, 67,
       105, 73, 155, 217, 196, 100, 122, 110, 102, 219, 146, 79, 219, 69,
       60, 243, 251, 216, 130, 15, 181, 112, 227, 253, 125, 240, 201, 95,
       117, 189, 27, 206, 124, 94, 172, 191, 147, 223, 61, 182, 112, 251,
       214, 223, 221, 3, 119, 198, 143, 213, 199, 114, 40, 80, 156, 79,
       137, 248, 70, 235, 0, 224, 11, 46, 152, 20, 20, 170, 169, 123,
       193, 14, 43, 194, 241, 151, 120, 26, 59, 69, 12, 74, 142, 126,
       230, 237, 191, 188, 65, 79, 188, 7, 245, 157, 239, 233, 239, 219,
       66, 95, 213, 237, 215, 202, 67, 239, 177, 238, 215, 239, 253, 183,
       255, 148, 80, 203, 21, 63, 76, 58, 87, 155, 57, 140, 72, 223, 236,
       220, 150, 178, 241, 86, 21, 253, 111, 225, 131, 53, 76, 240, 59,
       106, 152, 30, 166, 1, 113, 29, 23, 238, 37, 178, 58, 62, 57, 52,
       238, 95, 231, 207, 47, 155, 208, 54, 93, 253, 167, 165, 144, 69,
       140, 230, 239, 105, 132, 239, 231, 11, 81, 46, 46, 237, 191, 172,
       99, 207, 142, 150, 247, 157, 187, 193, 109, 219, 11, 79, 215, 255,
       247, 184, 66, 239, 176, 206, 71, 253, 189, 247, 255, 214, 208, 77,
       53, 153, 225, 242, 46, 120, 27, 58, 187, 107, 80, 221, 51, 73,
       250, 183, 95, 116, 56, 17, 208, 153, 66, 207, 239, 127, 68, 136,
       227, 139, 161, 123, 92, 246, 68, 43, 126, 87, 114, 225, 238, 174,
       44, 42, 190, 167, 246, 166, 244, 252, 74, 205, 3, 182, 232, 115,
       249, 65, 27, 107, 245, 110, 127, 123, 178, 116, 97, 41, 55, 88,
       153, 79, 125, 119, 253, 14, 156, 222, 60, 135, 29, 245, 21, 158,
       80, 235, 209, 203, 89, 25, 246, 222, 133, 222, 87, 203, 65, 117,
       237, 46, 148, 121, 57, 205, 200, 87, 194, 249, 223, 148, 167, 54,
       53, 245, 238, 193, 64, 166, 221, 71, 251, 225, 136, 55, 166, 64,
       241, 221, 79, 71, 117, 144, 170, 103, 158, 118, 162, 238, 84, 211,
       99, 145, 124, 113, 238, 108, 126, 169, 208, 237, 46, 228, 174,
       101, 4, 234, 241, 80, 32, 8, 165, 147, 126, 145, 239, 70, 103,
       183, 1, 236, 0, 190, 243, 32, 244, 25, 186, 74, 8, 26, 170, 90,
       63, 163, 214, 20, 90, 114, 66, 226, 170, 250, 188, 150, 186, 201,
       245, 84, 199, 187, 31, 164, 61, 46, 250, 66, 159, 129, 163, 233,
       17, 62, 79, 154, 243, 154, 83, 92, 123, 130, 68, 174, 78, 250, 65,
       126, 236, 15, 94, 95, 52, 53, 166, 230, 10, 91, 63, 39, 243, 120,
       213, 253, 234, 104, 215, 113, 204, 243, 251, 198, 21, 35, 190,
