%YAML:1.0
---
descriptors: !!opencv-matrix
   rows: 121
   cols: 32
   dt: u
   data: [ 13, 93, 255, 229, 246, 78, 111, 54, 61, 202, 126, 226, 253,
       119, 177, 119, 118, 254, 23, 234, 225, 144, 33, 238, 231, 239,
       230, 128, 38, 243, 229, 241, 164, 135, 193, 142, 220, 1, 198, 232,
       146, 162, 185, 238, 113, 104, 249, 3, 89, 194, 74, 234, 121, 99,
       78, 191, 184, 134, 239, 124, 157, 250, 114, 168, 92, 125, 189,
       238, 185, 79, 95, 248, 59, 250, 188, 73, 223, 255, 65, 51, 151,
       221, 253, 114, 233, 67, 251, 62, 251, 223, 101, 188, 170, 243, 6,
       115, 114, 71, 229, 236, 84, 34, 206, 40, 19, 163, 251, 202, 83,
       105, 156, 17, 91, 197, 53, 237, 184, 243, 77, 223, 56, 46, 237,
       148, 101, 235, 242, 0, 190, 210, 38, 172, 105, 87, 150, 249, 21,
       126, 245, 189, 74, 159, 46, 149, 253, 221, 247, 102, 204, 183,
       235, 139, 243, 243, 96, 159, 83, 62, 238, 211, 193, 92, 255, 223,
       108, 108, 233, 22, 248, 210, 102, 80, 248, 179, 181, 123, 99, 116,
       106, 138, 161, 245, 179, 104, 71, 58, 210, 0, 200, 241, 97, 168,
       104, 47, 210, 206, 84, 36, 107, 214, 35, 1, 108, 14, 48, 163, 115,
       84, 120, 238, 3, 204, 10, 18, 128, 232, 116, 60, 128, 40, 171,
       243, 114, 168, 0, 158, 17, 187, 189, 173, 37, 159, 30, 27, 88, 84,
       180, 183, 32, 100, 205, 59, 50, 24, 179, 28, 114, 183, 173, 150,
       62, 232, 152, 88, 129, 185, 71, 32, 209, 65, 224, 106, 232, 136,
       43, 243, 177, 216, 222, 62, 93, 186, 187, 213, 92, 59, 1, 116,
       205, 64, 157, 152, 69, 180, 197, 241, 67, 165, 121, 31, 94, 110,
       186, 30, 94, 61, 161, 200, 174, 236, 123, 99, 130, 243, 54, 230,
       236, 110, 253, 139, 173, 45, 242, 235, 101, 144, 107, 182, 234,
       25, 28, 93, 255, 229, 151, 142, 127, 244, 173, 194, 126, 66, 125,
       255, 49, 114, 118, 245, 63, 234, 193, 145, 49, 236, 243, 255, 199,
       0, 35, 243, 37, 177, 250, 72, 246, 254, 46, 10, 124, 180, 185,
       146, 178, 154, 127, 59, 21, 91, 102, 245, 125, 234, 104, 71, 203,
       234, 210, 251, 246, 144, 39, 241, 98, 8, 38, 164, 144, 131, 221,
       109, 184, 107, 30, 55, 57, 27, 204, 122, 72, 8, 187, 27, 107, 49,
       54, 120, 91, 214, 29, 22, 95, 103, 148, 72, 133, 134, 56, 156, 57,
       254, 17, 207, 83, 182, 214, 77, 238, 0, 183, 119, 32, 112, 193,
       50, 93, 8, 107, 137, 113, 63, 235, 255, 48, 80, 18, 8, 196, 107,
       107, 178, 253, 216, 125, 245, 153, 223, 27, 125, 181, 127, 28, 28,
       222, 41, 223, 23, 247, 17, 151, 111, 233, 213, 91, 95, 251, 254,
       158, 140, 151, 119, 125, 117, 145, 238, 189, 79, 86, 248, 111,
       232, 249, 72, 223, 123, 9, 176, 220, 213, 126, 98, 201, 99, 89,
       156, 251, 223, 5, 62, 90, 123, 66, 51, 214, 236, 148, 151, 213,
       128, 166, 164, 187, 51, 130, 19, 228, 226, 76, 71, 241, 235, 42,
       211, 102, 92, 203, 227, 189, 54, 223, 103, 128, 51, 177, 142, 52,
       135, 196, 158, 156, 3, 198, 232, 19, 178, 185, 238, 99, 104, 141,
       27, 89, 198, 36, 227, 41, 98, 79, 191, 184, 134, 229, 124, 253,
       123, 80, 0, 198, 233, 128, 190, 207, 129, 238, 168, 155, 146, 17,
       10, 236, 234, 93, 199, 179, 235, 123, 195, 118, 68, 138, 255, 189,
       18, 207, 251, 20, 39, 19, 6, 134, 4, 214, 254, 187, 171, 152, 200,
       159, 178, 240, 25, 206, 235, 37, 203, 151, 119, 239, 49, 52, 103,
       90, 252, 139, 250, 67, 123, 212, 105, 9, 3, 235, 138, 240, 90,
       125, 181, 208, 206, 223, 95, 180, 25, 42, 200, 190, 252, 201, 162,
       206, 20, 190, 47, 106, 247, 27, 95, 144, 123, 211, 12, 252, 79,
       114, 231, 229, 239, 28, 3, 202, 168, 87, 176, 251, 202, 67, 105,
       28, 17, 89, 196, 53, 235, 186, 242, 79, 157, 168, 186, 237, 148,
       125, 186, 208, 0, 85, 103, 27, 229, 48, 14, 111, 56, 125, 172,
       255, 8, 223, 51, 136, 116, 182, 221, 108, 106, 73, 240, 233, 76,
       181, 254, 39, 4, 0, 179, 71, 33, 193, 92, 191, 220, 109, 108, 233,
       150, 250, 27, 102, 16, 188, 243, 117, 107, 193, 118, 106, 8, 161,
       101, 243, 99, 69, 186, 82, 8, 200, 113, 97, 168, 3, 187, 17, 153,
       252, 141, 169, 191, 158, 121, 80, 245, 180, 163, 240, 192, 199,
       11, 51, 29, 179, 88, 67, 247, 44, 22, 62, 232, 156, 136, 137, 185,
       9, 159, 68, 25, 178, 153, 45, 191, 62, 83, 94, 244, 185, 34, 130,
       244, 87, 11, 38, 140, 247, 216, 103, 119, 44, 166, 190, 192, 62,
       212, 137, 221, 250, 144, 41, 26, 95, 213, 145, 31, 31, 93, 181,
       63, 42, 28, 30, 125, 205, 155, 245, 149, 159, 110, 123, 245, 83,
       123, 216, 251, 223, 12, 222, 95, 2, 153, 191, 183, 172, 192, 181,
       133, 142, 157, 154, 51, 180, 255, 96, 66, 192, 119, 123, 81, 18,
       137, 211, 97, 205, 181, 254, 211, 128, 10, 165, 123, 56, 221, 119,
       236, 151, 66, 70, 237, 69, 0, 250, 35, 99, 121, 32, 193, 248, 246,
       204, 227, 124, 171, 17, 173, 179, 225, 134, 19, 51, 190, 244, 10,
       9, 164, 149, 251, 252, 173, 41, 159, 30, 91, 80, 112, 180, 99,
       200, 236, 213, 26, 54, 28, 51, 88, 107, 23, 140, 151, 54, 236,
       152, 200, 129, 169, 252, 82, 154, 172, 44, 2, 87, 120, 96, 138,
       231, 105, 87, 83, 137, 91, 244, 212, 109, 226, 232, 199, 201, 8,
       240, 227, 227, 157, 32, 179, 118, 3, 27, 89, 123, 236, 18, 214,
       63, 240, 173, 200, 94, 70, 61, 223, 161, 228, 118, 253, 159, 206,
       193, 153, 48, 237, 243, 237, 174, 128, 39, 178, 37, 121, 68, 32,
       156, 33, 176, 107, 121, 17, 42, 177, 35, 24, 223, 3, 73, 26, 147,
       29, 109, 58, 24, 208, 217, 64, 205, 209, 47, 117, 128, 227, 135,
       2, 8, 205, 22, 252, 181, 132, 110, 166, 165, 0, 234, 0, 189, 115,
       48, 240, 200, 243, 59, 200, 72, 139, 82, 239, 227, 255, 150, 8,
       26, 152, 224, 42, 113, 77, 30, 124, 141, 140, 70, 166, 225, 2,
       234, 0, 163, 35, 5, 208, 200, 226, 104, 78, 76, 171, 211, 47, 163,
       255, 212, 25, 72, 120, 234, 10, 74, 184, 188, 122, 169, 253, 21,
       143, 171, 63, 164, 9, 174, 255, 66, 27, 131, 115, 237, 16, 18, 75,
       202, 49, 219, 211, 85, 123, 210, 81, 143, 11, 4, 164, 221, 243,
       236, 169, 249, 27, 239, 179, 49, 88, 157, 235, 220, 11, 171, 143,
       110, 25, 51, 124, 203, 208, 204, 154, 127, 244, 220, 200, 195,
       161, 66, 173, 156, 23, 219, 188, 188, 174, 190, 183, 14, 17, 236,
       245, 66, 207, 135, 119, 249, 20, 54, 88, 219, 115, 47, 55, 93, 67,
       130, 116, 153, 142, 118, 64, 214, 140, 77, 110, 244, 72, 185, 166,
       242, 11, 78, 250, 103, 90, 248, 245, 239, 227, 12, 231, 211, 200,
       145, 50, 203, 31, 129, 125, 127, 134, 188, 100, 190, 241, 77, 111,
       241, 202, 211, 179, 165, 26, 18, 153, 97, 59, 169, 220, 115, 26,
       40, 119, 154, 130, 95, 207, 81, 63, 225, 121, 86, 162, 44, 176,
       56, 99, 153, 109, 81, 41, 18, 53, 37, 25, 214, 95, 74, 24, 153,
       18, 73, 48, 26, 112, 251, 21, 207, 215, 17, 119, 208, 10, 198, 98,
       84, 47, 28, 231, 56, 15, 71, 184, 62, 40, 142, 8, 247, 99, 131,
       84, 81, 198, 108, 106, 72, 192, 203, 61, 236, 183, 39, 20, 0, 187,
       1, 41, 70, 32, 222, 128, 221, 110, 250, 72, 59, 181, 179, 27, 204,
       58, 77, 26, 187, 221, 239, 177, 20, 115, 217, 192, 157, 22, 15,
       103, 197, 99, 103, 134, 242, 203, 71, 172, 14, 66, 71, 229, 229,
       36, 178, 98, 67, 98, 36, 87, 104, 244, 108, 227, 104, 163, 1, 237,
       177, 226, 199, 22, 33, 58, 244, 42, 134, 140, 156, 151, 197, 126,
       180, 175, 62, 183, 74, 19, 236, 110, 78, 75, 161, 71, 163, 148,
       54, 220, 155, 226, 47, 54, 223, 71, 130, 85, 141, 142, 114, 173,
       218, 180, 252, 169, 121, 143, 187, 183, 186, 25, 191, 234, 66, 18,
       235, 231, 111, 17, 46, 107, 202, 195, 221, 242, 191, 61, 193, 104,
       195, 10, 53, 131, 196, 191, 204, 3, 70, 168, 19, 179, 185, 239,
       99, 104, 204, 18, 89, 206, 102, 230, 107, 98, 207, 185, 172, 158,
       229, 124, 253, 235, 88, 132, 120, 125, 157, 229, 184, 15, 92, 63,
       59, 160, 174, 72, 191, 51, 65, 48, 135, 191, 125, 40, 105, 122,
       209, 30, 255, 255, 37, 48, 72, 240, 66, 43, 11, 184, 29, 185, 252,
