%YAML:1.0
---
descriptors: !!opencv-matrix
   rows: 97
   cols: 32
   dt: u
   data: [ 246, 64, 246, 196, 77, 126, 94, 8, 41, 166, 179, 11, 74, 186,
       7, 223, 248, 213, 237, 226, 108, 199, 209, 202, 147, 250, 195, 31,
       7, 127, 126, 6, 130, 160, 180, 155, 237, 237, 184, 143, 14, 53,
       17, 27, 140, 92, 94, 2, 139, 11, 251, 17, 22, 120, 91, 209, 13,
       16, 95, 127, 212, 76, 141, 134, 127, 69, 109, 71, 226, 94, 239,
       188, 97, 230, 231, 138, 89, 45, 159, 127, 62, 196, 113, 238, 201,
       244, 253, 108, 119, 43, 197, 4, 103, 247, 82, 248, 198, 184, 189,
       240, 234, 45, 185, 219, 170, 187, 25, 121, 148, 191, 68, 43, 141,
       31, 119, 17, 179, 79, 218, 80, 93, 24, 127, 254, 136, 97, 131,
       179, 165, 231, 201, 142, 220, 33, 230, 248, 198, 178, 153, 202,
       241, 225, 249, 2, 89, 202, 66, 234, 121, 35, 206, 186, 188, 132,
       167, 60, 253, 251, 240, 160, 86, 173, 150, 147, 149, 96, 38, 198,
       59, 147, 138, 19, 228, 162, 76, 206, 225, 207, 170, 211, 62, 217,
       139, 227, 189, 54, 223, 71, 128, 125, 181, 14, 45, 207, 189, 95,
       224, 63, 111, 183, 126, 251, 126, 84, 213, 39, 145, 252, 213, 110,
       38, 14, 177, 216, 105, 58, 172, 191, 247, 132, 208, 241, 194, 249,
       133, 176, 249, 243, 236, 173, 248, 223, 127, 59, 49, 122, 159,
       249, 220, 43, 175, 27, 127, 25, 178, 124, 203, 211, 207, 218, 119,
       244, 220, 200, 193, 161, 248, 72, 254, 253, 108, 40, 124, 144,
       169, 146, 182, 186, 95, 63, 133, 123, 111, 245, 125, 234, 40, 71,
       195, 232, 214, 251, 242, 144, 39, 241, 99, 41, 84, 53, 184, 99,
       146, 111, 122, 8, 58, 185, 187, 89, 223, 58, 73, 26, 179, 221, 77,
       179, 18, 208, 201, 2, 205, 197, 47, 229, 232, 99, 7, 131, 11, 166,
       21, 153, 252, 137, 168, 191, 30, 25, 88, 252, 188, 163, 200, 192,
       207, 11, 123, 29, 179, 88, 67, 247, 12, 22, 190, 232, 156, 136,
       129, 185, 193, 88, 157, 221, 108, 44, 237, 150, 248, 82, 226, 84,
       176, 184, 149, 123, 193, 228, 122, 138, 161, 101, 243, 225, 21,
       186, 210, 8, 88, 113, 97, 40, 118, 100, 209, 99, 66, 106, 234,
       200, 107, 243, 161, 24, 223, 30, 93, 190, 187, 213, 124, 123, 9,
       118, 221, 64, 157, 152, 69, 54, 237, 115, 67, 180, 119, 73, 103,
       68, 141, 86, 79, 236, 225, 196, 238, 2, 83, 124, 55, 118, 120,
       228, 120, 238, 89, 163, 61, 236, 51, 46, 197, 20, 99, 55, 246,
       100, 160, 68, 222, 254, 61, 43, 94, 108, 159, 130, 241, 25, 207,
       235, 41, 65, 211, 125, 111, 98, 96, 231, 75, 255, 243, 251, 71,
       63, 84, 248, 41, 131, 16, 238, 169, 169, 178, 235, 179, 151, 62,
       103, 88, 241, 183, 165, 192, 0, 55, 27, 85, 17, 18, 152, 65, 63,
       237, 135, 63, 228, 244, 216, 135, 251, 118, 167, 196, 205, 156,
       35, 198, 168, 83, 176, 185, 234, 83, 104, 93, 0, 89, 204, 53, 243,
       42, 114, 207, 159, 56, 14, 229, 116, 253, 107, 80, 0, 118, 44,
       216, 182, 173, 189, 88, 2, 187, 179, 251, 25, 239, 234, 75, 154,
       235, 239, 237, 1, 46, 99, 219, 226, 155, 247, 211, 59, 224, 109,
       74, 6, 130, 177, 191, 169, 172, 192, 181, 135, 142, 157, 154, 51,
       148, 255, 106, 74, 198, 87, 123, 81, 18, 9, 131, 224, 237, 53, 62,
       219, 132, 26, 165, 123, 117, 167, 193, 158, 220, 3, 134, 232, 18,
       178, 177, 254, 211, 96, 201, 3, 89, 194, 74, 254, 121, 99, 79,
       191, 184, 6, 231, 124, 253, 123, 240, 128, 125, 117, 185, 238,
       189, 47, 86, 248, 111, 232, 189, 76, 223, 125, 9, 176, 220, 213,
       125, 106, 137, 99, 123, 190, 243, 223, 37, 62, 202, 123, 67, 51,
       140, 141, 148, 183, 176, 166, 14, 174, 26, 147, 11, 81, 252, 227,
       73, 139, 151, 127, 49, 127, 114, 216, 10, 127, 105, 134, 221, 68,
       136, 115, 137, 8, 28, 244, 62, 170, 123, 101, 83, 216, 35, 94,
       229, 9, 95, 219, 107, 89, 247, 217, 149, 114, 58, 71, 26, 53, 219,
       203, 99, 111, 176, 19, 47, 67, 121, 15, 108, 110, 40, 26, 94, 61,
       225, 236, 190, 237, 123, 111, 146, 115, 38, 228, 125, 238, 220,
       99, 237, 45, 242, 233, 101, 145, 111, 178, 202, 81, 76, 55, 157,
       35, 176, 47, 121, 25, 58, 185, 51, 92, 223, 27, 72, 27, 183, 21,
       77, 177, 51, 80, 217, 64, 205, 209, 47, 244, 200, 67, 135, 19,
       106, 184, 188, 122, 169, 253, 16, 143, 139, 63, 164, 57, 174, 255,
       66, 27, 135, 115, 233, 16, 18, 79, 218, 49, 219, 211, 85, 123,
       210, 68, 143, 11, 72, 176, 25, 59, 185, 205, 16, 175, 30, 59, 48,
       25, 190, 31, 72, 16, 135, 27, 239, 17, 82, 120, 91, 23, 205, 215,
       52, 119, 80, 8, 135, 27, 213, 88, 221, 101, 3, 95, 98, 232, 103,
       160, 174, 10, 95, 51, 1, 114, 48, 197, 104, 234, 9, 181, 185, 106,
       215, 239, 65, 21, 97, 35, 75, 34, 38, 161, 80, 131, 253, 109, 184,
       73, 47, 53, 185, 27, 204, 58, 92, 12, 187, 155, 223, 49, 22, 112,
       91, 210, 29, 20, 159, 119, 213, 78, 199, 134, 229, 239, 148, 37,
       157, 62, 70, 168, 123, 186, 171, 76, 199, 96, 89, 154, 145, 196,
       108, 126, 126, 101, 203, 34, 173, 255, 101, 124, 232, 243, 202, 0,
       205, 52, 57, 227, 164, 63, 95, 63, 121, 107, 181, 124, 223, 59,
       156, 121, 149, 6, 93, 42, 185, 52, 233, 150, 231, 251, 240, 244,
       138, 209, 218, 3, 114, 201, 42, 204, 29, 212, 64, 102, 229, 4,
       198, 2, 34, 147, 54, 246, 232, 180, 234, 200, 72, 171, 178, 193,
       147, 120, 130, 27, 35, 6, 124, 46, 35, 187, 40, 14, 221, 149, 79,
       191, 87, 77, 204, 69, 32, 231, 182, 116, 92, 234, 19, 204, 154,
       138, 246, 255, 111, 60, 132, 40, 155, 150, 240, 252, 215, 197, 43,
       170, 21, 196, 75, 192, 244, 72, 195, 16, 83, 214, 56, 113, 120,
       204, 28, 254, 123, 23, 188, 46, 185, 232, 138, 76, 33, 3, 112,
       100, 125, 125, 152, 236, 189, 15, 94, 186, 111, 168, 184, 76, 223,
       123, 9, 48, 220, 213, 124, 106, 201, 99, 209, 190, 243, 255, 37,
       60, 74, 123, 74, 3, 233, 61, 29, 229, 188, 15, 92, 191, 59, 170,
       170, 72, 159, 59, 65, 50, 151, 95, 125, 40, 233, 90, 209, 30, 235,
       223, 103, 52, 72, 240, 203, 41, 72, 188, 191, 245, 48, 239, 121,
       55, 63, 73, 118, 61, 191, 63, 0, 112, 135, 63, 253, 0, 185, 252,
       241, 143, 207, 255, 50, 210, 130, 128, 7, 123, 88, 176, 188, 245,
       21, 14, 120, 19, 62, 185, 246, 2, 159, 31, 16, 107, 228, 149, 127,
       145, 136, 220, 193, 192, 223, 251, 250, 196, 161, 32, 101, 43, 62,
       100, 109, 224, 188, 99, 91, 200, 3, 253, 185, 169, 83, 79, 73, 26,
       217, 209, 221, 242, 10, 99, 105, 144, 219, 209, 161, 253, 183,
       251, 86, 114, 0, 226, 185, 186, 72, 196, 25, 77, 54, 31, 201, 145,
       165, 199, 104, 80, 221, 155, 171, 128, 74, 14, 234, 83, 197, 181,
       154, 105, 16, 2, 167, 234, 73, 88, 181, 93, 77, 108, 225, 150,
       246, 83, 102, 24, 178, 177, 81, 111, 201, 78, 122, 12, 33, 244,
       243, 1, 69, 187, 82, 8, 202, 120, 80, 168, 51, 135, 228, 13, 146,
       2, 204, 191, 118, 35, 250, 247, 113, 40, 156, 225, 127, 206, 53,
       173, 255, 250, 77, 31, 120, 46, 245, 196, 237, 196, 250, 25, 165,
       252, 149, 83, 173, 31, 71, 189, 83, 242, 32, 28, 210, 112, 93,
       189, 153, 76, 80, 62, 239, 118, 121, 63, 173, 158, 85, 116, 200,
       120, 218, 36, 216, 250, 191, 171, 58, 192, 187, 166, 142, 85, 138,
       179, 181, 207, 98, 66, 199, 83, 105, 81, 82, 13, 139, 51, 237,
       133, 46, 121, 4, 10, 165, 123, 58, 208, 182, 254, 43, 217, 80,
       109, 171, 21, 229, 41, 110, 219, 106, 214, 162, 153, 229, 16, 14,
       175, 18, 193, 155, 245, 84, 75, 211, 6, 175, 79, 245, 236, 199,
       62, 156, 3, 78, 252, 82, 226, 233, 216, 115, 97, 185, 49, 25, 238,
       108, 238, 105, 231, 13, 63, 248, 174, 229, 20, 237, 243, 210, 32,
       130, 205, 148, 23, 193, 174, 36, 175, 58, 179, 106, 17, 108, 114,
       5, 155, 161, 119, 32, 17, 114, 216, 155, 111, 45, 54, 95, 66, 128,
       116, 129, 14, 1, 130, 228, 27, 144, 159, 104, 191, 126, 113, 66,
       213, 241, 34, 154, 224, 85, 10, 50, 156, 183, 216, 95, 87, 12, 46,
       246, 228, 188, 140, 192, 156, 200, 26, 191, 253, 238, 104, 177,
