%YAML:1.0
---
descriptors: !!opencv-matrix
   rows: 122
   cols: 32
   dt: u
   data: [ 198, 46, 238, 20, 234, 104, 185, 71, 184, 215, 122, 191, 4,
       174, 215, 27, 167, 231, 227, 149, 182, 95, 166, 66, 94, 34, 94,
       203, 229, 245, 39, 215, 214, 141, 150, 151, 149, 128, 166, 134,
       59, 51, 203, 19, 228, 226, 76, 78, 233, 207, 42, 211, 126, 216,
       203, 227, 189, 54, 223, 67, 128, 115, 185, 14, 164, 135, 193, 138,
       220, 1, 134, 248, 146, 178, 185, 238, 209, 224, 233, 2, 89, 194,
       74, 234, 123, 35, 206, 191, 60, 6, 167, 60, 189, 251, 242, 168,
       124, 245, 189, 226, 169, 79, 95, 252, 59, 250, 188, 104, 223, 127,
       65, 51, 149, 221, 253, 114, 235, 67, 251, 152, 251, 219, 103, 252,
       154, 242, 135, 115, 198, 237, 144, 190, 159, 129, 170, 173, 155,
       176, 25, 10, 237, 234, 92, 199, 179, 239, 125, 211, 34, 64, 218,
       243, 173, 86, 207, 254, 148, 54, 145, 4, 6, 160, 144, 131, 237,
       45, 184, 73, 63, 51, 49, 27, 204, 56, 76, 140, 187, 155, 235, 49,
       22, 120, 219, 213, 13, 22, 31, 127, 212, 78, 199, 134, 100, 4,
       254, 252, 253, 187, 86, 104, 223, 134, 241, 25, 206, 233, 45, 73,
       211, 125, 239, 34, 52, 227, 74, 159, 235, 255, 87, 31, 214, 235,
       105, 131, 246, 135, 229, 204, 92, 35, 206, 232, 83, 162, 177, 218,
       83, 104, 156, 1, 91, 205, 117, 239, 184, 227, 77, 223, 56, 46,
       173, 148, 117, 235, 242, 0, 85, 165, 17, 225, 48, 14, 107, 184,
       127, 168, 123, 72, 223, 83, 128, 116, 182, 221, 124, 106, 1, 208,
       233, 94, 173, 252, 39, 4, 0, 163, 7, 33, 248, 72, 254, 252, 44,
       10, 92, 176, 169, 178, 182, 154, 95, 127, 129, 123, 102, 245, 125,
       238, 104, 199, 201, 232, 243, 251, 239, 144, 39, 177, 96, 33, 225,
       222, 28, 25, 57, 141, 144, 174, 222, 89, 48, 121, 190, 17, 6, 81,
       133, 19, 238, 1, 226, 44, 67, 119, 173, 182, 112, 58, 80, 8, 137,
       11, 208, 248, 153, 234, 58, 205, 19, 172, 174, 104, 128, 8, 183,
       215, 64, 114, 166, 241, 125, 210, 75, 13, 186, 51, 249, 161, 47,
       121, 24, 2, 7, 59, 215, 96, 209, 65, 64, 106, 234, 136, 43, 243,
       179, 88, 223, 54, 93, 191, 59, 213, 124, 251, 1, 116, 221, 64,
       157, 152, 79, 52, 197, 115, 75, 160, 9, 162, 17, 251, 236, 237,
       161, 159, 30, 121, 17, 120, 148, 21, 200, 172, 151, 26, 114, 24,
       19, 120, 107, 145, 13, 212, 53, 254, 208, 136, 133, 233, 133, 160,
       253, 243, 236, 45, 184, 95, 239, 59, 49, 122, 158, 249, 220, 43,
       175, 27, 127, 25, 146, 116, 203, 209, 78, 218, 127, 252, 212, 200,
       193, 161, 61, 103, 228, 103, 176, 10, 79, 184, 118, 168, 127, 228,
       83, 97, 153, 112, 54, 76, 36, 110, 233, 240, 205, 46, 234, 175,
       101, 132, 111, 243, 80, 33, 107, 59, 56, 242, 108, 173, 88, 80,
       41, 105, 245, 76, 158, 141, 150, 56, 142, 167, 117, 77, 147, 43,
       210, 241, 211, 249, 56, 184, 76, 131, 203, 17, 119, 65, 99, 68,
       23, 94, 238, 224, 101, 224, 234, 130, 91, 76, 29, 244, 122, 228,
       120, 238, 205, 177, 189, 206, 51, 108, 133, 20, 111, 183, 112,
       116, 222, 145, 58, 186, 155, 244, 18, 72, 191, 29, 165, 17, 238,
       222, 106, 208, 247, 19, 253, 210, 62, 7, 154, 243, 155, 241, 10,
       127, 144, 7, 175, 87, 3, 172, 170, 49, 240, 174, 191, 215, 58,
       231, 90, 149, 149, 170, 82, 0, 167, 47, 19, 149, 214, 156, 148,
       98, 108, 15, 190, 224, 205, 64, 163, 219, 75, 129, 238, 87, 99,
       26, 125, 180, 232, 209, 71, 128, 249, 127, 154, 118, 38, 245, 249,
       206, 192, 216, 183, 232, 71, 107, 222, 1, 38, 166, 175, 104, 114,
       168, 222, 180, 237, 61, 120, 138, 171, 179, 178, 25, 143, 234, 70,
       26, 235, 239, 111, 17, 30, 107, 202, 192, 159, 242, 87, 63, 193,
       108, 74, 6, 187, 130, 240, 90, 157, 181, 80, 207, 223, 29, 164,
       29, 42, 216, 254, 252, 201, 130, 142, 20, 190, 47, 111, 243, 27,
       95, 144, 123, 211, 12, 252, 79, 131, 23, 95, 173, 50, 14, 15, 57,
       29, 76, 82, 229, 215, 38, 163, 101, 214, 21, 12, 102, 249, 144,
       101, 14, 160, 182, 32, 150, 28, 168, 33, 117, 124, 117, 157, 228,
       173, 15, 95, 184, 59, 186, 188, 104, 223, 119, 73, 48, 157, 221,
       125, 106, 201, 67, 217, 62, 251, 223, 101, 188, 74, 241, 66, 51,
       100, 12, 214, 252, 189, 171, 82, 104, 159, 130, 240, 9, 207, 233,
       45, 91, 211, 117, 111, 98, 52, 99, 10, 223, 155, 254, 71, 63, 212,
       105, 73, 130, 54, 167, 197, 237, 156, 3, 206, 168, 87, 176, 241,
       202, 67, 104, 93, 8, 89, 204, 53, 243, 106, 242, 207, 159, 184,
       190, 197, 180, 125, 59, 208, 0, 85, 39, 25, 229, 48, 14, 107, 56,
       109, 172, 255, 8, 215, 3, 129, 116, 50, 221, 108, 106, 73, 240,
       233, 76, 237, 188, 35, 20, 0, 163, 7, 33, 193, 84, 159, 220, 108,
       108, 229, 134, 252, 82, 162, 80, 252, 178, 37, 123, 225, 117, 122,
       138, 97, 101, 243, 193, 5, 186, 82, 8, 24, 112, 97, 40, 3, 167, 5,
       153, 252, 137, 168, 191, 30, 25, 88, 244, 189, 163, 232, 196, 207,
       11, 35, 28, 243, 88, 67, 247, 44, 22, 190, 232, 28, 136, 137, 185,
       66, 234, 170, 186, 73, 132, 184, 206, 174, 7, 196, 133, 173, 206,
       99, 72, 205, 59, 171, 149, 6, 15, 210, 243, 213, 55, 154, 41, 16,
       16, 45, 202, 237, 236, 17, 98, 157, 109, 71, 254, 82, 242, 168,
       24, 83, 113, 89, 181, 153, 194, 88, 122, 171, 103, 123, 63, 185,
       140, 5, 124, 209, 123, 82, 32, 58, 144, 45, 123, 139, 253, 145,
       159, 31, 125, 181, 63, 10, 29, 94, 125, 205, 155, 245, 145, 159,
       124, 251, 209, 219, 89, 208, 247, 215, 12, 220, 119, 129, 166,
       153, 187, 188, 173, 41, 159, 30, 91, 80, 112, 180, 247, 232, 96,
       197, 26, 54, 24, 179, 92, 99, 183, 237, 151, 62, 232, 152, 200,
       129, 185, 247, 82, 239, 214, 100, 38, 73, 80, 209, 202, 215, 118,
       81, 235, 181, 107, 92, 228, 63, 186, 169, 199, 174, 200, 82, 235,
       230, 136, 175, 251, 112, 49, 121, 79, 108, 108, 40, 30, 94, 61,
       225, 236, 190, 237, 123, 111, 146, 179, 6, 228, 252, 110, 221, 99,
       237, 45, 242, 251, 101, 152, 111, 182, 202, 81, 203, 87, 127, 109,
       40, 22, 93, 53, 101, 110, 214, 237, 93, 61, 183, 119, 134, 21,
       253, 111, 229, 133, 101, 140, 98, 251, 96, 146, 46, 180, 132, 125,
       252, 66, 94, 172, 40, 2, 95, 56, 32, 138, 227, 233, 87, 195, 9,
       91, 214, 213, 109, 98, 232, 199, 201, 8, 208, 227, 99, 29, 32,
       179, 38, 1, 76, 48, 157, 35, 176, 47, 113, 25, 42, 177, 43, 92,
       223, 19, 72, 26, 179, 21, 108, 49, 18, 80, 217, 64, 205, 215, 63,
       117, 128, 66, 135, 35, 240, 217, 31, 12, 10, 66, 151, 236, 132,
       180, 162, 40, 118, 213, 32, 83, 76, 244, 234, 226, 104, 99, 11,
       61, 241, 34, 67, 31, 81, 59, 36, 50, 108, 184, 188, 122, 169, 253,
       17, 138, 171, 63, 164, 25, 174, 255, 66, 27, 129, 115, 233, 16,
       50, 79, 202, 49, 219, 211, 93, 123, 210, 69, 143, 11, 240, 77,
       103, 236, 143, 66, 71, 237, 229, 4, 178, 2, 67, 106, 37, 83, 248,
       244, 108, 227, 104, 163, 1, 172, 177, 226, 198, 19, 49, 58, 244,
       46, 118, 72, 214, 140, 77, 110, 254, 72, 169, 166, 242, 11, 78,
       186, 39, 94, 248, 245, 239, 227, 12, 103, 147, 200, 145, 54, 203,
       27, 129, 127, 127, 134, 239, 63, 60, 234, 236, 173, 127, 144, 171,
       121, 253, 92, 157, 143, 23, 56, 142, 171, 127, 95, 147, 35, 218,
       240, 247, 185, 42, 248, 200, 211, 203, 145, 6, 161, 20, 131, 221,
       111, 184, 73, 46, 53, 185, 27, 204, 26, 72, 8, 251, 159, 107, 49,
       22, 115, 91, 208, 157, 16, 31, 119, 144, 10, 133, 134, 216, 250,
       191, 187, 58, 192, 179, 166, 158, 21, 130, 179, 181, 223, 104, 66,
       231, 115, 105, 81, 98, 77, 139, 51, 233, 165, 46, 89, 4, 8, 37,
       123, 209, 217, 31, 124, 172, 14, 77, 181, 224, 122, 162, 92, 247,
       115, 16, 115, 32, 228, 124, 110, 249, 229, 49, 45, 241, 171, 100,
       16, 104, 176, 192, 40, 245, 255, 74, 166, 198, 3, 78, 254, 64,
       166, 154, 239, 97, 104, 241, 3, 63, 230, 22, 239, 205, 11, 141,
       46, 56, 8, 239, 168, 45, 251, 176, 157, 4, 237, 149, 95, 185, 134,
