%YAML:1.0
---
descriptors: !!opencv-matrix
   rows: 99
   cols: 32
   dt: u
   data: [ 128, 182, 153, 187, 252, 173, 165, 159, 30, 27, 80, 116, 180,
       183, 232, 73, 205, 27, 50, 24, 51, 92, 75, 183, 141, 151, 62, 232,
       152, 72, 129, 185, 246, 72, 214, 158, 77, 86, 86, 232, 185, 134,
       179, 27, 78, 250, 47, 223, 248, 245, 237, 227, 108, 103, 154, 234,
       145, 178, 207, 31, 1, 63, 126, 6, 134, 165, 16, 147, 253, 109,
       188, 175, 30, 55, 57, 27, 204, 56, 88, 8, 187, 27, 219, 17, 54,
       120, 91, 215, 13, 22, 31, 127, 148, 72, 141, 134, 56, 85, 39, 236,
       21, 214, 86, 104, 197, 8, 238, 3, 107, 249, 48, 224, 248, 230,
       140, 227, 108, 171, 25, 159, 243, 229, 131, 19, 115, 46, 124, 66,
       125, 245, 17, 110, 189, 79, 86, 248, 127, 168, 184, 72, 223, 125,
       9, 176, 220, 213, 92, 98, 201, 99, 219, 191, 251, 223, 37, 62, 74,
       59, 66, 35, 134, 6, 158, 213, 201, 58, 180, 7, 190, 183, 71, 145,
       204, 46, 14, 207, 163, 87, 235, 16, 48, 220, 27, 194, 79, 50, 94,
       71, 130, 116, 141, 134, 214, 236, 148, 151, 213, 128, 166, 164,
       187, 179, 130, 18, 236, 226, 77, 206, 225, 235, 42, 147, 102, 92,
       218, 243, 189, 54, 223, 99, 128, 80, 185, 14, 124, 245, 185, 104,
       185, 79, 86, 252, 59, 168, 188, 72, 223, 127, 73, 48, 157, 223,
       93, 122, 235, 99, 217, 63, 251, 223, 37, 188, 90, 251, 194, 51,
       180, 199, 196, 191, 156, 3, 70, 168, 19, 178, 177, 206, 227, 104,
       205, 159, 89, 198, 36, 123, 40, 102, 79, 191, 168, 150, 197, 116,
       253, 123, 82, 132, 122, 146, 189, 248, 125, 119, 153, 95, 27, 125,
       181, 255, 28, 29, 62, 41, 159, 151, 245, 17, 159, 111, 59, 213,
       91, 91, 250, 254, 30, 12, 183, 115, 194, 236, 148, 190, 79, 129,
       110, 172, 155, 178, 16, 26, 236, 234, 93, 207, 179, 237, 127, 195,
       98, 68, 218, 251, 189, 18, 207, 190, 20, 48, 147, 4, 182, 231,
       229, 237, 60, 35, 202, 168, 87, 176, 243, 202, 67, 105, 93, 10,
       89, 204, 117, 243, 234, 246, 207, 157, 138, 250, 197, 180, 125,
       251, 80, 0, 2, 173, 17, 186, 221, 201, 180, 239, 158, 21, 232, 27,
       164, 194, 108, 0, 233, 155, 3, 17, 18, 11, 26, 247, 189, 148, 30,
       127, 144, 8, 135, 138, 77, 177, 149, 225, 240, 44, 104, 31, 58,
       177, 99, 80, 221, 51, 72, 250, 183, 31, 116, 24, 19, 216, 153, 64,
       205, 249, 119, 100, 136, 224, 131, 161, 242, 72, 215, 252, 14, 10,
       108, 180, 169, 146, 178, 26, 111, 43, 21, 91, 98, 245, 125, 234,
       104, 71, 195, 232, 147, 250, 222, 144, 37, 241, 98, 8, 202, 186,
       188, 122, 169, 253, 21, 143, 187, 63, 164, 25, 174, 255, 66, 27,
       129, 115, 233, 16, 50, 77, 218, 49, 207, 211, 93, 123, 210, 80,
       143, 11, 192, 156, 28, 123, 41, 141, 20, 191, 159, 59, 40, 124,
       190, 54, 4, 112, 133, 19, 238, 0, 67, 40, 83, 55, 141, 214, 80,
       58, 88, 8, 133, 27, 134, 205, 165, 87, 133, 104, 55, 175, 58, 183,
       74, 17, 236, 124, 92, 235, 129, 87, 161, 23, 50, 220, 59, 99, 45,
       54, 223, 71, 128, 116, 149, 238, 203, 87, 127, 108, 40, 22, 93,
       55, 165, 110, 214, 237, 93, 61, 182, 119, 134, 21, 253, 111, 229,
       135, 229, 140, 114, 251, 96, 146, 46, 180, 172, 125, 190, 176,
       236, 90, 173, 249, 81, 203, 207, 119, 37, 157, 10, 204, 126, 63,
       195, 11, 205, 16, 158, 109, 254, 209, 203, 89, 85, 127, 214, 76,
       220, 214, 27, 95, 123, 228, 114, 214, 63, 112, 45, 200, 94, 230,
       125, 159, 161, 240, 54, 125, 151, 231, 193, 153, 52, 236, 247,
       237, 46, 130, 47, 178, 37, 249, 244, 82, 138, 166, 12, 6, 86, 24,
       32, 170, 195, 107, 83, 83, 73, 90, 248, 212, 108, 226, 76, 215,
       201, 8, 209, 227, 231, 29, 32, 115, 126, 3, 133, 164, 221, 241,
       236, 169, 233, 27, 238, 179, 49, 88, 157, 195, 216, 10, 43, 15,
       110, 25, 51, 116, 203, 208, 204, 152, 127, 100, 212, 200, 195,
       161, 29, 71, 196, 71, 176, 26, 78, 184, 117, 170, 127, 228, 211,
       96, 157, 244, 54, 204, 36, 110, 237, 240, 109, 46, 238, 239, 101,
       132, 110, 243, 88, 5, 240, 121, 23, 172, 141, 198, 87, 96, 229,
       136, 226, 4, 214, 211, 32, 82, 216, 252, 232, 98, 73, 171, 146,
       12, 241, 240, 6, 30, 72, 34, 102, 58, 229, 0, 205, 77, 9, 79, 105,
       9, 111, 177, 163, 28, 215, 35, 16, 242, 82, 4, 120, 46, 81, 228,
       253, 8, 141, 251, 67, 20, 72, 162, 82, 32, 85, 165, 147, 225, 178,
       46, 108, 159, 126, 185, 106, 80, 223, 51, 200, 252, 51, 95, 44,
       152, 51, 216, 129, 66, 173, 254, 55, 68, 160, 192, 163, 161, 6,
       161, 144, 129, 221, 111, 176, 73, 63, 181, 179, 27, 204, 122, 72,
       8, 187, 157, 235, 177, 50, 115, 217, 214, 157, 22, 31, 119, 128,
       75, 135, 130, 40, 140, 57, 123, 177, 207, 83, 191, 87, 15, 174,
       16, 191, 55, 0, 112, 213, 18, 92, 24, 59, 172, 97, 63, 235, 255,
       52, 80, 18, 136, 196, 107, 13, 93, 17, 255, 52, 143, 86, 176, 223,
       8, 121, 68, 255, 113, 33, 240, 148, 122, 28, 74, 227, 168, 89, 63,
       227, 255, 37, 16, 90, 155, 73, 43, 242, 97, 119, 225, 38, 8, 248,
       64, 105, 128, 186, 138, 143, 11, 84, 18, 234, 149, 93, 209, 74,
       182, 196, 192, 151, 216, 138, 130, 101, 130, 115, 10, 229, 225,
       133, 23, 173, 15, 70, 184, 254, 179, 163, 76, 243, 224, 89, 187,
       153, 70, 104, 94, 239, 101, 219, 51, 173, 154, 69, 124, 200, 251,
       218, 4, 118, 173, 218, 180, 236, 169, 111, 138, 171, 183, 186, 9,
       159, 234, 67, 90, 235, 239, 111, 17, 14, 99, 202, 224, 221, 246,
       239, 60, 192, 121, 3, 2, 198, 236, 132, 151, 205, 128, 166, 168,
       190, 178, 130, 18, 236, 226, 77, 199, 241, 239, 106, 146, 102, 86,
       155, 243, 189, 54, 223, 111, 128, 112, 57, 14, 121, 189, 153, 229,
       184, 47, 92, 191, 59, 162, 170, 72, 159, 51, 64, 178, 135, 223,
       125, 40, 89, 90, 209, 26, 255, 255, 37, 52, 200, 240, 195, 35, 70,
       0, 222, 186, 186, 43, 152, 72, 158, 179, 177, 25, 207, 234, 101,
       202, 151, 117, 110, 49, 52, 107, 11, 220, 152, 247, 91, 127, 208,
       41, 9, 131, 38, 48, 214, 188, 105, 3, 152, 72, 15, 177, 240, 169,
       78, 255, 45, 158, 222, 189, 255, 5, 12, 211, 195, 192, 146, 250,
       91, 187, 214, 172, 35, 151, 65, 3, 27, 231, 48, 14, 111, 56, 109,
       172, 255, 8, 223, 19, 128, 116, 148, 221, 76, 106, 201, 176, 249,
       76, 229, 253, 35, 4, 0, 163, 67, 37, 88, 48, 60, 253, 15, 204, 88,
       59, 190, 25, 242, 19, 191, 63, 16, 67, 230, 177, 125, 129, 46, 72,
       211, 221, 211, 235, 250, 153, 48, 0, 5, 11, 247, 178, 61, 219,
       173, 237, 153, 155, 143, 121, 149, 127, 30, 157, 222, 59, 207,
       155, 255, 17, 159, 46, 250, 209, 91, 89, 249, 254, 157, 140, 148,
       115, 203, 91, 123, 236, 44, 16, 93, 54, 233, 106, 118, 253, 31,
       63, 150, 123, 134, 213, 253, 239, 197, 13, 165, 192, 226, 249,
       248, 154, 47, 244, 210, 125, 241, 149, 93, 103, 158, 110, 71, 191,
       80, 99, 170, 122, 115, 53, 8, 50, 57, 214, 108, 40, 121, 122, 249,
       31, 253, 174, 117, 52, 97, 90, 214, 58, 133, 164, 221, 243, 236,
       233, 105, 143, 94, 51, 5, 152, 213, 226, 200, 41, 19, 10, 106, 24,
       51, 92, 239, 19, 204, 219, 119, 117, 148, 200, 129, 160, 240, 75,
       207, 182, 14, 66, 69, 165, 161, 150, 162, 26, 98, 98, 5, 87, 104,
       228, 108, 227, 104, 71, 131, 232, 177, 162, 206, 17, 33, 48, 244,
       42, 66, 237, 148, 23, 201, 232, 180, 175, 190, 179, 74, 17, 236,
       250, 68, 203, 161, 119, 225, 17, 54, 88, 155, 243, 45, 54, 95, 71,
       128, 116, 141, 142, 74, 16, 29, 185, 45, 204, 184, 19, 190, 25,
       82, 81, 191, 31, 0, 73, 194, 51, 253, 145, 50, 76, 211, 213, 197,
       243, 250, 211, 156, 0, 5, 27, 74, 188, 51, 182, 19, 236, 49, 103,
       189, 93, 75, 17, 190, 191, 32, 80, 165, 59, 255, 1, 50, 137, 146,
       199, 219, 247, 26, 75, 2, 68, 167, 123, 121, 99, 122, 103, 52, 31,
       67, 56, 109, 172, 255, 8, 219, 0, 155, 52, 152, 204, 76, 106, 201,
       178, 233, 12, 245, 253, 33, 52, 98, 187, 66, 96, 50, 32, 214, 172,
       107, 11, 152, 72, 143, 176, 240, 139, 14, 142, 100, 154, 254, 189,
