%YAML:1.0
---
descriptors: !!opencv-matrix
   rows: 38
   cols: 32
   dt: u
   data: [ 246, 64, 214, 174, 77, 70, 86, 232, 185, 134, 163, 11, 78,
       254, 47, 219, 248, 213, 237, 227, 108, 199, 155, 202, 145, 178,
       207, 31, 33, 63, 124, 70, 196, 141, 133, 147, 150, 160, 38, 134,
       62, 19, 74, 18, 236, 226, 72, 74, 97, 207, 42, 144, 50, 220, 139,
       227, 172, 38, 223, 68, 128, 80, 161, 8, 194, 164, 129, 158, 222,
       161, 172, 143, 154, 179, 17, 26, 204, 234, 88, 11, 19, 15, 123,
       177, 50, 68, 206, 215, 172, 22, 159, 252, 148, 64, 147, 128, 192,
       164, 133, 147, 222, 160, 44, 175, 190, 147, 9, 82, 236, 226, 72,
       66, 113, 235, 42, 144, 50, 92, 202, 247, 173, 6, 159, 108, 128,
       64, 161, 136, 77, 75, 95, 103, 36, 14, 111, 176, 108, 170, 118,
       108, 247, 97, 145, 115, 22, 100, 108, 110, 193, 240, 237, 44, 230,
       251, 101, 144, 74, 243, 66, 41, 184, 233, 114, 106, 245, 221, 86,
       245, 115, 12, 124, 10, 43, 159, 182, 180, 120, 250, 134, 72, 74,
       58, 48, 191, 59, 221, 4, 107, 115, 158, 238, 238, 64, 152, 153,
       190, 9, 205, 19, 135, 159, 75, 168, 8, 190, 247, 96, 112, 133, 51,
       232, 0, 3, 15, 218, 51, 193, 247, 16, 123, 146, 8, 135, 123, 61,
       71, 199, 71, 48, 26, 78, 184, 117, 168, 127, 228, 83, 96, 157,
       244, 54, 204, 36, 110, 201, 176, 109, 14, 42, 238, 37, 132, 111,
       179, 80, 5, 118, 92, 150, 140, 77, 102, 118, 72, 185, 142, 243,
       11, 76, 254, 39, 223, 248, 245, 239, 227, 76, 103, 218, 232, 149,
       50, 203, 27, 1, 127, 110, 134, 67, 174, 148, 216, 252, 165, 185,
       95, 159, 187, 184, 116, 156, 178, 228, 255, 231, 63, 127, 28, 179,
       79, 131, 210, 152, 218, 127, 238, 154, 64, 169, 173, 226, 184,
       163, 208, 207, 236, 177, 151, 187, 91, 146, 255, 190, 189, 68, 43,
       205, 179, 255, 145, 187, 79, 210, 227, 95, 54, 222, 251, 205, 76,
       151, 123, 64, 164, 133, 155, 222, 161, 44, 175, 190, 179, 9, 82,
       228, 226, 72, 67, 113, 107, 106, 176, 50, 64, 202, 215, 172, 6,
       159, 108, 144, 64, 145, 128, 194, 138, 186, 26, 175, 244, 220,
       199, 255, 95, 164, 27, 44, 238, 118, 91, 231, 99, 235, 149, 182,
       79, 170, 243, 91, 123, 94, 123, 211, 68, 237, 79, 27, 93, 123,
       228, 114, 134, 191, 112, 45, 64, 90, 198, 125, 159, 165, 112, 182,
       125, 151, 231, 193, 153, 48, 237, 247, 237, 42, 130, 45, 179, 33,
       57, 242, 88, 214, 188, 77, 70, 86, 96, 185, 142, 242, 11, 106,
       190, 39, 223, 232, 245, 239, 195, 76, 231, 210, 234, 147, 186,
       206, 27, 1, 125, 126, 79, 98, 186, 191, 24, 207, 228, 153, 199,
       203, 95, 176, 31, 44, 238, 118, 90, 235, 171, 235, 149, 150, 111,
       186, 241, 91, 22, 94, 251, 209, 68, 167, 95, 77, 79, 123, 103, 36,
       14, 111, 184, 105, 200, 126, 108, 247, 97, 145, 114, 18, 100, 108,
       110, 201, 176, 237, 40, 230, 249, 37, 128, 74, 179, 66, 105, 3,
       188, 159, 211, 169, 189, 185, 215, 174, 89, 158, 116, 188, 255,
       102, 111, 197, 59, 255, 152, 151, 73, 242, 241, 207, 219, 126,
       234, 138, 64, 129, 255, 1, 75, 127, 101, 116, 14, 111, 48, 109,
       200, 126, 100, 247, 99, 144, 112, 118, 100, 20, 110, 193, 184, 37,
       109, 102, 189, 32, 128, 76, 162, 99, 41, 194, 148, 151, 186, 59,
       236, 185, 3, 190, 31, 67, 17, 172, 159, 40, 74, 167, 51, 255, 145,
       51, 205, 146, 247, 205, 246, 90, 203, 128, 4, 165, 123, 165, 105,
       105, 103, 116, 75, 103, 248, 112, 224, 124, 72, 115, 81, 145, 48,
       88, 236, 22, 110, 201, 178, 109, 62, 100, 141, 37, 32, 109, 187,
       82, 224, 54, 32, 82, 225, 7, 127, 250, 64, 45, 164, 243, 11, 15,
       26, 125, 148, 250, 157, 223, 243, 28, 179, 17, 192, 147, 216, 138,
       215, 101, 15, 125, 134, 126, 64, 114, 233, 71, 86, 126, 104, 105,
       36, 243, 3, 11, 31, 55, 212, 254, 157, 159, 227, 204, 179, 17,
       204, 147, 253, 130, 135, 119, 190, 108, 70, 62, 32, 98, 225, 119,
       94, 250, 80, 105, 4, 247, 131, 11, 31, 31, 156, 126, 149, 151,
       234, 140, 178, 85, 200, 215, 217, 130, 135, 231, 167, 126, 199,
       127, 167, 236, 26, 239, 49, 222, 200, 219, 95, 189, 191, 74, 232,
       223, 159, 251, 194, 238, 247, 158, 99, 239, 241, 26, 91, 197, 255,
       247, 255, 254, 199, 66, 148, 151, 186, 155, 228, 57, 67, 190, 21,
       207, 19, 172, 247, 40, 74, 167, 51, 251, 144, 50, 73, 146, 247,
       217, 182, 26, 75, 144, 68, 165, 114, 82, 149, 30, 186, 155, 224,
       57, 103, 190, 21, 201, 179, 172, 247, 40, 64, 231, 51, 235, 129,
       50, 75, 146, 247, 217, 54, 26, 75, 144, 68, 165, 90, 66, 144, 151,
       251, 41, 172, 57, 19, 190, 27, 71, 84, 188, 183, 40, 110, 197, 51,
       251, 16, 179, 205, 146, 231, 141, 182, 90, 66, 136, 0, 165, 59,
       252, 235, 120, 98, 60, 11, 82, 184, 67, 164, 181, 9, 83, 73, 91,
       16, 24, 220, 205, 122, 202, 50, 205, 62, 250, 205, 37, 125, 117,
       187, 94, 2, 195, 158, 149, 223, 40, 190, 57, 55, 189, 19, 199, 84,
       191, 35, 4, 255, 199, 55, 104, 12, 177, 204, 243, 71, 141, 254,
       90, 18, 138, 192, 1, 44, 66, 189, 23, 254, 179, 204, 53, 103, 189,
       1, 234, 56, 174, 183, 32, 245, 166, 51, 234, 0, 98, 201, 178, 231,
       177, 246, 94, 27, 0, 64, 167, 43, 131, 168, 93, 241, 108, 169,
       249, 82, 174, 51, 52, 80, 157, 131, 240, 107, 167, 41, 127, 156,
       51, 92, 162, 209, 204, 152, 250, 236, 148, 136, 65, 169, 182, 1,
       82, 160, 85, 71, 120, 64, 45, 36, 243, 11, 15, 26, 37, 80, 250,
       149, 159, 242, 12, 179, 17, 204, 147, 216, 130, 23, 101, 47, 124,
       6, 182, 64, 114, 229, 69, 86, 122, 96, 9, 164, 251, 3, 11, 27, 55,
       212, 250, 157, 151, 226, 76, 182, 81, 204, 151, 249, 130, 131,
       103, 174, 124, 134, 79, 255, 248, 82, 235, 117, 191, 183, 153, 95,
       28, 189, 125, 125, 223, 191, 135, 83, 213, 30, 245, 72, 190, 226,
       107, 95, 116, 235, 198, 247, 143, 255, 177, 233, 69, 79, 84, 219,
       198, 253, 84, 224, 240, 78, 115, 80, 148, 165, 88, 232, 86, 110,
       233, 186, 125, 191, 36, 8, 165, 16, 127, 158, 210, 188, 90, 189,
       23, 222, 43, 192, 53, 103, 191, 21, 230, 48, 172, 247, 36, 215,
       166, 51, 235, 0, 98, 75, 178, 247, 177, 179, 94, 11, 18, 64, 167,
       59, 79, 157, 248, 118, 177, 116, 222, 191, 219, 223, 28, 173, 253,
       125, 223, 38, 151, 83, 181, 61, 246, 74, 186, 235, 107, 223, 109,
       255, 134, 244, 199, 255 ]
