%YAML:1.0
---
descriptors: !!opencv-matrix
   rows: 33
   cols: 32
   dt: u
   data: [ 50, 41, 82, 188, 77, 153, 248, 66, 239, 0, 240, 11, 46, 152,
       21, 148, 170, 169, 115, 65, 14, 43, 194, 249, 151, 120, 16, 59,
       71, 12, 74, 142, 77, 75, 121, 103, 36, 10, 111, 176, 101, 168,
       254, 100, 243, 97, 153, 114, 22, 228, 108, 110, 201, 176, 237, 40,
       230, 249, 37, 128, 72, 187, 66, 41, 29, 23, 238, 37, 178, 58, 62,
       25, 52, 238, 95, 231, 221, 45, 147, 200, 54, 93, 253, 167, 149,
       144, 101, 136, 230, 239, 105, 132, 239, 231, 129, 81, 6, 204, 215,
       254, 254, 171, 156, 239, 223, 19, 240, 216, 239, 232, 44, 73, 215,
       123, 110, 33, 50, 111, 10, 253, 168, 186, 87, 126, 212, 120, 129,
       137, 5, 164, 221, 241, 236, 169, 233, 159, 254, 179, 48, 218, 157,
       171, 216, 43, 171, 11, 110, 29, 51, 124, 207, 210, 204, 154, 119,
       100, 220, 200, 131, 160, 77, 79, 121, 103, 36, 14, 111, 188, 104,
       232, 254, 108, 211, 97, 145, 115, 18, 228, 108, 110, 201, 176,
       237, 44, 230, 249, 101, 128, 110, 179, 194, 33, 66, 174, 186, 26,
       239, 244, 152, 199, 251, 95, 188, 25, 44, 236, 118, 90, 227, 99,
       239, 21, 150, 111, 170, 241, 27, 94, 94, 251, 209, 68, 239, 79,
       120, 117, 120, 101, 52, 79, 71, 61, 96, 164, 254, 8, 211, 53, 131,
       48, 24, 212, 76, 106, 72, 176, 249, 14, 231, 237, 37, 20, 97, 250,
       198, 106, 19, 128, 151, 157, 56, 139, 184, 107, 158, 177, 242,
       200, 174, 162, 160, 207, 230, 61, 110, 8, 1, 235, 67, 221, 156,
       178, 91, 88, 148, 40, 33, 169, 202, 188, 151, 250, 57, 237, 48, 7,
       191, 27, 114, 57, 190, 191, 32, 216, 135, 51, 255, 17, 51, 92,
       210, 215, 205, 247, 26, 194, 136, 64, 135, 59, 109, 52, 241, 69,
       244, 126, 99, 19, 97, 232, 126, 104, 147, 53, 209, 54, 27, 220,
       84, 56, 137, 240, 245, 10, 111, 221, 37, 4, 226, 242, 66, 33, 16,
       26, 125, 225, 18, 207, 185, 119, 44, 36, 86, 131, 189, 15, 2, 1,
       46, 49, 31, 141, 160, 152, 49, 77, 197, 131, 186, 128, 37, 0, 37,
       123, 131, 18, 151, 221, 58, 138, 185, 51, 188, 51, 82, 240, 188,
       183, 128, 111, 230, 53, 126, 0, 49, 221, 65, 197, 140, 186, 122,
       194, 140, 136, 1, 169, 33, 105, 73, 103, 116, 203, 99, 56, 116,
       232, 126, 72, 243, 81, 145, 48, 58, 236, 6, 110, 201, 176, 109,
       47, 102, 141, 33, 0, 105, 187, 82, 168, 74, 250, 183, 186, 75,
       225, 185, 198, 139, 93, 148, 187, 172, 190, 102, 138, 239, 115,
       251, 145, 6, 107, 186, 241, 89, 81, 222, 251, 215, 4, 39, 251,
       125, 21, 103, 69, 21, 126, 110, 48, 97, 226, 255, 76, 91, 49, 149,
       244, 48, 228, 92, 110, 173, 177, 61, 14, 179, 239, 33, 20, 111,
       167, 90, 116, 33, 95, 103, 79, 116, 139, 235, 112, 77, 72, 127,
       228, 243, 85, 181, 37, 94, 56, 22, 108, 225, 184, 101, 93, 102,
       30, 32, 128, 95, 138, 82, 253, 74, 185, 187, 250, 59, 221, 51,
       150, 175, 89, 138, 4, 188, 222, 100, 96, 231, 115, 255, 80, 23, 9,
       178, 243, 219, 245, 26, 219, 152, 1, 37, 123, 118, 32, 112, 161,
       103, 79, 250, 72, 41, 36, 177, 11, 142, 26, 87, 148, 234, 157,
       223, 243, 28, 51, 80, 208, 151, 216, 138, 119, 117, 15, 111, 134,
       114, 64, 82, 236, 77, 82, 90, 72, 9, 132, 177, 11, 11, 30, 23,
       212, 250, 149, 223, 227, 76, 163, 209, 204, 179, 248, 131, 31, 39,
       191, 126, 6, 62, 81, 99, 225, 119, 86, 251, 112, 45, 108, 247,
       131, 11, 31, 151, 68, 126, 149, 151, 234, 204, 178, 113, 204, 247,
       253, 130, 135, 39, 143, 118, 247, 111, 227, 238, 26, 79, 145, 188,
       201, 203, 85, 181, 143, 104, 200, 126, 158, 254, 129, 235, 199,
       198, 99, 174, 209, 18, 89, 207, 191, 87, 30, 254, 198, 105, 75,
       111, 101, 100, 10, 111, 184, 96, 224, 118, 204, 243, 65, 145, 51,
       18, 228, 68, 110, 201, 176, 197, 44, 230, 233, 97, 0, 109, 186,
       82, 168, 33, 237, 99, 71, 84, 159, 231, 244, 117, 96, 124, 78,
       115, 65, 148, 180, 120, 232, 22, 110, 201, 178, 125, 61, 36, 12,
       37, 0, 111, 154, 82, 188, 195, 154, 151, 223, 32, 172, 57, 19,
       188, 19, 71, 84, 188, 183, 32, 111, 231, 55, 122, 0, 179, 220, 51,
       231, 141, 182, 90, 66, 138, 128, 129, 57, 90, 249, 59, 250, 27,
       197, 27, 196, 159, 73, 129, 3, 188, 223, 105, 96, 246, 59, 255,
       209, 3, 11, 186, 243, 251, 213, 26, 251, 24, 23, 37, 123, 182, 1,
       82, 224, 85, 71, 90, 72, 9, 164, 251, 11, 75, 27, 55, 148, 250,
       149, 151, 242, 12, 183, 81, 204, 147, 216, 130, 87, 103, 175, 110,
       134, 190, 69, 98, 225, 55, 54, 250, 112, 101, 38, 255, 19, 75, 29,
       31, 212, 126, 156, 151, 238, 236, 182, 53, 206, 243, 237, 162,
       135, 103, 175, 120, 134, 126, 181, 104, 138, 207, 113, 155, 232,
       139, 84, 157, 171, 74, 204, 127, 18, 249, 209, 255, 231, 94, 35,
       174, 241, 251, 81, 143, 255, 87, 111, 119, 214, 153, 84, 104, 229,
       230, 122, 127, 55, 113, 230, 119, 178, 89, 63, 159, 233, 63, 222,
       149, 174, 232, 180, 117, 206, 103, 239, 182, 133, 39, 245, 220,
       241, 169, 75, 70, 101, 100, 26, 103, 52, 96, 160, 118, 200, 251,
       1, 145, 177, 26, 236, 228, 110, 201, 176, 229, 44, 230, 233, 97,
       0, 111, 187, 90, 168, 158, 68, 224, 247, 247, 122, 126, 183, 113,
       231, 119, 179, 89, 63, 159, 233, 127, 223, 149, 174, 252, 252,
       109, 238, 103, 255, 246, 133, 231, 253, 252, 211, 214, 128, 159,
       218, 9, 228, 49, 202, 190, 19, 135, 16, 188, 215, 108, 110, 225,
       19, 123, 16, 50, 77, 58, 243, 219, 254, 90, 79, 146, 1, 37, 34 ]
keypoints: !!opencv-matrix
   rows: 33
   cols: 2
   dt: d
   data: [ 6.4800003051757812e+01, 2.4000001525878906e+02,
       1.2240000152587891e+02, 1.3920001220703125e+02,
       8.7600006103515625e+01, 2.3160000610351562e+02,
       2.7240002441406250e+02, 1.7520001220703125e+02,
       3.0240002441406250e+02, 2.5056001281738281e+02,
       1.2240000152587891e+02, 1.3824000549316406e+02,
       1.2096000671386719e+02, 1.0080000305175781e+02,
       9.6480003356933594e+01, 2.0304000854492188e+02,
       2.7129602050781250e+02, 1.7452801513671875e+02,
       2.8857601928710938e+02, 1.7107202148437500e+02,
       8.9856010437011719e+01, 1.1750401306152344e+02,
       9.1584007263183594e+01, 1.0368000793457031e+02,
       2.7164163208007812e+02, 1.7418241882324219e+02,
       2.3639042663574219e+02, 1.7210882568359375e+02,
       1.2234241485595703e+02, 1.0160641479492188e+02,
       1.2026881408691406e+02, 2.3431683349609375e+02,
       1.0450946807861328e+02, 7.9626258850097656e+01,
       1.2192771148681641e+02, 9.2067863464355469e+01,
       2.4136709594726562e+02, 9.9532821655273438e+01,
       2.5629702758789062e+02, 9.9532821655273438e+01,
       3.0357510375976562e+02, 1.0699778747558594e+02,
       1.2441603088378906e+02, 1.1197442626953125e+02,
       1.2441603088378906e+02, 1.3685763549804688e+02,
       2.3639045715332031e+02, 1.7169412231445312e+02,
       2.7371527099609375e+02, 1.7418243408203125e+02,
       1.2242537689208984e+02, 9.5551513671875000e+01,
       2.3887878417968750e+02, 9.8537498474121094e+01,
       2.7769659423828125e+02, 1.0450946807861328e+02,
       1.2541136169433594e+02, 1.1048143768310547e+02,
       2.5380871582031250e+02, 1.1048143768310547e+02,
       1.2541136169433594e+02, 1.3436932373046875e+02,
       2.5798910522460938e+02, 1.1107863616943359e+02,
       2.7232180786132812e+02, 1.7199273681640625e+02 ]
