%YAML:1.0
---
descriptors: !!opencv-matrix
   rows: 63
   cols: 32
   dt: u
   data: [ 17, 159, 223, 127, 178, 170, 99, 159, 118, 9, 110, 228, 247,
       99, 136, 112, 55, 62, 44, 24, 155, 152, 45, 61, 232, 166, 48, 128,
       248, 194, 128, 57, 245, 237, 201, 250, 236, 33, 78, 252, 194, 218,
       184, 74, 83, 225, 249, 35, 89, 194, 94, 254, 123, 99, 206, 186,
       184, 137, 165, 60, 221, 251, 250, 128, 121, 223, 94, 110, 58, 30,
       95, 188, 100, 72, 174, 228, 123, 99, 130, 112, 54, 228, 108, 110,
       249, 137, 109, 45, 250, 239, 100, 208, 106, 178, 106, 57, 2, 175,
       17, 186, 217, 201, 180, 239, 158, 21, 104, 27, 164, 195, 104, 0,
       233, 59, 3, 17, 18, 11, 26, 245, 189, 148, 30, 123, 144, 8, 133,
       138, 240, 72, 223, 252, 14, 10, 108, 36, 169, 178, 178, 26, 111,
       43, 5, 91, 106, 229, 108, 226, 104, 71, 195, 232, 179, 250, 198,
       16, 37, 176, 98, 8, 88, 60, 185, 245, 49, 236, 113, 55, 59, 235,
       118, 57, 191, 63, 0, 16, 167, 63, 253, 1, 48, 220, 209, 142, 215,
       247, 58, 131, 128, 192, 7, 123, 123, 18, 230, 165, 111, 28, 112,
       120, 41, 92, 246, 175, 74, 93, 238, 214, 238, 149, 255, 5, 204,
       179, 227, 193, 214, 121, 194, 147, 103, 172, 118, 215, 101, 99,
       56, 103, 36, 31, 115, 56, 109, 236, 127, 8, 223, 18, 159, 52, 146,
       204, 76, 106, 201, 176, 113, 76, 197, 157, 33, 52, 64, 179, 67,
       101, 128, 237, 21, 187, 24, 133, 167, 236, 158, 16, 192, 81, 180,
       195, 32, 65, 201, 43, 11, 66, 98, 205, 74, 127, 173, 144, 30, 120,
       16, 24, 161, 168, 88, 252, 188, 114, 137, 205, 21, 143, 171, 63,
       164, 57, 174, 183, 66, 27, 131, 211, 237, 16, 90, 77, 251, 113,
       219, 211, 92, 127, 194, 80, 135, 107, 85, 99, 31, 101, 48, 15,
       111, 56, 109, 172, 255, 8, 223, 82, 141, 116, 150, 221, 76, 106,
       201, 176, 249, 76, 229, 253, 35, 4, 64, 163, 71, 37, 84, 112, 159,
       118, 42, 108, 81, 26, 176, 218, 166, 24, 119, 247, 65, 123, 35,
       244, 124, 10, 41, 71, 187, 0, 209, 171, 113, 24, 168, 241, 38, 59,
       29, 71, 196, 71, 176, 26, 78, 184, 117, 170, 127, 228, 83, 96,
       157, 244, 54, 204, 36, 110, 233, 240, 109, 46, 162, 175, 101, 132,
       110, 179, 80, 5, 121, 125, 25, 109, 185, 15, 84, 191, 55, 168,
       188, 72, 159, 59, 1, 112, 156, 221, 124, 96, 105, 122, 81, 30,
       239, 223, 37, 54, 90, 248, 202, 35, 6, 165, 144, 131, 221, 111,
       176, 73, 63, 183, 185, 27, 204, 120, 72, 8, 187, 31, 106, 177, 50,
       115, 217, 210, 157, 22, 31, 119, 132, 75, 133, 130, 85, 165, 147,
       225, 178, 46, 108, 31, 59, 187, 99, 80, 221, 51, 72, 252, 55, 95,
       60, 184, 51, 220, 129, 66, 173, 254, 55, 68, 160, 192, 163, 161,
       69, 161, 152, 97, 176, 47, 120, 25, 43, 185, 55, 24, 223, 23, 72,
       26, 151, 29, 92, 60, 18, 80, 201, 80, 206, 217, 37, 244, 192, 131,
       131, 1, 5, 164, 217, 225, 236, 169, 233, 27, 110, 179, 187, 92,
       159, 227, 216, 40, 59, 143, 110, 28, 19, 120, 207, 208, 204, 157,
       63, 116, 220, 202, 195, 160, 73, 156, 25, 63, 121, 141, 17, 158,
       159, 25, 40, 76, 190, 147, 64, 80, 133, 59, 222, 0, 163, 8, 210,
       63, 229, 245, 16, 122, 88, 8, 3, 27, 37, 112, 177, 67, 85, 111,
       67, 152, 106, 248, 37, 8, 210, 21, 73, 62, 152, 92, 80, 122, 129,
       112, 249, 8, 77, 156, 5, 52, 192, 123, 86, 242, 36, 177, 57, 97,
       153, 111, 83, 153, 43, 61, 37, 24, 214, 23, 72, 56, 145, 20, 65,
       58, 26, 112, 249, 20, 205, 157, 1, 116, 208, 11, 198, 98, 244, 76,
       223, 253, 108, 40, 237, 132, 185, 146, 178, 90, 255, 171, 5, 91,
       107, 229, 111, 138, 33, 103, 195, 226, 212, 186, 242, 24, 173,
       241, 99, 168, 70, 161, 144, 129, 221, 111, 176, 73, 62, 53, 179,
       26, 204, 122, 72, 8, 187, 157, 234, 177, 50, 115, 217, 214, 157,
       22, 15, 103, 129, 11, 133, 130, 40, 141, 57, 123, 185, 255, 83,
       191, 87, 13, 172, 24, 183, 53, 128, 116, 133, 18, 28, 24, 58, 168,
       97, 63, 235, 255, 48, 80, 210, 200, 196, 107, 4, 224, 134, 159,
       93, 171, 162, 200, 190, 178, 128, 2, 236, 226, 105, 207, 113, 109,
       106, 178, 34, 65, 138, 249, 28, 6, 223, 47, 144, 113, 57, 140, 50,
       32, 214, 172, 107, 11, 152, 72, 143, 176, 240, 139, 14, 142, 101,
       154, 238, 157, 127, 21, 14, 195, 195, 192, 144, 248, 11, 187, 69,
       44, 35, 135, 125, 99, 120, 101, 52, 31, 67, 56, 109, 172, 255, 8,
       219, 64, 155, 52, 152, 204, 76, 106, 201, 178, 237, 12, 229, 221,
       33, 52, 98, 187, 70, 100, 115, 16, 96, 133, 111, 8, 184, 64, 41,
       64, 242, 227, 10, 157, 198, 94, 238, 157, 255, 5, 140, 186, 199,
       192, 22, 120, 194, 130, 103, 12, 119, 215, 203, 16, 115, 225, 36,
       16, 248, 17, 109, 104, 119, 231, 157, 31, 148, 113, 166, 149, 93,
       173, 133, 181, 165, 192, 130, 249, 170, 130, 47, 132, 115, 85, 68,
       237, 150, 31, 152, 131, 6, 168, 222, 178, 99, 1, 228, 224, 73, 83,
       145, 110, 96, 114, 98, 208, 139, 63, 40, 54, 69, 47, 144, 115, 0,
       2, 242, 64, 98, 225, 78, 40, 248, 71, 41, 64, 251, 251, 11, 31,
       20, 210, 110, 149, 223, 165, 140, 55, 197, 192, 150, 249, 138,
       147, 101, 141, 114, 215, 82, 181, 51, 186, 155, 228, 177, 103,
       191, 21, 201, 19, 172, 255, 40, 64, 167, 59, 251, 129, 18, 11, 18,
       215, 217, 246, 26, 75, 144, 4, 165, 122, 189, 107, 105, 101, 116,
       75, 67, 248, 113, 224, 247, 72, 83, 65, 153, 48, 120, 236, 4, 110,
       201, 178, 109, 46, 247, 205, 33, 32, 103, 187, 86, 224, 18, 34,
       223, 161, 42, 139, 184, 66, 44, 49, 211, 242, 141, 22, 0, 202,
       110, 29, 127, 149, 2, 217, 69, 192, 148, 240, 186, 210, 4, 8, 33,
       129, 73, 146, 156, 177, 56, 138, 56, 35, 62, 57, 147, 112, 191,
       54, 128, 203, 231, 53, 126, 1, 51, 220, 193, 213, 140, 243, 122,
       210, 136, 8, 9, 11, 16, 34, 134, 157, 30, 3, 160, 73, 62, 161,
       194, 226, 205, 226, 129, 203, 114, 13, 106, 184, 32, 209, 135,
       220, 152, 134, 251, 4, 172, 32, 41, 140, 249, 253, 148, 33, 173,
       15, 68, 190, 107, 184, 168, 76, 143, 48, 81, 179, 129, 196, 108,
       92, 239, 107, 211, 24, 185, 219, 69, 60, 200, 120, 90, 7, 104,
       141, 61, 105, 184, 207, 83, 159, 71, 13, 172, 8, 191, 53, 136,
       112, 129, 18, 76, 24, 26, 40, 97, 63, 235, 255, 48, 81, 210, 136,
       196, 43, 229, 172, 176, 218, 252, 45, 239, 187, 251, 83, 188, 28,
       188, 233, 223, 55, 141, 195, 90, 62, 179, 107, 250, 227, 110, 30,
       7, 120, 218, 252, 211, 164, 212, 76, 223, 255, 110, 40, 237, 18,
       187, 146, 178, 90, 255, 171, 209, 91, 111, 229, 125, 139, 33, 103,
       195, 226, 212, 186, 250, 152, 165, 241, 35, 41, 100, 49, 145, 65,
       249, 111, 67, 152, 43, 185, 37, 24, 214, 23, 73, 56, 145, 28, 64,
       58, 17, 112, 249, 16, 205, 156, 1, 116, 194, 99, 70, 34, 30, 1,
       114, 225, 55, 26, 250, 112, 109, 4, 119, 163, 15, 31, 31, 129,
       254, 157, 151, 231, 204, 176, 5, 204, 215, 249, 138, 135, 103,
       142, 125, 195, 27, 0, 122, 225, 100, 8, 249, 81, 105, 96, 242,
       199, 159, 15, 148, 24, 238, 149, 87, 173, 201, 176, 21, 192, 214,
       249, 170, 128, 47, 132, 115, 145, 82, 148, 23, 186, 27, 228, 49,
       67, 191, 21, 139, 19, 172, 247, 40, 78, 231, 19, 251, 144, 50, 73,
       146, 247, 153, 246, 26, 75, 144, 68, 165, 115, 82, 149, 22, 186,
       155, 224, 49, 103, 190, 21, 201, 179, 172, 247, 40, 64, 227, 51,
       251, 145, 50, 11, 146, 215, 217, 54, 26, 75, 144, 4, 165, 122,
       161, 109, 105, 77, 116, 75, 103, 249, 85, 96, 116, 74, 115, 81,
       149, 52, 88, 236, 6, 110, 233, 178, 101, 31, 102, 136, 37, 0, 127,
       186, 82, 232, 66, 146, 151, 251, 57, 172, 56, 19, 190, 27, 67, 84,
       188, 151, 40, 238, 135, 51, 249, 16, 179, 77, 146, 247, 141, 247,
       90, 74, 136, 0, 129, 59, 82, 181, 23, 254, 155, 204, 49, 103, 189,
       29, 203, 16, 172, 247, 32, 214, 164, 51, 235, 0, 114, 73, 178,
       231, 145, 246, 26, 75, 0, 64, 167, 59, 244, 227, 120, 106, 60, 27,
       82, 248, 83, 164, 177, 137, 83, 201, 91, 16, 88, 220, 205, 114,
