%YAML:1.0
---
descriptors: !!opencv-matrix
   rows: 26
   cols: 32
   dt: u
   data: [ 61, 71, 196, 103, 48, 26, 78, 184, 117, 170, 127, 228, 83, 97,
       153, 112, 22, 204, 36, 110, 233, 240, 109, 46, 234, 239, 101, 132,
       111, 243, 88, 1, 60, 40, 188, 243, 205, 111, 241, 202, 223, 179,
       165, 26, 26, 249, 73, 58, 169, 217, 115, 16, 26, 119, 219, 176,
       95, 207, 81, 117, 243, 105, 70, 162, 40, 156, 185, 123, 177, 239,
       83, 191, 87, 15, 174, 16, 182, 55, 32, 116, 213, 58, 29, 24, 58,
       136, 113, 63, 235, 255, 52, 80, 146, 200, 196, 107, 116, 109, 202,
       228, 156, 67, 71, 232, 68, 164, 236, 11, 67, 225, 81, 16, 120,
       236, 106, 242, 72, 179, 205, 40, 249, 133, 133, 53, 229, 123, 246,
       34, 5, 164, 217, 225, 236, 169, 233, 27, 110, 179, 57, 88, 157,
       163, 216, 40, 179, 139, 110, 25, 19, 120, 203, 208, 204, 159, 63,
       252, 204, 203, 195, 161, 118, 76, 146, 158, 77, 102, 182, 200,
       185, 142, 240, 11, 110, 250, 103, 218, 233, 245, 239, 195, 44,
       103, 218, 234, 149, 54, 203, 59, 65, 125, 110, 142, 36, 177, 57,
       97, 217, 111, 83, 153, 42, 61, 45, 24, 214, 55, 72, 56, 145, 28,
       65, 58, 18, 112, 249, 20, 205, 156, 1, 116, 208, 11, 198, 226,
       229, 225, 133, 37, 173, 13, 70, 184, 251, 250, 161, 76, 215, 224,
       89, 191, 153, 196, 108, 127, 235, 103, 219, 49, 185, 218, 69, 124,
       72, 123, 90, 4, 105, 61, 25, 245, 177, 143, 84, 55, 55, 168, 190,
       8, 191, 59, 0, 176, 132, 191, 124, 8, 105, 186, 209, 30, 239, 255,
       52, 48, 74, 200, 202, 43, 237, 99, 121, 101, 116, 31, 67, 184, 97,
       236, 255, 72, 219, 73, 155, 176, 88, 204, 76, 110, 201, 178, 237,
       12, 247, 221, 33, 52, 98, 187, 70, 97, 11, 17, 115, 225, 102, 25,
       249, 80, 45, 104, 118, 171, 29, 31, 151, 120, 166, 145, 223, 237,
       148, 177, 37, 192, 86, 217, 168, 130, 39, 133, 115, 213, 181, 105,
       105, 103, 116, 75, 71, 112, 113, 224, 117, 72, 83, 81, 147, 48,
       88, 236, 22, 110, 201, 178, 109, 46, 118, 137, 37, 32, 101, 187,
       82, 224, 72, 189, 23, 244, 49, 205, 52, 39, 189, 9, 106, 24, 190,
       183, 32, 240, 134, 51, 253, 0, 115, 217, 146, 207, 243, 247, 22,
       19, 2, 64, 135, 43, 105, 125, 21, 117, 189, 207, 84, 55, 253, 170,
       254, 8, 191, 187, 0, 177, 128, 183, 108, 0, 105, 248, 80, 14, 231,
       255, 116, 50, 74, 88, 202, 11, 104, 141, 57, 121, 60, 207, 83,
       159, 87, 13, 44, 8, 183, 21, 128, 112, 145, 26, 76, 24, 26, 40,
       97, 63, 235, 255, 52, 81, 210, 136, 196, 43, 141, 190, 59, 248,
       236, 141, 253, 255, 233, 90, 60, 92, 188, 235, 252, 35, 143, 67,
       95, 61, 243, 47, 186, 235, 111, 29, 127, 232, 218, 248, 195, 185,
       209, 66, 223, 189, 78, 8, 237, 16, 184, 50, 242, 94, 255, 163,
       145, 91, 107, 228, 110, 138, 97, 103, 199, 194, 212, 171, 250, 24,
       45, 249, 113, 40, 209, 74, 199, 157, 78, 8, 237, 22, 184, 150,
       242, 214, 243, 163, 209, 91, 107, 228, 110, 206, 96, 103, 231,
       192, 212, 162, 254, 8, 37, 249, 99, 120, 120, 233, 104, 100, 48,
       10, 71, 189, 99, 172, 238, 8, 211, 193, 194, 112, 16, 204, 76,
       104, 200, 186, 225, 29, 247, 237, 37, 52, 96, 178, 206, 40, 216,
       125, 151, 244, 33, 205, 52, 103, 237, 131, 106, 8, 190, 183, 33,
       247, 160, 51, 232, 0, 99, 233, 146, 239, 179, 243, 86, 51, 64, 80,
       135, 43, 218, 58, 255, 241, 42, 244, 25, 23, 171, 95, 22, 177,
       157, 159, 196, 59, 167, 55, 253, 129, 162, 77, 162, 195, 195, 249,
       122, 138, 38, 196, 167, 123, 197, 104, 207, 181, 108, 40, 105, 2,
       250, 147, 114, 144, 181, 163, 209, 75, 99, 236, 110, 142, 32, 212,
       198, 96, 132, 186, 122, 0, 164, 241, 115, 168, 82, 156, 151, 186,
       155, 228, 49, 202, 191, 83, 135, 17, 188, 247, 104, 238, 231, 19,
       251, 16, 51, 77, 155, 247, 153, 246, 90, 79, 154, 5, 165, 114,
       137, 78, 198, 53, 37, 250, 103, 22, 245, 6, 102, 144, 171, 161,
       179, 220, 105, 238, 172, 12, 44, 252, 100, 171, 198, 255, 80, 1,
       102, 253, 88, 76, 177, 149, 103, 77, 20, 27, 198, 121, 84, 232,
       242, 198, 115, 24, 180, 165, 88, 164, 22, 111, 237, 179, 117, 157,
       48, 106, 161, 144, 125, 174, 120, 156, 41, 99, 115, 73, 116, 239,
       99, 88, 117, 96, 125, 66, 19, 7, 132, 180, 122, 156, 6, 120, 131,
       186, 101, 95, 39, 140, 32, 64, 99, 139, 102, 224 ]
keypoints: !!opencv-matrix
   rows: 26
   cols: 2
   dt: d
   data: [ 2.2440000915527344e+02, 2.4240000915527344e+02,
       8.9280006408691406e+01, 2.3760000610351562e+02,
       8.7840003967285156e+01, 2.2752000427246094e+02,
       7.9200004577636719e+01, 2.5344000244140625e+02,
       1.9699201965332031e+02, 2.4537602233886719e+02,
       1.2787200927734375e+02, 2.4019201660156250e+02,
       2.2982402038574219e+02, 2.3673602294921875e+02,
       1.9180801391601562e+02, 1.8316801452636719e+02,
       1.9526402282714844e+02, 1.7280001831054688e+02,
       1.4342401123046875e+02, 1.6588801574707031e+02,
       3.1104003906250000e+02, 1.0990081787109375e+02,
       1.4307841491699219e+02, 1.6588803100585938e+02,
       1.9491842651367188e+02, 1.7210882568359375e+02,
       1.9699203491210938e+02, 1.7625602722167969e+02,
       8.9164810180664062e+01, 2.2809603881835938e+02,
       3.2140805053710938e+02, 2.3224322509765625e+02,
       1.9699203491210938e+02, 2.3431683349609375e+02,
       1.0202114105224609e+02, 1.4432260131835938e+02,
       1.3934594726562500e+02, 1.7667076110839844e+02,
       1.9657733154296875e+02, 1.7667076110839844e+02,
       3.0108679199218750e+02, 2.2146052551269531e+02,
       1.0152348327636719e+02, 1.4332727050781250e+02,
       1.7617309570312500e+02, 1.6422915649414062e+02,
       1.1466181945800781e+02, 1.3616090393066406e+02,
       1.4332727050781250e+02, 1.6482637023925781e+02,
       1.3257772827148438e+02, 1.7915908813476562e+02 ]
