%YAML:1.0
---
descriptors: !!opencv-matrix
   rows: 48
   cols: 32
   dt: u
   data: [ 64, 145, 159, 255, 168, 102, 53, 135, 174, 155, 202, 0, 213,
       55, 32, 107, 225, 87, 121, 16, 17, 217, 147, 96, 205, 163, 254,
       67, 128, 112, 165, 58, 3, 190, 21, 153, 252, 141, 169, 255, 158,
       25, 88, 245, 188, 163, 240, 196, 199, 11, 51, 29, 179, 24, 67,
       247, 44, 22, 62, 232, 28, 136, 129, 185, 84, 216, 159, 247, 10,
       70, 19, 168, 166, 157, 131, 33, 247, 119, 9, 90, 225, 117, 109,
       194, 88, 201, 171, 33, 201, 167, 255, 85, 160, 51, 37, 107, 118,
       166, 228, 239, 28, 3, 202, 168, 87, 176, 243, 202, 67, 105, 93, 0,
       89, 204, 117, 227, 232, 242, 207, 157, 170, 250, 229, 180, 117,
       187, 80, 0, 120, 157, 63, 238, 29, 231, 83, 182, 196, 77, 238, 0,
       115, 119, 32, 112, 192, 178, 157, 8, 43, 137, 113, 63, 227, 239,
       160, 17, 18, 10, 116, 122, 214, 236, 148, 147, 213, 128, 174, 165,
       187, 51, 130, 19, 228, 226, 77, 71, 225, 235, 42, 211, 102, 92,
       202, 243, 189, 22, 223, 99, 128, 80, 171, 142, 199, 34, 219, 69,
       224, 106, 233, 82, 170, 179, 50, 88, 156, 174, 85, 58, 167, 125,
       120, 25, 145, 244, 176, 64, 13, 24, 95, 36, 196, 113, 71, 160, 9,
       141, 150, 252, 181, 132, 110, 166, 165, 0, 234, 0, 185, 51, 52,
       240, 200, 243, 59, 200, 72, 139, 82, 239, 227, 255, 150, 8, 26,
       152, 224, 42, 132, 160, 221, 243, 236, 169, 249, 27, 239, 179, 49,
       88, 157, 171, 216, 10, 163, 15, 110, 25, 19, 124, 203, 208, 204,
       154, 119, 228, 220, 200, 195, 161, 118, 64, 214, 140, 77, 110,
       254, 72, 185, 166, 242, 11, 78, 250, 103, 94, 248, 245, 239, 227,
       12, 231, 219, 200, 149, 58, 203, 31, 129, 127, 127, 134, 178, 97,
       117, 225, 102, 8, 232, 64, 105, 128, 186, 10, 143, 11, 84, 18,
       234, 149, 87, 209, 74, 182, 213, 192, 151, 216, 138, 66, 101, 138,
       115, 138, 69, 99, 26, 231, 48, 14, 79, 184, 109, 172, 255, 8, 223,
       83, 137, 116, 210, 220, 108, 106, 72, 176, 233, 76, 245, 252, 39,
       4, 64, 179, 71, 33, 3, 186, 21, 153, 252, 141, 169, 255, 30, 121,
       92, 84, 188, 131, 248, 196, 199, 11, 51, 29, 147, 88, 83, 247, 12,
       30, 62, 232, 152, 136, 137, 185, 124, 75, 218, 100, 148, 14, 238,
       228, 225, 160, 234, 2, 67, 233, 53, 16, 120, 228, 104, 106, 72,
       179, 132, 40, 250, 237, 133, 1, 97, 251, 106, 0, 112, 79, 30, 124,
       157, 140, 70, 167, 225, 2, 234, 0, 162, 35, 37, 208, 200, 226,
       104, 76, 72, 171, 83, 47, 163, 255, 212, 25, 72, 88, 234, 10, 76,
       177, 152, 33, 176, 111, 121, 25, 58, 177, 35, 92, 223, 3, 72, 24,
       179, 13, 108, 56, 19, 208, 217, 70, 205, 215, 39, 100, 136, 130,
       135, 48, 69, 164, 217, 225, 236, 169, 233, 27, 110, 49, 185, 88,
       159, 227, 216, 8, 179, 143, 110, 24, 19, 120, 203, 211, 204, 156,
       63, 116, 220, 202, 195, 161, 72, 180, 25, 59, 57, 141, 16, 159,
       63, 61, 40, 88, 190, 19, 72, 16, 133, 27, 206, 0, 2, 40, 91, 119,
       237, 213, 48, 126, 80, 0, 131, 43, 125, 71, 224, 69, 52, 30, 78,
       184, 97, 232, 254, 236, 83, 96, 159, 116, 22, 196, 124, 108, 205,
       176, 101, 14, 102, 239, 37, 148, 111, 243, 90, 5, 209, 88, 61,
       116, 8, 76, 69, 180, 224, 218, 166, 24, 119, 51, 1, 123, 33, 244,
       124, 106, 105, 101, 179, 41, 209, 171, 117, 24, 104, 176, 66, 42,
       36, 49, 185, 97, 153, 111, 67, 152, 42, 189, 45, 24, 214, 23, 73,
       56, 145, 28, 64, 58, 19, 112, 249, 16, 205, 156, 1, 116, 210, 107,
       70, 226, 101, 231, 132, 55, 141, 15, 70, 184, 235, 187, 161, 76,
       194, 224, 89, 159, 145, 198, 108, 127, 239, 97, 219, 49, 173, 218,
       69, 124, 200, 123, 90, 6, 80, 0, 158, 185, 42, 11, 152, 75, 46,
       185, 242, 169, 143, 138, 96, 203, 238, 181, 239, 17, 8, 235, 67,
       204, 152, 243, 123, 86, 192, 8, 41, 9, 50, 0, 214, 172, 107, 11,
       152, 72, 15, 48, 240, 139, 14, 142, 36, 146, 238, 157, 127, 5, 12,
       131, 195, 193, 144, 248, 75, 191, 21, 44, 35, 135, 74, 144, 157,
       249, 61, 204, 120, 23, 191, 57, 83, 17, 191, 31, 0, 88, 130, 51,
       253, 145, 18, 76, 211, 213, 197, 243, 186, 211, 148, 0, 5, 27, 74,
       144, 23, 186, 57, 236, 56, 2, 190, 25, 83, 49, 172, 159, 40, 200,
       135, 51, 255, 17, 51, 77, 146, 247, 133, 247, 58, 219, 152, 1,
       133, 59, 189, 99, 105, 101, 116, 11, 67, 248, 117, 224, 244, 72,
       83, 65, 153, 48, 90, 204, 6, 106, 201, 178, 109, 30, 246, 205, 33,
       52, 101, 187, 86, 224, 18, 34, 212, 173, 42, 11, 184, 66, 44, 49,
       211, 226, 141, 14, 0, 202, 238, 29, 127, 149, 0, 153, 193, 192,
       148, 241, 250, 146, 4, 8, 41, 129, 80, 34, 134, 157, 14, 19, 160,
       105, 62, 160, 194, 226, 205, 226, 160, 207, 114, 45, 234, 160, 36,
       209, 135, 221, 144, 166, 251, 37, 12, 32, 41, 140, 89, 61, 19,
       245, 49, 205, 84, 55, 189, 41, 106, 24, 190, 179, 0, 240, 128, 55,
       252, 0, 97, 249, 144, 206, 231, 255, 22, 51, 74, 0, 139, 43, 6,
       161, 19, 129, 221, 111, 176, 203, 47, 53, 187, 26, 142, 154, 108,
       140, 251, 157, 239, 49, 18, 115, 25, 212, 157, 20, 139, 119, 193,
       9, 133, 166, 239, 172, 113, 210, 237, 45, 239, 182, 249, 83, 172,
       28, 250, 105, 93, 63, 139, 194, 91, 30, 179, 107, 250, 243, 47,
       30, 87, 120, 222, 252, 211, 164, 37, 48, 177, 65, 177, 111, 99,
       152, 106, 248, 35, 72, 210, 21, 73, 58, 145, 92, 80, 122, 1, 112,
       249, 0, 79, 156, 1, 116, 202, 115, 70, 176, 19, 18, 115, 225, 102,
       12, 248, 80, 41, 32, 242, 198, 159, 15, 148, 24, 238, 145, 87,
       173, 201, 176, 21, 192, 150, 217, 170, 128, 47, 132, 115, 177, 30,
       16, 120, 225, 102, 28, 251, 80, 41, 36, 119, 163, 157, 31, 159,
       48, 174, 145, 151, 239, 192, 176, 53, 192, 215, 217, 138, 131,
       103, 134, 71, 243, 82, 149, 19, 186, 155, 224, 49, 103, 191, 21,
       201, 51, 172, 247, 40, 68, 227, 59, 251, 145, 50, 11, 146, 247,
       153, 180, 26, 75, 144, 4, 165, 122, 165, 109, 105, 109, 84, 75,
       103, 252, 80, 228, 244, 10, 115, 65, 145, 49, 88, 236, 6, 106,
       233, 178, 101, 30, 103, 137, 37, 32, 103, 186, 86, 224, 75, 146,
       151, 243, 49, 172, 56, 18, 190, 27, 3, 84, 188, 150, 40, 234, 135,
       51, 253, 16, 179, 77, 130, 247, 141, 247, 90, 66, 136, 1, 137, 27,
       252, 227, 104, 98, 60, 27, 82, 248, 67, 164, 177, 139, 67, 73, 91,
       144, 216, 204, 205, 114, 206, 39, 204, 31, 250, 205, 37, 61, 101,
       187, 94, 2, 82, 189, 23, 254, 19, 204, 52, 103, 189, 1, 234, 16,
       174, 183, 32, 244, 164, 51, 234, 0, 114, 137, 146, 229, 177, 241,
       30, 27, 0, 0, 167, 43, 72, 169, 26, 161, 60, 173, 121, 51, 46, 13,
       222, 9, 191, 179, 66, 80, 130, 45, 108, 8, 26, 152, 193, 5, 206,
       245, 50, 80, 128, 130, 11, 43, 67, 67, 112, 248, 100, 136, 248,
       23, 233, 17, 177, 210, 173, 11, 212, 15, 238, 129, 95, 157, 130,
       45, 0, 193, 150, 216, 250, 218, 87, 141, 81, 137, 177, 197, 101,
       77, 84, 75, 231, 121, 85, 224, 248, 66, 115, 20, 149, 37, 120,
       172, 86, 110, 233, 178, 101, 159, 37, 8, 33, 20, 119, 170, 82,
       236, 67, 132, 151, 183, 17, 188, 56, 35, 191, 83, 67, 20, 174,
       178, 12, 254, 133, 39, 120, 28, 183, 205, 178, 231, 141, 255, 90,
       66, 136, 0, 137, 30, 82, 181, 23, 222, 27, 192, 53, 103, 175, 21,
       234, 48, 172, 246, 32, 213, 162, 179, 235, 128, 114, 11, 178, 245,
       177, 178, 94, 11, 16, 0, 165, 59, 104, 33, 88, 225, 116, 139, 99,
       16, 54, 37, 127, 8, 183, 131, 128, 80, 114, 172, 6, 24, 26, 154,
       225, 31, 207, 237, 32, 96, 32, 130, 66, 41, 184, 108, 89, 109,
       116, 75, 67, 248, 16, 162, 240, 200, 83, 5, 1, 17, 24, 220, 71,
       106, 105, 182, 89, 31, 245, 137, 33, 52, 113, 187, 86, 184, 194,
       177, 31, 222, 11, 192, 53, 103, 191, 21, 196, 177, 172, 247, 32,
       86, 227, 51, 235, 128, 114, 75, 162, 247, 177, 178, 94, 139, 16,
       0, 167, 123 ]
