%YAML:1.0
---
descriptors: !!opencv-matrix
   rows: 32
   cols: 32
   dt: u
   data: [ 68, 153, 159, 255, 168, 102, 53, 135, 174, 155, 10, 0, 245,
       119, 1, 107, 193, 119, 121, 16, 17, 201, 211, 32, 205, 163, 254,
       65, 128, 112, 165, 58, 202, 248, 188, 122, 169, 253, 16, 142, 155,
       159, 164, 25, 174, 255, 66, 27, 131, 115, 233, 16, 54, 79, 202,
       113, 203, 211, 85, 123, 210, 84, 143, 11, 248, 72, 215, 252, 110,
       10, 124, 52, 185, 146, 178, 154, 127, 43, 21, 91, 110, 245, 125,
       234, 104, 71, 195, 232, 211, 251, 246, 152, 39, 241, 98, 8, 198,
       96, 219, 69, 224, 106, 232, 66, 235, 242, 178, 88, 158, 190, 85,
       186, 171, 245, 124, 185, 1, 117, 132, 64, 157, 152, 87, 52, 197,
       113, 75, 160, 72, 177, 25, 59, 169, 141, 16, 175, 30, 57, 56, 57,
       190, 31, 72, 16, 133, 27, 238, 17, 66, 104, 91, 119, 237, 213, 52,
       126, 80, 8, 135, 11, 125, 125, 25, 101, 184, 15, 92, 191, 127,
       168, 172, 72, 159, 59, 65, 48, 158, 221, 92, 104, 201, 122, 209,
       30, 235, 221, 37, 52, 72, 248, 74, 35, 100, 177, 56, 107, 153, 77,
       85, 41, 10, 53, 45, 25, 214, 23, 74, 16, 145, 26, 65, 48, 90, 104,
       251, 21, 207, 209, 21, 127, 208, 10, 198, 226, 240, 72, 223, 253,
       108, 40, 237, 20, 185, 146, 178, 90, 251, 107, 21, 91, 107, 229,
       127, 234, 40, 103, 195, 224, 214, 250, 242, 24, 37, 241, 99, 8,
       85, 99, 26, 103, 48, 14, 107, 56, 109, 172, 255, 8, 223, 67, 137,
       116, 144, 204, 108, 106, 72, 176, 233, 108, 245, 189, 35, 20, 0,
       179, 71, 33, 125, 99, 120, 103, 52, 31, 99, 56, 109, 172, 255, 8,
       223, 64, 155, 52, 26, 204, 76, 106, 200, 178, 237, 28, 247, 253,
       33, 52, 99, 187, 70, 33, 125, 99, 58, 103, 48, 31, 75, 56, 97,
       172, 255, 8, 223, 67, 137, 112, 208, 204, 76, 106, 200, 178, 233,
       12, 247, 253, 33, 20, 66, 179, 70, 33, 50, 32, 214, 172, 107, 11,
       152, 72, 143, 176, 240, 139, 76, 138, 36, 146, 254, 157, 127, 161,
       4, 195, 195, 208, 144, 240, 203, 191, 20, 44, 43, 135, 70, 224,
       134, 158, 93, 139, 162, 232, 190, 178, 129, 3, 236, 226, 105, 207,
       241, 109, 234, 227, 102, 65, 138, 221, 156, 6, 207, 47, 16, 36,
       57, 134, 6, 161, 16, 129, 221, 111, 240, 73, 47, 49, 185, 27, 140,
       24, 72, 8, 251, 157, 107, 177, 18, 115, 217, 212, 157, 16, 159,
       127, 148, 8, 133, 130, 36, 177, 57, 97, 153, 111, 81, 25, 42, 61,
       45, 24, 214, 23, 72, 56, 145, 28, 65, 56, 26, 112, 249, 20, 205,
       157, 5, 116, 208, 11, 198, 226, 36, 48, 185, 67, 157, 111, 67,
       152, 75, 245, 37, 8, 214, 21, 77, 58, 145, 92, 64, 122, 17, 112,
       121, 0, 77, 156, 1, 116, 192, 43, 70, 226, 114, 72, 214, 156, 77,
       102, 116, 66, 169, 134, 242, 11, 110, 186, 39, 91, 232, 245, 239,
       131, 76, 103, 211, 200, 151, 178, 194, 27, 1, 125, 126, 142, 65,
       179, 9, 170, 246, 137, 171, 85, 42, 97, 121, 238, 181, 134, 216,
       0, 126, 11, 19, 221, 147, 58, 204, 113, 124, 5, 170, 232, 221, 10,
       147, 249, 72, 148, 25, 187, 57, 141, 17, 159, 30, 57, 44, 24, 190,
       23, 72, 80, 133, 27, 206, 0, 98, 40, 91, 55, 237, 213, 48, 58, 80,
       8, 131, 43, 68, 236, 150, 31, 152, 131, 6, 168, 150, 178, 66, 1,
       228, 226, 73, 67, 17, 110, 104, 114, 102, 209, 139, 61, 168, 182,
       69, 44, 176, 114, 0, 2, 1, 160, 37, 17, 148, 143, 104, 183, 118,
       113, 67, 84, 145, 162, 88, 100, 125, 14, 50, 156, 191, 216, 223,
       23, 12, 62, 215, 68, 152, 136, 208, 156, 82, 149, 51, 186, 155,
       196, 49, 103, 189, 21, 201, 19, 172, 255, 40, 64, 166, 59, 219, 1,
       114, 11, 18, 247, 209, 244, 26, 75, 16, 4, 165, 250, 248, 104,
       191, 116, 8, 104, 85, 18, 224, 158, 166, 24, 119, 183, 65, 123, 1,
       244, 108, 10, 40, 103, 179, 0, 209, 235, 113, 24, 96, 241, 6, 42,
       161, 109, 105, 77, 84, 75, 103, 252, 81, 224, 244, 10, 115, 65,
       149, 49, 88, 168, 6, 106, 233, 182, 101, 30, 103, 137, 33, 32,
       119, 186, 86, 232, 252, 227, 72, 106, 28, 27, 82, 248, 67, 164,
       181, 171, 67, 73, 91, 144, 88, 204, 205, 98, 78, 38, 204, 31, 250,
       205, 37, 61, 117, 187, 94, 2, 64, 189, 23, 246, 19, 204, 52, 103,
       173, 9, 170, 24, 174, 183, 32, 244, 164, 51, 234, 0, 99, 137, 146,
       229, 177, 243, 30, 27, 0, 0, 135, 43, 72, 161, 26, 161, 48, 141,
       89, 55, 46, 9, 254, 8, 191, 163, 66, 80, 130, 47, 108, 24, 26,
       184, 193, 4, 205, 245, 50, 81, 128, 130, 11, 11, 186, 65, 113,
       225, 119, 44, 248, 87, 105, 0, 248, 147, 143, 31, 20, 132, 238,
       153, 23, 241, 136, 182, 4, 206, 183, 216, 138, 130, 103, 143, 115,
       135, 180, 70, 72, 236, 60, 35, 83, 120, 20, 166, 241, 171, 83, 73,
       11, 17, 88, 152, 5, 226, 104, 182, 65, 30, 242, 201, 161, 60, 117,
       171, 86, 2, 67, 148, 151, 218, 27, 228, 48, 3, 190, 81, 11, 20,
       188, 246, 104, 238, 165, 19, 251, 16, 51, 77, 146, 247, 153, 246,
       90, 74, 152, 1, 169, 54, 82, 241, 23, 222, 11, 192, 52, 103, 173,
       17, 234, 48, 172, 246, 32, 215, 162, 51, 234, 0, 66, 75, 178, 229,
       177, 242, 94, 11, 16, 0, 167, 63, 82, 148, 151, 250, 27, 244, 49,
       138, 191, 81, 139, 16, 156, 246, 104, 254, 227, 19, 249, 144, 50,
       77, 186, 247, 153, 246, 90, 95, 144, 69, 165, 38 ]
keypoints: !!opencv-matrix
   rows: 32
   cols: 2
   dt: d
   data: [ 346., 130., 2.1840000915527344e+02, 2.4240000915527344e+02,
       1.4520001220703125e+02, 2.3400001525878906e+02,
       3.3552001953125000e+02, 2.5056001281738281e+02,
       2.4048001098632812e+02, 2.4048001098632812e+02,
       1.4256001281738281e+02, 1.6992001342773438e+02,
       1.7856001281738281e+02, 2.3328001403808594e+02,
       1.4544000244140625e+02, 2.3328001403808594e+02,
       8.6400001525878906e+01, 1.6560000610351562e+02,
       8.9856010437011719e+01, 1.6416001892089844e+02,
       8.6400009155273438e+01, 1.6588801574707031e+02,
       1.1750401306152344e+02, 1.6588801574707031e+02,
       1.1577600860595703e+02, 1.7107202148437500e+02,
       7.0848007202148438e+01, 2.2809602355957031e+02,
       1.7971202087402344e+02, 2.3328002929687500e+02,
       1.7107202148437500e+02, 2.3500802612304688e+02,
       6.9120010375976562e+01, 2.3846401977539062e+02,
       3.1449603271484375e+02, 2.3846401977539062e+02,
       2.4019201660156250e+02, 2.4019201660156250e+02,
       2.8408325195312500e+02, 1.4307841491699219e+02,
       3.3384963989257812e+02, 1.5137281799316406e+02,
       1.4100482177734375e+02, 1.6381442260742188e+02,
       2.1150723266601562e+02, 2.3431683349609375e+02,
       8.9579544067382812e+01, 1.6422915649414062e+02,
       9.9532821655273438e+01, 1.6920579528808594e+02,
       1.4183427429199219e+02, 1.7169412231445312e+02,
       7.7137939453125000e+01, 1.7915908813476562e+02,
       1.6422915649414062e+02, 1.0152348327636719e+02,
       1.0749545288085938e+02, 1.6422915649414062e+02,
       1.2541136169433594e+02, 1.6422915649414062e+02,
       1.4034127807617188e+02, 1.7020114135742188e+02,
       1.2541136169433594e+02, 1.6482637023925781e+02 ]
