%YAML:1.0
---
descriptors: !!opencv-matrix
   rows: 159
   cols: 32
   dt: u
   data: [ 52, 161, 199, 156, 28, 3, 198, 104, 86, 162, 226, 74, 115,
       224, 64, 0, 121, 236, 106, 233, 41, 227, 207, 31, 184, 166, 199,
       28, 237, 40, 82, 128, 7, 94, 107, 250, 118, 135, 191, 113, 156,
       200, 219, 230, 17, 220, 180, 32, 254, 185, 23, 207, 241, 187, 0,
       238, 116, 28, 174, 192, 77, 174, 241, 241, 51, 32, 111, 201, 90,
       11, 184, 72, 70, 32, 242, 194, 81, 138, 148, 96, 254, 157, 123,
       225, 132, 179, 197, 220, 20, 40, 139, 160, 117, 136, 33, 132, 4,
       140, 134, 151, 212, 139, 166, 235, 190, 147, 66, 66, 228, 226,
       105, 75, 113, 110, 34, 18, 50, 248, 11, 127, 45, 38, 223, 68, 128,
       120, 33, 136, 36, 140, 134, 158, 220, 131, 166, 235, 22, 146, 192,
       26, 96, 226, 41, 65, 121, 238, 34, 186, 112, 75, 138, 63, 60, 6,
       199, 108, 177, 120, 176, 128, 50, 32, 198, 156, 92, 131, 200, 106,
       86, 161, 194, 26, 96, 232, 52, 73, 121, 237, 99, 185, 40, 251,
       207, 221, 24, 38, 221, 100, 37, 40, 112, 8, 70, 169, 148, 159, 73,
       128, 160, 168, 190, 145, 65, 3, 228, 234, 76, 194, 241, 111, 106,
       209, 6, 64, 219, 249, 13, 50, 207, 107, 16, 34, 41, 134, 2, 160,
       150, 157, 95, 139, 168, 72, 158, 176, 66, 2, 236, 232, 116, 70,
       179, 109, 107, 17, 2, 241, 139, 221, 13, 50, 207, 46, 20, 42, 17,
       134, 98, 160, 198, 156, 92, 131, 64, 232, 159, 176, 224, 10, 98,
       232, 108, 81, 217, 237, 35, 209, 10, 82, 203, 221, 28, 50, 197,
       63, 21, 40, 112, 130, 66, 32, 38, 137, 111, 139, 184, 72, 175,
       160, 194, 139, 204, 216, 116, 70, 230, 29, 123, 21, 6, 211, 135,
       208, 21, 56, 11, 59, 20, 12, 49, 134, 34, 32, 102, 205, 76, 11,
       104, 72, 23, 176, 210, 11, 64, 137, 84, 73, 216, 140, 123, 168,
       10, 211, 195, 209, 23, 56, 129, 43, 53, 136, 112, 130, 189, 231,
       237, 103, 254, 59, 111, 248, 87, 226, 255, 238, 83, 109, 157, 33,
       127, 206, 126, 238, 233, 247, 237, 190, 126, 207, 231, 180, 253,
       251, 242, 241, 7, 186, 251, 251, 126, 185, 185, 80, 175, 89, 255,
       230, 252, 238, 254, 96, 239, 59, 127, 141, 151, 75, 234, 241, 94,
       127, 235, 170, 156, 138, 41, 241, 143, 190, 239, 251, 126, 165,
       187, 216, 159, 250, 87, 231, 253, 255, 253, 105, 127, 249, 255,
       151, 162, 213, 63, 243, 94, 91, 239, 172, 159, 175, 49, 241, 138,
       156, 189, 247, 169, 111, 53, 159, 190, 251, 134, 21, 252, 127, 74,
       75, 197, 87, 251, 16, 51, 205, 123, 242, 207, 211, 95, 23, 152,
       112, 133, 123, 199, 252, 207, 215, 252, 175, 174, 191, 62, 251,
       74, 214, 112, 244, 221, 111, 87, 110, 59, 30, 243, 220, 251, 127,
       44, 62, 253, 196, 140, 249, 208, 189, 82, 172, 149, 186, 137, 233,
       148, 207, 158, 55, 136, 9, 172, 252, 96, 143, 129, 243, 235, 17,
       18, 75, 218, 241, 153, 82, 223, 123, 144, 92, 133, 78, 109, 249,
       185, 99, 184, 141, 87, 181, 235, 233, 60, 76, 190, 85, 64, 48,
       134, 112, 124, 80, 211, 40, 250, 49, 239, 221, 37, 126, 90, 154,
       135, 123, 206, 239, 99, 158, 252, 217, 239, 236, 159, 238, 222,
       163, 237, 236, 189, 197, 123, 254, 255, 231, 98, 243, 174, 255,
       124, 118, 175, 169, 71, 255, 247, 253, 127, 107, 198, 150, 172,
       148, 79, 252, 131, 238, 156, 207, 99, 229, 213, 134, 126, 230,
       125, 238, 200, 67, 174, 169, 178, 207, 229, 184, 39, 255, 216,
       121, 206, 180, 156, 178, 169, 253, 16, 15, 191, 219, 129, 25, 142,
       250, 74, 203, 133, 19, 236, 17, 54, 77, 219, 194, 201, 211, 95,
       127, 152, 64, 137, 19, 244, 77, 121, 102, 164, 107, 71, 252, 84,
       162, 63, 74, 83, 113, 249, 48, 51, 214, 4, 106, 233, 50, 61, 62,
       249, 141, 37, 44, 116, 251, 196, 32, 236, 96, 157, 117, 172, 13,
       101, 152, 247, 186, 180, 88, 211, 193, 89, 59, 136, 68, 108, 106,
       105, 116, 251, 32, 199, 219, 117, 60, 74, 249, 70, 176, 151, 205,
       239, 223, 244, 166, 111, 253, 114, 162, 95, 18, 113, 242, 185,
       113, 63, 239, 55, 239, 240, 212, 47, 127, 124, 46, 239, 196, 165,
       243, 179, 160, 253, 113, 191, 228, 45, 14, 95, 248, 225, 238, 183,
       77, 83, 249, 81, 59, 220, 228, 125, 110, 232, 227, 249, 168, 243,
       251, 229, 52, 107, 251, 82, 98, 55, 236, 10, 220, 221, 213, 207,
       238, 214, 130, 204, 10, 48, 240, 55, 36, 249, 234, 18, 202, 110,
       15, 58, 255, 59, 14, 143, 57, 145, 121, 248, 142, 85, 89, 75, 167,
       86, 6, 239, 112, 52, 200, 91, 199, 85, 227, 177, 64, 118, 237, 63,
       239, 193, 144, 29, 76, 244, 172, 171, 132, 45, 179, 33, 49, 63,
       181, 215, 213, 253, 95, 110, 255, 63, 234, 254, 106, 238, 247,
       248, 228, 127, 254, 254, 56, 123, 251, 219, 223, 191, 255, 135,
       214, 167, 238, 232, 173, 252, 108, 237, 101, 12, 107, 71, 216, 83,
       178, 181, 10, 83, 65, 217, 59, 89, 212, 108, 106, 233, 103, 255,
       42, 211, 235, 101, 60, 101, 251, 86, 32, 73, 110, 174, 212, 93,
       157, 238, 246, 233, 194, 238, 78, 186, 233, 117, 166, 172, 234,
       122, 206, 193, 239, 178, 232, 55, 221, 214, 8, 66, 253, 123, 172,
       120, 169, 248, 100, 139, 216, 84, 39, 227, 53, 172, 40, 43, 185,
       66, 18, 128, 182, 237, 0, 92, 43, 194, 1, 251, 249, 84, 59, 99,
       192, 238, 10, 112, 105, 120, 96, 15, 217, 80, 71, 227, 164, 180,
       9, 51, 153, 87, 50, 138, 176, 117, 81, 76, 107, 230, 8, 219, 201,
       5, 59, 103, 152, 86, 74, 170, 86, 246, 217, 239, 247, 185, 79,
       159, 95, 244, 55, 44, 222, 54, 237, 255, 59, 183, 145, 183, 255,
       50, 211, 23, 126, 218, 235, 215, 76, 253, 247, 11, 154, 183, 217,
       125, 149, 169, 246, 223, 29, 112, 68, 188, 254, 228, 228, 207, 59,
       55, 137, 147, 184, 114, 245, 141, 222, 186, 234, 82, 24, 165, 185,
       48, 71, 106, 172, 62, 195, 223, 116, 132, 196, 222, 167, 83, 205,
       50, 0, 126, 229, 31, 231, 200, 163, 36, 188, 243, 237, 162, 145,
       101, 187, 244, 114, 72, 178, 188, 252, 105, 109, 49, 10, 187, 63,
       53, 57, 142, 191, 74, 91, 135, 23, 237, 0, 2, 70, 211, 209, 199,
       243, 122, 191, 144, 64, 7, 91, 3, 142, 178, 157, 244, 157, 188,
       103, 95, 71, 88, 83, 172, 136, 54, 196, 207, 43, 179, 5, 246, 188,
       66, 223, 37, 62, 30, 11, 20, 76, 137, 205, 32, 164, 134, 156, 88,
       131, 160, 234, 22, 178, 64, 10, 96, 224, 32, 73, 121, 108, 34, 56,
       32, 250, 139, 31, 60, 38, 215, 108, 177, 40, 48, 136, 218, 56,
       150, 176, 139, 248, 16, 198, 175, 23, 166, 57, 46, 159, 99, 218,
       163, 51, 237, 16, 14, 79, 146, 240, 155, 243, 94, 27, 130, 84, 47,
       26, 161, 127, 113, 71, 84, 11, 239, 116, 117, 160, 126, 238, 83,
       5, 149, 52, 126, 252, 6, 238, 201, 178, 101, 14, 102, 140, 33,
       128, 103, 186, 82, 185, 6, 136, 134, 159, 201, 143, 160, 168, 190,
       177, 67, 0, 228, 224, 45, 199, 241, 102, 106, 16, 34, 217, 27,
       125, 13, 54, 95, 66, 128, 106, 41, 142, 36, 168, 133, 159, 217,
       139, 166, 232, 158, 179, 64, 0, 228, 224, 105, 89, 217, 110, 34,
       80, 34, 82, 218, 61, 45, 38, 79, 109, 144, 104, 7, 130, 78, 249,
       182, 142, 107, 221, 191, 232, 175, 220, 199, 41, 236, 222, 111,
       214, 246, 125, 251, 195, 70, 67, 218, 249, 191, 113, 79, 59, 2,
       55, 45, 87, 2, 32, 71, 137, 78, 139, 168, 64, 238, 49, 210, 131,
       132, 138, 116, 74, 106, 141, 123, 145, 2, 187, 199, 208, 20, 32,
       154, 64, 69, 8, 33, 168, 2, 160, 150, 157, 77, 131, 160, 72, 190,
       176, 66, 2, 228, 194, 100, 198, 240, 109, 106, 145, 2, 241, 155,
       221, 13, 50, 203, 15, 16, 40, 49, 134, 32, 160, 150, 156, 76, 139,
       160, 104, 158, 176, 96, 10, 100, 224, 100, 82, 217, 237, 106, 48,
       2, 115, 203, 93, 28, 34, 207, 63, 17, 40, 80, 130, 98, 32, 70,
       205, 77, 3, 232, 72, 143, 160, 226, 11, 64, 200, 116, 82, 232,
       141, 107, 160, 0, 243, 195, 208, 21, 56, 139, 59, 21, 8, 114, 134,
       154, 189, 19, 248, 209, 237, 16, 71, 187, 81, 168, 25, 190, 191,
       96, 16, 161, 187, 217, 16, 55, 43, 18, 247, 219, 213, 18, 107,
       194, 68, 167, 219, 66, 32, 50, 137, 79, 1, 184, 72, 237, 32, 210,
