%YAML:1.0
---
descriptors: !!opencv-matrix
   rows: 224
   cols: 32
   dt: u
   data: [ 249, 89, 95, 237, 38, 6, 126, 180, 96, 200, 242, 100, 83, 35,
       161, 81, 118, 228, 61, 238, 233, 147, 81, 44, 242, 235, 228, 128,
       44, 179, 96, 9, 48, 83, 106, 172, 54, 195, 223, 84, 196, 68, 254,
       167, 83, 205, 51, 0, 126, 233, 31, 231, 216, 179, 100, 159, 243,
       237, 170, 145, 117, 155, 244, 115, 17, 157, 94, 172, 182, 134, 94,
       117, 229, 136, 222, 230, 119, 67, 176, 64, 118, 228, 31, 238, 216,
       137, 85, 46, 250, 237, 166, 208, 60, 186, 160, 9, 63, 91, 106,
       202, 245, 159, 254, 196, 109, 76, 252, 230, 10, 136, 183, 244,
       254, 168, 151, 254, 207, 187, 36, 252, 54, 125, 162, 203, 95, 158,
       250, 205, 120, 81, 107, 236, 54, 66, 95, 124, 4, 228, 223, 162,
       81, 95, 160, 96, 126, 245, 63, 234, 72, 147, 49, 12, 241, 237,
       171, 128, 37, 187, 116, 115, 63, 153, 115, 203, 119, 151, 126,
       208, 109, 72, 255, 102, 104, 157, 191, 244, 126, 184, 151, 222,
       203, 186, 44, 232, 54, 92, 134, 131, 127, 142, 104, 253, 88, 248,
       158, 248, 73, 220, 81, 215, 171, 30, 164, 29, 191, 159, 66, 26,
       165, 183, 221, 16, 10, 111, 146, 49, 219, 249, 84, 123, 234, 0,
       171, 139, 21, 204, 135, 159, 148, 139, 166, 232, 214, 147, 67, 2,
       224, 224, 41, 73, 121, 106, 34, 210, 54, 216, 15, 127, 172, 6,
       207, 68, 145, 122, 49, 132, 68, 160, 134, 159, 26, 130, 32, 168,
       190, 176, 67, 67, 228, 226, 73, 67, 113, 111, 42, 240, 38, 208,
       203, 125, 140, 34, 207, 68, 128, 34, 33, 4, 66, 32, 103, 136, 110,
       11, 184, 72, 238, 160, 210, 203, 204, 136, 53, 192, 254, 13, 123,
       101, 132, 163, 135, 216, 20, 56, 11, 190, 20, 14, 57, 132, 50, 32,
       103, 205, 78, 11, 104, 72, 103, 160, 242, 202, 81, 137, 53, 80,
       122, 140, 123, 172, 8, 211, 199, 152, 22, 42, 129, 16, 37, 136,
       112, 128, 100, 140, 129, 158, 220, 131, 166, 235, 86, 162, 64, 26,
       97, 224, 41, 65, 121, 234, 34, 42, 112, 107, 14, 63, 60, 6, 215,
       108, 144, 120, 112, 128, 78, 249, 182, 174, 41, 221, 178, 200,
       238, 220, 214, 41, 236, 220, 106, 66, 254, 245, 251, 83, 70, 99,
       139, 241, 255, 113, 79, 59, 18, 63, 45, 71, 50, 128, 198, 157, 92,
       131, 232, 106, 31, 177, 194, 10, 96, 232, 52, 88, 89, 237, 115,
       185, 8, 219, 207, 221, 28, 42, 223, 36, 21, 40, 112, 136, 88, 184,
       146, 240, 9, 237, 80, 87, 187, 95, 164, 25, 190, 191, 96, 155,
       161, 179, 221, 16, 62, 79, 146, 195, 219, 215, 18, 123, 194, 68,
       143, 91, 66, 33, 22, 172, 110, 139, 184, 73, 174, 176, 66, 139,
       204, 201, 116, 65, 226, 61, 123, 5, 2, 91, 131, 209, 21, 48, 11,
       111, 20, 8, 49, 130, 4, 140, 134, 151, 213, 139, 166, 232, 190,
       179, 66, 2, 228, 226, 105, 75, 177, 110, 34, 82, 48, 216, 11, 127,
       45, 38, 95, 71, 128, 122, 33, 142, 36, 140, 148, 158, 217, 139,
       166, 232, 158, 147, 96, 19, 228, 226, 105, 89, 217, 106, 34, 82,
       114, 90, 90, 127, 61, 38, 95, 111, 144, 122, 161, 138, 164, 177,
       57, 123, 249, 237, 17, 89, 31, 57, 101, 88, 190, 215, 72, 60, 149,
       26, 209, 24, 51, 120, 90, 23, 79, 223, 17, 110, 250, 0, 134, 179,
       223, 94, 107, 68, 102, 86, 191, 120, 57, 238, 214, 239, 120, 92,
       151, 167, 190, 245, 247, 239, 229, 247, 189, 234, 115, 121, 239,
       130, 79, 183, 55, 117, 187, 222, 118, 255, 125, 247, 255, 212, 93,
       111, 247, 183, 109, 159, 182, 252, 255, 223, 191, 207, 236, 191,
       109, 230, 247, 255, 186, 147, 23, 223, 253, 255, 207, 190, 249,
       250, 252, 173, 255, 252, 191, 251, 181, 184, 255, 255, 221, 121,
       223, 243, 255, 215, 179, 107, 234, 255, 254, 222, 127, 250, 214,
       253, 131, 245, 223, 253, 252, 247, 172, 42, 255, 254, 255, 251,
       182, 254, 159, 175, 212, 107, 111, 215, 127, 223, 251, 111, 239,
       226, 254, 219, 255, 252, 175, 253, 243, 41, 155, 7, 247, 229, 230,
       42, 237, 127, 125, 239, 255, 247, 95, 43, 150, 89, 127, 135, 127,
       173, 185, 244, 101, 206, 246, 255, 254, 128, 175, 252, 225, 241,
       177, 229, 111, 108, 28, 143, 71, 125, 68, 192, 246, 74, 115, 81,
       176, 33, 120, 160, 92, 234, 251, 171, 109, 29, 249, 201, 37, 80,
       117, 138, 240, 40, 15, 170, 223, 255, 254, 172, 233, 155, 191, 89,
       95, 198, 253, 235, 176, 75, 111, 107, 111, 29, 147, 216, 207, 245,
       222, 255, 255, 224, 191, 200, 161, 185, 75, 190, 253, 247, 188,
       156, 253, 182, 255, 127, 22, 244, 189, 63, 214, 231, 135, 87, 255,
       29, 247, 88, 239, 247, 238, 255, 126, 226, 134, 212, 7, 125, 40,
       156, 57, 249, 85, 207, 241, 119, 94, 77, 108, 18, 191, 61, 48, 96,
       249, 58, 19, 8, 51, 184, 112, 191, 111, 239, 18, 65, 83, 8, 229,
       234, 56, 29, 123, 238, 93, 246, 251, 114, 196, 72, 254, 2, 127,
       255, 32, 96, 252, 127, 151, 226, 9, 187, 48, 191, 243, 239, 163,
       73, 59, 170, 101, 251, 133, 189, 167, 159, 236, 175, 103, 255,
       246, 251, 91, 119, 244, 241, 218, 111, 53, 110, 123, 31, 243, 252,
       223, 127, 108, 46, 119, 196, 172, 253, 145, 253, 71, 190, 150, 31,
       234, 169, 52, 239, 254, 251, 210, 225, 228, 242, 232, 123, 231,
       127, 234, 147, 183, 75, 207, 113, 60, 54, 127, 255, 152, 112, 171,
       157, 62, 239, 227, 254, 248, 211, 14, 232, 151, 142, 217, 171, 97,
       238, 237, 96, 221, 251, 183, 194, 110, 83, 238, 191, 190, 87, 175,
       169, 53, 255, 180, 148, 231, 159, 205, 215, 244, 166, 111, 191,
       22, 235, 90, 246, 113, 99, 157, 120, 117, 110, 51, 174, 241, 220,
       111, 63, 44, 46, 255, 196, 173, 249, 240, 177, 217, 76, 79, 253,
       36, 42, 111, 50, 116, 194, 246, 198, 243, 35, 177, 123, 106, 228,
       124, 238, 233, 245, 117, 42, 210, 235, 226, 144, 45, 249, 112, 57,
       66, 172, 181, 178, 137, 249, 148, 143, 187, 55, 128, 25, 174, 188,
       68, 139, 129, 211, 233, 17, 30, 107, 218, 241, 153, 210, 95, 127,
       208, 84, 135, 78, 164, 254, 150, 127, 221, 167, 230, 238, 151,
       183, 233, 29, 194, 233, 109, 75, 217, 126, 234, 114, 122, 111,
       219, 51, 47, 246, 85, 127, 218, 251, 252, 138, 253, 237, 126, 119,
       174, 123, 222, 252, 23, 230, 254, 155, 115, 237, 91, 1, 95, 238,
       127, 110, 124, 254, 239, 190, 126, 239, 101, 17, 231, 255, 250,
       64, 108, 185, 185, 99, 187, 205, 23, 157, 171, 237, 44, 44, 190,
       119, 64, 50, 134, 83, 253, 80, 19, 8, 250, 49, 239, 213, 37, 251,
       202, 2, 135, 123, 85, 81, 75, 167, 86, 70, 239, 120, 52, 200, 91,
       198, 81, 119, 185, 64, 118, 237, 63, 239, 193, 144, 29, 78, 244,
       172, 171, 132, 45, 179, 49, 240, 244, 237, 129, 178, 157, 39, 134,
       236, 178, 186, 137, 75, 114, 253, 89, 178, 249, 218, 92, 247, 123,
       99, 154, 127, 185, 6, 143, 60, 129, 115, 242, 18, 149, 205, 239,
       94, 212, 38, 239, 252, 114, 234, 95, 82, 113, 242, 185, 49, 63,
       239, 55, 239, 249, 208, 45, 110, 248, 47, 239, 132, 173, 243, 241,
       160, 55, 77, 66, 204, 223, 179, 78, 238, 23, 128, 204, 2, 112,
       241, 53, 228, 120, 250, 18, 238, 72, 187, 60, 254, 63, 14, 133,
       25, 55, 251, 120, 172, 59, 29, 126, 231, 245, 127, 254, 123, 125,
       238, 255, 191, 95, 191, 182, 240, 254, 223, 255, 167, 188, 251,
       61, 206, 247, 255, 235, 135, 39, 239, 236, 211, 253, 223, 71, 127,
       178, 130, 79, 188, 53, 232, 246, 230, 115, 103, 185, 117, 126,
       238, 52, 238, 233, 218, 109, 61, 186, 234, 229, 196, 111, 178, 96,
       121, 102, 232, 150, 94, 217, 145, 148, 237, 143, 179, 160, 8, 110,
       242, 108, 223, 201, 118, 234, 16, 22, 75, 202, 241, 59, 54, 87,
       127, 210, 60, 235, 142, 130, 59, 182, 149, 103, 213, 184, 71, 189,
       221, 82, 147, 172, 158, 54, 139, 174, 59, 187, 145, 230, 221, 3,
       201, 21, 18, 218, 131, 5, 12, 173, 223, 116, 132, 139, 62, 220, 3,
       38, 232, 18, 130, 232, 74, 115, 225, 105, 80, 121, 238, 34, 106,
       120, 99, 142, 63, 120, 166, 199, 108, 241, 122, 114, 128, 64, 160,
       142, 157, 74, 130, 32, 104, 190, 176, 67, 67, 228, 226, 104, 66,
