%YAML:1.0
---
descriptors: !!opencv-matrix
   rows: 196
   cols: 32
   dt: u
   data: [ 116, 102, 249, 82, 233, 105, 87, 202, 179, 183, 173, 56, 75,
       247, 77, 26, 25, 214, 237, 26, 26, 71, 235, 98, 219, 223, 85, 127,
       226, 243, 198, 98, 10, 175, 34, 187, 247, 241, 190, 231, 159, 77,
       92, 163, 172, 237, 50, 0, 255, 123, 151, 197, 22, 154, 42, 255,
       239, 87, 158, 235, 23, 78, 181, 219, 127, 112, 243, 228, 103, 92,
       121, 80, 105, 234, 118, 174, 95, 31, 215, 190, 190, 213, 247, 222,
       205, 118, 182, 192, 87, 253, 231, 171, 239, 247, 103, 123, 7, 29,
       235, 165, 242, 46, 175, 23, 60, 227, 90, 231, 149, 47, 147, 96,
       55, 127, 55, 157, 145, 152, 53, 74, 108, 46, 190, 196, 173, 240,
       161, 249, 47, 221, 248, 247, 228, 48, 255, 183, 89, 234, 126, 102,
       121, 125, 223, 42, 255, 223, 151, 155, 241, 250, 41, 234, 126, 95,
       254, 130, 207, 255, 248, 185, 88, 64, 255, 117, 40, 78, 89, 48,
       162, 253, 166, 9, 255, 55, 66, 90, 38, 245, 125, 152, 8, 197, 227,
       12, 217, 235, 113, 144, 32, 160, 6, 107, 180, 85, 101, 91, 84, 75,
       195, 120, 85, 118, 229, 154, 83, 85, 156, 37, 88, 152, 82, 106,
       105, 246, 125, 31, 117, 138, 129, 52, 119, 185, 86, 240, 189, 93,
       97, 71, 85, 95, 230, 248, 85, 224, 251, 78, 115, 76, 21, 165, 120,
       200, 2, 235, 233, 178, 125, 44, 53, 140, 133, 4, 127, 187, 92,
       180, 188, 20, 122, 248, 222, 98, 209, 107, 17, 162, 251, 179, 83,
       61, 33, 9, 123, 159, 23, 162, 40, 247, 81, 142, 83, 235, 241, 69,
       101, 233, 100, 130, 172, 6, 108, 95, 100, 122, 229, 50, 84, 94,
       119, 146, 211, 109, 191, 107, 89, 206, 39, 46, 232, 244, 101, 12,
       71, 43, 240, 129, 119, 233, 92, 240, 173, 68, 101, 93, 100, 91,
       229, 184, 85, 246, 115, 82, 211, 64, 189, 239, 91, 196, 10, 111,
       225, 244, 109, 140, 4, 250, 209, 4, 119, 185, 84, 228, 69, 135,
       25, 97, 176, 46, 67, 59, 118, 169, 107, 68, 215, 33, 136, 112, 21,
       70, 76, 60, 153, 184, 73, 31, 236, 174, 37, 84, 200, 130, 192, 33,
       198, 188, 156, 62, 137, 249, 20, 175, 186, 151, 128, 61, 238, 230,
       74, 219, 129, 115, 233, 17, 54, 79, 218, 51, 137, 211, 95, 123,
       144, 116, 143, 79, 218, 94, 182, 252, 169, 124, 93, 23, 177, 222,
       134, 53, 239, 63, 3, 223, 231, 247, 253, 134, 172, 69, 163, 130,
       211, 243, 222, 147, 166, 244, 44, 95, 2, 176, 16, 155, 109, 221,
       184, 72, 143, 21, 81, 27, 172, 158, 102, 205, 207, 25, 139, 17, 6,
       90, 82, 209, 7, 16, 154, 111, 22, 12, 13, 206, 238, 121, 102, 216,
       205, 213, 214, 206, 203, 220, 188, 15, 42, 156, 119, 175, 200,
       211, 211, 83, 206, 107, 250, 240, 59, 88, 205, 63, 87, 125, 254,
       222, 25, 39, 110, 229, 182, 43, 109, 127, 97, 226, 222, 238, 91,
       41, 152, 35, 62, 230, 125, 172, 217, 249, 165, 140, 254, 233, 229,
       144, 111, 234, 208, 49, 89, 134, 127, 101, 54, 42, 233, 127, 104,
       203, 127, 246, 223, 41, 152, 98, 55, 135, 124, 173, 177, 185, 165,
       78, 254, 239, 34, 196, 239, 226, 195, 177, 81, 13, 95, 101, 50,
       46, 103, 54, 100, 128, 106, 64, 247, 51, 129, 112, 54, 228, 76,
       106, 201, 184, 5, 14, 224, 174, 32, 0, 104, 162, 64, 41, 219, 124,
       255, 245, 38, 136, 253, 118, 253, 202, 246, 231, 191, 191, 149,
       115, 166, 247, 127, 205, 225, 253, 164, 234, 246, 251, 254, 130,
       111, 244, 99, 121, 206, 120, 181, 245, 107, 120, 185, 202, 187,
       246, 182, 57, 172, 254, 71, 159, 163, 117, 251, 19, 36, 71, 234,
       224, 23, 83, 95, 187, 130, 117, 15, 199, 254, 62, 246, 244, 169,
       124, 28, 135, 187, 223, 166, 61, 78, 191, 71, 159, 167, 247, 253,
       17, 60, 71, 178, 192, 219, 115, 95, 255, 130, 117, 175, 87, 35,
       251, 107, 238, 126, 203, 251, 252, 207, 200, 248, 235, 124, 222,
       180, 48, 254, 249, 87, 229, 199, 179, 110, 223, 126, 28, 175, 254,
       117, 170, 35, 221, 68, 98, 151, 129, 194, 40, 165, 192, 236, 147,
       227, 82, 149, 163, 65, 74, 107, 236, 106, 154, 16, 210, 199, 64,
       28, 160, 94, 68, 192, 123, 163, 160, 95, 119, 241, 102, 179, 126,
       91, 152, 41, 236, 63, 173, 95, 95, 223, 244, 150, 213, 253, 254,
       156, 208, 237, 234, 235, 249, 37, 135, 230, 247, 6, 119, 149, 106,
       219, 255, 102, 138, 107, 208, 116, 130, 115, 230, 243, 193, 185,
       104, 118, 236, 46, 238, 225, 180, 207, 234, 212, 175, 231, 128,
       44, 187, 112, 161, 110, 180, 176, 210, 237, 253, 180, 207, 155,
       127, 61, 57, 140, 190, 78, 158, 143, 31, 243, 17, 22, 126, 250,
       243, 95, 87, 95, 239, 210, 76, 143, 215, 5, 161, 151, 193, 196,
       171, 161, 133, 110, 49, 107, 82, 149, 2, 200, 74, 107, 14, 106,
       24, 18, 184, 77, 16, 12, 132, 55, 68, 232, 139, 193, 160, 136,
       244, 46, 127, 104, 205, 61, 127, 182, 95, 101, 189, 252, 215, 74,
       25, 7, 59, 251, 156, 226, 222, 251, 115, 77, 171, 124, 168, 0,
       144, 167, 251, 42, 189, 58, 154, 253, 213, 186, 231, 159, 93, 220,
       23, 172, 254, 118, 132, 205, 59, 147, 149, 182, 42, 122, 247, 47,
       93, 158, 235, 151, 12, 189, 255, 148, 133, 7, 187, 214, 163, 234,
       73, 86, 1, 219, 82, 113, 194, 40, 65, 120, 170, 34, 179, 58, 155,
       13, 255, 56, 38, 138, 64, 189, 11, 176, 128, 10, 181, 184, 219,
       245, 253, 184, 207, 31, 93, 92, 21, 172, 254, 110, 64, 213, 27,
       147, 17, 23, 152, 115, 247, 79, 87, 154, 99, 146, 76, 189, 222,
       237, 35, 97, 69, 108, 30, 110, 184, 97, 232, 123, 76, 219, 97,
       157, 183, 24, 196, 116, 110, 201, 242, 237, 8, 39, 248, 97, 148,
       75, 191, 82, 101, 150, 143, 247, 220, 222, 51, 158, 235, 153, 150,
       152, 194, 108, 106, 53, 7, 255, 211, 11, 163, 116, 99, 28, 206,
       184, 18, 207, 191, 149, 120, 37, 140, 242, 64, 7, 158, 15, 64, 69,
       97, 161, 22, 131, 19, 106, 2, 44, 95, 224, 229, 104, 226, 104, 71,
       131, 205, 145, 50, 218, 27, 33, 52, 116, 38, 181, 205, 13, 103,
       132, 110, 230, 180, 100, 114, 235, 80, 211, 32, 24, 99, 120, 198,
       106, 110, 249, 180, 125, 46, 165, 170, 70, 68, 105, 251, 208, 32,
       188, 20, 85, 188, 90, 99, 83, 106, 23, 162, 161, 58, 119, 87, 1,
       25, 91, 185, 71, 162, 41, 103, 89, 31, 209, 194, 97, 63, 121, 113,
       38, 179, 44, 5, 223, 245, 196, 98, 213, 71, 21, 191, 246, 179, 83,
       61, 0, 11, 89, 215, 55, 160, 56, 250, 65, 140, 111, 235, 244, 213,
       229, 248, 228, 162, 5, 2, 181, 71, 44, 126, 237, 26, 77, 254, 191,
       16, 219, 32, 159, 111, 193, 70, 110, 46, 129, 224, 107, 192, 5,
       190, 115, 20, 198, 251, 85, 101, 60, 157, 123, 234, 87, 247, 251,
       248, 23, 69, 125, 35, 121, 223, 54, 192, 126, 186, 151, 216, 26,
       186, 56, 191, 123, 205, 161, 193, 247, 139, 116, 242, 47, 245,
       113, 99, 227, 127, 126, 184, 123, 234, 61, 233, 95, 125, 159, 53,
       151, 93, 213, 111, 213, 240, 237, 182, 111, 223, 101, 247, 231,
       255, 135, 247, 14, 176, 184, 209, 237, 253, 184, 207, 155, 255,
       61, 57, 140, 191, 78, 138, 175, 27, 243, 17, 22, 122, 250, 210,
       95, 87, 95, 239, 194, 76, 143, 211, 3, 217, 67, 155, 118, 151,
       234, 210, 30, 73, 90, 199, 188, 210, 178, 228, 126, 43, 23, 221,
       135, 152, 20, 255, 36, 60, 170, 192, 28, 143, 57, 213, 75, 190,
       134, 149, 171, 176, 60, 167, 171, 95, 142, 181, 172, 230, 70, 222,
       167, 103, 249, 133, 150, 73, 135, 225, 140, 54, 95, 219, 142, 68,
       169, 95, 217, 163, 255, 229, 166, 10, 109, 55, 125, 234, 118, 230,
       63, 41, 144, 35, 38, 198, 124, 236, 241, 248, 165, 204, 246, 235,
       116, 128, 109, 224, 209, 121, 187, 95, 98, 6, 119, 146, 254, 112,
       193, 196, 214, 167, 105, 236, 183, 164, 126, 237, 151, 239, 236,
       191, 36, 238, 50, 124, 141, 131, 111, 191, 126, 213, 89, 135, 127,
       229, 54, 46, 237, 119, 105, 73, 126, 230, 61, 43, 152, 99, 54,
       135, 124, 173, 177, 248, 165, 205, 254, 235, 122, 196, 111, 192,
       163, 185, 159, 94, 66, 7, 99, 146, 174, 112, 117, 206, 87, 230,
       73, 194, 183, 245, 54, 236, 134, 238, 229, 149, 37, 206, 54, 107,
