%YAML:1.0
---
descriptors: !!opencv-matrix
   rows: 157
   cols: 32
   dt: u
   data: [ 10, 175, 34, 190, 255, 209, 190, 231, 159, 69, 92, 163, 236,
       237, 50, 128, 255, 123, 151, 193, 22, 154, 42, 255, 255, 87, 158,
       235, 23, 14, 189, 218, 3, 159, 66, 159, 112, 134, 234, 119, 60,
       72, 90, 199, 121, 226, 182, 196, 126, 107, 55, 141, 199, 152, 5,
       255, 44, 46, 170, 128, 61, 134, 57, 157, 127, 88, 227, 228, 103,
       86, 127, 48, 105, 202, 246, 234, 91, 31, 151, 254, 126, 245, 181,
       238, 201, 214, 245, 200, 87, 251, 226, 128, 39, 183, 118, 117, 39,
       115, 227, 192, 102, 19, 239, 208, 73, 228, 249, 238, 73, 204, 247,
       164, 126, 237, 23, 255, 197, 183, 172, 200, 54, 28, 175, 166, 239,
       191, 114, 245, 78, 56, 254, 240, 235, 116, 185, 82, 187, 223, 21,
       189, 140, 255, 87, 15, 239, 123, 247, 145, 146, 71, 242, 224, 95,
       91, 219, 235, 134, 101, 39, 247, 9, 95, 251, 165, 242, 38, 191,
       183, 60, 239, 94, 231, 157, 47, 211, 96, 119, 111, 55, 157, 145,
       152, 181, 202, 108, 47, 190, 192, 173, 240, 161, 249, 1, 13, 3,
       252, 116, 197, 173, 119, 20, 8, 88, 98, 181, 247, 177, 96, 72, 59,
       19, 137, 99, 154, 66, 95, 101, 134, 186, 136, 24, 40, 49, 185,
       110, 182, 230, 144, 235, 112, 188, 71, 171, 255, 149, 189, 140,
       190, 206, 159, 167, 31, 255, 145, 150, 91, 174, 192, 30, 83, 223,
       239, 134, 68, 175, 215, 145, 205, 109, 231, 164, 58, 238, 183,
       116, 98, 251, 86, 211, 40, 144, 225, 123, 198, 30, 175, 253, 188,
       77, 175, 164, 239, 230, 68, 109, 251, 216, 44, 218, 236, 158, 60,
       137, 241, 20, 239, 186, 151, 128, 25, 174, 242, 98, 219, 129, 103,
       232, 1, 110, 79, 154, 51, 185, 243, 95, 63, 144, 116, 175, 14,
       250, 245, 112, 206, 237, 117, 214, 255, 201, 222, 188, 31, 42,
       188, 127, 167, 201, 210, 215, 97, 252, 43, 186, 243, 123, 89, 148,
       63, 83, 126, 222, 223, 81, 151, 25, 101, 176, 174, 99, 191, 116,
       41, 106, 68, 247, 51, 136, 112, 21, 78, 76, 40, 155, 184, 81, 31,
       232, 174, 52, 64, 232, 194, 129, 41, 1, 162, 153, 249, 236, 173,
       105, 27, 110, 59, 123, 64, 149, 131, 200, 120, 215, 11, 46, 24,
       19, 152, 203, 17, 204, 134, 115, 100, 144, 192, 131, 161, 85, 205,
       95, 231, 50, 10, 111, 176, 36, 128, 235, 224, 247, 51, 128, 113,
       54, 244, 76, 234, 73, 153, 25, 45, 224, 239, 34, 0, 40, 179, 33,
       40, 110, 123, 107, 238, 107, 212, 190, 112, 137, 220, 149, 167,
       44, 223, 119, 131, 238, 241, 215, 231, 197, 3, 186, 232, 115, 89,
       203, 171, 7, 55, 47, 211, 126, 95, 110, 134, 123, 86, 223, 112,
       129, 204, 159, 175, 72, 206, 55, 86, 238, 245, 221, 231, 204, 3,
       60, 204, 115, 121, 137, 155, 39, 183, 118, 119, 143, 123, 123,
       224, 102, 157, 255, 208, 237, 252, 61, 102, 28, 159, 247, 34, 174,
       49, 95, 111, 197, 49, 40, 192, 119, 217, 43, 174, 71, 191, 101,
       229, 192, 72, 3, 158, 72, 41, 100, 68, 60, 34, 226, 138, 166, 131,
       33, 89, 120, 169, 106, 202, 74, 167, 67, 121, 148, 162, 218, 56,
       80, 112, 33, 8, 138, 189, 50, 250, 253, 213, 184, 231, 159, 93,
       92, 50, 172, 223, 34, 228, 231, 59, 151, 209, 242, 155, 50, 247,
       191, 213, 158, 235, 150, 12, 165, 223, 39, 107, 106, 14, 116, 157,
       234, 88, 73, 204, 125, 207, 97, 200, 255, 0, 126, 168, 23, 111,
       134, 50, 156, 221, 22, 77, 171, 168, 127, 175, 122, 197, 95, 115,
       235, 68, 50, 86, 91, 16, 41, 204, 223, 229, 89, 30, 159, 118, 118,
       213, 253, 239, 141, 194, 165, 202, 243, 125, 170, 131, 38, 183,
       39, 119, 21, 142, 203, 239, 180, 170, 107, 208, 118, 163, 251,
       102, 83, 227, 185, 96, 123, 238, 46, 158, 153, 182, 205, 126, 252,
       174, 167, 196, 173, 235, 112, 161, 144, 143, 70, 223, 212, 130,
       234, 239, 86, 1, 210, 82, 113, 195, 48, 64, 120, 174, 34, 248, 58,
       155, 15, 255, 120, 166, 171, 64, 53, 136, 240, 168, 4, 129, 150,
       161, 214, 42, 160, 65, 236, 49, 99, 82, 213, 98, 8, 202, 106, 12,
       106, 56, 17, 240, 197, 68, 28, 162, 83, 68, 192, 43, 227, 160,
       147, 141, 22, 157, 210, 130, 172, 99, 52, 0, 210, 18, 125, 194,
       48, 97, 122, 175, 59, 168, 112, 221, 7, 223, 52, 34, 154, 192, 37,
       0, 161, 136, 1, 130, 134, 135, 76, 11, 96, 109, 100, 49, 67, 82,
       145, 34, 152, 98, 104, 14, 106, 8, 18, 248, 197, 33, 140, 166,
       246, 68, 168, 10, 209, 168, 47, 182, 241, 65, 223, 59, 226, 216,
       95, 241, 121, 126, 72, 72, 220, 172, 123, 204, 134, 250, 147, 50,
       109, 210, 30, 28, 129, 230, 255, 239, 80, 165, 206, 60, 148, 177,
       237, 125, 185, 130, 175, 255, 23, 21, 140, 190, 67, 139, 131, 95,
       251, 17, 55, 116, 251, 192, 15, 211, 95, 111, 138, 109, 15, 210,
       143, 158, 237, 87, 226, 122, 189, 183, 121, 251, 86, 244, 217, 44,
       150, 175, 39, 95, 183, 31, 181, 252, 109, 226, 46, 127, 126, 192,
       206, 213, 139, 253, 7, 149, 135, 155, 255, 242, 174, 103, 31, 73,
       91, 242, 204, 254, 172, 228, 215, 43, 155, 181, 55, 152, 47, 223,
       172, 118, 142, 202, 158, 78, 181, 245, 250, 176, 254, 120, 107,
       249, 80, 71, 235, 91, 244, 56, 46, 158, 70, 191, 175, 179, 230,
       145, 30, 127, 146, 209, 155, 251, 82, 107, 235, 4, 239, 31, 185,
       86, 78, 237, 54, 10, 109, 57, 53, 194, 86, 199, 243, 99, 155, 81,
       118, 140, 31, 236, 233, 148, 85, 142, 246, 234, 226, 128, 47, 168,
       112, 120, 78, 190, 189, 191, 187, 246, 53, 191, 191, 223, 30, 119,
       238, 255, 74, 74, 135, 247, 237, 129, 191, 204, 251, 243, 206,
       247, 127, 199, 130, 100, 165, 123, 29, 6, 245, 101, 38, 122, 234,
       58, 117, 234, 126, 226, 219, 40, 157, 238, 63, 212, 110, 41, 141,
       240, 109, 74, 142, 238, 101, 132, 239, 234, 74, 37, 18, 7, 215,
       212, 30, 19, 188, 111, 217, 182, 144, 162, 237, 42, 180, 7, 47,
       231, 78, 169, 32, 235, 37, 204, 184, 218, 223, 182, 69, 104, 33,
       140, 138, 157, 54, 250, 253, 213, 185, 247, 159, 93, 84, 54, 172,
       222, 34, 97, 207, 59, 183, 145, 246, 14, 50, 247, 239, 223, 158,
       235, 22, 12, 165, 219, 78, 60, 182, 212, 235, 124, 185, 135, 171,
       255, 164, 185, 140, 190, 71, 187, 167, 119, 251, 145, 182, 79,
       178, 192, 31, 83, 95, 255, 130, 116, 143, 95, 164, 84, 110, 83,
       100, 75, 229, 184, 253, 118, 119, 176, 211, 85, 159, 47, 27, 208,
       119, 42, 233, 244, 125, 28, 71, 154, 113, 5, 119, 249, 86, 242, 4,
       0, 252, 95, 44, 126, 229, 26, 205, 95, 127, 16, 211, 109, 191,
       111, 65, 70, 126, 10, 128, 224, 111, 192, 71, 191, 115, 5, 214,
       251, 85, 241, 104, 176, 242, 120, 107, 253, 113, 71, 251, 95, 116,
       57, 47, 157, 102, 25, 175, 187, 183, 145, 30, 126, 178, 209, 95,
       219, 80, 107, 235, 132, 238, 219, 149, 204, 107, 255, 22, 143,
       111, 252, 118, 202, 210, 70, 243, 243, 185, 97, 127, 236, 54, 238,
       235, 244, 109, 63, 244, 175, 167, 128, 61, 187, 112, 169, 130,
       217, 145, 217, 108, 133, 189, 220, 159, 24, 80, 98, 188, 158, 45,
       109, 206, 27, 63, 193, 67, 28, 115, 241, 133, 176, 218, 170, 20,
       24, 33, 185, 133, 205, 221, 243, 148, 62, 238, 183, 116, 115, 115,
       82, 243, 40, 29, 105, 121, 198, 42, 174, 249, 248, 29, 238, 173,
       207, 214, 64, 233, 249, 249, 40, 170, 179, 248, 26, 255, 221, 177,
       207, 139, 125, 180, 191, 12, 156, 94, 151, 175, 155, 215, 17, 182,
       107, 186, 209, 63, 81, 28, 255, 215, 12, 143, 223, 104, 229, 156,
       48, 233, 41, 20, 143, 171, 61, 168, 41, 174, 179, 74, 154, 131,
       87, 233, 16, 22, 75, 203, 49, 255, 215, 85, 127, 194, 80, 143, 11,
       106, 121, 97, 238, 109, 212, 158, 112, 137, 200, 216, 231, 172,
       223, 119, 131, 206, 241, 215, 199, 197, 11, 242, 233, 119, 121,
       202, 171, 23, 63, 55, 223, 31, 117, 115, 102, 115, 95, 127, 240,
       57, 232, 63, 169, 95, 29, 223, 180, 182, 221, 213, 103, 197, 144,
       172, 174, 243, 223, 45, 167, 103, 183, 135, 247, 138, 157, 123,
       255, 59, 193, 191, 255, 31, 79, 92, 34, 188, 255, 166, 96, 246,
