%YAML:1.0
---
descriptors: !!opencv-matrix
   rows: 226
   cols: 32
   dt: u
   data: [ 10, 175, 171, 187, 247, 233, 191, 231, 159, 77, 92, 163, 172,
       237, 51, 0, 251, 107, 131, 21, 54, 186, 42, 255, 239, 87, 30, 235,
       215, 94, 181, 219, 150, 255, 115, 146, 223, 243, 158, 239, 153,
       198, 152, 191, 108, 252, 63, 133, 255, 243, 147, 227, 244, 71, 44,
       254, 57, 22, 143, 187, 151, 127, 183, 245, 3, 155, 66, 159, 118,
       166, 234, 83, 62, 73, 91, 231, 189, 198, 182, 196, 126, 43, 55,
       141, 135, 152, 5, 255, 36, 62, 186, 192, 28, 134, 57, 221, 127,
       112, 243, 228, 107, 84, 93, 16, 41, 234, 182, 175, 95, 31, 215,
       191, 46, 213, 245, 239, 201, 86, 167, 200, 215, 249, 231, 131,
       111, 247, 102, 123, 103, 115, 227, 68, 102, 26, 238, 88, 105, 234,
       54, 238, 72, 12, 223, 190, 62, 196, 215, 239, 197, 55, 173, 200,
       54, 28, 165, 166, 111, 191, 90, 245, 0, 207, 14, 159, 216, 161,
       166, 230, 188, 7, 202, 231, 164, 226, 161, 64, 229, 107, 42, 133,
       54, 139, 6, 127, 36, 38, 62, 8, 144, 88, 169, 136, 216, 116, 112,
       101, 183, 126, 126, 29, 113, 230, 119, 154, 91, 31, 155, 249, 55,
       220, 213, 174, 232, 180, 245, 142, 247, 239, 48, 133, 103, 245,
       206, 115, 212, 204, 134, 177, 143, 171, 100, 206, 190, 179, 130,
       19, 206, 162, 64, 207, 105, 199, 106, 149, 58, 237, 203, 247, 156,
       162, 223, 87, 160, 93, 185, 8, 237, 149, 184, 87, 181, 125, 87,
       177, 113, 207, 63, 60, 219, 125, 158, 189, 149, 82, 212, 62, 189,
       112, 120, 174, 107, 223, 101, 214, 202, 239, 222, 119, 173, 77,
       115, 65, 116, 219, 231, 96, 117, 164, 114, 18, 83, 65, 149, 181,
       120, 232, 6, 106, 105, 176, 100, 46, 36, 204, 36, 0, 103, 185, 66,
       164, 116, 77, 23, 175, 24, 75, 70, 228, 36, 32, 234, 8, 198, 2, 9,
       80, 120, 196, 106, 226, 72, 163, 89, 46, 177, 166, 6, 16, 96, 59,
       160, 2, 176, 4, 94, 164, 194, 99, 85, 75, 21, 34, 251, 179, 87,
       63, 41, 19, 123, 151, 135, 162, 104, 183, 65, 138, 241, 227, 162,
       5, 101, 248, 164, 162, 176, 68, 108, 93, 124, 75, 197, 120, 85,
       102, 245, 186, 83, 5, 158, 37, 89, 204, 71, 106, 104, 246, 101,
       31, 103, 139, 96, 53, 119, 185, 84, 242, 239, 85, 96, 202, 237,
       245, 220, 215, 137, 94, 184, 59, 10, 157, 127, 170, 205, 147, 215,
       211, 222, 35, 122, 242, 51, 88, 140, 187, 87, 222, 222, 95, 17,
       69, 95, 229, 50, 10, 111, 53, 36, 160, 234, 66, 215, 51, 128, 112,
       54, 212, 28, 234, 73, 153, 1, 12, 224, 174, 38, 4, 40, 162, 32,
       40, 43, 237, 99, 73, 85, 215, 235, 103, 95, 96, 124, 2, 57, 156,
       180, 164, 120, 170, 19, 232, 195, 186, 116, 223, 119, 93, 130, 97,
       87, 140, 114, 236, 35, 157, 38, 154, 253, 213, 158, 231, 223, 77,
       220, 3, 44, 252, 54, 224, 205, 171, 147, 213, 246, 43, 122, 255,
       63, 124, 158, 203, 23, 14, 189, 222, 66, 190, 166, 157, 155, 176,
       188, 167, 190, 223, 138, 181, 172, 166, 194, 207, 167, 103, 249,
       149, 182, 205, 167, 235, 172, 54, 94, 139, 140, 84, 173, 95, 46,
       182, 240, 211, 233, 253, 244, 207, 27, 63, 61, 57, 14, 191, 78,
       156, 159, 155, 231, 16, 22, 122, 202, 243, 15, 94, 21, 247, 210,
       76, 206, 223, 95, 22, 111, 204, 118, 178, 107, 121, 101, 232, 255,
       230, 81, 79, 189, 97, 126, 164, 31, 172, 185, 183, 37, 223, 114,
       239, 163, 132, 191, 235, 112, 49, 230, 52, 244, 208, 233, 120, 48,
       75, 59, 255, 181, 185, 12, 254, 78, 158, 175, 223, 231, 16, 54,
       118, 234, 194, 31, 86, 85, 255, 130, 101, 142, 215, 118, 255, 230,
       151, 223, 79, 254, 237, 63, 255, 179, 63, 110, 126, 15, 27, 255,
       215, 255, 215, 120, 251, 219, 239, 189, 182, 207, 215, 229, 127,
       247, 211, 73, 128, 88, 169, 116, 142, 121, 18, 127, 73, 119, 196,
       191, 131, 146, 112, 102, 44, 61, 28, 135, 156, 197, 215, 206, 253,
       50, 192, 172, 128, 73, 25, 156, 100, 253, 115, 137, 111, 87, 216,
       179, 183, 173, 24, 91, 119, 73, 63, 57, 222, 76, 122, 58, 197,
       233, 34, 235, 203, 101, 117, 226, 243, 198, 98, 94, 22, 214, 180,
       231, 50, 188, 66, 189, 159, 91, 247, 76, 238, 55, 203, 247, 119,
       183, 135, 180, 213, 135, 194, 18, 103, 251, 131, 135, 117, 45,
       151, 198, 238, 253, 251, 190, 233, 255, 252, 255, 179, 181, 242,
       253, 239, 220, 107, 111, 215, 127, 219, 178, 105, 239, 243, 254,
       223, 255, 252, 149, 249, 247, 161, 104, 164, 152, 114, 217, 189,
       89, 159, 51, 61, 172, 13, 31, 231, 74, 16, 145, 154, 201, 156, 26,
       74, 250, 19, 223, 205, 21, 125, 130, 192, 134, 58, 200, 242, 255,
       255, 105, 212, 125, 31, 183, 95, 85, 53, 253, 255, 138, 251, 199,
       59, 255, 140, 163, 70, 250, 147, 71, 251, 252, 137, 46, 148, 174,
       251, 3, 255, 91, 191, 126, 143, 251, 244, 190, 200, 120, 230, 253,
       223, 176, 32, 126, 249, 23, 223, 195, 186, 78, 255, 124, 188, 175,
       232, 61, 170, 35, 169, 184, 255, 112, 120, 91, 143, 86, 252, 85,
       4, 224, 9, 47, 201, 36, 17, 158, 184, 195, 98, 232, 162, 82, 31,
       243, 216, 5, 58, 123, 154, 198, 138, 129, 207, 91, 239, 126, 139,
       235, 252, 30, 0, 120, 198, 253, 195, 184, 96, 126, 105, 30, 238,
       225, 176, 15, 255, 252, 172, 175, 136, 124, 187, 113, 169, 209,
       125, 159, 68, 9, 94, 22, 152, 233, 138, 174, 76, 126, 247, 69, 55,
       164, 117, 108, 106, 225, 229, 178, 74, 51, 255, 69, 26, 74, 112,
       107, 61, 209, 79, 79, 255, 70, 138, 111, 248, 116, 130, 242, 230,
       243, 225, 177, 65, 122, 236, 46, 238, 233, 182, 207, 63, 244, 170,
       231, 0, 45, 187, 112, 168, 88, 121, 243, 68, 19, 90, 85, 55, 97,
       194, 174, 8, 31, 55, 1, 182, 34, 212, 232, 8, 73, 233, 177, 72,
       179, 239, 84, 3, 98, 112, 230, 58, 53, 78, 75, 191, 68, 3, 111,
       112, 116, 130, 123, 198, 113, 227, 177, 88, 120, 236, 38, 238,
       233, 182, 143, 106, 244, 174, 231, 8, 45, 243, 114, 160, 109, 79,
       21, 101, 52, 15, 71, 184, 97, 232, 114, 76, 211, 33, 145, 244, 16,
       68, 108, 110, 233, 176, 105, 46, 164, 255, 37, 20, 74, 179, 82,
       33, 159, 244, 255, 84, 59, 126, 119, 219, 251, 95, 125, 60, 94,
       127, 14, 183, 167, 85, 253, 34, 247, 225, 187, 193, 243, 251, 101,
       135, 235, 101, 239, 247, 42, 176, 16, 185, 125, 205, 176, 75, 31,
       121, 80, 27, 140, 156, 104, 8, 201, 25, 147, 17, 50, 56, 82, 213,
       143, 215, 155, 111, 144, 12, 29, 131, 214, 213, 118, 234, 63, 163,
       126, 232, 189, 16, 219, 163, 109, 127, 45, 197, 246, 211, 159,
       227, 48, 129, 27, 253, 190, 248, 203, 198, 53, 115, 33, 23, 124,
       6, 109, 43, 182, 106, 251, 186, 32, 71, 249, 177, 207, 109, 27,
       88, 127, 199, 229, 53, 184, 50, 79, 62, 201, 231, 250, 205, 229,
       71, 119, 243, 189, 98, 239, 229, 38, 11, 77, 93, 117, 234, 183,
       238, 115, 65, 249, 43, 126, 228, 127, 238, 233, 247, 37, 138, 242,
       203, 229, 148, 47, 250, 112, 33, 127, 127, 98, 6, 231, 18, 254,
       112, 65, 236, 95, 175, 73, 108, 183, 181, 126, 236, 151, 239, 204,
       146, 172, 204, 58, 89, 197, 135, 111, 183, 126, 213, 92, 41, 144,
       166, 177, 124, 82, 3, 43, 169, 139, 9, 143, 190, 66, 218, 128,
       191, 237, 17, 30, 75, 210, 128, 187, 245, 62, 123, 162, 39, 143,
       7, 3, 15, 66, 155, 112, 131, 234, 82, 60, 73, 90, 231, 249, 194,
       182, 196, 126, 43, 23, 205, 135, 152, 4, 255, 36, 60, 170, 128,
       61, 135, 57, 157, 7, 90, 3, 155, 118, 165, 234, 208, 30, 73, 90,
       199, 188, 222, 182, 196, 126, 41, 23, 223, 135, 152, 6, 255, 36,
       60, 170, 200, 28, 143, 57, 213, 123, 81, 235, 68, 102, 22, 127,
       120, 97, 200, 254, 174, 89, 29, 151, 246, 126, 212, 247, 238, 193,
       182, 181, 200, 118, 125, 224, 132, 111, 182, 106, 117, 164, 78,
       126, 83, 116, 107, 225, 240, 253, 158, 119, 48, 211, 65, 191, 63,
       123, 104, 70, 46, 224, 244, 45, 46, 70, 155, 113, 0, 67, 185, 70,
       225, 176, 6, 223, 245, 194, 99, 101, 231, 21, 43, 250, 178, 83,
       55, 40, 91, 123, 215, 135, 160, 56, 243, 65, 138, 245, 166, 246,
