%YAML:1.0
---
descriptors: !!opencv-matrix
   rows: 150
   cols: 32
   dt: u
   data: [ 127, 120, 243, 100, 103, 92, 255, 80, 105, 234, 118, 174, 123,
       159, 215, 190, 126, 245, 247, 238, 137, 118, 182, 200, 87, 253,
       229, 168, 239, 247, 126, 253, 222, 54, 182, 84, 171, 116, 92, 7,
       171, 223, 166, 185, 78, 191, 71, 223, 167, 247, 253, 144, 172, 71,
       163, 194, 155, 242, 93, 187, 130, 117, 174, 87, 149, 239, 75, 251,
       180, 143, 111, 253, 54, 104, 82, 70, 243, 227, 185, 96, 127, 238,
       54, 206, 251, 220, 77, 63, 252, 175, 167, 128, 44, 155, 240, 168,
       95, 127, 105, 71, 179, 86, 95, 184, 41, 204, 63, 165, 89, 54, 151,
       116, 54, 213, 253, 238, 205, 208, 173, 236, 227, 121, 47, 133, 34,
       183, 46, 119, 177, 207, 101, 71, 20, 30, 230, 53, 116, 34, 227,
       66, 211, 33, 148, 225, 120, 132, 74, 110, 233, 184, 117, 15, 37,
       174, 132, 4, 97, 170, 208, 168, 17, 77, 95, 229, 50, 10, 111, 52,
       36, 0, 234, 66, 247, 51, 128, 112, 54, 247, 28, 234, 73, 153, 17,
       47, 224, 174, 34, 0, 40, 162, 33, 40, 164, 84, 109, 95, 85, 91,
       199, 120, 85, 118, 247, 154, 83, 85, 156, 37, 88, 152, 83, 106,
       105, 246, 125, 31, 119, 202, 193, 20, 119, 185, 84, 244, 188, 20,
       122, 245, 198, 99, 84, 67, 85, 162, 247, 179, 83, 61, 41, 9, 123,
       151, 151, 161, 104, 246, 81, 142, 115, 239, 240, 5, 101, 248, 228,
       146, 36, 70, 110, 95, 100, 126, 233, 58, 92, 94, 127, 16, 211, 37,
       191, 111, 73, 78, 39, 46, 168, 244, 101, 12, 71, 59, 240, 133,
       215, 249, 84, 224, 144, 141, 15, 155, 222, 162, 106, 73, 22, 1,
       219, 18, 97, 195, 32, 64, 120, 174, 34, 144, 58, 155, 9, 255, 56,
       166, 138, 64, 53, 10, 176, 136, 81, 149, 29, 101, 176, 46, 71,
       191, 100, 168, 170, 76, 247, 51, 128, 114, 20, 198, 108, 104, 249,
       168, 81, 47, 233, 175, 37, 20, 104, 226, 194, 41, 191, 95, 98, 4,
       115, 18, 255, 112, 49, 236, 94, 167, 105, 108, 182, 164, 126, 237,
       151, 231, 228, 155, 164, 238, 62, 125, 173, 131, 111, 183, 126,
       221, 134, 180, 189, 241, 235, 253, 185, 91, 187, 255, 21, 189,
       140, 255, 78, 43, 143, 27, 247, 17, 178, 78, 250, 208, 79, 91,
       127, 239, 134, 69, 135, 247, 45, 55, 121, 39, 231, 95, 55, 185,
       121, 236, 127, 237, 95, 92, 139, 180, 150, 92, 212, 102, 197, 176,
       189, 140, 103, 241, 37, 183, 107, 191, 223, 243, 127, 113, 241,
       98, 51, 95, 159, 120, 59, 232, 21, 173, 95, 93, 223, 180, 182, 93,
       213, 111, 197, 80, 188, 154, 251, 221, 45, 183, 78, 191, 15, 119,
       25, 73, 67, 5, 52, 10, 110, 53, 116, 0, 98, 192, 243, 35, 144,
       244, 114, 108, 32, 108, 105, 152, 69, 15, 164, 174, 160, 0, 46,
       176, 80, 40, 212, 97, 142, 151, 8, 11, 38, 96, 164, 178, 227, 77,
       246, 35, 9, 91, 104, 196, 106, 106, 72, 213, 219, 40, 212, 162,
       71, 16, 40, 59, 1, 10, 47, 166, 66, 75, 247, 185, 178, 73, 95, 41,
       125, 254, 72, 200, 254, 180, 223, 136, 130, 63, 151, 50, 14, 215,
       30, 92, 1, 239, 223, 15, 218, 133, 234, 184, 254, 88, 107, 249,
       144, 79, 187, 27, 180, 56, 46, 222, 102, 185, 239, 187, 238, 144,
       62, 111, 194, 209, 27, 211, 83, 123, 211, 4, 239, 143, 224, 96, 3,
       189, 72, 35, 36, 76, 36, 18, 227, 202, 180, 130, 33, 89, 120, 172,
       74, 234, 72, 135, 67, 81, 148, 160, 202, 24, 16, 123, 33, 136,
       217, 22, 106, 229, 182, 50, 125, 27, 117, 202, 87, 246, 89, 47,
       155, 105, 126, 149, 31, 173, 185, 212, 101, 206, 118, 239, 170,
       132, 47, 241, 240, 97, 21, 14, 203, 239, 52, 170, 107, 208, 118,
       130, 123, 230, 243, 227, 153, 96, 123, 236, 46, 254, 137, 180, 77,
       106, 220, 175, 163, 128, 173, 251, 112, 161, 22, 29, 238, 191,
       254, 242, 254, 233, 191, 230, 91, 163, 109, 254, 55, 194, 255,
       255, 183, 243, 244, 250, 139, 255, 62, 127, 207, 139, 165, 127,
       189, 215, 5, 128, 151, 193, 196, 42, 224, 129, 108, 49, 99, 82,
       213, 2, 136, 202, 107, 12, 106, 56, 16, 176, 69, 4, 12, 162, 114,
       68, 232, 11, 193, 160, 7, 255, 161, 83, 244, 157, 191, 191, 123,
       237, 28, 110, 232, 252, 214, 164, 181, 123, 247, 221, 215, 88,
       238, 243, 46, 28, 175, 230, 207, 6, 211, 253, 42, 184, 184, 26,
       205, 253, 144, 207, 223, 29, 52, 25, 40, 252, 102, 141, 201, 59,
       227, 17, 22, 107, 250, 241, 31, 95, 84, 123, 211, 76, 223, 206,
       29, 29, 255, 165, 242, 110, 255, 183, 44, 229, 94, 230, 221, 47,
       147, 98, 39, 215, 55, 189, 145, 152, 53, 74, 236, 175, 190, 196,
       173, 240, 161, 249, 252, 80, 207, 101, 68, 14, 111, 112, 49, 170,
       246, 79, 83, 127, 17, 91, 120, 228, 125, 234, 233, 247, 145, 8,
       243, 235, 229, 128, 109, 179, 114, 48, 21, 42, 195, 227, 86, 163,
       235, 216, 118, 162, 123, 198, 81, 195, 249, 120, 123, 236, 6, 222,
       131, 178, 141, 250, 156, 174, 163, 100, 189, 235, 98, 160, 57,
       221, 122, 110, 245, 207, 87, 247, 69, 72, 254, 6, 123, 125, 34,
       112, 252, 242, 151, 106, 217, 187, 56, 61, 123, 237, 36, 0, 115,
       186, 226, 251, 237, 97, 181, 5, 101, 30, 111, 56, 105, 250, 99,
       76, 219, 81, 25, 182, 144, 68, 116, 110, 201, 244, 253, 8, 133,
       120, 69, 4, 74, 167, 82, 164, 252, 78, 255, 246, 136, 98, 93, 191,
       177, 150, 166, 24, 119, 119, 9, 91, 97, 246, 237, 170, 104, 199,
       233, 42, 243, 227, 245, 21, 162, 240, 164, 106, 167, 123, 227,
       134, 118, 83, 239, 208, 217, 196, 209, 239, 121, 204, 247, 164,
       126, 233, 19, 247, 197, 183, 172, 234, 54, 12, 175, 168, 117, 191,
       118, 213, 155, 94, 66, 13, 115, 146, 238, 112, 117, 70, 87, 231,
       105, 194, 183, 245, 118, 236, 134, 238, 229, 149, 37, 206, 54,
       107, 162, 131, 111, 181, 121, 85, 184, 20, 93, 189, 203, 99, 85,
       123, 21, 162, 161, 56, 87, 119, 1, 25, 91, 177, 198, 162, 105, 71,
       89, 30, 209, 195, 113, 62, 121, 97, 38, 178, 149, 205, 13, 243,
       148, 174, 230, 183, 116, 66, 107, 82, 243, 104, 24, 97, 121, 198,
       10, 110, 249, 188, 121, 47, 173, 174, 150, 64, 233, 219, 208, 32,
       3, 48, 30, 173, 40, 135, 153, 88, 142, 248, 84, 101, 188, 159,
       226, 74, 196, 61, 255, 5, 131, 219, 147, 213, 192, 249, 59, 166,
       24, 12, 41, 219, 122, 93, 99, 236, 125, 84, 222, 252, 137, 72,
       184, 235, 60, 31, 181, 242, 238, 241, 159, 231, 201, 11, 226, 237,
       115, 125, 170, 154, 31, 191, 62, 219, 127, 79, 123, 228, 118, 26,
       255, 240, 233, 192, 190, 234, 63, 45, 183, 36, 62, 245, 23, 111,
       233, 163, 36, 238, 242, 253, 38, 128, 103, 191, 119, 237, 171,
       172, 98, 88, 93, 249, 208, 71, 219, 93, 244, 26, 42, 152, 118,
       180, 201, 170, 210, 17, 190, 47, 246, 247, 31, 93, 144, 123, 87,
       12, 254, 206, 148, 141, 7, 155, 212, 131, 98, 105, 148, 1, 211,
       82, 113, 195, 40, 65, 121, 174, 42, 250, 120, 155, 11, 255, 56,
       162, 203, 64, 53, 11, 240, 160, 116, 228, 151, 154, 77, 233, 96,
       236, 183, 19, 169, 90, 98, 226, 108, 219, 233, 224, 106, 130, 42,
       103, 218, 113, 149, 162, 210, 123, 209, 91, 106, 130, 218, 124,
       254, 116, 11, 112, 29, 198, 49, 214, 244, 186, 43, 190, 7, 191,
       46, 255, 229, 194, 109, 239, 182, 234, 243, 227, 84, 139, 231,
       245, 46, 127, 75, 186, 134, 156, 235, 176, 60, 167, 191, 91, 202,
       245, 172, 230, 66, 254, 167, 103, 234, 133, 23, 73, 134, 241, 156,
       54, 94, 251, 138, 68, 171, 93, 14, 176, 185, 145, 237, 253, 185,
       203, 187, 255, 61, 57, 140, 190, 78, 138, 175, 27, 243, 17, 23,
       126, 170, 210, 15, 87, 95, 239, 194, 77, 143, 215, 56, 29, 127,
       238, 52, 199, 87, 121, 68, 72, 255, 99, 115, 125, 48, 96, 120,
       180, 31, 234, 253, 185, 49, 157, 243, 239, 162, 208, 61, 170, 116,
       83, 238, 62, 182, 80, 235, 252, 188, 135, 171, 255, 180, 61, 140,
       190, 71, 159, 167, 119, 249, 17, 182, 79, 178, 192, 31, 82, 95,
       255, 194, 84, 143, 95, 19, 215, 7, 137, 150, 130, 175, 231, 45,
       73, 218, 230, 68, 102, 188, 100, 247, 199, 63, 245, 211, 155, 45,
       231, 184, 38, 142, 198, 173, 86, 177, 125, 10, 159, 121, 223, 58,
