%YAML:1.0
---
descriptors: !!opencv-matrix
   rows: 213
   cols: 32
   dt: u
   data: [ 253, 89, 63, 102, 45, 15, 79, 248, 225, 172, 178, 76, 83, 249,
       57, 115, 216, 228, 125, 110, 232, 227, 248, 168, 243, 235, 229,
       28, 98, 251, 82, 66, 8, 140, 59, 251, 87, 253, 177, 103, 31, 69,
       108, 19, 188, 157, 34, 96, 249, 59, 147, 0, 18, 184, 50, 255, 103,
       223, 26, 99, 83, 8, 133, 234, 48, 87, 107, 172, 54, 195, 219, 116,
       132, 100, 222, 163, 83, 205, 50, 64, 126, 241, 31, 231, 216, 179,
       101, 159, 243, 237, 170, 145, 53, 155, 244, 115, 17, 13, 94, 172,
       186, 130, 79, 117, 229, 136, 250, 70, 87, 99, 176, 80, 118, 228,
       30, 238, 221, 137, 5, 44, 186, 233, 38, 208, 56, 162, 168, 9, 48,
       224, 206, 205, 92, 3, 201, 104, 22, 176, 226, 10, 80, 227, 52, 80,
       89, 204, 99, 248, 104, 211, 203, 93, 92, 42, 207, 36, 53, 42, 114,
       160, 4, 136, 135, 151, 150, 139, 164, 233, 190, 179, 66, 2, 228,
       224, 105, 75, 49, 111, 34, 17, 34, 248, 11, 125, 141, 38, 95, 68,
       128, 104, 49, 128, 35, 0, 97, 201, 78, 27, 184, 64, 109, 96, 242,
       170, 136, 14, 148, 100, 110, 157, 94, 229, 132, 179, 101, 204, 22,
       56, 138, 170, 117, 136, 117, 244, 50, 128, 199, 156, 92, 131, 200,
       234, 30, 177, 66, 10, 96, 226, 52, 89, 89, 237, 35, 185, 40, 219,
       203, 221, 24, 42, 223, 36, 21, 40, 112, 136, 114, 235, 240, 116,
       11, 201, 84, 71, 235, 189, 184, 41, 42, 185, 69, 26, 138, 247,
       237, 64, 76, 107, 194, 97, 179, 208, 84, 59, 65, 112, 206, 11, 11,
       110, 174, 212, 77, 157, 238, 246, 233, 194, 126, 74, 189, 233,
       119, 167, 172, 106, 122, 78, 193, 255, 178, 232, 55, 89, 199, 40,
       66, 189, 123, 172, 68, 65, 247, 69, 10, 72, 33, 8, 236, 148, 98,
       128, 213, 215, 129, 118, 34, 116, 104, 104, 1, 80, 39, 64, 141,
       160, 67, 4, 32, 162, 5, 96, 249, 76, 111, 237, 36, 42, 111, 50,
       244, 194, 246, 70, 115, 33, 177, 123, 98, 228, 125, 238, 233, 181,
       37, 14, 210, 235, 226, 128, 45, 249, 112, 56, 53, 219, 90, 234,
       52, 135, 74, 212, 7, 8, 252, 102, 115, 211, 162, 64, 124, 168, 14,
       216, 206, 171, 24, 191, 250, 237, 167, 200, 61, 139, 120, 9, 204,
       98, 157, 245, 44, 13, 117, 216, 251, 250, 52, 88, 159, 209, 73,
       59, 132, 76, 110, 78, 193, 102, 250, 0, 199, 219, 117, 60, 194,
       249, 71, 161, 251, 86, 114, 237, 125, 95, 219, 126, 93, 233, 246,
       191, 95, 191, 182, 229, 254, 221, 191, 173, 253, 255, 97, 206,
       243, 255, 187, 147, 23, 172, 252, 255, 252, 237, 246, 111, 190,
       123, 222, 252, 23, 230, 255, 155, 67, 233, 91, 0, 95, 238, 103,
       110, 124, 246, 255, 190, 126, 239, 101, 21, 231, 255, 228, 66, 90,
       188, 149, 186, 137, 245, 20, 207, 159, 55, 136, 25, 174, 246, 96,
       203, 193, 115, 233, 17, 62, 75, 154, 241, 185, 210, 95, 123, 144,
       84, 141, 14, 174, 239, 106, 158, 254, 217, 190, 236, 183, 238,
       220, 171, 238, 237, 251, 0, 255, 239, 239, 103, 226, 119, 234,
       255, 255, 55, 47, 175, 87, 255, 63, 217, 108, 239, 150, 126, 221,
       163, 230, 255, 214, 183, 233, 25, 226, 233, 109, 75, 217, 126,
       234, 66, 122, 107, 219, 179, 47, 246, 213, 63, 210, 251, 244, 138,
       199, 190, 151, 191, 250, 171, 38, 175, 190, 179, 74, 253, 244,
       240, 201, 75, 183, 111, 107, 7, 54, 221, 143, 127, 44, 38, 125,
       238, 140, 113, 131, 137, 56, 184, 154, 240, 201, 253, 80, 71, 169,
       83, 164, 25, 62, 191, 98, 154, 161, 179, 221, 16, 30, 107, 146,
       129, 219, 209, 86, 123, 130, 68, 143, 219, 255, 107, 230, 84, 139,
       91, 86, 228, 195, 230, 172, 175, 42, 204, 215, 183, 136, 228, 236,
       102, 204, 99, 238, 168, 50, 89, 69, 59, 103, 125, 94, 78, 98, 169,
       166, 26, 137, 153, 148, 239, 223, 149, 160, 9, 238, 232, 126, 15,
       201, 235, 234, 17, 22, 107, 202, 241, 185, 54, 95, 123, 208, 124,
       143, 14, 118, 169, 135, 190, 155, 193, 20, 237, 143, 55, 128, 137,
       236, 230, 104, 223, 193, 251, 235, 65, 26, 75, 202, 241, 185, 118,
       223, 127, 144, 62, 183, 206, 133, 188, 253, 127, 250, 255, 167,
       255, 118, 251, 123, 244, 241, 252, 205, 107, 117, 126, 54, 178,
       183, 252, 255, 63, 109, 175, 247, 228, 249, 241, 225, 181, 48,
       105, 120, 96, 13, 201, 80, 70, 195, 180, 176, 11, 35, 152, 85, 50,
       136, 177, 125, 81, 76, 107, 194, 0, 219, 201, 5, 123, 101, 8, 86,
       74, 177, 197, 79, 109, 28, 207, 71, 125, 84, 64, 244, 66, 115, 65,
       184, 49, 120, 160, 78, 106, 251, 175, 109, 31, 248, 201, 37, 80,
       125, 138, 224, 40, 78, 177, 250, 218, 254, 185, 185, 89, 159, 217,
       85, 235, 252, 222, 252, 106, 255, 59, 255, 149, 147, 67, 170, 209,
       94, 95, 43, 234, 151, 175, 165, 243, 187, 218, 123, 243, 245, 223,
       255, 244, 125, 77, 246, 183, 27, 29, 158, 229, 239, 159, 191, 223,
       255, 188, 117, 231, 247, 249, 182, 195, 111, 158, 252, 255, 79,
       191, 253, 247, 188, 253, 255, 182, 239, 255, 190, 237, 255, 127,
       215, 55, 167, 243, 253, 223, 255, 88, 239, 247, 238, 219, 239,
       242, 134, 244, 87, 127, 105, 132, 172, 53, 252, 63, 88, 159, 123,
       123, 31, 93, 211, 40, 218, 186, 145, 70, 125, 13, 181, 112, 249,
       19, 207, 95, 245, 180, 216, 252, 218, 76, 149, 205, 239, 222, 214,
       39, 111, 252, 114, 170, 95, 82, 113, 242, 188, 49, 63, 255, 55,
       235, 249, 211, 47, 111, 249, 47, 239, 128, 173, 243, 242, 160, 4,
       140, 150, 159, 213, 139, 166, 232, 158, 147, 66, 2, 228, 226, 41,
       79, 249, 110, 34, 50, 50, 216, 11, 253, 45, 54, 223, 71, 144, 122,
       17, 130, 70, 168, 150, 159, 201, 128, 160, 168, 190, 145, 67, 2,
       228, 226, 76, 198, 241, 103, 106, 145, 6, 64, 219, 253, 13, 50,
       207, 75, 128, 34, 41, 142, 90, 48, 247, 68, 83, 90, 177, 81, 233,
       229, 119, 167, 12, 30, 38, 254, 166, 181, 223, 161, 133, 181, 52,
       200, 87, 120, 26, 131, 111, 36, 39, 119, 52, 165, 198, 188, 30, 3,
       198, 104, 22, 162, 163, 74, 115, 224, 64, 0, 25, 236, 106, 40, 40,
       227, 207, 31, 184, 134, 69, 92, 225, 40, 82, 0, 64, 160, 148, 157,
       89, 130, 168, 169, 190, 177, 66, 0, 228, 226, 72, 66, 81, 109,
       106, 144, 2, 216, 203, 93, 12, 178, 223, 76, 0, 32, 1, 138, 43,
       189, 83, 205, 125, 223, 106, 254, 63, 234, 252, 78, 238, 247, 164,
       244, 127, 254, 254, 108, 123, 251, 219, 255, 191, 127, 151, 182,
       31, 172, 122, 189, 100, 172, 132, 158, 221, 131, 166, 232, 154,
       179, 96, 11, 100, 226, 109, 27, 217, 239, 34, 209, 98, 82, 202,
       125, 61, 38, 207, 111, 145, 106, 114, 138, 253, 239, 234, 86, 238,
       18, 207, 252, 241, 226, 180, 206, 91, 232, 157, 179, 63, 228, 85,
       238, 233, 231, 172, 42, 122, 235, 229, 188, 111, 243, 250, 229,
       117, 64, 233, 76, 78, 3, 199, 88, 70, 226, 189, 206, 83, 73, 249,
       34, 120, 204, 38, 238, 201, 35, 125, 24, 112, 137, 225, 60, 125,
       251, 112, 160, 52, 160, 134, 188, 92, 131, 192, 232, 22, 176, 224,
       10, 81, 225, 32, 81, 89, 236, 34, 56, 40, 243, 139, 29, 88, 166,
       231, 100, 113, 40, 114, 128, 34, 32, 99, 201, 78, 11, 169, 73,
       108, 32, 242, 194, 145, 10, 20, 96, 106, 157, 123, 129, 136, 179,
       197, 208, 20, 40, 138, 48, 117, 8, 113, 136, 32, 132, 134, 156,
       92, 131, 160, 234, 22, 178, 64, 10, 96, 224, 32, 65, 121, 108, 34,
       56, 32, 250, 11, 31, 60, 38, 215, 108, 145, 40, 112, 136, 4, 140,
       150, 159, 217, 139, 166, 168, 190, 147, 66, 0, 228, 226, 41, 207,
       241, 110, 106, 112, 34, 208, 27, 125, 45, 38, 79, 71, 144, 106,
       41, 134, 181, 253, 239, 111, 172, 63, 207, 248, 119, 242, 253,
       206, 83, 233, 253, 33, 127, 206, 126, 238, 249, 115, 255, 58, 254,
       207, 229, 172, 125, 251, 242, 176, 2, 160, 150, 157, 77, 131, 160,
       72, 158, 176, 66, 2, 228, 226, 100, 198, 249, 109, 106, 177, 2,
       241, 155, 221, 13, 34, 207, 47, 16, 42, 49, 134, 59, 151, 239,
       245, 238, 58, 253, 255, 125, 251, 255, 246, 223, 47, 158, 123,
       127, 199, 127, 173, 185, 251, 237, 194, 254, 255, 254, 196, 239,
