%YAML:1.0
---
descriptors: !!opencv-matrix
   rows: 210
   cols: 32
   dt: u
   data: [ 189, 237, 126, 103, 170, 91, 223, 252, 23, 230, 255, 139, 83,
       233, 91, 17, 95, 206, 110, 110, 124, 246, 255, 62, 122, 239, 101,
       49, 231, 251, 194, 192, 56, 81, 107, 236, 94, 195, 91, 120, 4,
       204, 215, 163, 113, 223, 176, 64, 126, 245, 31, 234, 201, 147, 49,
       28, 243, 173, 171, 128, 53, 171, 116, 115, 199, 137, 85, 155, 188,
       139, 239, 169, 191, 121, 147, 254, 206, 238, 244, 195, 239, 231,
       127, 221, 179, 121, 75, 245, 188, 186, 255, 212, 148, 137, 193,
       113, 245, 71, 253, 69, 52, 75, 71, 184, 117, 238, 254, 40, 211,
       101, 139, 112, 26, 196, 108, 106, 233, 180, 109, 14, 239, 239, 37,
       20, 99, 250, 70, 97, 52, 83, 107, 236, 54, 195, 219, 116, 4, 204,
       222, 163, 115, 221, 179, 64, 126, 184, 23, 239, 200, 179, 100, 28,
       243, 173, 170, 145, 53, 187, 116, 243, 126, 97, 51, 174, 41, 221,
       86, 200, 175, 172, 164, 9, 238, 223, 111, 214, 216, 245, 239, 98,
       78, 35, 234, 249, 179, 240, 143, 59, 18, 62, 47, 86, 11, 249, 51,
       249, 125, 133, 185, 215, 31, 29, 120, 70, 188, 223, 116, 100, 207,
       59, 55, 157, 147, 42, 114, 245, 13, 222, 186, 234, 90, 8, 161,
       185, 35, 91, 114, 74, 117, 159, 250, 76, 111, 72, 253, 238, 10,
       136, 183, 244, 254, 169, 150, 222, 199, 187, 36, 253, 54, 125, 0,
       235, 95, 159, 250, 221, 4, 140, 135, 151, 213, 139, 166, 168, 158,
       179, 66, 2, 228, 226, 41, 201, 121, 110, 34, 16, 34, 216, 11, 127,
       45, 38, 223, 68, 144, 104, 49, 136, 2, 160, 135, 157, 30, 139,
       168, 232, 158, 177, 66, 2, 228, 232, 120, 72, 241, 109, 107, 145,
       2, 217, 139, 221, 13, 34, 223, 76, 20, 40, 17, 136, 34, 96, 103,
       201, 78, 139, 232, 75, 55, 177, 242, 155, 97, 137, 116, 89, 122,
       140, 123, 140, 10, 219, 199, 209, 22, 56, 155, 226, 37, 136, 112,
       140, 237, 109, 197, 69, 116, 31, 70, 184, 97, 234, 62, 204, 211,
       97, 145, 183, 16, 196, 116, 110, 233, 240, 205, 46, 174, 251, 101,
       52, 110, 255, 90, 48, 213, 126, 123, 243, 238, 169, 239, 254, 127,
       242, 182, 254, 223, 232, 213, 121, 127, 239, 127, 127, 169, 119,
       255, 254, 188, 219, 111, 252, 237, 249, 81, 249, 223, 133, 123,
       231, 238, 106, 111, 252, 61, 98, 215, 242, 95, 239, 248, 115, 127,
       223, 127, 239, 249, 211, 173, 215, 254, 235, 239, 196, 37, 235,
       241, 241, 11, 108, 166, 212, 77, 156, 238, 246, 237, 192, 102, 70,
       168, 232, 119, 167, 172, 104, 122, 77, 193, 251, 178, 232, 55, 89,
       199, 8, 66, 189, 123, 172, 199, 249, 249, 250, 232, 201, 127, 252,
       191, 222, 181, 56, 253, 255, 221, 123, 215, 243, 255, 199, 179,
       111, 234, 251, 190, 223, 127, 250, 150, 247, 131, 225, 7, 187,
       255, 251, 254, 219, 251, 217, 191, 121, 95, 230, 253, 255, 246,
       104, 103, 127, 127, 29, 147, 216, 175, 245, 222, 191, 191, 224,
       164, 138, 165, 249, 20, 85, 123, 239, 20, 66, 239, 120, 116, 196,
       251, 2, 209, 119, 185, 96, 122, 252, 53, 234, 200, 178, 61, 14,
       241, 175, 163, 4, 37, 187, 117, 240, 49, 235, 74, 202, 116, 129,
       203, 240, 86, 12, 84, 230, 51, 195, 178, 64, 126, 168, 6, 206,
       202, 186, 46, 191, 118, 141, 162, 232, 53, 139, 112, 233, 221, 92,
       255, 245, 36, 110, 107, 18, 244, 202, 246, 66, 255, 51, 145, 123,
       98, 228, 61, 202, 169, 213, 181, 42, 214, 235, 226, 128, 44, 241,
       112, 33, 40, 133, 58, 249, 85, 253, 243, 111, 31, 5, 108, 3, 63,
       253, 34, 96, 249, 59, 147, 0, 18, 186, 48, 159, 103, 255, 18, 67,
       115, 8, 229, 234, 149, 85, 75, 167, 22, 66, 239, 56, 52, 224, 91,
       198, 213, 119, 153, 96, 118, 205, 52, 239, 233, 144, 61, 14, 229,
       175, 171, 132, 45, 179, 33, 240, 237, 122, 189, 244, 109, 12, 117,
       216, 234, 186, 52, 72, 159, 153, 65, 58, 141, 76, 110, 94, 193,
       103, 242, 0, 215, 217, 117, 60, 194, 249, 67, 163, 114, 169, 166,
       30, 137, 145, 148, 236, 175, 21, 160, 9, 238, 250, 110, 31, 201,
       235, 234, 81, 30, 107, 138, 241, 185, 54, 95, 123, 208, 30, 175,
       14, 113, 93, 253, 100, 172, 14, 85, 182, 233, 170, 190, 72, 19,
       57, 213, 51, 132, 212, 124, 106, 201, 107, 243, 8, 243, 185, 101,
       156, 65, 240, 66, 43, 245, 69, 73, 101, 176, 14, 71, 187, 49, 160,
       174, 72, 83, 115, 129, 112, 120, 196, 76, 108, 105, 162, 101, 14,
       249, 239, 37, 20, 97, 240, 98, 48, 90, 188, 149, 178, 137, 253,
       20, 143, 191, 55, 136, 25, 174, 190, 64, 203, 129, 83, 233, 17,
       30, 75, 218, 241, 153, 211, 95, 127, 128, 84, 141, 30, 113, 93,
       253, 100, 41, 92, 85, 55, 225, 232, 174, 8, 58, 55, 7, 115, 128,
       246, 124, 72, 205, 73, 241, 12, 243, 251, 68, 19, 106, 240, 70,
       127, 42, 223, 126, 154, 255, 151, 159, 254, 159, 77, 92, 231, 108,
       236, 46, 68, 223, 123, 151, 103, 230, 43, 62, 255, 122, 127, 158,
       223, 31, 31, 221, 223, 2, 221, 18, 156, 87, 150, 180, 119, 156, 5,
       74, 7, 44, 190, 36, 196, 252, 59, 130, 1, 228, 153, 16, 223, 33,
       54, 30, 2, 16, 92, 173, 206, 5, 205, 135, 151, 212, 139, 166, 232,
       246, 147, 70, 66, 240, 224, 41, 77, 121, 106, 34, 106, 98, 248,
       14, 63, 44, 38, 87, 4, 128, 122, 49, 168, 9, 13, 87, 119, 176,
       142, 111, 55, 100, 192, 106, 68, 247, 35, 128, 112, 34, 102, 108,
       78, 209, 152, 53, 46, 236, 239, 36, 0, 42, 194, 193, 40, 200, 242,
       188, 245, 40, 109, 57, 19, 170, 191, 38, 57, 158, 151, 66, 91,
       135, 21, 237, 0, 0, 68, 195, 64, 199, 243, 123, 191, 128, 96, 7,
       115, 234, 113, 54, 142, 237, 95, 190, 237, 143, 236, 241, 15, 76,
       222, 110, 151, 254, 213, 255, 99, 196, 119, 219, 245, 183, 26,
       207, 191, 91, 62, 239, 223, 92, 115, 153, 230, 170, 4, 95, 184, 2,
       168, 187, 110, 95, 243, 201, 90, 214, 213, 125, 238, 73, 67, 235,
       32, 241, 237, 101, 188, 40, 243, 130, 33, 11, 254, 247, 5, 112,
       90, 190, 182, 105, 109, 94, 229, 172, 12, 150, 182, 167, 77, 252,
       69, 199, 248, 165, 233, 46, 125, 52, 194, 78, 182, 139, 93, 187,
       23, 231, 245, 230, 59, 237, 127, 125, 235, 250, 246, 91, 43, 148,
       255, 127, 199, 127, 173, 185, 252, 101, 202, 182, 255, 247, 132,
       239, 252, 225, 241, 124, 220, 212, 116, 157, 78, 84, 174, 123,
       187, 178, 9, 75, 123, 69, 159, 177, 215, 228, 48, 56, 107, 155,
       172, 187, 251, 85, 87, 235, 116, 110, 10, 68, 168, 148, 159, 25,
       130, 160, 168, 190, 177, 66, 0, 228, 226, 8, 71, 113, 111, 106,
       128, 34, 216, 203, 125, 12, 50, 223, 69, 128, 32, 33, 132, 130,
       184, 162, 157, 87, 212, 188, 103, 61, 79, 82, 147, 172, 158, 54,
       196, 230, 59, 147, 133, 118, 156, 16, 207, 37, 54, 154, 131, 23,
       4, 173, 223, 61, 93, 107, 230, 116, 70, 111, 248, 101, 200, 254,
       34, 115, 127, 179, 112, 126, 252, 23, 234, 201, 179, 61, 236, 243,
       237, 167, 128, 47, 179, 116, 241, 5, 201, 135, 31, 24, 139, 38,
       232, 246, 144, 67, 2, 224, 224, 41, 103, 113, 110, 42, 104, 98,
       208, 143, 61, 44, 38, 71, 4, 144, 42, 48, 164, 36, 160, 142, 189,
       92, 131, 162, 232, 22, 176, 96, 10, 113, 224, 104, 80, 89, 108,
       34, 120, 34, 242, 203, 29, 124, 167, 199, 109, 113, 42, 114, 128,
       32, 160, 134, 188, 92, 139, 160, 72, 22, 176, 226, 10, 66, 224,
       33, 0, 89, 236, 98, 120, 74, 243, 203, 29, 28, 162, 69, 52, 113,
       42, 82, 128, 49, 65, 99, 12, 84, 7, 195, 120, 84, 192, 249, 74,
       83, 200, 177, 96, 120, 172, 22, 111, 205, 179, 4, 28, 112, 44,
       161, 20, 125, 171, 112, 132, 50, 32, 67, 201, 94, 3, 168, 72, 76,
       32, 242, 202, 128, 138, 52, 64, 248, 141, 123, 225, 8, 179, 197,
       220, 20, 40, 138, 60, 85, 10, 49, 132, 32, 160, 134, 157, 88, 131,
       160, 234, 22, 177, 96, 2, 96, 226, 32, 73, 121, 108, 34, 184, 32,
       250, 207, 29, 28, 38, 215, 100, 241, 40, 114, 136, 96, 160, 135,
       156, 92, 131, 224, 107, 22, 161, 226, 90, 97, 224, 64, 9, 121,
       236, 98, 168, 32, 250, 203, 29, 28, 38, 213, 108, 97, 40, 112,
