%YAML:1.0
---
descriptors: !!opencv-matrix
   rows: 236
   cols: 32
   dt: u
   data: [ 229, 237, 136, 68, 205, 13, 198, 237, 193, 178, 172, 8, 82,
       121, 89, 23, 137, 198, 96, 126, 104, 99, 218, 44, 123, 153, 69,
       61, 195, 123, 218, 162, 254, 81, 118, 228, 37, 86, 90, 120, 37,
       164, 251, 11, 75, 31, 15, 214, 248, 213, 237, 226, 76, 167, 17,
       142, 147, 249, 193, 23, 103, 175, 124, 70, 85, 135, 29, 101, 176,
       46, 67, 59, 116, 169, 43, 76, 215, 51, 128, 112, 16, 70, 76, 44,
       153, 184, 73, 12, 232, 174, 37, 84, 232, 227, 194, 33, 2, 160, 16,
       152, 109, 221, 184, 72, 143, 53, 177, 11, 172, 158, 102, 142, 202,
       153, 203, 17, 6, 14, 218, 209, 31, 16, 154, 127, 22, 12, 15, 206,
       84, 205, 87, 167, 20, 10, 98, 232, 45, 0, 235, 2, 199, 99, 8, 80,
       120, 197, 106, 226, 72, 179, 89, 124, 177, 166, 130, 84, 33, 59,
       96, 2, 54, 68, 68, 170, 28, 11, 70, 236, 13, 34, 169, 11, 71, 98,
       41, 81, 248, 129, 78, 99, 104, 167, 73, 190, 176, 146, 207, 83,
       49, 59, 112, 2, 96, 64, 142, 143, 72, 41, 46, 232, 172, 18, 235,
       194, 212, 226, 41, 91, 104, 197, 106, 226, 72, 39, 203, 96, 148,
       34, 202, 20, 16, 123, 33, 128, 53, 7, 207, 97, 148, 47, 226, 51,
       116, 33, 235, 64, 211, 33, 28, 241, 88, 134, 10, 56, 185, 184,
       117, 14, 173, 175, 16, 80, 233, 234, 208, 160, 173, 77, 115, 65,
       116, 203, 231, 96, 116, 228, 123, 62, 211, 65, 149, 53, 120, 232,
       6, 106, 105, 176, 125, 46, 36, 204, 37, 4, 103, 187, 70, 224, 176,
       68, 108, 93, 124, 75, 199, 120, 85, 102, 245, 186, 83, 5, 159, 49,
       88, 152, 71, 106, 104, 246, 109, 31, 103, 139, 225, 177, 119, 169,
       86, 242, 95, 119, 113, 102, 177, 86, 95, 184, 121, 232, 191, 232,
       79, 127, 221, 118, 150, 221, 253, 235, 236, 208, 237, 206, 251,
       253, 165, 199, 102, 183, 38, 119, 188, 4, 126, 225, 214, 99, 89,
       99, 21, 162, 247, 179, 83, 63, 45, 9, 95, 151, 151, 161, 44, 247,
       65, 142, 83, 231, 160, 213, 101, 232, 100, 146, 172, 6, 110, 125,
       100, 122, 252, 50, 80, 206, 247, 147, 211, 45, 191, 75, 89, 174,
       135, 46, 168, 244, 101, 142, 71, 235, 240, 129, 199, 253, 92, 226,
       165, 70, 125, 95, 100, 46, 229, 58, 93, 94, 119, 20, 211, 1, 191,
       111, 73, 76, 6, 46, 232, 244, 109, 12, 68, 186, 112, 4, 86, 249,
       80, 229, 5, 224, 151, 161, 198, 137, 161, 140, 102, 49, 99, 82,
       149, 131, 200, 74, 107, 12, 34, 88, 19, 240, 205, 17, 12, 128, 39,
       68, 224, 139, 193, 160, 63, 117, 113, 103, 243, 95, 87, 184, 113,
       238, 61, 173, 95, 125, 159, 181, 150, 84, 213, 110, 229, 240, 125,
       175, 103, 219, 101, 183, 111, 255, 206, 119, 10, 157, 62, 251,
       245, 245, 184, 231, 31, 25, 94, 19, 172, 190, 32, 96, 237, 59,
       147, 145, 50, 152, 114, 255, 239, 253, 154, 195, 144, 72, 165,
       203, 111, 112, 243, 228, 103, 124, 249, 80, 105, 234, 116, 234,
       29, 159, 215, 190, 190, 245, 247, 223, 133, 118, 226, 192, 87,
       221, 235, 170, 239, 247, 103, 119, 75, 190, 134, 157, 155, 176,
       172, 167, 190, 91, 138, 245, 172, 230, 130, 239, 167, 103, 232,
       133, 119, 205, 167, 255, 172, 54, 94, 155, 136, 84, 169, 93, 46,
       182, 176, 210, 237, 253, 180, 207, 155, 63, 61, 57, 140, 188, 78,
       30, 143, 27, 227, 17, 22, 122, 250, 243, 95, 87, 93, 255, 211, 76,
       207, 223, 206, 52, 182, 48, 233, 124, 92, 131, 187, 191, 166, 61,
       142, 191, 71, 159, 167, 215, 253, 145, 52, 79, 146, 194, 223, 243,
       95, 255, 130, 117, 143, 87, 222, 94, 190, 180, 41, 124, 92, 18,
       185, 222, 182, 61, 110, 63, 3, 223, 231, 245, 253, 7, 40, 71, 243,
       194, 211, 243, 222, 155, 166, 117, 46, 91, 198, 248, 55, 158, 75,
       80, 29, 172, 175, 254, 166, 59, 238, 222, 111, 91, 230, 245, 255,
       195, 101, 71, 171, 225, 149, 114, 95, 59, 2, 52, 165, 87, 42, 143,
       106, 190, 247, 243, 187, 231, 159, 77, 92, 163, 108, 237, 54, 64,
       255, 123, 151, 149, 150, 187, 42, 255, 127, 87, 143, 203, 215, 78,
       181, 219, 32, 163, 252, 115, 217, 233, 85, 79, 42, 53, 45, 24, 38,
       49, 72, 24, 137, 26, 194, 16, 18, 122, 235, 49, 111, 151, 20, 115,
       208, 90, 198, 170, 73, 16, 219, 165, 116, 138, 105, 22, 127, 233,
       87, 228, 159, 19, 146, 112, 118, 141, 60, 29, 137, 156, 197, 79,
       204, 191, 178, 192, 172, 128, 105, 25, 9, 2, 113, 69, 112, 174,
       105, 50, 45, 45, 127, 228, 155, 7, 148, 52, 62, 44, 110, 44, 129,
       184, 101, 93, 70, 252, 34, 192, 111, 130, 67, 241, 79, 159, 249,
       215, 228, 116, 191, 183, 89, 219, 94, 230, 248, 124, 221, 170,
       191, 127, 183, 139, 245, 248, 172, 234, 110, 127, 255, 130, 207,
       254, 217, 253, 205, 49, 61, 113, 235, 120, 145, 168, 248, 210,
       181, 56, 222, 80, 201, 187, 131, 87, 254, 115, 55, 101, 239, 102,
       79, 91, 103, 93, 194, 1, 47, 35, 17, 23, 111, 236, 118, 227, 235,
       89, 69, 200, 255, 230, 83, 77, 184, 96, 126, 164, 31, 188, 185,
       179, 37, 223, 242, 237, 163, 132, 61, 202, 112, 113, 237, 79, 23,
       103, 52, 31, 71, 180, 101, 232, 114, 108, 211, 1, 145, 244, 16,
       196, 76, 110, 233, 180, 109, 46, 164, 255, 37, 148, 74, 179, 82,
       41, 109, 71, 65, 69, 100, 62, 70, 184, 97, 232, 255, 76, 211, 97,
       153, 183, 24, 196, 116, 110, 137, 176, 237, 12, 38, 248, 97, 148,
       75, 255, 90, 37, 220, 124, 253, 93, 59, 122, 151, 130, 250, 59,
       190, 48, 223, 183, 133, 251, 99, 117, 236, 226, 33, 101, 237, 96,
       247, 225, 103, 23, 227, 113, 47, 51, 53, 13, 143, 170, 148, 163,
       194, 200, 22, 1, 219, 66, 115, 224, 41, 64, 88, 234, 2, 250, 59,
       179, 13, 191, 184, 166, 163, 64, 189, 75, 240, 128, 149, 110, 75,
       255, 100, 138, 111, 248, 124, 130, 243, 230, 243, 195, 177, 96,
       122, 236, 46, 238, 233, 246, 207, 235, 180, 174, 231, 136, 45,
       243, 113, 168, 35, 255, 123, 207, 126, 139, 251, 252, 159, 104,
       248, 239, 125, 223, 188, 0, 254, 249, 87, 239, 227, 179, 92, 255,
       118, 60, 175, 168, 93, 154, 99, 185, 104, 236, 148, 248, 169, 173,
       84, 143, 155, 27, 168, 9, 174, 251, 64, 155, 129, 59, 233, 16, 26,
       107, 194, 49, 203, 211, 84, 123, 210, 88, 142, 11, 255, 125, 100,
       76, 205, 85, 222, 238, 203, 222, 188, 15, 42, 156, 119, 183, 201,
       227, 215, 231, 204, 107, 186, 240, 59, 88, 197, 59, 87, 127, 254,
       94, 213, 72, 95, 245, 34, 10, 77, 52, 52, 146, 130, 80, 247, 19,
       129, 123, 102, 244, 124, 238, 105, 197, 81, 40, 224, 171, 102, 16,
       44, 177, 32, 40, 1, 160, 5, 187, 76, 137, 96, 140, 118, 17, 67,
       82, 177, 67, 216, 224, 121, 10, 34, 220, 19, 184, 207, 49, 140,
       160, 178, 68, 56, 139, 241, 160, 75, 179, 175, 92, 185, 246, 25,
       191, 251, 253, 94, 228, 248, 252, 214, 246, 151, 118, 253, 29,
       151, 73, 191, 221, 11, 127, 125, 207, 134, 164, 133, 125, 14, 55,
       186, 177, 226, 34, 188, 83, 59, 191, 95, 183, 204, 175, 234, 74,
       183, 31, 183, 145, 18, 216, 137, 194, 222, 87, 191, 231, 134, 101,
       173, 211, 124, 161, 218, 48, 249, 237, 80, 219, 163, 189, 189, 57,
       31, 247, 74, 154, 175, 147, 229, 144, 26, 75, 138, 18, 219, 199,
       53, 253, 226, 192, 134, 211, 3, 29, 251, 165, 242, 110, 191, 183,
       60, 231, 94, 231, 157, 47, 147, 106, 39, 103, 55, 157, 145, 152,
       53, 202, 108, 47, 190, 128, 173, 240, 129, 249, 138, 157, 58, 250,
       255, 213, 191, 231, 159, 73, 92, 151, 172, 255, 52, 65, 239, 59,
       147, 193, 242, 139, 50, 255, 127, 119, 158, 203, 22, 12, 173, 219,
       200, 240, 110, 123, 105, 197, 61, 247, 182, 95, 85, 181, 189, 215,
       74, 89, 71, 59, 255, 148, 226, 222, 250, 23, 111, 171, 126, 233,
       18, 148, 175, 251, 150, 237, 65, 156, 222, 33, 174, 239, 156, 146,
       152, 215, 104, 238, 125, 3, 127, 99, 27, 167, 113, 71, 30, 218,
       56, 2, 207, 190, 157, 120, 161, 188, 43, 189, 104, 218, 253, 221,
       153, 207, 223, 93, 252, 59, 172, 220, 126, 32, 201, 59, 147, 21,
       182, 106, 122, 247, 127, 93, 156, 251, 215, 12, 222, 223, 10, 175,
