%YAML:1.0
---
descriptors: !!opencv-matrix
   rows: 211
   cols: 32
   dt: u
   data: [ 4, 133, 7, 154, 212, 163, 170, 232, 150, 1, 219, 66, 80, 226,
       40, 64, 120, 107, 42, 242, 50, 155, 11, 253, 56, 38, 143, 64, 144,
       75, 177, 128, 43, 205, 99, 73, 117, 215, 235, 118, 93, 64, 124, 2,
       56, 28, 180, 164, 126, 170, 19, 204, 193, 186, 116, 255, 39, 92,
       130, 160, 87, 140, 114, 252, 94, 103, 241, 230, 176, 58, 94, 184,
       105, 232, 63, 232, 79, 127, 221, 118, 182, 213, 253, 235, 136,
       212, 237, 234, 251, 253, 69, 135, 231, 247, 70, 115, 56, 157, 90,
       238, 245, 199, 86, 247, 5, 72, 254, 7, 123, 125, 32, 80, 252, 243,
       151, 106, 89, 186, 24, 63, 123, 237, 37, 64, 123, 138, 228, 155,
       11, 157, 67, 159, 116, 214, 107, 119, 124, 73, 90, 198, 253, 254,
       176, 228, 118, 47, 22, 141, 149, 152, 53, 255, 44, 62, 170, 192,
       30, 134, 49, 253, 173, 73, 115, 67, 116, 203, 231, 112, 117, 164,
       115, 50, 211, 65, 149, 52, 122, 236, 6, 106, 105, 176, 101, 46,
       36, 204, 37, 4, 103, 187, 66, 160, 184, 68, 108, 93, 124, 75, 213,
       56, 84, 110, 245, 187, 115, 5, 159, 41, 89, 204, 71, 106, 104,
       246, 109, 31, 119, 171, 225, 177, 119, 185, 84, 242, 44, 6, 110,
       93, 100, 62, 249, 50, 84, 158, 127, 19, 211, 105, 191, 75, 89,
       238, 7, 46, 168, 244, 101, 142, 71, 235, 240, 1, 231, 233, 92,
       226, 133, 70, 116, 95, 100, 47, 233, 58, 93, 30, 119, 80, 219, 73,
       191, 111, 65, 68, 22, 46, 225, 244, 109, 204, 4, 186, 114, 4, 94,
       249, 80, 165, 67, 190, 134, 157, 139, 176, 188, 167, 190, 223,
       138, 181, 172, 162, 66, 207, 167, 103, 232, 149, 118, 73, 135,
       235, 172, 54, 95, 155, 136, 84, 171, 95, 218, 83, 127, 228, 47,
       82, 93, 48, 169, 222, 182, 163, 95, 31, 151, 119, 110, 213, 253,
       238, 232, 199, 229, 200, 243, 251, 230, 145, 39, 182, 100, 115,
       42, 182, 176, 83, 233, 253, 180, 207, 27, 63, 61, 57, 140, 253,
       78, 158, 143, 91, 227, 16, 22, 122, 250, 243, 15, 94, 21, 127,
       211, 76, 207, 159, 46, 180, 176, 251, 253, 253, 176, 207, 95, 127,
       61, 57, 140, 252, 110, 140, 223, 27, 243, 17, 54, 120, 90, 211,
       79, 87, 31, 103, 210, 76, 207, 215, 206, 60, 182, 48, 169, 124,
       124, 135, 187, 255, 130, 61, 142, 191, 71, 159, 167, 215, 253, 17,
       54, 79, 154, 226, 223, 243, 95, 239, 138, 117, 143, 87, 222, 216,
       190, 158, 15, 80, 29, 141, 187, 222, 134, 187, 110, 222, 111, 123,
       231, 245, 253, 195, 100, 71, 171, 225, 211, 115, 95, 31, 2, 53,
       173, 95, 157, 99, 239, 229, 166, 10, 109, 125, 117, 234, 214, 238,
       123, 105, 153, 43, 62, 228, 125, 238, 233, 245, 165, 138, 242,
       203, 229, 128, 47, 250, 240, 49, 125, 21, 111, 236, 118, 162, 107,
       121, 69, 200, 255, 230, 113, 123, 189, 113, 126, 164, 63, 174,
       185, 179, 45, 223, 122, 235, 163, 132, 63, 203, 112, 49, 173, 60,
       248, 115, 177, 126, 91, 178, 113, 111, 63, 60, 219, 125, 159, 189,
       151, 86, 213, 46, 185, 244, 125, 174, 79, 223, 116, 149, 230, 247,
       78, 113, 69, 39, 217, 101, 180, 46, 99, 24, 116, 169, 106, 64,
       211, 33, 153, 112, 18, 76, 108, 124, 137, 176, 201, 12, 236, 174,
       37, 68, 232, 227, 66, 33, 6, 173, 238, 191, 214, 197, 239, 247,
       62, 204, 91, 131, 125, 255, 55, 64, 127, 235, 55, 203, 210, 248,
       174, 255, 127, 47, 175, 128, 165, 250, 181, 203, 42, 224, 112,
       136, 109, 221, 184, 72, 143, 53, 177, 11, 140, 158, 118, 142, 202,
       145, 223, 17, 6, 42, 218, 209, 157, 16, 154, 127, 86, 12, 79, 135,
       73, 128, 217, 161, 116, 138, 105, 18, 127, 105, 87, 228, 183, 3,
       146, 112, 102, 173, 62, 29, 135, 156, 197, 95, 206, 253, 50, 192,
       172, 136, 73, 25, 191, 87, 255, 245, 246, 62, 239, 255, 61, 235,
       254, 118, 223, 47, 156, 123, 127, 215, 127, 168, 241, 254, 97,
       234, 254, 255, 246, 132, 239, 249, 225, 177, 53, 239, 207, 127,
       148, 142, 111, 253, 118, 169, 251, 70, 115, 97, 153, 112, 127,
       238, 46, 254, 251, 248, 13, 63, 252, 174, 165, 196, 173, 251, 240,
       41, 15, 90, 123, 235, 100, 173, 127, 208, 13, 79, 125, 228, 189,
       151, 173, 12, 206, 59, 23, 94, 131, 148, 40, 224, 70, 221, 58,
       136, 158, 219, 225, 241, 7, 253, 91, 175, 126, 143, 251, 252, 174,
       224, 120, 230, 253, 223, 176, 32, 126, 249, 87, 223, 195, 186, 94,
       255, 124, 156, 175, 232, 61, 186, 35, 185, 15, 95, 251, 215, 228,
       116, 191, 151, 88, 203, 94, 230, 253, 124, 223, 170, 255, 95, 23,
       155, 213, 240, 172, 226, 110, 31, 254, 128, 143, 255, 249, 253,
       75, 190, 253, 215, 190, 220, 253, 183, 255, 255, 30, 244, 253,
       255, 214, 118, 135, 119, 255, 29, 183, 88, 239, 243, 238, 255,
       127, 226, 134, 228, 7, 127, 133, 207, 95, 239, 126, 139, 238, 252,
       158, 8, 90, 230, 253, 195, 184, 96, 126, 105, 30, 238, 227, 176,
       79, 255, 252, 137, 175, 168, 124, 187, 97, 169, 255, 191, 126,
       236, 125, 93, 95, 251, 143, 204, 252, 237, 123, 253, 255, 182,
       223, 249, 253, 100, 239, 35, 242, 223, 251, 249, 165, 191, 95,
       172, 126, 127, 129, 207, 95, 239, 126, 139, 111, 252, 118, 128,
       122, 230, 243, 195, 185, 97, 126, 236, 46, 238, 225, 180, 79, 255,
       228, 168, 231, 128, 60, 187, 97, 169, 255, 123, 237, 99, 32, 73,
       92, 144, 107, 124, 119, 237, 123, 93, 223, 59, 166, 189, 245, 199,
       207, 212, 239, 128, 134, 249, 101, 130, 111, 182, 74, 85, 200,
       242, 254, 127, 105, 212, 121, 31, 182, 95, 85, 181, 189, 223, 10,
       219, 7, 59, 255, 140, 227, 68, 250, 147, 71, 235, 252, 137, 46,
       148, 174, 251, 150, 213, 86, 235, 190, 163, 190, 232, 189, 16,
       219, 179, 108, 126, 44, 65, 246, 211, 191, 227, 112, 129, 11, 253,
       185, 248, 203, 199, 53, 67, 161, 23, 204, 252, 253, 93, 59, 114,
       151, 138, 250, 59, 172, 48, 217, 55, 133, 251, 67, 85, 236, 226,
       43, 97, 233, 97, 231, 233, 99, 23, 243, 241, 39, 35, 109, 71, 1,
       5, 100, 62, 70, 184, 97, 232, 63, 76, 211, 97, 153, 183, 16, 196,
       108, 110, 201, 176, 205, 12, 166, 248, 101, 148, 74, 255, 82, 37,
       154, 221, 127, 222, 55, 210, 191, 247, 189, 78, 94, 167, 44, 254,
       166, 100, 230, 123, 191, 193, 230, 157, 50, 239, 115, 127, 222,
       131, 55, 20, 165, 95, 22, 147, 197, 187, 170, 98, 31, 185, 22, 63,
       219, 246, 209, 103, 137, 74, 95, 215, 61, 179, 185, 192, 79, 117,
       200, 166, 255, 196, 188, 243, 164, 49, 66, 188, 148, 154, 137,
       189, 148, 143, 190, 27, 128, 29, 172, 242, 98, 143, 129, 115, 232,
       17, 54, 73, 154, 49, 137, 83, 95, 123, 152, 68, 139, 15, 125, 107,
       131, 7, 65, 15, 102, 224, 100, 160, 235, 76, 66, 193, 73, 148,
       120, 204, 106, 106, 73, 178, 217, 42, 52, 164, 5, 52, 107, 59, 66,
       160, 124, 173, 140, 53, 155, 59, 6, 175, 178, 183, 138, 157, 227,
       232, 74, 146, 145, 231, 232, 21, 60, 75, 207, 43, 184, 231, 93,
       55, 233, 116, 154, 14, 133, 70, 126, 83, 100, 107, 225, 240, 253,
       158, 119, 48, 211, 65, 191, 63, 59, 72, 70, 46, 224, 244, 45, 110,
       70, 155, 113, 4, 67, 249, 71, 225, 149, 205, 91, 243, 148, 46,
       230, 167, 124, 67, 123, 18, 211, 56, 25, 105, 121, 206, 14, 58,
       251, 188, 121, 230, 237, 175, 182, 68, 233, 219, 240, 40, 17, 197,
       95, 109, 178, 14, 110, 55, 100, 32, 106, 68, 247, 51, 128, 112,
       54, 102, 28, 44, 217, 152, 5, 15, 164, 174, 36, 64, 40, 178, 129,
       41, 42, 143, 106, 186, 247, 243, 187, 231, 159, 77, 92, 163, 108,
       237, 54, 64, 255, 251, 151, 149, 150, 187, 42, 255, 123, 87, 142,
       203, 215, 78, 181, 251, 91, 151, 125, 173, 162, 58, 57, 55, 105,
       89, 126, 231, 189, 47, 146, 115, 38, 151, 125, 141, 145, 248, 165,
       229, 238, 233, 122, 192, 110, 192, 163, 121, 75, 159, 125, 127,
       178, 168, 57, 55, 109, 89, 126, 229, 189, 63, 130, 113, 166, 51,
       189, 5, 151, 24, 103, 245, 238, 251, 122, 194, 190, 128, 135, 123,
       123, 23, 111, 233, 246, 35, 233, 123, 101, 201, 255, 246, 81, 63,
