%YAML:1.0
---
descriptors: !!opencv-matrix
   rows: 175
   cols: 32
   dt: u
   data: [ 63, 25, 114, 202, 119, 151, 122, 240, 109, 72, 245, 102, 104,
       217, 191, 244, 254, 184, 151, 222, 207, 178, 44, 232, 54, 93, 130,
       131, 127, 143, 120, 189, 126, 113, 54, 204, 73, 213, 26, 200, 175,
       156, 244, 11, 78, 207, 111, 214, 252, 253, 255, 226, 76, 3, 250,
       209, 243, 241, 139, 191, 19, 63, 47, 246, 24, 185, 19, 240, 201,
       221, 84, 71, 171, 85, 44, 25, 174, 159, 96, 144, 161, 187, 221, 0,
       94, 43, 146, 241, 219, 209, 20, 123, 194, 4, 143, 219, 66, 96,
       135, 157, 30, 139, 168, 72, 158, 176, 66, 66, 228, 232, 113, 66,
       115, 109, 107, 113, 2, 209, 139, 221, 12, 34, 207, 12, 20, 43, 17,
       128, 4, 140, 134, 151, 213, 143, 166, 233, 158, 147, 66, 18, 228,
       226, 41, 75, 121, 110, 34, 18, 112, 248, 11, 127, 45, 6, 223, 64,
       128, 120, 177, 136, 100, 140, 131, 158, 220, 131, 166, 234, 22,
       162, 224, 26, 96, 226, 41, 81, 121, 238, 34, 186, 112, 107, 10,
       63, 61, 6, 223, 108, 145, 104, 112, 128, 221, 238, 245, 215, 244,
       14, 238, 189, 127, 250, 186, 222, 255, 107, 152, 107, 127, 231,
       127, 239, 251, 248, 223, 239, 252, 191, 255, 212, 239, 250, 209,
       49, 221, 88, 255, 237, 36, 110, 107, 18, 116, 202, 246, 70, 243,
       55, 177, 123, 98, 228, 61, 238, 169, 244, 245, 42, 214, 235, 226,
       128, 44, 249, 112, 113, 85, 81, 75, 175, 86, 70, 239, 248, 52,
       224, 91, 199, 81, 103, 57, 64, 118, 237, 63, 239, 193, 144, 29,
       78, 116, 172, 175, 132, 45, 179, 33, 240, 40, 141, 59, 253, 85,
       239, 241, 103, 30, 69, 108, 18, 189, 191, 50, 96, 217, 59, 19, 8,
       50, 184, 112, 191, 103, 255, 18, 65, 115, 8, 229, 234, 56, 29,
       123, 238, 20, 230, 255, 114, 212, 200, 254, 6, 119, 247, 32, 96,
       124, 254, 151, 234, 201, 187, 48, 191, 243, 239, 163, 8, 59, 234,
       116, 251, 139, 187, 253, 253, 62, 159, 249, 187, 255, 248, 118,
       228, 255, 255, 156, 114, 183, 189, 127, 29, 227, 252, 247, 223,
       206, 255, 111, 198, 94, 164, 65, 125, 17, 29, 94, 173, 178, 134,
       94, 116, 197, 200, 222, 230, 247, 99, 177, 64, 118, 239, 31, 232,
       221, 153, 85, 60, 250, 237, 38, 208, 60, 138, 168, 25, 239, 255,
       237, 247, 236, 122, 254, 191, 255, 251, 190, 246, 217, 191, 214,
       235, 239, 199, 127, 159, 255, 126, 239, 226, 190, 223, 255, 244,
       143, 253, 251, 253, 149, 205, 238, 222, 212, 39, 111, 252, 86,
       234, 95, 82, 81, 243, 185, 112, 127, 255, 55, 251, 249, 211, 45,
       126, 121, 14, 239, 196, 189, 243, 240, 161, 79, 189, 228, 247,
       173, 189, 127, 183, 251, 251, 188, 237, 253, 255, 223, 191, 143,
       255, 255, 223, 223, 75, 235, 241, 238, 223, 255, 242, 142, 247,
       211, 125, 143, 159, 239, 159, 246, 166, 239, 254, 54, 223, 95,
       247, 253, 238, 190, 73, 127, 239, 55, 159, 182, 222, 46, 255, 254,
       239, 255, 196, 165, 255, 161, 249, 48, 81, 107, 236, 86, 194, 91,
       124, 4, 204, 223, 163, 81, 95, 176, 64, 126, 245, 31, 234, 201,
       147, 33, 30, 241, 173, 171, 128, 53, 187, 116, 115, 253, 113, 255,
       229, 45, 14, 95, 248, 97, 234, 183, 76, 91, 121, 83, 123, 92, 196,
       125, 110, 200, 243, 249, 136, 251, 233, 229, 20, 107, 187, 82, 98,
       149, 221, 173, 55, 182, 46, 199, 190, 86, 234, 90, 118, 243, 120,
       153, 33, 61, 230, 52, 111, 249, 240, 125, 63, 236, 46, 229, 196,
       237, 251, 208, 57, 254, 113, 102, 206, 239, 87, 222, 252, 205,
       236, 180, 175, 106, 220, 55, 167, 238, 245, 223, 231, 236, 35,
       126, 252, 51, 88, 207, 187, 87, 190, 254, 223, 13, 173, 107, 79,
       214, 191, 239, 191, 118, 66, 254, 198, 249, 237, 180, 96, 63, 238,
       95, 174, 209, 184, 109, 127, 110, 239, 167, 132, 255, 250, 209,
       248, 133, 189, 175, 63, 156, 239, 231, 191, 118, 251, 90, 84, 241,
       248, 219, 96, 115, 110, 126, 141, 245, 252, 223, 127, 108, 46,
       119, 192, 236, 240, 177, 157, 244, 237, 129, 150, 157, 71, 134,
       236, 242, 250, 169, 75, 114, 252, 93, 179, 249, 214, 92, 247, 123,
       99, 154, 127, 185, 6, 207, 124, 193, 115, 242, 50, 187, 23, 239,
       245, 230, 43, 237, 127, 61, 234, 254, 246, 91, 47, 158, 91, 127,
       199, 127, 172, 185, 247, 101, 206, 246, 239, 247, 132, 239, 248,
       226, 241, 54, 109, 98, 204, 215, 211, 79, 226, 21, 160, 206, 130,
       83, 225, 53, 164, 122, 238, 19, 110, 88, 179, 85, 174, 119, 44,
       133, 1, 39, 255, 116, 160, 206, 189, 190, 158, 251, 219, 182, 238,
       191, 255, 214, 57, 236, 254, 111, 75, 251, 127, 251, 83, 118, 235,
       139, 255, 255, 119, 95, 127, 128, 117, 175, 223, 56, 223, 122,
       238, 55, 87, 95, 249, 5, 76, 254, 167, 75, 253, 42, 68, 254, 253,
       159, 227, 204, 179, 41, 188, 243, 253, 167, 147, 119, 190, 244,
       243, 218, 248, 146, 176, 171, 252, 20, 198, 187, 210, 160, 25,
       174, 159, 99, 219, 163, 187, 249, 16, 36, 79, 146, 242, 211, 211,
       94, 59, 130, 84, 47, 26, 53, 98, 73, 109, 14, 3, 71, 248, 67, 176,
       181, 238, 83, 65, 217, 49, 120, 204, 70, 238, 201, 103, 239, 25,
       208, 137, 225, 60, 125, 187, 114, 160, 126, 113, 50, 204, 105,
       221, 87, 232, 173, 204, 180, 11, 110, 222, 47, 180, 252, 249, 223,
       227, 76, 35, 250, 216, 243, 209, 131, 59, 83, 63, 46, 119, 33,
       235, 91, 234, 116, 133, 107, 244, 86, 8, 116, 70, 51, 195, 176,
       64, 126, 168, 6, 206, 202, 186, 46, 63, 118, 141, 162, 232, 117,
       155, 112, 169, 63, 122, 118, 251, 109, 223, 255, 216, 95, 126,
       244, 167, 237, 222, 191, 236, 255, 253, 255, 199, 206, 183, 107,
       251, 182, 255, 207, 179, 31, 191, 109, 223, 49, 69, 107, 76, 86,
       3, 199, 120, 84, 192, 250, 66, 83, 72, 181, 228, 120, 172, 6, 239,
       201, 179, 101, 30, 48, 44, 161, 20, 125, 171, 112, 164, 8, 156,
       58, 249, 85, 245, 241, 103, 94, 5, 108, 18, 188, 191, 34, 96, 249,
       58, 147, 24, 18, 184, 50, 255, 79, 191, 18, 67, 147, 8, 245, 234,
       55, 71, 106, 172, 84, 2, 238, 120, 149, 132, 219, 199, 65, 200,
       191, 192, 120, 236, 23, 239, 232, 147, 4, 142, 114, 109, 171, 128,
       53, 191, 120, 192, 56, 29, 123, 238, 22, 243, 95, 118, 148, 64,
       254, 2, 123, 255, 32, 96, 126, 251, 159, 224, 89, 187, 48, 191,
       243, 239, 162, 1, 55, 138, 100, 250, 58, 223, 107, 222, 254, 215,
       191, 246, 159, 108, 254, 239, 104, 236, 183, 64, 254, 251, 151,
       195, 238, 187, 44, 255, 127, 63, 174, 147, 87, 221, 116, 255, 120,
       221, 30, 238, 29, 206, 87, 113, 229, 136, 238, 8, 127, 255, 32,
       112, 248, 247, 253, 98, 105, 163, 58, 63, 243, 239, 37, 27, 120,
       58, 100, 58, 43, 253, 58, 94, 85, 149, 254, 246, 223, 77, 252, 4,
       168, 251, 54, 164, 201, 234, 130, 206, 239, 59, 58, 255, 43, 223,
       150, 43, 91, 31, 234, 222, 79, 191, 253, 247, 252, 154, 253, 183,
       127, 251, 190, 230, 253, 111, 215, 127, 239, 119, 127, 25, 247,
       248, 239, 225, 174, 255, 255, 240, 142, 220, 211, 253, 75, 186,
       245, 213, 124, 156, 249, 178, 255, 89, 182, 236, 188, 255, 214,
       246, 167, 123, 255, 157, 135, 104, 226, 245, 206, 255, 255, 250,
       142, 132, 83, 253, 15, 156, 231, 191, 244, 162, 235, 249, 30, 202,
       82, 230, 253, 239, 177, 105, 255, 111, 55, 157, 161, 211, 46, 255,
       254, 255, 239, 192, 151, 237, 49, 241, 5, 142, 187, 254, 244, 163,
       239, 242, 222, 202, 90, 242, 254, 236, 181, 96, 255, 107, 23, 91,
       162, 187, 10, 255, 248, 190, 175, 200, 148, 251, 113, 161, 72, 50,
       156, 245, 104, 108, 121, 18, 58, 191, 38, 185, 159, 183, 66, 90,
       135, 157, 109, 16, 0, 84, 211, 64, 207, 243, 123, 173, 128, 224,
       7, 115, 122, 233, 151, 170, 9, 201, 82, 200, 139, 21, 168, 9, 46,
       223, 96, 146, 200, 241, 233, 83, 78, 11, 218, 177, 155, 209, 141,
       123, 16, 14, 46, 10, 229, 223, 201, 245, 244, 38, 111, 191, 50,
       234, 90, 246, 113, 99, 153, 112, 125, 206, 52, 174, 249, 212, 253,
       63, 108, 175, 229, 132, 173, 248, 208, 177, 28, 87, 107, 231, 54,
