%YAML:1.0
---
descriptors: !!opencv-matrix
   rows: 227
   cols: 32
   dt: u
   data: [ 48, 83, 107, 172, 54, 195, 219, 124, 196, 68, 222, 167, 83,
       205, 50, 64, 126, 253, 31, 239, 216, 179, 36, 158, 243, 173, 170,
       145, 117, 155, 244, 243, 249, 221, 95, 172, 54, 14, 111, 189, 100,
       200, 242, 108, 87, 35, 160, 81, 118, 228, 108, 110, 233, 147, 17,
       12, 242, 235, 100, 148, 44, 178, 160, 25, 142, 249, 182, 219, 237,
       213, 190, 204, 159, 221, 212, 39, 236, 254, 127, 207, 239, 123,
       255, 211, 199, 123, 186, 241, 63, 91, 207, 239, 151, 93, 189, 223,
       33, 119, 123, 65, 116, 11, 107, 120, 116, 132, 126, 238, 83, 5,
       144, 52, 126, 156, 6, 122, 201, 178, 101, 12, 108, 172, 36, 132,
       101, 138, 70, 161, 21, 140, 134, 151, 150, 139, 38, 232, 86, 179,
       66, 2, 240, 224, 169, 101, 121, 110, 34, 122, 50, 240, 15, 63, 44,
       38, 215, 68, 176, 122, 49, 172, 48, 161, 142, 156, 28, 3, 194,
       104, 86, 160, 243, 10, 99, 224, 0, 1, 25, 236, 106, 105, 40, 243,
       203, 31, 152, 166, 205, 60, 101, 42, 114, 0, 66, 32, 87, 137, 110,
       11, 168, 72, 110, 160, 210, 203, 204, 200, 117, 64, 242, 13, 123,
       101, 0, 211, 199, 208, 20, 56, 11, 46, 20, 8, 49, 128, 4, 140,
       134, 151, 149, 139, 38, 233, 158, 179, 66, 18, 228, 226, 41, 201,
       121, 110, 34, 18, 48, 216, 27, 127, 44, 6, 87, 64, 128, 120, 161,
       136, 228, 140, 131, 158, 220, 163, 166, 234, 22, 130, 72, 90, 97,
       226, 41, 65, 121, 106, 34, 42, 112, 74, 138, 63, 60, 166, 199,
       108, 144, 120, 49, 160, 2, 160, 150, 189, 31, 139, 168, 72, 190,
       177, 82, 2, 236, 232, 116, 66, 179, 109, 123, 17, 2, 249, 139,
       221, 28, 50, 79, 110, 21, 40, 49, 128, 66, 32, 38, 168, 111, 139,
       184, 73, 175, 33, 210, 139, 140, 217, 116, 70, 230, 61, 123, 21,
       2, 67, 131, 209, 149, 56, 11, 250, 20, 12, 49, 135, 4, 140, 134,
       151, 209, 139, 166, 168, 62, 147, 66, 18, 228, 226, 41, 77, 113,
       110, 34, 82, 114, 216, 27, 127, 45, 38, 95, 71, 128, 123, 161,
       138, 14, 188, 190, 159, 253, 255, 182, 238, 191, 255, 215, 49,
       236, 254, 111, 203, 255, 127, 251, 83, 118, 203, 219, 255, 255,
       119, 95, 223, 150, 125, 173, 223, 36, 172, 148, 158, 220, 137, 38,
       232, 94, 179, 96, 26, 228, 224, 105, 81, 217, 106, 34, 115, 118,
       114, 202, 63, 60, 6, 87, 109, 144, 120, 129, 136, 11, 218, 183,
       217, 125, 157, 233, 215, 223, 93, 120, 68, 188, 222, 244, 228,
       207, 59, 55, 13, 131, 248, 114, 245, 15, 222, 186, 232, 86, 152,
       161, 249, 17, 29, 94, 172, 178, 134, 78, 117, 229, 200, 218, 70,
       119, 99, 176, 64, 118, 245, 30, 237, 221, 137, 21, 60, 250, 237,
       38, 208, 60, 170, 160, 25, 36, 164, 148, 156, 220, 139, 128, 232,
       158, 177, 240, 10, 230, 224, 76, 5, 153, 237, 98, 49, 42, 115,
       203, 93, 188, 22, 79, 126, 209, 40, 67, 128, 49, 217, 90, 234, 52,
       135, 74, 208, 7, 0, 220, 70, 51, 217, 176, 64, 126, 184, 22, 218,
       74, 187, 24, 191, 250, 205, 163, 200, 61, 138, 120, 136, 40, 140,
       59, 251, 85, 239, 241, 119, 94, 65, 108, 2, 188, 159, 50, 96, 217,
       58, 19, 8, 51, 184, 112, 191, 103, 255, 18, 65, 83, 8, 229, 234,
       71, 254, 248, 254, 252, 173, 255, 252, 191, 223, 181, 124, 253,
       255, 223, 123, 215, 243, 255, 199, 179, 107, 234, 251, 254, 223,
       127, 250, 158, 253, 131, 117, 219, 253, 253, 247, 188, 126, 255,
       255, 127, 251, 190, 254, 155, 191, 212, 235, 111, 215, 127, 159,
       251, 107, 253, 226, 190, 219, 255, 244, 175, 221, 243, 121, 56,
       29, 123, 254, 21, 246, 255, 114, 213, 72, 254, 2, 127, 255, 33,
       96, 124, 250, 151, 226, 217, 187, 58, 191, 251, 239, 35, 73, 121,
       170, 100, 243, 79, 189, 229, 243, 188, 253, 127, 183, 187, 251,
       188, 173, 255, 255, 222, 191, 143, 251, 255, 159, 247, 74, 254,
       245, 239, 223, 255, 250, 142, 212, 199, 125, 75, 190, 253, 243,
       190, 220, 253, 182, 255, 127, 22, 244, 189, 191, 222, 111, 167,
       87, 255, 29, 183, 88, 239, 243, 238, 255, 126, 226, 134, 212, 135,
       125, 133, 188, 174, 63, 156, 175, 231, 191, 118, 251, 90, 119,
       241, 248, 219, 105, 115, 110, 122, 143, 245, 252, 223, 127, 108,
       46, 119, 196, 236, 240, 177, 213, 27, 79, 122, 223, 23, 159, 254,
       242, 93, 76, 92, 66, 111, 232, 183, 228, 126, 235, 22, 79, 229,
       184, 47, 255, 54, 127, 6, 0, 127, 255, 121, 205, 159, 60, 118,
       239, 125, 119, 251, 208, 125, 206, 255, 183, 77, 191, 183, 228,
       254, 223, 255, 207, 172, 243, 127, 238, 215, 255, 186, 131, 135,
       215, 108, 255, 54, 111, 35, 222, 248, 211, 15, 232, 151, 142, 220,
       171, 97, 238, 237, 96, 221, 251, 183, 226, 108, 19, 110, 191, 187,
       86, 175, 185, 21, 255, 180, 180, 28, 221, 58, 126, 189, 207, 86,
       240, 253, 8, 252, 0, 127, 255, 33, 112, 216, 250, 95, 74, 121,
       171, 58, 63, 243, 239, 36, 26, 120, 123, 42, 59, 122, 111, 224, 4,
       139, 81, 87, 230, 193, 230, 172, 141, 43, 172, 87, 182, 136, 230,
       205, 102, 204, 43, 246, 168, 251, 221, 69, 59, 99, 246, 94, 94,
       231, 222, 205, 215, 244, 38, 111, 191, 22, 250, 90, 246, 112, 103,
       157, 113, 117, 110, 55, 174, 241, 220, 251, 63, 44, 46, 237, 196,
       173, 251, 208, 49, 155, 31, 126, 231, 245, 127, 122, 121, 125,
       236, 255, 187, 95, 189, 182, 241, 254, 223, 255, 167, 188, 251,
       45, 206, 247, 251, 235, 135, 7, 239, 237, 211, 82, 172, 149, 186,
       141, 233, 20, 199, 159, 55, 136, 9, 174, 252, 64, 207, 129, 243,
       233, 17, 30, 75, 218, 241, 153, 82, 95, 123, 144, 92, 149, 78,
       181, 221, 121, 102, 182, 111, 207, 252, 84, 234, 251, 122, 83,
       125, 153, 33, 95, 214, 86, 111, 249, 178, 125, 46, 248, 143, 101,
       148, 237, 251, 208, 33, 253, 81, 127, 228, 44, 14, 79, 248, 225,
       232, 183, 76, 83, 121, 57, 123, 220, 196, 125, 110, 233, 227, 249,
       168, 243, 235, 229, 20, 99, 251, 82, 99, 252, 205, 255, 111, 190,
       107, 222, 252, 87, 166, 255, 155, 99, 237, 27, 80, 95, 206, 127,
       110, 124, 247, 255, 191, 122, 239, 69, 21, 247, 251, 228, 64, 73,
       157, 145, 127, 249, 253, 84, 31, 91, 121, 108, 24, 190, 183, 66,
       254, 129, 78, 250, 24, 55, 120, 243, 179, 175, 255, 20, 123, 218,
       76, 141, 111, 109, 112, 189, 245, 109, 13, 113, 216, 235, 190,
       180, 8, 159, 209, 73, 59, 137, 76, 110, 78, 129, 103, 242, 128,
       215, 219, 117, 60, 66, 249, 66, 163, 212, 66, 12, 165, 44, 78, 85,
       56, 32, 190, 151, 145, 215, 39, 3, 75, 108, 212, 109, 107, 104,
       229, 65, 12, 209, 227, 97, 148, 96, 185, 6, 67, 244, 237, 129,
       150, 157, 71, 134, 236, 186, 250, 169, 75, 114, 254, 77, 147, 249,
       211, 92, 231, 123, 103, 154, 127, 185, 6, 207, 60, 209, 115, 243,
       50, 149, 197, 238, 94, 244, 38, 111, 252, 118, 162, 93, 18, 113,
       115, 185, 113, 127, 207, 55, 239, 249, 212, 45, 127, 248, 175,
       239, 196, 189, 243, 241, 160, 85, 81, 75, 167, 86, 6, 239, 56, 52,
       232, 91, 198, 85, 103, 185, 64, 118, 237, 55, 239, 225, 144, 29,
       14, 244, 172, 175, 132, 45, 179, 33, 177, 217, 76, 111, 253, 36,
       102, 109, 50, 244, 202, 214, 70, 243, 51, 177, 123, 98, 228, 61,
       238, 233, 149, 37, 170, 210, 235, 226, 128, 45, 249, 112, 121, 63,
       19, 115, 202, 119, 223, 122, 208, 109, 72, 255, 110, 106, 223,
       189, 244, 126, 185, 151, 218, 203, 178, 44, 248, 54, 92, 134, 130,
       127, 142, 104, 189, 120, 81, 107, 236, 54, 66, 95, 124, 4, 164,
       223, 163, 87, 63, 32, 80, 126, 245, 61, 226, 72, 147, 57, 12, 241,
       225, 171, 133, 53, 187, 116, 251, 9, 110, 174, 212, 85, 156, 238,
       246, 237, 194, 110, 70, 189, 233, 117, 167, 164, 105, 115, 79,
       193, 253, 178, 232, 55, 89, 134, 8, 67, 189, 123, 172, 223, 94,
       107, 7, 99, 94, 255, 56, 121, 238, 247, 231, 120, 124, 159, 183,
       62, 213, 245, 239, 237, 244, 189, 202, 86, 121, 233, 134, 111,
       230, 126, 125, 185, 229, 127, 105, 20, 203, 71, 125, 68, 0, 244,
       74, 115, 69, 176, 33, 122, 186, 76, 104, 251, 171, 101, 29, 249,
