%YAML:1.0
---
descriptors: !!opencv-matrix
   rows: 211
   cols: 32
   dt: u
   data: [ 216, 120, 58, 248, 59, 200, 17, 71, 169, 13, 164, 57, 47, 159,
       96, 16, 162, 187, 205, 144, 10, 15, 146, 211, 211, 213, 26, 43,
       50, 4, 167, 123, 125, 69, 68, 71, 148, 26, 70, 184, 116, 162, 171,
       72, 83, 97, 153, 244, 16, 196, 108, 110, 105, 160, 77, 46, 170,
       174, 37, 20, 107, 251, 88, 32, 32, 253, 24, 92, 185, 221, 84, 175,
       159, 25, 172, 8, 162, 177, 4, 180, 137, 58, 202, 0, 122, 42, 114,
       63, 43, 214, 20, 59, 82, 72, 222, 46, 40, 187, 123, 233, 244, 205,
       243, 247, 239, 73, 124, 96, 182, 253, 240, 32, 206, 58, 23, 89,
       211, 184, 114, 253, 111, 156, 39, 232, 214, 138, 215, 251, 33,
       133, 107, 75, 244, 243, 231, 255, 70, 69, 252, 34, 146, 60, 190,
       100, 91, 218, 22, 125, 219, 186, 125, 183, 109, 60, 54, 68, 213,
       218, 244, 236, 90, 185, 186, 188, 43, 204, 17, 71, 171, 85, 230,
       57, 190, 151, 98, 82, 166, 183, 253, 144, 90, 77, 178, 193, 211,
       245, 26, 91, 2, 4, 167, 123, 8, 185, 187, 121, 248, 237, 121, 215,
       238, 29, 124, 45, 189, 255, 98, 48, 167, 59, 87, 17, 146, 56, 178,
       113, 111, 221, 54, 232, 208, 194, 135, 251, 80, 45, 142, 188, 24,
       171, 64, 71, 166, 33, 234, 11, 166, 162, 0, 80, 104, 166, 106,
       144, 26, 139, 195, 127, 153, 166, 154, 81, 161, 72, 32, 10, 58,
       207, 98, 174, 114, 147, 238, 229, 21, 4, 120, 171, 41, 207, 182,
       212, 126, 235, 135, 238, 78, 154, 4, 255, 54, 100, 174, 169, 55,
       158, 238, 220, 5, 177, 153, 243, 252, 172, 169, 95, 46, 185, 89,
       64, 148, 179, 64, 106, 229, 31, 55, 25, 147, 88, 154, 64, 205,
       172, 63, 224, 136, 74, 129, 161, 66, 172, 186, 251, 232, 236, 121,
       135, 191, 95, 108, 17, 188, 255, 70, 88, 167, 127, 127, 21, 22,
       88, 154, 241, 207, 255, 126, 235, 144, 192, 175, 219, 149, 133,
       31, 235, 146, 139, 110, 240, 116, 0, 99, 82, 213, 227, 168, 97,
       50, 44, 34, 106, 113, 176, 29, 63, 236, 175, 99, 68, 56, 131, 161,
       160, 194, 140, 190, 251, 173, 244, 56, 135, 191, 31, 82, 49, 172,
       254, 118, 107, 227, 115, 191, 17, 54, 93, 163, 243, 143, 123, 94,
       203, 144, 68, 173, 79, 131, 158, 126, 177, 174, 191, 176, 39, 188,
       87, 114, 245, 230, 60, 6, 107, 231, 55, 255, 1, 181, 252, 115,
       127, 143, 51, 122, 195, 204, 72, 141, 95, 61, 27, 110, 254, 108,
       179, 95, 112, 197, 206, 222, 166, 113, 231, 179, 96, 126, 160, 63,
       110, 200, 163, 38, 172, 82, 237, 226, 137, 54, 251, 120, 81, 180,
       37, 18, 185, 221, 169, 224, 65, 252, 1, 235, 18, 130, 192, 44, 80,
       248, 170, 74, 24, 62, 187, 83, 87, 157, 164, 130, 88, 241, 9, 251,
       134, 45, 48, 228, 80, 233, 253, 209, 82, 227, 253, 180, 45, 10,
       172, 214, 190, 141, 2, 196, 28, 159, 107, 246, 128, 27, 91, 85,
       123, 203, 205, 78, 215, 63, 48, 104, 69, 117, 22, 249, 121, 113,
       232, 246, 198, 89, 125, 159, 52, 126, 140, 23, 173, 237, 178, 117,
       206, 87, 127, 171, 132, 111, 164, 122, 245, 36, 96, 209, 217, 223,
       169, 224, 74, 239, 1, 233, 26, 134, 195, 109, 220, 120, 137, 74,
       144, 2, 51, 82, 210, 149, 148, 130, 126, 241, 89, 99, 162, 10,
       121, 54, 129, 109, 221, 188, 199, 175, 88, 92, 1, 172, 158, 103,
       142, 166, 57, 219, 81, 70, 24, 146, 241, 135, 16, 90, 171, 22, 20,
       15, 207, 63, 101, 99, 199, 245, 23, 239, 248, 85, 238, 223, 131,
       73, 109, 191, 164, 127, 204, 31, 239, 233, 178, 109, 254, 63, 94,
       143, 166, 39, 255, 116, 245, 11, 50, 29, 241, 108, 141, 185, 87,
       142, 57, 84, 120, 156, 155, 208, 42, 206, 57, 95, 25, 3, 28, 98,
       209, 69, 153, 186, 234, 20, 136, 1, 169, 84, 96, 130, 185, 79,
       169, 96, 200, 166, 50, 226, 10, 134, 195, 73, 88, 121, 136, 106,
       146, 10, 55, 203, 81, 149, 132, 155, 45, 33, 25, 34, 130, 10, 152,
       178, 147, 99, 248, 56, 67, 190, 93, 82, 51, 172, 158, 102, 204,
       166, 59, 179, 17, 150, 220, 2, 225, 7, 114, 90, 195, 134, 4, 173,
       207, 2, 26, 182, 157, 19, 240, 184, 7, 125, 7, 82, 51, 172, 190,
       36, 204, 230, 59, 163, 145, 182, 220, 19, 239, 7, 126, 90, 195,
       134, 4, 45, 159, 208, 149, 61, 254, 184, 78, 85, 55, 160, 93, 134,
       57, 247, 55, 2, 83, 133, 151, 125, 1, 120, 203, 243, 61, 233, 227,
       120, 208, 0, 32, 135, 123, 62, 249, 34, 238, 221, 209, 214, 232,
       131, 128, 221, 139, 107, 221, 113, 132, 88, 248, 147, 243, 74, 35,
       218, 189, 123, 85, 141, 59, 119, 63, 126, 178, 212, 57, 251, 102,
       144, 73, 83, 80, 176, 228, 167, 9, 119, 245, 67, 18, 48, 252, 77,
       90, 8, 227, 184, 42, 251, 193, 37, 57, 225, 171, 70, 122, 35, 54,
       226, 209, 117, 177, 184, 66, 95, 227, 124, 183, 8, 136, 247, 172,
       255, 11, 147, 149, 150, 190, 36, 194, 30, 92, 154, 227, 223, 77,
       122, 215, 48, 237, 90, 250, 124, 203, 85, 103, 63, 165, 168, 41,
       183, 155, 0, 17, 203, 187, 79, 0, 106, 43, 65, 61, 251, 150, 20,
       121, 112, 136, 198, 138, 72, 249, 241, 70, 61, 213, 178, 240, 195,
       185, 188, 10, 184, 221, 69, 162, 172, 85, 249, 82, 66, 43, 186,
       245, 123, 221, 5, 123, 67, 142, 76, 43, 137, 156, 29, 127, 180,
       190, 110, 183, 125, 10, 102, 84, 255, 51, 128, 113, 55, 34, 20,
       170, 241, 188, 17, 127, 231, 251, 114, 64, 58, 192, 233, 41, 165,
       60, 151, 65, 48, 111, 99, 16, 120, 234, 35, 88, 214, 16, 193, 63,
       17, 116, 96, 58, 33, 244, 249, 10, 13, 158, 97, 52, 200, 235, 67,
       160, 38, 46, 162, 155, 87, 241, 184, 194, 159, 71, 81, 179, 172,
       204, 55, 8, 255, 59, 147, 145, 6, 190, 42, 247, 15, 22, 154, 235,
       213, 13, 61, 222, 42, 233, 106, 8, 83, 209, 190, 230, 11, 69, 124,
       171, 40, 140, 118, 144, 250, 187, 147, 193, 70, 58, 36, 253, 123,
       85, 132, 235, 119, 30, 246, 222, 48, 68, 74, 173, 84, 11, 108,
       103, 52, 35, 203, 147, 35, 131, 48, 64, 120, 174, 34, 140, 72,
       190, 197, 79, 180, 166, 146, 0, 37, 8, 240, 136, 216, 62, 157,
       189, 172, 106, 21, 191, 54, 238, 158, 117, 247, 55, 129, 75, 215,
       119, 125, 47, 32, 199, 201, 42, 224, 231, 127, 180, 128, 248, 165,
       249, 107, 54, 194, 180, 77, 60, 232, 87, 41, 47, 243, 110, 142,
       42, 214, 222, 107, 135, 255, 149, 156, 62, 195, 192, 156, 254,
       218, 203, 239, 78, 251, 149, 233, 122, 111, 84, 105, 92, 93, 22,
       225, 94, 54, 60, 59, 159, 214, 255, 7, 244, 252, 12, 237, 79, 182,
       161, 83, 123, 112, 155, 42, 148, 78, 127, 218, 126, 26, 184, 187,
       225, 21, 71, 189, 7, 164, 185, 44, 159, 98, 88, 231, 187, 207,
       144, 34, 15, 130, 247, 243, 209, 26, 123, 146, 84, 175, 91, 53,
       93, 73, 79, 244, 15, 199, 252, 84, 200, 248, 78, 115, 113, 145,
       32, 88, 236, 86, 110, 201, 162, 125, 47, 116, 142, 37, 148, 125,
       251, 82, 169, 0, 189, 115, 201, 244, 205, 235, 247, 206, 73, 124,
       74, 191, 213, 244, 164, 126, 58, 23, 88, 211, 184, 112, 253, 47,
       156, 38, 232, 86, 138, 209, 185, 220, 36, 189, 97, 138, 110, 81,
       27, 114, 183, 167, 24, 151, 55, 65, 59, 33, 148, 108, 48, 56, 87,
       225, 2, 217, 199, 113, 117, 224, 97, 6, 34, 53, 110, 142, 31, 218,
       83, 102, 236, 54, 134, 203, 0, 99, 226, 11, 212, 121, 236, 106,
       238, 108, 214, 207, 63, 60, 38, 133, 13, 97, 115, 120, 132, 8,
       185, 59, 233, 240, 205, 123, 247, 175, 13, 120, 1, 189, 223, 112,
       16, 182, 59, 87, 89, 18, 184, 178, 117, 109, 157, 38, 232, 208,
       130, 135, 251, 45, 48, 180, 65, 237, 127, 241, 152, 106, 253, 53,
       28, 158, 144, 219, 190, 145, 12, 236, 24, 151, 112, 251, 16, 79,
       217, 33, 119, 202, 15, 79, 231, 81, 149, 31, 101, 176, 46, 71,
       183, 100, 169, 170, 76, 215, 51, 8, 114, 148, 70, 108, 40, 153,
       153, 17, 12, 233, 175, 37, 84, 168, 242, 192, 33, 51, 125, 99,
       204, 118, 187, 206, 120, 69, 192, 249, 238, 115, 200, 181, 164,
       126, 168, 23, 111, 205, 179, 60, 159, 50, 76, 161, 184, 127, 175,
       120, 148, 85, 14, 159, 101, 48, 46, 99, 50, 116, 170, 106, 68,
