%YAML:1.0
---
descriptors: !!opencv-matrix
   rows: 225
   cols: 32
   dt: u
   data: [ 62, 253, 58, 94, 127, 215, 159, 248, 143, 236, 156, 47, 124,
       221, 39, 165, 220, 251, 215, 103, 238, 35, 58, 255, 115, 93, 141,
       187, 95, 63, 62, 247, 187, 209, 99, 204, 111, 23, 253, 111, 93,
       77, 212, 22, 8, 140, 182, 101, 238, 142, 23, 237, 253, 191, 54,
       213, 119, 56, 222, 202, 87, 156, 244, 253, 21, 22, 107, 251, 118,
       163, 235, 88, 22, 75, 95, 246, 113, 199, 184, 96, 127, 169, 23,
       188, 179, 148, 45, 255, 76, 175, 171, 192, 189, 203, 49, 241, 122,
       57, 248, 68, 111, 93, 127, 80, 35, 236, 188, 11, 43, 191, 87, 182,
       174, 245, 247, 202, 140, 49, 179, 248, 119, 217, 1, 187, 103, 247,
       78, 127, 127, 95, 249, 109, 170, 95, 95, 186, 67, 238, 158, 237,
       219, 61, 215, 246, 23, 85, 253, 110, 201, 6, 237, 186, 230, 255,
       101, 188, 54, 253, 4, 113, 175, 153, 242, 192, 125, 125, 251, 216,
       95, 125, 244, 10, 24, 188, 127, 173, 254, 219, 183, 82, 131, 114,
       186, 241, 95, 89, 195, 175, 215, 141, 126, 247, 96, 95, 141, 245,
       180, 206, 103, 182, 36, 236, 90, 108, 179, 33, 131, 80, 192, 230,
       45, 64, 201, 152, 225, 46, 164, 183, 165, 144, 8, 249, 84, 121,
       63, 95, 100, 8, 255, 23, 223, 120, 5, 204, 188, 239, 73, 78, 151,
       164, 126, 225, 223, 255, 253, 11, 109, 238, 122, 95, 173, 222,
       127, 175, 120, 85, 67, 63, 228, 84, 235, 58, 252, 183, 233, 250,
       182, 253, 136, 44, 215, 191, 39, 199, 252, 29, 245, 105, 167, 200,
       14, 122, 85, 183, 207, 244, 203, 93, 120, 254, 54, 124, 45, 157,
       84, 55, 235, 31, 180, 93, 175, 185, 6, 155, 135, 183, 237, 0, 222,
       107, 194, 181, 147, 251, 112, 155, 66, 12, 206, 11, 219, 93, 135,
       190, 32, 20, 110, 182, 176, 202, 210, 199, 121, 238, 179, 227,
       102, 231, 61, 207, 237, 207, 151, 235, 176, 98, 238, 136, 44, 180,
       57, 93, 171, 144, 234, 155, 117, 215, 251, 109, 95, 77, 84, 183,
       232, 220, 190, 96, 222, 171, 151, 149, 246, 190, 119, 255, 95,
       127, 154, 195, 151, 140, 252, 223, 72, 57, 26, 254, 49, 204, 115,
       112, 237, 8, 110, 8, 255, 243, 32, 112, 164, 115, 108, 72, 64,
       137, 146, 45, 231, 253, 32, 11, 66, 2, 39, 43, 3, 140, 71, 155,
       214, 227, 174, 239, 22, 71, 82, 163, 229, 238, 186, 65, 127, 107,
       19, 149, 54, 216, 79, 255, 44, 6, 190, 193, 149, 204, 177, 220, 4,
       137, 158, 159, 77, 205, 160, 168, 190, 149, 67, 3, 228, 224, 105,
       66, 241, 110, 106, 65, 2, 240, 155, 121, 13, 34, 79, 3, 128, 42,
       53, 142, 66, 32, 3, 136, 78, 9, 168, 72, 141, 32, 194, 203, 132,
       136, 52, 64, 234, 13, 123, 101, 0, 147, 135, 208, 20, 48, 138, 58,
       20, 10, 49, 128, 50, 32, 70, 193, 76, 11, 104, 64, 39, 33, 226,
       74, 0, 137, 84, 90, 104, 140, 107, 136, 10, 147, 195, 208, 20, 40,
       144, 48, 37, 136, 112, 136, 3, 30, 187, 255, 244, 135, 175, 82,
       30, 202, 88, 102, 188, 222, 161, 224, 255, 123, 23, 139, 211, 190,
       32, 251, 164, 190, 190, 136, 21, 250, 177, 185, 61, 65, 106, 46,
       93, 151, 194, 104, 197, 132, 237, 10, 115, 200, 51, 64, 88, 168,
       2, 111, 76, 163, 94, 156, 243, 237, 1, 25, 121, 59, 120, 128, 10,
       148, 18, 153, 83, 182, 186, 198, 62, 69, 74, 151, 172, 14, 46,
       196, 247, 43, 147, 149, 54, 156, 17, 247, 12, 54, 26, 195, 158, 4,
       41, 223, 35, 0, 104, 193, 102, 153, 184, 64, 201, 64, 176, 170,
       136, 30, 150, 102, 110, 145, 94, 193, 132, 35, 100, 192, 22, 24,
       138, 147, 85, 12, 107, 148, 190, 115, 227, 112, 27, 214, 155, 84,
       171, 109, 181, 231, 72, 254, 63, 182, 236, 189, 213, 229, 175, 3,
       56, 201, 51, 89, 139, 151, 47, 54, 126, 215, 114, 225, 82, 138,
       153, 217, 86, 205, 43, 13, 248, 11, 46, 218, 110, 212, 248, 153,
       207, 209, 78, 43, 200, 245, 187, 212, 142, 127, 83, 22, 238, 142,
       239, 172, 230, 30, 205, 185, 204, 239, 219, 150, 180, 92, 104,
       232, 127, 191, 155, 234, 250, 47, 166, 99, 254, 241, 59, 122, 85,
       63, 215, 253, 222, 196, 130, 24, 235, 222, 103, 228, 184, 114, 59,
       75, 81, 247, 88, 254, 116, 40, 255, 127, 183, 133, 181, 246, 182,
       226, 95, 127, 251, 235, 141, 101, 55, 215, 89, 188, 190, 243, 169,
       236, 81, 183, 191, 27, 182, 92, 190, 191, 64, 123, 167, 119, 253,
       16, 51, 107, 250, 245, 207, 251, 86, 90, 138, 64, 163, 59, 2, 132,
       2, 153, 21, 166, 42, 35, 61, 1, 74, 18, 236, 34, 32, 196, 241, 59,
       130, 145, 50, 156, 17, 207, 141, 54, 154, 67, 128, 4, 41, 14, 124,
       117, 245, 229, 169, 106, 95, 136, 33, 226, 191, 168, 219, 55, 201,
       62, 91, 212, 253, 242, 25, 210, 237, 136, 255, 255, 197, 87, 230,
       243, 198, 114, 125, 236, 175, 246, 157, 93, 87, 224, 195, 242,
       172, 8, 123, 127, 115, 51, 201, 226, 121, 78, 105, 111, 250, 170,
       251, 223, 197, 61, 195, 122, 98, 122, 185, 74, 110, 222, 14, 145,
       203, 242, 196, 66, 212, 166, 51, 205, 179, 100, 110, 224, 22, 206,
       200, 175, 38, 189, 114, 235, 226, 152, 127, 191, 112, 248, 216,
       79, 111, 189, 36, 75, 79, 39, 52, 230, 218, 163, 227, 45, 145, 81,
       122, 182, 239, 163, 104, 189, 101, 191, 246, 231, 242, 145, 37,
       252, 20, 122, 129, 188, 59, 251, 113, 173, 185, 119, 254, 89, 98,
       20, 188, 155, 32, 96, 165, 59, 19, 21, 179, 188, 50, 247, 205,
       255, 26, 66, 216, 0, 129, 187, 56, 93, 123, 110, 116, 199, 95,
       120, 84, 76, 125, 34, 115, 93, 179, 48, 126, 248, 23, 234, 232,
       178, 60, 63, 115, 237, 160, 128, 119, 186, 118, 251, 129, 142, 31,
       253, 52, 173, 104, 55, 252, 11, 82, 84, 191, 139, 48, 97, 206, 43,
       63, 13, 179, 252, 67, 223, 196, 191, 50, 0, 8, 136, 193, 185, 73,
       191, 245, 245, 160, 174, 125, 183, 123, 251, 122, 124, 159, 59,
       192, 122, 135, 247, 124, 24, 217, 252, 225, 160, 206, 255, 116,
       196, 234, 192, 195, 121, 17, 0, 207, 253, 92, 42, 232, 90, 252,
       129, 243, 198, 189, 99, 176, 251, 122, 236, 78, 172, 161, 242,
       199, 205, 148, 187, 251, 8, 189, 233, 115, 160, 159, 19, 251, 99,
       178, 52, 123, 209, 173, 89, 183, 245, 153, 127, 223, 119, 238,
       215, 221, 245, 191, 3, 169, 194, 250, 249, 175, 134, 175, 247,
       231, 247, 76, 229, 249, 227, 180, 122, 127, 185, 107, 252, 63,
       168, 219, 119, 201, 50, 23, 214, 253, 122, 73, 240, 233, 232, 239,
       223, 39, 197, 230, 243, 198, 113, 10, 123, 187, 117, 98, 206, 57,
       23, 175, 205, 126, 101, 188, 151, 195, 112, 166, 63, 127, 4, 193,
       152, 178, 88, 199, 253, 62, 130, 0, 16, 7, 251, 45, 97, 104, 97,
       116, 15, 75, 16, 101, 168, 254, 8, 211, 9, 19, 48, 88, 204, 86,
       126, 8, 178, 113, 28, 231, 221, 37, 53, 98, 187, 90, 160, 96, 128,
       143, 156, 92, 3, 129, 104, 22, 177, 96, 74, 80, 226, 96, 89, 89,
       236, 34, 56, 0, 242, 139, 29, 24, 34, 215, 108, 145, 40, 112, 168,
       135, 91, 125, 219, 238, 128, 185, 213, 143, 65, 80, 231, 189, 206,
       183, 104, 238, 187, 55, 213, 147, 8, 102, 241, 86, 58, 186, 202,
       157, 149, 177, 249, 114, 160, 207, 204, 24, 195, 73, 121, 22, 160,
       208, 162, 113, 231, 248, 96, 125, 252, 63, 168, 11, 75, 39, 159,
       88, 134, 173, 252, 181, 168, 52, 112, 125, 17, 251, 101, 112, 94,
       123, 16, 100, 108, 255, 36, 91, 93, 155, 112, 182, 148, 255, 109,
       137, 176, 113, 140, 87, 237, 33, 132, 111, 162, 86, 115, 72, 33,
       22, 173, 105, 223, 80, 73, 175, 172, 198, 9, 142, 154, 98, 82,
       192, 189, 239, 1, 14, 27, 211, 149, 213, 241, 11, 59, 16, 4, 47,
       2, 202, 121, 246, 180, 71, 208, 180, 198, 185, 212, 244, 43, 44,
       190, 103, 158, 238, 255, 255, 193, 12, 91, 146, 232, 151, 113,
       222, 43, 3, 20, 47, 223, 29, 22, 107, 233, 118, 163, 235, 122, 84,
       73, 95, 246, 89, 103, 186, 96, 127, 136, 23, 188, 177, 144, 109,
       222, 78, 175, 171, 196, 191, 235, 113, 241, 175, 249, 122, 192,
       253, 221, 249, 212, 223, 252, 244, 14, 8, 220, 127, 173, 254, 249,
       183, 113, 134, 115, 250, 240, 31, 89, 135, 175, 87, 61, 127, 255,
