%YAML:1.0
---
descriptors: !!opencv-matrix
   rows: 64
   cols: 32
   dt: u
   data: [ 42, 149, 80, 203, 245, 231, 178, 239, 31, 13, 94, 35, 8, 127,
       46, 192, 221, 27, 147, 48, 22, 184, 89, 255, 111, 28, 130, 199,
       150, 14, 252, 207, 42, 133, 48, 171, 245, 211, 242, 107, 95, 5,
       89, 3, 140, 92, 54, 132, 216, 59, 147, 49, 150, 184, 73, 223, 47,
       84, 139, 71, 215, 14, 220, 198, 4, 130, 143, 157, 28, 139, 161,
       232, 150, 180, 66, 66, 100, 226, 105, 75, 121, 108, 34, 240, 2,
       240, 11, 93, 140, 34, 207, 4, 144, 40, 53, 128, 4, 205, 134, 151,
       145, 139, 38, 168, 182, 179, 67, 2, 228, 224, 41, 193, 113, 110,
       34, 80, 34, 208, 11, 127, 173, 38, 79, 69, 144, 106, 45, 130, 36,
       229, 134, 156, 223, 67, 162, 232, 18, 176, 96, 2, 64, 226, 105,
       65, 121, 236, 34, 248, 34, 210, 143, 31, 60, 38, 223, 109, 177,
       106, 48, 136, 48, 225, 134, 156, 92, 3, 192, 232, 86, 180, 235,
       10, 98, 224, 48, 131, 57, 228, 106, 104, 40, 243, 155, 28, 152,
       34, 197, 52, 97, 43, 83, 8, 54, 213, 226, 167, 127, 11, 190, 224,
       61, 160, 241, 171, 108, 62, 43, 65, 255, 209, 223, 231, 108, 183,
       73, 236, 253, 18, 206, 151, 21, 63, 51, 199, 10, 148, 54, 159,
       117, 255, 178, 47, 93, 75, 90, 19, 236, 120, 54, 196, 213, 59,
       179, 33, 180, 152, 81, 255, 47, 118, 154, 195, 30, 76, 157, 207,
       49, 162, 143, 61, 30, 3, 65, 123, 22, 165, 196, 214, 115, 97, 162,
       9, 120, 236, 34, 172, 41, 219, 37, 31, 216, 167, 241, 20, 49, 168,
       112, 168, 34, 0, 18, 160, 110, 137, 184, 64, 173, 1, 176, 139,
       132, 10, 36, 82, 238, 145, 74, 145, 4, 43, 64, 192, 148, 16, 138,
       82, 81, 8, 35, 136, 32, 32, 143, 173, 94, 67, 129, 72, 22, 176,
       96, 2, 112, 192, 96, 64, 88, 44, 98, 160, 2, 243, 195, 29, 4, 34,
       219, 37, 81, 40, 119, 136, 66, 140, 150, 151, 137, 126, 180, 135,
       190, 151, 66, 17, 236, 246, 68, 207, 129, 119, 235, 1, 52, 220,
       219, 225, 13, 50, 94, 3, 128, 116, 141, 14, 192, 101, 150, 157,
       79, 131, 166, 204, 190, 176, 203, 2, 228, 226, 97, 64, 113, 108,
       106, 226, 66, 209, 139, 95, 61, 38, 15, 45, 16, 59, 169, 130, 160,
       97, 134, 157, 95, 99, 128, 109, 22, 176, 233, 10, 66, 224, 32, 0,
       121, 236, 98, 98, 106, 243, 219, 29, 29, 34, 69, 53, 81, 59, 246,
       128, 54, 237, 66, 139, 222, 3, 174, 224, 60, 32, 242, 139, 128,
       170, 61, 64, 250, 205, 75, 227, 104, 179, 197, 254, 180, 36, 143,
       57, 213, 59, 35, 132, 70, 245, 18, 186, 251, 205, 182, 232, 174,
       190, 161, 41, 172, 246, 105, 81, 247, 123, 235, 242, 98, 67, 154,
       251, 189, 148, 15, 63, 144, 115, 39, 131, 189, 253, 29, 230, 188,
       7, 79, 252, 212, 250, 185, 126, 83, 115, 201, 35, 223, 198, 92,
       106, 233, 99, 107, 46, 250, 203, 229, 188, 56, 251, 192, 33, 177,
       95, 79, 220, 46, 144, 78, 246, 132, 72, 214, 230, 49, 167, 177,
       99, 110, 226, 62, 206, 233, 139, 38, 173, 178, 171, 226, 136, 61,
       185, 112, 57, 134, 132, 148, 147, 193, 127, 180, 143, 63, 191, 74,
       17, 204, 118, 12, 207, 129, 95, 163, 17, 52, 220, 91, 246, 45, 22,
       95, 71, 146, 124, 141, 134, 221, 223, 233, 254, 188, 52, 79, 252,
       218, 250, 189, 110, 125, 255, 251, 99, 119, 227, 61, 254, 243,
       103, 190, 250, 250, 207, 231, 188, 191, 243, 225, 113, 173, 255,
       251, 254, 172, 57, 79, 252, 223, 222, 61, 238, 251, 229, 251, 35,
       95, 106, 86, 126, 247, 103, 46, 179, 234, 223, 229, 188, 190, 255,
       208, 241, 49, 32, 207, 61, 18, 35, 65, 91, 86, 225, 194, 210, 83,
       1, 128, 105, 120, 172, 34, 140, 9, 222, 101, 29, 216, 167, 240,
       64, 33, 168, 112, 168, 0, 32, 27, 137, 74, 137, 168, 66, 172, 49,
       194, 66, 132, 130, 64, 74, 106, 137, 74, 152, 3, 152, 69, 64, 148,
       0, 154, 0, 8, 8, 33, 136, 198, 233, 150, 159, 153, 228, 62, 143,
       190, 151, 74, 17, 236, 246, 74, 206, 161, 119, 235, 19, 54, 216,
       155, 115, 45, 50, 95, 71, 128, 117, 173, 6, 32, 101, 135, 156, 73,
       131, 166, 204, 150, 176, 200, 8, 96, 224, 96, 194, 217, 108, 106,
       98, 66, 211, 219, 31, 61, 38, 79, 62, 16, 59, 178, 134, 84, 109,
       22, 139, 95, 3, 166, 232, 190, 162, 194, 10, 196, 194, 41, 193,
       120, 205, 106, 227, 96, 195, 203, 254, 181, 36, 143, 57, 16, 59,
       41, 130, 54, 225, 2, 139, 95, 11, 174, 232, 60, 32, 210, 10, 224,
       170, 57, 193, 120, 205, 106, 227, 104, 179, 209, 236, 189, 32,
       143, 57, 81, 59, 59, 130, 118, 117, 22, 174, 107, 75, 158, 232,
       159, 172, 185, 43, 78, 254, 45, 16, 254, 213, 207, 227, 72, 99,
       90, 220, 177, 146, 143, 63, 81, 59, 39, 147, 118, 119, 86, 174,
       125, 75, 222, 232, 9, 172, 249, 171, 78, 239, 47, 16, 254, 221,
       255, 227, 76, 227, 200, 220, 179, 244, 143, 191, 85, 63, 126, 211,
       198, 252, 150, 151, 197, 244, 54, 175, 191, 151, 75, 19, 236, 254,
       110, 203, 241, 255, 171, 131, 118, 220, 155, 247, 175, 54, 223,
       71, 128, 117, 173, 30, 255, 90, 255, 183, 109, 126, 252, 208, 185,
       250, 183, 255, 223, 190, 215, 251, 239, 245, 255, 103, 173, 103,
       235, 194, 215, 251, 119, 151, 239, 253, 78, 119, 239, 62, 238,
       181, 109, 127, 248, 90, 59, 250, 247, 255, 222, 254, 223, 251,
       239, 221, 255, 151, 173, 247, 235, 194, 214, 123, 251, 158, 207,
       253, 43, 215, 188, 112, 176, 242, 173, 93, 80, 216, 195, 190, 181,
       24, 95, 89, 75, 155, 153, 209, 221, 90, 142, 103, 250, 144, 211,
       217, 117, 63, 226, 191, 78, 67, 175, 180, 252, 179, 236, 127, 185,
       91, 31, 127, 181, 191, 220, 255, 206, 43, 239, 159, 255, 149, 183,
       118, 251, 210, 95, 91, 255, 230, 223, 76, 223, 211, 252, 113, 248,
       102, 173, 93, 86, 248, 99, 190, 181, 8, 223, 91, 75, 155, 156,
       213, 236, 106, 76, 99, 251, 0, 243, 217, 101, 61, 98, 251, 78, 67,
       143, 118, 190, 246, 253, 117, 255, 252, 207, 254, 157, 183, 236,
       254, 255, 163, 207, 83, 151, 231, 229, 103, 58, 234, 251, 223,
       239, 175, 158, 255, 173, 215, 253, 173, 205, 246, 188, 7, 79, 251,
       82, 234, 188, 90, 115, 229, 249, 35, 93, 230, 124, 174, 249, 99,
       239, 191, 184, 207, 229, 124, 253, 248, 80, 49, 49, 32, 205, 37,
       2, 162, 97, 83, 86, 161, 194, 210, 19, 1, 144, 104, 120, 172, 32,
       156, 9, 252, 69, 21, 212, 162, 240, 64, 105, 136, 112, 168, 65,
       32, 7, 12, 72, 135, 32, 72, 166, 160, 194, 64, 148, 130, 96, 66,
       64, 44, 106, 40, 1, 131, 147, 16, 21, 32, 11, 60, 16, 0, 33, 160,
       96, 32, 11, 8, 72, 67, 161, 72, 134, 32, 195, 8, 148, 128, 32, 64,
       72, 12, 106, 96, 0, 35, 211, 16, 21, 32, 10, 60, 80, 10, 39, 162,
       80, 32, 19, 136, 74, 9, 160, 65, 44, 32, 227, 74, 148, 130, 32,
       80, 104, 133, 74, 160, 9, 131, 81, 64, 148, 32, 10, 56, 24, 10,
       35, 128, 68, 109, 6, 31, 89, 131, 38, 104, 182, 160, 194, 1, 196,
       226, 97, 198, 89, 108, 106, 98, 100, 195, 219, 31, 61, 38, 15, 63,
       16, 59, 41, 134, 36, 109, 134, 31, 89, 135, 166, 104, 150, 160,
       203, 8, 192, 224, 97, 198, 217, 108, 106, 98, 70, 211, 219, 31,
       61, 38, 15, 63, 16, 58, 187, 134, 70, 241, 146, 158, 123, 205,
       182, 232, 190, 180, 161, 9, 204, 246, 105, 80, 255, 121, 234, 226,
       66, 67, 218, 95, 189, 20, 79, 63, 16, 51, 47, 131, 2, 77, 18, 159,
       85, 215, 186, 226, 30, 0, 88, 2, 236, 216, 53, 228, 248, 123, 147,
       195, 103, 186, 90, 255, 165, 118, 154, 11, 20, 31, 57, 142, 253,
       255, 222, 254, 190, 35, 79, 252, 87, 234, 189, 254, 115, 243, 251,
       113, 127, 230, 126, 238, 249, 247, 143, 191, 250, 239, 229, 244,
       255, 251, 240, 17, 70, 237, 150, 31, 153, 204, 182, 172, 190, 149,
       75, 1, 236, 242, 73, 202, 161, 119, 233, 83, 86, 73, 155, 115, 45,
       54, 95, 75, 128, 119, 173, 14, 100, 101, 22, 158, 121, 205, 166,
       232, 190, 0, 233, 8, 198, 240, 41, 208, 216, 108, 106, 98, 64,
       227, 218, 127, 53, 52, 7, 59, 80, 59, 39, 130, 70, 113, 18, 142,
       123, 79, 54, 232, 190, 164, 169, 9, 204, 214, 105, 80, 254, 253,
