%YAML:1.0
---
descriptors: !!opencv-matrix
   rows: 206
   cols: 32
   dt: u
   data: [ 58, 207, 98, 238, 114, 147, 238, 245, 29, 4, 120, 231, 41,
       207, 182, 208, 126, 235, 151, 238, 198, 154, 4, 255, 118, 237,
       174, 169, 55, 158, 170, 221, 202, 90, 183, 220, 105, 244, 188, 6,
       169, 202, 86, 161, 172, 190, 37, 239, 166, 115, 255, 67, 5, 77,
       162, 233, 7, 115, 90, 139, 6, 117, 47, 255, 17, 203, 67, 142, 118,
       151, 238, 252, 70, 200, 222, 198, 121, 232, 181, 228, 126, 238,
       62, 207, 199, 171, 15, 253, 48, 44, 175, 136, 61, 186, 249, 141,
       216, 124, 58, 248, 51, 233, 17, 71, 173, 13, 164, 57, 46, 159, 96,
       80, 162, 187, 205, 16, 42, 15, 50, 243, 243, 213, 26, 123, 114, 4,
       167, 123, 181, 116, 102, 4, 86, 63, 230, 248, 113, 226, 250, 110,
       83, 120, 159, 183, 58, 196, 70, 111, 237, 247, 29, 46, 50, 42,
       101, 20, 109, 251, 122, 4, 62, 121, 130, 170, 221, 209, 202, 200,
       135, 128, 205, 139, 106, 221, 113, 132, 88, 248, 147, 243, 74, 35,
       218, 189, 251, 213, 141, 123, 55, 63, 62, 178, 133, 116, 183, 83,
       135, 111, 246, 80, 248, 250, 35, 88, 222, 245, 77, 187, 177, 92,
       120, 58, 33, 245, 184, 66, 149, 154, 65, 6, 200, 115, 67, 163, 90,
       138, 170, 184, 11, 192, 24, 71, 175, 21, 128, 179, 172, 142, 98,
       74, 231, 51, 239, 145, 22, 15, 130, 209, 211, 117, 154, 219, 20,
       4, 165, 91, 10, 134, 114, 153, 246, 243, 185, 79, 30, 71, 93, 247,
       172, 206, 166, 196, 95, 59, 151, 149, 182, 156, 38, 223, 108, 54,
       58, 203, 150, 140, 173, 213, 74, 187, 186, 120, 249, 189, 57, 215,
       175, 93, 124, 13, 172, 255, 102, 16, 167, 59, 247, 20, 146, 88,
       178, 241, 255, 221, 62, 235, 208, 196, 167, 251, 49, 67, 78, 175,
       20, 134, 106, 244, 68, 1, 218, 70, 115, 96, 178, 64, 120, 234, 30,
       236, 141, 187, 5, 173, 176, 238, 178, 0, 61, 155, 248, 12, 10,
       121, 50, 153, 99, 213, 188, 71, 175, 156, 84, 35, 172, 158, 103,
       143, 230, 57, 147, 129, 70, 218, 178, 209, 7, 80, 90, 171, 18, 84,
       47, 255, 53, 221, 65, 202, 124, 131, 202, 248, 199, 72, 216, 230,
       115, 216, 188, 36, 92, 168, 22, 239, 203, 35, 110, 191, 56, 12,
       167, 252, 127, 155, 112, 189, 56, 157, 111, 233, 180, 215, 95,
       253, 68, 76, 222, 7, 115, 125, 186, 96, 120, 186, 31, 239, 249,
       171, 53, 189, 251, 237, 162, 209, 53, 138, 244, 123, 203, 156,
       190, 187, 173, 244, 184, 135, 255, 95, 86, 49, 236, 250, 118, 75,
       231, 111, 255, 21, 182, 253, 131, 243, 207, 123, 126, 203, 144,
       68, 173, 79, 130, 158, 60, 181, 142, 235, 180, 39, 188, 115, 210,
       255, 246, 60, 18, 75, 239, 183, 255, 1, 188, 252, 69, 255, 204,
       99, 122, 211, 237, 72, 157, 91, 120, 121, 50, 236, 25, 213, 82,
       96, 165, 140, 173, 9, 47, 223, 99, 208, 248, 189, 221, 226, 76, 3,
       176, 157, 243, 245, 131, 59, 34, 7, 46, 90, 240, 172, 120, 227,
       60, 109, 83, 154, 18, 54, 165, 9, 179, 29, 75, 17, 217, 152, 77,
       50, 106, 102, 249, 55, 219, 201, 49, 125, 112, 9, 86, 106, 244,
       57, 251, 102, 144, 79, 83, 81, 50, 172, 167, 9, 87, 213, 67, 19,
       56, 252, 77, 122, 56, 119, 184, 10, 251, 129, 37, 61, 225, 171,
       70, 114, 32, 181, 24, 89, 185, 221, 80, 175, 95, 61, 44, 24, 162,
       57, 76, 52, 129, 26, 194, 16, 122, 104, 243, 55, 47, 222, 20, 127,
       210, 8, 206, 14, 61, 16, 107, 197, 116, 86, 249, 121, 80, 232,
       212, 74, 89, 125, 191, 36, 126, 156, 23, 173, 237, 179, 117, 142,
       95, 111, 167, 149, 103, 172, 122, 245, 80, 221, 189, 191, 170, 72,
       85, 63, 160, 94, 150, 41, 247, 63, 2, 83, 131, 87, 125, 35, 72,
       79, 227, 45, 227, 227, 124, 145, 36, 48, 135, 123, 65, 220, 187,
       206, 82, 196, 127, 246, 113, 7, 110, 0, 53, 247, 33, 112, 118,
       251, 2, 202, 67, 178, 184, 123, 245, 172, 34, 8, 112, 242, 36,
       168, 164, 165, 25, 139, 220, 43, 230, 232, 94, 162, 233, 90, 214,
       96, 24, 0, 89, 206, 74, 123, 48, 115, 201, 126, 60, 6, 143, 124,
       209, 123, 211, 128, 4, 96, 200, 177, 78, 169, 96, 202, 166, 18,
       226, 139, 167, 195, 73, 88, 121, 152, 106, 146, 10, 246, 203, 113,
       212, 134, 147, 45, 96, 25, 6, 130, 3, 157, 16, 143, 87, 195, 178,
       231, 78, 0, 88, 2, 172, 58, 32, 192, 218, 51, 18, 129, 86, 184,
       24, 253, 37, 52, 138, 67, 21, 10, 185, 142, 80, 12, 142, 157, 8,
       171, 224, 7, 174, 3, 234, 2, 230, 130, 0, 74, 105, 166, 106, 152,
       10, 173, 195, 67, 148, 166, 218, 16, 224, 72, 33, 8, 48, 196, 74,
       173, 68, 11, 236, 103, 52, 1, 202, 19, 33, 131, 48, 64, 120, 174,
       43, 173, 72, 190, 197, 79, 180, 36, 154, 8, 37, 8, 240, 136, 5,
       179, 155, 243, 244, 140, 169, 87, 62, 137, 91, 84, 149, 243, 216,
       104, 245, 31, 55, 24, 147, 216, 155, 66, 205, 140, 191, 228, 136,
       2, 129, 161, 54, 228, 82, 186, 159, 171, 210, 206, 123, 163, 161,
       11, 70, 248, 124, 144, 249, 207, 203, 51, 46, 111, 206, 255, 185,
       214, 141, 123, 241, 95, 250, 6, 4, 204, 155, 191, 92, 165, 166,
       230, 150, 2, 72, 2, 180, 240, 33, 72, 201, 106, 34, 203, 34, 190,
       90, 63, 229, 134, 159, 8, 144, 91, 49, 138, 88, 249, 56, 66, 29,
       213, 147, 252, 234, 53, 140, 13, 186, 213, 86, 4, 0, 218, 205, 94,
       202, 43, 250, 117, 251, 141, 7, 125, 6, 3, 87, 106, 244, 233, 6,
       168, 143, 0, 36, 232, 166, 180, 160, 11, 2, 139, 105, 83, 232,
       197, 106, 243, 78, 99, 219, 1, 185, 160, 207, 63, 49, 40, 126,
       130, 60, 7, 67, 237, 22, 2, 111, 113, 53, 164, 218, 230, 115, 99,
       177, 85, 126, 236, 31, 238, 248, 147, 101, 142, 244, 166, 163,
       128, 39, 170, 116, 96, 43, 36, 192, 72, 83, 177, 170, 74, 95, 65,
       120, 238, 8, 234, 247, 180, 223, 11, 146, 148, 135, 58, 230, 210,
       30, 28, 155, 239, 223, 78, 107, 132, 37, 172, 241, 211, 244, 243,
       235, 255, 87, 111, 253, 178, 211, 44, 254, 36, 219, 202, 22, 153,
       159, 186, 109, 243, 46, 30, 183, 228, 215, 202, 240, 237, 28, 49,
       190, 238, 57, 222, 88, 120, 167, 236, 247, 3, 127, 223, 35, 208,
       254, 189, 253, 226, 140, 131, 186, 156, 211, 239, 171, 153, 50,
       166, 46, 83, 1, 185, 115, 201, 244, 201, 235, 247, 79, 65, 124,
       226, 191, 221, 180, 36, 126, 58, 23, 88, 211, 56, 118, 255, 111,
       28, 38, 232, 86, 138, 213, 249, 49, 117, 99, 77, 118, 187, 238,
       121, 85, 96, 249, 238, 115, 216, 189, 164, 126, 168, 22, 111, 205,
       178, 100, 159, 50, 12, 161, 168, 127, 174, 114, 181, 85, 21, 31,
       101, 176, 46, 71, 53, 224, 168, 171, 76, 215, 115, 137, 115, 0,
       102, 108, 106, 217, 225, 209, 12, 225, 171, 101, 16, 104, 242,
       195, 33, 193, 206, 31, 117, 48, 174, 99, 183, 116, 170, 98, 84,
       247, 35, 144, 89, 51, 108, 108, 44, 249, 220, 1, 47, 236, 174, 52,
       64, 104, 224, 193, 41, 2, 185, 186, 249, 240, 237, 121, 215, 175,
       93, 126, 5, 189, 239, 114, 16, 165, 59, 55, 21, 18, 152, 130, 113,
       239, 221, 62, 232, 144, 2, 167, 251, 21, 196, 83, 101, 18, 10,
       110, 185, 116, 34, 106, 66, 87, 99, 136, 240, 50, 196, 12, 106,
       105, 181, 5, 31, 160, 238, 33, 4, 104, 179, 161, 32, 51, 207, 66,
       158, 30, 144, 206, 252, 149, 4, 216, 199, 97, 202, 190, 196, 124,
       234, 135, 239, 206, 11, 14, 255, 178, 108, 142, 136, 55, 159, 120,
       140, 43, 56, 237, 97, 109, 253, 153, 18, 203, 253, 28, 239, 154,
       156, 214, 174, 143, 49, 215, 21, 151, 40, 118, 144, 79, 93, 57,
       251, 207, 142, 94, 247, 66, 158, 190, 188, 175, 164, 176, 135,
       255, 95, 90, 19, 172, 254, 102, 104, 231, 59, 191, 17, 150, 89,
       147, 243, 159, 119, 126, 203, 144, 64, 173, 79, 64, 158, 143, 183,
       164, 234, 53, 183, 62, 199, 90, 181, 247, 183, 2, 74, 215, 127,
       125, 17, 49, 216, 209, 43, 205, 183, 254, 208, 140, 120, 151, 219,
       140, 181, 61, 67, 151, 111, 55, 189, 126, 55, 47, 24, 214, 117,
       72, 56, 51, 30, 104, 58, 50, 112, 121, 55, 111, 143, 85, 116, 242,
       91, 199, 34, 137, 157, 21, 123, 178, 174, 102, 183, 125, 10, 106,
