%YAML:1.0
---
descriptors: !!opencv-matrix
   rows: 213
   cols: 32
   dt: u
   data: [ 3, 144, 20, 155, 125, 189, 184, 7, 159, 81, 83, 23, 172, 250,
       46, 204, 199, 11, 59, 29, 183, 216, 83, 213, 13, 62, 218, 194,
       156, 12, 185, 223, 105, 241, 59, 67, 116, 207, 99, 17, 105, 233,
       119, 72, 150, 21, 148, 52, 144, 60, 92, 72, 209, 184, 241, 12,
       103, 249, 32, 96, 66, 138, 199, 97, 41, 88, 33, 79, 116, 95, 227,
       48, 109, 104, 126, 76, 179, 20, 148, 180, 216, 8, 22, 110, 201,
       176, 113, 61, 7, 188, 32, 16, 90, 139, 82, 253, 44, 249, 56, 105,
       253, 93, 87, 184, 71, 188, 188, 12, 211, 89, 89, 48, 217, 216, 71,
       122, 202, 34, 123, 189, 239, 221, 165, 125, 91, 187, 86, 186, 1,
       51, 121, 69, 116, 30, 105, 49, 109, 232, 118, 108, 159, 17, 148,
       48, 150, 4, 86, 108, 193, 184, 97, 76, 70, 249, 32, 128, 74, 136,
       67, 185, 44, 69, 106, 232, 117, 214, 251, 120, 85, 12, 253, 3, 91,
       157, 190, 224, 120, 152, 151, 234, 204, 178, 32, 159, 119, 237,
       162, 197, 119, 143, 116, 226, 214, 30, 254, 244, 34, 242, 190, 82,
       189, 206, 214, 167, 13, 174, 167, 207, 102, 245, 191, 195, 164,
       159, 36, 234, 146, 99, 234, 131, 39, 245, 45, 87, 202, 250, 244,
       178, 186, 216, 24, 143, 171, 253, 148, 185, 172, 190, 206, 158,
       135, 87, 253, 17, 22, 77, 234, 243, 154, 209, 63, 255, 134, 132,
       143, 95, 158, 6, 102, 149, 70, 114, 236, 106, 53, 214, 215, 179,
       73, 46, 191, 207, 127, 213, 191, 167, 172, 213, 37, 206, 22, 99,
       250, 133, 167, 253, 60, 212, 163, 92, 99, 158, 116, 134, 171, 96,
       220, 200, 91, 199, 112, 204, 181, 97, 126, 169, 19, 239, 229, 151,
       38, 238, 52, 46, 170, 136, 29, 47, 113, 245, 141, 206, 172, 183,
       133, 174, 111, 188, 158, 247, 71, 145, 221, 103, 91, 75, 213, 111,
       177, 223, 250, 212, 219, 162, 239, 247, 255, 196, 130, 255, 153,
       80, 57, 93, 122, 255, 116, 135, 235, 112, 84, 200, 125, 38, 113,
       221, 178, 96, 92, 56, 23, 239, 201, 178, 54, 159, 99, 173, 162,
       136, 125, 170, 112, 249, 3, 175, 3, 187, 244, 129, 238, 239, 30,
       65, 88, 199, 173, 232, 112, 64, 211, 43, 51, 149, 214, 24, 78,
       247, 172, 28, 159, 232, 156, 14, 177, 200, 181, 66, 233, 238, 76,
       1, 199, 88, 87, 130, 241, 202, 83, 201, 185, 105, 88, 200, 38,
       110, 201, 39, 79, 153, 208, 170, 225, 60, 117, 187, 112, 160, 5,
       140, 142, 151, 213, 171, 166, 239, 94, 183, 66, 18, 228, 224, 43,
       73, 121, 110, 34, 42, 52, 248, 31, 255, 45, 6, 95, 69, 145, 120,
       153, 140, 177, 69, 107, 12, 92, 11, 199, 120, 84, 224, 250, 207,
       83, 72, 183, 96, 120, 172, 22, 111, 237, 179, 109, 31, 48, 44,
       161, 20, 125, 170, 112, 196, 27, 150, 123, 238, 52, 246, 91, 127,
       117, 73, 255, 246, 127, 127, 190, 244, 255, 155, 151, 172, 191,
       190, 37, 255, 250, 255, 178, 192, 191, 134, 226, 253, 60, 149,
       100, 99, 149, 247, 87, 255, 23, 230, 79, 151, 67, 93, 62, 132, 93,
       154, 151, 58, 252, 184, 121, 191, 235, 207, 133, 87, 119, 142,
       220, 82, 218, 182, 182, 182, 171, 112, 60, 35, 187, 191, 135, 177,
       236, 238, 70, 223, 167, 55, 237, 129, 52, 77, 163, 194, 155, 83,
       223, 171, 130, 100, 175, 95, 202, 112, 54, 156, 77, 29, 176, 72,
       238, 248, 209, 13, 204, 216, 127, 207, 216, 13, 234, 99, 196, 119,
       211, 208, 21, 48, 75, 63, 90, 45, 43, 134, 253, 69, 237, 119, 140,
       15, 79, 184, 84, 246, 130, 15, 211, 108, 83, 123, 89, 196, 125,
       239, 237, 101, 255, 40, 241, 203, 237, 20, 109, 120, 80, 112, 202,
       182, 134, 148, 171, 52, 56, 35, 185, 223, 135, 181, 236, 238, 78,
       223, 231, 39, 249, 133, 52, 205, 147, 199, 154, 115, 219, 203,
       142, 36, 185, 87, 144, 194, 95, 125, 48, 131, 75, 120, 118, 136,
       118, 228, 119, 195, 184, 112, 54, 104, 36, 108, 195, 213, 45, 31,
       232, 175, 37, 128, 120, 162, 97, 49, 59, 175, 106, 154, 215, 183,
       187, 231, 95, 69, 92, 167, 41, 232, 182, 0, 255, 235, 147, 149,
       150, 186, 44, 255, 126, 79, 143, 203, 245, 78, 249, 206, 90, 218,
       166, 189, 63, 82, 25, 22, 159, 95, 134, 183, 237, 111, 34, 207,
       231, 117, 189, 133, 44, 205, 163, 225, 203, 247, 218, 211, 150,
       36, 61, 91, 214, 54, 157, 183, 169, 108, 52, 7, 187, 255, 131, 29,
       206, 174, 78, 27, 165, 119, 237, 17, 181, 205, 251, 226, 153, 246,
       95, 243, 128, 112, 135, 87, 15, 156, 190, 159, 149, 246, 190, 231,
       156, 207, 222, 19, 236, 250, 34, 100, 253, 107, 187, 149, 54, 221,
       59, 239, 111, 54, 159, 195, 150, 79, 189, 207, 15, 148, 185, 233,
       253, 255, 251, 218, 31, 239, 157, 62, 220, 255, 238, 100, 255, 31,
       159, 28, 179, 63, 121, 222, 223, 223, 191, 246, 158, 143, 149,
       243, 92, 184, 188, 178, 171, 96, 17, 216, 171, 151, 165, 41, 95,
       223, 75, 218, 167, 213, 253, 146, 14, 75, 186, 50, 219, 211, 127,
       127, 162, 99, 47, 91, 142, 112, 250, 115, 231, 125, 253, 216, 123,
       255, 117, 59, 142, 156, 95, 41, 191, 217, 247, 147, 134, 118, 190,
       224, 95, 89, 119, 175, 199, 93, 103, 247, 83, 184, 149, 178, 169,
       252, 20, 147, 235, 91, 130, 93, 190, 186, 86, 251, 135, 7, 124,
       21, 159, 75, 190, 225, 153, 122, 95, 122, 136, 68, 171, 87, 23,
       149, 139, 205, 176, 102, 111, 221, 53, 105, 95, 102, 93, 55, 168,
       224, 244, 223, 21, 168, 155, 144, 57, 77, 177, 165, 170, 198, 172,
       243, 176, 177, 153, 31, 107, 235, 118, 147, 235, 217, 87, 72, 246,
       246, 57, 207, 183, 100, 126, 170, 31, 220, 251, 188, 37, 255, 254,
       237, 170, 128, 63, 137, 112, 249, 171, 158, 111, 19, 230, 247,
       189, 246, 173, 95, 118, 247, 56, 60, 183, 47, 239, 115, 215, 133,
       165, 188, 39, 238, 102, 95, 254, 130, 207, 213, 127, 223, 168,
       145, 30, 127, 115, 204, 113, 117, 169, 73, 119, 29, 62, 159, 10,
       17, 174, 59, 215, 0, 115, 184, 16, 101, 71, 249, 112, 67, 106,
       130, 206, 219, 10, 30, 239, 215, 174, 119, 189, 182, 141, 127,
       158, 247, 236, 61, 183, 110, 175, 119, 255, 133, 181, 173, 39,
       226, 74, 127, 254, 147, 207, 221, 181, 127, 87, 237, 232, 7, 210,
       30, 174, 168, 59, 224, 31, 131, 121, 108, 95, 162, 55, 199, 123,
       207, 199, 120, 189, 237, 63, 46, 79, 196, 229, 247, 11, 92, 207,
       55, 249, 236, 254, 48, 127, 31, 171, 207, 31, 244, 157, 191, 215,
       118, 230, 87, 127, 29, 149, 1, 167, 194, 246, 253, 174, 138, 142,
       244, 171, 117, 126, 254, 173, 242, 179, 244, 89, 151, 51, 95, 118,
       125, 30, 63, 194, 190, 135, 223, 181, 144, 187, 94, 250, 227, 251,
       255, 253, 231, 170, 212, 174, 115, 42, 159, 99, 202, 247, 209,
       187, 247, 31, 77, 92, 162, 40, 204, 182, 228, 255, 187, 151, 145,
       150, 186, 36, 247, 62, 84, 186, 235, 151, 142, 244, 253, 57, 67,
       96, 1, 116, 31, 206, 121, 69, 232, 125, 206, 83, 8, 150, 164, 94,
       172, 22, 239, 221, 178, 101, 156, 54, 12, 161, 208, 127, 143, 216,
       213, 139, 188, 183, 191, 61, 254, 186, 234, 175, 221, 222, 7, 236,
       254, 54, 230, 231, 125, 255, 145, 135, 217, 251, 255, 159, 253,
       139, 195, 14, 13, 61, 223, 76, 235, 141, 247, 173, 78, 111, 184,
       150, 191, 6, 17, 246, 231, 89, 74, 145, 70, 125, 94, 122, 72, 219,
       177, 237, 219, 255, 237, 130, 123, 213, 106, 245, 77, 111, 78, 52,
       198, 79, 176, 213, 198, 254, 66, 115, 101, 181, 116, 92, 240, 30,
       238, 233, 167, 125, 47, 115, 175, 161, 144, 119, 187, 116, 121, 5,
       181, 173, 139, 157, 127, 163, 217, 86, 255, 221, 30, 214, 245,
       250, 172, 89, 26, 250, 61, 147, 242, 127, 19, 205, 6, 13, 116,
       214, 78, 149, 244, 237, 252, 185, 85, 233, 236, 183, 158, 250,
       254, 36, 28, 184, 245, 67, 59, 5, 126, 243, 94, 227, 92, 250, 115,
       111, 43, 119, 108, 202, 241, 71, 251, 67, 158, 165, 159, 237, 240,
       184, 175, 251, 95, 75, 244, 236, 238, 158, 244, 167, 75, 251, 133,
       183, 88, 175, 247, 14, 54, 218, 203, 158, 68, 187, 125, 202, 156,
       166, 158, 47, 116, 56, 34, 155, 95, 135, 183, 236, 238, 54, 207,
