%YAML:1.0
---
descriptors: !!opencv-matrix
   rows: 247
   cols: 32
   dt: u
   data: [ 88, 184, 147, 250, 185, 205, 81, 214, 171, 121, 180, 9, 190,
       255, 64, 18, 165, 243, 253, 16, 27, 107, 154, 241, 251, 221, 22,
       123, 194, 0, 135, 123, 56, 73, 114, 236, 87, 215, 126, 112, 69,
       12, 254, 3, 11, 157, 51, 196, 250, 185, 159, 226, 76, 187, 16,
       236, 243, 253, 130, 131, 55, 190, 124, 195, 42, 56, 242, 159, 101,
       253, 176, 66, 91, 206, 113, 11, 40, 252, 119, 140, 253, 121, 179,
       1, 132, 246, 210, 202, 7, 94, 219, 43, 215, 125, 127, 223, 43, 54,
       233, 76, 114, 253, 187, 90, 91, 204, 124, 173, 56, 236, 247, 164,
       159, 59, 151, 28, 151, 50, 182, 223, 78, 93, 41, 170, 95, 238, 95,
       245, 14, 88, 178, 155, 69, 245, 186, 202, 31, 23, 84, 19, 172,
       222, 103, 204, 221, 121, 179, 211, 6, 156, 90, 243, 7, 86, 154,
       107, 146, 93, 45, 222, 78, 209, 228, 212, 235, 116, 95, 152, 3,
       254, 158, 170, 72, 119, 219, 254, 87, 214, 253, 254, 152, 66, 255,
       224, 127, 126, 207, 175, 166, 247, 172, 117, 190, 92, 120, 164,
       181, 127, 223, 234, 25, 238, 188, 43, 15, 60, 55, 185, 255, 221,
       151, 227, 44, 119, 113, 170, 243, 223, 207, 183, 247, 125, 94,
       119, 2, 141, 30, 189, 52, 150, 120, 39, 12, 4, 94, 3, 228, 43, 34,
       65, 232, 187, 131, 160, 124, 152, 17, 253, 231, 243, 218, 67, 16,
       8, 188, 10, 57, 151, 99, 206, 246, 210, 255, 119, 213, 69, 254,
       230, 121, 237, 182, 100, 126, 170, 23, 173, 255, 187, 37, 223,
       114, 239, 162, 192, 63, 142, 240, 249, 129, 216, 123, 89, 100,
       205, 233, 148, 126, 28, 118, 0, 177, 215, 189, 109, 42, 56, 18,
       74, 195, 180, 54, 113, 69, 24, 114, 0, 81, 153, 69, 249, 94, 18,
       254, 247, 34, 34, 61, 80, 173, 142, 255, 167, 77, 111, 43, 90, 55,
       245, 237, 162, 8, 213, 137, 64, 210, 231, 106, 133, 165, 247, 47,
       83, 15, 124, 226, 177, 244, 151, 255, 215, 31, 239, 84, 151, 9,
       205, 247, 44, 127, 169, 23, 157, 231, 182, 52, 234, 119, 95, 191,
       164, 159, 221, 241, 221, 93, 29, 236, 165, 172, 78, 237, 191, 6,
       254, 158, 167, 223, 61, 211, 107, 7, 68, 125, 173, 233, 248, 245,
       136, 237, 107, 239, 148, 166, 252, 21, 121, 188, 93, 238, 229,
       180, 119, 255, 247, 84, 238, 254, 7, 91, 125, 179, 43, 127, 252,
       151, 239, 232, 246, 53, 142, 107, 203, 231, 129, 231, 248, 124,
       251, 42, 89, 118, 94, 125, 215, 154, 120, 143, 204, 181, 47, 104,
       221, 183, 165, 222, 241, 215, 103, 228, 35, 58, 253, 115, 91, 9,
       187, 87, 175, 62, 247, 95, 90, 255, 118, 102, 251, 191, 178, 189,
       234, 30, 239, 190, 252, 215, 170, 166, 245, 255, 71, 197, 229,
       230, 234, 214, 95, 109, 146, 111, 245, 15, 87, 220, 90, 186, 116,
       51, 250, 115, 82, 253, 206, 247, 173, 78, 252, 167, 238, 166, 117,
       236, 66, 133, 177, 164, 202, 210, 249, 97, 139, 206, 245, 45, 87,
       254, 106, 122, 224, 46, 57, 251, 194, 237, 164, 180, 187, 143,
       139, 215, 153, 106, 225, 207, 223, 44, 39, 228, 242, 146, 217,
       139, 125, 103, 189, 87, 192, 93, 1, 238, 37, 131, 54, 111, 24,
       101, 230, 111, 135, 75, 102, 155, 223, 118, 196, 168, 238, 221,
       208, 189, 168, 198, 235, 199, 5, 47, 247, 120, 84, 253, 74, 239,
       222, 12, 164, 75, 82, 196, 130, 214, 70, 49, 195, 177, 107, 76,
       224, 62, 206, 137, 135, 102, 168, 210, 233, 226, 136, 63, 185,
       112, 40, 157, 94, 238, 87, 178, 50, 110, 51, 117, 206, 95, 246,
       89, 34, 179, 239, 55, 238, 180, 174, 181, 212, 45, 206, 110, 239,
       103, 128, 175, 247, 232, 213, 3, 105, 233, 217, 102, 129, 249, 88,
       31, 224, 84, 202, 57, 206, 212, 40, 62, 185, 23, 221, 195, 54, 46,
       217, 86, 11, 187, 168, 125, 140, 115, 236, 3, 220, 187, 191, 52,
       135, 190, 246, 30, 202, 88, 195, 188, 222, 52, 96, 255, 123, 23,
       199, 195, 190, 18, 255, 37, 63, 190, 128, 29, 122, 49, 155, 106,
       99, 96, 40, 125, 153, 212, 77, 203, 108, 180, 173, 131, 140, 86,
       16, 200, 160, 197, 69, 206, 35, 230, 145, 242, 89, 33, 187, 87,
       31, 222, 215, 75, 155, 228, 77, 171, 50, 188, 63, 233, 219, 158,
       228, 232, 40, 150, 246, 38, 71, 252, 137, 197, 201, 231, 193, 6,
       126, 126, 143, 39, 244, 233, 109, 39, 47, 140, 133, 205, 13, 238,
       239, 130, 164, 172, 143, 34, 233, 83, 2, 76, 238, 67, 239, 76, 99,
       218, 40, 126, 9, 205, 61, 73, 126, 218, 210, 221, 107, 94, 174,
       44, 25, 110, 156, 237, 132, 182, 76, 239, 195, 235, 215, 98, 228,
       110, 238, 76, 99, 238, 232, 246, 241, 103, 25, 42, 243, 43, 12,
       171, 121, 118, 212, 109, 221, 252, 214, 201, 252, 244, 11, 168,
       156, 119, 167, 238, 169, 151, 213, 199, 123, 178, 248, 63, 89,
       135, 175, 87, 60, 127, 255, 252, 148, 126, 238, 117, 246, 90, 121,
       21, 79, 255, 18, 75, 127, 186, 244, 127, 156, 151, 168, 184, 182,
       57, 159, 251, 255, 161, 197, 55, 174, 124, 115, 180, 73, 43, 254,
       93, 197, 199, 96, 212, 140, 213, 7, 115, 205, 49, 64, 216, 232, 3,
       207, 72, 163, 122, 190, 113, 41, 130, 24, 17, 59, 116, 242, 37,
       223, 99, 73, 118, 195, 239, 248, 84, 72, 124, 230, 112, 196, 189,
       36, 126, 184, 22, 234, 195, 178, 44, 127, 60, 12, 165, 236, 117,
       187, 116, 253, 174, 217, 103, 217, 237, 213, 185, 204, 159, 92,
       84, 131, 136, 220, 119, 237, 222, 121, 179, 215, 214, 122, 126,
       241, 15, 89, 139, 239, 23, 29, 117, 246, 34, 249, 115, 218, 253,
       213, 222, 245, 139, 93, 189, 47, 44, 252, 62, 164, 239, 243, 151,
       199, 215, 43, 58, 245, 59, 92, 142, 251, 95, 95, 231, 223, 13, 54,
       249, 225, 246, 63, 251, 210, 95, 237, 127, 246, 153, 13, 218, 40,
       63, 29, 23, 189, 183, 176, 109, 194, 206, 221, 171, 228, 239, 207,
       209, 241, 83, 185, 55, 152, 155, 252, 185, 119, 175, 89, 174, 84,
       188, 158, 70, 246, 167, 55, 251, 21, 151, 9, 178, 245, 157, 254,
       26, 90, 10, 4, 163, 127, 11, 219, 104, 139, 114, 149, 186, 244,
       15, 77, 92, 231, 40, 142, 246, 228, 126, 75, 151, 223, 199, 26,
       172, 245, 46, 29, 174, 238, 31, 134, 171, 221, 251, 80, 98, 236,
       101, 86, 120, 80, 241, 206, 247, 47, 75, 223, 191, 221, 254, 189,
       183, 231, 140, 247, 178, 192, 87, 121, 192, 139, 111, 175, 126,
       215, 180, 233, 19, 238, 85, 205, 66, 96, 227, 136, 225, 8, 115,
       219, 57, 48, 248, 232, 85, 234, 74, 39, 90, 63, 179, 220, 129, 56,
       113, 43, 114, 130, 59, 179, 224, 65, 247, 91, 176, 223, 27, 253,
       252, 191, 10, 188, 214, 165, 255, 155, 151, 81, 158, 122, 124,
       208, 127, 89, 157, 255, 247, 12, 222, 223, 27, 28, 123, 252, 118,
       246, 255, 115, 117, 78, 94, 130, 121, 15, 182, 97, 126, 191, 151,
       174, 233, 155, 52, 205, 115, 239, 186, 128, 39, 192, 97, 249, 40,
       123, 88, 233, 116, 155, 90, 92, 19, 236, 252, 239, 59, 13, 131,
       144, 94, 184, 135, 84, 207, 58, 64, 188, 254, 221, 37, 185, 127,
       158, 94, 219, 34, 67, 114, 201, 117, 145, 252, 103, 13, 5, 248,
       163, 40, 175, 52, 196, 254, 187, 151, 133, 198, 186, 64, 221, 54,
       92, 142, 139, 87, 222, 248, 143, 44, 251, 122, 105, 118, 147, 115,
       248, 87, 172, 116, 239, 91, 93, 163, 16, 94, 184, 135, 122, 202,
       178, 104, 29, 126, 205, 33, 229, 127, 171, 110, 147, 177, 215,
       123, 79, 118, 195, 239, 248, 84, 76, 125, 230, 115, 69, 189, 96,
       126, 216, 22, 234, 201, 178, 44, 63, 119, 173, 161, 128, 117, 187,
       116, 249, 26, 191, 115, 234, 113, 213, 123, 119, 45, 77, 124, 96,
       60, 159, 160, 52, 166, 59, 149, 216, 210, 152, 32, 255, 251, 221,
       34, 195, 34, 134, 167, 251, 203, 126, 100, 223, 102, 148, 191,
       246, 169, 206, 86, 231, 61, 14, 151, 231, 46, 247, 247, 199, 229,
       236, 182, 237, 118, 123, 254, 138, 47, 149, 39, 253, 221, 76, 238,
       214, 132, 118, 239, 48, 244, 206, 215, 130, 121, 117, 179, 107,
       120, 228, 189, 239, 168, 213, 45, 234, 99, 43, 239, 129, 167, 247,
       124, 96, 139, 253, 122, 233, 247, 213, 188, 119, 141, 76, 124,
