%YAML:1.0
---
descriptors: !!opencv-matrix
   rows: 163
   cols: 32
   dt: u
   data: [ 94, 30, 156, 190, 170, 96, 30, 138, 142, 158, 155, 33, 236,
       119, 225, 74, 199, 115, 189, 131, 16, 1, 203, 242, 128, 247, 123,
       155, 144, 115, 37, 19, 11, 208, 99, 73, 37, 148, 168, 182, 109,
       75, 126, 212, 152, 30, 156, 252, 183, 12, 52, 156, 215, 156, 165,
       231, 14, 126, 190, 198, 14, 132, 251, 61, 186, 41, 234, 166, 79,
       82, 90, 97, 20, 196, 199, 135, 97, 236, 115, 128, 120, 236, 179,
       199, 28, 211, 191, 138, 219, 71, 139, 137, 39, 175, 124, 82, 1,
       158, 27, 250, 240, 165, 57, 87, 238, 89, 88, 116, 188, 147, 160,
       104, 231, 27, 30, 28, 147, 9, 34, 247, 201, 221, 58, 202, 152, 64,
       161, 187, 222, 32, 202, 231, 102, 34, 233, 72, 49, 130, 247, 178,
       89, 139, 245, 222, 126, 141, 55, 185, 32, 215, 132, 194, 84, 233,
       235, 168, 165, 161, 99, 160, 6, 68, 168, 155, 85, 247, 186, 202,
       30, 103, 85, 19, 140, 222, 127, 72, 217, 25, 147, 149, 38, 156,
       121, 211, 77, 23, 155, 231, 144, 13, 29, 214, 48, 221, 123, 109,
       84, 207, 231, 247, 84, 236, 126, 2, 51, 61, 177, 32, 122, 250, 6,
       232, 200, 184, 48, 62, 103, 239, 164, 0, 117, 250, 116, 248, 3,
       174, 203, 249, 20, 139, 233, 83, 22, 67, 94, 242, 177, 233, 176,
       96, 123, 170, 23, 152, 251, 184, 101, 223, 204, 143, 187, 192,
       165, 136, 112, 168, 2, 203, 6, 157, 87, 134, 188, 231, 31, 8, 82,
       231, 172, 138, 51, 196, 236, 107, 179, 197, 198, 216, 2, 253, 36,
       50, 222, 130, 30, 28, 57, 157, 104, 57, 186, 96, 113, 205, 89, 80,
       169, 164, 172, 9, 159, 151, 65, 18, 134, 181, 93, 88, 8, 11, 176,
       0, 219, 217, 0, 121, 66, 130, 71, 250, 11, 182, 186, 251, 118,
       167, 185, 83, 94, 105, 125, 118, 156, 185, 180, 96, 255, 59, 23,
       157, 179, 188, 32, 215, 78, 95, 58, 194, 221, 128, 161, 161, 10,
       75, 2, 140, 119, 208, 190, 103, 173, 132, 218, 163, 172, 158, 52,
       196, 238, 187, 223, 193, 68, 139, 0, 237, 176, 116, 138, 139, 7,
       22, 45, 223, 23, 13, 74, 190, 148, 167, 239, 119, 148, 200, 219,
       199, 121, 230, 179, 64, 124, 170, 63, 140, 217, 155, 46, 254, 248,
       175, 175, 192, 189, 202, 177, 121, 19, 165, 107, 201, 244, 194,
       172, 119, 6, 65, 90, 199, 57, 46, 182, 160, 126, 155, 23, 141,
       223, 184, 5, 199, 62, 108, 190, 192, 229, 196, 185, 221, 57, 189,
       87, 254, 190, 145, 198, 247, 212, 0, 216, 98, 115, 248, 177, 224,
       94, 250, 14, 91, 235, 171, 78, 191, 186, 207, 164, 8, 125, 154,
       120, 137, 21, 94, 107, 239, 118, 18, 239, 248, 85, 202, 223, 230,
       121, 239, 177, 96, 126, 253, 55, 239, 233, 179, 45, 238, 246, 239,
       171, 128, 63, 251, 112, 241, 247, 31, 111, 132, 230, 18, 190, 115,
       169, 196, 222, 231, 73, 174, 183, 115, 126, 229, 183, 229, 228,
       147, 164, 204, 54, 40, 239, 140, 45, 180, 119, 213, 14, 185, 186,
       190, 251, 211, 191, 237, 159, 76, 124, 163, 236, 255, 38, 64, 254,
       123, 183, 195, 82, 147, 42, 253, 255, 87, 143, 171, 146, 30, 167,
       211, 23, 70, 203, 235, 22, 162, 235, 80, 52, 192, 219, 230, 81,
       199, 177, 96, 126, 169, 23, 191, 139, 149, 4, 206, 240, 172, 170,
       128, 189, 187, 49, 176, 143, 240, 179, 218, 199, 245, 187, 200,
       223, 95, 85, 22, 204, 222, 109, 237, 247, 89, 178, 211, 163, 101,
       58, 241, 25, 91, 219, 238, 146, 31, 37, 247, 238, 188, 191, 255,
       253, 125, 183, 251, 187, 255, 253, 125, 254, 252, 78, 59, 191,
       223, 255, 19, 183, 103, 250, 247, 127, 127, 127, 255, 207, 127,
       199, 247, 18, 77, 215, 212, 86, 130, 238, 230, 185, 130, 90, 66,
       45, 171, 53, 199, 106, 237, 23, 201, 96, 251, 4, 236, 176, 130,
       206, 0, 37, 121, 49, 168, 43, 23, 107, 201, 244, 183, 251, 87, 86,
       73, 95, 102, 57, 125, 182, 32, 124, 58, 151, 157, 147, 186, 37,
       223, 111, 77, 170, 192, 159, 202, 252, 241, 134, 112, 160, 147,
       69, 197, 185, 200, 31, 61, 81, 19, 140, 222, 109, 13, 217, 25,
       147, 211, 66, 212, 122, 208, 13, 16, 219, 47, 148, 29, 21, 230,
       37, 21, 127, 73, 244, 6, 239, 113, 84, 72, 127, 66, 81, 21, 180,
       96, 126, 156, 22, 234, 249, 178, 53, 14, 119, 175, 160, 196, 111,
       139, 240, 177, 121, 134, 111, 69, 22, 42, 105, 55, 116, 99, 254,
       246, 51, 33, 144, 96, 106, 166, 44, 140, 185, 184, 101, 15, 94,
       175, 178, 192, 239, 136, 240, 57, 244, 2, 195, 188, 78, 34, 233,
       88, 20, 134, 243, 214, 65, 195, 177, 73, 124, 172, 38, 142, 168,
       247, 134, 200, 212, 162, 235, 136, 61, 169, 112, 160, 143, 32,
       231, 225, 70, 98, 168, 64, 41, 179, 115, 242, 29, 143, 221, 63,
       127, 157, 23, 185, 144, 246, 133, 192, 22, 72, 251, 228, 231, 161,
       35, 160, 24, 142, 106, 249, 20, 171, 235, 115, 126, 1, 95, 194,
       181, 171, 176, 96, 115, 42, 23, 28, 179, 184, 37, 223, 204, 239,
       178, 192, 181, 136, 113, 168, 3, 148, 123, 233, 50, 167, 184, 115,
       61, 73, 123, 246, 189, 255, 168, 96, 127, 59, 23, 177, 147, 184,
       0, 223, 78, 223, 186, 194, 189, 130, 161, 145, 40, 222, 123, 222,
       118, 193, 250, 246, 23, 64, 116, 226, 61, 205, 176, 32, 126, 185,
       23, 203, 195, 190, 4, 255, 118, 205, 170, 168, 127, 154, 120, 153,
       11, 159, 104, 187, 246, 149, 186, 119, 31, 77, 92, 231, 173, 142,
       182, 96, 238, 59, 151, 149, 215, 24, 36, 247, 110, 93, 186, 232,
       29, 140, 153, 221, 19, 151, 74, 172, 180, 130, 111, 119, 148, 129,
       218, 231, 121, 239, 176, 64, 126, 171, 31, 157, 218, 155, 36, 223,
       248, 173, 174, 200, 189, 202, 177, 120, 131, 29, 7, 157, 118, 134,
       169, 55, 60, 65, 82, 214, 180, 38, 176, 229, 102, 47, 18, 141,
       181, 152, 53, 207, 4, 34, 186, 128, 12, 4, 49, 253, 42, 233, 32,
       218, 221, 213, 158, 237, 159, 13, 156, 11, 44, 253, 110, 0, 221,
       187, 147, 209, 94, 43, 202, 247, 59, 84, 156, 251, 83, 30, 190,
       206, 172, 149, 122, 123, 244, 239, 121, 216, 124, 25, 117, 16, 93,
       219, 40, 25, 155, 58, 23, 56, 50, 176, 24, 95, 111, 155, 33, 69,
       218, 131, 238, 131, 189, 74, 204, 97, 172, 50, 78, 154, 19, 254,
       182, 247, 83, 45, 211, 190, 95, 196, 52, 254, 173, 246, 237, 162,
       202, 239, 229, 149, 255, 253, 120, 81, 56, 77, 119, 228, 22, 78,
       79, 116, 160, 132, 250, 75, 127, 23, 33, 80, 122, 245, 79, 106,
       72, 187, 16, 46, 241, 237, 38, 16, 99, 186, 103, 105, 198, 2, 218,
       152, 194, 160, 57, 71, 60, 23, 67, 179, 12, 134, 38, 89, 231, 151,
       171, 148, 50, 223, 3, 226, 85, 38, 250, 207, 133, 69, 165, 115, 7,
       145, 46, 139, 213, 214, 186, 105, 143, 85, 77, 151, 204, 254, 62,
       224, 252, 3, 147, 167, 151, 153, 63, 213, 47, 60, 139, 71, 29, 6,
       185, 214, 62, 205, 150, 254, 141, 167, 94, 236, 95, 190, 241, 3,
       111, 235, 125, 204, 249, 235, 47, 227, 110, 243, 27, 255, 187,
       222, 207, 47, 179, 127, 248, 130, 5, 249, 203, 179, 182, 138, 235,
       176, 124, 193, 82, 230, 149, 8, 144, 96, 55, 108, 22, 223, 241,
       252, 13, 110, 44, 46, 62, 192, 237, 153, 209, 177, 151, 143, 64,
       187, 222, 177, 174, 227, 172, 64, 89, 215, 169, 106, 178, 193,
       111, 171, 27, 175, 180, 26, 77, 255, 60, 12, 175, 232, 189, 230,
       185, 132, 93, 93, 59, 238, 176, 228, 95, 144, 172, 72, 93, 100,
       255, 255, 33, 112, 246, 123, 29, 98, 153, 3, 186, 233, 241, 253,
       42, 136, 24, 115, 161, 115, 99, 126, 83, 204, 122, 181, 186, 214,
       169, 200, 248, 236, 60, 222, 165, 180, 238, 113, 214, 225, 135, 3,
       38, 253, 50, 28, 170, 170, 13, 151, 43, 157, 76, 152, 122, 89, 55,
       240, 179, 16, 254, 65, 71, 34, 156, 221, 242, 104, 114, 56, 187,
       24, 19, 9, 190, 213, 95, 109, 163, 111, 54, 135, 117, 115, 58,
       189, 41, 142, 31, 87, 151, 238, 159, 238, 156, 175, 44, 188, 39,
       0, 237, 83, 215, 227, 238, 43, 58, 255, 115, 87, 157, 191, 87,
       126, 55, 255, 14, 187, 170, 190, 127, 149, 187, 232, 159, 140, 93,
       175, 236, 254, 38, 64, 254, 121, 179, 199, 150, 187, 58, 253, 127,
