%YAML:1.0
---
descriptors: !!opencv-matrix
   rows: 184
   cols: 32
   dt: u
   data: [ 3, 156, 3, 159, 116, 183, 170, 82, 31, 73, 91, 230, 188, 222,
       180, 228, 254, 43, 23, 141, 151, 152, 54, 255, 4, 62, 186, 128,
       30, 142, 49, 221, 114, 81, 246, 164, 45, 94, 80, 104, 41, 172,
       243, 11, 78, 62, 7, 214, 248, 213, 237, 227, 76, 227, 209, 200,
       147, 240, 195, 23, 35, 46, 124, 86, 170, 117, 112, 97, 173, 125,
       94, 28, 107, 108, 61, 25, 143, 29, 86, 182, 142, 153, 213, 115,
       206, 52, 213, 210, 231, 217, 1, 183, 103, 223, 206, 199, 42, 176,
       80, 137, 93, 93, 184, 200, 15, 53, 180, 11, 142, 30, 78, 148, 235,
       145, 207, 17, 6, 43, 91, 213, 157, 16, 155, 127, 87, 12, 95, 206,
       108, 113, 121, 229, 48, 95, 122, 24, 57, 104, 251, 173, 223, 31,
       25, 144, 158, 221, 221, 98, 13, 176, 209, 12, 231, 253, 33, 149,
       106, 163, 70, 83, 10, 124, 51, 248, 127, 245, 186, 66, 191, 11,
       219, 51, 172, 222, 53, 232, 255, 185, 223, 145, 163, 7, 48, 255,
       151, 87, 154, 251, 151, 13, 45, 183, 141, 204, 172, 183, 172, 38,
       237, 172, 158, 255, 6, 17, 213, 239, 91, 75, 213, 103, 121, 255,
       54, 84, 219, 48, 237, 131, 255, 132, 128, 123, 145, 226, 26, 105,
       122, 252, 119, 208, 186, 102, 189, 132, 94, 163, 45, 159, 38, 112,
       238, 187, 151, 193, 68, 155, 32, 239, 115, 109, 186, 131, 39, 4,
       47, 235, 153, 205, 111, 237, 20, 199, 239, 242, 85, 224, 218, 198,
       49, 87, 49, 229, 126, 232, 31, 238, 233, 184, 53, 255, 181, 233,
       171, 128, 61, 185, 112, 120, 222, 54, 236, 118, 171, 50, 92, 11,
       115, 250, 135, 253, 75, 106, 95, 219, 183, 199, 253, 182, 188, 69,
       207, 162, 218, 255, 213, 151, 174, 245, 218, 23, 125, 72, 237,
       101, 140, 111, 199, 156, 83, 242, 182, 10, 211, 125, 89, 107, 89,
       196, 125, 239, 233, 118, 255, 2, 209, 239, 229, 60, 229, 123, 80,
       32, 58, 115, 227, 65, 227, 127, 177, 95, 7, 237, 255, 247, 10,
       156, 238, 108, 252, 157, 167, 144, 143, 242, 229, 192, 95, 89,
       183, 199, 227, 78, 228, 255, 9, 50, 57, 97, 112, 140, 113, 17,
       109, 73, 118, 76, 158, 23, 128, 48, 134, 24, 84, 28, 147, 184, 48,
       68, 199, 249, 48, 192, 74, 128, 67, 249, 73, 152, 187, 172, 52,
       220, 120, 51, 106, 73, 90, 100, 191, 155, 144, 242, 230, 165, 124,
       13, 157, 24, 177, 79, 222, 253, 50, 200, 12, 128, 33, 57, 139,
       187, 231, 155, 107, 223, 186, 209, 63, 213, 116, 167, 41, 206,
       246, 164, 254, 233, 183, 215, 199, 218, 190, 241, 30, 88, 154,
       170, 127, 143, 45, 221, 62, 254, 227, 251, 247, 247, 255, 255, 31,
       239, 255, 119, 107, 255, 190, 228, 255, 235, 183, 157, 187, 191,
       105, 255, 255, 239, 191, 195, 247, 206, 245, 243, 174, 48, 250,
       82, 237, 253, 249, 218, 251, 255, 181, 63, 8, 156, 95, 63, 175,
       153, 247, 17, 134, 119, 254, 192, 95, 89, 87, 175, 199, 77, 71,
       247, 14, 148, 57, 251, 253, 255, 187, 219, 31, 127, 93, 55, 220,
       255, 110, 100, 255, 27, 159, 17, 179, 188, 123, 215, 207, 223,
       187, 231, 158, 13, 149, 247, 91, 186, 237, 213, 54, 26, 233, 55,
       116, 233, 86, 246, 249, 38, 146, 101, 118, 172, 63, 141, 185, 220,
       101, 207, 204, 111, 187, 192, 47, 132, 113, 253, 141, 220, 252,
       83, 114, 126, 127, 182, 56, 127, 118, 188, 223, 55, 139, 57, 23,
       92, 149, 62, 161, 244, 121, 46, 111, 207, 116, 196, 230, 241, 79,
       113, 128, 189, 254, 87, 254, 207, 167, 255, 127, 255, 246, 50,
       240, 245, 198, 103, 111, 254, 110, 136, 178, 253, 171, 243, 125,
       190, 87, 66, 199, 184, 231, 237, 181, 193, 73, 110, 12, 1, 70,
       248, 86, 16, 225, 202, 115, 193, 57, 33, 88, 200, 42, 238, 107,
       39, 95, 61, 240, 201, 193, 60, 117, 187, 112, 160, 28, 20, 23,
       250, 227, 103, 85, 91, 189, 31, 97, 16, 30, 115, 41, 89, 231, 155,
       23, 34, 56, 210, 18, 220, 209, 211, 82, 2, 178, 113, 39, 35, 143,
       141, 167, 159, 181, 246, 191, 231, 253, 207, 218, 19, 236, 254,
       54, 228, 249, 107, 187, 177, 180, 251, 62, 238, 45, 118, 143, 195,
       150, 124, 165, 207, 211, 95, 206, 156, 226, 50, 46, 246, 181, 142,
       222, 247, 41, 170, 183, 75, 111, 231, 191, 206, 252, 203, 134,
       234, 50, 39, 254, 138, 173, 245, 168, 95, 74, 48, 150, 186, 105,
       205, 48, 71, 175, 29, 99, 25, 174, 223, 106, 152, 160, 59, 235,
       17, 22, 205, 18, 245, 147, 209, 26, 107, 2, 4, 143, 219, 159, 247,
       111, 243, 244, 70, 239, 252, 55, 121, 223, 246, 89, 79, 220, 97,
       127, 206, 55, 255, 251, 244, 173, 247, 254, 239, 175, 196, 175,
       147, 240, 241, 245, 14, 79, 103, 50, 42, 75, 56, 112, 170, 243,
       236, 115, 97, 153, 112, 54, 228, 76, 238, 169, 182, 109, 31, 208,
       175, 33, 144, 109, 163, 98, 49, 41, 145, 107, 205, 116, 214, 235,
       112, 84, 77, 127, 130, 121, 125, 190, 96, 126, 168, 23, 237, 145,
       186, 53, 221, 119, 45, 162, 192, 55, 142, 116, 249, 145, 114, 75,
       189, 36, 135, 107, 120, 118, 200, 211, 230, 115, 195, 177, 97,
       118, 168, 60, 238, 233, 213, 45, 29, 192, 171, 163, 128, 60, 179,
       112, 81, 11, 95, 66, 157, 242, 146, 174, 246, 180, 200, 90, 231,
       169, 226, 179, 196, 102, 107, 50, 207, 197, 152, 6, 238, 36, 46,
       174, 128, 62, 246, 41, 221, 194, 176, 188, 246, 235, 205, 180, 79,
       171, 251, 33, 57, 172, 254, 70, 27, 167, 23, 251, 17, 86, 111,
       154, 209, 31, 18, 95, 127, 192, 68, 143, 223, 75, 82, 255, 253,
       102, 26, 253, 180, 173, 90, 86, 231, 221, 111, 191, 127, 230, 85,
       63, 111, 133, 213, 175, 192, 214, 251, 250, 134, 14, 247, 33, 125,
       142, 171, 254, 191, 247, 151, 248, 254, 191, 53, 86, 151, 125,
       239, 50, 193, 255, 255, 191, 213, 54, 217, 27, 255, 126, 239, 255,
       197, 183, 148, 173, 219, 107, 179, 249, 235, 124, 89, 249, 157,
       11, 125, 181, 239, 188, 31, 222, 114, 207, 155, 255, 21, 215, 10,
       235, 209, 206, 221, 190, 254, 30, 142, 223, 249, 141, 220, 252,
       119, 115, 126, 123, 180, 57, 255, 119, 176, 223, 63, 143, 189, 55,
       213, 149, 46, 160, 212, 125, 238, 79, 255, 116, 133, 230, 245, 79,
       113, 170, 113, 112, 169, 77, 125, 240, 76, 15, 61, 189, 27, 142,
       28, 78, 132, 234, 145, 223, 241, 14, 38, 91, 209, 151, 16, 139,
       127, 87, 15, 223, 214, 41, 10, 41, 109, 124, 31, 201, 19, 79, 104,
       124, 76, 179, 29, 146, 48, 204, 44, 86, 12, 137, 190, 97, 156,
       199, 221, 48, 176, 90, 136, 82, 249, 142, 211, 183, 251, 178, 194,
       171, 152, 174, 93, 83, 231, 221, 87, 169, 204, 118, 61, 63, 221,
       131, 144, 59, 221, 205, 230, 171, 196, 158, 147, 37, 241, 134,
       123, 167, 139, 234, 193, 191, 192, 142, 220, 89, 231, 156, 206,
       229, 66, 238, 121, 59, 215, 195, 145, 62, 242, 76, 4, 175, 160,
       28, 51, 53, 243, 78, 96, 150, 156, 73, 93, 176, 72, 111, 178, 227,
       9, 204, 216, 79, 206, 233, 77, 234, 3, 4, 119, 219, 208, 23, 50,
       91, 47, 90, 45, 43, 134, 131, 30, 223, 245, 50, 170, 57, 55, 60,
       235, 82, 244, 189, 55, 128, 121, 38, 63, 63, 128, 177, 220, 33,
       78, 204, 182, 58, 130, 140, 192, 161, 185, 89, 95, 94, 229, 50, 6,
       109, 55, 60, 192, 94, 230, 157, 39, 145, 97, 102, 245, 61, 236,
       225, 152, 21, 78, 228, 239, 238, 128, 45, 240, 33, 57, 135, 95,
       99, 138, 118, 134, 170, 112, 156, 72, 219, 231, 56, 206, 181, 192,
       126, 169, 19, 239, 197, 147, 20, 239, 52, 44, 170, 200, 29, 31,
       49, 213, 185, 77, 110, 237, 21, 215, 111, 118, 212, 136, 254, 2,
       51, 51, 177, 225, 104, 228, 30, 232, 233, 187, 53, 189, 247, 235,
       226, 0, 55, 184, 120, 40, 56, 93, 106, 238, 52, 215, 95, 125, 69,
       132, 254, 2, 123, 125, 179, 96, 122, 248, 23, 234, 200, 163, 52,
       175, 243, 237, 160, 129, 119, 186, 124, 107, 230, 56, 226, 218,
       205, 181, 218, 200, 147, 158, 245, 58, 72, 251, 109, 159, 253,
       249, 179, 210, 40, 71, 138, 242, 27, 90, 207, 239, 147, 127, 110,
       134, 247, 79, 103, 142, 84, 150, 239, 240, 209, 200, 218, 198,
       113, 104, 181, 229, 126, 228, 20, 239, 237, 171, 60, 238, 48, 46,
