%YAML:1.0
---
descriptors: !!opencv-matrix
   rows: 195
   cols: 32
   dt: u
   data: [ 227, 174, 214, 88, 203, 184, 116, 199, 187, 23, 36, 188, 40,
       162, 198, 191, 163, 171, 226, 20, 54, 79, 166, 243, 30, 126, 84,
       107, 138, 84, 234, 142, 74, 251, 252, 176, 170, 216, 60, 167, 171,
       125, 150, 249, 140, 190, 198, 222, 135, 87, 253, 81, 150, 77, 227,
       243, 238, 215, 62, 255, 134, 148, 143, 95, 203, 159, 109, 91, 166,
       208, 191, 191, 254, 91, 94, 247, 249, 126, 190, 97, 39, 115, 185,
       207, 247, 12, 47, 255, 110, 47, 254, 192, 31, 196, 181, 125, 253,
       64, 237, 102, 141, 71, 207, 173, 214, 246, 147, 11, 211, 124, 81,
       107, 89, 196, 125, 239, 233, 103, 255, 40, 241, 203, 253, 52, 101,
       123, 208, 98, 4, 140, 134, 151, 212, 143, 167, 235, 182, 179, 66,
       18, 244, 224, 41, 77, 121, 110, 34, 58, 49, 248, 11, 127, 236, 6,
       87, 68, 128, 120, 177, 168, 228, 140, 131, 158, 220, 3, 166, 239,
       22, 146, 192, 154, 113, 226, 41, 65, 121, 238, 34, 186, 112, 75,
       30, 63, 60, 166, 207, 108, 177, 120, 176, 160, 67, 168, 148, 157,
       24, 130, 40, 169, 190, 177, 66, 64, 236, 226, 72, 206, 113, 101,
       106, 152, 3, 200, 203, 93, 140, 178, 223, 68, 136, 32, 9, 140, 48,
       172, 206, 188, 92, 66, 168, 235, 22, 179, 96, 18, 113, 235, 36,
       89, 121, 237, 34, 176, 34, 223, 139, 223, 120, 38, 255, 101, 149,
       32, 115, 136, 177, 172, 198, 157, 156, 3, 198, 107, 86, 163, 176,
       154, 115, 104, 16, 1, 89, 238, 106, 45, 56, 239, 77, 31, 184, 6,
       213, 84, 197, 104, 82, 136, 2, 160, 215, 189, 78, 139, 168, 75,
       254, 177, 82, 66, 236, 232, 116, 74, 51, 109, 123, 17, 2, 249,
       139, 221, 29, 34, 95, 76, 5, 40, 49, 168, 50, 162, 206, 221, 92,
       3, 200, 111, 22, 177, 210, 26, 96, 232, 52, 73, 89, 237, 51, 185,
       40, 222, 207, 221, 28, 42, 223, 116, 37, 40, 112, 136, 21, 126, 7,
       153, 28, 251, 163, 226, 22, 230, 218, 231, 224, 224, 179, 132,
       105, 106, 202, 71, 237, 188, 111, 63, 172, 6, 239, 192, 29, 29,
       61, 252, 4, 173, 150, 151, 197, 143, 166, 224, 158, 183, 66, 2,
       228, 226, 105, 75, 249, 111, 34, 83, 98, 248, 27, 113, 45, 6, 223,
       3, 128, 122, 177, 138, 100, 140, 134, 158, 223, 129, 38, 232, 22,
       151, 192, 11, 100, 226, 105, 209, 89, 234, 34, 51, 114, 67, 74,
       63, 61, 6, 223, 109, 144, 122, 52, 138, 43, 167, 249, 205, 253,
       121, 254, 111, 79, 229, 248, 42, 40, 184, 246, 160, 251, 251, 198,
       129, 157, 58, 230, 218, 63, 95, 135, 59, 213, 126, 222, 204, 10,
       112, 182, 141, 77, 95, 176, 72, 207, 244, 254, 11, 204, 220, 127,
       134, 248, 61, 234, 97, 132, 99, 251, 221, 151, 115, 75, 63, 83,
       46, 47, 198, 219, 127, 255, 245, 254, 250, 124, 214, 255, 234,
       246, 246, 253, 239, 215, 115, 103, 255, 127, 204, 231, 221, 167,
       235, 254, 251, 255, 128, 47, 208, 161, 249, 142, 155, 34, 218,
       217, 151, 191, 252, 31, 76, 88, 231, 232, 222, 45, 197, 252, 59,
       179, 214, 243, 155, 122, 253, 55, 48, 143, 202, 154, 31, 161, 247,
       219, 247, 255, 255, 254, 146, 237, 255, 191, 219, 222, 246, 253,
       239, 188, 227, 127, 255, 127, 141, 227, 221, 167, 199, 182, 239,
       254, 128, 39, 208, 161, 249, 98, 96, 102, 220, 79, 131, 232, 72,
       143, 160, 195, 131, 64, 203, 116, 82, 250, 253, 123, 224, 6, 211,
       207, 213, 23, 58, 139, 47, 53, 139, 112, 134, 61, 223, 238, 95,
       254, 51, 239, 255, 119, 166, 254, 246, 115, 225, 191, 85, 127,
       238, 127, 174, 232, 243, 45, 63, 114, 239, 231, 128, 247, 250,
       240, 249, 61, 111, 83, 71, 114, 190, 99, 112, 112, 136, 111, 68,
       91, 195, 161, 244, 50, 236, 4, 250, 233, 146, 44, 46, 234, 237,
       33, 64, 107, 163, 106, 165, 250, 126, 63, 252, 109, 117, 93, 222,
       191, 91, 244, 127, 62, 191, 119, 127, 239, 211, 255, 129, 235,
       111, 178, 243, 215, 219, 250, 171, 19, 212, 102, 251, 207, 155,
       191, 248, 188, 157, 93, 123, 159, 93, 181, 61, 159, 255, 246, 115,
       207, 179, 255, 29, 187, 111, 170, 215, 251, 249, 59, 250, 150,
       140, 161, 115, 130, 236, 115, 123, 116, 169, 234, 78, 125, 1, 121,
       88, 173, 201, 28, 16, 154, 43, 87, 57, 50, 188, 136, 255, 36, 188,
       8, 96, 69, 131, 211, 136, 221, 67, 69, 197, 23, 26, 110, 184, 97,
       224, 255, 230, 75, 99, 152, 245, 126, 196, 252, 238, 233, 176,
       109, 204, 182, 248, 231, 132, 47, 183, 248, 36, 237, 66, 197, 71,
       100, 10, 111, 188, 113, 234, 119, 238, 219, 97, 153, 247, 126,
       196, 124, 238, 233, 244, 237, 202, 100, 250, 229, 132, 111, 255,
       82, 37, 27, 70, 65, 161, 182, 11, 239, 31, 52, 226, 90, 230, 221,
       3, 145, 96, 127, 141, 23, 189, 225, 148, 69, 206, 236, 175, 191,
       132, 173, 242, 49, 169, 49, 77, 127, 238, 20, 134, 103, 121, 116,
       192, 255, 66, 115, 225, 177, 112, 124, 236, 46, 107, 233, 179, 53,
       30, 240, 239, 39, 0, 125, 170, 112, 40, 81, 71, 75, 101, 48, 14,
       111, 60, 100, 232, 254, 198, 211, 39, 145, 112, 118, 204, 60, 238,
       201, 144, 101, 76, 244, 173, 162, 132, 109, 178, 96, 56, 92, 29,
       14, 174, 60, 82, 95, 56, 133, 198, 223, 38, 255, 103, 179, 67,
       118, 228, 253, 238, 73, 129, 59, 173, 242, 227, 231, 145, 62, 251,
       56, 83, 42, 97, 54, 141, 77, 95, 176, 72, 207, 164, 252, 11, 204,
       220, 103, 212, 248, 189, 235, 99, 4, 35, 211, 217, 151, 112, 11,
       63, 82, 47, 47, 134, 93, 36, 188, 165, 172, 94, 95, 57, 114, 238,
       150, 40, 223, 50, 195, 122, 215, 197, 124, 46, 237, 65, 237, 10,
       234, 255, 109, 177, 168, 248, 10, 67, 5, 136, 134, 151, 148, 139,
       36, 235, 246, 147, 66, 2, 224, 226, 232, 111, 113, 110, 34, 24,
       34, 216, 11, 125, 12, 38, 87, 68, 128, 104, 33, 172, 52, 132, 134,
       188, 218, 3, 6, 235, 22, 178, 192, 154, 97, 224, 33, 65, 89, 110,
       34, 56, 40, 222, 94, 31, 125, 134, 215, 108, 177, 104, 48, 136,
       28, 95, 67, 175, 118, 194, 111, 112, 52, 200, 95, 231, 93, 231,
       49, 64, 126, 253, 23, 239, 1, 146, 0, 206, 245, 229, 175, 128, 39,
       243, 52, 177, 32, 160, 198, 156, 92, 139, 192, 107, 86, 161, 242,
       26, 99, 224, 16, 9, 25, 236, 98, 12, 56, 251, 207, 31, 28, 38, 85,
       116, 101, 40, 82, 8, 4, 137, 135, 159, 201, 197, 164, 232, 190,
       150, 67, 0, 228, 242, 105, 195, 241, 102, 106, 82, 32, 217, 139,
       121, 13, 34, 79, 11, 128, 106, 37, 142, 177, 68, 107, 108, 84, 39,
       231, 123, 84, 66, 250, 90, 83, 104, 177, 97, 120, 172, 22, 47,
       237, 183, 53, 30, 48, 46, 161, 0, 125, 232, 112, 164, 3, 97, 102,
       235, 76, 137, 224, 68, 103, 49, 115, 66, 34, 136, 84, 73, 104,
       172, 107, 89, 138, 248, 199, 241, 20, 40, 146, 64, 109, 137, 240,
       140, 163, 107, 106, 203, 78, 169, 168, 68, 172, 48, 251, 131, 128,
       142, 212, 106, 110, 185, 91, 215, 198, 147, 206, 225, 22, 24, 138,
       232, 21, 155, 243, 132, 245, 148, 141, 183, 141, 102, 76, 186,
       146, 186, 131, 90, 87, 127, 25, 251, 209, 215, 125, 163, 125, 199,
       219, 140, 251, 227, 255, 20, 160, 121, 56, 2, 253, 113, 234, 102,
       236, 94, 199, 216, 243, 228, 181, 44, 91, 221, 223, 59, 62, 252,
       116, 122, 201, 247, 190, 8, 123, 233, 101, 60, 111, 179, 126, 241,
       98, 32, 98, 201, 79, 3, 168, 72, 173, 32, 210, 131, 0, 138, 52,
       64, 234, 157, 123, 161, 0, 147, 199, 208, 21, 56, 138, 27, 21, 8,
       115, 134, 253, 255, 103, 6, 252, 31, 198, 248, 193, 232, 189, 239,
       83, 76, 159, 181, 60, 228, 84, 111, 237, 115, 44, 12, 50, 72, 37,
       180, 111, 191, 82, 213, 228, 181, 252, 81, 232, 104, 244, 143,
       250, 179, 167, 56, 208, 123, 76, 59, 139, 87, 107, 144, 50, 108,
       219, 67, 111, 63, 85, 127, 201, 80, 203, 130, 70, 184, 150, 158,
       121, 221, 176, 232, 191, 157, 198, 45, 236, 254, 110, 198, 245,
       119, 235, 17, 6, 75, 187, 253, 29, 50, 79, 91, 130, 36, 45, 95,
       27, 7, 66, 109, 19, 58, 106, 127, 117, 164, 255, 166, 75, 35, 179,
       244, 123, 140, 142, 172, 173, 144, 37, 222, 190, 239, 135, 133,
