%YAML:1.0
---
descriptors: !!opencv-matrix
   rows: 202
   cols: 32
   dt: u
   data: [ 41, 113, 113, 65, 116, 31, 232, 85, 105, 105, 122, 70, 25, 28,
       212, 180, 126, 140, 22, 156, 133, 186, 245, 192, 6, 60, 162, 224,
       111, 138, 218, 189, 240, 161, 6, 152, 152, 129, 0, 109, 142, 48,
       129, 11, 228, 194, 104, 64, 216, 45, 106, 81, 90, 79, 203, 85,
       185, 32, 143, 125, 16, 10, 177, 130, 146, 98, 18, 156, 10, 131,
       236, 76, 60, 2, 226, 130, 166, 130, 33, 89, 120, 185, 74, 194, 72,
       135, 67, 89, 144, 160, 218, 24, 81, 16, 33, 8, 79, 126, 107, 39,
       50, 114, 63, 16, 49, 206, 95, 229, 221, 6, 131, 116, 54, 93, 253,
       246, 165, 208, 173, 110, 230, 117, 46, 130, 46, 247, 39, 117, 17,
       76, 91, 101, 50, 10, 111, 182, 116, 2, 106, 66, 247, 51, 129, 96,
       55, 124, 12, 168, 97, 180, 1, 46, 228, 175, 38, 0, 104, 178, 33,
       40, 131, 158, 166, 157, 119, 178, 184, 167, 30, 95, 82, 247, 236,
       170, 182, 205, 231, 43, 179, 133, 182, 216, 7, 247, 12, 54, 218,
       195, 156, 12, 185, 223, 212, 234, 140, 185, 136, 43, 32, 200, 38,
       179, 162, 24, 199, 131, 65, 91, 105, 196, 106, 210, 8, 87, 203,
       16, 220, 162, 223, 117, 160, 49, 2, 2, 98, 34, 237, 253, 125, 205,
       248, 24, 143, 156, 49, 3, 105, 205, 92, 2, 164, 177, 245, 145,
       134, 96, 138, 209, 15, 248, 137, 171, 119, 174, 84, 135, 138, 149,
       38, 157, 245, 214, 188, 103, 61, 65, 94, 19, 172, 188, 54, 197,
       228, 63, 179, 1, 117, 152, 81, 207, 39, 115, 218, 195, 30, 12,
       189, 159, 5, 130, 237, 213, 52, 154, 232, 184, 126, 144, 114, 66,
       243, 232, 220, 225, 123, 110, 46, 56, 163, 248, 239, 221, 12, 191,
       231, 68, 109, 168, 81, 44, 117, 87, 47, 70, 176, 6, 79, 176, 225,
       140, 239, 96, 83, 115, 138, 118, 80, 244, 124, 234, 201, 131, 41,
       12, 241, 175, 165, 144, 32, 243, 230, 97, 8, 187, 186, 120, 248,
       157, 185, 215, 63, 77, 124, 44, 191, 255, 226, 48, 191, 59, 215,
       28, 146, 58, 178, 117, 127, 221, 54, 232, 210, 128, 231, 249, 221,
       89, 214, 229, 22, 26, 239, 112, 101, 224, 247, 102, 91, 24, 149,
       231, 122, 196, 126, 250, 237, 245, 181, 200, 246, 233, 103, 4,
       111, 179, 104, 4, 26, 221, 18, 154, 211, 212, 182, 231, 173, 5,
       76, 3, 44, 254, 38, 196, 230, 59, 131, 192, 86, 137, 26, 255, 59,
       102, 30, 75, 50, 22, 173, 143, 248, 184, 252, 112, 171, 253, 80,
       87, 227, 91, 180, 56, 63, 153, 70, 187, 163, 179, 252, 16, 62,
       111, 178, 145, 219, 217, 80, 123, 235, 132, 206, 95, 53, 197, 97,
       202, 124, 151, 206, 248, 70, 72, 216, 66, 115, 216, 188, 228, 88,
       200, 22, 107, 207, 35, 111, 189, 58, 12, 165, 252, 127, 186, 240,
       165, 202, 120, 182, 212, 111, 248, 189, 6, 169, 206, 118, 41, 172,
       254, 55, 207, 166, 115, 255, 65, 100, 205, 178, 232, 71, 123, 90,
       139, 6, 117, 15, 223, 81, 159, 29, 101, 176, 46, 71, 55, 116, 170,
       106, 68, 247, 51, 128, 112, 20, 102, 108, 40, 185, 184, 81, 47,
       233, 175, 37, 16, 104, 226, 192, 41, 203, 158, 189, 247, 170, 255,
       180, 167, 253, 243, 242, 244, 239, 62, 134, 235, 199, 119, 253, 1,
       189, 252, 119, 175, 143, 243, 94, 147, 140, 108, 141, 31, 218, 30,
       126, 244, 41, 126, 92, 50, 185, 94, 182, 145, 239, 47, 23, 123,
       166, 247, 253, 170, 236, 197, 177, 237, 179, 251, 218, 147, 38,
       244, 103, 91, 93, 30, 188, 181, 172, 47, 84, 159, 51, 235, 154,
       125, 247, 121, 67, 91, 247, 231, 125, 39, 236, 206, 201, 42, 253,
       231, 125, 180, 172, 248, 154, 27, 202, 168, 149, 218, 236, 165,
       184, 135, 158, 27, 146, 248, 188, 218, 204, 207, 199, 55, 127, 25,
       51, 79, 194, 243, 28, 58, 90, 218, 148, 8, 131, 41, 58, 207, 106,
       254, 118, 210, 255, 117, 149, 4, 124, 163, 41, 239, 182, 196, 126,
       251, 135, 225, 218, 186, 36, 255, 114, 229, 174, 139, 55, 142,
       252, 219, 234, 170, 164, 240, 237, 253, 89, 207, 139, 191, 180,
       25, 138, 141, 86, 155, 205, 147, 255, 17, 30, 111, 234, 145, 223,
       217, 213, 255, 210, 204, 214, 123, 134, 190, 188, 219, 253, 183,
       56, 222, 31, 31, 116, 87, 172, 207, 103, 204, 239, 59, 179, 144,
       182, 220, 11, 243, 78, 223, 222, 99, 154, 205, 173, 159, 35, 93,
       99, 77, 116, 223, 230, 118, 77, 72, 120, 70, 56, 132, 181, 164,
       124, 170, 18, 76, 195, 186, 116, 255, 38, 60, 128, 8, 95, 158,
       114, 188, 125, 95, 107, 224, 100, 91, 207, 240, 73, 224, 190, 234,
       27, 29, 183, 52, 126, 228, 95, 110, 201, 179, 100, 174, 246, 221,
       160, 144, 103, 191, 86, 229, 72, 189, 186, 189, 249, 252, 120,
       151, 187, 219, 94, 17, 188, 255, 98, 90, 165, 127, 253, 21, 150,
       88, 154, 241, 207, 255, 127, 235, 130, 196, 171, 219, 23, 42, 239,
       189, 6, 2, 233, 88, 54, 241, 83, 231, 89, 138, 144, 104, 118, 141,
       55, 159, 159, 220, 231, 193, 204, 235, 235, 196, 173, 129, 48,
       209, 136, 158, 190, 243, 168, 106, 176, 182, 190, 255, 118, 245,
       236, 63, 202, 75, 167, 87, 239, 16, 183, 220, 139, 226, 78, 243,
       126, 199, 136, 65, 141, 219, 10, 221, 59, 255, 127, 213, 183, 230,
       31, 76, 92, 39, 172, 255, 39, 101, 231, 123, 151, 65, 99, 152, 58,
       255, 239, 247, 158, 139, 22, 29, 165, 255, 10, 151, 163, 137, 245,
       242, 190, 207, 31, 73, 88, 247, 140, 190, 60, 196, 255, 75, 147,
       149, 151, 154, 0, 247, 44, 118, 158, 199, 159, 78, 185, 223, 100,
       0, 151, 133, 220, 43, 224, 65, 108, 33, 227, 90, 214, 32, 12, 91,
       248, 132, 106, 41, 17, 243, 65, 68, 148, 34, 195, 84, 192, 40,
       242, 160, 138, 255, 112, 155, 251, 209, 190, 238, 31, 77, 92, 167,
       172, 206, 55, 132, 255, 123, 135, 213, 230, 8, 110, 255, 111, 85,
       159, 235, 23, 28, 173, 223, 196, 160, 157, 248, 232, 169, 233, 75,
       190, 27, 177, 112, 148, 147, 200, 123, 199, 19, 127, 24, 50, 79,
       194, 83, 204, 152, 123, 236, 144, 192, 163, 161, 131, 159, 102,
       157, 246, 179, 172, 231, 92, 67, 90, 247, 232, 40, 182, 229, 255,
       43, 146, 165, 245, 184, 5, 255, 44, 62, 154, 130, 93, 76, 249,
       157, 39, 149, 227, 203, 244, 115, 167, 207, 95, 103, 120, 182,
       128, 188, 254, 100, 219, 75, 19, 149, 151, 186, 124, 242, 44, 30,
       158, 238, 221, 94, 245, 255, 196, 32, 220, 249, 44, 41, 104, 138,
       174, 179, 162, 208, 151, 131, 73, 91, 99, 133, 106, 24, 2, 68,
       203, 80, 140, 160, 83, 124, 148, 193, 1, 0, 35, 157, 99, 223, 244,
       199, 239, 247, 93, 76, 124, 198, 112, 125, 182, 100, 125, 42, 19,
       172, 241, 184, 53, 255, 39, 46, 162, 192, 95, 200, 244, 253, 138,
       213, 38, 149, 193, 214, 188, 103, 61, 79, 86, 183, 172, 190, 38,
       193, 236, 63, 179, 133, 116, 220, 49, 197, 39, 115, 222, 195, 10,
       4, 173, 223, 103, 255, 161, 83, 245, 221, 239, 191, 123, 233, 60,
       104, 104, 253, 222, 164, 185, 234, 119, 217, 195, 120, 234, 243,
       63, 30, 181, 238, 195, 118, 222, 239, 42, 184, 34, 184, 77, 197,
       185, 207, 155, 93, 220, 159, 168, 204, 118, 4, 237, 187, 147, 149,
       150, 107, 242, 245, 95, 93, 154, 235, 23, 12, 183, 254, 42, 188,
       130, 90, 125, 241, 146, 198, 223, 7, 252, 41, 40, 248, 102, 132,
       217, 106, 130, 16, 6, 43, 26, 255, 59, 94, 21, 107, 219, 78, 254,
       142, 16, 205, 11, 173, 148, 130, 110, 167, 4, 0, 202, 66, 247, 99,
       48, 64, 112, 230, 10, 235, 73, 153, 17, 47, 225, 164, 142, 0, 52,
       170, 177, 40, 3, 156, 163, 159, 215, 226, 171, 71, 127, 67, 74,
       214, 172, 246, 180, 100, 245, 59, 50, 145, 179, 152, 55, 255, 45,
       54, 154, 194, 156, 68, 177, 252, 63, 190, 194, 161, 213, 185, 234,
       251, 63, 47, 249, 239, 139, 170, 218, 148, 125, 207, 166, 149,
       159, 58, 204, 211, 156, 228, 191, 236, 239, 78, 251, 149, 2, 251,
       6, 184, 107, 160, 56, 198, 175, 29, 82, 183, 172, 206, 38, 204,
       230, 59, 187, 213, 22, 137, 130, 241, 148, 112, 154, 203, 20, 4,
       173, 223, 41, 187, 115, 201, 116, 223, 235, 117, 79, 73, 124, 106,
       187, 221, 180, 36, 94, 58, 22, 88, 211, 184, 100, 253, 111, 28,
