%YAML:1.0
---
descriptors: !!opencv-matrix
   rows: 189
   cols: 32
   dt: u
   data: [ 102, 164, 145, 2, 252, 109, 153, 139, 154, 59, 49, 88, 214,
       124, 76, 10, 159, 19, 91, 49, 51, 102, 200, 82, 12, 30, 93, 126,
       208, 72, 131, 161, 202, 90, 182, 158, 107, 244, 189, 38, 169, 94,
       86, 33, 172, 254, 39, 79, 166, 115, 255, 67, 228, 77, 162, 233,
       71, 123, 90, 139, 22, 117, 45, 223, 194, 174, 148, 186, 169, 169,
       144, 143, 158, 23, 129, 57, 174, 232, 64, 155, 129, 115, 233, 17,
       54, 79, 202, 243, 137, 82, 93, 123, 144, 76, 143, 14, 81, 158, 27,
       101, 176, 174, 103, 183, 116, 169, 106, 68, 247, 51, 128, 112, 55,
       110, 76, 40, 185, 184, 17, 47, 232, 175, 36, 64, 232, 226, 129,
       41, 245, 116, 230, 7, 230, 59, 230, 88, 81, 226, 211, 126, 83,
       120, 159, 175, 59, 204, 118, 111, 253, 247, 157, 142, 48, 42, 101,
       180, 239, 255, 210, 197, 193, 162, 157, 249, 232, 172, 169, 11,
       190, 27, 113, 112, 149, 211, 200, 91, 199, 19, 126, 152, 50, 92,
       195, 81, 204, 186, 122, 108, 144, 128, 163, 161, 8, 187, 186, 120,
       248, 221, 185, 215, 47, 77, 124, 44, 191, 253, 226, 48, 191, 59,
       215, 28, 147, 122, 178, 117, 127, 221, 54, 232, 210, 130, 199,
       249, 242, 161, 2, 168, 156, 129, 70, 109, 142, 32, 160, 11, 166,
       194, 96, 81, 216, 169, 106, 211, 90, 15, 202, 85, 185, 160, 143,
       121, 16, 10, 178, 10, 23, 203, 70, 158, 122, 145, 206, 252, 132,
       4, 216, 231, 97, 206, 186, 64, 126, 235, 151, 239, 206, 139, 14,
       253, 50, 36, 174, 200, 55, 158, 56, 220, 36, 36, 151, 141, 92, 43,
       160, 73, 124, 163, 235, 82, 212, 96, 24, 139, 120, 140, 74, 41,
       49, 242, 193, 68, 148, 34, 195, 20, 193, 106, 243, 160, 12, 107,
       122, 225, 102, 157, 255, 208, 237, 4, 127, 142, 159, 141, 245, 35,
       166, 61, 95, 79, 192, 177, 160, 224, 215, 217, 34, 132, 102, 155,
       71, 225, 218, 12, 254, 244, 41, 126, 92, 50, 185, 158, 182, 17,
       239, 47, 23, 91, 167, 247, 253, 170, 236, 69, 147, 236, 147, 251,
       218, 147, 34, 245, 43, 75, 94, 95, 122, 228, 114, 214, 159, 112,
       169, 204, 190, 174, 125, 31, 167, 52, 182, 245, 149, 227, 233,
       131, 48, 238, 243, 253, 175, 155, 47, 183, 39, 119, 35, 93, 99,
       77, 117, 159, 238, 118, 93, 64, 120, 198, 56, 140, 181, 164, 92,
       170, 18, 76, 195, 186, 116, 255, 38, 60, 128, 8, 95, 158, 114,
       188, 2, 192, 28, 217, 116, 131, 57, 174, 30, 29, 86, 19, 252, 195,
       40, 73, 234, 27, 43, 144, 34, 188, 67, 245, 77, 50, 250, 193, 20,
       8, 165, 139, 5, 138, 253, 215, 116, 154, 232, 184, 126, 145, 114,
       66, 243, 104, 220, 225, 123, 238, 38, 216, 163, 248, 111, 253, 12,
       174, 231, 68, 237, 168, 97, 172, 21, 142, 205, 87, 148, 26, 230,
       176, 116, 210, 114, 210, 243, 104, 157, 225, 121, 230, 46, 62,
       251, 248, 109, 47, 172, 174, 101, 68, 237, 248, 216, 176, 245,
       116, 118, 7, 230, 26, 231, 120, 113, 226, 243, 238, 83, 56, 159,
       191, 122, 196, 124, 239, 237, 247, 157, 14, 48, 42, 101, 148, 239,
       251, 106, 5, 85, 62, 188, 181, 170, 47, 84, 159, 54, 235, 154,
       127, 215, 127, 67, 91, 215, 247, 125, 37, 172, 199, 201, 42, 253,
       231, 127, 180, 168, 120, 162, 27, 58, 207, 106, 254, 118, 210,
       255, 119, 149, 4, 124, 163, 45, 239, 166, 68, 126, 251, 135, 228,
       214, 186, 36, 255, 118, 229, 174, 139, 55, 142, 252, 219, 39, 255,
       227, 211, 244, 179, 190, 239, 95, 117, 90, 246, 192, 236, 254, 36,
       223, 75, 51, 149, 151, 250, 173, 243, 44, 30, 159, 230, 213, 94,
       241, 220, 180, 237, 148, 219, 205, 173, 228, 207, 254, 179, 234,
       26, 194, 224, 93, 11, 105, 206, 106, 25, 58, 251, 219, 114, 189,
       134, 215, 116, 225, 88, 211, 128, 45, 186, 193, 133, 228, 189,
       235, 210, 46, 235, 250, 238, 153, 226, 210, 252, 125, 238, 38,
       157, 159, 186, 239, 227, 156, 180, 191, 236, 237, 207, 242, 245,
       17, 79, 99, 165, 20, 2, 111, 240, 53, 134, 222, 199, 115, 35, 177,
       69, 126, 236, 31, 238, 232, 177, 37, 140, 244, 238, 162, 128, 47,
       186, 112, 232, 116, 12, 83, 157, 94, 171, 162, 66, 60, 130, 226,
       66, 118, 130, 1, 89, 122, 229, 106, 98, 32, 183, 65, 108, 148,
       166, 67, 16, 193, 105, 99, 128, 10, 251, 6, 184, 107, 176, 184,
       198, 175, 29, 82, 181, 172, 142, 38, 76, 230, 59, 187, 213, 22,
       141, 2, 241, 150, 112, 26, 203, 22, 5, 173, 223, 41, 187, 115,
       201, 118, 223, 235, 245, 79, 105, 124, 106, 187, 221, 180, 36, 94,
       186, 22, 88, 211, 184, 116, 253, 111, 28, 36, 232, 127, 138, 211,
       253, 49, 85, 98, 73, 118, 63, 238, 123, 69, 72, 253, 102, 83, 24,
       183, 164, 126, 168, 22, 239, 205, 178, 117, 158, 54, 12, 160, 128,
       127, 255, 122, 149, 35, 159, 99, 223, 244, 183, 175, 247, 92, 75,
       122, 214, 240, 124, 180, 228, 125, 106, 18, 141, 241, 184, 53,
       255, 37, 62, 186, 194, 95, 200, 241, 253, 202, 181, 134, 30, 153,
       191, 128, 111, 158, 59, 203, 93, 228, 240, 42, 207, 193, 38, 234,
       17, 54, 75, 155, 55, 152, 54, 91, 123, 154, 78, 185, 14, 8, 185,
       59, 105, 240, 221, 251, 247, 47, 77, 124, 8, 188, 223, 242, 48,
       190, 59, 23, 92, 146, 186, 178, 117, 111, 221, 38, 232, 82, 130,
       167, 249, 208, 217, 31, 102, 8, 78, 71, 176, 224, 144, 162, 72,
       247, 55, 1, 115, 34, 244, 108, 106, 105, 65, 155, 44, 241, 233,
       100, 16, 104, 178, 2, 56, 54, 207, 98, 138, 28, 147, 206, 248,
       151, 4, 217, 199, 97, 206, 191, 196, 94, 169, 151, 239, 206, 163,
       78, 191, 56, 4, 171, 248, 55, 159, 120, 220, 26, 221, 82, 186,
       215, 209, 182, 230, 149, 4, 92, 163, 108, 222, 46, 196, 110, 251,
       147, 195, 70, 139, 30, 255, 59, 231, 142, 75, 55, 22, 173, 207,
       69, 162, 156, 185, 104, 168, 104, 10, 174, 51, 99, 80, 149, 131,
       192, 91, 67, 13, 106, 28, 50, 212, 203, 80, 204, 162, 123, 100,
       152, 129, 1, 128, 223, 119, 43, 34, 242, 118, 31, 184, 57, 206,
       127, 229, 93, 86, 143, 245, 182, 221, 221, 230, 237, 150, 189,
       110, 227, 121, 46, 134, 10, 247, 39, 117, 106, 184, 184, 248, 253,
       253, 177, 207, 139, 125, 52, 25, 172, 157, 86, 10, 141, 27, 247,
       17, 146, 107, 250, 241, 95, 93, 31, 255, 210, 12, 215, 219, 250,
       170, 246, 88, 171, 249, 80, 199, 171, 31, 164, 57, 46, 159, 70,
       159, 135, 179, 237, 16, 30, 111, 162, 241, 219, 209, 80, 123, 210,
       4, 174, 111, 202, 28, 254, 244, 233, 124, 124, 35, 169, 159, 166,
       25, 236, 190, 71, 219, 167, 119, 253, 0, 52, 79, 147, 192, 151,
       251, 94, 155, 128, 116, 47, 75, 106, 176, 248, 240, 237, 237, 248,
       207, 139, 255, 180, 57, 10, 157, 86, 26, 201, 178, 247, 16, 26,
       111, 218, 145, 95, 217, 245, 255, 211, 140, 222, 218, 248, 176,
       254, 112, 171, 253, 81, 87, 227, 95, 180, 57, 62, 159, 70, 191,
       175, 179, 253, 16, 30, 111, 178, 209, 219, 217, 80, 123, 234, 132,
       238, 91, 245, 66, 231, 69, 70, 26, 238, 112, 101, 226, 242, 226,
       83, 48, 149, 255, 126, 196, 126, 234, 237, 244, 101, 10, 20, 170,
       231, 132, 111, 179, 106, 165, 22, 205, 146, 90, 145, 153, 166,
       228, 252, 22, 235, 6, 226, 224, 45, 199, 249, 98, 202, 98, 120,
       179, 24, 234, 177, 246, 70, 3, 209, 123, 229, 166, 10, 221, 62,
       255, 127, 213, 183, 231, 31, 77, 92, 35, 172, 255, 39, 64, 239,
       59, 183, 1, 98, 152, 58, 255, 111, 119, 30, 139, 22, 28, 165, 255,
       48, 159, 127, 239, 52, 194, 87, 248, 69, 76, 254, 35, 115, 125,
       50, 65, 120, 246, 13, 227, 248, 169, 45, 189, 243, 237, 162, 209,
       53, 170, 116, 123, 2, 13, 2, 158, 29, 225, 161, 99, 141, 12, 89,
       2, 228, 244, 36, 68, 200, 42, 10, 1, 18, 169, 66, 221, 133, 52,
       138, 75, 20, 78, 53, 166, 34, 217, 44, 142, 109, 197, 191, 232,
       205, 92, 156, 11, 172, 156, 119, 39, 206, 113, 151, 199, 198, 43,
       114, 249, 119, 24, 202, 187, 20, 63, 21, 255, 98, 163, 109, 254,
       109, 205, 248, 8, 143, 152, 177, 11, 107, 207, 93, 2, 172, 177,
       255, 195, 138, 97, 138, 209, 79, 217, 137, 59, 65, 42, 84, 18, 1,
