%YAML:1.0
---
descriptors: !!opencv-matrix
   rows: 194
   cols: 32
   dt: u
   data: [ 173, 191, 184, 118, 229, 125, 215, 177, 121, 110, 61, 60, 250,
       125, 138, 191, 157, 210, 212, 42, 253, 36, 120, 175, 239, 223, 37,
       183, 202, 239, 206, 115, 28, 21, 149, 252, 195, 103, 52, 95, 61,
       27, 104, 88, 14, 51, 41, 223, 175, 155, 150, 128, 57, 218, 18,
       208, 149, 215, 86, 38, 242, 116, 167, 163, 222, 56, 190, 242, 171,
       124, 80, 202, 187, 255, 181, 61, 78, 247, 79, 31, 239, 221, 237,
       18, 56, 71, 250, 226, 219, 211, 85, 191, 162, 125, 14, 87, 2, 158,
       166, 157, 116, 178, 184, 55, 31, 95, 82, 247, 236, 174, 182, 205,
       199, 59, 183, 133, 182, 216, 71, 247, 12, 118, 250, 195, 150, 140,
       189, 221, 9, 18, 123, 73, 112, 190, 249, 114, 109, 13, 127, 228,
       159, 7, 148, 52, 110, 56, 6, 12, 129, 184, 97, 77, 70, 253, 50,
       192, 86, 131, 103, 241, 43, 175, 234, 255, 214, 249, 255, 223, 63,
       71, 124, 151, 237, 238, 118, 32, 127, 235, 183, 157, 150, 190, 62,
       247, 127, 223, 159, 225, 183, 204, 255, 222, 205, 216, 149, 111,
       105, 76, 103, 188, 96, 240, 103, 8, 255, 215, 73, 247, 0, 116,
       120, 74, 65, 86, 251, 33, 231, 233, 101, 12, 106, 179, 2, 58, 59,
       157, 251, 239, 246, 247, 255, 255, 119, 201, 254, 230, 123, 255,
       180, 228, 127, 251, 191, 153, 251, 187, 125, 255, 255, 239, 167,
       192, 255, 206, 245, 249, 81, 150, 127, 109, 54, 42, 105, 55, 104,
       203, 127, 244, 211, 105, 152, 112, 55, 164, 124, 44, 177, 176,
       165, 14, 238, 239, 32, 196, 237, 226, 211, 49, 74, 32, 253, 253,
       126, 203, 185, 8, 143, 176, 19, 163, 253, 207, 220, 2, 54, 245,
       255, 145, 2, 96, 207, 221, 78, 169, 171, 169, 37, 162, 21, 179,
       236, 64, 150, 254, 41, 72, 81, 40, 181, 150, 167, 56, 206, 243,
       105, 95, 201, 212, 238, 98, 104, 103, 203, 192, 211, 242, 65, 31,
       82, 41, 100, 34, 20, 142, 221, 183, 210, 66, 127, 224, 54, 179,
       243, 163, 125, 103, 73, 11, 127, 251, 135, 147, 122, 218, 73, 237,
       252, 199, 255, 197, 165, 234, 37, 136, 5, 138, 157, 215, 148, 158,
       236, 184, 126, 153, 114, 66, 243, 104, 93, 107, 121, 226, 38, 152,
       163, 248, 59, 237, 141, 191, 231, 68, 200, 168, 113, 168, 183,
       237, 117, 103, 172, 31, 222, 184, 121, 170, 122, 8, 107, 121, 157,
       53, 159, 223, 117, 111, 252, 244, 233, 254, 175, 218, 69, 182,
       103, 251, 210, 167, 125, 143, 111, 111, 50, 34, 107, 121, 32, 192,
       255, 230, 115, 103, 184, 115, 126, 228, 125, 174, 201, 147, 173,
       13, 242, 233, 227, 128, 45, 226, 98, 113, 59, 221, 110, 218, 221,
       213, 158, 231, 223, 73, 252, 2, 104, 222, 54, 244, 236, 179, 147,
       193, 255, 11, 62, 255, 59, 125, 142, 203, 23, 30, 252, 222, 86,
       231, 216, 231, 182, 10, 94, 173, 61, 162, 251, 224, 207, 107, 13,
       82, 183, 213, 109, 226, 120, 240, 201, 234, 187, 254, 7, 7, 229,
       243, 231, 2, 86, 79, 222, 167, 136, 34, 78, 168, 61, 166, 235,
       195, 71, 107, 9, 82, 251, 215, 109, 227, 120, 243, 201, 238, 176,
       182, 199, 23, 33, 243, 160, 2, 212, 48, 157, 116, 168, 108, 81,
       24, 162, 191, 163, 56, 215, 247, 73, 27, 133, 212, 108, 50, 41,
       69, 251, 0, 217, 131, 113, 60, 224, 225, 7, 51, 255, 82, 245, 228,
       47, 94, 93, 16, 169, 254, 183, 173, 91, 31, 223, 255, 230, 213,
       253, 239, 205, 71, 183, 200, 211, 251, 247, 147, 39, 247, 102,
       119, 253, 143, 111, 238, 190, 3, 78, 252, 213, 200, 255, 230, 115,
       233, 185, 97, 126, 230, 126, 238, 249, 171, 47, 189, 242, 233,
       231, 144, 61, 251, 120, 89, 254, 188, 182, 122, 171, 248, 84, 199,
       251, 91, 164, 56, 46, 254, 70, 191, 171, 243, 236, 145, 63, 79,
       138, 243, 187, 243, 86, 123, 195, 85, 175, 15, 214, 217, 182, 254,
       175, 78, 84, 133, 239, 16, 130, 18, 238, 218, 37, 91, 226, 245,
       253, 83, 120, 205, 155, 225, 187, 240, 206, 83, 0, 49, 173, 14,
       16, 173, 2, 169, 153, 169, 34, 231, 174, 1, 232, 67, 167, 195, 96,
       192, 105, 171, 106, 145, 18, 11, 194, 119, 188, 132, 158, 105,
       184, 2, 171, 138, 133, 80, 253, 117, 226, 78, 109, 149, 57, 255,
       118, 244, 215, 55, 154, 121, 55, 92, 20, 126, 241, 212, 117, 42,
       102, 235, 116, 196, 172, 177, 194, 241, 154, 221, 47, 189, 21,
       214, 93, 167, 245, 69, 198, 19, 175, 31, 50, 101, 224, 55, 253,
       193, 236, 141, 49, 175, 227, 243, 218, 19, 38, 20, 181, 110, 242,
       174, 144, 186, 153, 173, 16, 71, 191, 27, 168, 25, 174, 187, 96,
       144, 129, 59, 233, 17, 62, 79, 194, 183, 185, 214, 28, 123, 208,
       76, 143, 11, 174, 125, 96, 106, 237, 253, 84, 215, 205, 126, 188,
       45, 170, 221, 255, 167, 204, 146, 223, 119, 222, 39, 122, 176, 99,
       217, 132, 187, 211, 222, 220, 223, 41, 184, 253, 249, 236, 253,
       253, 219, 254, 251, 245, 58, 157, 255, 208, 42, 111, 155, 127,
       152, 131, 124, 255, 209, 223, 217, 119, 252, 253, 200, 199, 243,
       75, 189, 190, 189, 249, 188, 120, 159, 171, 89, 126, 17, 188, 251,
       66, 242, 167, 127, 253, 21, 150, 89, 147, 243, 223, 255, 62, 235,
       138, 68, 171, 27, 49, 113, 97, 73, 116, 23, 202, 120, 85, 232,
       208, 206, 83, 72, 148, 164, 88, 136, 22, 239, 205, 178, 125, 159,
       54, 12, 161, 180, 127, 175, 88, 213, 198, 168, 134, 186, 137, 169,
       144, 207, 158, 147, 129, 89, 236, 226, 104, 143, 129, 115, 234,
       17, 54, 79, 218, 53, 153, 18, 95, 123, 152, 76, 137, 14, 59, 205,
       98, 202, 85, 151, 207, 228, 71, 100, 254, 2, 106, 201, 62, 164,
       120, 234, 147, 239, 206, 187, 61, 255, 123, 92, 135, 97, 119, 158,
       120, 206, 246, 76, 6, 174, 157, 35, 70, 236, 151, 130, 235, 19,
       103, 226, 41, 80, 249, 199, 105, 227, 44, 135, 75, 190, 177, 246,
       207, 31, 48, 123, 56, 2, 29, 14, 111, 238, 54, 162, 107, 120, 4,
       200, 223, 230, 123, 111, 185, 96, 127, 164, 31, 175, 169, 149, 45,
       191, 242, 239, 163, 128, 61, 171, 112, 113, 133, 18, 219, 241, 34,
       98, 57, 17, 60, 217, 87, 246, 221, 215, 232, 105, 118, 29, 54,
       184, 145, 212, 175, 192, 206, 137, 107, 196, 172, 130, 161, 177,
       241, 55, 237, 101, 166, 42, 109, 61, 104, 232, 250, 238, 83, 33,
       152, 51, 62, 230, 124, 44, 217, 240, 229, 8, 244, 233, 101, 148,
       109, 250, 210, 121, 21, 5, 83, 101, 178, 14, 111, 56, 116, 160,
       106, 64, 215, 115, 169, 96, 50, 108, 12, 234, 105, 176, 17, 14,
       224, 174, 37, 4, 104, 163, 33, 32, 5, 6, 78, 175, 80, 42, 106,
       160, 54, 160, 75, 194, 209, 35, 153, 64, 122, 108, 34, 238, 33,
       144, 77, 28, 140, 166, 163, 4, 172, 227, 33, 128, 69, 205, 89,
       239, 116, 10, 111, 168, 108, 0, 123, 64, 215, 99, 153, 112, 178,
       197, 110, 106, 65, 176, 73, 109, 164, 190, 107, 0, 68, 179, 65,
       32, 104, 169, 227, 232, 93, 221, 107, 231, 99, 161, 252, 8, 59,
       153, 116, 180, 88, 250, 147, 216, 90, 58, 240, 247, 127, 221, 133,
       105, 83, 14, 246, 170, 59, 221, 102, 158, 95, 215, 190, 244, 221,
       68, 254, 167, 104, 222, 54, 229, 126, 243, 147, 227, 231, 139, 62,
       255, 51, 121, 142, 139, 63, 30, 248, 222, 10, 52, 178, 153, 245,
       237, 185, 71, 31, 93, 92, 51, 140, 191, 102, 204, 239, 59, 147,
       145, 18, 152, 16, 210, 77, 20, 154, 227, 150, 76, 165, 251, 41,
       24, 42, 248, 93, 189, 217, 87, 213, 77, 236, 12, 187, 157, 54,
       100, 204, 186, 155, 12, 137, 170, 114, 142, 215, 253, 146, 56, 90,
       140, 124, 248, 37, 104, 104, 2, 69, 189, 187, 200, 122, 166, 100,
       137, 1, 200, 87, 28, 27, 236, 34, 223, 134, 118, 254, 242, 95, 29,
       149, 109, 213, 151, 75, 196, 208, 92, 31, 108, 8, 110, 67, 58,
       164, 226, 138, 8, 215, 179, 33, 115, 16, 244, 104, 104, 105, 205,
       51, 28, 209, 162, 65, 28, 56, 33, 0, 58, 194, 174, 215, 187, 172,
       168, 104, 143, 191, 19, 131, 209, 173, 227, 64, 207, 227, 231,
       107, 156, 50, 77, 203, 243, 156, 242, 223, 88, 132, 64, 161, 8,
       126, 60, 190, 190, 137, 97, 85, 207, 179, 151, 136, 153, 86, 255,
