%YAML:1.0
---
descriptors: !!opencv-matrix
   rows: 78
   cols: 32
   dt: u
   data: [ 20, 74, 31, 190, 70, 128, 111, 80, 228, 128, 74, 66, 53, 195,
       33, 66, 106, 105, 10, 206, 65, 131, 22, 232, 208, 224, 202, 8, 56,
       179, 33, 168, 61, 159, 107, 233, 245, 151, 251, 113, 69, 109, 252,
       102, 25, 29, 182, 32, 126, 186, 151, 252, 155, 186, 53, 221, 127,
       205, 162, 196, 255, 142, 252, 243, 10, 185, 190, 157, 245, 221,
       189, 55, 47, 205, 94, 5, 172, 190, 6, 64, 166, 127, 179, 1, 214,
       248, 178, 253, 111, 119, 94, 131, 138, 6, 141, 223, 10, 153, 178,
       152, 91, 208, 184, 100, 175, 93, 84, 163, 172, 222, 38, 196, 238,
       57, 147, 209, 6, 154, 34, 213, 31, 117, 154, 203, 23, 6, 45, 223,
       10, 131, 34, 152, 95, 209, 184, 97, 143, 93, 84, 163, 168, 206,
       54, 196, 238, 169, 179, 149, 6, 26, 102, 213, 30, 85, 154, 235,
       23, 12, 61, 223, 29, 223, 111, 227, 182, 151, 111, 245, 87, 109,
       223, 118, 123, 105, 188, 96, 127, 206, 63, 239, 251, 185, 45, 191,
       254, 239, 175, 196, 61, 154, 240, 49, 89, 65, 110, 229, 102, 94,
       253, 113, 224, 224, 254, 2, 89, 27, 149, 227, 106, 148, 255, 234,
       200, 177, 181, 204, 119, 233, 227, 129, 103, 178, 126, 232, 25,
       158, 75, 241, 150, 171, 107, 247, 31, 97, 94, 246, 177, 229, 184,
       100, 127, 186, 31, 156, 187, 184, 101, 191, 238, 207, 182, 192,
       191, 200, 208, 177, 27, 219, 106, 206, 84, 210, 235, 116, 165, 76,
       214, 102, 41, 159, 182, 228, 110, 161, 191, 204, 201, 155, 36,
       237, 114, 237, 170, 128, 63, 134, 40, 253, 162, 249, 120, 249,
       117, 213, 184, 117, 31, 73, 116, 119, 188, 159, 54, 32, 238, 59,
       151, 149, 247, 186, 48, 215, 111, 92, 186, 235, 95, 140, 181, 223,
       27, 182, 251, 249, 118, 167, 185, 83, 126, 109, 125, 118, 189,
       185, 176, 96, 191, 59, 23, 157, 179, 184, 40, 223, 206, 95, 58,
       194, 253, 200, 161, 249, 34, 184, 58, 216, 127, 213, 185, 71, 155,
       77, 252, 63, 44, 158, 102, 4, 239, 185, 147, 145, 214, 43, 178,
       215, 63, 84, 154, 251, 87, 12, 175, 223, 34, 181, 234, 204, 213,
       119, 189, 111, 92, 5, 92, 2, 24, 188, 182, 100, 92, 190, 147, 169,
       210, 186, 112, 223, 119, 63, 158, 35, 23, 72, 247, 254, 153, 211,
       94, 11, 50, 155, 62, 245, 125, 104, 102, 228, 111, 66, 170, 244,
       54, 32, 142, 98, 229, 157, 13, 127, 178, 231, 38, 195, 62, 150,
       169, 29, 219, 205, 111, 78, 82, 18, 111, 188, 53, 96, 118, 207,
       121, 71, 151, 241, 54, 228, 125, 238, 229, 149, 53, 125, 118, 43,
       233, 192, 47, 183, 34, 121, 95, 182, 233, 1, 211, 242, 251, 179,
       123, 247, 158, 179, 73, 62, 222, 176, 63, 215, 253, 181, 191, 88,
       253, 230, 127, 31, 191, 199, 231, 196, 238, 87, 10, 156, 182, 229,
       183, 230, 186, 99, 47, 175, 94, 163, 204, 47, 38, 68, 255, 55,
       191, 129, 52, 152, 1, 222, 206, 247, 143, 199, 150, 230, 173, 219,
       141, 79, 158, 250, 236, 21, 255, 221, 158, 154, 156, 98, 221, 243,
       233, 239, 127, 211, 55, 250, 227, 99, 42, 187, 252, 219, 239, 188,
       151, 251, 177, 161, 95, 95, 118, 190, 172, 87, 127, 253, 93, 238,
       223, 231, 207, 127, 187, 207, 255, 247, 191, 231, 205, 227, 43,
       236, 242, 255, 239, 135, 175, 255, 252, 83, 190, 218, 230, 152,
       239, 83, 188, 223, 159, 254, 212, 247, 12, 190, 247, 239, 239,
       217, 191, 213, 167, 79, 63, 240, 58, 91, 223, 239, 159, 125, 189,
       223, 150, 222, 150, 183, 181, 50, 118, 167, 61, 159, 90, 119, 110,
       126, 36, 221, 245, 251, 133, 130, 60, 220, 9, 238, 170, 246, 214,
       131, 130, 125, 180, 15, 119, 103, 111, 132, 230, 18, 174, 112,
       233, 198, 219, 231, 89, 236, 191, 35, 126, 229, 183, 239, 197,
       211, 172, 204, 54, 40, 239, 140, 109, 247, 114, 213, 247, 14, 230,
       156, 158, 35, 78, 123, 86, 234, 218, 247, 113, 233, 179, 65, 89,
       238, 53, 173, 237, 219, 77, 158, 56, 46, 237, 148, 189, 252, 112,
       8, 21, 84, 67, 235, 150, 166, 107, 80, 20, 192, 219, 198, 81, 195,
       185, 96, 126, 168, 30, 190, 137, 149, 29, 206, 248, 174, 171, 192,
       189, 139, 49, 176, 134, 220, 156, 183, 245, 127, 182, 167, 31,
       191, 94, 55, 204, 46, 10, 15, 249, 95, 163, 18, 52, 248, 89, 234,
       45, 214, 95, 71, 192, 125, 141, 223, 158, 220, 180, 183, 133, 118,
       119, 175, 63, 159, 75, 17, 238, 126, 78, 207, 241, 95, 164, 146,
       120, 220, 123, 227, 175, 214, 223, 71, 128, 117, 165, 110, 121,
       22, 236, 175, 62, 43, 81, 27, 86, 233, 215, 191, 119, 57, 154, 64,
       127, 198, 255, 37, 189, 253, 77, 191, 218, 103, 249, 208, 188,
       172, 152, 83, 11, 78, 54, 60, 229, 191, 244, 103, 253, 79, 126,
       17, 174, 58, 6, 157, 167, 35, 198, 5, 228, 188, 32, 223, 39, 127,
       82, 131, 82, 84, 239, 207, 75, 189, 100, 129, 83, 255, 185, 187,
       59, 125, 156, 191, 140, 62, 22, 180, 39, 151, 255, 133, 183, 90,
       189, 215, 63, 95, 139, 231, 191, 4, 143, 247, 121, 12, 106, 237,
       70, 86, 111, 56, 97, 102, 246, 2, 123, 61, 151, 113, 122, 228, 53,
       234, 201, 182, 181, 223, 87, 239, 227, 128, 39, 174, 124, 104,
       217, 69, 108, 207, 22, 215, 123, 56, 101, 228, 215, 2, 123, 29,
       158, 97, 122, 160, 31, 234, 232, 176, 53, 221, 243, 235, 162, 129,
       55, 134, 124, 104, 50, 9, 86, 173, 101, 6, 240, 99, 37, 8, 242, 3,
       11, 10, 36, 81, 232, 189, 166, 160, 72, 187, 17, 204, 147, 248,
       210, 3, 101, 140, 120, 138, 10, 243, 187, 171, 125, 221, 187, 117,
       175, 77, 93, 101, 188, 223, 238, 96, 182, 59, 255, 81, 215, 24,
       178, 245, 111, 125, 42, 234, 26, 6, 165, 255, 120, 188, 248, 122,
       251, 253, 80, 219, 179, 29, 172, 25, 47, 255, 98, 152, 163, 187,
       245, 16, 30, 107, 154, 179, 219, 221, 16, 123, 242, 69, 238, 211,
       157, 15, 255, 232, 236, 51, 127, 255, 215, 222, 156, 166, 223,
       227, 243, 103, 127, 194, 62, 174, 233, 103, 42, 186, 250, 219,
       239, 188, 182, 250, 241, 233, 63, 219, 255, 238, 254, 86, 95, 252,
       143, 236, 223, 239, 75, 237, 191, 230, 254, 245, 191, 239, 205,
       179, 239, 232, 254, 253, 175, 132, 47, 191, 244, 245, 14, 157,
       180, 183, 129, 86, 86, 174, 59, 183, 70, 1, 238, 126, 79, 223,
       209, 127, 161, 83, 124, 216, 251, 233, 239, 247, 95, 71, 130, 119,
       141, 78, 14, 153, 180, 183, 165, 222, 183, 172, 31, 255, 86, 35,
       236, 254, 79, 143, 177, 127, 163, 83, 118, 216, 219, 233, 175,
       119, 223, 67, 130, 127, 141, 223, 105, 249, 169, 251, 188, 157,
       79, 183, 11, 121, 188, 76, 191, 109, 210, 50, 141, 202, 125, 92,
       219, 104, 251, 181, 239, 221, 181, 248, 218, 152, 218, 121, 134,
       205, 132, 151, 209, 122, 60, 175, 30, 183, 67, 145, 236, 102, 76,
       207, 197, 95, 163, 19, 118, 220, 91, 226, 45, 54, 223, 71, 130,
       125, 157, 158, 138, 222, 172, 183, 205, 164, 61, 166, 158, 150, 6,
       151, 108, 107, 115, 75, 229, 99, 187, 7, 98, 204, 59, 235, 110,
       83, 223, 129, 134, 124, 153, 202, 221, 78, 213, 255, 180, 42, 71,
       188, 86, 170, 219, 114, 243, 99, 137, 97, 87, 198, 44, 110, 121,
       244, 77, 46, 236, 175, 101, 148, 188, 251, 160, 33, 56, 105, 242,
       228, 69, 70, 86, 216, 81, 162, 252, 11, 123, 249, 53, 144, 120,
       252, 149, 234, 200, 179, 144, 137, 243, 237, 161, 29, 103, 251,
       118, 138, 120, 1, 106, 239, 68, 86, 255, 120, 97, 38, 255, 2, 123,
       61, 177, 112, 122, 188, 53, 234, 200, 178, 181, 141, 115, 237,
       162, 129, 103, 187, 118, 232, 122, 157, 162, 252, 245, 244, 180,
       87, 53, 79, 222, 37, 170, 188, 182, 196, 237, 191, 183, 129, 156,
       187, 178, 195, 243, 119, 154, 139, 207, 68, 190, 223, 61, 97, 106,
       225, 20, 87, 239, 120, 68, 228, 220, 2, 81, 221, 187, 32, 120,
       156, 23, 254, 201, 179, 52, 156, 243, 205, 163, 132, 103, 187,
       118, 224, 47, 189, 235, 89, 244, 245, 251, 210, 255, 88, 252, 231,
       56, 252, 247, 160, 255, 251, 151, 159, 135, 178, 108, 255, 127,
       93, 175, 164, 223, 255, 118, 245, 169, 251, 107, 73, 246, 155,
