%YAML:1.0
---
descriptors: !!opencv-matrix
   rows: 137
   cols: 32
   dt: u
   data: [ 125, 236, 205, 191, 238, 42, 111, 190, 54, 242, 214, 246, 243,
       103, 155, 89, 127, 238, 127, 222, 235, 212, 239, 191, 238, 239,
       247, 132, 173, 251, 240, 249, 245, 207, 204, 126, 174, 36, 79,
       252, 147, 82, 189, 222, 115, 227, 187, 83, 127, 198, 124, 238,
       251, 71, 206, 51, 240, 235, 229, 184, 189, 251, 234, 33, 238, 32,
       226, 229, 69, 54, 248, 72, 57, 130, 247, 19, 72, 235, 119, 95,
       126, 173, 179, 181, 32, 214, 130, 202, 87, 121, 203, 139, 135,
       231, 123, 148, 52, 134, 199, 156, 94, 3, 65, 107, 86, 163, 224,
       86, 113, 226, 160, 65, 121, 236, 34, 168, 41, 251, 141, 31, 120,
       166, 247, 116, 185, 168, 112, 160, 51, 32, 71, 201, 78, 139, 232,
       67, 109, 49, 82, 194, 17, 137, 212, 72, 106, 140, 123, 157, 10,
       218, 199, 208, 20, 40, 152, 0, 37, 136, 112, 128, 42, 223, 122,
       206, 119, 213, 187, 112, 141, 76, 253, 167, 57, 254, 182, 100,
       254, 185, 151, 194, 214, 187, 60, 255, 119, 253, 170, 171, 31,
       142, 125, 247, 51, 0, 98, 128, 111, 13, 184, 64, 13, 0, 176, 171,
       140, 30, 36, 68, 238, 145, 223, 229, 12, 7, 64, 192, 148, 16, 138,
       186, 21, 12, 49, 215, 48, 163, 142, 156, 92, 3, 192, 239, 22, 181,
       203, 10, 66, 224, 32, 9, 89, 236, 98, 248, 40, 255, 139, 29, 152,
       2, 213, 53, 97, 43, 88, 8, 198, 216, 150, 159, 235, 228, 60, 143,
       190, 31, 75, 145, 236, 246, 106, 78, 231, 127, 187, 145, 22, 220,
       155, 241, 141, 50, 222, 195, 144, 85, 173, 91, 198, 44, 6, 168,
       206, 11, 46, 76, 175, 162, 203, 27, 204, 201, 49, 64, 226, 13,
       123, 35, 114, 203, 143, 210, 180, 52, 11, 59, 52, 91, 177, 130,
       26, 170, 66, 153, 19, 144, 188, 199, 174, 4, 222, 231, 45, 143,
       39, 196, 111, 185, 175, 133, 70, 155, 6, 219, 178, 101, 154, 139,
       39, 132, 45, 219, 155, 157, 75, 223, 148, 230, 126, 247, 63, 67,
       94, 215, 120, 231, 160, 196, 127, 251, 151, 152, 123, 152, 19,
       255, 252, 63, 158, 193, 159, 192, 184, 152, 9, 141, 3, 255, 181,
       227, 111, 247, 55, 77, 218, 82, 235, 244, 176, 100, 249, 110, 30,
       25, 123, 154, 33, 191, 173, 246, 190, 192, 150, 92, 180, 248, 234,
       180, 212, 249, 237, 111, 209, 223, 27, 191, 180, 29, 142, 63, 78,
       27, 205, 215, 239, 16, 58, 126, 219, 210, 95, 219, 85, 127, 219,
       76, 206, 211, 118, 119, 246, 236, 127, 71, 158, 232, 155, 172,
       177, 171, 110, 254, 109, 16, 254, 209, 207, 227, 104, 99, 74, 223,
       251, 150, 143, 191, 81, 47, 38, 243, 57, 205, 106, 109, 116, 203,
       239, 246, 68, 96, 126, 2, 115, 33, 178, 112, 120, 238, 6, 232,
       217, 184, 36, 63, 102, 239, 160, 0, 127, 250, 112, 168, 18, 154,
       86, 159, 114, 154, 190, 246, 63, 15, 90, 231, 109, 238, 166, 196,
       55, 127, 167, 133, 228, 220, 13, 255, 20, 38, 122, 130, 47, 212,
       45, 221, 6, 12, 35, 158, 21, 210, 186, 98, 159, 0, 91, 3, 236,
       239, 48, 196, 248, 59, 147, 195, 34, 155, 58, 255, 179, 54, 138,
       11, 22, 47, 53, 222, 66, 131, 142, 156, 141, 130, 184, 101, 142,
       133, 202, 135, 104, 206, 58, 66, 236, 47, 171, 213, 84, 201, 134,
       197, 88, 33, 138, 203, 5, 6, 184, 94, 166, 156, 148, 183, 255,
       112, 182, 231, 31, 179, 123, 50, 108, 122, 109, 207, 251, 95, 162,
       19, 54, 252, 91, 227, 47, 246, 95, 67, 209, 125, 165, 143, 18, 76,
       10, 140, 76, 161, 186, 198, 132, 130, 88, 131, 36, 138, 33, 192,
       232, 107, 147, 193, 0, 147, 2, 232, 48, 36, 170, 139, 157, 89, 33,
       138, 52, 116, 243, 232, 212, 167, 235, 95, 68, 133, 249, 198, 17,
       137, 189, 72, 124, 184, 6, 184, 153, 179, 16, 138, 112, 141, 162,
       132, 253, 218, 240, 176, 253, 249, 229, 250, 141, 212, 70, 212,
       195, 218, 176, 78, 123, 252, 245, 247, 73, 226, 220, 91, 235, 107,
       250, 160, 187, 250, 228, 120, 191, 255, 242, 124, 190, 205, 212,
       151, 221, 250, 214, 239, 27, 191, 185, 27, 106, 124, 79, 143, 249,
       231, 165, 195, 126, 254, 91, 255, 185, 214, 207, 119, 247, 125,
       220, 150, 172, 253, 241, 246, 237, 109, 191, 252, 155, 222, 61,
       190, 253, 125, 201, 43, 95, 251, 23, 194, 241, 102, 122, 239, 253,
       223, 231, 184, 223, 255, 135, 243, 14, 32, 178, 129, 71, 123, 184,
       65, 127, 181, 87, 19, 204, 202, 126, 204, 251, 13, 179, 177, 20,
       244, 3, 208, 31, 87, 219, 231, 135, 14, 61, 134, 17, 2, 31, 141,
       14, 131, 161, 74, 46, 177, 66, 70, 85, 130, 32, 72, 32, 12, 106,
       136, 1, 217, 7, 93, 20, 34, 123, 4, 41, 0, 33, 136, 49, 32, 205,
       61, 86, 35, 225, 123, 86, 161, 226, 222, 83, 1, 144, 9, 120, 172,
       34, 140, 9, 254, 197, 28, 92, 167, 241, 64, 109, 136, 112, 168,
       32, 160, 135, 156, 88, 135, 1, 104, 22, 176, 98, 2, 112, 192, 96,
       72, 89, 108, 34, 56, 0, 211, 155, 28, 25, 34, 211, 44, 17, 40, 32,
       168, 18, 0, 81, 129, 102, 137, 184, 66, 173, 17, 146, 227, 172,
       26, 96, 74, 238, 145, 95, 129, 2, 43, 68, 192, 148, 16, 154, 42,
       53, 136, 33, 136, 59, 222, 122, 248, 118, 209, 251, 246, 95, 76,
       252, 166, 57, 220, 182, 96, 254, 185, 151, 197, 207, 190, 38, 255,
       118, 221, 170, 234, 127, 158, 117, 253, 2, 32, 19, 136, 78, 3,
       168, 72, 172, 32, 194, 74, 132, 130, 112, 64, 106, 141, 106, 225,
       0, 19, 193, 208, 20, 0, 138, 40, 20, 8, 49, 128, 133, 229, 134,
       30, 217, 131, 38, 232, 182, 145, 74, 0, 100, 240, 104, 67, 113,
       110, 106, 112, 38, 213, 155, 63, 60, 38, 71, 76, 144, 106, 33, 2,
       48, 229, 134, 157, 91, 35, 130, 238, 22, 180, 233, 2, 64, 226, 32,
       69, 89, 108, 34, 240, 42, 219, 139, 31, 57, 38, 215, 116, 49, 42,
       54, 168, 50, 0, 82, 128, 102, 9, 248, 64, 45, 0, 176, 139, 142,
       10, 36, 80, 238, 145, 95, 165, 8, 35, 65, 192, 148, 144, 138, 50,
       21, 8, 33, 130, 208, 36, 134, 156, 95, 163, 162, 78, 150, 176,
       202, 18, 100, 224, 96, 66, 121, 236, 106, 227, 82, 231, 155, 95,
       185, 38, 143, 45, 24, 59, 177, 130, 198, 253, 150, 155, 139, 228,
       190, 142, 174, 159, 11, 17, 236, 246, 107, 78, 231, 119, 251, 211,
       86, 73, 155, 243, 45, 50, 223, 207, 144, 119, 173, 87, 166, 172,
       66, 171, 222, 129, 174, 224, 116, 34, 243, 138, 128, 10, 29, 64,
       122, 175, 75, 161, 40, 183, 197, 254, 52, 36, 138, 40, 117, 42,
       35, 136, 131, 9, 71, 157, 54, 130, 169, 55, 188, 200, 82, 214,
       180, 38, 176, 229, 102, 37, 63, 173, 245, 220, 37, 204, 4, 50,
       250, 128, 12, 4, 49, 221, 70, 245, 18, 186, 251, 197, 190, 232,
       174, 190, 137, 41, 172, 246, 105, 81, 255, 123, 235, 242, 98, 67,
       154, 253, 189, 148, 15, 127, 144, 115, 39, 147, 19, 91, 102, 156,
       54, 146, 237, 118, 213, 72, 214, 230, 57, 138, 182, 96, 110, 232,
       54, 205, 201, 187, 6, 253, 48, 42, 254, 128, 63, 156, 120, 157,
       19, 75, 66, 140, 126, 144, 238, 119, 173, 12, 222, 231, 45, 142,
       178, 196, 110, 169, 223, 207, 196, 139, 38, 237, 178, 96, 170,
       136, 55, 150, 177, 221, 184, 95, 123, 237, 22, 74, 79, 119, 84,
       204, 250, 70, 115, 35, 177, 80, 122, 236, 4, 234, 233, 184, 32,
       14, 241, 237, 164, 128, 101, 184, 100, 249, 118, 115, 98, 174,
       125, 15, 222, 104, 27, 172, 185, 175, 78, 205, 15, 16, 254, 221,
       247, 231, 76, 227, 201, 220, 179, 124, 137, 191, 87, 63, 126, 87,
       150, 252, 148, 183, 153, 246, 54, 167, 159, 183, 10, 19, 238, 254,
       75, 203, 193, 119, 235, 19, 62, 220, 219, 251, 173, 246, 223, 71,
       128, 125, 173, 86, 204, 38, 156, 243, 169, 111, 117, 143, 63, 191,
       143, 25, 206, 103, 73, 91, 145, 87, 233, 50, 48, 84, 203, 178,
       207, 211, 85, 119, 128, 121, 133, 35, 61, 83, 195, 232, 212, 135,
       207, 81, 84, 137, 249, 198, 81, 203, 169, 104, 92, 168, 6, 188,
       155, 179, 52, 138, 112, 140, 167, 136, 255, 250, 224, 177, 183,
       45, 226, 156, 214, 176, 234, 99, 145, 192, 216, 215, 57, 236, 183,
       43, 106, 235, 19, 255, 181, 255, 164, 238, 56, 40, 174, 200, 173,
