%YAML:1.0
---
descriptors: !!opencv-matrix
   rows: 243
   cols: 32
   dt: u
   data: [ 227, 174, 214, 88, 203, 185, 116, 199, 187, 19, 100, 188, 40,
       162, 198, 191, 163, 226, 226, 156, 54, 95, 162, 243, 30, 126, 84,
       107, 138, 212, 234, 140, 8, 160, 182, 61, 105, 219, 176, 104, 255,
       240, 226, 8, 236, 248, 114, 227, 219, 125, 234, 33, 6, 251, 203,
       93, 157, 54, 87, 47, 82, 36, 45, 142, 232, 48, 57, 229, 32, 79,
       125, 48, 57, 206, 118, 29, 223, 63, 2, 17, 149, 213, 93, 42, 40,
       244, 241, 10, 207, 219, 116, 145, 96, 160, 71, 243, 15, 140, 172,
       179, 181, 175, 94, 188, 30, 191, 7, 19, 215, 123, 91, 75, 209, 70,
       49, 31, 250, 220, 91, 163, 239, 223, 255, 116, 144, 127, 216, 66,
       18, 74, 2, 189, 76, 171, 230, 198, 94, 230, 218, 199, 167, 232,
       51, 136, 120, 235, 43, 199, 73, 184, 71, 255, 180, 6, 223, 0, 93,
       125, 25, 136, 220, 156, 186, 190, 155, 116, 92, 155, 163, 159,
       134, 29, 223, 255, 107, 91, 167, 215, 253, 177, 62, 71, 155, 224,
       251, 225, 111, 255, 176, 113, 175, 91, 75, 222, 174, 95, 162, 148,
       191, 183, 186, 95, 78, 245, 253, 239, 154, 99, 39, 119, 185, 143,
       243, 204, 191, 127, 110, 47, 254, 192, 14, 212, 169, 121, 253, 69,
       37, 103, 141, 79, 79, 168, 68, 250, 155, 10, 211, 124, 93, 107,
       217, 196, 125, 239, 233, 99, 251, 40, 249, 203, 229, 52, 97, 123,
       80, 122, 206, 230, 97, 227, 215, 120, 238, 238, 121, 39, 189, 26,
       13, 46, 222, 191, 59, 199, 215, 187, 183, 127, 173, 226, 63, 95,
       158, 237, 231, 213, 255, 140, 33, 103, 189, 85, 100, 31, 229, 249,
       73, 254, 118, 72, 211, 120, 149, 47, 140, 84, 86, 106, 225, 244,
       225, 8, 7, 219, 101, 148, 64, 248, 214, 229, 228, 140, 128, 190,
       220, 3, 166, 239, 22, 179, 224, 26, 97, 226, 41, 65, 89, 206, 34,
       162, 114, 79, 74, 63, 60, 6, 207, 125, 145, 120, 180, 128, 34,
       160, 207, 156, 92, 130, 200, 235, 26, 177, 96, 18, 96, 226, 100,
       89, 121, 239, 34, 176, 58, 218, 139, 255, 24, 38, 223, 108, 145,
       32, 114, 136, 2, 168, 215, 189, 78, 139, 168, 75, 254, 177, 82,
       66, 236, 232, 116, 74, 51, 109, 123, 17, 2, 249, 159, 221, 13, 34,
       95, 68, 5, 40, 49, 136, 50, 170, 204, 221, 92, 3, 72, 79, 31, 177,
       210, 26, 96, 232, 52, 89, 89, 239, 51, 177, 42, 218, 75, 221, 28,
       42, 221, 116, 21, 40, 112, 8, 4, 141, 150, 151, 213, 139, 166,
       228, 158, 183, 67, 19, 228, 224, 105, 73, 249, 110, 34, 83, 54,
       248, 11, 255, 45, 6, 223, 67, 128, 122, 189, 142, 34, 40, 206,
       221, 78, 131, 232, 75, 31, 177, 226, 147, 112, 203, 84, 89, 250,
       253, 51, 152, 10, 222, 199, 213, 30, 42, 219, 237, 53, 128, 112,
       138, 52, 164, 150, 148, 156, 11, 198, 232, 90, 162, 160, 10, 230,
       224, 57, 1, 25, 228, 106, 43, 40, 227, 11, 94, 184, 6, 79, 52,
       197, 104, 83, 160, 177, 68, 99, 12, 84, 23, 194, 120, 85, 192,
       251, 86, 83, 200, 183, 96, 120, 172, 22, 111, 237, 183, 53, 158,
       112, 46, 161, 0, 125, 170, 112, 132, 183, 70, 99, 140, 84, 34,
       206, 120, 20, 198, 211, 215, 65, 236, 181, 193, 124, 236, 23, 175,
       232, 151, 4, 142, 48, 46, 234, 128, 53, 237, 112, 240, 155, 215,
       239, 255, 246, 146, 237, 127, 127, 207, 246, 246, 121, 239, 188,
       99, 127, 255, 63, 140, 233, 253, 47, 207, 254, 239, 254, 128, 39,
       248, 225, 249, 2, 32, 54, 137, 111, 11, 184, 72, 238, 160, 210,
       171, 204, 216, 116, 64, 182, 29, 123, 37, 134, 243, 135, 208, 20,
       56, 11, 171, 20, 14, 49, 135, 124, 149, 112, 227, 181, 79, 122,
       184, 45, 40, 191, 9, 207, 95, 13, 212, 250, 213, 237, 114, 88,
       176, 89, 220, 175, 253, 35, 215, 230, 175, 70, 51, 207, 187, 191,
       248, 188, 157, 219, 91, 159, 221, 149, 125, 190, 255, 246, 99,
       207, 51, 255, 21, 179, 107, 170, 243, 219, 217, 127, 250, 158,
       173, 177, 115, 1, 167, 26, 187, 180, 165, 126, 252, 116, 27, 123,
       116, 253, 226, 250, 1, 181, 74, 6, 238, 166, 152, 74, 119, 238,
       153, 38, 196, 24, 211, 227, 137, 17, 71, 107, 237, 20, 134, 111,
       113, 116, 200, 223, 66, 115, 227, 176, 96, 122, 172, 46, 171, 201,
       177, 53, 206, 240, 239, 167, 0, 61, 170, 240, 32, 81, 71, 79, 101,
       18, 10, 111, 188, 100, 224, 122, 198, 83, 39, 145, 112, 118, 196,
       60, 238, 201, 144, 37, 76, 244, 175, 163, 132, 109, 178, 97, 56,
       130, 251, 115, 91, 119, 157, 171, 253, 126, 37, 126, 142, 44, 206,
       244, 36, 126, 186, 34, 216, 211, 186, 190, 245, 61, 152, 6, 106,
       87, 138, 231, 188, 185, 158, 165, 12, 61, 31, 67, 58, 117, 238,
       246, 29, 90, 36, 134, 180, 157, 196, 238, 44, 169, 254, 121, 31,
       185, 63, 113, 22, 75, 44, 70, 124, 136, 147, 254, 92, 141, 50,
       180, 158, 214, 55, 214, 6, 241, 233, 43, 234, 89, 86, 234, 106, 0,
       241, 27, 179, 67, 239, 246, 5, 219, 249, 124, 170, 141, 133, 121,
       43, 164, 107, 106, 136, 110, 113, 107, 208, 219, 0, 220, 248, 19,
       14, 32, 30, 151, 180, 253, 51, 132, 184, 16, 100, 212, 195, 192,
       100, 203, 255, 127, 253, 238, 144, 253, 254, 189, 91, 222, 247,
       189, 191, 182, 97, 231, 223, 255, 205, 231, 217, 167, 243, 246,
       251, 254, 138, 46, 212, 161, 249, 125, 63, 211, 70, 242, 30, 71,
       184, 225, 224, 175, 108, 123, 227, 141, 246, 54, 228, 108, 238,
       221, 35, 188, 44, 122, 236, 37, 60, 107, 179, 98, 53, 233, 151,
       201, 167, 44, 40, 79, 184, 33, 226, 175, 205, 211, 103, 218, 115,
       20, 196, 124, 110, 221, 210, 255, 40, 246, 185, 229, 144, 44, 251,
       218, 80, 205, 255, 241, 103, 253, 124, 247, 191, 115, 234, 30,
       109, 251, 125, 219, 118, 21, 126, 253, 33, 181, 104, 249, 170,
       111, 125, 101, 254, 238, 244, 87, 123, 95, 199, 66, 111, 19, 26,
       110, 248, 117, 164, 239, 134, 75, 99, 186, 244, 50, 196, 204, 238,
       249, 145, 45, 190, 186, 239, 131, 69, 111, 167, 232, 36, 67, 168,
       148, 159, 73, 128, 40, 168, 190, 145, 66, 64, 236, 226, 76, 194,
       241, 111, 106, 208, 7, 72, 203, 121, 140, 178, 223, 104, 136, 32,
       43, 134, 206, 44, 246, 126, 139, 53, 158, 206, 159, 178, 128, 155,
       237, 255, 125, 47, 23, 119, 251, 211, 228, 71, 206, 186, 123, 95,
       93, 191, 183, 245, 135, 14, 75, 246, 252, 252, 44, 61, 217, 158,
       143, 91, 188, 121, 188, 255, 222, 58, 135, 83, 255, 21, 131, 107,
       234, 209, 206, 223, 127, 190, 222, 212, 3, 251, 202, 179, 244,
       177, 170, 216, 61, 143, 171, 117, 150, 185, 140, 190, 206, 94,
       167, 87, 253, 17, 22, 73, 231, 225, 174, 209, 126, 255, 134, 212,
       135, 93, 124, 114, 253, 183, 170, 107, 28, 158, 147, 242, 179,
       253, 223, 127, 65, 155, 7, 213, 237, 147, 172, 69, 223, 32, 206,
       211, 117, 247, 239, 245, 6, 83, 253, 67, 69, 71, 100, 10, 79, 188,
       113, 234, 243, 238, 75, 65, 153, 247, 126, 196, 126, 238, 233,
       180, 237, 206, 52, 122, 229, 132, 111, 191, 82, 37, 219, 126, 255,
       245, 230, 250, 239, 214, 255, 250, 246, 230, 253, 175, 215, 123,
       111, 239, 127, 204, 225, 253, 167, 235, 254, 251, 255, 128, 175,
       209, 225, 249, 110, 233, 182, 158, 77, 223, 178, 232, 143, 240,
       249, 11, 238, 252, 127, 198, 248, 237, 235, 83, 14, 99, 218, 253,
       153, 50, 79, 63, 82, 46, 47, 134, 61, 34, 227, 200, 78, 19, 74,
       88, 86, 192, 241, 198, 83, 65, 253, 232, 120, 204, 22, 254, 137,
       227, 109, 128, 90, 137, 163, 76, 189, 171, 112, 160, 76, 234, 140,
       183, 172, 45, 127, 158, 150, 191, 7, 17, 246, 243, 89, 75, 193,
       70, 125, 27, 50, 76, 203, 179, 205, 211, 253, 253, 130, 121, 212,
       35, 4, 140, 134, 151, 148, 139, 36, 235, 246, 147, 66, 2, 224,
       224, 105, 77, 113, 110, 34, 56, 34, 248, 11, 127, 77, 38, 87, 68,
       128, 104, 33, 168, 185, 69, 107, 108, 28, 27, 199, 120, 84, 192,
       253, 74, 115, 193, 177, 164, 88, 236, 70, 110, 233, 167, 45, 31,
       240, 239, 161, 24, 127, 170, 112, 160, 65, 160, 151, 157, 72, 131,
       40, 9, 190, 177, 66, 0, 228, 226, 64, 194, 80, 109, 106, 152, 7,
