%YAML:1.0
---
descriptors: !!opencv-matrix
   rows: 99
   cols: 32
   dt: u
   data: [ 253, 214, 238, 191, 190, 34, 79, 255, 118, 234, 247, 247, 83,
       105, 155, 121, 127, 206, 127, 238, 249, 246, 77, 63, 254, 239,
       247, 132, 173, 249, 240, 89, 157, 254, 254, 215, 254, 31, 255,
       248, 119, 254, 215, 254, 211, 236, 158, 99, 127, 254, 254, 251,
       253, 247, 255, 255, 254, 235, 103, 228, 111, 187, 212, 245, 254,
       112, 229, 119, 77, 126, 113, 24, 185, 254, 247, 191, 75, 126, 23,
       223, 237, 212, 253, 167, 173, 247, 255, 202, 151, 251, 227, 151,
       235, 253, 86, 119, 253, 94, 245, 247, 45, 126, 95, 24, 249, 246,
       183, 21, 203, 47, 23, 223, 98, 197, 236, 238, 237, 244, 253, 232,
       199, 251, 67, 149, 111, 245, 108, 87, 48, 166, 195, 188, 94, 3,
       71, 123, 18, 162, 224, 214, 113, 227, 32, 65, 121, 236, 34, 168,
       41, 219, 140, 31, 120, 166, 247, 44, 185, 232, 112, 168, 48, 34,
       199, 157, 94, 3, 201, 107, 22, 161, 226, 202, 81, 160, 48, 73,
       122, 172, 34, 136, 41, 250, 199, 29, 28, 34, 251, 0, 37, 168, 114,
       128, 150, 205, 150, 183, 133, 124, 182, 167, 63, 55, 91, 19, 239,
       122, 74, 207, 233, 87, 166, 18, 126, 252, 27, 227, 175, 247, 222,
       67, 130, 124, 189, 142, 18, 32, 87, 129, 78, 139, 168, 66, 46, 33,
       194, 194, 165, 136, 84, 74, 110, 29, 123, 129, 2, 157, 199, 209,
       20, 32, 26, 2, 37, 136, 49, 136, 166, 141, 150, 147, 245, 246,
       182, 199, 31, 151, 123, 19, 108, 126, 109, 207, 233, 83, 162, 19,
       54, 254, 27, 231, 45, 22, 222, 71, 193, 125, 252, 206, 4, 130,
       135, 157, 28, 139, 160, 232, 150, 176, 66, 66, 228, 224, 105, 75,
       121, 108, 34, 81, 2, 240, 11, 93, 140, 34, 207, 4, 144, 40, 49,
       128, 32, 32, 199, 140, 92, 131, 192, 104, 30, 177, 98, 74, 96,
       193, 52, 88, 88, 172, 98, 169, 8, 243, 203, 93, 24, 34, 209, 44,
       29, 40, 114, 136, 194, 156, 150, 153, 137, 254, 176, 135, 190, 31,
       130, 17, 204, 54, 38, 207, 193, 55, 235, 17, 54, 77, 83, 241, 141,
       50, 95, 83, 144, 68, 141, 78, 66, 33, 22, 172, 78, 3, 168, 72,
       206, 160, 210, 10, 140, 136, 116, 66, 170, 45, 107, 225, 0, 227,
       135, 208, 20, 32, 11, 60, 85, 8, 33, 128, 20, 140, 134, 151, 145,
       143, 38, 168, 182, 179, 74, 2, 230, 224, 41, 65, 113, 110, 34, 80,
       35, 216, 27, 127, 172, 38, 79, 71, 152, 106, 41, 130, 54, 45, 70,
       195, 206, 11, 110, 96, 7, 34, 195, 219, 66, 137, 28, 64, 104, 142,
       123, 203, 120, 243, 197, 178, 52, 40, 129, 16, 181, 219, 242, 132,
       6, 100, 22, 168, 206, 11, 190, 76, 174, 162, 202, 3, 204, 200,
       113, 64, 226, 13, 123, 99, 82, 211, 139, 210, 52, 52, 11, 63, 148,
       91, 177, 130, 1, 2, 105, 193, 108, 136, 104, 83, 237, 81, 118,
       243, 157, 139, 244, 110, 110, 136, 95, 156, 150, 56, 102, 192, 70,
       24, 178, 168, 52, 136, 113, 197, 6, 163, 134, 159, 137, 175, 182,
       232, 190, 180, 139, 5, 236, 238, 110, 70, 145, 101, 235, 87, 18,
       193, 203, 249, 45, 18, 79, 127, 16, 55, 149, 198, 78, 229, 176,
       154, 251, 81, 62, 237, 139, 159, 13, 17, 76, 238, 110, 214, 163,
       83, 179, 146, 82, 75, 170, 243, 59, 87, 31, 111, 146, 87, 173, 71,
       70, 184, 181, 221, 125, 214, 177, 168, 95, 157, 82, 2, 232, 252,
       189, 110, 217, 125, 59, 81, 130, 240, 255, 221, 13, 122, 207, 70,
       151, 44, 117, 103, 142, 115, 48, 139, 173, 85, 31, 236, 143, 254,
       149, 3, 236, 230, 111, 143, 205, 91, 151, 66, 70, 71, 170, 240,
       171, 81, 143, 191, 18, 127, 173, 215, 10, 149, 48, 159, 181, 63,
       190, 47, 29, 175, 90, 23, 236, 104, 46, 196, 215, 59, 179, 37,
       116, 152, 121, 255, 47, 86, 95, 195, 22, 76, 157, 239, 183, 216,
       242, 135, 126, 25, 186, 224, 125, 224, 242, 171, 110, 62, 63, 96,
       254, 209, 223, 195, 236, 51, 77, 234, 252, 6, 206, 51, 85, 63, 55,
       199, 1, 2, 89, 241, 108, 137, 232, 83, 236, 17, 240, 242, 157,
       139, 240, 107, 110, 1, 94, 157, 131, 62, 70, 209, 196, 152, 186,
       104, 28, 136, 97, 136, 1, 0, 81, 161, 110, 137, 232, 67, 173, 17,
       178, 82, 173, 11, 112, 74, 106, 129, 95, 137, 2, 59, 68, 192, 148,
       144, 154, 40, 85, 136, 97, 136, 206, 253, 176, 210, 213, 240, 126,
       238, 155, 183, 61, 19, 76, 254, 110, 204, 243, 219, 171, 210, 54,
       79, 186, 242, 59, 87, 135, 111, 146, 119, 173, 86, 181, 223, 233,
       254, 236, 33, 199, 252, 210, 90, 189, 110, 113, 225, 249, 35, 89,
       194, 6, 250, 251, 103, 46, 187, 120, 139, 229, 188, 253, 251, 242,
       161, 17, 130, 143, 29, 30, 131, 33, 106, 86, 177, 66, 70, 112,
       193, 160, 72, 113, 44, 42, 184, 1, 217, 135, 29, 88, 34, 243, 68,
       41, 40, 113, 40, 48, 34, 207, 141, 78, 11, 225, 75, 54, 33, 226,
       210, 17, 1, 144, 73, 122, 140, 34, 152, 9, 250, 71, 21, 20, 162,
       242, 64, 45, 136, 112, 168, 64, 162, 135, 157, 92, 131, 32, 72,
       150, 176, 66, 66, 228, 194, 96, 66, 112, 108, 106, 80, 2, 209,
       139, 93, 12, 34, 203, 44, 16, 40, 49, 0, 48, 225, 135, 158, 91, 3,
       162, 232, 22, 176, 73, 2, 96, 224, 96, 64, 121, 108, 34, 114, 66,
       83, 139, 31, 25, 38, 207, 44, 17, 43, 50, 162, 50, 0, 82, 160, 39,
       9, 152, 64, 45, 0, 241, 10, 14, 26, 36, 84, 238, 153, 14, 177, 8,
       179, 1, 192, 145, 208, 10, 18, 85, 10, 33, 6, 128, 101, 134, 157,
       31, 131, 162, 76, 190, 176, 203, 2, 228, 226, 97, 192, 113, 108,
       106, 242, 66, 209, 155, 95, 61, 38, 15, 45, 24, 59, 41, 130, 32,
       0, 96, 193, 68, 9, 232, 64, 77, 0, 178, 2, 131, 9, 84, 106, 106,
       128, 78, 137, 128, 179, 69, 192, 22, 24, 146, 16, 117, 136, 113,
       140, 86, 108, 18, 139, 95, 3, 174, 200, 190, 34, 194, 10, 196,
       138, 57, 65, 122, 141, 107, 227, 32, 211, 219, 250, 180, 36, 11,
       57, 148, 91, 49, 130, 182, 224, 146, 171, 94, 1, 174, 224, 124,
       32, 210, 139, 132, 170, 61, 64, 122, 221, 75, 227, 104, 179, 197,
       234, 180, 36, 142, 57, 85, 58, 33, 130, 70, 189, 18, 186, 251,
       205, 182, 232, 174, 188, 137, 41, 172, 246, 105, 16, 255, 123,
       235, 243, 34, 67, 154, 255, 189, 20, 15, 127, 144, 115, 39, 131,
       118, 113, 98, 174, 125, 75, 222, 72, 11, 172, 249, 175, 78, 205,
       47, 16, 254, 221, 247, 231, 76, 227, 218, 216, 179, 252, 137, 191,
       119, 63, 126, 87, 6, 141, 19, 155, 213, 199, 186, 226, 31, 4, 88,
       3, 236, 218, 52, 196, 248, 43, 147, 209, 50, 186, 26, 255, 45, 54,
       138, 75, 20, 15, 53, 206, 222, 220, 150, 190, 139, 240, 22, 175,
       187, 150, 238, 50, 110, 254, 45, 223, 247, 247, 172, 194, 124,
       206, 155, 255, 187, 247, 95, 11, 130, 117, 172, 31, 238, 188, 173,
       183, 173, 109, 85, 174, 59, 255, 14, 29, 238, 119, 74, 27, 129,
       70, 121, 20, 58, 92, 251, 179, 239, 211, 93, 126, 130, 124, 214,
       122, 113, 93, 79, 222, 62, 144, 74, 246, 132, 72, 220, 230, 49,
       214, 177, 99, 110, 242, 62, 206, 201, 143, 38, 237, 178, 169, 234,
       136, 61, 185, 120, 57, 134, 140, 148, 151, 193, 127, 180, 143, 30,
       191, 74, 17, 204, 118, 14, 207, 145, 95, 163, 17, 52, 220, 91,
       234, 45, 22, 223, 71, 130, 124, 141, 134, 252, 113, 252, 118, 173,
       93, 84, 216, 195, 250, 181, 25, 95, 221, 75, 187, 140, 212, 253,
       98, 201, 103, 250, 128, 211, 217, 101, 61, 98, 187, 78, 83, 159,
       185, 184, 178, 175, 181, 20, 216, 159, 255, 149, 55, 140, 222,
       106, 136, 255, 123, 191, 18, 151, 71, 58, 242, 155, 209, 127, 191,
       24, 95, 161, 211, 79, 149, 253, 206, 250, 116, 255, 249, 139, 255,
       61, 166, 220, 255, 238, 230, 167, 87, 255, 174, 177, 65, 186, 226,
       127, 255, 175, 254, 158, 247, 165, 241, 222, 221, 254, 246, 181,
       118, 95, 191, 123, 223, 191, 18, 124, 126, 127, 113, 247, 215,
       189, 243, 250, 71, 58, 239, 251, 95, 207, 215, 134, 119, 244, 127,
       173, 221, 252, 246, 236, 253, 223, 189, 219, 218, 61, 126, 255,
       127, 139, 35, 95, 243, 151, 114, 241, 102, 122, 191, 239, 223,
       231, 252, 255, 255, 135, 243, 221, 255, 250, 246, 188, 116, 79,
