%YAML:1.0
---
descriptors: !!opencv-matrix
   rows: 97
   cols: 32
   dt: u
   data: [ 34, 131, 48, 201, 245, 215, 178, 109, 93, 13, 120, 3, 136, 92,
       62, 164, 216, 59, 147, 113, 214, 184, 101, 221, 45, 92, 138, 199,
       85, 14, 221, 135, 252, 112, 240, 242, 45, 93, 85, 216, 203, 190,
       181, 24, 27, 223, 75, 186, 141, 209, 221, 82, 74, 103, 250, 128,
       211, 217, 85, 63, 227, 61, 70, 51, 177, 166, 201, 180, 222, 3, 71,
       123, 86, 162, 226, 218, 115, 225, 160, 96, 121, 236, 34, 172, 105,
       255, 173, 30, 248, 167, 229, 60, 177, 232, 112, 168, 73, 34, 199,
       173, 16, 2, 105, 59, 54, 161, 66, 192, 245, 163, 128, 88, 82, 44,
       42, 172, 49, 216, 199, 29, 204, 166, 251, 68, 44, 160, 33, 32, 48,
       32, 207, 157, 94, 3, 201, 107, 86, 161, 194, 90, 81, 33, 144, 73,
       88, 172, 34, 169, 57, 250, 69, 29, 28, 166, 243, 0, 37, 168, 114,
       168, 83, 32, 95, 169, 110, 139, 168, 67, 110, 49, 210, 226, 181,
       136, 212, 72, 110, 29, 123, 145, 130, 184, 199, 80, 20, 40, 58, 0,
       45, 136, 49, 136, 48, 134, 138, 156, 94, 3, 7, 107, 18, 162, 192,
       94, 115, 224, 160, 65, 121, 236, 34, 168, 41, 219, 159, 31, 248,
       166, 245, 60, 185, 232, 112, 136, 112, 32, 206, 141, 94, 3, 192,
       107, 22, 161, 194, 202, 81, 162, 16, 73, 120, 172, 34, 136, 9,
       218, 199, 29, 28, 162, 219, 0, 45, 40, 114, 136, 4, 128, 135, 157,
       92, 202, 32, 168, 254, 176, 66, 2, 100, 226, 105, 75, 113, 108,
       34, 112, 2, 208, 139, 93, 12, 34, 71, 68, 144, 40, 49, 128, 36,
       164, 132, 156, 95, 195, 162, 232, 18, 176, 64, 10, 100, 224, 41,
       65, 89, 108, 34, 32, 34, 114, 154, 29, 61, 38, 79, 45, 144, 40,
       57, 138, 32, 32, 198, 140, 76, 3, 192, 72, 30, 176, 96, 10, 96,
       194, 100, 64, 88, 172, 98, 225, 2, 211, 211, 221, 28, 34, 203, 45,
       21, 40, 114, 130, 4, 140, 134, 151, 149, 143, 166, 232, 182, 179,
       74, 3, 228, 224, 41, 65, 249, 110, 34, 113, 38, 248, 11, 127, 173,
       38, 207, 71, 128, 106, 61, 10, 130, 225, 150, 157, 31, 235, 162,
       204, 190, 176, 74, 2, 228, 232, 112, 64, 177, 109, 106, 227, 2,
       245, 155, 223, 13, 34, 79, 13, 17, 59, 57, 2, 48, 161, 134, 28,
       30, 35, 192, 232, 22, 181, 235, 10, 66, 224, 16, 137, 121, 236,
       98, 252, 40, 243, 159, 28, 152, 162, 197, 52, 97, 43, 90, 136,
       145, 203, 75, 252, 44, 208, 78, 246, 133, 72, 210, 230, 49, 163,
       177, 228, 110, 226, 62, 204, 201, 137, 6, 175, 178, 173, 178, 136,
       61, 152, 120, 44, 70, 253, 146, 186, 251, 205, 182, 232, 175, 158,
       136, 9, 172, 254, 105, 19, 255, 123, 203, 211, 102, 67, 154, 243,
       189, 20, 15, 127, 144, 119, 39, 131, 118, 249, 146, 190, 123, 197,
       158, 232, 155, 188, 185, 43, 110, 254, 101, 16, 255, 241, 207,
       227, 110, 99, 218, 221, 251, 214, 79, 63, 81, 47, 47, 131, 114,
       113, 118, 174, 125, 95, 90, 104, 155, 172, 185, 175, 110, 221, 47,
       144, 254, 253, 247, 231, 76, 99, 218, 220, 179, 127, 137, 187,
       119, 47, 126, 87, 174, 205, 150, 147, 245, 246, 190, 231, 30, 151,
       127, 19, 108, 126, 111, 75, 233, 211, 162, 146, 50, 254, 43, 231,
       61, 22, 223, 71, 211, 125, 237, 130, 134, 252, 188, 151, 173, 244,
       190, 239, 30, 211, 159, 19, 236, 254, 110, 203, 249, 127, 162,
       147, 118, 220, 219, 227, 173, 23, 223, 71, 136, 123, 185, 218, 14,
       237, 48, 202, 253, 209, 158, 237, 143, 85, 61, 3, 108, 254, 110,
       196, 211, 75, 147, 210, 86, 11, 58, 247, 59, 85, 143, 107, 146,
       95, 173, 222, 166, 220, 148, 151, 197, 114, 246, 239, 27, 183,
       127, 19, 108, 122, 111, 11, 249, 211, 162, 19, 126, 254, 27, 227,
       109, 214, 223, 71, 193, 125, 252, 142, 174, 253, 224, 154, 213,
       245, 190, 239, 155, 95, 61, 19, 204, 254, 110, 196, 249, 219, 147,
       210, 246, 110, 58, 247, 63, 95, 151, 111, 147, 95, 237, 215, 16,
       162, 143, 29, 88, 131, 33, 106, 54, 177, 66, 70, 80, 192, 160, 72,
       121, 44, 98, 184, 1, 217, 7, 29, 88, 34, 115, 68, 41, 40, 113,
       168, 64, 0, 81, 225, 76, 137, 232, 67, 172, 17, 240, 82, 157, 139,
       112, 74, 106, 137, 74, 157, 2, 58, 66, 209, 148, 152, 154, 40, 21,
       136, 97, 136, 0, 160, 135, 157, 72, 135, 160, 72, 182, 176, 66,
       64, 244, 194, 96, 66, 112, 108, 106, 112, 2, 209, 139, 93, 13, 34,
       67, 12, 16, 42, 33, 160, 32, 160, 142, 157, 90, 67, 160, 104, 22,
       176, 64, 2, 116, 240, 96, 1, 88, 108, 34, 96, 2, 82, 139, 29, 13,
       34, 71, 45, 16, 40, 33, 130, 34, 0, 80, 161, 108, 137, 184, 64,
       173, 0, 176, 67, 132, 10, 100, 74, 238, 145, 79, 145, 0, 43, 64,
       192, 148, 16, 154, 90, 85, 8, 35, 138, 96, 32, 14, 140, 77, 195,
       160, 72, 134, 164, 224, 10, 64, 192, 32, 64, 88, 44, 106, 97, 0,
       243, 211, 21, 21, 32, 139, 45, 17, 8, 122, 130, 132, 229, 134,
       159, 217, 135, 38, 168, 182, 144, 74, 1, 228, 224, 40, 67, 241,
       110, 234, 96, 38, 208, 155, 63, 45, 38, 79, 79, 128, 43, 57, 2,
       114, 32, 2, 136, 79, 1, 168, 64, 172, 32, 210, 10, 0, 136, 52, 64,
       232, 133, 91, 225, 8, 163, 209, 192, 149, 32, 138, 56, 69, 8, 51,
       130, 160, 97, 134, 156, 77, 195, 162, 76, 150, 176, 233, 10, 96,
       224, 96, 194, 121, 236, 106, 242, 82, 243, 155, 31, 61, 34, 207,
       61, 17, 59, 244, 134, 70, 109, 18, 139, 223, 11, 174, 232, 190,
       34, 203, 11, 196, 136, 57, 65, 122, 143, 107, 227, 96, 131, 211,
       254, 181, 36, 11, 57, 148, 91, 33, 138, 54, 236, 66, 203, 94, 1,
       174, 224, 124, 34, 251, 138, 128, 170, 61, 64, 250, 205, 91, 227,
       108, 179, 197, 250, 180, 36, 142, 57, 85, 123, 43, 134, 54, 113,
       18, 172, 123, 71, 158, 104, 155, 172, 177, 43, 78, 255, 109, 16,
       254, 241, 207, 227, 72, 99, 90, 221, 185, 150, 15, 63, 81, 59, 39,
       131, 2, 77, 51, 159, 85, 199, 182, 102, 159, 4, 88, 3, 236, 220,
       52, 196, 248, 59, 147, 195, 98, 186, 58, 255, 37, 54, 155, 10, 22,
       14, 53, 206, 158, 204, 150, 183, 133, 244, 126, 167, 191, 147, 79,
       19, 238, 250, 78, 207, 241, 239, 174, 130, 126, 220, 155, 235,
       175, 247, 223, 67, 130, 117, 169, 14, 214, 255, 150, 159, 141,
       166, 190, 175, 190, 147, 219, 18, 236, 254, 105, 75, 245, 127,
       170, 163, 114, 205, 155, 255, 169, 54, 223, 14, 128, 115, 165, 18,
       238, 180, 173, 243, 173, 111, 85, 191, 59, 191, 7, 29, 206, 119,
       74, 91, 145, 86, 253, 28, 58, 92, 251, 179, 239, 223, 93, 119,
       130, 125, 215, 122, 129, 0, 79, 241, 100, 169, 233, 23, 236, 17,
       114, 80, 149, 139, 248, 75, 74, 8, 46, 152, 18, 180, 70, 193, 196,
       217, 50, 64, 212, 136, 193, 160, 6, 144, 180, 221, 29, 207, 161,
       40, 95, 220, 82, 2, 232, 220, 62, 110, 216, 125, 59, 81, 131, 240,
       251, 221, 13, 58, 207, 70, 21, 42, 85, 100, 2, 149, 24, 139, 245,
       231, 179, 235, 31, 13, 95, 3, 204, 127, 46, 68, 221, 27, 147, 17,
       18, 184, 73, 255, 45, 20, 138, 71, 148, 74, 189, 135, 253, 223,
       239, 254, 172, 62, 78, 248, 211, 218, 156, 230, 115, 233, 251, 99,
       127, 194, 125, 111, 253, 97, 174, 186, 250, 207, 229, 188, 255,
       251, 216, 81, 221, 223, 255, 254, 190, 52, 95, 252, 251, 222, 189,
       254, 125, 231, 251, 115, 55, 195, 124, 254, 243, 71, 174, 251,
       250, 207, 239, 188, 190, 243, 225, 113, 17, 34, 143, 13, 18, 131,
       33, 91, 54, 161, 66, 198, 83, 128, 128, 104, 112, 44, 42, 152, 9,
       218, 231, 20, 84, 162, 113, 0, 105, 0, 112, 168, 48, 32, 79, 137,
       70, 139, 97, 67, 118, 49, 66, 214, 17, 1, 144, 72, 104, 140, 34,
       152, 11, 184, 87, 16, 84, 160, 242, 64, 45, 136, 112, 168, 0, 32,
       135, 13, 72, 135, 32, 72, 166, 176, 66, 0, 240, 192, 96, 66, 80,
       44, 106, 112, 2, 211, 147, 29, 5, 32, 3, 44, 16, 34, 33, 160, 198,
       189, 148, 159, 137, 252, 180, 143, 190, 151, 74, 17, 236, 246, 74,
       207, 161, 119, 233, 17, 54, 216, 219, 97, 45, 50, 95, 67, 128,
       117, 141, 14, 80, 32, 19, 137, 74, 9, 160, 64, 44, 32, 226, 74,
       132, 130, 32, 64, 104, 141, 74, 161, 0, 147, 193, 64, 148, 32, 10,
