%YAML:1.0
---
descriptors: !!opencv-matrix
   rows: 202
   cols: 32
   dt: u
   data: [ 58, 239, 66, 174, 114, 145, 110, 245, 29, 4, 88, 239, 41, 207,
       182, 212, 126, 235, 151, 238, 206, 154, 4, 255, 182, 229, 174,
       169, 55, 158, 174, 220, 218, 120, 26, 184, 59, 233, 17, 71, 173,
       5, 172, 57, 46, 159, 96, 80, 166, 179, 205, 144, 10, 15, 130, 243,
       211, 213, 26, 123, 18, 4, 167, 75, 19, 203, 98, 142, 126, 151,
       238, 253, 70, 72, 218, 230, 121, 200, 182, 228, 126, 235, 62, 207,
       207, 171, 15, 255, 48, 44, 175, 136, 61, 186, 249, 13, 100, 48,
       188, 81, 253, 127, 112, 25, 123, 251, 53, 61, 202, 125, 79, 62,
       149, 92, 228, 16, 190, 116, 251, 130, 79, 223, 85, 119, 194, 237,
       198, 247, 120, 121, 50, 236, 17, 215, 82, 120, 161, 236, 237, 9,
       63, 223, 35, 144, 248, 189, 213, 226, 76, 179, 48, 157, 243, 205,
       1, 59, 115, 39, 110, 82, 41, 185, 123, 233, 252, 201, 243, 247,
       207, 73, 124, 169, 188, 221, 242, 32, 142, 58, 23, 88, 147, 186,
       102, 253, 111, 29, 36, 232, 214, 138, 199, 251, 55, 119, 99, 77,
       116, 151, 234, 120, 85, 200, 249, 238, 115, 200, 183, 164, 126,
       168, 23, 111, 205, 179, 108, 158, 50, 12, 169, 172, 127, 175, 120,
       213, 62, 105, 162, 174, 221, 201, 194, 200, 131, 196, 205, 139,
       106, 237, 115, 132, 216, 250, 211, 83, 10, 35, 218, 185, 249, 85,
       141, 59, 243, 63, 94, 210, 181, 84, 118, 5, 70, 27, 230, 248, 113,
       226, 243, 110, 83, 120, 191, 167, 58, 204, 84, 111, 237, 247, 29,
       14, 48, 106, 101, 20, 111, 251, 114, 4, 19, 207, 66, 158, 54, 144,
       206, 252, 149, 4, 216, 231, 97, 202, 182, 196, 126, 235, 23, 239,
       206, 139, 14, 255, 186, 44, 174, 136, 63, 159, 120, 141, 2, 157,
       18, 207, 23, 241, 179, 231, 14, 5, 92, 2, 172, 187, 32, 196, 90,
       59, 147, 192, 82, 184, 114, 253, 37, 52, 138, 2, 23, 14, 177, 170,
       137, 157, 25, 225, 180, 174, 106, 183, 117, 11, 110, 84, 191, 51,
       128, 112, 247, 26, 22, 56, 179, 188, 81, 127, 239, 221, 38, 64,
       186, 192, 129, 41, 3, 88, 22, 185, 117, 156, 248, 66, 253, 89,
       115, 117, 140, 154, 36, 88, 230, 45, 63, 149, 182, 188, 2, 229,
       150, 254, 218, 195, 138, 133, 43, 135, 184, 181, 57, 101, 157, 79,
       85, 63, 123, 55, 44, 24, 51, 53, 64, 49, 129, 22, 96, 40, 122,
       104, 113, 23, 111, 223, 85, 55, 114, 72, 198, 42, 64, 140, 142,
       189, 8, 169, 224, 7, 174, 51, 194, 129, 229, 162, 0, 74, 105, 167,
       106, 156, 18, 221, 195, 97, 156, 166, 218, 65, 192, 64, 161, 8,
       124, 48, 114, 108, 117, 95, 89, 120, 113, 168, 244, 10, 91, 125,
       29, 52, 126, 156, 215, 40, 232, 179, 241, 142, 95, 255, 37, 21,
       103, 172, 70, 179, 2, 88, 146, 219, 125, 228, 185, 66, 191, 25,
       82, 18, 172, 222, 36, 108, 239, 59, 183, 145, 34, 156, 50, 247,
       133, 54, 154, 202, 144, 9, 49, 191, 47, 20, 235, 197, 116, 86,
       251, 249, 81, 234, 212, 66, 89, 125, 191, 36, 126, 140, 23, 173,
       237, 179, 117, 206, 127, 95, 167, 132, 119, 172, 120, 229, 192,
       171, 219, 248, 244, 169, 104, 7, 190, 1, 106, 216, 183, 163, 64,
       80, 106, 187, 78, 16, 58, 58, 192, 81, 188, 180, 2, 104, 132, 192,
       131, 168, 65, 160, 245, 213, 52, 154, 232, 24, 126, 145, 114, 66,
       249, 232, 212, 230, 122, 236, 38, 156, 131, 240, 239, 221, 12,
       170, 227, 68, 109, 168, 89, 164, 21, 134, 197, 87, 244, 26, 230,
       184, 116, 146, 114, 66, 243, 97, 157, 229, 121, 228, 38, 60, 169,
       248, 109, 15, 46, 174, 119, 68, 239, 232, 88, 168, 212, 111, 158,
       175, 138, 11, 46, 237, 60, 162, 227, 194, 196, 227, 9, 83, 122,
       213, 106, 226, 104, 215, 201, 106, 244, 166, 79, 20, 0, 115, 163,
       0, 233, 34, 44, 185, 77, 165, 72, 31, 71, 123, 196, 93, 147, 137,
       83, 95, 73, 138, 123, 156, 142, 78, 215, 144, 71, 89, 208, 56,
       154, 204, 120, 216, 53, 77, 107, 78, 180, 15, 239, 248, 196, 234,
       251, 78, 115, 225, 185, 96, 120, 228, 86, 238, 233, 179, 60, 62,
       112, 172, 165, 148, 125, 251, 112, 176, 5, 177, 155, 241, 180,
       142, 105, 23, 126, 137, 91, 84, 213, 243, 200, 104, 215, 14, 22,
       24, 147, 216, 209, 2, 237, 173, 63, 196, 136, 130, 129, 161, 242,
       164, 144, 186, 159, 171, 214, 111, 219, 179, 161, 27, 70, 248, 68,
       129, 249, 233, 72, 49, 62, 111, 202, 159, 185, 214, 29, 63, 241,
       76, 251, 134, 176, 129, 10, 173, 92, 139, 228, 103, 116, 33, 195,
       27, 227, 128, 48, 64, 120, 172, 106, 173, 92, 191, 197, 79, 180,
       36, 146, 8, 49, 8, 240, 136, 41, 85, 106, 206, 221, 215, 223, 127,
       68, 72, 221, 2, 121, 173, 178, 96, 88, 250, 147, 107, 213, 187,
       53, 173, 115, 45, 164, 145, 55, 219, 252, 186, 138, 150, 50, 153,
       247, 243, 184, 71, 30, 79, 80, 179, 140, 220, 174, 204, 255, 59,
       147, 145, 54, 190, 2, 215, 12, 22, 186, 203, 150, 76, 189, 223,
       239, 120, 225, 84, 101, 124, 249, 22, 243, 254, 52, 61, 59, 189,
       215, 191, 143, 252, 245, 156, 141, 126, 246, 226, 95, 121, 245,
       171, 239, 244, 86, 255, 125, 73, 80, 206, 45, 91, 70, 104, 5, 136,
       255, 8, 99, 241, 165, 244, 88, 244, 110, 106, 73, 163, 201, 136,
       179, 253, 133, 25, 114, 251, 88, 36, 4, 204, 158, 187, 28, 167,
       166, 198, 150, 2, 64, 2, 245, 227, 33, 64, 73, 106, 2, 219, 106,
       188, 90, 63, 237, 134, 159, 8, 144, 123, 49, 138, 29, 3, 220, 229,
       162, 14, 125, 57, 45, 188, 119, 199, 223, 39, 153, 91, 54, 197,
       61, 172, 144, 208, 5, 72, 230, 235, 106, 132, 164, 242, 137, 65,
       56, 197, 86, 238, 85, 194, 100, 101, 197, 0, 234, 2, 98, 249, 32,
       65, 120, 178, 2, 232, 104, 187, 18, 221, 115, 168, 130, 1, 115,
       26, 232, 10, 39, 38, 226, 152, 87, 177, 184, 74, 91, 199, 125,
       159, 8, 200, 119, 140, 223, 41, 131, 149, 134, 182, 198, 210, 30,
       29, 27, 171, 215, 76, 111, 199, 60, 71, 99, 237, 22, 3, 111, 112,
       53, 132, 222, 199, 115, 67, 177, 65, 126, 172, 31, 238, 232, 178,
       101, 142, 244, 174, 163, 128, 39, 170, 116, 224, 123, 62, 194,
       176, 205, 61, 232, 83, 63, 103, 254, 207, 143, 170, 86, 220, 123,
       143, 255, 157, 158, 62, 247, 194, 220, 247, 218, 237, 239, 79,
       123, 212, 125, 93, 95, 100, 50, 78, 71, 184, 97, 224, 238, 76,
       115, 99, 129, 114, 54, 228, 108, 110, 201, 144, 253, 45, 242, 237,
       37, 16, 107, 179, 74, 89, 33, 185, 115, 201, 244, 201, 235, 247,
       78, 65, 124, 226, 187, 221, 180, 36, 126, 58, 87, 88, 211, 56,
       118, 255, 47, 28, 38, 232, 94, 138, 215, 249, 85, 21, 31, 101,
       176, 46, 71, 51, 228, 168, 171, 76, 215, 115, 129, 115, 20, 102,
       108, 106, 217, 161, 209, 12, 225, 171, 101, 16, 104, 242, 194, 33,
       193, 206, 27, 117, 48, 138, 111, 55, 116, 170, 98, 84, 247, 3,
       128, 89, 51, 108, 108, 44, 105, 220, 133, 47, 228, 174, 116, 64,
       40, 160, 128, 41, 8, 185, 187, 233, 248, 205, 121, 87, 175, 77,
       124, 1, 189, 255, 98, 16, 166, 59, 23, 157, 146, 152, 178, 117,
       239, 221, 62, 232, 208, 130, 167, 251, 53, 205, 67, 202, 124, 147,
       206, 248, 199, 224, 248, 198, 115, 200, 189, 164, 122, 168, 22,
       239, 207, 163, 28, 191, 56, 12, 165, 188, 127, 139, 112, 172, 43,
       120, 237, 64, 105, 221, 153, 86, 235, 253, 52, 173, 155, 156, 215,
       174, 143, 49, 213, 21, 135, 109, 182, 128, 75, 93, 53, 251, 207,
       142, 95, 255, 32, 221, 115, 78, 112, 198, 103, 246, 96, 72, 232,
       32, 48, 247, 161, 116, 80, 122, 6, 202, 67, 186, 120, 127, 101,
       172, 34, 8, 114, 242, 102, 250, 252, 166, 56, 163, 26, 105, 81,
       25, 34, 62, 165, 25, 183, 21, 75, 27, 131, 148, 77, 50, 42, 101,
       201, 21, 211, 193, 49, 61, 112, 73, 15, 67, 184, 16, 122, 108,
       125, 95, 89, 120, 67, 168, 246, 14, 91, 31, 165, 48, 126, 156,
       215, 40, 136, 179, 113, 156, 87, 249, 33, 21, 123, 170, 110, 187,
       72, 221, 23, 126, 169, 102, 20, 191, 249, 90, 162, 64, 254, 119,
       33, 243, 135, 119, 124, 42, 97, 205, 57, 125, 179, 250, 86, 18,
       88, 112, 163, 59, 58, 91, 247, 237, 117, 199, 248, 112, 77, 204,
