%YAML:1.0
---
descriptors: !!opencv-matrix
   rows: 169
   cols: 32
   dt: u
   data: [ 3, 28, 67, 159, 116, 246, 234, 114, 124, 73, 91, 199, 249,
       254, 182, 228, 118, 43, 22, 141, 151, 152, 53, 255, 4, 62, 186,
       192, 30, 134, 57, 221, 107, 120, 227, 244, 101, 84, 124, 84, 105,
       234, 118, 138, 41, 31, 213, 191, 110, 253, 183, 206, 201, 118,
       244, 200, 23, 251, 215, 130, 111, 245, 98, 253, 237, 188, 240,
       115, 245, 125, 222, 177, 89, 110, 61, 57, 219, 125, 159, 189, 159,
       82, 213, 59, 188, 116, 124, 174, 111, 223, 101, 247, 230, 239,
       222, 247, 42, 240, 16, 137, 109, 221, 240, 73, 15, 53, 177, 11,
       142, 28, 78, 140, 233, 153, 207, 209, 6, 38, 91, 209, 157, 16,
       155, 127, 22, 14, 13, 198, 104, 49, 61, 229, 48, 79, 126, 16, 41,
       72, 242, 105, 223, 31, 0, 16, 150, 149, 221, 99, 73, 176, 209, 12,
       231, 251, 32, 145, 72, 178, 74, 19, 15, 252, 167, 151, 253, 87,
       174, 237, 255, 251, 210, 98, 232, 250, 253, 231, 249, 111, 255,
       215, 231, 223, 175, 235, 62, 126, 223, 130, 142, 254, 241, 221,
       214, 55, 166, 146, 171, 240, 24, 11, 191, 223, 143, 189, 206, 206,
       79, 95, 167, 135, 237, 151, 62, 67, 186, 208, 155, 82, 31, 223,
       130, 71, 175, 87, 207, 174, 235, 211, 213, 253, 238, 247, 123,
       127, 124, 218, 105, 110, 223, 185, 59, 207, 151, 155, 183, 126,
       172, 231, 63, 95, 223, 229, 199, 245, 255, 220, 73, 144, 59, 234,
       116, 252, 121, 16, 107, 73, 123, 96, 191, 155, 192, 240, 230, 61,
       60, 29, 151, 152, 160, 213, 215, 253, 50, 232, 24, 130, 35, 105,
       9, 145, 27, 251, 113, 236, 121, 81, 173, 73, 117, 84, 156, 151,
       42, 48, 230, 59, 151, 10, 147, 152, 16, 117, 71, 249, 50, 194, 90,
       131, 171, 243, 142, 176, 184, 241, 253, 239, 185, 91, 31, 191, 85,
       26, 156, 221, 104, 40, 255, 27, 151, 17, 50, 252, 123, 210, 207,
       215, 159, 231, 150, 73, 21, 179, 189, 245, 235, 230, 238, 66, 239,
       252, 115, 234, 245, 230, 91, 237, 253, 113, 127, 204, 55, 239,
       233, 247, 173, 234, 122, 203, 239, 172, 47, 187, 242, 241, 49, 69,
       107, 12, 84, 151, 195, 120, 85, 96, 251, 70, 83, 200, 183, 96,
       120, 172, 22, 111, 205, 179, 53, 30, 48, 44, 32, 0, 125, 170, 112,
       196, 11, 154, 38, 185, 48, 148, 57, 150, 190, 89, 86, 245, 188,
       151, 162, 204, 229, 59, 191, 157, 151, 220, 50, 247, 204, 119,
       186, 194, 158, 4, 169, 217, 57, 71, 98, 77, 84, 27, 238, 116, 69,
       96, 125, 206, 19, 40, 183, 164, 120, 140, 22, 239, 205, 178, 117,
       158, 54, 12, 160, 160, 111, 255, 122, 140, 3, 140, 231, 253, 52,
       182, 232, 55, 31, 67, 86, 214, 249, 47, 182, 100, 87, 110, 55,
       141, 183, 152, 119, 255, 174, 126, 218, 192, 158, 204, 241, 92,
       154, 174, 135, 31, 155, 187, 132, 239, 150, 179, 195, 87, 228,
       224, 104, 143, 17, 110, 234, 17, 55, 223, 203, 63, 152, 2, 93,
       119, 154, 76, 185, 140, 254, 122, 246, 254, 47, 31, 252, 88, 189,
       94, 247, 255, 239, 205, 183, 223, 238, 245, 255, 231, 236, 231,
       186, 200, 210, 251, 122, 155, 79, 252, 111, 87, 61, 205, 69, 238,
       94, 3, 199, 248, 199, 48, 184, 202, 115, 193, 185, 101, 88, 192,
       78, 235, 104, 35, 78, 189, 241, 201, 165, 60, 117, 187, 80, 32, 8,
       159, 62, 93, 179, 218, 53, 183, 52, 7, 110, 160, 253, 119, 162,
       245, 39, 126, 175, 8, 112, 152, 33, 63, 239, 231, 118, 193, 162,
       240, 165, 105, 214, 36, 183, 182, 169, 108, 125, 130, 187, 223,
       131, 57, 223, 254, 75, 123, 167, 215, 125, 23, 59, 69, 171, 226,
       153, 242, 127, 154, 128, 117, 167, 115, 206, 62, 244, 159, 111,
       249, 185, 74, 191, 190, 245, 187, 236, 254, 231, 223, 255, 253,
       239, 147, 166, 119, 234, 249, 223, 211, 219, 175, 151, 237, 53,
       199, 57, 205, 14, 236, 20, 215, 79, 246, 84, 104, 254, 2, 51, 24,
       179, 97, 104, 160, 30, 237, 237, 187, 117, 191, 243, 205, 163, 0,
       61, 184, 120, 40, 28, 81, 183, 171, 58, 195, 187, 152, 174, 29,
       155, 162, 221, 215, 105, 98, 102, 53, 63, 217, 2, 129, 43, 213,
       205, 166, 43, 196, 176, 3, 37, 113, 201, 62, 158, 181, 169, 60,
       124, 23, 179, 251, 6, 53, 143, 51, 67, 255, 167, 230, 253, 28, 60,
       92, 195, 130, 206, 243, 127, 131, 170, 244, 136, 95, 121, 22, 126,
       76, 62, 59, 123, 122, 37, 232, 254, 238, 123, 108, 151, 112, 126,
       181, 255, 172, 141, 179, 101, 157, 246, 237, 33, 148, 111, 170,
       72, 93, 57, 123, 123, 237, 60, 135, 239, 252, 86, 232, 222, 110,
       115, 249, 177, 32, 126, 236, 63, 239, 201, 251, 237, 188, 252,
       205, 175, 160, 125, 186, 112, 185, 49, 225, 97, 73, 94, 75, 195,
       121, 71, 224, 253, 202, 83, 69, 148, 36, 88, 140, 22, 234, 201,
       178, 125, 29, 127, 140, 165, 52, 119, 170, 86, 244, 8, 176, 59,
       250, 105, 205, 113, 65, 175, 93, 37, 25, 62, 223, 104, 18, 164,
       57, 251, 16, 19, 3, 178, 81, 211, 209, 18, 123, 18, 0, 135, 243,
       137, 182, 252, 249, 108, 249, 225, 94, 222, 123, 116, 254, 189,
       147, 210, 105, 107, 136, 110, 24, 163, 124, 231, 211, 206, 223,
       115, 236, 254, 200, 65, 249, 73, 185, 189, 245, 141, 205, 117,
       151, 234, 251, 134, 24, 222, 185, 80, 106, 129, 86, 121, 25, 243,
       105, 243, 160, 207, 187, 87, 124, 138, 72, 211, 107, 187, 95, 98,
       86, 83, 146, 254, 112, 177, 204, 215, 167, 104, 204, 182, 148,
       126, 237, 151, 231, 228, 159, 52, 238, 50, 126, 137, 131, 103,
       166, 126, 215, 159, 86, 102, 71, 115, 54, 106, 112, 101, 74, 127,
       230, 73, 6, 159, 244, 54, 140, 150, 238, 237, 148, 45, 238, 22,
       127, 160, 128, 47, 167, 40, 85, 77, 18, 59, 251, 116, 236, 123,
       16, 233, 73, 127, 96, 191, 215, 168, 120, 182, 57, 28, 94, 147,
       144, 168, 245, 199, 253, 34, 224, 26, 131, 99, 241, 3, 140, 189,
       221, 52, 230, 232, 39, 95, 75, 82, 18, 188, 58, 52, 96, 211, 43,
       59, 13, 179, 156, 115, 255, 175, 62, 154, 192, 156, 136, 241, 60,
       7, 175, 225, 131, 246, 2, 238, 183, 60, 229, 90, 231, 205, 42,
       218, 64, 55, 79, 23, 221, 151, 216, 13, 226, 44, 14, 174, 196,
       173, 246, 249, 221, 253, 80, 254, 100, 13, 30, 69, 61, 241, 186,
       183, 92, 83, 49, 89, 59, 56, 212, 108, 234, 232, 231, 185, 8, 243,
       235, 101, 148, 107, 241, 250, 51, 139, 176, 189, 219, 237, 253,
       177, 143, 95, 113, 20, 20, 188, 31, 88, 237, 205, 27, 251, 29, 19,
       108, 123, 213, 79, 219, 91, 126, 154, 12, 129, 250, 216, 220, 148,
       247, 11, 46, 157, 174, 180, 178, 135, 18, 255, 115, 8, 79, 101,
       214, 249, 170, 104, 197, 219, 163, 199, 251, 83, 18, 43, 125, 137,
       50, 66, 189, 183, 148, 179, 236, 53, 7, 187, 207, 10, 16, 172,
       182, 70, 126, 167, 63, 249, 17, 23, 217, 178, 226, 189, 54, 30,
       67, 128, 68, 165, 127, 190, 188, 240, 115, 247, 125, 250, 176,
       121, 255, 63, 59, 203, 125, 223, 189, 191, 211, 213, 50, 188, 116,
       124, 238, 15, 223, 69, 247, 231, 239, 95, 87, 219, 95, 70, 20,
       178, 146, 174, 180, 181, 200, 218, 231, 105, 106, 183, 197, 126,
       231, 189, 239, 237, 153, 5, 238, 58, 110, 239, 128, 47, 182, 120,
       93, 142, 112, 186, 241, 109, 253, 185, 80, 127, 253, 117, 59, 140,
       157, 95, 9, 175, 25, 247, 17, 130, 118, 242, 192, 95, 89, 91, 239,
       199, 13, 119, 243, 142, 176, 186, 241, 117, 255, 249, 90, 31, 45,
       87, 18, 156, 223, 110, 104, 255, 25, 191, 16, 50, 252, 121, 214,
       207, 223, 155, 231, 150, 8, 21, 243, 239, 88, 254, 190, 239, 63,
       252, 85, 189, 218, 215, 247, 204, 239, 183, 207, 239, 181, 255,
       135, 229, 231, 215, 192, 22, 123, 223, 139, 207, 252, 171, 215,
       234, 251, 180, 90, 235, 217, 180, 239, 203, 95, 48, 57, 46, 252,
       110, 147, 203, 211, 227, 81, 118, 111, 234, 241, 63, 83, 86, 127,
       83, 92, 199, 223, 226, 251, 244, 94, 235, 217, 86, 239, 139, 63,
       180, 43, 44, 234, 110, 23, 207, 211, 235, 66, 118, 107, 234, 241,
       63, 18, 84, 59, 83, 28, 206, 79, 138, 248, 152, 251, 237, 165,
       185, 198, 30, 31, 84, 16, 188, 155, 96, 73, 205, 59, 51, 17, 18,
