%YAML:1.0
---
descriptors: !!opencv-matrix
   rows: 308
   cols: 32
   dt: u
   data: [ 190, 253, 38, 28, 221, 213, 151, 239, 159, 94, 188, 63, 40,
       252, 127, 133, 221, 123, 211, 99, 231, 39, 58, 251, 51, 81, 141,
       191, 91, 124, 222, 223, 2, 169, 233, 219, 244, 216, 233, 151, 47,
       89, 124, 243, 157, 6, 214, 108, 227, 11, 31, 156, 147, 156, 100,
       242, 207, 92, 62, 224, 148, 128, 165, 249, 203, 194, 74, 41, 160,
       26, 236, 21, 124, 65, 87, 244, 217, 138, 158, 232, 182, 5, 254,
       189, 223, 156, 165, 198, 6, 125, 186, 196, 111, 132, 235, 5, 70,
       89, 107, 228, 98, 134, 191, 96, 168, 136, 155, 227, 124, 255, 53,
       66, 238, 245, 95, 231, 192, 131, 128, 232, 113, 40, 170, 138, 5,
       115, 35, 147, 142, 96, 176, 155, 87, 247, 185, 202, 31, 47, 85,
       19, 140, 214, 111, 204, 217, 25, 147, 17, 34, 148, 88, 211, 77,
       22, 155, 103, 146, 13, 29, 230, 131, 206, 63, 219, 56, 213, 185,
       244, 174, 93, 16, 117, 236, 222, 174, 65, 135, 51, 191, 68, 163,
       13, 42, 247, 175, 91, 122, 202, 16, 22, 33, 253, 123, 126, 82,
       210, 123, 245, 50, 208, 169, 200, 184, 110, 108, 222, 167, 180,
       166, 241, 214, 226, 199, 131, 0, 253, 50, 93, 41, 187, 11, 151,
       43, 159, 84, 95, 186, 190, 240, 228, 95, 115, 168, 206, 93, 101,
       127, 255, 34, 80, 246, 123, 21, 67, 157, 131, 170, 107, 243, 237,
       42, 201, 144, 243, 175, 67, 53, 7, 74, 168, 214, 163, 226, 94, 68,
       193, 248, 199, 19, 131, 169, 72, 122, 136, 6, 188, 26, 179, 4,
       140, 248, 140, 162, 68, 253, 137, 248, 128, 130, 34, 170, 152, 52,
       173, 185, 67, 159, 79, 85, 149, 172, 204, 55, 8, 158, 41, 151, 21,
       166, 37, 34, 219, 210, 52, 58, 169, 212, 77, 85, 215, 71, 251,
       243, 82, 242, 212, 186, 244, 251, 216, 122, 228, 188, 254, 229,
       245, 166, 127, 182, 81, 199, 251, 174, 224, 46, 120, 47, 234, 142,
       150, 35, 189, 173, 177, 123, 225, 198, 7, 253, 253, 86, 232, 116,
       70, 20, 157, 113, 41, 188, 27, 19, 125, 211, 250, 49, 212, 123, 9,
       37, 228, 253, 136, 240, 243, 19, 59, 194, 181, 230, 170, 236, 210,
       94, 233, 82, 231, 147, 168, 215, 8, 46, 110, 22, 205, 149, 248,
       133, 224, 4, 40, 186, 128, 237, 237, 217, 133, 210, 45, 2, 190,
       27, 224, 26, 99, 134, 132, 203, 131, 44, 231, 98, 66, 106, 179,
       235, 145, 26, 11, 130, 239, 185, 36, 138, 91, 49, 70, 45, 10, 174,
       126, 161, 184, 239, 113, 190, 202, 154, 118, 16, 187, 12, 252,
       127, 174, 221, 91, 147, 247, 166, 103, 174, 242, 17, 85, 207, 175,
       149, 125, 55, 247, 80, 241, 122, 96, 52, 202, 115, 244, 96, 140,
       254, 34, 19, 145, 72, 64, 112, 252, 45, 120, 72, 163, 129, 4, 123,
       173, 32, 76, 105, 138, 100, 43, 181, 79, 123, 231, 36, 14, 111,
       113, 100, 138, 115, 68, 115, 65, 177, 17, 62, 228, 4, 110, 233,
       180, 41, 12, 225, 168, 101, 0, 105, 186, 96, 161, 1, 158, 31, 250,
       244, 172, 57, 51, 253, 89, 90, 116, 188, 163, 160, 96, 231, 35,
       23, 28, 179, 152, 34, 247, 204, 191, 58, 192, 152, 192, 161, 33,
       35, 25, 162, 154, 85, 229, 162, 64, 78, 136, 88, 2, 32, 152, 53,
       76, 200, 42, 19, 87, 2, 178, 82, 184, 5, 12, 138, 10, 149, 91,
       120, 142, 220, 147, 136, 169, 172, 72, 87, 41, 206, 125, 139, 61,
       215, 164, 106, 66, 209, 6, 108, 1, 30, 41, 219, 19, 233, 229, 35,
       117, 144, 42, 148, 82, 33, 77, 111, 79, 116, 195, 231, 248, 68,
       76, 124, 2, 112, 85, 189, 101, 88, 120, 18, 110, 193, 176, 124,
       125, 101, 40, 160, 0, 119, 187, 116, 248, 160, 197, 122, 73, 116,
       195, 231, 252, 68, 76, 124, 42, 115, 85, 183, 48, 88, 136, 6, 106,
       232, 182, 96, 31, 102, 141, 161, 44, 113, 186, 116, 233, 139, 16,
       179, 219, 55, 247, 176, 83, 95, 75, 83, 114, 156, 150, 172, 236,
       215, 25, 146, 16, 183, 156, 51, 243, 7, 94, 26, 194, 146, 9, 161,
       245, 40, 149, 48, 219, 213, 221, 245, 167, 127, 5, 104, 18, 170,
       189, 124, 192, 233, 155, 162, 17, 82, 56, 112, 247, 47, 221, 22,
       75, 211, 76, 197, 170, 48, 221, 123, 109, 84, 207, 127, 119, 69,
       132, 126, 2, 115, 55, 176, 16, 120, 186, 7, 232, 232, 186, 48, 63,
       119, 239, 164, 0, 117, 186, 102, 234, 14, 150, 170, 139, 245, 225,
       187, 218, 30, 77, 93, 183, 204, 207, 42, 64, 251, 27, 131, 145,
       18, 176, 40, 247, 79, 21, 186, 199, 146, 79, 173, 243, 82, 77, 26,
       172, 22, 215, 94, 103, 173, 132, 216, 11, 46, 158, 38, 80, 254,
       187, 159, 225, 76, 139, 16, 255, 179, 180, 142, 11, 52, 26, 47,
       14, 2, 75, 2, 140, 125, 208, 190, 103, 173, 132, 218, 131, 172,
       142, 54, 196, 238, 59, 251, 193, 68, 139, 2, 237, 52, 48, 142,
       139, 6, 22, 45, 142, 18, 213, 18, 234, 91, 197, 150, 109, 9, 0,
       233, 11, 46, 223, 44, 208, 246, 153, 151, 194, 82, 15, 26, 255,
       179, 212, 10, 123, 24, 2, 175, 139, 2, 75, 22, 157, 87, 146, 188,
       231, 30, 0, 82, 199, 172, 138, 53, 197, 234, 107, 163, 197, 70,
       216, 6, 253, 44, 50, 158, 131, 22, 28, 185, 141, 62, 207, 98, 142,
       95, 209, 222, 224, 135, 68, 252, 139, 104, 205, 55, 128, 216, 251,
       147, 195, 78, 43, 94, 255, 51, 117, 137, 187, 119, 63, 124, 222,
       10, 170, 34, 156, 107, 144, 184, 99, 175, 12, 214, 163, 172, 143,
       38, 192, 238, 185, 175, 132, 2, 139, 130, 213, 214, 117, 218, 139,
       22, 4, 45, 219, 14, 116, 168, 145, 117, 255, 179, 74, 94, 111, 93,
       51, 140, 156, 127, 136, 217, 25, 147, 17, 134, 180, 112, 210, 77,
       23, 155, 231, 150, 77, 29, 214, 104, 165, 132, 151, 141, 255, 196,
       47, 87, 175, 143, 24, 226, 104, 94, 134, 153, 230, 232, 145, 28,
       248, 217, 171, 47, 87, 221, 81, 131, 78, 220, 78, 3, 187, 104,
       154, 242, 145, 188, 119, 95, 77, 92, 231, 172, 238, 182, 228, 206,
       59, 151, 133, 215, 58, 54, 247, 46, 125, 190, 234, 93, 134, 173,
       221, 78, 30, 156, 190, 170, 96, 30, 10, 142, 158, 155, 161, 236,
       118, 97, 74, 199, 115, 189, 131, 0, 5, 203, 240, 128, 247, 123,
       155, 148, 99, 13, 19, 70, 24, 152, 188, 170, 96, 31, 26, 18, 142,
       156, 57, 180, 247, 65, 74, 199, 247, 189, 147, 56, 78, 195, 34,
       203, 231, 255, 187, 176, 113, 5, 83, 210, 22, 126, 184, 163, 114,
       24, 67, 189, 31, 215, 179, 12, 15, 42, 93, 103, 151, 239, 144, 62,
       197, 33, 194, 210, 242, 26, 199, 166, 197, 165, 71, 134, 217, 239,
       250, 172, 228, 255, 212, 159, 95, 212, 247, 248, 221, 191, 107,
       255, 243, 63, 211, 247, 71, 58, 243, 243, 58, 239, 202, 29, 253,
       181, 115, 40, 142, 18, 249, 116, 135, 232, 119, 28, 12, 112, 70,
       172, 131, 32, 128, 234, 41, 7, 141, 98, 186, 0, 223, 213, 253,
       186, 8, 88, 136, 107, 137, 11, 182, 187, 251, 118, 167, 185, 115,
       126, 107, 125, 118, 188, 184, 180, 96, 191, 59, 23, 157, 179, 184,
       40, 215, 78, 31, 58, 194, 213, 192, 161, 161, 3, 172, 235, 249,
       52, 187, 233, 83, 86, 67, 94, 242, 177, 233, 176, 96, 123, 42, 23,
       157, 179, 184, 101, 215, 204, 143, 186, 192, 173, 200, 240, 184,
       40, 138, 66, 253, 116, 195, 235, 115, 85, 4, 118, 98, 171, 131,
       176, 196, 120, 168, 6, 200, 104, 184, 4, 255, 230, 231, 162, 1,
       119, 136, 116, 168, 134, 220, 191, 255, 116, 229, 191, 240, 158,
       91, 211, 119, 244, 255, 60, 105, 239, 123, 63, 195, 177, 156, 91,
       247, 77, 62, 250, 130, 156, 91, 181, 179, 25, 72, 71, 221, 87,
       214, 235, 112, 69, 8, 214, 2, 57, 139, 181, 228, 104, 172, 54,
       201, 73, 184, 36, 237, 87, 233, 170, 128, 63, 168, 120, 168, 117,
       79, 197, 229, 142, 3, 198, 255, 66, 160, 152, 206, 83, 33, 209,
       35, 88, 196, 124, 255, 201, 99, 205, 24, 184, 136, 229, 188, 125,
       250, 240, 40, 88, 77, 238, 197, 150, 22, 237, 86, 117, 134, 222,
       2, 25, 171, 183, 110, 106, 228, 61, 220, 232, 253, 181, 202, 123,
       239, 167, 129, 167, 240, 116, 40, 150, 95, 238, 254, 190, 38, 254,
       204, 159, 154, 217, 115, 92, 223, 253, 98, 255, 223, 63, 223, 242,
       71, 10, 226, 186, 250, 175, 142, 53, 219, 177, 161, 32, 212, 26,
