%YAML:1.0
---
descriptors: !!opencv-matrix
   rows: 182
   cols: 32
   dt: u
   data: [ 160, 223, 123, 76, 116, 195, 231, 252, 68, 12, 124, 98, 112,
       85, 189, 36, 92, 184, 2, 106, 194, 182, 96, 31, 119, 137, 161, 8,
       117, 186, 116, 169, 137, 10, 203, 177, 116, 168, 233, 22, 126, 3,
       114, 246, 153, 3, 176, 104, 107, 10, 6, 156, 179, 188, 101, 246,
       196, 207, 178, 192, 180, 136, 209, 169, 78, 30, 148, 190, 171, 96,
       30, 138, 142, 154, 155, 32, 236, 119, 97, 202, 199, 115, 253, 131,
       0, 1, 203, 242, 128, 247, 123, 155, 144, 115, 37, 51, 131, 16,
       187, 219, 55, 245, 176, 82, 94, 75, 83, 114, 156, 158, 164, 232,
       231, 27, 150, 17, 183, 188, 49, 247, 7, 127, 58, 194, 152, 9, 169,
       151, 154, 223, 103, 254, 182, 242, 254, 246, 157, 66, 222, 179,
       237, 111, 181, 225, 99, 243, 159, 227, 229, 137, 45, 255, 246,
       247, 238, 129, 55, 253, 253, 93, 174, 254, 161, 184, 207, 113,
       158, 202, 26, 254, 16, 179, 12, 252, 127, 138, 221, 89, 147, 215,
       134, 103, 174, 242, 25, 86, 207, 239, 213, 125, 63, 215, 10, 133,
       32, 137, 213, 243, 186, 42, 31, 5, 75, 131, 204, 46, 54, 100, 209,
       27, 147, 21, 22, 152, 93, 223, 47, 86, 154, 199, 150, 79, 29, 198,
       166, 221, 117, 250, 237, 149, 222, 253, 159, 90, 216, 119, 252,
       253, 188, 33, 223, 155, 151, 103, 246, 35, 122, 255, 255, 94, 175,
       190, 215, 222, 149, 215, 34, 174, 219, 249, 54, 171, 233, 211, 22,
       33, 94, 242, 177, 203, 160, 64, 127, 186, 55, 152, 58, 152, 65,
       151, 204, 143, 187, 192, 180, 200, 80, 169, 166, 253, 42, 152,
       203, 197, 151, 255, 155, 94, 156, 127, 44, 220, 110, 32, 157, 59,
       211, 67, 243, 99, 186, 243, 123, 85, 141, 255, 83, 92, 150, 247,
       130, 223, 30, 219, 60, 141, 184, 164, 174, 25, 17, 112, 172, 219,
       172, 65, 135, 51, 31, 72, 35, 13, 10, 247, 172, 154, 58, 194, 16,
       147, 169, 137, 99, 126, 83, 214, 115, 245, 58, 210, 171, 200, 184,
       236, 44, 222, 229, 180, 182, 249, 222, 194, 135, 131, 130, 239,
       50, 20, 41, 171, 11, 151, 43, 159, 69, 92, 154, 190, 244, 164, 95,
       178, 184, 10, 91, 96, 191, 227, 162, 112, 214, 123, 53, 71, 156,
       139, 130, 111, 241, 253, 42, 200, 144, 243, 161, 1, 151, 15, 72,
       138, 254, 177, 186, 226, 172, 64, 153, 215, 173, 106, 183, 192,
       111, 163, 95, 255, 182, 11, 12, 255, 188, 12, 139, 232, 189, 199,
       185, 148, 181, 75, 111, 103, 36, 10, 239, 49, 100, 130, 114, 70,
       115, 1, 177, 97, 122, 224, 6, 238, 233, 176, 37, 44, 100, 170,
       228, 0, 109, 187, 112, 168, 158, 221, 238, 247, 181, 214, 255,
       252, 31, 222, 215, 151, 121, 255, 127, 97, 255, 255, 183, 251,
       239, 214, 127, 239, 251, 255, 239, 197, 191, 255, 116, 83, 82,
       221, 26, 172, 150, 209, 94, 103, 173, 128, 250, 11, 47, 154, 35,
       80, 254, 187, 159, 225, 92, 139, 16, 255, 177, 245, 142, 59, 36,
       18, 43, 14, 74, 75, 18, 140, 185, 208, 190, 103, 172, 136, 218,
       162, 172, 158, 37, 196, 234, 115, 235, 193, 68, 137, 130, 253, 48,
       48, 142, 139, 2, 22, 45, 15, 21, 15, 75, 254, 148, 163, 110, 119,
       212, 132, 91, 66, 97, 234, 176, 64, 120, 170, 55, 137, 216, 185,
       36, 223, 56, 175, 175, 192, 181, 234, 240, 168, 11, 155, 97, 154,
       242, 145, 184, 247, 223, 69, 92, 231, 172, 238, 182, 224, 206, 59,
       151, 133, 151, 40, 102, 255, 46, 117, 186, 235, 95, 132, 173, 221,
       192, 160, 143, 157, 28, 107, 97, 171, 94, 176, 75, 66, 244, 226,
       96, 72, 113, 108, 42, 184, 3, 220, 143, 93, 140, 162, 239, 44, 48,
       40, 113, 0, 238, 188, 173, 246, 237, 253, 149, 254, 155, 255, 157,
       61, 234, 252, 95, 59, 141, 255, 247, 19, 247, 127, 250, 243, 127,
       91, 221, 255, 195, 125, 214, 255, 117, 166, 199, 190, 222, 3, 6,
       234, 18, 162, 192, 206, 115, 226, 160, 81, 121, 238, 34, 170, 41,
       203, 143, 63, 248, 167, 247, 60, 185, 104, 114, 136, 143, 214,
       102, 155, 247, 247, 191, 255, 31, 78, 95, 183, 108, 238, 190, 229,
       255, 171, 183, 175, 231, 156, 63, 255, 54, 95, 158, 130, 191, 220,
       185, 253, 176, 97, 206, 156, 94, 163, 192, 111, 22, 161, 227, 218,
       97, 226, 32, 89, 121, 236, 34, 232, 41, 255, 143, 29, 24, 162,
       223, 32, 45, 41, 250, 136, 43, 215, 99, 76, 214, 208, 175, 255,
       124, 69, 76, 135, 57, 110, 62, 164, 126, 27, 147, 237, 243, 139,
       54, 223, 115, 45, 158, 8, 87, 148, 247, 252, 142, 96, 176, 145,
       85, 205, 176, 72, 31, 167, 67, 17, 140, 156, 79, 136, 153, 25,
       163, 17, 38, 244, 218, 210, 15, 22, 31, 103, 210, 13, 13, 214, 6,
       4, 40, 155, 85, 247, 186, 74, 30, 39, 93, 19, 140, 222, 62, 72,
       217, 27, 147, 149, 54, 156, 89, 215, 79, 22, 154, 231, 144, 13,
       29, 198, 46, 113, 230, 207, 125, 95, 255, 104, 47, 236, 253, 143,
       204, 222, 55, 196, 254, 221, 255, 231, 196, 243, 249, 220, 183,
       253, 143, 191, 23, 63, 127, 247, 3, 133, 32, 137, 213, 243, 178,
       107, 79, 97, 92, 3, 140, 28, 54, 164, 216, 11, 147, 49, 151, 184,
       53, 221, 47, 84, 139, 71, 215, 14, 157, 214, 150, 32, 195, 141,
       69, 98, 232, 72, 49, 147, 211, 210, 73, 139, 113, 239, 120, 141,
       51, 185, 41, 215, 150, 192, 21, 170, 203, 140, 175, 33, 114, 128,
       27, 140, 90, 251, 54, 171, 233, 115, 62, 1, 91, 214, 189, 171,
       176, 64, 119, 43, 23, 28, 50, 184, 5, 223, 204, 247, 58, 192, 180,
       136, 113, 129, 2, 150, 123, 169, 50, 163, 184, 115, 126, 65, 91,
       246, 221, 223, 56, 64, 127, 59, 151, 145, 147, 184, 4, 223, 204,
       69, 26, 194, 253, 130, 161, 129, 43, 220, 117, 79, 61, 211, 135,
       252, 204, 66, 120, 98, 232, 88, 189, 229, 94, 96, 18, 107, 193,
       164, 111, 189, 36, 58, 66, 10, 87, 191, 113, 237, 38, 239, 96,
       168, 253, 139, 223, 230, 137, 164, 152, 143, 142, 136, 118, 0,
       143, 161, 215, 119, 196, 43, 68, 255, 184, 20, 13, 255, 84, 30,
       87, 199, 3, 159, 97, 155, 246, 145, 185, 119, 95, 77, 88, 231,
       173, 142, 182, 96, 110, 59, 151, 149, 215, 24, 100, 247, 46, 92,
       186, 232, 31, 140, 153, 221, 6, 188, 31, 187, 235, 197, 60, 238,
       174, 27, 192, 181, 172, 247, 104, 75, 231, 59, 251, 144, 34, 77,
       154, 243, 189, 148, 159, 239, 152, 80, 165, 147, 131, 29, 7, 157,
       118, 134, 169, 55, 60, 64, 82, 214, 188, 38, 176, 229, 102, 47,
       27, 141, 177, 216, 53, 204, 4, 34, 250, 128, 12, 4, 49, 253, 196,
       58, 216, 254, 250, 64, 31, 158, 19, 139, 84, 185, 180, 183, 65,
       90, 215, 255, 181, 208, 56, 78, 195, 34, 255, 167, 63, 185, 164,
       241, 135, 51, 3, 219, 22, 157, 118, 130, 188, 101, 159, 72, 82,
       231, 172, 138, 178, 196, 238, 107, 183, 197, 199, 152, 7, 253, 36,
       50, 254, 130, 30, 156, 185, 157, 33, 149, 186, 241, 213, 173, 241,
       119, 127, 25, 120, 20, 146, 185, 124, 64, 249, 10, 19, 29, 146,
       186, 16, 213, 79, 28, 150, 98, 208, 72, 240, 138, 48, 205, 90,
       172, 18, 195, 95, 103, 172, 12, 248, 43, 53, 154, 34, 80, 238,
       187, 31, 225, 76, 139, 0, 111, 241, 165, 170, 153, 53, 58, 47,
       139, 184, 77, 91, 228, 22, 78, 79, 117, 36, 132, 250, 67, 59, 55,
       33, 80, 122, 244, 5, 106, 104, 185, 16, 14, 241, 237, 36, 0, 101,
       186, 100, 105, 61, 30, 99, 254, 54, 163, 107, 112, 117, 202, 255,
       230, 81, 231, 177, 224, 126, 236, 63, 238, 169, 183, 45, 206, 240,
       239, 163, 128, 63, 171, 112, 177, 222, 205, 231, 255, 190, 82,
       254, 236, 157, 82, 210, 131, 237, 111, 53, 225, 255, 243, 191,
       227, 100, 201, 111, 255, 183, 251, 206, 129, 55, 255, 253, 216,
       29, 30, 99, 255, 118, 163, 235, 80, 84, 200, 219, 230, 113, 237,
       177, 96, 126, 236, 23, 239, 169, 183, 44, 174, 240, 239, 171, 128,
       61, 251, 112, 241, 18, 238, 106, 161, 118, 138, 250, 231, 41, 133,
       218, 175, 45, 12, 150, 16, 111, 171, 199, 149, 198, 185, 4, 238,
       252, 5, 190, 193, 37, 28, 247, 200, 38, 110, 161, 163, 207, 119,
       158, 198, 30, 238, 24, 163, 12, 188, 119, 136, 223, 123, 147, 151,
