%YAML:1.0
---
descriptors: !!opencv-matrix
   rows: 209
   cols: 32
   dt: u
   data: [ 48, 221, 123, 109, 84, 207, 231, 247, 84, 164, 122, 66, 51,
       61, 160, 32, 120, 254, 6, 232, 104, 184, 48, 47, 99, 239, 36, 0,
       117, 250, 100, 234, 42, 203, 98, 142, 93, 209, 222, 236, 143, 68,
       249, 143, 104, 204, 54, 132, 216, 233, 163, 199, 78, 43, 126, 253,
       55, 84, 141, 59, 119, 62, 124, 214, 2, 147, 16, 139, 213, 151,
       178, 107, 15, 69, 89, 167, 140, 8, 46, 196, 220, 11, 130, 117, 86,
       184, 89, 221, 44, 16, 138, 71, 30, 14, 185, 86, 200, 203, 187,
       239, 40, 200, 63, 53, 172, 13, 219, 177, 181, 39, 32, 66, 198, 51,
       109, 194, 72, 153, 163, 35, 229, 181, 250, 129, 0, 146, 165, 123,
       174, 252, 161, 152, 239, 113, 190, 202, 219, 222, 16, 147, 140,
       252, 127, 143, 223, 89, 179, 211, 166, 103, 190, 243, 21, 19, 207,
       175, 215, 125, 55, 247, 223, 32, 235, 209, 66, 96, 233, 80, 41,
       210, 247, 178, 25, 207, 221, 123, 126, 157, 119, 190, 129, 215,
       164, 192, 86, 41, 235, 140, 173, 165, 99, 176, 31, 162, 66, 209,
       70, 191, 232, 89, 127, 179, 87, 210, 221, 139, 248, 173, 127, 140,
       55, 188, 176, 244, 13, 212, 30, 202, 251, 228, 183, 136, 81, 164,
       1, 159, 63, 248, 191, 164, 49, 119, 220, 89, 92, 84, 60, 243, 32,
       97, 231, 51, 31, 0, 179, 9, 50, 213, 219, 255, 58, 202, 24, 0,
       161, 43, 161, 205, 123, 76, 116, 75, 231, 253, 85, 76, 116, 70,
       112, 65, 181, 36, 88, 136, 2, 110, 227, 182, 100, 31, 102, 12,
       161, 0, 127, 186, 112, 248, 70, 27, 149, 190, 171, 100, 28, 11,
       142, 30, 137, 97, 204, 246, 225, 74, 199, 51, 253, 131, 16, 1,
       203, 208, 128, 246, 75, 159, 144, 115, 165, 51, 34, 33, 173, 165,
       108, 47, 168, 123, 10, 185, 209, 75, 148, 57, 88, 11, 220, 157,
       115, 189, 144, 114, 195, 192, 77, 26, 251, 252, 197, 40, 83, 163,
       32, 196, 26, 172, 68, 133, 180, 111, 28, 2, 120, 3, 181, 154, 32,
       0, 217, 185, 3, 131, 102, 62, 18, 27, 245, 167, 190, 41, 17, 24,
       175, 138, 57, 93, 102, 204, 93, 214, 199, 246, 213, 198, 254, 7,
       98, 172, 55, 228, 200, 236, 166, 230, 236, 187, 52, 175, 115, 111,
       194, 17, 115, 61, 124, 254, 21, 28, 75, 238, 22, 163, 11, 80, 148,
       2, 219, 226, 113, 211, 161, 96, 126, 184, 31, 170, 9, 151, 28,
       159, 209, 167, 171, 128, 61, 171, 32, 48, 6, 116, 168, 147, 85,
       229, 187, 202, 31, 111, 93, 147, 140, 220, 127, 12, 217, 9, 147,
       21, 134, 180, 92, 210, 13, 22, 155, 231, 149, 77, 29, 214, 3, 178,
       59, 153, 118, 163, 185, 115, 95, 107, 85, 118, 156, 157, 180, 40,
       255, 41, 23, 13, 147, 188, 32, 215, 78, 29, 58, 226, 221, 140, 49,
       241, 142, 112, 176, 219, 69, 197, 177, 200, 31, 63, 85, 19, 140,
       222, 111, 140, 249, 25, 147, 17, 34, 212, 27, 210, 77, 22, 27,
       103, 146, 13, 29, 166, 2, 158, 63, 187, 56, 133, 185, 182, 174,
       93, 30, 36, 252, 207, 170, 65, 135, 51, 63, 76, 131, 13, 58, 247,
       206, 251, 58, 202, 24, 131, 37, 121, 62, 25, 235, 174, 143, 82,
       83, 105, 21, 198, 215, 135, 107, 252, 115, 0, 120, 249, 183, 195,
       140, 191, 63, 138, 219, 71, 207, 139, 165, 47, 116, 90, 134, 207,
       214, 186, 252, 163, 238, 236, 158, 16, 217, 194, 220, 203, 184,
       192, 127, 235, 63, 251, 50, 167, 74, 255, 60, 186, 175, 204, 20,
       187, 241, 129, 27, 149, 226, 168, 246, 131, 189, 119, 28, 65, 90,
       167, 61, 188, 186, 96, 126, 159, 55, 141, 147, 187, 37, 199, 120,
       12, 190, 192, 173, 204, 177, 249, 59, 159, 106, 233, 214, 247,
       251, 114, 68, 109, 126, 198, 25, 61, 182, 96, 126, 154, 151, 189,
       155, 184, 53, 223, 111, 77, 170, 197, 255, 206, 124, 243, 247, 95,
       111, 134, 246, 18, 190, 112, 161, 196, 255, 231, 73, 238, 183,
       115, 126, 245, 151, 231, 245, 147, 172, 206, 50, 44, 239, 128, 45,
       247, 118, 213, 18, 93, 98, 140, 87, 148, 190, 103, 173, 68, 218,
       135, 44, 142, 54, 196, 254, 179, 151, 229, 220, 139, 52, 253, 177,
       52, 138, 139, 21, 6, 181, 223, 86, 91, 111, 252, 70, 134, 191, 64,
       168, 136, 219, 227, 124, 222, 53, 66, 238, 245, 95, 227, 192, 131,
       128, 232, 113, 40, 170, 136, 5, 51, 51, 19, 166, 251, 255, 250,
       236, 165, 191, 212, 159, 91, 208, 119, 212, 221, 61, 40, 255, 251,
       23, 119, 163, 167, 26, 243, 253, 30, 239, 210, 157, 123, 181, 243,
       74, 150, 144, 173, 51, 226, 58, 51, 63, 41, 91, 163, 189, 62, 32,
       64, 247, 63, 151, 177, 18, 152, 1, 223, 173, 247, 58, 195, 180,
       198, 133, 27, 143, 158, 227, 152, 239, 119, 186, 250, 31, 95, 84,
       247, 108, 238, 190, 237, 255, 219, 183, 135, 183, 255, 47, 243,
       30, 94, 223, 206, 159, 205, 181, 215, 215, 221, 255, 250, 170,
       228, 191, 212, 191, 91, 24, 247, 124, 254, 173, 123, 183, 243,
       127, 211, 243, 69, 186, 243, 251, 58, 239, 202, 157, 115, 167,
       115, 180, 76, 70, 236, 69, 167, 70, 194, 213, 130, 248, 2, 35,
       169, 49, 221, 232, 232, 6, 226, 40, 183, 16, 174, 179, 230, 194,
       17, 115, 121, 120, 138, 25, 151, 107, 201, 244, 178, 235, 123, 68,
       77, 94, 230, 81, 237, 182, 96, 126, 186, 23, 233, 155, 186, 37,
       223, 126, 45, 170, 192, 61, 138, 244, 241, 141, 95, 151, 184, 236,
       39, 191, 223, 158, 154, 88, 98, 220, 253, 121, 169, 255, 83, 23,
       115, 227, 103, 10, 242, 237, 139, 239, 172, 157, 120, 177, 185,
       141, 207, 94, 187, 238, 162, 239, 236, 158, 150, 248, 150, 221,
       227, 185, 193, 123, 235, 46, 254, 113, 167, 79, 254, 188, 167,
       239, 12, 148, 251, 249, 128, 14, 113, 48, 131, 237, 213, 176, 200,
       143, 188, 81, 3, 140, 222, 111, 175, 200, 25, 147, 83, 70, 82,
       186, 208, 7, 80, 207, 47, 18, 31, 29, 199, 23, 119, 111, 132, 198,
       2, 175, 113, 168, 198, 218, 231, 89, 238, 183, 35, 126, 237, 55,
       231, 197, 211, 164, 204, 116, 40, 239, 140, 45, 244, 119, 213, 2,
       151, 16, 139, 247, 243, 186, 42, 30, 13, 91, 163, 140, 126, 46,
       196, 223, 27, 131, 145, 22, 152, 89, 223, 45, 54, 138, 199, 144,
       78, 61, 215, 135, 140, 218, 246, 212, 163, 238, 233, 159, 162,
       218, 18, 252, 233, 125, 65, 251, 239, 59, 59, 120, 227, 74, 238,
       188, 30, 207, 28, 213, 122, 241, 128, 146, 202, 239, 190, 14, 192,
       141, 230, 149, 6, 212, 227, 33, 239, 183, 65, 110, 251, 191, 193,
       106, 15, 38, 249, 242, 99, 250, 137, 55, 156, 52, 120, 58, 230,
       96, 162, 245, 153, 222, 239, 25, 164, 24, 143, 111, 76, 87, 148,
       159, 171, 133, 53, 254, 42, 76, 254, 186, 84, 141, 251, 119, 158,
       222, 78, 41, 195, 98, 98, 245, 155, 214, 117, 69, 172, 127, 173,
       107, 105, 182, 132, 158, 42, 135, 45, 204, 186, 108, 157, 106,
       223, 21, 131, 119, 222, 220, 207, 135, 216, 155, 155, 102, 181,
       186, 210, 94, 91, 80, 114, 156, 158, 237, 232, 199, 27, 150, 19,
       183, 148, 113, 243, 6, 30, 186, 194, 156, 93, 169, 149, 238, 162,
       225, 216, 207, 81, 165, 202, 155, 30, 148, 187, 40, 237, 255, 143,
       89, 154, 227, 144, 74, 103, 234, 195, 31, 86, 213, 191, 247, 124,
       118, 247, 7, 188, 62, 186, 223, 229, 179, 199, 204, 93, 200, 23,
       148, 156, 127, 72, 237, 43, 91, 149, 182, 171, 56, 246, 249, 13,
       30, 75, 216, 91, 161, 222, 9, 173, 2, 25, 17, 159, 96, 103, 53, 4,
       236, 129, 171, 128, 38, 148, 104, 170, 138, 12, 110, 152, 20, 31,
       183, 221, 18, 97, 82, 140, 90, 204, 185, 223, 107, 236, 54, 134,
       95, 117, 133, 76, 246, 231, 123, 207, 178, 96, 126, 184, 23, 239,
       201, 191, 36, 159, 242, 233, 162, 136, 63, 138, 240, 249, 56, 136,
       98, 221, 87, 211, 240, 98, 213, 68, 246, 3, 35, 136, 39, 244, 104,
       168, 130, 192, 108, 186, 116, 159, 119, 239, 130, 3, 119, 172,
       124, 206, 58, 184, 168, 142, 31, 87, 147, 234, 31, 238, 156, 175,
       42, 188, 55, 0, 253, 211, 215, 227, 205, 43, 122, 191, 83, 87,
       153, 191, 87, 110, 126, 223, 58, 221, 54, 92, 95, 223, 151, 238,
       157, 78, 252, 9, 106, 252, 39, 244, 220, 251, 243, 97, 236, 43,
