%YAML:1.0
---
descriptors: !!opencv-matrix
   rows: 179
   cols: 32
   dt: u
   data: [ 3, 158, 66, 159, 112, 182, 170, 118, 62, 73, 90, 199, 189,
       198, 182, 196, 127, 43, 54, 157, 167, 152, 5, 255, 36, 62, 186,
       128, 28, 132, 57, 221, 141, 94, 253, 83, 32, 126, 127, 150, 56,
       239, 119, 244, 223, 55, 139, 189, 23, 92, 148, 126, 161, 212, 125,
       46, 238, 223, 116, 196, 234, 241, 71, 121, 2, 158, 182, 157, 124,
       178, 184, 55, 31, 87, 82, 247, 236, 174, 166, 205, 199, 59, 191,
       133, 182, 216, 71, 253, 6, 118, 250, 195, 30, 132, 173, 221, 40,
       187, 58, 88, 248, 141, 243, 247, 255, 13, 116, 40, 190, 223, 198,
       52, 190, 58, 71, 28, 210, 58, 34, 127, 127, 221, 52, 233, 210,
       136, 199, 233, 134, 252, 183, 223, 252, 115, 167, 239, 95, 251,
       95, 50, 240, 252, 252, 101, 93, 94, 62, 27, 243, 255, 239, 247,
       61, 62, 159, 230, 159, 91, 245, 245, 194, 174, 156, 62, 137, 248,
       20, 175, 186, 23, 128, 57, 174, 230, 66, 219, 129, 99, 233, 17,
       54, 77, 202, 51, 137, 243, 95, 123, 144, 68, 143, 78, 21, 69, 83,
       101, 50, 14, 111, 56, 116, 160, 107, 64, 215, 115, 169, 96, 50,
       108, 12, 234, 105, 176, 29, 14, 224, 174, 35, 4, 104, 179, 33, 32,
       222, 120, 178, 190, 43, 116, 92, 220, 179, 222, 133, 185, 175,
       223, 75, 255, 167, 249, 253, 194, 109, 71, 186, 162, 211, 243, 95,
       191, 34, 117, 46, 95, 9, 23, 115, 65, 116, 175, 233, 51, 109, 13,
       127, 100, 159, 23, 148, 52, 166, 57, 70, 44, 145, 184, 33, 77, 71,
       253, 48, 128, 66, 130, 71, 185, 20, 142, 223, 183, 210, 194, 127,
       224, 48, 23, 242, 162, 125, 103, 9, 11, 127, 243, 135, 210, 58,
       218, 13, 237, 252, 135, 255, 193, 165, 250, 37, 168, 192, 204,
       159, 255, 164, 72, 109, 182, 57, 19, 67, 208, 215, 51, 0, 91, 35,
       85, 125, 10, 112, 93, 139, 98, 197, 187, 118, 64, 128, 241, 165,
       40, 29, 222, 127, 175, 54, 155, 91, 248, 119, 233, 255, 231, 127,
       77, 187, 96, 127, 241, 94, 255, 235, 181, 45, 63, 250, 207, 39,
       212, 127, 171, 33, 121, 31, 254, 235, 239, 246, 19, 111, 248, 55,
       234, 222, 230, 121, 239, 191, 112, 127, 204, 31, 238, 219, 147,
       61, 255, 122, 111, 175, 164, 191, 246, 114, 249, 143, 252, 163,
       159, 253, 245, 175, 239, 127, 123, 219, 114, 236, 252, 216, 237,
       249, 95, 126, 131, 247, 223, 255, 247, 189, 118, 223, 234, 150,
       93, 181, 245, 170, 176, 248, 80, 109, 253, 185, 75, 251, 127, 53,
       59, 140, 156, 86, 14, 175, 25, 247, 17, 150, 126, 242, 208, 95,
       89, 83, 239, 215, 12, 79, 215, 10, 180, 185, 251, 253, 255, 177,
       219, 31, 127, 93, 50, 156, 255, 110, 44, 255, 27, 151, 17, 179,
       252, 123, 215, 207, 215, 27, 231, 146, 76, 133, 243, 102, 79, 104,
       2, 238, 89, 190, 237, 91, 230, 184, 175, 105, 236, 247, 20, 251,
       239, 131, 103, 228, 51, 236, 250, 54, 28, 5, 59, 85, 254, 222,
       222, 206, 190, 182, 254, 237, 240, 182, 247, 255, 191, 246, 51,
       236, 251, 230, 110, 235, 127, 239, 146, 118, 255, 235, 243, 254,
       247, 255, 195, 134, 124, 253, 207, 194, 190, 134, 188, 171, 240,
       56, 39, 191, 95, 130, 177, 172, 174, 70, 219, 167, 55, 233, 149,
       54, 77, 130, 243, 152, 114, 94, 219, 128, 68, 175, 95, 127, 115,
       64, 5, 227, 26, 94, 184, 33, 236, 191, 239, 75, 108, 223, 183, 62,
       196, 244, 238, 205, 83, 173, 204, 50, 89, 197, 183, 111, 183, 90,
       85, 15, 188, 226, 223, 247, 214, 255, 215, 127, 207, 222, 131,
       104, 60, 151, 244, 127, 255, 183, 159, 182, 154, 61, 254, 127,
       126, 158, 131, 167, 214, 246, 127, 169, 24, 57, 121, 109, 157,
       209, 23, 203, 105, 52, 92, 190, 157, 22, 48, 204, 42, 95, 12, 139,
       46, 112, 149, 199, 217, 16, 120, 90, 8, 82, 251, 133, 18, 219,
       225, 34, 46, 41, 25, 126, 249, 119, 244, 223, 18, 232, 121, 119,
       13, 46, 60, 151, 212, 53, 64, 204, 139, 115, 196, 172, 128, 161,
       33, 66, 162, 253, 253, 110, 203, 249, 24, 143, 148, 118, 227, 253,
       207, 212, 66, 54, 245, 247, 241, 130, 96, 143, 221, 78, 163, 235,
       141, 117, 160, 5, 113, 218, 174, 172, 188, 171, 115, 20, 239, 157,
       246, 134, 187, 239, 46, 3, 75, 163, 231, 233, 39, 124, 79, 239,
       187, 219, 67, 95, 51, 180, 124, 189, 94, 43, 93, 99, 77, 116, 223,
       251, 119, 93, 64, 124, 134, 56, 156, 182, 100, 254, 186, 23, 140,
       195, 186, 52, 255, 119, 60, 130, 130, 95, 140, 102, 253, 111, 112,
       240, 224, 103, 61, 121, 216, 123, 250, 117, 238, 31, 31, 223, 190,
       63, 221, 247, 255, 141, 118, 191, 194, 86, 221, 237, 174, 239,
       253, 106, 243, 255, 80, 253, 228, 39, 94, 93, 16, 105, 234, 182,
       175, 95, 31, 215, 59, 174, 213, 253, 239, 237, 199, 181, 200, 211,
       251, 239, 146, 111, 245, 111, 123, 138, 180, 56, 251, 253, 253,
       177, 207, 31, 115, 29, 28, 156, 95, 78, 40, 159, 27, 211, 17, 51,
       124, 251, 215, 111, 95, 30, 111, 218, 76, 135, 251, 121, 157, 61,
       237, 157, 15, 87, 191, 237, 104, 174, 76, 255, 57, 32, 113, 144,
       198, 92, 110, 249, 169, 121, 189, 235, 249, 5, 22, 122, 250, 192,
       59, 157, 85, 106, 229, 54, 118, 127, 57, 52, 236, 223, 146, 219,
       31, 155, 97, 126, 149, 157, 239, 232, 144, 53, 142, 243, 233, 170,
       133, 39, 247, 189, 112, 5, 72, 78, 135, 80, 138, 110, 32, 52, 160,
       67, 194, 209, 66, 153, 64, 120, 108, 34, 238, 65, 144, 77, 12,
       164, 162, 239, 4, 44, 179, 40, 160, 74, 174, 150, 188, 233, 188,
       120, 143, 175, 27, 90, 81, 172, 251, 82, 218, 167, 111, 253, 21,
       150, 89, 139, 243, 222, 255, 127, 235, 138, 68, 171, 11, 116, 97,
       147, 173, 136, 107, 102, 205, 118, 160, 234, 10, 67, 162, 1, 80,
       120, 204, 106, 98, 72, 179, 201, 2, 177, 166, 7, 21, 224, 123,
       230, 2, 250, 188, 246, 122, 139, 240, 84, 199, 251, 83, 160, 56,
       46, 190, 70, 187, 167, 179, 236, 144, 63, 111, 146, 243, 155, 211,
       84, 123, 234, 68, 175, 31, 57, 237, 107, 201, 85, 215, 235, 238,
       87, 192, 252, 2, 57, 221, 52, 164, 120, 184, 19, 232, 203, 186,
       116, 255, 63, 205, 135, 108, 119, 138, 114, 168, 11, 189, 226,
       219, 215, 253, 255, 255, 63, 231, 124, 147, 125, 255, 126, 36,
       127, 251, 179, 149, 151, 250, 63, 247, 127, 223, 223, 99, 183,
       206, 247, 252, 57, 113, 97, 73, 116, 23, 206, 121, 69, 232, 249,
       206, 83, 8, 148, 164, 92, 136, 22, 239, 205, 178, 117, 159, 38,
       12, 161, 180, 127, 174, 90, 181, 1, 67, 201, 103, 52, 10, 103, 48,
       100, 160, 111, 72, 243, 97, 153, 112, 16, 76, 108, 110, 73, 176,
       205, 44, 228, 173, 37, 4, 96, 187, 82, 40, 216, 223, 46, 189, 42,
       66, 77, 189, 180, 190, 134, 176, 247, 103, 162, 119, 102, 244,
       125, 234, 104, 197, 107, 63, 241, 227, 239, 144, 50, 176, 165,
       121, 220, 62, 252, 117, 168, 62, 93, 26, 161, 190, 134, 189, 223,
       39, 67, 91, 167, 244, 253, 182, 44, 69, 227, 2, 219, 251, 117,
       145, 162, 241, 46, 83, 236, 64, 183, 214, 77, 88, 81, 40, 251,
       182, 167, 24, 90, 215, 77, 127, 201, 212, 234, 162, 104, 103, 251,
       192, 215, 250, 211, 63, 66, 41, 100, 34, 235, 172, 174, 223, 221,
       245, 237, 238, 127, 255, 254, 27, 108, 254, 118, 189, 233, 251,
       255, 157, 62, 127, 186, 243, 127, 223, 255, 233, 195, 92, 231,
       254, 114, 205, 22, 188, 153, 137, 20, 103, 169, 128, 168, 9, 166,
       187, 33, 83, 200, 179, 233, 1, 120, 43, 194, 191, 177, 246, 92,
       59, 16, 88, 135, 10, 26, 91, 114, 232, 119, 209, 159, 84, 141, 76,
       220, 167, 40, 206, 182, 196, 254, 187, 151, 193, 206, 11, 38, 245,
       178, 85, 138, 171, 55, 158, 173, 223, 236, 89, 52, 94, 11, 221,
       86, 168, 203, 176, 165, 8, 126, 219, 13, 183, 128, 240, 234, 98,
       105, 99, 219, 249, 179, 248, 69, 59, 90, 59, 78, 38, 146, 188,
       236, 151, 159, 242, 156, 239, 158, 247, 151, 183, 232, 108, 22,
       11, 233, 103, 251, 165, 188, 239, 255, 239, 59, 83, 223, 243, 197,
       100, 253, 222, 154, 174, 135, 31, 139, 187, 160, 239, 182, 179,
       195, 86, 224, 224, 40, 143, 105, 102, 234, 16, 61, 205, 79, 55,
