%YAML:1.0
---
descriptors: !!opencv-matrix
   rows: 234
   cols: 32
   dt: u
   data: [ 13, 49, 19, 67, 244, 223, 99, 17, 109, 73, 119, 72, 150, 21,
       136, 180, 148, 8, 86, 120, 209, 184, 48, 20, 167, 216, 32, 64, 74,
       131, 195, 161, 41, 88, 41, 79, 117, 223, 99, 48, 109, 104, 127,
       76, 179, 16, 21, 116, 200, 40, 22, 78, 201, 176, 113, 45, 7, 188,
       0, 16, 74, 139, 82, 252, 11, 252, 235, 186, 123, 245, 186, 82,
       191, 77, 157, 187, 188, 222, 246, 244, 255, 185, 223, 149, 135, 7,
       178, 247, 223, 93, 186, 235, 150, 5, 39, 247, 143, 140, 172, 183,
       189, 46, 127, 188, 30, 255, 6, 21, 221, 231, 91, 75, 149, 71, 177,
       95, 251, 212, 219, 171, 239, 215, 223, 228, 130, 127, 153, 114,
       83, 223, 143, 159, 156, 83, 15, 175, 22, 99, 206, 230, 225, 230,
       170, 228, 121, 238, 58, 141, 93, 154, 125, 191, 180, 38, 190, 208,
       56, 62, 184, 124, 33, 115, 121, 69, 100, 14, 105, 57, 109, 232,
       118, 228, 211, 3, 148, 48, 150, 12, 86, 44, 193, 176, 97, 76, 70,
       185, 32, 132, 76, 162, 66, 177, 21, 7, 79, 101, 178, 46, 111, 182,
       100, 160, 126, 198, 211, 39, 145, 112, 118, 236, 44, 236, 217,
       176, 37, 76, 244, 237, 163, 132, 109, 243, 96, 48, 75, 223, 238,
       94, 190, 86, 159, 191, 240, 95, 78, 164, 121, 252, 190, 227, 87,
       119, 185, 175, 231, 9, 63, 255, 99, 47, 238, 140, 30, 246, 253,
       125, 253, 65, 237, 119, 140, 79, 77, 185, 80, 246, 131, 15, 211,
       108, 91, 107, 89, 196, 125, 239, 233, 101, 255, 8, 241, 203, 237,
       52, 109, 121, 208, 120, 76, 180, 189, 177, 168, 110, 157, 143,
       186, 255, 135, 56, 222, 55, 66, 90, 135, 87, 125, 17, 51, 77, 251,
       66, 205, 179, 127, 116, 128, 112, 135, 113, 218, 202, 174, 188,
       43, 82, 25, 38, 181, 31, 198, 181, 237, 111, 34, 207, 231, 117,
       173, 133, 44, 205, 163, 235, 210, 247, 250, 147, 182, 36, 61, 91,
       214, 54, 158, 178, 169, 108, 52, 5, 187, 191, 131, 29, 206, 254,
       78, 27, 167, 119, 237, 17, 181, 77, 219, 162, 185, 242, 95, 243,
       136, 64, 135, 87, 92, 176, 188, 242, 170, 96, 16, 219, 163, 180,
       165, 57, 31, 215, 67, 90, 167, 223, 237, 144, 30, 75, 154, 16,
       219, 193, 63, 127, 162, 224, 47, 83, 127, 66, 195, 236, 76, 2,
       206, 88, 33, 194, 213, 230, 81, 207, 253, 174, 120, 196, 119, 239,
       201, 131, 175, 200, 80, 105, 235, 140, 47, 247, 114, 176, 5, 140,
       142, 151, 213, 251, 167, 239, 222, 247, 66, 6, 224, 224, 171, 109,
       121, 110, 34, 47, 53, 248, 63, 255, 44, 6, 223, 5, 144, 124, 21,
       204, 252, 140, 130, 190, 220, 35, 102, 255, 22, 134, 236, 26, 99,
       227, 105, 84, 89, 238, 34, 170, 120, 111, 202, 63, 252, 231, 135,
       108, 178, 248, 240, 136, 70, 186, 151, 159, 219, 194, 36, 169,
       191, 151, 194, 167, 228, 226, 72, 206, 225, 127, 234, 144, 22,
       201, 219, 225, 12, 50, 223, 79, 136, 100, 45, 30, 3, 136, 134,
       157, 94, 139, 168, 235, 158, 177, 82, 70, 236, 232, 54, 204, 123,
       111, 42, 13, 53, 248, 15, 221, 12, 34, 223, 4, 157, 40, 25, 140,
       176, 172, 214, 188, 156, 43, 134, 239, 22, 163, 240, 26, 247, 97,
       0, 128, 25, 230, 106, 57, 56, 255, 75, 31, 184, 199, 63, 20, 209,
       104, 67, 136, 67, 32, 38, 153, 110, 137, 184, 72, 238, 49, 210,
       227, 172, 152, 116, 202, 230, 45, 123, 21, 134, 249, 135, 209, 20,
       56, 27, 202, 12, 12, 57, 141, 34, 128, 231, 217, 78, 131, 233, 74,
       55, 49, 242, 211, 113, 143, 180, 121, 110, 189, 115, 156, 138,
       218, 87, 209, 23, 42, 211, 192, 181, 136, 112, 168, 207, 190, 248,
       243, 254, 184, 190, 183, 251, 219, 31, 246, 156, 255, 206, 227,
       231, 87, 255, 29, 183, 73, 237, 226, 254, 253, 63, 238, 142, 212,
       137, 121, 15, 30, 147, 246, 229, 246, 63, 83, 189, 207, 75, 116,
       204, 246, 161, 236, 215, 127, 178, 35, 145, 145, 50, 194, 5, 118,
       10, 134, 142, 231, 179, 245, 185, 243, 5, 61, 53, 95, 65, 253,
       119, 236, 246, 45, 218, 36, 130, 149, 157, 204, 228, 44, 105, 250,
       121, 31, 233, 151, 117, 85, 75, 172, 70, 248, 154, 174, 98, 123,
       87, 187, 250, 103, 53, 3, 92, 155, 171, 75, 28, 49, 59, 187, 23,
       136, 238, 156, 69, 191, 231, 239, 24, 225, 119, 132, 223, 170, 63,
       52, 251, 224, 53, 255, 251, 90, 31, 235, 215, 62, 222, 223, 238,
       32, 255, 189, 159, 56, 187, 183, 121, 222, 255, 223, 187, 246,
       158, 137, 85, 243, 7, 232, 132, 191, 125, 147, 238, 237, 31, 248,
       210, 199, 108, 202, 178, 196, 217, 105, 127, 215, 223, 223, 79,
       255, 188, 86, 143, 234, 30, 14, 184, 223, 17, 142, 109, 37, 52,
       42, 107, 51, 116, 164, 218, 229, 227, 33, 146, 64, 26, 230, 109,
       45, 152, 184, 101, 14, 236, 239, 165, 128, 100, 174, 80, 104, 3,
       58, 15, 159, 98, 179, 168, 71, 190, 121, 83, 247, 180, 142, 146,
       200, 230, 47, 123, 149, 151, 220, 7, 85, 20, 34, 250, 192, 12, 4,
       185, 221, 63, 188, 234, 65, 229, 95, 255, 222, 127, 103, 118, 147,
       24, 63, 255, 124, 127, 223, 55, 254, 190, 242, 125, 226, 127, 30,
       151, 199, 247, 253, 244, 215, 123, 135, 70, 197, 23, 18, 110, 121,
       101, 32, 255, 230, 107, 97, 152, 244, 122, 198, 142, 238, 217,
       179, 13, 253, 182, 108, 135, 128, 47, 174, 248, 36, 19, 177, 226,
       155, 247, 151, 188, 236, 30, 65, 82, 183, 88, 254, 190, 236, 255,
       171, 151, 149, 151, 250, 30, 244, 124, 62, 158, 202, 157, 92, 249,
       215, 235, 219, 238, 30, 233, 213, 252, 247, 223, 255, 215, 55, 72,
       254, 246, 231, 237, 46, 255, 156, 247, 79, 191, 211, 123, 123,
       245, 191, 159, 244, 252, 215, 139, 158, 239, 247, 238, 180, 189,
       246, 191, 91, 150, 247, 253, 127, 191, 43, 239, 115, 255, 141,
       183, 207, 111, 227, 78, 95, 254, 130, 143, 245, 177, 249, 218,
       254, 254, 176, 171, 213, 29, 254, 255, 223, 148, 255, 47, 204,
       255, 127, 167, 251, 237, 21, 238, 79, 182, 243, 219, 211, 127,
       251, 166, 84, 47, 95, 120, 249, 56, 250, 57, 253, 82, 200, 171,
       125, 188, 41, 46, 223, 107, 158, 137, 243, 221, 82, 14, 75, 250,
       177, 219, 209, 21, 251, 82, 95, 15, 91, 79, 101, 18, 142, 221, 31,
       182, 104, 255, 224, 139, 9, 204, 248, 63, 196, 216, 197, 251, 99,
       100, 35, 219, 222, 179, 118, 15, 63, 90, 63, 171, 6, 174, 212,
       250, 222, 213, 247, 254, 254, 95, 206, 125, 19, 88, 253, 63, 0,
       253, 250, 147, 170, 228, 182, 58, 254, 127, 111, 165, 45, 215,
       253, 252, 210, 204, 228, 141, 247, 173, 108, 109, 188, 150, 187,
       7, 17, 246, 247, 89, 75, 145, 70, 121, 31, 58, 77, 219, 163, 237,
       211, 255, 253, 130, 123, 149, 98, 2, 143, 2, 171, 213, 137, 238,
       231, 31, 1, 216, 199, 165, 233, 48, 192, 121, 171, 27, 141, 83,
       154, 76, 255, 188, 20, 142, 232, 61, 14, 185, 136, 9, 151, 44, 27,
       156, 223, 167, 255, 86, 101, 94, 38, 242, 96, 154, 164, 121, 10,
       234, 29, 211, 184, 127, 63, 108, 7, 55, 64, 223, 142, 220, 252,
       62, 183, 96, 103, 178, 123, 86, 255, 115, 237, 252, 237, 99, 109,
       158, 148, 31, 222, 197, 49, 190, 250, 237, 46, 186, 205, 37, 247,
       231, 246, 222, 223, 124, 97, 237, 231, 140, 75, 71, 184, 98, 226,
       159, 8, 211, 117, 81, 122, 25, 196, 125, 239, 73, 112, 253, 40,
       213, 239, 229, 52, 103, 250, 214, 98, 202, 183, 166, 148, 171, 48,
       60, 39, 187, 223, 143, 181, 236, 174, 78, 223, 231, 39, 249, 133,
       180, 201, 147, 194, 30, 118, 222, 203, 142, 100, 171, 87, 216,
       156, 61, 215, 46, 14, 149, 189, 220, 186, 151, 118, 254, 53, 136,
       103, 103, 87, 125, 107, 249, 237, 121, 175, 241, 170, 127, 20, 13,
       40, 133, 59, 1, 136, 134, 159, 29, 155, 160, 233, 214, 211, 66, 2,
       224, 224, 58, 109, 121, 110, 34, 141, 52, 248, 47, 253, 13, 38,
       223, 65, 144, 44, 49, 236, 44, 172, 134, 220, 221, 163, 98, 239,
       86, 182, 100, 26, 97, 227, 32, 85, 89, 110, 34, 56, 48, 250, 218,
       31, 127, 166, 213, 109, 243, 232, 114, 138, 56, 160, 150, 189, 92,
       11, 192, 107, 54, 161, 242, 26, 119, 160, 64, 9, 121, 172, 106, 8,
