%YAML:1.0
---
descriptors: !!opencv-matrix
   rows: 227
   cols: 32
   dt: u
   data: [ 27, 19, 107, 225, 118, 155, 235, 121, 45, 105, 127, 231, 89,
       79, 190, 96, 126, 137, 23, 236, 145, 176, 101, 221, 102, 237, 162,
       192, 63, 143, 225, 241, 129, 40, 110, 211, 36, 188, 233, 23, 236,
       89, 118, 80, 157, 147, 208, 109, 98, 10, 54, 152, 147, 188, 103,
       96, 196, 153, 242, 192, 30, 128, 193, 184, 63, 171, 226, 0, 83,
       145, 234, 200, 27, 197, 92, 239, 40, 204, 247, 148, 126, 169, 147,
       213, 151, 154, 46, 250, 26, 92, 137, 239, 255, 135, 122, 212, 136,
       216, 122, 123, 116, 205, 251, 210, 126, 73, 116, 52, 61, 215, 163,
       56, 47, 58, 6, 72, 163, 188, 50, 127, 71, 191, 48, 0, 90, 129,
       110, 185, 191, 59, 115, 68, 125, 223, 251, 80, 237, 204, 252, 111,
       10, 159, 167, 157, 238, 253, 215, 246, 137, 179, 32, 200, 86, 217,
       35, 170, 75, 189, 110, 243, 71, 94, 199, 145, 178, 170, 171, 146,
       188, 203, 90, 230, 220, 230, 181, 108, 55, 103, 62, 191, 161, 145,
       44, 110, 44, 38, 47, 194, 140, 243, 33, 117, 43, 252, 235, 126,
       125, 244, 249, 215, 223, 73, 92, 19, 56, 253, 118, 36, 237, 251,
       147, 157, 135, 42, 54, 227, 119, 93, 158, 139, 215, 92, 254, 254,
       175, 146, 122, 222, 127, 215, 251, 120, 223, 108, 213, 175, 72,
       204, 190, 100, 222, 169, 151, 103, 230, 39, 110, 221, 86, 89, 163,
       255, 119, 175, 124, 215, 40, 184, 250, 250, 237, 204, 245, 199,
       223, 19, 124, 19, 62, 157, 116, 0, 203, 27, 147, 1, 66, 46, 242,
       243, 71, 253, 18, 107, 215, 72, 252, 202, 168, 223, 119, 193, 245,
       221, 255, 247, 77, 93, 246, 191, 59, 13, 182, 213, 110, 154, 215,
       220, 250, 186, 101, 247, 127, 249, 166, 193, 103, 156, 246, 217,
       187, 83, 122, 204, 111, 23, 253, 125, 85, 238, 244, 182, 43, 156,
       182, 37, 126, 184, 150, 233, 237, 191, 54, 221, 51, 217, 194, 170,
       127, 156, 248, 253, 62, 253, 58, 126, 59, 215, 159, 248, 151, 76,
       253, 47, 122, 221, 47, 165, 220, 251, 151, 103, 238, 163, 56, 255,
       115, 95, 129, 187, 127, 63, 62, 247, 1, 128, 143, 157, 86, 11,
       161, 232, 118, 176, 66, 70, 85, 226, 41, 73, 121, 108, 34, 184,
       35, 248, 15, 29, 12, 39, 247, 68, 185, 40, 49, 136, 56, 132, 138,
       188, 94, 3, 71, 107, 18, 130, 224, 10, 115, 224, 32, 65, 89, 108,
       34, 40, 40, 107, 142, 31, 120, 167, 229, 124, 177, 40, 116, 168,
       125, 225, 80, 168, 124, 129, 74, 248, 3, 32, 184, 72, 63, 195, 72,
       16, 154, 201, 85, 122, 74, 2, 200, 189, 250, 197, 165, 252, 52,
       155, 98, 9, 153, 124, 251, 249, 118, 134, 111, 87, 54, 202, 90,
       246, 57, 223, 177, 96, 127, 251, 23, 156, 227, 156, 52, 234, 236,
       207, 190, 128, 191, 216, 49, 249, 64, 162, 143, 157, 88, 130, 33,
       8, 174, 180, 66, 68, 244, 194, 64, 66, 112, 109, 106, 208, 3, 208,
       203, 93, 76, 34, 235, 108, 8, 34, 1, 160, 112, 32, 78, 141, 92,
       131, 65, 75, 86, 161, 194, 10, 82, 137, 16, 72, 120, 140, 98, 9,
       8, 250, 199, 21, 20, 34, 209, 0, 101, 8, 112, 8, 4, 136, 143, 151,
       89, 143, 160, 168, 190, 177, 67, 2, 228, 224, 41, 67, 177, 102,
       34, 81, 34, 216, 27, 125, 13, 38, 79, 66, 128, 42, 49, 134, 36,
       160, 134, 156, 93, 199, 32, 232, 150, 180, 96, 10, 96, 226, 105,
       83, 121, 236, 34, 240, 2, 82, 154, 93, 29, 34, 199, 109, 145, 40,
       52, 130, 53, 65, 106, 140, 87, 6, 206, 104, 69, 132, 235, 6, 67,
       200, 63, 64, 120, 172, 2, 239, 204, 179, 20, 140, 51, 237, 130, 4,
       117, 187, 120, 128, 48, 160, 134, 156, 93, 67, 192, 104, 22, 180,
       224, 10, 66, 224, 32, 1, 121, 236, 98, 161, 10, 243, 155, 29, 152,
       2, 213, 53, 113, 40, 88, 8, 219, 91, 233, 117, 114, 24, 255, 150,
       57, 204, 118, 231, 57, 46, 151, 242, 38, 255, 253, 197, 205, 216,
       165, 235, 118, 109, 174, 131, 47, 181, 39, 125, 114, 84, 19, 200,
       112, 99, 155, 80, 77, 2, 241, 122, 30, 27, 33, 64, 238, 149, 78,
       160, 8, 135, 112, 194, 209, 148, 26, 146, 81, 11, 35, 163, 66,
       161, 150, 157, 93, 193, 160, 40, 174, 176, 195, 1, 228, 226, 76,
       198, 208, 109, 106, 209, 6, 67, 219, 89, 29, 48, 207, 63, 0, 34,
       41, 134, 66, 33, 150, 157, 77, 207, 160, 72, 174, 164, 203, 2,
       228, 192, 100, 198, 176, 101, 106, 97, 0, 225, 155, 221, 29, 50,
       11, 59, 0, 42, 81, 6, 98, 161, 134, 156, 93, 195, 0, 72, 158, 180,
       193, 11, 100, 194, 96, 192, 216, 237, 106, 225, 10, 67, 219, 93,
       157, 34, 203, 63, 16, 42, 60, 130, 159, 123, 125, 97, 186, 31, 95,
       248, 61, 248, 22, 237, 31, 29, 215, 63, 166, 85, 221, 127, 253,
       253, 37, 238, 234, 91, 109, 246, 111, 181, 90, 125, 3, 132, 18,
       143, 81, 182, 178, 39, 61, 65, 75, 17, 236, 58, 38, 196, 209, 43,
       130, 1, 54, 152, 17, 223, 44, 54, 154, 67, 26, 70, 169, 142, 64,
       207, 217, 69, 240, 250, 46, 182, 56, 160, 126, 224, 185, 38, 133,
       112, 6, 127, 36, 192, 193, 152, 229, 110, 46, 191, 38, 129, 132,
       240, 143, 57, 49, 239, 171, 45, 180, 191, 230, 254, 94, 236, 124,
       77, 162, 41, 145, 132, 184, 110, 70, 125, 152, 184, 225, 62, 175,
       61, 37, 224, 228, 253, 218, 233, 56, 201, 103, 253, 68, 129, 143,
       246, 196, 4, 240, 66, 49, 137, 48, 100, 104, 106, 23, 75, 202,
       171, 2, 189, 96, 142, 186, 144, 117, 152, 113, 168, 17, 195, 10,
       172, 20, 148, 76, 55, 5, 13, 94, 2, 163, 163, 178, 68, 72, 42, 46,
       140, 78, 136, 4, 157, 178, 236, 138, 8, 55, 136, 184, 8, 19, 72,
       79, 156, 14, 128, 79, 182, 132, 64, 208, 194, 53, 135, 177, 97,
       102, 242, 63, 207, 193, 143, 38, 237, 240, 40, 250, 136, 60, 153,
       49, 121, 185, 72, 111, 254, 46, 129, 219, 112, 197, 66, 212, 226,
       115, 205, 177, 97, 78, 240, 31, 207, 169, 167, 38, 189, 210, 235,
       234, 152, 63, 191, 48, 121, 2, 132, 18, 137, 51, 226, 186, 2, 14,
       5, 74, 147, 140, 62, 36, 196, 247, 19, 155, 145, 22, 136, 17, 223,
       9, 54, 154, 195, 148, 6, 45, 7, 138, 128, 18, 185, 85, 238, 48, 2,
       63, 5, 67, 17, 172, 155, 34, 200, 240, 57, 163, 144, 54, 156, 19,
       215, 7, 247, 154, 67, 146, 4, 45, 134, 48, 201, 74, 204, 30, 129,
       141, 231, 196, 0, 200, 130, 49, 146, 32, 96, 104, 176, 18, 192,
       74, 15, 22, 189, 113, 32, 152, 25, 53, 152, 176, 8, 222, 155, 107,
       173, 164, 146, 127, 181, 5, 76, 86, 167, 105, 111, 178, 69, 118,
       198, 189, 239, 216, 152, 41, 253, 250, 107, 239, 192, 38, 142,
       180, 123, 113, 128, 239, 220, 28, 18, 193, 41, 214, 160, 212, 2,
       115, 232, 180, 101, 89, 236, 42, 173, 171, 227, 111, 157, 24, 46,
       211, 20, 245, 40, 112, 36, 181, 247, 235, 226, 142, 37, 79, 216,
       214, 250, 177, 78, 83, 245, 249, 41, 125, 200, 31, 254, 235, 99,
       62, 49, 249, 138, 229, 188, 253, 251, 240, 241, 7, 185, 141, 151,
       13, 197, 49, 184, 142, 209, 3, 5, 244, 246, 73, 34, 201, 81, 123,
       209, 67, 200, 219, 241, 205, 146, 207, 74, 136, 42, 49, 154, 127,
       90, 125, 101, 38, 123, 223, 178, 47, 234, 30, 239, 30, 61, 215,
       182, 167, 245, 253, 71, 197, 244, 109, 250, 246, 95, 109, 178,
       111, 253, 31, 95, 27, 223, 115, 5, 51, 222, 61, 55, 125, 200, 94,
       230, 61, 30, 182, 228, 38, 53, 156, 45, 229, 153, 53, 207, 162,
       127, 46, 130, 111, 132, 169, 125, 202, 121, 51, 252, 105, 213, 61,
       70, 189, 200, 118, 39, 172, 159, 39, 253, 230, 123, 147, 65, 199,
       155, 178, 233, 119, 113, 26, 171, 26, 21, 39, 223, 47, 123, 118,
       204, 229, 159, 254, 82, 205, 204, 252, 239, 10, 157, 183, 165,
       238, 249, 215, 199, 205, 187, 36, 232, 54, 89, 34, 139, 79, 189,
       127, 253, 46, 91, 110, 200, 111, 211, 255, 120, 207, 76, 244, 175,
       8, 204, 183, 105, 238, 233, 183, 231, 197, 179, 110, 248, 86, 89,
       235, 191, 119, 173, 116, 247, 8, 141, 8, 171, 212, 131, 183, 107,
       12, 5, 95, 3, 244, 41, 40, 64, 88, 10, 19, 97, 82, 184, 89, 253,
       109, 37, 138, 69, 20, 10, 185, 130, 52, 233, 121, 65, 212, 67,
       103, 253, 67, 160, 124, 10, 19, 3, 193, 52, 120, 200, 6, 248, 90,
