%YAML:1.0
---
descriptors: !!opencv-matrix
   rows: 199
   cols: 32
   dt: u
   data: [ 202, 90, 190, 222, 109, 244, 189, 70, 169, 206, 86, 33, 172,
       254, 55, 255, 166, 115, 255, 67, 228, 79, 178, 233, 71, 123, 90,
       139, 6, 117, 47, 223, 159, 16, 251, 209, 118, 182, 185, 81, 127,
       107, 87, 183, 29, 222, 230, 104, 55, 61, 183, 149, 151, 212, 52,
       210, 78, 111, 58, 198, 175, 132, 33, 245, 49, 24, 239, 213, 20,
       166, 235, 82, 86, 227, 214, 86, 17, 169, 180, 104, 125, 236, 55,
       141, 169, 252, 53, 238, 220, 175, 251, 192, 237, 169, 112, 176,
       10, 186, 182, 184, 59, 144, 184, 71, 175, 29, 214, 181, 172, 142,
       102, 204, 230, 59, 235, 149, 22, 9, 130, 241, 151, 113, 26, 203,
       18, 4, 173, 223, 41, 187, 123, 201, 244, 223, 255, 247, 95, 97,
       124, 234, 179, 221, 176, 32, 94, 58, 22, 88, 211, 184, 100, 189,
       111, 29, 37, 232, 86, 138, 214, 233, 3, 158, 166, 159, 247, 178,
       184, 39, 95, 91, 82, 247, 172, 168, 182, 205, 231, 43, 183, 133,
       182, 220, 7, 255, 12, 54, 218, 195, 158, 12, 185, 223, 8, 187,
       186, 120, 249, 157, 185, 215, 239, 77, 124, 44, 191, 255, 226, 48,
       190, 59, 215, 28, 147, 59, 178, 117, 127, 221, 54, 234, 210, 130,
       167, 251, 117, 116, 246, 7, 198, 43, 230, 120, 117, 226, 243, 126,
       83, 120, 159, 191, 59, 204, 118, 239, 253, 247, 205, 10, 52, 42,
       101, 132, 239, 251, 122, 21, 242, 225, 2, 168, 156, 129, 2, 109,
       142, 48, 128, 11, 166, 194, 96, 81, 216, 169, 106, 83, 90, 15,
       203, 85, 185, 160, 143, 125, 16, 10, 177, 138, 242, 159, 126, 236,
       45, 78, 95, 37, 181, 14, 186, 23, 107, 47, 54, 83, 236, 247, 253,
       227, 108, 207, 81, 239, 243, 251, 194, 19, 32, 120, 116, 90, 218,
       12, 126, 253, 43, 118, 93, 54, 185, 30, 182, 145, 239, 47, 18,
       123, 167, 247, 125, 170, 248, 205, 177, 237, 243, 251, 218, 147,
       38, 244, 103, 91, 26, 221, 82, 154, 211, 209, 182, 231, 189, 69,
       72, 35, 44, 254, 38, 196, 231, 123, 131, 192, 86, 137, 26, 255,
       59, 102, 30, 75, 51, 22, 173, 207, 2, 194, 28, 217, 52, 195, 57,
       189, 30, 21, 86, 51, 252, 83, 168, 77, 234, 27, 59, 144, 34, 188,
       67, 245, 76, 50, 250, 193, 20, 136, 165, 171, 124, 87, 110, 70,
       176, 6, 79, 180, 224, 140, 175, 68, 83, 115, 155, 115, 84, 244,
       125, 234, 200, 131, 185, 12, 243, 171, 229, 148, 34, 243, 230, 35,
       21, 138, 237, 215, 20, 154, 232, 185, 126, 145, 114, 66, 243, 104,
       220, 227, 123, 238, 46, 152, 131, 248, 239, 253, 140, 234, 231,
       68, 109, 170, 89, 44, 37, 142, 215, 87, 212, 142, 103, 177, 118,
       147, 98, 70, 243, 99, 140, 213, 121, 202, 34, 188, 123, 248, 125,
       111, 46, 142, 215, 68, 235, 232, 96, 168, 193, 134, 157, 117, 176,
       46, 102, 63, 116, 139, 106, 84, 247, 99, 136, 80, 17, 78, 108, 44,
       185, 220, 193, 15, 236, 174, 53, 0, 232, 224, 193, 41, 36, 36,
       151, 133, 220, 43, 160, 97, 124, 35, 227, 82, 212, 34, 8, 27, 120,
       132, 74, 41, 49, 243, 65, 68, 20, 34, 211, 84, 192, 8, 195, 160,
       41, 91, 99, 77, 117, 223, 230, 118, 77, 64, 120, 70, 56, 132, 181,
       164, 92, 170, 18, 76, 195, 186, 116, 255, 38, 60, 128, 8, 95, 158,
       114, 188, 2, 170, 183, 217, 255, 249, 177, 71, 223, 21, 116, 51,
       172, 157, 102, 76, 227, 59, 131, 17, 22, 253, 34, 209, 31, 84, 26,
       107, 210, 76, 165, 239, 139, 182, 183, 155, 227, 231, 189, 207,
       63, 95, 116, 21, 172, 239, 46, 93, 167, 43, 167, 29, 182, 220, 59,
       243, 79, 82, 94, 66, 154, 68, 165, 255, 142, 18, 255, 181, 226,
       122, 188, 23, 190, 219, 86, 245, 221, 47, 138, 75, 167, 87, 191,
       21, 181, 220, 39, 192, 78, 115, 126, 194, 172, 228, 165, 209, 17,
       141, 31, 173, 22, 2, 111, 45, 36, 0, 202, 66, 247, 99, 32, 64,
       112, 230, 40, 234, 73, 153, 5, 13, 240, 164, 162, 0, 48, 242, 177,
       40, 10, 151, 98, 129, 211, 255, 185, 119, 47, 101, 94, 183, 13,
       46, 54, 68, 39, 27, 151, 149, 150, 152, 37, 215, 79, 87, 154, 195,
       183, 196, 165, 221, 59, 223, 98, 140, 118, 145, 254, 253, 29, 12,
       252, 231, 41, 207, 166, 196, 126, 235, 151, 230, 206, 187, 36,
       255, 114, 237, 174, 139, 63, 158, 249, 223, 63, 190, 194, 169,
       228, 185, 234, 219, 63, 239, 248, 239, 139, 234, 210, 212, 127,
       207, 166, 157, 159, 186, 205, 243, 156, 228, 191, 236, 239, 207,
       251, 213, 85, 62, 188, 181, 174, 47, 84, 159, 51, 235, 154, 125,
       247, 125, 67, 91, 247, 247, 125, 5, 236, 206, 201, 42, 253, 231,
       125, 176, 168, 120, 154, 91, 35, 247, 227, 131, 245, 243, 175,
       239, 95, 117, 88, 231, 128, 172, 254, 100, 223, 75, 19, 213, 151,
       186, 173, 243, 44, 30, 158, 230, 149, 94, 245, 221, 74, 188, 186,
       189, 233, 252, 120, 159, 191, 91, 94, 17, 188, 255, 98, 90, 165,
       63, 255, 21, 150, 88, 154, 241, 207, 255, 127, 235, 130, 68, 175,
       203, 42, 190, 130, 90, 125, 241, 146, 198, 223, 5, 252, 43, 40,
       216, 118, 132, 217, 106, 131, 16, 6, 43, 90, 255, 59, 94, 149,
       107, 219, 78, 126, 142, 75, 174, 151, 251, 109, 165, 184, 71, 139,
       27, 144, 120, 172, 219, 216, 143, 207, 51, 123, 153, 19, 79, 194,
       241, 20, 58, 90, 250, 142, 68, 171, 137, 10, 181, 131, 139, 247,
       242, 190, 239, 31, 73, 88, 247, 204, 254, 60, 196, 255, 75, 147,
       149, 151, 152, 9, 247, 44, 118, 158, 199, 159, 78, 177, 223, 35,
       89, 44, 158, 109, 213, 156, 96, 205, 92, 212, 47, 172, 220, 55,
       35, 204, 115, 147, 71, 198, 43, 126, 249, 87, 25, 202, 187, 85,
       63, 125, 223, 230, 48, 188, 80, 235, 125, 177, 159, 235, 255, 180,
       57, 142, 188, 71, 59, 133, 215, 253, 17, 182, 111, 250, 192, 95,
       91, 85, 255, 194, 124, 199, 127, 218, 170, 150, 184, 139, 177, 16,
       199, 187, 31, 164, 185, 46, 239, 98, 223, 163, 179, 237, 144, 30,
       79, 130, 241, 219, 243, 88, 123, 146, 68, 175, 10, 35, 159, 99,
       77, 244, 183, 175, 247, 93, 78, 124, 230, 112, 108, 180, 100, 126,
       58, 18, 172, 241, 184, 52, 255, 39, 62, 166, 128, 95, 206, 240,
       253, 16, 168, 194, 171, 220, 169, 234, 206, 54, 33, 202, 11, 227,
       225, 120, 64, 121, 170, 43, 157, 26, 186, 79, 51, 188, 134, 155,
       104, 177, 91, 240, 136, 119, 112, 213, 97, 77, 47, 98, 136, 99,
       242, 179, 77, 75, 89, 93, 158, 185, 205, 117, 243, 13, 116, 217,
       128, 159, 220, 69, 54, 235, 115, 82, 150, 49, 87, 98, 13, 118,
       191, 238, 123, 85, 96, 253, 231, 83, 200, 183, 164, 126, 168, 22,
       47, 205, 178, 116, 158, 54, 44, 162, 160, 127, 239, 122, 213, 8,
       185, 59, 105, 244, 205, 251, 247, 111, 77, 124, 12, 188, 223, 242,
       48, 190, 59, 23, 92, 210, 184, 178, 117, 111, 221, 38, 232, 82,
       130, 135, 249, 208, 188, 156, 58, 139, 237, 20, 175, 186, 55, 140,
       25, 166, 230, 66, 27, 135, 115, 233, 17, 54, 77, 218, 51, 201,
       211, 95, 123, 144, 68, 143, 90, 213, 81, 95, 102, 34, 14, 71, 57,
       96, 138, 115, 104, 215, 115, 137, 115, 54, 212, 108, 106, 233,
       212, 137, 8, 240, 171, 101, 148, 104, 179, 194, 33, 62, 239, 98,
       138, 92, 147, 206, 248, 151, 4, 217, 199, 97, 204, 191, 132, 92,
       168, 23, 239, 206, 163, 78, 191, 56, 12, 175, 248, 55, 158, 124,
       220, 223, 119, 107, 102, 179, 86, 31, 184, 57, 206, 95, 229, 93,
       126, 143, 246, 182, 213, 253, 239, 237, 208, 173, 238, 227, 123,
       47, 135, 6, 247, 175, 117, 218, 220, 62, 188, 45, 78, 117, 38,
       169, 214, 130, 23, 110, 190, 34, 91, 227, 247, 253, 227, 104, 79,
       147, 233, 241, 243, 218, 19, 0, 116, 45, 90, 248, 176, 246, 112,
       171, 253, 80, 87, 227, 93, 180, 57, 62, 155, 70, 159, 167, 179,
       253, 16, 30, 111, 178, 209, 219, 217, 80, 123, 234, 132, 206, 91,
       2, 13, 18, 156, 213, 226, 136, 99, 141, 0, 217, 2, 236, 226, 36,
       196, 216, 59, 138, 161, 84, 139, 66, 221, 161, 52, 138, 75, 20,
       78, 57, 132, 7, 105, 86, 184, 107, 132, 190, 64, 173, 80, 242, 67,
       172, 219, 103, 91, 230, 185, 255, 214, 71, 131, 146, 224, 150,
