%YAML:1.0
---
descriptors: !!opencv-matrix
   rows: 175
   cols: 32
   dt: u
   data: [ 2, 158, 214, 157, 118, 178, 184, 63, 31, 87, 82, 247, 236,
       174, 166, 197, 199, 63, 187, 133, 182, 216, 71, 255, 14, 54, 218,
       195, 30, 204, 185, 221, 72, 187, 58, 120, 249, 141, 115, 87, 187,
       13, 252, 13, 190, 191, 102, 16, 190, 59, 215, 20, 146, 43, 162,
       119, 127, 221, 54, 235, 210, 128, 239, 251, 35, 93, 107, 77, 116,
       223, 251, 119, 93, 68, 124, 6, 57, 158, 182, 100, 254, 187, 19,
       140, 195, 186, 52, 255, 55, 124, 146, 130, 95, 140, 102, 253, 41,
       57, 121, 65, 116, 207, 99, 49, 101, 232, 127, 72, 147, 21, 148,
       52, 24, 188, 86, 106, 217, 186, 117, 29, 101, 156, 33, 112, 66,
       138, 82, 241, 57, 237, 99, 201, 85, 215, 235, 239, 87, 192, 252,
       2, 59, 221, 52, 164, 120, 186, 19, 232, 75, 186, 116, 255, 63,
       205, 135, 104, 119, 138, 118, 232, 153, 205, 78, 201, 23, 215,
       238, 252, 84, 96, 254, 2, 123, 88, 51, 32, 120, 232, 18, 238, 239,
       187, 61, 191, 251, 205, 135, 1, 127, 154, 120, 140, 3, 154, 2,
       159, 112, 182, 170, 86, 62, 73, 90, 231, 189, 206, 182, 196, 255,
       43, 55, 141, 135, 152, 23, 255, 6, 62, 186, 128, 30, 132, 57, 221,
       74, 174, 150, 188, 233, 188, 120, 159, 175, 25, 90, 17, 172, 251,
       82, 218, 167, 111, 253, 21, 150, 89, 131, 243, 222, 255, 63, 235,
       138, 68, 171, 11, 73, 144, 91, 173, 52, 140, 120, 50, 111, 73,
       118, 196, 191, 155, 144, 112, 102, 173, 60, 141, 133, 156, 181,
       95, 198, 253, 50, 192, 44, 128, 41, 25, 111, 114, 225, 224, 103,
       63, 121, 208, 123, 254, 117, 254, 25, 29, 215, 189, 63, 221, 151,
       254, 129, 118, 252, 192, 86, 89, 225, 164, 239, 253, 78, 245, 250,
       172, 214, 122, 139, 240, 16, 199, 187, 19, 164, 56, 46, 190, 78,
       255, 167, 179, 236, 144, 62, 79, 130, 243, 155, 243, 82, 123, 226,
       68, 174, 14, 69, 225, 73, 103, 52, 11, 103, 184, 100, 160, 107,
       72, 211, 97, 152, 112, 16, 76, 104, 106, 72, 176, 205, 44, 236,
       172, 37, 4, 96, 179, 82, 32, 137, 190, 253, 249, 124, 233, 233,
       218, 222, 251, 244, 126, 189, 211, 208, 41, 107, 170, 78, 152,
       163, 126, 239, 243, 94, 223, 183, 252, 220, 200, 67, 249, 118,
       111, 224, 14, 207, 121, 159, 239, 91, 230, 120, 143, 107, 236,
       119, 21, 251, 235, 131, 103, 196, 51, 188, 248, 62, 92, 69, 59,
       247, 254, 214, 222, 53, 101, 65, 7, 84, 11, 102, 40, 69, 160, 235,
       202, 227, 97, 153, 244, 120, 204, 66, 238, 73, 178, 77, 60, 164,
       164, 133, 52, 123, 187, 82, 164, 58, 189, 234, 251, 199, 253, 254,
       223, 63, 71, 124, 19, 109, 238, 126, 224, 125, 251, 179, 149, 183,
       250, 59, 247, 255, 223, 159, 99, 183, 78, 255, 222, 255, 120, 245,
       229, 103, 94, 125, 16, 233, 238, 182, 173, 95, 31, 215, 191, 174,
       245, 253, 238, 237, 199, 245, 200, 215, 251, 239, 146, 111, 245,
       111, 127, 46, 176, 248, 113, 237, 253, 177, 75, 251, 255, 53, 63,
       140, 157, 94, 8, 175, 27, 247, 17, 150, 126, 242, 208, 95, 93, 83,
       239, 215, 12, 79, 215, 10, 180, 185, 209, 253, 255, 185, 219, 31,
       123, 93, 55, 156, 255, 110, 104, 255, 27, 151, 16, 179, 124, 123,
       215, 207, 223, 159, 230, 158, 12, 149, 243, 5, 105, 81, 225, 244,
       11, 110, 172, 125, 32, 106, 66, 223, 75, 25, 112, 122, 205, 2,
       106, 64, 176, 93, 110, 164, 158, 7, 4, 101, 187, 194, 128, 4, 219,
       183, 219, 226, 196, 169, 210, 174, 88, 82, 230, 188, 214, 165,
       105, 231, 59, 59, 211, 195, 153, 59, 113, 5, 32, 122, 192, 20, 19,
       165, 177, 135, 252, 183, 219, 253, 243, 167, 255, 95, 127, 215,
       50, 216, 252, 221, 109, 127, 94, 122, 91, 243, 255, 239, 247, 61,
       126, 223, 238, 150, 125, 245, 245, 31, 236, 226, 219, 247, 215,
       251, 222, 127, 205, 94, 163, 104, 254, 151, 244, 127, 255, 183,
       221, 230, 152, 45, 250, 63, 94, 159, 195, 167, 214, 126, 253, 171,
       172, 166, 219, 205, 245, 249, 206, 127, 127, 252, 27, 236, 254,
       126, 188, 249, 235, 255, 145, 54, 127, 186, 243, 159, 223, 223,
       235, 147, 76, 231, 254, 91, 51, 237, 229, 118, 30, 233, 121, 118,
       233, 246, 230, 217, 60, 150, 100, 126, 149, 127, 237, 129, 218,
       229, 204, 94, 111, 235, 132, 175, 164, 115, 253, 158, 157, 38,
       150, 149, 215, 191, 231, 189, 94, 223, 19, 204, 254, 46, 229, 249,
       111, 187, 227, 244, 219, 58, 239, 187, 94, 207, 199, 135, 126,
       181, 239, 90, 177, 58, 186, 75, 197, 17, 71, 175, 93, 133, 25, 46,
       223, 106, 26, 160, 27, 219, 17, 22, 11, 178, 209, 211, 241, 26,
       123, 146, 4, 167, 211, 95, 255, 107, 239, 246, 19, 111, 253, 103,
       234, 222, 230, 121, 238, 191, 112, 127, 207, 31, 254, 223, 147,
       45, 255, 122, 111, 175, 164, 191, 246, 242, 253, 133, 50, 223,
       225, 34, 42, 97, 25, 126, 249, 115, 116, 223, 146, 232, 105, 119,
       12, 46, 60, 151, 212, 165, 64, 204, 137, 115, 196, 168, 161, 33,
       33, 35, 157, 151, 87, 165, 31, 84, 230, 125, 27, 126, 88, 202, 58,
       44, 191, 201, 82, 38, 88, 185, 248, 58, 224, 171, 222, 84, 66,
       202, 120, 202, 143, 165, 141, 143, 115, 148, 47, 231, 183, 116,
       34, 239, 92, 211, 97, 25, 123, 89, 198, 74, 126, 249, 188, 121,
       42, 237, 175, 196, 68, 200, 251, 208, 32, 226, 217, 246, 222, 233,
       209, 158, 237, 155, 30, 244, 42, 104, 255, 100, 247, 205, 243,
       179, 194, 110, 75, 234, 251, 59, 27, 222, 59, 19, 62, 236, 175,
       28, 17, 149, 248, 195, 111, 85, 95, 53, 27, 104, 24, 94, 51, 41,
       223, 167, 155, 135, 0, 56, 210, 18, 216, 209, 211, 86, 2, 178,
       112, 167, 163, 41, 237, 113, 201, 255, 219, 207, 239, 71, 100,
       252, 10, 187, 221, 180, 164, 90, 186, 18, 104, 91, 186, 124, 191,
       127, 221, 5, 120, 119, 138, 214, 236, 46, 176, 16, 129, 237, 93,
       184, 200, 15, 53, 176, 11, 140, 30, 78, 140, 235, 145, 207, 17,
       22, 107, 218, 209, 157, 16, 159, 127, 214, 12, 79, 214, 2, 91,
       106, 138, 127, 145, 186, 68, 143, 77, 216, 231, 40, 206, 182, 68,
       238, 185, 151, 213, 134, 155, 6, 245, 22, 124, 138, 203, 31, 143,
       61, 223, 25, 95, 107, 239, 182, 134, 111, 246, 84, 200, 94, 230,
       115, 109, 177, 96, 126, 238, 23, 238, 233, 184, 61, 175, 226, 239,
       166, 128, 47, 186, 240, 121, 52, 101, 146, 30, 217, 191, 6, 237,
       83, 160, 232, 72, 66, 240, 41, 148, 216, 238, 226, 114, 89, 51,
       218, 62, 185, 182, 5, 63, 218, 127, 202, 134, 170, 240, 112, 137,
       109, 125, 248, 205, 15, 53, 189, 11, 142, 28, 86, 140, 203, 153,
       223, 241, 14, 38, 90, 209, 151, 16, 139, 127, 23, 15, 221, 198,
       11, 207, 198, 21, 178, 146, 174, 183, 188, 202, 90, 231, 173, 234,
       183, 196, 39, 111, 187, 133, 197, 153, 5, 239, 44, 102, 190, 130,
       174, 244, 169, 221, 110, 182, 148, 161, 253, 63, 92, 207, 27, 191,
       157, 189, 206, 43, 78, 142, 159, 215, 237, 17, 30, 75, 201, 210,
       254, 215, 29, 247, 226, 76, 142, 87, 198, 60, 182, 218, 235, 125,
       26, 138, 187, 223, 165, 185, 78, 254, 79, 91, 167, 241, 255, 146,
       62, 71, 170, 242, 147, 86, 91, 191, 146, 117, 47, 87, 9, 147, 58,
       107, 112, 172, 121, 112, 109, 73, 119, 116, 190, 23, 142, 53, 166,
       59, 86, 14, 147, 184, 48, 101, 71, 249, 50, 194, 74, 131, 163,
       177, 94, 6, 230, 149, 194, 114, 172, 3, 49, 135, 91, 183, 73, 46,
       223, 206, 127, 215, 183, 177, 156, 208, 133, 194, 30, 102, 223,
       135, 167, 244, 188, 212, 139, 156, 61, 219, 253, 253, 177, 191,
       159, 95, 84, 20, 188, 255, 42, 109, 207, 27, 179, 1, 51, 110, 123,
       245, 79, 211, 94, 106, 26, 76, 133, 251, 59, 159, 123, 235, 246,
       183, 255, 255, 87, 77, 254, 103, 123, 255, 182, 96, 255, 251, 159,
       157, 187, 187, 105, 255, 255, 255, 167, 192, 247, 222, 253, 219,
       142, 176, 185, 241, 253, 253, 185, 91, 31, 251, 85, 26, 156, 159,
       108, 40, 255, 27, 151, 17, 179, 254, 122, 210, 79, 223, 159, 238,
       150, 12, 21, 243, 143, 188, 167, 155, 253, 247, 174, 234, 127,
