%YAML:1.0
---
descriptors: !!opencv-matrix
   rows: 154
   cols: 32
   dt: u
   data: [ 210, 222, 175, 223, 44, 244, 249, 84, 31, 95, 215, 247, 252,
       127, 182, 107, 239, 215, 191, 147, 187, 95, 59, 247, 223, 122,
       250, 194, 159, 141, 181, 127, 142, 219, 173, 179, 173, 244, 255,
       148, 223, 127, 151, 183, 200, 221, 254, 111, 237, 243, 191, 215,
       187, 101, 123, 241, 127, 91, 255, 227, 215, 221, 244, 119, 14,
       164, 32, 155, 85, 255, 186, 74, 30, 39, 93, 19, 140, 222, 126,
       232, 217, 25, 147, 17, 22, 156, 89, 215, 79, 23, 155, 103, 146,
       13, 29, 198, 166, 252, 161, 184, 207, 113, 158, 202, 26, 214, 80,
       187, 12, 252, 127, 138, 223, 89, 179, 215, 134, 103, 174, 242, 17,
       22, 223, 175, 213, 125, 63, 215, 185, 85, 123, 97, 244, 70, 231,
       117, 84, 104, 127, 102, 17, 29, 176, 32, 124, 156, 22, 234, 249,
       186, 53, 14, 119, 173, 160, 196, 103, 138, 244, 241, 88, 57, 58,
       224, 121, 205, 81, 80, 171, 173, 172, 8, 159, 159, 66, 48, 164,
       177, 93, 80, 26, 43, 176, 0, 219, 217, 16, 123, 64, 130, 71, 122,
       3, 142, 187, 184, 240, 165, 185, 215, 254, 91, 120, 116, 156, 131,
       176, 104, 231, 11, 22, 28, 147, 141, 34, 247, 204, 223, 58, 204,
       152, 192, 161, 169, 23, 29, 107, 254, 150, 167, 47, 119, 148, 128,
       219, 199, 121, 239, 177, 64, 118, 187, 63, 141, 209, 153, 52, 254,
       248, 167, 175, 192, 189, 234, 177, 56, 11, 154, 147, 219, 55, 247,
       178, 83, 94, 75, 83, 114, 156, 150, 164, 236, 207, 27, 146, 16,
       179, 156, 113, 247, 5, 214, 26, 194, 146, 9, 165, 181, 18, 93, 35,
       140, 115, 209, 190, 103, 173, 140, 218, 167, 44, 142, 52, 196,
       238, 187, 159, 229, 64, 139, 0, 237, 176, 52, 138, 139, 22, 6, 37,
       223, 18, 93, 26, 172, 22, 151, 94, 103, 173, 128, 216, 11, 47,
       154, 34, 80, 254, 187, 159, 225, 76, 139, 16, 253, 177, 244, 10,
       11, 53, 26, 47, 15, 48, 205, 123, 237, 116, 203, 255, 119, 84,
       164, 126, 2, 51, 61, 176, 0, 122, 254, 7, 232, 72, 184, 48, 63,
       99, 239, 164, 0, 117, 186, 100, 250, 115, 126, 19, 196, 123, 245,
       50, 210, 169, 200, 152, 238, 44, 222, 165, 180, 180, 249, 214,
       194, 135, 131, 50, 253, 51, 84, 171, 170, 11, 87, 47, 189, 76, 24,
       152, 188, 232, 100, 31, 19, 146, 138, 148, 57, 180, 247, 65, 90,
       199, 247, 189, 147, 56, 66, 194, 34, 211, 231, 255, 187, 144, 113,
       133, 83, 77, 31, 186, 190, 180, 164, 95, 115, 184, 74, 89, 96,
       255, 251, 163, 112, 214, 251, 29, 67, 212, 139, 138, 107, 240,
       253, 42, 136, 24, 243, 161, 3, 118, 88, 106, 198, 74, 70, 186, 64,
       169, 204, 147, 167, 72, 222, 55, 66, 238, 245, 223, 231, 196, 131,
       148, 232, 115, 40, 203, 139, 37, 55, 55, 87, 21, 74, 203, 234, 22,
       162, 235, 80, 20, 192, 91, 198, 81, 199, 177, 96, 126, 168, 23,
       191, 137, 151, 20, 202, 240, 173, 171, 128, 189, 187, 49, 176, 18,
       77, 211, 148, 70, 130, 174, 230, 156, 130, 218, 66, 36, 162, 37,
       65, 106, 231, 2, 195, 104, 187, 4, 236, 176, 2, 206, 0, 37, 121,
       49, 140, 86, 113, 107, 164, 70, 66, 188, 64, 168, 212, 91, 167,
       89, 206, 127, 10, 126, 253, 179, 247, 196, 211, 150, 192, 84, 33,
       235, 141, 37, 55, 55, 210, 9, 151, 43, 201, 244, 183, 251, 115,
       86, 77, 95, 230, 25, 109, 182, 96, 124, 42, 23, 189, 147, 184, 37,
       223, 110, 77, 170, 192, 159, 138, 245, 241, 139, 158, 231, 152,
       247, 247, 189, 214, 31, 95, 220, 247, 8, 174, 183, 237, 239, 251,
       183, 149, 183, 223, 54, 251, 31, 126, 223, 198, 159, 237, 181,
       253, 143, 222, 149, 255, 252, 38, 171, 180, 28, 27, 83, 118, 252,
       119, 168, 233, 223, 83, 63, 143, 177, 156, 75, 255, 109, 191, 250,
       192, 156, 217, 161, 177, 189, 231, 109, 72, 252, 7, 79, 248, 83,
       248, 180, 74, 83, 193, 249, 53, 93, 200, 86, 126, 235, 103, 106,
       62, 123, 203, 229, 252, 119, 187, 210, 161, 46, 158, 151, 190,
       169, 181, 84, 247, 159, 31, 249, 125, 238, 254, 36, 207, 205, 99,
       174, 3, 190, 107, 10, 189, 184, 246, 124, 251, 154, 125, 172, 23,
       25, 142, 74, 249, 54, 171, 107, 115, 126, 1, 95, 194, 177, 171,
       176, 96, 123, 170, 23, 24, 146, 184, 5, 223, 204, 239, 178, 192,
       181, 136, 113, 160, 205, 220, 237, 215, 238, 54, 173, 183, 102,
       251, 95, 246, 217, 39, 218, 107, 39, 70, 127, 159, 241, 220, 175,
       224, 78, 43, 254, 196, 175, 242, 177, 249, 134, 96, 160, 147, 69,
       197, 185, 72, 31, 55, 85, 19, 140, 222, 111, 13, 217, 25, 147,
       209, 2, 212, 122, 208, 13, 16, 219, 47, 148, 29, 21, 230, 3, 159,
       104, 155, 246, 149, 184, 119, 95, 77, 92, 231, 173, 142, 182, 96,
       238, 59, 151, 149, 151, 152, 116, 247, 108, 29, 186, 232, 29, 140,
       153, 221, 19, 133, 74, 172, 150, 130, 239, 119, 148, 129, 219,
       199, 121, 239, 176, 64, 126, 187, 31, 157, 155, 155, 4, 223, 248,
       172, 174, 200, 189, 202, 177, 240, 131, 25, 7, 157, 54, 134, 168,
       39, 60, 73, 82, 215, 180, 38, 180, 193, 102, 47, 59, 141, 181,
       216, 21, 76, 4, 34, 250, 128, 12, 4, 49, 221, 113, 205, 79, 190,
       190, 145, 70, 253, 196, 64, 248, 230, 115, 232, 178, 224, 90, 226,
       14, 78, 239, 171, 14, 191, 184, 239, 164, 88, 125, 154, 248, 12,
       82, 201, 10, 140, 126, 144, 190, 101, 172, 0, 216, 163, 181, 142,
       38, 192, 238, 187, 223, 193, 68, 139, 0, 237, 176, 33, 170, 139,
       20, 2, 173, 139, 32, 149, 187, 193, 213, 253, 241, 87, 95, 25,
       108, 24, 154, 189, 124, 108, 217, 26, 3, 25, 146, 186, 112, 213,
       79, 157, 22, 99, 210, 72, 250, 186, 184, 93, 95, 228, 54, 78, 79,
       116, 164, 132, 250, 11, 55, 19, 33, 80, 126, 245, 77, 107, 72,
       187, 16, 46, 241, 225, 38, 16, 33, 186, 103, 107, 189, 90, 107,
       239, 118, 131, 106, 248, 117, 202, 247, 230, 89, 239, 181, 96,
       126, 236, 63, 238, 169, 183, 45, 238, 246, 239, 163, 128, 63, 187,
       112, 177, 151, 143, 64, 187, 222, 161, 174, 227, 164, 66, 216,
       199, 169, 106, 179, 193, 111, 163, 27, 191, 246, 11, 76, 255, 188,
       12, 138, 200, 189, 197, 185, 132, 50, 188, 42, 188, 45, 87, 150,
       238, 159, 238, 156, 175, 40, 252, 39, 4, 221, 115, 215, 227, 237,
       43, 58, 255, 211, 86, 221, 191, 95, 124, 23, 223, 135, 140, 215,
       219, 206, 39, 238, 234, 31, 18, 219, 18, 252, 248, 61, 97, 255,
       243, 59, 187, 112, 115, 91, 250, 189, 158, 207, 4, 213, 123, 177,
       160, 9, 142, 127, 249, 52, 168, 233, 23, 252, 81, 94, 244, 189,
       171, 176, 96, 103, 3, 63, 29, 179, 156, 38, 247, 78, 255, 186,
       192, 158, 128, 161, 41, 180, 99, 194, 202, 212, 131, 206, 81, 150,
       132, 241, 215, 35, 200, 177, 0, 92, 168, 2, 222, 250, 167, 20,
       138, 48, 132, 167, 136, 245, 186, 244, 144, 135, 216, 155, 155,
       38, 181, 186, 214, 94, 75, 80, 114, 156, 154, 161, 232, 199, 27,
       150, 83, 183, 156, 35, 243, 4, 31, 58, 194, 156, 29, 169, 149,
       189, 122, 232, 104, 142, 83, 78, 248, 83, 254, 180, 238, 83, 76,
       247, 61, 93, 204, 20, 239, 237, 103, 109, 156, 250, 203, 229, 252,
       127, 253, 86, 116, 93, 219, 220, 175, 42, 24, 22, 136, 202, 20,
       92, 231, 239, 200, 143, 194, 230, 69, 236, 67, 198, 97, 239, 177,
       178, 225, 102, 27, 52, 63, 13, 77, 189, 106, 204, 121, 174, 50,
       78, 158, 19, 242, 180, 247, 83, 13, 211, 190, 95, 204, 52, 254,
       173, 246, 237, 162, 202, 239, 245, 148, 255, 253, 88, 81, 26, 205,
       198, 255, 135, 50, 110, 230, 29, 130, 218, 130, 109, 106, 53, 231,
       123, 243, 191, 227, 104, 203, 31, 239, 187, 242, 222, 1, 55, 254,
       249, 12, 41, 182, 133, 225, 188, 47, 73, 27, 86, 187, 95, 84, 215,
       35, 192, 204, 93, 12, 14, 60, 155, 252, 113, 158, 205, 223, 181,
       52, 154, 200, 208, 33, 198, 154, 202, 187, 194, 160, 57, 135, 60,
       23, 67, 183, 12, 39, 110, 88, 231, 155, 167, 149, 50, 30, 131,
       247, 92, 38, 254, 195, 133, 69, 165, 83, 245, 223, 204, 182, 188,
       39, 79, 188, 214, 250, 185, 222, 243, 226, 233, 115, 85, 226, 108,
