%YAML:1.0
---
descriptors: !!opencv-matrix
   rows: 161
   cols: 32
   dt: u
   data: [ 227, 174, 214, 88, 203, 185, 52, 199, 187, 23, 108, 28, 40,
       170, 70, 191, 171, 235, 226, 144, 54, 126, 130, 243, 30, 95, 84,
       107, 219, 68, 234, 142, 201, 125, 255, 245, 230, 250, 109, 214,
       255, 250, 254, 246, 253, 183, 211, 123, 103, 239, 127, 204, 161,
       221, 167, 226, 254, 251, 127, 128, 174, 208, 163, 249, 126, 94,
       242, 231, 53, 62, 126, 212, 61, 234, 254, 103, 207, 31, 7, 252,
       254, 213, 255, 211, 140, 183, 89, 234, 247, 253, 134, 131, 239,
       247, 111, 95, 71, 127, 187, 71, 112, 78, 191, 180, 104, 200, 126,
       108, 254, 124, 133, 50, 150, 117, 85, 103, 193, 176, 177, 108,
       100, 61, 47, 130, 76, 243, 3, 241, 232, 254, 242, 244, 108, 169,
       233, 214, 127, 166, 244, 254, 191, 237, 209, 60, 127, 255, 118,
       25, 202, 126, 230, 242, 94, 222, 119, 168, 111, 217, 71, 184, 237,
       66, 197, 71, 100, 10, 111, 188, 113, 226, 247, 236, 219, 97, 157,
       247, 94, 196, 124, 238, 233, 244, 237, 202, 36, 250, 229, 132,
       111, 183, 82, 37, 177, 69, 107, 12, 86, 3, 198, 120, 84, 96, 251,
       70, 83, 200, 179, 96, 120, 172, 22, 239, 237, 183, 21, 30, 112,
       46, 33, 16, 125, 186, 112, 128, 115, 128, 103, 217, 100, 139, 104,
       82, 119, 49, 82, 211, 113, 137, 148, 249, 120, 172, 63, 157, 155,
       222, 199, 209, 22, 58, 217, 192, 45, 136, 112, 168, 4, 137, 134,
       151, 133, 139, 166, 225, 158, 183, 74, 2, 228, 226, 105, 203, 249,
       103, 34, 83, 102, 248, 11, 249, 173, 6, 223, 67, 128, 122, 53,
       142, 100, 140, 128, 158, 220, 131, 134, 233, 150, 130, 201, 10,
       96, 224, 41, 69, 89, 234, 34, 42, 112, 107, 74, 63, 60, 6, 199,
       108, 144, 122, 113, 128, 2, 168, 151, 189, 31, 139, 168, 232, 158,
       176, 90, 3, 236, 232, 116, 66, 179, 101, 107, 1, 2, 241, 139, 221,
       13, 50, 207, 7, 5, 42, 17, 130, 66, 32, 7, 173, 108, 139, 168, 73,
       174, 177, 194, 193, 204, 206, 80, 74, 198, 61, 123, 149, 2, 217,
       195, 209, 148, 48, 155, 250, 20, 0, 17, 136, 48, 172, 214, 156,
       30, 43, 198, 107, 86, 163, 240, 90, 115, 97, 16, 129, 59, 230,
       106, 41, 57, 255, 9, 31, 184, 134, 117, 20, 245, 232, 74, 40, 74,
       250, 176, 178, 56, 217, 30, 150, 171, 61, 148, 253, 174, 222, 194,
       150, 135, 115, 237, 81, 214, 77, 234, 243, 186, 215, 63, 251, 2,
       20, 143, 95, 141, 147, 61, 79, 42, 86, 27, 184, 101, 76, 215, 100,
       252, 87, 154, 229, 214, 81, 221, 238, 241, 128, 123, 237, 66, 123,
       98, 192, 26, 167, 109, 113, 85, 71, 95, 101, 150, 10, 111, 184,
       100, 232, 250, 230, 83, 33, 145, 112, 54, 196, 108, 234, 233, 176,
       101, 12, 244, 173, 37, 132, 109, 243, 66, 33, 10, 178, 189, 215,
       50, 220, 185, 183, 190, 93, 22, 244, 253, 119, 218, 99, 55, 119,
       253, 152, 179, 216, 191, 85, 207, 163, 255, 196, 142, 128, 133,
       121, 76, 164, 189, 241, 169, 104, 29, 159, 186, 251, 134, 56, 223,
       55, 200, 126, 131, 87, 253, 24, 59, 77, 251, 66, 237, 179, 127,
       125, 130, 240, 133, 114, 255, 179, 125, 112, 169, 221, 89, 57,
       185, 124, 181, 253, 94, 157, 206, 59, 142, 145, 253, 102, 253,
       111, 250, 149, 219, 219, 113, 255, 86, 141, 198, 115, 213, 164,
       253, 83, 140, 118, 103, 138, 243, 179, 167, 18, 67, 114, 221, 127,
       115, 198, 120, 186, 184, 103, 255, 98, 159, 250, 87, 70, 160, 241,
       227, 36, 204, 224, 172, 179, 172, 108, 117, 157, 190, 191, 135,
       17, 245, 247, 91, 75, 129, 70, 121, 31, 50, 73, 251, 161, 205,
       147, 255, 252, 128, 123, 213, 106, 125, 148, 173, 247, 141, 110,
       76, 184, 146, 242, 130, 91, 83, 127, 24, 99, 121, 214, 125, 163,
       61, 197, 219, 172, 251, 235, 205, 20, 173, 121, 208, 18, 216, 156,
       53, 247, 42, 14, 157, 188, 188, 50, 135, 82, 223, 55, 0, 71, 103,
       87, 121, 35, 121, 205, 121, 173, 249, 227, 91, 84, 2, 41, 133, 59,
       92, 244, 179, 178, 153, 76, 115, 141, 187, 253, 131, 25, 223, 247,
       72, 27, 165, 223, 125, 23, 58, 73, 170, 34, 249, 209, 61, 250,
       128, 64, 135, 115, 125, 67, 233, 76, 78, 19, 199, 88, 66, 176,
       181, 206, 83, 73, 249, 234, 120, 204, 38, 238, 201, 35, 239, 24,
       82, 233, 225, 60, 127, 251, 114, 160, 4, 136, 134, 151, 148, 139,
       164, 235, 182, 179, 66, 2, 96, 224, 40, 79, 121, 110, 34, 184, 32,
       217, 11, 61, 12, 38, 215, 68, 128, 104, 49, 168, 255, 23, 175,
       254, 237, 118, 87, 29, 81, 207, 255, 29, 202, 109, 31, 223, 221,
       214, 172, 54, 189, 226, 251, 226, 179, 255, 212, 27, 211, 255,
       246, 117, 0, 160, 134, 157, 14, 139, 161, 72, 190, 177, 82, 2,
       228, 224, 112, 206, 48, 109, 106, 153, 3, 249, 139, 221, 28, 34,
       219, 76, 5, 40, 49, 168, 66, 96, 22, 169, 104, 137, 40, 72, 174,
       33, 195, 192, 140, 130, 64, 82, 226, 61, 123, 209, 2, 155, 195,
       208, 148, 48, 138, 248, 20, 2, 43, 136, 16, 96, 247, 249, 78, 139,
       232, 68, 111, 49, 114, 66, 51, 137, 84, 72, 106, 172, 110, 217,
       138, 248, 199, 241, 148, 168, 146, 64, 117, 137, 112, 168, 34, 32,
       66, 201, 76, 11, 232, 72, 15, 32, 208, 74, 0, 136, 84, 80, 232,
       140, 123, 192, 0, 179, 197, 208, 22, 56, 147, 34, 53, 136, 112,
       140, 74, 250, 180, 186, 58, 157, 58, 146, 171, 253, 157, 237, 172,
       222, 199, 214, 135, 115, 253, 87, 198, 73, 234, 245, 174, 84, 63,
       250, 22, 134, 15, 95, 191, 198, 106, 78, 151, 243, 94, 252, 117,
       196, 238, 167, 75, 236, 191, 244, 121, 228, 204, 236, 172, 167,
       45, 223, 250, 255, 133, 87, 247, 246, 252, 86, 123, 199, 70, 69,
       151, 18, 78, 252, 101, 224, 254, 230, 74, 32, 151, 245, 122, 196,
       238, 238, 221, 179, 101, 204, 54, 120, 133, 151, 111, 190, 120, 4,
       11, 255, 255, 255, 254, 144, 189, 254, 191, 91, 214, 230, 189,
       191, 180, 99, 103, 219, 127, 205, 227, 217, 167, 253, 254, 251,
       254, 130, 7, 212, 161, 249, 153, 215, 238, 255, 254, 146, 237,
       127, 119, 23, 223, 246, 249, 235, 184, 97, 127, 206, 63, 172, 243,
       248, 47, 223, 254, 235, 255, 196, 63, 216, 241, 249, 9, 7, 81,
       231, 55, 10, 107, 53, 45, 225, 95, 230, 253, 35, 152, 228, 118,
       15, 159, 188, 193, 152, 101, 206, 164, 252, 174, 128, 47, 198,
       129, 185, 127, 124, 118, 231, 55, 62, 250, 192, 45, 172, 254, 47,
       206, 30, 7, 220, 254, 245, 255, 119, 140, 177, 249, 234, 183, 252,
       11, 146, 239, 127, 107, 215, 173, 175, 111, 249, 254, 187, 234,
       251, 87, 243, 254, 242, 155, 237, 176, 169, 127, 170, 62, 152,
       191, 248, 103, 190, 222, 207, 243, 228, 255, 201, 216, 129, 74,
       146, 47, 253, 48, 222, 121, 63, 190, 89, 22, 245, 253, 255, 146,
       97, 183, 21, 253, 140, 147, 201, 35, 213, 207, 255, 251, 192, 10,
       132, 5, 123, 118, 172, 252, 94, 188, 169, 222, 167, 219, 167, 168,
       25, 98, 249, 20, 19, 139, 247, 125, 3, 60, 107, 218, 123, 59, 190,
       85, 59, 197, 248, 210, 14, 253, 247, 237, 238, 174, 3, 79, 248,
       82, 250, 189, 238, 83, 97, 217, 59, 127, 196, 124, 254, 235, 103,
       239, 51, 250, 203, 229, 188, 253, 251, 208, 97, 117, 69, 106, 108,
       94, 3, 71, 248, 195, 160, 184, 74, 115, 232, 189, 48, 88, 228,
       100, 110, 201, 35, 46, 30, 176, 140, 165, 60, 125, 187, 112, 32,
       253, 69, 99, 108, 92, 19, 70, 120, 85, 226, 252, 78, 115, 233,
       181, 113, 88, 228, 22, 110, 237, 167, 45, 158, 114, 239, 161, 60,
       127, 251, 112, 0, 32, 64, 135, 157, 92, 131, 160, 76, 86, 161, 98,
       2, 113, 224, 32, 73, 120, 236, 34, 72, 0, 250, 71, 29, 28, 34,
       211, 64, 113, 9, 112, 136, 208, 101, 26, 171, 202, 169, 174, 70,
       44, 34, 235, 90, 133, 130, 96, 80, 234, 175, 106, 194, 98, 23,
       195, 114, 180, 224, 138, 56, 24, 83, 163, 128, 134, 105, 70, 139,
       204, 169, 175, 68, 238, 48, 219, 146, 129, 138, 117, 74, 104, 175,
       107, 219, 66, 177, 207, 241, 52, 32, 138, 96, 85, 91, 241, 128, 0,
       160, 134, 157, 89, 131, 160, 104, 182, 148, 66, 3, 228, 226, 40,
