%YAML:1.0
---
descriptors: !!opencv-matrix
   rows: 144
   cols: 32
   dt: u
   data: [ 183, 119, 110, 134, 230, 18, 191, 240, 169, 246, 125, 231, 73,
       236, 255, 35, 126, 237, 183, 231, 196, 243, 172, 192, 62, 72, 239,
       174, 109, 247, 119, 213, 117, 99, 233, 101, 244, 15, 79, 184, 64,
       232, 126, 76, 211, 101, 217, 48, 94, 204, 20, 110, 201, 178, 237,
       14, 238, 205, 165, 164, 109, 187, 82, 241, 181, 36, 10, 186, 76,
       171, 106, 72, 94, 2, 193, 19, 135, 192, 49, 72, 121, 168, 10, 191,
       42, 54, 79, 95, 148, 6, 155, 40, 181, 73, 113, 128, 184, 125, 123,
       116, 112, 205, 117, 87, 181, 14, 102, 56, 63, 151, 32, 49, 168,
       186, 197, 0, 104, 190, 48, 10, 243, 201, 48, 9, 97, 208, 230, 251,
       125, 119, 249, 101, 164, 15, 71, 184, 97, 234, 190, 76, 211, 113,
       217, 50, 28, 196, 124, 110, 201, 242, 233, 40, 231, 239, 101, 148,
       104, 251, 66, 113, 24, 161, 19, 108, 17, 207, 64, 37, 47, 1, 194,
       8, 190, 147, 0, 212, 176, 168, 76, 8, 75, 155, 16, 93, 179, 244,
       0, 2, 18, 2, 34, 42, 120, 204, 122, 76, 76, 147, 91, 248, 212, 4,
       254, 10, 123, 237, 183, 113, 120, 244, 180, 106, 232, 175, 38, 63,
       115, 239, 225, 153, 119, 171, 124, 232, 130, 184, 179, 217, 117,
       244, 184, 67, 63, 73, 83, 18, 172, 222, 36, 236, 239, 59, 147,
       145, 55, 220, 50, 215, 141, 54, 154, 195, 144, 4, 37, 255, 72,
       187, 191, 123, 248, 237, 57, 151, 239, 29, 126, 64, 188, 255, 192,
       112, 167, 59, 127, 24, 146, 120, 171, 113, 239, 221, 55, 232, 208,
       192, 135, 233, 116, 191, 249, 117, 146, 111, 71, 191, 114, 171,
       190, 216, 83, 55, 193, 48, 63, 222, 108, 42, 249, 250, 249, 46,
       253, 143, 117, 84, 225, 240, 198, 57, 193, 149, 25, 107, 176, 207,
       83, 189, 125, 72, 107, 80, 246, 83, 8, 113, 209, 26, 28, 122, 123,
       184, 89, 63, 233, 253, 36, 82, 24, 2, 192, 59, 25, 25, 59, 252,
       60, 132, 184, 119, 140, 72, 216, 98, 189, 158, 36, 224, 238, 59,
       159, 129, 199, 43, 18, 191, 177, 253, 186, 138, 28, 8, 57, 155,
       34, 180, 178, 155, 215, 243, 184, 75, 31, 7, 125, 51, 140, 254,
       110, 204, 255, 59, 147, 145, 22, 190, 2, 215, 15, 22, 154, 235,
       151, 76, 189, 199, 39, 1, 104, 200, 198, 119, 239, 248, 93, 98,
       125, 138, 89, 93, 191, 52, 126, 152, 23, 238, 209, 50, 124, 220,
       119, 13, 161, 236, 119, 187, 116, 224, 53, 85, 111, 237, 54, 71,
       95, 248, 68, 200, 223, 230, 115, 93, 187, 97, 126, 244, 31, 239,
       233, 161, 125, 157, 242, 233, 175, 132, 61, 187, 116, 113, 42,
       255, 226, 156, 127, 209, 158, 238, 159, 236, 156, 175, 108, 252,
       254, 132, 255, 249, 255, 229, 214, 107, 174, 255, 186, 87, 143,
       187, 23, 188, 29, 223, 33, 32, 23, 141, 100, 43, 232, 64, 108, 32,
       227, 72, 212, 0, 20, 89, 232, 173, 106, 41, 1, 178, 209, 72, 20,
       40, 194, 0, 73, 10, 83, 160, 209, 92, 31, 254, 9, 70, 71, 190,
       245, 74, 231, 16, 119, 119, 41, 113, 241, 246, 92, 234, 105, 135,
       57, 47, 243, 235, 70, 16, 56, 114, 226, 58, 125, 99, 249, 99, 188,
       15, 79, 152, 67, 232, 181, 76, 211, 89, 217, 50, 92, 196, 125,
       126, 137, 34, 249, 16, 239, 221, 37, 116, 235, 187, 82, 49, 80,
       120, 59, 184, 26, 229, 89, 82, 182, 77, 134, 57, 183, 159, 98, 88,
       231, 185, 221, 145, 10, 15, 18, 23, 211, 197, 186, 249, 176, 0,
       37, 123, 30, 253, 250, 250, 187, 221, 190, 228, 191, 93, 254, 11,
       238, 255, 47, 80, 239, 251, 255, 211, 110, 11, 186, 247, 251, 247,
       14, 203, 146, 87, 175, 219, 180, 108, 10, 184, 76, 41, 192, 202,
       86, 182, 225, 27, 34, 224, 97, 25, 249, 136, 74, 3, 42, 119, 74,
       51, 149, 2, 209, 61, 209, 89, 118, 130, 182, 97, 0, 168, 28, 137,
       78, 104, 15, 36, 160, 11, 134, 131, 32, 16, 248, 137, 75, 226, 72,
       35, 64, 92, 177, 144, 139, 61, 49, 10, 118, 130, 118, 65, 2, 190,
       25, 193, 26, 232, 143, 132, 233, 169, 78, 214, 43, 212, 216, 249,
       239, 99, 76, 3, 202, 157, 177, 212, 139, 191, 16, 63, 46, 86, 64,
       64, 95, 137, 72, 139, 107, 72, 44, 0, 226, 2, 148, 3, 33, 80, 122,
       129, 74, 234, 72, 151, 65, 92, 148, 160, 138, 24, 16, 27, 33, 160,
       59, 90, 106, 236, 111, 219, 218, 212, 69, 108, 246, 175, 43, 156,
       183, 188, 254, 157, 215, 71, 204, 183, 37, 189, 82, 121, 178, 147,
       119, 159, 126, 223, 0, 187, 187, 233, 248, 205, 59, 215, 174, 13,
       120, 4, 188, 215, 96, 112, 182, 59, 127, 24, 147, 185, 178, 117,
       111, 157, 38, 232, 144, 130, 167, 249, 10, 158, 190, 189, 131,
       228, 48, 215, 190, 95, 90, 19, 188, 255, 98, 104, 231, 59, 191,
       145, 150, 216, 19, 241, 207, 247, 126, 195, 144, 64, 173, 75, 49,
       4, 200, 69, 20, 42, 98, 39, 118, 163, 106, 16, 211, 32, 144, 120,
       81, 236, 32, 12, 61, 252, 69, 30, 140, 174, 177, 64, 232, 168, 80,
       44, 129, 210, 31, 253, 32, 12, 44, 53, 60, 26, 82, 112, 181, 147,
       160, 99, 230, 61, 62, 10, 97, 220, 3, 81, 132, 178, 122, 128, 24,
       208, 161, 41, 128, 135, 90, 169, 116, 129, 235, 119, 92, 4, 112,
       214, 157, 11, 176, 1, 122, 41, 6, 189, 34, 190, 68, 223, 100, 153,
       170, 232, 21, 136, 113, 168, 130, 140, 190, 217, 163, 247, 189,
       199, 190, 95, 118, 17, 188, 254, 46, 73, 231, 59, 191, 21, 55,
       221, 34, 247, 143, 255, 126, 195, 152, 68, 173, 255, 108, 237,
       245, 91, 253, 137, 103, 204, 247, 178, 184, 168, 234, 241, 221,
       150, 89, 254, 234, 90, 106, 99, 207, 243, 46, 214, 5, 126, 222,
       255, 214, 164, 106, 48, 230, 88, 111, 221, 216, 67, 203, 93, 180,
       187, 42, 156, 118, 190, 174, 177, 255, 21, 142, 111, 182, 209, 19,
       89, 88, 187, 71, 12, 126, 95, 61, 79, 106, 238, 22, 18, 95, 248,
       69, 132, 255, 7, 123, 201, 187, 96, 122, 228, 159, 239, 204, 179,
       45, 174, 242, 237, 163, 133, 39, 191, 124, 66, 126, 219, 102, 174,
       157, 23, 214, 232, 197, 132, 221, 143, 106, 232, 63, 84, 248, 229,
       239, 103, 204, 35, 30, 253, 242, 119, 207, 59, 119, 63, 60, 86,
       55, 87, 252, 239, 246, 54, 254, 216, 85, 232, 255, 231, 75, 111,
       159, 232, 254, 221, 183, 255, 141, 178, 93, 222, 254, 255, 167,
       198, 255, 251, 120, 213, 26, 157, 59, 248, 63, 212, 153, 103, 140,
       9, 216, 50, 189, 158, 32, 224, 204, 51, 159, 129, 91, 43, 50, 247,
       161, 245, 186, 155, 16, 8, 161, 187, 148, 228, 253, 115, 130, 105,
       103, 136, 122, 55, 39, 24, 95, 117, 73, 59, 51, 222, 104, 58, 50,
       116, 171, 34, 253, 207, 85, 117, 225, 219, 199, 34, 34, 169, 18,
       152, 221, 241, 176, 71, 155, 17, 176, 26, 44, 158, 102, 129, 233,
       59, 147, 145, 54, 107, 146, 209, 29, 16, 154, 107, 209, 12, 175,
       142, 181, 95, 101, 71, 222, 11, 199, 248, 84, 226, 250, 206, 115,
       101, 157, 37, 92, 244, 70, 106, 233, 178, 125, 62, 52, 138, 165,
       52, 109, 251, 210, 176, 74, 180, 188, 176, 169, 253, 21, 159, 139,
       127, 172, 45, 190, 63, 74, 154, 133, 19, 253, 17, 86, 105, 251,
       177, 203, 211, 93, 127, 210, 68, 143, 91, 182, 105, 82, 160, 205,
       201, 250, 64, 47, 164, 248, 11, 11, 138, 103, 16, 248, 189, 166,
       210, 74, 50, 128, 210, 157, 220, 139, 111, 101, 11, 118, 134, 220,
       52, 188, 241, 168, 126, 121, 27, 190, 191, 151, 49, 223, 63, 74,
       91, 135, 23, 253, 49, 60, 197, 251, 0, 207, 243, 127, 213, 128,
       224, 141, 83, 120, 241, 58, 226, 31, 213, 83, 200, 163, 36, 165,
       11, 47, 223, 106, 144, 248, 177, 221, 210, 78, 35, 186, 177, 251,
       221, 131, 127, 115, 7, 110, 90, 2, 156, 154, 223, 113, 239, 177,
       167, 62, 15, 78, 17, 188, 191, 32, 64, 213, 59, 179, 17, 50, 156,
       83, 255, 77, 55, 26, 67, 144, 64, 173, 219, 74, 30, 38, 148, 101,
       246, 180, 103, 169, 79, 222, 183, 44, 188, 38, 197, 238, 183, 247,
       129, 196, 191, 176, 207, 19, 118, 218, 131, 71, 68, 183, 223, 56,
       68, 78, 238, 93, 211, 82, 120, 21, 0, 255, 11, 107, 73, 51, 208,
       120, 160, 175, 234, 76, 179, 1, 157, 115, 239, 160, 17, 119, 142,
       120, 10, 83, 91, 98, 14, 82, 150, 238, 116, 229, 196, 251, 199,
