%YAML:1.0
---
descriptors: !!opencv-matrix
   rows: 238
   cols: 32
   dt: u
   data: [ 168, 17, 90, 127, 115, 204, 113, 119, 169, 73, 119, 93, 62,
       23, 10, 17, 174, 51, 215, 0, 243, 184, 16, 101, 71, 249, 48, 67,
       74, 128, 239, 155, 89, 24, 59, 236, 52, 220, 88, 18, 108, 73, 211,
       112, 191, 158, 128, 240, 230, 181, 124, 29, 157, 9, 161, 223, 211,
       253, 58, 216, 8, 128, 33, 105, 161, 126, 125, 85, 100, 31, 229,
       250, 121, 186, 118, 88, 243, 121, 149, 43, 156, 92, 70, 106, 225,
       244, 97, 44, 39, 219, 117, 32, 64, 249, 86, 165, 206, 166, 97,
       195, 207, 120, 239, 247, 105, 191, 125, 26, 137, 46, 220, 175, 43,
       223, 214, 171, 245, 126, 236, 226, 63, 93, 190, 237, 231, 215,
       255, 228, 92, 252, 190, 178, 171, 124, 16, 158, 171, 151, 165, 61,
       223, 247, 75, 219, 167, 223, 237, 16, 62, 71, 154, 224, 219, 243,
       95, 127, 162, 113, 175, 67, 216, 184, 188, 106, 171, 125, 80, 218,
       163, 190, 164, 57, 127, 255, 67, 26, 167, 145, 237, 0, 58, 111,
       186, 19, 219, 205, 117, 127, 242, 96, 15, 195, 190, 115, 227, 65,
       199, 82, 177, 95, 103, 253, 255, 246, 10, 156, 238, 46, 252, 220,
       166, 176, 221, 246, 231, 192, 95, 201, 247, 239, 99, 46, 244, 247,
       216, 107, 188, 118, 188, 73, 71, 29, 235, 188, 182, 40, 255, 225,
       195, 51, 129, 230, 108, 88, 90, 99, 235, 40, 251, 209, 37, 57,
       192, 242, 198, 41, 104, 116, 125, 229, 96, 79, 126, 48, 41, 104,
       243, 45, 223, 31, 2, 17, 158, 149, 221, 98, 109, 180, 209, 12,
       231, 249, 32, 145, 104, 178, 70, 83, 15, 148, 49, 241, 253, 255,
       251, 218, 31, 235, 159, 63, 220, 255, 238, 108, 255, 27, 255, 17,
       179, 191, 121, 223, 223, 223, 187, 246, 158, 205, 149, 243, 3,
       154, 239, 221, 52, 170, 233, 55, 124, 105, 86, 246, 177, 36, 148,
       104, 118, 46, 63, 141, 177, 220, 101, 207, 132, 46, 250, 192, 172,
       132, 241, 253, 3, 175, 167, 215, 221, 159, 238, 255, 87, 247, 210,
       70, 232, 232, 212, 228, 253, 110, 122, 217, 247, 252, 239, 255,
       189, 62, 223, 112, 183, 188, 176, 236, 90, 218, 175, 191, 59, 82,
       25, 53, 157, 95, 150, 179, 237, 63, 34, 75, 231, 117, 189, 161,
       60, 205, 35, 237, 195, 247, 250, 147, 182, 188, 189, 91, 195, 241,
       115, 152, 110, 157, 248, 228, 237, 200, 112, 110, 188, 222, 188,
       245, 238, 57, 126, 117, 199, 107, 246, 253, 188, 56, 30, 234, 28,
       140, 33, 221, 185, 31, 107, 239, 246, 219, 235, 217, 127, 72, 118,
       230, 123, 223, 183, 100, 126, 238, 31, 220, 187, 188, 117, 255,
       254, 237, 162, 192, 63, 139, 240, 253, 10, 188, 59, 251, 127, 245,
       186, 66, 191, 73, 217, 50, 172, 222, 244, 224, 255, 57, 223, 145,
       167, 13, 178, 247, 159, 93, 155, 235, 150, 5, 63, 151, 90, 158,
       166, 182, 43, 244, 24, 34, 171, 157, 135, 183, 236, 110, 6, 207,
       231, 119, 253, 149, 44, 77, 163, 229, 219, 115, 218, 211, 134, 5,
       45, 87, 129, 169, 246, 95, 246, 201, 173, 253, 126, 89, 119, 2,
       249, 248, 213, 100, 123, 126, 122, 200, 179, 248, 175, 255, 124,
       62, 87, 128, 207, 128, 225, 188, 41, 80, 97, 69, 116, 95, 235, 48,
       69, 104, 126, 76, 179, 20, 149, 180, 88, 12, 22, 110, 201, 176,
       117, 61, 7, 188, 160, 144, 90, 139, 82, 252, 207, 253, 97, 83,
       234, 221, 63, 184, 107, 118, 4, 172, 188, 214, 218, 53, 55, 59,
       89, 110, 199, 4, 238, 117, 174, 88, 5, 254, 6, 151, 7, 125, 188,
       96, 234, 102, 68, 82, 79, 216, 65, 230, 247, 138, 83, 205, 255,
       58, 122, 204, 151, 250, 200, 247, 60, 138, 115, 205, 165, 149,
       231, 187, 124, 224, 53, 77, 99, 94, 22, 146, 79, 176, 84, 192,
       222, 194, 115, 100, 181, 100, 120, 228, 30, 238, 233, 139, 61,
       175, 48, 174, 167, 128, 63, 187, 112, 100, 63, 244, 226, 249, 247,
       151, 253, 223, 119, 231, 246, 23, 25, 222, 246, 236, 255, 143,
       183, 157, 255, 255, 253, 214, 190, 239, 159, 228, 255, 140, 240,
       213, 6, 173, 225, 187, 252, 161, 234, 207, 30, 133, 88, 199, 165,
       235, 120, 192, 251, 11, 59, 149, 18, 26, 207, 247, 140, 20, 159,
       232, 148, 78, 177, 200, 157, 156, 154, 190, 149, 246, 190, 231,
       156, 139, 218, 83, 252, 254, 32, 192, 249, 123, 187, 146, 117,
       221, 25, 239, 251, 39, 190, 193, 152, 106, 185, 139, 13, 140, 135,
       151, 149, 251, 38, 231, 86, 183, 70, 18, 240, 96, 171, 109, 121,
       110, 34, 58, 112, 216, 63, 63, 109, 6, 215, 69, 146, 120, 149,
       172, 15, 247, 237, 155, 254, 61, 191, 152, 159, 89, 29, 255, 221,
       236, 223, 47, 183, 75, 95, 255, 183, 64, 126, 243, 238, 91, 45,
       252, 190, 247, 147, 245, 50, 160, 206, 189, 92, 131, 72, 238, 23,
       177, 210, 10, 114, 233, 52, 73, 217, 239, 115, 177, 40, 251, 75,
       221, 156, 34, 221, 84, 165, 40, 112, 8, 146, 239, 114, 235, 52,
       163, 250, 200, 125, 8, 219, 226, 126, 217, 156, 0, 254, 155, 95,
       251, 234, 187, 9, 255, 176, 188, 170, 194, 69, 131, 163, 129, 50,
       160, 239, 249, 76, 139, 104, 74, 39, 49, 210, 131, 97, 137, 20,
       72, 105, 172, 123, 141, 138, 218, 199, 209, 23, 58, 209, 194, 37,
       136, 112, 138, 99, 104, 97, 94, 122, 185, 154, 136, 27, 97, 9,
       168, 252, 222, 221, 180, 150, 123, 91, 207, 135, 4, 236, 255, 4,
       92, 9, 186, 87, 151, 19, 172, 163, 95, 99, 158, 118, 134, 170, 96,
       156, 200, 219, 231, 56, 206, 183, 64, 238, 169, 23, 199, 237, 159,
       4, 239, 48, 46, 170, 136, 13, 15, 49, 221, 141, 140, 172, 183,
       172, 39, 239, 140, 158, 251, 6, 17, 213, 111, 91, 11, 213, 103,
       49, 95, 178, 212, 91, 34, 237, 199, 255, 196, 128, 123, 153, 226,
       150, 94, 110, 158, 114, 178, 250, 114, 181, 78, 210, 231, 41, 206,
       183, 69, 110, 169, 151, 199, 236, 159, 36, 238, 50, 126, 138, 131,
       47, 183, 61, 215, 201, 92, 127, 252, 38, 206, 61, 118, 188, 198,
       86, 131, 61, 159, 179, 97, 230, 117, 63, 205, 225, 157, 48, 238,
       241, 171, 122, 128, 20, 176, 37, 123, 10, 185, 255, 255, 246, 143,
       125, 119, 62, 189, 87, 242, 125, 255, 32, 192, 118, 63, 183, 136,
       50, 216, 43, 223, 127, 239, 255, 128, 183, 160, 165, 227, 71, 170,
       148, 159, 203, 208, 40, 168, 190, 149, 66, 4, 236, 226, 74, 206,
       241, 103, 106, 156, 7, 72, 223, 245, 12, 50, 223, 75, 136, 32, 41,
       12, 11, 18, 230, 185, 100, 146, 232, 19, 71, 113, 82, 247, 153,
       136, 146, 232, 106, 172, 63, 157, 143, 220, 213, 208, 196, 104,
       250, 192, 188, 140, 121, 220, 187, 86, 123, 236, 228, 126, 255,
       87, 125, 106, 255, 246, 159, 191, 183, 121, 254, 181, 31, 47, 189,
       151, 100, 206, 246, 253, 170, 144, 47, 221, 241, 245, 79, 83, 255,
       237, 110, 48, 253, 27, 171, 94, 94, 230, 253, 190, 191, 110, 230,
       213, 63, 13, 133, 17, 167, 192, 214, 251, 234, 134, 142, 247, 41,
       117, 235, 243, 121, 235, 108, 217, 251, 222, 15, 125, 188, 255,
       189, 159, 222, 112, 206, 155, 223, 71, 199, 14, 255, 247, 214,
       217, 170, 254, 30, 142, 95, 249, 139, 254, 109, 255, 54, 204, 253,
       183, 191, 91, 87, 246, 253, 63, 148, 97, 39, 51, 127, 141, 227,
       220, 47, 247, 102, 255, 254, 128, 45, 210, 163, 249, 74, 176, 150,
       186, 49, 205, 48, 71, 191, 29, 67, 25, 174, 222, 42, 152, 165, 59,
       251, 17, 54, 205, 18, 247, 153, 247, 26, 75, 130, 4, 135, 95, 226,
       170, 215, 88, 201, 248, 144, 199, 171, 19, 160, 56, 46, 190, 68,
       191, 165, 183, 236, 144, 62, 79, 162, 241, 27, 242, 86, 123, 195,
       68, 239, 14, 207, 63, 251, 229, 234, 52, 191, 23, 169, 207, 30,
       246, 157, 191, 215, 246, 230, 87, 255, 159, 177, 77, 166, 226,
       118, 125, 174, 170, 142, 245, 167, 241, 41, 241, 121, 101, 124,
       95, 195, 188, 71, 232, 188, 72, 211, 29, 212, 48, 92, 220, 86,
       104, 201, 50, 121, 29, 111, 221, 165, 52, 83, 170, 86, 249, 171,
       246, 121, 233, 110, 249, 255, 222, 31, 126, 188, 254, 189, 159,
       222, 113, 127, 155, 223, 111, 231, 20, 237, 247, 246, 221, 171,
       188, 31, 221, 223, 249, 153, 95, 107, 249, 118, 203, 235, 124,
