%YAML:1.0
---
descriptors: !!opencv-matrix
   rows: 181
   cols: 32
   dt: u
   data: [ 171, 210, 234, 159, 127, 211, 185, 92, 95, 79, 212, 183, 232,
       206, 190, 76, 254, 169, 183, 197, 230, 182, 102, 215, 86, 127,
       154, 139, 23, 140, 125, 223, 61, 71, 98, 76, 119, 19, 94, 104,
       117, 228, 255, 142, 75, 0, 183, 180, 122, 204, 134, 238, 236, 179,
       109, 142, 242, 253, 129, 5, 119, 191, 126, 196, 10, 132, 18, 155,
       83, 246, 186, 102, 62, 69, 74, 147, 172, 94, 46, 192, 247, 43,
       147, 149, 54, 156, 1, 215, 13, 54, 154, 195, 148, 4, 41, 206, 201,
       93, 53, 101, 36, 14, 111, 48, 120, 234, 114, 76, 247, 17, 145, 51,
       148, 100, 124, 110, 225, 244, 241, 46, 165, 251, 97, 0, 72, 179,
       67, 57, 187, 199, 103, 204, 77, 23, 253, 127, 221, 204, 212, 158,
       11, 140, 182, 101, 126, 168, 23, 237, 236, 175, 38, 220, 51, 89,
       214, 170, 119, 156, 244, 237, 187, 221, 126, 201, 215, 222, 252,
       247, 77, 81, 246, 18, 25, 29, 182, 245, 110, 154, 151, 205, 243,
       190, 117, 229, 127, 249, 150, 193, 111, 156, 250, 191, 223, 95,
       109, 97, 170, 27, 95, 190, 85, 254, 22, 239, 219, 29, 211, 37, 6,
       213, 255, 111, 237, 92, 101, 190, 238, 219, 101, 244, 46, 189, 20,
       121, 237, 218, 105, 205, 170, 31, 95, 186, 19, 238, 150, 237, 219,
       53, 211, 247, 87, 212, 253, 110, 205, 6, 237, 186, 226, 251, 229,
       188, 54, 253, 20, 113, 18, 129, 3, 156, 149, 132, 29, 103, 4, 9,
       72, 3, 36, 178, 32, 65, 200, 43, 19, 129, 82, 136, 2, 221, 33, 32,
       138, 202, 20, 8, 181, 138, 124, 105, 65, 69, 208, 218, 111, 166,
       32, 160, 106, 128, 177, 38, 133, 112, 98, 255, 100, 200, 73, 152,
       229, 46, 109, 237, 167, 132, 97, 177, 194, 168, 80, 143, 127, 254,
       178, 192, 53, 103, 188, 13, 126, 178, 125, 247, 160, 80, 103, 179,
       175, 128, 114, 137, 35, 127, 243, 167, 58, 195, 52, 192, 165, 43,
       122, 233, 82, 170, 29, 217, 94, 204, 47, 5, 184, 11, 46, 218, 110,
       212, 248, 153, 207, 193, 78, 43, 202, 245, 187, 212, 143, 127,
       115, 22, 238, 14, 76, 251, 175, 19, 200, 217, 103, 220, 238, 244,
       174, 173, 211, 228, 195, 59, 33, 110, 234, 94, 69, 105, 239, 48,
       111, 1, 103, 125, 200, 115, 199, 214, 126, 163, 144, 168, 189,
       157, 82, 205, 143, 173, 185, 9, 142, 202, 76, 196, 216, 155, 239,
       209, 30, 35, 203, 208, 191, 212, 143, 127, 146, 14, 254, 6, 24,
       200, 5, 188, 6, 129, 207, 246, 132, 0, 220, 194, 179, 137, 33, 68,
       104, 226, 6, 203, 75, 171, 6, 189, 240, 230, 242, 24, 119, 152,
       48, 168, 131, 122, 227, 151, 102, 160, 185, 82, 63, 79, 81, 247,
       188, 238, 247, 44, 255, 125, 183, 133, 161, 254, 166, 226, 28, 62,
       250, 234, 141, 165, 55, 245, 131, 202, 115, 89, 117, 221, 225,
       183, 127, 73, 114, 80, 168, 152, 180, 164, 27, 58, 2, 24, 243,
       188, 36, 247, 45, 30, 18, 66, 87, 136, 213, 173, 49, 72, 111, 158,
       14, 144, 207, 246, 196, 66, 212, 194, 49, 128, 179, 101, 74, 226,
       62, 207, 201, 171, 102, 189, 240, 41, 250, 136, 61, 185, 112, 108,
       249, 72, 79, 252, 78, 132, 195, 242, 193, 2, 240, 78, 51, 137,
       177, 99, 104, 224, 36, 206, 233, 47, 150, 173, 114, 233, 224, 24,
       125, 185, 114, 168, 64, 160, 134, 156, 91, 195, 128, 232, 22, 180,
       192, 10, 100, 226, 104, 0, 121, 236, 106, 224, 2, 99, 155, 29, 29,
       38, 207, 61, 16, 40, 32, 2, 181, 111, 202, 190, 252, 161, 207,
       252, 210, 146, 157, 238, 115, 233, 249, 43, 95, 226, 86, 255, 251,
       99, 14, 191, 248, 143, 229, 188, 253, 251, 242, 129, 5, 136, 143,
       23, 16, 139, 33, 232, 246, 177, 66, 68, 244, 224, 40, 73, 57, 110,
       34, 0, 35, 216, 15, 61, 140, 38, 119, 68, 136, 40, 33, 40, 64, 34,
       143, 157, 28, 138, 33, 8, 174, 176, 194, 68, 244, 194, 0, 66, 80,
       108, 106, 192, 3, 193, 203, 93, 12, 34, 203, 4, 8, 34, 1, 128,
       211, 217, 6, 190, 10, 148, 44, 55, 180, 66, 194, 199, 237, 234,
       178, 193, 230, 227, 61, 199, 237, 137, 23, 239, 176, 98, 254, 136,
       60, 180, 185, 92, 66, 32, 18, 141, 15, 11, 160, 72, 238, 160, 130,
       11, 140, 136, 116, 196, 250, 5, 107, 97, 0, 163, 131, 208, 149,
       48, 11, 59, 20, 10, 33, 134, 68, 168, 134, 158, 89, 134, 162, 232,
       146, 156, 64, 4, 100, 226, 105, 211, 241, 110, 34, 96, 34, 210,
       154, 61, 29, 38, 79, 45, 144, 42, 45, 130, 189, 228, 123, 242,
       140, 37, 79, 216, 198, 90, 157, 94, 83, 209, 249, 43, 121, 200,
       22, 254, 155, 99, 46, 177, 249, 201, 165, 252, 185, 251, 240, 225,
       234, 121, 115, 252, 107, 212, 253, 230, 169, 204, 244, 11, 44,
       159, 103, 247, 238, 249, 155, 209, 68, 75, 178, 232, 123, 81, 14,
       171, 3, 60, 39, 255, 122, 93, 119, 68, 103, 87, 255, 118, 233,
       236, 190, 43, 40, 31, 183, 183, 174, 245, 215, 234, 196, 187, 48,
       204, 115, 89, 192, 131, 111, 180, 126, 255, 175, 249, 114, 216,
       109, 157, 254, 244, 205, 220, 244, 79, 8, 220, 247, 181, 238, 249,
       215, 95, 197, 115, 122, 244, 63, 89, 71, 234, 95, 191, 123, 215,
       138, 128, 18, 185, 85, 230, 48, 2, 63, 5, 67, 17, 172, 154, 34,
       204, 241, 57, 163, 145, 54, 156, 17, 215, 5, 246, 154, 67, 146, 4,
       45, 134, 129, 32, 108, 211, 100, 185, 233, 151, 236, 25, 86, 114,
       145, 136, 220, 107, 98, 10, 126, 25, 147, 188, 102, 224, 70, 25,
       178, 192, 157, 137, 241, 169, 57, 50, 238, 121, 36, 171, 225, 22,
       118, 105, 246, 118, 19, 25, 144, 73, 104, 140, 46, 28, 139, 252,
       69, 20, 86, 171, 242, 192, 109, 136, 112, 41, 32, 217, 24, 190,
       61, 193, 23, 224, 142, 8, 137, 41, 118, 208, 33, 0, 200, 120, 203,
       67, 74, 35, 90, 61, 241, 54, 1, 59, 16, 43, 84, 75, 32, 32, 142,
       141, 76, 67, 161, 72, 6, 177, 194, 10, 82, 128, 96, 8, 88, 172,
       106, 24, 8, 251, 195, 28, 85, 34, 241, 52, 97, 8, 16, 168, 3, 28,
       235, 255, 116, 167, 239, 246, 30, 203, 94, 230, 189, 239, 177, 96,
       127, 122, 23, 141, 131, 184, 52, 255, 103, 239, 190, 128, 191,
       251, 113, 249, 32, 32, 75, 137, 76, 139, 169, 64, 12, 32, 224, 66,
       16, 130, 84, 80, 104, 141, 106, 193, 0, 155, 197, 80, 20, 32, 154,
       32, 21, 8, 114, 136, 188, 247, 114, 234, 245, 211, 82, 253, 21,
       12, 253, 43, 11, 219, 42, 144, 248, 184, 135, 114, 94, 186, 72,
       159, 251, 205, 165, 237, 115, 142, 238, 131, 1, 216, 123, 91, 100,
       205, 233, 148, 126, 25, 118, 64, 176, 213, 188, 109, 106, 56, 18,
       74, 195, 188, 54, 113, 69, 24, 114, 128, 87, 153, 85, 233, 135,
       122, 235, 159, 118, 230, 186, 82, 62, 203, 80, 247, 61, 206, 245,
       8, 255, 121, 183, 149, 163, 222, 166, 226, 28, 127, 186, 192, 141,
       173, 53, 249, 40, 156, 251, 255, 118, 231, 255, 246, 94, 74, 92,
       35, 189, 253, 50, 96, 255, 123, 23, 131, 194, 186, 56, 255, 231,
       237, 174, 128, 119, 127, 53, 251, 52, 73, 42, 190, 93, 199, 198,
       96, 196, 76, 217, 3, 98, 201, 51, 64, 216, 168, 3, 111, 72, 163,
       90, 191, 243, 45, 129, 25, 113, 47, 112, 194, 211, 76, 175, 159,
       12, 86, 239, 180, 244, 198, 214, 194, 241, 244, 177, 103, 96, 100,
       60, 207, 233, 197, 183, 107, 177, 42, 238, 128, 36, 241, 53, 124,
       211, 92, 135, 190, 10, 6, 46, 180, 176, 194, 194, 199, 109, 230,
       49, 219, 102, 229, 253, 231, 237, 197, 150, 234, 176, 98, 238,
       128, 44, 245, 41, 92, 59, 221, 126, 219, 199, 221, 253, 231, 93,
       85, 126, 2, 168, 28, 54, 101, 111, 155, 151, 203, 244, 186, 117,
       245, 119, 123, 214, 67, 127, 156, 251, 222, 58, 219, 99, 237, 69,
       87, 253, 254, 93, 78, 222, 23, 9, 140, 54, 229, 254, 223, 151,
       199, 204, 187, 54, 213, 119, 123, 214, 130, 87, 220, 244, 255,
       209, 92, 127, 119, 35, 78, 119, 52, 120, 202, 102, 32, 126, 23,
       129, 115, 178, 117, 124, 106, 97, 245, 177, 110, 245, 235, 98, 2,
       104, 51, 71, 59, 48, 32, 110, 105, 12, 207, 225, 81, 102, 32, 215,
       2, 19, 129, 212, 98, 72, 156, 110, 8, 136, 179, 247, 16, 215, 169,
       160, 112, 117, 136, 112, 32, 219, 126, 103, 85, 98, 218, 255, 246,
