%YAML:1.0
---
descriptors: !!opencv-matrix
   rows: 196
   cols: 32
   dt: u
   data: [ 45, 105, 132, 133, 205, 29, 238, 205, 66, 240, 168, 79, 35,
       232, 87, 135, 104, 238, 114, 111, 77, 114, 222, 160, 54, 72, 197,
       48, 107, 126, 218, 156, 154, 158, 30, 189, 58, 167, 16, 55, 188,
       29, 222, 245, 174, 46, 162, 67, 198, 51, 237, 5, 36, 205, 3, 159,
       234, 243, 122, 211, 24, 4, 173, 27, 221, 3, 238, 69, 162, 62, 111,
       24, 113, 230, 103, 135, 75, 96, 159, 255, 54, 196, 172, 238, 173,
       212, 61, 168, 198, 235, 193, 0, 239, 245, 104, 84, 109, 27, 254,
       101, 164, 122, 117, 178, 225, 252, 63, 172, 75, 61, 211, 191, 166,
       100, 253, 126, 148, 240, 165, 168, 74, 251, 101, 199, 230, 237,
       92, 117, 71, 114, 159, 232, 104, 133, 57, 88, 174, 152, 144, 96,
       156, 210, 225, 106, 230, 121, 127, 88, 130, 67, 130, 208, 152,
       144, 43, 254, 144, 35, 33, 33, 195, 243, 105, 129, 116, 157, 169,
       188, 110, 105, 86, 236, 177, 132, 214, 100, 86, 76, 62, 221, 195,
       28, 229, 245, 44, 24, 190, 228, 12, 152, 81, 253, 250, 92, 107,
       164, 7, 88, 93, 103, 97, 70, 182, 143, 43, 12, 22, 83, 106, 213,
       157, 225, 236, 175, 244, 235, 243, 241, 158, 19, 103, 20, 246, 94,
       114, 81, 239, 140, 79, 89, 181, 71, 133, 100, 146, 139, 40, 156,
       54, 66, 236, 149, 251, 193, 76, 43, 247, 193, 115, 32, 218, 187,
       109, 60, 182, 222, 163, 159, 239, 95, 246, 2, 174, 119, 120, 202,
       123, 246, 113, 108, 148, 35, 255, 111, 23, 167, 229, 254, 45, 111,
       38, 46, 254, 128, 77, 240, 242, 221, 7, 124, 163, 144, 117, 151,
       171, 198, 95, 239, 84, 23, 8, 204, 119, 44, 253, 105, 19, 157,
       163, 182, 48, 202, 55, 30, 159, 166, 149, 93, 113, 244, 93, 95,
       165, 165, 175, 46, 173, 191, 14, 250, 154, 231, 223, 45, 83, 75,
       39, 69, 125, 39, 241, 209, 205, 136, 236, 103, 239, 148, 174, 124,
       145, 81, 77, 42, 190, 87, 228, 190, 241, 16, 234, 185, 31, 0, 209,
       249, 211, 42, 32, 116, 125, 92, 144, 241, 171, 32, 79, 107, 113,
       193, 198, 235, 93, 35, 79, 211, 213, 206, 171, 52, 79, 156, 3,
       223, 157, 236, 204, 103, 203, 254, 87, 214, 253, 254, 153, 67,
       251, 224, 62, 118, 223, 222, 174, 247, 168, 117, 11, 155, 127,
       249, 242, 222, 253, 53, 173, 93, 94, 230, 189, 46, 182, 108, 102,
       187, 63, 205, 151, 152, 53, 237, 238, 127, 254, 192, 191, 134,
       161, 253, 231, 84, 102, 94, 111, 116, 124, 56, 249, 94, 247, 191,
       72, 126, 190, 255, 231, 212, 191, 174, 229, 103, 191, 193, 23, 58,
       208, 139, 55, 247, 124, 87, 43, 182, 243, 76, 121, 245, 153, 91,
       91, 237, 124, 237, 40, 252, 246, 52, 159, 57, 151, 21, 135, 59,
       166, 219, 91, 93, 57, 191, 223, 204, 86, 255, 142, 88, 178, 155,
       103, 213, 188, 198, 31, 94, 84, 23, 172, 222, 103, 76, 255, 121,
       179, 211, 198, 212, 50, 242, 71, 83, 158, 131, 146, 29, 45, 223,
       203, 151, 121, 187, 182, 220, 249, 53, 237, 77, 247, 119, 253,
       111, 186, 113, 102, 163, 95, 141, 243, 41, 100, 215, 254, 253,
       186, 200, 30, 142, 169, 121, 189, 94, 105, 228, 254, 63, 79, 246,
       89, 238, 188, 254, 27, 61, 215, 57, 127, 228, 95, 238, 169, 39,
       101, 234, 242, 223, 167, 180, 255, 253, 82, 249, 25, 159, 110,
       238, 182, 130, 111, 119, 85, 73, 222, 230, 113, 107, 182, 96, 126,
       162, 31, 172, 249, 187, 37, 255, 114, 239, 170, 192, 63, 138, 240,
       121, 0, 216, 127, 91, 100, 205, 233, 212, 254, 93, 116, 36, 176,
       215, 183, 109, 6, 56, 54, 74, 195, 184, 50, 113, 69, 24, 114, 128,
       82, 145, 101, 249, 130, 253, 49, 216, 253, 197, 189, 231, 159, 93,
       80, 55, 172, 158, 52, 101, 239, 59, 147, 1, 247, 47, 50, 247, 47,
       24, 158, 235, 22, 12, 181, 255, 57, 212, 18, 232, 247, 151, 86,
       255, 29, 75, 125, 68, 30, 219, 40, 176, 253, 155, 150, 34, 211,
       43, 24, 247, 243, 223, 48, 110, 122, 2, 235, 147, 46, 239, 104,
       136, 125, 141, 223, 230, 143, 36, 156, 143, 142, 200, 118, 0, 143,
       233, 223, 103, 196, 43, 76, 253, 240, 21, 13, 255, 84, 63, 223,
       70, 88, 223, 56, 175, 62, 216, 22, 168, 206, 124, 152, 165, 231,
       216, 139, 66, 194, 71, 236, 67, 198, 33, 239, 61, 242, 225, 34,
       187, 52, 30, 13, 95, 38, 49, 178, 138, 253, 95, 182, 232, 223,
       172, 248, 3, 204, 254, 55, 196, 248, 215, 219, 99, 76, 51, 219,
       252, 191, 118, 143, 63, 209, 126, 47, 198, 50, 252, 38, 222, 25,
       71, 154, 238, 159, 250, 152, 43, 44, 188, 102, 129, 205, 121, 215,
       129, 232, 107, 26, 253, 187, 86, 221, 255, 81, 60, 63, 223, 79,
       26, 255, 212, 171, 124, 125, 22, 169, 222, 150, 165, 252, 191,
       247, 127, 166, 247, 253, 197, 133, 201, 183, 224, 211, 123, 126,
       139, 134, 245, 37, 127, 240, 222, 107, 222, 62, 192, 79, 246, 133,
       72, 220, 226, 49, 157, 177, 96, 110, 226, 63, 204, 203, 175, 38,
       191, 242, 173, 178, 136, 53, 152, 116, 121, 6, 252, 146, 154, 251,
       201, 190, 236, 174, 183, 136, 169, 236, 246, 105, 3, 239, 123,
       235, 210, 98, 67, 154, 243, 189, 20, 15, 127, 144, 114, 167, 147,
       145, 203, 111, 188, 54, 130, 237, 116, 212, 72, 214, 230, 49, 139,
       178, 96, 110, 232, 54, 205, 201, 187, 38, 253, 242, 233, 178, 128,
       61, 152, 112, 217, 102, 246, 146, 190, 123, 193, 158, 232, 159,
       188, 185, 171, 204, 255, 105, 3, 255, 241, 207, 227, 96, 99, 138,
       255, 185, 150, 79, 63, 81, 59, 39, 147, 36, 36, 179, 219, 253,
       237, 225, 19, 95, 31, 121, 24, 194, 253, 124, 60, 217, 26, 55, 24,
       147, 246, 234, 194, 15, 30, 16, 106, 210, 203, 214, 165, 184, 79,
       83, 108, 22, 10, 79, 117, 52, 168, 250, 67, 115, 33, 177, 81, 126,
       228, 5, 106, 105, 189, 1, 14, 240, 235, 228, 128, 101, 186, 100,
       41, 215, 143, 96, 169, 220, 181, 238, 243, 164, 70, 216, 215, 169,
       42, 178, 193, 109, 163, 91, 207, 254, 27, 5, 255, 188, 77, 142,
       232, 61, 229, 185, 212, 127, 29, 118, 228, 119, 118, 122, 80, 169,
       200, 191, 163, 95, 255, 183, 119, 238, 245, 223, 239, 140, 163,
       48, 232, 211, 249, 171, 147, 167, 255, 100, 115, 27, 31, 107, 253,
       114, 50, 253, 115, 53, 66, 94, 231, 121, 111, 183, 105, 126, 187,
       151, 175, 233, 144, 36, 205, 242, 239, 234, 128, 55, 244, 33, 249,
       7, 154, 199, 219, 119, 146, 107, 152, 63, 89, 87, 230, 200, 199,
       184, 237, 119, 104, 190, 206, 131, 144, 47, 253, 14, 126, 227,
       196, 190, 135, 56, 245, 154, 159, 114, 251, 247, 242, 250, 119,
       125, 77, 94, 183, 45, 223, 182, 68, 254, 187, 151, 149, 182, 184,
       36, 255, 246, 255, 186, 195, 55, 140, 253, 223, 94, 57, 242, 192,
       243, 244, 187, 82, 169, 205, 190, 175, 12, 191, 231, 182, 166,
       119, 255, 209, 149, 11, 176, 232, 223, 93, 15, 235, 134, 231, 47,
       247, 93, 146, 238, 188, 61, 87, 89, 123, 151, 206, 150, 167, 107,
       239, 187, 231, 127, 241, 191, 172, 173, 107, 55, 223, 219, 223,
       239, 223, 191, 172, 124, 119, 15, 154, 188, 223, 181, 95, 191,
       184, 31, 223, 118, 231, 252, 126, 175, 237, 255, 123, 183, 102,
       245, 248, 123, 253, 239, 223, 255, 199, 158, 254, 45, 255, 43,
       155, 112, 250, 124, 157, 254, 252, 207, 72, 244, 235, 173, 223,
       182, 228, 238, 187, 159, 71, 198, 43, 98, 255, 246, 221, 186, 186,
       87, 142, 57, 223, 130, 248, 176, 155, 113, 223, 186, 143, 63, 111,
       68, 145, 172, 222, 70, 76, 215, 59, 147, 145, 38, 220, 123, 247,
       47, 22, 159, 227, 146, 20, 141, 223, 23, 252, 111, 167, 38, 51,
       175, 250, 172, 122, 154, 226, 125, 126, 153, 43, 63, 215, 87, 239,
       193, 209, 45, 249, 116, 15, 239, 132, 45, 247, 51, 253, 179, 79,
       67, 236, 126, 131, 234, 101, 141, 0, 218, 194, 49, 203, 176, 64,
       122, 160, 31, 237, 105, 167, 68, 223, 180, 168, 170, 152, 61, 138,
       112, 136, 87, 9, 238, 69, 134, 82, 127, 48, 101, 230, 206, 131,
       75, 46, 151, 127, 114, 228, 60, 238, 221, 208, 181, 232, 210, 235,
       199, 1, 47, 247, 104, 68, 126, 243, 254, 80, 165, 91, 221, 165,
