%YAML:1.0
---
descriptors: !!opencv-matrix
   rows: 176
   cols: 32
   dt: u
   data: [ 139, 221, 57, 223, 53, 213, 55, 182, 159, 91, 92, 100, 188,
       247, 167, 101, 199, 123, 151, 64, 227, 24, 114, 255, 103, 255,
       186, 138, 26, 89, 21, 251, 10, 186, 134, 152, 43, 144, 184, 198,
       191, 29, 66, 183, 172, 142, 38, 204, 230, 59, 187, 133, 22, 201,
       2, 241, 150, 112, 90, 203, 22, 4, 173, 223, 194, 188, 148, 186,
       137, 233, 20, 231, 159, 31, 136, 57, 174, 250, 66, 155, 129, 115,
       233, 17, 118, 79, 202, 51, 169, 210, 93, 123, 144, 84, 143, 15,
       17, 157, 31, 237, 148, 142, 103, 55, 100, 8, 234, 68, 247, 115, 0,
       112, 116, 102, 28, 104, 185, 152, 113, 45, 225, 175, 32, 0, 40,
       162, 224, 40, 197, 166, 25, 101, 180, 47, 99, 59, 118, 171, 123,
       112, 215, 35, 136, 80, 17, 14, 108, 60, 187, 252, 73, 31, 236,
       174, 53, 68, 200, 192, 195, 33, 10, 255, 121, 187, 187, 217, 191,
       254, 31, 93, 92, 181, 172, 223, 202, 4, 183, 91, 151, 81, 242, 24,
       107, 247, 239, 87, 62, 227, 150, 156, 133, 251, 1, 131, 73, 173,
       52, 138, 107, 51, 118, 33, 66, 196, 247, 3, 144, 64, 114, 14, 34,
       172, 57, 152, 69, 31, 228, 174, 162, 64, 44, 128, 241, 160, 138,
       157, 18, 219, 245, 253, 184, 7, 63, 93, 94, 53, 172, 159, 38, 196,
       231, 59, 147, 16, 54, 152, 50, 247, 47, 93, 26, 195, 146, 12, 173,
       223, 62, 207, 98, 138, 126, 147, 158, 252, 135, 4, 216, 231, 105,
       206, 190, 196, 126, 251, 151, 231, 206, 3, 14, 255, 58, 4, 175,
       237, 55, 159, 188, 221, 38, 113, 176, 216, 205, 221, 212, 204,
       203, 92, 180, 9, 10, 220, 127, 187, 204, 153, 215, 81, 206, 99,
       242, 241, 19, 88, 85, 127, 83, 29, 222, 223, 55, 153, 182, 58,
       229, 31, 84, 230, 127, 31, 122, 29, 14, 56, 54, 94, 169, 203, 52,
       85, 156, 250, 27, 160, 187, 250, 84, 71, 218, 93, 216, 14, 221,
       68, 106, 229, 22, 50, 107, 120, 116, 202, 215, 146, 89, 79, 187,
       96, 126, 164, 63, 174, 233, 181, 181, 206, 86, 237, 163, 132, 47,
       227, 112, 96, 217, 223, 126, 253, 42, 86, 93, 54, 176, 94, 150,
       180, 255, 55, 146, 115, 38, 117, 253, 238, 233, 197, 177, 143,
       227, 235, 106, 144, 38, 244, 45, 121, 40, 171, 188, 123, 217, 201,
       85, 207, 78, 53, 172, 8, 166, 49, 64, 16, 137, 58, 66, 16, 26, 42,
       99, 53, 239, 145, 20, 123, 208, 8, 198, 170, 250, 56, 160, 152,
       109, 189, 209, 75, 155, 191, 180, 29, 174, 252, 102, 157, 153,
       171, 255, 21, 62, 111, 218, 211, 155, 210, 89, 59, 210, 76, 86,
       206, 216, 221, 25, 238, 146, 206, 71, 181, 52, 8, 174, 72, 247,
       83, 8, 241, 16, 246, 92, 106, 121, 137, 121, 63, 241, 233, 37, 80,
       40, 18, 129, 59, 158, 50, 223, 241, 162, 163, 184, 89, 63, 51, 83,
       247, 221, 143, 232, 73, 55, 29, 183, 149, 147, 212, 7, 208, 222,
       193, 122, 198, 190, 128, 169, 177, 250, 184, 246, 120, 43, 240,
       88, 71, 235, 91, 164, 56, 46, 158, 70, 191, 239, 183, 236, 144,
       63, 79, 146, 209, 155, 243, 90, 123, 227, 4, 47, 31, 61, 13, 111,
       234, 20, 183, 203, 113, 197, 192, 223, 2, 115, 235, 176, 96, 120,
       170, 23, 185, 169, 163, 52, 158, 251, 239, 162, 64, 181, 170, 112,
       32, 18, 149, 86, 170, 147, 225, 178, 107, 14, 5, 201, 179, 172,
       126, 42, 192, 243, 27, 131, 145, 22, 138, 23, 247, 168, 36, 26,
       75, 181, 6, 173, 198, 35, 135, 0, 139, 153, 149, 140, 125, 20, 13,
       89, 199, 224, 74, 190, 196, 92, 10, 19, 173, 254, 10, 87, 223, 36,
       60, 138, 200, 31, 142, 184, 220, 13, 142, 241, 85, 112, 58, 107,
       186, 125, 163, 122, 224, 251, 103, 156, 180, 55, 254, 110, 40,
       179, 248, 109, 79, 14, 255, 39, 196, 231, 224, 66, 161, 170, 168,
       179, 248, 109, 253, 177, 71, 207, 81, 244, 24, 190, 157, 102, 174,
       201, 58, 219, 17, 23, 47, 242, 209, 223, 217, 18, 123, 210, 12,
       223, 238, 205, 222, 253, 115, 176, 94, 95, 180, 113, 255, 119,
       124, 223, 55, 139, 249, 23, 84, 148, 110, 233, 212, 121, 42, 239,
       251, 116, 132, 234, 241, 198, 113, 252, 92, 95, 126, 0, 78, 71,
       188, 244, 194, 162, 24, 119, 119, 33, 243, 16, 244, 88, 106, 105,
       135, 57, 47, 241, 235, 101, 16, 56, 113, 230, 58, 34, 249, 112,
       64, 109, 221, 250, 252, 203, 124, 60, 47, 40, 157, 222, 181, 142,
       25, 211, 112, 198, 58, 250, 245, 63, 89, 5, 239, 87, 13, 78, 255,
       218, 170, 150, 184, 155, 168, 16, 71, 187, 31, 160, 189, 174, 170,
       66, 91, 167, 163, 237, 145, 62, 79, 130, 113, 216, 243, 94, 123,
       152, 68, 171, 27, 120, 188, 200, 183, 245, 110, 116, 151, 51, 251,
       254, 57, 247, 59, 67, 90, 201, 239, 253, 149, 30, 218, 219, 162,
       206, 255, 253, 147, 168, 124, 154, 27, 4, 64, 215, 129, 198, 42,
       224, 192, 236, 147, 227, 82, 148, 162, 97, 90, 107, 140, 106, 24,
       16, 243, 129, 64, 20, 160, 94, 68, 128, 123, 225, 128, 92, 141,
       237, 127, 141, 214, 93, 191, 243, 223, 30, 18, 233, 253, 94, 239,
       49, 246, 189, 168, 120, 104, 171, 235, 111, 255, 245, 131, 167,
       244, 212, 107, 41, 251, 123, 201, 116, 223, 239, 245, 79, 68, 124,
       74, 191, 221, 180, 36, 94, 58, 22, 89, 211, 186, 116, 253, 127,
       29, 38, 232, 87, 138, 215, 237, 3, 156, 33, 221, 244, 247, 175,
       247, 94, 75, 88, 86, 184, 60, 180, 228, 221, 58, 18, 13, 179, 184,
       117, 255, 45, 30, 154, 194, 221, 76, 209, 253, 59, 111, 98, 140,
       124, 179, 206, 120, 85, 36, 221, 239, 97, 200, 183, 132, 126, 168,
       151, 231, 204, 179, 76, 159, 50, 76, 169, 184, 119, 175, 120, 212,
       8, 185, 58, 105, 252, 205, 249, 247, 47, 13, 124, 12, 188, 223,
       102, 48, 190, 59, 23, 92, 146, 186, 178, 253, 127, 221, 38, 233,
       90, 130, 231, 251, 2, 158, 198, 157, 118, 130, 188, 167, 31, 23,
       66, 247, 236, 170, 54, 65, 231, 111, 187, 133, 182, 216, 23, 239,
       44, 54, 222, 195, 156, 132, 185, 220, 220, 164, 156, 240, 171,
       105, 81, 143, 187, 191, 164, 57, 159, 183, 66, 27, 135, 151, 237,
       16, 58, 77, 195, 18, 219, 211, 117, 127, 160, 64, 143, 3, 254,
       172, 134, 53, 139, 121, 20, 202, 182, 183, 162, 25, 66, 226, 75,
       223, 225, 199, 232, 146, 60, 71, 219, 34, 152, 227, 87, 95, 226,
       117, 170, 6, 214, 220, 173, 180, 138, 104, 23, 142, 178, 247, 138,
       191, 215, 229, 75, 74, 49, 215, 233, 163, 40, 69, 155, 51, 249,
       38, 221, 61, 164, 121, 149, 114, 81, 157, 29, 101, 176, 14, 71,
       191, 228, 40, 170, 76, 247, 51, 0, 115, 16, 86, 108, 104, 121,
       169, 81, 13, 233, 174, 36, 84, 104, 226, 194, 41, 214, 254, 156,
       62, 169, 189, 20, 174, 186, 159, 132, 25, 238, 242, 75, 91, 129,
       115, 233, 17, 54, 79, 202, 51, 217, 243, 95, 123, 144, 117, 143,
       79, 106, 245, 32, 200, 237, 93, 214, 255, 203, 222, 188, 47, 42,
       252, 126, 167, 205, 211, 215, 37, 222, 43, 242, 210, 59, 88, 133,
       191, 83, 126, 222, 223, 3, 190, 130, 185, 243, 176, 184, 71, 191,
       73, 66, 247, 172, 202, 54, 200, 231, 43, 147, 149, 55, 220, 134,
       247, 12, 54, 154, 203, 156, 68, 169, 159, 11, 189, 58, 218, 253,
       213, 185, 215, 158, 93, 92, 18, 188, 223, 98, 96, 207, 59, 19,
       145, 179, 216, 58, 247, 239, 221, 158, 235, 144, 8, 165, 251, 5,
       161, 151, 163, 198, 168, 160, 128, 238, 49, 99, 82, 149, 131, 200,
       202, 107, 12, 106, 88, 19, 48, 205, 80, 12, 128, 39, 68, 192, 139,
       193, 160, 237, 119, 121, 103, 243, 95, 55, 184, 49, 238, 127, 173,
       95, 117, 143, 180, 23, 92, 213, 110, 229, 240, 189, 174, 111, 255,
       37, 183, 235, 247, 142, 247, 3, 174, 135, 189, 187, 160, 173, 167,
       190, 83, 66, 245, 172, 226, 2, 207, 167, 111, 106, 133, 55, 221,
       135, 117, 140, 50, 94, 194, 136, 68, 163, 125, 206, 60, 188, 240,
       235, 125, 184, 130, 171, 191, 182, 57, 140, 191, 71, 155, 167,
       119, 253, 17, 180, 71, 154, 192, 95, 91, 95, 255, 194, 117, 143,
       83, 221, 20, 106, 229, 198, 50, 125, 27, 117, 226, 215, 150, 89,
       47, 187, 105, 126, 148, 31, 172, 249, 244, 53, 206, 118, 239, 226,
