%YAML:1.0
---
descriptors: !!opencv-matrix
   rows: 150
   cols: 32
   dt: u
   data: [ 4, 168, 150, 159, 223, 139, 160, 168, 190, 145, 66, 2, 228,
       242, 105, 74, 121, 110, 34, 80, 34, 240, 155, 125, 13, 34, 79, 71,
       128, 106, 41, 130, 226, 178, 189, 240, 237, 237, 185, 87, 187,
       191, 176, 57, 60, 157, 84, 59, 143, 211, 255, 17, 178, 111, 178,
       192, 95, 27, 127, 250, 199, 68, 135, 251, 207, 191, 255, 248, 188,
       181, 221, 91, 191, 219, 148, 252, 157, 255, 246, 111, 199, 115,
       255, 29, 179, 79, 162, 243, 218, 251, 255, 250, 158, 205, 161,
       113, 21, 21, 123, 239, 148, 198, 111, 113, 116, 0, 255, 66, 81,
       247, 184, 96, 122, 190, 62, 170, 217, 179, 61, 207, 241, 237, 162,
       0, 53, 234, 224, 160, 43, 122, 236, 21, 121, 95, 81, 62, 59, 236,
       118, 236, 218, 228, 215, 60, 157, 236, 244, 12, 141, 250, 245, 28,
       79, 95, 117, 144, 202, 180, 78, 125, 52, 52, 26, 186, 124, 231,
       243, 216, 23, 12, 217, 3, 119, 221, 43, 64, 249, 249, 23, 227, 10,
       179, 26, 223, 209, 199, 171, 44, 117, 43, 52, 195, 124, 229, 112,
       225, 53, 31, 94, 184, 45, 164, 191, 13, 207, 79, 30, 213, 246,
       197, 205, 118, 204, 176, 217, 220, 191, 253, 7, 87, 98, 191, 206,
       87, 43, 62, 255, 249, 236, 189, 251, 214, 255, 123, 124, 255, 189,
       191, 247, 62, 239, 123, 119, 29, 167, 250, 226, 243, 94, 223, 114,
       170, 223, 221, 99, 249, 249, 207, 69, 229, 54, 10, 111, 188, 101,
       224, 250, 230, 91, 35, 144, 245, 126, 196, 60, 238, 233, 184, 69,
       141, 244, 232, 231, 132, 47, 182, 112, 41, 139, 159, 255, 255,
       238, 178, 252, 255, 223, 91, 255, 246, 249, 255, 180, 226, 127,
       255, 191, 137, 251, 248, 239, 247, 238, 255, 255, 196, 191, 236,
       248, 241, 117, 212, 173, 231, 141, 102, 68, 172, 146, 178, 131,
       90, 83, 127, 24, 99, 217, 213, 125, 163, 125, 203, 219, 140, 249,
       235, 205, 20, 165, 121, 208, 34, 2, 79, 194, 172, 84, 128, 238,
       103, 31, 4, 216, 199, 173, 233, 49, 192, 250, 171, 27, 141, 64,
       154, 6, 255, 180, 52, 158, 136, 53, 94, 241, 136, 19, 207, 138,
       159, 24, 131, 46, 238, 22, 100, 202, 199, 224, 230, 163, 192, 120,
       238, 42, 196, 77, 155, 67, 191, 176, 38, 158, 145, 56, 94, 56, 88,
       25, 206, 36, 159, 20, 219, 167, 255, 86, 103, 222, 230, 243, 96,
       146, 164, 89, 106, 234, 77, 239, 184, 109, 63, 174, 7, 181, 64,
       63, 158, 152, 252, 245, 75, 77, 101, 38, 10, 111, 188, 112, 226,
       246, 206, 83, 1, 145, 113, 126, 196, 124, 238, 233, 180, 229, 46,
       244, 235, 229, 148, 109, 179, 82, 48, 173, 127, 189, 117, 36, 15,
       229, 176, 220, 190, 54, 76, 243, 105, 149, 43, 140, 116, 110, 106,
       225, 240, 121, 8, 79, 155, 101, 16, 200, 248, 87, 177, 67, 162,
       134, 157, 24, 146, 40, 9, 254, 245, 66, 6, 228, 226, 66, 198, 113,
       109, 106, 148, 7, 217, 239, 93, 12, 34, 223, 68, 8, 32, 9, 204,
       183, 70, 98, 172, 84, 130, 206, 112, 149, 130, 211, 215, 65, 205,
       189, 65, 124, 236, 23, 239, 232, 183, 4, 142, 112, 42, 171, 128,
       61, 191, 112, 208, 70, 161, 150, 159, 89, 132, 160, 136, 190, 176,
       67, 0, 228, 226, 72, 198, 241, 101, 106, 208, 6, 65, 219, 245, 13,
       50, 207, 79, 16, 34, 33, 6, 66, 32, 150, 157, 79, 195, 160, 72,
       158, 176, 66, 2, 228, 200, 96, 66, 178, 109, 107, 241, 2, 241,
       155, 217, 29, 34, 207, 47, 5, 42, 49, 130, 36, 236, 132, 158, 217,
       131, 166, 232, 18, 182, 96, 11, 100, 226, 105, 81, 121, 110, 34,
       97, 34, 82, 138, 63, 61, 38, 207, 45, 145, 104, 59, 136, 117, 69,
       101, 76, 28, 3, 71, 248, 71, 224, 185, 74, 115, 233, 189, 53, 88,
       228, 108, 110, 233, 35, 47, 29, 242, 234, 165, 60, 127, 187, 80,
       32, 238, 236, 50, 158, 221, 255, 150, 239, 223, 162, 253, 25, 206,
       252, 47, 133, 217, 255, 235, 35, 116, 103, 218, 254, 187, 118, 95,
       127, 210, 125, 175, 134, 28, 157, 94, 255, 180, 231, 79, 247, 20,
       206, 222, 6, 247, 119, 163, 65, 125, 250, 31, 170, 121, 169, 57,
       191, 235, 231, 167, 144, 182, 250, 180, 121, 245, 227, 77, 106,
       79, 5, 71, 248, 195, 186, 181, 74, 83, 193, 121, 51, 25, 192, 108,
       106, 203, 103, 175, 53, 251, 201, 229, 60, 123, 187, 82, 162, 234,
       188, 238, 24, 203, 253, 145, 71, 187, 87, 164, 157, 44, 188, 70,
       27, 169, 179, 251, 17, 54, 111, 178, 211, 95, 83, 92, 123, 211,
       68, 135, 222, 34, 219, 115, 206, 118, 193, 191, 228, 14, 76, 120,
       231, 56, 204, 181, 96, 254, 251, 23, 193, 195, 59, 36, 253, 53,
       44, 170, 138, 85, 155, 117, 253, 198, 230, 189, 211, 172, 77, 69,
       157, 186, 191, 133, 88, 214, 243, 72, 43, 145, 214, 125, 26, 122,
       71, 235, 115, 253, 150, 223, 125, 128, 248, 215, 32, 248, 132,
       141, 245, 13, 110, 68, 40, 34, 178, 130, 26, 215, 57, 8, 235, 201,
       212, 121, 163, 41, 197, 251, 140, 217, 227, 221, 20, 32, 105, 212,
       34, 88, 221, 126, 238, 189, 86, 95, 189, 133, 204, 222, 2, 123,
       119, 187, 225, 116, 246, 191, 234, 88, 137, 57, 173, 251, 239,
       231, 145, 54, 254, 252, 123, 124, 121, 250, 102, 229, 94, 119,
       220, 115, 238, 246, 10, 91, 253, 223, 186, 62, 252, 244, 234, 200,
       247, 189, 42, 115, 239, 101, 149, 231, 255, 126, 243, 121, 255,
       102, 70, 118, 155, 198, 252, 97, 236, 190, 239, 99, 108, 151, 181,
       60, 230, 213, 111, 237, 251, 109, 63, 58, 79, 37, 148, 111, 191,
       90, 221, 75, 223, 228, 126, 187, 212, 30, 190, 179, 95, 76, 165,
       249, 255, 186, 230, 87, 119, 185, 205, 231, 73, 175, 255, 107,
       127, 239, 141, 62, 246, 189, 123, 75, 182, 134, 20, 243, 208, 60,
       39, 187, 255, 10, 189, 172, 174, 70, 150, 167, 71, 249, 149, 246,
       93, 135, 227, 62, 86, 222, 227, 142, 68, 171, 95, 164, 116, 175,
       251, 172, 103, 158, 223, 180, 211, 225, 81, 211, 254, 89, 107,
       221, 123, 95, 51, 253, 231, 251, 42, 233, 207, 254, 88, 192, 121,
       165, 208, 169, 181, 125, 117, 100, 14, 109, 191, 120, 74, 118, 84,
       243, 55, 156, 51, 151, 70, 116, 46, 225, 252, 249, 15, 103, 187,
       101, 132, 72, 224, 195, 249, 65, 160, 142, 157, 8, 139, 32, 72,
       238, 241, 194, 1, 228, 194, 98, 66, 112, 44, 106, 149, 6, 217,
       143, 85, 156, 34, 203, 76, 0, 0, 33, 204, 56, 32, 206, 189, 92,
       139, 224, 75, 22, 177, 98, 10, 115, 225, 0, 73, 120, 172, 34, 28,
       8, 250, 199, 149, 92, 227, 241, 64, 37, 8, 112, 136, 177, 68, 99,
       172, 92, 167, 199, 120, 84, 194, 249, 90, 83, 200, 177, 101, 88,
       172, 22, 47, 233, 183, 100, 30, 48, 46, 161, 16, 125, 234, 112,
       164, 4, 168, 150, 159, 91, 131, 160, 168, 182, 148, 66, 0, 228,
       226, 105, 70, 113, 108, 170, 80, 2, 208, 155, 125, 13, 34, 79, 79,
       144, 42, 37, 134, 124, 120, 184, 246, 201, 100, 91, 152, 163, 236,
       180, 45, 63, 215, 67, 90, 229, 245, 253, 210, 10, 67, 218, 48,
       251, 205, 173, 185, 160, 115, 14, 83, 32, 32, 134, 156, 77, 131,
       160, 72, 142, 176, 224, 11, 96, 192, 96, 194, 216, 108, 106, 225,
       2, 99, 203, 93, 29, 34, 203, 61, 81, 42, 123, 130, 114, 32, 34,
       136, 79, 1, 168, 64, 237, 32, 210, 139, 0, 138, 52, 64, 232, 157,
       91, 225, 8, 163, 197, 192, 149, 48, 138, 59, 69, 10, 51, 134, 43,
       189, 227, 219, 253, 255, 246, 199, 127, 105, 248, 126, 42, 60, 28,
       180, 235, 255, 198, 209, 151, 186, 125, 247, 63, 124, 150, 67,
       205, 95, 238, 223, 176, 13, 210, 255, 254, 226, 190, 226, 93, 130,
       210, 50, 124, 250, 161, 105, 122, 255, 183, 227, 33, 255, 2, 235,
       150, 231, 250, 131, 181, 121, 53, 139, 254, 125, 118, 227, 55, 95,
       122, 248, 61, 236, 247, 15, 79, 95, 23, 213, 186, 197, 207, 102,
       108, 177, 25, 252, 183, 248, 7, 87, 99, 191, 79, 87, 43, 246, 255,
       253, 236, 189, 253, 223, 255, 123, 124, 116, 188, 255, 254, 58,
       239, 59, 119, 13, 167, 251, 162, 211, 94, 255, 254, 174, 222, 212,
       227, 253, 79, 114, 232, 7, 98, 30, 255, 156, 105, 239, 127, 229,
       221, 78, 223, 188, 183, 77, 151, 255, 133, 148, 189, 194, 38, 125,
