%YAML:1.0
---
descriptors: !!opencv-matrix
   rows: 89
   cols: 32
   dt: u
   data: [ 190, 221, 124, 190, 247, 114, 223, 231, 25, 78, 125, 187, 78,
       124, 46, 133, 255, 211, 151, 227, 124, 190, 56, 255, 57, 215, 221,
       199, 117, 125, 244, 215, 10, 149, 50, 203, 245, 247, 187, 239, 31,
       13, 94, 34, 136, 119, 174, 196, 221, 26, 147, 184, 18, 152, 105,
       255, 47, 62, 138, 199, 150, 78, 253, 239, 42, 133, 48, 169, 245,
       215, 178, 109, 79, 45, 121, 3, 136, 88, 62, 132, 216, 59, 147, 49,
       150, 184, 105, 223, 45, 92, 139, 103, 85, 14, 221, 199, 11, 148,
       50, 159, 85, 254, 178, 43, 92, 69, 95, 18, 236, 124, 62, 228, 209,
       43, 146, 1, 182, 184, 117, 255, 45, 54, 26, 67, 214, 12, 189, 206,
       16, 162, 143, 149, 86, 11, 33, 234, 118, 177, 66, 70, 84, 226, 33,
       73, 113, 108, 34, 184, 33, 248, 31, 93, 28, 38, 119, 68, 185, 40,
       49, 136, 48, 34, 207, 189, 94, 3, 201, 107, 22, 161, 194, 202, 81,
       160, 16, 73, 120, 172, 34, 169, 41, 250, 199, 29, 24, 162, 251, 0,
       45, 40, 114, 128, 4, 130, 135, 157, 92, 139, 160, 232, 150, 176,
       66, 66, 228, 224, 105, 75, 121, 108, 34, 112, 2, 240, 139, 93,
       140, 34, 207, 4, 144, 40, 49, 128, 101, 164, 135, 156, 88, 131,
       128, 232, 18, 176, 224, 10, 112, 224, 41, 81, 89, 236, 34, 40, 33,
       195, 154, 29, 60, 38, 71, 60, 145, 40, 48, 136, 194, 152, 148,
       157, 169, 126, 52, 175, 174, 63, 2, 17, 236, 246, 6, 207, 129, 87,
       235, 1, 52, 205, 211, 229, 13, 50, 94, 71, 128, 100, 173, 142, 4,
       140, 134, 151, 145, 143, 166, 168, 190, 179, 66, 2, 230, 224, 41,
       65, 177, 110, 34, 64, 38, 240, 11, 127, 172, 38, 79, 69, 128, 106,
       41, 10, 138, 158, 190, 249, 253, 213, 189, 255, 191, 95, 214, 55,
       188, 191, 102, 225, 237, 187, 191, 145, 179, 95, 227, 247, 255,
       215, 254, 235, 147, 76, 173, 251, 6, 44, 22, 171, 206, 43, 190,
       72, 238, 34, 203, 19, 204, 200, 49, 72, 226, 29, 123, 99, 114,
       243, 139, 210, 52, 52, 11, 63, 148, 91, 177, 130, 188, 112, 177,
       242, 109, 93, 80, 216, 139, 250, 181, 24, 143, 223, 73, 154, 141,
       209, 253, 82, 15, 103, 218, 128, 219, 217, 85, 63, 194, 61, 78,
       83, 70, 253, 18, 154, 251, 205, 182, 232, 174, 158, 169, 9, 172,
       247, 105, 19, 247, 123, 203, 211, 98, 67, 154, 243, 189, 20, 15,
       127, 144, 115, 39, 131, 58, 23, 122, 224, 231, 35, 81, 82, 9, 12,
       252, 175, 15, 15, 39, 25, 254, 157, 135, 225, 8, 179, 113, 200,
       211, 241, 138, 151, 103, 202, 118, 251, 57, 91, 110, 254, 62, 129,
       207, 240, 196, 68, 220, 230, 51, 237, 179, 97, 110, 226, 23, 207,
       201, 171, 38, 189, 240, 171, 234, 152, 117, 187, 112, 249, 1, 2,
       97, 193, 108, 137, 104, 83, 237, 81, 114, 242, 157, 138, 212, 110,
       110, 136, 94, 156, 150, 56, 102, 192, 70, 88, 178, 224, 52, 136,
       113, 132, 139, 149, 48, 143, 181, 183, 182, 175, 29, 175, 94, 23,
       236, 124, 46, 196, 209, 11, 155, 37, 116, 152, 121, 255, 47, 95,
       159, 199, 150, 76, 157, 223, 55, 148, 242, 167, 126, 59, 186, 224,
       61, 194, 249, 171, 78, 126, 43, 96, 255, 209, 223, 163, 172, 51,
       77, 232, 220, 22, 206, 23, 149, 111, 55, 199, 221, 221, 254, 210,
       165, 126, 95, 182, 121, 222, 191, 22, 90, 126, 79, 123, 247, 215,
       60, 242, 253, 253, 56, 226, 251, 159, 247, 68, 129, 115, 224, 115,
       141, 253, 249, 246, 236, 93, 127, 252, 155, 222, 61, 158, 221,
       231, 235, 43, 95, 91, 23, 238, 245, 71, 126, 163, 239, 221, 239,
       248, 158, 251, 141, 241, 223, 205, 253, 254, 254, 52, 126, 220,
       203, 250, 157, 70, 92, 230, 251, 238, 183, 67, 31, 238, 183, 67,
       58, 243, 250, 223, 111, 188, 158, 247, 169, 117, 49, 162, 206, 29,
       30, 3, 65, 123, 86, 161, 196, 222, 115, 97, 162, 33, 121, 236, 34,
       172, 40, 222, 101, 31, 216, 167, 245, 20, 49, 168, 112, 168, 32,
       160, 143, 156, 88, 195, 32, 104, 22, 176, 96, 10, 112, 224, 32, 1,
       89, 108, 34, 32, 0, 210, 155, 29, 29, 34, 69, 44, 113, 40, 2, 168,
       50, 0, 82, 160, 100, 9, 184, 64, 45, 0, 176, 11, 142, 10, 36, 83,
       238, 145, 79, 129, 8, 35, 64, 192, 148, 144, 138, 122, 85, 8, 33,
       130, 32, 32, 15, 141, 76, 3, 160, 72, 6, 176, 226, 2, 16, 128, 32,
       64, 104, 140, 106, 128, 2, 243, 211, 29, 20, 32, 139, 20, 81, 8,
       114, 136, 194, 140, 148, 31, 169, 126, 180, 143, 190, 151, 75, 17,
       236, 246, 66, 207, 129, 119, 235, 17, 52, 220, 219, 97, 13, 50,
       95, 67, 128, 117, 141, 14, 160, 225, 135, 156, 89, 231, 160, 236,
       22, 176, 73, 2, 96, 224, 104, 192, 89, 108, 34, 112, 98, 86, 155,
       31, 29, 38, 207, 108, 16, 43, 52, 162, 0, 37, 150, 157, 79, 163,
       34, 72, 190, 176, 203, 2, 228, 226, 33, 192, 113, 109, 106, 243,
       66, 209, 155, 95, 189, 38, 15, 13, 24, 59, 41, 130, 54, 108, 146,
       171, 78, 33, 174, 224, 60, 34, 218, 139, 132, 170, 61, 64, 250,
       221, 107, 227, 40, 179, 197, 250, 188, 36, 139, 57, 213, 123, 33,
       130, 118, 117, 102, 174, 125, 79, 222, 104, 9, 172, 249, 171, 78,
       205, 47, 16, 254, 221, 247, 231, 76, 163, 217, 252, 179, 252, 137,
       191, 119, 63, 126, 87, 10, 12, 35, 159, 85, 215, 186, 99, 158, 0,
       89, 3, 236, 222, 52, 192, 248, 59, 147, 131, 34, 186, 58, 255, 37,
       54, 138, 3, 22, 14, 53, 198, 174, 204, 148, 151, 205, 116, 182,
       239, 31, 191, 124, 19, 108, 126, 111, 207, 201, 223, 162, 19, 118,
       126, 91, 227, 47, 118, 223, 71, 211, 125, 172, 222, 150, 252, 182,
       183, 181, 248, 118, 167, 191, 23, 79, 19, 238, 254, 78, 79, 225,
       247, 175, 131, 126, 220, 155, 227, 175, 246, 223, 7, 130, 125,
       189, 6, 134, 236, 156, 151, 157, 109, 182, 175, 30, 183, 27, 19,
       236, 126, 78, 75, 201, 71, 234, 18, 54, 252, 219, 243, 173, 87,
       223, 99, 144, 125, 141, 202, 132, 204, 156, 191, 157, 228, 190,
       175, 30, 183, 74, 19, 236, 238, 73, 75, 209, 127, 43, 147, 118,
       92, 219, 255, 237, 246, 223, 67, 144, 121, 173, 10, 189, 103, 157,
       246, 172, 7, 79, 252, 84, 250, 181, 126, 83, 115, 201, 59, 221,
       198, 92, 238, 233, 103, 235, 42, 248, 203, 229, 188, 56, 249, 224,
       49, 243, 94, 79, 220, 62, 208, 74, 246, 132, 200, 214, 230, 49,
       134, 177, 99, 110, 226, 62, 206, 233, 143, 38, 237, 178, 169, 234,
       136, 61, 185, 120, 61, 6, 128, 181, 221, 29, 207, 161, 40, 223,
       156, 82, 2, 228, 220, 125, 100, 208, 61, 59, 81, 130, 112, 251,
       213, 13, 114, 207, 70, 22, 46, 21, 100, 255, 90, 239, 183, 45, 94,
       93, 56, 189, 254, 182, 255, 75, 94, 151, 255, 238, 229, 253, 230,
       237, 231, 235, 232, 211, 251, 231, 147, 103, 189, 108, 87, 188,
       112, 176, 242, 45, 93, 80, 216, 131, 190, 181, 25, 31, 221, 75,
       187, 141, 217, 221, 90, 14, 103, 250, 128, 219, 217, 85, 63, 226,
       255, 78, 67, 158, 221, 188, 222, 181, 118, 223, 255, 27, 223, 157,
       51, 238, 127, 43, 139, 223, 243, 149, 226, 120, 239, 57, 239, 235,
       215, 223, 151, 151, 127, 173, 123, 221, 223, 238, 254, 188, 116,
       79, 252, 219, 218, 157, 238, 125, 238, 251, 99, 119, 227, 126,
       254, 247, 103, 174, 251, 250, 207, 231, 188, 191, 243, 233, 81,
       189, 255, 233, 254, 252, 37, 207, 252, 210, 202, 188, 126, 115,
       233, 249, 35, 93, 226, 22, 106, 249, 103, 238, 191, 248, 207, 229,
       252, 189, 251, 210, 169, 17, 32, 135, 13, 18, 3, 33, 91, 54, 225,
       66, 70, 81, 128, 128, 104, 112, 172, 42, 156, 9, 218, 199, 20, 92,
       162, 115, 0, 41, 128, 112, 168, 49, 32, 205, 61, 18, 2, 65, 91,
       86, 161, 194, 210, 83, 1, 144, 105, 120, 140, 34, 140, 9, 254, 69,
       29, 216, 166, 241, 80, 121, 136, 112, 168, 1, 32, 135, 12, 72,
       135, 32, 72, 134, 176, 194, 64, 240, 192, 96, 66, 80, 44, 106, 32,
       2, 211, 147, 29, 4, 32, 3, 44, 16, 42, 33, 160, 32, 100, 135, 159,
       73, 199, 166, 204, 150, 176, 193, 10, 96, 240, 97, 198, 89, 108,
       106, 114, 66, 215, 219, 31, 61, 38, 79, 62, 16, 59, 177, 134, 84,
       165, 22, 138, 219, 11, 166, 232, 174, 32, 203, 10, 196, 226, 40,
