%YAML:1.0
---
descriptors: !!opencv-matrix
   rows: 188
   cols: 32
   dt: u
   data: [ 86, 185, 182, 158, 137, 212, 148, 197, 175, 157, 138, 9, 238,
       254, 111, 206, 192, 119, 233, 209, 30, 75, 154, 224, 153, 182, 95,
       123, 130, 118, 175, 22, 56, 173, 120, 124, 253, 219, 84, 103, 119,
       165, 244, 41, 47, 59, 66, 145, 171, 190, 199, 64, 124, 250, 65,
       189, 251, 219, 20, 123, 115, 136, 238, 138, 42, 235, 99, 138, 215,
       209, 190, 228, 143, 69, 88, 171, 40, 204, 118, 132, 234, 251, 147,
       209, 70, 43, 142, 245, 63, 85, 142, 235, 87, 30, 191, 254, 194,
       88, 190, 158, 107, 244, 189, 70, 169, 158, 86, 161, 172, 254, 39,
       111, 166, 115, 179, 195, 38, 205, 162, 233, 7, 114, 90, 139, 6,
       117, 45, 223, 111, 119, 102, 68, 239, 22, 254, 248, 233, 252, 255,
       239, 72, 46, 223, 183, 126, 197, 247, 239, 197, 115, 172, 204, 62,
       121, 207, 143, 47, 247, 122, 85, 250, 49, 120, 225, 55, 90, 89,
       16, 41, 108, 183, 171, 31, 31, 150, 244, 110, 149, 221, 232, 136,
       179, 229, 196, 211, 249, 162, 133, 39, 134, 110, 115, 39, 121,
       227, 154, 103, 229, 185, 64, 159, 196, 84, 135, 60, 222, 119, 77,
       238, 233, 147, 215, 7, 243, 50, 224, 83, 24, 202, 170, 31, 63, 37,
       255, 93, 135, 94, 101, 176, 10, 71, 177, 100, 160, 175, 76, 215,
       35, 137, 115, 50, 198, 108, 106, 121, 176, 77, 12, 224, 239, 37,
       20, 104, 242, 194, 32, 137, 223, 29, 117, 180, 15, 111, 55, 124,
       234, 118, 84, 247, 51, 144, 113, 149, 38, 20, 44, 225, 252, 113,
       30, 230, 251, 101, 132, 90, 240, 192, 169, 1, 249, 59, 201, 252,
       201, 115, 247, 238, 73, 124, 96, 182, 213, 176, 100, 70, 58, 22,
       88, 211, 184, 98, 125, 109, 28, 39, 232, 86, 138, 199, 249, 90,
       156, 59, 248, 59, 228, 17, 3, 174, 85, 142, 57, 191, 159, 32, 112,
       230, 179, 253, 145, 26, 9, 178, 149, 219, 229, 58, 91, 144, 0, 37,
       123, 217, 181, 27, 101, 176, 14, 118, 63, 125, 168, 110, 68, 255,
       51, 128, 112, 54, 62, 28, 120, 241, 184, 17, 14, 235, 237, 37, 0,
       106, 224, 225, 41, 8, 185, 187, 121, 248, 173, 121, 223, 110, 29,
       124, 36, 189, 239, 224, 48, 167, 59, 119, 28, 146, 216, 170, 113,
       237, 221, 55, 232, 208, 194, 135, 249, 81, 21, 146, 101, 178, 14,
       102, 63, 109, 136, 234, 68, 255, 115, 1, 240, 54, 118, 124, 56,
       65, 129, 17, 78, 169, 236, 37, 0, 168, 242, 225, 41, 132, 141, 3,
       187, 220, 135, 162, 192, 214, 0, 72, 2, 245, 195, 33, 64, 88, 106,
       2, 219, 50, 186, 90, 63, 237, 134, 143, 72, 16, 43, 49, 160, 240,
       30, 157, 181, 172, 46, 85, 63, 16, 239, 210, 125, 247, 55, 3, 91,
       213, 247, 125, 37, 56, 222, 193, 42, 237, 231, 117, 144, 168, 248,
       148, 123, 61, 85, 248, 238, 236, 31, 95, 248, 81, 234, 253, 8, 91,
       253, 31, 48, 222, 220, 119, 110, 205, 179, 121, 174, 243, 255,
       229, 158, 119, 251, 122, 243, 212, 81, 110, 228, 14, 70, 95, 48,
       160, 222, 246, 35, 83, 127, 19, 83, 98, 244, 125, 234, 232, 199,
       161, 8, 243, 235, 230, 145, 37, 177, 116, 82, 80, 240, 191, 190,
       40, 68, 85, 183, 160, 94, 138, 33, 247, 191, 10, 82, 164, 215,
       125, 131, 72, 9, 178, 1, 243, 231, 124, 25, 32, 114, 166, 91, 53,
       198, 237, 85, 180, 26, 230, 184, 86, 242, 242, 66, 211, 104, 157,
       229, 121, 204, 46, 121, 175, 240, 77, 143, 44, 47, 229, 68, 237,
       232, 88, 132, 10, 156, 162, 187, 119, 241, 184, 66, 30, 71, 89,
       179, 172, 254, 38, 200, 251, 59, 147, 145, 54, 188, 106, 247, 15,
       87, 154, 203, 150, 77, 61, 215, 139, 18, 109, 37, 114, 27, 233,
       56, 61, 236, 86, 239, 221, 76, 159, 165, 62, 141, 127, 173, 229,
       180, 101, 204, 70, 105, 41, 132, 111, 172, 9, 213, 104, 249, 240,
       242, 89, 221, 83, 240, 131, 180, 165, 9, 174, 223, 65, 130, 136,
       113, 249, 82, 66, 43, 250, 177, 127, 221, 5, 123, 99, 15, 70, 122,
       191, 199, 119, 202, 253, 22, 207, 248, 93, 204, 255, 226, 75, 109,
       189, 228, 127, 213, 151, 255, 249, 179, 109, 238, 187, 254, 143,
       214, 247, 191, 244, 245, 37, 132, 84, 201, 220, 41, 232, 202, 126,
       19, 225, 18, 129, 10, 125, 105, 105, 138, 74, 152, 22, 54, 93,
       208, 29, 152, 150, 68, 209, 73, 233, 132, 68, 102, 158, 173, 72,
       35, 170, 72, 54, 162, 227, 192, 213, 227, 1, 90, 122, 205, 106,
       226, 8, 199, 203, 74, 148, 166, 139, 28, 128, 115, 35, 128, 104,
       249, 144, 226, 217, 221, 114, 142, 171, 53, 170, 8, 14, 191, 72,
       158, 137, 87, 234, 80, 90, 105, 219, 177, 255, 213, 84, 127, 194,
       31, 198, 170, 111, 120, 225, 82, 169, 221, 221, 157, 235, 253, 52,
       237, 154, 156, 214, 190, 142, 17, 245, 93, 159, 97, 250, 176, 75,
       93, 117, 186, 207, 158, 214, 247, 1, 160, 229, 213, 68, 26, 232,
       25, 126, 240, 114, 66, 211, 232, 212, 230, 122, 236, 38, 185, 199,
       240, 239, 221, 12, 170, 231, 4, 109, 168, 89, 132, 35, 171, 96, 2,
       119, 153, 178, 109, 15, 229, 120, 173, 42, 200, 86, 132, 190, 42,
       194, 85, 214, 58, 12, 127, 46, 20, 1, 251, 91, 14, 75, 223, 57,
       92, 111, 254, 46, 195, 77, 116, 196, 198, 222, 6, 49, 195, 177,
       97, 74, 160, 30, 238, 233, 137, 55, 189, 240, 139, 162, 152, 63,
       154, 112, 121, 240, 69, 6, 172, 31, 67, 198, 102, 37, 162, 160,
       11, 2, 42, 32, 83, 232, 165, 74, 227, 104, 175, 65, 204, 177, 162,
       202, 59, 33, 40, 118, 138, 2, 174, 160, 155, 87, 181, 184, 74, 95,
       71, 93, 151, 172, 236, 62, 140, 255, 43, 131, 149, 182, 188, 78,
       247, 15, 22, 155, 235, 213, 77, 61, 199, 147, 53, 138, 164, 157,
       38, 78, 127, 20, 226, 200, 71, 113, 242, 115, 97, 125, 239, 27,
       165, 253, 203, 157, 206, 249, 4, 143, 12, 41, 224, 184, 152, 84,
       48, 157, 117, 0, 110, 113, 18, 99, 186, 35, 24, 215, 55, 65, 59,
       161, 212, 108, 26, 9, 244, 241, 0, 205, 235, 113, 52, 224, 113,
       70, 34, 129, 219, 25, 251, 52, 143, 107, 244, 126, 8, 82, 70, 181,
       83, 176, 96, 118, 42, 22, 206, 195, 152, 9, 63, 228, 140, 42, 128,
       24, 154, 1, 169, 6, 170, 6, 153, 93, 131, 178, 234, 158, 180, 202,
       143, 196, 200, 99, 64, 201, 109, 235, 71, 38, 219, 203, 191, 28,
       22, 139, 127, 28, 45, 57, 194, 152, 124, 59, 248, 51, 237, 81, 71,
       185, 15, 228, 57, 63, 159, 33, 25, 162, 187, 213, 16, 42, 175, 50,
       175, 243, 209, 16, 59, 98, 16, 167, 123, 91, 75, 194, 220, 118,
       176, 110, 118, 133, 0, 222, 230, 41, 227, 181, 196, 110, 235, 55,
       206, 201, 139, 6, 233, 50, 172, 186, 136, 63, 209, 41, 28, 122, 3,
       122, 224, 55, 90, 88, 80, 41, 44, 254, 171, 15, 15, 22, 212, 238,
       149, 223, 160, 140, 179, 161, 196, 211, 249, 162, 151, 39, 134,
       110, 87, 49, 69, 99, 77, 118, 187, 238, 121, 85, 96, 249, 110,
       115, 216, 181, 164, 126, 168, 22, 111, 205, 179, 36, 159, 54, 76,
       161, 160, 127, 171, 112, 181, 18, 207, 106, 190, 94, 131, 175,
       230, 132, 4, 220, 163, 121, 239, 179, 64, 126, 235, 147, 239, 202,
       139, 14, 255, 112, 37, 170, 137, 53, 219, 60, 200, 121, 241, 121,
       96, 244, 221, 71, 252, 99, 105, 60, 8, 27, 157, 218, 48, 28, 152,
       20, 120, 219, 58, 240, 63, 251, 205, 37, 108, 99, 154, 198, 233,
       1, 34, 221, 197, 38, 27, 232, 27, 126, 161, 114, 66, 155, 8, 148,
       224, 50, 12, 46, 25, 133, 248, 231, 220, 6, 171, 115, 4, 109, 136,
       73, 140, 104, 241, 152, 96, 157, 221, 82, 220, 171, 173, 172, 9,
       142, 155, 76, 18, 128, 85, 236, 80, 86, 43, 210, 32, 251, 221, 5,
       127, 194, 26, 206, 11, 17, 130, 197, 85, 20, 90, 224, 59, 118,
       224, 114, 198, 211, 104, 148, 233, 121, 172, 38, 172, 173, 248,
       101, 14, 14, 174, 117, 68, 237, 168, 120, 140, 139, 18, 105, 69,
       100, 30, 233, 26, 125, 236, 118, 246, 153, 28, 150, 245, 126, 140,
       151, 173, 173, 188, 117, 204, 71, 121, 186, 132, 111, 164, 83,
       245, 1, 206, 115, 223, 116, 138, 235, 182, 126, 65, 118, 228, 185,
       227, 180, 100, 203, 106, 46, 204, 163, 152, 103, 255, 46, 190,
       186, 192, 158, 129, 113, 169, 129, 142, 158, 251, 164, 169, 105,
