%YAML:1.0
---
descriptors: !!opencv-matrix
   rows: 159
   cols: 32
   dt: u
   data: [ 13, 17, 180, 125, 203, 63, 116, 95, 231, 191, 47, 21, 95, 123,
       43, 154, 207, 3, 234, 16, 148, 104, 83, 128, 79, 223, 85, 7, 250,
       116, 136, 131, 249, 184, 118, 120, 43, 253, 80, 87, 227, 95, 164,
       24, 63, 153, 70, 187, 163, 179, 236, 16, 62, 111, 178, 177, 219,
       217, 80, 123, 235, 4, 206, 91, 207, 89, 254, 250, 99, 148, 184,
       80, 173, 88, 115, 227, 156, 159, 101, 123, 230, 57, 191, 215, 198,
       149, 146, 224, 215, 249, 74, 202, 14, 149, 43, 131, 54, 200, 191,
       183, 244, 194, 218, 160, 195, 185, 243, 43, 107, 126, 108, 50,
       201, 247, 167, 209, 90, 250, 75, 225, 137, 210, 223, 67, 193, 170,
       100, 139, 130, 208, 28, 217, 124, 193, 57, 174, 30, 21, 86, 18,
       252, 147, 40, 73, 202, 27, 43, 144, 34, 188, 83, 245, 77, 50, 250,
       192, 20, 8, 165, 139, 66, 187, 54, 184, 107, 128, 56, 70, 175, 29,
       192, 177, 172, 142, 102, 88, 230, 59, 235, 145, 22, 11, 130, 245,
       159, 112, 218, 203, 18, 4, 175, 223, 181, 142, 205, 87, 180, 26,
       230, 177, 116, 226, 114, 242, 243, 104, 157, 225, 121, 230, 14,
       62, 253, 244, 109, 46, 44, 175, 231, 68, 237, 248, 88, 172, 59,
       127, 98, 13, 116, 151, 234, 120, 85, 204, 221, 239, 67, 200, 183,
       164, 126, 168, 23, 111, 204, 179, 100, 158, 50, 12, 169, 168, 127,
       175, 112, 213, 59, 255, 98, 136, 124, 135, 202, 248, 70, 232, 216,
       207, 115, 200, 183, 132, 94, 168, 23, 111, 207, 179, 92, 157, 56,
       12, 173, 188, 127, 174, 88, 213, 17, 143, 27, 101, 176, 174, 111,
       55, 116, 169, 106, 68, 247, 51, 128, 112, 55, 110, 12, 40, 185,
       152, 1, 47, 236, 175, 39, 64, 136, 226, 129, 41, 253, 85, 246, 7,
       70, 27, 230, 120, 117, 226, 247, 110, 83, 56, 159, 191, 122, 196,
       126, 239, 237, 247, 157, 10, 48, 42, 101, 4, 239, 251, 122, 133,
       58, 235, 98, 206, 114, 145, 190, 229, 159, 12, 252, 167, 44, 206,
       182, 212, 126, 251, 151, 198, 198, 155, 142, 255, 178, 101, 174,
       171, 55, 158, 173, 223, 221, 81, 214, 229, 22, 26, 110, 120, 101,
       224, 243, 230, 91, 58, 159, 230, 122, 196, 62, 234, 237, 244, 157,
       202, 182, 232, 103, 4, 111, 178, 104, 4, 202, 92, 182, 188, 107,
       244, 189, 70, 173, 78, 86, 161, 172, 254, 39, 207, 230, 115, 179,
       195, 164, 79, 178, 233, 87, 115, 90, 139, 22, 117, 45, 223, 232,
       189, 156, 186, 185, 205, 20, 167, 155, 31, 168, 25, 174, 251, 66,
       19, 129, 115, 233, 16, 126, 79, 218, 55, 235, 215, 85, 123, 210,
       76, 143, 11, 75, 188, 190, 191, 233, 172, 121, 151, 187, 95, 94,
       21, 188, 255, 66, 88, 167, 111, 253, 29, 150, 88, 138, 243, 207,
       255, 127, 203, 130, 196, 171, 91, 17, 76, 91, 237, 50, 42, 107,
       182, 116, 2, 106, 66, 247, 51, 160, 96, 55, 124, 6, 232, 33, 188,
       1, 47, 228, 174, 34, 0, 232, 179, 33, 168, 59, 219, 98, 140, 118,
       149, 238, 253, 69, 72, 220, 231, 41, 206, 182, 228, 126, 169, 151,
       239, 205, 171, 6, 255, 178, 124, 174, 136, 63, 158, 184, 221, 65,
       47, 210, 173, 118, 32, 170, 66, 42, 1, 88, 226, 181, 162, 241, 64,
       122, 111, 46, 157, 2, 24, 132, 96, 132, 164, 170, 168, 132, 115,
       33, 168, 143, 20, 252, 181, 162, 42, 61, 55, 60, 243, 118, 245,
       221, 63, 138, 123, 167, 87, 183, 52, 177, 220, 87, 70, 206, 251,
       126, 198, 172, 240, 129, 241, 111, 56, 189, 208, 237, 125, 181,
       135, 235, 255, 180, 56, 142, 188, 71, 187, 135, 119, 255, 17, 150,
       111, 250, 192, 223, 91, 85, 255, 194, 124, 135, 255, 1, 130, 213,
       213, 118, 142, 233, 184, 255, 144, 114, 66, 249, 227, 213, 231,
       51, 108, 38, 56, 129, 248, 175, 221, 14, 186, 119, 68, 103, 168,
       65, 169, 37, 36, 23, 141, 92, 43, 224, 105, 124, 162, 225, 24,
       212, 96, 8, 17, 88, 172, 106, 42, 49, 247, 203, 78, 20, 2, 67, 60,
       64, 106, 115, 160, 41, 221, 107, 207, 244, 199, 239, 247, 84, 76,
       124, 198, 49, 117, 180, 96, 126, 234, 19, 238, 241, 186, 52, 63,
       103, 13, 164, 128, 127, 218, 244, 249, 39, 215, 227, 131, 245,
       243, 174, 207, 95, 103, 122, 246, 128, 172, 254, 108, 223, 75, 50,
       149, 151, 186, 125, 226, 44, 30, 158, 230, 221, 94, 245, 220, 100,
       44, 83, 140, 94, 43, 34, 64, 124, 162, 227, 26, 246, 240, 1, 89,
       50, 237, 106, 106, 32, 183, 129, 110, 148, 38, 3, 48, 65, 41, 35,
       160, 84, 173, 215, 215, 207, 41, 100, 203, 254, 178, 235, 26, 194,
       227, 77, 223, 105, 238, 106, 26, 114, 123, 203, 114, 157, 162, 87,
       52, 225, 104, 193, 160, 133, 237, 213, 219, 205, 137, 228, 207,
       254, 179, 226, 26, 131, 232, 93, 171, 105, 142, 106, 25, 126, 123,
       223, 82, 189, 130, 215, 124, 225, 88, 195, 140, 1, 4, 5, 173, 204,
       43, 172, 111, 76, 179, 226, 82, 149, 34, 16, 75, 121, 142, 106,
       173, 49, 250, 197, 76, 20, 34, 222, 4, 152, 72, 241, 136, 233, 34,
       172, 185, 77, 165, 73, 31, 199, 123, 133, 29, 147, 131, 82, 91,
       205, 142, 123, 156, 158, 78, 211, 145, 71, 89, 209, 60, 154, 204,
       248, 218, 8, 185, 186, 104, 240, 205, 249, 87, 47, 77, 124, 37,
       188, 223, 226, 48, 182, 59, 23, 92, 146, 186, 178, 117, 127, 221,
       54, 232, 208, 130, 167, 251, 217, 217, 31, 102, 42, 78, 69, 49,
       224, 144, 163, 72, 247, 115, 0, 115, 34, 244, 124, 106, 105, 193,
       145, 13, 241, 235, 96, 16, 40, 178, 66, 41, 26, 221, 114, 186,
       211, 209, 54, 230, 157, 68, 88, 163, 108, 254, 38, 196, 102, 251,
       147, 195, 70, 139, 30, 255, 58, 101, 14, 203, 55, 22, 173, 223, 1,
       162, 153, 249, 236, 173, 169, 91, 174, 25, 121, 112, 149, 163,
       200, 64, 199, 27, 46, 24, 18, 24, 194, 83, 204, 140, 58, 236, 144,
       192, 161, 161, 240, 104, 18, 156, 72, 131, 132, 204, 60, 34, 224,
       10, 38, 131, 33, 89, 120, 173, 74, 226, 72, 7, 193, 93, 180, 162,
       154, 57, 17, 27, 34, 136, 223, 87, 107, 103, 34, 86, 63, 176, 57,
       78, 86, 229, 93, 22, 159, 247, 182, 85, 253, 239, 225, 212, 165,
       78, 226, 123, 234, 128, 14, 183, 39, 117, 14, 168, 188, 241, 237,
       253, 185, 207, 239, 247, 52, 24, 156, 191, 82, 42, 143, 27, 251,
       17, 150, 120, 250, 208, 79, 209, 95, 127, 150, 76, 135, 235, 250,
       184, 246, 88, 235, 253, 81, 71, 171, 93, 164, 57, 46, 159, 70,
       159, 167, 179, 237, 16, 30, 79, 178, 241, 155, 209, 80, 123, 194,
       4, 206, 95, 106, 184, 248, 240, 109, 253, 88, 207, 139, 255, 180,
       57, 42, 157, 86, 154, 137, 178, 247, 16, 30, 111, 234, 209, 95,
       217, 53, 255, 211, 140, 222, 219, 193, 157, 85, 90, 177, 223, 71,
       191, 253, 10, 42, 88, 126, 115, 12, 245, 151, 119, 92, 106, 113,
       109, 57, 127, 43, 250, 69, 82, 90, 208, 129, 57, 33, 32, 97, 65,
       116, 158, 235, 82, 108, 105, 123, 230, 147, 8, 148, 180, 126, 136,
       22, 156, 147, 184, 101, 196, 6, 252, 178, 192, 239, 139, 82, 181,
       36, 235, 158, 183, 120, 200, 242, 128, 131, 157, 179, 1, 231, 223,
       72, 18, 201, 243, 239, 209, 74, 107, 202, 161, 207, 209, 135, 81,
       65, 11, 36, 138, 76, 131, 180, 41, 141, 28, 116, 31, 231, 189,
       190, 17, 78, 235, 74, 218, 165, 71, 239, 21, 22, 105, 211, 128,
       111, 253, 85, 95, 242, 92, 204, 67, 32, 217, 156, 191, 232, 75,
       17, 230, 142, 185, 224, 56, 151, 182, 64, 26, 201, 219, 230, 209,
       25, 218, 74, 32, 205, 211, 94, 115, 208, 81, 135, 154, 21, 130,
       207, 85, 20, 206, 224, 184, 118, 208, 242, 66, 243, 97, 29, 233,
       121, 236, 42, 60, 169, 240, 125, 13, 141, 174, 69, 68, 233, 168,
       80, 168, 78, 50, 230, 144, 239, 112, 184, 7, 171, 223, 29, 189,
       140, 254, 222, 158, 167, 63, 255, 145, 150, 67, 166, 192, 30, 115,
       223, 239, 134, 100, 191, 215, 217, 70, 71, 197, 38, 58, 110, 51,
       117, 226, 251, 242, 91, 10, 149, 247, 126, 196, 62, 170, 237, 245,
       165, 206, 182, 234, 227, 132, 47, 240, 232, 5, 57, 5, 74, 45, 20,
       11, 99, 120, 116, 96, 250, 102, 115, 25, 176, 97, 120, 140, 30,
       239, 237, 179, 69, 30, 240, 237, 163, 128, 125, 170, 112, 8, 177,
