%YAML:1.0
---
descriptors: !!opencv-matrix
   rows: 208
   cols: 32
   dt: u
   data: [ 202, 92, 182, 190, 107, 244, 191, 102, 173, 78, 86, 161, 172,
       254, 39, 79, 166, 115, 191, 67, 228, 77, 162, 233, 87, 115, 90,
       139, 6, 117, 37, 223, 202, 174, 148, 186, 169, 169, 144, 135, 159,
       23, 129, 57, 174, 232, 66, 139, 129, 115, 233, 17, 54, 79, 202,
       179, 137, 210, 93, 123, 144, 12, 143, 14, 17, 159, 27, 101, 176,
       174, 99, 55, 116, 169, 122, 96, 247, 51, 128, 112, 55, 110, 44,
       40, 185, 184, 1, 47, 232, 175, 53, 64, 168, 226, 193, 41, 129,
       134, 159, 53, 48, 170, 104, 63, 118, 139, 98, 208, 247, 99, 136,
       88, 19, 78, 44, 12, 58, 220, 197, 15, 204, 174, 116, 64, 232, 192,
       129, 8, 65, 162, 159, 249, 236, 169, 169, 95, 174, 27, 112, 112,
       181, 147, 232, 123, 167, 27, 127, 25, 18, 76, 131, 81, 204, 178,
       122, 104, 144, 192, 163, 169, 196, 32, 220, 249, 108, 41, 104,
       136, 174, 51, 161, 152, 151, 195, 89, 91, 235, 145, 107, 153, 58,
       103, 203, 80, 156, 144, 219, 124, 148, 1, 33, 0, 17, 76, 91, 101,
       50, 138, 111, 54, 116, 2, 106, 66, 247, 51, 160, 96, 51, 124, 2,
       234, 97, 188, 17, 47, 228, 174, 34, 0, 104, 211, 33, 168, 42, 161,
       26, 184, 253, 129, 152, 111, 139, 149, 153, 27, 172, 202, 118,
       128, 207, 187, 223, 149, 22, 107, 194, 213, 188, 85, 155, 251,
       212, 12, 171, 138, 8, 187, 186, 120, 248, 157, 185, 215, 63, 13,
       124, 40, 191, 239, 230, 48, 191, 59, 199, 24, 146, 122, 162, 113,
       127, 221, 54, 232, 210, 128, 199, 249, 208, 106, 26, 156, 8, 131,
       106, 204, 190, 34, 226, 10, 230, 195, 33, 81, 120, 181, 106, 226,
       106, 135, 65, 127, 176, 162, 154, 24, 1, 16, 33, 8, 207, 87, 103,
       45, 50, 82, 63, 48, 33, 76, 95, 229, 221, 22, 139, 116, 54, 85,
       253, 230, 229, 148, 165, 78, 230, 125, 42, 134, 46, 183, 35, 85,
       10, 221, 50, 154, 255, 209, 183, 231, 159, 77, 92, 163, 172, 254,
       39, 196, 239, 123, 151, 65, 102, 170, 42, 255, 111, 87, 30, 171,
       150, 28, 61, 223, 63, 203, 70, 158, 122, 145, 78, 252, 132, 4,
       220, 231, 97, 198, 190, 196, 126, 235, 151, 238, 206, 11, 78, 253,
       48, 36, 175, 200, 55, 158, 56, 220, 55, 223, 64, 138, 124, 151,
       206, 248, 134, 76, 217, 199, 97, 200, 186, 132, 92, 232, 23, 239,
       207, 35, 94, 191, 56, 12, 175, 252, 61, 159, 120, 213, 106, 170,
       160, 240, 109, 253, 88, 207, 139, 191, 180, 25, 138, 141, 86, 155,
       201, 147, 255, 17, 26, 111, 234, 177, 95, 219, 213, 255, 210, 140,
       222, 91, 248, 184, 254, 120, 171, 253, 80, 87, 227, 93, 164, 24,
       63, 153, 70, 187, 131, 179, 252, 16, 30, 111, 178, 145, 219, 217,
       80, 123, 251, 4, 206, 27, 143, 18, 255, 181, 226, 106, 189, 23,
       60, 219, 119, 245, 221, 63, 138, 75, 167, 87, 255, 52, 177, 220,
       103, 64, 78, 243, 126, 198, 172, 244, 133, 209, 160, 233, 186,
       126, 77, 197, 181, 99, 218, 134, 112, 26, 160, 216, 102, 41, 200,
       122, 162, 67, 70, 126, 226, 177, 85, 153, 86, 43, 81, 56, 254,
       142, 221, 93, 246, 231, 22, 18, 106, 120, 101, 224, 255, 102, 91,
       58, 179, 230, 122, 196, 62, 238, 237, 183, 189, 206, 242, 233,
       167, 4, 111, 171, 104, 4, 245, 81, 246, 7, 70, 26, 231, 120, 117,
       226, 243, 110, 83, 56, 191, 255, 122, 196, 126, 239, 237, 247, 29,
       40, 48, 42, 101, 4, 111, 251, 122, 4, 1, 160, 245, 213, 52, 154,
       232, 184, 254, 144, 114, 66, 241, 232, 149, 231, 115, 108, 38,
       124, 163, 240, 111, 221, 12, 186, 231, 68, 109, 168, 81, 172, 54,
       200, 159, 183, 224, 66, 216, 228, 27, 185, 242, 163, 239, 62, 108,
       58, 205, 215, 167, 209, 94, 250, 75, 225, 153, 210, 222, 67, 193,
       42, 44, 143, 128, 192, 30, 217, 60, 129, 57, 174, 30, 21, 86, 18,
       252, 195, 44, 77, 242, 43, 43, 200, 34, 156, 67, 213, 68, 58, 218,
       66, 20, 136, 101, 171, 2, 13, 3, 159, 125, 225, 163, 98, 141, 0,
       88, 3, 164, 236, 33, 68, 200, 58, 131, 1, 50, 168, 66, 255, 37,
       52, 138, 11, 21, 79, 53, 158, 9, 95, 107, 69, 118, 26, 239, 54,
       100, 224, 94, 230, 241, 37, 151, 96, 54, 108, 22, 236, 193, 152,
       53, 76, 102, 45, 174, 128, 47, 178, 81, 249, 207, 89, 150, 186,
       99, 196, 56, 80, 173, 88, 114, 227, 157, 159, 39, 123, 230, 57,
       191, 210, 71, 155, 146, 224, 150, 249, 202, 203, 14, 149, 43, 135,
       10, 168, 166, 217, 253, 249, 248, 71, 159, 93, 86, 19, 172, 158,
       118, 108, 233, 59, 187, 145, 22, 252, 50, 241, 31, 126, 154, 67,
       150, 12, 245, 222, 33, 207, 99, 79, 116, 135, 239, 244, 69, 0,
       124, 230, 49, 65, 181, 36, 126, 232, 22, 238, 225, 186, 36, 127,
       36, 12, 160, 160, 127, 154, 114, 169, 69, 232, 202, 171, 204, 169,
       230, 206, 118, 35, 202, 74, 227, 224, 113, 72, 121, 234, 42, 221,
       26, 186, 207, 115, 188, 134, 151, 104, 253, 91, 240, 128, 15, 151,
       131, 155, 247, 182, 174, 71, 31, 71, 89, 215, 236, 238, 60, 196,
       255, 43, 147, 133, 183, 152, 30, 215, 46, 118, 154, 194, 150, 78,
       177, 213, 230, 249, 112, 18, 75, 213, 120, 232, 155, 124, 53, 9,
       40, 222, 71, 157, 175, 187, 243, 211, 70, 122, 186, 241, 31, 24,
       193, 111, 83, 5, 78, 223, 42, 187, 146, 26, 125, 209, 146, 199,
       223, 5, 252, 45, 40, 216, 102, 132, 201, 42, 131, 16, 22, 43, 218,
       247, 26, 84, 21, 123, 219, 14, 254, 223, 34, 249, 44, 155, 109,
       213, 189, 232, 207, 92, 212, 7, 172, 220, 119, 35, 204, 123, 147,
       195, 198, 43, 122, 241, 69, 25, 218, 187, 85, 29, 125, 223, 110,
       184, 189, 240, 237, 109, 177, 207, 171, 255, 52, 57, 158, 189, 69,
       42, 143, 87, 255, 17, 146, 111, 250, 208, 95, 91, 93, 255, 194,
       76, 199, 251, 39, 253, 227, 211, 244, 243, 175, 239, 95, 119, 120,
       246, 128, 172, 254, 36, 223, 75, 18, 149, 151, 250, 125, 243, 44,
       30, 159, 230, 221, 94, 241, 220, 58, 239, 98, 238, 242, 211, 62,
       231, 61, 4, 124, 163, 47, 207, 166, 212, 126, 251, 135, 194, 206,
       154, 36, 255, 178, 229, 174, 139, 55, 158, 173, 223, 10, 221, 62,
       219, 255, 221, 183, 230, 159, 95, 92, 51, 172, 255, 38, 229, 231,
       123, 147, 65, 118, 152, 50, 255, 111, 119, 30, 235, 146, 92, 173,
       255, 212, 164, 198, 183, 142, 169, 96, 226, 188, 179, 235, 19,
       231, 227, 9, 75, 105, 230, 106, 146, 58, 249, 203, 98, 221, 162,
       215, 81, 225, 121, 103, 130, 36, 36, 23, 141, 92, 43, 160, 105,
       124, 163, 227, 82, 212, 98, 24, 9, 120, 44, 74, 41, 49, 242, 201,
       74, 20, 34, 195, 36, 192, 106, 195, 160, 139, 140, 182, 218, 245,
       252, 249, 215, 127, 95, 119, 21, 172, 231, 190, 93, 247, 43, 151,
       28, 178, 220, 42, 247, 78, 62, 82, 202, 154, 196, 165, 215, 116,
       173, 212, 211, 207, 169, 100, 227, 255, 179, 235, 26, 198, 227,
       76, 95, 105, 238, 106, 18, 112, 123, 203, 112, 157, 162, 87, 125,
       225, 104, 195, 162, 2, 250, 6, 184, 107, 144, 184, 198, 175, 29,
       82, 181, 172, 142, 38, 72, 230, 59, 187, 213, 22, 205, 2, 241,
       150, 112, 154, 203, 20, 4, 173, 223, 116, 233, 150, 238, 205, 71,
       70, 232, 227, 176, 227, 10, 66, 251, 45, 151, 248, 244, 107, 226,
       88, 227, 155, 172, 187, 242, 197, 63, 227, 59, 122, 2, 49, 87, 98,
       77, 118, 191, 230, 123, 85, 104, 253, 230, 83, 216, 183, 164, 126,
       168, 22, 47, 205, 178, 53, 158, 54, 12, 163, 160, 127, 239, 122,
       213, 8, 187, 58, 104, 241, 221, 249, 215, 47, 13, 124, 36, 188,
       223, 242, 48, 190, 59, 23, 92, 146, 186, 178, 117, 127, 221, 38,
       232, 210, 130, 167, 251, 54, 32, 213, 99, 135, 111, 74, 136, 59,
       179, 177, 92, 207, 73, 93, 154, 187, 205, 85, 51, 15, 118, 217,
       64, 159, 222, 65, 118, 233, 123, 66, 22, 212, 48, 191, 114, 170,
       104, 81, 16, 178, 191, 167, 56, 215, 247, 73, 27, 163, 247, 109,
       18, 58, 71, 235, 34, 217, 195, 113, 125, 224, 97, 7, 35, 132, 239,
       223, 29, 210, 123, 38, 239, 254, 246, 104, 150, 97, 226, 231, 87,
       51, 110, 2, 108, 116, 217, 172, 122, 60, 38, 71, 45, 252, 248,
