%YAML:1.0
---
descriptors: !!opencv-matrix
   rows: 43
   cols: 32
   dt: u
   data: [ 23, 75, 107, 236, 86, 130, 235, 80, 20, 192, 211, 230, 81,
       207, 177, 96, 126, 237, 23, 255, 201, 151, 36, 202, 112, 44, 171,
       136, 45, 187, 112, 241, 223, 32, 235, 193, 70, 34, 233, 80, 57,
       242, 247, 186, 89, 143, 221, 59, 126, 157, 119, 189, 129, 215,
       165, 192, 86, 105, 235, 164, 167, 165, 99, 128, 25, 0, 99, 205,
       84, 18, 233, 115, 117, 128, 214, 194, 89, 9, 181, 228, 122, 172,
       22, 173, 137, 180, 37, 206, 22, 239, 170, 128, 39, 168, 112, 160,
       2, 219, 34, 157, 86, 131, 174, 231, 28, 0, 82, 230, 168, 136, 180,
       196, 126, 59, 147, 193, 198, 184, 4, 253, 36, 38, 158, 130, 29,
       28, 177, 157, 50, 205, 98, 46, 93, 209, 222, 232, 135, 68, 232,
       139, 106, 204, 55, 132, 248, 233, 195, 231, 78, 43, 62, 255, 51,
       92, 141, 59, 119, 62, 124, 222, 51, 181, 99, 201, 244, 214, 237,
       119, 37, 73, 222, 199, 57, 46, 182, 32, 126, 139, 23, 157, 223,
       184, 53, 207, 62, 79, 190, 192, 239, 204, 241, 220, 46, 113, 96,
       138, 77, 85, 190, 72, 137, 124, 157, 11, 140, 220, 127, 135, 204,
       145, 211, 231, 196, 35, 250, 208, 23, 88, 139, 191, 87, 63, 63,
       214, 3, 159, 104, 155, 246, 149, 190, 247, 31, 77, 92, 199, 172,
       142, 182, 228, 254, 43, 151, 149, 215, 24, 52, 255, 46, 93, 170,
       234, 29, 140, 185, 221, 3, 27, 7, 157, 54, 134, 168, 99, 188, 73,
       90, 199, 180, 162, 180, 225, 102, 47, 59, 141, 181, 152, 21, 205,
       132, 34, 186, 128, 12, 4, 49, 157, 42, 249, 34, 90, 93, 213, 150,
       237, 15, 69, 252, 11, 40, 221, 46, 164, 220, 186, 147, 81, 90, 43,
       58, 253, 123, 93, 140, 123, 83, 14, 254, 254, 58, 253, 35, 152,
       95, 211, 150, 234, 143, 254, 156, 171, 44, 252, 119, 0, 237, 123,
       211, 227, 231, 47, 122, 255, 123, 23, 143, 191, 87, 124, 55, 223,
       14, 148, 164, 147, 237, 127, 188, 170, 31, 255, 87, 19, 204, 124,
       95, 207, 197, 95, 187, 17, 180, 212, 91, 234, 15, 87, 223, 199,
       134, 109, 157, 215, 49, 200, 107, 220, 84, 131, 235, 118, 86, 64,
       116, 194, 49, 204, 181, 96, 122, 168, 23, 205, 235, 190, 36, 255,
       114, 13, 170, 136, 117, 153, 112, 184, 3, 149, 107, 139, 244, 213,
       232, 127, 95, 73, 93, 215, 185, 158, 190, 96, 126, 139, 23, 157,
       151, 184, 53, 215, 108, 93, 186, 196, 29, 142, 185, 221, 130, 203,
       14, 156, 14, 145, 188, 101, 140, 0, 208, 163, 173, 142, 54, 193,
       238, 43, 155, 197, 198, 139, 6, 253, 48, 113, 138, 139, 21, 28,
       185, 141, 47, 177, 161, 67, 221, 253, 251, 207, 75, 121, 61, 8,
       24, 220, 94, 172, 153, 27, 147, 157, 151, 58, 250, 243, 63, 92,
       149, 126, 211, 79, 211, 246, 51, 31, 99, 204, 120, 246, 154, 84,
       141, 200, 248, 239, 32, 158, 181, 244, 236, 179, 151, 229, 141,
       139, 52, 204, 51, 60, 170, 154, 93, 95, 126, 221, 43, 150, 82, 72,
       243, 182, 122, 246, 105, 9, 126, 228, 8, 178, 164, 244, 126, 191,
       150, 136, 149, 154, 4, 229, 22, 124, 18, 195, 207, 134, 235, 141,
       23, 47, 231, 135, 134, 51, 174, 216, 108, 242, 27, 199, 121, 108,
       157, 43, 63, 99, 19, 239, 129, 241, 47, 233, 4, 14, 239, 128, 237,
       247, 51, 252, 62, 85, 112, 234, 117, 87, 222, 232, 25, 236, 189,
       11, 74, 124, 63, 132, 220, 217, 149, 227, 204, 35, 88, 206, 179,
       93, 143, 191, 119, 63, 124, 87, 23, 6, 235, 193, 246, 170, 232,
       82, 127, 67, 91, 214, 157, 131, 240, 108, 123, 13, 23, 156, 147,
       148, 37, 194, 206, 238, 186, 192, 173, 201, 241, 228, 19, 135,
       127, 235, 150, 162, 59, 113, 188, 65, 95, 214, 93, 211, 184, 96,
       118, 27, 31, 188, 147, 153, 53, 221, 246, 173, 170, 192, 61, 130,
       161, 113, 27, 135, 106, 171, 180, 130, 235, 121, 20, 13, 219, 246,
       73, 75, 184, 64, 126, 138, 23, 173, 154, 154, 77, 223, 250, 237,
       170, 192, 61, 138, 240, 129, 147, 74, 39, 157, 14, 130, 172, 70,
       156, 66, 210, 230, 169, 138, 181, 201, 110, 33, 59, 207, 225, 133,
       6, 237, 128, 34, 250, 128, 29, 57, 49, 156, 90, 91, 238, 164, 162,
       0, 188, 247, 160, 206, 154, 167, 45, 174, 115, 67, 166, 247, 253,
       199, 196, 203, 134, 232, 242, 97, 238, 137, 45, 244, 175, 91, 47,
       49, 232, 65, 228, 61, 254, 223, 75, 233, 60, 77, 24, 188, 215,
       188, 221, 74, 23, 29, 151, 114, 228, 192, 15, 93, 181, 238, 207,
       255, 218, 213, 47, 54, 232, 233, 244, 189, 234, 90, 95, 233, 125,
       238, 145, 248, 221, 40, 223, 8, 23, 153, 159, 50, 77, 146, 78, 93,
       171, 236, 221, 203, 88, 145, 7, 253, 179, 159, 247, 209, 190, 223,
       31, 203, 88, 231, 252, 254, 235, 160, 255, 123, 151, 209, 183,
       216, 58, 250, 172, 22, 191, 171, 156, 94, 173, 223, 239, 92, 236,
       213, 252, 191, 205, 150, 219, 254, 182, 159, 178, 61, 215, 63, 77,
       230, 125, 29, 172, 124, 245, 174, 111, 31, 245, 176, 199, 252, 82,
       127, 190, 85, 96, 239, 245, 87, 222, 248, 21, 204, 125, 7, 75,
       125, 63, 132, 220, 216, 149, 227, 236, 178, 121, 174, 99, 223,
       133, 135, 119, 191, 124, 215, 54, 45, 226, 192, 215, 182, 234, 66,
       209, 134, 248, 135, 9, 232, 119, 8, 120, 233, 147, 211, 140, 179,
       20, 234, 51, 76, 139, 10, 239, 253, 114, 148, 43, 51, 232, 69,
       244, 62, 237, 87, 107, 237, 125, 239, 24, 172, 214, 36, 190, 14,
       23, 29, 151, 250, 228, 192, 110, 93, 175, 236, 207, 238, 218, 221,
       186, 86, 42, 172, 55, 83, 155, 95, 149, 77, 220, 191, 47, 157, 50,
       0, 254, 153, 223, 161, 190, 143, 49, 159, 243, 245, 170, 219, 53,
       12, 53, 91, 7, 181, 222, 175, 254, 1, 190, 223, 142, 217, 89, 230,
       252, 254, 238, 98, 119, 91, 31, 145, 215, 201, 15, 249, 236, 15,
       175, 238, 188, 254, 169, 153, 67, 184, 114, 80, 119, 221, 48, 194,
       111, 117, 102, 46, 14, 152, 102, 252, 163, 10, 186, 28, 23, 61,
       181, 245, 31, 92, 16, 103, 202, 13, 201, 87, 21, 213, 101, 199,
       180, 70, 239, 176, 116, 104, 223, 102, 209, 60, 157, 100, 126,
       220, 60, 235, 233, 176, 61, 142, 229, 174, 174, 132, 45, 251, 241,
       117, 53, 47, 73, 235, 156, 163, 75, 216, 22, 37, 217, 230, 83, 65,
       185, 64, 126, 170, 7, 252, 154, 178, 109, 158, 252, 141, 163, 244,
       181, 203, 112, 160, 178, 118, 40, 169, 60, 203, 155, 94, 157, 111,
       148, 255, 159, 29, 158, 1, 206, 153, 223, 177, 175, 175, 65, 223,
       226, 117, 186, 215, 93, 141, 21, 91, 3, 189, 220, 169, 62, 131,
       186, 251, 142, 249, 153, 230, 157, 62, 210, 34, 79, 153, 95, 189,
       151, 72, 79, 221, 236, 93, 175, 244, 157, 170, 169, 145, 203, 240,
       50, 64, 87, 221, 177, 196, 255, 77, 118, 31, 12, 156, 110, 244,
       179, 41, 211, 84, 151, 191, 50, 210, 23, 92, 16, 111, 75, 28, 239,
       223, 2, 60, 187, 215, 229, 237, 177, 114, 249, 203, 126, 8, 188,
       189, 117, 8, 167, 127, 51, 25, 145, 248, 146, 234, 77, 30, 94,
       170, 192, 233, 87, 235, 130, 124, 119, 91, 83, 241, 177, 66, 255,
       87, 188, 179, 44, 158, 103, 61, 171, 153, 211, 145, 167, 175, 52,
       255, 23, 88, 26, 43, 87, 68, 39, 223, 128, 173, 183, 247, 53, 205,
       185, 103, 254, 153, 119, 16, 252, 251, 32, 33, 166, 59, 59, 24,
       50, 252, 58, 237, 237, 217, 86, 66, 128, 8, 37, 171 ]
