%YAML:1.0
---
descriptors: !!opencv-matrix
   rows: 180
   cols: 32
   dt: u
   data: [ 99, 173, 210, 90, 219, 185, 52, 231, 187, 17, 108, 189, 40,
       226, 230, 222, 171, 235, 226, 144, 54, 75, 138, 243, 62, 94, 85,
       107, 218, 84, 234, 142, 54, 49, 244, 197, 239, 31, 250, 105, 15,
       172, 191, 47, 206, 62, 78, 6, 254, 213, 255, 247, 216, 115, 233,
       216, 159, 154, 207, 247, 87, 47, 87, 215, 122, 118, 246, 229, 125,
       127, 250, 86, 41, 232, 254, 79, 75, 61, 23, 150, 254, 213, 255,
       231, 140, 183, 209, 206, 243, 255, 130, 151, 231, 127, 126, 223,
       152, 151, 254, 253, 246, 154, 253, 127, 255, 23, 222, 246, 253,
       239, 188, 64, 127, 239, 63, 140, 242, 253, 55, 215, 254, 235, 254,
       196, 39, 200, 245, 249, 48, 174, 212, 180, 30, 35, 195, 111, 86,
       163, 242, 218, 115, 97, 16, 1, 59, 198, 106, 44, 56, 255, 77, 31,
       184, 134, 181, 20, 253, 232, 114, 136, 177, 69, 67, 172, 86, 6,
       207, 120, 84, 224, 219, 199, 83, 233, 177, 96, 120, 236, 23, 111,
       233, 183, 13, 30, 48, 46, 161, 148, 125, 191, 112, 224, 100, 140,
       132, 158, 220, 131, 134, 233, 22, 178, 192, 10, 96, 226, 41, 193,
       89, 234, 34, 186, 96, 107, 10, 255, 60, 6, 207, 108, 145, 104, 48,
       128, 36, 160, 206, 158, 90, 130, 170, 232, 30, 144, 96, 3, 96,
       234, 108, 81, 121, 239, 34, 192, 34, 210, 139, 127, 28, 38, 207,
       109, 145, 32, 107, 130, 34, 160, 198, 156, 92, 131, 200, 233, 31,
       177, 194, 10, 96, 232, 52, 65, 89, 237, 35, 185, 104, 243, 75,
       221, 24, 2, 205, 124, 21, 40, 112, 128, 252, 64, 237, 103, 141,
       71, 207, 140, 86, 254, 183, 11, 211, 125, 89, 107, 89, 196, 125,
       239, 105, 103, 251, 2, 241, 235, 255, 60, 245, 123, 84, 98, 17,
       29, 110, 237, 52, 6, 111, 121, 116, 192, 255, 70, 115, 83, 176,
       96, 124, 172, 62, 174, 201, 176, 85, 79, 244, 175, 162, 0, 61,
       171, 96, 176, 6, 201, 150, 151, 205, 203, 166, 236, 158, 179, 67,
       19, 228, 226, 108, 75, 249, 111, 34, 83, 118, 248, 27, 245, 45,
       22, 223, 71, 145, 122, 153, 142, 100, 141, 148, 158, 217, 129, 6,
       232, 154, 147, 233, 8, 228, 226, 105, 221, 209, 234, 34, 66, 114,
       74, 218, 127, 61, 54, 95, 127, 144, 123, 161, 14, 70, 233, 148,
       159, 91, 192, 162, 168, 191, 145, 66, 3, 236, 250, 77, 70, 241,
       127, 106, 211, 70, 72, 203, 241, 13, 50, 207, 15, 128, 35, 45,
       142, 70, 233, 134, 159, 93, 137, 162, 232, 159, 176, 67, 3, 236,
       232, 124, 198, 185, 111, 107, 83, 70, 97, 154, 249, 13, 50, 207,
       107, 21, 42, 25, 134, 54, 232, 148, 190, 29, 203, 70, 232, 159,
       176, 224, 11, 230, 232, 109, 1, 217, 255, 106, 99, 42, 97, 219,
       125, 153, 22, 77, 63, 209, 42, 16, 2, 92, 188, 252, 170, 187, 64,
       26, 216, 171, 148, 173, 45, 95, 255, 99, 90, 231, 213, 253, 178,
       46, 75, 154, 48, 251, 231, 39, 127, 176, 243, 47, 83, 165, 103,
       255, 71, 228, 31, 231, 121, 89, 174, 125, 88, 211, 121, 157, 59,
       156, 94, 70, 106, 225, 244, 97, 42, 7, 159, 101, 32, 64, 251, 214,
       165, 98, 32, 102, 204, 93, 23, 122, 72, 167, 160, 226, 138, 72,
       223, 117, 244, 250, 156, 123, 236, 4, 211, 211, 220, 23, 120, 131,
       63, 55, 142, 114, 134, 91, 135, 68, 79, 55, 26, 78, 57, 97, 224,
       255, 238, 107, 99, 158, 245, 62, 230, 252, 238, 221, 177, 173,
       237, 178, 121, 197, 145, 111, 247, 202, 4, 90, 55, 231, 229, 59,
       116, 184, 158, 171, 221, 158, 231, 109, 255, 87, 215, 166, 247,
       253, 229, 132, 65, 183, 200, 243, 113, 139, 155, 167, 247, 39, 95,
       237, 70, 197, 103, 36, 14, 111, 152, 113, 234, 118, 236, 211, 97,
       153, 127, 94, 196, 124, 110, 233, 244, 253, 42, 228, 186, 229,
       132, 78, 243, 82, 49, 25, 70, 65, 233, 50, 43, 107, 31, 62, 224,
       90, 230, 221, 7, 145, 96, 119, 29, 23, 188, 161, 156, 69, 94, 236,
       175, 62, 196, 190, 202, 33, 185, 70, 169, 148, 159, 201, 192, 36,
       168, 190, 147, 98, 1, 228, 226, 76, 218, 241, 111, 104, 208, 6,
       88, 219, 113, 13, 50, 223, 79, 128, 98, 41, 142, 213, 100, 188,
       83, 143, 54, 71, 138, 115, 178, 135, 18, 67, 114, 77, 127, 113,
       214, 104, 186, 56, 71, 251, 224, 153, 234, 215, 78, 160, 113, 225,
       36, 205, 252, 173, 243, 141, 45, 101, 190, 150, 191, 135, 25, 214,
       247, 90, 75, 193, 70, 121, 30, 178, 76, 251, 179, 207, 155, 221,
       124, 130, 217, 208, 98, 216, 156, 53, 247, 42, 78, 149, 184, 156,
       178, 135, 114, 223, 55, 8, 111, 103, 87, 249, 107, 121, 237, 121,
       175, 241, 227, 95, 22, 2, 104, 133, 59, 220, 37, 183, 182, 168,
       108, 95, 136, 187, 223, 131, 57, 255, 246, 73, 123, 167, 87, 125,
       17, 58, 67, 171, 160, 209, 243, 127, 154, 128, 119, 167, 115, 20,
       140, 135, 149, 150, 139, 38, 235, 22, 179, 66, 194, 113, 224, 169,
       77, 121, 110, 34, 184, 32, 216, 15, 63, 188, 38, 215, 68, 161,
       104, 48, 168, 52, 140, 139, 60, 222, 3, 134, 239, 86, 130, 224,
       218, 115, 224, 168, 81, 121, 110, 34, 40, 56, 255, 207, 63, 120,
       166, 213, 108, 241, 104, 114, 136, 173, 55, 188, 101, 164, 31,
       231, 184, 124, 190, 54, 76, 219, 121, 157, 43, 156, 86, 110, 106,
       225, 240, 121, 8, 103, 155, 101, 20, 200, 248, 214, 161, 65, 168,
       135, 157, 30, 138, 160, 232, 190, 177, 66, 66, 228, 226, 96, 66,
       113, 108, 106, 144, 3, 217, 139, 93, 140, 34, 223, 68, 144, 40,
       49, 136, 48, 164, 207, 188, 94, 11, 66, 107, 86, 161, 226, 218,
       115, 225, 128, 9, 121, 238, 106, 168, 56, 255, 77, 31, 156, 166,
       117, 84, 241, 168, 98, 8, 92, 113, 188, 230, 10, 70, 95, 152, 35,
       188, 173, 13, 127, 255, 75, 82, 215, 213, 253, 242, 8, 67, 219,
       56, 251, 197, 45, 189, 160, 179, 14, 83, 3, 97, 103, 201, 78, 129,
       168, 68, 238, 49, 243, 194, 169, 138, 116, 106, 110, 189, 123,
       205, 130, 187, 199, 209, 20, 40, 154, 192, 101, 139, 33, 140, 4,
       136, 134, 151, 145, 139, 36, 168, 190, 147, 66, 2, 228, 226, 105,
       79, 113, 110, 42, 16, 34, 208, 139, 125, 13, 38, 71, 7, 128, 104,
       33, 10, 60, 115, 104, 97, 160, 79, 95, 156, 32, 164, 255, 169, 83,
       71, 11, 16, 92, 220, 213, 98, 72, 210, 249, 8, 247, 133, 37, 149,
       97, 187, 86, 115, 34, 32, 102, 201, 76, 11, 224, 64, 71, 32, 242,
       10, 2, 136, 20, 64, 104, 140, 123, 1, 136, 179, 69, 208, 20, 40,
       129, 16, 117, 136, 114, 140, 6, 201, 150, 159, 205, 201, 166, 168,
       158, 181, 67, 3, 228, 242, 104, 194, 249, 111, 234, 83, 70, 81,
       155, 241, 13, 50, 207, 111, 144, 42, 53, 142, 66, 233, 148, 159,
       89, 192, 162, 200, 174, 144, 192, 1, 228, 226, 77, 194, 241, 109,
       106, 195, 70, 65, 219, 241, 29, 50, 207, 47, 16, 35, 43, 134, 66,
       33, 150, 156, 93, 137, 162, 104, 174, 144, 195, 11, 236, 200, 124,
       194, 176, 101, 107, 227, 70, 99, 155, 221, 29, 50, 139, 59, 16,
       43, 57, 6, 21, 141, 107, 255, 180, 131, 239, 241, 22, 129, 219,
       194, 113, 231, 184, 96, 123, 238, 63, 142, 187, 153, 44, 255, 248,
       174, 175, 128, 181, 170, 240, 224, 250, 62, 246, 246, 109, 127,
       89, 82, 57, 239, 183, 61, 206, 31, 22, 63, 239, 247, 255, 5, 188,
       239, 249, 230, 147, 251, 210, 211, 199, 205, 198, 87, 14, 167,
       114, 219, 253, 187, 190, 207, 223, 69, 248, 131, 236, 206, 62,
       192, 250, 43, 130, 213, 214, 179, 110, 241, 54, 93, 138, 203, 214,
       94, 237, 199, 82, 33, 50, 136, 31, 31, 184, 72, 237, 32, 211, 11,
       142, 152, 60, 196, 254, 157, 223, 229, 140, 163, 149, 220, 147,
       48, 10, 63, 85, 14, 33, 6, 118, 92, 246, 231, 117, 126, 254, 196,
       41, 238, 254, 15, 78, 63, 31, 214, 254, 253, 255, 231, 140, 183,
       241, 232, 183, 252, 130, 147, 199, 255, 110, 223, 185, 46, 207,
       249, 220, 187, 232, 218, 87, 187, 250, 114, 251, 168, 177, 168,
       121, 238, 126, 157, 191, 254, 103, 255, 158, 207, 243, 164, 245,
       201, 120, 172, 127, 198, 110, 78, 23, 114, 95, 236, 117, 230, 254,
       167, 74, 236, 190, 244, 123, 198, 204, 172, 188, 163, 45, 223,
