%YAML:1.0
---
descriptors: !!opencv-matrix
   rows: 217
   cols: 32
   dt: u
   data: [ 10, 90, 254, 185, 119, 247, 187, 198, 31, 79, 84, 167, 172,
       158, 55, 72, 238, 123, 151, 209, 134, 184, 50, 255, 103, 127, 154,
       131, 151, 28, 61, 223, 181, 74, 79, 254, 46, 160, 75, 82, 132,
       128, 208, 226, 49, 203, 177, 73, 106, 224, 31, 207, 136, 139, 6,
       232, 208, 168, 170, 136, 53, 185, 112, 40, 57, 201, 107, 206, 108,
       209, 237, 245, 132, 72, 252, 162, 49, 205, 176, 97, 126, 250, 54,
       206, 201, 187, 38, 189, 118, 233, 230, 168, 119, 186, 244, 248,
       243, 91, 238, 229, 246, 6, 255, 247, 56, 200, 222, 231, 121, 63,
       151, 112, 62, 247, 53, 229, 233, 219, 37, 236, 242, 47, 238, 128,
       45, 240, 177, 89, 31, 21, 106, 232, 246, 247, 251, 91, 207, 200,
       252, 230, 125, 255, 183, 96, 126, 171, 23, 191, 151, 179, 62, 221,
       246, 253, 163, 128, 191, 239, 225, 245, 25, 93, 107, 173, 46, 2,
       239, 246, 196, 194, 216, 230, 57, 186, 179, 99, 110, 237, 23, 239,
       201, 187, 180, 234, 240, 233, 238, 136, 61, 250, 97, 249, 139,
       223, 102, 220, 253, 213, 156, 119, 141, 77, 220, 247, 40, 158,
       182, 229, 238, 179, 151, 133, 247, 11, 50, 223, 51, 121, 190, 139,
       95, 220, 253, 223, 138, 176, 178, 186, 67, 245, 176, 71, 191, 31,
       96, 19, 172, 158, 110, 201, 233, 27, 131, 145, 54, 79, 18, 243,
       75, 83, 90, 107, 208, 68, 173, 207, 243, 248, 109, 64, 122, 219,
       91, 248, 175, 252, 180, 239, 43, 12, 214, 53, 46, 193, 223, 231,
       207, 13, 109, 253, 122, 8, 165, 244, 103, 151, 86, 125, 217, 253,
       58, 244, 225, 222, 119, 119, 185, 168, 126, 108, 63, 191, 33, 113,
       166, 255, 221, 66, 193, 153, 176, 204, 255, 249, 100, 130, 74,
       176, 131, 59, 121, 93, 57, 230, 53, 79, 87, 180, 201, 232, 190,
       12, 122, 61, 23, 54, 136, 228, 85, 107, 201, 35, 240, 172, 243,
       253, 5, 50, 90, 123, 94, 123, 17, 79, 79, 252, 60, 133, 202, 114,
       196, 72, 216, 70, 49, 201, 177, 96, 110, 170, 30, 206, 203, 171,
       22, 191, 176, 172, 162, 136, 61, 137, 48, 185, 158, 170, 192, 243,
       199, 249, 189, 195, 23, 23, 87, 178, 169, 255, 201, 236, 123, 219,
       183, 147, 42, 212, 111, 226, 206, 199, 254, 135, 167, 253, 188,
       167, 1, 201, 123, 89, 100, 205, 233, 220, 94, 88, 116, 0, 176,
       149, 181, 109, 78, 56, 18, 74, 195, 56, 34, 113, 69, 24, 114, 136,
       87, 153, 101, 233, 105, 233, 81, 101, 116, 140, 102, 55, 97, 0,
       106, 72, 179, 1, 144, 240, 80, 174, 4, 72, 203, 184, 197, 15, 164,
       237, 36, 0, 104, 144, 218, 40, 144, 151, 31, 161, 178, 138, 41,
       55, 52, 9, 66, 246, 149, 35, 160, 65, 102, 23, 46, 136, 49, 152,
       1, 15, 236, 167, 58, 192, 168, 128, 161, 57, 1, 23, 11, 171, 182,
       163, 169, 87, 60, 73, 91, 246, 245, 38, 184, 96, 126, 11, 23, 189,
       177, 152, 37, 94, 108, 39, 186, 192, 188, 74, 177, 249, 38, 179,
       232, 10, 251, 209, 151, 205, 143, 93, 188, 175, 12, 204, 110, 0,
       223, 91, 215, 85, 150, 43, 110, 245, 106, 85, 15, 255, 213, 31,
       255, 215, 130, 152, 190, 219, 117, 237, 177, 7, 191, 31, 86, 17,
       172, 157, 36, 77, 193, 59, 187, 17, 50, 252, 50, 229, 71, 51, 90,
       67, 146, 72, 149, 235, 31, 86, 107, 174, 118, 129, 187, 120, 31,
       116, 93, 175, 125, 207, 189, 32, 62, 253, 183, 167, 131, 23, 190,
       253, 118, 105, 171, 164, 63, 175, 51, 249, 31, 243, 233, 227, 246,
       9, 187, 216, 43, 121, 29, 239, 221, 79, 223, 40, 63, 217, 215,
       223, 147, 16, 173, 240, 94, 77, 175, 228, 173, 151, 147, 241, 13,
       18, 237, 69, 162, 122, 253, 19, 101, 247, 127, 183, 217, 53, 155,
       239, 55, 6, 247, 172, 181, 240, 117, 136, 70, 239, 113, 132, 239,
       253, 205, 245, 127, 62, 248, 82, 231, 127, 251, 154, 123, 254, 63,
       239, 88, 61, 223, 191, 63, 213, 245, 191, 149, 112, 189, 226, 94,
       95, 117, 183, 239, 247, 78, 117, 91, 151, 101, 129, 178, 26, 45,
       191, 44, 105, 94, 230, 221, 38, 154, 228, 54, 7, 61, 173, 209,
       152, 37, 221, 236, 111, 190, 196, 46, 134, 161, 125, 230, 242,
       232, 24, 77, 121, 242, 200, 235, 95, 181, 29, 10, 200, 95, 26,
       137, 200, 226, 115, 134, 103, 254, 243, 31, 24, 17, 111, 219, 29,
       126, 214, 170, 183, 32, 154, 237, 217, 148, 239, 203, 127, 29,
       189, 140, 252, 110, 166, 143, 27, 211, 17, 214, 107, 250, 243, 47,
       81, 29, 255, 214, 76, 159, 215, 239, 94, 231, 212, 101, 116, 253,
       82, 137, 222, 119, 183, 8, 191, 247, 239, 239, 253, 183, 135, 229,
       247, 166, 192, 18, 123, 250, 138, 143, 245, 126, 247, 42, 162,
       177, 179, 108, 113, 185, 72, 26, 255, 85, 251, 172, 236, 222, 142,
       159, 95, 247, 21, 146, 126, 170, 226, 92, 95, 123, 235, 198, 79,
       151, 245, 171, 219, 115, 92, 102, 145, 253, 117, 93, 72, 116, 230,
       57, 158, 182, 245, 126, 171, 150, 206, 229, 190, 166, 223, 54,
       120, 230, 170, 127, 172, 238, 253, 234, 106, 230, 8, 77, 123, 185,
       66, 203, 230, 244, 171, 8, 140, 119, 27, 232, 173, 227, 133, 204,
       119, 230, 192, 87, 81, 216, 187, 71, 124, 118, 214, 91, 155, 101,
       79, 50, 158, 63, 181, 109, 64, 94, 228, 253, 6, 146, 228, 38, 7,
       189, 205, 195, 152, 53, 253, 230, 125, 170, 192, 62, 134, 129,
       125, 29, 17, 251, 227, 150, 102, 107, 89, 100, 105, 255, 70, 83,
       23, 184, 96, 127, 140, 63, 188, 153, 177, 61, 132, 218, 239, 178,
       196, 173, 139, 225, 113, 147, 151, 107, 111, 178, 130, 127, 51,
       61, 76, 95, 231, 121, 127, 182, 113, 54, 191, 53, 231, 209, 152,
       37, 237, 250, 41, 234, 192, 45, 134, 165, 121, 243, 250, 101, 0,
       110, 155, 251, 240, 175, 248, 182, 239, 57, 28, 215, 53, 46, 177,
       95, 239, 233, 23, 44, 255, 118, 72, 169, 176, 109, 148, 86, 253,
       59, 250, 112, 94, 123, 157, 154, 248, 143, 104, 189, 239, 44, 220,
       215, 180, 175, 187, 223, 199, 207, 47, 234, 255, 187, 92, 137,
       187, 95, 135, 15, 223, 217, 154, 199, 225, 166, 50, 105, 23, 116,
       123, 214, 246, 25, 35, 208, 239, 111, 134, 60, 156, 187, 220, 37,
       195, 148, 235, 250, 196, 175, 192, 240, 57, 223, 241, 59, 234, 91,
       221, 183, 97, 175, 80, 165, 0, 60, 215, 104, 112, 166, 57, 219,
       82, 67, 3, 186, 209, 243, 209, 15, 107, 90, 2, 167, 178, 254, 123,
       161, 24, 237, 93, 148, 204, 155, 124, 176, 175, 10, 204, 223, 143,
       253, 217, 215, 119, 206, 103, 234, 208, 30, 81, 103, 255, 215, 61,
       118, 215, 45, 246, 101, 65, 189, 31, 199, 156, 71, 127, 188, 108,
       195, 72, 223, 173, 25, 66, 214, 126, 223, 112, 109, 156, 46, 91,
       181, 244, 223, 223, 218, 245, 175, 53, 224, 67, 253, 63, 219, 216,
       83, 253, 189, 254, 91, 125, 223, 182, 31, 220, 215, 63, 187, 114,
       252, 146, 126, 93, 165, 244, 239, 239, 218, 245, 10, 89, 58, 185,
       247, 247, 184, 231, 29, 77, 94, 167, 172, 159, 55, 64, 238, 59,
       151, 145, 134, 184, 2, 253, 103, 119, 154, 131, 150, 12, 61, 219,
       109, 59, 225, 69, 228, 59, 231, 144, 106, 234, 62, 236, 113, 32,
       215, 191, 25, 108, 64, 126, 149, 114, 236, 40, 46, 11, 101, 176,
       207, 251, 90, 245, 151, 166, 192, 147, 228, 56, 238, 216, 55, 154,
       83, 247, 203, 233, 217, 204, 127, 202, 23, 159, 239, 244, 207,
       226, 14, 86, 255, 132, 255, 255, 121, 149, 63, 12, 110, 127, 101,
       122, 125, 48, 245, 206, 255, 160, 251, 125, 151, 127, 94, 180,
       247, 174, 168, 244, 101, 140, 71, 251, 240, 129, 39, 231, 126,
       231, 30, 162, 194, 211, 198, 57, 170, 218, 55, 151, 85, 247, 233,
       235, 255, 204, 127, 219, 135, 147, 190, 244, 79, 226, 142, 86,
       191, 165, 167, 253, 60, 133, 59, 17, 251, 204, 246, 215, 251, 93,
       71, 73, 252, 230, 121, 255, 183, 100, 126, 171, 23, 252, 155, 179,
       54, 221, 115, 253, 163, 136, 191, 174, 240, 241, 179, 72, 107,
       222, 12, 132, 207, 244, 132, 72, 212, 70, 49, 217, 177, 96, 76,
       226, 63, 207, 203, 175, 118, 189, 241, 41, 186, 152, 61, 153, 112,
       104, 41, 151, 105, 71, 244, 187, 235, 48, 85, 232, 127, 238, 115,
