%YAML:1.0
---
descriptors: !!opencv-matrix
   rows: 139
   cols: 32
   dt: u
   data: [ 131, 50, 179, 217, 119, 183, 184, 83, 95, 11, 115, 118, 140,
       158, 164, 236, 159, 25, 146, 17, 183, 188, 113, 211, 5, 94, 26,
       194, 218, 9, 161, 245, 6, 240, 178, 219, 245, 241, 187, 200, 31,
       31, 85, 51, 140, 207, 126, 12, 221, 25, 131, 147, 18, 180, 42,
       243, 79, 22, 158, 239, 211, 95, 165, 247, 46, 126, 161, 152, 239,
       113, 158, 202, 27, 222, 80, 187, 8, 252, 127, 174, 157, 91, 179,
       231, 135, 119, 174, 243, 19, 87, 223, 175, 215, 125, 191, 215,
       151, 141, 64, 139, 222, 177, 174, 117, 236, 64, 89, 215, 201, 234,
       182, 224, 110, 43, 31, 255, 247, 8, 14, 255, 60, 12, 171, 232,
       189, 135, 185, 148, 48, 77, 122, 237, 116, 199, 127, 119, 85, 132,
       126, 2, 51, 51, 50, 16, 122, 186, 23, 168, 200, 184, 48, 63, 99,
       239, 164, 0, 117, 250, 100, 234, 2, 91, 2, 140, 93, 144, 190, 103,
       173, 132, 218, 163, 172, 142, 36, 196, 238, 59, 251, 193, 66, 139,
       2, 253, 53, 48, 142, 139, 22, 22, 189, 142, 34, 207, 98, 142, 93,
       209, 222, 232, 135, 68, 232, 139, 104, 205, 63, 0, 216, 234, 131,
       231, 78, 35, 126, 253, 55, 116, 137, 59, 119, 159, 116, 222, 10,
       170, 2, 157, 99, 144, 184, 102, 191, 12, 210, 231, 172, 143, 98,
       196, 238, 41, 171, 133, 2, 155, 130, 221, 94, 117, 218, 139, 22,
       4, 45, 155, 157, 32, 226, 243, 86, 171, 232, 80, 126, 177, 83,
       210, 89, 195, 120, 41, 123, 172, 22, 188, 49, 244, 29, 194, 223,
       139, 243, 100, 175, 137, 113, 160, 11, 159, 96, 154, 242, 145,
       188, 247, 95, 69, 92, 231, 173, 206, 182, 228, 206, 59, 151, 133,
       215, 56, 102, 245, 46, 84, 186, 235, 95, 134, 141, 221, 11, 180,
       187, 249, 118, 247, 185, 115, 127, 111, 125, 54, 188, 189, 182,
       96, 191, 59, 23, 149, 179, 184, 40, 223, 78, 95, 58, 194, 223,
       128, 161, 243, 35, 140, 235, 249, 180, 139, 235, 243, 86, 99, 94,
       214, 177, 237, 176, 96, 127, 170, 55, 28, 243, 184, 37, 223, 238,
       143, 183, 192, 181, 200, 208, 249, 53, 33, 74, 169, 212, 35, 194,
       222, 68, 193, 248, 198, 19, 129, 177, 72, 120, 136, 6, 248, 27,
       187, 5, 132, 184, 140, 162, 68, 189, 217, 248, 128, 185, 91, 107,
       238, 54, 134, 95, 116, 149, 200, 246, 231, 123, 221, 183, 113,
       126, 249, 23, 239, 201, 171, 36, 173, 242, 233, 160, 136, 127,
       186, 112, 121, 78, 27, 144, 190, 171, 96, 30, 11, 174, 27, 137,
       97, 204, 246, 225, 202, 199, 51, 189, 19, 16, 1, 203, 208, 128,
       247, 107, 159, 144, 115, 173, 19, 134, 96, 184, 155, 69, 213, 185,
       200, 31, 63, 69, 19, 140, 222, 111, 12, 217, 25, 179, 145, 6, 212,
       90, 208, 13, 16, 155, 103, 144, 29, 29, 198, 33, 93, 119, 79, 116,
       195, 231, 252, 84, 8, 124, 34, 112, 85, 189, 101, 88, 120, 18,
       106, 193, 180, 124, 125, 101, 40, 160, 0, 87, 187, 116, 233, 27,
       157, 27, 248, 147, 228, 49, 119, 174, 89, 72, 86, 60, 183, 32, 96,
       231, 59, 27, 144, 147, 9, 50, 245, 217, 237, 26, 74, 152, 0, 161,
       187, 134, 112, 160, 145, 69, 245, 176, 74, 95, 239, 81, 23, 140,
       220, 127, 140, 217, 9, 147, 21, 134, 244, 120, 210, 5, 22, 155,
       175, 151, 93, 29, 214, 60, 205, 182, 255, 221, 119, 254, 238, 215,
       187, 248, 18, 107, 249, 61, 139, 249, 251, 151, 227, 124, 251, 26,
       191, 251, 223, 215, 7, 247, 125, 248, 130, 143, 158, 227, 152,
       239, 245, 190, 219, 31, 95, 212, 247, 44, 238, 190, 237, 255, 219,
       183, 135, 183, 223, 63, 243, 30, 94, 223, 206, 159, 205, 189, 213,
       119, 95, 111, 132, 198, 2, 175, 115, 160, 198, 218, 231, 89, 238,
       183, 99, 126, 245, 55, 231, 229, 215, 164, 206, 120, 42, 239, 128,
       45, 180, 119, 213, 21, 20, 223, 236, 22, 162, 107, 80, 148, 131,
       219, 114, 81, 211, 169, 96, 126, 181, 30, 184, 57, 149, 21, 206,
       240, 175, 170, 128, 189, 235, 32, 32, 21, 80, 75, 234, 150, 130,
       107, 80, 52, 192, 211, 198, 81, 199, 185, 104, 126, 168, 31, 190,
       137, 151, 61, 206, 248, 175, 171, 196, 173, 187, 49, 176, 167,
       143, 94, 255, 252, 35, 207, 235, 31, 186, 216, 114, 222, 233, 253,
       129, 255, 231, 63, 239, 112, 247, 75, 250, 188, 158, 239, 148,
       221, 250, 113, 161, 14, 113, 49, 130, 109, 85, 188, 200, 143, 188,
       89, 3, 140, 222, 109, 143, 200, 25, 147, 211, 70, 18, 250, 208,
       23, 80, 207, 47, 18, 31, 21, 198, 46, 113, 32, 134, 77, 85, 188,
       232, 137, 252, 25, 139, 140, 220, 127, 135, 204, 89, 211, 71, 68,
       99, 218, 192, 23, 80, 207, 175, 23, 63, 31, 214, 135, 176, 188,
       178, 238, 165, 189, 218, 138, 222, 21, 191, 156, 254, 127, 43,
       143, 27, 119, 151, 146, 96, 190, 224, 79, 25, 127, 175, 156, 81,
       135, 243, 165, 21, 127, 77, 244, 70, 239, 121, 84, 72, 127, 34,
       81, 21, 188, 97, 122, 156, 22, 106, 241, 178, 53, 14, 103, 175,
       160, 4, 127, 171, 240, 177, 134, 140, 222, 254, 220, 35, 238, 235,
       159, 130, 216, 18, 237, 233, 117, 65, 251, 239, 11, 187, 120, 227,
       74, 238, 188, 158, 207, 28, 213, 123, 249, 128, 47, 155, 149, 190,
       169, 181, 29, 191, 143, 95, 152, 125, 238, 238, 166, 206, 205, 99,
       174, 21, 159, 107, 106, 177, 170, 118, 93, 250, 154, 253, 136, 85,
       181, 66, 202, 253, 78, 34, 233, 88, 84, 6, 243, 214, 113, 203,
       177, 73, 126, 172, 38, 142, 169, 247, 215, 202, 84, 170, 227, 8,
       61, 169, 112, 128, 159, 32, 231, 225, 70, 34, 168, 81, 57, 179,
       115, 242, 25, 143, 221, 43, 126, 157, 87, 189, 129, 246, 133, 192,
       86, 8, 251, 228, 229, 161, 99, 160, 25, 140, 107, 249, 20, 171,
       235, 115, 126, 65, 95, 226, 189, 175, 176, 96, 119, 42, 23, 12,
       179, 184, 37, 223, 206, 239, 178, 192, 181, 136, 113, 249, 172,
       149, 122, 123, 244, 239, 115, 241, 116, 13, 119, 20, 83, 89, 190,
       17, 91, 42, 7, 56, 178, 180, 56, 31, 111, 139, 32, 65, 251, 139,
       206, 162, 3, 25, 7, 157, 114, 166, 168, 39, 188, 65, 82, 215, 188,
       6, 180, 193, 230, 47, 27, 133, 181, 152, 21, 205, 4, 34, 186, 128,
       12, 4, 41, 221, 3, 203, 6, 157, 118, 147, 172, 229, 30, 72, 82,
       227, 172, 138, 178, 196, 234, 43, 179, 197, 70, 152, 7, 253, 36,
       48, 158, 131, 28, 28, 185, 141, 43, 149, 99, 201, 245, 215, 237,
       119, 85, 73, 252, 34, 25, 60, 188, 100, 92, 30, 23, 153, 211, 186,
       117, 157, 47, 126, 190, 194, 151, 14, 244, 189, 16, 77, 90, 172,
       22, 194, 127, 103, 172, 4, 218, 163, 53, 158, 34, 80, 238, 187,
       31, 225, 76, 139, 0, 111, 241, 229, 174, 137, 52, 18, 173, 11, 24,
       93, 94, 164, 54, 78, 127, 117, 164, 132, 250, 35, 63, 19, 33, 80,
       110, 245, 79, 226, 72, 139, 16, 44, 241, 233, 46, 128, 33, 178,
       39, 43, 198, 30, 14, 154, 194, 160, 57, 67, 60, 31, 199, 183, 12,
       46, 38, 89, 231, 151, 167, 149, 50, 158, 7, 231, 84, 39, 250, 193,
       132, 69, 173, 83, 60, 217, 150, 254, 237, 87, 246, 252, 215, 184,
       242, 99, 106, 249, 49, 131, 233, 247, 175, 211, 108, 251, 75, 189,
       186, 215, 231, 151, 155, 127, 120, 139, 93, 95, 26, 174, 176, 164,
       31, 176, 188, 72, 92, 68, 255, 255, 35, 112, 214, 123, 29, 103,
       215, 3, 186, 255, 241, 253, 46, 136, 152, 115, 169, 83, 172, 71,
       239, 245, 230, 66, 125, 247, 21, 151, 118, 243, 9, 45, 177, 75,
       111, 214, 167, 178, 240, 252, 101, 170, 111, 235, 244, 133, 167,
       252, 244, 249, 38, 126, 232, 131, 231, 99, 191, 214, 27, 238, 28,
       167, 8, 205, 247, 12, 255, 121, 147, 211, 134, 182, 172, 242, 110,
       21, 175, 175, 215, 127, 127, 215, 130, 205, 2, 140, 117, 181, 182,
       198, 158, 9, 88, 19, 164, 152, 53, 192, 200, 42, 130, 65, 102, 43,
       66, 187, 33, 85, 138, 43, 20, 88, 57, 142, 181, 64, 210, 232, 86,
       131, 194, 85, 214, 129, 241, 86, 83, 193, 185, 0, 88, 168, 6, 252,
       58, 167, 4, 154, 112, 140, 166, 8, 253, 186, 240, 128, 129, 206,
       204, 191, 52, 10, 108, 189, 86, 83, 71, 214, 241, 98, 186, 97,
       115, 110, 46, 142, 229, 252, 79, 191, 228, 235, 246, 0, 60, 250,
