%YAML:1.0
---
descriptors: !!opencv-matrix
   rows: 119
   cols: 32
   dt: u
   data: [ 11, 152, 99, 217, 233, 156, 253, 246, 61, 75, 254, 198, 185,
       143, 158, 244, 110, 186, 255, 140, 211, 154, 247, 241, 55, 125,
       178, 192, 239, 140, 100, 253, 32, 133, 88, 139, 212, 131, 178,
       231, 12, 5, 95, 3, 112, 115, 46, 64, 216, 18, 19, 32, 86, 152, 65,
       221, 111, 37, 138, 67, 17, 10, 252, 138, 186, 71, 106, 168, 101,
       127, 220, 68, 13, 108, 240, 191, 14, 12, 55, 89, 248, 133, 223,
       231, 200, 179, 97, 192, 147, 81, 170, 151, 101, 29, 54, 211, 34,
       193, 96, 200, 85, 199, 134, 237, 76, 8, 240, 3, 32, 24, 52, 4,
       216, 154, 131, 97, 202, 42, 64, 221, 57, 28, 142, 123, 85, 14,
       212, 138, 186, 223, 110, 74, 245, 223, 255, 247, 77, 92, 246, 190,
       59, 29, 182, 117, 110, 146, 215, 237, 250, 191, 117, 255, 127,
       249, 180, 193, 119, 156, 254, 255, 187, 84, 102, 236, 111, 23,
       253, 126, 213, 238, 244, 198, 59, 157, 182, 229, 126, 248, 151,
       239, 233, 183, 54, 221, 51, 249, 226, 170, 127, 188, 244, 253, 64,
       162, 143, 157, 12, 139, 161, 40, 142, 176, 66, 70, 244, 226, 96,
       66, 112, 108, 106, 144, 3, 209, 139, 93, 12, 34, 235, 36, 24, 40,
       1, 128, 48, 32, 206, 61, 28, 3, 193, 75, 86, 161, 226, 10, 83,
       160, 64, 8, 24, 140, 98, 8, 40, 251, 199, 29, 88, 162, 113, 84,
       97, 40, 106, 128, 3, 30, 251, 255, 244, 167, 239, 214, 94, 203,
       88, 102, 188, 223, 177, 96, 255, 123, 23, 139, 227, 190, 96, 255,
       100, 190, 190, 128, 157, 217, 113, 185, 135, 184, 234, 159, 230,
       244, 185, 211, 59, 207, 84, 183, 60, 254, 247, 40, 255, 123, 183,
       149, 181, 254, 182, 226, 31, 127, 254, 234, 205, 100, 63, 247, 53,
       65, 107, 172, 87, 6, 206, 104, 69, 132, 235, 134, 83, 136, 59, 64,
       120, 172, 2, 239, 204, 179, 53, 140, 179, 237, 130, 4, 125, 171,
       112, 132, 32, 160, 135, 156, 73, 195, 160, 104, 142, 176, 96, 2,
       96, 226, 100, 66, 120, 109, 98, 241, 2, 211, 155, 93, 13, 34, 207,
       44, 17, 34, 99, 128, 38, 30, 122, 223, 230, 241, 191, 226, 31, 78,
       124, 163, 172, 238, 183, 0, 255, 123, 151, 195, 214, 186, 234,
       251, 118, 63, 158, 171, 85, 255, 125, 219, 4, 136, 134, 23, 201,
       143, 36, 232, 182, 176, 67, 0, 224, 240, 43, 143, 185, 102, 226,
       82, 100, 216, 27, 125, 13, 2, 69, 3, 192, 106, 45, 142, 219, 91,
       226, 199, 102, 22, 255, 150, 41, 204, 214, 231, 57, 46, 151, 122,
       110, 247, 255, 207, 141, 217, 165, 234, 118, 109, 238, 128, 175,
       245, 119, 125, 66, 161, 132, 157, 93, 193, 160, 8, 238, 148, 193,
       1, 228, 194, 76, 66, 208, 109, 106, 241, 6, 67, 219, 217, 29, 48,
       203, 47, 16, 34, 59, 134, 98, 32, 70, 232, 77, 3, 104, 72, 133,
       32, 195, 11, 0, 137, 52, 80, 232, 141, 123, 225, 8, 147, 195, 208,
       23, 48, 138, 63, 53, 10, 112, 130, 153, 165, 37, 183, 148, 79,
       229, 55, 116, 47, 91, 81, 183, 41, 26, 0, 25, 10, 93, 13, 122,
       184, 65, 15, 237, 223, 182, 192, 228, 72, 209, 232, 126, 86, 236,
       110, 41, 116, 83, 152, 3, 127, 157, 237, 106, 125, 159, 126, 221,
       212, 253, 231, 143, 39, 251, 177, 211, 127, 225, 191, 190, 255,
       84, 119, 2, 137, 2, 153, 149, 132, 172, 103, 4, 1, 64, 3, 164,
       146, 32, 65, 200, 42, 19, 197, 82, 152, 18, 221, 37, 32, 154, 66,
       20, 8, 177, 138, 2, 132, 18, 137, 81, 162, 178, 35, 44, 5, 74, 17,
       172, 50, 44, 68, 209, 51, 139, 161, 54, 152, 65, 223, 13, 54, 26,
       67, 144, 6, 173, 142, 83, 74, 111, 156, 10, 128, 79, 246, 132, 64,
       212, 194, 49, 135, 177, 97, 110, 242, 63, 206, 201, 139, 38, 237,
       240, 168, 234, 136, 61, 177, 48, 121, 245, 250, 205, 254, 46, 1,
       79, 248, 194, 216, 149, 238, 115, 193, 249, 98, 95, 192, 124, 238,
       203, 71, 238, 49, 184, 137, 229, 188, 61, 187, 112, 49, 132, 205,
       212, 158, 252, 162, 238, 238, 154, 146, 25, 178, 205, 238, 185, 1,
       123, 227, 6, 226, 112, 111, 14, 255, 60, 214, 239, 236, 149, 243,
       161, 128, 3, 186, 194, 147, 114, 187, 186, 119, 62, 105, 83, 247,
       237, 46, 150, 196, 55, 47, 23, 133, 183, 152, 21, 255, 12, 46, 58,
       192, 45, 132, 169, 221, 10, 65, 22, 217, 65, 212, 176, 64, 47, 21,
       71, 1, 140, 154, 110, 205, 224, 25, 163, 208, 6, 144, 19, 209, 7,
       48, 26, 67, 18, 5, 45, 134, 137, 154, 126, 251, 164, 168, 233,
       151, 238, 89, 86, 112, 189, 155, 240, 105, 230, 43, 63, 153, 151,
       60, 2, 241, 70, 217, 122, 200, 158, 128, 217, 137, 17, 14, 219,
       249, 182, 162, 107, 246, 55, 139, 90, 230, 185, 227, 177, 96, 127,
       235, 23, 156, 187, 156, 4, 254, 238, 239, 190, 128, 189, 217, 240,
       169, 73, 34, 135, 37, 18, 11, 33, 27, 54, 161, 70, 196, 209, 131,
       128, 72, 112, 12, 42, 140, 1, 216, 197, 20, 76, 163, 243, 0, 40,
       128, 33, 40, 48, 34, 143, 45, 92, 3, 225, 75, 86, 161, 226, 74,
       83, 129, 64, 8, 88, 140, 98, 24, 9, 250, 215, 21, 92, 131, 113,
       20, 105, 8, 114, 168, 17, 158, 187, 255, 182, 167, 255, 246, 92,
       75, 88, 230, 189, 255, 177, 96, 255, 123, 23, 157, 147, 188, 32,
       255, 229, 239, 190, 128, 157, 219, 241, 185, 32, 32, 77, 137, 78,
       137, 225, 67, 100, 49, 194, 66, 147, 128, 20, 72, 104, 140, 106,
       153, 10, 186, 69, 80, 20, 40, 146, 32, 53, 8, 112, 168, 139, 58,
       235, 187, 118, 228, 187, 82, 30, 203, 82, 247, 189, 255, 180, 40,
       255, 123, 151, 149, 179, 190, 182, 235, 94, 127, 186, 192, 141,
       140, 53, 251, 34, 156, 251, 255, 246, 229, 191, 246, 30, 65, 124,
       39, 189, 253, 53, 64, 127, 123, 23, 129, 211, 186, 56, 255, 101,
       173, 190, 162, 253, 91, 37, 251, 181, 73, 43, 174, 29, 198, 198,
       96, 197, 204, 243, 3, 67, 201, 49, 64, 88, 168, 2, 239, 72, 163,
       16, 140, 243, 237, 129, 25, 113, 59, 112, 194, 42, 221, 126, 219,
       245, 221, 255, 246, 77, 86, 254, 15, 58, 29, 54, 245, 239, 147,
       151, 207, 226, 186, 113, 253, 127, 219, 214, 65, 87, 156, 254,
       250, 68, 169, 134, 31, 73, 205, 160, 40, 174, 144, 67, 0, 228,
       240, 109, 198, 208, 100, 234, 64, 4, 193, 155, 93, 13, 50, 71, 11,
       64, 42, 45, 134, 32, 32, 6, 141, 77, 199, 160, 72, 142, 164, 192,
       11, 68, 194, 32, 194, 216, 36, 234, 96, 2, 227, 210, 93, 21, 32,
       139, 63, 16, 42, 60, 130, 50, 32, 2, 136, 77, 75, 224, 72, 141,
       32, 195, 11, 2, 136, 36, 192, 248, 141, 107, 97, 8, 163, 209, 208,
       17, 48, 138, 63, 17, 10, 116, 130, 59, 92, 106, 205, 111, 87, 255,
       254, 93, 70, 220, 162, 57, 189, 182, 229, 126, 222, 183, 239, 233,
       191, 119, 233, 55, 251, 218, 139, 119, 220, 252, 253, 245, 0, 203,
       238, 14, 162, 75, 81, 240, 194, 243, 214, 83, 195, 177, 123, 122,
       164, 60, 174, 169, 167, 164, 8, 208, 233, 227, 8, 173, 227, 112,
       32, 223, 126, 238, 151, 118, 148, 255, 244, 57, 206, 214, 231, 57,
       14, 151, 247, 110, 245, 253, 207, 229, 223, 165, 234, 118, 105,
       174, 128, 47, 181, 127, 125, 126, 122, 253, 117, 34, 123, 190,
       178, 45, 254, 62, 239, 95, 60, 215, 186, 167, 245, 255, 71, 197,
       244, 109, 248, 86, 95, 109, 182, 111, 255, 95, 87, 127, 90, 232,
       109, 46, 63, 91, 154, 11, 254, 156, 237, 203, 61, 215, 126, 222,
       213, 253, 103, 141, 98, 233, 186, 198, 253, 97, 182, 190, 255, 84,
       117, 213, 239, 221, 246, 254, 35, 79, 252, 90, 226, 191, 254, 125,
       99, 153, 35, 51, 199, 110, 110, 241, 227, 173, 254, 248, 207, 103,
       188, 172, 243, 225, 33, 64, 41, 146, 133, 165, 12, 180, 39, 232,
       169, 10, 8, 174, 160, 64, 2, 128, 103, 108, 0, 64, 169, 130, 192,
       165, 244, 94, 18, 128, 122, 137, 15, 165, 239, 207, 246, 252, 35,
       207, 252, 82, 226, 185, 250, 241, 225, 185, 35, 91, 198, 70, 238,
       249, 103, 108, 191, 250, 207, 231, 188, 245, 251, 210, 225, 189,
       255, 253, 246, 190, 116, 95, 252, 211, 250, 188, 126, 123, 253,
       251, 35, 127, 243, 253, 234, 249, 103, 190, 191, 250, 207, 239,
       252, 191, 251, 240, 241, 17, 142, 75, 253, 180, 162, 107, 246,
