%YAML:1.0
---
descriptors: !!opencv-matrix
   rows: 153
   cols: 32
   dt: u
   data: [ 59, 182, 248, 253, 125, 87, 89, 119, 95, 239, 220, 151, 173,
       47, 246, 100, 255, 255, 183, 140, 188, 250, 117, 219, 255, 223,
       215, 195, 151, 204, 236, 255, 42, 133, 48, 169, 213, 211, 246,
       109, 77, 5, 88, 3, 169, 72, 54, 132, 216, 59, 151, 97, 222, 184,
       69, 157, 47, 85, 142, 71, 119, 14, 220, 134, 11, 148, 34, 159, 85,
       254, 186, 47, 125, 69, 74, 23, 236, 56, 62, 196, 209, 43, 147, 37,
       180, 152, 85, 255, 47, 54, 154, 195, 30, 12, 153, 222, 3, 129, 18,
       153, 215, 133, 148, 101, 92, 1, 66, 2, 36, 24, 36, 64, 216, 59,
       19, 129, 82, 184, 17, 221, 37, 34, 154, 66, 21, 8, 177, 14, 42,
       116, 250, 250, 117, 245, 248, 87, 223, 77, 93, 18, 40, 221, 60,
       44, 253, 59, 147, 153, 134, 178, 50, 243, 119, 93, 158, 43, 215,
       92, 250, 210, 33, 12, 250, 249, 93, 233, 216, 71, 215, 1, 232, 19,
       179, 153, 55, 72, 201, 169, 19, 17, 46, 170, 82, 191, 207, 221,
       146, 73, 146, 200, 240, 138, 21, 134, 143, 149, 18, 138, 35, 186,
       54, 178, 66, 70, 113, 224, 168, 65, 49, 100, 42, 44, 33, 216, 15,
       31, 124, 167, 119, 68, 168, 40, 113, 32, 52, 132, 139, 156, 94, 3,
       71, 123, 22, 162, 192, 90, 113, 225, 32, 64, 121, 236, 34, 168,
       41, 251, 13, 31, 120, 167, 247, 44, 185, 232, 112, 160, 47, 197,
       97, 75, 213, 223, 166, 253, 77, 96, 120, 66, 72, 88, 188, 164,
       120, 8, 18, 107, 211, 184, 108, 253, 44, 28, 133, 102, 95, 159,
       208, 164, 2, 32, 90, 169, 110, 139, 184, 72, 14, 32, 192, 195,
       132, 138, 112, 72, 234, 29, 123, 5, 0, 159, 195, 208, 20, 0, 26,
       34, 20, 8, 33, 136, 53, 65, 74, 236, 22, 6, 206, 104, 68, 192,
       235, 130, 83, 8, 57, 96, 120, 196, 26, 238, 77, 179, 21, 140, 240,
       233, 130, 4, 125, 186, 120, 0, 49, 65, 42, 168, 4, 71, 90, 72, 68,
       204, 249, 11, 23, 140, 51, 49, 216, 129, 23, 231, 205, 179, 116,
       12, 241, 161, 170, 157, 85, 43, 122, 66, 100, 168, 134, 158, 89,
       199, 162, 232, 154, 149, 97, 11, 100, 242, 105, 209, 217, 110,
       162, 96, 34, 82, 154, 61, 61, 38, 79, 111, 144, 42, 47, 130, 2,
       33, 150, 157, 95, 143, 160, 72, 142, 176, 195, 2, 228, 192, 48,
       198, 48, 101, 106, 225, 0, 225, 155, 221, 13, 34, 75, 22, 1, 42,
       25, 2, 245, 10, 207, 254, 12, 162, 75, 80, 193, 194, 245, 202,
       115, 233, 177, 123, 90, 228, 124, 238, 137, 167, 174, 40, 208,
       235, 225, 152, 125, 235, 114, 32, 197, 207, 251, 246, 252, 42,
       239, 188, 250, 234, 57, 252, 221, 227, 249, 35, 55, 103, 110, 110,
       241, 101, 174, 238, 124, 159, 103, 188, 172, 243, 195, 33, 253,
       10, 239, 254, 44, 176, 75, 80, 196, 194, 215, 230, 113, 227, 177,
       107, 78, 224, 62, 206, 169, 135, 38, 168, 210, 171, 234, 136, 63,
       187, 112, 121, 54, 184, 195, 158, 25, 195, 11, 232, 150, 129, 192,
       130, 112, 246, 104, 100, 120, 248, 50, 208, 11, 75, 158, 157, 24,
       6, 143, 126, 61, 42, 36, 60, 2, 149, 48, 203, 245, 247, 186, 234,
       31, 5, 94, 34, 204, 126, 46, 228, 217, 27, 147, 145, 18, 152, 105,
       223, 47, 22, 138, 71, 150, 78, 61, 239, 39, 173, 99, 67, 213, 159,
       166, 237, 79, 97, 120, 66, 200, 88, 189, 164, 217, 74, 146, 123,
       183, 184, 124, 255, 46, 28, 5, 102, 223, 15, 217, 132, 7, 172, 34,
       19, 213, 191, 186, 235, 95, 225, 92, 71, 232, 104, 255, 164, 249,
       107, 146, 53, 183, 248, 28, 255, 46, 30, 143, 231, 221, 76, 121,
       148, 3, 177, 119, 89, 245, 157, 160, 5, 111, 81, 114, 102, 168,
       152, 244, 165, 238, 42, 146, 81, 215, 184, 119, 213, 14, 24, 18,
       66, 95, 12, 217, 157, 18, 149, 123, 172, 147, 66, 29, 103, 37, 69,
       248, 179, 13, 191, 32, 113, 110, 147, 151, 161, 89, 139, 36, 205,
       243, 225, 218, 203, 53, 0, 166, 123, 169, 136, 37, 218, 77, 213,
       193, 75, 199, 123, 165, 24, 18, 217, 116, 47, 201, 152, 18, 8, 27,
       47, 122, 145, 83, 217, 208, 125, 210, 8, 240, 170, 25, 134, 207,
       61, 18, 2, 99, 59, 118, 224, 66, 198, 115, 97, 144, 97, 49, 236,
       44, 172, 169, 252, 37, 31, 216, 231, 113, 4, 169, 160, 112, 40,
       49, 32, 207, 141, 94, 3, 225, 91, 86, 161, 194, 66, 81, 130, 128,
       72, 120, 140, 34, 152, 9, 250, 199, 28, 92, 162, 251, 0, 41, 8,
       112, 160, 48, 32, 207, 61, 86, 11, 193, 91, 86, 161, 226, 90, 83,
       161, 0, 9, 120, 172, 98, 136, 9, 254, 71, 29, 220, 163, 241, 64,
       97, 168, 114, 168, 48, 65, 79, 44, 29, 67, 71, 104, 196, 128, 225,
       10, 83, 208, 49, 112, 88, 164, 10, 234, 76, 163, 20, 12, 241, 160,
       129, 25, 113, 58, 116, 2, 0, 34, 91, 137, 78, 137, 169, 66, 46,
       33, 194, 194, 149, 130, 112, 72, 106, 13, 106, 141, 2, 157, 69,
       80, 20, 0, 58, 0, 61, 8, 33, 168, 32, 32, 79, 129, 78, 131, 233,
       67, 100, 49, 210, 194, 145, 128, 80, 72, 104, 140, 106, 153, 11,
       154, 199, 80, 4, 40, 186, 0, 45, 8, 112, 168, 53, 65, 74, 172, 29,
       70, 199, 104, 196, 128, 227, 2, 83, 201, 59, 96, 120, 172, 10,
       238, 72, 163, 20, 140, 241, 173, 130, 28, 121, 59, 112, 2, 48,
       160, 134, 28, 88, 3, 128, 72, 22, 176, 226, 10, 80, 192, 96, 88,
       121, 108, 34, 48, 8, 211, 155, 28, 89, 34, 209, 36, 81, 40, 52,
       170, 2, 0, 88, 161, 70, 137, 184, 66, 140, 0, 176, 227, 148, 10,
       100, 72, 110, 153, 91, 133, 2, 63, 68, 192, 148, 16, 154, 58, 21,
       136, 51, 136, 36, 160, 150, 156, 89, 135, 176, 232, 150, 180, 65,
       9, 228, 240, 104, 212, 217, 108, 162, 96, 6, 82, 218, 29, 29, 34,
       79, 111, 16, 42, 47, 130, 66, 33, 22, 140, 93, 197, 160, 72, 174,
       132, 195, 10, 196, 194, 32, 70, 240, 37, 106, 225, 0, 35, 147,
       220, 21, 48, 139, 27, 0, 42, 49, 6, 50, 97, 66, 201, 77, 67, 224,
       72, 77, 32, 226, 11, 0, 136, 52, 64, 248, 140, 107, 225, 0, 163,
       209, 208, 21, 48, 130, 63, 21, 10, 112, 130, 132, 229, 134, 159,
       217, 175, 166, 232, 190, 176, 75, 3, 228, 226, 105, 194, 241, 110,
       234, 114, 102, 209, 155, 127, 45, 34, 79, 79, 16, 123, 41, 134,
       19, 158, 194, 151, 50, 178, 170, 210, 63, 103, 82, 247, 109, 142,
       190, 196, 55, 175, 159, 149, 183, 156, 5, 255, 28, 38, 59, 194,
       175, 133, 41, 149, 253, 2, 239, 254, 36, 162, 75, 80, 197, 194,
       215, 226, 81, 203, 177, 107, 126, 228, 63, 174, 185, 135, 36, 136,
       210, 235, 227, 136, 175, 171, 112, 97, 92, 69, 60, 230, 60, 91,
       86, 168, 132, 168, 143, 8, 215, 95, 9, 66, 208, 84, 237, 114, 72,
       1, 73, 60, 251, 213, 175, 29, 48, 59, 21, 19, 113, 222, 74, 222,
       62, 128, 78, 246, 149, 8, 212, 230, 49, 131, 176, 96, 110, 162,
       62, 200, 235, 11, 6, 239, 242, 172, 178, 136, 61, 152, 112, 25,
       213, 119, 253, 231, 174, 7, 79, 188, 196, 250, 191, 102, 119, 115,
       137, 115, 127, 199, 124, 238, 233, 67, 239, 46, 248, 203, 231,
       180, 45, 243, 160, 49, 70, 101, 146, 139, 219, 11, 174, 232, 62,
       160, 235, 139, 204, 170, 45, 80, 250, 221, 107, 227, 64, 147, 201,
       222, 189, 52, 143, 63, 144, 123, 35, 134, 253, 255, 255, 254, 190,
       119, 223, 252, 211, 250, 189, 254, 91, 253, 187, 49, 127, 215,
       125, 238, 249, 103, 174, 191, 250, 207, 239, 188, 255, 251, 242,
       113, 43, 244, 232, 75, 125, 241, 185, 207, 91, 93, 125, 51, 24,
       252, 94, 164, 217, 155, 147, 145, 134, 114, 254, 195, 111, 93,
       159, 239, 215, 94, 254, 247, 30, 140, 173, 243, 188, 99, 125, 207,
       158, 255, 159, 179, 221, 111, 251, 107, 251, 211, 191, 177, 51,
       212, 107, 242, 239, 215, 255, 149, 148, 249, 149, 115, 249, 166,
       239, 101, 30, 34, 65, 123, 81, 171, 246, 246, 19, 41, 144, 99,
       127, 132, 108, 172, 185, 255, 229, 142, 90, 239, 245, 148, 47,
       232, 112, 41, 223, 240, 253, 250, 139, 53, 30, 216, 151, 250, 149,
       110, 93, 255, 107, 235, 127, 217, 189, 246, 239, 71, 251, 241,
       251, 203, 239, 190, 191, 247, 41, 115, 159, 119, 178, 250, 175,
       117, 31, 216, 151, 254, 181, 103, 92, 215, 107, 13, 253, 203, 159,
