%YAML:1.0
---
descriptors: !!opencv-matrix
   rows: 194
   cols: 32
   dt: u
   data: [ 234, 184, 189, 240, 235, 237, 185, 87, 171, 255, 180, 57, 188,
       191, 68, 27, 141, 179, 255, 17, 178, 111, 242, 225, 95, 83, 95,
       251, 193, 68, 135, 123, 174, 124, 54, 157, 203, 125, 183, 72, 175,
       254, 246, 43, 236, 247, 67, 127, 233, 252, 235, 226, 32, 247, 235,
       250, 215, 114, 71, 59, 211, 127, 39, 247, 234, 184, 254, 24, 201,
       249, 145, 71, 251, 87, 164, 61, 42, 172, 70, 27, 169, 163, 235,
       20, 54, 111, 178, 243, 91, 91, 84, 123, 195, 68, 207, 94, 26, 157,
       171, 250, 151, 227, 191, 231, 159, 65, 204, 162, 188, 255, 32, 96,
       251, 123, 155, 145, 51, 153, 56, 255, 235, 215, 158, 195, 150, 72,
       181, 250, 167, 212, 235, 222, 244, 246, 175, 230, 92, 203, 91, 50,
       81, 252, 191, 105, 251, 239, 51, 175, 229, 246, 46, 238, 127, 47,
       255, 140, 149, 249, 244, 229, 205, 168, 172, 183, 141, 141, 117,
       184, 150, 187, 135, 25, 215, 243, 91, 74, 145, 78, 121, 29, 178,
       76, 219, 177, 205, 219, 253, 124, 128, 120, 209, 67, 45, 33, 115,
       67, 244, 159, 235, 16, 109, 72, 127, 72, 147, 17, 157, 52, 26,
       168, 22, 126, 145, 176, 100, 44, 103, 152, 32, 64, 78, 139, 194,
       161, 41, 67, 97, 75, 116, 159, 235, 52, 69, 104, 127, 76, 211, 9,
       156, 36, 88, 140, 22, 110, 201, 176, 101, 28, 38, 156, 160, 208,
       119, 154, 82, 229, 214, 191, 235, 214, 212, 126, 238, 244, 121,
       255, 244, 158, 73, 46, 95, 169, 59, 255, 215, 179, 181, 254, 172,
       238, 63, 95, 255, 231, 197, 241, 255, 222, 107, 214, 212, 190,
       111, 185, 252, 207, 159, 23, 124, 191, 173, 170, 46, 142, 239,
       131, 238, 5, 102, 79, 246, 211, 150, 247, 222, 139, 158, 92, 141,
       95, 75, 247, 239, 250, 252, 212, 253, 255, 191, 95, 223, 247, 184,
       253, 190, 97, 239, 55, 255, 133, 247, 75, 171, 215, 127, 127, 254,
       206, 30, 212, 253, 127, 139, 151, 125, 243, 246, 206, 253, 247,
       125, 95, 127, 246, 189, 63, 156, 97, 111, 155, 23, 141, 243, 248,
       109, 215, 110, 255, 190, 196, 45, 200, 241, 249, 207, 222, 251,
       246, 254, 184, 254, 191, 255, 251, 54, 246, 253, 239, 254, 239,
       55, 247, 127, 157, 183, 93, 173, 235, 254, 255, 127, 236, 174,
       244, 169, 121, 5, 136, 166, 31, 149, 155, 160, 171, 246, 179, 70,
       2, 224, 224, 175, 111, 113, 110, 34, 24, 38, 216, 47, 125, 13, 38,
       87, 69, 144, 104, 113, 172, 143, 159, 247, 247, 254, 146, 253,
       191, 159, 219, 151, 247, 221, 255, 190, 47, 223, 119, 255, 157,
       247, 205, 47, 239, 110, 127, 255, 198, 142, 244, 177, 245, 143,
       190, 239, 216, 169, 213, 189, 123, 191, 223, 151, 245, 188, 254,
       246, 239, 231, 59, 255, 149, 247, 77, 163, 211, 122, 123, 255,
       254, 158, 164, 245, 247, 40, 160, 206, 157, 76, 131, 233, 74, 22,
       177, 194, 26, 81, 193, 48, 201, 121, 172, 35, 137, 16, 250, 195,
       149, 92, 35, 251, 96, 133, 8, 112, 168, 175, 191, 253, 253, 236,
       182, 253, 155, 223, 219, 84, 247, 253, 252, 215, 111, 207, 91,
       183, 29, 183, 232, 231, 251, 78, 123, 255, 206, 159, 237, 241,
       253, 177, 69, 99, 12, 92, 135, 194, 120, 85, 192, 251, 70, 83,
       200, 181, 96, 120, 168, 22, 111, 237, 179, 4, 158, 48, 44, 161, 0,
       125, 174, 112, 196, 36, 233, 150, 158, 219, 131, 164, 232, 158,
       182, 96, 11, 100, 226, 105, 219, 249, 111, 34, 81, 98, 82, 138,
       125, 29, 34, 207, 111, 145, 106, 45, 130, 98, 32, 198, 156, 78,
       131, 160, 72, 158, 176, 64, 11, 96, 234, 100, 80, 248, 237, 99,
       225, 66, 83, 139, 221, 29, 34, 207, 47, 21, 42, 116, 130, 15, 183,
       121, 211, 254, 253, 187, 153, 95, 127, 29, 255, 221, 254, 222, 44,
       151, 27, 215, 183, 183, 80, 254, 215, 79, 95, 59, 238, 158, 199,
       135, 247, 241, 199, 79, 101, 150, 10, 111, 185, 100, 224, 250,
       198, 83, 35, 144, 113, 126, 196, 92, 110, 249, 176, 101, 12, 244,
       169, 165, 132, 109, 186, 208, 32, 121, 135, 71, 101, 55, 18, 111,
       188, 101, 160, 250, 230, 75, 35, 152, 245, 122, 196, 172, 238,
       249, 176, 69, 205, 180, 232, 167, 132, 47, 182, 240, 36, 10, 175,
       162, 187, 151, 225, 190, 231, 159, 69, 88, 135, 172, 236, 50, 0,
       233, 107, 131, 149, 22, 152, 10, 255, 175, 87, 159, 235, 213, 94,
       181, 202, 172, 184, 168, 241, 229, 249, 216, 207, 23, 47, 116, 25,
       159, 159, 98, 136, 217, 27, 135, 16, 30, 94, 74, 179, 207, 215,
       253, 253, 210, 72, 204, 218, 43, 159, 106, 202, 247, 149, 255,
       247, 15, 77, 92, 167, 40, 221, 182, 68, 255, 171, 151, 133, 214,
       58, 60, 247, 126, 93, 170, 235, 31, 142, 244, 223, 57, 149, 123,
       238, 54, 118, 91, 127, 117, 73, 253, 198, 123, 63, 186, 112, 127,
       143, 23, 172, 189, 186, 125, 255, 251, 255, 162, 196, 127, 198,
       226, 241, 110, 57, 178, 158, 203, 244, 186, 67, 169, 204, 221,
       163, 44, 254, 103, 222, 236, 123, 243, 147, 22, 75, 178, 224, 91,
       117, 142, 139, 131, 101, 175, 215, 45, 73, 97, 71, 244, 27, 230,
       212, 101, 96, 127, 70, 83, 8, 157, 180, 122, 204, 22, 110, 205,
       176, 117, 172, 38, 172, 36, 0, 111, 187, 218, 164, 108, 112, 156,
       231, 116, 79, 123, 16, 32, 72, 127, 12, 223, 63, 11, 16, 148, 85,
       93, 106, 9, 240, 209, 12, 231, 255, 32, 129, 200, 178, 74, 147,
       61, 113, 97, 67, 86, 27, 202, 112, 69, 224, 255, 206, 83, 8, 149,
       164, 120, 172, 22, 239, 205, 178, 117, 156, 54, 12, 161, 224, 127,
       143, 90, 148, 139, 188, 62, 157, 63, 254, 184, 122, 191, 221, 222,
       55, 236, 254, 38, 231, 239, 63, 255, 129, 167, 249, 187, 221, 159,
       115, 139, 195, 14, 12, 45, 223, 44, 84, 250, 220, 247, 247, 246,
       255, 93, 134, 125, 18, 89, 253, 191, 128, 249, 250, 147, 170, 224,
       182, 56, 142, 127, 239, 167, 13, 215, 251, 252, 210, 68, 166, 141,
       215, 172, 45, 73, 152, 174, 189, 141, 88, 246, 227, 73, 59, 145,
       70, 125, 30, 74, 67, 235, 49, 205, 154, 229, 252, 128, 234, 214,
       33, 245, 4, 141, 181, 141, 110, 68, 168, 162, 178, 131, 26, 215,
       55, 9, 251, 193, 215, 125, 163, 125, 197, 219, 136, 219, 227, 223,
       21, 32, 121, 24, 2, 124, 93, 126, 238, 188, 246, 95, 52, 197, 198,
       255, 2, 115, 119, 179, 113, 122, 246, 31, 106, 232, 163, 49, 172,
       243, 239, 230, 129, 39, 251, 252, 113, 62, 183, 110, 101, 178,
       251, 87, 255, 87, 237, 255, 239, 67, 125, 158, 164, 31, 222, 213,
       48, 188, 240, 109, 30, 106, 207, 37, 215, 231, 206, 222, 215, 244,
       180, 220, 99, 188, 43, 82, 152, 82, 179, 161, 124, 211, 121, 205,
       59, 89, 212, 108, 242, 187, 103, 223, 22, 220, 138, 229, 124, 204,
       251, 82, 18, 67, 159, 160, 154, 251, 176, 56, 175, 187, 95, 73,
       181, 236, 230, 222, 244, 167, 107, 251, 149, 151, 72, 238, 247,
       14, 54, 159, 239, 158, 70, 191, 125, 67, 158, 228, 219, 231, 180,
       188, 167, 95, 127, 94, 182, 200, 44, 190, 239, 103, 86, 187, 157,
       178, 248, 47, 247, 14, 62, 222, 199, 151, 204, 253, 127, 229, 210,
       173, 255, 172, 126, 77, 159, 87, 127, 245, 92, 211, 109, 31, 123,
       205, 214, 127, 62, 189, 102, 251, 177, 207, 251, 245, 116, 216,
       249, 220, 113, 124, 185, 188, 246, 184, 100, 91, 152, 163, 253,
       158, 13, 95, 119, 75, 90, 229, 247, 253, 192, 8, 67, 219, 33, 251,
       229, 237, 189, 160, 115, 14, 83, 233, 248, 173, 241, 13, 148, 77,
       158, 211, 254, 132, 20, 248, 159, 91, 239, 201, 70, 121, 28, 187,
       77, 251, 181, 239, 219, 215, 60, 18, 149, 214, 98, 75, 247, 255,
       255, 252, 216, 253, 255, 159, 95, 95, 247, 253, 255, 254, 102,
       207, 119, 255, 141, 243, 233, 239, 211, 238, 255, 255, 200, 14,
       220, 181, 249, 137, 159, 252, 255, 230, 251, 253, 191, 127, 255,
       95, 246, 253, 127, 146, 107, 127, 251, 191, 141, 240, 248, 111,
       255, 238, 251, 255, 128, 183, 236, 213, 249, 0, 160, 166, 93, 30,
       147, 160, 232, 118, 145, 66, 2, 224, 224, 228, 104, 113, 108, 42,
       24, 6, 248, 175, 93, 12, 34, 87, 77, 81, 40, 113, 142, 15, 191,
