%YAML:1.0
---
descriptors: !!opencv-matrix
   rows: 237
   cols: 32
   dt: u
   data: [ 89, 209, 121, 234, 62, 197, 75, 252, 71, 64, 220, 14, 119,
       215, 248, 96, 126, 216, 94, 254, 203, 3, 125, 189, 249, 205, 171,
       252, 60, 155, 33, 121, 138, 219, 78, 187, 228, 137, 253, 247, 189,
       94, 118, 247, 189, 143, 178, 73, 110, 171, 159, 199, 246, 252, 6,
       255, 244, 19, 254, 193, 29, 13, 249, 219, 33, 95, 123, 79, 116,
       131, 111, 240, 100, 72, 126, 230, 113, 67, 185, 112, 126, 232, 6,
       238, 201, 178, 44, 125, 102, 173, 160, 128, 125, 187, 98, 185, 6,
       88, 146, 155, 5, 245, 186, 194, 31, 7, 80, 3, 172, 222, 103, 204,
       221, 123, 147, 147, 6, 148, 90, 243, 15, 86, 155, 75, 150, 93, 61,
       206, 75, 185, 51, 186, 187, 221, 51, 199, 175, 89, 168, 13, 190,
       158, 102, 244, 167, 51, 255, 81, 151, 9, 178, 245, 185, 244, 26,
       122, 152, 5, 163, 95, 168, 123, 122, 109, 124, 147, 247, 124, 70,
       172, 124, 238, 57, 21, 167, 144, 94, 184, 134, 106, 200, 186, 96,
       63, 102, 205, 33, 161, 127, 186, 126, 185, 120, 157, 243, 228,
       113, 208, 91, 87, 49, 73, 254, 32, 63, 183, 128, 116, 222, 191,
       149, 152, 27, 154, 240, 143, 255, 253, 54, 192, 170, 194, 166, 59,
       43, 181, 242, 76, 123, 245, 219, 91, 91, 237, 124, 173, 56, 253,
       246, 180, 159, 57, 151, 29, 151, 18, 182, 219, 94, 93, 33, 175,
       215, 230, 78, 245, 42, 56, 178, 151, 101, 245, 184, 66, 95, 206,
       89, 19, 172, 252, 119, 140, 221, 121, 147, 145, 132, 246, 210,
       194, 5, 30, 219, 43, 199, 127, 127, 198, 34, 153, 18, 159, 125,
       197, 186, 101, 141, 1, 208, 3, 172, 222, 36, 68, 232, 187, 11, 64,
       86, 187, 82, 253, 53, 52, 138, 74, 24, 14, 177, 158, 86, 22, 215,
       165, 162, 42, 60, 81, 41, 178, 59, 247, 77, 46, 13, 159, 55, 215,
       237, 166, 5, 209, 141, 192, 144, 246, 91, 134, 237, 247, 11, 21,
       61, 81, 107, 111, 116, 71, 207, 120, 68, 76, 127, 230, 115, 77,
       185, 96, 124, 232, 22, 238, 201, 178, 125, 29, 99, 173, 161, 128,
       125, 187, 116, 241, 170, 251, 58, 90, 123, 213, 158, 252, 143, 92,
       253, 173, 44, 220, 254, 164, 158, 121, 215, 103, 198, 43, 42, 253,
       123, 89, 9, 187, 87, 159, 31, 223, 79, 209, 228, 220, 235, 116,
       95, 152, 35, 223, 158, 130, 72, 127, 223, 254, 119, 214, 255, 254,
       156, 66, 255, 224, 127, 126, 199, 143, 167, 247, 252, 119, 89, 97,
       18, 236, 57, 31, 74, 120, 101, 160, 238, 0, 143, 131, 163, 244,
       54, 12, 200, 108, 77, 147, 145, 220, 178, 221, 3, 63, 42, 166, 43,
       4, 91, 28, 127, 69, 50, 126, 123, 51, 121, 235, 254, 244, 123, 61,
       150, 112, 54, 180, 253, 172, 185, 156, 53, 206, 98, 111, 48, 128,
       111, 228, 102, 121, 188, 93, 126, 225, 149, 119, 222, 250, 213,
       254, 182, 19, 75, 125, 51, 139, 125, 244, 151, 107, 236, 247, 120,
       142, 243, 203, 229, 53, 231, 253, 252, 210, 34, 145, 114, 200,
       125, 213, 184, 77, 79, 77, 117, 35, 172, 156, 54, 4, 254, 57, 151,
       145, 150, 43, 18, 213, 21, 88, 138, 235, 87, 14, 253, 223, 60,
       148, 118, 236, 117, 118, 90, 121, 85, 79, 247, 19, 75, 127, 62,
       241, 125, 156, 183, 168, 188, 182, 57, 159, 83, 255, 161, 197, 55,
       174, 124, 82, 255, 106, 120, 224, 108, 185, 123, 194, 141, 172,
       180, 186, 11, 143, 215, 189, 110, 177, 223, 254, 172, 39, 228,
       250, 210, 217, 171, 185, 103, 157, 70, 237, 22, 59, 90, 180, 98,
       130, 63, 112, 188, 142, 86, 231, 45, 167, 163, 81, 38, 189, 135,
       199, 228, 155, 4, 236, 240, 37, 171, 137, 37, 181, 45, 209, 121,
       72, 111, 252, 14, 132, 75, 210, 132, 64, 212, 194, 49, 135, 177,
       97, 110, 242, 63, 207, 201, 11, 54, 173, 209, 41, 234, 136, 61,
       185, 112, 104, 37, 248, 227, 25, 229, 189, 224, 200, 123, 83, 112,
       92, 10, 216, 255, 188, 185, 72, 2, 95, 135, 246, 190, 113, 30, 24,
       81, 110, 203, 29, 123, 196, 187, 108, 229, 77, 16, 2, 237, 87, 53,
       194, 210, 214, 25, 7, 149, 229, 111, 236, 23, 172, 233, 222, 101,
       206, 100, 46, 174, 128, 47, 244, 114, 184, 187, 151, 104, 108, 51,
       223, 91, 123, 85, 76, 252, 175, 107, 29, 182, 180, 222, 177, 149,
       37, 237, 171, 117, 159, 242, 223, 33, 147, 127, 140, 94, 127, 119,
       47, 138, 132, 205, 13, 206, 226, 128, 164, 172, 143, 34, 168, 87,
       2, 108, 230, 67, 239, 204, 107, 208, 40, 120, 9, 205, 57, 73, 127,
       90, 218, 41, 46, 253, 119, 100, 47, 111, 50, 80, 234, 126, 76,
       179, 45, 145, 57, 13, 238, 22, 14, 161, 248, 97, 40, 71, 159, 117,
       128, 107, 249, 82, 249, 61, 21, 106, 236, 214, 82, 251, 120, 69,
       68, 223, 162, 89, 125, 186, 96, 126, 252, 151, 234, 220, 179, 60,
       204, 243, 233, 163, 133, 39, 175, 124, 224, 29, 93, 236, 229, 175,
       126, 253, 191, 68, 254, 158, 130, 223, 61, 147, 171, 71, 212, 253,
       173, 232, 248, 117, 136, 239, 235, 255, 149, 167, 252, 221, 123,
       50, 87, 98, 232, 87, 211, 122, 101, 13, 12, 250, 167, 43, 15, 54,
       196, 250, 185, 151, 224, 76, 187, 1, 205, 179, 252, 130, 195, 55,
       142, 252, 207, 69, 43, 190, 85, 172, 254, 235, 146, 234, 189, 30,
       0, 144, 181, 215, 106, 0, 100, 125, 93, 144, 248, 167, 32, 79, 63,
       103, 193, 134, 235, 85, 97, 37, 221, 121, 73, 124, 199, 207, 248,
       70, 108, 252, 70, 115, 69, 189, 36, 92, 200, 22, 238, 201, 179,
       125, 61, 115, 12, 161, 164, 125, 187, 114, 241, 36, 30, 222, 117,
       228, 43, 118, 146, 57, 170, 122, 237, 39, 41, 129, 25, 143, 110,
       6, 98, 173, 248, 0, 42, 198, 211, 117, 129, 204, 249, 72, 153, 60,
       48, 242, 225, 53, 119, 248, 88, 87, 237, 119, 51, 91, 221, 115,
       168, 254, 189, 151, 176, 172, 246, 48, 152, 195, 207, 163, 133,
       247, 173, 124, 211, 10, 217, 114, 219, 247, 221, 188, 247, 63, 81,
       94, 6, 172, 63, 116, 197, 239, 27, 151, 193, 211, 184, 59, 247,
       47, 93, 158, 194, 31, 156, 253, 190, 2, 185, 25, 153, 117, 205,
       185, 111, 30, 13, 120, 3, 172, 222, 106, 0, 254, 59, 147, 17, 22,
       184, 122, 213, 45, 20, 26, 107, 80, 8, 133, 207, 54, 73, 35, 222,
       93, 196, 195, 96, 197, 76, 221, 3, 98, 205, 49, 68, 200, 232, 19,
       79, 73, 171, 122, 191, 115, 125, 130, 25, 19, 63, 116, 250, 27,
       156, 111, 225, 246, 186, 237, 183, 109, 81, 94, 230, 189, 62, 182,
       96, 111, 147, 191, 157, 219, 152, 53, 247, 254, 239, 190, 192,
       175, 196, 225, 249, 221, 76, 238, 87, 69, 86, 251, 80, 240, 206,
       215, 146, 89, 253, 179, 111, 122, 252, 189, 254, 232, 213, 189,
       138, 91, 107, 231, 129, 167, 247, 124, 114, 154, 188, 198, 243,
       149, 250, 168, 7, 63, 161, 223, 179, 173, 175, 208, 228, 107, 190,
       191, 145, 59, 220, 85, 202, 238, 215, 158, 193, 167, 204, 189,
       250, 250, 80, 114, 236, 101, 86, 120, 80, 225, 78, 247, 47, 75,
       159, 55, 253, 254, 189, 183, 227, 204, 183, 176, 192, 87, 249,
       194, 139, 111, 175, 126, 215, 189, 47, 103, 229, 215, 18, 111,
       248, 85, 194, 246, 242, 89, 87, 145, 181, 126, 204, 151, 234, 249,
       214, 101, 238, 122, 219, 199, 132, 47, 181, 122, 164, 218, 149,
       114, 159, 245, 220, 125, 37, 61, 77, 247, 51, 238, 63, 14, 213,
       254, 179, 159, 161, 122, 191, 113, 255, 255, 247, 154, 211, 7, 12,
       237, 127, 254, 99, 232, 78, 91, 81, 82, 204, 203, 84, 189, 171,
       106, 236, 191, 182, 250, 194, 238, 230, 142, 35, 238, 251, 50,
       125, 1, 187, 119, 159, 110, 78, 46, 241, 112, 218, 245, 213, 186,
       197, 79, 93, 125, 43, 40, 220, 126, 160, 252, 155, 147, 209, 150,
       50, 122, 245, 55, 24, 130, 235, 87, 31, 255, 215, 82, 189, 58,
       182, 147, 204, 55, 230, 169, 204, 166, 13, 174, 254, 39, 18, 166,
       115, 223, 67, 68, 73, 178, 237, 249, 247, 14, 27, 128, 117, 39,
       91, 27, 159, 122, 255, 114, 186, 185, 119, 61, 77, 94, 247, 61,
       175, 178, 96, 118, 59, 151, 133, 183, 152, 36, 239, 246, 103, 58,
       192, 47, 196, 173, 249, 27, 20, 126, 221, 114, 246, 253, 115, 61,
       78, 95, 162, 125, 63, 182, 97, 118, 191, 151, 175, 129, 144, 52,
