%YAML:1.0
---
descriptors: !!opencv-matrix
   rows: 349
   cols: 32
   dt: u
   data: [ 69, 86, 91, 133, 34, 10, 43, 48, 44, 202, 91, 228, 221, 6,
       153, 112, 54, 5, 30, 111, 129, 148, 37, 78, 132, 62, 42, 132, 44,
       179, 33, 113, 194, 147, 30, 186, 105, 132, 57, 85, 174, 29, 69,
       17, 172, 151, 106, 74, 228, 27, 171, 16, 18, 9, 146, 241, 213,
       241, 26, 235, 16, 2, 165, 203, 189, 81, 46, 140, 109, 23, 246,
       248, 205, 196, 247, 7, 222, 248, 63, 99, 254, 229, 254, 111, 236,
       227, 31, 204, 242, 123, 71, 27, 95, 63, 121, 71, 223, 81, 110,
       166, 108, 22, 255, 240, 229, 222, 151, 7, 74, 169, 59, 75, 252,
       197, 127, 239, 236, 231, 189, 232, 242, 121, 207, 158, 47, 191,
       113, 67, 153, 74, 202, 241, 68, 185, 233, 83, 84, 21, 118, 147,
       145, 9, 243, 73, 108, 136, 38, 156, 158, 252, 7, 192, 70, 137,
       242, 128, 181, 136, 120, 136, 244, 66, 198, 172, 78, 34, 232, 72,
       149, 130, 211, 227, 105, 202, 161, 202, 126, 252, 63, 167, 8, 183,
       142, 202, 148, 230, 235, 140, 61, 171, 57, 128, 174, 54, 248, 242,
       172, 125, 217, 218, 139, 255, 181, 57, 142, 255, 207, 59, 143, 19,
       223, 17, 158, 103, 234, 208, 219, 217, 59, 255, 214, 205, 71, 243,
       1, 32, 107, 225, 124, 139, 233, 83, 125, 193, 246, 10, 153, 11,
       144, 96, 106, 173, 94, 156, 137, 186, 245, 204, 197, 253, 178, 0,
       76, 128, 97, 168, 48, 94, 110, 76, 92, 3, 199, 252, 68, 12, 252,
       166, 113, 69, 183, 100, 92, 248, 6, 106, 200, 167, 36, 31, 114,
       137, 161, 8, 125, 187, 116, 185, 120, 56, 122, 96, 48, 205, 89,
       82, 97, 172, 180, 12, 31, 31, 67, 48, 142, 184, 85, 88, 136, 186,
       176, 10, 211, 221, 32, 48, 98, 130, 78, 251, 205, 48, 189, 229,
       164, 46, 121, 17, 120, 186, 55, 48, 223, 55, 201, 123, 151, 21,
       125, 58, 177, 212, 161, 66, 207, 251, 103, 132, 128, 227, 133, 49,
       120, 17, 121, 108, 68, 76, 73, 57, 33, 196, 228, 12, 19, 23, 0,
       112, 112, 156, 21, 104, 73, 58, 240, 9, 211, 237, 32, 12, 104,
       162, 70, 112, 130, 140, 150, 159, 129, 62, 180, 167, 188, 19, 66,
       16, 236, 50, 4, 207, 161, 119, 250, 5, 48, 220, 19, 117, 13, 50,
       90, 67, 128, 100, 169, 14, 43, 223, 51, 206, 119, 215, 190, 112,
       77, 72, 249, 230, 44, 222, 180, 228, 254, 185, 151, 227, 199, 187,
       44, 255, 55, 93, 170, 170, 23, 46, 181, 245, 64, 160, 159, 157, 8,
       139, 168, 8, 174, 144, 98, 64, 228, 194, 64, 66, 48, 45, 106, 152,
       2, 208, 203, 93, 12, 162, 203, 76, 8, 32, 33, 128, 48, 162, 207,
       157, 92, 3, 161, 104, 22, 176, 112, 66, 64, 227, 32, 9, 121, 236,
       34, 184, 2, 251, 139, 93, 24, 162, 223, 4, 81, 40, 115, 136, 130,
       172, 188, 155, 197, 231, 185, 199, 30, 23, 80, 19, 172, 70, 38,
       13, 225, 59, 147, 145, 54, 220, 59, 243, 13, 18, 222, 67, 148, 76,
       181, 238, 48, 34, 206, 141, 76, 3, 232, 72, 30, 177, 226, 74, 64,
       131, 52, 74, 88, 140, 98, 137, 8, 251, 195, 220, 20, 34, 219, 36,
       21, 8, 114, 136, 3, 159, 104, 155, 242, 149, 188, 55, 94, 69, 92,
       231, 172, 238, 182, 100, 230, 59, 151, 149, 151, 56, 54, 245, 44,
       60, 190, 234, 29, 132, 141, 221, 2, 32, 95, 169, 78, 139, 168, 72,
       14, 176, 66, 194, 148, 139, 80, 72, 98, 13, 123, 9, 2, 215, 195,
       208, 20, 32, 155, 32, 20, 8, 49, 136, 52, 132, 135, 156, 221, 7,
       6, 234, 22, 178, 192, 74, 112, 224, 41, 197, 121, 236, 34, 56, 41,
       235, 154, 31, 57, 6, 199, 124, 177, 104, 48, 168, 18, 159, 95,
       193, 150, 226, 173, 103, 164, 164, 90, 227, 44, 38, 160, 96, 111,
       55, 170, 128, 16, 153, 37, 220, 56, 166, 175, 131, 181, 224, 165,
       185, 176, 161, 199, 157, 94, 35, 136, 111, 22, 176, 105, 82, 81,
       227, 32, 201, 121, 236, 34, 169, 58, 251, 159, 93, 24, 34, 223,
       36, 61, 43, 242, 136, 176, 33, 199, 143, 78, 35, 232, 78, 86, 177,
       203, 90, 81, 136, 52, 72, 120, 238, 99, 139, 24, 251, 223, 252,
       20, 34, 217, 4, 37, 27, 240, 136, 54, 201, 98, 142, 95, 209, 158,
       232, 135, 68, 201, 143, 96, 204, 55, 0, 88, 233, 163, 199, 78, 35,
       126, 189, 115, 4, 141, 57, 119, 63, 118, 214, 86, 28, 188, 188,
       169, 116, 22, 19, 134, 142, 159, 49, 220, 255, 99, 74, 197, 247,
       253, 147, 60, 71, 219, 170, 219, 247, 255, 155, 144, 121, 133, 83,
       148, 196, 60, 161, 166, 74, 125, 185, 188, 54, 151, 18, 215, 95,
       42, 67, 119, 21, 12, 234, 112, 213, 41, 6, 233, 195, 111, 196, 52,
       176, 165, 99, 49, 165, 115, 205, 212, 35, 205, 127, 84, 33, 252,
       194, 19, 160, 180, 100, 90, 174, 22, 41, 251, 187, 36, 159, 48,
       172, 186, 44, 61, 200, 242, 172, 66, 148, 154, 173, 50, 226, 56,
       35, 46, 33, 90, 162, 189, 190, 32, 96, 183, 63, 159, 145, 23, 152,
       1, 223, 236, 181, 186, 195, 188, 64, 1, 27, 18, 157, 82, 172, 23,
       147, 126, 102, 173, 128, 250, 234, 47, 174, 52, 84, 126, 187, 159,
       225, 73, 139, 0, 238, 176, 228, 142, 138, 45, 62, 41, 13, 102,
       168, 237, 173, 124, 35, 200, 106, 2, 176, 153, 203, 208, 93, 84,
       11, 73, 148, 115, 173, 128, 102, 207, 221, 93, 26, 235, 252, 85,
       171, 82, 162, 50, 94, 10, 140, 70, 177, 190, 198, 140, 6, 88, 167,
       37, 202, 35, 64, 232, 43, 131, 129, 68, 130, 2, 232, 114, 69, 186,
       139, 21, 91, 43, 142, 35, 193, 80, 201, 215, 147, 182, 229, 77, 0,
       120, 6, 32, 8, 182, 160, 216, 11, 130, 97, 215, 184, 101, 221, 38,
       28, 6, 67, 93, 10, 216, 140, 6, 180, 146, 186, 251, 193, 190, 232,
       159, 30, 177, 169, 172, 255, 104, 83, 255, 83, 203, 160, 34, 11,
       74, 223, 189, 150, 159, 191, 144, 96, 39, 155, 61, 77, 107, 199,
       86, 22, 239, 120, 100, 224, 94, 198, 113, 117, 183, 100, 126, 236,
       23, 239, 201, 176, 61, 236, 118, 45, 167, 128, 39, 186, 116, 240,
       48, 207, 107, 109, 84, 203, 239, 246, 68, 100, 126, 2, 115, 41,
       176, 48, 122, 238, 6, 234, 216, 186, 37, 63, 102, 239, 165, 0,
       117, 250, 116, 233, 252, 147, 169, 169, 169, 109, 19, 187, 6, 125,
       139, 61, 215, 53, 74, 64, 209, 22, 237, 17, 30, 41, 251, 19, 201,
       229, 171, 253, 144, 73, 148, 83, 19, 31, 99, 143, 86, 22, 239,
       112, 52, 64, 91, 230, 121, 102, 181, 228, 118, 239, 22, 239, 165,
       144, 45, 255, 52, 46, 171, 128, 45, 167, 49, 245, 118, 50, 102,
       166, 239, 99, 218, 104, 27, 189, 145, 191, 78, 238, 46, 8, 255,
       215, 255, 135, 8, 227, 72, 245, 219, 210, 203, 251, 85, 15, 54,
       83, 119, 114, 230, 166, 127, 31, 218, 200, 123, 253, 177, 191, 78,
       216, 22, 24, 255, 197, 255, 231, 172, 231, 204, 236, 146, 114,
       207, 191, 205, 31, 187, 215, 131, 48, 50, 217, 101, 245, 176, 70,
       94, 89, 81, 114, 140, 158, 228, 169, 206, 25, 146, 17, 151, 252,
       34, 209, 4, 25, 122, 235, 152, 13, 41, 135, 10, 149, 48, 169, 247,
       167, 186, 43, 30, 1, 91, 163, 140, 61, 32, 64, 214, 27, 147, 49,
       22, 152, 73, 159, 111, 117, 138, 199, 150, 14, 181, 3, 147, 30,
       66, 143, 114, 150, 174, 114, 60, 202, 90, 231, 121, 110, 183, 196,
       118, 239, 151, 239, 165, 156, 29, 239, 52, 46, 171, 128, 45, 182,
       41, 157, 189, 1, 155, 248, 245, 143, 122, 89, 95, 129, 101, 26,
       127, 219, 120, 24, 188, 57, 19, 124, 51, 180, 26, 191, 91, 207, 1,
       104, 240, 137, 193, 162, 99, 47, 162, 165, 220, 46, 168, 198, 10,
       237, 90, 207, 128, 168, 87, 10, 236, 111, 51, 149, 148, 250, 197,
       224, 52, 44, 171, 160, 141, 125, 155, 223, 166, 232, 161, 152,
       239, 113, 156, 202, 154, 246, 16, 187, 12, 220, 119, 139, 207, 89,
       179, 211, 231, 103, 174, 242, 17, 16, 207, 239, 21, 125, 63, 214,
       215, 143, 72, 139, 218, 177, 190, 227, 172, 64, 153, 215, 45, 106,
       182, 192, 111, 163, 95, 199, 183, 11, 12, 255, 188, 4, 138, 232,
       189, 199, 171, 212, 188, 49, 122, 65, 215, 87, 181, 255, 68, 240,
       92, 14, 16, 157, 119, 33, 126, 154, 147, 121, 211, 250, 178, 12,
       127, 9, 5, 111, 239, 8, 246, 251, 26, 142, 82, 248, 211, 227, 58,
       230, 61, 7, 122, 187, 47, 47, 47, 145, 63, 155, 135, 177, 58, 187,
