%YAML:1.0
---
descriptors: !!opencv-matrix
   rows: 112
   cols: 32
   dt: u
   data: [ 253, 255, 236, 190, 190, 115, 95, 216, 211, 250, 157, 239, 91,
       253, 251, 115, 127, 198, 253, 239, 239, 71, 175, 187, 250, 207,
       229, 188, 191, 255, 248, 81, 78, 20, 181, 159, 197, 126, 180, 143,
       29, 55, 66, 17, 204, 124, 45, 207, 209, 95, 179, 33, 52, 216, 123,
       234, 45, 54, 94, 7, 146, 125, 133, 238, 42, 244, 227, 250, 127,
       245, 248, 87, 223, 89, 93, 51, 56, 221, 60, 36, 255, 59, 151, 145,
       130, 107, 50, 211, 115, 93, 158, 235, 199, 76, 246, 255, 130, 128,
       18, 185, 17, 182, 56, 2, 61, 5, 67, 17, 172, 26, 46, 196, 241, 59,
       131, 145, 54, 156, 17, 215, 141, 246, 154, 67, 128, 4, 45, 14,
       116, 166, 139, 188, 222, 2, 103, 251, 18, 162, 192, 86, 81, 227,
       97, 64, 121, 236, 34, 168, 57, 91, 141, 31, 120, 167, 231, 44,
       185, 232, 112, 160, 48, 32, 207, 157, 94, 3, 201, 75, 22, 161,
       226, 194, 81, 226, 80, 24, 121, 172, 34, 184, 1, 218, 199, 93, 24,
       162, 251, 100, 5, 0, 99, 168, 2, 32, 31, 169, 110, 139, 168, 72,
       14, 32, 192, 66, 132, 137, 112, 72, 226, 13, 123, 1, 2, 159, 195,
       80, 20, 32, 26, 32, 20, 8, 49, 136, 135, 58, 234, 158, 231, 180,
       187, 210, 59, 207, 84, 247, 40, 254, 247, 40, 255, 123, 183, 149,
       181, 190, 166, 226, 94, 127, 190, 202, 143, 229, 55, 215, 53, 65,
       74, 172, 84, 6, 79, 104, 69, 132, 235, 134, 83, 201, 59, 64, 120,
       236, 18, 239, 200, 179, 20, 140, 241, 237, 130, 4, 37, 187, 112,
       0, 2, 32, 134, 157, 78, 139, 160, 72, 174, 176, 66, 2, 228, 192,
       100, 66, 176, 45, 106, 1, 2, 241, 147, 93, 4, 32, 11, 13, 16, 42,
       49, 130, 2, 32, 18, 136, 78, 11, 184, 72, 238, 32, 194, 3, 140,
       136, 52, 64, 226, 13, 123, 97, 0, 131, 135, 208, 20, 48, 10, 59,
       20, 10, 49, 134, 50, 32, 70, 201, 78, 11, 104, 72, 7, 160, 194,
       203, 0, 129, 84, 72, 104, 140, 107, 136, 8, 147, 195, 208, 20, 40,
       145, 48, 53, 136, 114, 136, 4, 188, 148, 158, 217, 198, 182, 232,
       154, 150, 65, 1, 228, 242, 107, 193, 209, 110, 162, 98, 102, 82,
       218, 61, 45, 38, 79, 47, 144, 106, 45, 138, 113, 74, 111, 156, 14,
       144, 79, 246, 196, 66, 212, 198, 49, 130, 179, 101, 74, 224, 62,
       206, 201, 143, 102, 169, 240, 171, 234, 136, 61, 185, 112, 108,
       58, 184, 189, 248, 109, 221, 209, 207, 143, 61, 180, 9, 174, 223,
       102, 30, 201, 179, 255, 16, 26, 107, 122, 209, 219, 217, 81, 127,
       82, 12, 70, 250, 39, 205, 97, 11, 213, 151, 174, 237, 78, 96, 121,
       70, 104, 88, 188, 164, 216, 10, 146, 255, 215, 184, 125, 255, 46,
       28, 143, 230, 95, 15, 217, 132, 197, 239, 221, 230, 188, 34, 79,
       252, 210, 162, 157, 214, 249, 99, 185, 114, 119, 70, 110, 238,
       241, 71, 173, 254, 248, 223, 239, 188, 172, 243, 225, 40, 65, 32,
       55, 201, 109, 231, 161, 72, 206, 45, 211, 2, 128, 144, 148, 110,
       232, 28, 106, 57, 129, 179, 243, 208, 21, 56, 130, 74, 16, 11, 53,
       164, 253, 191, 238, 126, 190, 115, 79, 251, 87, 234, 190, 254, 83,
       237, 155, 49, 127, 230, 124, 239, 253, 231, 239, 46, 250, 239,
       229, 188, 239, 251, 250, 81, 169, 8, 173, 216, 93, 245, 193, 78,
       199, 121, 164, 24, 146, 153, 116, 110, 201, 162, 18, 9, 27, 47,
       122, 177, 195, 221, 144, 120, 210, 8, 112, 234, 17, 30, 219, 249,
       182, 162, 235, 246, 55, 203, 222, 230, 185, 235, 177, 96, 127,
       235, 23, 156, 187, 156, 36, 254, 236, 239, 190, 128, 189, 201, 49,
       185, 112, 32, 207, 189, 94, 3, 65, 75, 22, 161, 226, 94, 83, 129,
       0, 9, 88, 172, 98, 136, 9, 250, 213, 29, 220, 163, 240, 0, 105,
       168, 112, 136, 48, 81, 122, 236, 20, 79, 83, 104, 76, 140, 249,
       10, 83, 220, 63, 48, 216, 185, 6, 99, 204, 163, 112, 28, 241, 141,
       33, 56, 113, 59, 118, 226, 11, 156, 251, 255, 246, 231, 239, 214,
       30, 73, 94, 230, 189, 255, 177, 96, 127, 123, 23, 157, 147, 152,
       52, 255, 237, 239, 190, 128, 181, 219, 113, 249, 52, 81, 11, 44,
       29, 199, 71, 104, 196, 12, 233, 11, 98, 208, 59, 64, 216, 168, 10,
       98, 72, 163, 90, 29, 241, 164, 129, 25, 113, 59, 116, 66, 11, 58,
       235, 187, 118, 228, 187, 82, 30, 203, 82, 247, 188, 238, 183, 40,
       255, 123, 151, 149, 183, 158, 54, 235, 78, 127, 186, 194, 141,
       205, 53, 249, 11, 156, 251, 239, 246, 229, 191, 246, 30, 79, 124,
       162, 189, 253, 183, 96, 127, 123, 23, 137, 147, 186, 60, 255, 103,
       253, 174, 160, 181, 219, 37, 251, 42, 156, 250, 223, 246, 241,
       191, 246, 31, 79, 124, 163, 189, 254, 183, 32, 255, 123, 151, 131,
       150, 186, 110, 251, 103, 127, 186, 171, 213, 223, 53, 219, 68,
       169, 150, 31, 73, 205, 160, 40, 174, 144, 67, 0, 228, 242, 109,
       66, 208, 100, 234, 80, 2, 65, 155, 121, 13, 50, 79, 11, 0, 42, 37,
       134, 96, 32, 22, 140, 73, 199, 160, 72, 142, 164, 195, 9, 196,
       194, 32, 194, 216, 37, 234, 97, 0, 195, 218, 93, 21, 48, 11, 63,
       16, 42, 45, 134, 1, 216, 123, 91, 100, 205, 233, 148, 126, 89,
       118, 100, 176, 215, 189, 108, 74, 56, 18, 72, 195, 188, 55, 117,
       69, 26, 50, 128, 95, 152, 65, 185, 18, 149, 123, 168, 147, 66, 29,
       103, 37, 69, 252, 179, 13, 191, 32, 81, 110, 147, 151, 160, 88,
       139, 36, 205, 243, 225, 218, 219, 53, 4, 167, 123, 125, 8, 239,
       254, 44, 162, 75, 80, 196, 194, 215, 198, 113, 203, 181, 107, 74,
       228, 62, 238, 137, 167, 38, 168, 82, 235, 226, 136, 63, 235, 112,
       32, 0, 160, 149, 141, 13, 199, 0, 8, 142, 180, 2, 2, 228, 211, 96,
       66, 208, 61, 106, 48, 2, 65, 211, 221, 141, 176, 203, 107, 16, 42,
       5, 2, 48, 200, 79, 254, 28, 129, 78, 246, 133, 0, 220, 66, 51,
       169, 177, 96, 72, 226, 30, 74, 75, 171, 2, 189, 178, 173, 178,
       152, 61, 152, 120, 40, 41, 184, 190, 248, 77, 221, 241, 83, 207,
       93, 244, 12, 190, 221, 114, 238, 200, 168, 251, 12, 139, 235, 242,
       209, 223, 249, 210, 59, 154, 12, 117, 250, 125, 125, 241, 238,
       252, 70, 79, 188, 81, 206, 223, 38, 219, 252, 221, 101, 95, 254,
       60, 123, 249, 242, 253, 170, 253, 254, 167, 148, 175, 251, 244,
       117, 222, 212, 188, 190, 173, 119, 92, 184, 159, 122, 151, 23,
       223, 125, 58, 75, 197, 209, 191, 35, 252, 101, 91, 183, 243, 251,
       254, 221, 30, 125, 157, 83, 245, 141, 71, 222, 190, 131, 74, 248,
       150, 128, 144, 238, 115, 227, 185, 231, 123, 224, 124, 236, 235,
       75, 14, 159, 184, 142, 165, 248, 61, 170, 112, 8, 253, 239, 239,
       100, 174, 34, 79, 255, 242, 210, 190, 230, 83, 233, 249, 115, 123,
       198, 124, 254, 249, 99, 174, 138, 250, 235, 229, 188, 239, 248,
       240, 33, 212, 223, 223, 254, 158, 34, 79, 252, 214, 242, 153, 214,
       121, 227, 169, 97, 115, 231, 46, 234, 249, 199, 47, 255, 248, 143,
       231, 116, 189, 243, 161, 57, 191, 244, 247, 250, 143, 101, 31,
       216, 151, 250, 149, 78, 89, 255, 237, 47, 95, 209, 159, 250, 171,
       71, 106, 240, 251, 203, 239, 254, 191, 251, 160, 241, 0, 0, 81,
       209, 108, 137, 104, 3, 237, 17, 114, 80, 149, 131, 212, 74, 74, 9,
       78, 152, 2, 60, 71, 192, 132, 152, 50, 104, 20, 136, 65, 136, 175,
       253, 238, 182, 173, 117, 223, 222, 159, 254, 156, 29, 255, 238,
       127, 11, 205, 99, 255, 66, 253, 99, 58, 162, 251, 223, 231, 188,
       222, 255, 216, 217, 189, 255, 251, 254, 236, 97, 79, 252, 147,
       218, 189, 238, 127, 245, 251, 51, 31, 194, 86, 110, 251, 99, 186,
       187, 250, 223, 229, 188, 255, 251, 210, 241, 181, 106, 229, 192,
       206, 19, 206, 216, 82, 242, 144, 238, 83, 72, 213, 175, 89, 196,
       22, 255, 175, 103, 111, 154, 56, 8, 237, 252, 189, 255, 112, 244,
       17, 158, 203, 255, 54, 167, 107, 246, 85, 203, 94, 230, 61, 235,
       176, 96, 127, 235, 23, 156, 187, 152, 53, 255, 252, 175, 190, 192,
       189, 200, 48, 249, 25, 2, 205, 53, 18, 138, 97, 19, 118, 33, 66,
       194, 211, 3, 128, 104, 112, 172, 44, 156, 11, 216, 101, 21, 196,
       227, 176, 64, 41, 136, 96, 40, 25, 157, 123, 255, 182, 231, 235,
