%YAML:1.0
---
descriptors: !!opencv-matrix
   rows: 75
   cols: 32
   dt: u
   data: [ 181, 18, 111, 252, 14, 34, 75, 80, 133, 194, 213, 231, 83,
       221, 177, 105, 126, 176, 31, 239, 169, 167, 4, 140, 210, 235, 226,
       136, 125, 235, 112, 177, 221, 10, 239, 254, 38, 162, 107, 80, 228,
       194, 247, 226, 81, 199, 177, 107, 126, 228, 62, 238, 169, 135, 36,
       200, 210, 235, 227, 136, 47, 227, 112, 33, 21, 134, 143, 61, 150,
       10, 39, 251, 118, 162, 66, 70, 115, 224, 169, 96, 113, 102, 42,
       172, 33, 217, 13, 31, 124, 167, 231, 68, 185, 232, 112, 32, 48,
       132, 203, 188, 94, 3, 71, 123, 86, 162, 196, 222, 115, 227, 160,
       65, 89, 236, 2, 172, 41, 91, 141, 31, 248, 167, 231, 60, 185, 232,
       112, 168, 53, 65, 79, 229, 20, 2, 238, 96, 68, 192, 227, 130, 83,
       8, 177, 96, 120, 204, 26, 238, 205, 179, 21, 140, 176, 237, 130,
       4, 109, 187, 120, 0, 4, 168, 142, 151, 80, 138, 160, 232, 182,
       145, 66, 66, 244, 224, 105, 73, 121, 110, 34, 16, 35, 216, 11, 61,
       12, 38, 255, 68, 128, 40, 49, 136, 56, 91, 110, 254, 46, 193, 207,
       240, 196, 76, 212, 162, 51, 237, 177, 96, 110, 240, 23, 203, 201,
       171, 38, 191, 240, 239, 234, 152, 117, 187, 116, 249, 116, 128,
       143, 156, 94, 131, 130, 105, 22, 162, 224, 78, 80, 224, 40, 65,
       121, 236, 34, 168, 40, 235, 27, 31, 24, 166, 247, 124, 185, 40,
       112, 136, 9, 50, 47, 201, 77, 159, 233, 80, 102, 125, 247, 6, 217,
       135, 178, 108, 108, 140, 254, 140, 139, 179, 243, 209, 215, 249,
       178, 0, 67, 140, 105, 240, 114, 32, 71, 201, 78, 139, 104, 65,
       101, 49, 194, 202, 17, 137, 84, 72, 106, 140, 123, 157, 10, 146,
       199, 208, 20, 40, 152, 0, 37, 136, 112, 136, 100, 160, 132, 158,
       89, 65, 162, 232, 22, 182, 96, 10, 100, 224, 105, 209, 89, 236,
       34, 96, 34, 98, 218, 61, 29, 6, 69, 45, 144, 40, 28, 130, 118,
       115, 114, 236, 127, 95, 94, 104, 27, 172, 253, 171, 74, 221, 15,
       144, 254, 221, 247, 227, 76, 163, 203, 222, 179, 252, 133, 191,
       119, 62, 126, 87, 246, 115, 182, 188, 123, 83, 158, 232, 155, 172,
       185, 43, 78, 254, 109, 16, 254, 249, 207, 227, 76, 99, 202, 221,
       187, 214, 15, 63, 81, 63, 39, 199, 2, 33, 18, 136, 79, 11, 184,
       72, 141, 32, 192, 139, 140, 137, 116, 64, 234, 13, 123, 97, 0, 19,
       131, 208, 20, 16, 10, 59, 20, 10, 49, 130, 4, 141, 134, 151, 209,
       207, 166, 168, 182, 179, 75, 3, 228, 224, 41, 193, 177, 110, 162,
       80, 34, 216, 27, 127, 45, 38, 79, 71, 128, 106, 45, 138, 48, 225,
       134, 28, 29, 67, 128, 232, 150, 176, 227, 10, 226, 224, 32, 143,
       89, 236, 106, 248, 41, 251, 155, 29, 153, 2, 213, 53, 193, 43, 10,
       136, 38, 108, 70, 203, 78, 3, 238, 72, 15, 162, 201, 139, 64, 139,
       93, 80, 234, 172, 123, 230, 80, 211, 195, 242, 54, 60, 139, 43,
       21, 219, 242, 132, 119, 244, 229, 34, 168, 15, 79, 216, 35, 250,
       177, 237, 83, 108, 217, 187, 61, 196, 125, 255, 203, 67, 207, 49,
       184, 203, 237, 188, 253, 247, 210, 113, 158, 223, 48, 190, 189,
       118, 223, 252, 159, 206, 157, 183, 76, 110, 43, 195, 255, 211,
       143, 226, 244, 103, 40, 255, 251, 215, 239, 159, 150, 127, 173,
       83, 223, 242, 220, 242, 139, 53, 94, 216, 151, 250, 149, 79, 89,
       255, 107, 235, 127, 217, 189, 246, 239, 71, 187, 240, 251, 203,
       239, 191, 191, 247, 40, 87, 25, 134, 207, 37, 22, 2, 99, 123, 118,
       226, 230, 214, 83, 33, 144, 97, 113, 204, 44, 172, 169, 252, 45,
       30, 248, 231, 245, 4, 237, 168, 112, 40, 64, 32, 142, 141, 72,
       139, 161, 72, 174, 176, 66, 70, 244, 194, 96, 66, 112, 44, 106,
       144, 2, 81, 131, 93, 20, 32, 139, 44, 0, 32, 1, 128, 80, 0, 81,
       129, 70, 8, 232, 67, 173, 17, 176, 10, 142, 11, 80, 74, 234, 129,
       79, 145, 2, 35, 64, 192, 148, 144, 154, 42, 85, 8, 33, 128, 32,
       160, 142, 29, 73, 199, 160, 104, 150, 176, 64, 1, 228, 224, 104,
       66, 216, 108, 98, 96, 6, 67, 218, 25, 13, 34, 79, 47, 16, 42, 39,
       130, 194, 136, 150, 159, 137, 124, 180, 143, 190, 151, 74, 17,
       236, 246, 14, 207, 161, 119, 235, 17, 52, 220, 155, 99, 13, 50,
       95, 3, 128, 116, 173, 206, 48, 0, 82, 161, 68, 11, 232, 64, 45,
       32, 178, 10, 6, 10, 36, 80, 232, 129, 78, 225, 8, 179, 65, 192,
       148, 144, 138, 18, 101, 8, 112, 130, 164, 225, 134, 159, 217, 135,
       160, 232, 150, 180, 73, 1, 100, 224, 104, 198, 217, 110, 226, 80,
       6, 71, 154, 61, 13, 34, 79, 111, 16, 43, 53, 134, 64, 37, 22, 157,
       95, 235, 162, 72, 190, 176, 203, 3, 228, 194, 96, 192, 241, 109,
       106, 227, 66, 193, 139, 95, 61, 38, 15, 47, 16, 59, 45, 130, 160,
       225, 134, 159, 95, 195, 128, 204, 22, 176, 73, 10, 100, 224, 96,
       0, 89, 236, 98, 82, 66, 243, 219, 29, 29, 34, 69, 39, 81, 59, 60,
       130, 70, 253, 146, 154, 187, 205, 190, 232, 190, 188, 137, 41,
       236, 246, 105, 214, 231, 115, 235, 211, 98, 67, 154, 251, 185, 20,
       15, 63, 144, 119, 47, 23, 253, 119, 253, 246, 140, 7, 71, 248, 86,
       250, 183, 94, 83, 115, 201, 59, 125, 196, 124, 110, 233, 103, 235,
       42, 251, 203, 229, 188, 41, 251, 208, 49, 179, 202, 79, 222, 30,
       144, 79, 246, 133, 72, 212, 226, 49, 211, 181, 96, 110, 226, 63,
       206, 201, 143, 38, 253, 50, 169, 178, 136, 61, 185, 112, 41, 177,
       32, 111, 113, 4, 139, 225, 23, 102, 49, 246, 82, 179, 9, 148, 105,
       104, 140, 110, 152, 138, 252, 69, 1, 198, 233, 242, 64, 109, 136,
       80, 40, 6, 149, 24, 139, 245, 231, 179, 235, 31, 13, 95, 3, 140,
       124, 46, 68, 253, 27, 19, 48, 22, 184, 25, 255, 45, 20, 138, 71,
       148, 78, 189, 215, 183, 166, 229, 193, 172, 35, 203, 152, 82, 250,
       149, 254, 211, 40, 221, 47, 93, 196, 30, 255, 187, 102, 237, 146,
       12, 10, 229, 252, 189, 251, 80, 116, 113, 134, 201, 101, 22, 10,
       67, 51, 116, 225, 238, 198, 115, 33, 144, 112, 120, 230, 44, 172,
       185, 184, 101, 14, 232, 175, 177, 80, 237, 160, 80, 40, 49, 34,
       205, 53, 22, 2, 97, 115, 118, 161, 226, 214, 83, 1, 128, 104, 120,
       172, 32, 136, 41, 250, 229, 29, 196, 231, 240, 64, 105, 136, 80,
       168, 177, 64, 75, 236, 21, 70, 67, 104, 68, 128, 227, 2, 83, 145,
       57, 96, 120, 132, 10, 234, 73, 183, 21, 14, 241, 168, 128, 21,
       113, 43, 112, 34, 49, 32, 7, 13, 90, 3, 33, 75, 22, 161, 194, 66,
       83, 128, 128, 104, 120, 140, 34, 24, 9, 250, 199, 20, 20, 162,
       241, 0, 105, 8, 112, 160, 16, 32, 71, 137, 78, 139, 225, 67, 100,
       49, 66, 66, 145, 128, 64, 72, 104, 140, 106, 152, 11, 186, 199,
       16, 20, 32, 178, 0, 37, 8, 112, 160, 64, 33, 7, 140, 89, 133, 160,
       72, 142, 128, 195, 8, 228, 210, 104, 194, 208, 32, 106, 112, 2,
       67, 154, 93, 21, 48, 11, 58, 16, 42, 33, 134, 0, 32, 134, 12, 73,
       199, 160, 72, 134, 176, 193, 9, 228, 208, 104, 66, 144, 60, 106,
       96, 2, 67, 219, 29, 5, 32, 9, 63, 16, 42, 7, 134, 114, 0, 18, 136,
       91, 3, 0, 72, 13, 0, 225, 11, 6, 130, 36, 80, 248, 133, 78, 225,
       12, 3, 80, 204, 145, 48, 138, 63, 16, 10, 43, 134, 54, 101, 130,
       143, 221, 11, 174, 232, 60, 32, 251, 11, 192, 170, 61, 192, 248,
       205, 75, 227, 72, 179, 217, 236, 181, 36, 143, 59, 81, 123, 59,
       130, 130, 189, 148, 157, 149, 246, 52, 175, 63, 183, 74, 17, 236,
       250, 70, 205, 209, 127, 163, 145, 118, 220, 219, 255, 173, 54,
       223, 67, 138, 84, 141, 14, 142, 236, 180, 151, 141, 237, 182, 175,
       159, 182, 90, 19, 238, 254, 79, 143, 217, 127, 227, 3, 126, 124,
       219, 251, 173, 54, 223, 35, 130, 125, 141, 206, 165, 221, 205,
       247, 188, 43, 207, 254, 94, 250, 187, 126, 243, 225, 249, 33, 91,
       230, 126, 110, 249, 229, 127, 62, 232, 143, 231, 244, 189, 251,
       208, 41, 213, 205, 237, 246, 188, 34, 79, 188, 82, 226, 187, 222,
       241, 99, 153, 99, 91, 198, 108, 238, 249, 67, 237, 63, 248, 239,
       239, 180, 188, 251, 240, 48, 78, 220, 181, 223, 141, 116, 167,
       175, 93, 78, 75, 18, 236, 116, 181, 239, 209, 118, 186, 35, 113,
