%YAML:1.0
---
descriptors: !!opencv-matrix
   rows: 281
   cols: 32
   dt: u
   data: [ 10, 149, 16, 171, 247, 227, 58, 35, 13, 5, 91, 163, 236, 63,
       32, 192, 214, 27, 147, 33, 22, 152, 65, 159, 45, 245, 138, 195,
       20, 14, 189, 3, 35, 195, 72, 201, 87, 147, 166, 229, 77, 1, 124,
       6, 32, 8, 182, 164, 216, 11, 130, 97, 215, 184, 101, 221, 38, 28,
       134, 67, 93, 10, 216, 140, 184, 23, 122, 97, 116, 23, 115, 117,
       85, 44, 119, 6, 19, 13, 178, 145, 124, 156, 134, 232, 248, 186,
       97, 14, 119, 233, 160, 69, 119, 138, 252, 243, 153, 8, 202, 241,
       70, 169, 225, 87, 86, 17, 118, 242, 153, 9, 244, 105, 106, 136, 6,
       156, 146, 252, 101, 192, 70, 137, 242, 64, 245, 136, 240, 160,
       174, 54, 252, 242, 253, 121, 217, 218, 155, 255, 181, 184, 142,
       159, 207, 59, 143, 25, 215, 16, 58, 103, 106, 210, 219, 219, 59,
       255, 214, 77, 79, 243, 35, 249, 16, 10, 109, 157, 146, 232, 207,
       120, 177, 78, 42, 216, 127, 164, 204, 8, 210, 103, 199, 35, 222,
       245, 22, 89, 1, 190, 89, 15, 91, 157, 0, 172, 139, 249, 84, 203,
       232, 83, 30, 35, 94, 18, 161, 233, 32, 64, 121, 170, 19, 24, 58,
       248, 81, 151, 205, 134, 155, 65, 180, 8, 84, 168, 10, 176, 178,
       187, 118, 167, 185, 83, 94, 107, 113, 50, 156, 154, 126, 40, 255,
       57, 23, 1, 146, 190, 0, 211, 77, 29, 58, 234, 213, 12, 33, 227,
       121, 17, 121, 108, 68, 76, 73, 57, 97, 192, 236, 12, 19, 23, 16,
       112, 116, 156, 21, 104, 73, 50, 240, 9, 211, 237, 32, 8, 32, 162,
       66, 120, 102, 172, 237, 140, 108, 35, 200, 106, 2, 176, 153, 202,
       208, 93, 80, 11, 73, 212, 115, 173, 136, 103, 203, 221, 93, 26,
       235, 188, 85, 171, 82, 160, 2, 126, 10, 156, 78, 176, 190, 198,
       140, 134, 88, 167, 37, 234, 39, 192, 236, 107, 147, 197, 4, 146,
       6, 232, 48, 5, 186, 139, 157, 89, 55, 156, 42, 223, 51, 206, 117,
       151, 175, 112, 15, 76, 217, 102, 60, 255, 176, 228, 254, 249, 151,
       195, 195, 187, 40, 255, 55, 85, 175, 170, 23, 190, 53, 249, 131,
       48, 18, 217, 101, 245, 176, 66, 94, 89, 81, 114, 140, 154, 228,
       233, 206, 25, 146, 17, 151, 252, 3, 209, 4, 24, 26, 226, 152, 9,
       41, 135, 50, 32, 71, 205, 76, 3, 232, 74, 102, 177, 194, 74, 64,
       137, 20, 74, 104, 141, 123, 141, 8, 251, 199, 208, 20, 40, 155,
       32, 5, 8, 112, 168, 52, 132, 135, 156, 220, 3, 6, 234, 22, 178,
       192, 74, 115, 224, 41, 65, 121, 236, 34, 58, 104, 235, 14, 31, 57,
       6, 231, 124, 177, 104, 48, 168, 166, 248, 161, 152, 111, 241, 158,
       202, 154, 86, 16, 187, 140, 220, 119, 140, 223, 89, 179, 215, 230,
       103, 190, 243, 1, 16, 207, 239, 149, 125, 63, 215, 22, 13, 74,
       190, 148, 163, 111, 115, 148, 128, 219, 199, 121, 239, 176, 64,
       126, 171, 23, 141, 89, 155, 22, 223, 248, 134, 175, 128, 189, 238,
       177, 112, 60, 66, 242, 232, 84, 167, 194, 81, 197, 141, 249, 70,
       65, 193, 161, 72, 88, 168, 6, 184, 138, 179, 48, 138, 18, 197,
       162, 0, 247, 171, 244, 160, 176, 161, 207, 173, 94, 35, 200, 111,
       22, 176, 233, 82, 81, 226, 48, 73, 121, 236, 34, 169, 42, 223,
       143, 221, 24, 34, 223, 4, 61, 41, 112, 136, 54, 59, 170, 184, 207,
       101, 148, 202, 18, 223, 216, 175, 12, 236, 127, 10, 253, 91, 179,
       213, 22, 67, 154, 226, 89, 6, 223, 239, 149, 125, 183, 215, 200,
       91, 147, 175, 40, 72, 61, 119, 36, 77, 90, 177, 191, 183, 0, 114,
       198, 151, 79, 128, 72, 153, 33, 99, 229, 244, 186, 129, 2, 146,
       167, 123, 146, 44, 86, 175, 206, 43, 172, 79, 46, 163, 194, 210,
       237, 138, 20, 75, 110, 31, 123, 131, 16, 255, 199, 114, 20, 32,
       27, 32, 53, 80, 163, 128, 49, 181, 106, 205, 212, 19, 229, 127,
       84, 33, 252, 230, 19, 185, 180, 100, 120, 142, 23, 173, 217, 186,
       116, 159, 118, 45, 190, 32, 63, 200, 240, 172, 134, 169, 216, 145,
       245, 168, 169, 199, 62, 21, 116, 19, 140, 130, 70, 76, 235, 11,
       131, 156, 18, 184, 194, 226, 13, 20, 158, 231, 149, 73, 165, 230,
       130, 206, 28, 155, 188, 153, 191, 167, 174, 21, 25, 16, 172, 142,
       108, 64, 231, 3, 14, 145, 114, 140, 42, 247, 173, 149, 30, 199,
       20, 0, 165, 237, 76, 14, 155, 190, 36, 232, 31, 34, 172, 74, 91,
       33, 255, 234, 34, 64, 198, 115, 61, 67, 84, 9, 162, 107, 193, 245,
       42, 137, 16, 99, 37, 67, 82, 207, 26, 164, 182, 131, 94, 230, 45,
       136, 250, 106, 47, 138, 176, 212, 254, 235, 151, 225, 73, 139, 0,
       238, 176, 196, 174, 154, 45, 58, 41, 9, 48, 207, 122, 109, 118,
       139, 127, 246, 85, 128, 126, 2, 51, 41, 176, 80, 122, 190, 23,
       232, 216, 184, 32, 30, 118, 237, 165, 128, 117, 186, 112, 168, 67,
       254, 210, 18, 115, 156, 250, 246, 235, 200, 60, 109, 44, 138, 230,
       144, 167, 105, 150, 87, 198, 173, 148, 238, 46, 93, 22, 242, 78,
       150, 75, 159, 154, 142, 115, 176, 243, 227, 59, 230, 61, 7, 122,
       187, 47, 46, 47, 29, 63, 155, 135, 161, 58, 155, 36, 255, 187,
       246, 26, 199, 181, 197, 39, 127, 135, 82, 91, 133, 50, 10, 43, 48,
       60, 200, 83, 228, 221, 6, 153, 112, 54, 13, 30, 111, 225, 148, 37,
       78, 132, 60, 42, 132, 44, 163, 33, 113, 41, 221, 50, 61, 85, 223,
       247, 230, 220, 100, 110, 8, 182, 185, 34, 64, 128, 110, 2, 73,
       100, 185, 48, 63, 103, 125, 4, 19, 82, 60, 81, 202, 2, 133, 0,
       129, 145, 227, 178, 35, 44, 5, 75, 1, 204, 34, 38, 196, 241, 19,
       138, 177, 22, 152, 1, 223, 173, 22, 139, 71, 144, 70, 173, 6, 2,
       152, 34, 152, 221, 213, 184, 71, 143, 77, 88, 23, 172, 142, 118,
       132, 237, 59, 147, 149, 150, 11, 178, 243, 31, 20, 154, 235, 147,
       4, 181, 223, 130, 140, 134, 159, 129, 110, 180, 167, 188, 23, 66,
       17, 236, 50, 6, 79, 161, 103, 106, 1, 52, 220, 19, 109, 13, 50,
       90, 67, 128, 100, 165, 78, 48, 32, 143, 156, 92, 3, 192, 105, 86,
       161, 226, 74, 83, 224, 32, 137, 89, 228, 98, 40, 41, 243, 147, 28,
       24, 134, 245, 52, 105, 40, 82, 136, 48, 96, 198, 28, 94, 35, 195,
       108, 86, 161, 227, 26, 99, 224, 0, 1, 57, 236, 98, 232, 40, 255,
       223, 31, 24, 166, 213, 52, 101, 41, 114, 136, 20, 130, 134, 151,
       146, 10, 39, 235, 54, 147, 66, 70, 112, 226, 105, 73, 121, 110,
       34, 176, 34, 212, 143, 63, 92, 38, 103, 68, 161, 104, 33, 160,
       220, 222, 141, 253, 40, 70, 77, 181, 180, 34, 130, 197, 213, 39,
       1, 83, 69, 245, 125, 174, 105, 212, 81, 47, 229, 231, 239, 148,
       48, 240, 164, 112, 70, 136, 151, 159, 131, 230, 60, 167, 190, 23,
       74, 145, 236, 230, 40, 203, 231, 127, 187, 145, 48, 216, 27, 245,
       141, 50, 222, 195, 144, 85, 173, 15, 142, 32, 246, 193, 71, 50,
       248, 64, 105, 179, 115, 242, 12, 142, 221, 174, 126, 157, 247,
       189, 128, 214, 133, 192, 28, 24, 218, 199, 231, 5, 99, 133, 10,
       141, 16, 169, 247, 231, 186, 34, 14, 5, 94, 131, 140, 63, 32, 68,
       215, 27, 147, 17, 18, 152, 1, 255, 111, 117, 138, 199, 150, 79,
       61, 130, 63, 20, 224, 202, 103, 112, 218, 88, 3, 69, 125, 167, 8,
       31, 254, 188, 127, 153, 151, 189, 158, 50, 253, 192, 87, 93, 130,
       239, 247, 199, 124, 247, 64, 34, 15, 141, 78, 3, 32, 72, 54, 176,
       66, 66, 21, 194, 96, 72, 112, 140, 106, 144, 3, 223, 135, 81, 20,
       32, 251, 44, 57, 0, 33, 128, 66, 141, 158, 31, 129, 98, 188, 167,
       58, 147, 67, 16, 236, 114, 0, 75, 177, 127, 40, 129, 52, 216, 139,
       99, 45, 54, 94, 67, 128, 112, 165, 14, 2, 151, 32, 169, 213, 195,
       182, 111, 77, 69, 89, 135, 140, 12, 54, 64, 216, 11, 147, 117,
       214, 184, 21, 221, 173, 84, 138, 71, 85, 14, 149, 214, 3, 139,
       104, 155, 246, 145, 184, 119, 30, 69, 88, 199, 173, 142, 182, 96,
       110, 11, 151, 149, 151, 24, 100, 247, 108, 29, 186, 192, 189, 132,
       185, 221, 19, 133, 75, 204, 150, 135, 111, 119, 148, 129, 219,
       199, 121, 231, 184, 64, 126, 171, 31, 173, 81, 155, 4, 207, 120,
       36, 175, 192, 189, 234, 177, 120, 66, 32, 91, 137, 78, 129, 168,
       64, 44, 32, 194, 202, 148, 130, 64, 72, 106, 141, 106, 137, 0, 23,
