%YAML:1.0
---
descriptors: !!opencv-matrix
   rows: 198
   cols: 32
   dt: u
   data: [ 232, 112, 61, 101, 96, 78, 121, 16, 49, 106, 118, 13, 223, 31,
       2, 17, 150, 212, 93, 98, 40, 244, 209, 12, 199, 251, 96, 129, 64,
       177, 78, 83, 73, 252, 243, 217, 124, 249, 235, 222, 255, 243, 116,
       252, 189, 255, 212, 44, 255, 107, 127, 28, 163, 124, 230, 243, 94,
       223, 55, 232, 222, 217, 195, 249, 86, 94, 146, 190, 27, 160, 22,
       202, 182, 12, 232, 103, 36, 243, 33, 80, 252, 255, 170, 194, 14,
       11, 130, 107, 176, 166, 138, 11, 56, 115, 47, 139, 13, 205, 172,
       179, 189, 175, 78, 189, 30, 187, 7, 19, 213, 115, 91, 75, 209, 70,
       49, 31, 186, 216, 91, 163, 239, 223, 223, 116, 146, 127, 216, 98,
       19, 238, 7, 159, 12, 219, 167, 230, 86, 102, 218, 207, 226, 224,
       179, 132, 121, 106, 106, 79, 239, 188, 71, 63, 180, 6, 255, 0, 93,
       29, 25, 220, 205, 185, 253, 255, 236, 173, 109, 151, 255, 119,
       183, 150, 253, 239, 208, 123, 111, 231, 127, 156, 179, 72, 255,
       241, 207, 251, 255, 248, 180, 232, 197, 112, 75, 223, 111, 223,
       166, 212, 191, 183, 252, 95, 95, 247, 249, 111, 158, 97, 39, 87,
       185, 143, 243, 204, 175, 247, 110, 47, 254, 192, 46, 212, 181,
       121, 66, 161, 150, 188, 95, 141, 184, 72, 238, 176, 91, 2, 236,
       232, 124, 66, 179, 117, 123, 81, 2, 225, 155, 217, 29, 50, 79, 11,
       5, 42, 17, 130, 33, 103, 189, 69, 100, 63, 231, 184, 72, 254, 118,
       88, 211, 56, 149, 47, 140, 84, 86, 106, 225, 244, 97, 8, 7, 223,
       101, 148, 68, 249, 87, 229, 83, 82, 114, 129, 111, 153, 184, 64,
       237, 81, 181, 238, 140, 158, 230, 110, 110, 177, 222, 209, 134,
       43, 102, 209, 150, 16, 26, 251, 95, 14, 47, 215, 124, 161, 112,
       227, 181, 91, 122, 184, 111, 37, 187, 41, 207, 79, 14, 212, 178,
       213, 236, 98, 28, 176, 233, 212, 174, 253, 3, 87, 102, 175, 199,
       23, 66, 168, 148, 159, 91, 130, 40, 168, 191, 145, 194, 67, 236,
       226, 72, 198, 225, 111, 106, 208, 6, 73, 203, 241, 12, 178, 207,
       111, 136, 32, 41, 142, 2, 168, 214, 181, 94, 139, 168, 75, 158,
       177, 82, 66, 236, 232, 116, 74, 51, 109, 107, 17, 2, 253, 143,
       221, 12, 34, 95, 68, 5, 40, 81, 136, 113, 0, 206, 156, 92, 3, 73,
       111, 87, 163, 210, 26, 114, 225, 48, 217, 89, 238, 35, 173, 56,
       251, 79, 223, 24, 38, 221, 116, 53, 168, 120, 40, 100, 140, 128,
       158, 222, 193, 166, 232, 30, 147, 192, 27, 100, 226, 105, 81, 89,
       234, 34, 51, 114, 67, 74, 127, 60, 6, 207, 109, 144, 120, 176,
       136, 66, 32, 118, 137, 110, 139, 184, 73, 238, 49, 210, 131, 236,
       152, 116, 74, 166, 45, 123, 21, 150, 249, 135, 208, 20, 56, 27,
       226, 5, 12, 49, 139, 38, 160, 198, 158, 93, 131, 232, 232, 159,
       144, 96, 3, 96, 234, 108, 83, 249, 237, 35, 160, 34, 210, 154,
       253, 29, 50, 207, 47, 145, 42, 112, 130, 81, 87, 79, 101, 182, 14,
       111, 60, 100, 168, 122, 230, 211, 35, 145, 112, 114, 236, 60, 238,
       201, 144, 53, 78, 228, 237, 166, 132, 109, 242, 97, 57, 50, 96,
       102, 205, 108, 11, 120, 72, 23, 160, 210, 139, 66, 137, 52, 72,
       250, 140, 127, 197, 204, 247, 71, 220, 22, 56, 129, 162, 55, 140,
       112, 134, 17, 87, 91, 239, 20, 198, 111, 113, 116, 200, 255, 194,
       115, 199, 176, 96, 126, 188, 46, 170, 201, 177, 21, 207, 240, 175,
       162, 0, 61, 170, 224, 48, 130, 233, 115, 91, 223, 217, 175, 237,
       126, 37, 114, 202, 172, 204, 244, 36, 122, 187, 34, 217, 211, 186,
       190, 245, 61, 24, 14, 106, 87, 10, 231, 188, 153, 7, 66, 111, 147,
       58, 103, 252, 119, 164, 239, 134, 107, 97, 186, 244, 115, 238,
       140, 238, 189, 185, 45, 191, 250, 239, 1, 69, 127, 167, 232, 100,
       107, 246, 253, 254, 41, 61, 217, 158, 139, 123, 188, 253, 190,
       255, 222, 62, 135, 19, 253, 5, 135, 71, 234, 211, 199, 223, 126,
       190, 150, 212, 7, 255, 75, 247, 127, 253, 254, 208, 189, 247, 189,
       91, 222, 247, 189, 191, 150, 101, 231, 95, 255, 141, 231, 217,
       167, 247, 246, 127, 254, 138, 14, 212, 173, 249, 185, 144, 45, 5,
       57, 95, 69, 121, 117, 238, 246, 13, 218, 36, 134, 181, 157, 196,
       236, 44, 233, 254, 113, 14, 201, 31, 117, 20, 75, 172, 70, 125,
       207, 185, 191, 248, 188, 189, 217, 91, 143, 217, 149, 125, 190,
       255, 246, 107, 199, 51, 255, 21, 179, 107, 170, 243, 219, 217,
       127, 250, 158, 237, 179, 115, 14, 252, 182, 159, 221, 95, 182,
       236, 223, 243, 213, 27, 236, 252, 127, 141, 249, 95, 235, 99, 246,
       231, 219, 255, 61, 118, 95, 63, 210, 127, 175, 222, 142, 142, 164,
       247, 229, 127, 190, 175, 31, 63, 70, 17, 236, 125, 12, 203, 129,
       95, 179, 19, 52, 220, 107, 243, 47, 119, 223, 199, 146, 125, 149,
       90, 110, 232, 182, 158, 77, 223, 178, 232, 223, 240, 245, 11, 238,
       252, 127, 206, 217, 253, 235, 67, 78, 99, 219, 253, 155, 118, 79,
       63, 210, 46, 47, 134, 236, 175, 140, 243, 173, 45, 109, 157, 22,
       191, 135, 16, 246, 243, 89, 75, 81, 70, 125, 30, 50, 76, 235, 179,
       239, 219, 245, 245, 130, 251, 212, 99, 50, 75, 194, 173, 84, 128,
       238, 102, 141, 132, 88, 199, 161, 171, 49, 64, 122, 235, 7, 197,
       72, 155, 128, 234, 244, 52, 142, 137, 37, 253, 121, 138, 245, 148,
       143, 183, 141, 102, 92, 186, 146, 178, 130, 91, 215, 127, 17, 75,
       81, 215, 125, 227, 125, 197, 219, 172, 251, 227, 239, 20, 40, 121,
       152, 2, 125, 65, 73, 236, 78, 3, 199, 248, 195, 176, 189, 202, 83,
       201, 249, 38, 88, 196, 102, 239, 201, 35, 238, 153, 112, 200, 229,
       60, 125, 187, 114, 160, 189, 71, 99, 78, 92, 19, 78, 120, 212,
       224, 221, 206, 115, 225, 187, 244, 88, 228, 23, 238, 237, 131,
       108, 158, 114, 111, 165, 152, 63, 191, 112, 112, 66, 161, 150,
       157, 91, 128, 32, 9, 174, 177, 194, 2, 228, 226, 64, 194, 240,
       101, 106, 208, 22, 89, 219, 81, 12, 34, 207, 75, 8, 34, 41, 142,
       66, 32, 151, 157, 78, 139, 168, 72, 174, 177, 66, 2, 204, 200,
       112, 202, 34, 45, 107, 145, 2, 249, 131, 213, 20, 34, 155, 68, 45,
       8, 49, 136, 4, 137, 150, 151, 217, 137, 166, 168, 190, 147, 67, 1,
       228, 226, 105, 75, 241, 110, 42, 80, 34, 216, 155, 125, 13, 34,
       79, 67, 128, 106, 33, 138, 36, 140, 132, 158, 219, 131, 166, 232,
       150, 179, 64, 11, 100, 226, 105, 89, 89, 106, 34, 82, 34, 90, 202,
       63, 61, 6, 95, 111, 144, 106, 33, 138, 35, 96, 71, 219, 76, 139,
       232, 64, 47, 49, 211, 66, 32, 137, 116, 74, 104, 172, 123, 221, 2,
       250, 199, 241, 20, 40, 146, 64, 37, 139, 112, 168, 34, 32, 198,
       156, 77, 131, 224, 72, 159, 176, 192, 11, 96, 200, 116, 64, 216,
       237, 107, 225, 66, 243, 203, 221, 28, 34, 201, 63, 21, 42, 112,
       130, 230, 165, 237, 195, 252, 81, 78, 169, 131, 185, 177, 56, 195,
       127, 220, 251, 89, 198, 125, 250, 122, 103, 203, 215, 191, 219,
       229, 253, 149, 11, 214, 34, 216, 158, 53, 247, 46, 78, 149, 187,
       20, 182, 135, 114, 255, 55, 136, 111, 103, 85, 253, 106, 105, 205,
       121, 173, 241, 227, 95, 22, 10, 120, 37, 59, 92, 176, 252, 114,
       235, 109, 80, 220, 163, 181, 173, 13, 95, 255, 74, 26, 167, 215,
       237, 16, 30, 75, 154, 49, 219, 215, 117, 127, 226, 194, 39, 91,
       124, 240, 188, 246, 138, 68, 95, 152, 163, 181, 132, 141, 95, 223,
       74, 26, 199, 213, 253, 210, 26, 67, 218, 48, 219, 195, 237, 249,
       32, 179, 142, 83, 27, 247, 255, 255, 238, 146, 237, 255, 255, 95,
       254, 246, 253, 239, 190, 99, 111, 255, 63, 141, 243, 249, 231,
       199, 254, 251, 254, 128, 47, 216, 241, 249, 209, 95, 127, 101,
       182, 14, 111, 180, 116, 224, 118, 230, 83, 33, 145, 113, 54, 196,
       124, 110, 233, 176, 53, 44, 244, 235, 36, 132, 109, 179, 66, 41,
       255, 71, 70, 68, 223, 19, 78, 248, 69, 224, 246, 238, 74, 104,
       159, 245, 126, 196, 254, 238, 237, 179, 109, 204, 50, 122, 197,
       151, 111, 191, 122, 4, 191, 223, 98, 94, 147, 242, 87, 237, 247,
       196, 239, 135, 107, 236, 190, 244, 121, 230, 141, 230, 188, 167,
