%YAML:1.0
---
descriptors: !!opencv-matrix
   rows: 172
   cols: 32
   dt: u
   data: [ 194, 94, 190, 158, 107, 228, 188, 70, 188, 14, 82, 163, 172,
       254, 39, 75, 230, 123, 179, 195, 164, 207, 130, 233, 21, 50, 90,
       139, 4, 117, 37, 223, 239, 87, 102, 68, 239, 18, 254, 248, 233,
       254, 191, 239, 73, 110, 223, 183, 126, 197, 247, 239, 237, 83,
       172, 204, 62, 121, 239, 143, 47, 247, 122, 213, 159, 121, 226,
       162, 239, 208, 188, 80, 137, 212, 93, 167, 13, 223, 119, 143, 110,
       249, 151, 215, 197, 247, 158, 192, 86, 89, 207, 175, 175, 255, 57,
       215, 248, 61, 59, 120, 51, 204, 85, 87, 177, 14, 228, 56, 63, 159,
       32, 16, 162, 187, 197, 0, 106, 143, 176, 19, 243, 225, 48, 43, 96,
       0, 166, 251, 59, 93, 99, 77, 116, 151, 238, 120, 85, 104, 249,
       238, 83, 216, 183, 164, 124, 168, 23, 111, 205, 179, 52, 159, 54,
       76, 161, 160, 127, 175, 114, 213, 9, 249, 59, 201, 252, 205, 103,
       247, 238, 73, 124, 96, 182, 213, 176, 100, 6, 58, 86, 88, 211,
       184, 103, 253, 111, 28, 37, 224, 86, 138, 215, 233, 74, 188, 148,
       154, 169, 253, 148, 175, 143, 31, 132, 57, 174, 252, 98, 143, 129,
       115, 251, 17, 18, 73, 218, 241, 137, 210, 94, 123, 154, 92, 141,
       95, 88, 24, 58, 184, 59, 229, 17, 6, 174, 77, 142, 49, 191, 159,
       98, 72, 231, 179, 253, 145, 26, 13, 146, 19, 219, 229, 58, 251,
       144, 0, 37, 91, 212, 80, 206, 246, 14, 78, 125, 16, 176, 158, 182,
       59, 115, 95, 19, 91, 46, 245, 125, 227, 108, 199, 131, 40, 211,
       235, 231, 145, 37, 241, 110, 27, 53, 205, 67, 206, 124, 147, 202,
       248, 198, 64, 216, 70, 115, 216, 188, 228, 90, 232, 30, 239, 207,
       35, 110, 189, 56, 12, 167, 216, 61, 187, 112, 172, 53, 241, 121,
       69, 244, 79, 207, 248, 67, 232, 124, 74, 83, 117, 221, 48, 124,
       220, 22, 234, 201, 178, 125, 12, 127, 140, 37, 36, 127, 187, 118,
       241, 21, 135, 89, 101, 180, 42, 71, 187, 116, 161, 111, 64, 211,
       35, 152, 112, 19, 70, 12, 44, 185, 184, 109, 15, 236, 174, 37, 68,
       232, 226, 192, 32, 141, 221, 29, 109, 180, 15, 111, 191, 116, 106,
       126, 68, 211, 51, 145, 113, 213, 70, 20, 110, 249, 188, 89, 31,
       239, 251, 101, 132, 90, 240, 192, 41, 130, 156, 186, 187, 87, 241,
       184, 66, 30, 71, 81, 179, 172, 254, 38, 72, 255, 59, 179, 145, 54,
       156, 50, 247, 15, 55, 154, 203, 144, 77, 61, 214, 137, 53, 27,
       225, 246, 175, 103, 55, 124, 168, 126, 84, 191, 115, 161, 112,
       183, 62, 22, 56, 241, 184, 49, 14, 237, 207, 39, 0, 232, 232, 193,
       185, 227, 188, 235, 215, 211, 191, 185, 7, 63, 123, 214, 22, 168,
       158, 148, 253, 237, 191, 251, 156, 179, 220, 241, 231, 15, 126,
       154, 194, 139, 4, 170, 255, 6, 188, 162, 155, 213, 181, 184, 66,
       31, 71, 93, 151, 140, 238, 54, 12, 223, 43, 147, 149, 182, 188,
       90, 211, 15, 22, 154, 235, 151, 77, 61, 198, 123, 18, 105, 5, 114,
       30, 105, 56, 105, 232, 114, 228, 89, 14, 151, 244, 54, 141, 118,
       173, 197, 144, 229, 76, 22, 41, 35, 132, 111, 164, 67, 253, 240,
       165, 189, 65, 152, 107, 65, 111, 114, 191, 173, 24, 18, 53, 72,
       53, 25, 150, 108, 56, 58, 121, 225, 23, 217, 142, 117, 117, 208,
       72, 198, 42, 85, 93, 147, 103, 178, 174, 102, 150, 108, 168, 46,
       68, 255, 115, 9, 112, 54, 118, 124, 120, 1, 145, 25, 110, 233,
       237, 37, 0, 170, 243, 171, 41, 0, 139, 202, 187, 196, 136, 238,
       199, 60, 5, 74, 131, 161, 227, 56, 64, 121, 138, 35, 140, 18, 152,
       207, 99, 212, 164, 154, 72, 165, 138, 241, 136, 58, 158, 215, 245,
       55, 250, 176, 55, 31, 167, 94, 250, 110, 61, 128, 228, 127, 247,
       167, 1, 56, 252, 97, 175, 223, 231, 248, 211, 231, 72, 148, 43,
       191, 82, 67, 37, 118, 27, 235, 120, 13, 236, 214, 239, 223, 76,
       159, 132, 62, 141, 207, 109, 197, 180, 69, 140, 134, 121, 41, 148,
       111, 174, 11, 213, 42, 52, 178, 137, 243, 229, 185, 75, 31, 175,
       120, 25, 12, 191, 101, 140, 223, 59, 147, 145, 18, 154, 208, 210,
       29, 20, 27, 235, 147, 76, 39, 175, 5, 132, 84, 153, 220, 169, 224,
       203, 110, 51, 235, 82, 128, 42, 92, 105, 105, 138, 74, 153, 22,
       50, 95, 80, 156, 10, 215, 100, 209, 73, 233, 132, 1, 160, 228,
       213, 76, 26, 232, 24, 126, 240, 114, 66, 243, 232, 212, 224, 123,
       236, 54, 189, 207, 112, 207, 221, 12, 42, 231, 36, 109, 168, 88,
       132, 86, 96, 86, 228, 10, 34, 106, 200, 45, 162, 162, 194, 196,
       131, 69, 90, 122, 213, 107, 226, 8, 199, 193, 72, 148, 162, 203,
       28, 33, 243, 35, 0, 244, 104, 209, 197, 207, 107, 100, 198, 123,
       178, 160, 26, 2, 50, 69, 255, 105, 204, 74, 130, 40, 119, 217,
       194, 157, 128, 215, 39, 161, 121, 98, 172, 58, 170, 98, 156, 127,
       211, 218, 234, 159, 236, 212, 171, 44, 222, 182, 164, 254, 249,
       247, 229, 206, 111, 238, 255, 154, 95, 139, 255, 23, 173, 63, 223,
       240, 13, 14, 173, 159, 2, 166, 103, 36, 34, 162, 19, 99, 35, 0,
       83, 104, 166, 74, 227, 120, 139, 65, 44, 245, 162, 202, 17, 33,
       120, 254, 138, 102, 239, 134, 186, 157, 141, 150, 237, 143, 181,
       137, 9, 230, 232, 104, 130, 201, 115, 106, 83, 94, 75, 218, 177,
       185, 214, 13, 127, 216, 26, 157, 14, 66, 50, 185, 252, 236, 44,
       25, 154, 139, 57, 184, 105, 190, 191, 77, 122, 135, 87, 127, 17,
       146, 75, 138, 241, 157, 188, 122, 190, 144, 73, 7, 43, 51, 223,
       66, 168, 118, 151, 206, 247, 5, 72, 248, 239, 43, 202, 182, 212,
       126, 171, 150, 229, 207, 186, 68, 255, 182, 100, 166, 200, 127,
       142, 248, 157, 132, 164, 181, 83, 133, 109, 113, 137, 126, 51, 33,
       24, 215, 117, 76, 58, 177, 90, 120, 58, 51, 116, 249, 2, 77, 158,
       85, 116, 192, 91, 199, 162, 51, 122, 226, 28, 109, 189, 210, 66,
       207, 238, 188, 79, 42, 200, 183, 140, 140, 168, 214, 15, 142, 39,
       246, 248, 146, 124, 1, 187, 223, 253, 90, 213, 62, 253, 250, 190,
       155, 221, 223, 236, 191, 68, 252, 11, 111, 255, 43, 112, 255, 251,
       255, 195, 110, 75, 186, 255, 251, 247, 143, 91, 18, 119, 47, 90,
       152, 60, 59, 248, 179, 233, 85, 71, 185, 15, 228, 57, 47, 159, 34,
       25, 162, 187, 197, 144, 106, 47, 34, 231, 243, 209, 18, 43, 114,
       80, 167, 123, 163, 109, 6, 159, 221, 189, 166, 230, 222, 34, 216,
       11, 224, 248, 55, 133, 233, 235, 234, 71, 166, 255, 223, 255, 52,
       22, 30, 59, 93, 95, 57, 142, 59, 90, 106, 238, 111, 211, 218, 212,
       197, 76, 244, 175, 43, 141, 183, 180, 238, 217, 215, 199, 206,
       163, 38, 253, 210, 249, 160, 187, 119, 159, 126, 223, 1, 185, 115,
       201, 244, 217, 235, 247, 78, 65, 124, 72, 187, 213, 180, 100, 126,
       58, 86, 88, 211, 56, 116, 253, 47, 28, 38, 232, 86, 138, 213, 237,
       58, 106, 106, 172, 127, 211, 218, 236, 143, 236, 244, 171, 47,
       206, 55, 164, 254, 249, 247, 231, 142, 55, 166, 253, 211, 249,
       154, 187, 119, 143, 127, 223, 53, 205, 66, 202, 92, 147, 206, 248,
       198, 64, 217, 198, 115, 200, 189, 224, 122, 232, 22, 239, 207,
       163, 30, 189, 184, 12, 171, 120, 61, 187, 120, 140, 116, 191, 217,
       103, 240, 111, 79, 191, 50, 232, 186, 108, 243, 55, 192, 49, 29,
       254, 68, 188, 249, 250, 233, 62, 253, 142, 37, 244, 233, 242, 194,
       57, 197, 12, 134, 181, 136, 42, 96, 2, 244, 146, 66, 208, 215, 34,
       1, 91, 67, 108, 106, 30, 48, 212, 199, 0, 132, 162, 246, 64, 168,
       225, 65, 0, 114, 45, 22, 184, 25, 169, 16, 71, 159, 149, 168, 25,
       38, 192, 32, 17, 200, 163, 202, 17, 62, 43, 2, 61, 185, 212, 1,
       123, 208, 12, 46, 14, 67, 142, 154, 247, 240, 166, 61, 23, 58, 31,
       95, 112, 188, 179, 192, 120, 183, 127, 63, 156, 178, 220, 171,
       231, 204, 191, 62, 194, 128, 192, 163, 169, 16, 204, 3, 173, 20,
       130, 70, 174, 84, 2, 202, 66, 211, 227, 32, 196, 88, 236, 8, 232,
       72, 137, 65, 31, 160, 166, 131, 16, 48, 122, 48, 40, 129, 142,
       222, 189, 44, 170, 233, 23, 220, 23, 86, 214, 253, 35, 178, 75,
       107, 39, 63, 140, 176, 220, 71, 207, 196, 187, 250, 192, 156, 200,
