%YAML:1.0
---
descriptors: !!opencv-matrix
   rows: 218
   cols: 32
   dt: u
   data: [ 26, 20, 126, 225, 182, 127, 249, 91, 47, 37, 255, 146, 93, 31,
       188, 96, 63, 149, 223, 184, 146, 185, 49, 212, 223, 205, 178, 197,
       167, 202, 165, 35, 135, 88, 146, 185, 231, 189, 188, 198, 95, 91,
       82, 119, 156, 154, 110, 105, 231, 11, 182, 85, 183, 252, 71, 242,
       132, 88, 90, 194, 156, 93, 169, 135, 10, 185, 130, 153, 215, 241,
       184, 71, 30, 13, 88, 179, 172, 158, 98, 200, 255, 59, 147, 145,
       22, 152, 18, 243, 77, 21, 154, 235, 150, 12, 189, 223, 58, 9, 86,
       157, 69, 214, 248, 103, 45, 12, 254, 3, 44, 26, 38, 213, 234, 189,
       167, 129, 92, 186, 81, 205, 149, 250, 218, 3, 37, 12, 125, 142,
       146, 9, 2, 157, 156, 161, 162, 198, 212, 0, 208, 147, 32, 136, 53,
       69, 72, 106, 10, 193, 38, 171, 4, 187, 160, 32, 138, 57, 21, 93,
       53, 140, 101, 99, 8, 173, 52, 14, 102, 56, 109, 128, 99, 77, 199,
       64, 25, 208, 144, 204, 76, 110, 204, 180, 217, 12, 228, 249, 1,
       20, 72, 179, 90, 2, 119, 71, 111, 132, 246, 18, 239, 112, 233,
       198, 219, 199, 89, 236, 183, 115, 126, 229, 55, 239, 237, 147,
       164, 204, 118, 42, 239, 132, 45, 182, 114, 212, 57, 151, 107, 233,
       246, 151, 251, 113, 69, 76, 254, 230, 89, 29, 182, 96, 126, 186,
       23, 236, 217, 184, 53, 157, 126, 237, 162, 192, 127, 142, 240,
       241, 21, 64, 75, 234, 150, 162, 107, 80, 20, 192, 211, 198, 81,
       195, 185, 104, 126, 168, 31, 190, 169, 149, 60, 206, 248, 173,
       171, 196, 189, 187, 48, 176, 58, 53, 34, 244, 71, 247, 183, 103,
       165, 109, 222, 47, 44, 189, 54, 132, 188, 191, 211, 129, 25, 187,
       48, 239, 243, 87, 154, 131, 111, 92, 191, 255, 180, 74, 234, 252,
       110, 98, 233, 88, 86, 198, 247, 246, 81, 195, 179, 72, 122, 172,
       38, 142, 169, 247, 166, 202, 210, 171, 226, 136, 61, 169, 116,
       240, 159, 32, 255, 209, 98, 50, 249, 81, 41, 242, 119, 242, 25,
       14, 221, 187, 110, 157, 23, 189, 145, 214, 167, 192, 22, 73, 251,
       228, 239, 165, 99, 181, 25, 5, 108, 111, 22, 243, 107, 56, 117,
       102, 215, 130, 121, 93, 159, 105, 118, 160, 31, 239, 168, 176, 45,
       221, 243, 203, 163, 128, 55, 215, 124, 104, 3, 142, 67, 249, 52,
       187, 233, 115, 127, 1, 95, 226, 189, 171, 180, 100, 115, 42, 23,
       24, 147, 184, 37, 223, 78, 255, 178, 192, 183, 136, 241, 169, 3,
       149, 122, 233, 18, 167, 185, 115, 61, 1, 127, 182, 189, 255, 40,
       64, 127, 59, 151, 177, 147, 184, 16, 223, 79, 223, 154, 194, 189,
       130, 161, 147, 11, 191, 104, 139, 246, 149, 186, 103, 94, 69, 92,
       167, 172, 14, 54, 96, 254, 11, 147, 149, 150, 24, 52, 247, 108,
       21, 154, 225, 157, 6, 189, 223, 131, 29, 7, 157, 114, 134, 169,
       35, 60, 65, 66, 215, 188, 38, 176, 225, 102, 47, 27, 141, 181,
       216, 21, 205, 4, 34, 186, 192, 12, 4, 49, 253, 80, 73, 26, 172,
       54, 194, 190, 101, 164, 0, 216, 35, 53, 158, 33, 80, 238, 179, 95,
       227, 76, 139, 0, 109, 241, 225, 170, 137, 20, 18, 173, 10, 32,
       149, 186, 225, 245, 237, 241, 87, 95, 29, 127, 24, 150, 189, 126,
       24, 217, 10, 2, 17, 146, 186, 112, 208, 79, 31, 146, 111, 208, 72,
       246, 226, 56, 73, 87, 228, 54, 14, 127, 116, 164, 132, 250, 3, 63,
       51, 33, 82, 110, 245, 29, 234, 72, 147, 16, 44, 241, 237, 38, 0,
       97, 186, 101, 43, 58, 189, 34, 140, 127, 87, 150, 238, 143, 238,
       152, 175, 44, 188, 103, 128, 205, 83, 215, 227, 231, 43, 58, 255,
       59, 86, 159, 191, 87, 126, 63, 223, 250, 78, 239, 190, 42, 128,
       15, 246, 149, 14, 212, 231, 41, 239, 179, 64, 110, 227, 175, 199,
       232, 143, 38, 235, 242, 103, 250, 137, 53, 245, 52, 121, 9, 141,
       2, 223, 149, 255, 103, 231, 87, 69, 78, 6, 163, 225, 51, 196, 89,
       234, 42, 12, 62, 184, 127, 191, 175, 254, 150, 1, 146, 201, 240,
       204, 62, 36, 210, 174, 21, 226, 122, 64, 167, 130, 219, 3, 77,
       219, 41, 200, 248, 189, 159, 145, 12, 183, 2, 202, 147, 246, 139,
       139, 167, 111, 60, 130, 9, 220, 148, 195, 61, 159, 64, 150, 79,
       57, 15, 84, 174, 19, 2, 230, 193, 6, 234, 28, 139, 156, 113, 183,
       143, 223, 16, 80, 138, 140, 88, 60, 117, 231, 12, 39, 56, 31, 94,
       184, 50, 236, 173, 205, 195, 72, 91, 19, 156, 196, 109, 103, 236,
       82, 217, 63, 238, 247, 37, 49, 72, 191, 90, 82, 2, 139, 22, 157,
       69, 228, 248, 103, 173, 21, 250, 67, 172, 154, 32, 64, 234, 187,
       175, 128, 84, 184, 2, 197, 149, 48, 218, 67, 21, 12, 165, 142,
       247, 239, 168, 167, 172, 31, 78, 168, 18, 246, 129, 141, 211, 44,
       90, 3, 157, 69, 121, 247, 236, 70, 255, 50, 233, 83, 205, 124,
       136, 119, 154, 84, 87, 247, 172, 165, 140, 14, 159, 184, 18, 246,
       143, 141, 215, 44, 91, 2, 149, 197, 121, 111, 140, 64, 253, 10,
       237, 7, 205, 52, 172, 251, 23, 80, 228, 103, 72, 37, 56, 11, 71,
       184, 48, 172, 190, 237, 195, 1, 139, 16, 152, 204, 77, 102, 104,
       178, 201, 14, 230, 181, 37, 53, 96, 187, 94, 67, 86, 97, 75, 166,
       94, 130, 175, 113, 160, 128, 219, 226, 85, 223, 177, 66, 126, 245,
       27, 239, 193, 131, 136, 204, 112, 36, 175, 136, 45, 51, 177, 176,
       23, 97, 235, 164, 198, 2, 239, 112, 128, 192, 218, 198, 89, 239,
       241, 32, 126, 237, 23, 239, 201, 147, 148, 200, 112, 45, 239, 136,
       45, 250, 49, 176, 213, 188, 172, 181, 156, 46, 25, 186, 150, 247,
       134, 157, 211, 108, 82, 67, 197, 198, 121, 21, 188, 77, 255, 34,
       201, 35, 253, 212, 140, 233, 148, 82, 81, 46, 12, 177, 168, 140,
       77, 23, 242, 254, 130, 221, 167, 128, 83, 91, 193, 175, 108, 21,
       238, 78, 215, 16, 200, 243, 126, 57, 136, 72, 155, 88, 247, 224,
       173, 181, 140, 103, 201, 136, 130, 246, 128, 29, 211, 44, 91, 11,
       201, 197, 121, 151, 172, 71, 255, 17, 201, 3, 223, 124, 152, 125,
       18, 82, 42, 157, 186, 248, 247, 245, 177, 87, 53, 79, 222, 63, 44,
       189, 38, 164, 253, 155, 151, 129, 158, 187, 48, 195, 115, 119,
       154, 203, 143, 76, 190, 255, 83, 33, 172, 55, 140, 62, 201, 15,
       134, 245, 142, 29, 243, 236, 90, 42, 193, 199, 121, 157, 157, 73,
       255, 0, 201, 111, 223, 21, 140, 108, 153, 92, 42, 140, 51, 28, 89,
       221, 177, 103, 189, 76, 108, 9, 174, 188, 38, 212, 192, 59, 203,
       1, 64, 171, 50, 95, 23, 118, 16, 11, 82, 12, 71, 254, 157, 2, 235,
       253, 118, 50, 233, 80, 118, 227, 247, 246, 27, 143, 179, 232, 126,
       172, 38, 156, 169, 182, 37, 202, 214, 239, 178, 128, 191, 169,
       112, 241, 21, 50, 195, 193, 70, 35, 233, 81, 119, 233, 83, 246,
       25, 143, 252, 236, 127, 140, 54, 156, 155, 180, 37, 194, 28, 142,
       187, 196, 173, 137, 113, 241, 187, 196, 102, 233, 38, 146, 218,
       112, 5, 64, 223, 226, 91, 15, 180, 101, 126, 153, 23, 239, 232,
       183, 69, 223, 242, 249, 170, 192, 55, 142, 112, 177, 83, 250, 172,
       55, 12, 30, 88, 184, 202, 245, 134, 141, 243, 236, 86, 98, 133,
       231, 249, 69, 141, 73, 255, 49, 202, 107, 223, 117, 12, 44, 24,
       92, 6, 20, 48, 139, 23, 247, 186, 74, 14, 5, 89, 19, 140, 94, 47,
       204, 255, 27, 147, 17, 22, 152, 25, 223, 13, 22, 26, 71, 144, 79,
       13, 151, 11, 151, 106, 171, 213, 167, 187, 255, 30, 105, 93, 151,
       156, 30, 58, 64, 127, 155, 151, 149, 150, 154, 28, 215, 108, 85,
       186, 196, 157, 14, 177, 223, 147, 202, 71, 157, 54, 128, 172, 244,
       148, 64, 210, 230, 49, 138, 176, 69, 110, 169, 31, 205, 227, 141,
       6, 253, 48, 34, 186, 128, 61, 152, 49, 153, 47, 149, 209, 171,
       253, 183, 170, 75, 95, 73, 121, 66, 136, 252, 188, 160, 220, 27,
       23, 145, 151, 186, 111, 214, 13, 93, 138, 234, 213, 78, 249, 165,
       110, 85, 48, 142, 125, 85, 158, 232, 137, 236, 189, 11, 142, 126,
       111, 132, 216, 209, 159, 99, 68, 35, 120, 238, 179, 85, 143, 63,
       19, 63, 47, 215, 150, 90, 70, 157, 34, 130, 170, 80, 172, 194,
       210, 231, 173, 198, 177, 73, 102, 109, 63, 199, 193, 149, 6, 232,
       128, 227, 234, 128, 44, 181, 49, 153, 44, 52, 241, 219, 237, 253,
