%YAML:1.0
---
descriptors: !!opencv-matrix
   rows: 187
   cols: 32
   dt: u
   data: [ 79, 53, 102, 157, 125, 159, 254, 104, 175, 236, 223, 15, 204,
       223, 63, 199, 246, 109, 255, 231, 198, 67, 219, 221, 55, 123, 139,
       191, 30, 47, 121, 215, 2, 131, 48, 169, 149, 211, 182, 109, 77, 5,
       89, 3, 136, 8, 62, 4, 216, 11, 130, 101, 214, 184, 13, 221, 46,
       92, 142, 71, 87, 14, 221, 206, 137, 2, 202, 185, 100, 169, 233,
       18, 127, 83, 119, 214, 157, 139, 240, 73, 107, 40, 22, 156, 179,
       244, 70, 208, 196, 217, 210, 64, 252, 136, 65, 128, 241, 72, 199,
       172, 78, 2, 232, 72, 149, 130, 211, 195, 97, 202, 49, 234, 122,
       164, 58, 175, 13, 183, 23, 202, 148, 162, 202, 8, 61, 171, 112,
       148, 17, 172, 203, 249, 148, 175, 235, 211, 22, 35, 90, 82, 177,
       225, 160, 72, 121, 170, 38, 28, 59, 248, 65, 191, 204, 143, 183,
       64, 164, 200, 208, 168, 2, 140, 148, 159, 148, 226, 180, 175, 30,
       19, 66, 18, 252, 114, 32, 105, 241, 39, 59, 129, 48, 220, 91, 255,
       77, 54, 218, 64, 144, 64, 181, 10, 94, 28, 154, 180, 169, 100, 22,
       3, 146, 143, 155, 57, 223, 255, 65, 90, 197, 247, 253, 147, 24,
       71, 218, 34, 219, 231, 255, 191, 128, 115, 173, 83, 23, 13, 67,
       222, 148, 167, 238, 119, 148, 128, 219, 198, 121, 238, 177, 96,
       126, 171, 27, 189, 208, 155, 54, 223, 56, 174, 175, 192, 181, 238,
       177, 112, 6, 190, 6, 186, 235, 193, 62, 200, 174, 30, 128, 181,
       236, 231, 105, 74, 231, 59, 251, 150, 50, 75, 138, 243, 189, 20,
       159, 255, 144, 84, 165, 211, 51, 165, 106, 205, 212, 18, 237, 119,
       81, 97, 252, 2, 17, 56, 180, 100, 123, 142, 23, 141, 219, 186,
       101, 143, 118, 110, 190, 192, 53, 200, 242, 172, 167, 252, 161,
       144, 239, 113, 156, 202, 154, 242, 16, 191, 12, 252, 127, 139,
       159, 89, 147, 215, 167, 103, 154, 242, 17, 87, 223, 175, 157, 125,
       63, 215, 85, 94, 26, 254, 172, 164, 30, 114, 172, 142, 223, 32,
       252, 254, 34, 64, 246, 115, 61, 66, 84, 11, 138, 251, 243, 245,
       42, 203, 16, 115, 161, 3, 14, 132, 48, 201, 215, 247, 186, 10, 31,
       5, 95, 3, 140, 31, 44, 196, 211, 27, 147, 16, 22, 152, 89, 223,
       47, 86, 154, 71, 150, 79, 29, 134, 2, 149, 32, 169, 213, 243, 178,
       99, 79, 101, 88, 3, 140, 28, 50, 196, 216, 27, 147, 49, 150, 184,
       81, 221, 47, 84, 138, 71, 151, 14, 157, 214, 175, 116, 115, 203,
       109, 127, 250, 72, 109, 104, 245, 90, 202, 28, 62, 245, 254, 157,
       222, 227, 205, 183, 253, 236, 151, 121, 138, 187, 95, 31, 122,
       215, 137, 34, 233, 209, 164, 168, 233, 23, 127, 19, 86, 214, 157,
       139, 252, 108, 103, 8, 23, 156, 179, 244, 102, 194, 70, 217, 178,
       192, 158, 136, 241, 176, 142, 221, 36, 191, 181, 191, 183, 175,
       94, 127, 95, 23, 237, 105, 58, 77, 209, 71, 171, 39, 244, 252, 89,
       191, 110, 119, 223, 71, 158, 125, 149, 90, 67, 240, 174, 189, 109,
       215, 184, 72, 159, 248, 208, 143, 236, 221, 118, 64, 255, 109,
       255, 117, 135, 87, 219, 221, 158, 123, 207, 175, 28, 46, 57, 215,
       33, 84, 125, 76, 126, 67, 199, 127, 68, 102, 252, 230, 113, 85,
       181, 101, 94, 144, 6, 106, 193, 182, 101, 29, 114, 10, 161, 132,
       127, 186, 116, 249, 170, 50, 98, 235, 109, 55, 185, 89, 45, 44,
       253, 159, 140, 143, 55, 92, 238, 157, 223, 167, 136, 183, 243,
       208, 215, 241, 138, 187, 23, 15, 46, 243, 189, 207, 236, 182, 188,
       49, 206, 188, 215, 154, 157, 242, 233, 236, 251, 39, 91, 226, 14,
       239, 249, 103, 110, 191, 168, 95, 239, 252, 183, 255, 216, 69,
       189, 74, 236, 109, 134, 50, 77, 158, 19, 246, 246, 223, 83, 45,
       211, 59, 95, 204, 53, 254, 237, 246, 231, 128, 234, 203, 245, 148,
       255, 253, 88, 80, 70, 158, 72, 147, 194, 160, 57, 135, 60, 23, 75,
       183, 141, 46, 74, 88, 103, 155, 163, 149, 150, 30, 143, 247, 92,
       39, 254, 201, 157, 197, 173, 209, 19, 131, 79, 167, 180, 130, 111,
       119, 172, 192, 91, 199, 57, 163, 176, 64, 102, 39, 63, 140, 209,
       153, 5, 205, 168, 46, 190, 128, 44, 130, 177, 120, 18, 129, 47,
       142, 213, 214, 173, 109, 28, 65, 77, 18, 120, 110, 60, 100, 124,
       155, 19, 173, 83, 139, 59, 221, 105, 47, 142, 76, 17, 6, 181, 240,
       183, 2, 194, 188, 71, 38, 232, 80, 53, 139, 243, 86, 73, 202, 49,
       207, 120, 173, 34, 188, 37, 247, 144, 192, 20, 224, 202, 0, 173,
       41, 123, 128, 14, 32, 162, 129, 69, 123, 176, 72, 95, 181, 87, 50,
       200, 218, 126, 205, 123, 13, 179, 177, 20, 244, 3, 208, 31, 83,
       219, 231, 135, 14, 125, 134, 3, 150, 187, 233, 50, 167, 185, 83,
       62, 9, 91, 114, 156, 251, 168, 96, 247, 59, 151, 145, 146, 184, 0,
       223, 204, 93, 58, 194, 149, 130, 161, 131, 17, 166, 135, 28, 152,
       171, 34, 251, 54, 177, 67, 194, 115, 224, 160, 65, 113, 236, 42,
       188, 40, 221, 15, 31, 248, 38, 245, 68, 176, 40, 48, 40, 177, 32,
       143, 28, 94, 163, 2, 110, 22, 163, 227, 82, 115, 225, 160, 72,
       121, 236, 34, 232, 41, 247, 207, 31, 88, 167, 247, 36, 121, 41,
       112, 136, 62, 126, 234, 131, 246, 179, 155, 194, 6, 164, 157, 175,
       8, 141, 247, 12, 95, 121, 147, 211, 134, 178, 76, 250, 126, 5,
       175, 183, 247, 255, 124, 199, 3, 171, 96, 139, 246, 145, 184, 119,
       30, 69, 88, 199, 173, 14, 182, 96, 110, 11, 151, 149, 215, 24, 36,
       247, 44, 60, 186, 192, 189, 132, 185, 221, 20, 164, 87, 155, 206,
       171, 168, 194, 46, 35, 210, 210, 133, 130, 56, 73, 106, 143, 106,
       153, 50, 221, 71, 242, 148, 36, 27, 80, 181, 72, 177, 128, 183,
       45, 102, 156, 213, 182, 186, 98, 153, 194, 208, 151, 40, 236, 55,
       203, 237, 239, 145, 213, 180, 239, 148, 238, 27, 123, 138, 195,
       133, 101, 122, 222, 131, 2, 0, 153, 20, 139, 104, 0, 30, 5, 83,
       151, 165, 136, 50, 72, 112, 40, 59, 29, 34, 148, 67, 151, 132,
       122, 154, 128, 52, 140, 17, 72, 131, 25, 7, 157, 50, 134, 169, 55,
       188, 192, 82, 215, 188, 6, 180, 197, 102, 39, 59, 141, 241, 220,
       21, 76, 4, 34, 250, 128, 12, 4, 49, 253, 58, 249, 42, 90, 93, 213,
       210, 236, 135, 77, 252, 11, 42, 221, 62, 0, 216, 250, 147, 193,
       78, 43, 122, 189, 123, 85, 132, 123, 83, 30, 86, 222, 49, 207, 76,
       190, 156, 145, 70, 247, 196, 64, 248, 78, 115, 224, 179, 224, 72,
       226, 6, 78, 239, 171, 14, 61, 184, 143, 36, 88, 125, 154, 232, 13,
       33, 133, 99, 201, 244, 167, 225, 119, 84, 41, 248, 82, 147, 169,
       188, 32, 217, 14, 23, 153, 154, 186, 96, 151, 109, 126, 186, 192,
       213, 202, 240, 168, 3, 91, 6, 157, 84, 134, 172, 117, 159, 72, 82,
       103, 168, 138, 180, 68, 236, 106, 55, 205, 195, 152, 2, 253, 36,
       50, 190, 130, 30, 156, 49, 221, 82, 75, 10, 140, 124, 144, 190,
       101, 172, 136, 218, 226, 172, 142, 182, 192, 238, 171, 223, 193,
       68, 139, 2, 237, 178, 97, 170, 139, 20, 18, 189, 157, 32, 149,
       186, 193, 213, 189, 240, 87, 95, 25, 126, 16, 18, 185, 124, 36,
       217, 10, 2, 25, 154, 186, 112, 215, 79, 31, 150, 102, 210, 72,
       240, 174, 195, 114, 50, 136, 109, 87, 186, 72, 237, 76, 210, 47,
       140, 220, 63, 96, 254, 141, 222, 227, 196, 39, 183, 220, 54, 48,
       138, 191, 93, 31, 57, 215, 176, 77, 123, 228, 22, 10, 95, 117, 36,
       132, 250, 3, 51, 59, 49, 80, 126, 245, 21, 226, 104, 185, 0, 14,
       241, 173, 164, 128, 101, 186, 100, 107, 188, 7, 123, 104, 242,
       211, 182, 115, 197, 68, 252, 234, 11, 140, 182, 176, 62, 153, 198,
       241, 244, 171, 36, 142, 58, 201, 36, 237, 119, 170, 238, 197, 35,
       124, 90, 142, 114, 181, 186, 214, 233, 200, 188, 237, 188, 218,
       183, 176, 166, 57, 214, 199, 199, 131, 22, 253, 50, 29, 42, 170,
       15, 214, 43, 157, 50, 188, 34, 190, 59, 71, 150, 238, 159, 250,
       144, 47, 12, 188, 102, 133, 205, 123, 215, 163, 249, 107, 26, 255,
       59, 86, 221, 191, 93, 124, 55, 255, 135, 173, 157, 155, 181, 141,
       170, 135, 238, 25, 17, 84, 172, 210, 108, 202, 227, 75, 10, 86,
       118, 220, 26, 247, 173, 148, 30, 98, 144, 17, 137, 131, 142, 148,
