%YAML:1.0
---
descriptors: !!opencv-matrix
   rows: 151
   cols: 32
   dt: u
   data: [ 118, 225, 112, 168, 157, 217, 82, 237, 43, 45, 249, 9, 139,
       218, 110, 212, 248, 153, 207, 241, 94, 43, 200, 213, 187, 212,
       143, 127, 115, 14, 238, 134, 25, 151, 123, 235, 118, 243, 107,
       123, 21, 73, 95, 230, 121, 103, 186, 100, 126, 170, 23, 172, 187,
       184, 45, 223, 230, 239, 162, 192, 63, 138, 240, 113, 175, 50, 233,
       65, 102, 59, 249, 88, 91, 238, 117, 255, 25, 157, 215, 56, 63,
       157, 151, 30, 165, 118, 236, 194, 94, 93, 49, 172, 239, 237, 86,
       245, 11, 207, 122, 218, 252, 145, 190, 247, 158, 1, 92, 198, 188,
       206, 182, 160, 142, 59, 19, 77, 247, 40, 54, 255, 46, 93, 30, 234,
       28, 140, 153, 141, 127, 243, 98, 0, 251, 151, 223, 253, 169, 252,
       189, 239, 73, 204, 222, 183, 190, 205, 213, 247, 223, 75, 188,
       212, 58, 89, 141, 254, 111, 150, 234, 213, 4, 136, 143, 159, 84,
       139, 161, 168, 182, 177, 66, 66, 244, 224, 40, 73, 113, 108, 34,
       24, 3, 208, 11, 61, 12, 38, 111, 68, 152, 40, 17, 160, 211, 93,
       135, 158, 36, 84, 238, 182, 244, 202, 210, 199, 249, 238, 181,
       231, 102, 231, 60, 207, 237, 207, 183, 235, 176, 42, 238, 128, 44,
       180, 177, 93, 4, 137, 148, 159, 201, 207, 160, 168, 158, 189, 67,
       0, 228, 242, 104, 202, 145, 110, 162, 80, 6, 216, 219, 121, 13,
       50, 79, 71, 144, 42, 13, 142, 74, 123, 187, 229, 98, 206, 57, 23,
       63, 237, 126, 104, 188, 183, 193, 48, 166, 63, 119, 16, 129, 152,
       162, 66, 199, 253, 62, 130, 128, 208, 7, 251, 210, 223, 30, 190,
       178, 128, 60, 55, 180, 13, 206, 247, 109, 231, 34, 81, 102, 179,
       175, 128, 112, 137, 3, 255, 240, 227, 254, 139, 52, 144, 173, 27,
       2, 33, 23, 137, 78, 11, 168, 72, 142, 32, 194, 75, 132, 136, 116,
       64, 226, 13, 123, 97, 0, 19, 131, 208, 20, 48, 10, 58, 20, 8, 49,
       128, 53, 77, 98, 46, 93, 151, 198, 104, 197, 192, 233, 11, 115,
       200, 55, 128, 88, 168, 2, 111, 72, 163, 94, 28, 51, 109, 1, 25,
       121, 63, 120, 134, 58, 252, 227, 254, 127, 240, 220, 71, 215, 91,
       220, 51, 56, 189, 54, 36, 234, 187, 151, 129, 203, 43, 50, 243,
       115, 125, 158, 139, 119, 220, 244, 223, 46, 28, 250, 219, 245,
       243, 187, 75, 95, 79, 95, 55, 168, 252, 63, 76, 217, 59, 151, 19,
       166, 182, 107, 255, 70, 127, 154, 139, 151, 79, 124, 223, 131,
       186, 235, 157, 230, 228, 184, 115, 58, 75, 81, 247, 28, 254, 246,
       41, 255, 255, 183, 133, 181, 254, 166, 211, 95, 63, 251, 234, 141,
       36, 55, 215, 41, 105, 122, 101, 116, 79, 79, 20, 101, 172, 254, 8,
       147, 13, 19, 48, 88, 172, 70, 110, 72, 176, 113, 12, 231, 253, 36,
       48, 98, 186, 74, 168, 186, 209, 99, 237, 111, 23, 173, 127, 93,
       69, 214, 150, 27, 140, 180, 229, 126, 158, 183, 169, 217, 186, 53,
       199, 245, 121, 222, 140, 119, 156, 244, 249, 46, 255, 54, 218,
       127, 213, 159, 248, 143, 76, 156, 47, 108, 221, 183, 165, 158,
       123, 215, 103, 230, 35, 58, 253, 123, 89, 141, 187, 87, 63, 44,
       247, 9, 141, 26, 253, 116, 150, 122, 119, 84, 1, 94, 2, 185, 51,
       162, 96, 120, 58, 147, 136, 124, 154, 32, 255, 103, 239, 186, 65,
       54, 136, 248, 168, 131, 188, 31, 251, 117, 173, 185, 55, 190, 81,
       98, 85, 188, 191, 32, 64, 199, 59, 59, 21, 51, 188, 50, 247, 205,
       253, 26, 66, 136, 0, 129, 218, 129, 158, 31, 253, 52, 175, 121,
       55, 252, 11, 82, 84, 189, 35, 128, 97, 199, 59, 126, 8, 243, 220,
       81, 223, 198, 187, 58, 128, 8, 136, 129, 57, 27, 127, 125, 85,
       178, 158, 254, 182, 57, 204, 126, 231, 63, 61, 151, 243, 166, 247,
       213, 69, 229, 248, 117, 238, 230, 123, 126, 130, 111, 212, 223,
       255, 56, 83, 90, 238, 93, 215, 90, 120, 5, 76, 253, 15, 123, 223,
       42, 144, 252, 184, 149, 102, 79, 163, 88, 157, 243, 205, 33, 57,
       123, 170, 110, 83, 20, 223, 95, 77, 54, 11, 198, 250, 101, 232,
       254, 108, 98, 105, 145, 16, 62, 236, 70, 106, 201, 179, 9, 63,
       178, 173, 37, 150, 109, 251, 106, 185, 56, 233, 120, 101, 116, 91,
       127, 247, 97, 236, 252, 168, 27, 29, 146, 176, 26, 204, 215, 106,
       201, 186, 228, 46, 118, 205, 37, 181, 103, 186, 206, 243, 89, 189,
       253, 245, 164, 46, 125, 183, 123, 251, 122, 108, 159, 59, 192,
       123, 135, 255, 124, 28, 217, 216, 241, 168, 239, 251, 116, 192,
       232, 240, 195, 121, 0, 133, 19, 169, 149, 199, 182, 103, 12, 5,
       120, 3, 172, 220, 32, 64, 216, 59, 130, 65, 82, 186, 80, 221, 165,
       148, 138, 67, 16, 10, 181, 138, 83, 201, 67, 156, 14, 144, 77,
       246, 132, 64, 208, 199, 49, 134, 178, 228, 110, 163, 22, 204, 207,
       139, 38, 237, 48, 40, 254, 136, 53, 156, 176, 124, 211, 92, 135,
       158, 0, 102, 239, 176, 180, 194, 194, 198, 241, 230, 179, 103,
       100, 229, 60, 239, 233, 197, 55, 238, 176, 42, 238, 128, 12, 247,
       49, 124, 221, 28, 238, 87, 5, 118, 255, 16, 240, 214, 215, 146,
       89, 253, 179, 107, 127, 244, 189, 254, 168, 213, 189, 170, 83,
       107, 239, 133, 167, 247, 124, 112, 212, 88, 251, 103, 34, 74, 55,
       80, 120, 234, 119, 40, 254, 87, 129, 123, 178, 117, 124, 106, 97,
       245, 177, 106, 215, 233, 98, 2, 104, 115, 7, 123, 72, 79, 187,
       229, 52, 238, 127, 55, 41, 205, 126, 161, 189, 167, 130, 82, 230,
       119, 189, 12, 0, 152, 161, 238, 239, 255, 190, 129, 134, 214, 165,
       121, 1, 200, 127, 91, 100, 205, 233, 212, 238, 28, 116, 0, 176,
       213, 189, 109, 78, 56, 18, 74, 195, 48, 54, 241, 5, 24, 114, 8,
       87, 153, 101, 237, 126, 59, 208, 168, 253, 153, 82, 218, 23, 172,
       248, 109, 143, 219, 67, 148, 220, 249, 199, 80, 30, 58, 200, 178,
       186, 213, 37, 255, 243, 143, 78, 31, 120, 155, 22, 188, 45, 157,
       84, 55, 171, 29, 184, 77, 174, 187, 66, 146, 133, 179, 237, 0,
       158, 107, 210, 245, 147, 255, 114, 123, 90, 12, 207, 27, 59, 223,
       102, 64, 115, 147, 223, 248, 13, 108, 190, 239, 75, 12, 182, 180,
       62, 149, 215, 231, 237, 171, 44, 223, 114, 95, 37, 247, 127, 174,
       110, 85, 52, 73, 42, 62, 93, 197, 198, 96, 197, 12, 249, 11, 98,
       216, 55, 64, 216, 232, 2, 79, 78, 35, 90, 189, 115, 108, 129, 27,
       81, 63, 124, 206, 90, 91, 127, 245, 38, 156, 190, 182, 173, 200,
       94, 231, 62, 61, 151, 162, 166, 119, 253, 71, 197, 184, 38, 236,
       246, 127, 110, 130, 111, 181, 13, 95, 145, 74, 75, 191, 86, 129,
       234, 80, 62, 1, 82, 214, 61, 131, 176, 96, 122, 171, 55, 205, 163,
       190, 21, 255, 212, 172, 186, 64, 45, 137, 49, 168, 219, 134, 38,
       55, 25, 54, 72, 51, 244, 95, 135, 149, 235, 110, 26, 219, 197,
       230, 253, 167, 188, 205, 117, 173, 202, 243, 218, 145, 46, 100,
       184, 84, 173, 127, 109, 69, 48, 222, 95, 178, 112, 236, 246, 228,
       187, 22, 131, 177, 78, 244, 220, 238, 233, 152, 101, 44, 230, 233,
       165, 144, 111, 181, 70, 113, 255, 123, 113, 101, 110, 87, 95, 184,
       113, 232, 181, 237, 91, 93, 215, 55, 94, 213, 253, 239, 237, 246,
       237, 174, 114, 219, 101, 180, 111, 183, 98, 245, 49, 205, 123, 79,
       118, 143, 239, 244, 116, 64, 126, 66, 113, 209, 181, 48, 126, 232,
       22, 238, 225, 176, 36, 127, 102, 172, 32, 0, 109, 179, 98, 169,
       65, 67, 239, 237, 108, 42, 232, 88, 109, 193, 243, 194, 217, 10,
       145, 122, 122, 165, 126, 235, 129, 243, 229, 192, 212, 249, 234,
       132, 45, 171, 113, 160, 184, 95, 123, 110, 116, 199, 207, 120, 84,
       76, 125, 102, 115, 85, 185, 32, 94, 248, 22, 234, 233, 178, 108,
       63, 119, 173, 161, 128, 117, 187, 116, 249, 52, 211, 121, 106,
       116, 195, 75, 248, 86, 76, 124, 174, 115, 197, 187, 48, 94, 216,
       23, 110, 203, 178, 104, 63, 118, 141, 161, 228, 117, 155, 118,
       241, 201, 157, 31, 252, 161, 236, 61, 55, 188, 75, 74, 20, 188,
       183, 32, 99, 165, 55, 123, 0, 49, 201, 50, 239, 229, 255, 90, 2,
       8, 64, 161, 59, 217, 189, 159, 250, 169, 236, 81, 151, 191, 91,
       180, 92, 190, 255, 64, 123, 167, 243, 253, 16, 59, 107, 186, 243,
