%YAML:1.0
---
descriptors: !!opencv-matrix
   rows: 160
   cols: 32
   dt: u
   data: [ 0, 161, 202, 171, 220, 137, 106, 205, 54, 1, 75, 131, 161,
       195, 120, 64, 121, 138, 43, 220, 18, 26, 207, 115, 252, 164, 138,
       76, 181, 138, 241, 136, 86, 111, 0, 154, 61, 157, 146, 200, 159,
       156, 137, 13, 236, 198, 103, 196, 144, 233, 201, 71, 70, 3, 218,
       255, 177, 20, 139, 59, 16, 63, 31, 70, 231, 119, 102, 68, 230, 18,
       254, 248, 233, 254, 127, 239, 73, 108, 223, 55, 126, 197, 247,
       231, 197, 115, 172, 200, 62, 56, 239, 142, 111, 247, 114, 213,
       116, 104, 213, 213, 207, 57, 228, 192, 107, 178, 160, 10, 66, 50,
       69, 191, 233, 204, 106, 90, 8, 115, 217, 224, 157, 160, 215, 55,
       225, 121, 90, 132, 59, 58, 98, 172, 127, 223, 250, 114, 85, 108,
       246, 175, 42, 156, 183, 164, 238, 253, 215, 71, 140, 191, 37, 253,
       146, 125, 152, 155, 103, 141, 126, 223, 35, 158, 191, 252, 189,
       173, 21, 247, 159, 27, 60, 121, 190, 189, 100, 50, 133, 115, 215,
       17, 242, 105, 66, 191, 235, 222, 116, 250, 218, 88, 128, 187, 48,
       141, 14, 172, 149, 174, 194, 231, 52, 0, 234, 3, 66, 34, 32, 81,
       248, 199, 10, 161, 56, 187, 17, 110, 241, 166, 202, 83, 177, 8,
       244, 2, 88, 184, 59, 232, 58, 237, 89, 18, 166, 9, 142, 25, 183,
       151, 96, 112, 167, 183, 125, 145, 26, 13, 179, 23, 211, 229, 58,
       88, 176, 0, 37, 123, 240, 165, 253, 97, 153, 107, 81, 47, 114,
       183, 45, 24, 19, 53, 72, 54, 1, 150, 104, 56, 58, 124, 241, 23,
       217, 142, 85, 117, 240, 72, 198, 42, 116, 191, 249, 103, 158, 111,
       71, 255, 86, 171, 188, 106, 83, 117, 216, 32, 127, 222, 76, 122,
       249, 250, 233, 62, 253, 143, 37, 116, 241, 250, 196, 57, 141, 253,
       25, 225, 244, 175, 103, 158, 126, 41, 124, 84, 214, 115, 137, 112,
       149, 94, 22, 120, 179, 180, 121, 62, 237, 223, 39, 100, 152, 251,
       193, 177, 58, 129, 98, 235, 213, 135, 126, 97, 13, 4, 243, 3, 107,
       11, 62, 68, 254, 131, 183, 227, 92, 186, 89, 221, 183, 248, 138,
       195, 55, 142, 252, 70, 60, 252, 242, 250, 205, 237, 127, 216, 219,
       62, 124, 42, 125, 255, 109, 88, 255, 219, 38, 210, 10, 114, 250,
       243, 223, 221, 231, 111, 183, 251, 102, 171, 47, 81, 104, 200, 70,
       23, 239, 248, 73, 102, 125, 10, 89, 25, 191, 112, 126, 136, 147,
       234, 192, 50, 124, 221, 119, 77, 160, 173, 119, 187, 116, 224,
       250, 188, 110, 100, 35, 222, 216, 115, 185, 238, 246, 45, 10, 191,
       54, 51, 238, 181, 253, 37, 236, 221, 176, 142, 211, 251, 193, 147,
       103, 36, 94, 95, 122, 249, 214, 234, 59, 217, 90, 232, 171, 53,
       164, 9, 175, 223, 74, 150, 166, 177, 255, 81, 78, 43, 154, 241,
       155, 217, 3, 127, 115, 134, 15, 78, 106, 157, 36, 157, 253, 220,
       180, 103, 153, 72, 88, 175, 172, 60, 54, 193, 198, 43, 147, 5,
       245, 42, 114, 223, 103, 127, 90, 155, 30, 12, 223, 223, 53, 113,
       121, 101, 116, 79, 79, 248, 80, 232, 252, 72, 83, 85, 217, 48, 88,
       220, 22, 122, 201, 178, 121, 12, 127, 205, 37, 36, 101, 187, 70,
       176, 63, 107, 66, 47, 118, 147, 234, 248, 70, 232, 217, 231, 97,
       200, 191, 128, 126, 236, 23, 239, 204, 178, 77, 189, 60, 12, 171,
       132, 125, 175, 120, 133, 53, 197, 197, 85, 212, 26, 230, 185, 116,
       194, 114, 194, 243, 104, 157, 228, 121, 228, 38, 43, 237, 240,
       109, 15, 46, 174, 229, 68, 239, 234, 88, 164, 42, 180, 178, 137,
       245, 249, 176, 71, 31, 45, 120, 179, 140, 188, 102, 140, 253, 27,
       147, 145, 22, 186, 64, 210, 29, 20, 154, 231, 215, 76, 191, 223,
       196, 164, 253, 115, 178, 105, 49, 141, 62, 55, 45, 56, 215, 53,
       72, 58, 51, 26, 121, 16, 50, 116, 235, 51, 205, 159, 84, 116, 224,
       203, 199, 226, 92, 209, 159, 229, 42, 70, 63, 188, 162, 192, 134,
       100, 253, 119, 137, 114, 38, 85, 125, 232, 201, 201, 191, 8, 233,
       227, 239, 148, 42, 178, 39, 57, 54, 101, 2, 186, 25, 193, 30, 104,
       159, 12, 233, 169, 206, 214, 47, 84, 216, 185, 205, 227, 108, 3,
       74, 223, 177, 148, 11, 191, 16, 55, 46, 87, 57, 133, 107, 237,
       246, 18, 239, 121, 69, 64, 255, 130, 89, 13, 190, 96, 126, 140,
       23, 238, 217, 179, 37, 156, 114, 237, 162, 196, 119, 138, 240,
       224, 124, 113, 153, 230, 168, 110, 87, 152, 34, 172, 169, 9, 215,
       119, 73, 26, 145, 213, 109, 114, 72, 67, 219, 32, 251, 229, 37,
       61, 160, 115, 6, 50, 184, 124, 123, 112, 113, 237, 85, 87, 177,
       14, 100, 56, 63, 151, 32, 25, 162, 187, 197, 0, 106, 191, 50, 47,
       243, 193, 48, 9, 98, 80, 166, 251, 244, 164, 136, 170, 220, 161,
       226, 200, 22, 53, 225, 27, 2, 193, 104, 80, 121, 138, 2, 240, 58,
       54, 203, 55, 189, 132, 135, 109, 241, 9, 118, 130, 59, 122, 106,
       238, 111, 215, 218, 220, 13, 108, 244, 175, 43, 140, 183, 188,
       254, 157, 215, 199, 140, 183, 36, 253, 210, 249, 154, 187, 119,
       159, 126, 223, 58, 226, 98, 188, 127, 211, 218, 236, 159, 236,
       212, 171, 46, 206, 54, 164, 254, 249, 215, 229, 142, 111, 166,
       221, 211, 95, 155, 187, 119, 13, 63, 223, 116, 104, 150, 150, 205,
       9, 164, 196, 98, 178, 162, 10, 66, 32, 69, 154, 233, 228, 106, 82,
       76, 227, 217, 96, 157, 160, 87, 59, 193, 120, 106, 142, 112, 201,
       150, 150, 203, 72, 100, 229, 161, 178, 226, 10, 98, 35, 4, 215,
       104, 230, 106, 194, 72, 251, 209, 105, 181, 162, 214, 19, 97, 120,
       166, 42, 0, 185, 187, 121, 240, 141, 123, 215, 174, 13, 124, 4,
       188, 227, 240, 80, 167, 59, 103, 24, 146, 184, 178, 113, 111, 157,
       55, 232, 216, 130, 167, 249, 116, 191, 217, 103, 176, 111, 79,
       191, 54, 234, 186, 236, 211, 39, 192, 49, 29, 222, 68, 190, 249,
       250, 233, 46, 237, 142, 37, 244, 233, 250, 194, 57, 157, 221, 29,
       97, 178, 175, 87, 190, 125, 170, 46, 84, 215, 115, 1, 113, 183,
       94, 28, 122, 241, 188, 25, 63, 237, 203, 37, 68, 248, 240, 193,
       33, 10, 148, 59, 248, 126, 228, 185, 103, 158, 9, 212, 18, 188,
       159, 60, 96, 206, 59, 159, 129, 19, 11, 50, 215, 151, 253, 186,
       202, 20, 8, 161, 171, 117, 125, 221, 225, 168, 38, 79, 159, 34,
       226, 138, 76, 215, 119, 193, 50, 87, 198, 125, 126, 201, 66, 249,
       42, 249, 143, 165, 244, 160, 243, 210, 49, 212, 118, 255, 181, 40,
       110, 121, 26, 184, 254, 183, 245, 215, 127, 219, 123, 167, 213,
       125, 163, 173, 197, 227, 2, 210, 227, 123, 132, 172, 241, 39, 115,
       130, 132, 191, 219, 176, 255, 189, 199, 190, 95, 118, 49, 188,
       239, 174, 109, 231, 59, 191, 28, 51, 221, 35, 247, 143, 251, 126,
       195, 146, 68, 165, 255, 126, 241, 178, 170, 25, 213, 83, 204, 175,
       133, 172, 9, 46, 222, 110, 150, 232, 245, 233, 209, 78, 11, 186,
       241, 155, 245, 15, 127, 2, 6, 46, 94, 90, 28, 246, 244, 103, 254,
       184, 103, 189, 111, 122, 63, 44, 190, 38, 144, 174, 183, 247, 129,
       132, 187, 144, 202, 19, 127, 218, 131, 15, 68, 63, 95, 56, 97, 98,
       233, 21, 215, 210, 88, 5, 12, 245, 3, 43, 205, 59, 128, 120, 152,
       151, 234, 78, 179, 16, 157, 243, 205, 162, 149, 119, 159, 124,
       195, 74, 158, 54, 148, 103, 246, 184, 103, 185, 79, 218, 179, 44,
       190, 38, 213, 238, 183, 255, 129, 196, 155, 160, 205, 17, 54, 218,
       131, 7, 68, 47, 223, 49, 81, 107, 206, 20, 199, 111, 112, 197, 68,
       223, 2, 113, 215, 181, 100, 120, 168, 30, 238, 137, 179, 52, 140,
       113, 172, 162, 136, 53, 187, 116, 120, 170, 159, 36, 157, 127,
       156, 184, 103, 157, 77, 84, 151, 172, 191, 54, 197, 206, 51, 179,
       133, 242, 24, 242, 223, 39, 115, 218, 155, 30, 12, 155, 223, 49,
       89, 99, 78, 116, 150, 238, 112, 229, 72, 251, 198, 113, 192, 181,
       244, 126, 168, 22, 206, 141, 131, 38, 237, 50, 44, 162, 136, 63,
       183, 120, 125, 130, 156, 179, 155, 113, 246, 185, 67, 63, 75, 83,
       18, 172, 222, 36, 236, 255, 59, 147, 145, 51, 156, 50, 247, 141,
       54, 26, 194, 144, 4, 37, 247, 130, 156, 154, 223, 113, 229, 185,
       67, 62, 15, 78, 17, 188, 255, 36, 68, 245, 59, 187, 16, 50, 156,
