%YAML:1.0
---
descriptors: !!opencv-matrix
   rows: 141
   cols: 32
   dt: u
   data: [ 25, 29, 99, 238, 21, 199, 107, 119, 213, 73, 218, 66, 115,
       215, 176, 96, 120, 170, 30, 168, 251, 155, 52, 191, 179, 239, 162,
       128, 63, 138, 240, 121, 44, 245, 113, 71, 240, 111, 103, 184, 112,
       172, 125, 104, 211, 119, 141, 52, 90, 220, 86, 106, 105, 178, 233,
       47, 109, 172, 37, 164, 99, 251, 70, 161, 214, 221, 135, 182, 136,
       6, 14, 184, 176, 146, 131, 194, 221, 231, 41, 203, 119, 215, 57,
       239, 105, 197, 155, 234, 169, 163, 239, 140, 44, 115, 161, 48, 13,
       85, 107, 205, 246, 167, 235, 120, 84, 200, 94, 230, 113, 101, 183,
       96, 126, 104, 23, 252, 129, 176, 53, 94, 102, 47, 163, 128, 189,
       250, 112, 241, 145, 198, 75, 169, 20, 130, 104, 96, 85, 0, 211,
       70, 61, 10, 176, 65, 122, 137, 14, 239, 107, 182, 5, 221, 244,
       161, 170, 0, 61, 138, 120, 128, 24, 141, 17, 189, 145, 206, 86,
       191, 53, 3, 74, 17, 239, 63, 32, 196, 209, 127, 141, 33, 126, 152,
       81, 191, 171, 247, 30, 3, 50, 204, 133, 10, 24, 141, 19, 189, 149,
       223, 180, 183, 22, 5, 74, 19, 189, 63, 32, 192, 241, 59, 147, 1,
       118, 152, 17, 191, 239, 231, 190, 65, 50, 12, 189, 138, 44, 103,
       72, 101, 20, 47, 87, 24, 36, 172, 239, 9, 195, 65, 11, 16, 220,
       220, 205, 98, 44, 178, 73, 10, 230, 229, 37, 53, 96, 251, 90, 3,
       120, 73, 114, 108, 77, 38, 86, 113, 65, 134, 255, 11, 107, 57, 55,
       82, 120, 244, 181, 234, 76, 163, 209, 140, 115, 239, 224, 25, 119,
       255, 126, 138, 234, 159, 32, 157, 125, 221, 153, 39, 139, 77, 84,
       185, 172, 60, 22, 132, 142, 51, 247, 1, 182, 46, 242, 223, 7, 112,
       218, 251, 86, 12, 151, 223, 248, 124, 26, 112, 113, 205, 84, 87,
       177, 14, 228, 29, 63, 159, 3, 17, 166, 187, 197, 0, 106, 223, 144,
       11, 243, 217, 48, 43, 106, 16, 142, 155, 112, 163, 154, 170, 184,
       137, 94, 205, 162, 13, 176, 173, 167, 226, 202, 16, 170, 139, 76,
       85, 30, 11, 78, 49, 250, 197, 46, 249, 160, 2, 155, 3, 215, 178,
       236, 29, 10, 55, 156, 168, 142, 215, 131, 151, 100, 236, 94, 10,
       239, 71, 249, 149, 133, 69, 223, 9, 218, 3, 223, 159, 189, 117,
       57, 86, 137, 145, 124, 251, 182, 220, 125, 55, 108, 77, 86, 179,
       189, 31, 146, 97, 38, 147, 159, 140, 214, 152, 37, 253, 111, 233,
       186, 193, 55, 132, 229, 123, 29, 72, 203, 250, 150, 135, 235, 80,
       20, 128, 215, 194, 81, 211, 177, 232, 124, 184, 22, 251, 171, 183,
       60, 202, 240, 141, 171, 128, 189, 187, 56, 176, 119, 103, 107, 6,
       214, 18, 238, 112, 233, 198, 251, 199, 89, 236, 191, 51, 126, 229,
       151, 239, 229, 211, 172, 206, 62, 42, 239, 140, 109, 247, 118,
       212, 130, 156, 63, 155, 160, 251, 185, 71, 190, 95, 86, 181, 172,
       238, 182, 73, 227, 43, 175, 149, 51, 221, 50, 247, 139, 243, 122,
       195, 152, 68, 165, 255, 59, 141, 86, 156, 247, 242, 190, 103, 157,
       194, 250, 179, 104, 252, 182, 229, 255, 247, 183, 161, 52, 187, 4,
       223, 58, 126, 158, 131, 95, 108, 249, 159, 124, 107, 225, 76, 252,
       75, 71, 248, 3, 164, 252, 171, 67, 229, 155, 20, 90, 204, 70, 106,
       72, 50, 236, 28, 126, 132, 37, 189, 119, 187, 70, 226, 2, 141, 58,
       218, 215, 217, 190, 231, 158, 5, 120, 131, 108, 254, 46, 4, 251,
       59, 131, 145, 118, 184, 24, 255, 61, 22, 30, 99, 85, 14, 141, 158,
       58, 82, 106, 236, 111, 211, 219, 220, 133, 76, 244, 175, 43, 141,
       191, 180, 254, 152, 215, 231, 204, 163, 36, 189, 114, 217, 160,
       155, 127, 159, 126, 219, 47, 189, 240, 202, 255, 253, 186, 206,
       139, 229, 125, 139, 172, 252, 126, 160, 159, 123, 215, 213, 150,
       58, 254, 241, 111, 93, 143, 235, 215, 79, 223, 215, 2, 188, 178,
       155, 87, 241, 178, 202, 31, 119, 88, 19, 172, 252, 118, 140, 255,
       59, 179, 145, 6, 254, 26, 247, 15, 22, 155, 107, 213, 77, 61, 223,
       93, 82, 253, 181, 44, 110, 93, 24, 40, 250, 150, 245, 215, 63,
       211, 123, 230, 213, 125, 175, 137, 196, 227, 0, 198, 235, 250,
       144, 172, 241, 5, 113, 34, 157, 234, 156, 117, 244, 184, 103, 189,
       77, 222, 183, 168, 188, 54, 224, 236, 187, 151, 133, 150, 186, 48,
       195, 87, 117, 154, 195, 199, 12, 191, 223, 87, 234, 173, 183, 136,
       14, 95, 188, 130, 247, 138, 143, 215, 108, 82, 66, 197, 231, 121,
       199, 140, 73, 255, 32, 217, 39, 223, 245, 132, 106, 148, 88, 85,
       177, 172, 165, 152, 100, 153, 11, 134, 245, 139, 143, 247, 108,
       90, 66, 69, 199, 249, 149, 157, 73, 223, 0, 200, 103, 255, 29,
       173, 106, 149, 82, 118, 233, 137, 166, 222, 65, 79, 200, 3, 224,
       137, 139, 85, 255, 89, 114, 221, 221, 125, 247, 11, 67, 250, 176,
       249, 197, 173, 252, 164, 123, 180, 114, 164, 111, 156, 213, 140,
       107, 148, 238, 152, 182, 176, 27, 230, 105, 69, 11, 137, 115, 67,
       99, 96, 111, 90, 232, 105, 130, 95, 51, 213, 121, 215, 138, 113,
       42, 158, 52, 36, 157, 64, 18, 188, 53, 162, 29, 167, 0, 18, 26,
       136, 38, 108, 4, 12, 232, 210, 5, 144, 243, 80, 48, 72, 8, 90, 24,
       60, 132, 238, 224, 148, 98, 71, 73, 116, 163, 223, 18, 83, 243,
       40, 97, 121, 212, 63, 186, 56, 243, 57, 134, 249, 239, 167, 69,
       165, 107, 244, 34, 56, 65, 118, 232, 85, 91, 86, 125, 69, 36, 254,
       3, 91, 25, 51, 208, 120, 144, 143, 226, 76, 179, 17, 157, 243,
       239, 160, 21, 119, 190, 252, 2, 55, 89, 67, 140, 84, 150, 110,
       112, 69, 64, 219, 198, 81, 194, 191, 244, 126, 232, 22, 238, 221,
       147, 52, 237, 48, 44, 170, 136, 63, 191, 120, 212, 34, 157, 34,
       159, 109, 252, 184, 103, 157, 77, 92, 181, 172, 156, 54, 196, 206,
       59, 147, 1, 214, 152, 242, 213, 7, 116, 26, 203, 86, 12, 159, 223,
       209, 235, 8, 170, 56, 141, 90, 188, 106, 13, 128, 77, 167, 130,
       66, 80, 164, 137, 76, 85, 206, 15, 138, 53, 248, 193, 38, 125, 56,
       2, 11, 10, 40, 75, 115, 69, 116, 138, 107, 119, 101, 132, 126, 66,
       35, 131, 180, 84, 122, 172, 6, 204, 64, 186, 36, 236, 118, 188,
       160, 128, 103, 138, 102, 169, 60, 105, 250, 108, 92, 87, 199, 88,
       68, 128, 252, 10, 115, 217, 177, 32, 120, 248, 23, 234, 200, 163,
       52, 8, 115, 205, 165, 25, 103, 187, 116, 160, 146, 205, 23, 191,
       23, 198, 87, 167, 157, 4, 202, 3, 238, 126, 32, 69, 240, 243, 13,
       65, 120, 137, 25, 255, 161, 246, 158, 19, 48, 8, 165, 14, 29, 94,
       67, 175, 178, 162, 46, 50, 52, 192, 91, 230, 245, 102, 177, 224,
       119, 237, 22, 175, 165, 144, 13, 110, 188, 39, 175, 192, 173, 163,
       49, 81, 65, 189, 123, 73, 244, 205, 235, 215, 111, 73, 120, 76,
       183, 213, 244, 112, 182, 58, 22, 88, 147, 56, 176, 125, 111, 156,
       38, 232, 216, 130, 195, 185, 32, 191, 153, 89, 245, 237, 181, 183,
       126, 63, 104, 24, 182, 185, 72, 48, 129, 26, 98, 16, 50, 248, 83,
       55, 109, 22, 20, 99, 208, 72, 199, 171, 116, 102, 140, 47, 56, 15,
       95, 152, 50, 236, 173, 141, 199, 79, 75, 18, 149, 197, 109, 103,
       76, 66, 217, 28, 236, 167, 45, 189, 40, 179, 14, 82, 87, 247, 172,
       166, 184, 78, 95, 184, 50, 244, 141, 141, 215, 110, 91, 18, 149,
       197, 125, 247, 204, 66, 255, 24, 233, 135, 239, 253, 164, 243, 23,
       82, 229, 160, 172, 53, 140, 127, 205, 186, 82, 243, 134, 29, 243,
       108, 90, 35, 201, 198, 121, 31, 189, 200, 255, 40, 205, 107, 221,
       20, 136, 105, 218, 80, 214, 92, 30, 181, 43, 46, 56, 32, 172, 222,
       134, 53, 236, 23, 35, 75, 167, 117, 253, 102, 96, 197, 131, 232,
       145, 243, 91, 147, 6, 53, 33, 83, 113, 41, 121, 101, 116, 14, 67,
       59, 97, 168, 254, 72, 19, 49, 145, 48, 58, 156, 84, 104, 201, 186,
       245, 14, 127, 173, 37, 52, 101, 168, 82, 168, 247, 247, 172, 167,
       140, 70, 95, 184, 50, 246, 143, 141, 211, 44, 83, 90, 213, 197,
       125, 247, 204, 64, 253, 10, 253, 99, 239, 181, 172, 251, 20, 82,
       203, 81, 109, 245, 34, 18, 185, 48, 24, 82, 87, 247, 221, 63, 154,
       107, 70, 21, 189, 239, 225, 212, 165, 206, 198, 251, 250, 132, 38,
       180, 33, 113, 231, 172, 172, 23, 140, 63, 76, 174, 202, 247, 142,
