%YAML:1.0
---
descriptors: !!opencv-matrix
   rows: 176
   cols: 32
   dt: u
   data: [ 56, 5, 74, 236, 149, 226, 80, 115, 149, 128, 255, 2, 83, 243,
       40, 65, 88, 184, 142, 168, 56, 163, 82, 158, 251, 237, 162, 73,
       55, 202, 252, 130, 188, 20, 94, 245, 194, 99, 85, 67, 21, 130,
       243, 51, 91, 63, 33, 9, 91, 151, 135, 161, 56, 230, 81, 206, 87,
       227, 112, 17, 245, 120, 228, 178, 3, 157, 67, 159, 116, 150, 234,
       119, 124, 73, 90, 231, 185, 254, 182, 228, 126, 43, 23, 141, 151,
       152, 53, 255, 36, 62, 170, 128, 28, 134, 121, 221, 123, 112, 243,
       228, 101, 80, 125, 80, 105, 202, 118, 234, 123, 159, 215, 190,
       126, 253, 181, 238, 201, 118, 230, 192, 87, 249, 231, 138, 103,
       183, 102, 125, 238, 178, 244, 144, 235, 120, 184, 71, 187, 255,
       149, 189, 140, 238, 206, 159, 167, 31, 239, 17, 182, 79, 238, 192,
       30, 83, 93, 255, 134, 100, 143, 215, 63, 54, 209, 65, 223, 63,
       234, 216, 95, 233, 125, 94, 72, 64, 221, 188, 127, 204, 150, 254,
       153, 114, 125, 210, 30, 28, 133, 230, 255, 239, 88, 181, 48, 157,
       127, 239, 52, 198, 71, 121, 69, 76, 254, 35, 115, 125, 48, 96,
       120, 180, 14, 235, 249, 171, 49, 157, 243, 237, 162, 16, 53, 170,
       116, 123, 203, 88, 182, 158, 107, 180, 186, 70, 191, 30, 84, 39,
       172, 254, 39, 207, 230, 123, 187, 193, 6, 207, 146, 233, 23, 115,
       90, 139, 158, 85, 41, 159, 41, 185, 123, 201, 246, 219, 235, 245,
       79, 65, 124, 106, 187, 221, 180, 36, 94, 186, 22, 88, 211, 186,
       116, 253, 111, 157, 37, 224, 119, 138, 215, 233, 250, 176, 254,
       120, 107, 249, 216, 71, 235, 127, 244, 57, 46, 158, 102, 187, 239,
       179, 230, 145, 30, 127, 130, 209, 155, 219, 82, 123, 243, 4, 110,
       15, 212, 221, 29, 254, 154, 78, 87, 191, 177, 58, 174, 24, 118,
       87, 8, 115, 4, 247, 92, 106, 121, 79, 57, 63, 243, 171, 69, 86,
       40, 176, 134, 59, 8, 187, 186, 105, 244, 205, 249, 87, 111, 13,
       124, 12, 189, 207, 242, 52, 190, 59, 87, 92, 146, 56, 162, 117,
       111, 221, 38, 232, 210, 130, 135, 249, 112, 167, 56, 98, 219, 201,
       21, 109, 230, 53, 173, 56, 166, 23, 72, 16, 129, 146, 202, 16, 90,
       43, 233, 53, 255, 133, 20, 127, 80, 10, 198, 43, 58, 186, 163,
       186, 109, 221, 208, 207, 27, 175, 112, 27, 46, 221, 118, 156, 249,
       187, 183, 21, 26, 62, 250, 179, 155, 221, 17, 123, 211, 12, 214,
       251, 206, 48, 181, 211, 235, 253, 185, 219, 187, 255, 53, 57, 140,
       191, 79, 43, 143, 27, 255, 21, 146, 71, 250, 208, 95, 91, 91, 255,
       198, 69, 7, 247, 209, 217, 31, 108, 136, 78, 71, 53, 224, 144,
       162, 72, 247, 51, 0, 115, 0, 244, 108, 106, 105, 201, 145, 45,
       241, 171, 100, 16, 104, 178, 226, 42, 234, 245, 32, 202, 237, 125,
       212, 255, 201, 222, 188, 31, 10, 253, 127, 182, 205, 211, 215, 39,
       254, 35, 250, 210, 59, 88, 133, 191, 211, 126, 222, 223, 8, 155,
       23, 253, 114, 194, 173, 119, 52, 12, 94, 226, 189, 183, 160, 228,
       102, 127, 34, 137, 65, 152, 35, 109, 229, 166, 186, 128, 34, 128,
       37, 169, 25, 73, 67, 5, 148, 138, 110, 23, 116, 32, 66, 192, 211,
       3, 144, 196, 112, 44, 2, 172, 105, 156, 69, 14, 164, 174, 146, 64,
       42, 144, 248, 40, 6, 157, 59, 203, 86, 247, 171, 80, 94, 77, 95,
       34, 112, 220, 188, 100, 126, 58, 18, 217, 147, 184, 60, 255, 77,
       44, 170, 192, 183, 139, 117, 245, 206, 176, 156, 145, 237, 61,
       185, 203, 187, 191, 53, 25, 140, 187, 79, 11, 167, 31, 235, 17,
       18, 71, 250, 194, 15, 219, 95, 111, 130, 109, 143, 211, 67, 190,
       135, 157, 187, 178, 172, 167, 190, 83, 194, 244, 172, 230, 130,
       239, 39, 103, 232, 133, 247, 205, 167, 111, 172, 50, 94, 130, 136,
       68, 171, 125, 13, 119, 121, 39, 226, 95, 55, 184, 120, 110, 127,
       237, 94, 124, 143, 176, 182, 92, 212, 102, 229, 176, 185, 46, 102,
       109, 37, 150, 106, 255, 143, 241, 95, 87, 109, 231, 177, 86, 95,
       184, 45, 76, 95, 165, 221, 94, 155, 240, 214, 213, 189, 239, 205,
       144, 61, 238, 227, 127, 175, 132, 38, 247, 60, 117, 38, 174, 98,
       26, 127, 177, 186, 200, 95, 93, 93, 191, 104, 204, 126, 140, 255,
       171, 131, 151, 150, 50, 14, 247, 30, 84, 139, 235, 215, 15, 127,
       199, 42, 185, 176, 88, 205, 253, 145, 207, 203, 93, 188, 27, 42,
       156, 86, 140, 137, 155, 227, 17, 22, 107, 242, 241, 31, 93, 84,
       127, 211, 12, 222, 223, 94, 58, 230, 150, 203, 240, 184, 65, 185,
       206, 215, 179, 76, 254, 103, 206, 238, 253, 179, 147, 20, 195,
       186, 192, 27, 97, 207, 139, 135, 103, 175, 215, 7, 223, 234, 131,
       246, 226, 175, 207, 94, 85, 94, 166, 209, 232, 254, 96, 95, 223,
       23, 217, 147, 184, 109, 226, 108, 14, 175, 196, 157, 219, 241,
       249, 60, 105, 251, 98, 193, 105, 119, 202, 115, 183, 45, 56, 83,
       247, 73, 58, 57, 222, 64, 82, 25, 114, 234, 34, 127, 205, 101,
       109, 227, 243, 230, 162, 2, 217, 60, 219, 109, 205, 189, 238, 207,
       124, 212, 15, 188, 156, 118, 35, 206, 91, 179, 67, 194, 58, 90,
       241, 69, 25, 218, 187, 85, 29, 21, 255, 39, 205, 96, 138, 252,
       145, 206, 252, 223, 64, 88, 199, 113, 200, 191, 228, 94, 106, 22,
       127, 247, 43, 14, 189, 58, 88, 175, 252, 31, 159, 216, 157, 75,
       156, 182, 185, 171, 180, 176, 151, 191, 31, 90, 55, 236, 254, 102,
       238, 231, 63, 191, 145, 150, 89, 179, 241, 143, 247, 95, 203, 146,
       68, 173, 95, 53, 223, 50, 76, 122, 143, 150, 248, 198, 136, 248,
       108, 118, 248, 165, 176, 220, 120, 86, 99, 207, 171, 26, 63, 56,
       28, 37, 190, 89, 59, 120, 159, 106, 176, 242, 120, 107, 253, 112,
       75, 251, 93, 116, 57, 43, 221, 102, 152, 171, 187, 183, 17, 30,
       126, 178, 209, 31, 217, 80, 107, 243, 4, 110, 211, 27, 157, 7,
       191, 53, 150, 122, 55, 53, 73, 94, 199, 175, 167, 34, 196, 102,
       46, 149, 204, 93, 152, 17, 173, 226, 247, 178, 129, 62, 132, 56,
       91, 56, 133, 66, 232, 149, 162, 112, 103, 21, 1, 218, 18, 67, 169,
       32, 64, 248, 190, 14, 160, 120, 187, 0, 158, 251, 231, 154, 69,
       51, 136, 248, 130, 27, 133, 111, 233, 210, 224, 185, 127, 61, 113,
       94, 146, 61, 63, 180, 97, 103, 155, 23, 157, 179, 152, 53, 247,
       127, 111, 186, 192, 183, 192, 161, 248, 218, 28, 182, 252, 169,
       116, 92, 19, 169, 94, 134, 149, 238, 191, 54, 219, 231, 247, 253,
       129, 252, 77, 179, 192, 211, 123, 218, 155, 134, 116, 45, 95, 78,
       56, 190, 212, 235, 124, 188, 7, 171, 191, 182, 57, 140, 190, 71,
       159, 167, 119, 251, 17, 22, 71, 146, 192, 31, 83, 95, 187, 134,
       116, 143, 87, 139, 218, 134, 155, 50, 148, 58, 214, 63, 73, 86,
       247, 172, 206, 178, 76, 231, 43, 191, 213, 151, 156, 6, 247, 134,
       118, 186, 194, 158, 133, 169, 223, 141, 117, 121, 103, 227, 95,
       63, 184, 49, 238, 127, 173, 95, 125, 139, 176, 182, 93, 213, 102,
       229, 176, 189, 174, 103, 127, 37, 135, 110, 247, 143, 247, 107,
       93, 101, 236, 125, 196, 222, 112, 137, 72, 152, 235, 60, 31, 53,
       226, 206, 241, 223, 231, 201, 11, 226, 253, 55, 121, 170, 186, 31,
       63, 115, 219, 3, 105, 91, 187, 104, 128, 104, 80, 239, 80, 112,
       66, 189, 194, 245, 251, 238, 105, 63, 222, 195, 26, 134, 241, 132,
       248, 170, 136, 28, 147, 43, 137, 35, 157, 127, 207, 116, 167, 175,
       247, 76, 72, 126, 66, 240, 117, 180, 100, 92, 114, 19, 108, 241,
       184, 49, 255, 109, 62, 130, 64, 87, 202, 241, 253, 223, 117, 97,
       103, 243, 22, 95, 184, 121, 200, 95, 160, 89, 127, 159, 116, 182,
       213, 245, 239, 236, 144, 173, 238, 103, 253, 175, 135, 38, 247,
       39, 117, 2, 203, 181, 217, 108, 133, 105, 156, 94, 17, 80, 66,
       189, 131, 184, 109, 226, 11, 58, 200, 195, 152, 115, 241, 133,
       184, 218, 40, 28, 152, 33, 168, 79, 69, 108, 231, 181, 54, 127,
       184, 117, 206, 95, 160, 217, 127, 159, 244, 86, 213, 189, 239,
       232, 144, 237, 238, 231, 255, 175, 132, 38, 247, 116, 113, 44, 3,
       252, 95, 236, 126, 245, 25, 206, 159, 63, 0, 218, 109, 127, 78,
