%YAML:1.0
---
descriptors: !!opencv-matrix
   rows: 170
   cols: 32
   dt: u
   data: [ 55, 5, 107, 172, 20, 87, 94, 104, 65, 194, 249, 11, 19, 24,
       63, 48, 248, 141, 23, 231, 205, 179, 52, 142, 179, 237, 160, 23,
       117, 187, 122, 70, 39, 197, 97, 75, 213, 151, 174, 237, 78, 96,
       121, 70, 72, 88, 188, 164, 248, 10, 146, 255, 215, 184, 125, 255,
       46, 28, 143, 230, 95, 15, 217, 132, 42, 244, 235, 250, 85, 245,
       248, 95, 95, 77, 93, 18, 40, 221, 124, 36, 249, 27, 19, 153, 131,
       123, 58, 195, 111, 221, 158, 171, 215, 76, 244, 254, 1, 0, 113,
       161, 100, 168, 233, 87, 236, 89, 154, 114, 157, 18, 248, 106, 106,
       129, 94, 153, 147, 32, 100, 192, 132, 152, 186, 236, 156, 136,
       227, 161, 21, 130, 143, 29, 22, 139, 99, 251, 118, 162, 66, 70,
       211, 225, 168, 73, 57, 236, 34, 172, 41, 248, 15, 31, 92, 167,
       117, 68, 185, 40, 112, 168, 117, 164, 139, 60, 218, 3, 71, 251,
       18, 162, 192, 90, 115, 225, 161, 81, 89, 236, 34, 168, 105, 91,
       140, 31, 120, 167, 229, 60, 185, 248, 112, 168, 49, 65, 99, 44,
       29, 87, 198, 104, 212, 192, 225, 10, 83, 216, 51, 224, 88, 228,
       122, 111, 77, 163, 52, 30, 177, 44, 129, 24, 113, 59, 112, 70,
       112, 32, 207, 141, 92, 3, 105, 75, 54, 161, 226, 74, 81, 130, 16,
       88, 120, 172, 98, 137, 9, 218, 199, 4, 20, 34, 219, 0, 45, 40,
       114, 168, 2, 32, 94, 161, 78, 139, 168, 66, 46, 33, 194, 194, 148,
       137, 80, 74, 106, 13, 123, 9, 2, 157, 199, 80, 20, 32, 26, 32, 4,
       136, 49, 136, 130, 122, 251, 181, 230, 225, 189, 83, 62, 207, 82,
       247, 188, 254, 247, 41, 175, 123, 151, 133, 161, 220, 166, 226,
       84, 30, 250, 170, 141, 237, 181, 219, 4, 160, 135, 151, 85, 203,
       161, 168, 190, 177, 66, 2, 228, 224, 105, 73, 49, 108, 34, 80, 3,
       208, 139, 125, 13, 34, 79, 68, 128, 42, 37, 160, 36, 128, 142,
       156, 95, 3, 34, 232, 22, 179, 64, 2, 64, 226, 105, 73, 121, 236,
       34, 176, 34, 82, 158, 29, 29, 38, 207, 109, 177, 40, 60, 136, 53,
       65, 74, 172, 22, 6, 206, 120, 68, 224, 235, 135, 83, 72, 59, 64,
       120, 236, 2, 239, 201, 179, 21, 140, 241, 105, 130, 4, 45, 191,
       120, 0, 3, 33, 55, 201, 108, 141, 161, 65, 205, 40, 215, 2, 144,
       144, 148, 102, 104, 12, 106, 25, 129, 183, 231, 208, 20, 56, 130,
       10, 20, 8, 115, 165, 4, 136, 148, 158, 217, 199, 166, 232, 158,
       146, 65, 1, 228, 242, 105, 193, 209, 110, 162, 98, 34, 82, 154,
       61, 61, 38, 79, 111, 144, 42, 45, 130, 70, 169, 132, 159, 73, 201,
       160, 168, 174, 180, 67, 0, 228, 226, 76, 70, 209, 101, 106, 209,
       6, 65, 219, 121, 13, 50, 207, 15, 0, 34, 9, 134, 50, 135, 48, 233,
       213, 147, 214, 109, 77, 44, 120, 3, 10, 24, 52, 132, 216, 187,
       151, 97, 222, 184, 0, 157, 41, 92, 142, 103, 117, 14, 248, 143,
       98, 32, 66, 201, 75, 3, 184, 72, 173, 32, 194, 131, 0, 138, 52,
       64, 234, 157, 123, 225, 0, 147, 209, 208, 21, 56, 138, 27, 5, 10,
       35, 134, 114, 1, 114, 76, 77, 95, 211, 72, 77, 36, 253, 10, 2,
       145, 191, 52, 120, 152, 206, 106, 200, 163, 112, 206, 179, 28, 2,
       63, 83, 15, 110, 166, 181, 34, 239, 224, 142, 35, 75, 89, 208,
       162, 181, 246, 83, 233, 249, 43, 127, 164, 20, 190, 185, 231, 44,
       138, 218, 203, 225, 252, 253, 235, 112, 160, 106, 184, 188, 184,
       105, 205, 17, 195, 171, 61, 164, 25, 142, 159, 66, 30, 129, 51,
       235, 17, 18, 75, 242, 241, 223, 209, 95, 127, 18, 12, 135, 234,
       241, 74, 111, 220, 38, 144, 79, 246, 196, 64, 214, 198, 49, 131,
       177, 101, 78, 224, 62, 206, 201, 143, 38, 237, 240, 171, 234, 136,
       61, 185, 112, 40, 140, 156, 177, 183, 177, 126, 182, 175, 60, 239,
       74, 113, 205, 126, 9, 205, 151, 95, 189, 51, 112, 220, 89, 174,
       173, 247, 31, 70, 130, 117, 133, 75, 81, 201, 27, 252, 14, 128,
       76, 182, 213, 72, 214, 98, 181, 163, 176, 228, 104, 162, 62, 201,
       201, 11, 2, 191, 176, 228, 186, 136, 63, 152, 56, 41, 49, 74, 78,
       222, 78, 129, 194, 112, 196, 0, 240, 230, 51, 201, 177, 97, 110,
       224, 6, 203, 201, 167, 6, 189, 112, 168, 162, 24, 125, 187, 120,
       136, 43, 176, 175, 185, 93, 223, 233, 87, 158, 117, 246, 22, 188,
       191, 50, 237, 233, 172, 123, 157, 161, 255, 51, 208, 95, 123, 219,
       0, 159, 12, 121, 250, 130, 128, 18, 153, 19, 182, 184, 66, 63, 15,
       67, 19, 140, 154, 38, 204, 247, 25, 147, 145, 54, 156, 17, 215,
       141, 54, 154, 195, 144, 5, 45, 135, 2, 133, 8, 137, 213, 135, 156,
       103, 4, 5, 72, 3, 36, 50, 32, 65, 216, 11, 19, 225, 82, 152, 16,
       221, 45, 32, 138, 66, 16, 10, 181, 138, 10, 0, 22, 153, 1, 222,
       176, 0, 62, 5, 71, 17, 172, 159, 34, 200, 224, 57, 163, 16, 6,
       220, 19, 197, 7, 51, 26, 67, 2, 4, 45, 202, 182, 205, 213, 150,
       213, 106, 246, 238, 27, 151, 57, 27, 110, 105, 109, 27, 249, 235,
       39, 115, 122, 246, 74, 239, 61, 22, 221, 7, 197, 123, 214, 138,
       34, 224, 140, 157, 93, 135, 24, 40, 134, 176, 66, 131, 240, 215,
       96, 66, 220, 61, 59, 176, 2, 216, 211, 221, 77, 162, 203, 172, 16,
       44, 24, 18, 58, 178, 253, 245, 125, 255, 249, 87, 31, 237, 254,
       183, 175, 63, 22, 96, 239, 191, 183, 149, 157, 250, 115, 199, 223,
       223, 190, 195, 135, 140, 116, 251, 30, 21, 244, 151, 139, 116, 31,
       216, 143, 254, 157, 39, 76, 254, 111, 79, 223, 211, 191, 246, 148,
       67, 107, 224, 123, 91, 207, 175, 182, 247, 173, 87, 253, 191, 238,
       126, 190, 51, 79, 255, 87, 234, 158, 254, 83, 237, 187, 49, 127,
       230, 124, 239, 253, 231, 175, 63, 250, 239, 229, 188, 239, 251,
       250, 17, 57, 128, 173, 218, 77, 229, 193, 206, 195, 115, 165, 26,
       19, 185, 124, 111, 201, 136, 50, 137, 27, 111, 250, 145, 83, 217,
       208, 125, 211, 9, 116, 226, 17, 2, 143, 45, 22, 3, 97, 123, 118,
       161, 66, 70, 83, 160, 128, 104, 120, 172, 34, 140, 41, 248, 7, 28,
       220, 167, 115, 68, 105, 168, 112, 160, 49, 34, 143, 61, 26, 3, 65,
       123, 22, 161, 226, 82, 115, 161, 160, 105, 88, 236, 34, 168, 41,
       218, 101, 31, 216, 167, 241, 4, 105, 168, 114, 168, 19, 30, 235,
       249, 54, 162, 235, 86, 62, 203, 94, 246, 189, 239, 177, 96, 127,
       251, 23, 157, 163, 156, 36, 255, 238, 207, 190, 128, 189, 216, 49,
       185, 19, 158, 235, 253, 52, 167, 235, 214, 30, 203, 94, 230, 189,
       239, 177, 96, 127, 123, 23, 157, 163, 188, 52, 255, 228, 239, 190,
       128, 189, 216, 49, 249, 48, 32, 79, 173, 78, 11, 225, 67, 54, 49,
       98, 66, 17, 130, 0, 88, 104, 140, 98, 136, 9, 250, 199, 17, 84,
       160, 243, 0, 41, 8, 112, 160, 17, 32, 31, 129, 78, 137, 169, 67,
       108, 49, 66, 66, 149, 129, 80, 72, 106, 13, 106, 153, 3, 152, 197,
       80, 20, 32, 58, 0, 45, 8, 49, 168, 53, 65, 10, 238, 29, 134, 199,
       96, 196, 140, 195, 7, 67, 193, 49, 64, 120, 236, 2, 239, 72, 163,
       18, 140, 241, 44, 129, 24, 49, 59, 112, 226, 2, 156, 243, 223,
       118, 241, 191, 246, 31, 79, 124, 166, 188, 254, 182, 32, 255, 123,
       151, 129, 135, 186, 56, 255, 119, 125, 186, 170, 85, 223, 37, 255,
       68, 161, 134, 31, 73, 141, 160, 40, 174, 144, 67, 0, 228, 240,
       104, 198, 144, 100, 234, 80, 6, 65, 155, 93, 13, 50, 71, 11, 0,
       34, 45, 134, 4, 168, 148, 159, 89, 199, 176, 232, 142, 180, 65, 1,
       228, 242, 104, 198, 209, 108, 234, 64, 6, 195, 218, 93, 13, 50,
       79, 47, 16, 42, 45, 134, 221, 223, 228, 231, 244, 54, 111, 184,
       87, 254, 223, 102, 89, 109, 219, 102, 127, 222, 191, 255, 189,
       240, 253, 170, 126, 239, 239, 132, 175, 255, 240, 241, 66, 161,
       22, 140, 89, 205, 160, 72, 174, 180, 192, 9, 228, 194, 109, 66,
       208, 109, 106, 97, 6, 67, 202, 81, 29, 48, 11, 63, 16, 34, 7, 134,
       19, 148, 107, 139, 242, 230, 235, 115, 124, 97, 95, 198, 89, 70,
       190, 100, 63, 175, 23, 189, 147, 152, 61, 223, 44, 46, 170, 192,
       189, 198, 177, 245, 154, 186, 214, 184, 122, 249, 48, 198, 191,
       61, 86, 179, 44, 222, 230, 205, 167, 63, 239, 17, 54, 217, 142,
