%YAML:1.0
---
descriptors: !!opencv-matrix
   rows: 193
   cols: 32
   dt: u
   data: [ 137, 183, 123, 225, 118, 169, 235, 83, 28, 105, 93, 246, 189,
       205, 216, 32, 30, 11, 23, 61, 179, 184, 100, 15, 108, 205, 170,
       224, 108, 136, 209, 241, 41, 159, 123, 206, 246, 214, 125, 119,
       109, 76, 126, 230, 57, 63, 182, 224, 126, 187, 151, 172, 209, 184,
       36, 221, 119, 237, 162, 192, 63, 142, 228, 121, 250, 253, 50, 164,
       121, 86, 86, 230, 169, 188, 168, 9, 46, 159, 99, 215, 232, 247,
       223, 227, 104, 75, 144, 204, 179, 208, 14, 63, 2, 20, 39, 79, 53,
       53, 205, 227, 204, 47, 79, 25, 7, 226, 239, 142, 211, 69, 93, 56,
       126, 140, 123, 190, 201, 178, 125, 136, 255, 219, 197, 52, 111,
       250, 208, 240, 253, 95, 125, 79, 248, 31, 95, 184, 97, 236, 247,
       236, 91, 125, 151, 179, 30, 212, 220, 110, 233, 179, 125, 44, 242,
       105, 101, 148, 110, 183, 66, 117, 170, 88, 178, 155, 93, 245, 186,
       72, 31, 71, 85, 19, 172, 222, 39, 204, 221, 57, 179, 147, 38, 182,
       122, 255, 7, 119, 154, 11, 146, 13, 61, 222, 56, 189, 91, 104,
       210, 205, 115, 87, 114, 1, 108, 8, 51, 215, 32, 48, 58, 186, 2,
       24, 19, 186, 176, 31, 127, 141, 36, 104, 235, 130, 230, 187, 72,
       185, 26, 254, 33, 220, 115, 48, 169, 13, 110, 9, 190, 243, 34,
       208, 160, 51, 237, 8, 20, 153, 18, 45, 195, 253, 32, 3, 66, 2, 15,
       11, 205, 89, 61, 101, 37, 14, 103, 180, 125, 234, 118, 76, 223,
       17, 17, 55, 144, 100, 124, 110, 225, 244, 241, 14, 229, 251, 101,
       16, 74, 179, 67, 49, 170, 135, 99, 249, 247, 223, 253, 119, 93,
       125, 118, 147, 137, 45, 54, 196, 111, 143, 151, 157, 242, 186, 33,
       247, 127, 127, 182, 196, 103, 140, 245, 249, 219, 223, 7, 190, 50,
       150, 44, 183, 180, 74, 210, 231, 237, 238, 179, 193, 230, 231,
       191, 199, 237, 207, 23, 239, 176, 98, 254, 128, 60, 20, 185, 93,
       88, 188, 156, 242, 169, 236, 84, 183, 191, 91, 164, 29, 190, 191,
       64, 91, 167, 115, 253, 16, 59, 107, 218, 245, 219, 211, 86, 122,
       138, 64, 167, 91, 211, 93, 231, 158, 36, 86, 239, 182, 241, 202,
       210, 230, 241, 190, 181, 231, 102, 228, 62, 207, 237, 207, 183,
       234, 176, 42, 238, 136, 45, 245, 49, 125, 158, 189, 235, 161, 151,
       79, 190, 207, 22, 245, 218, 151, 217, 255, 121, 66, 127, 223, 159,
       209, 122, 217, 89, 162, 253, 197, 143, 199, 173, 124, 180, 210,
       52, 77, 34, 30, 93, 215, 198, 104, 212, 68, 233, 11, 99, 200, 63,
       128, 88, 168, 3, 111, 76, 35, 90, 63, 49, 44, 129, 57, 113, 47,
       120, 194, 136, 88, 122, 123, 116, 141, 251, 208, 126, 15, 116, 0,
       60, 215, 163, 120, 183, 56, 7, 74, 162, 188, 58, 127, 71, 191, 48,
       128, 80, 129, 101, 171, 139, 205, 49, 218, 253, 197, 159, 239,
       159, 65, 92, 130, 188, 205, 60, 164, 158, 59, 19, 201, 243, 41,
       58, 255, 107, 93, 158, 122, 30, 140, 145, 184, 92, 53, 247, 108,
       171, 122, 87, 89, 233, 194, 255, 40, 223, 247, 73, 190, 182, 213,
       253, 114, 17, 227, 178, 200, 251, 255, 103, 15, 226, 243, 167, 51,
       118, 225, 114, 168, 157, 213, 82, 237, 43, 45, 249, 9, 79, 218,
       108, 208, 248, 153, 135, 241, 94, 35, 216, 213, 187, 212, 143,
       127, 113, 14, 238, 134, 3, 10, 211, 247, 118, 128, 232, 118, 62,
       161, 82, 214, 189, 170, 240, 96, 110, 171, 55, 141, 147, 152, 135,
       255, 156, 204, 186, 128, 189, 136, 49, 168, 66, 32, 18, 140, 13,
       139, 160, 72, 143, 160, 195, 11, 140, 136, 100, 196, 248, 37, 106,
       97, 4, 163, 131, 208, 17, 48, 11, 63, 16, 10, 33, 6, 88, 190, 22,
       248, 185, 189, 80, 23, 175, 29, 182, 93, 175, 159, 66, 219, 133,
       179, 237, 16, 62, 73, 66, 149, 219, 219, 48, 251, 202, 4, 207, 27,
       89, 189, 213, 245, 161, 238, 93, 183, 57, 255, 122, 108, 159, 63,
       0, 251, 167, 255, 252, 16, 249, 248, 241, 168, 239, 251, 116, 130,
       234, 244, 199, 123, 138, 156, 63, 189, 52, 237, 185, 55, 188, 69,
       86, 181, 188, 159, 2, 97, 199, 59, 159, 1, 54, 156, 113, 223, 207,
       55, 186, 193, 4, 8, 21, 251, 56, 89, 107, 110, 116, 71, 94, 120,
       69, 204, 252, 175, 115, 223, 179, 16, 126, 248, 23, 238, 204, 179,
       16, 140, 243, 237, 160, 129, 119, 187, 102, 219, 199, 148, 97,
       162, 228, 108, 237, 215, 233, 95, 145, 51, 157, 30, 248, 111, 234,
       131, 95, 157, 147, 47, 116, 224, 149, 88, 186, 232, 148, 92, 181,
       253, 160, 235, 18, 152, 118, 129, 178, 228, 30, 0, 112, 98, 44,
       200, 48, 0, 250, 57, 3, 65, 66, 186, 2, 255, 52, 20, 138, 107, 85,
       8, 121, 139, 90, 217, 254, 239, 27, 210, 123, 244, 167, 1, 222,
       163, 125, 255, 33, 98, 102, 245, 191, 192, 64, 153, 187, 253, 251,
       237, 174, 193, 55, 179, 37, 59, 32, 201, 26, 169, 85, 197, 182,
       229, 20, 1, 80, 2, 180, 153, 32, 64, 216, 59, 3, 192, 66, 186, 80,
       253, 229, 132, 138, 105, 16, 8, 181, 138, 125, 164, 233, 109, 154,
       103, 79, 232, 102, 99, 236, 10, 83, 119, 24, 112, 123, 204, 122,
       238, 89, 18, 255, 29, 255, 239, 129, 124, 125, 251, 226, 240, 91,
       223, 105, 101, 50, 158, 127, 182, 37, 236, 94, 231, 187, 61, 146,
       100, 38, 255, 157, 205, 205, 152, 101, 174, 230, 253, 44, 130, 46,
       181, 4, 125, 239, 120, 245, 249, 106, 6, 168, 218, 186, 146, 240,
       218, 156, 95, 21, 187, 239, 245, 119, 225, 161, 86, 210, 202, 21,
       62, 235, 140, 141, 176, 99, 177, 40, 97, 120, 101, 116, 79, 71,
       49, 101, 172, 254, 8, 147, 13, 147, 48, 24, 172, 70, 120, 72, 186,
       113, 12, 231, 221, 36, 48, 99, 170, 86, 234, 2, 33, 159, 157, 78,
       139, 160, 72, 174, 176, 67, 66, 228, 192, 32, 66, 176, 37, 106,
       65, 3, 241, 155, 93, 5, 34, 11, 4, 8, 42, 17, 0, 64, 163, 157,
       157, 88, 134, 161, 168, 174, 144, 64, 68, 244, 226, 77, 66, 208,
       109, 106, 192, 2, 64, 219, 89, 12, 34, 203, 44, 24, 34, 33, 130,
       139, 150, 126, 187, 44, 191, 185, 119, 190, 95, 87, 181, 159, 173,
       154, 9, 143, 51, 215, 5, 182, 248, 102, 149, 206, 219, 122, 209,
       212, 204, 135, 219, 117, 41, 233, 100, 77, 79, 75, 106, 71, 224,
       236, 10, 19, 41, 85, 48, 120, 236, 50, 254, 89, 186, 241, 40, 127,
       141, 133, 52, 233, 107, 114, 176, 42, 255, 58, 94, 127, 213, 158,
       252, 159, 204, 252, 47, 104, 220, 182, 164, 220, 59, 151, 71, 199,
       43, 58, 253, 115, 93, 141, 187, 87, 14, 62, 223, 212, 124, 255,
       103, 34, 74, 119, 80, 121, 234, 119, 40, 94, 119, 129, 59, 178,
       117, 124, 106, 97, 244, 185, 106, 215, 251, 101, 2, 96, 243, 7,
       35, 10, 221, 98, 219, 245, 217, 253, 247, 63, 81, 94, 150, 169,
       44, 246, 228, 111, 155, 179, 205, 211, 184, 117, 245, 63, 125,
       158, 195, 95, 156, 253, 252, 59, 209, 114, 205, 215, 23, 189, 247,
       93, 69, 222, 150, 8, 190, 54, 228, 126, 159, 147, 129, 222, 186,
       53, 247, 63, 125, 158, 71, 63, 28, 184, 254, 255, 91, 125, 101,
       102, 90, 223, 184, 113, 232, 246, 239, 91, 61, 151, 55, 62, 245,
       245, 239, 233, 246, 229, 174, 114, 251, 101, 148, 111, 181, 66,
       113, 58, 215, 104, 109, 51, 219, 83, 121, 85, 76, 124, 175, 123,
       93, 182, 180, 94, 152, 149, 100, 237, 184, 125, 159, 234, 221, 37,
       211, 127, 142, 94, 255, 251, 70, 229, 87, 102, 50, 236, 63, 113,
       218, 115, 247, 121, 108, 159, 175, 63, 197, 53, 175, 229, 244,
       237, 200, 38, 106, 246, 132, 111, 244, 242, 221, 158, 189, 69,
       177, 151, 75, 250, 239, 55, 240, 146, 147, 255, 31, 80, 195, 123,
       215, 223, 177, 123, 221, 93, 142, 253, 195, 143, 213, 175, 44,
       181, 122, 37, 160, 195, 89, 69, 253, 224, 202, 123, 83, 96, 88,
       50, 216, 220, 188, 25, 138, 2, 24, 151, 118, 246, 113, 15, 28, 16,
       104, 203, 9, 90, 164, 27, 141, 40, 219, 213, 213, 237, 167, 84,
       21, 78, 2, 185, 42, 62, 96, 232, 139, 19, 205, 118, 152, 57, 255,
       111, 207, 158, 64, 17, 8, 241, 204, 145, 142, 203, 251, 182, 163,
       107, 83, 53, 131, 82, 242, 57, 195, 176, 64, 127, 171, 23, 157,
       186, 188, 4, 239, 248, 239, 190, 192, 181, 200, 161, 168, 11, 237,
