%YAML:1.0
---
descriptors: !!opencv-matrix
   rows: 103
   cols: 32
   dt: u
   data: [ 50, 153, 86, 245, 69, 194, 252, 103, 173, 20, 242, 3, 41, 26,
       38, 83, 232, 183, 183, 160, 76, 186, 81, 205, 183, 249, 202, 3,
       101, 132, 252, 158, 21, 73, 15, 190, 6, 130, 110, 96, 196, 128,
       66, 194, 113, 195, 33, 64, 104, 232, 34, 202, 73, 147, 22, 232,
       176, 160, 234, 8, 57, 187, 33, 136, 55, 87, 111, 73, 102, 23, 238,
       248, 77, 96, 121, 231, 89, 108, 189, 33, 126, 137, 22, 238, 133,
       178, 45, 220, 54, 14, 101, 132, 125, 191, 120, 213, 151, 90, 203,
       251, 22, 131, 171, 80, 60, 136, 83, 246, 29, 195, 177, 104, 126,
       185, 23, 223, 163, 149, 12, 234, 148, 143, 171, 192, 189, 139, 49,
       177, 138, 184, 179, 153, 117, 245, 184, 71, 191, 77, 83, 51, 172,
       158, 100, 236, 237, 59, 147, 145, 23, 222, 50, 215, 13, 54, 154,
       203, 146, 12, 165, 255, 130, 188, 154, 159, 241, 237, 177, 167,
       62, 95, 78, 49, 188, 255, 98, 64, 183, 123, 179, 17, 50, 220, 147,
       247, 109, 55, 31, 227, 144, 64, 165, 219, 129, 38, 245, 221, 108,
       59, 232, 26, 94, 227, 82, 86, 221, 168, 212, 237, 19, 77, 54, 13,
       165, 244, 167, 218, 12, 62, 251, 36, 140, 232, 89, 164, 136, 156,
       158, 185, 164, 236, 125, 23, 191, 95, 86, 53, 189, 183, 34, 75,
       227, 35, 63, 17, 51, 220, 19, 227, 207, 243, 126, 193, 156, 200,
       173, 91, 181, 196, 225, 85, 212, 58, 230, 186, 118, 226, 122, 210,
       211, 96, 157, 172, 121, 204, 6, 46, 249, 244, 109, 14, 44, 142,
       247, 4, 247, 248, 80, 164, 162, 249, 98, 216, 95, 209, 184, 231,
       159, 85, 80, 191, 40, 140, 54, 133, 238, 187, 147, 129, 247, 47,
       54, 247, 63, 16, 154, 235, 85, 12, 247, 255, 122, 156, 182, 190,
       137, 245, 20, 207, 159, 31, 133, 25, 238, 255, 99, 219, 201, 243,
       249, 3, 62, 79, 154, 177, 211, 243, 223, 59, 146, 124, 172, 90,
       247, 119, 110, 6, 242, 18, 255, 112, 233, 230, 255, 231, 73, 110,
       191, 55, 126, 197, 215, 231, 228, 211, 172, 206, 62, 105, 239,
       135, 111, 247, 122, 213, 64, 156, 190, 119, 160, 236, 125, 151,
       191, 31, 110, 20, 252, 247, 192, 90, 167, 127, 127, 24, 18, 216,
       187, 113, 207, 255, 118, 66, 130, 192, 167, 59, 11, 182, 136, 177,
       213, 173, 176, 87, 62, 47, 120, 119, 140, 175, 66, 8, 253, 27,
       167, 149, 150, 60, 210, 210, 79, 87, 190, 234, 217, 76, 139, 211,
       220, 245, 212, 54, 154, 43, 6, 175, 54, 163, 139, 56, 215, 115,
       73, 22, 19, 198, 108, 227, 120, 71, 201, 63, 248, 134, 45, 62,
       174, 115, 139, 3, 116, 191, 249, 101, 180, 47, 199, 191, 114, 171,
       190, 120, 211, 53, 193, 57, 61, 222, 100, 40, 249, 250, 233, 46,
       253, 142, 117, 244, 225, 249, 198, 57, 94, 184, 182, 242, 139,
       253, 88, 199, 187, 149, 166, 11, 14, 255, 110, 223, 233, 215, 251,
       145, 30, 75, 186, 224, 219, 211, 95, 127, 227, 68, 175, 66, 57,
       133, 107, 204, 86, 210, 239, 105, 68, 64, 223, 130, 81, 237, 190,
       100, 126, 188, 19, 238, 217, 187, 53, 221, 114, 45, 170, 68, 63,
       170, 240, 240, 17, 223, 110, 239, 182, 143, 111, 255, 87, 104,
       219, 230, 123, 233, 176, 64, 126, 174, 63, 239, 249, 185, 13, 191,
       246, 239, 175, 196, 61, 186, 240, 57, 50, 111, 2, 140, 93, 131,
       30, 236, 159, 164, 216, 139, 102, 238, 37, 80, 220, 253, 239, 227,
       76, 139, 202, 191, 185, 20, 143, 187, 20, 62, 62, 142, 47, 189,
       123, 91, 246, 249, 251, 208, 127, 72, 253, 238, 249, 252, 189, 32,
       255, 251, 151, 255, 151, 178, 108, 255, 126, 95, 175, 228, 223,
       239, 99, 245, 212, 89, 111, 239, 38, 70, 95, 56, 36, 236, 215,
       131, 83, 127, 49, 99, 126, 244, 125, 238, 232, 133, 125, 12, 243,
       235, 227, 148, 37, 187, 116, 115, 122, 153, 182, 172, 141, 213,
       80, 205, 135, 149, 172, 11, 46, 255, 102, 218, 200, 243, 233, 81,
       30, 43, 146, 177, 219, 245, 207, 123, 146, 46, 188, 90, 37, 191,
       249, 119, 240, 47, 111, 183, 112, 235, 122, 76, 243, 37, 208, 48,
       29, 254, 100, 60, 249, 248, 249, 46, 237, 142, 117, 212, 233, 250,
       194, 57, 204, 164, 149, 179, 137, 102, 20, 175, 178, 191, 128, 25,
       206, 243, 73, 219, 129, 87, 233, 16, 56, 79, 219, 50, 201, 243,
       85, 127, 146, 116, 167, 2, 108, 236, 212, 86, 203, 59, 6, 238, 59,
       183, 169, 24, 78, 227, 72, 159, 19, 206, 226, 18, 50, 78, 219,
       115, 63, 214, 85, 127, 226, 117, 202, 36, 122, 28, 166, 244, 37,
       246, 181, 119, 181, 79, 222, 55, 42, 188, 38, 204, 236, 183, 255,
       129, 204, 159, 176, 203, 211, 127, 218, 131, 79, 68, 191, 127,
       230, 170, 204, 249, 72, 1, 88, 136, 130, 49, 165, 153, 195, 203,
       72, 27, 79, 217, 237, 144, 14, 70, 203, 145, 206, 209, 207, 125,
       148, 136, 30, 130, 83, 91, 74, 14, 82, 150, 190, 112, 165, 64,
       127, 231, 105, 234, 183, 84, 118, 173, 167, 239, 196, 147, 20, 93,
       114, 44, 162, 136, 127, 182, 43, 29, 53, 87, 101, 69, 214, 107,
       231, 248, 84, 96, 254, 206, 83, 97, 157, 37, 120, 198, 70, 238,
       249, 178, 125, 62, 36, 170, 229, 20, 125, 251, 210, 176, 60, 108,
       210, 236, 85, 2, 86, 216, 17, 130, 248, 11, 99, 201, 49, 16, 120,
       252, 5, 226, 72, 179, 136, 168, 243, 237, 165, 49, 103, 251, 118,
       138, 98, 189, 174, 209, 245, 248, 248, 167, 187, 253, 126, 161,
       168, 44, 86, 166, 201, 55, 177, 17, 182, 248, 224, 206, 47, 124,
       158, 195, 134, 204, 222, 222, 39, 176, 178, 217, 215, 245, 176,
       75, 95, 67, 125, 23, 140, 248, 126, 172, 219, 43, 146, 17, 150,
       190, 82, 211, 15, 30, 154, 111, 223, 76, 249, 134, 1, 145, 121,
       232, 230, 205, 253, 49, 12, 73, 240, 118, 157, 30, 52, 96, 238,
       147, 23, 129, 211, 42, 112, 213, 245, 137, 170, 192, 29, 8, 241,
       211, 130, 184, 170, 155, 87, 241, 185, 67, 30, 71, 85, 179, 172,
       222, 102, 72, 255, 59, 147, 145, 54, 190, 50, 211, 79, 22, 154,
       235, 149, 76, 189, 214, 2, 184, 146, 153, 203, 241, 177, 71, 143,
       29, 76, 179, 172, 150, 98, 12, 239, 59, 163, 144, 22, 90, 178,
       209, 13, 20, 26, 107, 146, 76, 165, 223, 157, 143, 255, 236, 252,
       51, 79, 255, 87, 230, 188, 246, 223, 227, 243, 99, 127, 198, 46,
       174, 249, 99, 47, 158, 250, 223, 231, 188, 191, 250, 224, 249, 6,
       205, 183, 219, 255, 241, 182, 207, 191, 23, 218, 179, 140, 254,
       100, 204, 235, 115, 235, 145, 50, 75, 170, 247, 191, 86, 158, 107,
       144, 93, 165, 110, 35, 175, 99, 73, 118, 161, 171, 66, 75, 65,
       120, 230, 32, 204, 244, 36, 254, 41, 18, 149, 135, 186, 164, 223,
       44, 28, 130, 226, 93, 14, 115, 253, 66, 188, 150, 191, 153, 253,
       176, 47, 191, 19, 74, 16, 236, 254, 100, 239, 129, 119, 251, 17,
       55, 77, 154, 247, 141, 246, 95, 75, 152, 68, 141, 158, 127, 87,
       239, 222, 238, 118, 127, 253, 31, 254, 223, 231, 221, 255, 191,
       239, 255, 223, 191, 175, 253, 210, 255, 236, 254, 127, 255, 134,
       159, 255, 165, 245, 179, 191, 237, 141, 239, 87, 189, 255, 31,
       254, 220, 231, 12, 190, 247, 3, 239, 207, 183, 197, 213, 107, 119,
       216, 126, 91, 239, 174, 31, 252, 181, 223, 70, 239, 0, 154, 185,
       217, 150, 168, 158, 52, 137, 137, 172, 198, 71, 132, 129, 123,
       233, 83, 70, 75, 202, 247, 185, 20, 143, 123, 16, 23, 31, 78, 14,
       221, 180, 183, 177, 94, 54, 174, 191, 255, 71, 1, 236, 126, 78,
       203, 197, 95, 171, 83, 54, 216, 251, 225, 175, 247, 95, 71, 130,
       119, 141, 95, 1, 191, 59, 73, 244, 205, 235, 119, 238, 73, 122,
       68, 180, 183, 228, 112, 182, 59, 78, 24, 147, 184, 176, 85, 109,
       188, 38, 104, 200, 128, 227, 185, 18, 158, 191, 249, 178, 230,
       189, 247, 190, 95, 82, 49, 188, 191, 34, 105, 231, 51, 63, 145,
       50, 205, 35, 87, 249, 183, 126, 195, 144, 64, 165, 123, 129, 143,
       90, 168, 124, 137, 233, 115, 204, 4, 248, 214, 189, 3, 176, 65,
       106, 160, 14, 204, 115, 13, 68, 223, 244, 153, 170, 200, 28, 136,
       113, 168, 230, 173, 156, 26, 201, 253, 20, 143, 186, 191, 172, 25,
       102, 242, 79, 27, 129, 87, 104, 16, 54, 75, 219, 115, 63, 23, 85,
