%YAML:1.0
---
descriptors: !!opencv-matrix
   rows: 243
   cols: 32
   dt: u
   data: [ 232, 112, 125, 101, 32, 94, 122, 48, 57, 238, 119, 45, 223,
       31, 2, 17, 150, 213, 205, 110, 236, 180, 241, 12, 231, 251, 96,
       129, 96, 163, 70, 211, 10, 188, 51, 233, 127, 253, 186, 82, 191,
       73, 217, 115, 172, 222, 116, 224, 255, 57, 223, 129, 135, 13, 146,
       247, 159, 93, 139, 235, 158, 5, 59, 151, 137, 77, 119, 253, 36,
       206, 127, 54, 252, 198, 86, 2, 189, 23, 179, 97, 102, 117, 63,
       205, 225, 157, 52, 238, 229, 170, 234, 128, 54, 176, 37, 120, 215,
       214, 172, 190, 188, 6, 95, 188, 150, 250, 159, 151, 117, 119, 59,
       99, 85, 199, 125, 239, 232, 199, 15, 191, 249, 231, 239, 148, 188,
       243, 52, 91, 195, 252, 141, 176, 153, 125, 72, 158, 191, 243, 134,
       93, 150, 182, 83, 223, 133, 6, 217, 29, 175, 73, 251, 48, 153, 27,
       223, 60, 136, 84, 155, 94, 11, 188, 55, 203, 125, 254, 186, 226,
       175, 205, 94, 50, 236, 254, 228, 228, 231, 125, 255, 145, 151,
       185, 171, 247, 159, 247, 139, 195, 134, 14, 61, 253, 133, 205,
       152, 243, 180, 183, 158, 239, 94, 179, 169, 81, 243, 104, 61, 161,
       217, 107, 19, 119, 255, 232, 25, 191, 235, 223, 71, 53, 216, 123,
       217, 146, 2, 165, 193, 187, 252, 161, 106, 207, 31, 5, 88, 199,
       173, 235, 120, 192, 251, 139, 51, 149, 18, 26, 206, 247, 188, 20,
       159, 232, 148, 206, 177, 200, 253, 37, 45, 103, 140, 79, 71, 184,
       68, 254, 154, 10, 211, 44, 17, 35, 216, 198, 124, 110, 233, 225,
       253, 44, 249, 203, 229, 20, 101, 122, 80, 96, 218, 216, 166, 189,
       43, 82, 24, 52, 157, 95, 150, 179, 237, 127, 34, 203, 231, 117,
       189, 129, 60, 205, 35, 233, 195, 243, 250, 147, 182, 164, 61, 95,
       210, 0, 151, 182, 41, 104, 92, 2, 185, 243, 131, 157, 239, 174,
       67, 75, 167, 119, 125, 7, 45, 197, 187, 162, 145, 243, 90, 18,
       136, 117, 37, 86, 186, 115, 227, 193, 199, 114, 177, 95, 103, 253,
       254, 246, 8, 156, 198, 46, 252, 156, 166, 144, 141, 254, 231, 192,
       31, 192, 183, 239, 103, 78, 246, 255, 220, 56, 188, 178, 171, 96,
       81, 219, 187, 182, 165, 57, 95, 247, 67, 91, 167, 215, 253, 144,
       46, 75, 186, 48, 219, 195, 127, 127, 162, 224, 47, 91, 165, 110,
       253, 85, 228, 31, 229, 250, 120, 250, 118, 88, 211, 120, 149, 43,
       156, 84, 86, 42, 229, 244, 101, 12, 39, 219, 117, 4, 69, 248, 86,
       229, 223, 176, 173, 183, 153, 118, 121, 190, 51, 246, 132, 23,
       253, 254, 90, 38, 189, 223, 241, 157, 175, 78, 191, 251, 203, 219,
       223, 236, 174, 228, 171, 124, 9, 51, 57, 101, 116, 14, 121, 49,
       109, 72, 118, 100, 159, 19, 128, 116, 134, 4, 86, 44, 129, 184,
       97, 76, 70, 249, 32, 192, 74, 128, 67, 177, 89, 24, 187, 236, 60,
       92, 88, 19, 108, 73, 83, 96, 191, 159, 128, 242, 230, 53, 124, 13,
       157, 13, 161, 79, 219, 253, 58, 200, 12, 128, 33, 105, 217, 180,
       150, 180, 169, 237, 80, 51, 251, 243, 160, 93, 158, 186, 66, 251,
       129, 167, 124, 5, 189, 75, 146, 64, 153, 243, 92, 122, 136, 68,
       139, 95, 168, 145, 122, 123, 115, 204, 49, 117, 173, 89, 117, 21,
       62, 183, 42, 17, 166, 59, 215, 8, 51, 168, 48, 117, 71, 249, 48,
       74, 90, 130, 175, 251, 232, 30, 174, 190, 77, 117, 81, 50, 197,
       198, 231, 93, 226, 229, 51, 86, 204, 164, 235, 12, 168, 47, 242,
       170, 211, 115, 66, 25, 90, 173, 116, 124, 153, 25, 123, 235, 246,
       203, 235, 220, 127, 73, 94, 230, 125, 223, 179, 96, 126, 187, 31,
       221, 131, 184, 37, 255, 254, 237, 170, 128, 191, 155, 97, 249, 63,
       254, 242, 185, 246, 159, 255, 223, 87, 239, 246, 119, 75, 222,
       246, 236, 255, 253, 183, 149, 255, 255, 233, 223, 254, 239, 191,
       198, 255, 140, 249, 209, 246, 198, 40, 191, 156, 38, 79, 174, 20,
       63, 201, 80, 211, 99, 25, 89, 217, 199, 29, 162, 58, 68, 73, 55,
       225, 247, 223, 85, 144, 243, 180, 32, 203, 249, 117, 223, 127,
       221, 169, 204, 255, 93, 116, 98, 172, 218, 212, 229, 238, 107,
       126, 217, 211, 105, 239, 245, 61, 120, 63, 234, 87, 4, 135, 237,
       163, 93, 99, 142, 116, 214, 235, 96, 220, 72, 219, 230, 112, 220,
       180, 96, 126, 169, 19, 239, 229, 179, 36, 239, 52, 44, 170, 200,
       13, 143, 113, 245, 139, 232, 78, 191, 109, 157, 234, 252, 191,
       200, 214, 223, 237, 202, 114, 196, 238, 233, 255, 207, 231, 207,
       222, 255, 212, 87, 155, 185, 31, 29, 27, 222, 23, 156, 167, 158,
       149, 230, 190, 230, 157, 203, 218, 19, 236, 254, 50, 97, 253, 251,
       63, 149, 189, 221, 58, 238, 185, 54, 159, 194, 148, 124, 181, 238,
       15, 247, 233, 187, 254, 61, 255, 216, 27, 249, 29, 239, 221, 238,
       223, 47, 55, 219, 87, 255, 167, 64, 255, 243, 238, 93, 175, 252,
       191, 247, 147, 213, 124, 98, 184, 118, 172, 105, 71, 136, 235,
       189, 190, 40, 223, 193, 201, 58, 147, 222, 108, 18, 26, 99, 235,
       32, 219, 215, 37, 61, 194, 251, 214, 33, 177, 69, 99, 76, 84, 147,
       194, 120, 85, 224, 251, 66, 83, 200, 181, 100, 120, 172, 22, 111,
       237, 179, 53, 30, 48, 44, 161, 16, 125, 170, 120, 132, 34, 168,
       206, 156, 92, 131, 72, 234, 31, 177, 210, 10, 98, 232, 52, 73,
       217, 239, 35, 177, 56, 255, 75, 221, 24, 34, 221, 116, 149, 40,
       112, 10, 236, 140, 128, 190, 221, 195, 166, 239, 18, 147, 224, 27,
       229, 226, 41, 81, 89, 238, 34, 51, 114, 78, 202, 63, 125, 39, 207,
       109, 144, 120, 177, 130, 4, 140, 150, 151, 213, 155, 167, 234,
       190, 179, 70, 18, 244, 224, 41, 79, 121, 110, 34, 58, 113, 248,
       11, 255, 237, 134, 223, 69, 128, 120, 153, 168, 93, 190, 149, 177,
       169, 126, 60, 151, 51, 251, 138, 84, 143, 55, 65, 238, 135, 87,
       253, 29, 185, 220, 241, 130, 169, 246, 95, 214, 138, 116, 129,
       125, 199, 247, 197, 80, 233, 44, 79, 143, 187, 251, 138, 124, 74,
       42, 204, 255, 135, 199, 124, 116, 191, 73, 255, 224, 60, 58, 213,
       254, 138, 85, 210, 117, 188, 112, 234, 230, 100, 86, 95, 216, 65,
       230, 247, 10, 83, 217, 251, 58, 120, 204, 149, 234, 200, 247, 188,
       138, 115, 201, 165, 149, 103, 187, 118, 226, 67, 168, 148, 157,
       27, 134, 40, 137, 190, 177, 194, 64, 236, 226, 72, 206, 97, 101,
       106, 152, 7, 201, 219, 221, 12, 178, 223, 78, 136, 32, 41, 140,
       11, 186, 231, 157, 52, 138, 233, 55, 126, 233, 82, 246, 185, 38,
       144, 104, 110, 47, 62, 141, 161, 216, 101, 221, 132, 46, 250, 192,
       44, 132, 49, 253, 44, 249, 120, 105, 125, 95, 83, 186, 67, 172,
       188, 8, 147, 25, 81, 48, 216, 220, 87, 106, 202, 42, 249, 29, 111,
       221, 165, 61, 82, 186, 86, 186, 191, 86, 123, 224, 164, 118, 255,
       119, 61, 79, 254, 247, 159, 63, 191, 121, 254, 215, 159, 175, 253,
       183, 101, 202, 242, 255, 254, 134, 175, 253, 248, 87, 79, 83, 253,
       237, 238, 48, 125, 27, 171, 216, 126, 229, 253, 191, 215, 126,
       230, 85, 127, 31, 133, 65, 167, 192, 214, 249, 238, 138, 142, 247,
       33, 117, 158, 6, 230, 149, 230, 114, 237, 67, 53, 247, 87, 183,
       73, 46, 191, 207, 127, 199, 191, 175, 188, 213, 37, 202, 22, 103,
       250, 133, 167, 245, 125, 212, 202, 187, 252, 178, 186, 217, 57,
       143, 171, 125, 148, 185, 172, 190, 206, 22, 135, 87, 253, 17, 182,
       77, 234, 243, 218, 213, 63, 255, 134, 132, 143, 95, 66, 176, 150,
       186, 17, 221, 48, 71, 191, 29, 67, 25, 174, 222, 106, 220, 165,
       59, 251, 17, 54, 205, 146, 245, 153, 247, 26, 75, 130, 4, 175, 95,
       235, 243, 121, 235, 124, 217, 251, 156, 15, 125, 188, 255, 189,
       159, 222, 96, 207, 27, 255, 93, 195, 46, 251, 245, 222, 217, 186,
       254, 30, 142, 85, 249, 45, 54, 105, 109, 124, 15, 203, 58, 95,
       232, 252, 76, 147, 13, 147, 48, 220, 140, 86, 108, 137, 50, 105,
       30, 198, 221, 161, 180, 95, 169, 82, 241, 226, 168, 215, 88, 201,
       240, 24, 71, 171, 19, 160, 24, 44, 190, 68, 255, 231, 183, 233,
       144, 54, 79, 162, 209, 27, 242, 218, 123, 130, 68, 175, 14, 178,
       54, 43, 240, 244, 247, 189, 87, 245, 207, 247, 255, 17, 156, 244,
