%YAML:1.0
---
descriptors: !!opencv-matrix
   rows: 187
   cols: 32
   dt: u
   data: [ 165, 12, 236, 85, 236, 47, 239, 191, 84, 246, 58, 30, 83, 41,
       213, 43, 221, 70, 51, 63, 248, 244, 125, 170, 111, 14, 245, 20,
       205, 249, 208, 224, 193, 60, 191, 85, 45, 124, 241, 22, 248, 218,
       150, 84, 254, 188, 20, 111, 165, 71, 124, 9, 229, 109, 179, 232,
       143, 251, 114, 18, 72, 96, 65, 111, 3, 24, 3, 155, 116, 247, 234,
       82, 95, 73, 91, 230, 252, 214, 180, 228, 254, 41, 22, 159, 135,
       152, 60, 253, 4, 62, 186, 192, 158, 143, 57, 213, 189, 124, 240,
       115, 115, 126, 123, 182, 121, 111, 119, 184, 219, 63, 159, 189,
       55, 215, 213, 46, 164, 244, 125, 174, 71, 223, 116, 133, 231, 245,
       78, 123, 8, 157, 183, 93, 243, 218, 37, 183, 182, 13, 110, 32,
       253, 183, 160, 244, 35, 126, 170, 8, 80, 152, 33, 63, 237, 231,
       55, 193, 178, 208, 165, 233, 177, 69, 98, 13, 84, 23, 194, 120,
       85, 64, 253, 70, 83, 200, 183, 96, 120, 168, 22, 111, 237, 183,
       52, 158, 50, 44, 160, 4, 125, 171, 120, 196, 204, 170, 140, 247,
       173, 13, 109, 184, 150, 187, 7, 89, 247, 245, 89, 74, 145, 70,
       125, 31, 178, 68, 219, 179, 205, 159, 253, 252, 130, 122, 209, 98,
       244, 157, 172, 183, 140, 38, 94, 186, 144, 250, 135, 27, 119, 127,
       9, 83, 85, 215, 125, 235, 120, 193, 219, 46, 251, 227, 237, 148,
       44, 251, 24, 18, 137, 156, 61, 223, 189, 245, 145, 191, 223, 91,
       68, 16, 188, 255, 32, 109, 205, 59, 179, 0, 51, 108, 122, 247,
       207, 223, 90, 106, 26, 72, 149, 187, 188, 86, 83, 127, 113, 63,
       106, 122, 53, 10, 117, 80, 95, 83, 169, 181, 63, 152, 134, 42, 97,
       244, 25, 31, 71, 203, 112, 5, 123, 225, 106, 161, 40, 169, 122,
       104, 113, 201, 251, 101, 111, 5, 124, 8, 191, 157, 182, 52, 58,
       186, 87, 88, 82, 187, 32, 253, 127, 221, 4, 105, 86, 138, 199,
       248, 11, 156, 167, 221, 52, 182, 104, 183, 127, 67, 70, 86, 189,
       62, 180, 100, 215, 47, 51, 141, 179, 156, 113, 255, 110, 255, 218,
       192, 158, 136, 241, 124, 137, 177, 27, 123, 113, 204, 121, 117,
       173, 89, 117, 85, 60, 223, 8, 49, 166, 59, 215, 10, 151, 152, 18,
       117, 199, 249, 50, 202, 74, 2, 171, 219, 230, 186, 146, 218, 233,
       177, 146, 200, 155, 31, 101, 61, 44, 234, 103, 221, 201, 123, 162,
       210, 54, 103, 138, 243, 30, 51, 87, 107, 218, 117, 42, 151, 211,
       156, 190, 246, 186, 182, 188, 231, 154, 155, 146, 51, 124, 254,
       38, 107, 231, 119, 159, 181, 180, 205, 152, 238, 250, 251, 127,
       195, 140, 96, 169, 27, 223, 58, 174, 186, 175, 52, 24, 138, 175,
       223, 135, 183, 206, 204, 123, 79, 231, 101, 253, 151, 142, 69,
       191, 224, 146, 113, 219, 187, 142, 117, 61, 87, 139, 142, 230, 25,
       241, 178, 188, 223, 127, 95, 86, 181, 204, 232, 190, 125, 231, 43,
       254, 149, 182, 220, 15, 255, 78, 114, 95, 199, 158, 196, 187, 221,
       191, 123, 67, 237, 126, 7, 111, 248, 23, 236, 212, 230, 89, 199,
       177, 100, 126, 236, 55, 238, 201, 151, 47, 255, 242, 237, 175,
       172, 63, 187, 112, 241, 27, 177, 230, 239, 119, 150, 251, 248, 95,
       205, 218, 167, 105, 222, 62, 228, 254, 237, 151, 213, 198, 187,
       53, 236, 63, 125, 142, 199, 63, 143, 124, 223, 57, 41, 97, 77, 86,
       83, 202, 120, 69, 224, 249, 206, 83, 8, 181, 164, 88, 140, 22,
       239, 205, 178, 125, 158, 54, 12, 161, 180, 127, 175, 80, 244, 120,
       86, 111, 236, 124, 91, 67, 120, 4, 236, 254, 239, 115, 125, 178,
       48, 92, 180, 87, 44, 169, 183, 101, 31, 114, 239, 161, 148, 111,
       170, 116, 123, 43, 179, 109, 33, 120, 159, 201, 184, 63, 252, 53,
       237, 219, 204, 222, 177, 156, 12, 244, 117, 207, 112, 239, 29, 44,
       89, 37, 244, 72, 134, 70, 245, 149, 93, 253, 103, 166, 106, 103,
       135, 124, 131, 123, 50, 215, 49, 144, 106, 99, 70, 46, 90, 113,
       252, 121, 34, 228, 239, 54, 4, 237, 219, 209, 42, 214, 36, 183,
       182, 168, 108, 93, 130, 187, 223, 131, 57, 223, 254, 75, 91, 167,
       215, 125, 21, 59, 69, 170, 226, 153, 242, 127, 218, 128, 113, 167,
       115, 218, 30, 166, 190, 167, 208, 29, 159, 223, 223, 214, 247,
       239, 236, 243, 205, 183, 247, 189, 149, 254, 77, 174, 227, 218,
       115, 127, 155, 166, 116, 173, 95, 171, 159, 237, 127, 253, 254,
       213, 191, 223, 127, 127, 23, 122, 253, 150, 231, 205, 126, 181,
       12, 255, 248, 251, 183, 111, 251, 245, 199, 223, 236, 220, 127,
       202, 120, 182, 220, 107, 252, 185, 70, 185, 78, 86, 41, 172, 190,
       39, 239, 166, 115, 255, 65, 130, 77, 178, 233, 87, 123, 90, 139,
       6, 85, 39, 255, 61, 121, 123, 237, 188, 87, 239, 252, 86, 232,
       252, 110, 115, 252, 209, 32, 126, 252, 118, 235, 205, 250, 255,
       189, 255, 205, 167, 168, 109, 187, 114, 185, 72, 184, 156, 179,
       57, 204, 112, 23, 171, 189, 39, 9, 190, 151, 66, 218, 132, 63,
       253, 16, 22, 216, 210, 37, 207, 243, 120, 99, 128, 0, 15, 27, 140,
       188, 252, 89, 219, 253, 113, 155, 247, 127, 126, 52, 187, 253,
       230, 239, 1, 54, 238, 16, 183, 105, 187, 51, 79, 239, 53, 109,
       243, 197, 76, 243, 95, 86, 99, 79, 115, 22, 106, 56, 121, 200,
       127, 230, 73, 78, 159, 245, 54, 204, 180, 238, 205, 148, 61, 204,
       22, 120, 161, 134, 47, 167, 104, 117, 254, 84, 114, 164, 5, 94,
       94, 69, 57, 174, 247, 27, 79, 158, 47, 215, 248, 221, 237, 227,
       108, 183, 145, 202, 179, 252, 130, 23, 35, 61, 254, 70, 96, 241,
       188, 81, 232, 201, 149, 175, 186, 55, 32, 25, 182, 60, 76, 27,
       129, 19, 226, 16, 114, 106, 219, 113, 77, 19, 85, 127, 208, 24,
       199, 154, 186, 53, 16, 131, 205, 125, 254, 75, 15, 62, 185, 27,
       142, 28, 79, 132, 235, 155, 223, 35, 126, 55, 89, 211, 183, 216,
       139, 55, 87, 95, 223, 198, 11, 216, 39, 217, 49, 180, 56, 214,
       191, 73, 70, 84, 188, 150, 178, 108, 229, 59, 51, 221, 183, 152,
       51, 253, 199, 127, 154, 194, 154, 132, 161, 253, 77, 112, 28, 229,
       32, 78, 123, 16, 41, 200, 119, 105, 223, 23, 1, 112, 148, 149,
       125, 106, 13, 176, 209, 8, 199, 251, 32, 145, 8, 131, 74, 19, 51,
       71, 98, 13, 213, 55, 238, 123, 85, 108, 253, 231, 64, 232, 183,
       164, 92, 168, 150, 239, 204, 179, 44, 158, 54, 60, 129, 166, 127,
       255, 248, 197, 68, 230, 141, 215, 172, 45, 77, 153, 190, 191, 147,
       88, 246, 227, 201, 59, 17, 70, 125, 26, 42, 71, 235, 49, 237, 139,
       229, 252, 128, 251, 214, 33, 244, 149, 157, 247, 141, 110, 86,
       184, 128, 178, 130, 10, 247, 119, 9, 107, 209, 215, 121, 227, 105,
       193, 219, 44, 249, 227, 205, 21, 32, 123, 152, 2, 127, 95, 71, 30,
       54, 150, 206, 242, 177, 202, 218, 231, 105, 104, 183, 229, 126,
       228, 61, 239, 237, 219, 20, 238, 50, 110, 239, 128, 47, 183, 120,
       93, 235, 251, 132, 176, 169, 29, 86, 239, 139, 123, 144, 237, 174,
       110, 74, 151, 143, 195, 252, 87, 127, 79, 203, 241, 184, 82, 93,
       255, 26, 28, 139, 31, 79, 191, 149, 161, 249, 62, 140, 167, 187,
       249, 138, 124, 142, 62, 84, 190, 135, 71, 252, 21, 183, 75, 209,
       192, 188, 246, 95, 246, 136, 116, 131, 125, 198, 241, 172, 146,
       235, 245, 60, 207, 171, 127, 5, 189, 204, 206, 78, 91, 167, 3,
       251, 149, 54, 79, 154, 208, 31, 18, 223, 239, 138, 84, 175, 87,
       198, 176, 182, 147, 235, 228, 184, 67, 170, 191, 1, 153, 140, 255,
       76, 27, 167, 31, 251, 145, 18, 79, 154, 209, 77, 18, 95, 239, 128,
       68, 167, 211, 216, 220, 180, 247, 9, 62, 157, 180, 180, 178, 135,
       30, 255, 119, 8, 239, 101, 214, 249, 170, 104, 229, 251, 167, 211,
       235, 91, 20, 10, 125, 169, 48, 194, 200, 182, 254, 45, 100, 88,
       134, 139, 31, 130, 27, 236, 255, 118, 75, 229, 245, 255, 129, 32,
       69, 147, 225, 147, 50, 218, 155, 144, 61, 53, 90, 210, 156, 159,
       247, 139, 102, 188, 239, 158, 186, 147, 114, 252, 254, 32, 107,
       239, 119, 191, 163, 124, 205, 155, 239, 153, 227, 255, 147, 133,
       112, 165, 27, 180, 190, 175, 247, 212, 246, 236, 254, 250, 255,
       188, 86, 241, 238, 95, 43, 237, 255, 119, 145, 191, 255, 186, 255,
