%YAML:1.0
---
descriptors: !!opencv-matrix
   rows: 119
   cols: 32
   dt: u
   data: [ 134, 223, 231, 250, 236, 37, 175, 221, 158, 90, 152, 98, 92,
       255, 125, 99, 255, 211, 63, 243, 227, 67, 10, 242, 121, 138, 239,
       188, 157, 251, 177, 177, 180, 12, 66, 172, 197, 34, 70, 66, 213,
       130, 250, 10, 3, 43, 49, 217, 120, 228, 6, 234, 40, 183, 0, 238,
       145, 234, 202, 1, 179, 121, 122, 130, 10, 153, 178, 154, 251, 212,
       176, 103, 175, 93, 92, 33, 172, 158, 38, 228, 238, 59, 179, 145,
       86, 26, 178, 245, 63, 117, 26, 203, 18, 6, 175, 223, 57, 151, 107,
       233, 213, 247, 251, 114, 69, 109, 124, 70, 25, 29, 182, 160, 124,
       186, 151, 252, 155, 186, 49, 221, 127, 205, 162, 196, 255, 142,
       116, 243, 10, 155, 162, 154, 253, 213, 184, 127, 159, 93, 93, 231,
       172, 238, 38, 196, 205, 59, 183, 145, 150, 26, 98, 245, 15, 86,
       186, 235, 146, 12, 189, 223, 27, 151, 126, 235, 182, 159, 127, 55,
       95, 109, 223, 247, 221, 43, 178, 96, 127, 143, 63, 143, 251, 152,
       109, 255, 254, 223, 190, 192, 63, 142, 241, 89, 53, 7, 79, 238,
       22, 163, 74, 120, 132, 136, 219, 226, 115, 195, 185, 96, 120, 160,
       31, 238, 137, 131, 13, 29, 240, 173, 163, 144, 61, 171, 112, 48,
       79, 95, 113, 220, 250, 180, 30, 223, 25, 74, 205, 230, 44, 231,
       169, 253, 119, 251, 151, 182, 227, 2, 190, 203, 54, 112, 14, 138,
       190, 244, 165, 117, 177, 159, 107, 79, 118, 130, 175, 117, 116,
       72, 94, 230, 49, 196, 180, 96, 126, 170, 22, 239, 225, 186, 36,
       111, 52, 40, 170, 128, 61, 130, 113, 253, 149, 34, 66, 209, 70,
       43, 232, 89, 126, 243, 87, 214, 221, 202, 248, 105, 127, 140, 54,
       188, 177, 244, 45, 212, 28, 138, 251, 228, 173, 136, 81, 176, 30,
       80, 48, 219, 159, 247, 152, 75, 23, 79, 221, 19, 76, 30, 46, 236,
       255, 155, 155, 145, 182, 134, 123, 214, 27, 87, 27, 207, 179, 76,
       173, 247, 80, 57, 26, 224, 120, 205, 112, 80, 171, 237, 164, 9,
       159, 159, 66, 18, 164, 57, 93, 80, 30, 43, 176, 64, 219, 217, 16,
       123, 192, 130, 79, 219, 10, 182, 251, 251, 118, 163, 184, 83, 127,
       43, 125, 114, 188, 153, 176, 96, 191, 59, 151, 145, 146, 184, 0,
       223, 78, 95, 58, 194, 247, 194, 161, 171, 3, 139, 97, 219, 246,
       149, 184, 247, 126, 77, 92, 199, 172, 174, 182, 228, 254, 59, 151,
       133, 151, 56, 36, 247, 62, 61, 186, 232, 221, 6, 169, 253, 18, 95,
       98, 140, 87, 144, 254, 103, 13, 68, 218, 167, 40, 142, 54, 64,
       254, 163, 151, 229, 204, 139, 36, 255, 179, 116, 138, 139, 53, 6,
       181, 223, 10, 170, 34, 156, 107, 144, 184, 103, 173, 4, 214, 163,
       172, 143, 38, 196, 230, 57, 235, 129, 2, 11, 130, 221, 214, 113,
       154, 139, 22, 4, 45, 155, 38, 235, 98, 142, 93, 209, 222, 232,
       143, 68, 200, 139, 104, 236, 55, 132, 216, 235, 131, 71, 78, 43,
       94, 253, 49, 20, 141, 59, 85, 63, 118, 222, 2, 73, 6, 157, 53,
       146, 188, 229, 158, 0, 82, 135, 172, 138, 35, 196, 232, 107, 179,
       193, 70, 152, 2, 253, 36, 50, 158, 131, 22, 28, 185, 142, 34, 181,
       122, 173, 244, 39, 245, 127, 95, 105, 124, 11, 18, 189, 54, 68,
       216, 142, 23, 33, 242, 186, 80, 159, 117, 60, 158, 34, 21, 72,
       242, 219, 18, 77, 26, 172, 22, 211, 94, 103, 45, 132, 216, 11, 55,
       154, 34, 80, 254, 187, 31, 225, 76, 139, 16, 127, 177, 229, 46,
       11, 49, 10, 47, 10, 2, 157, 16, 219, 213, 253, 244, 167, 63, 5,
       104, 19, 170, 189, 126, 196, 233, 155, 163, 17, 82, 56, 114, 247,
       47, 220, 22, 75, 211, 76, 197, 206, 48, 205, 123, 109, 84, 207,
       127, 119, 85, 4, 126, 66, 51, 59, 160, 0, 120, 186, 7, 232, 104,
       184, 48, 63, 103, 239, 164, 0, 113, 186, 100, 202, 94, 27, 152,
       174, 170, 96, 30, 11, 142, 155, 137, 225, 204, 246, 97, 202, 199,
       55, 189, 147, 24, 1, 202, 208, 136, 245, 111, 159, 144, 115, 173,
       19, 78, 28, 152, 182, 168, 96, 22, 19, 146, 143, 153, 185, 151,
       255, 65, 74, 199, 247, 253, 145, 28, 70, 202, 162, 219, 247, 255,
       187, 132, 113, 133, 83, 19, 47, 226, 165, 246, 42, 232, 86, 10,
       173, 90, 231, 133, 168, 211, 10, 110, 238, 55, 141, 148, 248, 133,
       192, 212, 96, 186, 128, 173, 252, 145, 201, 131, 48, 147, 155, 39,
       181, 176, 82, 95, 91, 83, 118, 156, 158, 164, 232, 231, 25, 150,
       17, 151, 156, 35, 211, 6, 95, 58, 194, 146, 13, 169, 149, 67, 253,
       90, 18, 122, 144, 186, 214, 235, 200, 120, 228, 188, 218, 247,
       242, 166, 123, 150, 213, 199, 11, 134, 236, 46, 93, 46, 234, 204,
       150, 43, 157, 46, 176, 160, 152, 239, 117, 158, 202, 27, 223, 92,
       191, 12, 252, 127, 142, 223, 91, 179, 151, 150, 99, 154, 242, 27,
       87, 223, 239, 215, 127, 191, 215, 190, 253, 34, 152, 223, 245,
       151, 206, 159, 94, 148, 191, 40, 220, 111, 133, 221, 91, 211, 227,
       231, 39, 58, 251, 115, 81, 141, 191, 95, 125, 150, 223, 43, 217,
       114, 200, 117, 213, 185, 117, 207, 77, 116, 39, 44, 158, 182, 164,
       238, 57, 151, 209, 199, 43, 50, 221, 55, 89, 138, 235, 95, 142,
       125, 255, 11, 149, 98, 11, 247, 246, 185, 109, 61, 69, 93, 131,
       72, 110, 62, 164, 254, 27, 147, 165, 150, 154, 44, 221, 47, 60,
       138, 199, 215, 70, 183, 247, 87, 119, 111, 132, 214, 2, 191, 112,
       160, 198, 91, 231, 89, 236, 255, 35, 126, 229, 55, 231, 229, 211,
       172, 204, 126, 42, 239, 140, 109, 247, 119, 213, 143, 220, 238,
       153, 239, 247, 184, 222, 31, 127, 212, 183, 172, 190, 247, 237,
       239, 251, 191, 149, 167, 95, 55, 243, 30, 127, 223, 239, 159, 92,
       173, 223, 29, 84, 75, 234, 150, 130, 107, 80, 20, 192, 211, 230,
       81, 195, 185, 232, 126, 168, 23, 190, 169, 149, 61, 206, 240, 143,
       171, 192, 189, 155, 48, 177, 141, 31, 150, 252, 236, 55, 239, 255,
       158, 154, 156, 98, 221, 243, 241, 231, 127, 211, 191, 171, 225,
       71, 43, 250, 252, 219, 239, 188, 158, 250, 185, 169, 132, 206,
       222, 190, 252, 98, 239, 251, 222, 150, 220, 214, 253, 226, 187,
       195, 123, 227, 63, 235, 113, 71, 15, 251, 188, 167, 239, 141, 156,
       250, 253, 160, 2, 149, 16, 139, 215, 247, 178, 74, 31, 13, 91,
       135, 140, 78, 46, 196, 221, 27, 131, 17, 22, 152, 89, 223, 45, 20,
       138, 71, 150, 15, 61, 215, 135, 32, 231, 193, 70, 34, 232, 81, 41,
       242, 115, 210, 25, 14, 221, 43, 110, 157, 87, 189, 145, 246, 165,
       192, 22, 8, 251, 228, 237, 161, 99, 176, 9, 142, 90, 233, 54, 171,
       251, 115, 124, 1, 95, 98, 61, 171, 176, 96, 115, 42, 23, 25, 147,
       184, 37, 223, 254, 175, 50, 192, 188, 136, 113, 161, 10, 148, 122,
       233, 114, 163, 187, 115, 191, 1, 91, 246, 157, 255, 32, 192, 127,
       59, 151, 145, 147, 184, 20, 223, 142, 199, 26, 194, 181, 194, 161,
       161, 106, 167, 40, 61, 237, 157, 252, 107, 91, 127, 93, 157, 236,
       236, 158, 145, 157, 11, 247, 45, 246, 122, 238, 247, 70, 127, 121,
       189, 87, 140, 223, 213, 169, 73, 65, 77, 85, 143, 75, 120, 85,
       200, 244, 74, 51, 1, 181, 244, 88, 168, 22, 238, 201, 178, 117,
       31, 39, 140, 161, 0, 123, 171, 80, 188, 3, 143, 105, 139, 246,
       213, 171, 119, 94, 77, 92, 199, 188, 142, 190, 96, 254, 155, 151,
       157, 151, 184, 36, 247, 44, 28, 186, 192, 29, 4, 185, 220, 3, 26,
       7, 157, 54, 166, 168, 35, 188, 73, 74, 199, 180, 130, 52, 192,
       230, 47, 59, 133, 149, 152, 21, 205, 4, 48, 186, 128, 12, 4, 57,
       156, 34, 233, 32, 90, 93, 213, 146, 237, 15, 77, 253, 43, 40, 221,
       110, 164, 220, 187, 147, 209, 94, 43, 122, 245, 59, 92, 140, 251,
       87, 14, 220, 206, 66, 203, 10, 140, 94, 209, 190, 101, 140, 4,
       216, 163, 181, 142, 34, 64, 238, 187, 155, 225, 68, 11, 2, 253,
       177, 225, 170, 139, 20, 18, 189, 138, 34, 149, 115, 201, 245, 167,
       229, 127, 31, 13, 120, 2, 2, 189, 60, 68, 220, 26, 23, 9, 18, 186,
       81, 223, 45, 254, 154, 66, 215, 78, 240, 185, 158, 145, 176, 187,
       143, 87, 28, 89, 23, 255, 213, 55, 12, 223, 106, 236, 255, 155,
       191, 145, 254, 222, 121, 210, 251, 87, 159, 231, 183, 92, 173,
