%YAML:1.0
---
descriptors: !!opencv-matrix
   rows: 133
   cols: 32
   dt: u
   data: [ 131, 16, 179, 219, 119, 245, 176, 83, 95, 75, 115, 114, 156,
       158, 164, 236, 231, 27, 146, 17, 183, 188, 113, 247, 5, 30, 26,
       194, 208, 9, 165, 247, 88, 204, 5, 253, 8, 70, 79, 183, 164, 242,
       134, 196, 253, 103, 1, 211, 69, 245, 125, 174, 105, 196, 81, 14,
       225, 227, 239, 148, 50, 240, 36, 56, 163, 138, 200, 189, 52, 138,
       104, 50, 30, 101, 82, 215, 225, 108, 146, 64, 81, 44, 55, 13, 38,
       156, 69, 159, 12, 62, 186, 192, 60, 140, 88, 216, 166, 252, 168,
       152, 239, 113, 190, 202, 154, 114, 16, 191, 140, 220, 119, 139,
       159, 89, 147, 199, 231, 103, 154, 243, 17, 16, 207, 175, 157, 125,
       63, 215, 18, 7, 74, 182, 150, 163, 47, 115, 148, 133, 91, 231,
       109, 239, 176, 64, 126, 187, 191, 149, 80, 153, 6, 207, 248, 39,
       175, 128, 180, 234, 181, 112, 137, 2, 232, 217, 164, 184, 105, 21,
       127, 19, 118, 242, 153, 139, 252, 104, 107, 136, 23, 152, 147,
       180, 103, 194, 70, 207, 178, 192, 183, 137, 241, 160, 134, 190,
       18, 186, 235, 225, 188, 203, 174, 31, 129, 181, 172, 198, 105, 75,
       239, 59, 235, 144, 50, 7, 138, 243, 189, 148, 31, 255, 144, 80,
       167, 211, 2, 131, 48, 137, 149, 211, 182, 103, 77, 101, 89, 7,
       136, 8, 62, 68, 216, 11, 147, 117, 214, 184, 69, 221, 46, 84, 138,
       71, 85, 14, 253, 198, 187, 35, 236, 149, 45, 18, 200, 97, 81, 196,
       215, 131, 235, 104, 150, 174, 216, 164, 164, 173, 156, 246, 101,
       142, 130, 127, 203, 145, 103, 174, 126, 196, 238, 189, 175, 150,
       237, 253, 213, 238, 155, 255, 181, 29, 110, 252, 95, 31, 137, 255,
       247, 19, 190, 111, 250, 226, 63, 83, 221, 251, 195, 125, 222, 247,
       238, 188, 191, 150, 207, 253, 181, 239, 187, 255, 245, 63, 110,
       252, 79, 27, 175, 255, 247, 19, 183, 111, 250, 243, 95, 83, 93,
       255, 199, 125, 151, 255, 206, 252, 191, 246, 235, 244, 189, 254,
       187, 223, 221, 63, 124, 254, 111, 11, 175, 119, 255, 131, 245, 79,
       186, 227, 123, 115, 223, 171, 139, 117, 167, 255, 14, 148, 48,
       201, 119, 247, 186, 74, 30, 37, 93, 18, 140, 23, 44, 196, 215, 27,
       147, 145, 18, 156, 89, 223, 77, 22, 154, 199, 146, 77, 45, 163,
       49, 5, 122, 73, 212, 67, 231, 113, 84, 72, 119, 66, 83, 17, 180,
       33, 120, 140, 6, 234, 249, 176, 53, 14, 118, 139, 160, 4, 127,
       138, 248, 176, 35, 176, 174, 189, 125, 207, 184, 72, 159, 248,
       212, 143, 204, 221, 118, 68, 255, 109, 255, 101, 135, 243, 223,
       221, 158, 122, 207, 183, 28, 44, 27, 215, 42, 50, 102, 205, 105,
       31, 185, 88, 175, 172, 212, 135, 204, 207, 118, 84, 252, 157, 255,
       165, 130, 211, 243, 221, 215, 240, 139, 183, 31, 12, 55, 247, 14,
       32, 7, 145, 71, 251, 160, 72, 63, 187, 83, 18, 72, 216, 124, 204,
       121, 45, 163, 177, 20, 245, 26, 208, 31, 82, 219, 231, 131, 15,
       53, 134, 198, 158, 202, 155, 242, 160, 57, 135, 62, 23, 91, 183,
       45, 46, 70, 88, 103, 155, 167, 149, 50, 30, 142, 247, 92, 38, 190,
       201, 133, 196, 167, 211, 169, 33, 99, 69, 84, 30, 235, 120, 81,
       224, 117, 74, 83, 1, 149, 180, 88, 140, 18, 238, 201, 182, 116,
       14, 55, 172, 128, 4, 111, 170, 114, 180, 3, 132, 154, 235, 50,
       167, 184, 115, 62, 9, 123, 82, 156, 250, 44, 96, 255, 59, 23, 145,
       178, 184, 16, 223, 205, 156, 58, 194, 213, 2, 161, 129, 41, 166,
       149, 225, 181, 47, 73, 31, 22, 171, 78, 84, 151, 33, 80, 204, 89,
       14, 46, 60, 57, 248, 81, 156, 205, 215, 181, 52, 154, 200, 144,
       168, 3, 143, 104, 185, 246, 145, 184, 119, 94, 73, 88, 199, 173,
       142, 182, 96, 110, 27, 151, 157, 151, 24, 36, 215, 108, 29, 186,
       200, 61, 132, 185, 221, 20, 174, 86, 187, 206, 43, 172, 202, 46,
       35, 210, 210, 133, 130, 88, 73, 106, 143, 106, 137, 48, 221, 199,
       240, 148, 32, 219, 64, 189, 72, 161, 128, 80, 219, 188, 47, 42,
       88, 150, 168, 206, 84, 154, 167, 239, 200, 175, 66, 166, 71, 236,
       67, 198, 41, 239, 49, 242, 225, 110, 59, 52, 31, 13, 95, 42, 249,
       42, 90, 125, 213, 150, 229, 23, 77, 220, 43, 40, 221, 46, 36, 220,
       187, 147, 81, 94, 43, 58, 253, 123, 93, 156, 251, 87, 30, 180,
       222, 3, 219, 6, 157, 87, 150, 188, 116, 149, 72, 82, 102, 44, 154,
       176, 196, 238, 106, 55, 205, 195, 184, 2, 253, 36, 34, 190, 130,
       62, 28, 177, 159, 146, 203, 10, 140, 124, 144, 174, 101, 172, 8,
       222, 231, 172, 142, 182, 196, 238, 163, 159, 197, 196, 139, 0,
       253, 178, 48, 170, 139, 21, 22, 185, 141, 48, 205, 90, 172, 54,
       131, 94, 103, 164, 12, 250, 3, 55, 138, 50, 81, 238, 187, 31, 225,
       108, 171, 0, 111, 240, 161, 170, 129, 53, 26, 171, 139, 32, 133,
       187, 201, 213, 191, 225, 87, 95, 9, 126, 88, 146, 185, 124, 60,
       221, 10, 2, 29, 147, 186, 112, 215, 79, 30, 146, 102, 210, 200,
       242, 160, 184, 77, 83, 228, 38, 74, 79, 116, 36, 166, 242, 74, 95,
       7, 33, 80, 122, 228, 77, 106, 104, 183, 1, 14, 241, 237, 36, 16,
       101, 186, 102, 105, 61, 30, 106, 254, 54, 167, 239, 112, 212, 202,
       223, 230, 115, 237, 177, 96, 126, 234, 23, 174, 169, 187, 44, 254,
       240, 239, 171, 128, 61, 251, 112, 241, 5, 201, 75, 179, 150, 139,
       235, 144, 92, 225, 82, 198, 149, 8, 144, 96, 62, 108, 30, 95, 243,
       248, 13, 46, 108, 14, 175, 192, 173, 153, 209, 128, 93, 93, 26,
       174, 188, 164, 31, 250, 174, 10, 88, 100, 255, 255, 41, 80, 214,
       123, 61, 66, 130, 3, 138, 191, 241, 253, 46, 136, 152, 115, 161,
       19, 10, 118, 51, 140, 107, 211, 191, 72, 191, 76, 253, 171, 204,
       207, 35, 116, 254, 185, 207, 227, 0, 131, 162, 222, 247, 85, 139,
       187, 18, 47, 39, 243, 142, 148, 182, 255, 165, 126, 116, 175, 61,
       23, 103, 17, 238, 125, 46, 205, 241, 95, 163, 0, 116, 252, 59,
       235, 47, 247, 86, 7, 130, 125, 172, 223, 174, 205, 164, 151, 181,
       126, 190, 175, 27, 255, 63, 18, 238, 124, 11, 175, 189, 87, 182,
       114, 116, 252, 105, 239, 175, 87, 223, 199, 195, 127, 157, 223,
       221, 191, 235, 254, 190, 2, 79, 251, 210, 234, 156, 254, 125, 231,
       249, 115, 127, 231, 125, 174, 249, 71, 174, 255, 248, 207, 231,
       188, 189, 242, 96, 113, 173, 159, 227, 254, 188, 35, 207, 251,
       211, 202, 188, 254, 243, 225, 249, 35, 95, 226, 94, 174, 249, 103,
       110, 191, 186, 207, 229, 188, 191, 250, 208, 49, 24, 140, 91, 233,
       54, 171, 107, 115, 124, 1, 95, 82, 221, 163, 176, 64, 114, 42, 22,
       140, 18, 184, 0, 223, 204, 239, 34, 64, 182, 138, 113, 160, 27,
       148, 115, 233, 50, 167, 185, 115, 172, 1, 91, 242, 93, 255, 168,
       96, 126, 59, 23, 177, 147, 185, 0, 223, 220, 237, 186, 198, 181,
       2, 161, 177, 111, 115, 240, 64, 234, 120, 158, 155, 171, 253, 60,
       237, 12, 62, 223, 190, 167, 215, 245, 215, 151, 65, 174, 224, 62,
       92, 109, 191, 239, 247, 143, 85, 177, 40, 207, 29, 30, 163, 32,
       94, 86, 161, 226, 82, 83, 224, 128, 105, 121, 236, 34, 140, 25,
       254, 207, 29, 24, 162, 245, 36, 105, 57, 240, 128, 3, 135, 106,
       171, 244, 163, 169, 127, 22, 65, 91, 215, 153, 142, 186, 64, 127,
       139, 23, 189, 146, 186, 68, 215, 236, 29, 170, 196, 157, 142, 177,
       208, 19, 135, 74, 168, 148, 130, 233, 119, 20, 65, 219, 199, 89,
       239, 184, 64, 124, 171, 31, 189, 154, 155, 5, 223, 248, 44, 170,
       192, 189, 142, 176, 16, 216, 95, 126, 244, 178, 98, 125, 55, 185,
       206, 94, 179, 125, 63, 163, 115, 38, 247, 61, 161, 224, 217, 37,
       238, 243, 235, 110, 128, 39, 240, 165, 123, 131, 219, 103, 157,
       46, 145, 188, 245, 221, 72, 210, 230, 40, 154, 180, 197, 110, 169,
       191, 193, 199, 157, 38, 253, 38, 40, 170, 138, 63, 156, 49, 221,
       39, 4, 233, 171, 244, 161, 234, 91, 86, 73, 121, 246, 145, 232,
       254, 104, 89, 170, 23, 157, 159, 186, 109, 146, 76, 28, 170, 232,
       221, 203, 216, 197, 37, 34, 241, 217, 236, 189, 224, 26, 79, 203,
       125, 88, 144, 200, 221, 168, 221, 8, 118, 25, 151, 52, 234, 130,
