%YAML:1.0
---
descriptors: !!opencv-matrix
   rows: 274
   cols: 32
   dt: u
   data: [ 235, 173, 246, 86, 253, 249, 116, 239, 251, 255, 181, 25, 106,
       248, 222, 191, 171, 231, 238, 30, 54, 111, 254, 255, 63, 91, 87,
       123, 195, 212, 207, 78, 46, 90, 118, 158, 127, 217, 187, 248, 159,
       92, 245, 175, 236, 222, 247, 196, 254, 249, 223, 199, 134, 35,
       126, 253, 87, 95, 139, 187, 31, 191, 125, 215, 222, 220, 191, 214,
       203, 116, 189, 246, 185, 222, 158, 31, 108, 254, 39, 59, 173, 247,
       255, 163, 245, 79, 186, 235, 123, 123, 223, 139, 139, 117, 167,
       255, 206, 220, 182, 159, 237, 63, 190, 238, 63, 255, 222, 63, 236,
       250, 47, 79, 255, 111, 255, 7, 244, 219, 91, 255, 255, 126, 223,
       207, 158, 125, 185, 223, 110, 115, 98, 234, 125, 95, 254, 120,
       191, 108, 245, 175, 206, 223, 191, 244, 254, 157, 255, 231, 140,
       35, 251, 222, 247, 125, 143, 191, 22, 159, 47, 247, 0, 140, 158,
       223, 208, 238, 179, 35, 28, 7, 79, 16, 212, 55, 2, 64, 209, 63,
       35, 32, 48, 152, 81, 95, 109, 54, 26, 67, 128, 72, 133, 194, 10,
       133, 32, 137, 215, 247, 186, 43, 30, 69, 75, 131, 140, 126, 62,
       192, 215, 27, 147, 149, 22, 152, 25, 223, 47, 87, 138, 199, 150,
       78, 157, 214, 116, 10, 195, 172, 78, 34, 232, 88, 21, 130, 243,
       198, 65, 227, 161, 72, 126, 236, 38, 174, 137, 247, 135, 200, 20,
       174, 227, 12, 61, 171, 112, 128, 3, 129, 48, 137, 213, 147, 182,
       101, 77, 69, 93, 6, 136, 8, 190, 164, 216, 10, 130, 125, 215, 184,
       117, 221, 46, 92, 138, 71, 95, 14, 217, 132, 247, 34, 227, 196,
       70, 114, 249, 80, 57, 226, 243, 242, 89, 142, 221, 123, 126, 157,
       119, 191, 129, 215, 165, 192, 22, 40, 234, 128, 173, 167, 115,
       181, 1, 172, 202, 249, 150, 139, 232, 211, 30, 35, 82, 178, 177,
       232, 176, 96, 123, 170, 55, 156, 58, 216, 69, 151, 204, 143, 191,
       192, 180, 136, 216, 136, 105, 17, 121, 236, 100, 78, 73, 49, 32,
       36, 102, 76, 19, 23, 16, 112, 118, 156, 20, 40, 201, 186, 241, 14,
       87, 237, 160, 8, 122, 128, 70, 48, 88, 57, 26, 224, 121, 221, 80,
       80, 171, 237, 172, 9, 158, 159, 66, 144, 164, 177, 221, 80, 31,
       43, 176, 192, 219, 217, 16, 123, 66, 2, 15, 91, 131, 10, 99, 177,
       6, 184, 104, 86, 126, 81, 82, 242, 153, 14, 208, 105, 98, 139, 63,
       157, 151, 220, 103, 209, 132, 8, 250, 192, 173, 132, 161, 236,
       137, 2, 202, 187, 116, 169, 224, 23, 127, 67, 114, 246, 189, 11,
       240, 104, 111, 138, 6, 152, 179, 188, 69, 242, 70, 207, 178, 64,
       189, 136, 208, 136, 54, 75, 98, 142, 93, 155, 206, 104, 197, 196,
       216, 143, 106, 204, 55, 4, 88, 232, 131, 103, 204, 163, 78, 253,
       50, 124, 141, 27, 117, 63, 126, 198, 188, 90, 122, 108, 100, 7,
       211, 120, 84, 142, 117, 38, 115, 93, 179, 17, 92, 248, 6, 106,
       232, 182, 96, 46, 83, 235, 161, 0, 119, 187, 116, 243, 49, 167,
       99, 205, 212, 22, 237, 127, 84, 9, 252, 70, 17, 168, 180, 100, 94,
       142, 22, 173, 209, 186, 100, 159, 52, 44, 190, 160, 55, 200, 240,
       173, 147, 213, 19, 174, 83, 197, 22, 101, 169, 8, 233, 14, 62,
       218, 36, 144, 174, 185, 147, 66, 67, 47, 18, 255, 179, 216, 2, 42,
       88, 18, 171, 155, 134, 190, 18, 186, 235, 225, 190, 206, 174, 31,
       193, 181, 172, 231, 105, 91, 231, 59, 235, 144, 34, 7, 138, 243,
       189, 20, 159, 255, 144, 84, 167, 147, 2, 75, 150, 157, 117, 150,
       188, 102, 157, 140, 82, 71, 172, 138, 55, 196, 238, 107, 167, 81,
       196, 216, 2, 237, 172, 114, 222, 131, 28, 28, 57, 157, 66, 14, 6,
       158, 27, 224, 58, 99, 134, 132, 207, 131, 172, 231, 34, 70, 196,
       51, 235, 145, 18, 11, 138, 235, 59, 52, 138, 91, 22, 70, 45, 202,
       189, 22, 107, 222, 118, 131, 235, 112, 85, 202, 215, 230, 81, 205,
       183, 96, 126, 232, 23, 239, 169, 183, 46, 206, 114, 239, 163, 128,
       127, 235, 112, 241, 210, 6, 222, 184, 179, 226, 56, 70, 189, 23,
       214, 179, 12, 151, 40, 93, 103, 151, 239, 144, 42, 133, 1, 194,
       146, 246, 26, 199, 166, 197, 165, 103, 115, 126, 83, 196, 115,
       245, 50, 210, 171, 200, 184, 110, 44, 222, 165, 180, 182, 249,
       223, 194, 135, 131, 0, 253, 50, 20, 1, 187, 11, 183, 42, 31, 55,
       125, 32, 12, 93, 63, 214, 232, 73, 104, 185, 79, 98, 24, 55, 164,
       216, 128, 214, 103, 205, 35, 92, 189, 50, 88, 1, 63, 89, 63, 90,
       135, 130, 206, 62, 219, 48, 137, 184, 183, 174, 25, 17, 16, 172,
       202, 168, 97, 199, 3, 31, 24, 242, 9, 42, 247, 238, 216, 190, 198,
       144, 144, 161, 173, 79, 220, 46, 89, 62, 241, 187, 146, 238, 81,
       14, 32, 156, 222, 246, 96, 99, 48, 123, 153, 147, 9, 59, 117, 79,
       41, 175, 79, 150, 1, 21, 114, 61, 31, 96, 45, 21, 55, 214, 250,
       85, 110, 252, 15, 107, 41, 183, 132, 216, 194, 151, 111, 140, 178,
       125, 191, 114, 239, 161, 149, 127, 255, 88, 199, 94, 28, 152, 182,
       169, 100, 22, 3, 146, 175, 155, 57, 223, 247, 65, 74, 197, 247,
       253, 147, 28, 71, 218, 162, 219, 247, 255, 187, 128, 115, 165, 83,
       78, 30, 156, 186, 170, 96, 22, 138, 142, 154, 155, 101, 253, 118,
       97, 202, 199, 115, 253, 3, 0, 5, 75, 242, 128, 247, 123, 155, 144,
       113, 37, 19, 233, 10, 82, 76, 116, 59, 224, 59, 117, 8, 119, 124,
       123, 233, 180, 245, 30, 172, 166, 40, 165, 184, 4, 207, 6, 255,
       96, 0, 111, 168, 88, 133, 50, 218, 114, 89, 98, 155, 145, 212, 93,
       29, 116, 234, 14, 8, 164, 180, 126, 152, 134, 66, 194, 188, 36,
       245, 18, 240, 0, 211, 87, 156, 199, 165, 32, 76, 10, 172, 68, 165,
       190, 102, 12, 6, 120, 3, 53, 138, 37, 64, 216, 59, 3, 131, 68,
       150, 18, 27, 117, 165, 190, 41, 17, 90, 47, 138, 34, 33, 173, 181,
       236, 39, 232, 127, 22, 187, 209, 219, 145, 61, 80, 10, 204, 158,
       115, 133, 176, 250, 195, 128, 77, 6, 251, 240, 141, 136, 210, 178,
       14, 135, 26, 170, 243, 241, 187, 200, 15, 29, 93, 183, 76, 223,
       42, 64, 251, 11, 135, 181, 22, 1, 10, 215, 106, 69, 170, 207, 179,
       79, 173, 195, 17, 38, 35, 136, 30, 163, 72, 94, 70, 129, 217, 194,
       19, 192, 177, 224, 92, 168, 22, 184, 155, 147, 36, 156, 144, 140,
       171, 24, 181, 203, 48, 164, 40, 201, 204, 127, 64, 134, 75, 248,
       4, 4, 100, 128, 121, 103, 33, 16, 92, 249, 19, 206, 10, 154, 122,
       45, 67, 239, 224, 8, 115, 178, 38, 184, 216, 222, 133, 253, 56, 6,
       79, 182, 180, 50, 134, 197, 221, 39, 1, 195, 87, 245, 125, 172,
       105, 196, 81, 15, 229, 227, 239, 148, 50, 240, 32, 56, 148, 175,
       26, 129, 191, 251, 178, 195, 206, 189, 155, 122, 206, 184, 230,
       128, 163, 55, 238, 17, 22, 57, 11, 214, 184, 197, 47, 119, 196, 8,
       153, 7, 38, 252, 160, 184, 239, 113, 158, 202, 26, 251, 20, 187,
       140, 220, 127, 136, 159, 89, 147, 151, 135, 71, 138, 243, 17, 22,
       223, 191, 149, 125, 63, 215, 110, 188, 191, 246, 239, 253, 181,
       255, 187, 255, 245, 63, 236, 252, 78, 191, 175, 127, 247, 19, 247,
       127, 250, 243, 127, 83, 95, 251, 199, 124, 215, 255, 46, 89, 114,
       220, 127, 213, 187, 208, 143, 204, 244, 167, 108, 223, 55, 228,
       238, 249, 255, 231, 134, 35, 62, 253, 119, 121, 139, 187, 23, 191,
       45, 215, 14, 148, 32, 137, 87, 247, 186, 74, 30, 37, 89, 19, 140,
       30, 42, 192, 213, 27, 147, 145, 22, 156, 89, 223, 79, 23, 154,
       199, 148, 79, 29, 214, 14, 34, 198, 145, 71, 187, 160, 72, 119,
       183, 87, 50, 72, 200, 255, 205, 121, 44, 163, 177, 20, 245, 14,
       192, 30, 82, 219, 199, 167, 47, 125, 134, 9, 142, 202, 249, 54,
       171, 233, 115, 62, 1, 91, 130, 181, 139, 176, 96, 123, 40, 19, 28,
       51, 152, 5, 223, 204, 175, 186, 192, 180, 136, 113, 128, 63, 20,
       224, 75, 103, 112, 251, 88, 67, 71, 125, 179, 73, 31, 254, 172,
       127, 153, 151, 191, 140, 54, 237, 194, 87, 93, 131, 239, 247, 231,
       126, 245, 43, 220, 115, 222, 118, 213, 234, 246, 95, 72, 124, 98,
       57, 220, 180, 160, 254, 185, 150, 201, 231, 190, 100, 255, 55,
       221, 170, 168, 85, 26, 120, 253, 49, 230, 135, 28, 90, 3, 4, 126,
