%YAML:1.0
---
descriptors: !!opencv-matrix
   rows: 153
   cols: 32
   dt: u
   data: [ 124, 233, 122, 168, 213, 207, 90, 200, 39, 172, 252, 10, 11,
       219, 96, 80, 248, 153, 151, 240, 90, 50, 88, 159, 251, 221, 135,
       127, 113, 10, 238, 162, 111, 246, 228, 20, 239, 22, 252, 255, 185,
       254, 180, 159, 72, 44, 222, 191, 175, 199, 245, 167, 245, 67, 189,
       192, 62, 91, 221, 254, 207, 244, 218, 85, 174, 88, 182, 155, 77,
       245, 176, 72, 31, 79, 213, 23, 172, 220, 39, 204, 220, 57, 179,
       19, 38, 182, 122, 243, 7, 118, 154, 11, 146, 13, 61, 222, 43, 190,
       170, 30, 121, 213, 149, 119, 159, 79, 92, 189, 172, 252, 182, 36,
       141, 59, 151, 5, 247, 47, 178, 243, 103, 85, 62, 187, 86, 76, 159,
       223, 197, 120, 61, 101, 36, 14, 103, 180, 125, 234, 38, 76, 215,
       17, 17, 63, 128, 68, 124, 110, 225, 244, 113, 44, 229, 250, 101,
       20, 72, 177, 67, 32, 40, 237, 123, 101, 116, 91, 111, 254, 97,
       100, 126, 168, 59, 13, 146, 48, 122, 220, 134, 106, 201, 186, 100,
       47, 118, 205, 33, 133, 103, 187, 70, 249, 11, 189, 56, 250, 255,
       133, 158, 239, 159, 17, 76, 4, 188, 223, 60, 0, 158, 27, 19, 81,
       243, 40, 26, 255, 111, 29, 14, 110, 92, 140, 137, 168, 93, 125,
       183, 236, 169, 102, 87, 90, 169, 200, 238, 44, 95, 247, 33, 250,
       182, 85, 253, 98, 9, 195, 187, 200, 243, 255, 71, 15, 138, 247,
       39, 115, 61, 81, 120, 238, 116, 215, 90, 120, 85, 108, 253, 15,
       123, 93, 58, 176, 252, 184, 151, 110, 207, 178, 120, 157, 243,
       205, 33, 61, 123, 171, 122, 211, 120, 154, 62, 248, 61, 221, 80,
       119, 239, 29, 188, 25, 174, 153, 38, 18, 133, 179, 237, 16, 30,
       111, 18, 181, 155, 255, 82, 123, 82, 12, 207, 11, 53, 69, 98, 12,
       93, 151, 194, 104, 197, 196, 249, 3, 99, 200, 55, 132, 88, 168,
       18, 111, 76, 163, 94, 156, 51, 108, 129, 25, 123, 63, 120, 196,
       160, 201, 19, 201, 84, 197, 165, 101, 20, 1, 80, 2, 164, 215, 32,
       68, 88, 58, 2, 64, 66, 186, 66, 253, 37, 16, 134, 74, 80, 8, 164,
       170, 49, 255, 123, 110, 118, 143, 107, 244, 116, 8, 124, 230, 51,
       65, 176, 48, 126, 168, 6, 238, 225, 178, 36, 127, 118, 173, 32,
       128, 109, 146, 98, 185, 2, 33, 23, 137, 78, 11, 168, 72, 142, 32,
       194, 3, 132, 136, 116, 64, 234, 13, 123, 97, 0, 147, 131, 208, 21,
       48, 10, 59, 20, 10, 49, 130, 11, 156, 62, 153, 113, 189, 184, 103,
       255, 93, 110, 21, 172, 190, 38, 228, 167, 43, 179, 21, 182, 184,
       50, 247, 15, 125, 26, 67, 210, 4, 169, 223, 62, 67, 98, 140, 85,
       150, 206, 104, 197, 132, 221, 135, 67, 204, 55, 196, 120, 232, 3,
       239, 204, 163, 20, 140, 115, 101, 131, 9, 55, 191, 116, 212, 27,
       13, 106, 233, 182, 215, 251, 118, 69, 100, 126, 134, 27, 45, 179,
       96, 126, 188, 151, 252, 152, 184, 53, 220, 255, 237, 170, 193,
       183, 142, 124, 249, 92, 189, 187, 97, 147, 102, 119, 251, 99, 236,
       191, 38, 95, 55, 65, 48, 62, 215, 253, 250, 25, 178, 249, 110,
       255, 205, 39, 196, 235, 227, 167, 115, 250, 245, 22, 164, 61, 199,
       86, 102, 169, 172, 152, 11, 46, 158, 34, 215, 236, 245, 221, 227,
       104, 11, 144, 237, 177, 208, 138, 59, 2, 22, 47, 95, 43, 151, 106,
       204, 246, 214, 253, 119, 77, 77, 126, 230, 57, 61, 182, 96, 110,
       187, 151, 173, 213, 186, 36, 221, 119, 125, 170, 192, 63, 140,
       244, 249, 92, 60, 187, 229, 146, 102, 59, 242, 32, 238, 254, 34,
       89, 55, 65, 114, 253, 247, 189, 144, 9, 154, 241, 106, 251, 239,
       175, 131, 171, 115, 36, 123, 211, 92, 231, 156, 36, 86, 239, 182,
       240, 202, 210, 198, 241, 182, 183, 111, 102, 228, 62, 239, 233,
       199, 183, 234, 48, 42, 238, 128, 45, 245, 49, 125, 72, 153, 26,
       252, 113, 204, 113, 114, 173, 13, 110, 1, 190, 247, 34, 80, 160,
       51, 221, 0, 16, 137, 18, 69, 195, 253, 32, 75, 66, 2, 47, 107, 92,
       209, 251, 231, 82, 76, 107, 176, 35, 44, 111, 2, 83, 87, 200, 80,
       118, 220, 61, 218, 74, 16, 185, 65, 221, 173, 163, 196, 32, 163,
       100, 112, 0, 162, 156, 140, 30, 3, 128, 104, 30, 180, 224, 10,
       198, 224, 0, 138, 25, 196, 106, 41, 10, 115, 155, 93, 152, 34, 95,
       53, 89, 40, 27, 8, 26, 252, 111, 250, 63, 209, 221, 103, 199, 81,
       220, 51, 60, 221, 52, 32, 234, 59, 151, 129, 79, 11, 50, 247, 115,
       95, 158, 139, 55, 76, 244, 235, 63, 221, 226, 139, 246, 243, 255,
       223, 95, 225, 94, 231, 121, 237, 183, 68, 127, 235, 55, 223, 147,
       186, 109, 254, 126, 95, 175, 132, 191, 255, 241, 249, 174, 88,
       178, 154, 109, 245, 178, 200, 159, 94, 84, 19, 172, 220, 111, 205,
       220, 121, 147, 67, 38, 118, 122, 243, 23, 81, 218, 43, 18, 93, 61,
       223, 41, 176, 225, 87, 117, 189, 227, 83, 91, 235, 125, 92, 50,
       248, 222, 180, 153, 110, 82, 28, 183, 250, 252, 34, 15, 28, 21,
       98, 203, 204, 218, 236, 37, 160, 195, 89, 69, 189, 224, 202, 123,
       89, 113, 92, 130, 200, 220, 172, 153, 10, 2, 29, 151, 246, 190,
       241, 14, 28, 16, 108, 203, 13, 90, 132, 178, 202, 78, 252, 14,
       192, 205, 230, 132, 2, 208, 162, 49, 143, 177, 96, 104, 242, 155,
       193, 74, 143, 6, 175, 240, 160, 186, 137, 53, 152, 52, 56, 177,
       253, 123, 69, 84, 79, 103, 118, 113, 104, 126, 174, 19, 29, 150,
       48, 126, 188, 22, 232, 233, 186, 117, 14, 119, 141, 36, 128, 111,
       184, 198, 248, 82, 191, 191, 182, 177, 204, 127, 167, 185, 205,
       62, 9, 174, 190, 6, 82, 167, 119, 221, 65, 64, 217, 176, 236, 249,
       246, 94, 147, 128, 84, 135, 123, 24, 201, 105, 234, 30, 193, 219,
       252, 134, 68, 157, 163, 251, 207, 184, 96, 94, 208, 255, 222, 202,
       43, 111, 245, 251, 205, 175, 216, 55, 155, 52, 120, 57, 189, 115,
       101, 245, 214, 123, 246, 115, 233, 126, 102, 27, 55, 193, 180,
       126, 254, 148, 248, 137, 186, 241, 206, 251, 205, 37, 192, 235,
       178, 102, 249, 56, 59, 208, 236, 125, 205, 82, 95, 51, 172, 252,
       109, 175, 155, 65, 144, 220, 250, 135, 80, 74, 58, 192, 187, 255,
       213, 37, 187, 114, 142, 94, 155, 44, 255, 114, 104, 245, 215, 87,
       249, 87, 140, 124, 42, 59, 217, 177, 176, 88, 184, 135, 120, 250,
       186, 72, 191, 127, 205, 37, 233, 115, 138, 118, 171, 92, 61, 243,
       108, 185, 118, 95, 254, 171, 192, 236, 40, 95, 247, 1, 246, 150,
       247, 253, 122, 25, 139, 179, 232, 251, 253, 5, 27, 234, 243, 39,
       115, 158, 189, 206, 241, 151, 107, 183, 207, 22, 179, 222, 183,
       217, 255, 65, 66, 127, 223, 187, 145, 59, 217, 89, 130, 253, 197,
       143, 7, 173, 108, 181, 154, 211, 93, 143, 158, 2, 70, 47, 48, 188,
       194, 194, 198, 117, 230, 179, 103, 118, 229, 60, 239, 229, 213,
       183, 234, 176, 38, 238, 128, 44, 119, 49, 124, 170, 150, 63, 187,
       184, 235, 153, 115, 158, 125, 215, 185, 255, 109, 154, 9, 143, 51,
       255, 5, 190, 251, 107, 149, 206, 219, 120, 211, 212, 204, 135,
       251, 207, 120, 248, 219, 46, 156, 120, 156, 191, 27, 150, 244,
       236, 223, 223, 255, 135, 213, 255, 223, 135, 69, 255, 243, 6, 121,
       254, 222, 142, 149, 9, 21, 57, 201, 109, 220, 12, 149, 205, 246,
       196, 64, 212, 2, 177, 137, 176, 100, 72, 162, 18, 205, 202, 42,
       118, 189, 103, 41, 178, 24, 55, 152, 112, 168, 1, 34, 46, 201, 6,
       169, 161, 83, 100, 17, 87, 82, 145, 1, 148, 108, 104, 8, 46, 156,
       131, 180, 103, 64, 196, 40, 178, 64, 36, 136, 49, 160, 222, 180,
       191, 186, 173, 237, 153, 95, 143, 91, 149, 61, 158, 191, 106, 11,
       141, 19, 253, 17, 187, 79, 186, 208, 219, 211, 250, 255, 154, 76,
       167, 115, 88, 189, 191, 250, 137, 236, 85, 215, 191, 91, 172, 29,
       190, 191, 66, 90, 133, 243, 253, 16, 27, 107, 250, 243, 219, 255,
       86, 123, 202, 64, 167, 123, 177, 219, 75, 234, 126, 131, 79, 248,
       197, 72, 241, 238, 115, 201, 180, 112, 126, 160, 31, 239, 201,
       163, 12, 253, 242, 200, 161, 152, 125, 171, 114, 185, 34, 141, 99,
       205, 213, 210, 174, 231, 76, 64, 88, 3, 40, 56, 52, 96, 232, 35,
       19, 161, 212, 170, 36, 255, 37, 62, 142, 139, 21, 12, 245, 238,
