%YAML:1.0
---
descriptors: !!opencv-matrix
   rows: 172
   cols: 32
   dt: u
   data: [ 138, 156, 59, 254, 221, 245, 151, 231, 159, 75, 92, 18, 188,
       255, 32, 101, 201, 123, 147, 1, 115, 15, 58, 255, 235, 119, 158,
       11, 154, 72, 181, 251, 3, 158, 66, 159, 112, 182, 234, 118, 63,
       73, 90, 199, 185, 238, 182, 196, 127, 43, 55, 141, 167, 152, 5,
       255, 38, 62, 186, 128, 31, 132, 57, 221, 239, 120, 243, 240, 103,
       125, 249, 210, 123, 235, 118, 191, 29, 157, 215, 188, 63, 221,
       151, 159, 133, 118, 180, 194, 87, 221, 187, 175, 239, 253, 127,
       247, 105, 49, 57, 101, 116, 207, 99, 17, 105, 236, 119, 72, 147,
       21, 144, 48, 148, 60, 84, 104, 219, 184, 241, 29, 103, 221, 33,
       48, 66, 138, 86, 113, 239, 112, 247, 214, 101, 124, 253, 16, 233,
       222, 182, 61, 120, 159, 215, 191, 174, 245, 253, 207, 165, 71,
       178, 224, 87, 251, 250, 139, 71, 245, 103, 127, 10, 188, 18, 185,
       127, 253, 186, 66, 191, 9, 223, 114, 172, 254, 50, 228, 255, 185,
       223, 145, 163, 143, 129, 223, 149, 245, 154, 203, 158, 5, 45, 151,
       10, 156, 23, 223, 61, 255, 186, 122, 175, 201, 222, 114, 236, 254,
       162, 228, 231, 125, 254, 16, 23, 185, 171, 255, 159, 247, 139,
       195, 142, 14, 45, 223, 41, 81, 97, 77, 116, 31, 203, 60, 69, 104,
       252, 206, 211, 8, 149, 228, 92, 140, 22, 239, 205, 178, 117, 156,
       38, 60, 160, 128, 127, 191, 80, 252, 40, 241, 121, 105, 125, 95,
       83, 184, 67, 172, 188, 8, 147, 29, 81, 48, 216, 220, 70, 104, 200,
       42, 249, 29, 239, 221, 165, 60, 83, 170, 86, 250, 141, 84, 249,
       83, 162, 94, 127, 180, 57, 239, 119, 180, 223, 55, 139, 189, 55,
       84, 149, 46, 225, 212, 117, 110, 231, 239, 116, 132, 230, 241,
       199, 113, 173, 61, 112, 99, 229, 125, 222, 147, 105, 110, 61, 57,
       155, 29, 223, 182, 143, 18, 213, 43, 252, 52, 124, 162, 103, 221,
       32, 183, 103, 223, 206, 215, 52, 101, 130, 12, 221, 123, 70, 236,
       83, 162, 232, 8, 66, 225, 73, 148, 89, 236, 194, 98, 76, 179, 216,
       26, 177, 164, 5, 63, 123, 123, 122, 134, 42, 144, 16, 153, 93,
       221, 184, 72, 143, 53, 176, 11, 172, 222, 110, 140, 235, 153, 207,
       17, 6, 46, 90, 213, 29, 16, 155, 127, 18, 12, 13, 222, 35, 145,
       107, 207, 118, 214, 235, 112, 84, 73, 95, 230, 113, 236, 190, 96,
       126, 172, 23, 237, 145, 186, 53, 207, 118, 45, 170, 192, 61, 138,
       113, 245, 21, 98, 194, 198, 70, 2, 238, 88, 224, 224, 255, 198,
       89, 203, 253, 46, 62, 237, 118, 238, 197, 243, 140, 200, 82, 136,
       235, 132, 175, 243, 43, 128, 174, 48, 248, 81, 109, 253, 185, 90,
       251, 255, 117, 59, 136, 156, 95, 175, 175, 25, 247, 17, 182, 118,
       250, 194, 95, 89, 87, 239, 199, 77, 95, 247, 180, 193, 69, 206,
       92, 3, 199, 248, 198, 16, 181, 202, 115, 193, 185, 97, 88, 192,
       14, 110, 75, 35, 46, 189, 240, 137, 161, 60, 117, 187, 112, 32,
       157, 93, 111, 237, 22, 87, 110, 184, 85, 224, 222, 198, 123, 70,
       177, 225, 126, 228, 30, 239, 233, 177, 53, 255, 183, 235, 163,
       132, 61, 187, 120, 48, 24, 20, 23, 248, 195, 111, 85, 119, 57, 27,
       97, 24, 222, 115, 33, 157, 165, 187, 7, 32, 56, 210, 18, 221, 241,
       218, 82, 2, 178, 112, 167, 35, 138, 223, 230, 180, 192, 166, 175,
       246, 180, 143, 218, 151, 40, 174, 55, 75, 237, 239, 179, 197, 248,
       219, 22, 234, 124, 39, 254, 192, 141, 116, 177, 223, 166, 189,
       175, 223, 205, 255, 252, 234, 63, 219, 252, 30, 232, 254, 126,
       252, 249, 239, 179, 129, 55, 254, 251, 247, 159, 95, 215, 67, 203,
       109, 127, 254, 155, 159, 127, 237, 246, 142, 235, 248, 125, 200,
       126, 230, 125, 127, 180, 100, 126, 239, 31, 253, 179, 184, 53,
       255, 254, 239, 170, 192, 63, 139, 113, 249, 113, 182, 79, 101,
       246, 42, 69, 63, 96, 235, 251, 238, 83, 33, 152, 50, 30, 132, 116,
       44, 249, 176, 229, 14, 252, 175, 225, 212, 237, 234, 210, 49, 220,
       94, 238, 118, 42, 50, 93, 154, 177, 190, 134, 189, 99, 107, 11,
       91, 231, 196, 253, 174, 172, 69, 203, 32, 210, 235, 245, 149, 170,
       241, 108, 91, 86, 60, 182, 246, 43, 116, 24, 2, 171, 219, 146, 49,
       236, 127, 71, 123, 231, 245, 253, 145, 44, 77, 179, 224, 155, 254,
       222, 155, 130, 101, 47, 95, 207, 237, 134, 158, 185, 247, 254,
       239, 191, 243, 219, 215, 236, 254, 62, 205, 255, 111, 251, 151,
       119, 221, 143, 255, 186, 127, 223, 199, 142, 119, 185, 95, 117,
       22, 79, 101, 48, 46, 75, 56, 96, 202, 251, 236, 115, 97, 153, 48,
       62, 228, 124, 174, 169, 183, 173, 15, 208, 174, 161, 148, 109,
       163, 114, 49, 5, 66, 147, 141, 110, 42, 35, 80, 196, 200, 243,
       102, 213, 195, 161, 111, 122, 100, 74, 126, 1, 35, 166, 72, 148,
       160, 99, 24, 168, 187, 33, 165, 149, 82, 107, 253, 54, 130, 107,
       24, 118, 200, 210, 230, 115, 86, 177, 120, 118, 164, 28, 238, 169,
       149, 45, 31, 208, 239, 163, 128, 60, 179, 112, 49, 15, 252, 133,
       191, 221, 247, 174, 238, 127, 250, 218, 87, 232, 254, 87, 237,
       253, 79, 251, 151, 255, 219, 255, 251, 190, 126, 223, 198, 159,
       117, 249, 212, 27, 154, 239, 213, 54, 90, 233, 51, 116, 233, 86,
       246, 249, 37, 146, 100, 119, 172, 63, 173, 185, 252, 101, 206,
       206, 111, 251, 192, 47, 160, 113, 253, 239, 252, 165, 159, 253,
       119, 175, 239, 95, 255, 218, 114, 232, 252, 221, 237, 221, 95,
       122, 27, 247, 255, 255, 251, 61, 126, 223, 198, 150, 125, 244,
       252, 219, 89, 37, 236, 9, 86, 93, 55, 161, 250, 134, 8, 59, 63, 1,
       115, 224, 212, 125, 236, 105, 77, 113, 172, 243, 251, 212, 18, 42,
       180, 176, 122, 143, 157, 182, 159, 181, 246, 190, 231, 157, 207,
       218, 50, 204, 254, 47, 100, 249, 107, 186, 177, 116, 219, 42, 238,
       191, 118, 143, 203, 146, 126, 181, 207, 1, 182, 26, 97, 112, 174,
       121, 115, 41, 73, 125, 85, 60, 23, 2, 16, 166, 59, 87, 12, 145,
       152, 16, 77, 199, 253, 50, 192, 74, 130, 35, 187, 213, 79, 95,
       237, 50, 2, 111, 114, 116, 202, 90, 226, 125, 99, 177, 96, 118,
       245, 62, 238, 225, 148, 37, 110, 240, 174, 107, 128, 45, 243, 33,
       41, 98, 172, 208, 248, 253, 233, 248, 75, 155, 63, 184, 154, 174,
       174, 84, 138, 207, 163, 255, 17, 50, 111, 194, 211, 28, 30, 154,
       251, 212, 72, 79, 141, 250, 113, 242, 164, 77, 126, 82, 64, 41,
       172, 191, 11, 14, 158, 71, 150, 248, 221, 237, 243, 76, 247, 209,
       202, 147, 248, 131, 63, 99, 39, 110, 70, 221, 220, 240, 115, 115,
       126, 123, 180, 57, 111, 119, 184, 219, 63, 159, 189, 55, 213, 149,
       174, 160, 212, 125, 238, 79, 255, 116, 133, 231, 245, 78, 115,
       145, 157, 87, 255, 18, 102, 79, 115, 53, 194, 219, 214, 119, 119,
       168, 69, 118, 246, 29, 238, 121, 153, 57, 111, 241, 174, 226, 128,
       46, 226, 160, 48, 41, 50, 41, 101, 116, 157, 233, 23, 79, 105,
       116, 76, 187, 29, 18, 48, 140, 40, 87, 12, 131, 188, 112, 145,
       199, 221, 48, 176, 90, 136, 82, 249, 9, 58, 57, 97, 96, 188, 121,
       18, 233, 89, 118, 76, 158, 23, 128, 56, 132, 8, 84, 28, 131, 188,
       48, 64, 199, 217, 48, 194, 74, 128, 67, 249, 30, 211, 183, 251,
       178, 194, 171, 152, 174, 85, 83, 231, 221, 87, 169, 204, 118, 61,
       63, 253, 131, 144, 57, 253, 205, 230, 251, 196, 182, 147, 37, 241,
       254, 201, 71, 236, 159, 82, 70, 237, 133, 164, 194, 3, 75, 122,
       61, 215, 120, 196, 172, 226, 109, 131, 25, 173, 179, 226, 197, 23,
       51, 62, 244, 6, 70, 224, 150, 159, 77, 191, 176, 202, 255, 179,
       195, 9, 236, 248, 111, 206, 217, 109, 235, 17, 6, 247, 219, 209,
       31, 54, 95, 63, 154, 111, 41, 134, 131, 30, 223, 229, 50, 34, 57,
       55, 60, 235, 90, 246, 157, 55, 128, 121, 38, 63, 63, 132, 177,
       216, 37, 78, 196, 174, 122, 130, 172, 192, 33, 185, 63, 113, 106,
       193, 118, 211, 251, 88, 71, 100, 125, 162, 25, 29, 255, 160, 126,
       152, 151, 253, 135, 178, 117, 216, 87, 77, 163, 197, 119, 143,
       124, 241, 89, 95, 127, 229, 50, 2, 111, 55, 52, 160, 90, 230, 157,
