%YAML:1.0
---
descriptors: !!opencv-matrix
   rows: 210
   cols: 32
   dt: u
   data: [ 254, 156, 190, 246, 203, 116, 189, 246, 187, 254, 191, 63,
       108, 254, 103, 31, 173, 247, 245, 131, 244, 79, 186, 227, 123,
       123, 223, 251, 195, 117, 167, 127, 110, 114, 114, 236, 121, 95,
       186, 120, 189, 108, 245, 171, 204, 223, 63, 245, 254, 157, 255,
       231, 196, 131, 243, 220, 247, 121, 139, 191, 22, 47, 47, 247, 10,
       149, 16, 233, 245, 227, 58, 43, 15, 5, 91, 35, 204, 63, 40, 196,
       215, 27, 147, 49, 18, 152, 73, 221, 111, 85, 138, 199, 150, 14,
       189, 3, 137, 2, 233, 209, 6, 168, 233, 16, 118, 81, 87, 246, 153,
       131, 248, 109, 107, 8, 38, 156, 147, 244, 101, 192, 70, 137, 242,
       192, 183, 136, 112, 160, 117, 2, 194, 140, 78, 34, 232, 72, 21,
       130, 243, 194, 113, 218, 181, 234, 120, 172, 54, 175, 8, 183, 135,
       202, 20, 238, 203, 8, 61, 171, 120, 128, 15, 32, 103, 195, 69,
       123, 169, 105, 94, 183, 83, 146, 204, 238, 124, 237, 123, 29, 179,
       177, 16, 244, 61, 212, 29, 82, 203, 103, 135, 174, 121, 164, 255,
       32, 202, 236, 78, 34, 232, 72, 49, 130, 243, 179, 89, 138, 245,
       250, 122, 173, 183, 172, 36, 215, 132, 202, 86, 237, 235, 136,
       165, 227, 122, 128, 129, 34, 219, 185, 100, 169, 232, 18, 127, 83,
       116, 212, 157, 139, 240, 104, 103, 41, 6, 156, 183, 180, 38, 211,
       198, 223, 18, 64, 220, 128, 65, 160, 43, 48, 166, 173, 109, 159,
       184, 72, 159, 252, 212, 167, 236, 216, 118, 198, 254, 109, 255,
       101, 135, 243, 223, 221, 94, 115, 203, 183, 31, 44, 121, 215, 0,
       174, 235, 241, 84, 171, 233, 211, 94, 7, 90, 86, 177, 233, 180,
       72, 121, 42, 55, 29, 178, 248, 0, 151, 76, 142, 187, 192, 165,
       200, 80, 168, 20, 166, 134, 149, 146, 11, 35, 234, 54, 177, 66,
       70, 114, 224, 41, 73, 49, 236, 42, 56, 34, 221, 15, 31, 252, 38,
       119, 68, 161, 104, 53, 40, 53, 134, 135, 30, 222, 3, 6, 235, 22,
       162, 224, 198, 115, 224, 169, 97, 121, 238, 34, 174, 105, 203,
       143, 63, 56, 166, 231, 108, 185, 104, 112, 168, 112, 96, 199, 188,
       94, 3, 195, 106, 86, 161, 194, 202, 115, 224, 48, 1, 120, 236, 98,
       232, 41, 255, 143, 29, 184, 166, 245, 88, 45, 41, 240, 128, 3,
       159, 96, 153, 242, 145, 188, 55, 95, 77, 88, 231, 172, 238, 182,
       228, 198, 59, 151, 149, 151, 56, 102, 215, 44, 52, 186, 235, 28,
       132, 137, 221, 94, 30, 156, 189, 42, 32, 28, 138, 174, 30, 154,
       37, 255, 54, 33, 75, 199, 83, 253, 3, 32, 69, 75, 243, 192, 243,
       122, 159, 144, 113, 13, 27, 51, 135, 99, 173, 214, 82, 236, 127,
       84, 65, 250, 231, 25, 46, 182, 160, 122, 139, 23, 173, 221, 187,
       37, 207, 60, 14, 190, 132, 61, 204, 248, 204, 227, 13, 226, 140,
       87, 180, 250, 198, 25, 205, 218, 135, 40, 172, 55, 130, 254, 239,
       147, 197, 164, 186, 180, 234, 51, 60, 138, 139, 143, 245, 122,
       222, 216, 220, 5, 253, 40, 70, 13, 183, 180, 178, 130, 197, 253,
       103, 1, 67, 71, 117, 125, 172, 105, 205, 81, 15, 225, 231, 239,
       148, 18, 240, 37, 120, 49, 165, 98, 204, 212, 19, 205, 127, 86,
       97, 252, 198, 19, 168, 182, 100, 94, 142, 23, 45, 249, 187, 36,
       159, 114, 44, 190, 36, 63, 200, 240, 236, 46, 233, 32, 154, 93,
       193, 166, 232, 159, 196, 193, 139, 232, 204, 125, 132, 249, 107,
       147, 199, 70, 43, 94, 253, 61, 84, 143, 59, 21, 31, 20, 222, 83,
       77, 26, 172, 150, 211, 94, 230, 165, 192, 218, 74, 47, 202, 49,
       240, 254, 251, 159, 227, 77, 139, 0, 239, 178, 244, 142, 186, 45,
       58, 43, 12, 130, 2, 10, 185, 160, 193, 40, 67, 62, 31, 83, 241,
       140, 135, 96, 73, 238, 25, 167, 148, 114, 220, 2, 194, 196, 144,
       250, 201, 16, 5, 165, 240, 22, 172, 154, 154, 27, 228, 179, 202,
       174, 143, 169, 2, 44, 242, 107, 18, 227, 123, 202, 208, 6, 3, 138,
       243, 153, 212, 15, 47, 144, 115, 39, 167, 164, 134, 105, 219, 244,
       194, 239, 57, 94, 5, 117, 18, 209, 67, 188, 96, 89, 40, 19, 184,
       243, 188, 124, 95, 111, 142, 167, 68, 85, 170, 244, 160, 99, 254,
       218, 2, 114, 150, 186, 230, 235, 232, 60, 237, 172, 154, 231, 240,
       167, 97, 214, 87, 199, 11, 140, 254, 62, 28, 46, 250, 77, 150, 75,
       157, 51, 124, 90, 198, 115, 213, 58, 208, 169, 200, 188, 238, 44,
       222, 167, 180, 182, 249, 223, 64, 199, 131, 0, 253, 50, 93, 33,
       187, 10, 151, 43, 31, 14, 185, 179, 218, 237, 245, 185, 199, 143,
       91, 29, 55, 188, 254, 110, 170, 239, 59, 179, 145, 151, 11, 186,
       241, 31, 85, 222, 235, 146, 95, 165, 255, 9, 18, 252, 185, 100,
       188, 248, 19, 127, 73, 94, 118, 189, 155, 146, 104, 231, 15, 63,
       29, 151, 184, 71, 209, 198, 255, 186, 192, 158, 200, 105, 145,
       125, 157, 101, 190, 28, 240, 66, 248, 194, 192, 217, 66, 115, 236,
       184, 224, 80, 234, 52, 77, 143, 11, 62, 189, 186, 45, 169, 216,
       54, 175, 120, 108, 174, 121, 114, 222, 127, 221, 250, 80, 143,
       204, 180, 175, 108, 221, 55, 164, 238, 249, 223, 199, 196, 39, 62,
       252, 119, 89, 139, 187, 23, 191, 125, 215, 15, 253, 150, 159, 237,
       191, 190, 238, 127, 251, 94, 54, 236, 248, 95, 239, 183, 127, 254,
       83, 247, 248, 219, 255, 46, 126, 95, 199, 222, 127, 137, 159, 142,
       148, 150, 215, 193, 126, 116, 175, 63, 31, 71, 16, 236, 127, 46,
       207, 241, 95, 162, 48, 48, 220, 59, 227, 47, 247, 215, 71, 130,
       117, 172, 230, 6, 165, 16, 129, 145, 247, 50, 74, 46, 5, 74, 1,
       140, 54, 34, 132, 177, 27, 131, 145, 22, 152, 17, 223, 173, 20,
       11, 71, 146, 71, 45, 70, 78, 157, 164, 191, 237, 245, 190, 174,
       159, 255, 94, 53, 236, 255, 95, 207, 213, 111, 251, 87, 246, 216,
       251, 247, 111, 119, 223, 207, 154, 127, 157, 223, 2, 151, 32, 169,
       149, 227, 178, 99, 77, 101, 88, 3, 140, 12, 50, 196, 216, 11, 147,
       113, 150, 184, 81, 221, 47, 84, 138, 71, 87, 14, 149, 214, 148,
       34, 202, 188, 70, 34, 232, 80, 53, 142, 243, 214, 9, 203, 115, 79,
       120, 173, 38, 186, 36, 247, 134, 192, 20, 160, 234, 136, 173, 169,
       123, 128, 14, 32, 162, 129, 71, 123, 168, 72, 95, 177, 83, 18,
       204, 202, 124, 237, 121, 157, 179, 177, 20, 244, 7, 208, 31, 83,
       219, 231, 135, 14, 61, 134, 8, 140, 219, 249, 54, 175, 233, 115,
       62, 1, 83, 210, 189, 171, 176, 64, 123, 40, 23, 28, 51, 184, 5,
       223, 204, 175, 186, 192, 188, 136, 113, 160, 169, 97, 99, 69, 84,
       31, 235, 120, 81, 224, 116, 74, 83, 1, 157, 180, 88, 140, 18, 238,
       201, 182, 116, 14, 55, 12, 129, 4, 111, 170, 114, 180, 3, 148,
       187, 249, 115, 167, 185, 83, 126, 9, 123, 114, 156, 222, 40, 96,
       247, 59, 151, 145, 147, 184, 16, 215, 77, 93, 58, 194, 213, 2,
       161, 147, 64, 140, 151, 31, 128, 34, 164, 167, 124, 19, 66, 80,
       244, 114, 0, 75, 241, 103, 40, 128, 48, 216, 75, 111, 44, 38, 222,
       0, 128, 112, 161, 8, 144, 162, 134, 157, 26, 43, 32, 207, 54, 177,
       75, 214, 115, 224, 32, 72, 49, 236, 106, 184, 32, 221, 143, 29,
       216, 34, 119, 68, 49, 41, 49, 40, 177, 224, 143, 28, 90, 35, 6,
       110, 22, 163, 194, 210, 115, 224, 160, 65, 121, 236, 34, 236, 41,
       223, 143, 31, 24, 166, 245, 92, 57, 41, 112, 168, 245, 142, 231,
       254, 62, 130, 79, 121, 214, 130, 216, 226, 115, 224, 177, 99, 123,
       230, 60, 173, 249, 231, 174, 143, 184, 174, 239, 152, 181, 234,
       112, 41, 3, 143, 96, 153, 246, 145, 168, 119, 94, 77, 88, 231,
       173, 142, 182, 96, 110, 43, 151, 157, 215, 24, 36, 247, 44, 28,
       190, 200, 61, 132, 153, 221, 19, 133, 74, 140, 150, 162, 237, 111,
       148, 193, 219, 135, 121, 238, 186, 64, 126, 171, 31, 173, 89, 139,
       6, 223, 248, 46, 174, 200, 189, 206, 177, 80, 131, 13, 7, 157, 54,
       130, 169, 55, 60, 192, 82, 214, 188, 38, 176, 229, 102, 47, 27,
       173, 241, 220, 53, 204, 164, 34, 250, 128, 12, 132, 49, 125, 58,
       233, 42, 186, 93, 213, 150, 236, 135, 13, 140, 11, 32, 221, 110,
       0, 220, 251, 211, 69, 94, 43, 26, 191, 59, 85, 141, 123, 83, 30,
