%YAML:1.0
---
descriptors: !!opencv-matrix
   rows: 173
   cols: 32
   dt: u
   data: [ 112, 113, 249, 101, 116, 78, 107, 56, 113, 236, 254, 74, 115,
       119, 129, 112, 126, 220, 54, 232, 201, 178, 241, 12, 119, 174,
       165, 132, 97, 170, 86, 241, 34, 157, 114, 95, 247, 211, 183, 231,
       223, 69, 124, 162, 40, 252, 182, 100, 250, 58, 147, 193, 210, 186,
       36, 255, 47, 62, 150, 195, 87, 142, 252, 254, 50, 172, 22, 186,
       25, 201, 18, 202, 143, 21, 168, 9, 174, 217, 34, 144, 137, 179,
       203, 17, 30, 43, 74, 189, 185, 212, 5, 123, 208, 14, 14, 10, 239,
       119, 103, 68, 230, 18, 255, 248, 105, 246, 121, 239, 73, 236, 223,
       179, 126, 197, 183, 231, 197, 114, 172, 200, 54, 120, 239, 174,
       111, 247, 243, 213, 159, 115, 194, 179, 231, 83, 188, 80, 13, 208,
       85, 231, 13, 222, 255, 175, 126, 249, 151, 247, 197, 210, 158,
       192, 86, 73, 239, 173, 47, 255, 185, 149, 50, 145, 82, 232, 21,
       86, 218, 104, 13, 32, 250, 3, 75, 30, 36, 212, 250, 157, 135, 226,
       88, 179, 17, 221, 179, 252, 131, 87, 119, 47, 124, 6, 82, 98, 90,
       239, 8, 2, 106, 72, 45, 128, 226, 194, 215, 163, 1, 80, 250, 213,
       107, 227, 8, 131, 193, 104, 180, 160, 202, 24, 33, 51, 35, 8, 180,
       104, 214, 196, 205, 47, 100, 195, 121, 178, 160, 26, 2, 50, 69,
       159, 233, 204, 74, 82, 104, 247, 209, 192, 157, 130, 215, 55, 225,
       121, 242, 134, 97, 143, 213, 221, 252, 168, 239, 191, 222, 23,
       120, 252, 189, 99, 176, 228, 75, 98, 46, 12, 241, 40, 110, 255,
       44, 190, 118, 184, 222, 248, 193, 169, 89, 161, 26, 41, 49, 140,
       66, 113, 37, 73, 76, 68, 191, 147, 32, 80, 144, 168, 76, 76, 90,
       154, 80, 29, 227, 229, 32, 104, 50, 130, 42, 8, 61, 125, 99, 77,
       118, 159, 234, 120, 85, 104, 249, 110, 83, 216, 181, 164, 126,
       168, 22, 111, 205, 178, 116, 159, 50, 76, 161, 168, 127, 175, 114,
       245, 9, 185, 123, 233, 252, 203, 119, 183, 239, 65, 124, 96, 183,
       213, 240, 96, 198, 58, 126, 88, 211, 184, 103, 253, 111, 28, 37,
       192, 86, 138, 211, 233, 58, 26, 98, 239, 111, 223, 250, 80, 21,
       76, 247, 175, 43, 29, 183, 164, 238, 253, 215, 199, 140, 179, 101,
       189, 86, 253, 160, 147, 127, 143, 126, 223, 88, 156, 59, 248, 59,
       229, 17, 18, 174, 13, 142, 17, 191, 159, 96, 80, 231, 179, 253,
       145, 26, 13, 178, 23, 219, 229, 58, 123, 176, 0, 37, 123, 53, 205,
       97, 206, 124, 147, 206, 248, 198, 64, 216, 194, 115, 216, 188,
       228, 94, 232, 22, 111, 203, 35, 110, 191, 56, 140, 167, 216, 125,
       187, 112, 172, 85, 29, 23, 99, 178, 110, 98, 176, 47, 169, 46, 76,
       223, 115, 137, 244, 54, 118, 124, 122, 17, 145, 25, 62, 173, 236,
       37, 84, 170, 243, 3, 49, 116, 62, 205, 117, 176, 46, 79, 183, 48,
       175, 254, 125, 83, 55, 1, 27, 93, 246, 125, 188, 56, 222, 225, 46,
       253, 239, 245, 144, 161, 240, 230, 123, 75, 156, 190, 187, 235,
       228, 56, 151, 191, 91, 94, 19, 188, 255, 98, 235, 231, 123, 191,
       149, 182, 221, 146, 243, 207, 243, 126, 235, 146, 68, 169, 139,
       240, 30, 141, 181, 172, 46, 85, 55, 49, 239, 214, 125, 247, 55, 2,
       91, 221, 231, 125, 5, 184, 222, 193, 42, 231, 167, 117, 144, 160,
       248, 150, 91, 205, 221, 25, 105, 176, 174, 70, 188, 125, 168, 110,
       84, 214, 83, 137, 112, 148, 94, 28, 122, 243, 176, 89, 62, 175,
       253, 37, 84, 250, 179, 193, 33, 50, 69, 2, 172, 93, 67, 198, 104,
       133, 160, 232, 11, 66, 232, 36, 212, 248, 205, 74, 227, 76, 163,
       0, 142, 177, 164, 133, 27, 113, 58, 126, 134, 165, 173, 175, 125,
       212, 46, 175, 239, 250, 135, 232, 16, 209, 236, 119, 98, 217, 110,
       50, 61, 180, 235, 190, 14, 105, 190, 199, 12, 193, 120, 247, 234,
       79, 50, 253, 197, 108, 30, 235, 48, 45, 232, 223, 230, 221, 47,
       154, 102, 126, 197, 127, 239, 129, 176, 229, 206, 212, 255, 170,
       132, 15, 175, 81, 241, 191, 82, 114, 109, 118, 27, 250, 120, 101,
       236, 247, 239, 75, 77, 159, 144, 62, 157, 199, 239, 205, 182, 69,
       12, 214, 233, 33, 148, 111, 174, 74, 145, 86, 185, 182, 158, 137,
       212, 148, 205, 175, 149, 135, 1, 78, 254, 110, 223, 233, 247, 235,
       145, 30, 75, 154, 224, 155, 50, 95, 95, 130, 118, 175, 30, 155,
       140, 3, 249, 21, 228, 232, 99, 84, 73, 70, 18, 180, 147, 48, 101,
       200, 42, 19, 152, 58, 156, 16, 255, 193, 249, 154, 65, 18, 0, 240,
       170, 53, 117, 121, 69, 244, 79, 231, 248, 65, 232, 253, 74, 83,
       117, 157, 52, 120, 220, 22, 234, 201, 178, 125, 12, 111, 140, 37,
       36, 111, 187, 82, 177, 63, 235, 98, 174, 118, 147, 235, 248, 7,
       204, 221, 231, 97, 200, 191, 4, 126, 232, 23, 231, 206, 179, 12,
       253, 120, 68, 175, 169, 127, 191, 122, 205, 130, 152, 186, 219,
       87, 247, 185, 67, 62, 15, 87, 18, 172, 255, 36, 76, 231, 59, 179,
       145, 50, 156, 50, 247, 13, 54, 154, 203, 146, 76, 37, 255, 1, 160,
       229, 213, 68, 26, 232, 24, 126, 208, 114, 66, 243, 232, 213, 228,
       123, 204, 38, 189, 199, 240, 239, 221, 12, 186, 231, 4, 109, 168,
       88, 164, 54, 103, 2, 158, 157, 157, 22, 104, 159, 132, 137, 13,
       238, 226, 47, 212, 216, 233, 207, 103, 78, 3, 90, 223, 177, 20,
       15, 59, 16, 63, 159, 70, 202, 180, 180, 177, 171, 253, 148, 143,
       159, 63, 132, 61, 174, 62, 78, 139, 133, 19, 237, 17, 54, 77, 219,
       241, 141, 211, 94, 127, 210, 68, 143, 95, 90, 56, 170, 184, 59,
       225, 153, 70, 142, 69, 132, 179, 175, 143, 98, 72, 239, 51, 223,
       145, 30, 15, 50, 211, 219, 213, 154, 251, 148, 12, 37, 91, 205,
       143, 148, 191, 141, 189, 116, 143, 255, 191, 138, 21, 238, 242,
       67, 223, 129, 103, 106, 13, 246, 77, 219, 243, 173, 247, 95, 26,
       130, 116, 137, 14, 59, 106, 226, 30, 45, 189, 222, 66, 223, 110,
       156, 207, 42, 200, 247, 140, 140, 168, 198, 13, 142, 39, 102, 250,
       146, 92, 17, 187, 87, 253, 90, 205, 184, 124, 59, 248, 99, 233,
       85, 71, 185, 15, 228, 57, 47, 159, 33, 25, 162, 187, 197, 16, 106,
       47, 50, 171, 243, 209, 16, 43, 114, 80, 167, 251, 116, 41, 150,
       132, 205, 11, 228, 198, 105, 178, 162, 10, 2, 58, 69, 155, 233,
       198, 106, 210, 76, 251, 193, 96, 157, 130, 215, 51, 225, 120, 106,
       142, 112, 12, 150, 140, 73, 106, 4, 103, 161, 162, 234, 11, 70,
       179, 32, 223, 232, 246, 106, 162, 120, 235, 192, 104, 177, 178,
       214, 27, 65, 120, 166, 142, 3, 222, 158, 254, 252, 141, 185, 247,
       158, 9, 124, 124, 188, 191, 160, 64, 135, 115, 127, 1, 179, 105,
       2, 255, 124, 158, 62, 234, 216, 8, 129, 187, 8, 185, 191, 105,
       240, 205, 123, 151, 175, 13, 126, 4, 189, 231, 240, 112, 166, 59,
       103, 24, 18, 184, 179, 117, 239, 221, 39, 224, 208, 130, 199, 249,
       34, 180, 226, 137, 247, 245, 184, 71, 95, 41, 88, 179, 12, 188,
       118, 172, 255, 27, 147, 145, 150, 186, 16, 211, 15, 20, 154, 227,
       215, 76, 253, 223, 10, 140, 178, 187, 117, 245, 184, 67, 31, 71,
       89, 19, 172, 222, 102, 200, 249, 59, 147, 145, 54, 188, 26, 247,
       15, 87, 154, 203, 150, 76, 61, 214, 195, 150, 187, 243, 254, 164,
       189, 23, 158, 59, 95, 114, 156, 191, 116, 106, 231, 63, 191, 145,
       179, 92, 171, 243, 77, 63, 254, 234, 132, 76, 161, 243, 1, 34,
       213, 197, 38, 26, 232, 24, 110, 177, 114, 66, 187, 136, 148, 236,
       50, 12, 38, 8, 129, 248, 231, 220, 6, 170, 115, 4, 103, 136, 65,
       172, 124, 241, 184, 96, 153, 220, 80, 157, 235, 173, 172, 9, 158,
       187, 72, 146, 145, 86, 237, 80, 86, 43, 210, 64, 251, 221, 5, 127,
       194, 2, 207, 11, 11, 18, 105, 133, 98, 127, 249, 27, 13, 238, 86,
       255, 157, 30, 150, 228, 30, 13, 223, 173, 133, 188, 101, 206, 198,
       125, 57, 180, 14, 172, 9, 245, 139, 18, 105, 37, 98, 63, 233, 19,
       61, 236, 118, 253, 159, 12, 150, 253, 62, 141, 87, 45, 165, 180,
       101, 204, 132, 121, 50, 132, 111, 132, 3, 245, 131, 38, 222, 185,
       108, 35, 249, 86, 158, 23, 84, 86, 189, 43, 178, 11, 239, 35, 23,
       141, 162, 253, 2, 223, 68, 155, 250, 128, 221, 200, 33, 137, 54,
