%YAML:1.0
---
descriptors: !!opencv-matrix
   rows: 183
   cols: 32
   dt: u
   data: [ 219, 91, 235, 69, 242, 16, 255, 150, 57, 196, 246, 231, 57,
       46, 151, 242, 38, 255, 253, 199, 197, 217, 165, 234, 118, 109,
       174, 130, 239, 245, 47, 125, 3, 63, 202, 133, 114, 170, 169, 87,
       60, 237, 90, 231, 173, 38, 147, 0, 38, 111, 23, 157, 133, 152, 5,
       78, 108, 36, 62, 128, 172, 212, 41, 217, 62, 59, 115, 68, 117,
       223, 251, 80, 237, 204, 244, 110, 10, 157, 181, 149, 238, 253,
       215, 242, 137, 179, 32, 236, 50, 217, 35, 158, 111, 191, 110, 243,
       175, 210, 122, 222, 111, 211, 219, 88, 223, 124, 245, 175, 74,
       204, 190, 101, 222, 169, 183, 103, 206, 55, 110, 221, 86, 89, 171,
       191, 119, 175, 124, 215, 33, 201, 104, 201, 85, 141, 166, 228, 76,
       0, 120, 2, 48, 8, 52, 0, 200, 40, 2, 79, 194, 58, 80, 189, 39, 12,
       0, 32, 85, 26, 216, 138, 127, 210, 225, 110, 41, 31, 95, 184, 67,
       126, 157, 237, 219, 125, 223, 126, 223, 212, 253, 110, 205, 6,
       237, 179, 194, 255, 229, 190, 62, 255, 84, 119, 128, 143, 44, 181,
       180, 139, 229, 55, 116, 15, 218, 113, 183, 33, 146, 65, 9, 34, 79,
       13, 248, 184, 65, 47, 236, 22, 182, 144, 100, 200, 212, 107, 8,
       145, 24, 171, 212, 147, 190, 61, 4, 5, 89, 34, 245, 25, 56, 192,
       88, 26, 147, 225, 86, 152, 17, 157, 102, 101, 170, 192, 20, 10,
       177, 138, 49, 239, 43, 45, 180, 175, 238, 254, 94, 236, 124, 77,
       163, 169, 145, 132, 184, 110, 71, 125, 153, 184, 101, 63, 174, 61,
       37, 164, 196, 252, 218, 237, 56, 203, 55, 188, 30, 129, 143, 246,
       196, 4, 216, 98, 49, 9, 49, 68, 76, 114, 23, 75, 202, 171, 2, 189,
       224, 174, 186, 144, 119, 152, 113, 168, 187, 86, 103, 204, 109,
       23, 237, 126, 213, 110, 244, 230, 43, 140, 182, 229, 110, 220,
       183, 235, 237, 191, 54, 220, 54, 123, 218, 136, 119, 156, 244,
       253, 83, 74, 79, 220, 14, 128, 79, 182, 132, 64, 84, 198, 53, 135,
       177, 101, 102, 227, 63, 207, 193, 141, 38, 237, 176, 168, 250,
       136, 61, 152, 49, 121, 155, 124, 227, 249, 182, 130, 239, 87, 54,
       203, 82, 242, 189, 223, 177, 96, 127, 251, 23, 159, 227, 156, 36,
       234, 236, 207, 190, 128, 189, 216, 177, 249, 1, 204, 115, 89, 116,
       143, 171, 246, 127, 13, 118, 80, 184, 147, 180, 36, 191, 42, 2,
       24, 163, 188, 48, 247, 45, 30, 18, 64, 90, 144, 225, 173, 51, 201,
       74, 188, 28, 129, 76, 230, 132, 0, 192, 130, 49, 130, 48, 96, 72,
       162, 27, 200, 78, 11, 22, 189, 176, 160, 154, 24, 53, 152, 48, 8,
       137, 32, 127, 193, 100, 189, 97, 23, 100, 89, 119, 82, 145, 151,
       144, 105, 110, 152, 126, 152, 147, 188, 119, 64, 69, 169, 242, 64,
       46, 136, 241, 185, 32, 0, 207, 156, 92, 131, 193, 106, 22, 161,
       194, 74, 113, 224, 48, 73, 88, 172, 34, 169, 9, 251, 71, 29, 16,
       34, 217, 32, 61, 8, 112, 136, 53, 77, 2, 30, 29, 199, 198, 104,
       196, 200, 233, 11, 115, 217, 51, 128, 88, 168, 27, 111, 72, 35,
       26, 61, 177, 44, 129, 57, 113, 47, 120, 194, 36, 160, 150, 156,
       95, 67, 160, 232, 86, 180, 96, 2, 96, 226, 105, 193, 121, 108, 34,
       112, 2, 82, 155, 29, 29, 38, 199, 45, 145, 40, 60, 130, 34, 32,
       70, 172, 77, 3, 96, 72, 135, 160, 194, 11, 2, 137, 116, 64, 248,
       140, 107, 224, 8, 179, 211, 208, 23, 48, 129, 63, 53, 138, 112,
       130, 0, 33, 150, 141, 93, 203, 160, 72, 238, 160, 194, 2, 228,
       200, 100, 70, 184, 109, 106, 97, 2, 225, 155, 221, 13, 50, 75, 31,
       65, 42, 113, 130, 53, 65, 106, 172, 31, 6, 206, 96, 197, 196, 239,
       135, 67, 201, 59, 64, 120, 172, 2, 239, 200, 163, 20, 140, 179,
       109, 130, 24, 117, 191, 112, 224, 4, 168, 150, 159, 93, 207, 160,
       232, 158, 180, 66, 0, 228, 224, 41, 7, 185, 100, 98, 96, 0, 241,
       27, 125, 13, 54, 79, 7, 192, 42, 45, 130, 32, 160, 134, 157, 93,
       195, 160, 104, 222, 176, 96, 2, 96, 226, 100, 194, 120, 108, 98,
       240, 2, 211, 139, 93, 13, 34, 207, 45, 25, 42, 123, 134, 27, 19,
       123, 193, 118, 155, 251, 121, 45, 105, 127, 230, 89, 79, 190, 96,
       126, 137, 23, 236, 145, 176, 37, 221, 102, 205, 162, 192, 63, 139,
       225, 241, 60, 69, 98, 78, 87, 83, 87, 232, 85, 196, 229, 143, 75,
       204, 191, 181, 122, 200, 130, 230, 108, 178, 124, 158, 115, 207,
       129, 45, 119, 191, 126, 212, 10, 114, 242, 253, 103, 180, 184, 87,
       189, 75, 84, 247, 44, 159, 183, 236, 239, 59, 151, 149, 134, 254,
       34, 193, 23, 127, 218, 131, 135, 212, 45, 255, 162, 144, 35, 248,
       109, 149, 184, 99, 159, 89, 208, 123, 188, 158, 116, 233, 239, 59,
       183, 149, 243, 63, 82, 215, 23, 30, 250, 234, 31, 12, 177, 223,
       104, 134, 139, 188, 94, 3, 39, 107, 18, 162, 192, 206, 113, 225,
       32, 65, 89, 236, 34, 40, 41, 203, 159, 31, 124, 167, 247, 60, 177,
       40, 116, 168, 48, 32, 206, 13, 92, 3, 193, 107, 86, 161, 226, 10,
       83, 224, 0, 8, 24, 140, 98, 40, 8, 251, 215, 29, 24, 166, 113, 84,
       97, 40, 98, 136, 10, 128, 178, 189, 81, 222, 48, 0, 61, 5, 67, 17,
       172, 159, 34, 200, 240, 61, 163, 16, 54, 220, 17, 199, 7, 119, 82,
       67, 130, 4, 45, 206, 211, 91, 206, 190, 2, 4, 46, 182, 160, 194,
       194, 199, 109, 226, 179, 211, 102, 229, 189, 207, 237, 207, 150,
       232, 176, 99, 254, 136, 44, 180, 41, 92, 64, 162, 142, 157, 12,
       138, 161, 8, 174, 176, 66, 70, 244, 194, 96, 66, 112, 108, 106,
       144, 3, 208, 139, 89, 76, 34, 239, 44, 24, 32, 17, 128, 5, 130,
       143, 189, 86, 11, 161, 232, 54, 144, 66, 70, 245, 224, 105, 73,
       121, 108, 34, 48, 3, 248, 143, 29, 204, 39, 127, 4, 185, 40, 49,
       128, 223, 221, 108, 191, 172, 103, 95, 189, 214, 122, 151, 23,
       209, 120, 58, 99, 69, 198, 63, 103, 253, 197, 127, 191, 234, 107,
       239, 181, 60, 255, 216, 83, 27, 223, 115, 68, 51, 214, 127, 55,
       237, 200, 94, 230, 61, 30, 182, 164, 38, 181, 157, 205, 229, 153,
       52, 206, 179, 127, 46, 130, 47, 132, 45, 125, 170, 121, 115, 188,
       109, 212, 254, 86, 169, 204, 244, 47, 44, 159, 39, 213, 238, 251,
       151, 195, 197, 139, 178, 232, 119, 113, 138, 139, 11, 61, 47, 255,
       43, 123, 118, 204, 237, 159, 254, 82, 237, 204, 244, 238, 40, 141,
       183, 165, 238, 249, 215, 198, 197, 171, 98, 236, 54, 217, 98, 139,
       95, 189, 111, 253, 137, 16, 127, 209, 36, 188, 97, 23, 228, 25,
       118, 80, 153, 147, 240, 105, 98, 10, 62, 24, 147, 188, 118, 192,
       199, 217, 242, 192, 46, 136, 209, 185, 43, 244, 235, 250, 125,
       245, 221, 79, 223, 85, 93, 19, 60, 221, 62, 32, 219, 27, 147, 145,
       134, 67, 62, 247, 115, 93, 158, 235, 151, 78, 245, 238, 169, 196,
       105, 233, 108, 21, 73, 187, 71, 122, 181, 92, 147, 73, 220, 33,
       89, 128, 30, 60, 235, 38, 127, 147, 79, 217, 165, 60, 94, 136, 80,
       48, 182, 231, 96, 40, 10, 3, 142, 232, 2, 182, 144, 239, 65, 206,
       249, 129, 93, 209, 213, 247, 238, 67, 143, 30, 56, 0, 237, 188,
       61, 191, 62, 212, 62, 217, 62, 94, 127, 215, 159, 248, 133, 76,
       245, 47, 124, 253, 191, 165, 220, 249, 151, 99, 204, 163, 58, 253,
       115, 95, 201, 179, 87, 191, 62, 247, 19, 14, 203, 253, 54, 130,
       111, 87, 54, 139, 222, 242, 185, 207, 177, 96, 127, 234, 23, 156,
       187, 156, 36, 255, 238, 239, 190, 128, 181, 216, 48, 169, 25, 222,
       234, 255, 52, 167, 239, 247, 30, 139, 94, 230, 189, 235, 176, 96,
       127, 250, 23, 141, 203, 188, 20, 255, 228, 239, 174, 128, 189,
       218, 177, 169, 32, 0, 79, 141, 78, 131, 161, 73, 22, 49, 66, 202,
       81, 129, 0, 72, 120, 140, 98, 136, 1, 250, 215, 21, 20, 32, 243,
       0, 33, 8, 112, 168, 139, 250, 235, 191, 118, 214, 187, 214, 30,
       79, 84, 247, 188, 254, 182, 40, 255, 123, 151, 133, 167, 190, 52,
       251, 92, 127, 186, 200, 13, 188, 53, 251, 0, 32, 142, 141, 77,
       199, 160, 72, 206, 176, 192, 2, 192, 194, 96, 66, 120, 44, 106,
       224, 2, 243, 147, 93, 21, 32, 139, 47, 17, 42, 61, 134, 76, 95,
       94, 118, 34, 208, 183, 182, 252, 142, 254, 228, 238, 243, 163,
