%YAML:1.0
---
descriptors: !!opencv-matrix
   rows: 296
   cols: 32
   dt: u
   data: [ 139, 120, 235, 213, 230, 23, 189, 215, 91, 230, 84, 183, 57,
       172, 215, 44, 111, 239, 151, 205, 229, 252, 180, 226, 86, 79, 191,
       160, 111, 252, 247, 253, 31, 243, 233, 227, 230, 9, 187, 216, 43,
       121, 29, 239, 221, 79, 223, 40, 62, 217, 215, 223, 147, 16, 173,
       240, 94, 77, 175, 228, 173, 151, 147, 241, 151, 88, 235, 241, 230,
       67, 255, 215, 87, 235, 214, 246, 25, 158, 247, 104, 127, 137, 23,
       221, 227, 183, 36, 202, 90, 79, 191, 132, 189, 217, 241, 245, 27,
       151, 67, 161, 178, 2, 41, 63, 44, 105, 91, 231, 221, 46, 152, 224,
       54, 15, 30, 189, 151, 152, 37, 85, 172, 36, 190, 196, 172, 134,
       161, 85, 186, 159, 102, 221, 238, 209, 191, 247, 141, 78, 220,
       167, 41, 173, 182, 135, 110, 251, 151, 231, 228, 187, 38, 253,
       118, 81, 238, 171, 119, 252, 125, 221, 181, 11, 79, 190, 14, 160,
       74, 82, 132, 128, 210, 195, 49, 227, 177, 107, 110, 224, 63, 207,
       137, 131, 6, 168, 208, 168, 234, 136, 53, 251, 112, 40, 75, 95,
       255, 156, 234, 116, 191, 247, 173, 206, 252, 167, 124, 254, 163,
       119, 231, 243, 159, 230, 229, 11, 50, 232, 246, 251, 238, 138, 30,
       244, 173, 221, 173, 123, 227, 241, 230, 1, 239, 244, 81, 249, 112,
       254, 81, 189, 217, 41, 127, 222, 55, 255, 185, 250, 238, 226, 124,
       200, 239, 236, 173, 249, 242, 241, 57, 53, 120, 97, 246, 127, 95,
       95, 67, 236, 125, 46, 19, 29, 75, 48, 94, 156, 23, 184, 157, 178,
       241, 30, 255, 205, 165, 165, 237, 218, 206, 211, 90, 154, 254,
       212, 51, 214, 91, 50, 169, 205, 150, 231, 104, 63, 134, 246, 230,
       245, 253, 192, 169, 201, 177, 237, 26, 127, 233, 146, 47, 164, 44,
       95, 63, 23, 123, 232, 246, 247, 251, 83, 13, 201, 221, 166, 125,
       255, 191, 100, 126, 185, 151, 189, 155, 179, 52, 222, 242, 253,
       171, 136, 191, 238, 252, 241, 10, 218, 246, 153, 119, 247, 184,
       198, 31, 79, 84, 167, 172, 156, 55, 200, 238, 123, 183, 209, 134,
       188, 50, 255, 71, 119, 154, 131, 151, 29, 61, 223, 255, 251, 101,
       64, 122, 155, 218, 248, 175, 120, 176, 239, 57, 12, 214, 177, 47,
       209, 223, 247, 207, 11, 45, 253, 62, 73, 173, 244, 125, 151, 66,
       125, 138, 176, 146, 186, 67, 245, 176, 71, 191, 31, 96, 19, 172,
       159, 110, 201, 161, 27, 131, 17, 54, 110, 18, 243, 79, 83, 90,
       107, 210, 68, 173, 207, 203, 151, 102, 221, 103, 210, 188, 39,
       249, 91, 119, 246, 104, 62, 182, 247, 102, 183, 183, 133, 245,
       152, 164, 207, 22, 123, 250, 195, 15, 132, 249, 253, 17, 79, 79,
       252, 30, 133, 202, 114, 196, 8, 216, 198, 49, 200, 177, 97, 110,
       170, 6, 78, 201, 169, 6, 189, 176, 172, 162, 152, 61, 137, 48,
       185, 155, 221, 87, 255, 150, 132, 108, 247, 189, 2, 82, 86, 61,
       163, 160, 97, 102, 235, 31, 200, 227, 157, 20, 239, 246, 239, 254,
       128, 63, 144, 161, 40, 249, 86, 111, 117, 38, 22, 125, 181, 113,
       206, 246, 246, 91, 47, 155, 255, 118, 196, 253, 238, 233, 213,
       181, 170, 242, 235, 244, 128, 47, 244, 250, 121, 222, 18, 246,
       225, 246, 50, 249, 81, 45, 125, 223, 247, 77, 175, 190, 238, 127,
       149, 191, 189, 156, 147, 165, 196, 222, 251, 235, 198, 167, 175,
       117, 117, 35, 237, 98, 206, 87, 211, 254, 237, 95, 68, 124, 139,
       104, 204, 182, 32, 122, 171, 147, 199, 198, 58, 108, 255, 63, 93,
       133, 171, 87, 30, 246, 238, 174, 183, 32, 154, 253, 249, 148, 239,
       143, 127, 29, 189, 140, 252, 78, 173, 143, 19, 215, 17, 182, 111,
       250, 247, 47, 85, 29, 255, 214, 76, 159, 215, 96, 61, 234, 101,
       180, 106, 87, 55, 113, 236, 254, 41, 147, 37, 147, 16, 90, 252,
       69, 40, 152, 186, 241, 14, 247, 173, 36, 21, 224, 250, 198, 122,
       127, 87, 225, 204, 108, 117, 207, 216, 65, 72, 188, 238, 27, 124,
       189, 182, 220, 208, 151, 238, 141, 35, 126, 201, 51, 221, 161,
       188, 127, 255, 114, 245, 57, 95, 233, 111, 116, 86, 79, 53, 65,
       232, 126, 198, 91, 45, 151, 244, 92, 236, 149, 238, 201, 178, 237,
       142, 102, 237, 165, 132, 127, 254, 122, 121, 11, 158, 107, 103,
       114, 250, 59, 55, 164, 207, 94, 231, 189, 63, 130, 100, 39, 63,
       223, 164, 181, 152, 37, 111, 110, 111, 50, 128, 174, 198, 39, 253,
       27, 164, 98, 11, 86, 178, 232, 75, 127, 65, 127, 194, 41, 8, 190,
       228, 123, 143, 18, 157, 151, 176, 5, 215, 22, 108, 154, 69, 255,
       206, 121, 132, 83, 31, 110, 231, 182, 134, 255, 55, 57, 200, 222,
       231, 121, 63, 151, 113, 126, 255, 53, 197, 205, 216, 37, 236, 242,
       43, 238, 128, 45, 242, 241, 89, 1, 23, 15, 171, 242, 162, 41, 119,
       52, 73, 91, 246, 245, 38, 160, 96, 126, 47, 22, 188, 177, 152, 37,
       14, 108, 167, 186, 192, 188, 202, 161, 249, 138, 90, 122, 252,
       109, 221, 248, 114, 159, 78, 84, 191, 189, 223, 183, 105, 206, 57,
       151, 71, 228, 39, 34, 251, 87, 91, 250, 171, 86, 189, 5, 219, 189,
       76, 110, 255, 100, 86, 107, 112, 117, 206, 215, 146, 219, 29, 147,
       113, 126, 236, 23, 238, 233, 214, 101, 174, 231, 235, 226, 128,
       39, 181, 118, 240, 111, 62, 248, 67, 230, 127, 251, 154, 123, 255,
       63, 255, 88, 61, 223, 190, 63, 213, 247, 191, 149, 112, 237, 226,
       94, 95, 117, 247, 231, 255, 94, 119, 38, 179, 232, 10, 255, 209,
       150, 201, 139, 93, 189, 173, 12, 204, 238, 0, 159, 27, 199, 85,
       150, 43, 46, 241, 106, 85, 47, 255, 213, 31, 223, 215, 7, 182,
       232, 139, 254, 49, 186, 202, 27, 93, 25, 255, 140, 236, 223, 12,
       191, 75, 179, 149, 150, 82, 174, 241, 30, 28, 139, 239, 221, 71,
       159, 215, 174, 178, 161, 19, 79, 253, 177, 72, 154, 95, 81, 63,
       168, 220, 94, 136, 253, 155, 215, 23, 150, 118, 234, 243, 93, 85,
       186, 235, 199, 15, 215, 215, 31, 20, 236, 101, 227, 62, 124, 27,
       117, 247, 127, 183, 219, 45, 159, 255, 55, 151, 247, 44, 180, 208,
       117, 200, 70, 255, 113, 133, 231, 229, 204, 245, 231, 234, 232,
       88, 205, 121, 242, 200, 251, 86, 180, 29, 10, 200, 95, 63, 139,
       200, 194, 114, 166, 103, 254, 241, 30, 24, 65, 127, 223, 61, 111,
       214, 59, 145, 106, 72, 117, 215, 219, 120, 69, 236, 244, 175, 123,
       221, 190, 180, 92, 168, 151, 238, 207, 163, 60, 157, 123, 89, 161,
       255, 127, 174, 126, 247, 195, 189, 248, 243, 176, 160, 59, 182,
       191, 19, 28, 244, 189, 251, 208, 99, 39, 115, 63, 216, 179, 76,
       142, 247, 238, 221, 191, 232, 156, 193, 129, 41, 171, 159, 98, 92,
       230, 145, 252, 119, 217, 72, 124, 231, 40, 206, 182, 181, 126,
       171, 151, 230, 245, 186, 38, 221, 54, 121, 226, 170, 127, 140,
       250, 221, 163, 211, 118, 216, 124, 149, 252, 119, 205, 73, 248,
       247, 172, 31, 182, 229, 238, 187, 151, 133, 215, 171, 66, 213, 54,
       120, 154, 202, 31, 140, 249, 221, 189, 23, 110, 237, 54, 179, 79,
       121, 69, 104, 255, 230, 91, 109, 179, 228, 126, 162, 23, 238, 237,
       177, 109, 158, 242, 207, 161, 144, 127, 239, 248, 113, 55, 239,
       97, 194, 223, 3, 143, 216, 195, 208, 156, 238, 64, 201, 253, 36,
       29, 200, 19, 255, 219, 99, 174, 190, 56, 12, 141, 254, 255, 191,
       242, 245, 50, 89, 42, 158, 93, 217, 150, 224, 199, 76, 221, 43,
       34, 220, 55, 0, 200, 170, 147, 67, 78, 43, 106, 189, 115, 85, 129,
       59, 87, 31, 92, 223, 33, 213, 99, 73, 244, 71, 239, 125, 85, 72,
       124, 230, 81, 69, 188, 36, 126, 136, 18, 238, 211, 178, 61, 95,
       101, 12, 161, 196, 127, 186, 244, 241, 74, 185, 179, 186, 179,
       220, 56, 134, 175, 89, 74, 37, 174, 158, 98, 212, 167, 59, 191,
       81, 151, 152, 178, 241, 173, 244, 30, 234, 152, 4, 165, 95, 74,
       58, 112, 243, 119, 253, 250, 21, 125, 111, 117, 187, 173, 31, 222,
       172, 191, 155, 151, 157, 166, 60, 228, 226, 79, 223, 158, 235,
       231, 199, 222, 223, 142, 224, 226, 146, 111, 241, 186, 200, 155,
       115, 21, 187, 141, 207, 222, 142, 159, 89, 215, 87, 19, 103, 170,
       243, 14, 81, 59, 255, 142, 141, 31, 247, 159, 166, 193, 179, 228,
