%YAML:1.0
---
descriptors: !!opencv-matrix
   rows: 199
   cols: 32
   dt: u
   data: [ 58, 239, 98, 238, 114, 147, 110, 245, 21, 4, 124, 231, 41,
       207, 182, 208, 126, 235, 151, 238, 206, 154, 4, 255, 118, 237,
       174, 169, 55, 158, 170, 220, 223, 95, 247, 222, 246, 178, 254,
       242, 185, 194, 218, 226, 124, 238, 181, 224, 254, 255, 55, 203,
       229, 219, 166, 238, 178, 62, 238, 128, 5, 241, 33, 173, 180, 15,
       99, 237, 20, 2, 111, 112, 53, 164, 218, 199, 83, 99, 177, 81, 126,
       236, 31, 238, 248, 147, 101, 142, 240, 174, 167, 128, 39, 170,
       112, 96, 129, 238, 25, 117, 48, 138, 103, 55, 116, 170, 98, 112,
       243, 3, 128, 121, 17, 108, 108, 58, 105, 220, 197, 63, 236, 174,
       53, 64, 104, 128, 194, 40, 64, 169, 204, 37, 144, 42, 98, 39, 118,
       161, 106, 192, 243, 33, 0, 82, 113, 238, 104, 8, 16, 248, 197, 38,
       204, 166, 37, 64, 224, 232, 192, 8, 5, 179, 155, 241, 180, 142,
       233, 23, 62, 137, 91, 84, 213, 243, 200, 104, 215, 15, 54, 156,
       147, 216, 193, 66, 204, 172, 191, 196, 136, 194, 161, 161, 133,
       135, 76, 191, 4, 10, 111, 53, 116, 34, 67, 208, 241, 99, 152, 65,
       122, 78, 34, 238, 113, 152, 77, 61, 228, 162, 226, 0, 60, 131,
       209, 160, 64, 169, 219, 232, 244, 169, 104, 71, 255, 1, 104, 72,
       183, 163, 80, 80, 227, 171, 110, 25, 18, 58, 128, 81, 156, 188, 2,
       104, 132, 192, 163, 168, 57, 85, 115, 77, 116, 91, 235, 115, 97,
       104, 124, 106, 27, 29, 180, 52, 126, 184, 22, 234, 201, 178, 100,
       207, 118, 172, 160, 132, 119, 138, 114, 245, 246, 174, 150, 186,
       153, 169, 150, 238, 159, 187, 128, 25, 230, 248, 104, 131, 137,
       115, 232, 19, 62, 79, 202, 179, 185, 214, 29, 127, 144, 93, 143,
       14, 176, 197, 74, 173, 68, 139, 236, 103, 52, 0, 202, 155, 163,
       131, 48, 64, 120, 172, 43, 173, 72, 190, 69, 79, 180, 38, 158, 8,
       37, 136, 240, 136, 51, 117, 99, 76, 116, 151, 206, 120, 69, 232,
       249, 198, 115, 216, 181, 164, 120, 168, 23, 111, 205, 179, 124,
       159, 50, 12, 161, 160, 127, 174, 120, 253, 84, 96, 222, 143, 218,
       3, 46, 237, 60, 162, 227, 138, 212, 227, 9, 80, 123, 213, 106,
       226, 104, 195, 203, 106, 244, 166, 207, 28, 129, 51, 163, 0, 8,
       187, 187, 121, 240, 237, 121, 215, 175, 29, 124, 41, 191, 239, 66,
       16, 167, 59, 247, 17, 146, 120, 178, 113, 239, 221, 54, 233, 208,
       192, 135, 251, 234, 184, 232, 84, 101, 124, 249, 18, 243, 255, 52,
       61, 27, 156, 214, 62, 167, 252, 245, 144, 143, 126, 246, 130, 95,
       121, 181, 239, 239, 164, 94, 255, 68, 224, 200, 177, 76, 169, 96,
       200, 182, 19, 226, 131, 167, 195, 73, 88, 121, 136, 106, 146, 10,
       246, 203, 113, 213, 134, 155, 109, 96, 1, 103, 130, 164, 165, 149,
       143, 220, 11, 226, 232, 94, 50, 233, 88, 214, 96, 28, 1, 217, 198,
       106, 107, 112, 119, 203, 126, 28, 18, 207, 60, 209, 107, 83, 128,
       244, 225, 14, 168, 79, 64, 100, 200, 162, 48, 160, 27, 2, 203,
       105, 91, 232, 205, 106, 243, 110, 103, 203, 64, 217, 160, 207,
       125, 49, 57, 254, 130, 60, 160, 150, 250, 77, 237, 64, 200, 199,
       57, 161, 27, 2, 217, 108, 152, 201, 138, 227, 16, 30, 103, 90,
       145, 155, 208, 145, 127, 243, 11, 252, 130, 124, 48, 242, 108,
       125, 95, 89, 123, 81, 168, 244, 11, 91, 125, 29, 52, 126, 156,
       215, 40, 232, 243, 241, 142, 91, 255, 33, 53, 103, 172, 70, 179,
       208, 215, 189, 191, 42, 74, 29, 189, 168, 54, 6, 169, 119, 47, 10,
       83, 167, 87, 237, 35, 96, 77, 161, 45, 243, 227, 126, 145, 36,
       240, 135, 91, 217, 157, 25, 97, 176, 174, 98, 183, 125, 41, 110,
       84, 191, 51, 128, 112, 181, 30, 28, 56, 187, 184, 81, 127, 239,
       253, 38, 68, 250, 192, 201, 41, 47, 20, 233, 204, 124, 22, 255,
       251, 85, 234, 220, 66, 89, 125, 191, 36, 124, 196, 23, 173, 237,
       179, 117, 206, 127, 127, 175, 132, 55, 172, 120, 229, 137, 156,
       29, 123, 180, 175, 111, 183, 124, 10, 118, 84, 253, 115, 128, 113,
       151, 50, 22, 56, 177, 156, 57, 127, 239, 219, 118, 192, 250, 192,
       193, 169, 181, 84, 118, 4, 70, 31, 230, 248, 117, 226, 243, 78,
       83, 120, 191, 175, 58, 196, 126, 111, 237, 247, 29, 14, 48, 110,
       101, 4, 111, 255, 122, 132, 39, 141, 233, 203, 244, 245, 235, 251,
       87, 105, 248, 34, 113, 108, 254, 100, 253, 202, 22, 157, 159, 186,
       109, 247, 44, 30, 175, 228, 213, 202, 240, 236, 25, 157, 107, 233,
       180, 215, 207, 255, 68, 76, 222, 198, 115, 109, 178, 96, 126, 170,
       31, 239, 217, 185, 53, 191, 251, 237, 162, 192, 61, 138, 244, 248,
       208, 90, 111, 228, 44, 70, 79, 180, 160, 222, 182, 166, 115, 79,
       147, 123, 102, 244, 125, 238, 233, 197, 245, 44, 243, 235, 230,
       144, 37, 177, 116, 121, 122, 249, 50, 174, 25, 212, 83, 96, 163,
       140, 141, 9, 46, 223, 99, 212, 212, 249, 253, 67, 78, 3, 186, 189,
       179, 245, 11, 59, 18, 7, 46, 126, 120, 121, 50, 236, 17, 215, 82,
       112, 33, 204, 237, 9, 127, 223, 35, 144, 248, 185, 213, 226, 76,
       131, 48, 157, 243, 229, 161, 57, 99, 39, 110, 82, 233, 34, 172,
       185, 13, 165, 73, 95, 199, 123, 196, 29, 147, 129, 86, 95, 73,
       142, 123, 156, 142, 78, 215, 144, 67, 89, 208, 120, 155, 204, 248,
       216, 121, 27, 99, 28, 112, 160, 106, 114, 225, 192, 248, 231, 49,
       234, 181, 240, 108, 234, 22, 204, 141, 139, 150, 110, 50, 108,
       162, 136, 127, 167, 106, 221, 84, 189, 153, 245, 152, 102, 31,
       191, 50, 175, 190, 28, 215, 55, 64, 90, 253, 247, 125, 184, 56,
       218, 249, 46, 249, 199, 119, 212, 160, 112, 167, 123, 48, 97, 2,
       141, 93, 11, 198, 108, 5, 160, 234, 10, 98, 130, 37, 80, 120, 172,
       106, 226, 72, 179, 209, 76, 177, 164, 130, 17, 97, 58, 114, 138,
       129, 129, 70, 189, 92, 139, 236, 101, 236, 1, 227, 82, 231, 136,
       24, 96, 120, 171, 74, 169, 116, 184, 69, 95, 164, 32, 146, 64, 85,
       8, 243, 140, 2, 157, 23, 143, 87, 195, 178, 231, 14, 64, 88, 3,
       172, 254, 32, 64, 218, 59, 147, 129, 82, 184, 83, 255, 37, 52,
       138, 3, 21, 14, 181, 202, 10, 120, 178, 187, 95, 245, 176, 202,
       159, 95, 80, 19, 172, 220, 103, 136, 239, 59, 147, 145, 6, 62, 26,
       243, 5, 87, 154, 107, 209, 29, 53, 223, 72, 249, 248, 226, 61,
       213, 179, 148, 166, 53, 175, 3, 169, 221, 74, 194, 198, 82, 251,
       94, 66, 105, 250, 181, 127, 205, 7, 123, 6, 135, 117, 106, 3, 56,
       182, 149, 79, 223, 176, 70, 62, 244, 66, 3, 172, 188, 71, 238,
       228, 61, 251, 17, 4, 216, 243, 200, 15, 115, 90, 3, 134, 12, 61,
       207, 2, 24, 30, 219, 125, 164, 185, 6, 62, 29, 86, 50, 188, 151,
       38, 76, 199, 59, 59, 16, 34, 156, 83, 247, 69, 62, 154, 202, 144,
       9, 37, 139, 10, 138, 166, 153, 143, 144, 184, 71, 143, 21, 194,
       183, 172, 142, 54, 206, 231, 51, 187, 149, 22, 77, 7, 213, 142,
       114, 218, 203, 150, 12, 189, 222, 21, 5, 91, 239, 150, 34, 111,
       184, 52, 0, 203, 66, 87, 99, 41, 64, 114, 228, 40, 234, 24, 145,
       29, 46, 232, 167, 167, 4, 56, 227, 33, 32, 139, 158, 158, 155,
       240, 182, 250, 158, 63, 83, 98, 213, 188, 207, 46, 217, 245, 43,
       147, 20, 183, 156, 25, 255, 78, 127, 30, 65, 154, 197, 169, 220,
       5, 173, 19, 227, 214, 171, 235, 192, 124, 33, 107, 66, 213, 211,
       169, 224, 50, 110, 2, 122, 51, 176, 9, 127, 172, 172, 39, 68, 160,
       155, 33, 160, 27, 95, 115, 222, 246, 146, 238, 119, 244, 204, 254,
       230, 41, 234, 182, 100, 110, 171, 22, 221, 213, 139, 38, 238, 114,
       44, 190, 136, 111, 148, 233, 205, 57, 201, 122, 76, 85, 219, 71,
       238, 71, 36, 252, 10, 35, 169, 183, 116, 88, 234, 2, 72, 76, 186,
       116, 191, 119, 253, 128, 41, 115, 154, 92, 206, 33, 185, 115, 201,
       246, 205, 227, 245, 79, 105, 124, 98, 187, 221, 180, 100, 126, 58,
       87, 88, 211, 184, 118, 255, 111, 156, 38, 232, 94, 138, 209, 185,
       223, 80, 220, 245, 162, 26, 124, 180, 61, 115, 86, 246, 221, 59,
       130, 123, 38, 197, 61, 238, 245, 220, 85, 232, 198, 235, 126, 196,
