%YAML:1.0
---
descriptors: !!opencv-matrix
   rows: 138
   cols: 32
   dt: u
   data: [ 46, 126, 248, 131, 247, 243, 155, 194, 30, 238, 28, 167, 12,
       205, 247, 12, 223, 121, 147, 147, 134, 182, 40, 242, 78, 20, 191,
       231, 151, 127, 53, 219, 46, 251, 50, 154, 255, 149, 186, 213, 31,
       109, 89, 103, 172, 220, 126, 160, 254, 59, 151, 211, 214, 59, 58,
       255, 63, 93, 174, 235, 95, 15, 189, 223, 100, 70, 72, 101, 116,
       15, 70, 24, 49, 140, 243, 141, 195, 1, 9, 81, 216, 196, 77, 102,
       104, 178, 193, 12, 230, 239, 160, 17, 96, 187, 94, 2, 5, 233, 79,
       179, 182, 139, 239, 180, 124, 224, 82, 198, 149, 24, 144, 33, 46,
       108, 30, 95, 211, 248, 85, 108, 172, 14, 190, 192, 44, 155, 209,
       128, 198, 158, 74, 187, 210, 160, 57, 199, 60, 23, 67, 183, 13,
       38, 98, 88, 103, 139, 163, 149, 50, 30, 69, 247, 92, 39, 250, 193,
       133, 69, 165, 209, 45, 180, 178, 208, 213, 173, 240, 87, 95, 25,
       125, 24, 154, 185, 124, 60, 217, 10, 34, 25, 146, 186, 82, 194,
       79, 94, 16, 110, 218, 72, 250, 134, 134, 112, 184, 217, 69, 215,
       177, 72, 31, 55, 85, 18, 140, 150, 109, 140, 249, 25, 147, 145,
       34, 212, 89, 210, 13, 22, 155, 103, 144, 13, 13, 166, 70, 190,
       147, 186, 235, 229, 190, 233, 142, 30, 217, 177, 172, 247, 105,
       74, 231, 123, 219, 146, 114, 7, 154, 243, 189, 20, 159, 239, 144,
       115, 165, 147, 131, 13, 39, 149, 118, 198, 169, 55, 124, 67, 82,
       214, 189, 54, 176, 101, 102, 47, 18, 141, 241, 220, 37, 206, 100,
       42, 250, 128, 12, 132, 177, 253, 19, 91, 98, 140, 118, 128, 190,
       116, 140, 72, 216, 231, 44, 158, 182, 96, 110, 161, 159, 199, 196,
       139, 4, 237, 48, 32, 170, 138, 21, 22, 49, 221, 181, 107, 203,
       174, 212, 131, 206, 81, 150, 196, 241, 215, 49, 204, 177, 64, 88,
       168, 6, 156, 219, 167, 4, 138, 48, 140, 167, 168, 253, 186, 240,
       208, 159, 34, 230, 193, 70, 50, 233, 80, 41, 179, 119, 242, 25,
       139, 221, 43, 127, 157, 55, 189, 144, 246, 133, 192, 86, 74, 251,
       197, 167, 165, 99, 160, 10, 148, 50, 169, 50, 163, 184, 83, 62, 1,
       123, 242, 140, 250, 56, 192, 255, 57, 151, 145, 146, 184, 0, 215,
       140, 212, 58, 194, 157, 2, 161, 131, 96, 158, 188, 251, 236, 169,
       21, 143, 219, 31, 60, 61, 166, 121, 66, 11, 199, 114, 238, 16, 50,
       110, 203, 177, 206, 211, 116, 123, 208, 72, 221, 139, 11, 219,
       107, 203, 118, 151, 235, 245, 86, 77, 94, 102, 25, 141, 190, 96,
       126, 40, 23, 253, 211, 184, 53, 255, 110, 77, 174, 192, 191, 138,
       240, 249, 146, 222, 111, 144, 34, 211, 191, 246, 157, 78, 86, 163,
       29, 156, 182, 33, 46, 49, 151, 227, 229, 157, 36, 255, 114, 75,
       170, 195, 53, 148, 53, 255, 86, 113, 239, 162, 78, 68, 191, 64,
       168, 196, 217, 167, 92, 222, 119, 10, 238, 245, 243, 247, 192, 3,
       154, 192, 85, 0, 203, 170, 37, 55, 55, 243, 15, 222, 234, 219,
       245, 214, 191, 244, 31, 95, 86, 167, 252, 255, 191, 237, 255, 123,
       151, 215, 245, 216, 40, 255, 111, 127, 255, 195, 150, 255, 189,
       255, 15, 219, 191, 151, 228, 86, 187, 180, 143, 93, 86, 231, 252,
       254, 230, 234, 230, 121, 183, 87, 151, 216, 43, 225, 14, 127, 254,
       194, 156, 191, 45, 253, 90, 150, 238, 236, 63, 86, 89, 123, 23,
       206, 156, 183, 105, 175, 242, 231, 127, 149, 191, 173, 173, 79,
       55, 222, 219, 223, 255, 159, 183, 236, 60, 95, 43, 150, 106, 141,
       119, 211, 249, 123, 93, 78, 92, 167, 40, 236, 182, 164, 255, 168,
       151, 165, 229, 186, 52, 223, 95, 95, 139, 135, 119, 172, 124, 223,
       50, 187, 34, 157, 63, 211, 147, 96, 142, 236, 152, 171, 108, 252,
       38, 0, 220, 115, 223, 65, 140, 171, 112, 191, 145, 87, 139, 179,
       85, 47, 23, 223, 27, 153, 255, 254, 98, 214, 185, 112, 141, 89,
       87, 231, 125, 255, 182, 100, 102, 189, 191, 205, 129, 153, 54,
       205, 210, 123, 234, 128, 63, 166, 37, 121, 134, 113, 144, 145, 77,
       213, 188, 72, 143, 180, 81, 2, 140, 158, 111, 143, 200, 25, 131,
       83, 70, 82, 250, 208, 5, 16, 219, 47, 18, 29, 29, 134, 27, 18,
       236, 252, 61, 86, 89, 123, 23, 204, 148, 167, 41, 255, 182, 101,
       254, 181, 191, 165, 140, 235, 119, 221, 219, 255, 251, 159, 63,
       172, 124, 127, 59, 150, 229, 204, 63, 87, 217, 123, 93, 238, 148,
       183, 42, 60, 118, 230, 239, 181, 191, 165, 173, 239, 53, 206, 219,
       95, 219, 183, 127, 172, 124, 95, 15, 144, 254, 253, 55, 214, 121,
       184, 31, 221, 86, 167, 253, 255, 186, 99, 246, 241, 191, 245, 135,
       208, 59, 221, 207, 251, 239, 199, 150, 174, 53, 115, 15, 146, 254,
       221, 116, 150, 185, 120, 143, 220, 86, 167, 253, 255, 255, 226,
       254, 57, 183, 253, 135, 208, 47, 221, 78, 91, 239, 135, 23, 174,
       61, 247, 220, 172, 156, 114, 136, 236, 81, 134, 178, 183, 165, 24,
       151, 183, 74, 27, 129, 151, 105, 16, 58, 71, 250, 50, 219, 195,
       117, 125, 192, 65, 134, 98, 9, 205, 18, 255, 244, 137, 174, 230,
       156, 130, 90, 66, 189, 163, 177, 192, 107, 107, 58, 201, 98, 184,
       67, 255, 172, 174, 190, 0, 20, 216, 169, 136, 54, 205, 106, 222,
       93, 209, 214, 232, 215, 68, 237, 3, 106, 253, 55, 196, 216, 250,
       147, 66, 110, 171, 122, 191, 51, 127, 135, 27, 87, 95, 124, 222,
       42, 205, 114, 94, 93, 209, 86, 238, 215, 68, 237, 11, 42, 252, 55,
       132, 217, 251, 131, 67, 78, 43, 106, 191, 51, 87, 5, 59, 83, 95,
       124, 206, 6, 156, 159, 223, 178, 226, 63, 174, 62, 27, 67, 50,
       252, 247, 40, 105, 247, 127, 59, 210, 50, 220, 43, 247, 45, 182,
       255, 194, 144, 89, 165, 99, 57, 92, 107, 252, 118, 211, 251, 82,
       86, 72, 84, 230, 49, 220, 179, 96, 126, 184, 23, 207, 239, 190,
       36, 191, 114, 207, 170, 136, 127, 153, 112, 249, 3, 165, 98, 139,
       244, 243, 169, 207, 30, 97, 89, 147, 153, 206, 254, 96, 127, 155,
       147, 149, 150, 154, 44, 215, 76, 28, 186, 228, 149, 142, 177, 212,
       39, 177, 225, 64, 245, 61, 238, 219, 91, 249, 61, 77, 24, 172,
       223, 188, 157, 203, 215, 157, 151, 114, 188, 242, 31, 92, 157,
       238, 207, 245, 218, 213, 146, 91, 78, 188, 38, 128, 188, 116, 172,
       136, 210, 231, 189, 138, 177, 75, 110, 105, 31, 199, 233, 135, 6,
       233, 176, 225, 234, 136, 60, 177, 33, 153, 220, 74, 218, 165, 34,
       10, 127, 80, 165, 170, 246, 34, 159, 147, 97, 91, 38, 245, 110,
       202, 72, 149, 129, 72, 212, 128, 99, 128, 34, 177, 33, 35, 21,
       101, 216, 65, 164, 47, 207, 154, 66, 234, 60, 76, 211, 49, 219,
       42, 63, 204, 84, 254, 217, 48, 237, 66, 238, 141, 165, 180, 237,
       243, 219, 1, 29, 30, 107, 254, 182, 162, 111, 114, 116, 202, 223,
       230, 115, 239, 177, 96, 126, 238, 63, 174, 185, 191, 45, 254, 250,
       239, 175, 128, 191, 235, 112, 241, 162, 150, 122, 233, 126, 131,
       184, 123, 31, 74, 208, 247, 188, 221, 182, 0, 255, 57, 151, 165,
       183, 186, 2, 223, 94, 95, 187, 238, 29, 140, 113, 219, 28, 236,
       219, 231, 82, 2, 123, 216, 50, 161, 84, 235, 125, 199, 233, 80,
       55, 253, 23, 254, 98, 150, 136, 111, 126, 175, 189, 164, 173, 179,
       34, 153, 21, 75, 207, 227, 134, 34, 239, 216, 132, 248, 155, 230,
       113, 99, 185, 106, 124, 198, 63, 238, 137, 145, 13, 252, 248, 174,
       239, 132, 189, 251, 112, 56, 23, 206, 235, 132, 30, 2, 239, 251,
       230, 226, 155, 199, 121, 236, 245, 34, 127, 197, 125, 173, 141,
       33, 173, 203, 240, 46, 175, 148, 173, 182, 113, 248, 7, 119, 178,
       155, 182, 131, 190, 205, 30, 193, 89, 226, 252, 254, 105, 96, 247,
       123, 147, 209, 182, 208, 9, 250, 44, 22, 31, 162, 148, 94, 161,
       141, 186, 18, 34, 172, 23, 207, 146, 73, 23, 76, 208, 171, 47,
       220, 35, 0, 252, 185, 151, 97, 140, 191, 16, 159, 209, 245, 186,
       187, 85, 12, 53, 91, 184, 92, 30, 236, 59, 150, 91, 123, 21, 136,
       253, 16, 127, 87, 160, 117, 214, 181, 157, 170, 104, 135, 49, 143,
       251, 253, 35, 144, 50, 160, 34, 51, 208, 131, 77, 231, 150, 2,
       105, 49, 36, 32, 211, 242, 81, 39, 184, 65, 118, 134, 61, 236,
