%YAML:1.0
---
descriptors: !!opencv-matrix
   rows: 139
   cols: 32
   dt: u
   data: [ 74, 120, 178, 208, 101, 212, 123, 198, 169, 204, 214, 43, 44,
       159, 103, 214, 238, 253, 191, 211, 65, 219, 178, 224, 215, 85,
       154, 139, 2, 21, 47, 127, 175, 251, 114, 96, 125, 223, 251, 208,
       235, 236, 244, 110, 14, 157, 247, 180, 238, 237, 215, 253, 129,
       179, 32, 220, 95, 217, 35, 238, 79, 189, 110, 245, 171, 147, 122,
       158, 127, 211, 187, 232, 95, 76, 213, 167, 104, 206, 190, 96, 254,
       169, 151, 231, 230, 55, 110, 221, 86, 121, 170, 239, 23, 15, 124,
       223, 136, 56, 126, 219, 100, 184, 249, 23, 238, 25, 118, 114, 189,
       155, 244, 107, 98, 26, 55, 152, 147, 188, 102, 241, 70, 25, 242,
       192, 158, 136, 217, 139, 41, 50, 126, 217, 36, 173, 225, 23, 102,
       57, 118, 118, 147, 25, 148, 73, 106, 140, 46, 24, 139, 188, 67,
       208, 70, 169, 178, 192, 109, 136, 240, 137, 184, 221, 126, 201,
       245, 223, 255, 247, 77, 109, 246, 191, 27, 29, 182, 17, 110, 150,
       215, 124, 248, 187, 97, 255, 127, 249, 164, 193, 103, 156, 246,
       219, 187, 84, 103, 204, 111, 23, 237, 126, 213, 238, 244, 166, 59,
       157, 182, 229, 126, 248, 183, 235, 233, 183, 54, 217, 51, 249,
       226, 168, 127, 188, 244, 253, 62, 253, 58, 126, 115, 215, 158,
       248, 19, 204, 252, 47, 106, 221, 39, 181, 221, 249, 151, 231, 238,
       35, 56, 255, 123, 93, 173, 187, 119, 63, 62, 247, 191, 123, 108,
       97, 170, 31, 94, 184, 93, 248, 148, 237, 155, 29, 215, 45, 143,
       85, 221, 127, 253, 124, 109, 190, 238, 219, 101, 246, 110, 189,
       218, 119, 0, 32, 143, 157, 14, 139, 160, 72, 142, 176, 66, 66,
       244, 192, 96, 66, 48, 45, 106, 65, 2, 241, 131, 93, 4, 34, 203, 8,
       41, 40, 81, 128, 48, 32, 143, 141, 28, 3, 193, 107, 86, 161, 194,
       10, 83, 224, 64, 8, 88, 140, 106, 136, 8, 251, 199, 28, 216, 130,
       247, 84, 97, 40, 112, 40, 49, 69, 106, 44, 29, 207, 198, 104, 212,
       192, 237, 10, 115, 217, 51, 80, 88, 168, 10, 111, 72, 163, 94, 28,
       241, 44, 129, 25, 113, 59, 112, 130, 135, 58, 235, 159, 102, 228,
       187, 82, 59, 207, 80, 247, 56, 254, 247, 40, 255, 123, 151, 133,
       181, 190, 166, 227, 94, 62, 186, 202, 141, 101, 55, 223, 43, 188,
       250, 255, 246, 245, 191, 246, 30, 74, 124, 39, 188, 252, 55, 96,
       255, 123, 23, 135, 215, 190, 48, 251, 103, 61, 186, 170, 29, 123,
       45, 219, 145, 217, 74, 220, 12, 144, 76, 183, 133, 1, 214, 70, 49,
       131, 176, 228, 72, 162, 62, 200, 75, 11, 22, 221, 178, 232, 138,
       8, 62, 152, 184, 44, 113, 74, 111, 156, 14, 128, 79, 246, 196, 64,
       212, 194, 49, 134, 179, 97, 110, 224, 54, 207, 201, 143, 38, 173,
       240, 40, 226, 136, 61, 185, 112, 108, 18, 32, 114, 201, 11, 3,
       184, 72, 237, 32, 242, 131, 8, 138, 52, 64, 250, 157, 91, 225, 12,
       131, 133, 208, 151, 56, 138, 59, 21, 10, 35, 134, 34, 33, 70, 201,
       79, 3, 104, 72, 143, 160, 194, 11, 0, 139, 52, 64, 248, 141, 107,
       224, 64, 147, 195, 208, 23, 48, 139, 63, 53, 10, 112, 134, 66, 33,
       150, 156, 93, 141, 160, 72, 174, 160, 203, 10, 228, 216, 100, 198,
       176, 37, 106, 97, 0, 227, 155, 221, 21, 48, 11, 27, 0, 42, 17,
       134, 60, 73, 106, 78, 87, 91, 67, 96, 85, 196, 231, 143, 75, 72,
       183, 181, 122, 236, 130, 238, 108, 178, 36, 140, 114, 239, 129, 1,
       119, 191, 126, 198, 69, 128, 183, 221, 28, 66, 129, 41, 94, 148,
       82, 2, 224, 224, 188, 101, 81, 44, 58, 25, 163, 233, 111, 141, 9,
       54, 199, 6, 132, 40, 116, 36, 4, 137, 150, 151, 201, 207, 166,
       168, 158, 183, 67, 1, 228, 224, 105, 79, 145, 110, 34, 66, 96,
       216, 155, 125, 13, 54, 95, 67, 128, 106, 5, 138, 42, 156, 122,
       223, 231, 209, 191, 226, 31, 78, 124, 163, 172, 254, 55, 160, 255,
       123, 151, 131, 214, 190, 106, 251, 39, 127, 155, 171, 87, 239, 37,
       223, 60, 74, 106, 78, 71, 215, 210, 112, 69, 12, 245, 2, 99, 217,
       181, 20, 88, 184, 23, 234, 200, 178, 40, 189, 83, 233, 160, 139,
       119, 171, 116, 131, 127, 86, 224, 207, 45, 118, 83, 152, 3, 126,
       157, 239, 75, 125, 219, 126, 221, 212, 253, 102, 143, 39, 251,
       177, 211, 253, 225, 191, 62, 255, 92, 119, 180, 207, 231, 246,
       188, 35, 79, 248, 86, 166, 153, 246, 97, 103, 185, 67, 127, 214,
       46, 238, 249, 67, 109, 191, 184, 207, 239, 156, 181, 251, 180,
       176, 197, 207, 223, 254, 188, 34, 79, 188, 154, 166, 189, 244,
       253, 227, 185, 113, 51, 103, 108, 110, 224, 69, 175, 255, 250,
       159, 231, 188, 148, 243, 161, 105, 236, 134, 189, 243, 173, 111,
       77, 191, 31, 255, 191, 24, 215, 119, 90, 123, 213, 214, 125, 58,
       57, 68, 235, 150, 207, 223, 245, 117, 146, 249, 214, 96, 2, 133,
       8, 137, 149, 231, 187, 43, 12, 5, 95, 2, 212, 103, 46, 68, 80, 26,
       19, 185, 18, 152, 73, 223, 109, 52, 138, 70, 150, 10, 181, 160,
       105, 128, 173, 248, 93, 245, 193, 142, 195, 113, 164, 24, 146,
       217, 116, 238, 201, 128, 90, 28, 155, 47, 122, 145, 75, 249, 145,
       124, 218, 8, 112, 168, 49, 128, 143, 60, 90, 3, 1, 123, 22, 161,
       224, 66, 83, 225, 160, 112, 121, 76, 34, 40, 41, 219, 175, 31, 89,
       167, 245, 76, 249, 40, 112, 168, 73, 2, 143, 45, 16, 11, 33, 27,
       54, 161, 70, 196, 241, 163, 128, 72, 112, 44, 42, 140, 1, 216,
       197, 13, 68, 163, 243, 0, 40, 128, 96, 40, 112, 32, 143, 173, 76,
       67, 97, 75, 86, 161, 194, 10, 83, 128, 64, 72, 88, 140, 98, 152,
       9, 250, 199, 20, 84, 131, 241, 4, 97, 8, 112, 40, 17, 156, 251,
       255, 182, 167, 239, 246, 28, 75, 94, 230, 189, 239, 177, 96, 127,
       123, 23, 156, 147, 184, 36, 255, 229, 239, 190, 128, 189, 219, 49,
       249, 64, 163, 134, 157, 73, 141, 160, 40, 174, 148, 67, 0, 228,
       192, 104, 198, 176, 100, 106, 80, 2, 65, 139, 93, 13, 34, 75, 11,
       0, 42, 41, 134, 139, 58, 235, 187, 118, 164, 186, 82, 30, 203, 82,
       247, 189, 255, 181, 40, 255, 123, 151, 149, 179, 188, 38, 235, 76,
       127, 186, 192, 141, 205, 49, 249, 181, 65, 43, 172, 29, 198, 199,
       96, 196, 200, 249, 2, 115, 201, 51, 64, 88, 168, 2, 111, 72, 163,
       18, 142, 241, 237, 128, 25, 113, 59, 112, 226, 32, 32, 7, 140, 79,
       195, 160, 72, 134, 160, 194, 10, 64, 194, 96, 194, 104, 44, 106,
       224, 0, 195, 147, 85, 21, 32, 139, 61, 17, 10, 62, 130, 68, 169,
       150, 31, 89, 205, 176, 168, 174, 144, 67, 0, 228, 242, 105, 70,
       144, 108, 234, 64, 2, 209, 154, 125, 13, 50, 79, 11, 0, 42, 45,
       134, 230, 62, 122, 16, 111, 241, 184, 66, 201, 206, 61, 191, 8,
       156, 247, 30, 174, 161, 215, 215, 134, 39, 166, 226, 22, 89, 11,
       171, 199, 127, 111, 87, 114, 33, 2, 136, 93, 67, 160, 72, 141,
       132, 195, 11, 0, 202, 36, 208, 248, 141, 106, 225, 12, 3, 211,
       220, 17, 48, 139, 63, 17, 42, 124, 134, 143, 156, 166, 191, 237,
       175, 189, 255, 95, 254, 87, 23, 204, 232, 63, 205, 255, 111, 191,
       183, 182, 244, 95, 254, 172, 118, 223, 199, 158, 125, 177, 215,
       253, 8, 239, 254, 44, 176, 75, 80, 196, 194, 215, 194, 113, 203,
       177, 107, 78, 228, 63, 206, 169, 167, 38, 168, 210, 235, 226, 136,
       63, 171, 112, 48, 42, 184, 63, 248, 109, 221, 145, 71, 143, 61,
       180, 25, 174, 159, 102, 159, 233, 51, 235, 0, 18, 111, 114, 213,
       223, 209, 83, 127, 82, 12, 7, 234, 2, 153, 180, 149, 89, 220, 177,
       168, 175, 181, 66, 0, 236, 254, 70, 230, 192, 125, 163, 81, 2,
       216, 251, 241, 13, 112, 95, 67, 130, 4, 5, 238, 181, 255, 221,
       254, 188, 35, 207, 252, 86, 234, 249, 254, 115, 99, 185, 35, 95,
       238, 30, 238, 249, 231, 109, 62, 248, 143, 231, 188, 253, 251,
       224, 177, 10, 64, 22, 153, 65, 212, 176, 64, 63, 21, 99, 17, 172,
       154, 46, 204, 240, 25, 162, 144, 6, 156, 19, 213, 7, 112, 26, 67,
       146, 5, 45, 134, 179, 201, 74, 222, 28, 148, 76, 119, 212, 64,
       212, 66, 49, 130, 180, 96, 72, 162, 62, 200, 207, 11, 54, 253,
       178, 168, 178, 136, 60, 152, 248, 12, 126, 126, 253, 117, 34, 251,
