%YAML:1.0
---
descriptors: !!opencv-matrix
   rows: 129
   cols: 32
   dt: u
   data: [ 53, 69, 106, 172, 29, 6, 198, 104, 197, 128, 235, 6, 83, 200,
       59, 64, 120, 172, 10, 239, 204, 163, 20, 140, 241, 236, 130, 12,
       125, 171, 120, 128, 37, 193, 97, 73, 84, 143, 231, 252, 69, 0,
       124, 66, 112, 81, 188, 36, 88, 72, 18, 106, 195, 176, 124, 253,
       37, 24, 133, 100, 119, 155, 80, 164, 0, 223, 61, 53, 180, 139,
       228, 55, 124, 79, 122, 117, 166, 40, 144, 0, 128, 34, 76, 1, 246,
       184, 65, 47, 236, 246, 54, 128, 76, 88, 209, 11, 31, 253, 99, 65,
       183, 214, 255, 247, 117, 200, 126, 230, 25, 31, 182, 164, 62, 252,
       149, 232, 249, 185, 52, 206, 107, 221, 167, 192, 103, 180, 245,
       117, 47, 91, 118, 64, 237, 159, 255, 113, 205, 204, 255, 111, 10,
       221, 247, 167, 238, 177, 215, 231, 217, 163, 44, 204, 58, 217, 39,
       222, 79, 191, 234, 245, 175, 210, 122, 218, 109, 219, 249, 89,
       159, 124, 213, 183, 200, 204, 190, 237, 222, 185, 151, 230, 198,
       55, 110, 209, 86, 89, 163, 191, 23, 158, 252, 215, 218, 91, 227,
       87, 178, 24, 255, 182, 57, 204, 246, 231, 57, 63, 151, 119, 38,
       255, 221, 197, 229, 216, 165, 235, 118, 121, 174, 130, 111, 181,
       39, 125, 2, 32, 19, 136, 78, 9, 184, 72, 204, 32, 192, 203, 132,
       136, 116, 64, 234, 13, 91, 101, 0, 3, 135, 208, 20, 16, 10, 58,
       20, 8, 49, 132, 100, 136, 142, 158, 91, 207, 163, 232, 154, 149,
       64, 11, 100, 240, 43, 81, 241, 110, 162, 64, 34, 90, 154, 61, 29,
       38, 79, 111, 144, 42, 37, 130, 66, 169, 150, 157, 77, 133, 160,
       40, 142, 176, 67, 0, 228, 226, 76, 194, 208, 101, 106, 81, 6, 65,
       219, 89, 13, 50, 207, 15, 24, 42, 41, 134, 66, 32, 150, 156, 93,
       143, 160, 72, 142, 176, 195, 2, 228, 192, 100, 198, 176, 101, 106,
       65, 0, 225, 155, 221, 29, 50, 75, 18, 9, 42, 17, 134, 6, 168, 134,
       159, 93, 207, 160, 168, 190, 188, 67, 1, 228, 224, 105, 198, 241,
       100, 234, 113, 2, 209, 155, 93, 13, 50, 207, 71, 144, 42, 21, 134,
       2, 132, 18, 141, 81, 164, 178, 35, 60, 5, 74, 19, 172, 34, 40, 68,
       249, 59, 131, 129, 54, 152, 17, 223, 45, 54, 154, 67, 144, 6, 173,
       142, 62, 253, 58, 94, 123, 215, 159, 248, 151, 204, 253, 47, 106,
       221, 39, 165, 220, 249, 151, 103, 238, 163, 56, 255, 115, 93, 133,
       187, 119, 63, 62, 247, 210, 223, 14, 190, 178, 132, 60, 247, 180,
       12, 222, 231, 109, 227, 34, 65, 102, 179, 175, 229, 252, 139, 19,
       255, 240, 227, 254, 137, 60, 132, 169, 27, 187, 81, 106, 220, 77,
       23, 253, 125, 221, 206, 244, 22, 42, 220, 182, 37, 126, 168, 150,
       109, 236, 191, 118, 221, 115, 89, 194, 186, 127, 156, 244, 253,
       184, 221, 119, 201, 247, 221, 253, 247, 69, 125, 244, 58, 58, 29,
       182, 245, 110, 154, 151, 204, 251, 191, 97, 247, 127, 249, 150,
       193, 119, 156, 254, 251, 189, 239, 202, 242, 174, 161, 79, 252,
       210, 218, 153, 238, 115, 225, 249, 35, 127, 234, 22, 254, 235, 99,
       14, 163, 248, 137, 229, 188, 189, 251, 240, 145, 149, 221, 223,
       238, 254, 34, 111, 252, 222, 194, 61, 242, 125, 227, 249, 98, 115,
       70, 62, 238, 241, 69, 47, 254, 248, 143, 239, 172, 188, 243, 161,
       40, 77, 95, 126, 116, 34, 216, 183, 178, 253, 206, 126, 229, 239,
       254, 163, 246, 38, 113, 236, 66, 197, 169, 38, 236, 226, 247, 103,
       131, 110, 245, 45, 95, 31, 223, 234, 101, 178, 18, 127, 189, 53,
       108, 94, 230, 89, 47, 146, 228, 118, 220, 181, 239, 237, 144, 37,
       143, 114, 239, 231, 132, 47, 180, 252, 117, 146, 129, 11, 156,
       151, 197, 148, 101, 148, 1, 192, 2, 48, 146, 32, 65, 72, 58, 19,
       129, 90, 11, 16, 221, 49, 32, 138, 74, 21, 8, 176, 138, 130, 0,
       146, 185, 19, 242, 184, 66, 63, 5, 67, 19, 140, 154, 36, 204, 247,
       25, 147, 145, 38, 156, 3, 215, 13, 118, 154, 195, 146, 5, 45, 134,
       221, 28, 238, 87, 132, 118, 255, 16, 240, 230, 215, 18, 89, 125,
       179, 235, 125, 244, 189, 250, 184, 213, 189, 138, 83, 235, 231,
       133, 167, 247, 124, 96, 169, 136, 45, 216, 77, 213, 193, 79, 199,
       121, 164, 24, 146, 153, 112, 111, 201, 162, 50, 152, 59, 47, 122,
       149, 75, 217, 208, 124, 210, 8, 240, 170, 211, 92, 7, 190, 8, 70,
       46, 182, 180, 66, 210, 199, 253, 230, 177, 231, 228, 229, 61, 199,
       237, 143, 55, 239, 176, 34, 238, 136, 60, 52, 57, 92, 59, 209, 99,
       205, 101, 87, 253, 119, 93, 110, 220, 7, 40, 156, 182, 101, 254,
       207, 183, 239, 204, 187, 53, 241, 119, 123, 214, 130, 87, 220,
       244, 255, 9, 162, 143, 173, 26, 139, 33, 88, 54, 176, 66, 70, 241,
       194, 160, 72, 112, 12, 42, 184, 3, 216, 15, 29, 76, 163, 115, 100,
       56, 8, 49, 40, 19, 158, 235, 255, 52, 231, 235, 246, 94, 203, 94,
       230, 181, 255, 177, 96, 127, 122, 23, 141, 163, 184, 36, 255, 229,
       239, 190, 128, 189, 219, 49, 249, 46, 89, 62, 222, 127, 215, 159,
       248, 141, 204, 244, 47, 108, 221, 183, 165, 158, 113, 215, 103,
       204, 163, 58, 253, 115, 95, 141, 187, 87, 191, 124, 215, 135, 58,
       235, 191, 118, 230, 184, 82, 30, 203, 80, 247, 189, 254, 245, 8,
       255, 123, 151, 149, 163, 222, 134, 226, 76, 127, 186, 200, 141,
       221, 49, 217, 32, 32, 6, 140, 75, 195, 161, 72, 142, 180, 224, 3,
       68, 194, 32, 80, 120, 44, 106, 97, 2, 195, 147, 93, 21, 32, 139,
       63, 81, 10, 37, 130, 34, 32, 66, 136, 79, 67, 160, 72, 141, 36,
       226, 11, 0, 136, 36, 64, 232, 141, 106, 224, 0, 147, 209, 208, 21,
       32, 130, 59, 49, 10, 112, 134, 127, 94, 253, 109, 42, 127, 95,
       146, 75, 238, 156, 237, 155, 61, 215, 255, 198, 244, 253, 111,
       173, 82, 237, 168, 230, 249, 229, 182, 190, 253, 86, 119, 127, 51,
       249, 98, 233, 117, 223, 216, 3, 220, 189, 255, 90, 93, 223, 58,
       223, 209, 221, 243, 157, 99, 235, 224, 91, 221, 173, 255, 199,
       167, 238, 247, 25, 175, 114, 5, 151, 159, 230, 183, 101, 160, 254,
       198, 175, 57, 145, 132, 42, 238, 78, 109, 193, 184, 85, 47, 166,
       109, 5, 0, 111, 172, 251, 108, 98, 32, 22, 140, 77, 199, 160, 72,
       142, 164, 195, 8, 196, 210, 101, 198, 216, 36, 234, 96, 0, 67,
       210, 93, 21, 48, 11, 59, 16, 42, 47, 134, 49, 72, 111, 220, 12,
       144, 79, 246, 196, 64, 212, 194, 49, 130, 177, 97, 74, 226, 63,
       207, 201, 139, 102, 237, 224, 169, 250, 136, 53, 185, 112, 40,
       143, 156, 166, 155, 245, 63, 191, 175, 94, 251, 95, 23, 204, 104,
       31, 73, 255, 79, 183, 183, 180, 244, 77, 254, 108, 63, 255, 199,
       156, 125, 185, 151, 213, 223, 205, 150, 254, 50, 206, 252, 82,
       234, 155, 254, 121, 98, 185, 226, 123, 198, 110, 238, 245, 71,
       173, 254, 184, 175, 239, 188, 189, 243, 249, 21, 191, 21, 97, 42,
       253, 81, 223, 57, 85, 196, 253, 135, 105, 76, 219, 164, 90, 136,
       151, 255, 255, 34, 127, 175, 98, 93, 133, 203, 119, 175, 252, 84,
       222, 212, 44, 190, 173, 84, 29, 189, 223, 94, 151, 23, 207, 125,
       122, 75, 197, 199, 189, 39, 252, 77, 91, 179, 243, 115, 255, 159,
       30, 124, 157, 83, 245, 255, 239, 242, 140, 37, 207, 252, 210, 82,
       185, 222, 115, 224, 249, 35, 93, 194, 100, 254, 251, 103, 190, 59,
       248, 143, 229, 124, 253, 251, 210, 232, 189, 223, 253, 246, 190,
       102, 207, 252, 147, 202, 157, 254, 121, 239, 187, 35, 127, 243,
       221, 238, 249, 103, 62, 238, 250, 207, 239, 252, 191, 251, 180,
       113, 156, 143, 158, 158, 158, 163, 22, 239, 150, 134, 156, 179,
       101, 226, 35, 67, 127, 242, 174, 162, 124, 111, 14, 191, 250, 199,
       239, 61, 181, 120, 189, 11, 22, 237, 29, 62, 26, 193, 31, 232,
       146, 148, 136, 169, 108, 231, 106, 2, 151, 113, 201, 227, 98, 67,
       138, 127, 249, 135, 45, 191, 16, 51, 7, 123, 25, 157, 123, 255,
       54, 167, 235, 246, 84, 73, 222, 70, 49, 255, 177, 96, 127, 250,
       23, 156, 131, 184, 53, 255, 253, 175, 170, 128, 189, 203, 113,
       185, 14, 122, 243, 153, 102, 165, 185, 82, 30, 217, 84, 231, 188,
       159, 247, 141, 110, 57, 151, 213, 131, 220, 166, 224, 92, 25, 250,
