%YAML:1.0
---
descriptors: !!opencv-matrix
   rows: 123
   cols: 32
   dt: u
   data: [ 88, 189, 159, 242, 169, 236, 81, 151, 191, 91, 190, 20, 190,
       255, 66, 122, 135, 119, 253, 16, 59, 107, 250, 227, 219, 255, 86,
       90, 138, 64, 167, 123, 15, 90, 106, 24, 246, 146, 189, 215, 125,
       206, 126, 231, 8, 142, 183, 108, 119, 45, 183, 149, 197, 188, 36,
       206, 126, 63, 190, 134, 255, 244, 121, 221, 126, 57, 252, 100,
       235, 125, 127, 80, 43, 236, 182, 11, 42, 63, 87, 30, 174, 247,
       247, 194, 136, 115, 51, 248, 119, 217, 65, 179, 231, 247, 70, 123,
       63, 223, 98, 0, 251, 151, 223, 249, 133, 204, 189, 239, 73, 76,
       150, 180, 126, 225, 215, 255, 253, 11, 108, 254, 122, 93, 173,
       222, 111, 167, 234, 85, 73, 25, 26, 254, 97, 204, 115, 112, 237,
       8, 110, 8, 255, 243, 32, 112, 160, 123, 76, 66, 80, 153, 18, 44,
       231, 253, 32, 3, 66, 2, 3, 43, 45, 97, 104, 97, 116, 15, 79, 144,
       101, 172, 254, 8, 211, 9, 147, 48, 88, 204, 70, 126, 72, 178, 113,
       12, 231, 205, 37, 53, 99, 187, 82, 160, 2, 132, 18, 185, 51, 242,
       56, 2, 61, 1, 67, 18, 173, 154, 40, 204, 247, 27, 147, 145, 54,
       156, 1, 215, 15, 246, 26, 195, 150, 4, 45, 135, 40, 235, 120, 100,
       116, 91, 127, 247, 97, 236, 252, 40, 27, 13, 146, 144, 26, 204,
       215, 106, 201, 186, 224, 14, 118, 205, 37, 181, 103, 186, 222,
       243, 73, 190, 253, 245, 160, 174, 125, 183, 123, 251, 126, 124,
       159, 59, 192, 123, 135, 247, 125, 28, 153, 216, 225, 224, 206,
       255, 118, 196, 202, 192, 195, 121, 56, 211, 122, 238, 117, 151,
       90, 120, 5, 76, 253, 15, 123, 221, 42, 16, 124, 184, 151, 98, 206,
       178, 120, 191, 243, 205, 33, 189, 115, 139, 110, 211, 129, 158,
       31, 253, 52, 174, 105, 55, 252, 75, 82, 116, 191, 35, 144, 97,
       198, 46, 126, 12, 243, 220, 97, 223, 198, 191, 58, 128, 8, 136,
       209, 57, 76, 189, 249, 97, 176, 106, 127, 179, 107, 236, 62, 40,
       223, 55, 209, 50, 183, 87, 125, 122, 209, 176, 233, 236, 239, 223,
       39, 228, 70, 243, 199, 113, 3, 60, 227, 255, 244, 135, 239, 83,
       30, 202, 88, 102, 189, 223, 177, 64, 255, 123, 23, 143, 211, 190,
       2, 251, 37, 190, 190, 128, 29, 251, 49, 185, 61, 77, 42, 62, 93,
       215, 194, 96, 213, 68, 237, 11, 99, 201, 51, 64, 88, 168, 2, 111,
       72, 163, 90, 189, 115, 109, 129, 25, 115, 63, 112, 194, 56, 93,
       123, 110, 116, 195, 95, 112, 5, 204, 253, 171, 115, 93, 179, 16,
       94, 184, 23, 234, 232, 178, 96, 63, 115, 237, 160, 137, 119, 187,
       102, 251, 129, 188, 31, 249, 117, 173, 185, 55, 191, 81, 98, 84,
       188, 187, 32, 96, 135, 43, 58, 28, 179, 248, 114, 247, 205, 221,
       26, 66, 200, 0, 129, 248, 2, 142, 6, 155, 190, 163, 190, 239, 156,
       21, 90, 163, 236, 234, 42, 65, 255, 123, 147, 145, 54, 216, 15,
       253, 44, 50, 159, 195, 156, 92, 185, 159, 167, 122, 250, 213, 102,
       57, 249, 80, 123, 238, 117, 254, 25, 140, 215, 61, 126, 253, 55,
       30, 165, 246, 228, 194, 86, 31, 241, 168, 239, 189, 82, 245, 25,
       193, 26, 237, 20, 146, 78, 55, 21, 0, 94, 66, 163, 3, 176, 228,
       88, 2, 22, 136, 91, 152, 65, 159, 226, 253, 138, 64, 62, 152, 185,
       40, 126, 43, 144, 168, 189, 253, 82, 203, 143, 173, 184, 9, 142,
       250, 69, 222, 201, 255, 239, 17, 30, 43, 203, 144, 155, 212, 143,
       127, 210, 111, 142, 7, 124, 117, 245, 229, 171, 106, 87, 184, 33,
       226, 191, 168, 219, 63, 201, 190, 27, 212, 253, 242, 89, 210, 241,
       136, 255, 255, 69, 85, 238, 243, 198, 50, 216, 76, 111, 237, 36,
       106, 111, 39, 53, 230, 222, 171, 255, 47, 129, 113, 114, 247, 255,
       163, 105, 148, 101, 174, 246, 231, 226, 145, 38, 248, 84, 122,
       211, 91, 198, 190, 162, 20, 44, 183, 176, 202, 210, 199, 105, 110,
       179, 195, 102, 231, 189, 207, 237, 207, 151, 237, 176, 99, 254,
       136, 44, 244, 185, 93, 24, 217, 37, 173, 60, 193, 135, 246, 4, 0,
       248, 35, 179, 25, 48, 64, 72, 50, 23, 67, 74, 169, 18, 189, 225,
       204, 186, 16, 117, 26, 245, 170, 171, 221, 126, 201, 245, 156,
       253, 247, 93, 125, 254, 22, 56, 25, 182, 101, 110, 139, 23, 205,
       246, 186, 117, 245, 127, 57, 150, 193, 95, 140, 248, 223, 105, 91,
       201, 165, 180, 94, 71, 182, 32, 236, 222, 236, 179, 53, 131, 242,
       68, 230, 188, 78, 201, 152, 225, 44, 236, 167, 229, 144, 12, 189,
       212, 121, 218, 127, 119, 117, 182, 218, 255, 182, 57, 232, 118,
       231, 63, 61, 151, 247, 166, 255, 213, 197, 225, 248, 165, 236,
       182, 121, 62, 130, 111, 212, 7, 253, 175, 122, 235, 193, 102, 59,
       251, 82, 94, 239, 118, 246, 25, 140, 247, 40, 127, 109, 23, 157,
       129, 246, 37, 202, 70, 15, 187, 160, 237, 253, 123, 241, 127, 223,
       100, 136, 127, 23, 222, 248, 141, 204, 156, 239, 73, 77, 183, 164,
       126, 225, 223, 231, 237, 43, 101, 252, 58, 89, 175, 223, 127, 175,
       122, 85, 175, 145, 238, 219, 253, 213, 251, 200, 95, 77, 213, 23,
       232, 204, 62, 76, 220, 233, 183, 215, 246, 190, 126, 247, 79, 127,
       154, 203, 23, 141, 244, 254, 106, 107, 104, 42, 125, 217, 82, 64,
       203, 236, 189, 173, 43, 140, 214, 16, 136, 160, 197, 71, 206, 43,
       238, 189, 82, 93, 32, 251, 87, 143, 94, 95, 33, 109, 97, 77, 84,
       203, 199, 118, 83, 224, 124, 74, 51, 21, 149, 52, 88, 236, 22, 74,
       201, 190, 117, 62, 103, 140, 160, 32, 119, 170, 86, 232, 0, 160,
       142, 157, 89, 215, 160, 104, 150, 180, 64, 1, 96, 242, 106, 66,
       248, 108, 226, 96, 6, 210, 155, 93, 13, 34, 207, 47, 16, 42, 61,
       134, 66, 133, 18, 140, 81, 164, 168, 35, 172, 1, 74, 3, 172, 34,
       32, 192, 226, 3, 10, 160, 22, 137, 16, 221, 45, 52, 138, 75, 16,
       66, 169, 10, 114, 33, 82, 136, 91, 3, 136, 72, 45, 0, 241, 11, 4,
       138, 52, 212, 248, 141, 75, 225, 12, 163, 145, 204, 145, 48, 138,
       63, 65, 10, 43, 134, 75, 187, 191, 247, 161, 172, 125, 183, 191,
       217, 126, 76, 190, 179, 68, 114, 167, 127, 125, 16, 147, 217, 178,
       229, 207, 251, 118, 194, 138, 64, 131, 59, 137, 156, 63, 255, 49,
       236, 49, 103, 188, 91, 74, 20, 188, 183, 32, 97, 165, 51, 58, 0,
       51, 205, 50, 255, 197, 255, 90, 66, 24, 64, 161, 58, 130, 140, 63,
       250, 81, 237, 177, 71, 190, 81, 68, 16, 188, 223, 32, 105, 161,
       59, 155, 16, 51, 205, 50, 247, 205, 182, 26, 75, 144, 0, 165, 170,
       2, 195, 6, 175, 158, 195, 190, 236, 142, 21, 218, 167, 236, 238,
       40, 64, 222, 115, 187, 199, 86, 137, 79, 253, 172, 54, 239, 203,
       148, 27, 177, 152, 18, 207, 79, 190, 194, 224, 189, 231, 148, 23,
       208, 179, 45, 239, 32, 65, 111, 251, 163, 129, 122, 203, 6, 237,
       176, 38, 222, 139, 53, 212, 165, 249, 120, 187, 182, 60, 45, 157,
       84, 119, 171, 29, 184, 77, 174, 187, 70, 210, 133, 179, 237, 0,
       158, 107, 210, 241, 211, 255, 112, 123, 74, 4, 207, 27, 188, 255,
       122, 232, 245, 211, 82, 249, 19, 44, 253, 43, 27, 217, 42, 16, 88,
       152, 135, 112, 126, 186, 72, 191, 123, 205, 165, 237, 115, 138,
       238, 131, 129, 216, 123, 91, 100, 205, 233, 148, 126, 29, 118, 0,
       176, 215, 189, 108, 26, 56, 18, 72, 195, 188, 54, 117, 71, 26, 50,
       0, 87, 153, 69, 169, 211, 92, 7, 158, 0, 198, 111, 180, 180, 194,
       194, 199, 245, 230, 177, 103, 100, 229, 60, 239, 237, 199, 55,
       239, 176, 34, 238, 128, 60, 117, 49, 124, 9, 59, 59, 229, 114,
       204, 59, 87, 63, 77, 126, 100, 188, 151, 130, 48, 182, 59, 23, 28,
       195, 152, 32, 75, 231, 253, 58, 130, 2, 130, 135, 249, 59, 209,
       99, 205, 69, 87, 237, 255, 85, 67, 222, 194, 41, 188, 190, 229,
       126, 223, 183, 201, 201, 187, 53, 197, 183, 127, 222, 131, 63,
       220, 252, 252, 58, 123, 38, 78, 123, 215, 151, 248, 143, 204, 244,
       47, 104, 221, 183, 165, 220, 249, 215, 99, 206, 163, 58, 253, 115,
       91, 141, 187, 87, 62, 54, 255, 49, 200, 109, 220, 14, 144, 71,
       246, 196, 64, 212, 194, 49, 128, 176, 100, 104, 226, 62, 204, 203,
       43, 102, 189, 240, 168, 242, 136, 61, 152, 112, 108, 91, 127, 119,
