%YAML:1.0
---
descriptors: !!opencv-matrix
   rows: 88
   cols: 32
   dt: u
   data: [ 42, 116, 235, 250, 117, 245, 248, 95, 95, 65, 93, 19, 40, 221,
       125, 44, 253, 59, 19, 157, 143, 50, 50, 242, 87, 93, 158, 43, 215,
       94, 252, 222, 21, 134, 143, 53, 150, 11, 103, 251, 54, 162, 66,
       70, 115, 97, 161, 97, 49, 228, 42, 44, 33, 249, 13, 14, 248, 167,
       117, 4, 169, 248, 112, 168, 48, 32, 79, 201, 78, 131, 104, 67, 70,
       49, 194, 194, 19, 137, 20, 72, 104, 140, 123, 157, 11, 154, 71,
       16, 20, 40, 144, 64, 53, 136, 112, 128, 4, 138, 135, 151, 208,
       139, 167, 232, 150, 179, 66, 66, 244, 224, 41, 73, 121, 110, 34,
       0, 33, 216, 11, 61, 44, 6, 127, 68, 128, 42, 1, 168, 53, 65, 106,
       237, 20, 6, 238, 120, 100, 224, 235, 198, 83, 41, 59, 96, 120,
       204, 18, 239, 201, 179, 21, 140, 241, 237, 130, 4, 45, 187, 112,
       0, 2, 32, 135, 157, 78, 139, 160, 72, 174, 176, 66, 66, 228, 192,
       112, 66, 48, 45, 106, 65, 2, 241, 131, 93, 4, 34, 11, 44, 20, 40,
       17, 128, 48, 32, 198, 141, 30, 3, 192, 107, 22, 165, 226, 10, 83,
       160, 64, 8, 120, 172, 106, 168, 40, 251, 215, 28, 152, 162, 209,
       20, 97, 40, 114, 0, 50, 160, 198, 156, 77, 195, 64, 72, 143, 176,
       225, 11, 96, 194, 100, 80, 216, 173, 106, 240, 10, 67, 155, 221,
       25, 34, 195, 47, 17, 42, 120, 130, 2, 33, 51, 136, 78, 11, 184,
       72, 236, 32, 194, 3, 140, 136, 52, 64, 226, 29, 123, 97, 0, 163,
       135, 208, 21, 48, 10, 11, 20, 10, 49, 130, 98, 32, 70, 200, 77, 3,
       104, 72, 135, 160, 192, 11, 0, 137, 116, 66, 232, 140, 123, 224,
       12, 3, 195, 208, 23, 56, 129, 63, 53, 138, 120, 134, 4, 205, 134,
       151, 217, 207, 38, 168, 190, 179, 66, 2, 228, 226, 107, 203, 113,
       110, 162, 114, 100, 208, 155, 125, 45, 38, 79, 71, 128, 122, 25,
       134, 100, 141, 150, 158, 217, 199, 38, 232, 150, 151, 64, 8, 100,
       242, 105, 85, 209, 106, 162, 82, 114, 90, 26, 63, 61, 38, 95, 111,
       144, 122, 45, 138, 189, 18, 111, 238, 6, 162, 203, 80, 133, 202,
       215, 230, 83, 205, 181, 105, 126, 176, 31, 175, 169, 167, 38, 136,
       210, 235, 226, 152, 61, 235, 112, 113, 253, 24, 207, 222, 38, 162,
       107, 80, 128, 194, 214, 230, 49, 215, 177, 107, 110, 228, 63, 206,
       137, 135, 38, 232, 208, 171, 234, 136, 47, 187, 48, 113, 56, 89,
       71, 188, 44, 129, 207, 246, 132, 72, 208, 103, 51, 201, 177, 64,
       76, 226, 55, 203, 201, 175, 18, 189, 224, 239, 234, 152, 127, 185,
       112, 187, 2, 149, 48, 201, 245, 247, 187, 234, 30, 13, 94, 2, 232,
       125, 62, 100, 217, 27, 147, 57, 18, 184, 121, 255, 45, 28, 138,
       71, 150, 79, 53, 239, 66, 129, 150, 149, 165, 44, 180, 39, 236,
       155, 74, 0, 172, 178, 4, 198, 128, 39, 106, 0, 84, 233, 131, 193,
       133, 54, 90, 3, 0, 100, 137, 15, 49, 130, 205, 61, 26, 2, 65, 123,
       86, 161, 196, 214, 115, 97, 128, 97, 89, 236, 32, 168, 41, 254,
       101, 31, 216, 167, 241, 20, 57, 168, 112, 168, 25, 34, 205, 181,
       22, 10, 97, 19, 118, 161, 70, 198, 87, 3, 128, 104, 50, 44, 32,
       28, 1, 216, 197, 29, 204, 231, 176, 64, 44, 128, 80, 40, 3, 0,
       105, 193, 108, 137, 232, 67, 237, 17, 80, 210, 149, 139, 244, 74,
       106, 1, 31, 157, 146, 56, 198, 208, 4, 24, 178, 104, 20, 136, 113,
       136, 32, 32, 6, 140, 77, 195, 160, 72, 142, 176, 224, 11, 64, 192,
       96, 80, 216, 172, 106, 113, 2, 243, 219, 93, 21, 32, 139, 61, 17,
       42, 116, 130, 34, 32, 66, 137, 77, 3, 224, 72, 140, 32, 194, 11,
       0, 136, 36, 64, 232, 140, 106, 224, 0, 179, 209, 208, 21, 32, 138,
       63, 21, 10, 112, 130, 196, 225, 134, 159, 217, 223, 166, 168, 182,
       178, 75, 1, 228, 240, 107, 198, 241, 110, 234, 82, 102, 212, 155,
       125, 13, 34, 79, 15, 128, 123, 45, 134, 164, 237, 150, 159, 217,
       199, 166, 232, 150, 182, 72, 1, 228, 242, 105, 199, 217, 110, 162,
       98, 98, 210, 154, 61, 45, 34, 79, 111, 144, 107, 45, 142, 32, 101,
       134, 158, 93, 199, 166, 204, 158, 180, 235, 10, 96, 226, 97, 194,
       249, 108, 106, 98, 66, 195, 219, 95, 61, 38, 207, 63, 17, 59, 189,
       130, 211, 206, 75, 222, 60, 128, 79, 246, 133, 2, 212, 198, 49,
       131, 177, 96, 78, 226, 62, 204, 235, 143, 102, 255, 50, 45, 178,
       136, 61, 152, 112, 57, 236, 132, 189, 243, 173, 111, 85, 191, 59,
       191, 175, 24, 222, 119, 73, 59, 145, 86, 125, 58, 56, 84, 251,
       146, 239, 219, 85, 118, 130, 121, 198, 98, 215, 18, 239, 228, 6,
       34, 105, 81, 53, 202, 214, 246, 81, 15, 184, 107, 126, 148, 61,
       189, 185, 215, 37, 192, 210, 235, 234, 196, 175, 232, 240, 113,
       165, 255, 205, 254, 252, 43, 207, 252, 18, 234, 185, 254, 243,
       227, 169, 33, 95, 206, 38, 238, 249, 102, 108, 63, 236, 142, 231,
       188, 253, 251, 210, 177, 164, 239, 252, 183, 150, 235, 191, 191,
       154, 151, 61, 178, 237, 239, 203, 1, 127, 255, 166, 242, 122, 244,
       106, 255, 236, 135, 239, 229, 229, 251, 133, 225, 121, 14, 205,
       245, 20, 34, 105, 55, 113, 171, 246, 246, 51, 33, 144, 121, 105,
       164, 108, 140, 185, 254, 197, 142, 94, 239, 240, 192, 175, 136,
       112, 57, 102, 100, 18, 138, 203, 11, 174, 232, 188, 34, 203, 11,
       196, 162, 45, 80, 250, 205, 107, 99, 96, 211, 217, 250, 181, 52,
       207, 59, 128, 123, 43, 130, 181, 166, 229, 193, 236, 35, 203, 152,
       82, 250, 145, 238, 211, 40, 221, 47, 89, 196, 30, 255, 185, 102,
       237, 146, 12, 10, 237, 244, 189, 251, 80, 244, 128, 32, 79, 177,
       68, 137, 225, 67, 108, 17, 98, 210, 177, 129, 80, 72, 106, 168,
       98, 156, 19, 184, 199, 65, 68, 160, 178, 64, 109, 136, 113, 168,
       48, 32, 135, 13, 88, 131, 32, 72, 22, 176, 66, 2, 80, 129, 32, 72,
       88, 44, 98, 184, 8, 211, 3, 29, 88, 34, 209, 36, 113, 8, 34, 136,
       53, 68, 11, 238, 21, 134, 195, 96, 196, 136, 251, 2, 82, 209, 57,
       64, 216, 168, 6, 110, 72, 163, 18, 140, 241, 169, 160, 8, 121, 59,
       112, 162, 64, 33, 150, 28, 89, 133, 160, 72, 174, 144, 195, 0,
       228, 210, 104, 194, 208, 36, 106, 96, 6, 67, 155, 93, 29, 48, 11,
       11, 16, 42, 41, 134, 114, 32, 18, 136, 89, 3, 32, 72, 172, 0, 224,
       11, 6, 130, 37, 80, 248, 133, 74, 225, 12, 3, 144, 220, 145, 48,
       138, 59, 17, 10, 43, 134, 196, 229, 134, 31, 217, 199, 54, 232,
       190, 182, 75, 1, 228, 240, 105, 194, 209, 126, 234, 98, 102, 209,
       155, 63, 45, 34, 79, 15, 0, 119, 45, 134, 114, 1, 2, 136, 93, 67,
       192, 72, 13, 0, 241, 11, 2, 10, 36, 84, 248, 133, 78, 225, 8, 35,
       81, 204, 145, 48, 138, 63, 17, 10, 114, 134, 114, 33, 82, 136, 93,
       67, 192, 72, 109, 32, 241, 11, 2, 136, 36, 80, 248, 132, 74, 97,
       12, 163, 80, 204, 145, 48, 130, 63, 65, 10, 122, 134, 100, 101, 6,
       156, 89, 199, 166, 104, 158, 164, 203, 10, 196, 226, 33, 198, 217,
       108, 234, 98, 98, 195, 219, 95, 53, 38, 143, 63, 16, 59, 45, 134,
       217, 132, 239, 225, 166, 34, 105, 23, 100, 115, 214, 246, 17, 47,
       240, 107, 111, 134, 63, 157, 185, 221, 53, 194, 220, 235, 250,
       192, 173, 200, 240, 120, 148, 239, 231, 247, 150, 235, 191, 255,
       159, 190, 223, 242, 255, 231, 169, 1, 63, 255, 238, 242, 248, 253,
       43, 255, 249, 134, 231, 212, 229, 251, 133, 49, 108, 181, 189,
       241, 173, 111, 85, 159, 123, 255, 166, 24, 223, 119, 72, 59, 129,
       87, 124, 24, 57, 104, 251, 160, 207, 219, 85, 118, 194, 121, 198,
       99, 1, 216, 123, 89, 100, 205, 233, 148, 126, 93, 118, 0, 177,
       215, 189, 109, 78, 24, 54, 78, 195, 180, 50, 113, 69, 184, 114,
       128, 86, 153, 69, 249, 245, 239, 205, 232, 174, 3, 79, 220, 211,
       154, 184, 238, 83, 225, 249, 59, 127, 196, 124, 254, 235, 99, 206,
       16, 250, 203, 229, 188, 253, 249, 242, 33, 53, 85, 123, 236, 84,
       207, 71, 120, 84, 196, 121, 10, 115, 92, 41, 48, 216, 185, 6, 98,
       205, 178, 112, 30, 241, 237, 33, 8, 113, 186, 70, 242, 253, 223,
       239, 254, 190, 55, 223, 248, 211, 250, 188, 254, 91, 253, 187, 49,
       127, 246, 127, 255, 253, 231, 191, 190, 250, 207, 229, 188, 239,
