%YAML:1.0
---
descriptors: !!opencv-matrix
   rows: 213
   cols: 32
   dt: u
   data: [ 53, 153, 190, 56, 213, 31, 84, 231, 127, 95, 106, 29, 14, 56,
       62, 94, 161, 203, 36, 85, 156, 250, 18, 224, 187, 254, 84, 67,
       218, 93, 202, 79, 248, 176, 246, 120, 43, 249, 80, 71, 235, 91,
       180, 56, 47, 159, 70, 187, 175, 179, 236, 16, 63, 111, 146, 209,
       155, 217, 80, 123, 235, 4, 206, 31, 44, 247, 61, 71, 177, 95, 87,
       184, 112, 238, 127, 109, 214, 117, 139, 150, 149, 68, 204, 98,
       229, 176, 121, 14, 111, 227, 37, 150, 74, 123, 214, 115, 216, 221,
       25, 234, 154, 206, 87, 189, 37, 104, 174, 40, 119, 87, 8, 113, 20,
       246, 92, 106, 121, 9, 121, 63, 251, 233, 37, 82, 58, 146, 128, 59,
       194, 173, 148, 186, 153, 233, 148, 207, 158, 151, 136, 57, 174,
       232, 104, 143, 129, 115, 235, 17, 62, 111, 202, 243, 137, 86, 95,
       123, 144, 76, 159, 142, 244, 48, 179, 118, 75, 104, 17, 72, 187,
       183, 165, 56, 62, 247, 73, 62, 145, 252, 232, 18, 10, 103, 250,
       34, 219, 215, 81, 63, 192, 99, 6, 34, 208, 96, 27, 156, 74, 3,
       100, 64, 60, 2, 226, 138, 166, 194, 33, 89, 122, 169, 106, 194,
       72, 167, 67, 73, 144, 160, 74, 24, 16, 113, 33, 8, 56, 120, 50,
       60, 7, 221, 176, 103, 205, 4, 226, 9, 174, 152, 38, 148, 136, 50,
       202, 0, 64, 189, 80, 61, 145, 209, 16, 19, 67, 12, 86, 142, 32,
       169, 57, 105, 157, 201, 85, 239, 206, 53, 172, 40, 182, 145, 64,
       48, 137, 18, 106, 16, 82, 41, 227, 21, 255, 129, 20, 127, 80, 8,
       198, 170, 41, 85, 115, 77, 116, 91, 234, 120, 97, 104, 125, 106,
       27, 24, 148, 180, 126, 136, 22, 110, 193, 178, 116, 207, 54, 108,
       32, 160, 111, 138, 90, 189, 41, 187, 123, 249, 244, 223, 243, 247,
       94, 77, 124, 104, 191, 221, 176, 32, 94, 58, 22, 88, 215, 186,
       118, 189, 111, 157, 54, 232, 86, 138, 214, 233, 60, 13, 18, 238,
       93, 227, 194, 97, 197, 128, 249, 2, 99, 201, 49, 64, 216, 170, 6,
       49, 26, 163, 2, 159, 177, 236, 130, 73, 245, 106, 116, 130, 135,
       18, 223, 185, 34, 186, 56, 81, 127, 113, 83, 246, 221, 130, 186,
       105, 55, 45, 54, 28, 151, 212, 45, 208, 140, 233, 107, 196, 188,
       129, 33, 245, 178, 157, 94, 237, 181, 159, 87, 119, 141, 76, 254,
       6, 107, 124, 54, 69, 252, 167, 142, 98, 124, 185, 49, 255, 187,
       251, 130, 83, 113, 14, 244, 94, 10, 157, 26, 219, 245, 253, 56,
       39, 189, 13, 94, 17, 172, 159, 38, 196, 231, 59, 147, 16, 54, 152,
       16, 247, 47, 127, 18, 67, 146, 12, 173, 207, 217, 28, 126, 253,
       43, 54, 93, 54, 177, 90, 134, 181, 255, 55, 131, 123, 39, 119,
       253, 174, 237, 205, 181, 141, 227, 251, 106, 145, 38, 244, 33,
       121, 90, 95, 122, 236, 114, 148, 159, 112, 169, 200, 188, 231, 61,
       159, 167, 80, 238, 241, 149, 227, 201, 139, 48, 238, 242, 245,
       170, 155, 47, 183, 47, 123, 17, 141, 91, 101, 178, 142, 107, 55,
       116, 0, 106, 66, 215, 51, 128, 96, 54, 62, 22, 168, 97, 188, 1,
       31, 228, 174, 38, 64, 104, 130, 161, 40, 26, 221, 82, 154, 211,
       208, 190, 231, 173, 5, 92, 163, 44, 254, 166, 196, 102, 59, 155,
       195, 118, 139, 14, 255, 56, 100, 14, 203, 55, 6, 173, 223, 206,
       108, 246, 212, 45, 108, 253, 2, 185, 190, 178, 24, 206, 239, 87,
       27, 167, 117, 125, 147, 160, 101, 147, 194, 211, 251, 95, 187,
       198, 245, 71, 3, 63, 153, 148, 243, 155, 208, 82, 160, 203, 209,
       119, 32, 110, 254, 108, 246, 235, 251, 180, 208, 95, 122, 91, 225,
       139, 211, 85, 67, 235, 46, 40, 30, 54, 138, 223, 247, 212, 193,
       157, 160, 27, 63, 242, 171, 99, 110, 109, 26, 205, 219, 167, 193,
       74, 250, 75, 225, 153, 210, 255, 131, 197, 106, 36, 138, 1, 130,
       253, 245, 52, 158, 233, 187, 126, 145, 114, 66, 255, 104, 156, 97,
       115, 108, 38, 60, 163, 248, 111, 221, 140, 158, 247, 68, 236, 168,
       81, 168, 31, 17, 148, 248, 139, 119, 20, 79, 189, 19, 109, 20, 78,
       114, 45, 190, 195, 147, 180, 128, 61, 210, 82, 208, 147, 219, 82,
       7, 186, 116, 171, 151, 21, 142, 205, 87, 148, 14, 230, 179, 116,
       26, 114, 194, 243, 97, 157, 225, 121, 194, 14, 60, 249, 248, 109,
       47, 172, 174, 103, 68, 237, 248, 208, 160, 234, 182, 148, 16, 233,
       121, 48, 143, 187, 191, 148, 57, 140, 190, 78, 159, 131, 151, 237,
       17, 54, 78, 194, 194, 158, 83, 93, 255, 130, 68, 143, 71, 100, 72,
       223, 153, 198, 171, 33, 64, 124, 130, 227, 82, 150, 131, 33, 89,
       114, 172, 106, 26, 16, 183, 1, 64, 20, 162, 114, 64, 128, 105, 33,
       160, 26, 219, 98, 174, 114, 147, 190, 229, 173, 196, 218, 231,
       109, 206, 167, 196, 126, 235, 159, 199, 196, 139, 4, 255, 178,
       100, 175, 139, 55, 190, 173, 221, 121, 221, 111, 238, 20, 70, 79,
       252, 101, 76, 222, 6, 115, 125, 178, 97, 124, 244, 29, 239, 233,
       163, 61, 189, 243, 233, 166, 144, 53, 186, 116, 120, 245, 112,
       233, 231, 100, 110, 107, 152, 32, 226, 183, 138, 215, 95, 89, 58,
       62, 221, 125, 255, 137, 246, 253, 10, 213, 233, 237, 180, 229,
       243, 86, 113, 43, 223, 67, 79, 117, 159, 238, 119, 77, 72, 120,
       230, 168, 136, 180, 164, 126, 42, 146, 204, 199, 186, 116, 255,
       38, 60, 128, 130, 95, 142, 248, 189, 174, 180, 189, 211, 237, 253,
       185, 219, 159, 127, 53, 61, 140, 188, 110, 47, 143, 27, 247, 17,
       182, 110, 250, 211, 79, 91, 91, 255, 214, 76, 135, 247, 42, 172,
       146, 90, 221, 253, 150, 199, 219, 23, 108, 9, 40, 248, 102, 148,
       201, 122, 130, 17, 22, 43, 218, 247, 63, 86, 21, 107, 211, 92,
       222, 142, 238, 48, 253, 114, 235, 125, 153, 90, 187, 255, 181,
       189, 140, 255, 79, 191, 143, 85, 253, 23, 180, 71, 250, 192, 223,
       91, 91, 191, 198, 101, 15, 215, 0, 177, 10, 184, 221, 205, 161,
       71, 174, 93, 220, 23, 156, 134, 98, 64, 233, 139, 202, 149, 19,
       11, 114, 215, 221, 5, 186, 105, 144, 8, 189, 250, 102, 227, 209,
       202, 104, 9, 74, 136, 59, 40, 177, 232, 130, 194, 205, 220, 218,
       197, 110, 106, 76, 35, 202, 194, 150, 180, 35, 191, 64, 179, 74,
       5, 196, 108, 87, 179, 78, 41, 100, 162, 172, 50, 227, 90, 199,
       163, 64, 91, 107, 237, 106, 194, 96, 118, 203, 96, 148, 162, 211,
       0, 97, 113, 97, 2, 138, 157, 46, 153, 215, 222, 188, 39, 61, 93,
       86, 151, 172, 46, 38, 65, 226, 47, 187, 133, 118, 152, 17, 213,
       103, 115, 218, 195, 10, 4, 173, 223, 79, 19, 231, 133, 166, 34,
       188, 31, 44, 251, 26, 247, 221, 63, 218, 74, 231, 87, 191, 181,
       149, 216, 133, 192, 76, 58, 255, 196, 142, 228, 177, 81, 242, 165,
       2, 136, 95, 201, 130, 200, 142, 161, 137, 11, 166, 192, 104, 64,
       200, 139, 106, 113, 22, 43, 202, 85, 184, 0, 15, 127, 144, 11, 25,
       6, 216, 253, 156, 122, 169, 237, 20, 143, 187, 63, 164, 57, 174,
       187, 72, 27, 129, 19, 237, 16, 122, 77, 218, 51, 235, 211, 84,
       123, 208, 64, 143, 11, 74, 185, 186, 184, 251, 253, 56, 215, 191,
       91, 76, 17, 188, 255, 66, 216, 167, 63, 255, 21, 150, 75, 146,
       241, 223, 255, 30, 235, 146, 68, 171, 219, 1, 160, 157, 249, 236,
       173, 233, 31, 126, 59, 113, 80, 149, 147, 200, 105, 135, 27, 126,
       24, 19, 124, 194, 81, 205, 136, 122, 236, 152, 136, 131, 161, 36,
       32, 151, 137, 220, 42, 161, 65, 108, 49, 227, 80, 212, 34, 8, 74,
       89, 12, 106, 56, 17, 242, 193, 68, 20, 34, 82, 68, 192, 9, 227,
       160, 133, 22, 255, 133, 230, 34, 109, 31, 61, 203, 86, 246, 221,
       39, 155, 111, 119, 158, 23, 172, 177, 212, 117, 202, 228, 42, 254,
       132, 174, 240, 161, 113, 1, 128, 135, 135, 68, 11, 225, 39, 100,
       49, 67, 82, 177, 32, 24, 234, 104, 14, 106, 24, 19, 248, 69, 37,
       12, 166, 242, 64, 200, 8, 209, 168, 81, 134, 25, 101, 176, 46,
       103, 191, 116, 171, 106, 84, 247, 51, 136, 112, 21, 70, 108, 40,
       185, 188, 65, 63, 232, 174, 37, 64, 200, 226, 192, 41, 57, 95,
       111, 69, 86, 22, 239, 117, 84, 224, 126, 198, 81, 45, 183, 96,
       126, 236, 23, 238, 201, 184, 117, 14, 102, 47, 164, 128, 111, 186,
       112, 248, 69, 162, 220, 245, 168, 42, 96, 138, 126, 179, 99, 208,
