%YAML:1.0
---
descriptors: !!opencv-matrix
   rows: 165
   cols: 32
   dt: u
   data: [ 17, 71, 111, 238, 20, 151, 111, 121, 116, 8, 255, 70, 115,
       242, 168, 96, 120, 172, 14, 170, 233, 179, 45, 31, 240, 239, 162,
       0, 113, 170, 228, 33, 60, 23, 90, 187, 116, 195, 115, 120, 22, 0,
       253, 3, 117, 195, 41, 64, 124, 184, 6, 234, 11, 179, 10, 191, 250,
       135, 163, 72, 61, 171, 112, 178, 15, 205, 172, 183, 181, 62, 190,
       172, 30, 255, 79, 19, 245, 127, 91, 75, 209, 79, 51, 95, 118, 208,
       123, 171, 239, 207, 255, 196, 128, 127, 145, 202, 117, 77, 239,
       228, 28, 74, 71, 120, 240, 234, 254, 78, 83, 97, 145, 115, 120,
       228, 124, 110, 233, 243, 173, 14, 240, 235, 229, 144, 45, 251,
       114, 96, 99, 60, 216, 133, 253, 63, 118, 95, 127, 203, 254, 111,
       142, 184, 71, 216, 255, 159, 255, 149, 157, 186, 209, 194, 158,
       191, 22, 194, 201, 76, 234, 159, 25, 207, 37, 155, 149, 219, 231,
       255, 86, 239, 222, 198, 243, 100, 154, 164, 121, 42, 154, 45, 239,
       184, 125, 191, 110, 71, 181, 64, 127, 156, 216, 252, 75, 223, 238,
       94, 50, 148, 191, 183, 248, 95, 94, 231, 249, 254, 158, 227, 55,
       103, 185, 207, 231, 201, 190, 111, 98, 47, 254, 136, 14, 246, 177,
       121, 108, 140, 130, 158, 220, 35, 38, 239, 22, 162, 192, 154, 113,
       225, 105, 65, 89, 238, 34, 174, 112, 107, 78, 191, 124, 199, 255,
       125, 176, 120, 240, 8, 177, 69, 99, 12, 84, 7, 194, 120, 84, 64,
       250, 78, 83, 200, 183, 96, 120, 172, 22, 111, 237, 183, 21, 30,
       48, 44, 33, 0, 125, 170, 112, 132, 186, 55, 243, 193, 237, 118,
       177, 95, 103, 237, 255, 246, 8, 156, 238, 166, 252, 156, 166, 177,
       221, 247, 183, 194, 95, 85, 167, 231, 103, 110, 244, 247, 218, 55,
       134, 181, 171, 50, 56, 35, 185, 158, 143, 181, 236, 42, 66, 223,
       231, 103, 253, 133, 116, 201, 131, 202, 154, 115, 223, 131, 138,
       100, 41, 31, 74, 251, 180, 178, 170, 217, 28, 135, 175, 125, 148,
       249, 172, 190, 198, 223, 135, 87, 253, 17, 246, 73, 235, 241, 170,
       209, 126, 251, 134, 212, 143, 95, 139, 191, 113, 243, 244, 185,
       239, 191, 127, 243, 126, 244, 191, 237, 222, 245, 127, 239, 119,
       29, 247, 120, 239, 247, 174, 253, 55, 236, 239, 204, 219, 221,
       143, 178, 253, 255, 236, 164, 253, 151, 159, 91, 87, 246, 253,
       255, 220, 107, 207, 115, 127, 157, 179, 76, 238, 243, 206, 127,
       255, 200, 158, 212, 177, 241, 190, 245, 50, 142, 253, 63, 182,
       233, 223, 238, 253, 27, 206, 248, 62, 196, 249, 223, 238, 99, 236,
       167, 219, 254, 187, 119, 15, 63, 83, 127, 171, 134, 127, 135, 70,
       197, 23, 18, 110, 248, 101, 160, 254, 230, 107, 97, 154, 245, 122,
       198, 172, 238, 205, 179, 13, 237, 182, 104, 135, 129, 47, 191,
       120, 36, 47, 189, 253, 216, 236, 189, 253, 155, 223, 219, 28, 255,
       188, 252, 255, 43, 199, 123, 255, 21, 183, 105, 254, 241, 78, 91,
       255, 250, 222, 205, 213, 253, 212, 204, 172, 191, 180, 38, 79,
       175, 20, 63, 203, 17, 211, 106, 25, 73, 209, 71, 29, 163, 56, 212,
       89, 62, 225, 247, 223, 85, 144, 113, 212, 2, 139, 223, 239, 255,
       252, 210, 253, 127, 223, 207, 95, 246, 253, 239, 182, 102, 111,
       255, 183, 141, 241, 254, 239, 227, 238, 127, 254, 136, 23, 236,
       245, 249, 23, 215, 67, 131, 246, 150, 239, 240, 52, 200, 91, 231,
       89, 110, 190, 228, 127, 237, 23, 255, 213, 144, 61, 238, 60, 46,
       175, 196, 173, 183, 177, 245, 174, 34, 168, 241, 237, 253, 216,
       203, 31, 191, 52, 153, 139, 141, 119, 137, 217, 26, 151, 17, 58,
       126, 106, 146, 207, 209, 181, 253, 146, 204, 92, 250, 75, 247,
       111, 255, 236, 212, 253, 119, 189, 79, 222, 247, 252, 239, 190,
       101, 239, 191, 255, 133, 247, 203, 167, 199, 118, 127, 190, 202,
       15, 212, 181, 253, 10, 174, 171, 186, 245, 225, 191, 199, 31, 71,
       92, 179, 172, 237, 114, 64, 249, 123, 147, 145, 50, 154, 42, 255,
       239, 87, 158, 235, 151, 92, 181, 250, 217, 176, 153, 180, 169,
       253, 80, 54, 255, 219, 132, 92, 190, 190, 66, 122, 133, 231, 124,
       5, 189, 79, 242, 66, 153, 251, 94, 26, 136, 68, 139, 95, 108, 116,
       28, 227, 36, 79, 123, 48, 57, 72, 119, 77, 223, 63, 11, 17, 150,
       84, 93, 106, 41, 240, 217, 44, 231, 251, 96, 145, 74, 179, 78,
       147, 252, 243, 234, 98, 168, 73, 95, 221, 163, 244, 164, 169, 83,
       151, 66, 18, 15, 212, 245, 82, 72, 75, 234, 32, 251, 193, 37, 189,
       96, 178, 198, 115, 68, 164, 172, 183, 172, 108, 111, 188, 150,
       191, 135, 17, 245, 247, 89, 74, 209, 70, 121, 91, 50, 77, 203,
       179, 205, 151, 255, 253, 130, 123, 213, 106, 141, 142, 237, 255,
       236, 186, 109, 191, 127, 95, 127, 246, 251, 111, 154, 106, 111,
       238, 62, 140, 179, 252, 111, 255, 238, 239, 246, 192, 183, 248,
       240, 248, 125, 195, 73, 206, 76, 7, 199, 248, 194, 184, 188, 74,
       83, 233, 185, 102, 89, 196, 102, 239, 201, 35, 142, 189, 113, 169,
       229, 60, 127, 187, 112, 160, 5, 136, 134, 95, 157, 155, 36, 233,
       246, 147, 70, 2, 224, 224, 168, 111, 113, 110, 42, 24, 38, 248,
       63, 125, 79, 38, 87, 69, 130, 104, 113, 172, 52, 21, 91, 237, 60,
       39, 203, 120, 22, 128, 253, 6, 81, 203, 185, 64, 124, 152, 6, 234,
       27, 179, 123, 159, 208, 205, 163, 12, 61, 171, 112, 176, 40, 160,
       134, 189, 92, 131, 160, 106, 22, 177, 98, 130, 113, 227, 32, 73,
       121, 236, 34, 152, 16, 250, 203, 157, 92, 163, 255, 101, 161, 40,
       112, 168, 253, 221, 141, 247, 141, 102, 94, 184, 144, 250, 131,
       91, 83, 127, 17, 99, 217, 212, 125, 227, 125, 195, 219, 174, 249,
       235, 239, 20, 169, 123, 120, 18, 17, 71, 95, 237, 22, 6, 111, 125,
       100, 72, 223, 66, 81, 115, 184, 96, 118, 141, 62, 236, 201, 145,
       37, 204, 240, 237, 166, 132, 45, 242, 225, 40, 18, 207, 66, 175,
       84, 129, 238, 103, 31, 1, 216, 199, 165, 235, 48, 192, 122, 171,
       3, 197, 74, 154, 66, 255, 180, 36, 142, 136, 61, 94, 249, 136,
       228, 165, 205, 227, 236, 80, 70, 169, 195, 177, 177, 88, 195, 123,
       76, 251, 89, 198, 110, 186, 122, 103, 203, 147, 63, 219, 229, 125,
       149, 75, 214, 162, 75, 191, 150, 21, 243, 156, 60, 167, 187, 251,
       14, 253, 172, 170, 70, 150, 167, 111, 249, 149, 214, 221, 131,
       226, 62, 86, 94, 227, 138, 84, 139, 31, 164, 6, 157, 247, 172,
       107, 69, 157, 22, 183, 75, 113, 199, 101, 9, 75, 81, 86, 105, 42,
       56, 212, 75, 50, 204, 130, 85, 21, 176, 251, 148, 34, 127, 199,
       70, 76, 223, 19, 78, 232, 197, 224, 253, 175, 74, 232, 190, 244,
       122, 228, 206, 238, 220, 163, 44, 220, 58, 124, 133, 223, 127,
       190, 120, 4, 235, 191, 189, 248, 188, 213, 221, 123, 223, 221,
       148, 253, 188, 188, 246, 47, 207, 51, 255, 21, 247, 111, 230, 247,
       251, 91, 127, 250, 158, 140, 247, 127, 15, 118, 176, 3, 113, 60,
       186, 156, 43, 201, 60, 228, 236, 94, 223, 190, 151, 77, 212, 125,
       135, 80, 253, 194, 14, 93, 62, 134, 206, 215, 11, 221, 75, 247,
       239, 254, 236, 212, 253, 255, 191, 95, 222, 247, 252, 254, 190,
       99, 239, 179, 255, 133, 247, 75, 170, 215, 254, 127, 254, 138, 14,
       212, 189, 253, 191, 255, 109, 239, 254, 51, 79, 255, 87, 239, 254,
       254, 115, 109, 158, 116, 127, 206, 127, 255, 251, 255, 109, 255,
       254, 239, 175, 244, 175, 254, 242, 249, 196, 166, 157, 215, 172,
       109, 79, 156, 190, 191, 133, 88, 246, 243, 200, 106, 145, 86, 125,
       58, 58, 71, 235, 115, 205, 150, 255, 253, 128, 243, 215, 32, 42,
       157, 42, 222, 221, 213, 221, 103, 215, 205, 252, 3, 40, 188, 54,
       100, 201, 171, 179, 149, 254, 171, 114, 255, 63, 127, 158, 11, 87,
       76, 252, 222, 25, 207, 102, 79, 52, 219, 103, 183, 87, 109, 94,
       230, 227, 233, 182, 228, 122, 106, 174, 108, 207, 184, 45, 191,
       110, 111, 36, 129, 119, 158, 220, 109, 253, 121, 234, 70, 230, 86,
       239, 252, 113, 196, 246, 10, 91, 253, 223, 58, 126, 252, 117, 234,
       201, 243, 189, 40, 115, 235, 229, 133, 103, 187, 246, 249, 53,
