%YAML:1.0
---
descriptors: !!opencv-matrix
   rows: 213
   cols: 32
   dt: u
   data: [ 81, 31, 95, 101, 50, 10, 111, 55, 100, 200, 94, 228, 255, 55,
       128, 119, 38, 119, 124, 234, 201, 153, 37, 108, 224, 169, 98, 128,
       44, 162, 161, 57, 127, 91, 203, 222, 246, 146, 79, 85, 133, 200,
       222, 230, 57, 207, 177, 228, 110, 235, 23, 223, 73, 155, 36, 234,
       114, 236, 174, 136, 47, 187, 56, 125, 125, 27, 235, 92, 114, 176,
       234, 82, 225, 200, 250, 230, 57, 234, 181, 240, 110, 234, 22, 204,
       137, 139, 134, 239, 114, 45, 162, 136, 127, 183, 106, 185, 218,
       120, 58, 184, 59, 200, 17, 71, 175, 5, 172, 185, 46, 159, 98, 80,
       166, 179, 205, 144, 10, 15, 130, 243, 243, 241, 26, 107, 18, 4,
       167, 107, 32, 173, 24, 92, 217, 221, 84, 175, 223, 25, 172, 8,
       162, 177, 4, 148, 137, 58, 202, 0, 122, 42, 82, 63, 171, 150, 20,
       123, 82, 8, 206, 46, 65, 34, 244, 221, 44, 154, 232, 24, 238, 208,
       82, 66, 249, 200, 212, 226, 50, 44, 110, 157, 135, 112, 143, 221,
       12, 250, 227, 76, 125, 160, 89, 4, 117, 142, 204, 183, 148, 26,
       230, 184, 84, 210, 210, 198, 243, 104, 155, 99, 121, 230, 62, 61,
       173, 248, 77, 175, 172, 111, 231, 196, 237, 236, 88, 12, 244, 57,
       187, 98, 144, 77, 83, 208, 178, 236, 166, 9, 23, 247, 67, 18, 184,
       252, 109, 82, 8, 99, 184, 42, 251, 197, 37, 57, 224, 187, 70, 114,
       32, 189, 123, 235, 252, 201, 243, 247, 207, 73, 124, 32, 183, 253,
       240, 32, 142, 58, 23, 89, 146, 184, 230, 253, 111, 156, 37, 232,
       212, 138, 215, 235, 0, 187, 187, 123, 248, 237, 249, 215, 238, 29,
       124, 41, 189, 255, 246, 48, 167, 59, 119, 17, 150, 56, 178, 113,
       111, 221, 55, 233, 208, 194, 199, 235, 64, 140, 142, 149, 8, 171,
       96, 7, 166, 35, 202, 0, 231, 162, 0, 74, 105, 166, 106, 152, 24,
       249, 195, 97, 156, 166, 210, 64, 224, 64, 33, 8, 139, 158, 30,
       187, 240, 179, 184, 150, 63, 83, 118, 245, 172, 206, 174, 216,
       247, 43, 131, 20, 183, 188, 11, 247, 78, 127, 22, 67, 154, 196,
       169, 223, 53, 245, 99, 202, 124, 135, 203, 248, 71, 232, 252, 238,
       115, 216, 188, 36, 94, 232, 22, 111, 203, 163, 124, 189, 56, 12,
       165, 252, 127, 154, 80, 181, 136, 158, 187, 251, 245, 248, 121,
       147, 255, 95, 87, 49, 172, 254, 54, 120, 227, 43, 191, 17, 182,
       252, 43, 243, 79, 127, 58, 203, 150, 69, 229, 111, 55, 207, 66,
       158, 62, 144, 206, 252, 197, 64, 217, 231, 97, 202, 188, 196, 126,
       226, 31, 239, 207, 11, 14, 253, 48, 44, 170, 200, 63, 159, 120,
       28, 128, 160, 150, 155, 77, 169, 160, 71, 238, 19, 195, 18, 164,
       192, 104, 203, 233, 171, 106, 145, 22, 239, 66, 113, 156, 34, 218,
       75, 208, 8, 185, 142, 194, 156, 142, 181, 236, 236, 61, 183, 186,
       95, 82, 53, 246, 191, 2, 91, 205, 239, 125, 21, 60, 220, 211, 99,
       205, 51, 254, 195, 136, 104, 158, 91, 90, 249, 178, 174, 25, 212,
       18, 224, 175, 140, 140, 9, 238, 222, 102, 212, 208, 245, 249, 211,
       74, 3, 154, 253, 187, 245, 11, 123, 2, 6, 47, 94, 122, 249, 50,
       170, 29, 213, 83, 96, 135, 140, 140, 9, 46, 222, 98, 196, 200,
       177, 233, 209, 78, 11, 186, 189, 179, 245, 139, 123, 18, 14, 60,
       94, 202, 140, 183, 248, 141, 228, 176, 7, 223, 23, 128, 17, 172,
       191, 100, 207, 225, 51, 235, 17, 50, 111, 146, 227, 155, 242, 94,
       107, 210, 76, 165, 34, 2, 120, 170, 155, 95, 241, 184, 194, 31,
       71, 80, 179, 172, 220, 103, 136, 239, 57, 147, 145, 38, 60, 58,
       243, 13, 84, 154, 235, 213, 13, 61, 222, 65, 149, 23, 109, 16, 46,
       98, 55, 109, 41, 234, 68, 214, 51, 128, 244, 176, 150, 124, 104,
       17, 153, 81, 79, 173, 188, 32, 64, 8, 130, 234, 41, 48, 149, 126,
       234, 180, 215, 83, 253, 69, 76, 254, 3, 115, 253, 58, 96, 124,
       178, 31, 107, 216, 171, 57, 189, 251, 237, 161, 209, 117, 138,
       244, 115, 43, 48, 225, 16, 109, 253, 209, 90, 203, 255, 60, 173,
       11, 140, 214, 174, 143, 42, 213, 21, 151, 107, 254, 144, 75, 95,
       17, 187, 207, 204, 94, 247, 84, 102, 150, 143, 138, 35, 174, 200,
       60, 162, 235, 194, 212, 227, 9, 88, 123, 197, 106, 226, 32, 215,
       201, 106, 180, 166, 207, 20, 129, 115, 35, 128, 90, 139, 46, 184,
       139, 225, 184, 71, 142, 21, 130, 179, 172, 142, 34, 74, 231, 51,
       251, 145, 22, 9, 2, 241, 219, 115, 218, 219, 148, 4, 181, 91, 2,
       34, 121, 225, 100, 201, 249, 67, 237, 21, 240, 42, 157, 27, 84,
       74, 238, 153, 95, 153, 131, 58, 96, 192, 213, 153, 186, 160, 4,
       136, 39, 169, 131, 158, 183, 187, 175, 245, 188, 135, 255, 95, 82,
       115, 172, 254, 102, 239, 231, 115, 190, 21, 183, 109, 35, 243,
       143, 251, 94, 203, 144, 68, 173, 79, 212, 88, 239, 246, 44, 78,
       93, 144, 160, 214, 182, 153, 247, 127, 19, 123, 38, 245, 125, 234,
       232, 197, 179, 40, 211, 235, 239, 145, 37, 241, 102, 122, 192,
       169, 219, 232, 244, 169, 104, 7, 127, 1, 250, 88, 183, 171, 80,
       80, 226, 191, 94, 17, 50, 58, 128, 81, 188, 188, 2, 104, 132, 192,
       131, 136, 106, 176, 176, 90, 253, 125, 145, 143, 75, 125, 53, 57,
       142, 28, 78, 190, 137, 19, 199, 17, 150, 106, 251, 145, 79, 81,
       21, 127, 210, 12, 222, 223, 58, 239, 98, 142, 210, 211, 110, 231,
       21, 4, 124, 163, 41, 239, 182, 208, 122, 251, 131, 196, 84, 154,
       4, 255, 118, 101, 142, 137, 55, 158, 174, 220, 53, 125, 107, 78,
       252, 15, 71, 252, 96, 202, 248, 76, 115, 113, 157, 48, 88, 226,
       86, 110, 201, 163, 127, 46, 112, 140, 165, 156, 121, 251, 242,
       160, 80, 93, 251, 110, 82, 228, 111, 212, 112, 4, 110, 0, 115,
       247, 161, 112, 118, 255, 0, 202, 75, 178, 176, 107, 117, 173, 32,
       8, 96, 243, 38, 104, 10, 154, 146, 251, 51, 246, 184, 71, 62, 15,
       83, 179, 172, 222, 38, 232, 247, 59, 179, 145, 54, 156, 2, 199,
       12, 119, 26, 195, 134, 4, 173, 223, 80, 221, 189, 255, 168, 72,
       85, 47, 160, 94, 150, 41, 247, 127, 2, 83, 131, 119, 125, 3, 72,
       79, 227, 41, 227, 163, 124, 153, 32, 112, 135, 123, 5, 177, 155,
       241, 180, 142, 105, 23, 126, 137, 90, 84, 149, 243, 72, 96, 213,
       30, 55, 24, 147, 216, 211, 2, 205, 173, 191, 196, 136, 130, 161,
       161, 116, 105, 2, 140, 89, 67, 2, 104, 134, 164, 224, 10, 2, 194,
       33, 208, 120, 236, 74, 98, 72, 3, 218, 28, 49, 32, 131, 61, 81,
       59, 42, 138, 29, 3, 220, 237, 162, 14, 125, 57, 45, 184, 123, 231,
       223, 47, 137, 91, 54, 133, 61, 172, 145, 208, 5, 76, 230, 235,
       106, 132, 172, 242, 129, 17, 38, 118, 226, 209, 119, 177, 184, 66,
       95, 199, 125, 183, 8, 136, 119, 140, 255, 9, 147, 149, 134, 246,
       38, 194, 30, 92, 154, 239, 215, 77, 125, 199, 244, 79, 67, 237,
       22, 2, 111, 120, 53, 132, 222, 230, 115, 71, 177, 85, 124, 236,
       31, 238, 232, 146, 101, 14, 244, 174, 167, 128, 39, 186, 116, 96,
       40, 81, 98, 236, 223, 151, 222, 125, 84, 96, 220, 2, 121, 249,
       176, 224, 88, 250, 147, 233, 213, 171, 84, 157, 119, 237, 165,
       153, 63, 158, 248, 155, 245, 84, 118, 69, 22, 11, 230, 248, 113,
       226, 242, 110, 83, 120, 159, 183, 58, 196, 92, 111, 237, 247, 29,
       14, 48, 42, 101, 20, 111, 251, 114, 4, 33, 165, 85, 153, 220, 171,
       224, 99, 108, 1, 235, 82, 131, 192, 24, 96, 120, 170, 74, 41, 18,
       184, 87, 87, 141, 160, 18, 64, 113, 8, 211, 132, 220, 249, 159,
       119, 11, 82, 16, 180, 163, 240, 134, 40, 255, 247, 65, 242, 38,
       245, 248, 192, 73, 201, 187, 104, 219, 235, 69, 19, 42, 50, 7, 58,
       37, 141, 233, 75, 244, 51, 231, 255, 87, 103, 253, 100, 211, 40,
       254, 100, 91, 202, 22, 157, 159, 186, 109, 179, 46, 30, 182, 228,
       213, 202, 244, 236, 24, 173, 18, 167, 49, 141, 102, 230, 173, 4,
       234, 8, 175, 227, 0, 148, 138, 123, 202, 67, 74, 184, 80, 189,
       165, 215, 18, 18, 66, 7, 7, 40, 42, 237, 241, 90, 253, 209, 159,
       239, 91, 37, 124, 8, 40, 253, 92, 180, 159, 27, 147, 17, 83, 58,
       250, 247, 47, 28, 21, 123, 215, 222, 222, 174, 0, 187, 115, 201,
