%YAML:1.0
---
descriptors: !!opencv-matrix
   rows: 68
   cols: 32
   dt: u
   data: [ 170, 171, 98, 152, 223, 209, 184, 199, 155, 85, 84, 187, 168,
       140, 118, 133, 233, 43, 147, 149, 182, 126, 166, 247, 31, 80, 154,
       235, 215, 12, 191, 222, 113, 140, 204, 181, 156, 2, 70, 127, 82,
       226, 210, 223, 115, 104, 178, 97, 89, 230, 61, 45, 253, 251, 205,
       158, 184, 46, 253, 148, 189, 236, 88, 76, 247, 119, 110, 4, 230,
       18, 254, 112, 233, 214, 95, 239, 73, 236, 255, 55, 126, 197, 183,
       231, 229, 243, 172, 200, 54, 40, 239, 140, 47, 247, 250, 213, 151,
       123, 235, 179, 230, 131, 173, 80, 28, 192, 83, 231, 29, 206, 241,
       41, 126, 185, 23, 215, 193, 213, 12, 192, 80, 8, 175, 136, 173,
       251, 49, 177, 141, 207, 220, 238, 236, 39, 207, 255, 158, 158,
       156, 98, 221, 235, 249, 33, 127, 219, 63, 255, 225, 99, 42, 250,
       254, 223, 239, 188, 159, 250, 169, 169, 10, 187, 186, 135, 125,
       221, 187, 117, 175, 77, 94, 101, 172, 158, 214, 228, 166, 63, 255,
       85, 215, 185, 162, 241, 111, 125, 46, 235, 14, 6, 143, 255, 153,
       77, 106, 237, 22, 150, 239, 116, 100, 66, 214, 130, 57, 15, 179,
       97, 126, 188, 23, 238, 233, 157, 53, 207, 119, 233, 170, 128, 39,
       176, 113, 233, 3, 147, 123, 248, 116, 133, 184, 117, 143, 73, 112,
       111, 188, 158, 180, 0, 238, 57, 23, 149, 211, 58, 0, 213, 60, 28,
       186, 234, 29, 8, 241, 155, 10, 151, 58, 159, 242, 112, 189, 255,
       31, 79, 94, 179, 236, 238, 174, 196, 255, 27, 183, 161, 182, 152,
       47, 255, 110, 119, 254, 203, 150, 204, 173, 223, 139, 152, 50,
       185, 101, 183, 184, 87, 159, 75, 118, 23, 172, 223, 38, 76, 255,
       43, 183, 21, 182, 255, 18, 211, 223, 251, 26, 194, 26, 12, 169,
       219, 6, 143, 198, 191, 212, 163, 239, 239, 30, 150, 251, 147, 228,
       99, 57, 69, 123, 235, 35, 175, 112, 242, 73, 239, 60, 54, 223, 4,
       181, 123, 245, 168, 55, 87, 110, 75, 118, 27, 190, 248, 77, 36,
       127, 231, 73, 72, 191, 100, 126, 144, 150, 238, 196, 177, 45, 252,
       54, 78, 165, 135, 127, 191, 120, 149, 106, 63, 37, 158, 237, 213,
       157, 125, 137, 204, 93, 173, 236, 237, 23, 134, 204, 115, 243, 5,
       241, 106, 242, 187, 55, 119, 206, 155, 86, 110, 159, 255, 238,
       188, 224, 81, 181, 250, 73, 150, 115, 229, 142, 180, 139, 45, 215,
       246, 65, 214, 253, 144, 190, 220, 245, 226, 174, 127, 149, 213,
       166, 228, 94, 116, 211, 221, 111, 71, 86, 215, 235, 244, 116, 96,
       214, 198, 113, 71, 188, 117, 118, 196, 63, 238, 225, 157, 61, 127,
       122, 42, 170, 192, 63, 151, 112, 124, 31, 68, 67, 251, 150, 131,
       235, 80, 20, 192, 219, 198, 89, 199, 177, 108, 126, 168, 23, 191,
       139, 149, 28, 206, 248, 204, 171, 192, 191, 155, 49, 176, 57, 133,
       107, 201, 246, 210, 235, 121, 69, 64, 222, 130, 81, 77, 190, 100,
       126, 170, 23, 239, 217, 187, 53, 221, 122, 109, 170, 196, 63, 138,
       240, 240, 29, 8, 235, 101, 38, 58, 111, 16, 100, 226, 86, 194, 27,
       47, 147, 122, 54, 252, 125, 238, 129, 144, 37, 200, 70, 233, 227,
       128, 167, 243, 97, 97, 142, 220, 182, 151, 165, 118, 54, 175, 63,
       223, 79, 53, 236, 126, 14, 205, 243, 95, 161, 3, 116, 220, 27,
       239, 175, 118, 223, 7, 130, 117, 173, 95, 62, 71, 98, 174, 157,
       55, 215, 236, 149, 238, 221, 143, 75, 232, 63, 213, 249, 239, 223,
       231, 252, 163, 44, 190, 178, 127, 197, 191, 119, 255, 246, 70,
       130, 188, 187, 217, 123, 229, 185, 79, 62, 79, 84, 17, 188, 255,
       36, 76, 245, 59, 179, 17, 50, 220, 243, 255, 77, 22, 26, 234, 144,
       0, 167, 251, 106, 188, 102, 81, 245, 250, 248, 167, 123, 253, 62,
       169, 137, 44, 214, 182, 201, 55, 245, 145, 190, 248, 245, 206, 46,
       127, 151, 195, 134, 4, 94, 222, 90, 159, 36, 140, 127, 93, 187,
       251, 27, 125, 92, 191, 44, 60, 158, 164, 191, 23, 247, 37, 183,
       59, 187, 255, 63, 87, 201, 191, 23, 12, 159, 255, 202, 86, 182,
       148, 127, 251, 188, 103, 159, 239, 247, 191, 236, 254, 38, 205,
       255, 55, 255, 1, 181, 223, 225, 223, 190, 119, 223, 211, 158, 12,
       173, 215, 120, 76, 110, 238, 84, 211, 107, 248, 85, 100, 254, 2,
       123, 13, 179, 97, 122, 180, 55, 234, 232, 183, 37, 159, 115, 235,
       161, 129, 55, 138, 124, 120, 235, 159, 164, 188, 123, 221, 154,
       123, 27, 93, 212, 191, 108, 252, 190, 167, 222, 83, 247, 1, 183,
       11, 243, 255, 63, 119, 136, 187, 23, 12, 159, 255, 250, 220, 102,
       244, 101, 242, 180, 119, 181, 78, 214, 183, 40, 221, 54, 213, 236,
       183, 255, 161, 253, 175, 18, 207, 83, 115, 218, 203, 79, 4, 254,
       223, 90, 92, 102, 84, 7, 123, 180, 103, 181, 79, 222, 183, 42,
       189, 54, 204, 44, 183, 255, 129, 109, 191, 48, 207, 211, 119, 218,
       131, 111, 116, 255, 222, 61, 101, 107, 200, 86, 23, 235, 248, 80,
       100, 125, 138, 81, 76, 191, 49, 126, 136, 23, 255, 193, 50, 60,
       156, 117, 13, 171, 236, 117, 155, 114, 240, 237, 134, 204, 180,
       252, 34, 239, 251, 94, 162, 188, 246, 253, 235, 241, 195, 123,
       230, 63, 175, 241, 111, 143, 207, 252, 207, 239, 188, 189, 248,
       113, 169, 164, 84, 173, 190, 236, 101, 175, 200, 222, 218, 81, 83,
       244, 252, 57, 75, 217, 123, 51, 195, 161, 102, 90, 98, 69, 42,
       239, 168, 149, 123, 245, 243, 50, 73, 86, 245, 71, 194, 252, 103,
       45, 24, 242, 3, 40, 10, 52, 217, 234, 173, 183, 129, 76, 184, 65,
       197, 151, 250, 218, 131, 37, 4, 248, 142, 10, 186, 138, 185, 243,
       241, 184, 71, 30, 29, 88, 179, 172, 158, 98, 200, 255, 59, 179,
       145, 22, 152, 18, 241, 15, 23, 154, 235, 144, 76, 173, 223, 139,
       178, 150, 153, 167, 177, 184, 7, 30, 19, 82, 247, 172, 138, 102,
       205, 247, 27, 179, 149, 54, 220, 3, 211, 14, 83, 218, 227, 158,
       76, 169, 143, 31, 251, 255, 239, 254, 86, 255, 253, 15, 253, 223,
       231, 205, 255, 191, 230, 254, 247, 191, 127, 213, 153, 111, 232,
       254, 255, 239, 150, 175, 191, 221, 117, 179, 251, 236, 157, 239,
       87, 189, 127, 31, 254, 212, 239, 40, 190, 247, 43, 239, 239, 191,
       149, 253, 123, 119, 216, 62, 91, 255, 174, 31, 124, 189, 223, 70,
       245, 132, 145, 169, 241, 180, 143, 174, 183, 138, 177, 140, 190,
       78, 206, 133, 87, 249, 145, 22, 73, 219, 243, 173, 22, 223, 127,
       128, 84, 141, 94, 91, 16, 255, 229, 34, 50, 121, 18, 173, 203, 86,
       243, 61, 63, 181, 106, 102, 245, 61, 141, 145, 156, 165, 200, 194,
       249, 250, 128, 175, 228, 33, 121, 58, 141, 96, 227, 183, 151, 250,
       113, 13, 12, 255, 2, 75, 11, 62, 196, 250, 131, 151, 227, 220,
       184, 97, 253, 187, 217, 138, 195, 55, 142, 252, 70, 245, 207, 205,
       231, 180, 42, 79, 188, 84, 162, 219, 226, 243, 96, 153, 96, 123,
       238, 108, 238, 249, 240, 77, 62, 172, 174, 229, 148, 173, 251,
       208, 40, 27, 105, 227, 134, 84, 22, 238, 240, 197, 192, 218, 198,
       121, 232, 177, 228, 126, 236, 22, 239, 205, 147, 44, 233, 48, 108,
       175, 128, 45, 255, 112, 252, 14, 60, 182, 220, 253, 125, 188, 235,
       159, 222, 124, 55, 140, 254, 127, 175, 255, 91, 183, 177, 183,
       105, 178, 194, 47, 95, 207, 239, 158, 109, 173, 215, 56, 205, 242,
       236, 69, 70, 94, 248, 65, 130, 252, 2, 123, 249, 49, 16, 120, 252,
       149, 234, 200, 179, 16, 169, 243, 239, 161, 5, 103, 251, 118, 138,
       113, 89, 107, 78, 68, 82, 239, 120, 96, 64, 223, 66, 113, 253,
       181, 100, 126, 236, 55, 239, 201, 179, 188, 77, 115, 44, 162, 128,
       117, 179, 116, 248, 47, 61, 235, 253, 244, 253, 251, 218, 223,
       200, 252, 230, 121, 253, 255, 32, 255, 251, 151, 189, 135, 178,
       126, 219, 127, 93, 175, 172, 223, 255, 114, 245, 25, 157, 110,
       239, 180, 143, 111, 253, 119, 232, 255, 70, 123, 249, 178, 96,
       127, 235, 63, 239, 249, 186, 93, 255, 254, 207, 167, 196, 61, 187,
       240, 25, 2, 139, 23, 157, 101, 204, 252, 103, 173, 25, 122, 67,
       172, 138, 52, 194, 234, 171, 183, 129, 64, 184, 18, 193, 133, 176,
       218, 3, 20, 12, 229, 206, 24, 188, 122, 122, 187, 229, 80, 215,
