%YAML:1.0
---
descriptors: !!opencv-matrix
   rows: 181
   cols: 32
   dt: u
   data: [ 58, 239, 98, 238, 114, 147, 238, 247, 29, 4, 124, 195, 45,
       238, 182, 208, 126, 251, 151, 238, 214, 154, 4, 255, 118, 237,
       174, 137, 55, 158, 175, 204, 216, 90, 127, 100, 34, 90, 125, 52,
       160, 206, 214, 228, 127, 23, 129, 123, 38, 245, 252, 234, 233,
       197, 177, 40, 242, 235, 100, 128, 46, 176, 47, 121, 125, 93, 85,
       102, 42, 14, 71, 184, 97, 224, 175, 236, 115, 103, 137, 115, 54,
       228, 108, 110, 201, 67, 253, 44, 242, 233, 101, 16, 42, 179, 66,
       113, 218, 248, 58, 184, 27, 224, 49, 71, 171, 21, 172, 57, 46,
       159, 98, 80, 166, 187, 237, 144, 2, 15, 162, 243, 211, 245, 26,
       107, 0, 4, 167, 123, 59, 119, 99, 77, 116, 151, 234, 120, 69, 72,
       253, 207, 115, 200, 183, 164, 124, 168, 23, 111, 205, 179, 116,
       159, 50, 76, 169, 168, 127, 175, 120, 213, 32, 189, 123, 233, 244,
       201, 241, 215, 111, 73, 124, 40, 183, 253, 240, 32, 142, 58, 23,
       17, 151, 184, 102, 253, 111, 157, 39, 233, 212, 138, 199, 235, 90,
       184, 158, 184, 43, 192, 57, 71, 175, 21, 134, 49, 172, 151, 98,
       82, 230, 55, 253, 144, 18, 11, 146, 193, 209, 245, 26, 91, 128, 4,
       165, 91, 166, 98, 226, 88, 79, 81, 184, 72, 91, 215, 117, 179, 8,
       140, 127, 174, 251, 25, 147, 145, 166, 246, 166, 194, 23, 93, 154,
       175, 215, 28, 127, 198, 59, 111, 99, 20, 118, 160, 171, 214, 241,
       200, 250, 227, 51, 172, 181, 164, 110, 250, 151, 69, 137, 187, 36,
       173, 48, 108, 170, 128, 103, 252, 114, 253, 119, 91, 227, 206,
       252, 208, 79, 116, 197, 140, 222, 226, 49, 230, 167, 100, 108,
       232, 23, 202, 153, 139, 166, 236, 114, 173, 162, 136, 55, 187,
       116, 125, 53, 233, 97, 202, 124, 151, 203, 248, 70, 104, 248, 78,
       115, 216, 184, 164, 88, 200, 22, 255, 203, 35, 108, 189, 56, 140,
       165, 252, 125, 155, 112, 181, 19, 207, 66, 158, 54, 144, 206, 252,
       149, 0, 216, 231, 105, 234, 190, 196, 126, 226, 143, 239, 206,
       139, 14, 255, 48, 44, 170, 200, 63, 159, 120, 156, 32, 173, 16,
       90, 217, 221, 82, 99, 207, 21, 233, 24, 166, 241, 36, 148, 201,
       58, 194, 0, 90, 43, 90, 55, 59, 148, 16, 123, 82, 8, 206, 174,
       195, 158, 190, 187, 173, 244, 56, 135, 191, 95, 86, 17, 236, 254,
       98, 203, 231, 111, 255, 17, 182, 93, 139, 243, 207, 115, 126, 203,
       144, 68, 173, 95, 226, 156, 140, 181, 170, 110, 125, 55, 58, 255,
       210, 61, 244, 63, 2, 91, 199, 231, 125, 133, 48, 220, 211, 162,
       205, 179, 254, 147, 136, 120, 144, 91, 240, 181, 152, 240, 185,
       109, 21, 143, 186, 55, 172, 57, 134, 183, 74, 27, 129, 19, 237,
       16, 50, 79, 194, 19, 251, 215, 85, 127, 192, 64, 135, 11, 193,
       206, 25, 117, 48, 11, 103, 63, 116, 170, 98, 112, 243, 3, 128,
       113, 17, 108, 108, 56, 105, 220, 197, 31, 236, 170, 53, 64, 104,
       160, 194, 40, 64, 136, 142, 181, 8, 169, 96, 7, 166, 19, 194, 209,
       225, 162, 0, 75, 105, 166, 106, 136, 24, 221, 195, 67, 132, 162,
       218, 65, 160, 64, 161, 8, 20, 160, 150, 153, 79, 169, 224, 202,
       207, 19, 225, 18, 132, 202, 108, 203, 233, 139, 106, 145, 22, 103,
       78, 209, 156, 0, 219, 111, 209, 73, 105, 134, 133, 135, 78, 171,
       148, 138, 107, 168, 116, 32, 75, 194, 209, 67, 152, 65, 120, 14,
       34, 238, 112, 152, 77, 61, 236, 163, 226, 68, 60, 139, 209, 128,
       64, 170, 219, 232, 116, 168, 104, 71, 174, 1, 104, 120, 181, 131,
       96, 80, 163, 187, 78, 24, 18, 25, 130, 81, 156, 180, 58, 104, 132,
       192, 163, 168, 143, 4, 224, 77, 125, 87, 249, 123, 85, 234, 220,
       130, 217, 124, 159, 36, 126, 132, 95, 173, 229, 179, 101, 206,
       127, 127, 175, 132, 55, 236, 113, 245, 21, 45, 211, 227, 150, 170,
       235, 208, 118, 161, 107, 66, 213, 195, 41, 96, 50, 108, 2, 250,
       19, 176, 9, 126, 172, 174, 39, 64, 225, 211, 97, 160, 25, 159,
       107, 233, 180, 211, 207, 253, 84, 76, 222, 230, 115, 105, 178, 96,
       126, 170, 31, 239, 221, 185, 53, 191, 250, 237, 166, 192, 63, 138,
       244, 249, 118, 164, 150, 186, 157, 169, 6, 235, 159, 179, 137, 11,
       230, 224, 104, 7, 217, 227, 106, 51, 62, 103, 202, 183, 185, 150,
       143, 127, 144, 75, 159, 6, 122, 121, 50, 238, 29, 213, 83, 96,
       135, 12, 141, 9, 174, 222, 34, 208, 200, 185, 205, 67, 78, 11,
       186, 189, 179, 245, 138, 59, 18, 15, 60, 90, 48, 73, 6, 165, 93,
       11, 198, 68, 5, 160, 234, 10, 98, 0, 33, 80, 120, 236, 106, 227,
       72, 179, 81, 76, 177, 164, 143, 17, 97, 58, 112, 138, 62, 121,
       130, 174, 93, 197, 150, 200, 131, 128, 220, 11, 106, 221, 97, 132,
       216, 250, 211, 211, 10, 35, 218, 185, 115, 213, 141, 59, 243, 63,
       62, 154, 189, 84, 118, 69, 70, 59, 198, 248, 113, 226, 242, 110,
       83, 120, 191, 167, 58, 196, 118, 111, 237, 247, 157, 14, 48, 42,
       101, 20, 111, 251, 122, 132, 53, 142, 229, 87, 244, 26, 230, 176,
       116, 146, 114, 194, 243, 97, 157, 245, 123, 234, 6, 62, 249, 248,
       109, 47, 46, 174, 119, 68, 231, 232, 64, 164, 13, 3, 220, 229,
       162, 14, 125, 57, 45, 157, 127, 229, 223, 47, 153, 123, 38, 21,
       125, 172, 144, 208, 71, 72, 198, 235, 98, 132, 228, 242, 129, 33,
       10, 248, 178, 187, 119, 221, 177, 198, 158, 95, 84, 19, 172, 222,
       102, 8, 239, 59, 147, 17, 2, 188, 26, 243, 13, 87, 26, 107, 146,
       29, 5, 219, 65, 216, 19, 94, 69, 196, 103, 189, 117, 66, 102, 64,
       126, 209, 56, 116, 112, 202, 34, 202, 211, 190, 50, 119, 117, 190,
       16, 72, 90, 146, 224, 40, 244, 57, 187, 100, 180, 111, 67, 144,
       178, 236, 182, 40, 19, 181, 193, 51, 8, 252, 93, 90, 41, 115, 232,
       40, 251, 201, 37, 184, 224, 251, 70, 115, 137, 157, 29, 123, 176,
       191, 110, 183, 125, 10, 118, 84, 255, 115, 160, 113, 151, 34, 20,
       42, 241, 188, 121, 127, 239, 251, 100, 64, 26, 192, 193, 41, 153,
       157, 16, 97, 176, 174, 98, 151, 125, 41, 106, 84, 159, 51, 128,
       240, 183, 26, 28, 56, 179, 152, 17, 127, 175, 253, 38, 68, 250,
       192, 193, 41, 3, 24, 62, 252, 108, 165, 184, 214, 143, 24, 212,
       34, 188, 159, 51, 106, 238, 123, 31, 193, 130, 11, 18, 241, 87,
       185, 186, 170, 16, 9, 41, 139, 138, 188, 146, 154, 219, 241, 176,
       199, 159, 23, 64, 179, 172, 190, 102, 204, 239, 59, 147, 145, 54,
       94, 18, 243, 31, 86, 26, 107, 146, 76, 141, 159, 39, 141, 233,
       203, 244, 243, 239, 255, 87, 97, 120, 98, 209, 44, 254, 100, 91,
       202, 22, 157, 159, 186, 125, 247, 46, 94, 150, 228, 213, 202, 240,
       236, 0, 187, 123, 201, 244, 205, 251, 247, 239, 105, 124, 104,
       191, 221, 244, 36, 126, 58, 23, 88, 211, 184, 118, 253, 109, 156,
       36, 232, 86, 138, 215, 169, 174, 48, 176, 97, 233, 125, 80, 216,
       107, 249, 189, 57, 142, 157, 207, 62, 143, 28, 253, 18, 150, 118,
       251, 144, 79, 217, 1, 127, 194, 207, 70, 215, 8, 185, 186, 233,
       248, 205, 249, 215, 175, 13, 124, 5, 188, 223, 98, 16, 166, 59,
       23, 20, 146, 58, 178, 117, 111, 221, 46, 235, 208, 2, 167, 251,
       85, 29, 31, 103, 176, 46, 71, 51, 228, 168, 171, 76, 247, 51, 129,
       115, 52, 102, 108, 106, 201, 161, 217, 45, 225, 235, 97, 16, 104,
       227, 66, 41, 49, 205, 67, 138, 124, 147, 202, 248, 71, 192, 216,
       198, 115, 200, 189, 164, 90, 168, 22, 239, 207, 163, 92, 191, 56,
       12, 165, 60, 127, 142, 120, 156, 32, 140, 56, 88, 93, 253, 208,
       198, 223, 29, 232, 24, 162, 216, 38, 96, 201, 42, 130, 17, 54, 43,
       82, 183, 15, 30, 16, 123, 208, 9, 124, 142, 209, 143, 159, 101,
       176, 14, 111, 55, 116, 137, 106, 80, 247, 35, 128, 112, 50, 110,
       108, 12, 185, 152, 5, 47, 232, 175, 54, 192, 168, 160, 193, 41,
       64, 158, 191, 183, 164, 236, 53, 151, 58, 215, 90, 49, 247, 247,
       2, 90, 215, 127, 125, 17, 53, 216, 147, 99, 205, 183, 126, 193,
       140, 96, 151, 219, 5, 161, 155, 225, 180, 142, 105, 23, 118, 137,
       91, 80, 149, 211, 192, 96, 85, 46, 54, 28, 147, 152, 1, 2, 237,
