%YAML:1.0
---
descriptors: !!opencv-matrix
   rows: 156
   cols: 32
   dt: u
   data: [ 34, 143, 122, 222, 247, 211, 190, 231, 95, 4, 124, 163, 40,
       204, 182, 100, 254, 58, 147, 192, 214, 187, 36, 255, 58, 62, 154,
       203, 87, 142, 252, 255, 231, 119, 110, 68, 230, 18, 255, 248, 105,
       246, 127, 239, 73, 108, 255, 55, 126, 197, 215, 231, 197, 115,
       172, 200, 54, 56, 239, 174, 47, 247, 250, 213, 184, 124, 123, 112,
       48, 205, 85, 87, 177, 78, 102, 8, 63, 159, 33, 49, 168, 187, 197,
       0, 104, 190, 48, 10, 243, 201, 48, 9, 97, 152, 70, 123, 231, 108,
       217, 226, 108, 189, 218, 136, 123, 162, 185, 88, 159, 218, 93,
       176, 159, 253, 95, 91, 199, 103, 218, 242, 134, 216, 11, 58, 77,
       219, 75, 4, 116, 105, 150, 214, 205, 9, 100, 196, 107, 176, 162,
       10, 98, 50, 68, 223, 232, 228, 106, 66, 72, 123, 217, 96, 157,
       162, 85, 59, 193, 120, 234, 174, 89, 161, 17, 104, 49, 220, 80,
       39, 47, 9, 202, 8, 191, 147, 0, 212, 144, 171, 236, 8, 91, 137,
       145, 29, 187, 245, 0, 82, 26, 2, 131, 10, 58, 243, 242, 156, 127,
       209, 159, 238, 159, 236, 156, 175, 108, 252, 246, 164, 223, 249,
       255, 229, 220, 107, 166, 255, 187, 95, 143, 187, 23, 172, 31, 223,
       58, 26, 98, 238, 127, 255, 218, 112, 85, 76, 247, 175, 43, 29,
       183, 132, 238, 252, 215, 199, 140, 191, 101, 237, 86, 125, 160,
       131, 127, 143, 126, 223, 117, 223, 249, 111, 214, 111, 71, 255,
       82, 234, 184, 106, 83, 117, 201, 48, 127, 222, 4, 106, 249, 58,
       237, 62, 253, 142, 37, 180, 249, 251, 198, 49, 30, 253, 190, 186,
       187, 221, 158, 228, 191, 85, 220, 9, 238, 254, 46, 112, 239, 251,
       255, 211, 126, 11, 186, 247, 251, 247, 158, 219, 146, 87, 175,
       223, 240, 30, 173, 181, 188, 46, 85, 55, 16, 239, 214, 125, 119,
       53, 147, 91, 221, 230, 125, 45, 184, 222, 193, 42, 245, 175, 245,
       144, 160, 248, 214, 123, 69, 149, 153, 99, 178, 47, 98, 155, 110,
       41, 47, 68, 223, 51, 8, 112, 183, 86, 124, 56, 19, 144, 25, 22,
       237, 253, 37, 84, 136, 195, 131, 49, 138, 150, 55, 219, 161, 249,
       185, 71, 191, 95, 116, 180, 172, 231, 174, 205, 231, 59, 135, 24,
       51, 220, 50, 247, 142, 211, 90, 67, 154, 196, 165, 253, 224, 120,
       159, 118, 41, 76, 83, 148, 250, 218, 160, 40, 246, 215, 65, 59,
       128, 116, 104, 74, 105, 103, 250, 40, 129, 184, 84, 58, 64, 49,
       70, 43, 147, 183, 130, 172, 156, 7, 78, 127, 23, 226, 200, 199,
       113, 227, 114, 66, 125, 239, 27, 173, 253, 203, 157, 202, 185, 4,
       143, 44, 41, 238, 185, 24, 29, 87, 111, 239, 54, 19, 79, 248, 68,
       200, 223, 230, 83, 109, 187, 96, 126, 244, 31, 239, 233, 177, 45,
       157, 242, 237, 175, 144, 61, 187, 116, 113, 213, 86, 255, 231, 32,
       110, 121, 24, 56, 222, 183, 253, 215, 63, 219, 123, 55, 213, 125,
       234, 173, 199, 247, 10, 215, 235, 243, 132, 172, 241, 102, 115,
       94, 128, 166, 190, 141, 244, 148, 203, 143, 151, 135, 3, 110, 254,
       110, 207, 233, 247, 235, 145, 30, 67, 154, 241, 155, 243, 223,
       123, 147, 124, 189, 70, 181, 205, 69, 15, 148, 91, 198, 245, 84,
       226, 219, 202, 83, 104, 157, 225, 121, 238, 6, 111, 253, 178, 109,
       46, 58, 46, 165, 84, 253, 251, 248, 132, 53, 204, 193, 87, 212,
       218, 230, 184, 116, 194, 242, 194, 243, 104, 157, 229, 121, 236,
       6, 125, 237, 244, 109, 175, 44, 46, 229, 68, 237, 234, 88, 132,
       94, 169, 182, 178, 139, 208, 60, 205, 175, 181, 166, 11, 46, 254,
       110, 222, 226, 245, 251, 209, 30, 75, 187, 241, 155, 215, 223,
       127, 163, 6, 175, 78, 74, 188, 180, 254, 169, 252, 21, 167, 191,
       95, 132, 25, 174, 254, 70, 223, 133, 115, 253, 1, 38, 77, 250,
       241, 203, 243, 95, 59, 146, 85, 141, 127, 45, 68, 104, 200, 86,
       81, 238, 248, 65, 102, 125, 170, 25, 77, 190, 240, 126, 136, 151,
       234, 194, 50, 108, 221, 118, 77, 160, 237, 119, 155, 122, 224, 17,
       224, 196, 149, 20, 154, 232, 184, 118, 240, 82, 70, 243, 232, 158,
       224, 123, 236, 54, 253, 207, 240, 207, 221, 140, 42, 231, 68, 45,
       172, 88, 132, 138, 188, 154, 187, 113, 255, 176, 167, 31, 79, 70,
       19, 172, 255, 34, 200, 247, 59, 179, 17, 54, 156, 83, 247, 15,
       119, 26, 67, 146, 76, 173, 219, 250, 157, 118, 212, 119, 214, 176,
       115, 185, 204, 246, 47, 14, 156, 54, 245, 238, 181, 253, 1, 229,
       175, 176, 206, 59, 123, 88, 211, 79, 44, 126, 95, 130, 180, 178,
       155, 253, 245, 184, 67, 31, 79, 125, 19, 172, 254, 118, 204, 251,
       59, 147, 145, 22, 190, 82, 215, 15, 86, 154, 235, 149, 76, 173,
       214, 25, 85, 110, 239, 4, 231, 235, 112, 68, 196, 223, 130, 49, 5,
       179, 101, 126, 168, 23, 239, 137, 177, 53, 140, 209, 201, 162,
       128, 55, 155, 116, 248, 194, 205, 114, 220, 87, 208, 108, 102,
       253, 6, 94, 2, 40, 186, 180, 228, 98, 170, 178, 200, 65, 159, 54,
       239, 55, 62, 218, 11, 55, 4, 125, 174, 130, 156, 186, 223, 113,
       229, 185, 71, 62, 15, 86, 16, 172, 255, 38, 76, 231, 59, 179, 16,
       50, 220, 178, 255, 79, 62, 154, 195, 144, 64, 37, 187, 117, 113,
       249, 101, 244, 79, 79, 184, 112, 232, 252, 76, 83, 117, 217, 48,
       88, 204, 84, 110, 201, 178, 253, 8, 255, 205, 37, 180, 109, 187,
       82, 113, 124, 125, 253, 103, 172, 79, 71, 184, 98, 234, 191, 8,
       211, 117, 217, 50, 25, 212, 124, 106, 201, 99, 249, 40, 251, 239,
       101, 52, 97, 251, 70, 112, 180, 172, 9, 186, 92, 169, 194, 202,
       22, 55, 224, 27, 2, 193, 105, 89, 121, 138, 2, 176, 42, 119, 74,
       55, 29, 132, 131, 125, 17, 73, 118, 130, 1, 189, 115, 201, 244,
       201, 235, 247, 110, 73, 124, 232, 187, 213, 244, 100, 86, 42, 86,
       88, 211, 56, 100, 253, 44, 28, 38, 232, 94, 138, 211, 253, 58,
       242, 98, 172, 127, 211, 218, 236, 159, 236, 244, 171, 45, 204, 54,
       164, 254, 249, 215, 229, 206, 111, 166, 255, 147, 93, 155, 191,
       23, 13, 127, 223, 59, 90, 106, 236, 111, 217, 218, 212, 5, 108,
       246, 175, 43, 156, 183, 188, 238, 253, 215, 71, 204, 183, 37, 189,
       82, 249, 160, 179, 119, 159, 126, 223, 218, 155, 42, 184, 171,
       177, 184, 71, 143, 85, 158, 183, 140, 142, 102, 200, 231, 35, 251,
       149, 150, 9, 2, 209, 154, 81, 154, 251, 148, 12, 189, 95, 218,
       156, 59, 184, 27, 224, 25, 3, 174, 69, 142, 185, 191, 159, 98, 80,
       230, 179, 253, 145, 26, 13, 146, 151, 219, 229, 186, 219, 176, 0,
       37, 123, 117, 255, 217, 103, 240, 111, 79, 191, 114, 234, 186,
       104, 83, 55, 193, 48, 93, 222, 68, 250, 249, 250, 233, 62, 252,
       142, 37, 180, 233, 250, 194, 57, 30, 253, 51, 186, 159, 221, 190,
       236, 175, 68, 216, 11, 236, 255, 45, 240, 251, 251, 255, 211, 70,
       11, 154, 255, 251, 247, 143, 123, 18, 87, 39, 90, 74, 158, 190,
       191, 179, 244, 48, 151, 191, 95, 94, 18, 172, 254, 98, 104, 231,
       123, 191, 145, 150, 216, 179, 247, 207, 247, 126, 203, 144, 64,
       173, 95, 64, 237, 156, 191, 137, 236, 116, 175, 190, 187, 10, 9,
       230, 234, 67, 91, 129, 103, 106, 20, 86, 73, 219, 33, 239, 243,
       87, 91, 128, 112, 203, 10, 145, 68, 79, 221, 70, 98, 237, 119, 84,
       2, 242, 242, 121, 34, 176, 105, 106, 170, 38, 168, 121, 190, 37,
       207, 212, 170, 250, 128, 61, 248, 240, 168, 246, 125, 16, 190,
       121, 209, 18, 232, 159, 140, 233, 169, 110, 214, 39, 213, 216,
       249, 207, 99, 110, 3, 74, 255, 177, 208, 11, 59, 16, 55, 47, 86,
       130, 140, 191, 219, 178, 247, 188, 199, 191, 95, 118, 49, 172,
       255, 174, 105, 231, 59, 191, 28, 55, 221, 34, 247, 143, 255, 126,
       195, 144, 68, 173, 255, 68, 64, 27, 137, 72, 3, 107, 72, 44, 0,
       226, 130, 213, 131, 1, 88, 120, 133, 106, 234, 8, 135, 65, 72,
       212, 160, 138, 12, 16, 51, 33, 160, 189, 123, 107, 110, 114, 147,
       107, 112, 97, 204, 247, 230, 115, 71, 183, 112, 126, 172, 23, 238,
       201, 146, 44, 60, 114, 233, 161, 128, 111, 163, 114, 241, 242,
       158, 220, 213, 114, 170, 56, 55, 94, 35, 250, 250, 116, 59, 132,
       96, 127, 255, 38, 128, 52, 222, 197, 127, 94, 166, 184, 195, 165,
