%YAML:1.0
---
descriptors: !!opencv-matrix
   rows: 131
   cols: 32
   dt: u
   data: [ 35, 124, 90, 198, 115, 245, 50, 84, 171, 200, 188, 110, 40,
       218, 167, 180, 182, 249, 215, 194, 199, 131, 0, 255, 50, 29, 41,
       187, 11, 94, 43, 159, 92, 30, 59, 190, 160, 228, 94, 50, 168, 74,
       95, 32, 191, 255, 161, 112, 230, 123, 61, 7, 213, 11, 170, 107,
       243, 253, 42, 200, 16, 227, 37, 113, 19, 43, 226, 181, 230, 43,
       236, 86, 86, 225, 90, 231, 1, 168, 243, 8, 110, 238, 55, 205, 148,
       248, 133, 224, 148, 12, 186, 160, 173, 253, 216, 197, 48, 205,
       123, 109, 84, 207, 231, 119, 84, 164, 126, 66, 51, 61, 176, 48,
       120, 254, 6, 232, 104, 186, 48, 63, 111, 239, 36, 0, 117, 186,
       102, 234, 54, 75, 98, 142, 93, 209, 222, 232, 207, 68, 232, 143,
       106, 204, 55, 132, 216, 233, 227, 103, 204, 163, 94, 253, 50, 84,
       137, 27, 85, 63, 126, 198, 1, 188, 219, 241, 182, 171, 235, 211,
       86, 99, 94, 118, 177, 249, 176, 96, 123, 170, 54, 24, 179, 248,
       101, 183, 204, 143, 183, 192, 189, 200, 240, 169, 143, 160, 68,
       241, 70, 171, 233, 73, 30, 179, 83, 146, 157, 139, 248, 233, 123,
       12, 55, 189, 50, 244, 69, 212, 204, 202, 251, 228, 183, 136, 81,
       160, 84, 74, 206, 236, 78, 34, 232, 72, 118, 130, 243, 226, 81,
       227, 177, 72, 123, 236, 46, 142, 9, 247, 143, 192, 148, 174, 227,
       140, 61, 171, 120, 160, 108, 165, 132, 151, 133, 254, 68, 171, 87,
       191, 143, 24, 226, 104, 94, 134, 153, 110, 232, 145, 30, 216, 219,
       163, 143, 87, 213, 83, 130, 78, 220, 6, 70, 26, 149, 190, 171, 96,
       30, 11, 142, 158, 137, 97, 204, 246, 225, 74, 199, 115, 253, 131,
       16, 1, 203, 240, 128, 247, 107, 159, 144, 99, 37, 23, 86, 89, 127,
       230, 78, 132, 187, 80, 168, 136, 219, 227, 92, 223, 49, 75, 238,
       245, 19, 227, 193, 131, 146, 232, 81, 33, 235, 136, 13, 51, 35,
       147, 8, 149, 26, 251, 213, 221, 245, 167, 63, 69, 110, 19, 168,
       191, 126, 0, 233, 139, 163, 17, 82, 56, 114, 247, 111, 221, 22,
       75, 211, 76, 205, 218, 149, 24, 155, 254, 22, 166, 43, 80, 20,
       130, 211, 86, 93, 211, 33, 104, 126, 57, 31, 154, 41, 149, 16,
       202, 209, 167, 170, 128, 189, 171, 33, 177, 188, 76, 206, 252, 69,
       38, 70, 214, 149, 134, 254, 3, 3, 171, 35, 89, 104, 228, 134, 234,
       104, 179, 0, 170, 115, 239, 198, 1, 243, 249, 120, 138, 139, 190,
       227, 153, 247, 243, 184, 214, 31, 127, 86, 247, 140, 174, 246,
       237, 239, 251, 183, 149, 183, 220, 54, 243, 30, 126, 222, 227,
       159, 205, 189, 221, 166, 221, 237, 222, 236, 229, 158, 204, 159,
       95, 153, 19, 112, 252, 125, 107, 205, 243, 63, 211, 167, 103, 122,
       243, 123, 26, 207, 187, 149, 91, 244, 87, 148, 50, 123, 241, 100,
       105, 233, 82, 52, 125, 83, 246, 145, 135, 241, 105, 110, 152, 39,
       152, 138, 244, 35, 192, 197, 137, 242, 196, 165, 137, 53, 241, 23,
       110, 107, 165, 70, 2, 173, 115, 160, 226, 90, 231, 25, 174, 247,
       3, 110, 237, 23, 165, 193, 211, 132, 200, 116, 8, 239, 132, 45,
       244, 51, 241, 161, 85, 127, 73, 100, 70, 239, 113, 84, 76, 255,
       34, 81, 21, 182, 32, 126, 156, 22, 234, 249, 178, 53, 14, 119, 47,
       160, 132, 117, 170, 244, 241, 11, 23, 42, 201, 212, 183, 171, 83,
       86, 77, 93, 102, 57, 60, 183, 96, 125, 27, 23, 157, 147, 184, 37,
       222, 109, 13, 170, 192, 159, 202, 245, 241, 154, 202, 111, 254,
       42, 192, 29, 231, 148, 6, 212, 163, 41, 207, 160, 65, 110, 251,
       191, 193, 106, 15, 38, 253, 242, 99, 250, 139, 55, 148, 180, 121,
       141, 223, 23, 249, 252, 135, 175, 221, 158, 26, 80, 118, 221, 219,
       169, 233, 255, 83, 23, 123, 227, 181, 10, 247, 236, 207, 239, 196,
       156, 249, 177, 161, 29, 68, 75, 232, 22, 162, 107, 80, 4, 192,
       219, 226, 81, 71, 185, 96, 126, 168, 31, 188, 137, 147, 37, 142,
       240, 173, 163, 192, 189, 139, 112, 48, 189, 90, 204, 105, 190, 50,
       74, 154, 19, 251, 148, 254, 83, 109, 211, 186, 95, 196, 52, 254,
       173, 246, 109, 162, 218, 239, 229, 212, 191, 253, 120, 81, 47,
       155, 151, 190, 173, 149, 20, 254, 143, 89, 184, 117, 238, 254, 46,
       223, 205, 99, 174, 85, 223, 107, 26, 241, 171, 242, 215, 222, 154,
       255, 168, 93, 41, 169, 2, 25, 89, 159, 96, 111, 63, 5, 100, 9,
       167, 129, 34, 148, 192, 42, 130, 12, 102, 62, 82, 31, 143, 221,
       16, 105, 82, 140, 74, 204, 25, 142, 115, 249, 54, 171, 107, 115,
       126, 65, 90, 226, 183, 161, 176, 96, 119, 42, 30, 24, 179, 184,
       37, 223, 204, 239, 179, 192, 189, 136, 113, 233, 187, 90, 111,
       236, 118, 150, 91, 116, 133, 76, 244, 230, 123, 223, 182, 241,
       126, 177, 159, 238, 201, 175, 36, 205, 242, 233, 170, 136, 63,
       174, 116, 121, 58, 221, 114, 94, 91, 223, 215, 230, 93, 68, 228,
       11, 110, 252, 39, 244, 216, 250, 226, 67, 108, 171, 114, 191, 51,
       127, 16, 27, 115, 60, 124, 222, 3, 151, 104, 139, 246, 149, 186,
       119, 31, 77, 92, 231, 173, 142, 182, 100, 254, 27, 151, 149, 151,
       24, 100, 247, 46, 29, 186, 232, 31, 140, 153, 221, 18, 207, 98,
       140, 87, 144, 190, 101, 141, 76, 216, 135, 44, 142, 54, 196, 238,
       163, 151, 229, 204, 139, 4, 253, 177, 52, 138, 139, 21, 22, 189,
       222, 58, 249, 98, 74, 93, 213, 210, 236, 23, 77, 252, 139, 42,
       221, 62, 132, 220, 186, 147, 193, 206, 43, 122, 189, 123, 85, 136,
       251, 83, 30, 92, 222, 130, 219, 6, 157, 87, 131, 180, 229, 157, 0,
       82, 231, 172, 138, 160, 196, 110, 43, 163, 69, 71, 184, 6, 253,
       36, 50, 158, 130, 30, 28, 185, 157, 56, 77, 91, 236, 22, 198, 95,
       119, 164, 132, 250, 3, 63, 23, 32, 80, 126, 241, 23, 224, 72, 187,
       16, 15, 241, 173, 38, 0, 113, 186, 101, 11, 10, 151, 90, 175, 114,
       242, 59, 115, 60, 45, 91, 163, 189, 47, 160, 208, 246, 63, 151,
       177, 146, 152, 1, 255, 238, 229, 170, 193, 164, 194, 165, 155, 9,
       162, 133, 161, 188, 15, 105, 27, 22, 187, 21, 84, 151, 35, 208,
       202, 93, 8, 14, 188, 59, 252, 67, 26, 204, 135, 191, 180, 152,
       200, 144, 161, 135, 141, 64, 171, 222, 177, 174, 243, 140, 66, 89,
       215, 221, 234, 186, 225, 111, 163, 31, 175, 245, 8, 78, 223, 172,
       12, 175, 232, 61, 230, 185, 132, 143, 216, 179, 219, 55, 245, 186,
       194, 95, 75, 80, 114, 156, 158, 236, 232, 223, 27, 147, 19, 183,
       180, 112, 243, 7, 31, 26, 194, 212, 89, 165, 215, 181, 97, 194,
       200, 212, 3, 198, 85, 148, 128, 240, 214, 17, 201, 253, 0, 88,
       232, 2, 253, 89, 183, 4, 130, 48, 172, 166, 8, 253, 186, 240, 176,
       21, 79, 219, 225, 134, 162, 111, 114, 228, 128, 90, 230, 25, 227,
       241, 96, 118, 237, 23, 238, 193, 145, 4, 200, 240, 140, 175, 128,
       45, 243, 33, 160, 209, 135, 79, 227, 150, 34, 106, 49, 36, 33,
       219, 230, 81, 39, 184, 97, 102, 134, 63, 236, 185, 152, 5, 141,
       252, 235, 234, 196, 45, 138, 240, 32, 6, 149, 16, 139, 213, 247,
       186, 74, 15, 5, 89, 131, 140, 124, 46, 196, 221, 27, 147, 145, 22,
       184, 89, 221, 45, 20, 154, 71, 150, 79, 61, 150, 29, 70, 71, 233,
       52, 162, 107, 82, 4, 200, 222, 226, 17, 3, 177, 96, 124, 164, 31,
       188, 137, 147, 37, 204, 248, 205, 167, 196, 191, 153, 112, 33,
       140, 16, 249, 243, 166, 237, 105, 146, 62, 95, 87, 55, 157, 23,
       232, 72, 103, 27, 31, 156, 178, 220, 49, 242, 205, 207, 186, 192,
       180, 137, 133, 115, 36, 29, 126, 91, 244, 239, 251, 83, 124, 29,
       127, 0, 81, 87, 191, 57, 95, 58, 2, 56, 178, 176, 56, 95, 111,
       159, 37, 69, 209, 202, 236, 241, 157, 2, 203, 189, 70, 34, 233,
       80, 116, 195, 247, 214, 25, 130, 179, 232, 123, 172, 38, 156, 169,
       246, 165, 194, 212, 175, 178, 128, 175, 233, 120, 176, 78, 154,
       234, 185, 226, 160, 185, 211, 54, 31, 86, 183, 13, 167, 98, 88,
       127, 143, 179, 149, 18, 222, 133, 226, 92, 39, 250, 201, 149, 69,
       165, 211, 44, 180, 234, 65, 215, 115, 179, 250, 2, 117, 126, 131,
       17, 61, 94, 32, 57, 94, 147, 176, 146, 248, 61, 21, 79, 15, 145,
