%YAML:1.0
---
descriptors: !!opencv-matrix
   rows: 113
   cols: 32
   dt: u
   data: [ 145, 78, 207, 191, 52, 42, 102, 190, 84, 194, 82, 214, 243,
       96, 177, 233, 115, 238, 44, 110, 173, 244, 77, 47, 164, 239, 242,
       0, 189, 249, 88, 12, 180, 76, 66, 168, 197, 163, 102, 226, 213,
       130, 250, 2, 3, 170, 49, 221, 104, 236, 6, 234, 40, 179, 20, 238,
       176, 192, 194, 5, 181, 121, 112, 130, 143, 158, 231, 152, 239,
       247, 184, 218, 31, 95, 84, 247, 12, 238, 182, 205, 255, 219, 183,
       149, 183, 255, 55, 247, 30, 95, 223, 206, 159, 221, 189, 245, 140,
       223, 23, 250, 252, 133, 175, 220, 158, 27, 80, 118, 221, 223, 185,
       201, 255, 81, 23, 115, 163, 37, 10, 247, 253, 143, 239, 204, 156,
       59, 177, 161, 247, 87, 110, 134, 230, 18, 190, 113, 169, 196, 223,
       231, 73, 238, 255, 115, 126, 229, 183, 231, 245, 211, 172, 204,
       118, 40, 239, 140, 45, 247, 118, 213, 57, 151, 107, 233, 212, 183,
       251, 115, 69, 77, 254, 70, 25, 29, 182, 96, 124, 154, 151, 253,
       155, 186, 53, 221, 127, 205, 170, 196, 255, 139, 248, 243, 22, 90,
       235, 235, 22, 226, 235, 80, 20, 194, 211, 230, 81, 207, 177, 104,
       126, 185, 23, 157, 171, 149, 36, 202, 240, 140, 171, 128, 189,
       251, 53, 176, 10, 149, 17, 139, 245, 247, 178, 235, 15, 9, 91, 35,
       140, 126, 44, 196, 220, 19, 131, 177, 22, 152, 25, 223, 47, 52,
       138, 71, 22, 14, 181, 23, 90, 156, 230, 182, 189, 86, 94, 182, 31,
       239, 158, 183, 46, 61, 54, 198, 239, 247, 191, 129, 252, 237, 49,
       239, 187, 119, 158, 215, 174, 238, 188, 95, 154, 201, 127, 254,
       170, 192, 29, 231, 150, 85, 212, 179, 45, 199, 160, 64, 110, 179,
       159, 129, 90, 15, 38, 247, 242, 167, 186, 203, 53, 144, 165, 123,
       185, 91, 111, 236, 118, 130, 79, 116, 65, 200, 246, 230, 115, 205,
       183, 112, 126, 236, 20, 238, 201, 186, 36, 173, 242, 233, 164,
       128, 127, 186, 112, 249, 160, 221, 121, 77, 116, 199, 231, 253,
       84, 12, 116, 34, 112, 85, 189, 36, 92, 184, 2, 106, 227, 182, 116,
       95, 103, 8, 161, 36, 119, 186, 116, 249, 55, 222, 151, 158, 157,
       54, 7, 254, 159, 95, 213, 86, 108, 246, 47, 207, 221, 227, 170,
       70, 253, 203, 59, 239, 185, 54, 222, 26, 154, 125, 177, 125, 157,
       32, 74, 177, 70, 251, 232, 72, 126, 243, 83, 146, 89, 202, 249,
       41, 123, 140, 54, 188, 52, 244, 45, 214, 220, 203, 235, 101, 167,
       137, 121, 160, 25, 190, 250, 249, 118, 175, 185, 83, 126, 11, 127,
       118, 189, 185, 176, 96, 191, 59, 23, 153, 179, 184, 9, 223, 206,
       207, 58, 194, 255, 200, 161, 169, 18, 95, 98, 140, 23, 208, 190,
       103, 141, 68, 218, 167, 40, 142, 54, 196, 238, 163, 159, 229, 204,
       139, 36, 255, 176, 52, 138, 139, 21, 22, 181, 223, 76, 60, 152,
       188, 232, 100, 31, 19, 18, 143, 13, 57, 148, 247, 67, 90, 213,
       255, 189, 144, 24, 78, 219, 34, 219, 167, 191, 187, 160, 113, 132,
       83, 70, 19, 148, 186, 170, 96, 28, 11, 174, 31, 137, 229, 204,
       246, 105, 74, 199, 51, 253, 145, 20, 1, 203, 208, 128, 246, 75,
       223, 152, 115, 165, 19, 133, 166, 141, 185, 236, 35, 205, 219, 22,
       186, 81, 114, 213, 227, 249, 73, 91, 138, 23, 185, 107, 118, 75,
       26, 204, 134, 255, 172, 148, 232, 48, 169, 34, 73, 2, 141, 69,
       229, 168, 198, 78, 0, 88, 3, 164, 136, 53, 196, 216, 59, 147, 65,
       70, 178, 66, 249, 37, 20, 138, 43, 21, 94, 57, 140, 131, 48, 179,
       217, 55, 215, 184, 87, 95, 75, 115, 118, 156, 158, 164, 236, 215,
       25, 146, 16, 183, 188, 51, 211, 7, 94, 26, 194, 212, 9, 165, 245,
       19, 43, 234, 181, 196, 43, 236, 214, 30, 229, 90, 231, 5, 168,
       211, 8, 46, 238, 55, 205, 148, 248, 133, 160, 148, 8, 250, 224,
       173, 253, 209, 220, 152, 221, 149, 253, 178, 6, 79, 185, 52, 34,
       198, 192, 221, 55, 129, 211, 70, 245, 125, 238, 121, 204, 89, 15,
       224, 231, 239, 148, 58, 176, 161, 57, 73, 78, 155, 254, 160, 164,
       31, 50, 172, 74, 95, 96, 191, 239, 160, 96, 246, 123, 61, 71, 209,
       9, 170, 239, 242, 253, 42, 200, 16, 227, 33, 57, 174, 236, 161,
       152, 239, 113, 190, 202, 218, 118, 80, 187, 12, 252, 127, 170,
       223, 91, 147, 243, 135, 102, 174, 243, 23, 22, 223, 175, 151, 125,
       151, 247, 2, 34, 170, 152, 244, 173, 185, 71, 158, 79, 85, 149,
       132, 204, 55, 8, 151, 41, 143, 21, 150, 39, 34, 210, 208, 21, 58,
       171, 212, 93, 183, 213, 245, 205, 207, 167, 150, 106, 70, 188, 82,
       226, 203, 90, 83, 96, 153, 225, 89, 198, 60, 239, 253, 248, 77,
       62, 184, 47, 229, 20, 237, 251, 216, 4, 22, 49, 207, 164, 198, 2,
       173, 80, 160, 144, 91, 227, 93, 207, 249, 43, 126, 221, 55, 231,
       193, 209, 148, 192, 84, 97, 235, 132, 45, 183, 49, 177, 141, 79,
       150, 248, 236, 52, 111, 223, 150, 30, 94, 102, 221, 227, 171, 239,
       127, 66, 62, 254, 227, 65, 42, 179, 254, 251, 239, 204, 182, 251,
       185, 161, 166, 220, 173, 218, 236, 228, 158, 236, 159, 95, 145,
       55, 112, 252, 124, 107, 205, 243, 63, 195, 174, 103, 122, 243, 63,
       58, 223, 251, 149, 91, 244, 95, 111, 219, 167, 190, 141, 148, 223,
       254, 143, 95, 181, 85, 238, 238, 126, 238, 205, 99, 190, 95, 223,
       75, 58, 241, 169, 254, 223, 94, 154, 127, 160, 125, 207, 50, 231,
       193, 98, 48, 249, 80, 169, 243, 55, 247, 29, 14, 221, 59, 110,
       149, 247, 191, 177, 86, 166, 192, 86, 25, 250, 172, 175, 229, 99,
       245, 25, 142, 123, 233, 54, 171, 235, 115, 126, 73, 95, 230, 61,
       171, 176, 96, 119, 42, 31, 12, 147, 184, 37, 223, 254, 239, 178,
       192, 182, 202, 241, 169, 187, 223, 123, 200, 101, 213, 251, 112,
       77, 76, 124, 166, 41, 141, 182, 164, 254, 169, 151, 239, 199, 62,
       52, 223, 99, 89, 170, 235, 95, 142, 124, 253, 11, 191, 104, 155,
       247, 209, 186, 103, 31, 73, 92, 167, 173, 142, 182, 96, 254, 27,
       151, 149, 215, 56, 116, 247, 110, 93, 186, 235, 29, 12, 185, 221,
       3, 27, 7, 157, 114, 166, 168, 39, 188, 65, 66, 215, 188, 6, 180,
       197, 230, 47, 27, 141, 177, 152, 21, 77, 4, 34, 186, 128, 12, 4,
       41, 221, 42, 249, 32, 74, 125, 213, 146, 237, 15, 69, 253, 139,
       40, 220, 110, 164, 220, 187, 147, 81, 90, 58, 122, 245, 59, 93,
       140, 251, 87, 14, 188, 254, 130, 203, 6, 157, 127, 147, 172, 229,
       158, 0, 82, 231, 172, 138, 176, 196, 74, 43, 163, 197, 66, 152,
       71, 253, 36, 48, 158, 131, 30, 28, 185, 141, 82, 201, 10, 172, 92,
       208, 190, 101, 172, 4, 218, 131, 181, 158, 34, 64, 234, 187, 91,
       193, 68, 139, 2, 125, 177, 161, 170, 137, 20, 18, 173, 10, 220,
       89, 31, 164, 34, 78, 127, 116, 164, 164, 242, 3, 63, 147, 33, 83,
       38, 245, 77, 234, 72, 147, 16, 40, 241, 225, 110, 16, 96, 179, 39,
       139, 178, 77, 10, 188, 20, 165, 180, 198, 156, 9, 216, 19, 165,
       184, 37, 193, 200, 59, 147, 1, 38, 171, 80, 187, 161, 193, 138,
       59, 21, 88, 57, 142, 135, 143, 64, 169, 222, 145, 172, 251, 140,
       66, 89, 199, 221, 234, 182, 225, 103, 43, 31, 173, 245, 24, 78,
       222, 172, 44, 171, 236, 61, 230, 185, 132, 35, 126, 90, 158, 122,
       181, 186, 84, 233, 72, 184, 237, 60, 222, 167, 176, 142, 49, 214,
       193, 135, 3, 6, 255, 50, 93, 42, 171, 12, 150, 43, 157, 93, 95,
       27, 238, 240, 164, 95, 254, 58, 73, 92, 68, 255, 255, 41, 112,
       246, 123, 21, 79, 211, 3, 170, 255, 241, 253, 46, 136, 152, 211,
       161, 121, 73, 153, 148, 253, 9, 22, 77, 51, 165, 178, 134, 68,
       251, 99, 0, 247, 69, 164, 124, 168, 105, 204, 113, 141, 231, 251,
       215, 16, 58, 160, 40, 40, 135, 248, 179, 187, 167, 245, 184, 214,
       95, 91, 80, 114, 156, 158, 235, 232, 199, 91, 150, 87, 247, 156,
       115, 242, 5, 86, 58, 194, 156, 93, 169, 215, 181, 99, 194, 232,
       212, 131, 198, 85, 212, 128, 241, 214, 17, 200, 184, 0, 88, 168,
       6, 253, 121, 167, 4, 138, 48, 140, 166, 8, 253, 186, 240, 128,
       139, 222, 230, 153, 239, 247, 184, 214, 31, 91, 212, 247, 140,
       174, 183, 237, 239, 187, 183, 149, 183, 223, 55, 243, 30, 95, 223,
