%YAML:1.0
---
descriptors: !!opencv-matrix
   rows: 162
   cols: 32
   dt: u
   data: [ 174, 208, 126, 218, 111, 215, 251, 72, 223, 124, 213, 175, 72,
       221, 190, 69, 254, 169, 191, 231, 230, 39, 110, 221, 87, 91, 171,
       191, 87, 47, 124, 215, 177, 74, 111, 190, 46, 129, 194, 240, 196,
       64, 208, 226, 115, 201, 177, 97, 106, 224, 22, 207, 207, 39, 14,
       61, 208, 40, 160, 152, 125, 187, 112, 136, 219, 91, 227, 101, 242,
       16, 255, 150, 57, 204, 246, 239, 57, 62, 151, 242, 38, 255, 253,
       199, 197, 217, 165, 234, 118, 109, 174, 130, 239, 245, 39, 125,
       239, 250, 108, 97, 170, 31, 95, 184, 87, 254, 150, 237, 219, 29,
       215, 45, 23, 212, 253, 111, 253, 92, 111, 190, 238, 219, 101, 246,
       46, 189, 84, 117, 127, 210, 225, 108, 41, 31, 95, 184, 7, 126,
       157, 237, 91, 125, 223, 126, 215, 212, 253, 110, 205, 6, 237, 179,
       210, 255, 229, 190, 62, 255, 84, 119, 49, 239, 43, 37, 180, 159,
       230, 254, 126, 236, 124, 77, 35, 41, 145, 132, 184, 110, 70, 109,
       192, 184, 225, 63, 175, 45, 37, 164, 229, 252, 218, 237, 5, 130,
       143, 149, 86, 139, 161, 232, 22, 176, 66, 70, 245, 224, 97, 73,
       121, 108, 34, 104, 1, 248, 15, 29, 76, 39, 239, 4, 169, 40, 49,
       160, 64, 162, 157, 141, 26, 130, 33, 8, 174, 176, 66, 70, 244,
       194, 64, 66, 112, 109, 106, 240, 3, 208, 203, 93, 204, 34, 239,
       108, 8, 32, 33, 0, 1, 216, 115, 91, 100, 205, 233, 150, 126, 77,
       118, 64, 176, 21, 180, 108, 106, 58, 18, 72, 195, 188, 117, 253,
       69, 58, 50, 0, 87, 153, 85, 253, 4, 136, 134, 159, 93, 203, 161,
       168, 158, 181, 66, 2, 228, 224, 105, 70, 113, 108, 106, 48, 2,
       241, 155, 93, 13, 34, 79, 71, 144, 42, 53, 134, 129, 202, 115, 89,
       117, 157, 161, 183, 127, 9, 114, 80, 184, 128, 180, 228, 155, 40,
       2, 24, 243, 188, 36, 247, 45, 30, 18, 66, 95, 136, 209, 173, 53,
       65, 106, 172, 87, 6, 207, 104, 197, 196, 235, 134, 83, 201, 59,
       64, 120, 172, 2, 239, 204, 179, 20, 140, 243, 44, 130, 4, 117,
       191, 112, 192, 147, 72, 111, 220, 14, 128, 79, 246, 132, 64, 212,
       194, 49, 135, 177, 97, 70, 226, 63, 207, 201, 143, 38, 237, 240,
       40, 250, 136, 61, 185, 48, 121, 25, 32, 110, 201, 4, 187, 97, 87,
       100, 113, 87, 18, 147, 1, 146, 105, 104, 140, 126, 28, 139, 252,
       101, 16, 70, 169, 178, 64, 47, 136, 120, 168, 113, 97, 59, 200,
       12, 87, 161, 72, 204, 4, 205, 10, 149, 144, 181, 96, 216, 157, 74,
       107, 129, 35, 52, 28, 145, 161, 170, 56, 16, 10, 55, 160, 68, 160,
       134, 158, 93, 199, 32, 232, 158, 180, 97, 0, 224, 226, 107, 82,
       209, 108, 162, 112, 6, 82, 218, 93, 29, 34, 207, 111, 144, 42, 53,
       134, 137, 127, 95, 85, 50, 218, 181, 55, 184, 204, 118, 228, 191,
       22, 135, 177, 38, 107, 196, 64, 229, 248, 100, 109, 100, 225, 54,
       130, 106, 144, 207, 249, 61, 71, 98, 76, 119, 83, 82, 104, 85,
       228, 237, 171, 75, 72, 191, 148, 122, 200, 134, 238, 108, 179,
       109, 158, 114, 221, 129, 53, 119, 191, 126, 198, 162, 144, 51,
       184, 109, 213, 184, 115, 159, 89, 208, 123, 188, 156, 116, 233,
       239, 59, 183, 149, 243, 47, 82, 215, 31, 26, 250, 234, 31, 12,
       181, 223, 105, 134, 139, 28, 94, 3, 39, 235, 18, 162, 96, 74, 115,
       224, 168, 113, 89, 236, 34, 40, 40, 75, 174, 31, 124, 167, 229,
       108, 177, 40, 112, 168, 142, 91, 238, 156, 111, 208, 190, 68, 141,
       204, 212, 163, 12, 206, 183, 206, 238, 121, 179, 195, 196, 163,
       38, 224, 22, 113, 202, 139, 23, 61, 61, 215, 135, 148, 188, 187,
       229, 63, 180, 175, 31, 63, 95, 55, 204, 122, 110, 73, 247, 79,
       191, 39, 54, 220, 91, 247, 238, 87, 223, 199, 156, 125, 153, 215,
       50, 1, 114, 128, 119, 19, 248, 64, 109, 0, 243, 11, 14, 26, 54,
       212, 254, 157, 223, 225, 140, 163, 5, 204, 147, 88, 138, 23, 103,
       14, 49, 70, 87, 31, 127, 1, 242, 34, 191, 242, 60, 232, 94, 230,
       93, 102, 183, 97, 55, 119, 63, 255, 161, 145, 45, 110, 124, 46,
       47, 196, 173, 243, 33, 113, 168, 221, 119, 201, 247, 221, 255,
       247, 77, 117, 244, 186, 59, 29, 182, 245, 110, 154, 215, 233, 250,
       190, 101, 231, 127, 249, 182, 193, 127, 156, 246, 251, 100, 162,
       134, 158, 91, 135, 162, 232, 18, 148, 96, 10, 100, 226, 105, 81,
       121, 236, 34, 112, 34, 67, 138, 61, 29, 38, 79, 45, 145, 40, 47,
       138, 96, 32, 198, 140, 79, 3, 64, 72, 30, 176, 96, 10, 96, 192,
       100, 208, 120, 173, 98, 224, 2, 211, 147, 93, 29, 34, 193, 45, 17,
       40, 122, 130, 25, 111, 121, 13, 150, 143, 230, 182, 109, 228, 126,
       71, 167, 41, 145, 132, 34, 238, 78, 109, 192, 184, 117, 61, 174,
       44, 36, 0, 103, 188, 91, 233, 91, 223, 115, 68, 51, 214, 127, 55,
       237, 204, 94, 230, 61, 30, 182, 228, 38, 181, 157, 205, 229, 153,
       53, 206, 51, 127, 46, 131, 39, 180, 45, 125, 47, 123, 126, 204,
       237, 155, 254, 112, 205, 204, 252, 239, 10, 141, 183, 167, 238,
       249, 215, 231, 205, 187, 36, 236, 118, 89, 98, 139, 71, 189, 127,
       221, 46, 91, 111, 216, 111, 211, 255, 80, 207, 236, 245, 175, 72,
       220, 183, 77, 238, 249, 183, 231, 196, 179, 110, 248, 86, 89, 235,
       191, 87, 189, 116, 247, 10, 149, 24, 203, 151, 167, 187, 107, 12,
       5, 95, 2, 188, 51, 32, 68, 88, 26, 147, 169, 18, 152, 89, 221,
       109, 53, 138, 197, 22, 10, 189, 35, 48, 201, 112, 73, 87, 215,
       134, 228, 76, 0, 112, 2, 34, 24, 52, 0, 232, 8, 2, 65, 198, 184,
       116, 189, 39, 8, 4, 67, 93, 26, 216, 138, 137, 16, 110, 217, 36,
       249, 96, 23, 100, 89, 118, 114, 153, 147, 208, 105, 98, 10, 46,
       24, 147, 188, 103, 192, 70, 233, 242, 192, 46, 137, 208, 137, 59,
       80, 98, 204, 101, 23, 253, 126, 93, 102, 220, 6, 41, 156, 182,
       101, 254, 204, 183, 239, 204, 187, 52, 249, 119, 123, 214, 130,
       63, 220, 244, 223, 173, 128, 40, 233, 172, 5, 201, 153, 71, 113,
       181, 92, 147, 73, 218, 37, 217, 128, 22, 60, 171, 38, 123, 147,
       79, 217, 165, 124, 223, 136, 80, 240, 25, 0, 143, 61, 22, 3, 33,
       121, 22, 161, 66, 198, 115, 225, 160, 104, 112, 108, 34, 172, 9,
       216, 39, 12, 200, 231, 243, 0, 40, 40, 112, 168, 62, 217, 62, 94,
       127, 215, 159, 248, 141, 76, 245, 47, 124, 253, 191, 37, 220, 249,
       151, 99, 207, 163, 58, 253, 115, 95, 137, 187, 95, 191, 60, 247,
       19, 46, 219, 221, 54, 162, 235, 87, 54, 203, 94, 242, 185, 199,
       177, 96, 127, 251, 23, 152, 179, 156, 36, 239, 238, 143, 190, 128,
       189, 216, 49, 185, 9, 34, 135, 165, 26, 3, 33, 24, 38, 161, 66,
       68, 209, 131, 128, 64, 112, 12, 106, 156, 1, 208, 199, 28, 68,
       163, 179, 4, 40, 128, 33, 40, 25, 94, 234, 255, 52, 163, 239, 119,
       23, 11, 94, 230, 189, 239, 177, 64, 127, 235, 23, 141, 171, 184,
       5, 255, 228, 239, 190, 128, 189, 218, 49, 185, 32, 0, 79, 141, 78,
       131, 161, 73, 22, 49, 98, 74, 81, 128, 32, 88, 88, 140, 34, 8, 1,
       250, 67, 21, 20, 162, 243, 32, 113, 8, 112, 168, 52, 73, 43, 46,
       29, 199, 194, 104, 196, 140, 233, 10, 114, 217, 49, 0, 216, 168,
       66, 99, 72, 163, 26, 29, 241, 173, 1, 27, 113, 59, 116, 130, 32,
       0, 79, 201, 76, 9, 233, 65, 100, 49, 226, 66, 16, 128, 52, 64,
       104, 136, 106, 153, 2, 186, 69, 80, 20, 40, 146, 0, 53, 8, 112,
       168, 138, 126, 235, 191, 118, 164, 187, 214, 30, 79, 84, 247, 189,
       255, 183, 64, 255, 123, 23, 135, 162, 190, 36, 251, 110, 127, 186,
       200, 157, 189, 117, 219, 52, 73, 42, 254, 29, 134, 198, 96, 196,
       136, 217, 3, 98, 201, 53, 64, 216, 232, 2, 207, 72, 163, 26, 175,
       115, 44, 128, 25, 81, 59, 116, 226, 219, 126, 238, 151, 118, 148,
       255, 182, 41, 206, 214, 231, 57, 14, 151, 247, 46, 247, 255, 199,
       229, 220, 165, 236, 118, 107, 190, 128, 47, 181, 55, 253, 42, 220,
       243, 223, 118, 241, 191, 230, 31, 74, 124, 163, 188, 254, 182, 32,
       255, 251, 151, 135, 199, 186, 126, 255, 39, 127, 186, 234, 95,
       143, 245, 255, 239, 94, 237, 109, 46, 63, 95, 146, 3, 238, 188,
