%YAML:1.0
---
descriptors: !!opencv-matrix
   rows: 176
   cols: 32
   dt: u
   data: [ 59, 255, 115, 68, 55, 87, 255, 246, 101, 236, 190, 166, 91,
       29, 183, 180, 62, 244, 213, 238, 201, 185, 52, 223, 115, 221, 165,
       132, 111, 182, 102, 253, 170, 82, 226, 223, 111, 219, 185, 92,
       223, 77, 213, 183, 232, 204, 190, 76, 222, 185, 183, 197, 230,
       182, 110, 209, 22, 123, 154, 171, 23, 158, 125, 215, 42, 141, 74,
       205, 213, 199, 246, 119, 5, 9, 126, 3, 96, 59, 38, 68, 88, 2, 147,
       232, 86, 184, 65, 253, 111, 45, 130, 193, 55, 138, 252, 138, 177,
       74, 70, 188, 14, 129, 203, 242, 196, 4, 240, 198, 51, 200, 179,
       65, 108, 224, 22, 206, 232, 171, 6, 189, 112, 168, 162, 152, 125,
       153, 112, 136, 131, 168, 108, 211, 236, 184, 233, 150, 236, 89,
       84, 18, 189, 154, 254, 111, 106, 10, 94, 153, 147, 60, 230, 225,
       70, 24, 186, 232, 156, 145, 241, 164, 126, 163, 144, 168, 157,
       217, 82, 205, 143, 45, 185, 9, 142, 234, 76, 196, 216, 143, 239,
       209, 30, 43, 203, 209, 187, 212, 143, 127, 146, 14, 254, 6, 122,
       225, 114, 170, 157, 217, 94, 237, 43, 5, 248, 11, 46, 218, 110,
       212, 248, 153, 207, 225, 94, 43, 200, 245, 187, 212, 142, 123, 51,
       6, 174, 14, 184, 221, 126, 201, 223, 223, 252, 247, 69, 121, 246,
       18, 25, 29, 182, 245, 110, 154, 151, 201, 251, 190, 117, 229, 119,
       249, 150, 193, 111, 156, 250, 191, 187, 67, 107, 204, 108, 151,
       237, 127, 221, 206, 212, 22, 11, 204, 182, 101, 124, 168, 183,
       237, 236, 191, 118, 221, 115, 89, 198, 172, 119, 156, 244, 237,
       62, 253, 58, 126, 123, 213, 159, 248, 159, 76, 157, 47, 124, 221,
       191, 37, 221, 251, 215, 99, 238, 35, 56, 255, 123, 93, 141, 187,
       95, 63, 62, 223, 201, 89, 55, 101, 32, 14, 103, 52, 121, 234, 114,
       76, 255, 21, 17, 179, 148, 116, 124, 110, 225, 244, 241, 44, 165,
       251, 96, 0, 72, 177, 67, 57, 61, 71, 98, 76, 119, 83, 86, 104, 85,
       228, 229, 175, 75, 136, 183, 149, 122, 204, 134, 238, 108, 178,
       109, 158, 50, 237, 129, 37, 119, 191, 126, 196, 219, 91, 235, 69,
       114, 24, 255, 182, 57, 204, 246, 231, 57, 62, 151, 119, 38, 255,
       245, 197, 229, 216, 165, 235, 118, 105, 174, 131, 103, 244, 111,
       125, 155, 127, 108, 97, 170, 27, 95, 182, 21, 238, 22, 237, 159,
       29, 147, 39, 134, 117, 221, 127, 237, 252, 101, 174, 238, 219,
       101, 150, 110, 189, 28, 125, 111, 222, 105, 237, 41, 31, 95, 184,
       19, 238, 156, 237, 219, 117, 211, 247, 87, 212, 253, 110, 201, 6,
       237, 187, 226, 255, 101, 190, 54, 253, 20, 117, 179, 72, 111, 158,
       14, 144, 79, 246, 196, 64, 212, 198, 49, 134, 179, 97, 78, 226,
       31, 207, 201, 139, 102, 253, 240, 41, 250, 136, 61, 189, 112, 124,
       4, 160, 150, 156, 89, 195, 160, 232, 190, 180, 97, 0, 228, 226,
       105, 214, 249, 108, 98, 96, 2, 211, 139, 93, 13, 34, 207, 47, 16,
       34, 47, 130, 68, 169, 134, 159, 73, 205, 160, 168, 254, 148, 67,
       0, 228, 224, 107, 70, 185, 102, 234, 66, 6, 112, 155, 125, 13, 50,
       71, 75, 208, 42, 37, 134, 98, 96, 66, 200, 79, 3, 168, 72, 143,
       160, 194, 139, 0, 137, 116, 70, 232, 141, 123, 225, 0, 131, 195,
       208, 20, 56, 138, 59, 21, 10, 114, 134, 50, 0, 79, 233, 76, 139,
       104, 65, 69, 49, 210, 66, 2, 137, 52, 72, 104, 140, 59, 153, 10,
       186, 71, 208, 20, 40, 144, 32, 53, 136, 112, 136, 4, 137, 158,
       151, 201, 142, 160, 168, 190, 189, 67, 5, 228, 224, 107, 74, 209,
       111, 162, 81, 6, 216, 155, 125, 12, 34, 95, 67, 128, 42, 41, 142,
       36, 162, 134, 158, 89, 199, 161, 232, 158, 149, 96, 2, 100, 226,
       105, 223, 121, 108, 34, 80, 2, 82, 154, 93, 29, 34, 79, 111, 145,
       42, 37, 134, 42, 92, 250, 255, 118, 211, 191, 114, 30, 70, 124,
       167, 188, 254, 39, 96, 255, 123, 151, 195, 198, 190, 56, 251, 119,
       253, 186, 139, 21, 122, 37, 219, 41, 133, 189, 124, 157, 111, 85,
       175, 82, 243, 172, 24, 147, 53, 2, 51, 217, 194, 121, 56, 121,
       107, 115, 34, 235, 223, 84, 61, 208, 104, 210, 106, 11, 28, 227,
       223, 116, 231, 239, 118, 94, 206, 92, 102, 188, 223, 181, 96, 127,
       123, 23, 143, 227, 190, 48, 255, 101, 30, 190, 136, 23, 250, 117,
       249, 82, 159, 78, 190, 178, 128, 61, 55, 180, 5, 218, 231, 109,
       231, 34, 80, 102, 179, 175, 129, 120, 139, 3, 255, 240, 231, 190,
       201, 52, 128, 165, 11, 66, 33, 18, 136, 95, 9, 184, 72, 173, 0,
       195, 11, 140, 136, 36, 212, 250, 153, 91, 97, 4, 3, 147, 216, 145,
       48, 10, 63, 20, 14, 41, 134, 211, 207, 7, 190, 40, 20, 110, 183,
       180, 74, 210, 199, 237, 238, 178, 195, 102, 231, 61, 207, 237,
       141, 23, 239, 176, 98, 238, 136, 44, 52, 185, 92, 117, 201, 193,
       69, 208, 66, 111, 166, 32, 160, 106, 128, 177, 38, 149, 112, 110,
       255, 96, 234, 73, 152, 245, 44, 44, 173, 167, 4, 37, 241, 70, 168,
       62, 249, 98, 210, 5, 243, 95, 228, 197, 196, 157, 143, 75, 236,
       118, 164, 232, 169, 159, 199, 204, 163, 62, 208, 243, 85, 197,
       107, 39, 254, 60, 246, 109, 52, 177, 72, 205, 61, 69, 31, 107,
       226, 172, 12, 146, 177, 85, 188, 217, 46, 90, 28, 25, 43, 240, 0,
       215, 156, 21, 62, 202, 124, 210, 62, 122, 93, 119, 68, 103, 86,
       255, 118, 169, 236, 190, 43, 40, 31, 55, 183, 174, 245, 215, 232,
       197, 187, 48, 237, 115, 89, 192, 131, 103, 180, 118, 127, 175,
       121, 118, 88, 109, 157, 254, 244, 205, 220, 244, 79, 8, 220, 119,
       181, 238, 233, 215, 247, 197, 35, 114, 252, 55, 89, 71, 235, 95,
       191, 234, 215, 159, 87, 239, 109, 50, 82, 127, 188, 49, 206, 94,
       231, 123, 127, 159, 244, 54, 221, 181, 238, 237, 144, 45, 207,
       114, 239, 229, 133, 47, 246, 44, 125, 174, 210, 103, 218, 109,
       211, 185, 92, 223, 92, 85, 183, 136, 204, 190, 77, 254, 185, 183,
       199, 198, 183, 110, 209, 86, 89, 235, 171, 31, 157, 117, 215, 181,
       239, 207, 246, 252, 33, 207, 248, 210, 218, 189, 254, 115, 225,
       249, 35, 91, 226, 84, 254, 249, 99, 46, 63, 248, 143, 229, 188,
       253, 251, 242, 160, 2, 148, 2, 155, 83, 182, 184, 134, 62, 7, 67,
       151, 140, 198, 46, 204, 247, 11, 147, 149, 38, 156, 17, 215, 12,
       54, 154, 195, 154, 4, 45, 222, 1, 160, 143, 189, 80, 135, 33, 120,
       22, 240, 66, 66, 113, 225, 160, 105, 120, 108, 34, 172, 1, 216,
       31, 29, 76, 163, 243, 4, 32, 40, 48, 168, 9, 32, 143, 165, 78, 3,
       33, 88, 38, 177, 66, 70, 209, 131, 32, 72, 112, 44, 106, 140, 1,
       209, 151, 28, 68, 163, 251, 4, 40, 8, 49, 168, 32, 32, 79, 201,
       76, 137, 225, 64, 76, 33, 226, 66, 16, 128, 52, 64, 104, 140, 106,
       137, 2, 187, 69, 80, 20, 40, 154, 0, 21, 8, 112, 168, 135, 122,
       235, 189, 118, 230, 186, 210, 30, 203, 82, 247, 189, 254, 245, 8,
       255, 123, 151, 149, 163, 158, 176, 226, 94, 127, 186, 192, 141,
       253, 49, 209, 181, 73, 42, 190, 93, 196, 199, 96, 196, 76, 217, 2,
       114, 201, 49, 64, 216, 168, 2, 111, 72, 163, 90, 190, 241, 44,
       128, 25, 113, 43, 112, 226, 96, 32, 134, 140, 73, 199, 129, 72,
       134, 180, 192, 11, 64, 192, 96, 2, 216, 172, 106, 96, 2, 99, 155,
       93, 29, 32, 1, 63, 81, 42, 52, 130, 34, 158, 122, 255, 118, 241,
       190, 226, 31, 78, 124, 163, 173, 238, 54, 0, 255, 123, 151, 135,
       198, 186, 106, 255, 103, 125, 139, 171, 85, 239, 117, 219, 176,
       201, 74, 156, 14, 192, 133, 103, 132, 0, 192, 130, 49, 146, 32,
       64, 104, 176, 26, 129, 74, 15, 22, 159, 241, 36, 154, 10, 53, 24,
       180, 42, 41, 18, 239, 241, 36, 171, 225, 23, 118, 105, 246, 247,
       179, 9, 144, 73, 106, 140, 46, 28, 155, 252, 69, 4, 70, 235, 242,
       192, 111, 136, 208, 121, 58, 149, 119, 232, 211, 226, 17, 107, 5,
       65, 236, 163, 15, 63, 40, 113, 126, 155, 151, 160, 57, 139, 48,
       220, 211, 227, 138, 79, 51, 4, 167, 242, 221, 12, 238, 87, 132,
       118, 239, 16, 240, 230, 215, 146, 89, 125, 179, 107, 127, 228,
       253, 254, 160, 213, 189, 202, 83, 107, 239, 133, 167, 247, 124,
