%YAML:1.0
---
descriptors: !!opencv-matrix
   rows: 173
   cols: 32
   dt: u
   data: [ 11, 159, 122, 236, 247, 210, 253, 119, 109, 76, 126, 226, 57,
       61, 182, 96, 110, 187, 151, 12, 209, 187, 36, 221, 119, 253, 162,
       193, 63, 140, 236, 249, 242, 245, 54, 164, 121, 199, 86, 230, 169,
       172, 184, 9, 46, 158, 99, 215, 234, 245, 207, 227, 108, 75, 144,
       204, 179, 208, 15, 63, 2, 22, 47, 95, 250, 29, 118, 228, 239, 127,
       94, 119, 169, 238, 190, 11, 106, 63, 39, 151, 174, 247, 215, 226,
       104, 171, 49, 236, 115, 251, 68, 147, 103, 253, 230, 107, 107,
       253, 100, 84, 233, 118, 252, 190, 105, 250, 190, 173, 72, 60, 223,
       191, 175, 199, 253, 237, 205, 83, 253, 205, 62, 123, 221, 182,
       207, 244, 250, 93, 253, 87, 109, 79, 186, 31, 95, 56, 113, 236,
       247, 236, 91, 125, 147, 55, 22, 212, 221, 110, 233, 242, 125, 140,
       242, 123, 101, 148, 111, 183, 86, 113, 61, 165, 233, 109, 222, 7,
       79, 232, 102, 97, 237, 138, 83, 119, 24, 112, 127, 204, 123, 238,
       91, 51, 253, 21, 251, 239, 133, 60, 125, 227, 226, 240, 57, 223,
       109, 106, 177, 215, 215, 253, 21, 76, 252, 239, 123, 125, 178,
       164, 28, 250, 149, 111, 249, 170, 120, 191, 235, 205, 36, 218,
       127, 142, 222, 249, 170, 88, 178, 155, 93, 247, 186, 72, 95, 71,
       85, 19, 168, 222, 39, 204, 217, 57, 163, 147, 38, 182, 122, 251,
       7, 127, 154, 11, 147, 13, 125, 206, 120, 189, 91, 96, 211, 205,
       83, 87, 97, 129, 108, 8, 63, 147, 96, 48, 50, 186, 20, 88, 26,
       186, 176, 47, 251, 205, 36, 104, 227, 130, 230, 43, 72, 153, 26,
       254, 49, 204, 113, 113, 173, 12, 110, 9, 190, 243, 34, 80, 160,
       51, 221, 0, 4, 137, 18, 109, 195, 253, 32, 11, 2, 2, 47, 11, 205,
       89, 61, 101, 36, 14, 103, 52, 125, 234, 118, 76, 215, 17, 145, 55,
       148, 100, 124, 110, 225, 244, 113, 14, 229, 251, 101, 16, 74, 177,
       66, 121, 59, 209, 114, 205, 215, 23, 189, 127, 85, 73, 222, 118,
       8, 188, 180, 228, 126, 158, 183, 169, 221, 186, 53, 199, 179, 127,
       158, 195, 63, 140, 248, 189, 207, 50, 247, 123, 41, 180, 120, 24,
       191, 91, 151, 245, 252, 223, 220, 254, 167, 55, 253, 23, 147, 197,
       59, 243, 75, 127, 58, 210, 142, 197, 169, 117, 64, 163, 157, 157,
       72, 128, 32, 40, 174, 176, 193, 67, 244, 226, 72, 66, 240, 109,
       106, 193, 7, 65, 203, 89, 12, 32, 207, 44, 24, 34, 33, 130, 121,
       189, 245, 181, 177, 126, 93, 183, 121, 239, 122, 72, 159, 63, 0,
       187, 167, 255, 252, 16, 253, 248, 241, 40, 239, 255, 116, 134,
       226, 244, 198, 123, 32, 160, 205, 156, 92, 195, 64, 72, 30, 176,
       224, 10, 96, 192, 100, 80, 216, 172, 34, 241, 10, 114, 219, 93,
       24, 34, 193, 124, 17, 40, 112, 2, 56, 83, 106, 238, 116, 71, 90,
       120, 5, 204, 253, 47, 123, 223, 51, 16, 124, 248, 151, 110, 204,
       179, 16, 156, 243, 237, 160, 129, 119, 187, 126, 219, 62, 73, 106,
       142, 85, 150, 203, 96, 197, 196, 223, 135, 99, 201, 55, 64, 88,
       168, 3, 239, 200, 163, 118, 140, 115, 109, 130, 9, 119, 191, 116,
       192, 43, 190, 124, 59, 250, 251, 153, 67, 91, 127, 124, 189, 157,
       172, 150, 57, 143, 43, 215, 21, 182, 250, 100, 215, 78, 95, 56,
       243, 213, 204, 135, 219, 10, 188, 58, 152, 241, 245, 184, 103,
       191, 93, 76, 17, 172, 254, 38, 228, 165, 59, 179, 17, 22, 9, 50,
       247, 15, 127, 26, 75, 154, 4, 173, 223, 1, 156, 122, 90, 86, 165,
       243, 246, 124, 73, 124, 6, 56, 247, 39, 32, 60, 58, 18, 76, 163,
       184, 48, 127, 103, 173, 32, 64, 91, 131, 97, 251, 160, 201, 3,
       169, 85, 197, 165, 101, 4, 0, 80, 2, 164, 153, 32, 65, 200, 58, 3,
       193, 66, 186, 80, 253, 229, 144, 142, 72, 85, 8, 180, 170, 138,
       158, 58, 189, 52, 253, 185, 55, 188, 77, 86, 177, 188, 159, 50,
       65, 199, 59, 191, 5, 182, 188, 115, 223, 199, 55, 58, 193, 4, 136,
       149, 219, 211, 93, 231, 156, 36, 86, 239, 182, 241, 202, 210, 198,
       241, 254, 181, 231, 110, 230, 62, 207, 237, 207, 183, 234, 176,
       42, 238, 128, 45, 244, 241, 125, 26, 207, 110, 187, 159, 195, 254,
       237, 23, 21, 214, 163, 105, 239, 58, 193, 127, 251, 191, 225, 126,
       251, 75, 253, 251, 199, 223, 193, 183, 142, 188, 202, 158, 189,
       239, 163, 151, 69, 183, 223, 22, 181, 218, 23, 159, 255, 105, 72,
       125, 219, 155, 145, 122, 251, 89, 162, 249, 197, 143, 71, 165,
       120, 181, 146, 72, 186, 154, 176, 185, 188, 88, 23, 191, 31, 182,
       125, 175, 143, 66, 218, 135, 63, 237, 20, 158, 73, 194, 193, 218,
       255, 50, 251, 202, 196, 139, 27, 11, 253, 49, 250, 255, 149, 159,
       255, 159, 17, 92, 134, 188, 223, 60, 164, 158, 59, 19, 205, 243,
       9, 58, 255, 43, 93, 158, 110, 30, 142, 145, 169, 110, 41, 144,
       200, 253, 253, 82, 200, 175, 172, 184, 9, 142, 219, 69, 212, 216,
       253, 239, 81, 30, 11, 203, 176, 187, 212, 15, 123, 146, 127, 110,
       7, 118, 225, 114, 168, 153, 213, 82, 233, 107, 45, 249, 9, 15,
       218, 108, 212, 248, 153, 133, 243, 94, 51, 200, 213, 251, 212,
       135, 127, 113, 14, 238, 134, 120, 152, 62, 248, 45, 221, 80, 119,
       175, 29, 188, 25, 175, 185, 38, 18, 133, 179, 237, 0, 30, 43, 82,
       181, 219, 251, 82, 123, 210, 12, 207, 11, 10, 221, 99, 219, 245,
       221, 255, 247, 95, 85, 94, 150, 41, 47, 252, 228, 111, 155, 147,
       221, 211, 184, 113, 247, 63, 93, 158, 193, 127, 156, 253, 252,
       107, 185, 231, 20, 239, 214, 252, 55, 235, 253, 190, 143, 104, 60,
       214, 182, 174, 231, 247, 141, 197, 123, 246, 208, 63, 121, 207,
       151, 79, 180, 250, 223, 174, 88, 178, 155, 205, 245, 182, 200,
       159, 94, 84, 19, 172, 220, 47, 205, 217, 121, 147, 83, 38, 246,
       122, 243, 7, 83, 218, 43, 19, 125, 61, 222, 114, 76, 79, 252, 30,
       128, 79, 230, 132, 0, 216, 130, 49, 167, 177, 96, 108, 242, 31,
       204, 73, 139, 6, 189, 240, 164, 186, 136, 61, 152, 48, 56, 40,
       253, 105, 101, 244, 203, 111, 247, 113, 224, 126, 136, 51, 29,
       146, 48, 122, 190, 23, 104, 201, 186, 113, 14, 119, 173, 164, 0,
       109, 152, 222, 248, 88, 185, 191, 247, 177, 220, 127, 183, 187,
       205, 126, 40, 191, 191, 2, 54, 166, 119, 253, 64, 81, 217, 176,
       236, 171, 255, 116, 131, 194, 68, 135, 127, 255, 91, 125, 229,
       230, 90, 95, 56, 121, 234, 246, 239, 91, 125, 151, 51, 62, 245,
       253, 239, 233, 242, 229, 142, 246, 251, 229, 148, 111, 181, 82,
       113, 88, 188, 191, 250, 187, 237, 17, 215, 175, 89, 175, 28, 190,
       255, 64, 58, 167, 243, 253, 16, 27, 75, 250, 241, 219, 255, 87,
       123, 202, 64, 167, 123, 42, 189, 58, 222, 127, 213, 154, 244, 159,
       72, 92, 43, 44, 220, 182, 36, 222, 59, 151, 69, 199, 43, 58, 253,
       127, 29, 41, 187, 95, 14, 63, 255, 212, 92, 255, 119, 34, 106,
       119, 48, 105, 234, 119, 40, 94, 119, 129, 59, 178, 117, 124, 106,
       97, 245, 185, 104, 215, 235, 97, 131, 96, 243, 7, 35, 52, 73, 42,
       30, 93, 193, 198, 96, 197, 76, 253, 43, 98, 216, 55, 64, 216, 168,
       130, 99, 76, 163, 90, 189, 115, 109, 1, 59, 113, 63, 124, 198, 49,
       201, 109, 221, 12, 149, 77, 246, 68, 64, 212, 66, 49, 0, 180, 100,
       104, 162, 30, 204, 203, 41, 119, 189, 176, 168, 178, 8, 61, 152,
       112, 108, 60, 211, 106, 78, 116, 135, 79, 248, 68, 76, 125, 102,
       115, 69, 187, 48, 124, 216, 23, 110, 202, 178, 60, 61, 114, 141,
       161, 164, 127, 187, 118, 241, 138, 182, 124, 187, 172, 171, 185,
       119, 158, 127, 215, 185, 255, 109, 154, 9, 143, 51, 215, 5, 182,
       248, 110, 149, 206, 219, 122, 209, 212, 204, 135, 219, 98, 33, 18,
       136, 95, 75, 176, 72, 142, 132, 193, 11, 132, 138, 37, 80, 248,
       189, 203, 97, 4, 3, 146, 220, 145, 48, 11, 63, 16, 11, 55, 134,
       215, 92, 175, 158, 4, 86, 239, 48, 244, 198, 198, 134, 241, 246,
       183, 111, 102, 228, 56, 239, 233, 197, 181, 110, 113, 43, 238,
       128, 37, 243, 53, 124, 160, 202, 26, 184, 116, 129, 186, 228, 28,
       4, 80, 34, 172, 136, 48, 0, 202, 57, 131, 193, 66, 190, 2, 191,
       52, 145, 138, 41, 85, 24, 61, 138, 158, 189, 69, 177, 151, 75,
