%YAML:1.0
---
descriptors: !!opencv-matrix
   rows: 101
   cols: 32
   dt: u
   data: [ 82, 72, 55, 152, 13, 196, 153, 70, 140, 20, 144, 3, 172, 222,
       39, 67, 232, 51, 235, 193, 66, 43, 34, 225, 209, 16, 218, 27, 21,
       12, 53, 110, 11, 152, 58, 249, 124, 175, 248, 83, 31, 13, 114, 23,
       172, 223, 38, 72, 255, 59, 183, 149, 146, 252, 18, 209, 206, 255,
       58, 194, 220, 140, 41, 155, 130, 184, 170, 155, 87, 229, 185, 67,
       31, 71, 85, 51, 172, 222, 102, 76, 255, 59, 147, 145, 18, 158, 50,
       211, 95, 22, 154, 203, 148, 12, 181, 255, 10, 184, 186, 187, 215,
       241, 184, 67, 31, 71, 81, 179, 172, 254, 38, 200, 239, 59, 179,
       145, 54, 158, 50, 247, 79, 55, 154, 235, 148, 76, 189, 222, 165,
       198, 197, 85, 196, 27, 230, 187, 118, 210, 114, 210, 211, 104,
       157, 237, 121, 200, 38, 174, 237, 244, 109, 142, 44, 142, 229, 68,
       231, 248, 80, 164, 131, 158, 127, 187, 160, 248, 184, 71, 190, 83,
       83, 244, 189, 158, 38, 233, 167, 59, 147, 145, 183, 220, 54, 247,
       141, 243, 90, 195, 220, 68, 173, 220, 23, 90, 219, 251, 54, 131,
       170, 80, 52, 201, 83, 246, 29, 195, 161, 232, 126, 185, 23, 222,
       163, 149, 12, 222, 212, 143, 170, 192, 189, 139, 49, 177, 247, 87,
       110, 68, 230, 18, 254, 112, 233, 238, 191, 239, 73, 110, 159, 55,
       126, 197, 247, 230, 229, 211, 173, 206, 62, 123, 239, 134, 47,
       247, 122, 213, 1, 171, 26, 233, 116, 137, 168, 117, 142, 1, 88,
       194, 189, 131, 176, 96, 206, 43, 6, 88, 83, 26, 68, 213, 236, 157,
       170, 232, 28, 136, 161, 169, 212, 229, 220, 54, 154, 43, 23, 174,
       54, 162, 143, 184, 199, 243, 203, 20, 51, 214, 104, 234, 120, 71,
       207, 63, 248, 134, 5, 61, 172, 115, 138, 2, 57, 151, 107, 205,
       246, 18, 239, 125, 68, 64, 223, 230, 89, 77, 186, 96, 126, 188,
       23, 239, 217, 187, 53, 221, 118, 237, 170, 192, 63, 170, 240, 249,
       188, 71, 107, 227, 212, 51, 111, 248, 85, 172, 255, 151, 91, 105,
       187, 65, 126, 204, 7, 238, 248, 183, 45, 142, 242, 239, 167, 197,
       103, 255, 244, 225, 70, 239, 0, 158, 25, 209, 158, 232, 174, 148,
       137, 169, 236, 198, 111, 214, 209, 115, 235, 195, 70, 67, 202,
       253, 185, 20, 143, 187, 16, 55, 15, 86, 38, 174, 163, 153, 247,
       227, 186, 195, 31, 71, 88, 179, 172, 237, 118, 140, 219, 59, 147,
       149, 18, 186, 64, 247, 15, 86, 155, 235, 151, 76, 181, 214, 72,
       187, 191, 119, 248, 236, 125, 151, 126, 191, 126, 0, 189, 247,
       192, 122, 167, 127, 110, 24, 147, 248, 187, 113, 205, 255, 119,
       64, 192, 192, 135, 169, 42, 182, 179, 217, 244, 227, 177, 71, 31,
       47, 125, 178, 140, 189, 224, 44, 255, 27, 151, 17, 18, 186, 97,
       215, 94, 22, 186, 231, 214, 204, 181, 163, 34, 207, 114, 222, 215,
       211, 182, 239, 95, 5, 124, 163, 40, 220, 54, 196, 255, 59, 131,
       192, 214, 187, 12, 255, 63, 30, 158, 235, 87, 14, 253, 223, 46,
       255, 226, 158, 255, 209, 158, 237, 159, 252, 156, 175, 236, 252,
       255, 134, 255, 251, 255, 247, 198, 99, 174, 251, 250, 87, 143,
       191, 151, 126, 189, 223, 202, 252, 180, 191, 169, 253, 20, 166,
       191, 31, 166, 57, 174, 255, 66, 219, 133, 115, 253, 1, 62, 77,
       218, 243, 143, 243, 94, 59, 130, 84, 143, 11, 46, 235, 226, 10,
       223, 129, 191, 229, 142, 133, 88, 175, 104, 236, 126, 132, 254,
       235, 131, 215, 214, 59, 142, 253, 120, 4, 143, 235, 85, 31, 183,
       203, 14, 221, 186, 218, 251, 221, 190, 230, 191, 93, 252, 3, 238,
       255, 46, 112, 239, 251, 255, 211, 86, 11, 186, 247, 255, 247, 30,
       203, 146, 87, 175, 219, 200, 180, 188, 241, 185, 253, 21, 159,
       187, 127, 180, 57, 158, 63, 74, 27, 135, 27, 253, 17, 54, 108,
       250, 147, 207, 211, 125, 255, 208, 64, 143, 219, 194, 8, 190, 152,
       15, 192, 177, 66, 142, 20, 150, 147, 172, 207, 99, 75, 226, 49,
       235, 145, 2, 77, 178, 192, 209, 48, 218, 123, 16, 12, 37, 106, 10,
       186, 178, 153, 203, 225, 177, 71, 142, 31, 76, 179, 172, 150, 98,
       8, 239, 59, 163, 16, 18, 88, 178, 209, 77, 20, 26, 107, 146, 76,
       165, 251, 162, 168, 34, 216, 223, 193, 184, 103, 155, 81, 80, 187,
       44, 156, 116, 41, 239, 187, 147, 145, 114, 111, 2, 215, 29, 16,
       218, 235, 85, 12, 183, 218, 2, 72, 198, 157, 71, 136, 252, 71,
       173, 29, 114, 35, 172, 138, 38, 74, 234, 185, 174, 129, 68, 184,
       130, 193, 132, 50, 250, 131, 5, 20, 101, 143, 82, 111, 2, 140,
       221, 131, 14, 236, 158, 164, 216, 143, 108, 230, 33, 84, 220, 249,
       235, 230, 64, 11, 139, 191, 185, 116, 143, 191, 22, 63, 55, 222,
       1, 189, 187, 97, 252, 205, 107, 151, 239, 73, 126, 64, 189, 247,
       208, 112, 183, 127, 110, 24, 147, 184, 179, 117, 111, 188, 39, 64,
       192, 130, 199, 185, 244, 81, 111, 238, 44, 70, 95, 56, 100, 238,
       215, 130, 83, 127, 187, 115, 126, 212, 125, 234, 232, 133, 125,
       12, 243, 235, 227, 148, 37, 187, 116, 115, 101, 191, 253, 119,
       240, 111, 111, 183, 112, 233, 122, 108, 243, 55, 208, 48, 29, 254,
       100, 40, 249, 248, 249, 46, 237, 142, 117, 212, 233, 250, 194, 57,
       126, 185, 182, 172, 141, 213, 16, 201, 143, 157, 172, 9, 46, 255,
       102, 218, 200, 243, 249, 81, 30, 11, 146, 241, 219, 241, 207, 123,
       146, 46, 174, 82, 130, 156, 63, 251, 176, 254, 185, 71, 190, 95,
       86, 49, 189, 254, 54, 105, 227, 59, 31, 17, 51, 221, 51, 247, 205,
       251, 122, 193, 144, 64, 165, 251, 2, 158, 217, 245, 82, 171, 56,
       55, 62, 35, 90, 251, 117, 47, 0, 64, 55, 191, 39, 129, 50, 216,
       65, 119, 95, 166, 58, 192, 165, 200, 133, 139, 234, 157, 100, 252,
       125, 221, 152, 63, 31, 77, 212, 189, 172, 12, 54, 229, 206, 147,
       255, 5, 182, 11, 119, 223, 31, 125, 152, 219, 87, 12, 31, 223,
       106, 157, 100, 141, 125, 255, 184, 239, 27, 125, 28, 191, 44, 60,
       22, 36, 175, 7, 247, 5, 182, 58, 113, 223, 63, 94, 25, 247, 87,
       12, 223, 223, 53, 223, 101, 71, 150, 43, 199, 186, 84, 98, 250,
       206, 83, 100, 157, 37, 89, 198, 70, 238, 249, 178, 125, 62, 53,
       142, 229, 20, 253, 251, 208, 180, 129, 38, 241, 149, 36, 59, 232,
       26, 126, 227, 90, 86, 157, 168, 212, 232, 19, 15, 62, 13, 165,
       252, 199, 210, 132, 126, 251, 0, 140, 224, 89, 132, 39, 160, 178,
       153, 221, 189, 176, 75, 95, 71, 125, 23, 140, 248, 126, 172, 217,
       43, 147, 21, 150, 190, 114, 211, 15, 30, 155, 107, 218, 76, 89,
       198, 130, 188, 154, 223, 115, 229, 177, 67, 62, 15, 68, 19, 188,
       255, 36, 76, 247, 59, 179, 17, 50, 156, 18, 255, 77, 54, 26, 75,
       144, 0, 165, 251, 12, 140, 135, 159, 213, 194, 231, 235, 30, 151,
       210, 6, 232, 226, 40, 197, 121, 238, 42, 184, 113, 219, 27, 255,
       188, 38, 207, 4, 181, 124, 181, 160, 58, 17, 114, 233, 229, 150,
       126, 113, 13, 8, 243, 2, 11, 31, 52, 196, 238, 147, 151, 225, 216,
       186, 81, 220, 183, 248, 138, 194, 55, 142, 224, 6, 47, 189, 251,
       251, 246, 189, 250, 216, 95, 72, 253, 198, 249, 252, 189, 32, 255,
       251, 23, 255, 183, 178, 124, 255, 127, 93, 175, 228, 255, 255,
       115, 245, 6, 221, 183, 219, 219, 241, 182, 207, 191, 23, 202, 51,
       172, 254, 100, 204, 227, 123, 235, 145, 50, 75, 186, 247, 189, 86,
       158, 107, 144, 93, 173, 110, 213, 77, 157, 229, 140, 46, 79, 158,
       114, 170, 138, 74, 87, 49, 209, 115, 49, 212, 124, 106, 105, 86,
       217, 42, 241, 175, 101, 52, 40, 251, 64, 40, 49, 207, 78, 239,
       150, 143, 111, 253, 23, 104, 251, 198, 115, 233, 182, 112, 126,
       238, 63, 238, 249, 187, 13, 191, 242, 239, 167, 148, 61, 186, 240,
       217, 157, 143, 220, 236, 252, 35, 79, 255, 23, 230, 188, 246, 95,
       227, 251, 99, 127, 198, 63, 174, 249, 111, 47, 158, 250, 223, 239,
       188, 191, 250, 224, 249, 205, 166, 207, 148, 252, 50, 238, 251,
       94, 226, 190, 214, 253, 98, 187, 227, 123, 230, 46, 172, 241, 103,
       175, 207, 254, 239, 239, 188, 191, 248, 121, 32, 79, 95, 239, 190,
       252, 118, 127, 255, 31, 238, 223, 231, 253, 239, 191, 237, 255,
