%YAML:1.0
---
descriptors: !!opencv-matrix
   rows: 288
   cols: 32
   dt: u
   data: [ 33, 201, 67, 217, 84, 133, 231, 247, 84, 0, 80, 66, 49, 146,
       180, 228, 72, 42, 2, 200, 99, 186, 86, 253, 36, 8, 186, 72, 61,
       24, 240, 172, 32, 203, 27, 250, 20, 129, 195, 244, 86, 0, 92, 2,
       51, 201, 176, 96, 88, 170, 2, 200, 74, 186, 98, 191, 224, 141,
       170, 104, 53, 154, 112, 168, 9, 156, 58, 122, 113, 189, 123, 210,
       127, 15, 124, 0, 63, 211, 35, 16, 181, 58, 23, 14, 162, 188, 56,
       127, 71, 207, 48, 1, 82, 131, 107, 235, 2, 173, 51, 186, 215, 197,
       191, 231, 30, 5, 72, 131, 172, 206, 52, 0, 159, 59, 147, 145, 82,
       24, 24, 255, 45, 20, 14, 107, 148, 14, 133, 250, 92, 189, 183,
       250, 137, 253, 84, 247, 171, 221, 168, 13, 191, 191, 66, 18, 135,
       247, 253, 16, 30, 107, 250, 177, 251, 247, 86, 123, 194, 68, 167,
       91, 3, 143, 57, 201, 178, 181, 187, 55, 78, 9, 94, 98, 189, 42,
       180, 96, 103, 27, 31, 137, 147, 152, 97, 255, 108, 191, 186, 192,
       148, 128, 161, 41, 211, 95, 7, 158, 34, 198, 175, 116, 188, 200,
       203, 231, 244, 230, 183, 103, 118, 101, 126, 239, 229, 145, 55,
       110, 176, 38, 238, 128, 12, 55, 33, 93, 33, 89, 89, 205, 80, 71,
       67, 114, 33, 192, 232, 72, 51, 19, 1, 52, 88, 188, 18, 232, 73,
       186, 80, 12, 117, 172, 0, 0, 120, 160, 98, 168, 253, 76, 125, 101,
       36, 79, 103, 184, 113, 234, 183, 8, 211, 21, 149, 55, 24, 196,
       124, 106, 105, 244, 249, 14, 231, 251, 101, 20, 98, 187, 82, 96,
       141, 159, 109, 91, 166, 186, 255, 144, 110, 80, 95, 230, 217, 111,
       153, 107, 39, 126, 63, 255, 243, 208, 47, 246, 110, 107, 239, 196,
       175, 247, 145, 241, 130, 233, 54, 172, 93, 217, 180, 231, 207, 0,
       200, 9, 174, 156, 36, 160, 168, 187, 202, 65, 70, 43, 18, 253,
       181, 16, 8, 59, 80, 28, 143, 142, 117, 41, 200, 165, 28, 11, 74,
       218, 71, 160, 138, 75, 19, 163, 81, 80, 88, 204, 125, 253, 136,
       139, 197, 28, 248, 205, 165, 52, 172, 185, 80, 0, 57, 107, 115,
       225, 86, 3, 105, 254, 69, 164, 252, 206, 19, 7, 177, 20, 126, 140,
       6, 252, 200, 186, 117, 156, 118, 204, 161, 36, 119, 184, 98, 232,
       87, 244, 229, 193, 254, 147, 251, 236, 47, 241, 93, 139, 89, 78,
       222, 32, 63, 153, 151, 191, 199, 18, 61, 223, 62, 79, 143, 228,
       191, 182, 115, 253, 27, 26, 111, 245, 38, 214, 123, 18, 253, 204,
       86, 231, 61, 159, 183, 228, 102, 61, 191, 223, 133, 152, 55, 236,
       198, 251, 170, 192, 47, 165, 109, 249, 159, 82, 99, 217, 246, 179,
       251, 216, 95, 75, 87, 247, 25, 142, 255, 108, 127, 137, 23, 157,
       167, 150, 45, 214, 30, 79, 186, 196, 191, 157, 49, 245, 159, 95,
       111, 111, 50, 86, 95, 176, 49, 206, 214, 167, 121, 79, 183, 229,
       118, 236, 181, 238, 237, 148, 61, 142, 114, 235, 237, 128, 47,
       183, 124, 117, 184, 77, 106, 108, 116, 71, 95, 112, 21, 196, 252,
       11, 115, 77, 51, 16, 92, 232, 23, 238, 232, 178, 112, 14, 115,
       237, 160, 1, 119, 187, 110, 218, 72, 149, 49, 113, 241, 236, 49,
       19, 43, 29, 111, 56, 158, 23, 64, 92, 135, 31, 117, 16, 19, 152,
       176, 87, 207, 180, 48, 194, 130, 0, 135, 115, 98, 32, 71, 201, 72,
       3, 232, 72, 175, 160, 194, 2, 0, 138, 52, 80, 232, 157, 123, 224,
       0, 147, 211, 208, 21, 56, 138, 26, 17, 10, 112, 134, 95, 82, 59,
       237, 50, 94, 59, 17, 61, 108, 87, 228, 159, 151, 130, 244, 54, 29,
       253, 238, 133, 149, 189, 206, 214, 253, 43, 132, 10, 166, 45, 113,
       137, 159, 23, 253, 52, 156, 105, 55, 237, 73, 126, 84, 188, 147,
       160, 227, 198, 34, 127, 12, 193, 184, 35, 237, 231, 251, 114, 128,
       10, 128, 129, 57, 57, 81, 122, 238, 117, 223, 82, 120, 85, 76,
       253, 11, 123, 89, 58, 240, 248, 136, 151, 110, 206, 178, 120, 159,
       243, 237, 32, 57, 115, 138, 126, 195, 60, 177, 120, 234, 87, 87,
       82, 120, 71, 96, 253, 10, 91, 93, 42, 176, 94, 153, 150, 226, 223,
       50, 121, 157, 251, 205, 33, 125, 115, 139, 78, 227, 57, 132, 41,
       253, 29, 239, 193, 35, 69, 113, 236, 26, 147, 49, 48, 101, 72,
       170, 18, 12, 25, 186, 113, 149, 79, 233, 208, 112, 211, 72, 208,
       170, 142, 88, 146, 154, 109, 213, 178, 72, 159, 28, 85, 35, 172,
       222, 47, 205, 216, 57, 131, 67, 70, 54, 90, 241, 23, 81, 218, 171,
       22, 31, 61, 215, 147, 161, 227, 155, 196, 166, 236, 231, 117, 65,
       219, 18, 89, 235, 56, 96, 121, 238, 23, 172, 89, 155, 12, 194,
       189, 46, 158, 196, 37, 202, 240, 168, 139, 118, 127, 106, 122, 63,
       121, 85, 229, 95, 215, 245, 223, 95, 158, 119, 86, 145, 223, 44,
       173, 151, 101, 140, 246, 249, 34, 166, 110, 246, 38, 119, 11, 143,
       75, 169, 118, 136, 104, 55, 60, 65, 90, 199, 189, 39, 176, 64,
       118, 43, 23, 157, 147, 152, 21, 253, 236, 47, 186, 192, 188, 128,
       161, 216, 98, 187, 184, 154, 249, 229, 153, 207, 155, 253, 156,
       185, 172, 252, 214, 2, 143, 127, 247, 21, 150, 107, 170, 243, 91,
       29, 63, 255, 212, 14, 47, 223, 125, 51, 178, 101, 181, 62, 119,
       249, 105, 232, 127, 76, 95, 49, 73, 182, 180, 84, 252, 122, 217,
       177, 177, 136, 251, 253, 37, 84, 202, 247, 203, 51, 95, 126, 230,
       230, 108, 62, 238, 216, 229, 232, 254, 230, 121, 254, 247, 239,
       126, 229, 127, 255, 133, 243, 175, 232, 182, 251, 239, 128, 175,
       247, 121, 125, 190, 221, 127, 238, 254, 215, 255, 249, 21, 204,
       245, 103, 127, 223, 170, 97, 254, 249, 151, 230, 249, 179, 58,
       255, 255, 219, 175, 206, 127, 170, 228, 243, 56, 201, 5, 173, 21,
       195, 135, 247, 4, 0, 120, 66, 181, 5, 48, 197, 72, 58, 3, 73, 67,
       184, 16, 189, 225, 130, 186, 0, 119, 24, 181, 232, 92, 22, 254,
       101, 34, 58, 118, 16, 121, 174, 63, 104, 79, 59, 129, 155, 179,
       117, 237, 34, 32, 245, 137, 72, 215, 235, 97, 151, 98, 243, 79,
       35, 46, 244, 178, 218, 251, 245, 159, 220, 159, 255, 125, 63, 44,
       220, 126, 172, 159, 123, 151, 87, 150, 111, 58, 243, 127, 92, 29,
       255, 215, 95, 183, 247, 15, 23, 117, 255, 166, 46, 238, 184, 119,
       210, 95, 230, 217, 111, 157, 239, 55, 85, 63, 255, 209, 208, 143,
       252, 78, 251, 239, 196, 175, 247, 217, 49, 186, 182, 43, 58, 125,
       229, 145, 67, 27, 109, 249, 191, 42, 220, 190, 9, 253, 187, 215,
       21, 190, 47, 106, 183, 91, 87, 57, 251, 213, 76, 118, 247, 205,
       92, 238, 87, 38, 86, 239, 48, 244, 198, 214, 134, 89, 247, 179,
       111, 118, 100, 251, 238, 225, 213, 181, 106, 119, 107, 239, 128,
       39, 247, 53, 113, 62, 212, 191, 243, 199, 101, 181, 199, 20, 51,
       203, 19, 84, 255, 105, 43, 125, 223, 179, 147, 59, 246, 251, 226,
       221, 131, 222, 70, 165, 121, 180, 178, 176, 74, 79, 254, 14, 160,
       74, 242, 132, 0, 208, 194, 49, 193, 177, 65, 110, 224, 14, 207,
       168, 167, 6, 173, 208, 170, 170, 136, 53, 185, 112, 40, 2, 157,
       34, 157, 178, 132, 184, 103, 188, 69, 90, 247, 172, 174, 50, 64,
       231, 59, 187, 133, 247, 152, 22, 255, 188, 54, 154, 194, 28, 4,
       165, 217, 3, 141, 15, 189, 148, 135, 238, 103, 84, 3, 90, 66, 176,
       58, 48, 64, 232, 34, 19, 137, 113, 184, 16, 255, 37, 174, 158, 0,
       29, 72, 241, 8, 14, 160, 169, 211, 213, 229, 184, 206, 31, 113,
       13, 18, 188, 191, 92, 8, 153, 27, 147, 145, 19, 56, 154, 243, 79,
       93, 155, 111, 219, 77, 183, 210, 214, 74, 94, 180, 106, 128, 63,
       96, 172, 14, 150, 163, 44, 199, 163, 83, 38, 241, 239, 194, 64, 7,
       134, 233, 240, 97, 107, 139, 37, 183, 39, 195, 61, 87, 105, 111,
       54, 59, 203, 120, 69, 104, 125, 230, 83, 109, 187, 32, 126, 136,
       23, 238, 201, 176, 109, 31, 98, 205, 33, 132, 127, 171, 80, 241,
       120, 241, 91, 170, 62, 193, 90, 252, 7, 0, 248, 171, 111, 223, 40,
       80, 254, 217, 157, 243, 74, 3, 88, 191, 249, 197, 175, 255, 53,
       27, 36, 27, 152, 141, 62, 254, 20, 196, 121, 119, 148, 1, 218, 18,
       49, 243, 32, 65, 248, 187, 3, 128, 120, 155, 16, 255, 243, 227,
       186, 65, 48, 8, 244, 170, 57, 97, 67, 77, 85, 147, 233, 103, 69,
