%YAML:1.0
---
descriptors: !!opencv-matrix
   rows: 84
   cols: 32
   dt: u
   data: [ 34, 133, 48, 233, 213, 211, 246, 109, 77, 13, 120, 3, 8, 88,
       62, 132, 216, 139, 151, 113, 222, 184, 68, 223, 45, 92, 142, 231,
       85, 14, 220, 142, 116, 132, 203, 28, 222, 3, 71, 251, 82, 162,
       232, 94, 113, 225, 169, 65, 121, 236, 34, 168, 57, 127, 140, 31,
       248, 166, 231, 60, 185, 232, 112, 168, 48, 32, 207, 156, 94, 3,
       193, 107, 86, 161, 226, 90, 83, 32, 144, 9, 123, 228, 106, 168,
       41, 255, 69, 31, 216, 134, 245, 20, 101, 40, 112, 40, 49, 65, 74,
       229, 86, 2, 238, 112, 100, 224, 227, 134, 83, 0, 177, 96, 122,
       204, 18, 238, 205, 179, 21, 140, 246, 233, 130, 4, 109, 187, 120,
       128, 137, 138, 127, 251, 36, 172, 232, 151, 254, 25, 86, 80, 189,
       139, 244, 105, 166, 43, 63, 29, 147, 252, 6, 241, 70, 217, 250,
       192, 158, 129, 193, 169, 0, 32, 143, 141, 76, 139, 160, 72, 158,
       176, 66, 66, 228, 194, 96, 66, 112, 44, 106, 17, 2, 217, 131, 89,
       12, 34, 219, 36, 0, 40, 81, 136, 2, 33, 18, 136, 78, 11, 184, 72,
       142, 32, 192, 11, 140, 154, 96, 64, 234, 29, 123, 97, 0, 3, 131,
       208, 148, 48, 10, 63, 20, 10, 49, 134, 98, 32, 70, 141, 78, 11,
       232, 72, 7, 160, 194, 11, 0, 137, 84, 82, 104, 140, 123, 225, 0,
       147, 197, 208, 20, 40, 139, 48, 21, 8, 114, 128, 4, 204, 134, 151,
       145, 143, 38, 168, 182, 147, 66, 3, 228, 224, 105, 201, 241, 110,
       162, 80, 38, 216, 27, 127, 173, 38, 95, 71, 144, 106, 45, 6, 129,
       218, 123, 91, 100, 205, 233, 150, 127, 77, 118, 36, 176, 149, 181,
       108, 78, 58, 22, 72, 131, 188, 50, 117, 71, 58, 50, 128, 87, 153,
       69, 249, 36, 165, 134, 156, 223, 71, 166, 232, 18, 183, 96, 10,
       96, 224, 105, 89, 121, 236, 34, 112, 34, 82, 154, 31, 61, 38, 215,
       109, 145, 104, 52, 138, 112, 165, 134, 156, 93, 67, 192, 232, 150,
       180, 235, 10, 98, 224, 32, 3, 121, 236, 106, 248, 40, 251, 155,
       29, 153, 34, 213, 61, 225, 42, 58, 8, 6, 108, 18, 170, 223, 11,
       190, 72, 143, 34, 193, 139, 140, 137, 113, 64, 234, 141, 123, 227,
       100, 3, 207, 210, 180, 52, 11, 59, 148, 94, 177, 138, 118, 247,
       178, 190, 251, 213, 158, 236, 155, 172, 184, 43, 78, 254, 109, 17,
       255, 249, 207, 227, 108, 99, 202, 223, 251, 210, 79, 63, 80, 62,
       39, 199, 62, 247, 126, 236, 125, 95, 222, 236, 155, 172, 253, 171,
       78, 253, 46, 144, 254, 221, 215, 227, 108, 227, 218, 222, 187,
       255, 141, 191, 119, 62, 126, 87, 227, 49, 51, 200, 109, 85, 177,
       73, 237, 108, 211, 10, 136, 156, 181, 100, 236, 157, 90, 99, 133,
       35, 244, 208, 21, 56, 138, 58, 85, 15, 119, 245, 49, 32, 111, 237,
       36, 130, 225, 23, 86, 33, 210, 66, 19, 9, 148, 104, 72, 140, 110,
       25, 153, 254, 229, 132, 212, 169, 242, 64, 37, 136, 112, 40, 2,
       249, 58, 184, 107, 217, 180, 199, 175, 53, 20, 185, 172, 158, 102,
       2, 163, 59, 239, 3, 70, 73, 130, 241, 214, 17, 27, 187, 20, 20,
       143, 223, 156, 141, 150, 151, 149, 244, 126, 167, 63, 147, 75, 19,
       236, 122, 110, 203, 241, 227, 162, 147, 118, 220, 27, 231, 173,
       150, 223, 71, 128, 117, 185, 14, 197, 239, 255, 246, 254, 34, 207,
       252, 218, 234, 189, 220, 253, 227, 185, 115, 55, 103, 78, 238,
       241, 71, 172, 126, 248, 143, 239, 188, 140, 243, 161, 33, 48, 34,
       205, 189, 86, 11, 97, 75, 86, 161, 226, 218, 83, 1, 144, 9, 120,
       172, 98, 140, 9, 254, 197, 29, 92, 163, 240, 64, 109, 136, 112,
       40, 49, 65, 75, 229, 23, 66, 98, 96, 68, 128, 227, 2, 83, 129, 49,
       96, 120, 140, 10, 238, 73, 179, 21, 140, 241, 233, 130, 4, 109,
       59, 112, 128, 1, 128, 135, 157, 88, 139, 32, 104, 182, 177, 66,
       70, 112, 224, 160, 200, 121, 108, 34, 56, 1, 216, 143, 29, 76, 34,
       115, 4, 40, 40, 112, 168, 48, 32, 206, 141, 78, 67, 97, 75, 22,
       161, 226, 138, 83, 128, 0, 72, 120, 140, 98, 152, 8, 242, 215, 20,
       20, 34, 241, 4, 33, 8, 112, 136, 96, 32, 77, 201, 78, 137, 232,
       65, 100, 49, 226, 130, 145, 0, 84, 74, 106, 140, 106, 153, 2, 146,
       71, 80, 20, 40, 154, 0, 37, 8, 112, 136, 4, 160, 134, 29, 88, 203,
       32, 168, 182, 177, 66, 0, 228, 240, 104, 66, 113, 108, 106, 112,
       2, 208, 139, 29, 13, 34, 79, 68, 16, 42, 33, 130, 50, 0, 82, 128,
       102, 9, 248, 64, 45, 0, 176, 139, 142, 10, 36, 80, 234, 145, 78,
       129, 12, 163, 64, 192, 148, 144, 138, 18, 85, 8, 35, 134, 32, 160,
       134, 156, 73, 135, 160, 104, 150, 176, 64, 2, 100, 224, 104, 66,
       216, 108, 98, 64, 6, 67, 218, 25, 13, 34, 79, 47, 16, 42, 49, 130,
       67, 32, 97, 193, 108, 137, 232, 67, 237, 17, 210, 194, 153, 9,
       212, 74, 106, 129, 91, 157, 2, 56, 68, 192, 20, 24, 146, 40, 20,
       136, 113, 136, 66, 156, 148, 159, 137, 126, 180, 143, 190, 151,
       75, 17, 236, 118, 6, 207, 129, 119, 235, 17, 52, 220, 219, 97, 13,
       50, 95, 3, 128, 116, 173, 78, 2, 33, 18, 137, 78, 3, 168, 72, 172,
       32, 194, 11, 132, 130, 32, 64, 234, 141, 74, 225, 0, 3, 193, 208,
       149, 0, 10, 59, 20, 10, 33, 130, 198, 253, 146, 186, 185, 205,
       190, 232, 190, 190, 137, 9, 236, 246, 105, 215, 231, 115, 235,
       211, 98, 67, 154, 251, 189, 16, 15, 127, 144, 115, 175, 151, 23,
       12, 107, 143, 86, 246, 235, 122, 116, 97, 95, 198, 113, 102, 183,
       100, 127, 175, 23, 189, 129, 144, 61, 254, 60, 46, 171, 192, 189,
       195, 113, 244, 117, 239, 199, 204, 188, 3, 78, 249, 150, 218, 152,
       206, 115, 227, 249, 55, 127, 192, 124, 254, 233, 67, 14, 62, 184,
       142, 165, 188, 61, 250, 112, 49, 166, 204, 212, 151, 229, 109,
       182, 231, 27, 191, 121, 19, 108, 126, 76, 15, 249, 127, 163, 2,
       114, 252, 75, 227, 45, 22, 223, 39, 209, 125, 221, 142, 150, 252,
       180, 159, 141, 248, 86, 175, 31, 247, 158, 19, 238, 126, 79, 15,
       249, 247, 236, 82, 126, 124, 251, 247, 175, 214, 223, 87, 128,
       125, 164, 78, 253, 119, 157, 246, 174, 15, 71, 248, 82, 250, 181,
       94, 87, 115, 201, 59, 221, 212, 124, 110, 233, 103, 235, 42, 251,
       203, 101, 180, 40, 249, 194, 49, 115, 76, 79, 220, 28, 144, 78,
       246, 132, 72, 220, 194, 49, 130, 177, 96, 108, 242, 62, 204, 205,
       139, 6, 237, 178, 169, 186, 152, 61, 152, 120, 25, 186, 7, 106,
       236, 50, 210, 31, 105, 177, 12, 253, 171, 77, 207, 160, 80, 126,
       185, 133, 163, 104, 131, 4, 223, 242, 229, 170, 155, 55, 166, 174,
       115, 39, 173, 226, 17, 213, 191, 162, 235, 95, 225, 88, 70, 232,
       104, 255, 164, 185, 75, 146, 53, 183, 240, 28, 223, 46, 30, 15,
       231, 207, 76, 91, 132, 10, 148, 176, 159, 245, 191, 182, 175, 31,
       39, 78, 21, 236, 106, 46, 196, 209, 15, 147, 37, 116, 152, 121,
       223, 47, 118, 159, 67, 146, 76, 157, 222, 2, 149, 24, 203, 245,
       247, 178, 238, 31, 13, 94, 35, 140, 127, 46, 68, 221, 27, 147, 48,
       22, 184, 73, 255, 47, 28, 138, 71, 146, 78, 253, 143, 252, 221,
       252, 246, 255, 118, 95, 255, 147, 222, 189, 63, 127, 127, 59, 83,
       255, 247, 181, 243, 249, 71, 58, 239, 251, 223, 239, 221, 191,
       247, 172, 83, 183, 106, 229, 129, 236, 51, 207, 216, 82, 242, 144,
       238, 83, 40, 213, 175, 89, 196, 92, 255, 173, 118, 237, 154, 24,
       74, 229, 244, 253, 255, 80, 244, 113, 134, 77, 101, 22, 42, 67,
       51, 117, 227, 238, 206, 115, 33, 144, 112, 121, 230, 108, 172,
       185, 184, 101, 14, 248, 175, 177, 16, 237, 224, 112, 40, 181, 68,
       11, 236, 21, 70, 67, 112, 196, 128, 227, 2, 83, 209, 57, 97, 120,
       172, 10, 234, 105, 183, 16, 14, 241, 169, 130, 4, 105, 42, 112,
       162, 1, 32, 135, 13, 88, 131, 32, 74, 38, 177, 66, 66, 112, 128,
       160, 72, 112, 44, 106, 136, 1, 217, 135, 29, 84, 34, 113, 4, 41,
       8, 112, 136, 32, 32, 134, 140, 73, 199, 160, 72, 134, 176, 64, 9,
       228, 208, 96, 66, 216, 44, 106, 96, 2, 195, 219, 25, 5, 32, 11,
       63, 16, 42, 5, 130, 114, 0, 18, 136, 91, 3, 64, 72, 13, 0, 225,
       11, 6, 130, 36, 80, 248, 133, 78, 225, 12, 3, 80, 204, 145, 48,
