%YAML:1.0
---
descriptors: !!opencv-matrix
   rows: 83
   cols: 32
   dt: u
   data: [ 223, 108, 239, 193, 134, 54, 239, 150, 113, 178, 158, 130, 25,
       47, 245, 111, 103, 228, 61, 254, 161, 245, 181, 234, 127, 239,
       231, 196, 167, 241, 112, 100, 180, 13, 66, 224, 199, 163, 110,
       226, 245, 130, 242, 74, 3, 171, 49, 217, 120, 232, 14, 234, 40,
       183, 0, 238, 176, 202, 203, 1, 185, 121, 120, 128, 247, 87, 110,
       134, 230, 18, 255, 112, 169, 196, 255, 231, 73, 238, 191, 51, 126,
       229, 151, 231, 245, 211, 172, 204, 54, 40, 239, 142, 45, 247, 118,
       213, 10, 153, 50, 154, 123, 212, 184, 103, 175, 77, 92, 35, 172,
       222, 38, 228, 238, 59, 179, 145, 214, 26, 178, 245, 63, 117, 26,
       203, 18, 6, 175, 255, 10, 155, 160, 155, 253, 213, 184, 111, 143,
       93, 92, 231, 172, 206, 118, 196, 205, 27, 183, 149, 150, 26, 98,
       245, 15, 85, 190, 235, 146, 12, 189, 223, 173, 79, 90, 186, 236,
       160, 239, 204, 158, 22, 221, 82, 221, 226, 185, 201, 123, 235, 23,
       251, 98, 103, 10, 250, 244, 131, 175, 140, 148, 251, 241, 160, 42,
       185, 112, 200, 117, 213, 185, 117, 207, 77, 116, 47, 44, 158, 182,
       164, 238, 57, 151, 209, 214, 58, 48, 221, 127, 93, 138, 235, 87,
       140, 127, 223, 10, 157, 176, 219, 213, 221, 188, 167, 127, 5, 108,
       3, 168, 190, 126, 192, 249, 155, 131, 1, 86, 56, 82, 247, 47, 221,
       22, 75, 211, 76, 205, 222, 10, 151, 16, 139, 245, 243, 178, 75,
       14, 13, 91, 35, 140, 126, 46, 196, 217, 27, 147, 17, 22, 152, 89,
       223, 45, 20, 138, 199, 150, 14, 61, 151, 152, 159, 28, 171, 42,
       219, 22, 253, 12, 58, 93, 230, 239, 83, 170, 197, 119, 19, 142,
       98, 83, 157, 9, 183, 176, 195, 106, 151, 58, 10, 141, 11, 22, 60,
       154, 168, 27, 225, 51, 202, 174, 145, 136, 34, 60, 247, 97, 98,
       227, 121, 218, 176, 2, 3, 146, 90, 217, 133, 15, 47, 176, 99, 37,
       130, 219, 221, 103, 199, 82, 22, 239, 252, 49, 122, 86, 230, 121,
       46, 152, 247, 54, 197, 53, 239, 229, 220, 189, 239, 54, 106, 254,
       196, 47, 183, 35, 253, 174, 253, 42, 154, 221, 213, 151, 207, 155,
       127, 148, 63, 104, 220, 110, 1, 157, 123, 211, 195, 231, 103, 58,
       243, 115, 81, 141, 255, 87, 92, 158, 215, 159, 209, 178, 186, 181,
       214, 60, 93, 63, 79, 87, 55, 76, 254, 42, 236, 247, 27, 159, 49,
       182, 133, 57, 211, 251, 247, 158, 207, 154, 92, 173, 87, 6, 141,
       231, 223, 244, 162, 238, 236, 31, 150, 219, 195, 237, 233, 61, 65,
       251, 235, 55, 207, 112, 250, 95, 239, 189, 62, 223, 64, 149, 251,
       241, 136, 139, 50, 179, 217, 101, 159, 184, 83, 95, 89, 81, 118,
       140, 156, 246, 237, 166, 25, 150, 17, 151, 252, 35, 209, 7, 89,
       58, 170, 158, 12, 169, 245, 164, 205, 214, 222, 222, 34, 239, 236,
       30, 146, 249, 18, 213, 227, 57, 65, 123, 195, 59, 251, 112, 103,
       79, 254, 188, 174, 207, 12, 149, 251, 241, 160, 34, 149, 186, 206,
       213, 245, 242, 99, 15, 69, 109, 3, 172, 189, 46, 100, 216, 59,
       147, 0, 22, 186, 248, 243, 39, 60, 2, 43, 83, 78, 236, 206, 43,
       171, 226, 155, 215, 177, 184, 199, 95, 7, 116, 183, 40, 136, 118,
       132, 255, 43, 147, 149, 150, 190, 134, 243, 30, 92, 158, 235, 223,
       12, 251, 207, 2, 172, 190, 149, 129, 234, 49, 39, 62, 183, 70, 17,
       172, 182, 66, 89, 129, 63, 171, 17, 50, 220, 243, 211, 141, 54,
       94, 99, 128, 68, 133, 234, 10, 185, 186, 221, 245, 221, 189, 55,
       47, 205, 94, 37, 172, 190, 38, 224, 166, 59, 247, 1, 214, 184,
       178, 253, 111, 119, 30, 195, 130, 70, 143, 255, 57, 151, 107, 233,
       244, 183, 251, 114, 69, 73, 126, 230, 25, 29, 182, 96, 126, 186,
       23, 252, 155, 184, 53, 220, 126, 205, 170, 192, 255, 142, 112,
       241, 119, 71, 111, 132, 230, 2, 239, 112, 233, 198, 219, 231, 89,
       236, 183, 35, 126, 229, 55, 239, 229, 211, 164, 204, 118, 40, 239,
       140, 45, 247, 114, 213, 29, 68, 67, 234, 22, 226, 107, 80, 20,
       192, 223, 226, 89, 199, 185, 224, 126, 168, 31, 190, 137, 151, 44,
       206, 240, 237, 171, 128, 191, 187, 112, 176, 150, 220, 188, 183,
       145, 126, 86, 175, 63, 247, 78, 17, 206, 62, 10, 79, 209, 87, 161,
       17, 60, 220, 123, 234, 175, 246, 95, 71, 130, 117, 141, 94, 139,
       92, 238, 153, 239, 247, 188, 214, 31, 251, 212, 183, 8, 190, 247,
       237, 239, 251, 183, 149, 167, 126, 119, 242, 30, 95, 223, 207,
       159, 252, 61, 221, 127, 219, 123, 238, 190, 209, 95, 252, 15, 236,
       188, 239, 127, 205, 255, 228, 126, 253, 159, 255, 207, 43, 172,
       249, 250, 253, 167, 252, 63, 191, 252, 121, 107, 223, 165, 186,
       173, 189, 92, 182, 143, 93, 188, 221, 175, 239, 210, 230, 205, 99,
       239, 92, 159, 104, 234, 177, 175, 223, 245, 248, 154, 220, 196,
       125, 17, 140, 107, 253, 54, 171, 107, 115, 127, 73, 95, 198, 191,
       163, 176, 96, 119, 170, 30, 12, 179, 184, 37, 223, 238, 174, 163,
       192, 188, 136, 113, 249, 3, 191, 96, 139, 247, 213, 186, 119, 31,
       73, 92, 199, 168, 142, 182, 228, 254, 155, 151, 149, 151, 184, 36,
       247, 62, 92, 154, 226, 31, 4, 185, 221, 42, 233, 32, 218, 221,
       213, 154, 237, 15, 13, 252, 43, 40, 221, 110, 132, 220, 187, 147,
       209, 94, 43, 106, 245, 59, 93, 156, 251, 83, 14, 254, 206, 141,
       79, 222, 248, 172, 54, 111, 255, 150, 158, 156, 102, 253, 243,
       251, 111, 127, 66, 62, 254, 227, 67, 43, 250, 254, 219, 239, 140,
       190, 250, 185, 161, 93, 29, 59, 238, 176, 164, 95, 208, 184, 72,
       93, 68, 255, 255, 41, 112, 246, 123, 29, 71, 147, 3, 186, 175,
       241, 253, 42, 136, 24, 243, 161, 115, 46, 122, 161, 152, 239, 113,
       188, 206, 91, 254, 88, 171, 12, 236, 119, 174, 157, 123, 147, 147,
       148, 114, 170, 242, 29, 86, 223, 175, 215, 127, 159, 255, 2, 139,
       34, 153, 215, 193, 186, 199, 30, 77, 88, 167, 172, 206, 54, 196,
       255, 43, 147, 149, 22, 152, 2, 247, 44, 20, 158, 235, 148, 14,
       189, 223, 2, 185, 18, 153, 93, 221, 176, 103, 140, 65, 88, 2, 172,
       154, 36, 192, 232, 59, 130, 17, 23, 186, 80, 221, 45, 20, 154,
       107, 24, 12, 185, 158, 6, 141, 199, 159, 220, 130, 238, 232, 31,
       150, 210, 66, 236, 234, 61, 195, 123, 235, 47, 239, 49, 240, 75,
       239, 189, 54, 207, 68, 149, 122, 113, 168, 42, 187, 40, 136, 125,
       209, 184, 203, 15, 125, 92, 167, 172, 142, 246, 196, 206, 25, 183,
       209, 150, 11, 34, 213, 30, 85, 186, 239, 150, 14, 61, 223, 50, 77,
       86, 172, 69, 198, 252, 99, 61, 12, 242, 3, 47, 154, 36, 85, 250,
       189, 183, 225, 76, 187, 0, 205, 177, 250, 202, 131, 53, 172, 124,
       142, 15, 157, 34, 139, 213, 246, 186, 194, 15, 69, 77, 7, 200,
       254, 62, 164, 253, 27, 147, 147, 150, 184, 62, 245, 15, 93, 139,
       71, 151, 71, 253, 214, 15, 159, 105, 253, 254, 149, 255, 249, 159,
       72, 92, 231, 253, 239, 187, 96, 127, 251, 31, 239, 243, 0, 62,
       255, 254, 223, 175, 236, 63, 191, 177, 241, 140, 218, 249, 251,
       182, 229, 121, 146, 62, 95, 86, 182, 157, 135, 240, 104, 103, 59,
       31, 152, 163, 220, 59, 243, 205, 143, 186, 196, 180, 129, 165,
       241, 52, 72, 210, 238, 77, 66, 86, 204, 173, 0, 250, 2, 71, 154,
       45, 88, 248, 221, 142, 226, 72, 167, 8, 232, 177, 244, 134, 31,
       117, 59, 228, 10, 18, 147, 83, 143, 38, 11, 63, 120, 13, 100, 91,
       231, 237, 102, 170, 196, 126, 177, 143, 103, 209, 177, 13, 249,
       176, 228, 42, 146, 63, 255, 137, 85, 2, 12, 176, 151, 241, 126,
       178, 138, 63, 175, 74, 17, 236, 126, 15, 200, 145, 95, 131, 17,
       54, 188, 121, 239, 13, 54, 27, 7, 128, 109, 13, 206, 89, 64, 122,
       197, 38, 86, 239, 113, 120, 230, 214, 130, 89, 31, 151, 96, 126,
       164, 127, 172, 193, 181, 181, 202, 247, 45, 170, 128, 103, 164,
       117, 97, 105, 251, 168, 251, 188, 157, 93, 151, 3, 121, 188, 205,
       179, 111, 210, 50, 77, 194, 253, 92, 223, 106, 235, 177, 238, 221,
       181, 248, 158, 152, 218, 89, 26, 149, 122, 232, 178, 243, 185,
       119, 189, 77, 95, 162, 93, 255, 170, 96, 126, 187, 151, 160, 19,
