%YAML:1.0
---
descriptors: !!opencv-matrix
   rows: 109
   cols: 32
   dt: u
   data: [ 247, 95, 110, 132, 246, 18, 190, 115, 161, 196, 222, 231, 73,
       238, 183, 115, 126, 229, 151, 231, 229, 147, 164, 206, 50, 46,
       175, 128, 45, 167, 118, 213, 42, 159, 106, 201, 213, 247, 251, 83,
       86, 77, 92, 198, 25, 61, 54, 224, 127, 186, 151, 189, 147, 184,
       52, 223, 111, 77, 170, 193, 255, 206, 121, 243, 161, 213, 121, 77,
       116, 199, 231, 253, 85, 72, 116, 98, 112, 85, 189, 36, 92, 24, 18,
       106, 227, 182, 108, 95, 103, 12, 165, 4, 119, 186, 116, 169, 241,
       74, 199, 237, 78, 34, 232, 88, 84, 2, 243, 226, 113, 131, 177,
       109, 122, 172, 38, 174, 136, 247, 135, 200, 84, 170, 226, 12, 53,
       171, 112, 128, 159, 164, 106, 209, 70, 187, 233, 73, 126, 179, 87,
       146, 221, 202, 250, 173, 123, 140, 23, 188, 178, 244, 45, 208, 28,
       75, 251, 228, 183, 136, 121, 160, 161, 172, 218, 241, 182, 171,
       234, 211, 86, 35, 90, 114, 177, 233, 176, 96, 121, 170, 22, 152,
       251, 184, 69, 183, 236, 207, 182, 192, 173, 200, 248, 161, 60, 77,
       34, 76, 125, 211, 214, 232, 215, 198, 236, 9, 98, 252, 39, 180,
       218, 236, 226, 103, 108, 35, 58, 191, 115, 127, 5, 59, 82, 127,
       126, 207, 61, 72, 98, 204, 93, 150, 195, 112, 85, 204, 246, 6, 98,
       248, 183, 228, 120, 236, 38, 238, 237, 179, 33, 142, 115, 239,
       130, 0, 123, 63, 120, 206, 134, 222, 61, 251, 124, 229, 187, 244,
       30, 91, 81, 119, 244, 93, 60, 41, 223, 59, 23, 87, 179, 190, 90,
       255, 109, 30, 186, 194, 157, 27, 181, 243, 39, 235, 40, 136, 125,
       157, 214, 236, 203, 124, 153, 13, 142, 200, 126, 128, 136, 1, 222,
       119, 198, 35, 78, 213, 56, 24, 13, 255, 92, 30, 219, 199, 11, 191,
       104, 153, 242, 149, 188, 55, 95, 77, 88, 231, 173, 174, 182, 224,
       254, 59, 151, 149, 151, 56, 102, 247, 46, 20, 186, 235, 29, 132,
       173, 221, 18, 95, 98, 140, 119, 148, 190, 103, 173, 76, 218, 167,
       44, 158, 54, 196, 238, 163, 159, 229, 200, 139, 36, 239, 49, 60,
       138, 139, 7, 6, 61, 223, 2, 170, 2, 153, 99, 144, 184, 102, 189,
       12, 210, 231, 172, 143, 38, 196, 238, 41, 171, 133, 66, 155, 130,
       221, 22, 118, 154, 139, 30, 4, 45, 159, 3, 73, 22, 157, 119, 150,
       188, 231, 30, 4, 82, 135, 172, 138, 51, 197, 234, 107, 179, 197,
       70, 216, 2, 253, 36, 50, 222, 131, 30, 28, 57, 205, 10, 157, 24,
       217, 213, 221, 252, 167, 63, 1, 104, 18, 170, 184, 116, 192, 233,
       187, 131, 17, 86, 56, 82, 247, 47, 221, 22, 75, 217, 76, 233, 158,
       131, 48, 179, 219, 167, 213, 176, 83, 95, 75, 81, 118, 140, 156,
       228, 236, 239, 27, 146, 17, 183, 188, 115, 243, 7, 86, 26, 194,
       212, 9, 173, 183, 19, 47, 226, 133, 246, 41, 236, 215, 10, 189,
       90, 239, 129, 168, 211, 10, 110, 238, 183, 221, 150, 248, 197,
       224, 188, 96, 170, 160, 173, 253, 152, 213, 174, 244, 161, 152,
       239, 113, 158, 202, 27, 86, 81, 179, 12, 252, 127, 172, 223, 91,
       147, 215, 135, 102, 174, 243, 19, 87, 219, 175, 151, 125, 63, 215,
       142, 32, 184, 155, 85, 255, 184, 74, 30, 47, 85, 19, 140, 223,
       110, 200, 249, 25, 147, 145, 38, 148, 89, 211, 79, 23, 155, 103,
       146, 13, 29, 130, 53, 102, 202, 232, 214, 35, 234, 86, 4, 129,
       252, 230, 17, 138, 181, 104, 122, 136, 22, 252, 154, 179, 4, 136,
       120, 140, 170, 196, 189, 219, 240, 128, 139, 158, 227, 153, 247,
       247, 185, 246, 31, 95, 214, 247, 44, 174, 182, 237, 239, 251, 183,
       149, 183, 223, 54, 255, 31, 126, 222, 194, 159, 205, 181, 253, 3,
       223, 99, 223, 246, 147, 175, 246, 95, 76, 94, 230, 104, 108, 183,
       100, 127, 106, 23, 238, 195, 184, 45, 255, 36, 62, 166, 130, 127,
       223, 241, 253, 142, 223, 191, 249, 252, 39, 191, 223, 158, 90, 88,
       119, 220, 253, 57, 41, 255, 91, 23, 115, 227, 245, 26, 247, 109,
       10, 239, 196, 157, 120, 177, 179, 21, 20, 219, 225, 22, 162, 43,
       80, 52, 131, 219, 210, 85, 211, 169, 104, 127, 181, 31, 184, 57,
       149, 21, 206, 216, 167, 170, 196, 189, 235, 32, 48, 142, 113, 176,
       147, 77, 213, 177, 200, 31, 61, 85, 3, 140, 222, 111, 141, 200,
       25, 179, 83, 66, 82, 250, 208, 5, 16, 223, 47, 18, 29, 13, 230,
       25, 151, 99, 233, 245, 183, 251, 119, 85, 77, 93, 102, 57, 45,
       178, 224, 124, 58, 151, 189, 155, 184, 49, 222, 110, 205, 170,
       192, 255, 142, 240, 241, 21, 68, 75, 224, 22, 162, 107, 80, 52,
       128, 219, 230, 81, 199, 177, 96, 126, 172, 30, 190, 169, 149, 5,
       206, 240, 142, 171, 192, 173, 179, 48, 48, 148, 32, 111, 225, 230,
       64, 233, 82, 4, 89, 215, 146, 17, 135, 240, 107, 110, 152, 23,
       157, 153, 246, 39, 192, 213, 137, 250, 196, 165, 136, 244, 241,
       198, 26, 238, 146, 194, 160, 57, 199, 61, 31, 195, 183, 12, 46,
       38, 89, 231, 147, 175, 149, 50, 94, 3, 231, 86, 38, 254, 195, 133,
       69, 165, 83, 143, 34, 246, 209, 102, 48, 184, 81, 59, 179, 119,
       242, 157, 15, 221, 43, 111, 157, 55, 157, 146, 244, 135, 192, 86,
       89, 250, 228, 231, 132, 35, 161, 8, 12, 19, 249, 81, 229, 184, 99,
       156, 1, 104, 18, 188, 150, 32, 228, 224, 59, 18, 0, 23, 153, 50,
       215, 133, 244, 154, 75, 16, 8, 37, 170, 25, 142, 67, 249, 52, 171,
       107, 115, 126, 1, 91, 226, 189, 163, 176, 96, 119, 42, 23, 24,
       147, 152, 5, 223, 204, 239, 186, 192, 188, 136, 113, 137, 42, 51,
       248, 200, 246, 181, 185, 91, 11, 93, 124, 179, 28, 158, 254, 40,
       238, 155, 151, 149, 150, 42, 38, 209, 94, 93, 186, 238, 215, 140,
       231, 255, 2, 75, 10, 140, 62, 145, 190, 103, 172, 4, 216, 131,
       172, 142, 38, 192, 234, 43, 155, 197, 68, 139, 2, 253, 52, 48,
       138, 139, 20, 22, 189, 143, 80, 89, 26, 172, 82, 194, 127, 103,
       172, 132, 218, 43, 55, 154, 34, 80, 238, 187, 79, 225, 76, 139,
       16, 111, 241, 165, 42, 24, 16, 18, 39, 138, 184, 77, 115, 236, 22,
       78, 79, 117, 36, 132, 250, 3, 63, 55, 33, 80, 122, 245, 21, 234,
       72, 187, 16, 14, 241, 237, 36, 16, 101, 186, 102, 107, 15, 188,
       191, 245, 239, 189, 189, 251, 187, 251, 117, 126, 220, 253, 205,
       43, 191, 127, 255, 51, 179, 247, 251, 243, 255, 223, 127, 238,
       206, 121, 135, 243, 6, 149, 16, 139, 215, 231, 186, 74, 30, 37,
       89, 131, 140, 92, 40, 196, 221, 27, 147, 17, 22, 184, 89, 223, 45,
       20, 139, 71, 150, 79, 61, 215, 156, 2, 169, 243, 164, 173, 105,
       146, 54, 23, 87, 147, 159, 15, 120, 72, 123, 154, 23, 156, 162,
       244, 113, 226, 205, 207, 186, 192, 181, 137, 245, 225, 37, 85,
       127, 77, 116, 70, 239, 121, 84, 74, 255, 34, 83, 21, 189, 32, 126,
       156, 22, 106, 249, 178, 101, 14, 119, 175, 32, 132, 119, 187, 244,
       161, 27, 149, 91, 233, 146, 227, 169, 115, 188, 65, 95, 166, 93,
       255, 168, 96, 126, 187, 31, 184, 19, 153, 36, 223, 248, 239, 170,
       192, 61, 130, 161, 176, 56, 80, 114, 204, 95, 214, 209, 96, 69,
       68, 246, 3, 34, 156, 39, 228, 88, 184, 162, 64, 12, 187, 118, 157,
       19, 105, 0, 27, 115, 12, 124, 222, 3, 149, 106, 139, 244, 179,
       168, 127, 30, 65, 93, 151, 153, 30, 190, 96, 126, 139, 23, 157,
       151, 152, 53, 215, 110, 93, 186, 196, 157, 142, 185, 220, 27, 135,
       106, 232, 180, 134, 233, 119, 20, 13, 223, 199, 73, 235, 186, 64,
       124, 170, 31, 173, 154, 155, 36, 223, 250, 237, 170, 200, 63, 142,
       241, 225, 216, 29, 127, 117, 50, 106, 127, 55, 244, 206, 90, 242,
       125, 63, 177, 99, 38, 119, 29, 168, 225, 221, 53, 110, 103, 175,
       126, 128, 39, 240, 37, 123, 131, 201, 14, 157, 46, 145, 188, 229,
       220, 0, 82, 231, 172, 138, 54, 65, 238, 43, 51, 197, 198, 156, 6,
       253, 32, 96, 154, 139, 28, 24, 185, 141, 146, 89, 14, 188, 14,
       144, 188, 100, 172, 0, 210, 167, 189, 158, 35, 67, 238, 121, 191,
       199, 68, 143, 2, 233, 240, 225, 234, 137, 20, 16, 41, 139, 47,
       180, 161, 66, 253, 117, 249, 223, 75, 125, 61, 28, 24, 188, 94,
       172, 157, 138, 147, 157, 151, 50, 248, 210, 95, 93, 149, 110, 195,
