%YAML:1.0
---
descriptors: !!opencv-matrix
   rows: 169
   cols: 32
   dt: u
   data: [ 208, 104, 27, 156, 74, 33, 108, 68, 44, 2, 226, 202, 166, 130,
       33, 89, 106, 185, 74, 226, 72, 167, 65, 72, 144, 160, 90, 8, 48,
       113, 33, 8, 202, 90, 190, 222, 107, 244, 189, 6, 169, 30, 86, 33,
       172, 254, 39, 75, 166, 115, 255, 67, 230, 77, 162, 233, 87, 123,
       90, 139, 6, 85, 47, 223, 56, 120, 50, 56, 17, 217, 176, 103, 253,
       4, 226, 8, 174, 152, 34, 148, 168, 42, 194, 0, 68, 189, 18, 61,
       145, 209, 16, 3, 67, 12, 78, 142, 238, 50, 253, 114, 233, 125,
       153, 90, 187, 255, 181, 189, 140, 255, 95, 191, 143, 95, 255, 21,
       182, 71, 250, 192, 95, 91, 91, 191, 198, 229, 15, 215, 36, 1, 151,
       137, 204, 42, 224, 64, 108, 49, 227, 80, 212, 34, 8, 90, 105, 132,
       106, 57, 25, 179, 65, 64, 156, 34, 194, 84, 192, 75, 227, 160,
       131, 22, 255, 133, 166, 34, 109, 31, 60, 91, 86, 246, 221, 39,
       154, 107, 119, 95, 55, 173, 177, 220, 53, 194, 228, 58, 254, 132,
       172, 240, 161, 113, 106, 170, 160, 184, 109, 253, 88, 207, 27, 63,
       176, 25, 174, 141, 86, 157, 221, 155, 183, 21, 30, 126, 234, 145,
       159, 219, 221, 255, 210, 12, 86, 222, 141, 195, 221, 229, 34, 90,
       108, 176, 109, 241, 118, 226, 217, 38, 220, 251, 118, 212, 62,
       234, 193, 212, 101, 192, 14, 235, 231, 196, 39, 162, 97, 161, 29,
       70, 245, 103, 194, 90, 110, 188, 117, 227, 118, 242, 211, 38, 157,
       253, 127, 212, 38, 170, 185, 244, 109, 106, 14, 239, 118, 132,
       231, 241, 226, 165, 74, 154, 54, 152, 107, 144, 184, 70, 191, 29,
       82, 181, 172, 142, 38, 204, 230, 59, 251, 149, 22, 201, 130, 241,
       159, 112, 26, 203, 18, 4, 173, 223, 197, 134, 157, 53, 176, 42,
       99, 27, 118, 163, 99, 208, 215, 99, 136, 88, 19, 78, 108, 60, 59,
       252, 205, 15, 204, 174, 117, 68, 232, 224, 194, 0, 81, 142, 25,
       109, 176, 47, 99, 55, 116, 41, 106, 68, 247, 51, 128, 112, 17,
       102, 108, 40, 185, 184, 65, 63, 232, 175, 32, 16, 232, 194, 192,
       41, 41, 187, 123, 249, 244, 223, 239, 247, 95, 97, 124, 234, 179,
       221, 176, 32, 94, 58, 22, 88, 215, 186, 118, 189, 111, 157, 53,
       224, 86, 138, 212, 249, 51, 111, 98, 142, 116, 147, 202, 120, 85,
       108, 221, 231, 97, 204, 183, 128, 92, 168, 151, 239, 204, 179,
       108, 159, 50, 76, 169, 172, 117, 174, 120, 221, 128, 208, 92, 223,
       116, 195, 121, 191, 30, 17, 86, 243, 240, 71, 168, 65, 127, 26,
       59, 128, 34, 156, 67, 255, 70, 190, 250, 192, 20, 136, 245, 187,
       5, 130, 253, 213, 20, 158, 232, 184, 126, 153, 114, 66, 251, 232,
       220, 225, 123, 238, 38, 152, 131, 248, 111, 253, 12, 159, 247, 68,
       237, 168, 81, 172, 138, 157, 18, 155, 245, 221, 176, 231, 189, 13,
       94, 17, 172, 218, 46, 196, 231, 59, 131, 16, 118, 152, 48, 247,
       47, 127, 30, 67, 146, 12, 173, 207, 53, 142, 205, 87, 148, 26,
       230, 176, 116, 51, 242, 210, 243, 96, 157, 225, 121, 198, 38, 30,
       249, 248, 109, 46, 44, 175, 116, 68, 237, 248, 240, 168, 23, 18,
       219, 185, 34, 186, 56, 81, 126, 113, 83, 246, 157, 198, 232, 233,
       119, 61, 62, 28, 151, 212, 45, 208, 132, 235, 123, 196, 188, 128,
       41, 241, 138, 149, 38, 189, 195, 214, 188, 103, 61, 93, 86, 151,
       172, 62, 38, 197, 230, 63, 187, 133, 116, 156, 49, 197, 55, 115,
       218, 195, 10, 4, 173, 223, 18, 223, 82, 154, 210, 208, 190, 229,
       165, 5, 216, 163, 109, 230, 174, 196, 102, 187, 135, 195, 86, 139,
       14, 255, 56, 36, 174, 203, 55, 150, 173, 223, 218, 170, 150, 186,
       155, 168, 16, 135, 187, 31, 160, 189, 174, 171, 64, 219, 161, 167,
       237, 145, 62, 79, 130, 241, 216, 242, 94, 123, 154, 68, 171, 11,
       103, 249, 225, 87, 223, 221, 239, 190, 123, 253, 60, 14, 248, 252,
       95, 164, 49, 234, 243, 221, 195, 120, 254, 247, 111, 30, 141, 238,
       207, 246, 87, 255, 17, 205, 91, 109, 50, 142, 107, 55, 52, 0, 106,
       66, 247, 51, 160, 96, 54, 62, 6, 168, 97, 152, 17, 31, 228, 174,
       34, 64, 40, 130, 161, 40, 11, 149, 135, 175, 183, 162, 174, 103,
       157, 75, 91, 247, 204, 254, 60, 196, 255, 47, 27, 181, 21, 153,
       17, 206, 172, 118, 158, 194, 158, 78, 177, 213, 116, 72, 215, 129,
       198, 170, 160, 64, 44, 130, 227, 82, 86, 3, 37, 91, 106, 165, 106,
       82, 16, 183, 1, 64, 148, 162, 66, 64, 193, 123, 33, 128, 1, 160,
       157, 249, 236, 173, 233, 159, 46, 27, 112, 80, 149, 147, 232, 104,
       199, 27, 62, 24, 19, 124, 202, 81, 205, 138, 122, 236, 144, 136,
       129, 169, 43, 95, 99, 77, 116, 159, 238, 119, 93, 72, 120, 230,
       56, 8, 180, 164, 94, 42, 22, 76, 199, 186, 116, 255, 38, 60, 130,
       130, 95, 158, 248, 189, 191, 105, 224, 218, 205, 85, 220, 196,
       203, 244, 180, 11, 42, 156, 119, 175, 200, 235, 211, 211, 206,
       107, 186, 240, 51, 88, 197, 59, 83, 125, 254, 206, 212, 180, 156,
       177, 170, 104, 17, 143, 186, 191, 163, 57, 151, 55, 74, 27, 129,
       23, 237, 16, 58, 77, 219, 18, 201, 195, 117, 127, 128, 64, 135,
       83, 29, 12, 107, 250, 86, 230, 107, 115, 245, 67, 223, 146, 89,
       239, 176, 96, 127, 173, 31, 188, 185, 149, 60, 206, 91, 239, 171,
       192, 167, 227, 49, 224, 194, 190, 148, 186, 137, 169, 20, 239,
       159, 151, 128, 57, 174, 242, 96, 143, 129, 115, 235, 17, 54, 79,
       202, 179, 137, 210, 95, 123, 144, 76, 143, 14, 138, 149, 46, 157,
       245, 246, 176, 111, 61, 73, 94, 23, 172, 188, 54, 97, 228, 63,
       187, 33, 181, 248, 115, 221, 7, 115, 154, 195, 30, 12, 189, 223,
       142, 180, 189, 218, 237, 253, 185, 91, 159, 127, 181, 63, 140,
       254, 110, 47, 143, 27, 247, 17, 182, 111, 250, 209, 79, 91, 95,
       255, 214, 76, 135, 215, 74, 34, 108, 253, 44, 201, 248, 8, 143,
       140, 85, 163, 233, 205, 84, 66, 174, 185, 253, 193, 142, 96, 142,
       217, 71, 249, 161, 169, 119, 174, 84, 211, 35, 217, 44, 142, 109,
       213, 191, 240, 207, 92, 156, 47, 172, 156, 55, 39, 204, 97, 155,
       199, 198, 43, 126, 249, 87, 25, 202, 187, 93, 31, 117, 223, 58,
       219, 98, 174, 114, 147, 190, 245, 189, 68, 250, 231, 109, 206,
       167, 196, 126, 251, 151, 199, 196, 139, 12, 255, 178, 109, 174,
       139, 55, 190, 173, 221, 2, 142, 166, 157, 247, 178, 184, 39, 159,
       23, 82, 183, 236, 174, 54, 205, 231, 43, 187, 133, 182, 216, 7,
       215, 12, 54, 218, 195, 150, 76, 189, 207, 33, 253, 121, 73, 244,
       135, 239, 247, 68, 72, 124, 70, 48, 21, 180, 52, 92, 58, 23, 108,
       211, 186, 112, 127, 103, 12, 164, 224, 87, 154, 210, 249, 42, 168,
       176, 90, 205, 253, 144, 199, 223, 31, 52, 25, 42, 188, 102, 140,
       137, 59, 227, 17, 22, 106, 226, 243, 31, 95, 84, 123, 211, 76,
       223, 207, 234, 182, 240, 16, 235, 248, 176, 143, 187, 127, 20,
       189, 140, 174, 206, 159, 167, 31, 231, 17, 182, 94, 230, 210, 30,
       87, 95, 239, 134, 68, 143, 215, 3, 142, 39, 221, 244, 183, 170,
       167, 94, 75, 90, 246, 232, 44, 180, 228, 223, 43, 18, 141, 183,
       184, 101, 255, 44, 62, 186, 194, 221, 76, 241, 157, 8, 185, 58,
       104, 241, 221, 185, 247, 47, 77, 124, 4, 188, 159, 98, 48, 190,
       59, 23, 92, 147, 186, 178, 213, 127, 221, 38, 232, 82, 130, 167,
       251, 55, 237, 98, 136, 124, 147, 202, 248, 70, 224, 216, 207, 115,
       200, 191, 164, 122, 168, 23, 127, 207, 179, 76, 157, 56, 12, 173,
       252, 125, 174, 88, 220, 74, 158, 183, 185, 171, 244, 184, 135,
       191, 31, 90, 55, 172, 254, 100, 206, 231, 63, 191, 145, 150, 217,
       179, 241, 143, 247, 95, 75, 146, 68, 165, 79, 209, 217, 31, 108,
       8, 78, 71, 52, 224, 128, 162, 72, 247, 19, 0, 115, 0, 244, 108,
       106, 105, 201, 145, 45, 241, 171, 100, 16, 104, 178, 194, 40, 25,
       78, 67, 5, 16, 10, 110, 183, 116, 1, 106, 196, 243, 35, 145, 244,
       114, 108, 8, 44, 169, 152, 5, 46, 164, 174, 182, 0, 46, 146, 240,
       40, 213, 73, 95, 231, 34, 10, 79, 48, 164, 0, 131, 224, 247, 115,
       129, 115, 38, 245, 124, 234, 105, 129, 9, 44, 240, 170, 98, 144,
