%YAML:1.0
---
descriptors: !!opencv-matrix
   rows: 120
   cols: 32
   dt: u
   data: [ 185, 221, 126, 200, 245, 223, 255, 247, 77, 109, 246, 187, 27,
       29, 182, 49, 110, 150, 215, 108, 252, 191, 97, 255, 127, 249, 164,
       193, 103, 156, 254, 219, 4, 160, 135, 157, 93, 195, 161, 168, 158,
       176, 66, 2, 228, 226, 105, 66, 121, 108, 34, 240, 3, 240, 139, 93,
       13, 34, 207, 69, 16, 42, 53, 134, 53, 65, 106, 172, 85, 6, 207,
       96, 68, 196, 235, 135, 83, 201, 63, 64, 120, 236, 2, 239, 200,
       179, 20, 140, 113, 45, 130, 0, 61, 171, 112, 224, 239, 250, 108,
       97, 170, 31, 95, 184, 87, 250, 148, 237, 219, 29, 215, 45, 23, 84,
       253, 127, 253, 68, 111, 190, 238, 219, 101, 246, 126, 189, 156,
       117, 4, 137, 150, 151, 201, 143, 166, 232, 190, 180, 67, 0, 228,
       240, 105, 203, 241, 102, 162, 66, 0, 216, 155, 121, 13, 34, 95, 3,
       128, 106, 13, 142, 0, 133, 26, 169, 212, 195, 178, 111, 12, 5, 94,
       3, 244, 115, 40, 64, 216, 27, 131, 33, 86, 152, 65, 221, 111, 37,
       170, 65, 20, 10, 189, 138, 34, 193, 32, 201, 213, 151, 182, 229,
       76, 4, 120, 3, 168, 8, 52, 128, 216, 43, 147, 97, 214, 184, 80,
       221, 45, 28, 142, 67, 85, 14, 249, 142, 2, 32, 150, 157, 95, 207,
       160, 72, 174, 160, 195, 2, 228, 192, 44, 70, 176, 37, 106, 97, 0,
       225, 155, 221, 5, 48, 11, 31, 1, 42, 49, 130, 185, 74, 111, 222,
       44, 145, 203, 112, 196, 66, 212, 230, 115, 205, 181, 97, 78, 224,
       22, 206, 237, 167, 38, 189, 210, 235, 226, 152, 127, 187, 112,
       249, 241, 74, 111, 156, 46, 128, 79, 246, 132, 64, 212, 198, 49,
       135, 179, 97, 110, 224, 63, 207, 201, 143, 38, 233, 240, 41, 234,
       136, 61, 185, 112, 121, 78, 184, 190, 184, 107, 205, 49, 199, 175,
       61, 164, 25, 142, 159, 98, 31, 163, 51, 235, 17, 22, 79, 154, 241,
       223, 211, 95, 127, 210, 12, 143, 194, 34, 32, 70, 201, 77, 3, 232,
       72, 143, 160, 194, 11, 0, 139, 52, 64, 248, 141, 107, 224, 0, 147,
       195, 208, 23, 56, 139, 63, 21, 10, 112, 130, 50, 32, 114, 201, 11,
       3, 184, 72, 237, 32, 243, 131, 8, 138, 52, 100, 250, 157, 91, 225,
       12, 131, 133, 192, 151, 56, 138, 31, 21, 10, 33, 134, 189, 255,
       238, 254, 188, 51, 79, 252, 214, 250, 157, 254, 83, 248, 187, 49,
       127, 230, 126, 239, 253, 103, 111, 190, 250, 207, 229, 188, 253,
       251, 248, 17, 64, 162, 141, 157, 12, 131, 161, 40, 174, 176, 66,
       66, 240, 226, 64, 66, 80, 108, 106, 128, 3, 208, 203, 93, 76, 34,
       235, 4, 8, 32, 1, 32, 106, 184, 189, 218, 109, 221, 81, 206, 143,
       29, 164, 24, 174, 223, 108, 190, 201, 147, 255, 16, 10, 107, 250,
       241, 155, 219, 80, 127, 210, 12, 70, 250, 2, 185, 180, 157, 89,
       206, 177, 160, 63, 149, 70, 0, 236, 246, 71, 70, 128, 125, 34, 81,
       2, 216, 243, 253, 13, 50, 95, 67, 128, 36, 5, 238, 14, 201, 181,
       151, 209, 94, 167, 174, 127, 183, 66, 0, 236, 116, 4, 239, 145,
       127, 162, 81, 115, 216, 59, 225, 45, 118, 95, 66, 130, 117, 133,
       236, 2, 133, 24, 139, 212, 167, 187, 107, 12, 5, 95, 3, 180, 57,
       58, 64, 88, 26, 19, 177, 18, 184, 89, 223, 109, 21, 138, 69, 20,
       10, 189, 130, 11, 180, 235, 250, 93, 245, 249, 75, 223, 81, 93,
       19, 56, 253, 62, 32, 251, 27, 147, 145, 150, 42, 62, 247, 115, 93,
       154, 171, 151, 78, 245, 246, 48, 128, 143, 28, 90, 195, 1, 123,
       22, 161, 196, 2, 115, 225, 160, 96, 121, 108, 34, 40, 41, 219, 43,
       31, 89, 167, 245, 108, 177, 40, 116, 168, 17, 158, 219, 249, 182,
       162, 107, 214, 117, 203, 122, 246, 57, 227, 176, 96, 127, 235, 22,
       156, 187, 156, 5, 255, 184, 238, 190, 128, 189, 200, 33, 185, 73,
       34, 135, 37, 80, 11, 33, 27, 54, 161, 70, 196, 209, 131, 128, 76,
       80, 44, 106, 140, 1, 216, 197, 12, 76, 163, 243, 0, 40, 128, 97,
       40, 48, 34, 142, 141, 94, 67, 225, 75, 22, 165, 194, 138, 83, 129,
       64, 8, 88, 140, 98, 152, 8, 250, 215, 20, 84, 163, 241, 4, 97, 8,
       112, 40, 118, 207, 203, 146, 158, 161, 78, 236, 130, 22, 153, 207,
       97, 231, 253, 3, 125, 226, 61, 255, 74, 67, 174, 179, 184, 0, 237,
       252, 181, 255, 244, 112, 50, 32, 79, 137, 78, 137, 233, 66, 36,
       33, 194, 66, 1, 130, 84, 72, 104, 140, 106, 137, 10, 155, 197, 80,
       20, 40, 154, 48, 37, 8, 112, 168, 64, 160, 134, 157, 89, 199, 160,
       104, 174, 176, 67, 0, 228, 210, 104, 70, 240, 100, 106, 80, 2, 65,
       155, 93, 13, 34, 203, 11, 16, 42, 37, 166, 180, 73, 42, 174, 93,
       198, 199, 96, 196, 140, 251, 3, 115, 201, 49, 64, 88, 168, 2, 239,
       72, 163, 80, 142, 113, 44, 128, 25, 113, 59, 112, 226, 96, 32, 14,
       140, 79, 195, 160, 72, 134, 164, 226, 10, 64, 192, 100, 66, 120,
       172, 106, 224, 0, 227, 131, 85, 21, 32, 131, 61, 81, 10, 126, 130,
       10, 156, 250, 255, 246, 241, 191, 246, 30, 79, 124, 163, 189, 254,
       183, 32, 255, 123, 151, 131, 151, 186, 46, 255, 127, 125, 186,
       169, 213, 207, 53, 219, 68, 169, 150, 31, 89, 205, 160, 40, 174,
       144, 67, 1, 228, 242, 104, 66, 208, 108, 234, 64, 6, 193, 154,
       121, 13, 50, 79, 43, 0, 42, 41, 134, 114, 33, 2, 136, 93, 67, 160,
       72, 141, 0, 195, 11, 0, 138, 36, 64, 248, 141, 107, 225, 8, 3,
       147, 216, 17, 48, 139, 63, 17, 10, 120, 134, 3, 149, 107, 201,
       246, 247, 235, 27, 126, 65, 95, 230, 249, 102, 182, 100, 119, 175,
       23, 189, 147, 152, 61, 223, 108, 45, 170, 192, 189, 194, 241, 245,
       245, 2, 203, 238, 6, 162, 75, 81, 241, 194, 243, 198, 83, 193,
       177, 123, 122, 164, 28, 190, 169, 167, 172, 10, 208, 234, 161,
       136, 237, 235, 114, 32, 125, 10, 239, 254, 36, 162, 75, 80, 196,
       194, 211, 198, 49, 203, 177, 107, 78, 228, 63, 207, 137, 135, 38,
       168, 210, 233, 234, 136, 63, 171, 112, 48, 245, 188, 191, 246,
       141, 228, 85, 231, 243, 211, 174, 18, 122, 251, 104, 123, 233,
       242, 232, 16, 59, 127, 186, 179, 251, 214, 213, 75, 171, 89, 240,
       58, 213, 237, 221, 246, 190, 98, 79, 252, 114, 234, 187, 122, 125,
       115, 185, 115, 115, 199, 110, 234, 113, 195, 173, 255, 250, 239,
       239, 180, 181, 243, 225, 97, 101, 239, 233, 246, 252, 43, 239,
       252, 82, 234, 121, 254, 243, 225, 249, 38, 91, 206, 86, 110, 241,
       103, 238, 190, 252, 158, 231, 188, 252, 251, 210, 176, 104, 188,
       189, 255, 189, 253, 85, 191, 95, 63, 108, 24, 254, 253, 78, 127,
       209, 94, 251, 24, 59, 124, 251, 183, 239, 255, 85, 126, 210, 88,
       214, 122, 49, 205, 74, 222, 20, 129, 204, 119, 212, 0, 212, 66,
       49, 130, 180, 96, 72, 162, 30, 200, 207, 171, 6, 191, 178, 168,
       178, 136, 61, 152, 248, 12, 186, 84, 106, 168, 37, 107, 85, 64, 9,
       102, 245, 187, 14, 29, 51, 89, 250, 149, 215, 99, 40, 163, 112,
       204, 211, 209, 138, 31, 119, 31, 118, 210, 48, 237, 88, 65, 212,
       67, 71, 255, 35, 164, 124, 10, 19, 19, 193, 16, 56, 136, 6, 248,
       90, 186, 97, 28, 127, 141, 165, 100, 99, 162, 246, 168, 137, 186,
       127, 219, 164, 168, 249, 151, 238, 25, 116, 116, 189, 155, 252,
       105, 231, 11, 55, 24, 147, 60, 2, 241, 70, 217, 114, 200, 158,
       128, 225, 169, 111, 94, 236, 109, 57, 126, 91, 154, 3, 254, 156,
       237, 155, 61, 215, 126, 207, 212, 253, 102, 141, 98, 233, 186,
       198, 253, 225, 183, 190, 255, 86, 117, 18, 203, 207, 158, 194,
       192, 189, 231, 176, 23, 64, 163, 45, 175, 32, 75, 110, 251, 163,
       193, 80, 203, 6, 229, 112, 38, 222, 139, 53, 80, 165, 251, 126,
       254, 125, 229, 42, 91, 159, 178, 15, 250, 30, 239, 94, 60, 215,
       178, 167, 245, 255, 71, 197, 117, 109, 248, 86, 95, 109, 182, 111,
       255, 31, 127, 219, 126, 238, 215, 114, 148, 255, 182, 185, 204,
       214, 231, 57, 14, 151, 243, 38, 229, 255, 207, 229, 204, 164, 238,
       118, 121, 174, 128, 47, 183, 127, 125, 209, 32, 126, 201, 14, 188,
       225, 80, 100, 33, 215, 2, 147, 25, 212, 106, 104, 172, 110, 29,
       138, 182, 245, 0, 215, 233, 162, 0, 37, 138, 80, 160, 56, 157, 90,
       254, 83, 211, 86, 97, 181, 0, 109, 34, 125, 255, 32, 176, 122,
