%YAML:1.0
---
descriptors: !!opencv-matrix
   rows: 166
   cols: 32
   dt: u
   data: [ 3, 12, 67, 159, 116, 182, 234, 114, 62, 73, 90, 199, 253, 238,
       182, 228, 118, 43, 23, 141, 167, 152, 53, 255, 36, 62, 186, 128,
       30, 132, 57, 221, 3, 134, 20, 157, 117, 182, 184, 63, 31, 83, 90,
       215, 237, 46, 54, 197, 199, 47, 51, 141, 183, 216, 87, 223, 12,
       126, 218, 194, 158, 140, 185, 220, 141, 222, 253, 83, 34, 94, 127,
       182, 57, 110, 118, 180, 223, 55, 139, 61, 55, 92, 149, 42, 225,
       212, 121, 106, 239, 207, 116, 132, 230, 241, 7, 249, 41, 65, 97,
       77, 116, 95, 203, 52, 69, 104, 124, 76, 147, 24, 148, 180, 88,
       140, 22, 110, 201, 178, 117, 28, 38, 28, 160, 176, 127, 138, 82,
       253, 11, 188, 54, 207, 63, 250, 186, 98, 239, 205, 222, 50, 236,
       254, 166, 228, 239, 61, 254, 145, 151, 185, 187, 247, 159, 119,
       139, 195, 134, 14, 45, 255, 117, 95, 99, 70, 214, 22, 207, 240,
       225, 200, 223, 198, 81, 108, 181, 116, 126, 228, 20, 239, 233,
       179, 60, 238, 48, 46, 175, 128, 47, 243, 112, 117, 42, 144, 80,
       136, 109, 93, 216, 72, 15, 53, 177, 11, 174, 28, 86, 140, 202,
       153, 223, 17, 6, 42, 90, 213, 31, 24, 155, 127, 87, 12, 95, 207,
       2, 222, 125, 89, 142, 143, 165, 187, 220, 30, 182, 16, 224, 37,
       36, 47, 45, 18, 107, 10, 242, 237, 51, 117, 75, 26, 86, 82, 209,
       8, 229, 42, 14, 180, 184, 241, 253, 255, 249, 219, 31, 251, 93,
       55, 220, 255, 110, 108, 223, 27, 159, 16, 179, 188, 123, 215, 207,
       223, 159, 230, 158, 204, 149, 243, 174, 48, 250, 113, 237, 253,
       185, 218, 251, 255, 117, 63, 156, 156, 95, 43, 175, 153, 247, 17,
       150, 118, 254, 208, 95, 89, 119, 239, 199, 77, 95, 247, 215, 236,
       163, 179, 248, 212, 107, 71, 251, 201, 129, 80, 149, 246, 210, 50,
       225, 237, 124, 157, 191, 223, 174, 66, 189, 84, 143, 238, 136, 36,
       179, 244, 141, 142, 140, 183, 172, 39, 239, 168, 158, 255, 15, 17,
       213, 239, 91, 75, 213, 103, 49, 255, 52, 212, 219, 162, 237, 199,
       255, 164, 144, 123, 145, 192, 189, 205, 111, 237, 20, 215, 111,
       248, 84, 192, 222, 66, 115, 87, 177, 229, 120, 224, 30, 239, 233,
       177, 53, 189, 181, 235, 163, 4, 63, 185, 120, 120, 63, 190, 243,
       255, 247, 183, 255, 255, 95, 207, 255, 102, 107, 255, 190, 228,
       255, 251, 183, 157, 187, 187, 43, 255, 255, 255, 191, 194, 247,
       206, 240, 247, 9, 50, 57, 97, 112, 140, 113, 19, 105, 73, 118, 76,
       158, 19, 128, 48, 132, 28, 84, 28, 131, 184, 112, 68, 199, 249,
       48, 192, 74, 128, 67, 241, 207, 237, 198, 159, 249, 242, 254, 239,
       191, 211, 219, 215, 104, 254, 63, 221, 255, 239, 251, 231, 119,
       223, 143, 255, 62, 127, 223, 195, 142, 247, 169, 86, 57, 237, 35,
       233, 85, 199, 235, 246, 86, 200, 248, 2, 187, 157, 49, 32, 104,
       234, 23, 200, 203, 186, 112, 255, 253, 140, 167, 64, 115, 152,
       118, 232, 111, 252, 165, 159, 253, 159, 175, 239, 95, 255, 218,
       82, 232, 252, 213, 237, 253, 127, 122, 27, 247, 255, 255, 251, 61,
       126, 223, 198, 150, 124, 244, 252, 155, 159, 123, 237, 118, 154,
       251, 248, 125, 72, 126, 230, 125, 95, 182, 100, 126, 255, 23, 253,
       179, 184, 37, 255, 254, 239, 170, 192, 63, 143, 113, 249, 168,
       156, 57, 250, 253, 245, 151, 239, 158, 95, 92, 48, 188, 253, 32,
       96, 201, 59, 147, 1, 115, 46, 122, 247, 239, 215, 30, 107, 218,
       72, 165, 251, 135, 157, 167, 158, 181, 246, 190, 231, 221, 207,
       218, 55, 204, 238, 38, 228, 249, 111, 171, 183, 52, 217, 58, 238,
       187, 54, 223, 195, 146, 108, 181, 223, 191, 247, 239, 227, 246,
       38, 239, 216, 87, 254, 255, 230, 89, 111, 253, 111, 127, 206, 55,
       254, 171, 243, 173, 226, 126, 203, 175, 196, 175, 251, 244, 241,
       28, 21, 151, 252, 195, 111, 85, 87, 53, 31, 105, 24, 30, 55, 41,
       219, 167, 155, 7, 0, 56, 210, 18, 208, 209, 210, 94, 2, 178, 112,
       167, 35, 82, 184, 190, 244, 43, 116, 24, 34, 171, 219, 146, 49,
       252, 255, 70, 251, 167, 247, 253, 129, 36, 79, 179, 224, 155, 118,
       223, 155, 130, 100, 47, 95, 56, 179, 234, 252, 116, 83, 67, 120,
       23, 236, 212, 239, 115, 253, 178, 32, 216, 236, 55, 105, 168, 250,
       105, 159, 250, 207, 165, 237, 119, 168, 118, 251, 218, 122, 10,
       186, 42, 65, 29, 228, 180, 94, 132, 189, 175, 199, 99, 219, 230,
       225, 221, 231, 108, 71, 138, 51, 240, 195, 254, 185, 52, 53, 189,
       91, 203, 188, 173, 191, 201, 118, 61, 158, 50, 247, 4, 149, 253,
       254, 82, 187, 149, 223, 249, 151, 191, 70, 255, 243, 237, 123,
       223, 108, 42, 117, 163, 240, 218, 152, 247, 255, 43, 82, 28, 165,
       157, 91, 150, 179, 236, 127, 36, 239, 231, 245, 189, 193, 60, 205,
       35, 237, 131, 251, 218, 147, 182, 36, 173, 95, 117, 6, 207, 101,
       50, 43, 67, 57, 112, 235, 115, 252, 83, 97, 152, 48, 54, 164, 100,
       40, 185, 244, 109, 14, 84, 174, 33, 212, 237, 163, 82, 33, 73,
       152, 59, 172, 60, 252, 120, 19, 109, 73, 82, 100, 191, 187, 176,
       240, 230, 165, 60, 13, 141, 24, 177, 215, 214, 253, 58, 200, 60,
       128, 33, 89, 158, 20, 102, 157, 67, 114, 189, 98, 181, 214, 215,
       179, 73, 238, 191, 205, 123, 183, 191, 163, 44, 215, 37, 206, 18,
       99, 251, 135, 167, 229, 61, 214, 41, 58, 41, 109, 124, 143, 73,
       19, 95, 104, 244, 76, 178, 13, 147, 48, 204, 40, 86, 12, 137, 60,
       113, 158, 199, 221, 49, 176, 90, 136, 82, 249, 107, 179, 249, 235,
       124, 217, 249, 157, 11, 125, 180, 239, 188, 159, 222, 246, 207,
       155, 255, 21, 215, 10, 251, 209, 206, 221, 190, 254, 31, 142, 221,
       255, 111, 112, 240, 242, 103, 61, 249, 208, 123, 234, 117, 255,
       29, 157, 215, 190, 63, 221, 183, 159, 133, 118, 188, 226, 94, 93,
       253, 166, 239, 253, 94, 247, 194, 176, 180, 84, 235, 205, 176, 47,
       171, 251, 161, 57, 172, 190, 70, 155, 167, 55, 251, 17, 119, 111,
       154, 209, 31, 19, 93, 255, 192, 4, 143, 215, 191, 88, 250, 254,
       109, 157, 250, 80, 255, 74, 247, 247, 46, 221, 183, 189, 238, 185,
       255, 207, 165, 231, 186, 243, 210, 121, 202, 138, 95, 189, 123,
       215, 187, 222, 239, 191, 102, 18, 111, 253, 117, 234, 246, 231,
       123, 109, 151, 81, 127, 237, 127, 239, 237, 247, 109, 239, 242,
       239, 231, 132, 111, 190, 112, 217, 200, 30, 159, 181, 168, 46, 61,
       7, 184, 251, 130, 117, 191, 54, 65, 219, 167, 119, 253, 17, 48,
       205, 195, 66, 205, 163, 126, 144, 136, 96, 1, 91, 21, 222, 127,
       109, 22, 198, 107, 248, 100, 200, 254, 230, 115, 117, 185, 112,
       127, 228, 30, 238, 233, 179, 61, 31, 250, 239, 39, 128, 125, 170,
       112, 121, 3, 91, 66, 140, 118, 130, 170, 96, 188, 136, 90, 231,
       44, 206, 180, 192, 238, 169, 23, 197, 197, 155, 4, 239, 52, 36,
       170, 136, 13, 38, 41, 157, 255, 83, 98, 4, 115, 18, 254, 116, 33,
       236, 119, 175, 73, 44, 191, 180, 62, 237, 151, 239, 236, 147, 44,
       206, 58, 125, 141, 135, 111, 183, 254, 213, 40, 243, 121, 97, 124,
       79, 67, 188, 71, 168, 188, 72, 211, 29, 208, 48, 92, 220, 86, 104,
       201, 50, 105, 29, 111, 221, 37, 180, 83, 170, 86, 169, 141, 220,
       252, 119, 115, 126, 123, 178, 121, 127, 119, 184, 219, 63, 159,
       189, 55, 213, 149, 46, 160, 244, 125, 238, 79, 255, 116, 133, 231,
       245, 79, 113, 190, 61, 112, 99, 231, 125, 222, 19, 121, 110, 189,
       27, 143, 29, 95, 181, 175, 147, 215, 35, 252, 52, 121, 242, 183,
       221, 1, 183, 103, 223, 222, 199, 62, 48, 98, 225, 119, 211, 251,
       88, 71, 109, 125, 163, 27, 29, 191, 164, 126, 152, 151, 248, 142,
       178, 37, 220, 87, 221, 162, 229, 247, 143, 124, 215, 146, 75, 90,
       188, 114, 128, 186, 102, 189, 12, 210, 231, 45, 138, 37, 192, 238,
       187, 135, 195, 230, 155, 6, 239, 176, 100, 170, 139, 37, 0, 45,
       143, 12, 17, 151, 249, 235, 126, 116, 79, 171, 27, 104, 80, 78,
       51, 40, 222, 163, 147, 230, 24, 17, 218, 18, 208, 143, 254, 86,
       66, 218, 112, 163, 163, 52, 237, 68, 106, 222, 131, 199, 248, 199,
