%YAML:1.0
---
descriptors: !!opencv-matrix
   rows: 168
   cols: 32
   dt: u
   data: [ 50, 77, 195, 244, 86, 130, 238, 102, 221, 130, 250, 130, 43,
       170, 53, 197, 106, 241, 23, 193, 104, 187, 4, 238, 177, 142, 206,
       0, 101, 121, 113, 140, 194, 222, 175, 223, 124, 244, 249, 220,
       159, 95, 211, 247, 252, 255, 54, 105, 239, 247, 63, 151, 163, 207,
       59, 243, 223, 122, 250, 139, 148, 143, 53, 127, 134, 160, 184,
       155, 117, 255, 184, 74, 31, 103, 85, 19, 140, 158, 110, 236, 211,
       25, 147, 17, 54, 148, 121, 215, 79, 22, 155, 103, 146, 13, 29,
       198, 14, 165, 32, 137, 213, 251, 178, 74, 79, 101, 93, 3, 140, 12,
       62, 164, 217, 27, 147, 17, 22, 184, 116, 223, 15, 84, 139, 103,
       215, 79, 29, 230, 1, 134, 91, 249, 52, 168, 105, 23, 255, 17, 122,
       244, 191, 131, 176, 104, 103, 11, 6, 28, 179, 188, 38, 215, 204,
       255, 186, 192, 156, 128, 193, 169, 21, 68, 75, 234, 22, 162, 235,
       80, 36, 192, 219, 230, 81, 199, 177, 96, 126, 168, 23, 188, 137,
       145, 37, 206, 240, 173, 170, 128, 189, 187, 48, 176, 241, 74, 206,
       236, 78, 2, 232, 88, 148, 2, 211, 194, 97, 203, 177, 106, 126,
       172, 63, 239, 8, 183, 135, 201, 84, 234, 234, 136, 53, 169, 120,
       128, 78, 30, 156, 190, 170, 32, 30, 10, 174, 26, 139, 97, 236,
       246, 97, 74, 199, 115, 189, 2, 0, 1, 203, 241, 128, 247, 123, 155,
       144, 99, 45, 19, 255, 32, 202, 230, 78, 32, 233, 64, 49, 130, 247,
       178, 25, 139, 245, 122, 122, 173, 55, 186, 32, 215, 132, 202, 84,
       169, 235, 168, 165, 163, 99, 160, 132, 166, 157, 185, 172, 33,
       225, 219, 22, 186, 81, 114, 213, 225, 201, 9, 91, 72, 6, 187, 59,
       118, 75, 16, 140, 130, 239, 172, 181, 248, 16, 161, 2, 73, 2, 137,
       117, 165, 163, 198, 14, 12, 88, 2, 164, 136, 53, 76, 216, 106, 2,
       83, 2, 178, 50, 185, 5, 52, 154, 42, 20, 27, 53, 172, 131, 26,
       147, 219, 55, 247, 176, 82, 95, 75, 83, 118, 156, 150, 164, 236,
       239, 27, 146, 16, 179, 156, 113, 247, 7, 214, 26, 194, 144, 9,
       165, 183, 23, 15, 107, 254, 150, 167, 47, 119, 148, 133, 91, 231,
       125, 239, 176, 64, 126, 187, 191, 157, 209, 153, 36, 222, 248,
       166, 175, 192, 189, 234, 177, 56, 62, 203, 98, 142, 93, 209, 222,
       232, 143, 68, 201, 143, 104, 236, 63, 132, 248, 233, 131, 199, 76,
       35, 94, 253, 51, 20, 137, 59, 119, 63, 126, 222, 2, 75, 6, 157,
       87, 130, 188, 231, 159, 140, 86, 135, 172, 138, 51, 196, 108, 107,
       179, 197, 66, 216, 6, 253, 36, 50, 158, 130, 23, 28, 185, 205, 82,
       77, 26, 172, 22, 211, 94, 103, 173, 132, 220, 11, 46, 154, 34, 80,
       254, 187, 159, 225, 76, 139, 16, 238, 179, 245, 142, 11, 52, 26,
       47, 14, 131, 207, 63, 219, 56, 165, 184, 182, 174, 89, 17, 84,
       172, 199, 168, 65, 135, 35, 63, 78, 167, 13, 42, 247, 239, 219,
       122, 202, 16, 147, 161, 217, 143, 158, 224, 153, 231, 243, 188,
       243, 31, 95, 86, 247, 140, 172, 246, 237, 127, 219, 183, 149, 183,
       220, 103, 247, 30, 126, 223, 199, 159, 205, 189, 213, 26, 159,
       158, 229, 182, 226, 60, 39, 172, 37, 218, 167, 236, 46, 32, 64,
       231, 55, 191, 160, 16, 153, 1, 221, 236, 39, 174, 135, 148, 98,
       173, 27, 238, 188, 191, 223, 253, 253, 183, 221, 155, 255, 253,
       61, 254, 253, 78, 43, 157, 127, 255, 19, 179, 103, 250, 243, 127,
       123, 125, 255, 203, 127, 215, 251, 86, 113, 239, 164, 70, 66, 188,
       64, 168, 244, 91, 167, 89, 206, 125, 11, 126, 253, 243, 231, 193,
       211, 156, 192, 81, 33, 235, 140, 37, 55, 55, 210, 19, 42, 235,
       133, 102, 2, 189, 119, 56, 238, 82, 231, 25, 46, 214, 40, 46, 173,
       23, 141, 197, 152, 164, 192, 84, 44, 254, 132, 45, 244, 51, 253,
       21, 20, 219, 233, 22, 162, 43, 80, 20, 129, 219, 82, 85, 243, 168,
       96, 127, 189, 31, 184, 57, 145, 21, 206, 241, 167, 170, 192, 189,
       235, 32, 48, 41, 151, 106, 233, 244, 183, 251, 87, 86, 77, 125,
       102, 25, 189, 182, 32, 124, 58, 151, 189, 147, 186, 33, 222, 111,
       205, 170, 192, 255, 207, 240, 241, 166, 205, 226, 252, 252, 163,
       254, 204, 159, 186, 216, 115, 220, 249, 253, 0, 255, 251, 55, 231,
       224, 103, 74, 250, 188, 30, 175, 238, 221, 251, 177, 161, 134,
       112, 160, 145, 101, 85, 184, 72, 31, 255, 81, 19, 140, 156, 127,
       13, 221, 25, 147, 85, 70, 118, 218, 208, 5, 16, 219, 175, 151, 29,
       29, 215, 57, 85, 123, 105, 116, 71, 231, 117, 84, 72, 127, 66, 19,
       29, 184, 225, 126, 156, 22, 106, 249, 178, 49, 14, 119, 175, 160,
       68, 103, 138, 240, 177, 245, 74, 202, 188, 78, 6, 233, 88, 148,
       14, 243, 86, 113, 195, 51, 73, 120, 172, 38, 206, 168, 183, 134,
       200, 212, 162, 234, 136, 61, 169, 112, 128, 198, 30, 238, 146,
       194, 160, 57, 67, 60, 23, 67, 183, 12, 38, 38, 89, 231, 159, 167,
       149, 50, 94, 3, 231, 92, 38, 250, 199, 133, 69, 165, 83, 135, 32,
       247, 193, 102, 98, 232, 64, 41, 178, 115, 242, 25, 142, 221, 43,
       110, 141, 23, 189, 144, 246, 133, 192, 20, 8, 251, 229, 229, 161,
       99, 161, 9, 142, 74, 249, 52, 171, 235, 115, 126, 65, 95, 230,
       181, 171, 176, 96, 123, 42, 23, 28, 147, 184, 37, 223, 204, 239,
       178, 192, 189, 136, 113, 169, 11, 150, 115, 233, 114, 167, 185,
       115, 61, 9, 123, 246, 188, 255, 168, 224, 255, 59, 151, 145, 147,
       184, 0, 223, 78, 223, 186, 194, 191, 194, 161, 177, 3, 159, 104,
       155, 242, 149, 184, 247, 31, 77, 92, 231, 173, 142, 182, 96, 238,
       59, 151, 149, 215, 24, 36, 255, 46, 93, 186, 234, 29, 140, 153,
       221, 18, 203, 98, 140, 119, 144, 190, 101, 141, 68, 216, 167, 44,
       142, 54, 197, 238, 163, 159, 197, 196, 139, 4, 237, 176, 48, 138,
       139, 23, 22, 189, 220, 3, 31, 15, 157, 54, 134, 168, 35, 188, 201,
       82, 199, 188, 34, 180, 193, 102, 39, 59, 141, 181, 216, 21, 76, 4,
       34, 250, 128, 12, 4, 57, 221, 43, 149, 99, 201, 244, 151, 237,
       119, 85, 73, 254, 70, 49, 40, 180, 100, 216, 138, 23, 157, 223,
       186, 117, 157, 111, 124, 186, 192, 213, 200, 240, 173, 38, 126,
       232, 163, 246, 227, 187, 210, 30, 238, 28, 167, 12, 141, 119, 8,
       255, 105, 151, 215, 134, 182, 8, 242, 78, 5, 175, 239, 213, 127,
       61, 211, 254, 205, 198, 254, 151, 114, 126, 238, 29, 2, 218, 146,
       105, 107, 61, 229, 123, 243, 191, 195, 104, 203, 15, 239, 187,
       246, 222, 3, 183, 125, 252, 14, 10, 181, 176, 210, 221, 245, 240,
       207, 95, 93, 61, 26, 140, 191, 78, 24, 233, 155, 147, 144, 18,
       106, 250, 245, 95, 223, 22, 107, 211, 76, 231, 202, 32, 149, 186,
       208, 213, 253, 241, 87, 95, 89, 109, 24, 154, 189, 124, 108, 217,
       26, 19, 25, 147, 186, 112, 213, 79, 157, 22, 99, 210, 72, 250,
       170, 14, 120, 161, 178, 239, 115, 158, 206, 27, 238, 88, 163, 140,
       190, 119, 140, 223, 123, 147, 147, 22, 90, 154, 242, 13, 22, 159,
       175, 151, 127, 183, 223, 61, 94, 235, 239, 118, 131, 107, 208, 85,
       202, 255, 230, 121, 239, 185, 96, 126, 252, 55, 238, 169, 183, 45,
       238, 246, 239, 163, 128, 47, 251, 112, 241, 5, 251, 203, 179, 180,
       138, 235, 180, 124, 193, 82, 230, 149, 8, 144, 97, 46, 108, 22,
       223, 241, 252, 5, 108, 44, 46, 62, 192, 13, 153, 209, 129, 181,
       99, 202, 138, 212, 131, 206, 85, 150, 196, 241, 215, 1, 201, 182,
       0, 120, 168, 7, 221, 88, 183, 0, 130, 48, 140, 166, 136, 253, 186,
       240, 192, 151, 143, 64, 187, 222, 177, 174, 227, 172, 64, 216,
       199, 169, 106, 178, 193, 111, 171, 27, 175, 246, 11, 77, 255, 60,
       12, 143, 232, 189, 198, 185, 132, 3, 126, 82, 158, 122, 181, 186,
       212, 233, 200, 56, 236, 188, 218, 167, 176, 134, 99, 214, 197,
       135, 3, 6, 253, 50, 92, 42, 170, 12, 150, 43, 157, 93, 95, 59,
       238, 176, 164, 31, 208, 172, 72, 221, 100, 255, 255, 41, 80, 246,
       123, 29, 102, 209, 3, 138, 233, 241, 253, 42, 136, 16, 115, 161,
       51, 43, 223, 39, 90, 185, 215, 27, 253, 22, 237, 95, 173, 217,
       245, 170, 228, 87, 126, 191, 124, 179, 217, 111, 191, 107, 95, 37,
