%YAML:1.0
---
descriptors: !!opencv-matrix
   rows: 126
   cols: 32
   dt: u
   data: [ 21, 175, 204, 183, 254, 170, 111, 216, 54, 179, 251, 231, 241,
       227, 219, 72, 127, 238, 127, 222, 187, 210, 207, 251, 252, 175,
       239, 132, 189, 251, 88, 144, 117, 173, 238, 255, 158, 35, 79, 255,
       86, 162, 251, 214, 115, 225, 185, 81, 123, 238, 127, 174, 185,
       243, 79, 63, 248, 238, 229, 148, 189, 250, 240, 160, 204, 52, 188,
       113, 160, 110, 121, 27, 121, 191, 55, 24, 223, 55, 74, 123, 135,
       20, 125, 56, 184, 244, 241, 64, 207, 251, 117, 212, 194, 224, 199,
       115, 116, 132, 135, 158, 222, 3, 7, 233, 22, 162, 193, 74, 115,
       224, 169, 69, 121, 238, 34, 170, 105, 75, 14, 63, 56, 134, 229,
       124, 177, 104, 112, 168, 3, 159, 104, 154, 242, 145, 188, 55, 94,
       69, 88, 231, 173, 238, 182, 224, 230, 59, 151, 149, 215, 56, 38,
       245, 44, 53, 186, 235, 28, 132, 141, 221, 94, 28, 158, 190, 169,
       116, 30, 3, 148, 206, 155, 57, 220, 254, 97, 202, 197, 247, 253,
       147, 28, 71, 219, 162, 217, 247, 255, 155, 128, 125, 173, 83, 23,
       13, 75, 254, 150, 163, 111, 119, 148, 130, 91, 198, 121, 231, 177,
       64, 127, 187, 63, 141, 208, 153, 4, 222, 184, 166, 175, 192, 180,
       234, 177, 56, 124, 159, 185, 169, 188, 239, 19, 154, 22, 125, 155,
       125, 151, 53, 66, 72, 213, 22, 173, 16, 26, 8, 89, 22, 201, 197,
       33, 252, 144, 73, 148, 115, 131, 48, 18, 153, 108, 173, 184, 68,
       14, 89, 81, 119, 156, 154, 98, 73, 230, 9, 19, 85, 151, 144, 2,
       208, 4, 16, 90, 234, 24, 13, 41, 135, 56, 75, 206, 254, 64, 134,
       91, 120, 20, 0, 228, 133, 113, 103, 35, 16, 92, 185, 23, 204, 72,
       130, 82, 61, 195, 231, 232, 8, 49, 178, 34, 186, 55, 96, 195, 200,
       84, 163, 233, 87, 6, 137, 249, 198, 17, 203, 185, 108, 120, 168,
       23, 188, 9, 179, 36, 194, 48, 140, 170, 196, 253, 250, 240, 145,
       48, 23, 103, 71, 196, 2, 231, 244, 100, 128, 122, 194, 115, 97,
       189, 97, 120, 234, 2, 234, 201, 176, 117, 44, 101, 168, 166, 0,
       109, 250, 112, 168, 35, 47, 130, 165, 196, 47, 236, 70, 78, 241,
       90, 207, 129, 168, 87, 10, 232, 78, 51, 197, 148, 250, 133, 160,
       20, 0, 203, 160, 141, 125, 217, 132, 7, 177, 123, 65, 206, 199,
       181, 253, 68, 248, 92, 2, 16, 221, 119, 33, 188, 26, 19, 125, 208,
       251, 178, 68, 127, 9, 37, 238, 237, 138, 244, 243, 166, 245, 34,
       88, 207, 213, 150, 239, 159, 126, 188, 63, 40, 252, 110, 5, 221,
       27, 211, 163, 246, 47, 58, 247, 59, 20, 141, 255, 91, 124, 214,
       223, 86, 92, 27, 190, 164, 228, 30, 242, 188, 138, 219, 33, 255,
       250, 33, 64, 215, 123, 61, 67, 84, 3, 138, 238, 241, 247, 42, 201,
       16, 115, 165, 3, 35, 124, 82, 214, 115, 181, 58, 244, 235, 202,
       188, 108, 44, 218, 231, 180, 182, 249, 214, 66, 199, 131, 144,
       255, 50, 93, 1, 187, 14, 151, 43, 31, 94, 51, 38, 205, 121, 95,
       186, 104, 173, 236, 247, 135, 204, 206, 55, 196, 254, 245, 255,
       231, 140, 195, 179, 204, 183, 115, 139, 155, 19, 47, 47, 215, 10,
       219, 34, 152, 195, 213, 184, 199, 143, 93, 80, 151, 44, 140, 126,
       132, 239, 59, 147, 149, 214, 43, 178, 241, 27, 84, 154, 235, 215,
       4, 175, 223, 18, 143, 79, 161, 150, 162, 46, 119, 164, 128, 218,
       231, 57, 39, 161, 64, 110, 55, 43, 164, 81, 153, 4, 220, 160, 166,
       175, 196, 60, 240, 165, 88, 2, 148, 16, 169, 209, 239, 178, 43,
       29, 37, 107, 1, 204, 60, 40, 192, 145, 31, 130, 49, 22, 152, 81,
       223, 47, 118, 24, 71, 208, 78, 141, 134, 2, 137, 32, 137, 215,
       211, 182, 101, 77, 1, 88, 3, 136, 12, 52, 68, 248, 27, 147, 97,
       214, 184, 21, 221, 45, 28, 142, 71, 85, 14, 245, 142, 17, 160,
       135, 29, 90, 131, 33, 72, 118, 176, 66, 70, 80, 194, 32, 72, 121,
       44, 34, 184, 3, 213, 15, 29, 88, 34, 115, 68, 57, 40, 33, 168, 3,
       132, 18, 187, 55, 163, 184, 67, 127, 1, 123, 114, 172, 250, 40,
       68, 255, 59, 19, 145, 50, 184, 0, 223, 140, 86, 26, 194, 215, 6,
       161, 133, 66, 156, 150, 31, 129, 110, 180, 175, 62, 19, 66, 17,
       236, 114, 0, 75, 129, 119, 168, 17, 48, 216, 91, 107, 13, 54, 94,
       67, 128, 96, 165, 10, 43, 220, 122, 252, 118, 213, 251, 246, 95,
       76, 124, 167, 57, 221, 182, 96, 254, 185, 151, 205, 199, 190, 54,
       255, 119, 221, 170, 169, 127, 158, 125, 223, 208, 38, 134, 157,
       10, 171, 34, 78, 190, 178, 75, 82, 100, 194, 96, 64, 113, 108,
       106, 146, 18, 221, 139, 95, 156, 34, 159, 44, 16, 51, 161, 136,
       134, 201, 134, 155, 185, 229, 186, 142, 158, 21, 75, 17, 236, 246,
       105, 74, 225, 127, 187, 83, 22, 216, 155, 241, 13, 50, 223, 199,
       144, 95, 181, 78, 131, 25, 7, 157, 50, 134, 40, 39, 60, 65, 82,
       247, 188, 6, 180, 229, 102, 47, 63, 141, 245, 220, 5, 204, 4, 58,
       250, 128, 12, 4, 49, 93, 70, 252, 18, 186, 249, 197, 62, 232, 174,
       28, 129, 9, 236, 214, 105, 80, 231, 59, 235, 210, 98, 67, 154,
       243, 189, 20, 143, 255, 144, 19, 39, 146, 58, 233, 42, 90, 93,
       197, 151, 229, 151, 13, 252, 11, 40, 221, 126, 0, 220, 250, 147,
       81, 90, 43, 74, 181, 123, 85, 156, 123, 83, 14, 246, 250, 19, 219,
       102, 221, 54, 146, 236, 116, 197, 72, 214, 230, 57, 138, 178, 229,
       110, 233, 55, 205, 193, 153, 38, 253, 52, 40, 190, 128, 63, 156,
       57, 221, 33, 135, 99, 233, 244, 163, 233, 119, 84, 9, 249, 82,
       147, 40, 188, 96, 217, 14, 23, 157, 154, 186, 97, 159, 109, 60,
       186, 196, 213, 200, 240, 172, 33, 149, 186, 193, 213, 189, 241,
       223, 95, 25, 124, 20, 18, 185, 124, 108, 217, 10, 18, 29, 146,
       186, 112, 215, 79, 31, 146, 102, 218, 72, 240, 166, 144, 79, 90,
       172, 54, 131, 94, 103, 164, 140, 218, 175, 55, 142, 178, 80, 110,
       187, 31, 225, 76, 139, 36, 111, 240, 165, 170, 153, 53, 152, 35,
       73, 184, 77, 83, 236, 22, 74, 79, 117, 52, 164, 250, 66, 115, 43,
       177, 80, 122, 228, 21, 234, 104, 187, 32, 14, 240, 173, 164, 128,
       101, 186, 100, 235, 141, 2, 232, 209, 4, 169, 233, 19, 126, 17,
       87, 214, 153, 139, 252, 109, 107, 8, 7, 156, 147, 244, 103, 192,
       70, 217, 242, 68, 191, 136, 249, 160, 0, 232, 154, 186, 193, 224,
       21, 198, 250, 21, 104, 8, 166, 251, 97, 24, 129, 123, 0, 0, 70,
       107, 130, 49, 217, 213, 86, 43, 208, 80, 39, 138, 5, 233, 139,
       179, 150, 142, 170, 212, 126, 224, 82, 198, 149, 136, 145, 40, 42,
       110, 18, 95, 211, 248, 5, 96, 44, 40, 174, 192, 173, 187, 209,
       128, 252, 112, 188, 242, 41, 125, 81, 216, 187, 190, 181, 56, 223,
       223, 75, 58, 143, 209, 253, 82, 10, 103, 250, 128, 211, 219, 117,
       191, 194, 241, 70, 99, 124, 112, 189, 242, 45, 125, 81, 216, 195,
       255, 181, 24, 159, 221, 75, 58, 141, 209, 253, 18, 11, 103, 250,
       144, 219, 219, 117, 63, 242, 121, 70, 115, 178, 252, 41, 152, 155,
       71, 150, 238, 159, 250, 144, 47, 44, 188, 100, 5, 205, 91, 211,
       99, 231, 107, 26, 255, 59, 82, 223, 255, 81, 124, 23, 223, 58,
       212, 18, 232, 83, 197, 22, 239, 9, 12, 233, 10, 46, 155, 44, 16,
       255, 155, 135, 34, 122, 11, 24, 255, 243, 221, 10, 111, 115, 2,
       167, 163, 53, 83, 194, 200, 244, 131, 206, 81, 198, 129, 249, 70,
       81, 194, 177, 96, 92, 168, 22, 156, 155, 179, 4, 136, 48, 140,
       163, 136, 253, 250, 240, 176, 183, 47, 111, 156, 214, 178, 186,
       66, 184, 192, 218, 199, 41, 174, 183, 139, 110, 239, 147, 213,
       181, 219, 36, 238, 58, 107, 186, 200, 133, 229, 123, 220, 135,
       248, 155, 153, 163, 253, 176, 198, 30, 91, 82, 114, 156, 158, 109,
       232, 199, 25, 146, 81, 183, 188, 16, 243, 4, 22, 26, 230, 152, 25,
       41, 159, 80, 223, 56, 175, 62, 88, 87, 172, 202, 124, 152, 47,
       231, 92, 138, 66, 194, 71, 236, 67, 78, 41, 239, 51, 240, 229, 46,
       191, 48, 26, 29, 75, 198, 26, 152, 190, 170, 64, 31, 146, 18, 138,
       148, 185, 183, 255, 67, 90, 199, 127, 189, 83, 60, 78, 203, 34,
       239, 231, 255, 187, 164, 121, 141, 91, 214, 142, 202, 155, 194,
       160, 57, 195, 56, 23, 83, 247, 12, 39, 230, 88, 103, 159, 167,
