%YAML:1.0
---
descriptors: !!opencv-matrix
   rows: 166
   cols: 32
   dt: u
   data: [ 143, 150, 98, 153, 247, 181, 190, 223, 31, 79, 94, 247, 108,
       238, 190, 237, 255, 171, 183, 135, 183, 156, 61, 255, 54, 126,
       222, 130, 159, 220, 189, 221, 222, 32, 235, 199, 70, 96, 232, 64,
       56, 131, 247, 178, 25, 139, 245, 94, 126, 189, 55, 152, 32, 215,
       128, 194, 86, 233, 171, 168, 165, 163, 103, 160, 14, 132, 16, 203,
       119, 243, 186, 74, 30, 37, 95, 19, 140, 223, 40, 196, 211, 27,
       147, 17, 22, 152, 89, 223, 79, 85, 26, 71, 150, 15, 13, 135, 49,
       174, 203, 249, 150, 139, 235, 211, 86, 35, 90, 246, 177, 233, 176,
       64, 121, 170, 6, 28, 251, 248, 69, 151, 172, 143, 183, 192, 165,
       200, 80, 168, 137, 138, 211, 249, 180, 169, 104, 150, 254, 19, 86,
       244, 157, 131, 240, 104, 99, 42, 30, 156, 179, 156, 68, 211, 78,
       223, 178, 192, 158, 129, 113, 169, 9, 14, 155, 248, 176, 165, 57,
       86, 254, 91, 124, 116, 188, 195, 224, 104, 231, 43, 22, 28, 147,
       141, 34, 243, 205, 221, 58, 202, 152, 128, 33, 169, 23, 15, 106,
       190, 148, 163, 238, 119, 148, 132, 219, 199, 121, 238, 177, 64,
       126, 187, 63, 133, 216, 155, 38, 254, 248, 239, 175, 192, 181,
       202, 177, 121, 198, 190, 27, 250, 235, 225, 188, 239, 174, 31,
       240, 185, 172, 247, 104, 91, 231, 59, 203, 128, 50, 15, 154, 243,
       157, 144, 95, 235, 144, 64, 167, 155, 165, 72, 123, 79, 100, 195,
       227, 120, 84, 76, 116, 2, 113, 65, 191, 101, 88, 104, 6, 110, 225,
       182, 100, 47, 102, 171, 160, 0, 119, 187, 116, 225, 48, 135, 107,
       205, 244, 3, 229, 127, 84, 97, 252, 234, 19, 169, 180, 100, 126,
       142, 23, 41, 250, 186, 100, 159, 118, 60, 182, 224, 95, 200, 240,
       189, 8, 157, 56, 115, 213, 205, 253, 183, 127, 1, 110, 22, 186,
       189, 116, 64, 233, 186, 130, 24, 211, 56, 80, 247, 111, 221, 22,
       72, 219, 72, 245, 186, 48, 221, 123, 109, 116, 207, 255, 247, 84,
       4, 126, 2, 51, 57, 176, 48, 122, 238, 7, 232, 232, 184, 48, 63,
       103, 239, 164, 0, 117, 250, 96, 234, 156, 49, 187, 240, 247, 231,
       83, 88, 95, 129, 100, 26, 95, 219, 105, 24, 188, 251, 19, 121, 50,
       163, 16, 158, 219, 207, 3, 108, 240, 41, 225, 162, 19, 43, 226,
       165, 198, 43, 232, 214, 14, 229, 90, 231, 133, 168, 211, 10, 110,
       238, 55, 205, 148, 248, 197, 224, 52, 32, 170, 128, 173, 237, 217,
       205, 94, 28, 152, 190, 170, 96, 30, 19, 146, 142, 152, 57, 252,
       255, 65, 74, 199, 119, 189, 147, 60, 79, 195, 162, 203, 247, 255,
       187, 144, 113, 133, 19, 69, 94, 154, 254, 40, 172, 62, 50, 236,
       10, 219, 100, 252, 250, 164, 96, 230, 115, 60, 66, 209, 9, 138,
       235, 242, 253, 42, 216, 24, 163, 33, 9, 115, 126, 19, 196, 123,
       245, 58, 82, 169, 200, 152, 110, 44, 222, 165, 180, 190, 241, 214,
       226, 135, 131, 32, 253, 50, 85, 41, 187, 11, 119, 43, 29, 250, 57,
       235, 164, 79, 82, 218, 105, 21, 196, 199, 135, 105, 236, 50, 0,
       120, 173, 179, 197, 28, 251, 63, 138, 219, 103, 139, 137, 39, 174,
       124, 82, 94, 30, 148, 185, 171, 96, 26, 138, 142, 158, 154, 33,
       236, 118, 65, 74, 199, 83, 189, 3, 0, 5, 75, 242, 128, 247, 123,
       155, 144, 113, 37, 19, 32, 76, 26, 190, 68, 193, 190, 103, 12, 6,
       120, 3, 53, 222, 39, 80, 248, 59, 3, 131, 68, 62, 0, 59, 117, 167,
       190, 41, 17, 90, 175, 138, 131, 16, 179, 217, 55, 247, 176, 83,
       94, 75, 113, 114, 156, 156, 164, 236, 247, 25, 146, 17, 183, 188,
       113, 243, 5, 30, 26, 194, 216, 9, 169, 183, 216, 220, 5, 253, 40,
       6, 13, 183, 180, 50, 198, 196, 253, 103, 1, 215, 71, 245, 125,
       172, 105, 196, 81, 15, 229, 231, 239, 148, 62, 240, 161, 56, 166,
       252, 161, 152, 239, 113, 190, 202, 26, 114, 80, 187, 140, 220,
       127, 139, 159, 89, 147, 215, 167, 103, 138, 243, 17, 19, 223, 175,
       149, 125, 63, 215, 15, 191, 254, 115, 184, 247, 31, 187, 87, 238,
       93, 165, 247, 125, 219, 32, 151, 123, 213, 39, 254, 216, 61, 63,
       107, 223, 37, 247, 198, 255, 140, 91, 53, 102, 194, 168, 86, 163,
       224, 92, 4, 129, 249, 198, 3, 201, 43, 8, 120, 168, 6, 188, 26,
       179, 4, 136, 112, 141, 162, 64, 253, 218, 248, 144, 134, 222, 255,
       251, 236, 231, 187, 252, 159, 91, 81, 247, 252, 253, 188, 41, 239,
       115, 55, 67, 178, 237, 122, 247, 79, 58, 250, 194, 213, 89, 213,
       243, 43, 51, 235, 201, 244, 151, 171, 85, 94, 77, 124, 102, 24,
       205, 180, 32, 124, 58, 151, 221, 147, 186, 36, 252, 110, 29, 174,
       192, 223, 142, 245, 241, 2, 149, 17, 137, 183, 135, 182, 35, 12,
       1, 91, 227, 204, 126, 44, 192, 214, 19, 130, 97, 87, 152, 65, 221,
       45, 52, 10, 70, 20, 14, 165, 23, 134, 112, 176, 219, 69, 221, 184,
       200, 31, 47, 85, 19, 140, 222, 111, 140, 249, 25, 147, 17, 34,
       180, 27, 210, 15, 22, 27, 103, 146, 13, 13, 134, 14, 52, 160, 129,
       85, 255, 178, 74, 95, 165, 93, 35, 140, 156, 123, 140, 221, 27,
       147, 17, 134, 176, 80, 210, 79, 84, 155, 103, 215, 79, 29, 214,
       54, 156, 245, 247, 254, 103, 254, 250, 31, 242, 184, 195, 252,
       253, 117, 33, 255, 243, 23, 55, 241, 242, 89, 238, 63, 222, 207,
       166, 213, 251, 85, 181, 26, 157, 63, 250, 155, 229, 49, 115, 142,
       89, 204, 18, 60, 183, 32, 96, 231, 51, 155, 144, 51, 11, 50, 245,
       219, 253, 26, 74, 152, 0, 161, 51, 172, 135, 122, 122, 244, 207,
       123, 249, 117, 15, 117, 21, 91, 73, 58, 17, 187, 10, 134, 56, 182,
       188, 40, 31, 111, 223, 32, 69, 114, 139, 230, 195, 15, 34, 82,
       209, 71, 191, 224, 73, 127, 59, 87, 82, 72, 202, 124, 77, 123, 12,
       58, 184, 18, 244, 21, 212, 30, 14, 219, 69, 175, 13, 121, 134,
       174, 32, 231, 225, 70, 98, 232, 64, 41, 178, 113, 178, 25, 143,
       221, 59, 110, 157, 23, 185, 128, 214, 133, 192, 86, 72, 251, 165,
       165, 161, 99, 160, 9, 142, 74, 249, 22, 171, 105, 115, 62, 1, 95,
       198, 177, 163, 176, 96, 123, 170, 22, 28, 147, 184, 5, 223, 204,
       239, 178, 192, 180, 136, 113, 168, 65, 140, 159, 127, 144, 38, 39,
       183, 124, 19, 66, 80, 245, 99, 0, 75, 115, 102, 40, 136, 49, 216,
       9, 111, 109, 166, 254, 0, 128, 240, 161, 40, 38, 239, 96, 168,
       253, 137, 223, 230, 137, 164, 152, 143, 142, 136, 118, 0, 143,
       225, 215, 119, 196, 43, 76, 254, 184, 20, 13, 255, 84, 30, 87,
       199, 169, 33, 99, 77, 84, 30, 107, 120, 81, 224, 244, 74, 19, 1,
       149, 180, 88, 140, 18, 238, 201, 178, 117, 14, 119, 173, 160, 4,
       107, 170, 114, 176, 3, 150, 115, 249, 50, 167, 185, 115, 62, 1,
       123, 118, 220, 255, 168, 96, 255, 59, 23, 149, 147, 184, 0, 215,
       204, 207, 58, 194, 189, 130, 161, 177, 3, 143, 104, 153, 246, 149,
       168, 119, 30, 73, 92, 199, 185, 142, 182, 96, 110, 59, 151, 157,
       151, 24, 100, 247, 110, 93, 186, 232, 29, 132, 185, 221, 19, 135,
       74, 172, 150, 130, 239, 119, 148, 133, 223, 199, 121, 239, 184,
       64, 126, 187, 31, 189, 152, 155, 36, 223, 248, 237, 174, 200, 181,
       202, 177, 241, 131, 25, 7, 157, 54, 134, 168, 35, 188, 201, 82,
       215, 188, 38, 180, 193, 102, 45, 59, 141, 181, 216, 21, 76, 132,
       34, 250, 128, 12, 4, 49, 221, 42, 233, 34, 186, 93, 213, 150, 236,
       135, 13, 136, 11, 42, 220, 110, 0, 221, 251, 211, 193, 94, 43, 74,
       247, 59, 85, 141, 123, 81, 30, 190, 222, 46, 126, 232, 130, 247,
       227, 187, 218, 31, 238, 28, 167, 12, 205, 231, 12, 127, 105, 151,
       215, 130, 182, 40, 242, 74, 21, 175, 239, 215, 255, 53, 211, 130,
       77, 2, 140, 117, 165, 182, 198, 158, 8, 88, 3, 164, 184, 53, 192,
       200, 106, 19, 65, 38, 43, 18, 187, 53, 84, 138, 43, 20, 92, 49,
       143, 222, 205, 230, 255, 143, 82, 238, 239, 29, 2, 218, 146, 105,
       111, 61, 229, 123, 211, 187, 227, 104, 143, 31, 239, 183, 254,
       222, 1, 55, 254, 245, 44, 88, 219, 156, 175, 62, 24, 22, 136, 206,
       52, 158, 175, 239, 200, 203, 194, 230, 71, 236, 99, 198, 1, 239,
       177, 242, 225, 46, 187, 52, 27, 13, 79, 61, 94, 107, 255, 118,
