%YAML:1.0
---
descriptors: !!opencv-matrix
   rows: 109
   cols: 32
   dt: u
   data: [ 247, 48, 246, 65, 98, 50, 248, 80, 41, 243, 183, 251, 72, 30,
       223, 191, 62, 157, 247, 183, 133, 215, 165, 192, 22, 88, 218, 134,
       175, 165, 99, 213, 120, 57, 249, 96, 112, 76, 89, 18, 35, 196,
       172, 8, 159, 159, 65, 48, 128, 188, 93, 88, 9, 43, 240, 0, 219,
       221, 32, 57, 224, 130, 70, 122, 20, 142, 135, 151, 146, 139, 38,
       234, 150, 179, 66, 198, 115, 227, 41, 65, 121, 238, 34, 56, 34,
       220, 15, 63, 188, 166, 231, 68, 161, 104, 0, 40, 2, 156, 150, 159,
       131, 226, 188, 175, 30, 19, 66, 50, 252, 118, 32, 105, 247, 119,
       187, 129, 48, 216, 11, 255, 77, 38, 254, 195, 144, 72, 165, 10,
       117, 134, 207, 156, 222, 67, 7, 232, 86, 162, 224, 206, 115, 224,
       168, 81, 121, 236, 34, 168, 41, 239, 47, 31, 56, 166, 247, 124,
       185, 40, 112, 168, 3, 155, 97, 217, 242, 149, 188, 119, 94, 77,
       92, 231, 173, 174, 182, 228, 206, 59, 151, 141, 215, 24, 102, 247,
       46, 60, 190, 234, 87, 132, 165, 253, 10, 138, 2, 185, 99, 146,
       184, 103, 191, 12, 82, 231, 172, 142, 39, 192, 239, 41, 175, 133,
       198, 153, 2, 219, 150, 119, 154, 139, 29, 4, 41, 159, 6, 190, 18,
       186, 235, 225, 190, 234, 174, 30, 176, 177, 172, 231, 105, 75,
       239, 59, 203, 130, 34, 7, 154, 243, 189, 148, 95, 191, 144, 113,
       39, 147, 166, 253, 32, 216, 201, 213, 158, 239, 159, 122, 156, 47,
       44, 252, 110, 161, 157, 27, 211, 195, 226, 99, 26, 247, 59, 84,
       141, 255, 91, 124, 150, 215, 254, 57, 234, 164, 199, 82, 91, 105,
       21, 196, 215, 135, 99, 236, 115, 0, 120, 241, 183, 179, 12, 203,
       63, 138, 219, 71, 207, 137, 37, 47, 60, 90, 14, 221, 182, 159,
       253, 215, 191, 236, 159, 247, 78, 19, 236, 254, 111, 207, 213,
       127, 187, 83, 118, 216, 251, 255, 111, 119, 223, 111, 150, 127,
       189, 222, 46, 120, 114, 254, 127, 221, 186, 216, 143, 236, 149,
       175, 172, 222, 55, 164, 238, 249, 223, 195, 134, 35, 122, 253,
       215, 93, 139, 187, 87, 63, 45, 215, 3, 149, 32, 137, 213, 247,
       178, 66, 78, 101, 89, 3, 140, 60, 54, 36, 216, 11, 147, 21, 150,
       184, 117, 223, 47, 84, 138, 99, 150, 78, 29, 214, 3, 132, 83, 185,
       52, 175, 169, 115, 62, 1, 91, 86, 189, 139, 176, 64, 123, 41, 23,
       29, 19, 184, 53, 223, 204, 206, 58, 192, 156, 136, 113, 161, 2,
       148, 91, 169, 18, 227, 184, 115, 126, 1, 91, 210, 221, 255, 40,
       96, 119, 59, 147, 177, 51, 184, 52, 223, 205, 133, 26, 194, 245,
       130, 165, 145, 177, 42, 199, 157, 94, 163, 225, 78, 86, 161, 234,
       94, 115, 224, 224, 65, 121, 236, 98, 136, 9, 254, 207, 29, 24,
       162, 245, 32, 105, 9, 240, 168, 20, 42, 214, 155, 206, 43, 172,
       67, 102, 35, 210, 210, 193, 170, 57, 75, 106, 143, 106, 157, 50,
       191, 199, 242, 20, 36, 154, 0, 229, 72, 161, 128, 10, 219, 98,
       140, 127, 208, 190, 117, 141, 72, 216, 231, 44, 158, 182, 229,
       238, 163, 159, 197, 196, 139, 6, 237, 48, 56, 170, 139, 31, 22,
       61, 223, 34, 233, 34, 218, 221, 197, 159, 237, 143, 13, 220, 171,
       40, 221, 110, 4, 221, 187, 147, 209, 90, 43, 42, 253, 59, 20, 156,
       251, 87, 30, 182, 238, 33, 133, 186, 225, 245, 173, 225, 87, 127,
       9, 122, 16, 146, 185, 124, 64, 221, 10, 19, 25, 154, 186, 80, 215,
       79, 30, 150, 98, 209, 72, 240, 138, 137, 194, 209, 243, 36, 168,
       233, 151, 126, 19, 86, 246, 189, 139, 248, 72, 99, 10, 6, 152,
       163, 252, 102, 243, 70, 223, 178, 64, 182, 136, 241, 168, 184, 77,
       83, 236, 22, 78, 79, 117, 36, 164, 250, 66, 115, 63, 49, 80, 122,
       228, 21, 234, 104, 185, 16, 14, 241, 237, 36, 144, 101, 186, 100,
       121, 61, 28, 99, 254, 150, 163, 239, 115, 213, 194, 219, 230, 113,
       251, 177, 96, 126, 234, 23, 142, 185, 179, 44, 255, 240, 174, 163,
       128, 191, 235, 240, 241, 92, 93, 26, 174, 180, 164, 95, 218, 174,
       8, 88, 100, 255, 255, 41, 80, 214, 123, 29, 67, 11, 3, 138, 187,
       240, 245, 46, 136, 152, 243, 41, 11, 189, 74, 236, 125, 174, 50,
       79, 158, 23, 254, 150, 231, 83, 45, 211, 175, 95, 204, 181, 254,
       173, 102, 239, 170, 202, 239, 229, 148, 255, 253, 120, 85, 39,
       239, 96, 168, 253, 175, 223, 230, 137, 44, 152, 143, 142, 136,
       118, 0, 143, 225, 87, 103, 196, 43, 76, 255, 240, 20, 9, 254, 84,
       63, 83, 199, 181, 239, 199, 222, 252, 161, 207, 252, 214, 90, 153,
       238, 113, 225, 185, 35, 127, 202, 94, 238, 251, 99, 46, 191, 248,
       142, 229, 188, 253, 251, 240, 177, 142, 221, 180, 247, 177, 126,
       54, 175, 63, 191, 79, 17, 236, 126, 14, 205, 177, 95, 163, 2, 54,
       216, 121, 235, 175, 247, 95, 7, 130, 117, 141, 127, 221, 159, 235,
       254, 190, 39, 79, 251, 214, 234, 156, 246, 121, 231, 249, 99, 127,
       198, 126, 174, 249, 67, 47, 255, 250, 207, 239, 188, 191, 242,
       240, 49, 14, 34, 130, 129, 69, 59, 184, 72, 47, 173, 91, 55, 76,
       202, 108, 204, 249, 141, 163, 177, 22, 178, 3, 208, 30, 84, 155,
       231, 135, 15, 61, 134, 68, 204, 158, 63, 176, 162, 47, 175, 58,
       19, 67, 16, 237, 227, 8, 91, 115, 127, 40, 144, 50, 220, 139, 103,
       108, 166, 127, 64, 128, 112, 165, 8, 145, 130, 134, 29, 24, 163,
       32, 251, 54, 177, 194, 214, 97, 224, 160, 72, 113, 236, 106, 188,
       56, 223, 143, 29, 24, 34, 245, 68, 41, 168, 240, 0, 17, 135, 106,
       172, 148, 130, 224, 127, 84, 5, 219, 199, 65, 234, 178, 64, 120,
       170, 14, 173, 218, 187, 5, 223, 248, 173, 170, 64, 61, 138, 240,
       0, 39, 177, 161, 67, 221, 253, 251, 223, 75, 121, 61, 30, 24, 220,
       94, 188, 157, 139, 19, 157, 151, 50, 248, 208, 63, 28, 157, 110,
       219, 79, 211, 246, 147, 219, 71, 157, 54, 144, 172, 244, 220, 72,
       210, 230, 45, 138, 180, 229, 110, 41, 54, 205, 195, 188, 38, 253,
       32, 40, 186, 128, 61, 156, 33, 189, 37, 5, 193, 203, 252, 171,
       192, 91, 86, 1, 121, 226, 145, 104, 148, 168, 89, 170, 22, 25,
       159, 186, 79, 150, 14, 156, 178, 224, 213, 202, 216, 128, 36, 38,
       241, 203, 252, 173, 224, 27, 95, 11, 121, 88, 146, 201, 92, 136,
       217, 8, 55, 25, 147, 178, 202, 130, 79, 28, 49, 104, 210, 203, 82,
       161, 220, 91, 83, 228, 34, 74, 111, 80, 181, 174, 246, 226, 63,
       151, 161, 95, 38, 244, 93, 234, 104, 245, 32, 104, 241, 232, 102,
       128, 102, 241, 38, 97, 217, 29, 125, 101, 3, 78, 87, 59, 117, 170,
       182, 82, 95, 55, 128, 103, 54, 212, 124, 234, 249, 173, 49, 143,
       243, 235, 97, 148, 99, 160, 97, 59, 50, 188, 35, 157, 31, 199,
       147, 226, 142, 238, 152, 171, 108, 252, 38, 0, 253, 115, 223, 193,
       136, 43, 80, 255, 145, 87, 155, 179, 85, 46, 23, 251, 142, 140,
       132, 159, 149, 167, 190, 175, 30, 167, 74, 19, 236, 126, 42, 201,
       209, 119, 187, 55, 112, 220, 73, 255, 173, 118, 223, 199, 144,
       124, 149, 74, 181, 95, 194, 158, 244, 129, 198, 81, 214, 142, 113,
       118, 33, 200, 181, 5, 72, 106, 6, 79, 250, 174, 14, 171, 48, 40,
       166, 168, 117, 169, 240, 129, 26, 203, 46, 233, 129, 194, 189,
       239, 134, 21, 218, 163, 137, 206, 50, 64, 235, 145, 171, 129, 94,
       169, 39, 149, 193, 231, 154, 71, 117, 8, 165, 66, 22, 63, 234,
       130, 246, 227, 159, 222, 14, 228, 28, 231, 108, 239, 235, 0, 127,
       123, 151, 215, 130, 179, 44, 254, 104, 4, 175, 227, 181, 255, 53,
       251, 58, 163, 97, 163, 215, 203, 94, 111, 7, 229, 121, 171, 107,
       109, 90, 148, 185, 154, 151, 183, 90, 186, 73, 157, 187, 215, 149,
       231, 231, 142, 222, 250, 251, 110, 228, 117, 180, 58, 77, 151, 83,
       230, 182, 223, 3, 45, 215, 60, 79, 230, 125, 156, 237, 254, 229,
       138, 234, 222, 213, 148, 239, 252, 80, 92, 196, 96, 189, 114, 168,
       108, 21, 134, 186, 191, 165, 24, 150, 151, 73, 27, 129, 95, 105,
       82, 34, 69, 170, 32, 209, 129, 116, 59, 192, 81, 135, 35, 134,
       112, 176, 153, 69, 197, 185, 72, 31, 55, 81, 19, 140, 158, 109,
       76, 217, 25, 147, 145, 34, 212, 90, 210, 5, 20, 155, 111, 148, 29,
