%YAML:1.0
---
descriptors: !!opencv-matrix
   rows: 199
   cols: 32
   dt: u
   data: [ 0, 139, 7, 185, 200, 137, 36, 167, 174, 17, 74, 196, 165, 130,
       32, 196, 97, 42, 106, 128, 83, 152, 67, 113, 164, 164, 154, 64,
       56, 2, 169, 136, 143, 95, 239, 215, 230, 116, 255, 183, 89, 74,
       30, 246, 120, 124, 157, 175, 191, 83, 151, 171, 241, 244, 45, 234,
       103, 127, 254, 130, 199, 255, 245, 253, 10, 154, 38, 157, 43, 208,
       184, 71, 191, 29, 82, 183, 172, 142, 38, 205, 231, 59, 191, 149,
       22, 201, 2, 245, 15, 114, 250, 203, 6, 4, 173, 223, 10, 173, 168,
       251, 245, 237, 232, 135, 31, 29, 92, 16, 172, 191, 48, 64, 201,
       59, 147, 17, 18, 184, 83, 247, 207, 215, 154, 195, 144, 72, 149,
       138, 133, 225, 17, 187, 204, 137, 231, 204, 238, 49, 97, 80, 149,
       195, 216, 74, 105, 10, 74, 218, 83, 112, 203, 113, 44, 128, 167,
       108, 216, 26, 195, 160, 206, 78, 190, 180, 111, 98, 189, 2, 169,
       158, 151, 179, 204, 255, 103, 75, 227, 117, 255, 131, 32, 197,
       162, 194, 87, 115, 251, 139, 132, 117, 53, 99, 68, 161, 217, 131,
       206, 41, 166, 200, 234, 178, 171, 74, 148, 227, 73, 90, 107, 205,
       106, 90, 18, 112, 202, 112, 28, 128, 47, 44, 192, 123, 195, 160,
       65, 187, 128, 53, 176, 140, 40, 55, 170, 169, 42, 237, 173, 163,
       64, 146, 133, 111, 108, 20, 19, 88, 195, 69, 172, 245, 53, 224,
       200, 0, 139, 25, 51, 111, 98, 12, 116, 147, 206, 120, 85, 204,
       248, 239, 65, 200, 182, 132, 94, 168, 135, 239, 204, 179, 68, 159,
       50, 12, 161, 161, 127, 174, 120, 197, 160, 251, 26, 116, 60, 139,
       80, 119, 236, 8, 96, 104, 182, 145, 0, 16, 130, 40, 70, 64, 66,
       185, 64, 29, 225, 209, 32, 17, 64, 8, 90, 139, 10, 20, 50, 217,
       245, 255, 184, 67, 127, 13, 126, 51, 140, 190, 38, 236, 239, 27,
       147, 144, 182, 184, 49, 214, 15, 93, 154, 195, 150, 76, 173, 207,
       118, 68, 142, 174, 8, 2, 70, 232, 173, 130, 171, 11, 198, 98, 41,
       91, 249, 197, 106, 226, 104, 231, 201, 110, 176, 162, 206, 20, 1,
       123, 32, 2, 218, 186, 158, 180, 139, 224, 24, 7, 186, 23, 130,
       181, 173, 167, 66, 91, 167, 247, 237, 145, 58, 77, 131, 1, 217,
       227, 250, 219, 128, 64, 175, 91, 72, 191, 154, 189, 249, 188, 124,
       159, 187, 217, 126, 81, 172, 255, 82, 218, 167, 111, 253, 21, 150,
       88, 146, 243, 223, 255, 63, 235, 138, 196, 139, 155, 222, 217, 54,
       174, 157, 220, 86, 173, 173, 148, 130, 1, 238, 218, 46, 83, 224,
       247, 253, 99, 124, 75, 154, 253, 251, 241, 143, 91, 0, 54, 169,
       78, 210, 89, 30, 254, 41, 76, 94, 236, 173, 158, 162, 29, 238, 87,
       15, 83, 230, 245, 253, 226, 108, 71, 154, 251, 243, 250, 79, 27,
       2, 52, 171, 74, 209, 159, 47, 173, 50, 70, 15, 55, 180, 78, 222,
       244, 247, 55, 160, 97, 102, 55, 61, 234, 249, 141, 53, 31, 225,
       163, 234, 208, 52, 160, 165, 121, 17, 5, 83, 101, 50, 46, 107, 51,
       116, 160, 106, 66, 215, 115, 160, 96, 54, 92, 12, 40, 33, 176, 17,
       14, 228, 174, 35, 4, 232, 226, 33, 32, 5, 146, 251, 241, 34, 170,
       121, 21, 126, 81, 119, 246, 221, 215, 232, 105, 119, 29, 46, 28,
       147, 212, 239, 64, 206, 201, 114, 196, 172, 128, 161, 49, 112,
       196, 23, 141, 24, 107, 6, 232, 36, 32, 235, 8, 70, 34, 8, 80, 120,
       196, 106, 226, 40, 131, 89, 63, 177, 166, 67, 20, 96, 59, 36, 2,
       55, 137, 182, 186, 229, 31, 212, 166, 253, 159, 114, 29, 14, 40,
       54, 90, 201, 198, 38, 87, 156, 248, 91, 160, 139, 250, 84, 67,
       200, 92, 216, 79, 54, 138, 205, 183, 210, 193, 188, 225, 50, 183,
       242, 227, 229, 111, 9, 11, 127, 243, 135, 145, 58, 218, 72, 237,
       220, 199, 255, 197, 165, 104, 37, 168, 210, 172, 134, 159, 139,
       58, 36, 143, 182, 147, 163, 152, 230, 226, 72, 223, 97, 231, 232,
       144, 62, 207, 203, 99, 152, 162, 223, 91, 160, 100, 168, 12, 5,
       136, 221, 215, 84, 142, 233, 184, 126, 153, 114, 66, 243, 97, 92,
       235, 121, 234, 34, 216, 163, 248, 59, 253, 13, 154, 215, 68, 201,
       168, 112, 168, 69, 134, 145, 101, 180, 47, 99, 178, 118, 169, 123,
       64, 215, 33, 144, 112, 17, 76, 108, 60, 153, 176, 73, 12, 236,
       174, 37, 68, 200, 227, 64, 33, 55, 211, 98, 137, 124, 151, 202,
       248, 71, 232, 216, 199, 113, 72, 183, 164, 92, 136, 23, 239, 207,
       179, 93, 157, 58, 12, 169, 188, 127, 175, 120, 213, 36, 32, 209,
       217, 77, 169, 224, 74, 239, 49, 225, 26, 131, 152, 93, 136, 105,
       137, 106, 152, 26, 246, 223, 208, 29, 152, 147, 108, 229, 73, 114,
       134, 9, 182, 172, 93, 147, 247, 1, 191, 86, 255, 86, 116, 249,
       245, 146, 172, 21, 110, 181, 28, 179, 216, 63, 63, 75, 111, 117,
       197, 186, 228, 156, 249, 182, 69, 70, 174, 157, 43, 70, 236, 21,
       166, 235, 11, 67, 106, 45, 81, 248, 197, 107, 227, 108, 163, 73,
       190, 176, 242, 207, 23, 113, 123, 240, 2, 54, 207, 98, 154, 126,
       145, 158, 232, 134, 68, 216, 163, 105, 204, 190, 196, 127, 251,
       151, 247, 78, 11, 14, 253, 56, 4, 175, 239, 53, 159, 189, 221,
       188, 81, 118, 237, 53, 86, 82, 120, 101, 140, 255, 3, 107, 93, 59,
       212, 248, 244, 189, 226, 204, 183, 17, 142, 243, 251, 195, 3, 103,
       175, 124, 82, 120, 174, 204, 183, 221, 42, 92, 135, 51, 191, 222,
       191, 239, 171, 67, 90, 203, 239, 237, 149, 30, 218, 203, 162, 222,
       231, 253, 145, 164, 252, 154, 75, 74, 170, 142, 184, 235, 177, 56,
       71, 175, 21, 70, 181, 172, 138, 102, 94, 167, 43, 235, 149, 22,
       77, 130, 241, 222, 81, 154, 235, 150, 68, 169, 95, 233, 184, 57,
       248, 93, 253, 81, 71, 203, 113, 164, 24, 190, 157, 102, 185, 137,
       58, 219, 24, 19, 47, 114, 149, 219, 217, 16, 123, 218, 12, 199,
       250, 138, 176, 184, 155, 105, 253, 176, 66, 187, 63, 117, 25, 172,
       158, 70, 24, 141, 59, 131, 17, 22, 126, 146, 243, 79, 21, 26, 107,
       210, 12, 15, 223, 112, 160, 8, 168, 220, 171, 226, 75, 86, 33,
       203, 74, 194, 200, 88, 64, 249, 138, 106, 145, 26, 186, 91, 83,
       157, 132, 147, 76, 185, 10, 240, 130, 238, 48, 252, 251, 237, 125,
       248, 74, 207, 247, 181, 27, 190, 221, 94, 43, 235, 147, 255, 145,
       6, 110, 251, 241, 223, 217, 223, 123, 215, 13, 221, 194, 39, 121,
       98, 72, 205, 221, 214, 204, 203, 92, 180, 15, 10, 220, 127, 191,
       200, 219, 215, 215, 206, 99, 250, 240, 51, 88, 197, 127, 215, 125,
       254, 86, 106, 233, 113, 200, 93, 221, 74, 239, 99, 161, 252, 10,
       42, 159, 84, 180, 120, 188, 215, 216, 90, 58, 242, 245, 63, 221,
       133, 111, 115, 142, 246, 172, 200, 88, 63, 252, 45, 201, 53, 230,
       220, 146, 162, 48, 188, 151, 33, 107, 226, 113, 234, 64, 96, 109,
       50, 249, 243, 243, 94, 27, 16, 56, 5, 42, 196, 161, 95, 231, 100,
       8, 110, 160, 233, 128, 51, 64, 215, 115, 136, 115, 242, 197, 126,
       106, 65, 225, 137, 104, 164, 184, 99, 0, 68, 163, 99, 32, 124, 67,
       55, 110, 61, 74, 83, 168, 196, 164, 167, 32, 211, 213, 41, 114,
       88, 212, 236, 98, 72, 163, 105, 44, 243, 225, 33, 85, 98, 187,
       100, 34, 40, 171, 122, 105, 244, 141, 249, 117, 47, 13, 124, 168,
       191, 205, 246, 48, 190, 59, 87, 92, 146, 186, 162, 221, 127, 221,
       54, 233, 82, 138, 231, 233, 138, 157, 50, 217, 245, 253, 185, 39,
       63, 29, 94, 49, 140, 190, 38, 77, 231, 59, 147, 17, 54, 184, 115,
       247, 15, 114, 26, 195, 146, 12, 173, 223, 104, 174, 148, 56, 185,
       169, 80, 142, 187, 55, 160, 25, 174, 227, 64, 155, 129, 107, 232,
       16, 62, 74, 202, 55, 138, 215, 85, 123, 210, 68, 142, 10, 86, 220,
       191, 188, 138, 100, 23, 159, 154, 186, 138, 187, 244, 247, 105,
       75, 183, 215, 253, 163, 34, 71, 155, 115, 249, 167, 255, 191, 180,
       113, 165, 115, 237, 188, 240, 115, 181, 127, 94, 178, 121, 111,
       63, 184, 219, 61, 159, 189, 23, 214, 213, 46, 188, 244, 125, 174,
       79, 223, 117, 181, 231, 255, 78, 119, 179, 174, 110, 23, 188, 187,
       188, 39, 253, 247, 247, 183, 224, 104, 150, 15, 235, 102, 234,
       165, 244, 221, 239, 239, 46, 122, 223, 211, 197, 108, 223, 204,
