%YAML:1.0
---
descriptors: !!opencv-matrix
   rows: 403
   cols: 32
   dt: u
   data: [ 218, 120, 112, 225, 103, 29, 252, 55, 109, 246, 54, 163, 141,
       31, 215, 175, 166, 149, 221, 223, 196, 124, 181, 224, 231, 219,
       222, 163, 231, 180, 79, 95, 63, 31, 122, 206, 246, 183, 255, 81,
       77, 200, 255, 230, 121, 255, 183, 100, 126, 187, 23, 174, 155,
       179, 60, 255, 114, 253, 163, 128, 191, 255, 232, 241, 147, 77, 87,
       156, 70, 148, 172, 119, 172, 66, 218, 198, 61, 170, 177, 228, 102,
       171, 63, 141, 229, 141, 22, 235, 48, 40, 186, 136, 61, 208, 41,
       140, 49, 31, 90, 252, 60, 129, 202, 114, 196, 8, 216, 230, 49,
       203, 161, 96, 78, 162, 14, 74, 201, 171, 6, 191, 240, 172, 162,
       136, 61, 137, 112, 9, 74, 50, 174, 188, 42, 128, 185, 24, 190,
       220, 86, 231, 237, 206, 178, 75, 118, 57, 253, 149, 134, 201, 167,
       205, 72, 35, 251, 139, 44, 164, 37, 89, 174, 224, 224, 249, 39,
       125, 248, 144, 31, 109, 117, 155, 137, 61, 223, 252, 23, 217, 183,
       221, 130, 20, 231, 211, 71, 223, 216, 239, 183, 237, 94, 215, 48,
       78, 75, 254, 52, 128, 75, 118, 212, 10, 254, 98, 49, 163, 177, 96,
       106, 170, 6, 200, 104, 139, 68, 191, 242, 175, 186, 136, 53, 152,
       112, 169, 128, 8, 188, 217, 101, 239, 177, 7, 94, 55, 86, 18, 180,
       27, 36, 73, 200, 58, 43, 16, 50, 252, 81, 145, 69, 178, 218, 3,
       144, 72, 213, 170, 47, 249, 112, 90, 123, 221, 154, 240, 143, 248,
       53, 109, 172, 222, 199, 180, 135, 123, 223, 71, 199, 43, 122, 253,
       31, 88, 13, 187, 95, 7, 15, 223, 57, 95, 232, 76, 119, 18, 207,
       255, 81, 234, 252, 166, 91, 41, 183, 164, 126, 204, 151, 238, 201,
       178, 101, 143, 114, 239, 165, 132, 127, 190, 120, 237, 40, 219,
       114, 104, 53, 157, 86, 180, 237, 13, 254, 104, 175, 153, 182, 240,
       142, 186, 206, 74, 222, 169, 32, 183, 235, 253, 36, 219, 114, 143,
       206, 11, 11, 52, 228, 218, 127, 247, 250, 93, 127, 69, 215, 147,
       8, 93, 190, 172, 63, 131, 223, 157, 182, 172, 61, 222, 31, 92,
       154, 195, 183, 132, 220, 95, 138, 184, 178, 186, 211, 229, 176,
       71, 191, 23, 96, 19, 172, 158, 100, 200, 227, 59, 131, 145, 54,
       157, 18, 243, 9, 214, 26, 75, 208, 68, 175, 138, 217, 222, 111,
       127, 38, 86, 125, 182, 113, 94, 198, 246, 91, 55, 146, 255, 119,
       214, 189, 238, 233, 212, 173, 175, 230, 235, 246, 132, 47, 244,
       242, 121, 75, 219, 101, 79, 98, 20, 125, 183, 105, 88, 22, 230,
       185, 46, 150, 247, 38, 215, 253, 205, 199, 24, 181, 253, 54, 121,
       254, 130, 46, 150, 185, 125, 25, 87, 123, 236, 110, 4, 239, 125,
       196, 72, 252, 230, 57, 171, 177, 66, 126, 235, 30, 238, 201, 179,
       148, 137, 242, 233, 174, 168, 61, 250, 161, 185, 226, 156, 110,
       218, 85, 215, 248, 67, 127, 101, 115, 155, 104, 94, 54, 65, 255,
       177, 179, 149, 182, 126, 53, 223, 23, 62, 139, 195, 149, 132, 253,
       214, 115, 159, 107, 255, 182, 18, 95, 55, 61, 75, 95, 231, 121,
       63, 182, 112, 118, 159, 53, 133, 253, 152, 37, 239, 122, 47, 186,
       192, 45, 194, 244, 121, 2, 233, 48, 155, 213, 209, 182, 236, 31,
       12, 92, 3, 172, 220, 118, 4, 218, 123, 147, 83, 86, 58, 26, 253,
       47, 20, 143, 107, 85, 30, 189, 207, 207, 93, 182, 156, 235, 117,
       191, 215, 157, 222, 92, 167, 172, 254, 231, 111, 230, 115, 191,
       214, 244, 75, 50, 232, 119, 123, 207, 139, 150, 117, 173, 223, 2,
       152, 103, 221, 119, 213, 184, 99, 31, 49, 80, 3, 44, 190, 52, 137,
       255, 127, 179, 145, 182, 254, 146, 253, 31, 58, 218, 227, 133, 12,
       63, 223, 111, 52, 224, 21, 235, 120, 184, 138, 43, 247, 28, 191,
       12, 174, 215, 190, 167, 79, 241, 149, 150, 80, 167, 192, 30, 121,
       93, 239, 167, 229, 15, 215, 230, 251, 239, 241, 244, 209, 251,
       240, 251, 249, 118, 126, 88, 92, 220, 33, 239, 221, 183, 243, 243,
       122, 238, 244, 126, 25, 239, 238, 205, 12, 246, 243, 234, 186,
       246, 212, 123, 214, 184, 113, 187, 237, 182, 191, 40, 190, 70,
       151, 174, 245, 253, 129, 165, 219, 145, 206, 31, 121, 207, 163,
       47, 164, 46, 95, 43, 217, 106, 142, 93, 215, 222, 229, 223, 68,
       220, 143, 40, 220, 182, 160, 216, 234, 147, 199, 198, 171, 124,
       189, 115, 93, 140, 187, 87, 30, 252, 222, 162, 188, 146, 151, 197,
       247, 188, 230, 30, 139, 80, 18, 172, 254, 116, 197, 249, 123, 147,
       129, 32, 250, 18, 235, 61, 22, 223, 11, 5, 108, 189, 158, 203,
       183, 246, 21, 103, 22, 188, 119, 233, 207, 86, 246, 40, 62, 150,
       167, 238, 103, 183, 133, 244, 255, 164, 205, 22, 123, 250, 131,
       79, 100, 251, 221, 167, 162, 248, 72, 236, 57, 232, 200, 91, 55,
       53, 24, 8, 200, 222, 190, 155, 200, 70, 31, 150, 102, 238, 209,
       30, 24, 65, 111, 223, 205, 107, 132, 179, 250, 109, 64, 123, 159,
       251, 248, 143, 252, 180, 239, 57, 76, 151, 53, 46, 225, 223, 231,
       199, 37, 125, 253, 126, 25, 161, 246, 127, 159, 84, 93, 38, 187,
       104, 10, 255, 209, 146, 201, 79, 93, 188, 175, 8, 204, 254, 0,
       223, 75, 199, 117, 150, 43, 110, 245, 122, 85, 47, 255, 213, 15,
       255, 215, 138, 90, 122, 252, 109, 221, 248, 114, 159, 72, 84, 237,
       189, 159, 247, 41, 142, 57, 223, 69, 231, 47, 50, 251, 71, 89,
       186, 171, 94, 141, 13, 223, 95, 35, 226, 6, 210, 18, 239, 84, 33,
       196, 222, 231, 105, 238, 223, 244, 126, 239, 149, 239, 156, 195,
       164, 232, 50, 108, 142, 136, 47, 247, 255, 212, 25, 23, 47, 171,
       182, 226, 169, 55, 52, 73, 94, 246, 245, 55, 176, 96, 118, 39, 23,
       157, 179, 152, 37, 30, 236, 231, 186, 192, 188, 202, 177, 249, 0,
       217, 29, 191, 42, 132, 61, 181, 174, 25, 90, 225, 189, 151, 32,
       64, 198, 51, 63, 192, 65, 152, 67, 125, 229, 167, 126, 128, 16,
       18, 165, 59, 138, 184, 50, 222, 91, 213, 176, 64, 159, 69, 68, 39,
       44, 222, 38, 72, 238, 57, 147, 145, 6, 207, 50, 255, 95, 87, 154,
       107, 18, 5, 45, 223, 40, 252, 248, 81, 244, 238, 111, 215, 115,
       239, 124, 24, 51, 61, 210, 48, 123, 218, 23, 24, 250, 186, 116,
       15, 111, 143, 53, 192, 229, 216, 206, 251, 23, 159, 73, 169, 178,
       171, 171, 250, 28, 65, 90, 247, 157, 38, 186, 96, 119, 11, 22,
       189, 183, 152, 37, 63, 172, 70, 58, 196, 188, 201, 129, 245, 64,
       222, 29, 253, 50, 138, 45, 183, 60, 10, 66, 100, 181, 35, 128, 81,
       39, 119, 45, 200, 97, 152, 1, 109, 228, 163, 126, 192, 40, 144,
       161, 57, 237, 181, 33, 122, 253, 221, 208, 221, 91, 125, 181, 29,
       138, 92, 94, 181, 137, 138, 198, 125, 191, 106, 250, 181, 111, 89,
       5, 127, 218, 14, 222, 247, 222, 19, 102, 225, 247, 114, 121, 17,
       45, 125, 223, 247, 201, 143, 190, 206, 127, 157, 191, 188, 152,
       145, 229, 192, 94, 249, 235, 199, 167, 165, 252, 241, 162, 157,
       18, 159, 197, 247, 178, 235, 28, 12, 120, 19, 140, 188, 38, 192,
       249, 123, 179, 113, 100, 186, 154, 231, 63, 54, 222, 111, 209, 78,
       189, 142, 90, 249, 59, 186, 155, 221, 51, 197, 175, 68, 165, 10,
       60, 222, 110, 52, 166, 59, 219, 81, 83, 9, 186, 241, 185, 209, 14,
       107, 26, 6, 167, 127, 237, 58, 249, 67, 236, 63, 103, 152, 115,
       254, 61, 124, 83, 97, 223, 62, 25, 204, 102, 126, 137, 118, 237,
       2, 78, 9, 101, 108, 239, 243, 82, 245, 42, 92, 35, 154, 93, 245,
       154, 202, 151, 76, 220, 135, 40, 222, 55, 228, 220, 251, 147, 195,
       175, 7, 50, 255, 19, 85, 154, 139, 27, 13, 60, 222, 39, 173, 66,
       138, 246, 147, 238, 248, 13, 64, 89, 231, 105, 200, 191, 128, 94,
       235, 23, 255, 215, 178, 76, 255, 60, 28, 175, 232, 29, 191, 250,
       149, 119, 8, 207, 254, 6, 162, 203, 80, 132, 128, 210, 198, 49,
       227, 177, 107, 110, 224, 63, 207, 137, 131, 6, 232, 208, 171, 234,
       136, 61, 235, 112, 40, 111, 126, 229, 64, 237, 84, 115, 18, 203,
       254, 52, 237, 184, 28, 215, 191, 143, 198, 222, 62, 197, 103, 249,
       200, 6, 89, 225, 186, 78, 221, 86, 125, 11, 135, 67, 73, 86, 178,
       232, 75, 127, 65, 123, 194, 41, 10, 188, 228, 127, 139, 18, 156,
