%YAML:1.0
---
descriptors: !!opencv-matrix
   rows: 114
   cols: 32
   dt: u
   data: [ 155, 143, 102, 159, 247, 50, 238, 127, 117, 66, 82, 246, 104,
       106, 182, 229, 127, 230, 182, 173, 189, 249, 45, 239, 54, 62, 222,
       130, 175, 236, 248, 77, 102, 241, 182, 140, 121, 95, 178, 232,
       223, 232, 241, 43, 204, 216, 126, 228, 254, 221, 251, 99, 196, 99,
       219, 217, 63, 112, 15, 63, 82, 47, 47, 135, 229, 254, 237, 255,
       232, 42, 111, 190, 55, 254, 247, 247, 243, 103, 155, 91, 127, 238,
       127, 238, 169, 212, 239, 127, 254, 175, 247, 132, 173, 251, 112,
       249, 252, 112, 148, 118, 105, 77, 84, 216, 163, 250, 181, 25, 223,
       223, 73, 155, 141, 209, 237, 114, 77, 103, 218, 128, 211, 217, 69,
       63, 202, 53, 78, 19, 3, 157, 11, 159, 148, 230, 62, 247, 54, 75,
       94, 215, 249, 231, 48, 64, 125, 251, 23, 157, 243, 156, 18, 255,
       236, 54, 190, 193, 28, 192, 185, 153, 48, 134, 203, 156, 222, 3,
       67, 123, 82, 166, 224, 94, 81, 227, 160, 64, 121, 236, 34, 168,
       41, 255, 13, 31, 248, 166, 247, 52, 189, 232, 112, 168, 48, 160,
       205, 181, 86, 3, 193, 107, 86, 162, 226, 222, 83, 96, 144, 1, 121,
       196, 98, 172, 41, 251, 69, 31, 216, 135, 245, 20, 237, 168, 114,
       136, 94, 28, 191, 182, 169, 100, 23, 3, 134, 191, 155, 57, 220,
       255, 97, 74, 197, 247, 253, 147, 24, 71, 202, 130, 217, 247, 255,
       159, 128, 127, 165, 115, 0, 160, 135, 157, 14, 139, 32, 72, 190,
       176, 66, 66, 228, 194, 96, 66, 112, 108, 106, 208, 2, 209, 155,
       93, 12, 34, 203, 108, 24, 32, 49, 128, 194, 148, 150, 157, 201,
       126, 180, 167, 188, 31, 2, 17, 236, 118, 4, 207, 129, 119, 251,
       33, 52, 205, 83, 229, 13, 50, 94, 67, 128, 100, 141, 142, 42, 223,
       122, 206, 119, 213, 191, 116, 143, 76, 253, 38, 41, 255, 166, 100,
       254, 59, 151, 206, 210, 187, 58, 255, 115, 253, 162, 139, 31, 142,
       253, 243, 66, 32, 23, 168, 78, 3, 168, 72, 142, 160, 194, 11, 132,
       139, 112, 66, 226, 13, 123, 225, 2, 3, 131, 208, 20, 48, 139, 62,
       20, 8, 49, 128, 20, 140, 134, 150, 149, 143, 38, 232, 150, 151,
       66, 3, 230, 224, 107, 65, 121, 110, 42, 16, 38, 213, 11, 63, 189,
       38, 207, 69, 144, 106, 53, 2, 231, 47, 226, 134, 214, 182, 234,
       80, 153, 192, 217, 199, 8, 236, 55, 66, 126, 239, 147, 255, 181,
       251, 148, 238, 58, 44, 143, 136, 237, 231, 122, 212, 116, 230,
       134, 156, 221, 67, 130, 232, 18, 180, 224, 10, 96, 224, 97, 213,
       121, 236, 34, 248, 33, 243, 143, 31, 56, 38, 215, 109, 177, 40,
       116, 136, 52, 86, 210, 232, 116, 167, 235, 83, 84, 137, 249, 102,
       81, 195, 169, 200, 124, 168, 6, 188, 153, 179, 0, 138, 48, 205,
       162, 8, 253, 218, 224, 177, 26, 138, 66, 184, 115, 146, 184, 87,
       175, 12, 90, 231, 45, 138, 183, 192, 102, 43, 175, 133, 198, 153,
       6, 251, 22, 103, 186, 137, 55, 132, 41, 217, 118, 114, 100, 160,
       63, 31, 218, 72, 11, 236, 243, 175, 74, 92, 31, 20, 254, 141, 245,
       231, 204, 183, 201, 216, 178, 252, 137, 183, 127, 62, 126, 87,
       182, 220, 212, 151, 205, 233, 214, 239, 27, 190, 249, 59, 106,
       120, 79, 31, 249, 243, 166, 211, 122, 254, 75, 255, 189, 150, 221,
       115, 193, 125, 214, 143, 197, 239, 255, 246, 172, 32, 79, 188,
       202, 218, 189, 236, 127, 227, 249, 115, 23, 66, 108, 110, 241, 71,
       170, 58, 248, 155, 103, 188, 188, 243, 227, 49, 17, 2, 143, 157,
       94, 131, 33, 106, 118, 161, 66, 70, 113, 192, 160, 72, 48, 172,
       42, 172, 1, 217, 7, 29, 88, 34, 243, 68, 41, 8, 113, 40, 49, 32,
       205, 181, 86, 3, 97, 123, 86, 161, 226, 222, 83, 33, 144, 9, 120,
       172, 34, 140, 9, 250, 197, 29, 220, 166, 241, 64, 109, 136, 112,
       168, 63, 16, 234, 74, 103, 114, 251, 88, 85, 78, 125, 146, 73,
       221, 191, 172, 127, 152, 151, 175, 141, 182, 60, 194, 87, 93, 139,
       175, 247, 239, 122, 245, 2, 0, 81, 129, 102, 137, 184, 66, 172,
       17, 146, 227, 140, 26, 100, 74, 238, 145, 95, 149, 2, 43, 64, 192,
       148, 16, 154, 42, 20, 8, 33, 136, 59, 222, 122, 236, 119, 215,
       251, 246, 87, 76, 92, 166, 61, 220, 182, 228, 126, 185, 151, 205,
       199, 190, 38, 255, 119, 221, 170, 233, 127, 158, 117, 253, 70,
       204, 150, 159, 137, 118, 188, 143, 190, 23, 74, 17, 236, 246, 42,
       203, 225, 119, 171, 17, 54, 220, 155, 241, 13, 50, 223, 67, 128,
       117, 173, 78, 34, 32, 74, 201, 78, 9, 168, 65, 108, 32, 242, 130,
       128, 136, 20, 66, 104, 141, 91, 129, 0, 187, 197, 192, 20, 40,
       154, 32, 69, 8, 115, 136, 50, 0, 82, 129, 102, 9, 184, 64, 45, 32,
       176, 139, 142, 10, 32, 80, 238, 145, 95, 161, 8, 163, 65, 192,
       148, 144, 138, 50, 21, 8, 35, 130, 80, 38, 134, 156, 77, 163, 162,
       78, 150, 180, 203, 19, 68, 224, 96, 192, 121, 236, 106, 179, 82,
       227, 139, 95, 185, 38, 143, 45, 16, 59, 181, 130, 176, 97, 134,
       157, 93, 39, 160, 76, 22, 176, 235, 26, 66, 224, 32, 4, 89, 236,
       98, 106, 104, 243, 219, 28, 29, 34, 197, 52, 113, 59, 242, 128,
       38, 164, 66, 171, 222, 9, 174, 224, 100, 34, 242, 139, 129, 42,
       29, 65, 122, 143, 107, 227, 44, 178, 197, 250, 28, 38, 142, 41,
       245, 123, 35, 128, 131, 25, 7, 157, 118, 134, 169, 55, 188, 192,
       82, 214, 180, 38, 176, 229, 102, 37, 59, 173, 245, 220, 53, 204,
       36, 42, 250, 128, 12, 4, 49, 253, 70, 245, 18, 186, 123, 205, 190,
       232, 174, 188, 137, 41, 172, 246, 105, 81, 255, 123, 235, 243, 98,
       67, 154, 255, 189, 148, 15, 127, 16, 35, 39, 147, 184, 77, 123,
       237, 54, 202, 79, 119, 84, 136, 250, 98, 115, 35, 177, 80, 122,
       252, 5, 232, 105, 187, 0, 46, 241, 237, 164, 128, 101, 184, 100,
       41, 23, 77, 103, 143, 86, 6, 239, 120, 116, 64, 91, 198, 121, 110,
       181, 228, 126, 239, 23, 239, 229, 152, 61, 239, 52, 46, 171, 128,
       45, 183, 49, 244, 118, 114, 98, 174, 125, 15, 222, 72, 27, 236,
       185, 175, 78, 204, 31, 16, 254, 141, 255, 231, 76, 167, 203, 220,
       178, 116, 137, 191, 93, 63, 126, 215, 6, 76, 19, 155, 85, 231,
       171, 98, 30, 8, 219, 67, 236, 202, 52, 196, 216, 59, 19, 131, 35,
       186, 122, 255, 37, 54, 138, 10, 20, 15, 53, 250, 134, 252, 180,
       191, 155, 242, 190, 175, 159, 183, 110, 51, 236, 254, 78, 207,
       219, 127, 170, 147, 54, 220, 251, 251, 173, 246, 95, 67, 144, 125,
       173, 198, 110, 188, 172, 191, 157, 237, 87, 170, 155, 191, 140,
       29, 254, 253, 74, 27, 129, 79, 121, 23, 34, 73, 251, 179, 239,
       251, 93, 127, 146, 125, 215, 250, 204, 52, 252, 117, 173, 126,
       113, 27, 185, 255, 183, 61, 223, 63, 203, 127, 135, 213, 253, 26,
       184, 101, 251, 192, 207, 251, 117, 151, 202, 229, 207, 83, 162,
       182, 184, 217, 252, 45, 185, 223, 94, 63, 124, 58, 128, 237, 222,
       8, 223, 27, 167, 17, 178, 126, 235, 211, 95, 159, 55, 239, 213,
       72, 223, 243, 8, 157, 179, 255, 181, 231, 103, 183, 87, 77, 90,
       118, 247, 244, 176, 228, 81, 126, 31, 9, 243, 152, 121, 191, 173,
       254, 191, 194, 182, 206, 180, 125, 26, 207, 234, 190, 218, 144,
       159, 231, 150, 5, 220, 163, 41, 239, 35, 64, 110, 251, 167, 197,
       106, 139, 38, 239, 250, 103, 190, 137, 55, 212, 188, 232, 158,
       221, 188, 215, 181, 118, 223, 191, 31, 223, 191, 18, 238, 127, 47,
       47, 223, 243, 181, 98, 252, 236, 57, 239, 235, 159, 223, 151, 151,
       127, 237, 127, 221, 221, 254, 246, 252, 100, 79, 252, 219, 254,
       189, 54, 125, 255, 251, 83, 115, 227, 60, 254, 243, 103, 170, 251,
       250, 223, 231, 252, 191, 247, 225, 89, 165, 253, 233, 254, 252,
       37, 207, 252, 218, 210, 189, 254, 117, 241, 249, 35, 95, 226, 22,
       110, 241, 103, 190, 191, 248, 207, 231, 188, 253, 251, 210, 185,
       213, 255, 255, 254, 190, 34, 79, 251, 250, 202, 188, 252, 119,
       227, 249, 115, 23, 198, 124, 110, 241, 71, 174, 62, 248, 207, 103,
       188, 188, 243, 193, 49, 0, 34, 79, 153, 70, 168, 233, 3, 236, 17,
       66, 210, 181, 130, 208, 72, 106, 136, 42, 153, 3, 156, 199, 64, 4,
