%YAML:1.0
---
descriptors: !!opencv-matrix
   rows: 164
   cols: 32
   dt: u
   data: [ 81, 21, 19, 101, 144, 14, 102, 63, 100, 136, 234, 68, 255,
       115, 1, 240, 54, 118, 124, 104, 73, 137, 17, 78, 169, 172, 37, 0,
       40, 242, 171, 57, 56, 173, 120, 252, 125, 219, 84, 103, 123, 165,
       172, 9, 43, 59, 2, 145, 171, 191, 199, 0, 108, 123, 192, 189, 251,
       219, 20, 57, 99, 136, 238, 138, 194, 120, 182, 149, 99, 248, 188,
       6, 185, 206, 86, 165, 172, 190, 39, 239, 166, 123, 255, 65, 100,
       204, 178, 233, 7, 50, 90, 139, 4, 85, 39, 223, 120, 177, 188, 169,
       40, 73, 17, 156, 162, 53, 164, 41, 151, 55, 74, 18, 128, 85, 109,
       80, 26, 73, 235, 49, 217, 193, 61, 125, 176, 3, 7, 107, 88, 206,
       66, 222, 100, 144, 108, 119, 165, 14, 254, 230, 41, 227, 166, 196,
       110, 171, 174, 140, 204, 143, 6, 239, 50, 237, 178, 137, 63, 164,
       104, 13, 86, 249, 146, 162, 27, 221, 18, 200, 235, 181, 160, 8,
       46, 210, 78, 214, 160, 245, 234, 209, 78, 11, 155, 241, 153, 212,
       7, 127, 66, 6, 47, 6, 51, 253, 99, 72, 116, 147, 202, 120, 87,
       232, 248, 238, 115, 216, 181, 164, 94, 168, 23, 111, 205, 179,
       108, 159, 48, 12, 161, 180, 127, 142, 114, 253, 0, 185, 187, 249,
       252, 237, 185, 215, 238, 13, 124, 32, 188, 255, 226, 32, 167, 59,
       119, 16, 150, 56, 178, 113, 111, 157, 55, 234, 208, 138, 135, 233,
       72, 241, 186, 224, 153, 204, 117, 159, 163, 181, 174, 9, 156, 191,
       74, 154, 129, 87, 249, 80, 82, 107, 242, 160, 251, 213, 20, 127,
       194, 22, 134, 250, 53, 237, 99, 202, 124, 147, 203, 248, 71, 224,
       248, 106, 115, 216, 188, 164, 94, 232, 22, 111, 203, 35, 108, 191,
       56, 140, 165, 252, 125, 154, 112, 172, 253, 197, 93, 101, 164, 14,
       71, 189, 96, 168, 190, 76, 211, 51, 153, 115, 16, 196, 108, 110,
       233, 225, 201, 12, 226, 233, 101, 20, 104, 242, 194, 33, 5, 0,
       229, 221, 116, 154, 232, 24, 254, 208, 114, 66, 251, 200, 212,
       224, 122, 168, 38, 253, 135, 240, 111, 221, 12, 170, 227, 68, 125,
       168, 89, 132, 40, 241, 148, 113, 217, 221, 112, 143, 167, 181,
       172, 8, 14, 191, 72, 154, 129, 87, 251, 16, 18, 105, 211, 128,
       111, 221, 20, 127, 194, 86, 206, 170, 131, 158, 188, 181, 162,
       191, 180, 55, 254, 115, 82, 245, 246, 62, 2, 105, 199, 183, 254,
       1, 189, 220, 117, 255, 132, 243, 122, 210, 140, 72, 137, 95, 130,
       190, 183, 155, 161, 255, 185, 71, 191, 95, 116, 53, 172, 231, 254,
       205, 167, 59, 135, 29, 179, 220, 50, 243, 15, 18, 90, 195, 154,
       196, 165, 253, 139, 18, 109, 5, 114, 31, 233, 56, 61, 232, 118,
       239, 221, 76, 155, 164, 62, 141, 214, 173, 133, 180, 101, 204, 70,
       105, 33, 132, 111, 172, 9, 213, 16, 128, 74, 191, 68, 169, 232,
       199, 52, 3, 203, 147, 177, 35, 56, 64, 120, 138, 43, 141, 26, 186,
       69, 103, 212, 38, 154, 0, 37, 202, 241, 136, 84, 102, 214, 172,
       26, 34, 110, 200, 60, 162, 234, 194, 70, 163, 9, 90, 122, 213,
       106, 226, 40, 199, 201, 74, 176, 166, 207, 28, 161, 115, 35, 0,
       237, 116, 181, 99, 173, 111, 71, 24, 121, 250, 163, 88, 214, 113,
       89, 59, 145, 68, 120, 122, 177, 244, 249, 2, 197, 218, 69, 52,
       200, 115, 195, 178, 255, 87, 102, 68, 111, 22, 254, 248, 233, 252,
       191, 175, 72, 108, 223, 183, 126, 196, 245, 239, 237, 115, 172,
       204, 62, 121, 205, 143, 47, 247, 122, 85, 194, 91, 182, 156, 109,
       84, 188, 7, 174, 28, 86, 35, 172, 158, 103, 74, 230, 119, 251,
       193, 68, 89, 178, 224, 22, 48, 218, 139, 6, 52, 45, 79, 66, 188,
       148, 186, 169, 237, 148, 175, 143, 31, 136, 29, 174, 254, 66, 143,
       129, 115, 251, 17, 18, 73, 218, 241, 141, 211, 94, 123, 144, 92,
       141, 95, 51, 223, 66, 142, 118, 147, 110, 245, 21, 72, 248, 239,
       57, 200, 182, 212, 126, 171, 23, 237, 223, 186, 68, 255, 50, 108,
       174, 200, 63, 142, 248, 157, 104, 181, 49, 113, 217, 205, 85, 175,
       122, 53, 44, 24, 182, 53, 72, 16, 129, 26, 192, 0, 114, 104, 243,
       23, 109, 151, 20, 127, 210, 72, 198, 234, 211, 188, 235, 213, 83,
       247, 184, 71, 63, 107, 214, 22, 56, 190, 148, 108, 237, 191, 123,
       156, 179, 222, 241, 231, 31, 62, 154, 194, 139, 4, 171, 254, 9,
       206, 155, 191, 244, 171, 107, 183, 127, 73, 90, 116, 247, 161,
       144, 80, 247, 110, 38, 28, 179, 184, 71, 127, 236, 255, 54, 64,
       156, 200, 193, 153, 244, 191, 89, 102, 184, 111, 71, 191, 55, 170,
       186, 104, 83, 103, 201, 48, 61, 214, 108, 106, 121, 59, 233, 62,
       251, 140, 37, 244, 113, 243, 198, 49, 0, 237, 159, 187, 220, 165,
       162, 194, 150, 16, 72, 2, 180, 208, 33, 64, 201, 107, 2, 83, 2,
       170, 90, 63, 45, 132, 159, 104, 208, 25, 49, 138, 94, 26, 182,
       148, 75, 244, 176, 66, 169, 206, 246, 39, 44, 254, 103, 223, 230,
       245, 255, 131, 133, 199, 178, 224, 19, 50, 90, 139, 131, 117, 47,
       119, 191, 213, 115, 202, 253, 22, 207, 248, 93, 72, 253, 198, 75,
       237, 188, 228, 127, 221, 151, 255, 249, 179, 125, 254, 59, 254,
       135, 206, 119, 191, 244, 245, 61, 77, 99, 90, 252, 177, 207, 222,
       199, 216, 252, 78, 51, 201, 181, 44, 73, 232, 22, 222, 139, 35,
       110, 190, 48, 140, 165, 184, 255, 251, 112, 237, 248, 185, 113,
       232, 57, 237, 80, 72, 171, 124, 184, 9, 15, 159, 66, 147, 136,
       147, 221, 80, 26, 43, 250, 145, 219, 209, 1, 127, 114, 14, 6, 83,
       148, 205, 3, 173, 150, 131, 38, 233, 52, 0, 203, 66, 213, 195, 40,
       64, 120, 40, 42, 234, 122, 149, 25, 31, 185, 166, 139, 64, 48, 35,
       177, 32, 61, 85, 250, 238, 236, 95, 95, 248, 113, 234, 253, 8, 95,
       253, 27, 48, 222, 213, 247, 106, 204, 243, 251, 175, 251, 255,
       101, 159, 103, 251, 102, 227, 53, 91, 225, 111, 116, 7, 199, 252,
       68, 200, 250, 102, 115, 121, 145, 32, 88, 236, 22, 238, 201, 178,
       93, 60, 56, 174, 165, 148, 125, 251, 112, 41, 216, 124, 59, 248,
       51, 233, 81, 71, 185, 15, 228, 57, 63, 159, 32, 25, 162, 187, 205,
       16, 42, 47, 50, 191, 243, 209, 16, 59, 98, 0, 167, 123, 76, 176,
       188, 113, 176, 104, 49, 19, 186, 183, 39, 56, 159, 55, 72, 27,
       131, 23, 237, 16, 50, 92, 139, 2, 207, 215, 117, 117, 192, 64,
       135, 35, 1, 191, 115, 201, 244, 205, 235, 247, 206, 73, 124, 96,
       191, 213, 244, 100, 118, 58, 23, 88, 211, 56, 98, 253, 45, 156,
       38, 232, 86, 138, 215, 169, 49, 101, 99, 77, 118, 187, 238, 121,
       69, 96, 249, 238, 115, 216, 181, 164, 126, 168, 22, 111, 205, 178,
       100, 159, 50, 12, 161, 160, 127, 171, 114, 180, 18, 221, 123, 158,
       86, 192, 191, 230, 180, 6, 218, 162, 121, 254, 32, 64, 122, 251,
       19, 195, 98, 139, 14, 255, 112, 38, 138, 139, 53, 82, 37, 170, 58,
       104, 106, 236, 111, 211, 218, 204, 135, 76, 244, 171, 47, 222, 51,
       176, 254, 249, 223, 195, 14, 163, 38, 189, 211, 217, 171, 187, 55,
       159, 60, 223, 74, 185, 148, 186, 171, 221, 16, 175, 143, 61, 136,
       9, 174, 190, 66, 134, 133, 83, 249, 17, 22, 9, 218, 241, 137, 213,
       30, 123, 146, 14, 143, 95, 218, 153, 58, 184, 43, 192, 25, 7, 175,
       21, 142, 179, 172, 159, 98, 66, 231, 51, 253, 145, 18, 9, 130,
       211, 217, 241, 154, 219, 18, 4, 165, 91, 122, 249, 18, 174, 29,
       213, 18, 68, 143, 12, 168, 9, 174, 223, 98, 208, 216, 241, 205,
       81, 74, 11, 218, 189, 251, 245, 140, 123, 18, 14, 62, 90, 85, 77,
       205, 229, 140, 46, 79, 186, 34, 186, 138, 74, 215, 97, 17, 123,
       49, 196, 124, 110, 105, 65, 217, 40, 249, 171, 101, 20, 168, 251,
       80, 32, 89, 221, 29, 103, 176, 14, 71, 181, 228, 168, 170, 76,
       247, 51, 0, 115, 128, 70, 108, 106, 89, 169, 209, 45, 233, 235,
       36, 80, 104, 130, 195, 41, 61, 19, 248, 109, 125, 15, 95, 248, 91,
       236, 244, 10, 91, 253, 31, 48, 222, 220, 119, 104, 200, 178, 241,
       158, 247, 255, 101, 180, 119, 174, 118, 227, 56, 249, 58, 104, 85,
       215, 82, 240, 97, 140, 236, 9, 59, 219, 34, 144, 248, 184, 196,
       226, 78, 35, 24, 61, 243, 205, 33, 57, 99, 138, 110, 74, 139, 18,
