%YAML:1.0
---
descriptors: !!opencv-matrix
   rows: 159
   cols: 32
   dt: u
   data: [ 46, 249, 161, 150, 239, 113, 188, 207, 155, 251, 16, 171, 140,
       188, 119, 138, 143, 127, 179, 213, 149, 122, 154, 242, 61, 23,
       223, 175, 135, 127, 159, 223, 18, 137, 214, 141, 71, 216, 252,
       103, 173, 29, 122, 35, 172, 154, 38, 198, 234, 171, 183, 129, 86,
       152, 2, 193, 149, 240, 218, 131, 53, 4, 173, 206, 143, 120, 179,
       217, 231, 253, 188, 214, 95, 91, 80, 114, 140, 156, 255, 233, 231,
       89, 146, 83, 183, 244, 118, 242, 7, 89, 90, 174, 150, 93, 169,
       213, 10, 188, 186, 187, 211, 245, 184, 199, 63, 71, 74, 51, 172,
       191, 98, 64, 245, 63, 179, 145, 54, 220, 146, 247, 79, 119, 158,
       67, 130, 68, 173, 219, 14, 148, 16, 139, 213, 247, 178, 202, 30,
       5, 91, 3, 140, 62, 46, 196, 217, 27, 147, 17, 22, 152, 89, 223,
       47, 20, 138, 71, 150, 79, 61, 214, 184, 228, 118, 232, 21, 23, 82,
       88, 87, 4, 247, 3, 75, 217, 62, 128, 120, 152, 149, 234, 238, 183,
       25, 159, 243, 205, 161, 117, 103, 143, 126, 130, 35, 127, 90, 158,
       122, 181, 186, 244, 233, 72, 248, 237, 124, 222, 167, 176, 206,
       115, 214, 229, 135, 3, 6, 253, 50, 93, 43, 170, 29, 151, 43, 157,
       74, 158, 53, 224, 123, 247, 185, 255, 15, 125, 28, 191, 44, 62,
       22, 132, 167, 23, 247, 129, 183, 11, 51, 215, 31, 87, 27, 255,
       151, 4, 143, 255, 149, 34, 203, 221, 102, 34, 233, 80, 112, 202,
       119, 246, 25, 139, 245, 107, 126, 173, 55, 156, 169, 246, 165,
       192, 86, 169, 250, 128, 173, 169, 115, 177, 135, 135, 71, 169,
       238, 145, 236, 187, 204, 82, 89, 199, 217, 234, 252, 229, 87, 43,
       63, 173, 213, 152, 14, 213, 44, 24, 175, 236, 61, 230, 185, 132,
       61, 33, 235, 109, 70, 118, 255, 89, 97, 198, 127, 2, 89, 253, 149,
       58, 126, 252, 245, 170, 136, 176, 181, 136, 71, 239, 225, 133,
       103, 242, 118, 224, 17, 158, 123, 233, 54, 171, 251, 115, 127, 73,
       95, 230, 191, 173, 176, 96, 119, 42, 22, 28, 147, 184, 37, 223,
       238, 239, 34, 192, 182, 138, 241, 249, 14, 30, 162, 220, 253, 116,
       186, 219, 155, 223, 92, 183, 140, 255, 119, 79, 255, 91, 151, 181,
       182, 75, 178, 194, 127, 95, 143, 207, 150, 237, 61, 215, 164, 156,
       127, 91, 244, 239, 227, 210, 125, 21, 125, 18, 48, 93, 189, 45,
       123, 58, 2, 26, 178, 176, 124, 127, 111, 30, 160, 64, 215, 201,
       212, 224, 58, 249, 32, 74, 93, 213, 146, 237, 15, 77, 253, 11,
       106, 221, 126, 132, 220, 186, 147, 209, 90, 43, 122, 245, 59, 84,
       140, 251, 83, 14, 222, 222, 147, 203, 71, 157, 118, 131, 172, 244,
       20, 64, 82, 231, 36, 138, 176, 196, 110, 105, 54, 197, 231, 184,
       6, 253, 36, 34, 186, 128, 61, 152, 57, 141, 82, 203, 10, 140, 94,
       144, 190, 101, 140, 4, 216, 163, 180, 142, 38, 64, 234, 187, 219,
       193, 68, 139, 2, 253, 176, 161, 170, 139, 20, 18, 189, 139, 202,
       145, 112, 250, 183, 221, 56, 55, 141, 13, 126, 179, 175, 63, 40,
       81, 230, 19, 159, 17, 242, 40, 83, 245, 239, 249, 26, 203, 54,
       140, 133, 27, 62, 165, 96, 227, 213, 91, 118, 77, 19, 229, 117,
       171, 107, 13, 91, 137, 57, 154, 151, 177, 62, 242, 105, 142, 111,
       199, 149, 231, 231, 222, 222, 250, 119, 111, 111, 4, 246, 18, 239,
       112, 161, 198, 219, 231, 89, 236, 183, 115, 126, 229, 119, 239,
       229, 215, 172, 206, 122, 46, 239, 140, 109, 247, 119, 213, 179,
       197, 123, 233, 54, 131, 250, 112, 77, 0, 248, 194, 59, 9, 180, 32,
       254, 153, 23, 255, 250, 188, 69, 223, 190, 216, 170, 196, 125,
       138, 113, 137, 34, 153, 230, 156, 79, 213, 184, 71, 143, 85, 216,
       167, 44, 188, 118, 195, 238, 187, 179, 193, 214, 11, 178, 209, 19,
       48, 218, 235, 21, 76, 181, 223, 81, 163, 172, 53, 156, 157, 72,
       133, 230, 245, 130, 205, 231, 140, 82, 82, 132, 230, 104, 85, 159,
       73, 223, 33, 168, 229, 157, 113, 136, 140, 218, 88, 130, 34, 158,
       185, 107, 177, 184, 66, 158, 23, 64, 151, 140, 138, 102, 75, 231,
       11, 171, 149, 22, 92, 131, 208, 76, 19, 218, 235, 156, 76, 41,
       134, 113, 58, 140, 177, 20, 189, 64, 7, 190, 53, 162, 93, 167, 2,
       2, 155, 129, 166, 108, 21, 158, 236, 210, 1, 130, 243, 80, 120,
       200, 8, 219, 92, 36, 28, 119, 91, 244, 239, 227, 147, 95, 87, 127,
       18, 176, 93, 181, 45, 123, 58, 18, 26, 179, 176, 63, 255, 77, 30,
       150, 64, 215, 203, 213, 228, 2, 176, 176, 153, 235, 225, 185, 71,
       158, 29, 88, 59, 140, 150, 98, 12, 239, 27, 131, 145, 18, 90, 162,
       209, 13, 20, 26, 235, 146, 76, 165, 239, 6, 36, 144, 139, 85, 247,
       186, 74, 30, 39, 89, 19, 140, 222, 111, 204, 217, 27, 147, 17, 6,
       148, 89, 210, 13, 22, 155, 103, 150, 79, 61, 198, 117, 161, 172,
       53, 156, 63, 152, 15, 134, 245, 138, 141, 243, 44, 82, 74, 197,
       199, 121, 149, 157, 73, 255, 0, 201, 103, 221, 57, 140, 108, 152,
       88, 87, 234, 172, 183, 140, 30, 76, 172, 130, 245, 130, 141, 211,
       108, 82, 98, 205, 199, 121, 213, 205, 73, 255, 40, 235, 99, 223,
       116, 140, 104, 144, 92, 198, 138, 239, 184, 226, 0, 185, 198, 62,
       29, 86, 183, 13, 135, 99, 89, 103, 221, 163, 213, 18, 222, 163,
       224, 92, 35, 250, 205, 149, 21, 37, 249, 23, 79, 211, 214, 214,
       130, 175, 226, 184, 128, 90, 194, 61, 235, 177, 0, 126, 237, 19,
       207, 65, 155, 4, 238, 56, 14, 175, 136, 37, 243, 49, 160, 29, 72,
       202, 234, 22, 147, 106, 80, 84, 128, 223, 226, 81, 195, 177, 232,
       122, 168, 22, 250, 201, 179, 44, 202, 242, 205, 167, 128, 191,
       187, 120, 160, 247, 253, 172, 39, 172, 29, 206, 168, 138, 246,
       132, 141, 211, 108, 87, 3, 205, 197, 121, 247, 237, 67, 255, 48,
       235, 89, 205, 60, 136, 127, 90, 94, 142, 151, 182, 208, 225, 244,
       184, 251, 189, 221, 94, 183, 140, 254, 118, 229, 255, 59, 183,
       177, 182, 217, 50, 199, 15, 94, 223, 207, 134, 100, 173, 215, 23,
       50, 234, 193, 102, 43, 233, 83, 127, 243, 87, 246, 157, 139, 218,
       40, 127, 141, 55, 157, 147, 244, 37, 192, 92, 14, 186, 196, 173,
       192, 33, 177, 14, 127, 242, 215, 231, 81, 191, 197, 27, 239, 92,
       167, 236, 252, 255, 140, 255, 123, 147, 131, 192, 114, 174, 234,
       111, 22, 223, 171, 199, 127, 183, 255, 111, 179, 240, 64, 230, 57,
       191, 155, 75, 245, 60, 255, 14, 60, 223, 62, 183, 215, 245, 117,
       149, 98, 237, 192, 94, 93, 109, 254, 239, 255, 215, 213, 57, 78,
       107, 236, 118, 131, 203, 114, 212, 72, 252, 230, 49, 205, 177, 96,
       126, 168, 22, 172, 171, 167, 36, 191, 210, 205, 162, 136, 127,
       139, 112, 249, 3, 181, 98, 139, 245, 243, 186, 111, 95, 73, 93,
       151, 136, 156, 190, 100, 255, 11, 151, 157, 151, 186, 53, 215, 46,
       92, 154, 198, 159, 142, 185, 221, 218, 95, 126, 244, 162, 98, 61,
       55, 177, 198, 94, 167, 125, 63, 39, 83, 38, 247, 61, 227, 232,
       221, 165, 238, 242, 235, 238, 129, 37, 240, 165, 91, 47, 177, 161,
       66, 253, 117, 251, 221, 91, 121, 61, 28, 8, 156, 222, 172, 157,
       139, 151, 157, 151, 50, 184, 240, 63, 92, 151, 238, 207, 87, 219,
       247, 150, 74, 70, 189, 34, 130, 170, 64, 172, 138, 210, 231, 173,
       138, 181, 201, 102, 105, 63, 199, 204, 133, 6, 232, 144, 227, 234,
       130, 45, 181, 57, 141, 87, 246, 173, 165, 140, 78, 31, 184, 18,
       246, 139, 141, 215, 44, 83, 74, 213, 197, 125, 247, 236, 68, 253,
       10, 253, 39, 239, 180, 172, 251, 20, 82, 220, 72, 154, 164, 34,
       74, 127, 80, 165, 134, 214, 163, 31, 151, 97, 91, 102, 245, 127,
       202, 72, 149, 128, 104, 208, 161, 106, 128, 32, 177, 37, 35, 57,
       65, 106, 225, 68, 87, 239, 121, 68, 228, 254, 2, 17, 25, 179, 32,
       122, 156, 23, 233, 201, 179, 53, 156, 115, 205, 163, 133, 119,
       170, 126, 232, 202, 145, 112, 251, 183, 205, 124, 53, 173, 29,
       113, 179, 173, 31, 44, 85, 230, 147, 159, 133, 82, 8, 82, 215,
       175, 248, 26, 203, 22, 132, 133, 27, 52, 102, 12, 37, 8, 31, 86,
       184, 32, 166, 175, 13, 195, 72, 11, 16, 156, 196, 72, 102, 108,
