%YAML:1.0
---
descriptors: !!opencv-matrix
   rows: 49
   cols: 32
   dt: u
   data: [ 11, 182, 251, 251, 118, 167, 185, 115, 126, 105, 125, 114,
       188, 185, 180, 96, 191, 59, 23, 17, 178, 184, 40, 223, 78, 95, 58,
       226, 213, 192, 163, 163, 2, 156, 19, 248, 113, 229, 184, 103, 156,
       9, 72, 18, 188, 151, 32, 224, 236, 59, 147, 1, 19, 155, 16, 223,
       149, 244, 26, 74, 16, 8, 45, 170, 184, 91, 107, 174, 54, 135, 95,
       117, 133, 72, 240, 231, 123, 205, 182, 80, 126, 185, 23, 230, 201,
       171, 2, 189, 242, 233, 162, 136, 61, 154, 120, 89, 10, 138, 34,
       156, 107, 144, 184, 102, 189, 12, 208, 167, 172, 142, 38, 192,
       238, 169, 235, 133, 198, 155, 130, 221, 22, 119, 218, 139, 22, 4,
       45, 223, 40, 10, 66, 253, 116, 139, 233, 115, 85, 12, 246, 66,
       163, 137, 176, 196, 88, 168, 6, 136, 8, 190, 64, 143, 214, 255,
       162, 1, 115, 168, 124, 168, 58, 203, 98, 142, 93, 193, 222, 232,
       143, 68, 201, 143, 104, 204, 63, 132, 216, 235, 195, 199, 78, 43,
       94, 253, 51, 20, 141, 59, 87, 63, 126, 222, 10, 157, 176, 219,
       213, 253, 252, 167, 127, 69, 110, 19, 168, 190, 126, 196, 249,
       139, 163, 17, 86, 56, 114, 247, 47, 220, 150, 75, 211, 76, 197,
       206, 175, 246, 161, 152, 207, 117, 154, 202, 27, 127, 16, 187, 72,
       220, 127, 172, 221, 91, 147, 151, 134, 103, 174, 242, 21, 86, 223,
       175, 215, 125, 55, 215, 157, 2, 195, 237, 102, 34, 233, 88, 117,
       163, 115, 246, 89, 139, 249, 72, 126, 141, 55, 156, 169, 246, 133,
       194, 212, 237, 250, 132, 173, 233, 113, 177, 139, 34, 253, 241,
       102, 40, 185, 83, 59, 51, 117, 242, 157, 15, 220, 43, 47, 25, 247,
       157, 147, 116, 167, 208, 78, 27, 122, 228, 199, 132, 35, 161, 58,
       253, 40, 156, 159, 87, 151, 238, 159, 126, 156, 175, 40, 252, 39,
       1, 221, 83, 219, 227, 238, 43, 58, 255, 115, 87, 157, 191, 87,
       126, 55, 255, 42, 233, 32, 202, 93, 213, 146, 236, 135, 13, 252,
       139, 40, 221, 126, 132, 220, 251, 147, 81, 78, 43, 74, 255, 59,
       84, 140, 123, 83, 14, 222, 222, 135, 143, 64, 171, 222, 145, 174,
       243, 140, 64, 88, 215, 221, 234, 182, 225, 111, 171, 31, 175, 245,
       10, 78, 223, 172, 12, 175, 236, 61, 230, 185, 148, 58, 205, 112,
       92, 91, 209, 146, 234, 215, 196, 228, 11, 106, 252, 39, 180, 90,
       249, 194, 65, 108, 43, 118, 191, 51, 127, 1, 59, 115, 60, 110,
       206, 19, 122, 235, 181, 102, 6, 173, 87, 56, 235, 90, 199, 25,
       140, 215, 40, 46, 47, 23, 141, 197, 152, 164, 202, 68, 13, 186,
       128, 45, 244, 51, 253, 18, 143, 10, 185, 22, 128, 56, 119, 148, 5,
       90, 247, 173, 143, 50, 192, 102, 59, 143, 133, 86, 137, 5, 255,
       224, 37, 186, 193, 52, 132, 173, 89, 11, 23, 107, 201, 244, 183,
       187, 87, 94, 77, 93, 230, 184, 237, 182, 32, 127, 58, 151, 157,
       147, 184, 37, 223, 110, 13, 170, 192, 159, 202, 253, 241, 7, 19,
       107, 201, 246, 147, 235, 85, 94, 65, 94, 166, 153, 205, 182, 100,
       126, 42, 19, 221, 147, 184, 53, 254, 110, 13, 142, 64, 191, 138,
       249, 240, 3, 34, 249, 209, 230, 42, 233, 87, 127, 59, 87, 246,
       157, 15, 220, 40, 111, 29, 23, 157, 147, 252, 165, 208, 78, 31,
       250, 228, 175, 192, 163, 177, 78, 177, 176, 181, 185, 124, 17,
       139, 27, 253, 14, 13, 142, 188, 70, 222, 133, 95, 249, 17, 22, 88,
       243, 128, 207, 117, 93, 247, 130, 108, 13, 95, 49, 204, 107, 250,
       86, 195, 203, 246, 86, 64, 124, 98, 49, 217, 181, 96, 122, 168,
       22, 201, 139, 190, 36, 191, 114, 205, 170, 136, 117, 139, 112,
       232, 27, 135, 91, 232, 178, 163, 185, 115, 189, 73, 95, 230, 93,
       239, 184, 96, 126, 187, 23, 172, 147, 153, 36, 223, 250, 237, 170,
       192, 61, 130, 161, 241, 41, 136, 18, 89, 85, 157, 96, 70, 255, 13,
       100, 17, 174, 129, 34, 212, 200, 40, 130, 12, 6, 188, 82, 29, 135,
       253, 18, 67, 82, 12, 72, 206, 11, 183, 96, 171, 244, 151, 187,
       127, 30, 73, 93, 247, 189, 14, 190, 96, 126, 155, 151, 149, 151,
       152, 36, 215, 110, 93, 186, 196, 159, 142, 181, 253, 27, 149, 74,
       232, 182, 130, 234, 119, 149, 73, 223, 102, 89, 251, 184, 96, 126,
       171, 31, 173, 219, 155, 4, 223, 250, 237, 170, 200, 63, 138, 177,
       145, 130, 203, 6, 157, 31, 129, 172, 229, 156, 0, 82, 199, 172,
       138, 52, 197, 238, 43, 51, 197, 70, 152, 6, 253, 36, 48, 154, 130,
       20, 28, 185, 140, 2, 148, 16, 139, 215, 247, 186, 202, 15, 5, 91,
       7, 140, 106, 46, 196, 219, 11, 131, 17, 22, 152, 89, 223, 47, 20,
       154, 71, 154, 79, 61, 214, 17, 135, 127, 235, 22, 162, 107, 115,
       252, 65, 95, 198, 93, 195, 184, 96, 118, 171, 31, 188, 147, 153,
       52, 223, 254, 239, 170, 192, 189, 130, 161, 49, 42, 177, 120, 72,
       121, 221, 211, 121, 79, 108, 188, 45, 170, 157, 70, 180, 156, 153,
       223, 112, 207, 43, 114, 149, 91, 89, 1, 127, 82, 14, 78, 247, 19,
       151, 106, 235, 182, 162, 235, 123, 21, 9, 221, 246, 89, 107, 184,
       96, 126, 171, 23, 189, 154, 154, 109, 223, 250, 237, 170, 200,
       189, 138, 240, 161, 187, 86, 110, 236, 103, 118, 253, 82, 133, 78,
       214, 231, 57, 61, 179, 235, 110, 177, 159, 239, 237, 183, 37, 200,
       210, 233, 234, 129, 63, 253, 124, 253, 47, 54, 232, 235, 124, 161,
       202, 90, 87, 105, 253, 234, 145, 137, 221, 40, 95, 138, 23, 157,
       155, 50, 77, 179, 78, 221, 187, 252, 221, 203, 80, 145, 58, 63,
       171, 172, 23, 199, 147, 99, 142, 237, 220, 175, 46, 253, 54, 0,
       252, 185, 223, 33, 140, 187, 48, 191, 243, 85, 139, 187, 7, 47,
       21, 219, 187, 74, 114, 75, 87, 144, 248, 69, 127, 5, 245, 150, 40,
       10, 183, 252, 106, 169, 166, 156, 150, 190, 101, 243, 22, 125,
       146, 67, 255, 142, 233, 204, 15, 93, 186, 187, 183, 247, 190, 223,
       31, 201, 94, 119, 188, 254, 239, 104, 247, 123, 151, 209, 183,
       152, 57, 250, 174, 95, 191, 135, 158, 95, 169, 223, 4, 28, 115,
       91, 244, 239, 163, 147, 95, 5, 127, 2, 216, 125, 181, 108, 127,
       58, 18, 26, 147, 184, 127, 246, 13, 30, 150, 66, 215, 203, 212,
       229, 53, 7, 105, 235, 254, 163, 203, 88, 87, 73, 221, 230, 81,
       203, 185, 96, 126, 138, 23, 189, 154, 178, 109, 255, 218, 205,
       170, 204, 181, 203, 112, 161, 87, 122, 166, 176, 162, 130, 188,
       194, 170, 254, 26, 231, 141, 142, 83, 11, 167, 253, 253, 215, 133,
       93, 134, 224, 152, 80, 239, 230, 172, 53, 47, 93, 111, 51, 235,
       69, 244, 60, 253, 91, 107, 237, 125, 239, 24, 172, 215, 62, 159,
       78, 23, 29, 149, 122, 228, 192, 126, 93, 175, 172, 207, 238, 218,
       213, 186, 52, 43, 172, 55, 199, 155, 127, 29, 77, 220, 175, 46,
       221, 50, 0, 254, 185, 223, 33, 170, 143, 48, 159, 243, 213, 171,
       155, 7, 14, 53, 123, 75, 152, 114, 64, 119, 249, 114, 195, 111,
       81, 110, 42, 46, 146, 230, 244, 163, 154, 186, 24, 23, 185, 181,
       245, 22, 29, 16, 75, 174, 141, 233, 87, 31, 156, 68, 185, 177,
       182, 122, 178, 183, 89, 223, 215, 205, 107, 50, 197, 229, 163,
       159, 189, 191, 136, 95, 253, 238, 127, 154, 197, 190, 133, 185,
       82, 11, 28, 241, 83, 181, 253, 163, 134, 95, 15, 122, 82, 168, 60,
       245, 172, 121, 122, 178, 152, 179, 188, 119, 243, 45, 94, 22, 2,
       215, 221, 117, 236, 142, 151, 36, 154, 159, 241, 154, 235, 159,
       125, 157, 187, 140, 124, 110, 133, 205, 19, 159, 177, 54, 9, 75,
       255, 187, 87, 159, 247, 151, 77, 157, 87, 142, 148, 54, 186, 191,
       245, 56, 202, 159, 93, 31, 17, 204, 255, 43, 201, 167, 19, 159,
       17, 54, 9, 59, 247, 171, 215, 27, 199, 146, 69, 173, 87, 186, 86,
       104, 169, 62, 195, 155, 92, 21, 109, 212, 191, 143, 29, 154, 0,
       222, 189, 223, 245, 234, 175, 101, 159, 242, 245, 186, 215, 63,
       13, 183, 91, 75, 240, 114, 64, 87, 221, 177, 198, 239, 69, 110,
       31, 12, 220, 110, 244, 178, 169, 178, 84, 151, 191, 54, 215, 23,
       92, 18, 111, 203, 30, 235, 223, 206, 148, 60, 154, 251, 245, 188,
       175, 159, 63, 92, 51, 204, 254, 110, 193, 199, 19, 187, 129, 118,
       94, 90, 247, 63, 87, 223, 239, 144, 68, 173, 215, 174, 112, 176,
