%YAML:1.0
---
descriptors: !!opencv-matrix
   rows: 208
   cols: 32
   dt: u
   data: [ 126, 227, 16, 138, 157, 89, 86, 237, 143, 45, 185, 9, 206,
       218, 76, 212, 216, 151, 239, 241, 94, 11, 203, 209, 187, 212, 143,
       127, 146, 30, 254, 6, 122, 233, 82, 170, 29, 217, 86, 236, 43, 4,
       248, 11, 46, 218, 110, 212, 248, 217, 207, 227, 78, 43, 216, 247,
       187, 213, 142, 123, 115, 22, 238, 14, 211, 217, 6, 190, 2, 150,
       44, 55, 180, 74, 194, 199, 237, 226, 178, 193, 102, 227, 61, 207,
       237, 137, 23, 237, 176, 98, 254, 136, 60, 180, 185, 92, 82, 159,
       30, 190, 146, 128, 61, 55, 180, 13, 206, 231, 109, 231, 34, 81,
       102, 179, 175, 128, 122, 139, 3, 127, 240, 231, 190, 203, 52, 128,
       165, 11, 58, 125, 123, 68, 119, 87, 255, 244, 97, 236, 190, 46,
       43, 31, 151, 52, 62, 244, 213, 234, 201, 179, 48, 253, 115, 217,
       133, 167, 103, 183, 126, 255, 56, 157, 122, 126, 83, 229, 114,
       114, 133, 64, 109, 34, 57, 255, 33, 176, 126, 187, 147, 226, 19,
       139, 58, 127, 115, 237, 32, 11, 123, 3, 110, 186, 168, 221, 126,
       203, 215, 220, 252, 247, 93, 89, 246, 50, 25, 29, 182, 245, 110,
       154, 151, 201, 243, 190, 113, 229, 127, 249, 150, 193, 127, 156,
       250, 187, 58, 252, 106, 122, 119, 241, 248, 198, 223, 65, 220, 51,
       40, 157, 54, 36, 234, 187, 151, 145, 142, 43, 54, 247, 115, 93,
       154, 139, 247, 84, 118, 255, 187, 211, 99, 204, 108, 23, 237, 127,
       221, 78, 212, 22, 11, 140, 182, 101, 126, 168, 23, 237, 205, 191,
       54, 220, 51, 120, 210, 168, 87, 156, 244, 253, 62, 253, 58, 106,
       95, 213, 150, 248, 155, 76, 189, 47, 106, 221, 63, 180, 252, 251,
       215, 227, 238, 35, 58, 255, 123, 93, 13, 191, 95, 63, 62, 215, 41,
       204, 99, 249, 85, 196, 73, 71, 213, 1, 232, 19, 51, 137, 52, 96,
       201, 170, 19, 156, 42, 186, 82, 175, 239, 223, 150, 65, 147, 136,
       240, 138, 5, 138, 143, 151, 80, 143, 161, 232, 182, 176, 66, 70,
       244, 226, 41, 67, 121, 108, 34, 72, 33, 216, 11, 61, 12, 38, 103,
       0, 136, 40, 17, 168, 171, 210, 122, 217, 127, 147, 185, 92, 95,
       77, 85, 183, 236, 204, 190, 100, 254, 185, 183, 197, 230, 182,
       110, 213, 86, 123, 186, 139, 31, 140, 57, 221, 61, 71, 98, 76,
       119, 19, 94, 104, 117, 228, 255, 138, 75, 8, 183, 180, 122, 204,
       134, 238, 236, 179, 109, 142, 114, 253, 129, 5, 103, 191, 126,
       196, 50, 32, 71, 201, 76, 139, 104, 64, 7, 33, 194, 2, 1, 137, 52,
       64, 104, 140, 123, 141, 10, 155, 71, 144, 20, 40, 154, 48, 53,
       136, 112, 136, 36, 128, 134, 158, 93, 199, 160, 232, 150, 180, 64,
       2, 96, 224, 105, 79, 121, 108, 34, 112, 2, 82, 138, 125, 29, 34,
       207, 47, 144, 42, 52, 134, 135, 58, 227, 159, 102, 230, 185, 82,
       63, 207, 81, 247, 60, 254, 247, 41, 255, 253, 183, 133, 161, 254,
       190, 226, 31, 62, 251, 202, 143, 165, 55, 247, 53, 65, 98, 142,
       93, 134, 207, 96, 197, 132, 235, 131, 67, 200, 63, 64, 120, 168,
       2, 111, 72, 163, 20, 140, 177, 44, 130, 24, 117, 191, 112, 192,
       219, 91, 97, 85, 50, 216, 63, 182, 57, 204, 118, 231, 41, 62, 151,
       117, 38, 255, 149, 197, 229, 216, 165, 239, 102, 121, 174, 131,
       47, 180, 7, 127, 3, 0, 97, 129, 100, 153, 232, 80, 237, 65, 148,
       139, 143, 9, 210, 38, 106, 129, 95, 141, 134, 42, 100, 192, 214,
       88, 154, 168, 119, 140, 81, 204, 66, 33, 18, 136, 31, 11, 184, 72,
       173, 0, 195, 11, 140, 136, 36, 196, 250, 153, 75, 97, 4, 3, 131,
       216, 145, 48, 11, 63, 20, 14, 33, 6, 98, 32, 66, 200, 79, 3, 168,
       72, 143, 160, 194, 139, 0, 138, 116, 214, 232, 141, 123, 229, 0,
       19, 211, 208, 21, 56, 139, 58, 21, 10, 114, 132, 68, 168, 134,
       159, 77, 207, 32, 232, 190, 188, 67, 0, 228, 226, 105, 71, 185,
       100, 234, 80, 0, 208, 155, 125, 13, 50, 79, 3, 128, 42, 45, 134,
       239, 218, 121, 205, 170, 31, 31, 186, 19, 238, 150, 236, 219, 61,
       211, 247, 87, 84, 253, 110, 205, 6, 237, 187, 226, 251, 101, 188,
       54, 253, 20, 117, 70, 161, 150, 159, 77, 205, 160, 40, 174, 180,
       67, 2, 228, 226, 108, 198, 240, 101, 106, 208, 6, 65, 155, 221,
       29, 50, 207, 15, 16, 42, 9, 134, 64, 207, 13, 213, 180, 202, 108,
       183, 37, 168, 94, 96, 179, 35, 144, 80, 64, 230, 63, 12, 72, 152,
       65, 46, 239, 174, 244, 129, 0, 216, 212, 40, 105, 205, 193, 69,
       210, 66, 111, 166, 96, 160, 234, 128, 145, 38, 5, 112, 118, 255,
       116, 232, 73, 154, 245, 110, 109, 173, 167, 0, 97, 240, 226, 40,
       21, 111, 115, 45, 150, 31, 231, 254, 109, 228, 122, 70, 38, 73,
       145, 148, 58, 236, 70, 111, 192, 184, 85, 62, 172, 108, 5, 6, 111,
       191, 83, 233, 165, 99, 29, 155, 108, 73, 235, 200, 222, 180, 161,
       28, 199, 194, 219, 27, 90, 108, 106, 126, 98, 99, 238, 112, 220,
       145, 103, 125, 80, 171, 75, 192, 3, 132, 18, 155, 19, 166, 186,
       198, 62, 69, 74, 151, 172, 174, 46, 192, 247, 11, 147, 149, 22,
       156, 17, 215, 12, 54, 154, 195, 156, 4, 41, 222, 115, 200, 111,
       156, 14, 144, 79, 246, 132, 64, 212, 194, 49, 134, 179, 101, 110,
       226, 62, 205, 207, 143, 38, 189, 176, 40, 186, 136, 61, 156, 112,
       124, 2, 132, 19, 157, 81, 230, 56, 2, 61, 1, 67, 19, 172, 22, 36,
       204, 241, 59, 130, 145, 50, 156, 17, 223, 141, 118, 154, 67, 128,
       4, 41, 134, 177, 200, 77, 190, 78, 129, 203, 240, 198, 0, 240,
       206, 51, 201, 177, 65, 74, 224, 70, 206, 201, 47, 78, 189, 240,
       234, 224, 56, 125, 187, 82, 136, 13, 217, 63, 126, 25, 221, 91,
       240, 229, 68, 204, 0, 251, 221, 62, 112, 192, 249, 91, 78, 203,
       139, 58, 189, 235, 249, 4, 8, 90, 130, 102, 122, 64, 162, 141,
       157, 24, 2, 161, 40, 190, 180, 66, 68, 244, 226, 64, 66, 113, 108,
       106, 232, 1, 208, 203, 93, 204, 34, 239, 4, 8, 34, 33, 128, 35,
       195, 32, 137, 212, 135, 196, 109, 77, 4, 112, 198, 132, 8, 52,
       133, 216, 171, 2, 97, 222, 186, 84, 221, 44, 16, 134, 70, 85, 14,
       208, 140, 130, 128, 19, 153, 17, 226, 56, 2, 63, 1, 67, 19, 172,
       146, 36, 204, 241, 25, 131, 145, 54, 156, 1, 215, 141, 182, 154,
       67, 144, 5, 45, 134, 176, 193, 27, 188, 151, 197, 133, 103, 132,
       1, 192, 18, 48, 24, 32, 64, 72, 50, 2, 129, 114, 137, 16, 159, 49,
       32, 154, 72, 53, 8, 180, 42, 41, 128, 41, 248, 77, 181, 193, 31,
       195, 81, 165, 28, 179, 89, 112, 104, 201, 136, 90, 29, 159, 47,
       122, 145, 195, 217, 209, 124, 90, 8, 216, 168, 64, 153, 151, 181,
       165, 140, 180, 39, 236, 139, 74, 64, 172, 179, 32, 66, 160, 55,
       107, 0, 80, 233, 146, 233, 133, 182, 94, 2, 192, 64, 129, 139, 17,
       162, 143, 61, 16, 135, 33, 120, 118, 176, 66, 66, 113, 225, 160,
       97, 112, 108, 34, 168, 1, 216, 15, 29, 76, 163, 117, 4, 32, 40,
       32, 168, 9, 34, 135, 173, 10, 11, 33, 24, 38, 176, 66, 68, 213,
       131, 192, 66, 112, 44, 106, 72, 1, 208, 199, 29, 68, 160, 251, 36,
       40, 160, 1, 168, 17, 28, 203, 253, 52, 167, 235, 86, 94, 203, 90,
       230, 185, 255, 177, 96, 127, 235, 23, 157, 187, 156, 36, 255, 184,
       207, 190, 128, 189, 217, 49, 185, 17, 30, 251, 255, 118, 231, 239,
       118, 30, 203, 94, 230, 189, 255, 177, 96, 127, 122, 23, 137, 163,
       186, 32, 255, 244, 175, 190, 128, 181, 219, 49, 249, 126, 187,
       208, 168, 189, 157, 82, 249, 7, 173, 184, 109, 15, 202, 70, 148,
       220, 255, 205, 113, 30, 43, 200, 190, 186, 213, 133, 255, 250, 46,
       206, 23, 188, 247, 114, 234, 245, 211, 86, 253, 19, 12, 253, 43,
       43, 223, 42, 144, 120, 184, 135, 114, 94, 186, 72, 159, 251, 205,
       165, 237, 115, 142, 238, 131, 32, 32, 73, 201, 76, 139, 225, 64,
       76, 32, 192, 2, 16, 136, 20, 64, 104, 140, 106, 193, 8, 187, 197,
       80, 20, 0, 146, 48, 21, 8, 112, 136, 32, 160, 134, 156, 89, 195,
       160, 104, 150, 176, 64, 2, 96, 240, 106, 66, 216, 108, 226, 112,
       6, 211, 155, 29, 13, 34, 79, 47, 16, 42, 53, 134, 1, 216, 123, 91,
       100, 205, 233, 148, 126, 29, 118, 32, 176, 215, 189, 108, 26, 56,
