%YAML:1.0
---
descriptors: !!opencv-matrix
   rows: 143
   cols: 32
   dt: u
   data: [ 37, 204, 139, 115, 148, 14, 231, 181, 116, 67, 227, 84, 211,
       96, 25, 113, 89, 198, 10, 26, 249, 252, 125, 46, 237, 191, 212,
       64, 200, 249, 208, 40, 255, 82, 255, 228, 34, 94, 93, 16, 105,
       238, 182, 175, 91, 31, 215, 123, 166, 213, 253, 231, 237, 199,
       181, 200, 211, 251, 239, 150, 103, 181, 102, 115, 106, 141, 124,
       94, 253, 213, 150, 231, 223, 93, 252, 10, 40, 254, 38, 244, 201,
       251, 179, 192, 118, 43, 106, 247, 63, 127, 158, 123, 83, 76, 237,
       239, 2, 158, 150, 157, 57, 178, 184, 55, 159, 93, 82, 247, 236,
       174, 166, 197, 199, 63, 191, 133, 182, 216, 3, 253, 14, 118, 218,
       195, 22, 4, 173, 221, 59, 71, 98, 13, 116, 19, 238, 120, 85, 172,
       252, 239, 97, 72, 183, 132, 124, 168, 134, 239, 204, 178, 101,
       158, 54, 12, 161, 160, 127, 190, 120, 197, 206, 172, 182, 214,
       253, 240, 254, 231, 191, 187, 246, 50, 236, 254, 246, 205, 235,
       255, 255, 145, 54, 127, 235, 243, 159, 214, 223, 235, 135, 124,
       253, 239, 8, 187, 58, 88, 248, 141, 243, 247, 255, 13, 124, 45,
       190, 159, 198, 52, 190, 59, 87, 92, 210, 59, 160, 127, 127, 221,
       54, 234, 210, 136, 231, 251, 222, 120, 190, 246, 107, 116, 93,
       216, 179, 254, 180, 189, 239, 247, 75, 159, 239, 245, 237, 194,
       40, 71, 250, 160, 211, 243, 95, 191, 162, 117, 38, 115, 172, 239,
       254, 91, 222, 173, 183, 214, 62, 191, 255, 51, 209, 253, 79, 73,
       111, 222, 107, 218, 50, 247, 203, 114, 127, 143, 119, 69, 193,
       251, 238, 195, 214, 197, 4, 158, 136, 3, 6, 236, 158, 178, 131,
       17, 198, 226, 40, 83, 217, 229, 104, 226, 120, 71, 75, 127, 176,
       162, 207, 28, 16, 115, 163, 2, 9, 18, 123, 105, 112, 174, 105, 18,
       45, 13, 127, 100, 159, 23, 128, 116, 38, 56, 23, 12, 129, 184, 97,
       77, 198, 253, 50, 192, 74, 130, 67, 249, 222, 217, 54, 190, 171,
       85, 31, 253, 165, 222, 132, 185, 255, 87, 42, 83, 230, 241, 221,
       230, 104, 71, 58, 189, 243, 211, 239, 187, 54, 181, 173, 123, 218,
       216, 158, 222, 45, 78, 84, 165, 187, 24, 130, 17, 238, 210, 6, 91,
       226, 245, 253, 66, 108, 205, 155, 225, 219, 179, 94, 83, 0, 53,
       173, 10, 61, 223, 111, 234, 54, 147, 235, 248, 101, 233, 254, 230,
       123, 233, 189, 32, 126, 228, 95, 255, 233, 187, 45, 254, 250, 237,
       167, 196, 255, 250, 112, 121, 21, 69, 83, 103, 50, 14, 111, 184,
       116, 160, 107, 64, 215, 115, 169, 96, 50, 124, 12, 234, 105, 176,
       9, 14, 224, 174, 37, 4, 104, 179, 33, 32, 66, 162, 253, 253, 110,
       202, 249, 24, 139, 148, 86, 227, 253, 205, 212, 2, 54, 253, 245,
       177, 130, 96, 142, 221, 78, 243, 235, 141, 37, 160, 21, 113, 53,
       137, 150, 94, 165, 31, 84, 230, 125, 155, 118, 88, 14, 56, 36,
       191, 169, 218, 4, 24, 157, 248, 19, 224, 171, 250, 84, 66, 202,
       89, 202, 15, 101, 77, 81, 231, 116, 10, 110, 168, 108, 32, 107,
       72, 215, 97, 153, 80, 58, 204, 34, 110, 65, 176, 205, 109, 164,
       172, 35, 4, 68, 187, 83, 160, 237, 191, 120, 114, 181, 125, 215,
       179, 121, 110, 61, 60, 219, 125, 159, 177, 159, 210, 212, 42, 189,
       36, 120, 174, 235, 223, 37, 243, 194, 239, 206, 119, 5, 97, 217,
       103, 36, 11, 103, 56, 100, 160, 107, 64, 215, 99, 153, 112, 18,
       76, 108, 110, 65, 176, 205, 45, 228, 174, 37, 0, 96, 179, 66, 32,
       198, 168, 134, 154, 137, 185, 144, 207, 158, 155, 129, 25, 236,
       226, 104, 143, 129, 99, 234, 17, 54, 79, 202, 181, 152, 18, 95,
       123, 144, 76, 137, 14, 66, 190, 150, 188, 139, 184, 60, 103, 190,
       23, 130, 181, 172, 166, 102, 219, 167, 35, 234, 133, 54, 77, 130,
       115, 156, 50, 94, 219, 128, 68, 175, 95, 41, 176, 57, 120, 109,
       221, 209, 87, 207, 121, 36, 28, 190, 157, 18, 48, 204, 42, 91, 12,
       147, 47, 114, 149, 199, 217, 16, 122, 90, 8, 82, 250, 210, 172,
       134, 191, 141, 169, 236, 143, 190, 23, 131, 211, 173, 226, 80,
       203, 107, 167, 106, 149, 58, 207, 203, 243, 156, 178, 223, 88,
       132, 76, 177, 8, 187, 191, 254, 255, 199, 253, 252, 255, 63, 71,
       124, 23, 109, 239, 126, 8, 255, 235, 183, 149, 182, 254, 59, 247,
       223, 223, 223, 107, 183, 204, 239, 222, 185, 205, 98, 237, 23,
       151, 239, 248, 85, 96, 254, 2, 123, 88, 51, 164, 120, 232, 18,
       239, 239, 186, 61, 255, 247, 77, 131, 0, 127, 190, 120, 140, 253,
       223, 103, 238, 190, 19, 78, 252, 245, 232, 255, 238, 91, 233, 185,
       161, 126, 230, 127, 238, 249, 171, 45, 189, 242, 235, 231, 148,
       63, 251, 240, 121, 10, 181, 177, 217, 245, 245, 185, 71, 31, 93,
       93, 51, 140, 190, 102, 204, 239, 27, 151, 145, 178, 152, 48, 214,
       15, 84, 154, 227, 150, 76, 165, 255, 222, 92, 190, 188, 43, 114,
       188, 98, 189, 198, 198, 179, 108, 254, 39, 239, 230, 117, 253,
       227, 228, 199, 54, 232, 211, 115, 74, 139, 6, 117, 45, 95, 58,
       221, 123, 200, 119, 221, 123, 118, 173, 76, 124, 43, 60, 159, 182,
       112, 238, 187, 151, 204, 195, 187, 48, 255, 119, 93, 0, 171, 55,
       142, 118, 251, 195, 186, 133, 145, 170, 120, 188, 159, 190, 251,
       18, 245, 140, 38, 194, 238, 167, 71, 252, 149, 183, 92, 167, 226,
       140, 50, 126, 198, 140, 84, 137, 93, 124, 89, 20, 110, 155, 221,
       86, 236, 239, 176, 173, 40, 126, 87, 45, 183, 130, 240, 236, 98,
       75, 35, 123, 189, 179, 248, 69, 59, 122, 59, 78, 63, 220, 220,
       158, 190, 170, 164, 61, 191, 190, 26, 150, 50, 92, 247, 105, 75,
       247, 87, 189, 179, 98, 69, 154, 115, 249, 163, 255, 222, 144, 113,
       161, 35, 178, 191, 227, 6, 223, 119, 182, 239, 91, 231, 120, 223,
       104, 236, 118, 2, 253, 255, 179, 167, 244, 123, 190, 235, 63, 14,
       223, 43, 253, 126, 214, 222, 36, 227, 10, 28, 221, 153, 150, 237,
       211, 132, 232, 9, 98, 224, 110, 148, 216, 232, 130, 98, 94, 35,
       202, 63, 58, 150, 5, 127, 81, 59, 250, 134, 86, 174, 142, 62, 137,
       50, 16, 207, 190, 191, 130, 57, 238, 226, 70, 219, 193, 103, 232,
       145, 62, 79, 139, 51, 154, 115, 95, 127, 144, 100, 175, 78, 21, 0,
       74, 37, 48, 10, 106, 24, 116, 160, 99, 192, 209, 99, 185, 64, 114,
       44, 34, 238, 33, 144, 13, 14, 164, 174, 163, 4, 40, 162, 104, 128,
       32, 139, 26, 108, 48, 137, 97, 55, 236, 8, 106, 8, 183, 129, 160,
       16, 130, 32, 78, 8, 64, 169, 2, 29, 224, 180, 32, 16, 80, 138, 66,
       41, 43, 141, 107, 73, 117, 223, 235, 103, 93, 64, 124, 2, 57, 157,
       52, 164, 250, 186, 19, 140, 195, 186, 48, 255, 119, 93, 154, 0,
       87, 140, 246, 236, 59, 237, 35, 136, 93, 215, 207, 239, 85, 76,
       220, 2, 42, 200, 54, 228, 248, 170, 151, 237, 239, 171, 48, 255,
       187, 92, 135, 75, 87, 140, 252, 236, 34, 165, 188, 219, 237, 213,
       188, 239, 94, 61, 92, 16, 172, 190, 110, 97, 201, 59, 179, 0, 118,
       250, 115, 241, 239, 219, 222, 107, 144, 88, 221, 139, 110, 181,
       180, 250, 253, 237, 176, 207, 251, 59, 61, 56, 206, 253, 110, 154,
       191, 19, 243, 17, 50, 107, 218, 215, 127, 95, 23, 127, 210, 76,
       207, 147, 206, 62, 182, 48, 233, 60, 124, 135, 187, 255, 38, 61,
       207, 191, 67, 219, 135, 119, 253, 21, 52, 77, 211, 194, 223, 243,
       95, 239, 138, 117, 143, 83, 216, 94, 190, 244, 169, 60, 92, 23,
       185, 222, 134, 53, 255, 63, 3, 91, 231, 231, 253, 134, 236, 197,
       195, 194, 210, 251, 246, 145, 162, 244, 13, 91, 222, 120, 254,
       254, 43, 116, 28, 202, 187, 214, 164, 185, 238, 255, 79, 91, 167,
       253, 253, 130, 44, 71, 138, 226, 211, 243, 95, 191, 130, 117, 47,
       83, 205, 120, 145, 87, 65, 92, 103, 152, 113, 242, 101, 24, 255,
       211, 201, 191, 16, 92, 100, 106, 105, 244, 250, 34, 135, 233, 65,
       38, 106, 179, 66, 160, 148, 140, 221, 113, 150, 74, 103, 171, 124,
       194, 114, 34, 115, 113, 137, 113, 51, 230, 78, 42, 113, 240, 109,
       46, 253, 175, 103, 68, 225, 240, 100, 43, 32, 3, 172, 181, 236,
       15, 197, 39, 90, 191, 216, 221, 135, 40, 18, 9, 217, 238, 103, 5,
