%YAML:1.0
---
descriptors: !!opencv-matrix
   rows: 156
   cols: 32
   dt: u
   data: [ 81, 205, 95, 101, 176, 14, 71, 53, 228, 136, 174, 96, 247,
       115, 128, 115, 50, 230, 108, 106, 201, 169, 1, 44, 224, 169, 101,
       16, 104, 178, 192, 41, 151, 123, 227, 130, 230, 194, 191, 80, 136,
       192, 81, 231, 29, 222, 245, 11, 110, 249, 23, 215, 209, 211, 190,
       192, 20, 8, 239, 170, 45, 255, 49, 213, 138, 178, 50, 249, 117,
       175, 248, 83, 31, 13, 118, 23, 172, 155, 54, 73, 255, 43, 183,
       149, 150, 252, 19, 213, 94, 219, 218, 195, 30, 12, 121, 219, 130,
       184, 179, 217, 113, 247, 177, 67, 63, 77, 83, 16, 172, 254, 36,
       236, 239, 59, 147, 145, 183, 220, 50, 247, 13, 54, 26, 194, 144,
       4, 37, 255, 125, 103, 249, 101, 172, 14, 79, 184, 96, 232, 190,
       108, 211, 97, 153, 50, 30, 196, 124, 110, 201, 240, 233, 44, 230,
       239, 101, 148, 109, 251, 66, 97, 138, 184, 186, 155, 215, 245,
       184, 67, 62, 79, 85, 19, 172, 255, 98, 72, 239, 59, 179, 145, 54,
       158, 18, 243, 79, 55, 154, 203, 146, 76, 189, 211, 98, 237, 19,
       190, 25, 193, 22, 232, 159, 4, 168, 9, 230, 242, 41, 148, 217,
       251, 202, 67, 110, 3, 90, 63, 177, 150, 13, 59, 80, 63, 174, 6,
       215, 135, 204, 181, 150, 2, 108, 185, 50, 182, 214, 215, 193, 98,
       155, 75, 125, 228, 63, 253, 236, 212, 205, 142, 188, 107, 239,
       132, 173, 228, 120, 192, 184, 125, 123, 116, 112, 205, 85, 87,
       177, 14, 102, 40, 63, 151, 1, 49, 168, 186, 213, 0, 104, 158, 48,
       10, 243, 201, 48, 9, 96, 208, 230, 123, 58, 26, 98, 44, 117, 127,
       250, 114, 117, 108, 246, 175, 43, 140, 183, 132, 238, 237, 215,
       231, 140, 191, 101, 189, 82, 125, 160, 131, 111, 141, 126, 223,
       116, 191, 249, 117, 146, 111, 71, 191, 114, 171, 190, 88, 83, 53,
       192, 48, 61, 222, 108, 42, 249, 248, 249, 46, 253, 142, 117, 116,
       225, 248, 198, 41, 177, 77, 95, 188, 86, 130, 108, 96, 85, 66,
       242, 70, 115, 2, 36, 213, 104, 160, 6, 234, 105, 191, 21, 205,
       176, 234, 194, 0, 61, 136, 112, 168, 195, 34, 76, 189, 56, 11,
       232, 25, 63, 180, 82, 213, 217, 138, 214, 83, 22, 13, 125, 237,
       164, 220, 199, 220, 196, 123, 235, 164, 44, 164, 91, 80, 213, 80,
       255, 228, 42, 110, 127, 24, 48, 206, 183, 183, 87, 127, 155, 123,
       118, 213, 125, 238, 233, 197, 181, 10, 211, 235, 227, 132, 45,
       243, 102, 115, 227, 184, 171, 223, 113, 245, 249, 7, 63, 77, 214,
       29, 160, 159, 22, 220, 205, 63, 187, 157, 179, 222, 243, 243, 7,
       62, 154, 194, 138, 4, 240, 255, 1, 160, 231, 213, 20, 26, 232, 56,
       127, 192, 114, 66, 243, 232, 148, 228, 122, 236, 54, 173, 141,
       240, 239, 221, 12, 62, 227, 4, 109, 168, 88, 4, 200, 118, 216,
       253, 110, 107, 177, 10, 31, 167, 118, 184, 205, 255, 192, 8, 23,
       29, 230, 16, 32, 244, 231, 210, 76, 183, 113, 191, 196, 232, 7,
       169, 132, 205, 90, 179, 198, 171, 54, 231, 188, 50, 106, 123, 86,
       241, 45, 89, 179, 239, 35, 2, 112, 252, 8, 119, 124, 166, 117,
       103, 249, 121, 193, 131, 108, 17, 156, 119, 137, 124, 117, 25,
       170, 189, 175, 25, 222, 247, 72, 154, 133, 22, 235, 24, 16, 105,
       219, 64, 207, 255, 117, 93, 194, 226, 198, 99, 250, 58, 230, 24,
       75, 240, 216, 67, 235, 87, 180, 189, 42, 140, 87, 159, 175, 163,
       253, 149, 142, 111, 182, 209, 19, 121, 80, 187, 199, 68, 110, 95,
       53, 134, 229, 85, 212, 26, 230, 184, 116, 130, 250, 66, 243, 104,
       157, 229, 121, 228, 46, 43, 237, 240, 109, 143, 62, 46, 229, 4,
       239, 234, 88, 164, 126, 28, 182, 190, 141, 245, 20, 199, 143, 159,
       133, 11, 110, 254, 103, 223, 201, 243, 249, 131, 30, 75, 186, 241,
       147, 243, 223, 59, 146, 127, 188, 70, 139, 19, 103, 233, 38, 147,
       189, 119, 77, 88, 86, 247, 153, 28, 182, 109, 238, 25, 151, 173,
       244, 156, 37, 221, 70, 123, 250, 194, 55, 140, 177, 245, 234, 159,
       102, 28, 121, 210, 152, 103, 145, 204, 254, 175, 40, 204, 54, 85,
       204, 183, 255, 129, 252, 171, 226, 207, 58, 112, 158, 203, 71, 12,
       252, 95, 83, 89, 79, 12, 66, 182, 110, 112, 229, 64, 254, 198,
       113, 226, 183, 244, 118, 164, 62, 238, 141, 147, 23, 124, 48, 46,
       234, 128, 63, 179, 40, 29, 99, 157, 108, 29, 253, 221, 188, 47,
       75, 125, 92, 173, 168, 60, 22, 197, 142, 35, 211, 5, 182, 42, 119,
       221, 39, 63, 88, 187, 87, 76, 223, 223, 63, 120, 203, 134, 102,
       54, 238, 112, 49, 202, 223, 207, 113, 237, 183, 134, 126, 236, 55,
       239, 141, 211, 156, 233, 114, 47, 233, 136, 47, 255, 122, 217,
       107, 189, 101, 65, 253, 255, 248, 175, 123, 127, 58, 25, 8, 60,
       86, 180, 143, 23, 247, 17, 246, 120, 245, 215, 63, 94, 157, 231,
       71, 68, 223, 223, 77, 122, 233, 101, 98, 26, 127, 148, 51, 238,
       86, 252, 153, 7, 211, 184, 55, 93, 181, 158, 197, 212, 173, 34,
       70, 207, 53, 164, 174, 247, 10, 241, 50, 105, 72, 232, 92, 129,
       74, 72, 13, 0, 224, 139, 167, 139, 117, 80, 216, 153, 75, 247, 74,
       3, 66, 208, 176, 144, 138, 56, 20, 10, 114, 138, 33, 0, 87, 133,
       68, 10, 232, 64, 108, 32, 227, 74, 214, 8, 21, 88, 248, 173, 74,
       41, 1, 179, 209, 72, 20, 56, 130, 16, 69, 10, 115, 160, 153, 220,
       63, 254, 1, 70, 71, 181, 245, 74, 231, 80, 119, 119, 40, 113, 113,
       242, 28, 234, 105, 141, 57, 63, 243, 235, 70, 16, 56, 112, 224,
       58, 58, 17, 114, 225, 87, 23, 250, 112, 77, 36, 254, 3, 11, 31,
       54, 64, 254, 145, 151, 241, 156, 184, 17, 220, 223, 217, 138, 199,
       55, 142, 116, 66, 180, 44, 139, 158, 77, 97, 64, 202, 150, 19,
       225, 27, 98, 224, 97, 73, 217, 170, 34, 128, 42, 119, 74, 51, 21,
       6, 209, 61, 145, 105, 118, 130, 35, 253, 97, 201, 244, 157, 238,
       247, 78, 105, 120, 206, 177, 200, 148, 180, 94, 170, 22, 93, 215,
       186, 116, 255, 60, 28, 167, 248, 125, 138, 210, 189, 70, 239, 134,
       158, 221, 131, 158, 236, 158, 148, 200, 143, 236, 230, 107, 198,
       209, 111, 235, 231, 66, 67, 202, 189, 60, 54, 207, 191, 148, 127,
       181, 222, 96, 64, 83, 137, 72, 139, 105, 72, 44, 0, 226, 2, 148,
       131, 33, 80, 122, 137, 74, 234, 8, 135, 65, 92, 148, 160, 138, 24,
       16, 27, 33, 128, 58, 178, 98, 172, 127, 211, 218, 236, 159, 236,
       244, 171, 45, 222, 54, 132, 254, 249, 215, 229, 206, 111, 162,
       223, 155, 221, 139, 191, 23, 44, 127, 223, 58, 90, 106, 236, 111,
       91, 218, 212, 5, 108, 246, 175, 43, 157, 183, 172, 254, 157, 215,
       199, 140, 183, 36, 189, 82, 249, 176, 147, 119, 159, 126, 223,
       111, 58, 224, 18, 237, 253, 153, 210, 235, 255, 29, 189, 10, 236,
       215, 190, 15, 106, 212, 29, 151, 99, 190, 178, 74, 93, 85, 191,
       207, 213, 222, 213, 218, 156, 59, 184, 59, 224, 25, 35, 172, 85,
       142, 185, 159, 159, 98, 80, 231, 187, 253, 145, 58, 11, 178, 151,
       219, 225, 58, 219, 176, 4, 37, 115, 203, 84, 251, 252, 106, 48,
       188, 22, 185, 67, 86, 243, 221, 191, 181, 107, 230, 119, 189, 141,
       161, 5, 167, 194, 214, 251, 250, 138, 174, 244, 161, 89, 101, 189,
       249, 119, 208, 111, 111, 183, 114, 235, 250, 76, 243, 55, 192, 48,
       29, 254, 100, 184, 185, 248, 249, 46, 237, 142, 117, 208, 233,
       242, 194, 57, 30, 253, 62, 186, 191, 213, 190, 236, 175, 84, 220,
       11, 236, 255, 43, 208, 255, 251, 255, 211, 70, 11, 154, 255, 251,
       247, 143, 123, 146, 86, 175, 219, 208, 156, 63, 181, 146, 174,
       125, 55, 52, 107, 194, 88, 247, 55, 0, 121, 55, 247, 125, 33, 185,
       220, 241, 47, 229, 167, 112, 16, 160, 248, 133, 121, 161, 135, 74,
       185, 84, 137, 235, 115, 92, 0, 112, 86, 189, 131, 176, 33, 122,
       168, 6, 252, 243, 60, 68, 223, 252, 129, 162, 104, 125, 136, 113,
       136, 130, 154, 250, 187, 244, 185, 184, 151, 127, 23, 70, 245,
       173, 204, 246, 104, 231, 59, 163, 21, 182, 252, 39, 243, 78, 119,
       26, 67, 150, 196, 173, 223, 114, 184, 63, 184, 41, 205, 84, 103,
       173, 126, 176, 9, 174, 158, 100, 27, 172, 179, 223, 3, 88, 75,
       210, 209, 147, 208, 91, 59, 16, 8, 7, 91, 228, 124, 159, 118, 40,
