%YAML:1.0
---
descriptors: !!opencv-matrix
   rows: 232
   cols: 32
   dt: u
   data: [ 32, 219, 20, 200, 252, 193, 148, 119, 196, 12, 82, 103, 36,
       157, 160, 64, 200, 50, 139, 193, 218, 41, 0, 253, 48, 48, 186, 75,
       28, 8, 244, 91, 10, 133, 32, 169, 247, 227, 186, 99, 14, 1, 91,
       163, 140, 125, 32, 64, 223, 59, 147, 49, 22, 152, 73, 157, 109,
       85, 138, 199, 148, 14, 149, 83, 3, 129, 56, 201, 149, 147, 182,
       101, 77, 69, 88, 6, 168, 8, 182, 100, 248, 10, 130, 97, 214, 184,
       53, 221, 46, 28, 142, 71, 93, 10, 217, 140, 132, 2, 110, 209, 68,
       40, 233, 81, 124, 21, 87, 246, 145, 11, 245, 73, 104, 136, 38,
       156, 154, 244, 101, 192, 68, 137, 242, 192, 181, 136, 116, 224,
       223, 80, 238, 164, 45, 20, 253, 120, 253, 254, 151, 63, 78, 154,
       119, 91, 254, 197, 255, 231, 236, 231, 191, 202, 210, 123, 239,
       159, 15, 61, 113, 83, 246, 72, 6, 172, 78, 2, 234, 72, 133, 134,
       211, 131, 108, 203, 33, 202, 120, 180, 47, 231, 40, 183, 3, 200,
       148, 182, 202, 11, 21, 47, 56, 128, 254, 32, 214, 204, 77, 98,
       248, 72, 169, 130, 243, 18, 72, 155, 37, 90, 248, 189, 179, 162,
       40, 215, 128, 202, 23, 173, 203, 15, 133, 163, 114, 128, 137, 34,
       216, 185, 102, 168, 232, 81, 125, 19, 117, 86, 157, 136, 209, 105,
       106, 41, 6, 29, 151, 244, 70, 192, 70, 217, 242, 0, 239, 136, 105,
       129, 130, 140, 134, 31, 161, 46, 180, 167, 188, 19, 74, 16, 236,
       38, 4, 207, 225, 119, 169, 1, 48, 220, 19, 109, 5, 50, 90, 66,
       128, 100, 161, 46, 43, 223, 115, 206, 117, 213, 170, 112, 93, 76,
       253, 98, 104, 252, 180, 228, 254, 185, 150, 202, 199, 171, 60,
       255, 55, 221, 170, 170, 23, 46, 117, 253, 64, 160, 143, 157, 8,
       139, 96, 8, 238, 176, 66, 64, 228, 194, 64, 66, 113, 109, 106,
       152, 3, 80, 203, 93, 140, 162, 207, 108, 8, 32, 1, 128, 59, 75,
       98, 142, 118, 147, 203, 112, 69, 196, 213, 134, 107, 200, 183,
       196, 122, 168, 6, 239, 204, 179, 36, 188, 114, 108, 129, 1, 119,
       175, 124, 204, 48, 34, 207, 141, 92, 3, 200, 72, 22, 176, 224, 74,
       65, 136, 52, 72, 88, 172, 98, 161, 8, 251, 195, 221, 20, 34, 219,
       52, 61, 40, 120, 136, 17, 141, 235, 219, 150, 163, 239, 247, 86,
       3, 218, 82, 113, 227, 176, 96, 121, 234, 6, 152, 58, 185, 61, 255,
       249, 175, 182, 64, 181, 202, 240, 168, 20, 15, 79, 218, 150, 163,
       46, 115, 148, 132, 91, 226, 97, 231, 161, 64, 125, 186, 42, 138,
       144, 153, 14, 190, 120, 166, 175, 64, 181, 202, 180, 40, 18, 34,
       87, 173, 78, 3, 168, 72, 110, 176, 194, 74, 13, 139, 80, 75, 98,
       13, 123, 129, 0, 255, 199, 80, 20, 32, 27, 40, 53, 8, 33, 128, 20,
       128, 134, 148, 146, 10, 38, 235, 118, 147, 66, 66, 115, 226, 105,
       73, 121, 110, 34, 176, 34, 249, 143, 31, 248, 166, 119, 68, 161,
       104, 37, 128, 53, 132, 135, 156, 216, 3, 6, 234, 22, 178, 192, 78,
       113, 224, 41, 65, 121, 236, 34, 40, 41, 227, 30, 31, 56, 6, 231,
       60, 185, 104, 48, 168, 176, 32, 206, 141, 78, 35, 232, 76, 86,
       177, 219, 90, 65, 136, 52, 72, 120, 236, 98, 139, 24, 247, 207,
       156, 20, 34, 217, 20, 53, 11, 240, 128, 35, 249, 20, 10, 77, 157,
       146, 200, 206, 120, 177, 78, 184, 216, 127, 167, 200, 9, 82, 103,
       199, 35, 94, 241, 23, 24, 3, 190, 89, 15, 91, 159, 131, 255, 99,
       220, 214, 145, 173, 247, 188, 66, 94, 199, 61, 158, 180, 165, 46,
       59, 19, 205, 227, 153, 54, 255, 48, 12, 158, 128, 111, 148, 243,
       252, 70, 190, 134, 187, 207, 225, 190, 206, 142, 215, 136, 183,
       236, 206, 107, 74, 231, 123, 251, 151, 22, 77, 138, 243, 45, 22,
       159, 239, 148, 95, 181, 219, 57, 133, 99, 204, 220, 163, 197, 127,
       86, 1, 248, 66, 19, 240, 180, 100, 88, 170, 22, 40, 249, 187, 36,
       159, 48, 236, 171, 56, 53, 232, 242, 164, 40, 157, 58, 83, 213,
       220, 229, 167, 127, 1, 106, 18, 186, 185, 116, 64, 233, 187, 2,
       137, 82, 184, 112, 247, 127, 157, 22, 72, 217, 72, 241, 170, 94,
       28, 170, 182, 137, 116, 30, 3, 150, 239, 155, 57, 223, 247, 97,
       74, 197, 247, 253, 147, 24, 71, 218, 162, 219, 247, 239, 159, 128,
       119, 165, 83, 252, 151, 169, 169, 153, 109, 83, 187, 22, 125, 139,
       61, 215, 119, 74, 80, 209, 22, 109, 1, 26, 10, 251, 19, 217, 229,
       163, 125, 144, 8, 148, 83, 131, 50, 178, 185, 101, 181, 176, 84,
       94, 89, 85, 118, 140, 152, 230, 237, 238, 25, 150, 81, 151, 180,
       2, 209, 4, 16, 122, 234, 156, 13, 57, 135, 49, 221, 103, 79, 86,
       38, 231, 246, 84, 130, 122, 66, 113, 113, 188, 100, 120, 238, 18,
       170, 225, 184, 117, 110, 36, 46, 166, 0, 109, 250, 112, 168, 35,
       47, 162, 165, 198, 43, 172, 66, 14, 237, 90, 231, 129, 168, 83,
       14, 108, 111, 55, 205, 148, 218, 133, 160, 148, 0, 235, 164, 173,
       125, 153, 197, 37, 49, 122, 64, 222, 133, 189, 221, 76, 216, 92,
       11, 16, 221, 127, 33, 188, 26, 19, 125, 210, 251, 178, 68, 123, 9,
       37, 236, 199, 154, 241, 243, 35, 124, 90, 214, 115, 157, 126, 116,
       251, 202, 62, 108, 44, 218, 231, 180, 183, 105, 214, 70, 199, 141,
       136, 255, 50, 92, 13, 187, 14, 151, 43, 31, 166, 120, 161, 176,
       239, 113, 156, 202, 154, 242, 16, 187, 12, 220, 119, 139, 223, 89,
       179, 215, 231, 103, 142, 242, 25, 16, 207, 239, 213, 125, 63, 215,
       10, 179, 34, 152, 229, 213, 184, 71, 155, 93, 80, 183, 44, 142,
       126, 140, 238, 59, 147, 145, 150, 11, 178, 209, 31, 20, 154, 235,
       151, 4, 183, 223, 29, 73, 107, 71, 246, 18, 239, 112, 100, 224,
       222, 194, 113, 93, 151, 96, 126, 236, 23, 238, 201, 176, 61, 236,
       118, 45, 167, 128, 47, 187, 112, 248, 134, 132, 160, 183, 213,
       119, 180, 175, 94, 247, 74, 17, 204, 124, 26, 233, 145, 79, 179,
       33, 52, 220, 89, 234, 45, 22, 95, 71, 128, 108, 157, 206, 48, 217,
       90, 140, 46, 129, 149, 247, 132, 68, 208, 167, 52, 148, 162, 64,
       78, 50, 130, 68, 193, 43, 2, 157, 112, 32, 186, 74, 20, 24, 180,
       89, 126, 162, 34, 138, 57, 93, 58, 72, 191, 45, 255, 139, 206,
       206, 46, 212, 252, 157, 239, 227, 14, 131, 233, 215, 211, 117,
       139, 191, 2, 15, 47, 87, 2, 135, 34, 169, 213, 151, 178, 103, 76,
       69, 88, 7, 140, 8, 50, 64, 248, 11, 147, 245, 214, 184, 21, 221,
       44, 85, 138, 71, 93, 14, 189, 214, 14, 32, 162, 129, 69, 255, 168,
       72, 159, 187, 87, 18, 204, 218, 124, 237, 249, 13, 179, 177, 22,
       247, 26, 208, 31, 81, 219, 231, 135, 15, 61, 166, 142, 32, 246,
       193, 71, 114, 249, 64, 105, 179, 115, 146, 28, 30, 93, 191, 126,
       157, 247, 177, 128, 247, 181, 192, 23, 24, 219, 167, 199, 165, 99,
       134, 2, 140, 131, 249, 116, 235, 232, 67, 31, 1, 83, 18, 173, 185,
       32, 96, 123, 40, 23, 24, 50, 188, 33, 223, 143, 238, 154, 192,
       148, 136, 117, 160, 54, 175, 106, 154, 223, 241, 146, 239, 135,
       85, 204, 139, 40, 236, 126, 132, 217, 171, 131, 149, 22, 43, 46,
       245, 59, 20, 141, 107, 215, 14, 254, 214, 63, 80, 234, 74, 103,
       114, 251, 88, 85, 79, 125, 146, 73, 221, 191, 172, 127, 152, 151,
       175, 133, 182, 60, 194, 83, 93, 138, 143, 247, 239, 124, 245, 16,
       162, 143, 157, 26, 3, 32, 72, 54, 176, 66, 70, 113, 226, 224, 72,
       113, 204, 42, 176, 3, 217, 143, 29, 88, 162, 119, 4, 56, 40, 33,
       32, 49, 160, 135, 156, 88, 3, 0, 104, 22, 177, 194, 78, 115, 224,
       160, 9, 89, 108, 34, 44, 41, 243, 31, 28, 24, 34, 245, 52, 113,
       40, 48, 168, 66, 140, 150, 31, 129, 38, 60, 167, 62, 19, 66, 16,
       236, 114, 8, 79, 247, 127, 41, 129, 48, 216, 139, 103, 45, 54,
       222, 67, 128, 112, 165, 10, 3, 143, 104, 155, 246, 149, 184, 119,
       30, 77, 88, 199, 173, 174, 182, 96, 110, 43, 147, 149, 215, 24,
       100, 247, 44, 28, 186, 200, 189, 132, 157, 221, 16, 143, 66, 206,
       150, 167, 111, 115, 132, 133, 219, 198, 105, 227, 176, 64, 120,
       170, 11, 141, 216, 139, 20, 223, 56, 166, 175, 200, 181, 234, 245,
       96, 144, 163, 142, 29, 26, 35, 32, 239, 118, 176, 75, 82, 97, 226,
