%YAML:1.0
---
descriptors: !!opencv-matrix
   rows: 148
   cols: 32
   dt: u
   data: [ 202, 90, 182, 158, 107, 244, 185, 70, 189, 142, 86, 161, 172,
       254, 39, 79, 230, 123, 179, 195, 132, 207, 162, 233, 23, 50, 90,
       139, 6, 117, 37, 223, 35, 217, 99, 205, 124, 151, 238, 253, 71,
       72, 216, 198, 177, 220, 180, 228, 92, 170, 31, 205, 203, 186, 127,
       253, 61, 60, 174, 200, 125, 138, 240, 188, 216, 124, 58, 248, 115,
       233, 17, 71, 189, 13, 164, 57, 63, 159, 32, 16, 162, 187, 205, 16,
       42, 15, 50, 215, 243, 209, 18, 123, 114, 20, 167, 123, 202, 28,
       183, 120, 205, 237, 176, 71, 191, 19, 160, 17, 174, 191, 100, 239,
       129, 51, 235, 17, 50, 109, 146, 243, 155, 242, 86, 123, 210, 76,
       165, 42, 49, 87, 115, 73, 118, 123, 235, 123, 97, 232, 124, 106,
       19, 28, 180, 52, 126, 168, 22, 234, 201, 178, 100, 222, 54, 204,
       160, 132, 119, 138, 114, 245, 32, 189, 123, 249, 252, 203, 241,
       183, 111, 73, 124, 104, 183, 253, 244, 32, 26, 58, 23, 25, 147,
       184, 238, 245, 111, 157, 37, 224, 212, 138, 215, 251, 88, 185,
       187, 252, 59, 204, 17, 7, 171, 1, 166, 24, 190, 151, 64, 82, 166,
       183, 253, 16, 91, 75, 146, 193, 211, 245, 26, 91, 2, 0, 167, 59,
       245, 191, 217, 103, 186, 79, 71, 255, 118, 170, 190, 104, 87, 119,
       201, 48, 55, 222, 108, 106, 123, 58, 233, 63, 249, 140, 37, 116,
       112, 242, 198, 49, 53, 221, 97, 202, 124, 195, 207, 252, 198, 96,
       249, 106, 115, 217, 188, 164, 90, 232, 22, 110, 203, 35, 110, 189,
       56, 140, 165, 252, 127, 186, 112, 165, 65, 38, 157, 117, 176, 46,
       98, 50, 116, 171, 106, 80, 215, 35, 129, 120, 17, 78, 108, 44,
       169, 212, 65, 46, 204, 175, 49, 4, 232, 225, 67, 33, 80, 168, 14,
       172, 24, 139, 0, 103, 164, 33, 234, 9, 230, 162, 0, 82, 104, 230,
       106, 144, 24, 139, 195, 15, 153, 166, 154, 89, 64, 8, 36, 10, 242,
       168, 22, 154, 73, 169, 16, 79, 159, 21, 225, 25, 38, 192, 96, 217,
       233, 171, 234, 17, 30, 107, 130, 49, 145, 16, 80, 123, 208, 8,
       174, 142, 226, 156, 142, 181, 168, 110, 125, 39, 187, 127, 82, 21,
       246, 63, 2, 91, 201, 231, 125, 5, 56, 220, 211, 99, 205, 178, 254,
       194, 136, 120, 148, 91, 59, 16, 108, 205, 117, 23, 249, 123, 85,
       236, 214, 134, 217, 124, 159, 36, 126, 141, 151, 173, 237, 180,
       117, 206, 87, 111, 171, 132, 111, 172, 113, 245, 18, 182, 119,
       245, 58, 59, 156, 119, 29, 167, 250, 255, 239, 45, 128, 5, 63,
       247, 239, 161, 244, 253, 21, 207, 190, 214, 95, 147, 103, 236,
       133, 63, 43, 58, 229, 80, 109, 253, 145, 214, 203, 253, 52, 173,
       154, 156, 214, 174, 141, 50, 214, 21, 135, 105, 246, 176, 79, 91,
       81, 251, 207, 221, 94, 247, 41, 85, 106, 204, 221, 215, 223, 127,
       84, 73, 220, 2, 121, 253, 186, 100, 88, 122, 147, 233, 208, 171,
       116, 157, 119, 45, 166, 153, 55, 222, 212, 234, 36, 32, 211, 201,
       223, 169, 224, 74, 255, 1, 233, 26, 130, 195, 101, 220, 120, 168,
       74, 152, 18, 51, 82, 210, 149, 132, 130, 126, 241, 89, 99, 164,
       39, 157, 225, 203, 244, 243, 235, 254, 87, 97, 249, 230, 209, 108,
       254, 100, 223, 202, 22, 157, 159, 186, 125, 247, 44, 30, 183, 228,
       221, 206, 240, 252, 62, 185, 34, 234, 221, 209, 150, 200, 131, 4,
       205, 138, 42, 221, 113, 132, 216, 250, 147, 211, 90, 43, 218, 189,
       123, 85, 141, 123, 87, 63, 158, 178, 233, 54, 40, 35, 60, 47, 65,
       24, 74, 232, 181, 109, 211, 1, 219, 51, 216, 132, 92, 47, 168,
       102, 233, 28, 197, 217, 161, 188, 90, 175, 82, 81, 56, 204, 53,
       236, 45, 75, 71, 238, 14, 38, 168, 41, 183, 57, 1, 16, 217, 217,
       111, 98, 72, 43, 75, 61, 241, 198, 101, 61, 80, 59, 70, 138, 29,
       19, 252, 165, 162, 46, 125, 61, 45, 186, 127, 229, 223, 59, 139,
       123, 182, 135, 93, 44, 145, 208, 37, 76, 196, 235, 122, 132, 172,
       242, 163, 65, 208, 96, 194, 169, 78, 41, 100, 72, 166, 146, 160,
       11, 167, 195, 65, 88, 121, 137, 106, 130, 74, 39, 194, 80, 213,
       128, 219, 45, 113, 121, 35, 130, 130, 194, 9, 251, 88, 128, 44,
       111, 62, 19, 65, 209, 245, 199, 40, 64, 93, 27, 43, 128, 114, 28,
       203, 87, 229, 166, 186, 236, 16, 0, 165, 168, 17, 130, 229, 85,
       116, 154, 224, 184, 126, 144, 114, 66, 243, 105, 148, 229, 123,
       228, 38, 60, 161, 248, 111, 13, 12, 174, 119, 4, 101, 168, 80,
       168, 217, 157, 27, 105, 176, 174, 102, 55, 117, 8, 110, 84, 191,
       51, 128, 113, 116, 158, 28, 106, 249, 184, 81, 47, 231, 237, 34,
       64, 42, 128, 224, 41, 133, 52, 149, 67, 36, 111, 97, 16, 122, 251,
       35, 88, 214, 21, 201, 191, 145, 28, 104, 58, 49, 244, 249, 2, 133,
       158, 97, 118, 192, 107, 71, 161, 64, 93, 251, 110, 114, 224, 107,
       148, 112, 5, 104, 32, 117, 247, 169, 112, 118, 251, 6, 202, 11,
       146, 184, 107, 117, 173, 34, 8, 112, 243, 36, 105, 80, 213, 191,
       252, 136, 76, 93, 55, 160, 94, 130, 9, 247, 127, 0, 83, 133, 247,
       125, 163, 88, 79, 178, 13, 243, 227, 126, 25, 32, 48, 167, 122,
       92, 177, 188, 161, 170, 73, 17, 156, 162, 53, 133, 57, 215, 119,
       74, 26, 151, 213, 237, 80, 26, 73, 219, 17, 217, 193, 127, 125,
       176, 2, 135, 66, 244, 57, 251, 102, 146, 73, 87, 80, 162, 228,
       166, 9, 119, 183, 65, 18, 162, 244, 109, 82, 24, 107, 184, 42,
       251, 133, 37, 57, 224, 179, 70, 114, 89, 249, 191, 231, 11, 94,
       55, 181, 174, 216, 134, 36, 252, 247, 65, 114, 166, 117, 252, 208,
       65, 201, 179, 96, 249, 227, 111, 146, 42, 34, 35, 59, 180, 15, 67,
       205, 22, 2, 111, 120, 53, 164, 218, 230, 83, 103, 177, 85, 126,
       236, 15, 238, 233, 147, 101, 14, 240, 174, 163, 128, 39, 170, 116,
       96, 92, 164, 188, 97, 138, 107, 81, 11, 50, 183, 175, 24, 151, 51,
       72, 27, 129, 151, 109, 48, 58, 120, 201, 2, 207, 195, 117, 117,
       224, 64, 134, 34, 59, 85, 99, 205, 118, 179, 206, 121, 69, 224,
       217, 230, 115, 200, 181, 164, 126, 168, 23, 239, 205, 179, 60,
       159, 50, 76, 169, 160, 127, 239, 120, 148, 0, 187, 187, 233, 240,
       205, 121, 215, 174, 13, 120, 5, 189, 239, 112, 16, 182, 59, 103,
       17, 18, 184, 178, 117, 109, 157, 38, 232, 208, 130, 199, 251, 93,
       7, 95, 101, 182, 14, 70, 49, 96, 160, 170, 96, 215, 51, 129, 115,
       54, 230, 108, 106, 249, 161, 197, 12, 224, 233, 101, 16, 104, 243,
       72, 33, 244, 106, 146, 142, 200, 3, 70, 237, 60, 162, 227, 74, 70,
       226, 9, 81, 120, 197, 106, 226, 104, 199, 201, 106, 180, 162, 207,
       28, 1, 51, 170, 0, 164, 181, 61, 67, 180, 109, 103, 189, 126, 59,
       47, 24, 214, 53, 200, 60, 145, 22, 106, 56, 51, 120, 121, 55, 109,
       158, 48, 116, 192, 75, 199, 35, 73, 93, 23, 126, 160, 110, 116,
       183, 249, 90, 98, 64, 254, 119, 33, 251, 135, 119, 124, 170, 97,
       193, 49, 109, 163, 251, 118, 2, 88, 112, 163, 59, 24, 169, 18,
       239, 121, 141, 115, 230, 175, 37, 232, 9, 175, 139, 0, 16, 170,
       251, 67, 64, 74, 186, 82, 61, 245, 215, 18, 49, 64, 26, 135, 138,
       120, 9, 17, 238, 21, 219, 70, 112, 7, 160, 238, 8, 175, 33, 1,
       148, 88, 254, 196, 66, 72, 58, 73, 189, 177, 213, 1, 49, 114, 59,
       78, 40, 185, 16, 101, 69, 117, 86, 249, 123, 117, 232, 246, 22,
       27, 29, 150, 164, 126, 156, 183, 173, 169, 182, 117, 206, 87, 249,
       163, 132, 111, 172, 114, 245, 43, 237, 241, 75, 253, 241, 159,
       239, 91, 101, 124, 8, 172, 252, 94, 164, 155, 27, 147, 25, 87, 58,
       250, 247, 47, 28, 28, 127, 215, 94, 215, 238, 208, 213, 110, 239,
       188, 70, 95, 61, 228, 76, 150, 35, 115, 61, 50, 99, 106, 212, 125,
       234, 248, 169, 101, 61, 243, 235, 230, 145, 53, 186, 244, 123,
       143, 190, 178, 249, 243, 181, 57, 215, 95, 31, 84, 119, 172, 250,
       230, 232, 247, 59, 179, 145, 182, 220, 34, 243, 79, 87, 158, 235,
       146, 196, 173, 223, 58, 127, 107, 148, 118, 242, 183, 71, 228,
       196, 222, 163, 33, 188, 183, 96, 110, 187, 151, 69, 196, 187, 36,
       236, 112, 45, 190, 131, 101, 220, 124, 223, 3, 184, 27, 249, 101,
