%YAML:1.0
---
descriptors: !!opencv-matrix
   rows: 188
   cols: 32
   dt: u
   data: [ 235, 178, 254, 88, 105, 253, 88, 87, 251, 95, 180, 60, 46,
       158, 198, 191, 167, 179, 254, 16, 190, 111, 162, 209, 27, 219, 80,
       251, 194, 132, 78, 79, 187, 143, 103, 143, 215, 131, 239, 253, 85,
       64, 218, 230, 107, 105, 176, 229, 122, 170, 23, 239, 249, 187, 45,
       255, 56, 110, 139, 192, 63, 174, 240, 44, 15, 113, 55, 205, 125,
       95, 178, 104, 111, 232, 246, 42, 204, 220, 54, 228, 254, 157, 254,
       99, 197, 243, 251, 220, 63, 124, 11, 255, 83, 47, 111, 215, 181,
       239, 229, 119, 222, 27, 238, 254, 119, 250, 242, 246, 243, 40,
       153, 227, 127, 206, 126, 239, 255, 254, 237, 191, 188, 107, 247,
       132, 237, 248, 240, 141, 3, 193, 106, 201, 149, 147, 182, 229, 77,
       68, 124, 2, 160, 8, 190, 36, 248, 10, 146, 97, 215, 184, 37, 223,
       46, 28, 142, 67, 93, 14, 249, 142, 56, 71, 122, 233, 85, 91, 86,
       116, 85, 36, 255, 139, 27, 13, 178, 48, 120, 156, 134, 226, 236,
       178, 101, 142, 243, 237, 32, 1, 119, 138, 118, 146, 118, 2, 198,
       140, 78, 34, 168, 72, 149, 130, 243, 227, 72, 234, 165, 238, 126,
       253, 46, 166, 8, 247, 135, 202, 20, 38, 203, 142, 183, 47, 48,
       132, 42, 221, 18, 159, 221, 197, 190, 230, 158, 0, 88, 2, 172,
       255, 33, 192, 216, 123, 147, 194, 96, 170, 82, 255, 39, 54, 142,
       11, 22, 127, 53, 154, 238, 32, 226, 197, 87, 50, 248, 64, 57, 130,
       243, 51, 72, 154, 119, 218, 254, 173, 183, 176, 36, 215, 128, 202,
       22, 109, 203, 143, 167, 37, 107, 134, 21, 140, 135, 183, 210, 138,
       39, 232, 54, 179, 66, 70, 116, 226, 41, 65, 121, 110, 34, 32, 33,
       216, 15, 63, 188, 38, 119, 64, 168, 104, 32, 168, 10, 160, 178,
       187, 119, 235, 184, 67, 94, 99, 81, 18, 156, 137, 116, 136, 239,
       57, 147, 17, 146, 252, 10, 215, 77, 95, 26, 231, 214, 12, 33, 129,
       36, 134, 139, 156, 92, 131, 133, 233, 22, 162, 224, 74, 113, 225,
       41, 64, 89, 236, 34, 40, 32, 227, 10, 31, 92, 134, 231, 108, 177,
       40, 112, 160, 0, 32, 223, 173, 30, 139, 160, 72, 62, 144, 66, 66,
       229, 200, 112, 72, 50, 45, 106, 193, 2, 253, 135, 93, 4, 34, 219,
       12, 45, 8, 49, 128, 2, 140, 150, 159, 137, 46, 181, 167, 190, 23,
       66, 17, 236, 114, 6, 79, 161, 119, 170, 1, 48, 220, 27, 97, 13,
       50, 94, 67, 128, 100, 133, 46, 43, 223, 122, 206, 118, 209, 191,
       113, 77, 76, 252, 166, 44, 254, 182, 100, 254, 169, 151, 207, 215,
       187, 44, 255, 54, 125, 170, 171, 31, 158, 253, 253, 117, 132, 135,
       156, 221, 195, 130, 232, 22, 176, 224, 74, 112, 224, 40, 85, 121,
       236, 34, 56, 41, 227, 14, 63, 57, 38, 215, 124, 185, 40, 112, 160,
       204, 52, 252, 117, 160, 110, 121, 27, 121, 191, 55, 52, 223, 119,
       203, 91, 151, 20, 125, 60, 184, 244, 225, 2, 207, 251, 117, 148,
       192, 224, 198, 115, 192, 163, 151, 157, 8, 227, 32, 47, 190, 176,
       75, 18, 228, 226, 64, 66, 81, 109, 106, 160, 18, 213, 203, 93,
       141, 162, 207, 45, 0, 32, 129, 0, 128, 33, 222, 173, 30, 171, 160,
       79, 190, 180, 75, 210, 229, 200, 112, 72, 50, 109, 106, 129, 18,
       249, 143, 93, 132, 34, 75, 13, 45, 27, 177, 130, 176, 97, 199,
       156, 30, 35, 193, 108, 86, 165, 227, 10, 99, 224, 64, 8, 121, 236,
       98, 232, 8, 247, 207, 29, 152, 130, 197, 52, 101, 43, 114, 40,
       198, 153, 158, 155, 187, 230, 60, 135, 190, 23, 74, 49, 236, 246,
       104, 74, 231, 119, 171, 145, 50, 220, 155, 245, 141, 50, 223, 195,
       144, 81, 173, 31, 19, 135, 107, 201, 214, 210, 237, 119, 100, 69,
       90, 131, 57, 46, 182, 32, 125, 155, 23, 141, 222, 184, 37, 205,
       110, 46, 190, 192, 37, 196, 245, 220, 182, 44, 71, 203, 206, 35,
       110, 72, 39, 34, 195, 210, 65, 139, 61, 200, 106, 143, 123, 142,
       88, 151, 207, 242, 52, 40, 139, 16, 53, 219, 240, 128, 55, 233,
       98, 158, 95, 217, 150, 232, 198, 68, 201, 143, 99, 200, 55, 0, 88,
       232, 195, 103, 78, 35, 94, 189, 112, 4, 141, 57, 117, 63, 94, 198,
       164, 166, 209, 185, 204, 33, 77, 202, 22, 178, 81, 82, 209, 227,
       233, 9, 89, 200, 34, 186, 123, 118, 75, 18, 12, 130, 231, 108,
       180, 248, 80, 160, 33, 5, 107, 79, 198, 2, 231, 244, 84, 194, 122,
       198, 115, 97, 189, 97, 122, 234, 2, 238, 233, 176, 117, 46, 100,
       172, 164, 0, 125, 250, 112, 184, 86, 236, 154, 186, 27, 228, 147,
       194, 190, 15, 168, 0, 172, 211, 97, 88, 161, 123, 203, 83, 34, 11,
       154, 243, 217, 213, 15, 59, 144, 113, 47, 2, 35, 47, 194, 165,
       196, 47, 168, 194, 78, 225, 90, 207, 128, 168, 87, 10, 236, 111,
       51, 197, 148, 250, 133, 160, 20, 8, 203, 160, 141, 125, 216, 132,
       252, 151, 177, 168, 168, 109, 19, 187, 22, 125, 137, 125, 215,
       117, 74, 80, 213, 151, 237, 17, 26, 8, 251, 23, 201, 245, 33, 252,
       144, 73, 132, 115, 150, 206, 166, 183, 157, 182, 126, 167, 151,
       151, 74, 147, 236, 238, 110, 207, 233, 231, 173, 135, 122, 220,
       11, 239, 171, 246, 223, 71, 164, 125, 181, 70, 131, 51, 18, 153,
       101, 189, 184, 66, 94, 89, 81, 117, 156, 154, 98, 109, 134, 9,
       178, 21, 151, 240, 2, 208, 132, 16, 90, 234, 24, 13, 41, 135, 35,
       124, 82, 214, 115, 149, 58, 244, 235, 200, 188, 108, 60, 218, 231,
       180, 182, 249, 214, 66, 199, 135, 144, 255, 50, 92, 9, 187, 14,
       151, 43, 31, 220, 220, 141, 189, 40, 6, 79, 182, 180, 178, 134,
       197, 213, 103, 1, 83, 69, 245, 125, 238, 105, 197, 81, 47, 229,
       227, 239, 148, 18, 240, 36, 120, 20, 62, 156, 177, 188, 235, 178,
       194, 222, 173, 158, 61, 134, 184, 67, 8, 129, 99, 238, 17, 22,
       105, 17, 50, 200, 215, 57, 119, 216, 73, 29, 83, 154, 41, 238,
       164, 29, 114, 216, 96, 53, 196, 199, 135, 105, 174, 82, 10, 120,
       229, 249, 197, 12, 211, 247, 136, 219, 99, 203, 129, 37, 165, 60,
       82, 134, 169, 208, 147, 245, 172, 168, 199, 63, 17, 112, 19, 140,
       138, 68, 76, 235, 27, 130, 144, 18, 120, 194, 226, 13, 20, 154,
       111, 148, 77, 165, 134, 166, 253, 48, 218, 235, 213, 158, 239,
       155, 122, 152, 59, 76, 220, 110, 165, 157, 59, 211, 71, 242, 47,
       154, 247, 59, 28, 141, 255, 87, 92, 151, 247, 166, 252, 32, 184,
       239, 97, 188, 202, 155, 242, 16, 187, 12, 220, 119, 11, 207, 121,
       243, 231, 230, 103, 158, 243, 17, 18, 207, 255, 29, 125, 63, 215,
       2, 46, 170, 152, 124, 173, 185, 66, 190, 77, 220, 149, 172, 204,
       55, 0, 165, 41, 91, 21, 134, 37, 178, 219, 209, 21, 26, 184, 212,
       13, 53, 213, 151, 171, 204, 183, 238, 10, 110, 248, 54, 242, 210,
       231, 241, 227, 219, 66, 127, 238, 127, 206, 233, 210, 207, 251,
       254, 171, 239, 128, 189, 255, 112, 209, 10, 133, 16, 233, 215,
       227, 58, 35, 7, 5, 79, 3, 236, 59, 32, 196, 81, 59, 147, 176, 18,
       152, 81, 223, 111, 244, 138, 67, 150, 78, 189, 130, 137, 74, 200,
       211, 36, 184, 104, 22, 126, 83, 86, 214, 153, 131, 241, 236, 107,
       8, 50, 156, 131, 188, 103, 226, 78, 203, 146, 64, 190, 136, 105,
       168, 181, 10, 127, 76, 100, 2, 199, 120, 84, 138, 246, 66, 115,
       193, 181, 109, 90, 224, 6, 106, 169, 167, 37, 46, 82, 171, 224, 0,
       119, 185, 112, 161, 49, 92, 125, 77, 110, 7, 199, 127, 68, 34,
       252, 98, 51, 17, 181, 100, 126, 144, 22, 42, 201, 187, 101, 29,
       115, 174, 161, 0, 119, 250, 112, 169, 60, 112, 188, 242, 109, 125,
       81, 216, 203, 251, 181, 24, 223, 223, 75, 59, 141, 209, 253, 18,
       10, 103, 250, 144, 219, 219, 85, 127, 242, 121, 70, 243, 14, 34,
       146, 209, 69, 251, 176, 73, 63, 173, 87, 19, 204, 202, 110, 205,
       249, 41, 163, 177, 20, 244, 11, 208, 31, 19, 203, 199, 130, 14,
       61, 134, 14, 48, 246, 193, 231, 57, 184, 73, 43, 247, 55, 187, 12,
       30, 222, 174, 175, 149, 247, 149, 150, 116, 165, 192, 30, 24, 218,
       231, 231, 68, 111, 215, 8, 136, 10, 249, 20, 235, 171, 115, 30, 1,
       83, 18, 189, 171, 34, 64, 121, 40, 35, 16, 50, 156, 17, 223, 205,
       167, 187, 65, 148, 8, 17, 130, 2, 148, 82, 153, 118, 171, 184, 67,
