%YAML:1.0
---
descriptors: !!opencv-matrix
   rows: 244
   cols: 32
   dt: u
   data: [ 154, 108, 98, 123, 87, 187, 252, 118, 85, 35, 86, 155, 171, 9,
       20, 57, 59, 187, 23, 141, 174, 156, 69, 191, 231, 207, 56, 129,
       119, 221, 223, 138, 10, 174, 162, 187, 215, 241, 190, 199, 31, 71,
       92, 179, 172, 172, 118, 128, 235, 59, 131, 149, 54, 158, 10, 243,
       111, 87, 158, 235, 215, 76, 191, 222, 143, 204, 172, 183, 181, 47,
       191, 172, 30, 251, 3, 19, 253, 255, 91, 75, 145, 79, 51, 95, 114,
       212, 155, 171, 237, 207, 255, 196, 128, 127, 145, 98, 133, 205,
       29, 250, 188, 173, 222, 238, 222, 178, 137, 80, 247, 121, 57, 105,
       217, 115, 26, 99, 127, 101, 25, 63, 171, 159, 223, 52, 152, 123,
       216, 10, 1, 206, 3, 191, 92, 139, 173, 239, 94, 66, 90, 199, 229,
       232, 51, 192, 121, 42, 42, 77, 195, 184, 71, 255, 164, 6, 158, 0,
       29, 30, 249, 204, 61, 253, 100, 67, 149, 211, 199, 255, 87, 236,
       252, 175, 99, 125, 158, 164, 25, 202, 151, 127, 255, 248, 109,
       191, 106, 207, 165, 213, 111, 158, 216, 126, 253, 65, 237, 119,
       140, 79, 77, 169, 86, 242, 163, 10, 211, 120, 89, 107, 89, 196,
       125, 239, 233, 101, 255, 40, 245, 203, 229, 52, 101, 121, 208,
       106, 255, 185, 46, 144, 159, 213, 213, 115, 159, 253, 149, 63, 10,
       220, 246, 167, 237, 163, 255, 149, 255, 111, 190, 214, 187, 89,
       207, 255, 43, 12, 252, 87, 165, 110, 124, 87, 228, 47, 231, 84,
       93, 174, 116, 72, 243, 105, 213, 43, 157, 220, 70, 106, 225, 244,
       109, 40, 103, 155, 101, 48, 73, 248, 86, 169, 220, 176, 252, 242,
       171, 96, 24, 216, 187, 180, 165, 57, 31, 223, 67, 218, 231, 213,
       253, 146, 46, 67, 154, 48, 219, 199, 127, 127, 162, 161, 47, 83,
       61, 98, 195, 237, 76, 50, 203, 88, 81, 192, 213, 226, 83, 73, 249,
       43, 120, 204, 22, 255, 137, 226, 237, 136, 210, 105, 227, 188,
       255, 251, 114, 160, 100, 132, 135, 156, 220, 3, 134, 239, 22, 178,
       192, 154, 96, 224, 33, 193, 89, 230, 42, 174, 32, 111, 94, 191,
       56, 38, 223, 125, 145, 104, 112, 8, 2, 168, 151, 149, 94, 139,
       168, 107, 158, 177, 82, 66, 236, 232, 116, 74, 51, 109, 123, 17,
       2, 249, 155, 221, 13, 34, 95, 68, 5, 40, 17, 136, 114, 130, 206,
       156, 92, 3, 72, 111, 23, 181, 210, 26, 96, 232, 52, 201, 89, 239,
       35, 189, 56, 251, 79, 221, 24, 38, 221, 84, 181, 40, 112, 8, 6,
       204, 150, 151, 221, 143, 166, 230, 158, 183, 66, 19, 228, 242,
       100, 79, 233, 111, 34, 83, 118, 216, 27, 253, 45, 22, 95, 67, 144,
       123, 133, 142, 177, 69, 99, 77, 84, 19, 194, 120, 85, 192, 251,
       66, 83, 200, 181, 96, 120, 168, 22, 111, 237, 183, 21, 158, 50,
       44, 161, 4, 125, 171, 120, 132, 203, 182, 253, 255, 236, 160, 253,
       151, 191, 219, 151, 246, 253, 239, 218, 106, 207, 247, 127, 157,
       179, 77, 238, 243, 206, 255, 255, 200, 142, 208, 161, 249, 141,
       142, 253, 255, 236, 168, 109, 183, 255, 211, 119, 246, 253, 239,
       218, 107, 111, 239, 63, 156, 179, 252, 239, 227, 206, 191, 254,
       128, 183, 248, 225, 249, 124, 129, 113, 239, 61, 91, 90, 184, 45,
       101, 255, 137, 223, 127, 10, 208, 190, 213, 253, 98, 12, 32, 201,
       189, 231, 253, 33, 21, 118, 175, 70, 83, 239, 187, 239, 248, 172,
       157, 157, 219, 159, 91, 149, 253, 156, 252, 246, 107, 207, 51,
       255, 21, 183, 75, 170, 243, 251, 123, 255, 250, 158, 236, 213,
       119, 217, 236, 242, 113, 179, 62, 94, 167, 119, 35, 106, 16, 143,
       57, 20, 244, 183, 95, 125, 28, 254, 252, 129, 183, 171, 255, 20,
       87, 226, 212, 201, 14, 93, 189, 241, 119, 183, 124, 119, 183, 114,
       233, 30, 109, 251, 125, 218, 114, 55, 118, 253, 17, 181, 88, 253,
       174, 111, 111, 101, 240, 167, 244, 215, 123, 237, 189, 225, 84,
       185, 95, 94, 191, 115, 238, 148, 77, 219, 125, 211, 55, 23, 254,
       221, 111, 255, 74, 252, 191, 111, 95, 37, 244, 110, 244, 214, 123,
       17, 69, 95, 239, 22, 194, 111, 113, 116, 192, 255, 66, 115, 227,
       177, 96, 122, 172, 46, 234, 233, 177, 13, 14, 240, 239, 162, 0,
       61, 250, 104, 0, 176, 174, 81, 188, 21, 195, 66, 110, 87, 166,
       248, 11, 99, 123, 32, 81, 249, 249, 4, 163, 106, 127, 9, 159, 185,
       198, 131, 103, 113, 40, 116, 10, 253, 67, 69, 71, 101, 26, 111,
       188, 101, 226, 243, 230, 235, 97, 153, 247, 126, 196, 190, 238,
       233, 180, 109, 236, 36, 122, 229, 132, 111, 190, 112, 45, 248, 30,
       214, 117, 181, 170, 80, 162, 181, 134, 242, 117, 35, 41, 5, 223,
       201, 230, 236, 16, 44, 252, 67, 170, 138, 247, 84, 3, 235, 109,
       120, 14, 52, 28, 199, 255, 133, 118, 118, 201, 119, 54, 227, 39,
       99, 105, 33, 159, 249, 214, 160, 130, 60, 243, 27, 187, 178, 230,
       197, 7, 251, 255, 248, 150, 70, 169, 148, 159, 93, 196, 162, 168,
       191, 177, 195, 3, 228, 250, 77, 198, 225, 111, 107, 211, 2, 73,
       203, 241, 13, 50, 223, 111, 144, 35, 33, 142, 76, 164, 181, 241,
       169, 108, 29, 159, 186, 243, 134, 56, 223, 55, 200, 111, 135, 87,
       253, 24, 51, 76, 251, 80, 237, 243, 127, 124, 130, 240, 133, 112,
       203, 247, 111, 190, 172, 212, 189, 255, 191, 95, 222, 247, 189,
       254, 190, 97, 239, 191, 255, 133, 231, 75, 167, 251, 246, 123,
       254, 138, 15, 212, 189, 253, 23, 213, 99, 135, 246, 198, 239, 240,
       52, 200, 91, 198, 89, 110, 191, 100, 126, 237, 23, 255, 229, 144,
       61, 238, 60, 46, 175, 196, 173, 183, 33, 245, 251, 246, 191, 250,
       41, 213, 157, 254, 191, 95, 212, 253, 190, 255, 254, 121, 239,
       219, 253, 149, 239, 79, 178, 243, 219, 91, 254, 254, 159, 84, 39,
       127, 255, 245, 50, 142, 221, 127, 182, 239, 223, 226, 253, 27,
       206, 252, 62, 229, 249, 223, 234, 35, 253, 231, 251, 254, 187,
       119, 15, 63, 83, 125, 171, 134, 51, 217, 99, 206, 119, 212, 190,
       246, 77, 73, 88, 230, 40, 252, 180, 228, 254, 187, 151, 197, 199,
       59, 54, 255, 55, 124, 138, 138, 93, 30, 249, 159, 204, 224, 140,
       183, 173, 44, 111, 188, 150, 191, 135, 17, 245, 247, 89, 74, 145,
       70, 121, 95, 50, 77, 219, 179, 205, 147, 255, 253, 130, 123, 149,
       106, 245, 212, 173, 245, 157, 102, 94, 186, 148, 250, 131, 91, 83,
       127, 25, 99, 217, 213, 125, 163, 109, 197, 217, 140, 251, 235,
       207, 20, 173, 120, 88, 18, 34, 207, 194, 173, 84, 129, 238, 231,
       31, 5, 216, 199, 161, 233, 48, 192, 120, 235, 3, 197, 74, 154, 66,
       255, 180, 52, 142, 137, 61, 94, 248, 152, 58, 127, 18, 254, 83,
       192, 22, 103, 53, 140, 248, 34, 40, 251, 33, 212, 248, 251, 135,
       192, 74, 155, 0, 239, 179, 228, 142, 11, 51, 82, 166, 139, 96,
       132, 134, 156, 93, 35, 160, 239, 22, 177, 226, 155, 97, 224, 32,
       73, 89, 236, 34, 60, 48, 222, 95, 159, 28, 38, 223, 125, 177, 40,
       112, 136, 67, 161, 151, 157, 89, 133, 40, 9, 174, 177, 194, 0,
       228, 226, 64, 198, 224, 101, 106, 144, 7, 73, 219, 85, 28, 50,
       207, 72, 8, 34, 9, 6, 1, 96, 110, 187, 68, 137, 224, 64, 119, 49,
       211, 66, 163, 136, 84, 73, 104, 140, 111, 217, 138, 248, 199, 209,
       20, 40, 146, 64, 109, 137, 112, 140, 25, 205, 37, 31, 20, 219,
       231, 247, 86, 109, 222, 166, 243, 108, 178, 164, 121, 106, 58, 77,
       207, 184, 109, 63, 174, 71, 181, 0, 127, 158, 220, 252, 124, 121,
       234, 102, 228, 122, 255, 220, 113, 238, 247, 42, 91, 253, 223, 58,
       63, 220, 245, 234, 232, 247, 173, 42, 115, 239, 101, 133, 231,
       243, 126, 243, 127, 255, 96, 70, 254, 155, 198, 252, 1, 236, 188,
       239, 99, 76, 158, 149, 28, 230, 215, 127, 237, 123, 108, 46, 62,
       73, 165, 244, 111, 191, 218, 221, 34, 136, 234, 199, 103, 23, 248,
       112, 93, 41, 119, 2, 104, 191, 252, 100, 126, 222, 55, 137, 129,
       250, 165, 193, 31, 62, 218, 139, 103, 140, 120, 173, 230, 161,
       237, 195, 236, 81, 78, 173, 195, 57, 177, 24, 211, 123, 92, 179,
       217, 196, 127, 250, 122, 103, 235, 215, 111, 218, 229, 253, 128,
       138, 214, 162, 150, 241, 162, 184, 215, 135, 187, 204, 31, 193,
