%YAML:1.0
---
descriptors: !!opencv-matrix
   rows: 126
   cols: 32
   dt: u
   data: [ 34, 149, 88, 203, 213, 199, 178, 111, 29, 13, 92, 3, 100, 121,
       46, 64, 216, 26, 131, 96, 86, 184, 80, 253, 47, 52, 130, 67, 21,
       10, 244, 139, 34, 193, 48, 200, 213, 151, 150, 237, 77, 8, 112, 3,
       42, 72, 60, 132, 216, 139, 135, 97, 218, 186, 64, 221, 57, 28,
       142, 103, 85, 14, 216, 142, 130, 128, 18, 153, 81, 244, 48, 2, 61,
       5, 67, 17, 172, 158, 44, 204, 241, 57, 130, 144, 54, 156, 17, 215,
       15, 118, 154, 67, 146, 4, 45, 134, 250, 67, 106, 168, 101, 123,
       220, 64, 13, 76, 245, 175, 14, 12, 55, 73, 248, 133, 223, 103,
       140, 163, 96, 192, 147, 81, 138, 155, 85, 29, 126, 211, 139, 126,
       235, 217, 246, 131, 239, 83, 54, 202, 94, 246, 185, 207, 177, 100,
       127, 251, 23, 157, 227, 156, 36, 238, 108, 15, 191, 128, 191, 217,
       49, 249, 0, 162, 157, 141, 24, 131, 33, 8, 62, 176, 66, 68, 245,
       194, 64, 72, 80, 45, 106, 152, 3, 216, 207, 93, 76, 34, 235, 100,
       8, 32, 1, 128, 112, 0, 206, 157, 92, 3, 65, 75, 86, 161, 194, 202,
       115, 224, 16, 73, 88, 140, 34, 41, 9, 250, 199, 29, 28, 34, 241,
       20, 53, 8, 112, 40, 18, 32, 95, 141, 14, 11, 168, 64, 110, 49,
       194, 194, 85, 136, 16, 74, 98, 13, 107, 137, 0, 249, 135, 80, 20,
       32, 26, 0, 101, 8, 33, 136, 48, 32, 79, 201, 78, 139, 104, 67,
       103, 49, 194, 66, 18, 137, 20, 88, 106, 140, 122, 25, 10, 186, 71,
       80, 20, 40, 144, 0, 37, 136, 112, 136, 135, 250, 235, 191, 230,
       132, 189, 115, 61, 206, 84, 247, 188, 254, 246, 9, 239, 123, 151,
       135, 181, 254, 166, 226, 84, 62, 254, 234, 13, 181, 179, 245, 53,
       65, 106, 172, 86, 6, 238, 120, 68, 128, 235, 134, 83, 73, 57, 64,
       120, 204, 18, 239, 200, 179, 21, 140, 178, 173, 130, 4, 45, 187,
       120, 128, 143, 184, 187, 250, 169, 245, 185, 211, 158, 89, 84, 81,
       188, 222, 96, 105, 231, 59, 183, 21, 147, 77, 58, 241, 203, 89,
       122, 238, 154, 4, 161, 243, 70, 169, 148, 159, 73, 198, 160, 168,
       174, 184, 66, 0, 228, 242, 77, 70, 209, 109, 106, 65, 2, 65, 203,
       121, 13, 50, 79, 47, 0, 34, 37, 134, 66, 33, 150, 156, 95, 205,
       160, 72, 174, 128, 195, 10, 228, 216, 100, 66, 176, 37, 106, 97,
       0, 227, 155, 221, 21, 48, 11, 27, 0, 42, 17, 6, 18, 160, 150, 156,
       29, 195, 128, 72, 159, 180, 193, 11, 230, 200, 101, 134, 216, 237,
       106, 241, 14, 99, 219, 93, 153, 18, 203, 63, 81, 42, 27, 134, 34,
       32, 70, 200, 79, 3, 40, 72, 143, 32, 195, 11, 0, 139, 52, 64, 234,
       141, 123, 224, 4, 147, 195, 208, 23, 48, 139, 63, 21, 10, 120,
       134, 14, 157, 188, 191, 253, 127, 190, 175, 31, 127, 87, 55, 236,
       254, 78, 203, 199, 95, 183, 19, 182, 216, 91, 243, 111, 127, 223,
       231, 158, 125, 153, 223, 191, 86, 227, 252, 111, 55, 237, 94, 213,
       202, 212, 230, 57, 222, 247, 237, 126, 233, 183, 239, 205, 231,
       54, 200, 146, 249, 235, 138, 63, 253, 120, 253, 249, 72, 111, 252,
       46, 128, 75, 82, 132, 194, 214, 198, 49, 199, 177, 99, 70, 224,
       63, 206, 169, 143, 38, 169, 210, 171, 234, 136, 63, 185, 112, 121,
       189, 26, 111, 254, 46, 160, 219, 80, 132, 194, 213, 226, 115, 221,
       177, 97, 78, 240, 31, 207, 169, 167, 38, 169, 210, 233, 234, 136,
       63, 187, 48, 113, 127, 91, 238, 199, 230, 54, 255, 16, 41, 206,
       222, 231, 121, 46, 151, 126, 110, 247, 253, 199, 133, 219, 181,
       234, 118, 111, 238, 128, 175, 245, 122, 125, 110, 188, 188, 255,
       157, 255, 87, 191, 87, 191, 236, 24, 250, 253, 23, 113, 217, 254,
       125, 14, 58, 72, 251, 191, 239, 255, 213, 123, 146, 120, 212, 122,
       17, 203, 10, 252, 20, 148, 76, 55, 133, 1, 222, 70, 163, 179, 178,
       68, 72, 162, 62, 136, 206, 138, 6, 157, 178, 229, 190, 8, 60, 152,
       184, 12, 191, 250, 124, 97, 170, 31, 95, 184, 23, 254, 148, 237,
       219, 93, 222, 45, 159, 85, 253, 119, 252, 100, 109, 148, 234, 219,
       101, 247, 126, 189, 222, 117, 126, 210, 232, 110, 45, 117, 83,
       152, 3, 127, 157, 239, 90, 125, 159, 126, 221, 212, 253, 102, 143,
       34, 251, 177, 211, 125, 225, 191, 255, 255, 84, 119, 166, 21, 122,
       222, 244, 70, 207, 253, 93, 204, 223, 50, 81, 255, 190, 100, 94,
       253, 55, 251, 249, 163, 253, 238, 125, 62, 174, 204, 157, 251,
       244, 241, 25, 32, 143, 173, 22, 3, 97, 91, 54, 161, 66, 70, 81,
       131, 128, 72, 48, 12, 42, 156, 1, 216, 197, 28, 76, 163, 243, 0,
       40, 128, 33, 32, 48, 32, 79, 141, 78, 3, 225, 75, 22, 53, 226, 74,
       81, 128, 0, 72, 104, 140, 98, 8, 1, 250, 199, 29, 84, 162, 241, 0,
       37, 8, 112, 160, 11, 221, 251, 255, 118, 231, 191, 214, 30, 75,
       88, 98, 189, 255, 180, 96, 255, 123, 23, 129, 195, 184, 48, 255,
       231, 255, 190, 130, 189, 219, 177, 251, 0, 160, 134, 29, 89, 139,
       160, 72, 166, 184, 66, 0, 228, 192, 104, 66, 240, 100, 106, 112,
       6, 193, 139, 93, 12, 34, 75, 111, 16, 42, 41, 134, 32, 160, 134,
       28, 91, 71, 32, 104, 22, 176, 64, 2, 100, 242, 96, 68, 120, 108,
       34, 112, 2, 210, 155, 29, 25, 34, 79, 47, 49, 40, 35, 130, 99,
       255, 122, 236, 110, 149, 158, 246, 137, 120, 156, 239, 188, 190,
       246, 34, 238, 241, 223, 193, 213, 43, 226, 225, 246, 89, 174, 186,
       5, 188, 43, 215, 53, 73, 42, 174, 93, 134, 199, 96, 196, 140, 217,
       2, 82, 201, 49, 64, 88, 232, 2, 239, 72, 163, 26, 140, 113, 173,
       129, 24, 113, 59, 112, 130, 34, 222, 251, 223, 118, 241, 191, 230,
       31, 78, 124, 163, 172, 239, 183, 32, 255, 123, 151, 131, 214, 186,
       110, 255, 103, 125, 170, 171, 87, 207, 245, 251, 29, 93, 238, 231,
       228, 118, 127, 184, 85, 234, 254, 38, 89, 61, 187, 234, 127, 222,
       183, 238, 185, 242, 61, 170, 126, 239, 231, 132, 175, 255, 120,
       245, 98, 33, 2, 136, 93, 67, 160, 72, 141, 4, 195, 11, 0, 202, 36,
       208, 248, 141, 107, 225, 12, 3, 211, 220, 17, 48, 139, 63, 17, 10,
       125, 134, 189, 2, 110, 96, 134, 35, 201, 89, 80, 162, 183, 254,
       83, 193, 252, 43, 122, 164, 100, 190, 184, 247, 45, 8, 90, 139,
       225, 244, 237, 234, 240, 32, 245, 2, 219, 236, 78, 162, 73, 81,
       224, 130, 243, 194, 83, 195, 185, 121, 126, 164, 44, 174, 137,
       135, 164, 8, 208, 171, 226, 136, 45, 235, 96, 32, 253, 24, 239,
       254, 38, 162, 75, 80, 132, 194, 215, 226, 81, 215, 177, 107, 126,
       244, 63, 238, 169, 135, 38, 136, 210, 235, 235, 136, 175, 235,
       112, 113, 106, 184, 62, 248, 109, 221, 145, 71, 143, 61, 180, 9,
       174, 159, 102, 27, 200, 51, 235, 16, 2, 107, 242, 209, 215, 209,
       83, 59, 82, 12, 71, 234, 140, 239, 204, 247, 188, 43, 111, 252,
       22, 166, 157, 250, 241, 231, 171, 33, 95, 254, 6, 234, 248, 231,
       110, 191, 236, 135, 231, 252, 180, 251, 133, 161, 213, 205, 221,
       254, 190, 98, 79, 188, 222, 226, 185, 122, 125, 114, 169, 113,
       115, 231, 108, 238, 113, 103, 43, 255, 248, 174, 231, 20, 181,
       243, 225, 33, 149, 207, 220, 254, 222, 35, 79, 252, 210, 162, 185,
       214, 125, 99, 185, 3, 123, 231, 46, 238, 240, 199, 12, 255, 248,
       207, 239, 188, 181, 251, 225, 160, 104, 188, 189, 255, 189, 237,
       85, 191, 223, 63, 100, 24, 254, 253, 78, 123, 193, 126, 251, 24,
       58, 120, 251, 191, 239, 255, 85, 123, 210, 72, 214, 122, 10, 144,
       2, 155, 83, 247, 184, 198, 63, 7, 66, 151, 140, 206, 46, 204, 247,
       9, 147, 149, 54, 156, 17, 247, 15, 118, 154, 199, 150, 5, 45, 222,
       130, 64, 18, 153, 65, 212, 176, 64, 63, 21, 65, 17, 172, 154, 44,
       204, 224, 25, 162, 209, 6, 148, 19, 209, 7, 114, 154, 67, 146, 5,
       45, 134, 253, 221, 44, 191, 172, 63, 94, 188, 214, 122, 151, 23,
       255, 121, 59, 75, 209, 198, 191, 103, 237, 101, 91, 191, 226, 251,
       239, 149, 28, 255, 216, 19, 192, 212, 60, 255, 172, 15, 84, 189,
       223, 58, 215, 18, 214, 121, 42, 75, 197, 211, 191, 35, 252, 109,
       91, 243, 231, 243, 222, 23, 24, 120, 137, 3, 253, 231, 239, 96,
       142, 35, 207, 251, 210, 242, 188, 206, 83, 233, 253, 35, 123, 198,
