%YAML:1.0
---
descriptors: !!opencv-matrix
   rows: 113
   cols: 32
   dt: u
   data: [ 27, 179, 123, 233, 114, 95, 251, 89, 45, 73, 127, 230, 157,
       95, 190, 100, 54, 153, 23, 253, 147, 176, 53, 205, 230, 77, 42,
       196, 47, 134, 163, 245, 11, 23, 123, 225, 118, 155, 251, 89, 13,
       73, 127, 230, 217, 79, 190, 96, 126, 155, 23, 125, 147, 176, 37,
       205, 102, 205, 34, 128, 127, 142, 193, 241, 59, 123, 115, 64, 117,
       255, 251, 210, 233, 204, 252, 110, 24, 157, 183, 181, 238, 253,
       215, 250, 141, 179, 48, 200, 119, 89, 35, 166, 111, 189, 102, 243,
       171, 146, 122, 222, 127, 211, 251, 104, 95, 76, 213, 167, 72, 206,
       190, 96, 222, 169, 151, 231, 230, 55, 110, 221, 86, 123, 171, 175,
       23, 15, 124, 215, 168, 223, 126, 233, 247, 223, 253, 247, 45, 109,
       246, 159, 27, 13, 54, 209, 110, 147, 215, 76, 250, 190, 97, 247,
       127, 249, 166, 193, 119, 156, 230, 219, 40, 12, 242, 249, 221,
       197, 208, 71, 215, 1, 236, 19, 179, 157, 53, 104, 201, 186, 19,
       24, 62, 174, 82, 163, 239, 223, 150, 25, 215, 200, 240, 138, 49,
       65, 66, 44, 29, 83, 198, 104, 196, 0, 233, 10, 83, 216, 59, 112,
       88, 168, 66, 235, 76, 163, 20, 31, 177, 174, 129, 25, 113, 58,
       120, 134, 100, 160, 134, 158, 91, 135, 162, 232, 22, 145, 192, 15,
       100, 224, 105, 193, 121, 238, 34, 113, 38, 67, 154, 63, 29, 38,
       79, 108, 145, 40, 49, 130, 130, 122, 235, 191, 102, 164, 185, 82,
       62, 79, 80, 247, 60, 254, 247, 8, 255, 123, 183, 133, 164, 254,
       134, 227, 86, 62, 250, 234, 141, 37, 55, 211, 53, 69, 106, 172,
       23, 6, 206, 104, 68, 132, 235, 135, 83, 201, 59, 64, 120, 236, 2,
       239, 200, 179, 20, 140, 241, 237, 130, 4, 125, 191, 112, 192, 66,
       32, 150, 141, 15, 139, 160, 72, 174, 160, 194, 2, 228, 194, 100,
       70, 176, 45, 106, 97, 0, 193, 131, 221, 5, 50, 75, 31, 0, 42, 17,
       134, 10, 156, 250, 223, 103, 209, 191, 242, 31, 78, 124, 163, 172,
       254, 182, 164, 255, 123, 151, 135, 214, 190, 110, 251, 103, 127,
       190, 171, 87, 174, 45, 255, 2, 33, 18, 137, 79, 11, 176, 72, 239,
       160, 194, 11, 140, 136, 36, 68, 250, 13, 106, 97, 0, 163, 131,
       208, 21, 48, 11, 63, 20, 10, 33, 134, 114, 33, 2, 136, 89, 83,
       218, 72, 141, 0, 225, 11, 12, 138, 52, 84, 248, 149, 91, 225, 12,
       3, 208, 220, 147, 48, 138, 63, 16, 14, 43, 134, 61, 67, 106, 77,
       87, 83, 67, 104, 85, 228, 231, 143, 75, 72, 183, 149, 122, 236,
       130, 238, 76, 178, 101, 140, 114, 239, 129, 5, 119, 191, 126, 198,
       219, 91, 234, 87, 242, 16, 255, 150, 57, 204, 246, 231, 57, 46,
       151, 114, 38, 247, 253, 207, 141, 216, 165, 234, 118, 109, 174,
       128, 175, 245, 102, 125, 177, 74, 110, 188, 30, 129, 206, 246,
       196, 4, 216, 198, 33, 137, 177, 193, 104, 224, 23, 207, 200, 171,
       6, 189, 48, 233, 170, 136, 53, 153, 112, 168, 255, 250, 124, 97,
       170, 31, 95, 184, 87, 250, 150, 237, 219, 29, 215, 45, 7, 85, 253,
       127, 253, 92, 111, 190, 238, 219, 101, 246, 110, 189, 148, 117,
       255, 150, 234, 254, 253, 86, 93, 127, 151, 206, 213, 191, 107,
       237, 191, 245, 127, 229, 191, 173, 237, 231, 190, 223, 250, 255,
       231, 189, 191, 236, 124, 95, 127, 86, 225, 238, 45, 118, 87, 152,
       3, 126, 157, 237, 91, 125, 219, 126, 221, 220, 253, 110, 141, 71,
       239, 147, 210, 253, 225, 190, 62, 255, 92, 119, 111, 94, 228, 109,
       58, 62, 91, 154, 3, 254, 156, 237, 155, 61, 215, 254, 207, 213,
       253, 103, 141, 98, 233, 184, 198, 253, 225, 182, 190, 253, 86,
       119, 171, 123, 122, 216, 109, 159, 248, 86, 205, 204, 244, 174,
       40, 141, 183, 165, 238, 249, 215, 95, 197, 171, 98, 236, 54, 89,
       34, 171, 95, 189, 111, 221, 47, 91, 106, 200, 111, 211, 251, 240,
       205, 108, 244, 175, 8, 204, 183, 33, 238, 233, 151, 231, 204, 179,
       102, 252, 86, 89, 235, 191, 127, 189, 116, 215, 138, 0, 18, 187,
       81, 214, 176, 0, 62, 5, 67, 17, 140, 154, 46, 204, 240, 25, 162,
       145, 22, 156, 19, 213, 5, 114, 154, 67, 146, 4, 45, 134, 176, 193,
       3, 156, 31, 197, 133, 101, 132, 5, 192, 2, 48, 144, 32, 64, 72,
       178, 19, 129, 90, 11, 18, 159, 49, 32, 154, 74, 53, 8, 180, 42, 0,
       145, 150, 157, 199, 172, 180, 103, 236, 27, 74, 0, 172, 178, 32,
       74, 160, 55, 106, 0, 80, 201, 18, 205, 5, 54, 90, 2, 0, 64, 161,
       171, 1, 216, 115, 91, 100, 205, 233, 148, 127, 29, 118, 0, 176,
       213, 188, 109, 106, 56, 18, 74, 195, 184, 54, 241, 69, 24, 114,
       128, 87, 152, 85, 249, 42, 164, 250, 250, 245, 245, 249, 79, 223,
       23, 93, 18, 60, 253, 62, 32, 251, 59, 147, 145, 150, 43, 58, 247,
       83, 221, 154, 235, 151, 76, 244, 226, 42, 221, 119, 219, 229, 221,
       255, 246, 93, 86, 254, 2, 57, 29, 54, 245, 111, 146, 151, 207,
       224, 186, 113, 253, 119, 251, 214, 65, 119, 156, 254, 250, 169,
       128, 165, 218, 93, 229, 193, 75, 195, 121, 165, 24, 18, 153, 116,
       46, 201, 162, 50, 24, 59, 111, 250, 145, 83, 249, 144, 120, 210,
       8, 212, 226, 182, 118, 76, 12, 10, 19, 134, 232, 6, 166, 128, 239,
       67, 236, 249, 147, 93, 208, 201, 227, 236, 71, 79, 28, 56, 2, 237,
       189, 117, 191, 94, 148, 59, 81, 98, 204, 111, 23, 253, 126, 85,
       102, 220, 134, 59, 156, 183, 109, 126, 223, 183, 239, 205, 191,
       119, 233, 51, 123, 214, 163, 127, 220, 244, 255, 27, 30, 218, 253,
       54, 163, 235, 86, 62, 203, 94, 246, 189, 235, 177, 100, 127, 235,
       23, 156, 187, 156, 36, 239, 236, 207, 190, 128, 189, 217, 49, 185,
       112, 32, 143, 13, 78, 3, 161, 75, 22, 165, 226, 138, 115, 129, 64,
       8, 88, 172, 98, 8, 8, 250, 215, 20, 92, 162, 241, 0, 97, 8, 114,
       168, 62, 89, 62, 94, 63, 215, 159, 248, 133, 204, 244, 47, 104,
       221, 183, 165, 190, 121, 151, 99, 205, 163, 58, 253, 115, 95, 137,
       187, 87, 191, 62, 247, 70, 160, 134, 30, 89, 223, 160, 232, 142,
       176, 65, 1, 228, 240, 107, 198, 209, 108, 234, 80, 6, 67, 218, 93,
       13, 50, 79, 43, 16, 46, 13, 134, 98, 33, 18, 136, 95, 67, 162, 72,
       142, 132, 192, 11, 132, 202, 37, 80, 248, 141, 106, 225, 4, 3,
       146, 220, 145, 48, 139, 63, 17, 10, 47, 134, 219, 126, 238, 151,
       118, 148, 255, 180, 185, 206, 214, 231, 57, 14, 151, 247, 46, 245,
       253, 207, 229, 204, 180, 239, 118, 123, 174, 128, 47, 181, 127,
       253, 76, 90, 86, 124, 34, 208, 183, 242, 253, 142, 254, 228, 239,
       242, 163, 228, 166, 117, 238, 66, 193, 161, 34, 234, 242, 247,
       103, 139, 78, 247, 45, 17, 25, 175, 99, 13, 151, 143, 230, 119,
       109, 228, 126, 71, 142, 41, 147, 132, 42, 46, 70, 77, 208, 184,
       69, 126, 174, 108, 5, 64, 103, 172, 203, 233, 241, 74, 111, 220,
       46, 128, 75, 82, 196, 194, 212, 194, 51, 131, 181, 107, 74, 224,
       62, 206, 137, 143, 102, 169, 82, 171, 226, 136, 63, 185, 112, 40,
       165, 239, 205, 254, 252, 43, 207, 252, 82, 162, 249, 254, 243,
       224, 169, 161, 91, 238, 38, 110, 249, 118, 111, 63, 44, 143, 231,
       188, 245, 251, 210, 160, 2, 132, 32, 157, 85, 191, 178, 43, 31, 7,
       75, 19, 236, 56, 62, 196, 209, 15, 147, 1, 54, 156, 81, 223, 15,
       54, 154, 67, 150, 12, 157, 206, 253, 119, 253, 118, 140, 15, 79,
       248, 82, 250, 181, 94, 83, 115, 217, 59, 93, 196, 124, 238, 233,
       103, 233, 42, 251, 203, 229, 180, 41, 251, 82, 33, 123, 214, 238,
       254, 125, 118, 252, 125, 87, 239, 247, 191, 73, 254, 190, 228,
       255, 189, 191, 165, 189, 247, 253, 223, 251, 255, 223, 135, 175,
       238, 252, 215, 213, 223, 199, 254, 188, 34, 79, 252, 214, 170,
       159, 246, 241, 227, 185, 227, 115, 230, 110, 238, 241, 67, 175,
       255, 184, 239, 231, 148, 189, 243, 241, 48, 219, 213, 234, 254,
       189, 86, 94, 220, 87, 74, 223, 67, 123, 217, 63, 224, 217, 206,
       191, 239, 239, 35, 219, 191, 243, 255, 135, 191, 30, 254, 248, 6,
       191, 243, 177, 242, 173, 53, 95, 216, 135, 254, 149, 110, 94, 255,
       107, 43, 221, 216, 151, 106, 203, 103, 170, 177, 251, 217, 237,
