%YAML:1.0
---
descriptors: !!opencv-matrix
   rows: 64
   cols: 32
   dt: u
   data: [ 149, 134, 207, 61, 150, 11, 103, 251, 118, 162, 74, 214, 115,
       97, 169, 65, 113, 236, 32, 44, 121, 221, 13, 31, 248, 231, 101, 4,
       185, 248, 80, 168, 245, 134, 201, 12, 222, 3, 71, 251, 86, 162,
       232, 222, 115, 225, 161, 96, 121, 204, 34, 170, 105, 111, 141, 30,
       248, 167, 229, 60, 185, 248, 112, 168, 57, 89, 103, 254, 46, 131,
       207, 242, 196, 72, 216, 102, 51, 185, 177, 100, 110, 226, 31, 207,
       201, 171, 54, 189, 240, 170, 234, 152, 61, 187, 112, 121, 112, 32,
       207, 141, 94, 3, 192, 107, 86, 161, 226, 10, 83, 32, 16, 9, 120,
       140, 106, 168, 41, 251, 197, 29, 152, 162, 209, 84, 125, 40, 114,
       0, 83, 203, 74, 252, 62, 144, 78, 246, 149, 0, 214, 230, 49, 163,
       177, 100, 110, 226, 62, 204, 201, 139, 6, 239, 178, 236, 178, 136,
       63, 152, 120, 29, 64, 160, 135, 157, 76, 131, 160, 8, 174, 176,
       66, 2, 224, 194, 64, 66, 80, 108, 106, 240, 2, 208, 203, 93, 12,
       34, 207, 44, 0, 34, 33, 128, 198, 156, 150, 183, 137, 126, 180,
       167, 174, 31, 131, 17, 236, 126, 2, 207, 165, 119, 249, 1, 52,
       205, 155, 231, 137, 50, 95, 83, 128, 100, 173, 95, 4, 141, 134,
       151, 145, 207, 38, 168, 182, 179, 74, 1, 228, 226, 41, 193, 241,
       110, 162, 80, 38, 216, 11, 63, 45, 38, 79, 71, 128, 106, 9, 130,
       100, 228, 134, 156, 219, 67, 166, 232, 22, 183, 96, 10, 96, 226,
       105, 73, 121, 236, 34, 240, 34, 210, 139, 31, 61, 38, 215, 109,
       145, 106, 53, 138, 128, 225, 150, 157, 31, 235, 162, 200, 190,
       176, 75, 2, 228, 224, 104, 194, 177, 109, 106, 113, 2, 245, 155,
       93, 13, 34, 79, 111, 16, 43, 25, 2, 246, 113, 178, 190, 107, 197,
       158, 232, 155, 172, 185, 43, 110, 254, 109, 16, 255, 249, 207,
       227, 78, 99, 154, 219, 251, 210, 79, 63, 81, 63, 39, 3, 62, 240,
       225, 242, 139, 81, 31, 200, 23, 243, 133, 178, 89, 215, 106, 44,
       95, 217, 187, 242, 75, 71, 255, 243, 91, 199, 159, 63, 55, 115,
       132, 114, 141, 253, 251, 254, 236, 121, 239, 252, 143, 222, 29,
       190, 253, 247, 235, 43, 159, 99, 151, 110, 243, 69, 58, 227, 111,
       219, 239, 188, 158, 251, 133, 241, 49, 134, 203, 45, 18, 3, 67,
       123, 86, 162, 230, 214, 115, 33, 160, 113, 121, 236, 32, 168, 41,
       255, 237, 30, 248, 175, 245, 20, 233, 232, 112, 168, 3, 32, 79,
       193, 78, 137, 168, 67, 108, 17, 114, 210, 149, 138, 212, 74, 110,
       137, 123, 157, 131, 184, 71, 64, 20, 40, 186, 64, 109, 136, 97,
       136, 1, 10, 93, 217, 108, 137, 232, 67, 236, 17, 114, 242, 157,
       131, 244, 75, 110, 41, 14, 28, 130, 24, 70, 193, 196, 152, 178,
       96, 28, 136, 65, 168, 32, 160, 142, 156, 91, 195, 32, 232, 22,
       176, 64, 8, 100, 226, 104, 80, 89, 108, 34, 112, 2, 210, 155, 29,
       29, 34, 77, 101, 16, 40, 38, 130, 70, 156, 148, 151, 137, 126,
       180, 175, 190, 183, 74, 17, 236, 118, 66, 207, 161, 119, 233, 17,
       52, 220, 219, 96, 13, 50, 95, 3, 128, 116, 141, 94, 98, 32, 66,
       200, 76, 3, 224, 72, 4, 32, 224, 11, 0, 136, 52, 80, 232, 140, 75,
       224, 8, 51, 193, 208, 20, 32, 130, 57, 53, 8, 114, 130, 132, 237,
       134, 31, 217, 143, 34, 168, 182, 145, 74, 1, 228, 240, 104, 195,
       241, 110, 234, 112, 38, 209, 155, 61, 45, 34, 79, 79, 152, 43, 41,
       134, 50, 0, 82, 160, 7, 11, 216, 64, 45, 32, 243, 11, 15, 10, 36,
       212, 250, 153, 15, 161, 8, 179, 17, 192, 145, 208, 138, 19, 101,
       10, 97, 2, 36, 225, 134, 157, 219, 135, 162, 236, 22, 180, 73, 1,
       100, 226, 104, 80, 89, 108, 34, 112, 98, 210, 155, 31, 61, 38, 79,
       103, 17, 43, 39, 138, 64, 101, 6, 156, 93, 195, 162, 200, 190,
       176, 203, 2, 228, 192, 97, 194, 241, 108, 106, 243, 66, 227, 155,
       95, 61, 38, 15, 47, 16, 59, 45, 130, 86, 109, 18, 138, 223, 11,
       166, 104, 190, 32, 203, 10, 196, 194, 45, 65, 250, 141, 106, 99,
       96, 131, 219, 254, 181, 36, 11, 59, 16, 91, 57, 130, 70, 253, 146,
       154, 249, 205, 190, 232, 174, 190, 137, 9, 236, 246, 105, 211,
       247, 123, 235, 211, 98, 67, 218, 243, 189, 20, 15, 63, 144, 115,
       47, 131, 118, 117, 118, 172, 125, 71, 222, 104, 139, 174, 185,
       139, 78, 255, 47, 16, 254, 221, 255, 227, 76, 99, 218, 220, 179,
       242, 139, 191, 87, 127, 102, 83, 58, 19, 114, 224, 231, 98, 93,
       65, 9, 36, 253, 175, 15, 15, 37, 24, 254, 157, 135, 160, 24, 179,
       81, 200, 211, 209, 138, 151, 231, 203, 230, 19, 253, 87, 238, 174,
       172, 55, 95, 255, 29, 174, 255, 255, 75, 234, 182, 67, 127, 199,
       111, 110, 248, 231, 111, 170, 242, 239, 255, 188, 61, 255, 240,
       81, 1, 218, 115, 91, 100, 205, 233, 148, 127, 93, 118, 68, 176,
       197, 189, 109, 78, 58, 54, 72, 131, 184, 54, 241, 69, 56, 114,
       128, 87, 153, 101, 253, 191, 223, 231, 254, 254, 119, 207, 253,
       147, 206, 188, 255, 123, 237, 251, 39, 127, 242, 183, 238, 249,
       103, 62, 191, 250, 207, 229, 252, 255, 255, 244, 245, 46, 133, 32,
       139, 213, 247, 186, 107, 79, 37, 89, 3, 136, 124, 62, 128, 216,
       27, 147, 17, 150, 184, 77, 223, 47, 20, 139, 199, 215, 14, 157,
       214, 89, 186, 238, 189, 38, 171, 105, 23, 119, 121, 246, 246, 243,
       161, 146, 73, 126, 174, 126, 156, 155, 248, 215, 209, 214, 235,
       243, 192, 175, 136, 248, 217, 9, 22, 243, 225, 246, 170, 235, 83,
       125, 73, 127, 230, 251, 39, 144, 100, 127, 174, 22, 156, 147, 184,
       101, 223, 238, 237, 178, 192, 239, 202, 241, 241, 221, 221, 252,
       246, 181, 125, 223, 191, 219, 222, 157, 27, 254, 125, 107, 35,
       187, 243, 221, 114, 252, 101, 58, 238, 251, 223, 111, 253, 199,
       255, 221, 115, 173, 223, 233, 246, 236, 253, 207, 252, 219, 218,
       189, 254, 253, 247, 251, 35, 127, 242, 95, 110, 243, 103, 190,
       251, 250, 223, 231, 188, 190, 255, 193, 241, 49, 6, 201, 101, 22,
       2, 65, 123, 86, 227, 226, 214, 115, 33, 144, 112, 121, 236, 36,
       172, 169, 254, 101, 14, 248, 239, 241, 80, 233, 168, 112, 40, 1,
       0, 79, 185, 68, 136, 233, 83, 108, 17, 82, 210, 145, 130, 208,
       104, 106, 40, 42, 152, 3, 156, 199, 65, 196, 169, 186, 64, 45,
       136, 97, 168, 48, 32, 207, 13, 70, 11, 97, 91, 86, 161, 194, 82,
       19, 129, 128, 104, 120, 140, 98, 136, 9, 222, 69, 20, 212, 162,
       240, 64, 105, 136, 112, 168, 64, 32, 7, 140, 72, 139, 160, 72,
       174, 160, 194, 0, 132, 194, 96, 194, 224, 44, 106, 96, 0, 131,
       147, 80, 21, 32, 11, 60, 16, 10, 33, 128, 86, 101, 18, 138, 91,
       11, 166, 232, 190, 36, 203, 10, 196, 226, 41, 208, 248, 205, 106,
       227, 96, 131, 219, 220, 181, 38, 203, 59, 16, 59, 43, 130, 84,
       109, 22, 138, 95, 67, 166, 232, 190, 32, 203, 10, 68, 194, 41,
       192, 248, 141, 106, 227, 96, 195, 219, 254, 181, 36, 143, 59, 17,
       59, 41, 130, 54, 101, 2, 142, 95, 11, 166, 232, 188, 32, 251, 11,
       100, 170, 45, 192, 248, 205, 74, 227, 72, 179, 217, 206, 181, 38,
       143, 59, 81, 43, 59, 130, 166, 236, 148, 151, 205, 253, 246, 175,
       159, 183, 90, 19, 238, 252, 79, 143, 217, 127, 163, 19, 126, 252,
       219, 251, 173, 54, 223, 35, 128, 125, 156, 206, 245, 205, 221,
       230, 188, 43, 79, 252, 212, 242, 190, 222, 87, 99, 153, 35, 27,
       198, 124, 110, 249, 103, 45, 46, 248, 139, 101, 180, 108, 251,
       208, 33, 14, 148, 48, 137, 85, 231, 187, 202, 31, 5, 88, 3, 140,
       222, 63, 68, 217, 27, 147, 145, 18, 184, 89, 247, 13, 20, 155,
       199, 150, 79, 53, 230, 172, 253, 127, 231, 244, 86, 255, 252, 86,
       254, 255, 50, 89, 125, 251, 97, 127, 222, 191, 122, 239, 246, 249,
       191, 127, 239, 231, 197, 167, 251, 244, 243, 253, 215, 239, 254,
       174, 55, 79, 220, 211, 90, 153, 238, 83, 253, 249, 251, 127, 210,
       124, 255, 235, 103, 174, 179, 186, 239, 229, 252, 189, 251, 242,
       113, 54, 1, 18, 138, 9, 71, 66, 72, 13, 36, 233, 11, 70, 208, 45,
       20, 216, 141, 206, 99, 72, 163, 24, 12, 145, 176, 2, 63, 81, 11,
       102, 6, 100, 97, 2, 154, 93, 205, 166, 232, 190, 12, 233, 9, 226,
