%YAML:1.0
---
descriptors: !!opencv-matrix
   rows: 125
   cols: 32
   dt: u
   data: [ 21, 173, 235, 239, 220, 27, 111, 248, 119, 224, 254, 206, 241,
       238, 220, 96, 127, 238, 126, 206, 159, 179, 239, 255, 190, 239,
       167, 204, 173, 235, 240, 240, 147, 2, 79, 177, 66, 224, 104, 87,
       46, 81, 83, 211, 149, 134, 240, 105, 102, 137, 55, 157, 151, 220,
       37, 80, 212, 40, 250, 192, 173, 128, 161, 200, 189, 4, 107, 236,
       85, 38, 75, 121, 85, 202, 253, 86, 83, 95, 61, 48, 120, 172, 22,
       174, 169, 183, 48, 142, 211, 237, 160, 4, 115, 171, 114, 224, 189,
       72, 75, 236, 68, 7, 67, 120, 85, 72, 244, 70, 115, 89, 177, 49,
       120, 232, 22, 238, 233, 167, 32, 63, 83, 233, 161, 8, 123, 187,
       112, 225, 116, 0, 131, 172, 76, 34, 232, 72, 21, 130, 211, 195,
       81, 234, 33, 200, 248, 252, 39, 166, 9, 247, 155, 200, 148, 166,
       203, 12, 181, 107, 48, 128, 48, 34, 207, 189, 94, 3, 232, 75, 86,
       161, 194, 210, 81, 33, 144, 73, 122, 172, 34, 137, 9, 254, 197,
       29, 28, 38, 243, 64, 45, 168, 112, 136, 19, 32, 87, 137, 78, 139,
       168, 74, 46, 49, 194, 194, 5, 130, 116, 72, 98, 13, 123, 13, 2,
       217, 135, 80, 20, 40, 27, 32, 36, 8, 49, 136, 94, 84, 171, 182,
       137, 102, 22, 131, 130, 239, 139, 59, 207, 255, 105, 74, 221, 247,
       253, 147, 24, 67, 218, 130, 249, 247, 239, 255, 128, 127, 180,
       115, 42, 221, 51, 206, 117, 213, 191, 112, 79, 76, 125, 34, 184,
       254, 182, 228, 254, 59, 151, 202, 210, 187, 42, 255, 55, 253, 170,
       170, 23, 14, 53, 247, 220, 94, 5, 253, 40, 70, 13, 182, 164, 178,
       134, 197, 245, 103, 1, 83, 69, 245, 125, 238, 105, 197, 81, 47,
       229, 227, 239, 148, 18, 240, 37, 120, 48, 33, 206, 156, 94, 3,
       197, 108, 22, 165, 227, 14, 99, 224, 0, 9, 121, 236, 98, 232, 40,
       243, 219, 29, 152, 166, 213, 52, 97, 43, 210, 136, 70, 191, 18,
       186, 251, 193, 190, 236, 190, 22, 136, 169, 172, 247, 105, 80,
       231, 59, 235, 210, 114, 75, 138, 243, 189, 20, 15, 255, 144, 82,
       167, 155, 207, 3, 74, 33, 176, 18, 232, 17, 164, 69, 119, 213,
       137, 138, 147, 201, 102, 133, 222, 189, 156, 145, 133, 64, 102,
       105, 170, 197, 173, 134, 235, 68, 82, 200, 186, 186, 169, 192, 20,
       230, 187, 23, 160, 1, 174, 251, 102, 91, 227, 123, 169, 16, 82,
       79, 130, 241, 217, 243, 94, 123, 144, 16, 167, 10, 67, 254, 210,
       2, 119, 156, 250, 166, 235, 224, 58, 237, 172, 136, 247, 244, 167,
       237, 222, 213, 199, 141, 148, 238, 62, 92, 30, 226, 205, 150, 75,
       157, 202, 184, 246, 90, 43, 249, 88, 71, 191, 95, 180, 57, 46,
       158, 230, 191, 167, 179, 255, 16, 182, 111, 162, 243, 26, 91, 80,
       251, 222, 132, 174, 95, 10, 219, 34, 152, 209, 213, 184, 199, 139,
       93, 80, 151, 44, 140, 118, 132, 237, 59, 147, 149, 214, 11, 178,
       241, 31, 84, 154, 235, 151, 4, 191, 223, 152, 158, 222, 189, 146,
       171, 183, 247, 62, 167, 126, 246, 111, 242, 162, 64, 119, 127,
       166, 0, 245, 253, 165, 111, 252, 231, 119, 131, 45, 248, 173, 153,
       130, 140, 150, 159, 137, 46, 180, 167, 188, 23, 66, 17, 236, 50,
       4, 79, 129, 119, 235, 1, 52, 205, 83, 229, 13, 50, 94, 67, 128,
       100, 165, 14, 140, 255, 249, 254, 236, 181, 95, 252, 223, 254, 29,
       246, 253, 231, 235, 35, 31, 123, 134, 106, 241, 67, 46, 243, 234,
       223, 231, 172, 150, 251, 141, 241, 173, 223, 193, 254, 252, 181,
       206, 252, 210, 218, 185, 254, 241, 229, 249, 167, 93, 226, 22,
       254, 241, 103, 254, 190, 60, 223, 239, 188, 159, 251, 210, 176,
       245, 119, 255, 238, 238, 3, 79, 220, 194, 250, 189, 238, 81, 227,
       249, 51, 127, 198, 124, 254, 233, 67, 174, 58, 122, 139, 229, 188,
       61, 243, 226, 177, 14, 34, 162, 129, 69, 187, 184, 73, 127, 181,
       83, 18, 204, 200, 126, 204, 251, 13, 179, 177, 20, 244, 15, 208,
       30, 86, 219, 231, 135, 12, 57, 134, 174, 32, 194, 201, 69, 34,
       232, 88, 49, 147, 211, 82, 72, 203, 117, 221, 120, 157, 179, 177,
       33, 214, 146, 192, 23, 122, 219, 140, 175, 165, 122, 128, 14, 32,
       244, 193, 227, 121, 184, 75, 43, 243, 115, 187, 140, 14, 220, 174,
       47, 157, 183, 149, 147, 116, 165, 192, 30, 90, 219, 230, 199, 196,
       39, 245, 49, 32, 205, 53, 86, 3, 65, 123, 86, 161, 226, 222, 115,
       33, 128, 97, 121, 236, 34, 172, 41, 254, 197, 30, 220, 167, 241,
       20, 185, 168, 112, 168, 176, 34, 205, 149, 86, 138, 225, 67, 86,
       33, 226, 210, 81, 1, 144, 72, 120, 172, 34, 156, 27, 254, 197, 21,
       20, 162, 242, 64, 45, 136, 112, 168, 0, 160, 135, 156, 76, 131,
       33, 72, 182, 176, 66, 66, 244, 194, 96, 66, 112, 44, 106, 144, 3,
       209, 139, 93, 28, 34, 67, 76, 24, 40, 33, 160, 32, 160, 143, 156,
       88, 3, 129, 104, 22, 177, 66, 10, 112, 224, 32, 73, 89, 108, 34,
       40, 0, 243, 139, 29, 88, 34, 245, 60, 49, 40, 112, 136, 1, 2, 93,
       249, 108, 169, 232, 23, 237, 17, 114, 242, 157, 131, 244, 106,
       110, 40, 14, 28, 147, 28, 198, 193, 4, 152, 178, 224, 156, 136,
       65, 168, 32, 32, 14, 141, 76, 3, 160, 72, 6, 177, 194, 74, 80,
       128, 32, 72, 104, 140, 106, 137, 0, 243, 211, 16, 20, 32, 219, 48,
       13, 8, 112, 136, 43, 222, 123, 232, 118, 209, 251, 246, 95, 76,
       92, 98, 61, 220, 178, 228, 254, 185, 151, 201, 195, 190, 36, 255,
       247, 221, 170, 235, 119, 158, 125, 253, 48, 225, 135, 157, 90, 3,
       0, 237, 22, 176, 227, 66, 96, 224, 32, 73, 121, 108, 34, 248, 40,
       215, 139, 29, 25, 38, 215, 100, 177, 43, 32, 168, 176, 107, 135,
       143, 206, 3, 164, 76, 22, 179, 235, 82, 64, 194, 104, 192, 121,
       206, 106, 202, 88, 243, 207, 52, 52, 34, 143, 52, 49, 91, 242,
       160, 54, 201, 66, 174, 85, 67, 70, 232, 5, 160, 250, 11, 107, 73,
       44, 208, 248, 220, 7, 226, 72, 163, 25, 173, 179, 249, 133, 31,
       115, 63, 118, 134, 18, 75, 74, 140, 116, 144, 238, 119, 172, 12,
       218, 230, 45, 143, 176, 196, 110, 163, 159, 229, 193, 139, 4, 237,
       176, 33, 170, 136, 61, 146, 177, 185, 184, 79, 123, 236, 54, 130,
       79, 119, 84, 140, 250, 98, 51, 43, 177, 80, 122, 238, 4, 234, 232,
       187, 0, 46, 240, 173, 164, 128, 117, 186, 96, 171, 118, 51, 34,
       170, 127, 15, 218, 200, 27, 236, 177, 175, 78, 204, 30, 16, 254,
       205, 255, 231, 12, 99, 216, 254, 179, 86, 139, 191, 85, 63, 127,
       215, 222, 252, 148, 191, 159, 246, 182, 175, 159, 183, 74, 51,
       238, 250, 74, 207, 243, 119, 169, 19, 62, 124, 219, 255, 175, 246,
       95, 71, 146, 125, 173, 79, 3, 250, 114, 30, 99, 149, 190, 245,
       249, 66, 116, 239, 44, 218, 246, 148, 182, 169, 151, 70, 198, 142,
       150, 255, 34, 92, 22, 138, 79, 150, 107, 159, 204, 4, 189, 243,
       169, 111, 117, 143, 191, 191, 15, 17, 222, 119, 73, 75, 129, 87,
       235, 50, 48, 68, 251, 146, 207, 243, 87, 87, 128, 121, 133, 99,
       106, 189, 188, 190, 29, 205, 19, 142, 159, 252, 141, 9, 254, 255,
       74, 83, 145, 103, 251, 85, 50, 67, 219, 245, 255, 115, 79, 127,
       18, 44, 151, 82, 75, 152, 59, 88, 23, 252, 187, 146, 126, 65, 78,
       0, 188, 151, 246, 100, 98, 56, 59, 93, 131, 9, 182, 117, 93, 45,
       138, 74, 150, 1, 53, 122, 43, 149, 83, 76, 243, 242, 112, 119, 57,
       11, 126, 124, 28, 179, 172, 245, 126, 191, 150, 168, 17, 186, 16,
       205, 54, 188, 16, 202, 250, 132, 170, 181, 88, 223, 56, 175, 62,
       88, 22, 172, 206, 124, 158, 175, 231, 216, 170, 66, 194, 71, 236,
       67, 78, 33, 239, 51, 242, 229, 38, 191, 52, 26, 29, 75, 100, 56,
       152, 190, 234, 64, 23, 158, 19, 137, 20, 57, 180, 183, 193, 90,
       199, 255, 61, 82, 24, 74, 195, 34, 221, 183, 252, 187, 164, 241,
       4, 123, 220, 92, 124, 247, 36, 110, 127, 48, 60, 218, 182, 48,
       247, 55, 131, 123, 102, 244, 125, 106, 232, 212, 97, 8, 199, 235,
       99, 144, 44, 241, 4, 123, 0, 157, 122, 219, 244, 243, 191, 247,
       86, 13, 94, 34, 121, 253, 182, 100, 123, 122, 23, 152, 242, 186,
       44, 255, 111, 239, 183, 193, 151, 218, 244, 171, 252, 112, 252,
