%YAML:1.0
---
descriptors: !!opencv-matrix
   rows: 98
   cols: 32
   dt: u
   data: [ 78, 245, 176, 146, 203, 117, 158, 236, 143, 125, 157, 35, 204,
       254, 110, 198, 215, 219, 187, 210, 86, 67, 202, 241, 63, 85, 207,
       255, 146, 87, 173, 199, 9, 150, 249, 249, 244, 170, 105, 19, 127,
       75, 126, 246, 157, 47, 176, 104, 127, 11, 55, 156, 147, 184, 101,
       215, 206, 191, 178, 192, 190, 192, 97, 241, 21, 134, 207, 189,
       150, 43, 103, 251, 118, 163, 66, 86, 113, 99, 184, 65, 113, 228,
       42, 172, 49, 253, 13, 31, 248, 167, 119, 4, 185, 232, 97, 168,
       181, 166, 203, 44, 222, 3, 71, 251, 86, 162, 232, 222, 115, 225,
       161, 64, 89, 206, 2, 170, 105, 111, 141, 30, 248, 135, 229, 60,
       185, 248, 112, 168, 17, 32, 95, 173, 110, 139, 168, 67, 110, 49,
       194, 194, 149, 136, 80, 72, 102, 29, 123, 157, 3, 222, 199, 80,
       148, 40, 59, 0, 45, 136, 49, 136, 21, 140, 143, 183, 210, 139, 39,
       232, 22, 179, 66, 66, 113, 224, 40, 65, 113, 110, 34, 48, 51, 216,
       14, 63, 124, 39, 127, 68, 184, 104, 16, 160, 64, 160, 141, 157,
       88, 130, 161, 40, 174, 145, 66, 64, 228, 226, 72, 66, 81, 109,
       106, 144, 2, 192, 219, 93, 12, 34, 203, 76, 8, 32, 33, 128, 2, 32,
       86, 137, 78, 139, 168, 72, 14, 33, 194, 195, 132, 136, 116, 72,
       226, 13, 123, 5, 2, 157, 199, 208, 20, 32, 26, 50, 20, 8, 49, 136,
       112, 32, 207, 173, 70, 11, 104, 75, 118, 161, 210, 194, 19, 129,
       144, 72, 122, 140, 98, 153, 8, 254, 199, 20, 148, 34, 240, 64,
       101, 136, 112, 8, 4, 140, 135, 151, 144, 203, 38, 232, 150, 179,
       67, 1, 244, 224, 41, 75, 113, 110, 34, 82, 112, 216, 11, 61, 45,
       6, 95, 68, 128, 106, 1, 168, 66, 32, 150, 157, 14, 139, 160, 72,
       174, 176, 66, 2, 228, 192, 96, 66, 48, 45, 106, 97, 2, 241, 139,
       93, 28, 34, 203, 12, 1, 42, 17, 130, 100, 165, 134, 156, 223, 67,
       166, 232, 18, 181, 96, 10, 96, 226, 105, 73, 121, 236, 34, 112,
       98, 82, 155, 31, 61, 38, 223, 109, 145, 106, 61, 136, 128, 225,
       150, 157, 31, 235, 162, 200, 158, 176, 74, 3, 228, 224, 97, 64,
       177, 109, 106, 243, 2, 245, 155, 95, 13, 34, 79, 109, 16, 59, 57,
       130, 48, 161, 134, 156, 95, 67, 129, 232, 150, 181, 203, 10, 98,
       224, 32, 131, 121, 228, 106, 232, 40, 243, 155, 29, 152, 34, 199,
       61, 97, 43, 48, 8, 2, 92, 51, 158, 85, 199, 186, 98, 159, 128, 90,
       3, 236, 254, 37, 196, 252, 123, 179, 129, 38, 186, 26, 255, 37,
       54, 138, 139, 16, 44, 37, 214, 212, 221, 223, 246, 190, 34, 111,
       188, 254, 162, 155, 226, 253, 99, 169, 66, 115, 87, 110, 234, 113,
       69, 45, 126, 248, 135, 239, 188, 180, 243, 161, 33, 17, 91, 75,
       252, 44, 132, 79, 246, 149, 72, 212, 198, 55, 247, 177, 68, 76,
       226, 63, 204, 201, 171, 34, 191, 242, 228, 178, 152, 63, 184, 48,
       57, 57, 89, 103, 190, 14, 193, 207, 246, 132, 72, 220, 39, 51,
       189, 49, 96, 72, 242, 31, 203, 201, 171, 118, 191, 225, 239, 234,
       152, 61, 187, 112, 219, 71, 153, 166, 95, 189, 222, 163, 168, 95,
       159, 86, 2, 224, 124, 191, 111, 209, 100, 59, 25, 178, 248, 127,
       253, 15, 62, 215, 70, 151, 44, 85, 108, 205, 156, 220, 183, 182,
       54, 254, 190, 95, 219, 30, 119, 253, 123, 219, 107, 119, 231, 63,
       239, 247, 104, 95, 255, 238, 95, 255, 196, 174, 255, 249, 95, 243,
       170, 150, 178, 169, 173, 64, 69, 171, 51, 161, 93, 174, 130, 64,
       159, 129, 163, 108, 21, 62, 79, 202, 16, 152, 210, 90, 123, 192,
       68, 139, 6, 252, 112, 148, 242, 109, 93, 80, 216, 139, 186, 181,
       25, 15, 221, 77, 155, 141, 209, 237, 82, 14, 103, 218, 160, 211,
       217, 85, 63, 226, 125, 78, 147, 223, 243, 190, 254, 170, 52, 31,
       216, 143, 222, 157, 38, 93, 239, 235, 107, 247, 211, 191, 238,
       130, 71, 170, 241, 250, 201, 239, 238, 190, 247, 161, 241, 49,
       166, 201, 109, 18, 3, 71, 123, 86, 162, 226, 214, 115, 97, 128,
       113, 121, 204, 36, 168, 41, 254, 109, 14, 248, 239, 245, 20, 233,
       232, 112, 168, 177, 42, 205, 181, 86, 2, 97, 123, 86, 161, 226,
       218, 83, 33, 144, 72, 120, 236, 98, 140, 41, 250, 197, 29, 220,
       167, 241, 80, 121, 168, 82, 168, 32, 42, 77, 249, 70, 136, 233, 7,
       108, 17, 114, 210, 145, 129, 212, 73, 106, 172, 106, 157, 2, 184,
       199, 80, 4, 40, 178, 64, 101, 136, 113, 168, 17, 128, 143, 28, 88,
       131, 32, 232, 54, 177, 66, 66, 113, 224, 160, 73, 121, 108, 34,
       184, 1, 217, 15, 29, 88, 34, 119, 68, 161, 40, 112, 168, 0, 32,
       142, 141, 10, 139, 161, 72, 174, 176, 66, 68, 244, 194, 0, 74,
       112, 44, 106, 152, 3, 217, 135, 93, 4, 34, 251, 36, 24, 0, 1, 136,
       2, 32, 18, 137, 74, 137, 168, 66, 172, 33, 194, 195, 132, 130, 96,
       74, 106, 13, 75, 13, 2, 155, 193, 80, 148, 32, 154, 16, 20, 8, 33,
       136, 3, 32, 67, 201, 78, 137, 168, 67, 236, 49, 210, 194, 145,
       138, 84, 74, 106, 137, 123, 157, 2, 190, 197, 192, 20, 8, 154, 0,
       101, 136, 97, 136, 18, 0, 65, 129, 102, 137, 184, 66, 173, 1, 146,
       227, 140, 26, 100, 74, 238, 145, 95, 133, 2, 43, 68, 192, 148, 16,
       154, 58, 21, 8, 33, 140, 1, 2, 115, 249, 108, 136, 232, 7, 237,
       17, 114, 210, 157, 139, 244, 106, 106, 41, 78, 156, 130, 24, 198,
       193, 4, 152, 186, 104, 20, 136, 97, 136, 64, 32, 7, 140, 78, 195,
       160, 72, 174, 160, 194, 2, 196, 194, 96, 66, 96, 45, 106, 225, 2,
       163, 131, 85, 21, 32, 139, 44, 16, 10, 49, 128, 160, 225, 134,
       158, 89, 199, 160, 232, 150, 176, 73, 0, 100, 224, 104, 196, 217,
       110, 34, 80, 70, 210, 154, 63, 29, 38, 79, 47, 16, 43, 39, 134,
       114, 0, 114, 128, 70, 9, 248, 64, 109, 32, 178, 139, 14, 10, 52,
       64, 238, 145, 95, 225, 12, 179, 69, 192, 149, 16, 138, 19, 117,
       12, 33, 134, 160, 225, 134, 157, 91, 227, 130, 232, 22, 176, 233,
       10, 96, 224, 32, 4, 121, 236, 98, 226, 34, 243, 219, 29, 29, 34,
       69, 37, 81, 43, 38, 130, 23, 93, 103, 143, 86, 22, 239, 248, 52,
       224, 91, 198, 121, 38, 181, 228, 126, 237, 23, 239, 165, 144, 61,
       239, 60, 46, 175, 192, 45, 183, 49, 244, 54, 127, 114, 174, 125,
       79, 222, 232, 155, 172, 249, 171, 78, 223, 39, 16, 254, 221, 223,
       227, 76, 35, 218, 254, 179, 244, 139, 191, 119, 63, 102, 83, 236,
       134, 189, 243, 173, 111, 85, 191, 27, 191, 175, 24, 222, 117, 72,
       63, 145, 214, 109, 56, 56, 118, 251, 178, 239, 223, 85, 119, 146,
       121, 214, 98, 115, 92, 78, 220, 60, 132, 79, 246, 133, 72, 212,
       230, 49, 151, 177, 96, 78, 226, 63, 206, 235, 143, 38, 255, 242,
       173, 178, 152, 61, 153, 112, 57, 207, 221, 177, 223, 149, 118,
       135, 175, 93, 70, 75, 18, 234, 116, 181, 239, 81, 118, 186, 106,
       241, 252, 125, 234, 173, 126, 222, 2, 150, 125, 181, 116, 42, 161,
       48, 73, 245, 223, 178, 105, 79, 45, 121, 3, 136, 28, 62, 164, 216,
       27, 147, 113, 150, 184, 80, 221, 47, 92, 14, 103, 215, 14, 221,
       134, 10, 148, 16, 203, 245, 247, 187, 203, 31, 13, 95, 2, 140,
       119, 46, 68, 221, 27, 147, 177, 18, 152, 121, 255, 47, 20, 138,
       199, 150, 78, 189, 167, 254, 221, 252, 246, 181, 118, 95, 191, 27,
       223, 157, 23, 124, 127, 47, 115, 223, 215, 189, 247, 248, 71, 59,
       239, 251, 95, 255, 215, 135, 127, 244, 123, 237, 255, 252, 246,
       172, 125, 95, 188, 218, 218, 157, 62, 223, 253, 235, 35, 31, 242,
       125, 106, 249, 101, 58, 191, 251, 223, 239, 252, 158, 251, 149,
       113, 173, 255, 239, 254, 252, 181, 207, 252, 215, 90, 157, 238,
       123, 237, 255, 167, 95, 194, 94, 126, 251, 99, 62, 191, 250, 223,
       231, 188, 223, 255, 216, 245, 49, 34, 135, 13, 90, 3, 1, 91, 22,
       161, 226, 86, 83, 129, 128, 73, 120, 140, 34, 140, 9, 250, 69, 29,
       92, 162, 241, 64, 105, 136, 112, 128, 64, 160, 135, 29, 8, 195,
       33, 104, 166, 144, 66, 0, 228, 192, 104, 66, 80, 108, 106, 96, 2,
       193, 139, 29, 13, 34, 67, 12, 16, 42, 33, 160, 64, 32, 7, 140, 72,
       7, 160, 72, 166, 160, 194, 2, 132, 130, 96, 66, 104, 12, 106, 224,
