%YAML:1.0
---
descriptors: !!opencv-matrix
   rows: 146
   cols: 32
   dt: u
   data: [ 55, 174, 204, 183, 22, 130, 106, 248, 50, 182, 210, 199, 97,
       106, 155, 65, 125, 236, 55, 239, 172, 210, 77, 237, 252, 111, 239,
       196, 173, 166, 120, 208, 226, 157, 48, 21, 125, 221, 188, 39, 95,
       124, 120, 9, 172, 188, 22, 161, 174, 59, 243, 5, 230, 120, 115,
       223, 39, 24, 95, 239, 85, 12, 135, 223, 25, 9, 103, 204, 6, 243,
       111, 112, 197, 196, 222, 194, 121, 151, 177, 228, 126, 160, 30,
       238, 201, 147, 37, 156, 83, 239, 162, 128, 55, 191, 112, 120, 247,
       119, 110, 68, 230, 18, 254, 248, 233, 254, 127, 239, 73, 238, 223,
       183, 126, 197, 183, 239, 197, 83, 172, 192, 62, 121, 239, 142, 47,
       247, 250, 213, 151, 115, 235, 179, 230, 67, 188, 80, 140, 218, 81,
       231, 29, 222, 245, 43, 126, 249, 23, 247, 197, 210, 158, 192, 84,
       8, 239, 174, 45, 255, 177, 145, 29, 7, 79, 237, 22, 34, 107, 56,
       100, 0, 219, 198, 83, 35, 185, 97, 126, 132, 30, 238, 169, 145, 5,
       12, 240, 171, 234, 132, 61, 163, 112, 32, 51, 120, 227, 214, 100,
       6, 239, 112, 193, 200, 222, 198, 113, 253, 181, 38, 126, 232, 55,
       207, 201, 195, 190, 233, 112, 14, 237, 136, 47, 191, 114, 253, 58,
       1, 66, 225, 85, 151, 250, 96, 13, 36, 242, 3, 75, 10, 54, 192,
       250, 153, 151, 227, 76, 179, 17, 220, 151, 217, 139, 195, 119, 14,
       124, 134, 250, 158, 118, 212, 119, 214, 112, 115, 177, 204, 246,
       183, 42, 157, 38, 245, 238, 181, 253, 37, 236, 175, 48, 206, 83,
       123, 80, 195, 103, 140, 126, 95, 3, 157, 59, 252, 124, 132, 185,
       119, 156, 9, 212, 114, 189, 159, 180, 96, 238, 59, 23, 141, 211,
       43, 50, 223, 179, 253, 186, 138, 29, 8, 177, 171, 58, 58, 98, 172,
       127, 127, 218, 122, 117, 108, 244, 175, 43, 157, 183, 132, 238,
       252, 215, 199, 140, 191, 229, 253, 82, 125, 176, 155, 111, 141,
       126, 223, 125, 97, 249, 99, 188, 79, 71, 152, 99, 232, 189, 8,
       211, 125, 217, 50, 24, 196, 124, 126, 201, 34, 249, 24, 251, 205,
       37, 60, 236, 251, 82, 113, 130, 156, 186, 221, 241, 246, 185, 87,
       62, 79, 86, 48, 188, 255, 38, 100, 247, 59, 187, 16, 178, 220,
       179, 255, 79, 190, 26, 202, 146, 64, 165, 255, 80, 140, 7, 188,
       155, 34, 164, 230, 164, 19, 202, 3, 102, 162, 32, 83, 233, 231,
       106, 161, 56, 171, 3, 45, 185, 166, 222, 83, 49, 40, 165, 10, 32,
       201, 120, 77, 80, 203, 83, 117, 68, 36, 108, 8, 51, 1, 130, 16,
       24, 168, 66, 104, 74, 186, 101, 29, 103, 141, 36, 49, 113, 138,
       70, 138, 10, 180, 178, 155, 245, 245, 184, 75, 31, 79, 125, 19,
       172, 254, 46, 196, 255, 59, 147, 145, 22, 188, 18, 215, 15, 86,
       154, 203, 151, 76, 189, 215, 145, 68, 71, 189, 70, 34, 237, 103,
       229, 2, 242, 82, 121, 42, 180, 107, 104, 161, 46, 170, 105, 183,
       23, 205, 148, 170, 250, 0, 61, 248, 112, 168, 61, 198, 193, 93,
       84, 26, 231, 184, 119, 130, 114, 66, 243, 97, 157, 228, 123, 224,
       38, 40, 233, 240, 109, 95, 46, 174, 103, 68, 247, 168, 64, 172,
       114, 150, 252, 221, 127, 251, 176, 39, 29, 235, 94, 58, 236, 61,
       134, 236, 119, 119, 255, 1, 48, 252, 97, 255, 95, 119, 218, 211,
       167, 76, 157, 47, 132, 237, 94, 179, 198, 171, 182, 231, 188, 54,
       106, 127, 86, 121, 8, 25, 163, 103, 67, 98, 112, 244, 8, 55, 116,
       162, 101, 101, 65, 123, 195, 131, 233, 34, 172, 187, 77, 165, 72,
       23, 199, 115, 199, 93, 147, 137, 94, 91, 205, 142, 251, 157, 142,
       86, 215, 144, 71, 89, 208, 120, 154, 204, 120, 220, 213, 172, 8,
       186, 92, 137, 106, 200, 22, 32, 192, 27, 163, 192, 120, 64, 121,
       136, 42, 223, 42, 55, 207, 127, 188, 36, 139, 124, 49, 137, 113,
       128, 42, 255, 226, 156, 127, 209, 159, 238, 159, 236, 156, 171,
       108, 254, 254, 132, 255, 249, 247, 229, 214, 107, 174, 251, 59,
       95, 143, 191, 23, 188, 61, 223, 141, 181, 17, 107, 176, 239, 66,
       189, 124, 9, 107, 84, 214, 115, 136, 112, 149, 26, 20, 122, 179,
       184, 89, 63, 237, 221, 37, 68, 218, 195, 192, 49, 124, 235, 236,
       226, 142, 99, 199, 216, 3, 182, 141, 139, 83, 45, 83, 10, 105,
       212, 233, 243, 26, 99, 223, 144, 251, 199, 197, 125, 247, 251,
       116, 114, 94, 184, 182, 190, 137, 244, 21, 199, 175, 151, 135, 9,
       110, 254, 111, 223, 233, 247, 233, 145, 30, 75, 186, 224, 155,
       243, 95, 123, 130, 118, 173, 94, 244, 188, 156, 191, 139, 38, 22,
       174, 18, 179, 130, 29, 212, 122, 75, 91, 145, 199, 105, 167, 60,
       70, 219, 43, 217, 162, 93, 63, 136, 113, 155, 18, 30, 253, 186,
       186, 187, 221, 190, 228, 191, 85, 220, 3, 238, 254, 47, 112, 239,
       251, 255, 211, 126, 11, 186, 247, 251, 247, 143, 219, 146, 87,
       175, 223, 125, 113, 249, 101, 116, 15, 79, 184, 66, 232, 188, 76,
       211, 81, 217, 48, 88, 204, 84, 126, 201, 178, 253, 12, 255, 205,
       37, 52, 109, 187, 82, 32, 180, 228, 0, 184, 77, 171, 64, 206, 22,
       50, 224, 27, 2, 193, 105, 89, 249, 136, 2, 178, 42, 119, 74, 63,
       29, 130, 209, 125, 81, 89, 118, 130, 68, 64, 31, 137, 72, 35, 107,
       72, 44, 0, 226, 2, 213, 131, 33, 88, 120, 132, 106, 234, 8, 131,
       67, 88, 212, 160, 138, 8, 16, 51, 33, 160, 32, 163, 90, 75, 80,
       141, 99, 80, 38, 5, 109, 8, 51, 195, 162, 16, 16, 40, 66, 88, 18,
       154, 64, 21, 111, 141, 32, 105, 112, 130, 74, 130, 184, 61, 123,
       120, 243, 233, 85, 87, 177, 15, 100, 57, 63, 151, 32, 25, 162,
       187, 213, 0, 106, 175, 50, 11, 243, 193, 48, 11, 98, 64, 166, 251,
       98, 157, 181, 252, 189, 253, 85, 191, 155, 91, 188, 125, 190, 253,
       102, 102, 205, 115, 253, 17, 255, 107, 114, 183, 235, 222, 117,
       250, 154, 76, 212, 127, 224, 112, 157, 126, 40, 76, 87, 156, 250,
       218, 161, 120, 246, 215, 73, 59, 144, 116, 108, 98, 97, 103, 251,
       43, 129, 187, 113, 58, 64, 51, 70, 43, 59, 90, 106, 236, 111, 219,
       218, 208, 5, 108, 244, 175, 43, 156, 183, 172, 254, 253, 215, 199,
       140, 179, 37, 189, 82, 249, 186, 179, 119, 159, 126, 223, 25, 156,
       59, 248, 62, 196, 153, 103, 140, 9, 220, 50, 189, 159, 32, 96,
       206, 59, 159, 129, 75, 43, 50, 255, 225, 253, 186, 154, 20, 8,
       161, 171, 0, 185, 187, 105, 240, 205, 107, 183, 239, 13, 126, 0,
       188, 247, 240, 112, 167, 59, 127, 24, 147, 184, 179, 117, 111,
       189, 39, 224, 208, 130, 199, 249, 213, 87, 111, 237, 54, 71, 95,
       56, 68, 232, 215, 231, 83, 109, 187, 97, 126, 212, 29, 239, 233,
       161, 125, 28, 242, 235, 231, 148, 61, 187, 112, 113, 130, 156,
       190, 187, 179, 247, 188, 199, 190, 95, 118, 21, 172, 254, 38, 73,
       231, 59, 191, 21, 55, 221, 35, 247, 143, 243, 126, 195, 152, 64,
       173, 223, 90, 28, 226, 148, 71, 254, 176, 71, 185, 111, 126, 183,
       44, 188, 38, 212, 174, 183, 247, 129, 148, 185, 176, 203, 23, 127,
       90, 131, 71, 68, 255, 223, 66, 30, 38, 148, 101, 246, 188, 103,
       169, 79, 218, 183, 40, 188, 54, 213, 238, 183, 247, 129, 196, 187,
       144, 205, 19, 118, 218, 131, 71, 68, 191, 223, 56, 65, 102, 235,
       21, 151, 82, 120, 69, 12, 247, 3, 43, 73, 58, 192, 120, 136, 159,
       235, 206, 179, 1, 157, 243, 205, 160, 145, 119, 143, 120, 138, 20,
       207, 159, 173, 178, 43, 38, 255, 118, 178, 122, 231, 119, 225,
       161, 65, 55, 79, 4, 99, 225, 241, 13, 26, 248, 166, 101, 132, 252,
       248, 161, 169, 98, 42, 230, 24, 75, 240, 184, 71, 251, 95, 48,
       187, 40, 140, 118, 159, 175, 187, 243, 149, 150, 111, 166, 209,
       31, 26, 218, 235, 199, 68, 127, 223, 120, 73, 122, 78, 92, 211,
       91, 120, 197, 4, 254, 2, 115, 205, 183, 112, 120, 176, 183, 234,
       200, 163, 36, 157, 115, 239, 160, 153, 117, 170, 124, 74, 138,
       153, 36, 157, 125, 221, 184, 103, 31, 109, 80, 167, 172, 188, 54,
       197, 142, 59, 179, 5, 241, 24, 82, 223, 39, 51, 218, 171, 22, 12,
       159, 223, 61, 201, 106, 106, 244, 150, 79, 248, 197, 64, 253, 2,
       83, 193, 185, 116, 120, 232, 22, 238, 217, 163, 44, 61, 114, 237,
