%YAML:1.0
---
descriptors: !!opencv-matrix
   rows: 120
   cols: 32
   dt: u
   data: [ 124, 73, 123, 226, 220, 231, 202, 216, 199, 128, 188, 10, 83,
       249, 117, 8, 88, 248, 31, 122, 136, 35, 90, 188, 91, 205, 161,
       124, 247, 251, 112, 2, 113, 9, 79, 12, 66, 182, 106, 112, 229, 64,
       254, 198, 113, 194, 183, 244, 118, 172, 62, 238, 205, 147, 52, 93,
       82, 46, 162, 128, 127, 163, 104, 29, 120, 204, 122, 76, 92, 210,
       79, 248, 208, 6, 254, 10, 115, 245, 183, 117, 120, 244, 52, 234,
       232, 167, 54, 63, 115, 239, 225, 153, 119, 171, 124, 40, 17, 9,
       111, 207, 38, 227, 107, 112, 69, 192, 223, 194, 113, 7, 177, 100,
       126, 160, 63, 238, 137, 145, 37, 204, 145, 234, 162, 128, 54, 171,
       116, 120, 125, 101, 253, 101, 172, 79, 79, 184, 96, 234, 190, 76,
       211, 97, 153, 50, 26, 196, 108, 110, 201, 240, 249, 44, 247, 239,
       101, 20, 104, 251, 66, 33, 125, 115, 233, 101, 244, 15, 79, 184,
       96, 232, 126, 76, 83, 97, 217, 48, 94, 204, 20, 110, 201, 178,
       237, 12, 254, 237, 165, 180, 109, 187, 82, 97, 42, 180, 178, 153,
       255, 241, 184, 75, 31, 71, 125, 51, 140, 254, 126, 204, 255, 59,
       147, 145, 22, 190, 114, 211, 15, 22, 154, 239, 151, 76, 189, 215,
       11, 157, 56, 248, 61, 132, 185, 103, 142, 9, 220, 2, 188, 154, 52,
       96, 206, 59, 23, 5, 131, 43, 50, 247, 161, 253, 186, 138, 28, 8,
       161, 171, 244, 47, 221, 100, 168, 111, 79, 255, 50, 170, 184, 88,
       83, 103, 193, 50, 29, 214, 125, 186, 121, 71, 233, 10, 249, 143,
       165, 180, 224, 243, 230, 49, 66, 188, 190, 255, 168, 236, 57, 151,
       191, 31, 126, 21, 252, 247, 66, 90, 167, 127, 127, 28, 18, 216,
       155, 241, 207, 255, 119, 195, 136, 192, 167, 251, 33, 32, 23, 141,
       76, 11, 224, 64, 108, 32, 227, 72, 212, 128, 16, 224, 88, 172,
       106, 41, 1, 179, 209, 72, 20, 32, 194, 16, 72, 10, 83, 160, 32,
       203, 104, 77, 92, 139, 71, 245, 68, 36, 252, 12, 115, 9, 179, 16,
       24, 168, 70, 108, 200, 186, 69, 61, 102, 141, 36, 49, 113, 170,
       90, 200, 88, 120, 59, 184, 26, 229, 25, 86, 182, 77, 132, 57, 191,
       159, 96, 72, 231, 185, 93, 145, 10, 13, 146, 19, 219, 197, 58,
       249, 176, 0, 37, 123, 3, 153, 98, 222, 215, 211, 190, 103, 95, 69,
       92, 162, 40, 252, 182, 228, 250, 59, 146, 193, 214, 186, 38, 255,
       47, 126, 154, 203, 87, 12, 253, 238, 70, 239, 166, 158, 141, 167,
       182, 236, 158, 182, 219, 143, 236, 232, 123, 205, 241, 111, 235,
       119, 112, 203, 155, 255, 60, 54, 223, 191, 150, 127, 181, 78, 118,
       103, 18, 158, 25, 209, 22, 232, 170, 132, 137, 137, 238, 230, 47,
       208, 208, 249, 207, 227, 78, 3, 202, 221, 185, 16, 15, 63, 16, 55,
       47, 70, 150, 115, 235, 147, 230, 2, 188, 80, 28, 192, 81, 231, 29,
       207, 253, 9, 126, 249, 151, 215, 193, 247, 158, 192, 86, 8, 239,
       172, 173, 255, 55, 209, 59, 243, 226, 156, 127, 215, 158, 238,
       159, 236, 148, 175, 110, 252, 246, 164, 255, 253, 255, 229, 220,
       107, 166, 223, 186, 95, 143, 191, 87, 60, 63, 223, 50, 97, 72,
       232, 124, 1, 90, 104, 13, 32, 224, 139, 135, 139, 117, 80, 254,
       153, 95, 231, 72, 3, 64, 220, 247, 216, 138, 61, 20, 10, 114, 130,
       160, 12, 154, 191, 76, 163, 160, 66, 150, 2, 64, 18, 181, 224, 33,
       73, 73, 106, 34, 129, 34, 254, 90, 63, 5, 166, 218, 40, 145, 104,
       49, 138, 2, 169, 146, 152, 221, 245, 176, 71, 138, 21, 88, 18,
       172, 158, 96, 8, 233, 59, 147, 145, 22, 58, 146, 209, 29, 20, 154,
       107, 144, 72, 167, 142, 58, 235, 98, 138, 87, 147, 191, 236, 135,
       132, 220, 167, 104, 200, 191, 132, 126, 233, 131, 231, 206, 187,
       12, 253, 120, 68, 143, 171, 119, 30, 191, 206, 94, 49, 182, 190,
       137, 244, 21, 207, 175, 223, 167, 9, 110, 255, 111, 223, 233, 247,
       249, 145, 30, 75, 186, 224, 155, 243, 223, 123, 130, 87, 175, 86,
       49, 221, 110, 236, 148, 135, 111, 127, 85, 104, 254, 70, 115, 169,
       180, 96, 122, 174, 62, 236, 249, 187, 61, 159, 250, 239, 167, 212,
       61, 138, 240, 56, 38, 224, 96, 129, 79, 137, 184, 8, 46, 53, 115,
       35, 140, 138, 72, 72, 253, 25, 175, 145, 18, 60, 203, 214, 141,
       22, 155, 103, 181, 15, 85, 134, 202, 252, 60, 186, 169, 253, 149,
       174, 159, 31, 132, 57, 174, 254, 66, 139, 133, 115, 233, 17, 54,
       111, 250, 181, 203, 211, 94, 123, 210, 92, 143, 91, 184, 124, 123,
       116, 97, 201, 85, 87, 177, 14, 100, 56, 63, 151, 32, 57, 162, 187,
       197, 0, 104, 190, 50, 11, 243, 193, 112, 9, 98, 80, 166, 251, 25,
       89, 62, 253, 61, 196, 92, 39, 204, 8, 222, 2, 191, 154, 32, 96,
       194, 51, 60, 9, 75, 137, 19, 173, 225, 249, 58, 26, 16, 8, 33, 11,
       213, 80, 127, 237, 44, 70, 95, 184, 52, 238, 247, 183, 87, 31,
       155, 123, 118, 213, 125, 239, 233, 199, 249, 10, 243, 235, 235,
       148, 37, 177, 116, 113, 54, 104, 82, 160, 77, 217, 250, 64, 55,
       164, 248, 11, 11, 142, 101, 148, 248, 185, 135, 211, 74, 54, 194,
       210, 157, 220, 139, 111, 119, 15, 126, 134, 59, 122, 106, 236,
       111, 223, 218, 220, 13, 108, 244, 175, 43, 156, 183, 172, 254,
       221, 215, 199, 140, 183, 36, 189, 82, 121, 176, 187, 119, 159,
       126, 223, 0, 185, 187, 121, 240, 205, 123, 151, 238, 13, 126, 4,
       188, 247, 224, 112, 167, 59, 111, 24, 19, 184, 178, 117, 109, 189,
       55, 232, 208, 130, 167, 251, 53, 89, 232, 197, 70, 87, 239, 248,
       68, 96, 252, 130, 25, 60, 183, 96, 126, 201, 23, 239, 193, 178,
       53, 216, 119, 13, 171, 132, 117, 187, 116, 240, 66, 158, 54, 148,
       101, 214, 188, 103, 169, 78, 222, 179, 172, 188, 38, 197, 206, 55,
       255, 129, 196, 175, 178, 207, 19, 118, 218, 139, 7, 12, 63, 223,
       130, 157, 36, 157, 127, 221, 184, 111, 31, 77, 84, 191, 172, 62,
       54, 133, 174, 27, 179, 133, 246, 24, 50, 223, 39, 114, 218, 187,
       31, 12, 159, 223, 138, 189, 48, 145, 245, 213, 188, 231, 31, 125,
       24, 27, 140, 188, 86, 5, 143, 31, 147, 129, 246, 122, 240, 215,
       45, 20, 158, 231, 70, 12, 183, 223, 52, 109, 234, 206, 92, 151,
       207, 216, 193, 128, 252, 10, 115, 249, 181, 36, 120, 248, 22, 106,
       200, 163, 46, 169, 115, 141, 165, 184, 103, 251, 112, 168, 130,
       156, 62, 219, 176, 254, 185, 71, 190, 91, 86, 177, 189, 254, 182,
       105, 231, 59, 191, 17, 55, 221, 51, 247, 205, 255, 122, 195, 156,
       64, 173, 255, 125, 97, 121, 97, 188, 15, 79, 152, 67, 168, 188,
       76, 211, 65, 217, 48, 88, 204, 92, 126, 201, 50, 253, 24, 251,
       205, 37, 52, 109, 187, 82, 33, 131, 152, 147, 155, 117, 245, 184,
       67, 63, 73, 83, 114, 172, 222, 36, 236, 255, 59, 179, 145, 55,
       158, 50, 247, 141, 54, 26, 194, 144, 12, 33, 247, 92, 17, 184,
       100, 185, 108, 85, 25, 171, 189, 191, 8, 223, 247, 75, 90, 148,
       86, 109, 24, 26, 97, 251, 0, 219, 253, 33, 29, 194, 227, 199, 99,
       234, 56, 230, 88, 107, 208, 152, 67, 171, 93, 180, 185, 42, 156,
       86, 159, 175, 177, 255, 145, 142, 111, 166, 209, 19, 89, 216, 187,
       199, 4, 126, 95, 17, 134, 231, 69, 86, 27, 227, 59, 118, 162, 114,
       198, 243, 104, 148, 165, 123, 228, 102, 172, 169, 248, 117, 95,
       44, 174, 103, 4, 101, 168, 64, 172, 63, 87, 238, 229, 246, 31,
       254, 216, 85, 232, 254, 231, 75, 109, 159, 236, 254, 221, 191,
       255, 173, 179, 125, 202, 246, 255, 175, 132, 239, 255, 120, 213,
       176, 164, 10, 184, 76, 41, 192, 202, 22, 54, 224, 27, 34, 224,
       105, 25, 217, 138, 74, 35, 42, 103, 203, 59, 149, 2, 209, 61, 81,
       121, 118, 138, 50, 33, 64, 168, 12, 11, 78, 104, 13, 36, 160, 11,
       134, 139, 33, 16, 248, 137, 75, 226, 72, 35, 64, 92, 177, 144,
       139, 61, 49, 10, 114, 130, 58, 1, 98, 225, 183, 215, 122, 112, 69,
       44, 255, 2, 75, 31, 54, 196, 250, 153, 151, 225, 152, 184, 49,
       220, 219, 217, 138, 195, 55, 142, 116, 194, 17, 0, 197, 69, 4, 42,
       96, 27, 116, 163, 98, 80, 211, 32, 144, 104, 81, 76, 32, 44, 41,
       252, 101, 14, 132, 174, 241, 0, 232, 232, 80, 136, 193, 80, 151,
