%YAML:1.0
---
descriptors: !!opencv-matrix
   rows: 235
   cols: 32
   dt: u
   data: [ 10, 175, 162, 187, 215, 161, 190, 199, 31, 5, 88, 135, 172,
       236, 54, 128, 253, 107, 147, 21, 150, 186, 14, 255, 110, 85, 159,
       235, 215, 94, 181, 206, 90, 188, 106, 184, 123, 245, 186, 82, 191,
       77, 148, 191, 188, 223, 118, 112, 255, 185, 223, 149, 166, 15,
       176, 247, 219, 93, 186, 251, 150, 133, 47, 219, 74, 189, 150, 191,
       191, 214, 254, 231, 175, 217, 218, 35, 236, 254, 102, 194, 231,
       127, 255, 145, 87, 217, 139, 225, 190, 247, 143, 195, 142, 102,
       185, 223, 191, 51, 228, 167, 246, 58, 108, 159, 127, 233, 127,
       247, 219, 45, 222, 120, 126, 207, 127, 221, 159, 248, 205, 224,
       222, 235, 247, 192, 239, 255, 218, 149, 79, 190, 249, 245, 254,
       184, 190, 150, 191, 251, 30, 246, 157, 255, 214, 226, 167, 119,
       255, 156, 183, 89, 175, 227, 254, 255, 63, 238, 142, 245, 137,
       117, 77, 170, 212, 23, 53, 26, 111, 184, 122, 198, 118, 132, 239,
       99, 147, 150, 51, 108, 236, 110, 165, 240, 189, 238, 238, 255,
       103, 5, 238, 231, 111, 228, 139, 222, 231, 247, 238, 180, 189,
       247, 191, 219, 151, 247, 253, 255, 215, 47, 239, 119, 255, 157,
       179, 205, 47, 227, 110, 127, 255, 130, 143, 244, 177, 249, 41,
       217, 5, 61, 53, 95, 67, 252, 117, 236, 246, 13, 250, 36, 130, 148,
       156, 204, 228, 108, 233, 250, 113, 31, 233, 159, 117, 84, 74, 172,
       70, 252, 40, 220, 231, 4, 121, 95, 23, 248, 23, 238, 254, 142,
       106, 100, 162, 180, 93, 212, 246, 110, 237, 163, 125, 191, 123,
       87, 101, 183, 91, 254, 92, 125, 181, 67, 77, 238, 78, 3, 199, 248,
       70, 18, 245, 234, 83, 201, 185, 107, 88, 192, 38, 110, 201, 39,
       111, 153, 208, 171, 225, 60, 125, 187, 112, 160, 175, 159, 255,
       216, 244, 189, 253, 187, 223, 95, 84, 255, 124, 252, 182, 109,
       199, 123, 183, 21, 183, 232, 46, 253, 110, 91, 255, 202, 158, 205,
       213, 119, 5, 140, 142, 151, 212, 139, 167, 235, 30, 247, 66, 23,
       244, 224, 43, 73, 121, 110, 34, 37, 52, 248, 31, 255, 45, 38, 223,
       68, 144, 120, 21, 232, 190, 115, 243, 193, 239, 119, 177, 89, 71,
       237, 255, 246, 26, 220, 238, 238, 252, 157, 166, 177, 143, 247,
       167, 194, 95, 80, 167, 231, 231, 110, 228, 247, 68, 186, 151, 151,
       139, 192, 32, 168, 190, 145, 66, 99, 228, 242, 72, 66, 241, 111,
       106, 144, 6, 216, 139, 97, 12, 34, 223, 79, 136, 32, 45, 142, 176,
       172, 214, 189, 28, 43, 194, 107, 86, 161, 240, 90, 83, 97, 16, 1,
       89, 230, 110, 41, 56, 255, 73, 31, 120, 135, 181, 84, 213, 40, 83,
       8, 50, 136, 111, 189, 76, 139, 104, 75, 87, 49, 210, 83, 115, 25,
       20, 72, 121, 172, 63, 157, 154, 250, 71, 221, 220, 42, 211, 64,
       181, 136, 112, 40, 104, 116, 124, 229, 48, 79, 122, 48, 57, 200,
       254, 45, 255, 31, 3, 16, 150, 253, 221, 106, 44, 176, 209, 14,
       231, 255, 32, 145, 104, 179, 78, 219, 153, 183, 107, 227, 198,
       187, 237, 247, 127, 226, 254, 242, 27, 143, 208, 32, 127, 155, 54,
       200, 217, 190, 109, 246, 254, 205, 178, 228, 103, 136, 225, 249,
       158, 6, 102, 149, 198, 114, 237, 99, 53, 246, 87, 243, 73, 46,
       191, 205, 123, 135, 191, 175, 188, 215, 37, 206, 22, 99, 250, 133,
       167, 245, 125, 244, 154, 236, 98, 123, 23, 251, 234, 103, 117, 32,
       82, 26, 171, 75, 20, 165, 58, 171, 21, 138, 106, 156, 20, 191,
       183, 235, 154, 225, 55, 133, 211, 142, 190, 112, 251, 241, 229,
       255, 249, 84, 95, 239, 117, 63, 159, 157, 95, 168, 255, 153, 151,
       17, 187, 246, 240, 194, 223, 223, 51, 231, 199, 29, 215, 243, 139,
       220, 125, 221, 118, 204, 189, 183, 191, 95, 92, 54, 188, 191, 182,
       97, 231, 59, 23, 129, 227, 24, 50, 247, 111, 127, 190, 194, 22,
       212, 133, 251, 130, 220, 238, 223, 149, 246, 190, 231, 159, 131,
       218, 151, 232, 239, 54, 64, 249, 107, 187, 132, 98, 153, 27, 239,
       123, 62, 158, 195, 148, 94, 244, 126, 13, 52, 187, 225, 61, 255,
       251, 90, 31, 239, 189, 62, 222, 221, 231, 36, 255, 57, 223, 56,
       187, 183, 121, 222, 255, 223, 63, 246, 222, 143, 69, 243, 5, 228,
       155, 27, 180, 144, 110, 236, 126, 87, 121, 16, 181, 226, 250, 96,
       243, 74, 2, 94, 102, 184, 46, 99, 174, 156, 38, 64, 136, 147, 225,
       140, 223, 246, 126, 49, 163, 218, 61, 51, 185, 127, 119, 181, 207,
       94, 142, 191, 167, 21, 253, 55, 247, 220, 173, 198, 238, 251, 127,
       199, 238, 132, 143, 117, 123, 135, 70, 199, 23, 18, 110, 120, 101,
       160, 254, 230, 107, 99, 186, 244, 122, 198, 142, 238, 217, 179, 5,
       237, 186, 237, 131, 131, 47, 167, 248, 36, 215, 148, 174, 181,
       158, 38, 95, 188, 146, 250, 159, 151, 81, 126, 59, 99, 85, 245,
       125, 175, 236, 207, 191, 158, 251, 171, 239, 149, 172, 241, 56,
       91, 18, 207, 194, 255, 83, 128, 62, 231, 55, 0, 248, 163, 41, 239,
       33, 80, 126, 251, 131, 192, 74, 154, 134, 255, 245, 228, 158, 137,
       53, 210, 174, 138, 2, 207, 98, 190, 124, 129, 238, 239, 159, 5,
       216, 199, 173, 235, 48, 192, 250, 171, 23, 133, 66, 26, 70, 255,
       180, 116, 158, 169, 52, 222, 177, 200, 75, 190, 243, 246, 254,
       184, 250, 214, 191, 251, 94, 246, 189, 239, 245, 235, 103, 255,
       127, 157, 183, 89, 174, 239, 254, 255, 191, 232, 174, 244, 169,
       253, 79, 117, 18, 142, 157, 95, 182, 232, 255, 224, 143, 9, 204,
       248, 47, 196, 216, 229, 234, 99, 68, 99, 219, 254, 187, 54, 15,
       63, 90, 127, 171, 6, 104, 52, 28, 229, 48, 111, 123, 48, 57, 200,
       118, 13, 255, 31, 1, 17, 150, 245, 93, 106, 41, 240, 209, 14, 231,
       251, 32, 145, 74, 179, 74, 147, 93, 159, 231, 247, 230, 58, 237,
       215, 127, 219, 254, 246, 217, 239, 245, 252, 127, 239, 63, 156,
       153, 248, 239, 226, 190, 239, 246, 128, 175, 241, 241, 253, 120,
       171, 184, 116, 168, 205, 85, 156, 235, 173, 182, 40, 159, 197, 66,
       18, 133, 214, 236, 80, 154, 107, 235, 32, 219, 209, 37, 57, 192,
       145, 198, 115, 204, 233, 140, 179, 172, 77, 127, 184, 158, 191,
       135, 17, 245, 247, 89, 75, 145, 70, 121, 95, 50, 69, 219, 49, 205,
       147, 255, 253, 128, 123, 149, 98, 247, 149, 173, 247, 141, 102,
       92, 185, 144, 242, 131, 91, 83, 127, 25, 107, 89, 215, 125, 163,
       125, 199, 219, 172, 249, 235, 207, 20, 45, 121, 216, 18, 164, 6,
       157, 183, 172, 107, 69, 158, 22, 191, 67, 113, 199, 99, 137, 75,
       209, 86, 109, 50, 56, 212, 75, 50, 236, 230, 245, 149, 176, 251,
       148, 33, 2, 207, 66, 175, 84, 129, 238, 231, 31, 1, 88, 199, 165,
       235, 48, 192, 120, 171, 19, 141, 91, 154, 64, 255, 180, 36, 142,
       168, 60, 30, 185, 136, 53, 237, 69, 106, 94, 3, 199, 248, 198,
       176, 184, 74, 83, 193, 249, 33, 25, 192, 78, 106, 74, 99, 14, 61,
       248, 136, 165, 60, 117, 187, 82, 160, 32, 132, 131, 156, 221, 131,
       132, 239, 22, 163, 96, 26, 96, 225, 32, 221, 89, 238, 34, 40, 48,
       250, 202, 31, 61, 166, 215, 109, 179, 104, 112, 136, 177, 69, 107,
       12, 84, 163, 199, 121, 84, 66, 218, 94, 83, 72, 179, 96, 120, 168,
       22, 111, 237, 183, 53, 31, 112, 46, 161, 0, 125, 171, 112, 196, 3,
       32, 118, 137, 78, 139, 168, 75, 238, 48, 211, 194, 172, 136, 116,
       74, 110, 61, 123, 149, 134, 253, 199, 209, 20, 40, 154, 98, 93, 8,
       41, 140, 34, 0, 199, 217, 76, 139, 233, 64, 119, 49, 243, 2, 32,
       137, 116, 205, 104, 172, 51, 153, 2, 250, 199, 209, 20, 40, 154,
       64, 53, 136, 112, 168, 25, 221, 45, 91, 149, 219, 167, 255, 86,
       101, 222, 6, 243, 105, 154, 164, 121, 42, 234, 12, 223, 184, 125,
       191, 110, 71, 181, 65, 127, 142, 220, 252, 62, 191, 96, 70, 242,
       27, 214, 255, 17, 236, 189, 239, 67, 124, 158, 149, 31, 214, 213,
       243, 252, 235, 109, 46, 122, 79, 165, 247, 103, 238, 222, 93, 202,
       183, 134, 20, 227, 176, 60, 39, 187, 255, 14, 189, 172, 170, 70,
       158, 167, 47, 249, 149, 118, 217, 147, 194, 158, 86, 94, 227, 138,
       68, 171, 95, 94, 251, 56, 186, 58, 153, 26, 212, 171, 93, 156,
