%YAML:1.0
---
descriptors: !!opencv-matrix
   rows: 160
   cols: 32
   dt: u
   data: [ 40, 249, 30, 116, 37, 207, 80, 118, 237, 12, 230, 40, 54, 145,
       2, 17, 128, 32, 78, 0, 64, 185, 16, 29, 211, 209, 48, 19, 64, 8,
       70, 75, 208, 68, 159, 142, 8, 2, 102, 104, 172, 130, 235, 10, 230,
       98, 41, 91, 232, 197, 106, 226, 104, 231, 203, 104, 176, 162, 206,
       24, 16, 115, 33, 8, 10, 186, 6, 153, 123, 208, 184, 71, 191, 29,
       86, 181, 172, 142, 38, 204, 231, 59, 191, 149, 22, 201, 130, 245,
       14, 112, 154, 203, 6, 4, 173, 223, 133, 225, 17, 131, 236, 169,
       162, 136, 238, 49, 41, 80, 148, 130, 72, 26, 105, 74, 74, 90, 18,
       116, 203, 115, 44, 0, 175, 100, 216, 75, 195, 160, 66, 154, 166,
       157, 114, 176, 184, 39, 63, 31, 82, 247, 172, 174, 182, 204, 231,
       59, 191, 133, 182, 216, 7, 231, 14, 118, 250, 195, 150, 4, 173,
       223, 131, 158, 37, 153, 244, 183, 172, 247, 94, 75, 90, 247, 252,
       60, 180, 229, 223, 43, 19, 141, 183, 184, 117, 223, 44, 62, 250,
       194, 93, 204, 185, 221, 72, 187, 58, 120, 249, 205, 185, 215, 191,
       77, 124, 13, 188, 255, 70, 16, 190, 59, 215, 28, 146, 43, 178,
       117, 127, 221, 54, 235, 218, 132, 239, 251, 214, 164, 134, 187,
       137, 40, 108, 143, 191, 19, 131, 147, 239, 226, 72, 223, 105, 199,
       234, 144, 58, 199, 203, 243, 156, 178, 223, 93, 160, 81, 169, 12,
       254, 124, 254, 244, 43, 126, 89, 16, 169, 190, 182, 60, 79, 63,
       69, 127, 167, 245, 253, 162, 168, 103, 243, 170, 211, 251, 93,
       155, 226, 117, 38, 59, 216, 92, 191, 117, 42, 94, 93, 52, 176,
       222, 134, 176, 255, 55, 131, 123, 38, 244, 253, 234, 233, 197,
       179, 10, 243, 227, 114, 145, 34, 240, 38, 123, 250, 168, 150, 126,
       235, 249, 84, 239, 187, 155, 164, 56, 110, 254, 78, 191, 239, 243,
       236, 144, 62, 111, 138, 243, 155, 243, 85, 123, 195, 68, 174, 15,
       175, 95, 237, 215, 230, 116, 255, 183, 89, 218, 94, 246, 88, 61,
       189, 43, 111, 215, 151, 227, 241, 244, 45, 226, 102, 123, 254,
       134, 239, 253, 253, 251, 95, 22, 230, 149, 199, 50, 188, 3, 57,
       243, 91, 247, 76, 46, 223, 207, 55, 87, 183, 181, 180, 208, 149,
       194, 30, 110, 223, 199, 175, 117, 169, 213, 131, 220, 25, 223,
       125, 197, 183, 246, 158, 91, 68, 68, 188, 255, 33, 101, 205, 123,
       147, 65, 227, 12, 114, 255, 101, 62, 218, 10, 26, 89, 49, 187, 2,
       164, 146, 154, 211, 241, 176, 75, 31, 5, 121, 179, 44, 222, 110,
       132, 251, 27, 131, 145, 22, 26, 2, 247, 31, 20, 26, 107, 209, 68,
       175, 214, 2, 176, 176, 187, 125, 237, 176, 66, 31, 63, 113, 25,
       172, 156, 102, 8, 201, 59, 131, 17, 22, 124, 82, 241, 15, 80, 26,
       107, 208, 12, 13, 219, 232, 172, 156, 112, 169, 237, 17, 143, 186,
       55, 164, 25, 158, 183, 74, 27, 129, 19, 237, 16, 58, 109, 218, 51,
       203, 211, 85, 127, 208, 64, 143, 10, 117, 79, 216, 71, 246, 27,
       70, 53, 81, 170, 126, 238, 99, 96, 151, 244, 126, 246, 164, 106,
       237, 242, 109, 174, 54, 254, 101, 131, 111, 250, 200, 13, 49, 132,
       67, 232, 52, 167, 203, 120, 84, 200, 251, 70, 81, 201, 185, 96,
       122, 168, 22, 188, 169, 183, 45, 206, 248, 175, 162, 192, 61, 139,
       112, 184, 23, 18, 251, 243, 162, 42, 57, 89, 62, 209, 87, 246,
       221, 87, 232, 105, 119, 29, 55, 152, 147, 212, 175, 192, 206, 201,
       123, 196, 180, 128, 161, 177, 55, 201, 158, 62, 229, 31, 212, 230,
       253, 27, 114, 93, 14, 56, 54, 126, 201, 195, 38, 93, 188, 250, 18,
       224, 155, 254, 84, 83, 216, 92, 218, 15, 5, 138, 239, 247, 148,
       158, 224, 176, 118, 155, 114, 66, 243, 104, 221, 107, 121, 238,
       38, 152, 171, 248, 125, 237, 141, 239, 247, 68, 237, 232, 112,
       160, 2, 176, 176, 153, 109, 221, 184, 202, 142, 53, 144, 27, 140,
       222, 118, 142, 207, 17, 219, 17, 22, 106, 218, 209, 15, 16, 155,
       255, 150, 12, 79, 207, 182, 69, 6, 174, 29, 3, 70, 236, 29, 34,
       169, 11, 71, 106, 40, 81, 248, 129, 75, 227, 104, 131, 73, 159,
       177, 214, 203, 87, 49, 59, 240, 2, 124, 103, 80, 110, 237, 59, 78,
       232, 121, 170, 249, 168, 75, 106, 141, 148, 251, 221, 230, 98, 44,
       50, 205, 170, 182, 255, 165, 167, 103, 255, 74, 132, 204, 72, 191,
       252, 107, 200, 53, 198, 188, 158, 102, 50, 172, 151, 33, 107, 227,
       117, 234, 66, 96, 69, 162, 232, 213, 243, 90, 11, 50, 121, 37,
       235, 40, 184, 57, 120, 77, 253, 81, 67, 207, 113, 164, 24, 190,
       157, 102, 56, 129, 59, 219, 16, 19, 43, 114, 145, 223, 217, 16,
       123, 218, 8, 199, 250, 1, 224, 5, 187, 68, 137, 96, 156, 118, 17,
       75, 80, 243, 193, 152, 224, 121, 10, 34, 92, 19, 184, 79, 49, 132,
       160, 178, 64, 56, 139, 241, 160, 41, 255, 121, 233, 252, 223, 239,
       255, 95, 108, 124, 232, 179, 221, 176, 36, 94, 58, 22, 120, 219,
       186, 100, 191, 111, 221, 37, 232, 119, 138, 214, 253, 135, 6, 235,
       133, 230, 34, 237, 23, 57, 203, 91, 246, 89, 46, 191, 111, 127,
       207, 23, 189, 181, 244, 37, 194, 4, 62, 254, 132, 173, 241, 245,
       245, 62, 207, 98, 138, 126, 145, 158, 232, 134, 12, 217, 231, 105,
       204, 190, 132, 126, 249, 151, 247, 206, 3, 14, 255, 56, 4, 175,
       239, 55, 159, 188, 221, 124, 46, 188, 180, 172, 35, 85, 207, 19,
       191, 140, 187, 71, 107, 67, 91, 249, 239, 237, 17, 44, 207, 203,
       42, 218, 231, 117, 61, 160, 120, 182, 74, 209, 77, 95, 173, 18, 2,
       79, 53, 36, 160, 202, 194, 215, 3, 1, 99, 114, 212, 120, 234, 105,
       145, 65, 12, 225, 160, 174, 0, 32, 178, 161, 40, 63, 71, 98, 142,
       124, 179, 206, 104, 85, 100, 217, 239, 97, 204, 183, 132, 94, 168,
       135, 231, 204, 179, 76, 159, 50, 12, 169, 185, 117, 174, 124, 213,
       138, 157, 50, 219, 245, 253, 185, 39, 63, 93, 86, 17, 140, 62, 38,
       205, 231, 59, 147, 17, 54, 152, 115, 247, 15, 114, 26, 195, 146,
       12, 165, 223, 210, 236, 134, 156, 137, 249, 148, 207, 158, 187,
       128, 57, 174, 224, 99, 143, 129, 115, 234, 17, 38, 79, 138, 177,
       153, 18, 95, 63, 146, 92, 143, 14, 208, 91, 95, 229, 34, 14, 79,
       52, 164, 146, 130, 224, 247, 55, 129, 83, 38, 245, 125, 234, 105,
       197, 1, 44, 240, 170, 102, 144, 40, 176, 1, 57, 227, 142, 231, 31,
       223, 123, 246, 239, 95, 231, 110, 159, 104, 236, 150, 246, 59,
       230, 226, 12, 180, 255, 191, 239, 62, 62, 21, 3, 231, 236, 220,
       222, 214, 102, 245, 230, 176, 34, 94, 184, 121, 162, 127, 232, 79,
       127, 157, 127, 183, 221, 125, 235, 232, 208, 205, 238, 251, 255,
       197, 135, 167, 247, 230, 35, 196, 103, 155, 135, 206, 40, 166,
       192, 236, 178, 171, 74, 213, 226, 73, 74, 107, 196, 106, 122, 64,
       83, 207, 98, 124, 132, 111, 44, 193, 123, 161, 160, 133, 229, 16,
       163, 206, 137, 167, 200, 110, 177, 107, 82, 149, 131, 201, 136,
       107, 8, 74, 90, 83, 112, 207, 114, 60, 132, 39, 100, 208, 219,
       193, 160, 10, 180, 184, 251, 245, 253, 177, 207, 30, 63, 93, 16,
       140, 252, 108, 104, 209, 27, 179, 17, 18, 120, 251, 211, 207, 215,
       30, 111, 208, 72, 149, 202, 67, 174, 135, 157, 187, 178, 172, 167,
       190, 83, 202, 245, 172, 230, 130, 239, 167, 103, 232, 133, 247,
       205, 135, 111, 172, 54, 94, 130, 136, 68, 171, 93, 78, 176, 176,
       240, 237, 125, 176, 203, 251, 191, 53, 57, 140, 191, 78, 30, 143,
       27, 243, 17, 18, 126, 250, 210, 95, 87, 95, 127, 210, 76, 135,
       243, 238, 176, 180, 208, 233, 125, 176, 203, 187, 191, 181, 57,
       142, 190, 78, 27, 167, 215, 255, 17, 54, 111, 250, 192, 95, 83,
       93, 255, 194, 101, 143, 87, 206, 124, 182, 212, 107, 108, 61, 74,
       185, 190, 182, 25, 204, 255, 71, 91, 167, 245, 255, 2, 32, 71,
       210, 224, 215, 251, 95, 59, 130, 117, 39, 91, 9, 2, 115, 75, 112,
       174, 235, 16, 109, 45, 127, 228, 155, 7, 148, 116, 102, 61, 14,
       12, 129, 176, 101, 125, 70, 253, 50, 192, 94, 131, 65, 177, 139,
       220, 53, 219, 253, 221, 181, 239, 159, 91, 84, 54, 188, 254, 44,
       37, 207, 59, 179, 1, 99, 110, 122, 247, 13, 18, 94, 106, 26, 92,
