%YAML:1.0
---
descriptors: !!opencv-matrix
   rows: 126
   cols: 32
   dt: u
   data: [ 50, 76, 198, 180, 87, 162, 206, 230, 221, 130, 218, 2, 43,
       170, 49, 196, 106, 229, 23, 225, 108, 187, 4, 234, 176, 230, 206,
       1, 37, 121, 113, 140, 15, 149, 32, 137, 213, 247, 178, 74, 79,
       101, 93, 7, 140, 28, 62, 164, 217, 11, 147, 21, 151, 184, 117,
       221, 47, 84, 139, 103, 159, 79, 29, 214, 2, 151, 16, 137, 245,
       227, 186, 43, 12, 5, 91, 35, 204, 58, 36, 192, 216, 27, 147, 177,
       22, 152, 65, 221, 45, 52, 138, 195, 20, 14, 189, 7, 247, 31, 111,
       132, 230, 82, 189, 115, 169, 196, 90, 231, 25, 238, 183, 115, 110,
       245, 183, 165, 245, 147, 164, 204, 118, 40, 239, 136, 45, 164, 55,
       213, 1, 158, 27, 248, 48, 165, 57, 23, 254, 89, 120, 116, 188,
       147, 160, 104, 167, 11, 14, 28, 179, 12, 34, 215, 205, 221, 58,
       202, 152, 64, 161, 169, 78, 24, 188, 188, 168, 100, 21, 26, 18,
       222, 148, 57, 182, 255, 67, 74, 197, 247, 253, 147, 56, 74, 211,
       34, 193, 231, 255, 187, 128, 121, 13, 91, 3, 152, 179, 219, 53,
       253, 177, 83, 94, 75, 119, 118, 188, 156, 172, 236, 207, 27, 146,
       16, 183, 188, 113, 247, 5, 158, 26, 194, 216, 9, 165, 183, 166,
       254, 161, 152, 207, 117, 158, 202, 26, 222, 80, 187, 12, 252, 127,
       170, 221, 89, 147, 215, 167, 103, 174, 243, 17, 82, 207, 175, 213,
       125, 55, 215, 174, 253, 34, 154, 235, 213, 151, 255, 155, 122,
       156, 63, 108, 220, 110, 32, 157, 123, 211, 71, 247, 103, 186, 247,
       123, 92, 13, 255, 91, 92, 150, 247, 11, 155, 106, 154, 242, 149,
       184, 119, 223, 77, 92, 231, 172, 238, 182, 228, 206, 59, 151, 149,
       151, 56, 54, 245, 46, 125, 190, 234, 94, 132, 173, 221, 54, 75,
       98, 142, 93, 209, 222, 236, 197, 68, 216, 143, 106, 204, 55, 0,
       248, 233, 131, 231, 204, 35, 78, 253, 50, 52, 141, 27, 117, 63,
       126, 198, 18, 29, 90, 172, 22, 215, 94, 103, 173, 128, 216, 11,
       47, 158, 32, 208, 254, 187, 151, 225, 72, 155, 16, 237, 177, 245,
       138, 139, 37, 26, 43, 15, 40, 157, 58, 219, 213, 205, 253, 167,
       127, 69, 110, 18, 170, 189, 118, 64, 233, 171, 130, 17, 82, 56,
       80, 247, 111, 221, 22, 73, 211, 72, 245, 138, 48, 205, 123, 109,
       84, 203, 111, 247, 85, 164, 126, 66, 51, 41, 177, 48, 122, 254, 6,
       232, 72, 186, 32, 63, 99, 239, 164, 0, 117, 186, 102, 234, 162,
       73, 18, 156, 87, 225, 182, 198, 158, 0, 80, 3, 164, 152, 49, 192,
       200, 107, 147, 67, 38, 58, 18, 251, 37, 16, 138, 43, 21, 93, 53,
       142, 134, 112, 168, 155, 69, 197, 185, 72, 31, 55, 85, 19, 140,
       222, 111, 12, 217, 25, 147, 145, 2, 212, 122, 208, 5, 18, 155,
       111, 148, 29, 29, 198, 11, 23, 107, 201, 244, 183, 187, 87, 86,
       77, 92, 102, 25, 189, 182, 32, 127, 58, 151, 157, 147, 186, 37,
       223, 110, 13, 170, 192, 159, 203, 245, 241, 39, 140, 247, 255,
       252, 175, 254, 235, 31, 162, 249, 82, 252, 120, 53, 33, 255, 243,
       23, 179, 56, 247, 75, 254, 189, 30, 207, 134, 213, 251, 113, 161,
       88, 219, 152, 175, 46, 88, 22, 188, 202, 116, 158, 167, 231, 200,
       203, 66, 166, 71, 236, 67, 206, 1, 239, 49, 242, 225, 46, 59, 52,
       27, 13, 75, 25, 142, 75, 249, 20, 171, 235, 115, 126, 1, 91, 198,
       189, 171, 176, 96, 127, 170, 23, 28, 147, 184, 37, 223, 204, 239,
       186, 192, 189, 136, 113, 185, 3, 148, 123, 233, 114, 163, 185, 83,
       62, 65, 123, 246, 157, 255, 168, 96, 127, 59, 23, 149, 147, 184,
       52, 223, 78, 159, 58, 194, 189, 194, 161, 177, 18, 201, 98, 140,
       87, 144, 190, 101, 141, 76, 216, 135, 44, 142, 54, 196, 238, 163,
       159, 229, 204, 139, 4, 237, 177, 48, 138, 139, 21, 22, 181, 222,
       131, 13, 7, 157, 118, 134, 169, 51, 60, 193, 82, 214, 180, 38,
       176, 229, 102, 47, 26, 141, 181, 152, 53, 206, 4, 34, 186, 128,
       12, 4, 49, 253, 130, 219, 6, 157, 55, 128, 188, 101, 156, 8, 82,
       103, 172, 154, 178, 196, 238, 43, 179, 193, 70, 152, 2, 253, 36,
       48, 154, 139, 30, 28, 185, 143, 18, 201, 10, 140, 124, 212, 190,
       101, 140, 12, 218, 163, 172, 142, 52, 192, 238, 179, 159, 225, 68,
       139, 0, 237, 177, 33, 170, 139, 20, 18, 189, 159, 32, 149, 187,
       193, 213, 237, 241, 87, 95, 77, 124, 28, 146, 189, 124, 72, 217,
       26, 2, 25, 147, 186, 112, 213, 95, 157, 146, 102, 208, 72, 244,
       250, 181, 97, 194, 200, 196, 135, 206, 85, 86, 128, 241, 215, 1,
       201, 244, 0, 120, 168, 2, 221, 217, 183, 20, 130, 48, 140, 167,
       40, 253, 186, 240, 144, 184, 77, 83, 228, 22, 78, 79, 116, 32,
       132, 250, 10, 63, 19, 33, 80, 122, 245, 77, 106, 72, 179, 16, 44,
       241, 232, 38, 16, 99, 186, 103, 41, 151, 143, 64, 187, 222, 145,
       238, 227, 172, 66, 89, 215, 137, 234, 182, 193, 111, 171, 31, 175,
       245, 26, 78, 255, 60, 12, 175, 232, 189, 230, 185, 132, 50, 238,
       106, 160, 54, 139, 250, 230, 41, 141, 248, 171, 47, 13, 150, 16,
       111, 185, 135, 149, 202, 186, 4, 254, 252, 197, 190, 209, 101,
       156, 119, 200, 60, 205, 246, 254, 205, 240, 94, 238, 23, 154, 252,
       3, 107, 251, 57, 201, 249, 235, 191, 234, 122, 251, 74, 255, 251,
       255, 199, 9, 179, 127, 248, 130, 11, 158, 226, 145, 245, 247, 185,
       246, 223, 111, 94, 183, 168, 172, 246, 236, 239, 251, 183, 149,
       183, 248, 54, 247, 14, 94, 222, 195, 159, 204, 189, 221, 19, 123,
       235, 165, 102, 2, 189, 119, 56, 230, 90, 231, 25, 142, 246, 8,
       110, 189, 23, 133, 193, 216, 165, 192, 68, 12, 254, 132, 45, 228,
       183, 249, 21, 68, 75, 224, 22, 162, 107, 82, 52, 192, 218, 198,
       81, 199, 177, 96, 126, 168, 31, 188, 137, 147, 5, 206, 240, 140,
       171, 196, 189, 179, 48, 48, 57, 69, 123, 233, 116, 95, 103, 117,
       85, 44, 127, 2, 19, 29, 176, 176, 122, 156, 150, 106, 233, 178,
       49, 142, 119, 237, 32, 4, 119, 138, 228, 225, 37, 21, 123, 77,
       244, 70, 239, 113, 84, 72, 255, 66, 81, 25, 188, 100, 126, 156,
       22, 234, 185, 178, 53, 78, 119, 46, 162, 4, 125, 171, 240, 177,
       57, 55, 67, 73, 84, 187, 226, 83, 100, 105, 251, 238, 19, 8, 148,
       160, 120, 142, 6, 252, 159, 186, 101, 29, 54, 237, 160, 192, 111,
       138, 242, 188, 189, 107, 109, 120, 132, 83, 79, 216, 83, 246, 180,
       174, 83, 76, 251, 57, 95, 204, 20, 254, 237, 103, 61, 152, 250,
       203, 229, 189, 119, 249, 246, 116, 141, 223, 151, 249, 236, 167,
       175, 223, 158, 26, 90, 118, 220, 123, 185, 233, 255, 83, 63, 107,
       225, 244, 75, 247, 236, 235, 255, 196, 158, 249, 161, 169, 14,
       113, 53, 138, 109, 85, 188, 200, 143, 124, 25, 11, 140, 222, 111,
       135, 204, 25, 147, 195, 70, 2, 218, 208, 55, 80, 207, 175, 18, 63,
       61, 214, 22, 34, 195, 193, 71, 63, 232, 89, 63, 45, 91, 118, 140,
       138, 252, 204, 123, 141, 55, 153, 150, 176, 5, 208, 30, 4, 187,
       230, 191, 14, 113, 135, 6, 34, 235, 193, 70, 34, 168, 80, 63, 179,
       115, 210, 141, 139, 221, 47, 111, 157, 55, 153, 147, 244, 133,
       192, 20, 8, 250, 228, 173, 193, 43, 129, 103, 251, 253, 64, 235,
       124, 189, 159, 171, 255, 52, 237, 12, 190, 223, 62, 167, 87, 245,
       87, 151, 65, 174, 192, 30, 88, 125, 255, 207, 245, 143, 215, 19,
       149, 123, 233, 146, 163, 185, 99, 60, 65, 91, 178, 93, 239, 168,
       96, 126, 187, 23, 176, 19, 153, 36, 223, 248, 175, 170, 192, 181,
       130, 161, 241, 41, 74, 74, 216, 118, 145, 235, 114, 84, 64, 116,
       198, 57, 204, 179, 32, 126, 168, 22, 205, 231, 190, 36, 255, 118,
       207, 186, 168, 125, 136, 120, 217, 11, 183, 97, 171, 244, 181,
       168, 127, 31, 73, 93, 247, 153, 142, 190, 96, 255, 139, 151, 157,
       151, 152, 44, 215, 46, 93, 186, 196, 159, 142, 177, 221, 19, 135,
       106, 172, 150, 130, 233, 119, 20, 5, 219, 198, 89, 234, 184, 64,
       126, 171, 31, 173, 216, 139, 4, 223, 248, 173, 170, 200, 61, 138,
       240, 8, 216, 31, 127, 116, 178, 98, 127, 55, 189, 198, 94, 163,
       125, 63, 161, 115, 38, 119, 29, 161, 224, 217, 37, 238, 243, 235,
       110, 128, 39, 240, 165, 123, 111, 177, 161, 64, 253, 125, 251,
