%YAML:1.0
---
descriptors: !!opencv-matrix
   rows: 126
   cols: 32
   dt: u
   data: [ 58, 59, 239, 253, 173, 87, 121, 123, 31, 239, 252, 7, 235,
       239, 118, 102, 255, 255, 183, 136, 156, 219, 243, 200, 219, 223,
       247, 171, 182, 236, 44, 255, 42, 244, 227, 250, 125, 245, 252, 79,
       219, 95, 93, 19, 56, 221, 94, 36, 207, 59, 147, 129, 194, 98, 58,
       243, 119, 93, 158, 171, 199, 94, 246, 255, 21, 134, 143, 149, 22,
       139, 33, 186, 54, 177, 66, 70, 243, 224, 41, 65, 49, 108, 34, 60,
       35, 248, 15, 31, 76, 39, 119, 68, 168, 40, 49, 168, 52, 132, 139,
       188, 222, 3, 103, 251, 22, 162, 192, 66, 113, 226, 233, 97, 89,
       236, 2, 168, 121, 91, 44, 31, 120, 135, 229, 108, 185, 232, 112,
       160, 48, 32, 207, 141, 92, 3, 233, 75, 22, 161, 194, 74, 81, 128,
       80, 73, 88, 172, 34, 137, 9, 250, 199, 20, 28, 34, 251, 0, 37, 40,
       112, 160, 4, 136, 134, 159, 85, 143, 161, 168, 190, 177, 66, 2,
       228, 224, 40, 65, 113, 110, 34, 16, 2, 216, 27, 125, 13, 38, 207,
       68, 144, 42, 21, 168, 135, 122, 235, 151, 102, 244, 184, 82, 59,
       207, 84, 247, 44, 174, 247, 44, 255, 255, 183, 149, 165, 254, 166,
       226, 30, 126, 254, 234, 199, 245, 55, 247, 53, 65, 106, 172, 22,
       6, 206, 104, 68, 128, 235, 134, 83, 72, 59, 96, 120, 172, 10, 239,
       205, 179, 21, 140, 177, 237, 130, 4, 125, 187, 112, 128, 66, 32,
       18, 136, 78, 11, 168, 72, 143, 32, 194, 11, 132, 136, 116, 64,
       226, 13, 123, 97, 0, 3, 131, 208, 20, 48, 10, 59, 20, 10, 49, 132,
       4, 137, 150, 151, 201, 143, 166, 232, 190, 182, 67, 0, 228, 224,
       43, 79, 177, 102, 98, 66, 4, 216, 27, 125, 13, 38, 71, 3, 128,
       106, 41, 138, 100, 156, 132, 158, 217, 199, 38, 232, 158, 151, 65,
       9, 228, 242, 41, 197, 209, 122, 162, 98, 98, 90, 218, 63, 61, 38,
       79, 111, 144, 106, 45, 138, 34, 32, 70, 201, 77, 3, 104, 72, 135,
       160, 195, 11, 0, 137, 52, 64, 232, 141, 107, 224, 0, 147, 195,
       208, 23, 56, 139, 63, 53, 10, 112, 134, 57, 1, 98, 161, 69, 26,
       248, 64, 109, 32, 246, 139, 10, 29, 50, 100, 106, 132, 223, 237,
       140, 179, 69, 192, 215, 89, 138, 17, 103, 142, 120, 198, 189, 10,
       127, 254, 44, 129, 203, 112, 197, 66, 212, 226, 115, 217, 177, 97,
       78, 240, 22, 78, 169, 167, 38, 173, 210, 235, 226, 152, 63, 187,
       112, 169, 106, 184, 189, 250, 109, 221, 81, 206, 139, 29, 180, 8,
       174, 223, 108, 191, 201, 147, 255, 16, 10, 107, 250, 241, 219,
       217, 80, 127, 82, 8, 70, 250, 197, 205, 221, 222, 190, 34, 111,
       190, 122, 178, 185, 246, 253, 227, 169, 113, 51, 103, 44, 238,
       241, 101, 175, 255, 184, 158, 103, 124, 188, 243, 225, 41, 238,
       189, 188, 255, 157, 143, 95, 191, 31, 191, 228, 28, 250, 255, 23,
       81, 217, 238, 125, 14, 122, 74, 251, 191, 239, 255, 213, 122, 146,
       120, 212, 106, 122, 240, 162, 144, 219, 213, 177, 199, 187, 127,
       156, 191, 12, 188, 110, 6, 189, 149, 215, 177, 246, 99, 184, 211,
       123, 85, 159, 239, 199, 84, 191, 223, 65, 33, 55, 201, 77, 255,
       161, 64, 206, 101, 211, 2, 144, 144, 148, 102, 104, 28, 122, 25,
       129, 183, 247, 208, 21, 56, 138, 74, 6, 9, 53, 164, 144, 40, 123,
       201, 76, 169, 225, 67, 108, 0, 247, 2, 147, 9, 149, 104, 106, 128,
       95, 138, 137, 55, 113, 64, 213, 168, 34, 80, 85, 139, 115, 160,
       223, 245, 247, 254, 139, 53, 31, 248, 135, 254, 149, 230, 93, 247,
       235, 175, 127, 209, 255, 234, 235, 71, 186, 241, 186, 201, 239,
       254, 191, 247, 161, 113, 233, 8, 173, 218, 221, 245, 193, 74, 195,
       121, 165, 24, 146, 153, 116, 110, 201, 162, 18, 153, 43, 47, 122,
       176, 83, 223, 144, 120, 211, 9, 112, 226, 182, 102, 100, 40, 10,
       19, 78, 104, 2, 166, 145, 239, 67, 76, 211, 155, 89, 196, 237,
       255, 236, 103, 207, 24, 152, 0, 229, 188, 117, 191, 94, 84, 9,
       158, 235, 255, 246, 183, 235, 214, 28, 75, 94, 102, 189, 255, 177,
       100, 127, 250, 23, 156, 131, 184, 36, 255, 101, 239, 190, 128,
       183, 219, 113, 249, 52, 81, 11, 44, 29, 71, 198, 104, 196, 200,
       225, 10, 114, 216, 35, 64, 88, 160, 10, 99, 72, 163, 18, 29, 177,
       164, 129, 57, 113, 59, 116, 2, 16, 32, 31, 137, 78, 137, 169, 66,
       44, 33, 194, 66, 148, 130, 64, 72, 106, 13, 106, 137, 2, 157, 197,
       80, 20, 32, 58, 0, 29, 8, 33, 168, 2, 122, 243, 177, 102, 201,
       185, 210, 158, 223, 80, 247, 156, 158, 245, 41, 175, 57, 151, 213,
       131, 93, 162, 240, 92, 16, 254, 170, 141, 29, 39, 251, 131, 122,
       227, 191, 118, 228, 186, 82, 30, 203, 82, 247, 189, 238, 181, 40,
       255, 123, 151, 149, 163, 190, 54, 235, 14, 127, 186, 202, 141,
       205, 49, 249, 32, 32, 142, 140, 73, 131, 160, 72, 198, 176, 224,
       2, 64, 194, 96, 66, 120, 44, 106, 240, 2, 211, 131, 93, 29, 32,
       139, 61, 17, 42, 111, 130, 10, 156, 250, 255, 118, 241, 191, 246,
       30, 79, 124, 163, 189, 254, 55, 32, 255, 123, 151, 131, 134, 186,
       42, 251, 119, 127, 186, 169, 215, 223, 37, 251, 125, 156, 247,
       231, 228, 118, 127, 176, 117, 234, 126, 230, 91, 61, 159, 244,
       127, 220, 181, 234, 169, 240, 45, 170, 110, 255, 231, 134, 175,
       247, 112, 117, 18, 96, 19, 136, 15, 11, 160, 72, 172, 32, 195, 11,
       132, 130, 36, 68, 234, 13, 106, 225, 0, 131, 145, 208, 145, 48,
       10, 58, 20, 10, 49, 130, 68, 169, 150, 31, 73, 141, 160, 40, 174,
       144, 67, 0, 228, 242, 104, 66, 208, 100, 106, 64, 2, 193, 155,
       121, 13, 50, 79, 11, 0, 42, 33, 134, 66, 161, 22, 141, 89, 193,
       160, 72, 174, 176, 192, 9, 228, 194, 73, 194, 208, 109, 106, 97,
       6, 67, 218, 89, 29, 48, 11, 63, 16, 34, 39, 134, 66, 33, 22, 140,
       93, 197, 160, 72, 174, 132, 195, 10, 228, 210, 100, 70, 240, 45,
       106, 97, 2, 99, 146, 93, 21, 48, 11, 59, 0, 34, 33, 6, 114, 33, 2,
       136, 93, 67, 160, 72, 141, 0, 195, 11, 0, 136, 36, 196, 248, 141,
       107, 225, 8, 35, 147, 216, 17, 48, 139, 63, 17, 10, 124, 134, 3,
       158, 195, 139, 242, 182, 170, 115, 60, 65, 91, 231, 253, 110, 182,
       228, 55, 175, 23, 173, 151, 152, 53, 255, 44, 46, 186, 192, 173,
       198, 161, 221, 125, 34, 207, 228, 134, 34, 73, 81, 209, 226, 247,
       254, 83, 201, 184, 42, 122, 164, 92, 188, 185, 247, 164, 10, 210,
       239, 225, 212, 237, 235, 114, 32, 253, 10, 239, 254, 44, 162, 75,
       80, 197, 194, 247, 194, 113, 235, 181, 107, 78, 224, 62, 238, 169,
       167, 38, 168, 82, 235, 226, 136, 63, 171, 112, 33, 221, 207, 202,
       190, 222, 50, 206, 252, 90, 226, 153, 254, 125, 234, 185, 227,
       115, 231, 126, 239, 245, 103, 141, 255, 56, 111, 239, 188, 189,
       243, 233, 5, 132, 239, 220, 182, 246, 107, 175, 252, 26, 182, 61,
       250, 255, 237, 171, 33, 63, 255, 38, 226, 240, 126, 174, 255, 236,
       135, 119, 237, 180, 251, 135, 161, 213, 205, 223, 254, 188, 38,
       79, 252, 126, 242, 187, 86, 125, 227, 185, 97, 115, 231, 44, 234,
       241, 199, 187, 255, 248, 175, 231, 84, 185, 243, 225, 56, 138,
       140, 176, 147, 213, 255, 178, 171, 31, 47, 79, 17, 204, 62, 46,
       196, 209, 27, 147, 49, 54, 216, 121, 255, 47, 87, 159, 71, 146,
       76, 157, 198, 130, 208, 130, 155, 113, 182, 184, 198, 62, 7, 66,
       151, 140, 206, 46, 204, 247, 9, 147, 149, 54, 156, 17, 215, 14,
       54, 154, 195, 156, 4, 41, 222, 10, 153, 181, 143, 93, 212, 176,
       172, 143, 189, 66, 1, 236, 254, 68, 198, 192, 85, 187, 81, 70, 88,
       251, 241, 13, 112, 223, 67, 130, 14, 21, 206, 4, 136, 148, 149,
       13, 135, 48, 168, 30, 177, 66, 3, 228, 242, 105, 75, 209, 105, 35,
       80, 2, 208, 91, 221, 77, 18, 207, 67, 16, 42, 17, 130, 67, 128,
       182, 93, 60, 82, 161, 40, 94, 152, 86, 2, 224, 232, 188, 101, 217,
       108, 58, 25, 163, 248, 239, 221, 13, 62, 207, 70, 213, 40, 81, 36,
       39, 165, 96, 17, 213, 183, 186, 235, 95, 224, 80, 71, 232, 104,
       191, 165, 217, 11, 146, 181, 183, 248, 93, 223, 44, 30, 143, 231,
       221, 12, 89, 132, 253, 237, 239, 248, 174, 0, 79, 220, 211, 146,
