%YAML:1.0
---
descriptors: !!opencv-matrix
   rows: 202
   cols: 32
   dt: u
   data: [ 169, 183, 123, 225, 244, 137, 187, 87, 94, 77, 125, 254, 189,
       220, 254, 32, 158, 59, 23, 29, 147, 184, 36, 195, 108, 221, 46,
       224, 76, 138, 215, 249, 250, 245, 50, 164, 125, 86, 22, 230, 169,
       236, 188, 11, 46, 158, 99, 215, 238, 247, 223, 99, 108, 75, 144,
       204, 179, 80, 14, 63, 2, 20, 47, 95, 25, 149, 123, 206, 246, 210,
       125, 119, 101, 76, 126, 230, 57, 63, 182, 224, 126, 186, 151, 172,
       209, 152, 36, 223, 114, 237, 162, 192, 55, 142, 244, 125, 45, 53,
       237, 231, 236, 47, 79, 57, 5, 226, 255, 142, 211, 109, 88, 34, 94,
       206, 127, 174, 217, 176, 253, 136, 198, 207, 197, 20, 111, 234,
       208, 240, 123, 219, 80, 77, 59, 157, 84, 63, 237, 236, 190, 237,
       42, 130, 198, 215, 38, 166, 236, 108, 223, 40, 245, 221, 190, 249,
       36, 250, 122, 140, 72, 93, 107, 249, 228, 84, 233, 94, 252, 189,
       235, 249, 182, 173, 72, 60, 223, 191, 174, 199, 253, 237, 205, 91,
       245, 205, 62, 123, 221, 247, 207, 180, 218, 93, 125, 164, 233,
       111, 159, 103, 79, 232, 102, 98, 236, 10, 83, 115, 24, 112, 121,
       204, 122, 238, 25, 2, 255, 29, 251, 239, 129, 124, 53, 243, 242,
       224, 49, 78, 111, 254, 30, 129, 203, 114, 196, 64, 248, 230, 51,
       200, 181, 96, 110, 224, 22, 207, 205, 171, 38, 189, 80, 44, 162,
       152, 125, 187, 112, 136, 170, 72, 186, 219, 93, 245, 186, 72, 31,
       71, 85, 19, 172, 220, 63, 236, 217, 57, 179, 147, 38, 182, 122,
       251, 7, 127, 154, 75, 150, 13, 61, 198, 57, 189, 123, 96, 210,
       205, 115, 87, 96, 1, 108, 8, 55, 147, 32, 48, 50, 186, 6, 24, 27,
       186, 176, 15, 127, 141, 32, 104, 227, 130, 226, 171, 72, 57, 26,
       254, 33, 220, 114, 48, 169, 12, 110, 9, 190, 243, 34, 208, 160,
       51, 253, 64, 20, 153, 146, 45, 195, 253, 32, 11, 66, 2, 15, 11,
       184, 132, 59, 250, 223, 237, 209, 71, 223, 21, 45, 26, 62, 185,
       96, 9, 233, 42, 18, 24, 50, 107, 50, 181, 91, 217, 16, 123, 243,
       72, 228, 170, 184, 137, 41, 249, 221, 237, 193, 103, 215, 17, 228,
       18, 179, 185, 48, 96, 72, 170, 2, 8, 58, 42, 114, 151, 207, 251,
       144, 89, 115, 8, 208, 170, 201, 93, 53, 101, 36, 14, 103, 52, 124,
       234, 118, 68, 223, 49, 145, 115, 180, 116, 124, 110, 225, 244, 49,
       14, 231, 251, 101, 4, 72, 177, 67, 121, 187, 209, 98, 205, 199,
       23, 237, 127, 85, 65, 214, 210, 9, 188, 180, 228, 126, 190, 183,
       169, 249, 186, 53, 223, 179, 253, 222, 194, 63, 140, 248, 189,
       207, 186, 242, 251, 45, 181, 122, 146, 175, 91, 151, 244, 188,
       223, 220, 254, 167, 51, 255, 23, 147, 69, 139, 243, 11, 125, 58,
       210, 142, 197, 169, 53, 171, 174, 124, 59, 254, 251, 185, 119,
       221, 93, 125, 189, 189, 44, 150, 57, 143, 43, 215, 21, 182, 186,
       100, 221, 70, 91, 58, 209, 213, 204, 207, 217, 6, 170, 134, 158,
       217, 198, 162, 232, 186, 149, 64, 1, 228, 226, 107, 207, 113, 110,
       162, 81, 38, 210, 138, 125, 29, 38, 79, 111, 144, 38, 45, 198,
       219, 223, 7, 190, 18, 150, 46, 183, 180, 74, 210, 231, 237, 110,
       178, 193, 230, 231, 191, 197, 237, 137, 23, 255, 176, 98, 254,
       128, 60, 148, 185, 93, 211, 93, 231, 156, 36, 86, 239, 182, 241,
       202, 210, 230, 241, 126, 181, 231, 102, 230, 60, 207, 237, 207,
       167, 234, 176, 42, 238, 128, 45, 244, 49, 125, 1, 133, 72, 211,
       213, 149, 236, 167, 127, 37, 78, 146, 169, 42, 54, 228, 106, 171,
       10, 156, 118, 152, 61, 247, 47, 12, 158, 64, 53, 136, 233, 172,
       158, 189, 239, 161, 151, 79, 150, 207, 54, 113, 202, 151, 219, 94,
       104, 64, 125, 223, 223, 241, 122, 217, 89, 162, 253, 197, 143, 87,
       173, 40, 180, 90, 56, 243, 105, 101, 116, 91, 95, 252, 97, 232,
       252, 168, 27, 13, 149, 176, 30, 220, 215, 110, 201, 178, 224, 172,
       246, 221, 37, 180, 103, 187, 86, 249, 76, 53, 247, 108, 169, 122,
       127, 27, 169, 130, 255, 32, 223, 247, 1, 251, 150, 213, 253, 122,
       25, 225, 177, 200, 243, 255, 103, 13, 226, 243, 231, 51, 126, 225,
       112, 232, 29, 213, 90, 201, 43, 45, 249, 9, 11, 219, 76, 212, 248,
       153, 149, 240, 90, 50, 216, 213, 187, 221, 143, 127, 115, 142,
       238, 134, 57, 83, 122, 238, 118, 151, 90, 120, 5, 76, 253, 15,
       123, 95, 58, 144, 126, 168, 151, 110, 204, 162, 120, 157, 242,
       205, 161, 137, 127, 139, 122, 211, 136, 156, 63, 189, 52, 237,
       121, 55, 189, 75, 86, 53, 188, 63, 32, 65, 198, 51, 191, 0, 51,
       156, 113, 223, 199, 191, 58, 128, 14, 136, 21, 251, 56, 83, 106,
       110, 116, 215, 91, 120, 69, 204, 125, 167, 115, 205, 179, 16, 126,
       184, 23, 238, 200, 178, 32, 13, 114, 237, 160, 129, 119, 187, 110,
       249, 33, 255, 107, 69, 116, 139, 239, 244, 117, 72, 126, 230, 115,
       65, 180, 52, 126, 168, 22, 238, 225, 186, 36, 111, 102, 12, 164,
       128, 109, 154, 114, 189, 32, 201, 27, 169, 85, 197, 180, 229, 28,
       4, 112, 2, 180, 157, 32, 64, 216, 59, 3, 193, 66, 186, 80, 253,
       101, 145, 142, 73, 85, 8, 245, 170, 34, 235, 18, 136, 118, 129,
       178, 228, 30, 0, 88, 111, 172, 200, 52, 4, 218, 57, 131, 65, 66,
       58, 2, 255, 52, 20, 138, 43, 93, 11, 121, 143, 40, 105, 120, 101,
       116, 79, 87, 17, 101, 172, 254, 8, 147, 13, 19, 48, 24, 172, 71,
       120, 72, 178, 113, 12, 231, 221, 36, 49, 98, 170, 78, 234, 64,
       161, 157, 157, 12, 129, 160, 40, 142, 176, 195, 66, 244, 226, 72,
       66, 208, 109, 106, 209, 7, 65, 203, 89, 12, 32, 207, 44, 24, 34,
       33, 0, 2, 59, 235, 97, 112, 233, 121, 23, 63, 237, 126, 136, 189,
       159, 65, 48, 54, 59, 183, 144, 131, 152, 178, 66, 207, 213, 62,
       161, 164, 192, 7, 251, 251, 95, 125, 101, 50, 218, 127, 55, 113,
       236, 254, 239, 187, 63, 151, 117, 38, 247, 221, 206, 237, 152,
       101, 172, 102, 249, 164, 146, 47, 180, 86, 125, 47, 183, 249, 227,
       245, 127, 251, 91, 15, 109, 61, 127, 159, 61, 222, 164, 223, 27,
       151, 29, 151, 184, 121, 210, 79, 221, 187, 246, 223, 207, 221,
       211, 117, 41, 233, 229, 85, 7, 75, 234, 65, 224, 236, 14, 19, 45,
       85, 48, 120, 236, 18, 238, 25, 59, 241, 168, 127, 141, 129, 48,
       235, 187, 114, 48, 42, 29, 246, 220, 237, 125, 244, 111, 217, 190,
       244, 11, 40, 188, 119, 159, 237, 255, 179, 227, 244, 123, 178,
       232, 55, 123, 215, 43, 215, 125, 110, 207, 107, 185, 230, 4, 239,
       212, 252, 39, 235, 253, 182, 143, 8, 188, 214, 182, 174, 167, 247,
       221, 213, 122, 246, 192, 63, 121, 207, 207, 71, 180, 222, 95, 117,
       97, 171, 104, 221, 103, 79, 201, 70, 224, 237, 8, 82, 241, 121,
       48, 88, 200, 50, 254, 11, 35, 187, 49, 249, 141, 133, 124, 241,
       123, 114, 162, 187, 215, 104, 108, 51, 219, 223, 253, 21, 76, 252,
       175, 123, 93, 190, 180, 222, 145, 149, 103, 239, 186, 125, 159,
       250, 223, 37, 215, 127, 142, 220, 127, 27, 147, 64, 171, 178, 146,
       58, 189, 47, 105, 91, 231, 237, 10, 170, 212, 182, 15, 159, 181,
       151, 152, 13, 245, 188, 116, 186, 198, 190, 134, 169, 93, 174, 92,
       186, 187, 237, 245, 191, 202, 95, 94, 84, 19, 172, 220, 127, 200,
       217, 123, 179, 19, 230, 182, 122, 242, 87, 87, 222, 11, 151, 93,
       189, 198, 33, 160, 211, 89, 69, 253, 224, 202, 251, 81, 96, 88,
       58, 208, 252, 188, 57, 10, 2, 24, 19, 118, 182, 209, 7, 56, 16,
       104, 219, 136, 74, 164, 218, 234, 94, 176, 34, 130, 61, 229, 173,
       188, 151, 167, 13, 207, 226, 27, 166, 181, 207, 227, 68, 213, 130,
       196, 242, 193, 111, 207, 37, 148, 175, 211, 19, 72, 75, 252, 14,
       128, 77, 230, 132, 2, 192, 130, 49, 131, 48, 96, 106, 225, 27,
       204, 72, 143, 22, 173, 240, 175, 154, 8, 53, 152, 48, 40, 83, 189,
       191, 245, 177, 220, 125, 183, 249, 233, 126, 8, 190, 190, 4, 126,
       166, 119, 253, 1, 209, 216, 176, 236, 251, 255, 94, 130, 200, 80,
       135, 63, 32, 32, 14, 140, 76, 131, 161, 72, 142, 176, 224, 10, 84,
       194, 96, 80, 88, 172, 106, 32, 2, 211, 211, 93, 21, 32, 139, 60,
