%YAML:1.0
---
descriptors: !!opencv-matrix
   rows: 286
   cols: 32
   dt: u
   data: [ 38, 164, 218, 206, 87, 243, 250, 105, 31, 129, 125, 27, 104,
       249, 44, 20, 123, 250, 147, 168, 48, 183, 10, 223, 126, 159, 139,
       239, 87, 235, 250, 130, 139, 159, 239, 247, 238, 180, 189, 247,
       191, 91, 151, 247, 253, 255, 191, 43, 239, 115, 255, 141, 183,
       207, 127, 227, 78, 95, 255, 130, 143, 244, 177, 249, 143, 205,
       173, 183, 181, 47, 127, 188, 30, 255, 7, 19, 213, 103, 91, 75,
       213, 78, 49, 127, 250, 212, 91, 171, 239, 223, 223, 116, 130, 127,
       153, 98, 75, 157, 158, 191, 189, 246, 188, 167, 175, 217, 222, 38,
       236, 254, 102, 226, 231, 255, 191, 145, 215, 249, 187, 225, 191,
       255, 223, 195, 142, 110, 169, 95, 1, 207, 5, 155, 212, 139, 167,
       175, 94, 65, 90, 199, 245, 224, 48, 196, 121, 42, 42, 141, 83,
       184, 79, 247, 172, 6, 191, 64, 93, 14, 217, 232, 59, 221, 100, 67,
       149, 211, 71, 255, 85, 238, 222, 135, 99, 109, 182, 164, 89, 146,
       151, 174, 249, 184, 125, 191, 107, 207, 133, 213, 119, 142, 220,
       124, 253, 69, 173, 103, 142, 79, 79, 184, 68, 246, 130, 15, 211,
       108, 17, 107, 88, 198, 125, 239, 237, 99, 255, 40, 249, 235, 237,
       20, 109, 250, 208, 114, 27, 30, 111, 245, 230, 186, 109, 247, 125,
       91, 254, 246, 217, 47, 183, 125, 111, 231, 63, 174, 153, 240, 39,
       244, 214, 235, 242, 132, 175, 241, 225, 249, 214, 54, 158, 183,
       169, 44, 52, 7, 187, 255, 147, 29, 206, 254, 74, 27, 167, 119,
       109, 21, 181, 77, 251, 226, 157, 242, 95, 251, 136, 96, 135, 87,
       145, 241, 243, 129, 207, 247, 178, 77, 119, 233, 251, 115, 24,
       156, 126, 228, 253, 158, 190, 145, 223, 183, 63, 210, 31, 92, 135,
       103, 175, 12, 244, 247, 188, 49, 247, 193, 205, 115, 241, 79, 103,
       253, 251, 178, 10, 156, 236, 174, 252, 156, 166, 176, 223, 247,
       167, 194, 31, 88, 167, 239, 231, 108, 244, 247, 50, 115, 234, 197,
       196, 106, 241, 95, 55, 253, 255, 183, 10, 141, 238, 79, 120, 204,
       167, 188, 26, 242, 163, 192, 95, 169, 214, 135, 227, 236, 244,
       243, 94, 252, 176, 186, 169, 217, 87, 198, 171, 127, 180, 41, 174,
       223, 66, 31, 135, 243, 253, 80, 78, 75, 234, 177, 251, 209, 53,
       251, 18, 21, 143, 91, 33, 46, 253, 85, 36, 94, 229, 55, 104, 250,
       118, 88, 211, 56, 149, 175, 140, 102, 118, 42, 229, 240, 101, 8,
       7, 223, 117, 128, 198, 248, 210, 237, 124, 122, 252, 246, 170, 97,
       91, 152, 163, 253, 149, 187, 31, 127, 75, 27, 135, 215, 253, 211,
       10, 67, 202, 33, 251, 227, 173, 253, 164, 243, 142, 83, 5, 140,
       134, 151, 213, 155, 167, 239, 94, 247, 70, 22, 224, 224, 171, 109,
       121, 110, 34, 46, 53, 252, 47, 127, 44, 38, 215, 65, 144, 120,
       149, 236, 236, 132, 130, 190, 220, 35, 102, 239, 22, 162, 192, 26,
       117, 227, 105, 208, 121, 238, 34, 170, 48, 111, 155, 191, 124,
       231, 255, 109, 176, 104, 240, 168, 1, 136, 151, 159, 30, 139, 161,
       171, 222, 177, 66, 66, 228, 224, 56, 207, 51, 111, 42, 25, 51,
       248, 15, 253, 12, 34, 223, 68, 156, 40, 25, 140, 52, 172, 214,
       189, 156, 35, 134, 235, 22, 163, 176, 26, 247, 224, 64, 1, 89,
       230, 106, 33, 56, 239, 203, 31, 184, 135, 223, 116, 193, 104, 83,
       136, 57, 150, 107, 237, 116, 182, 75, 127, 117, 73, 253, 118, 123,
       127, 190, 240, 127, 139, 23, 172, 187, 186, 117, 223, 250, 239,
       178, 192, 255, 134, 226, 249, 67, 32, 23, 153, 110, 139, 184, 72,
       174, 49, 210, 195, 172, 216, 116, 202, 230, 61, 123, 21, 131, 235,
       135, 209, 20, 56, 27, 202, 28, 12, 49, 141, 209, 181, 55, 48, 141,
       253, 80, 19, 251, 83, 128, 93, 158, 248, 66, 251, 133, 35, 92, 29,
       191, 107, 146, 81, 153, 91, 90, 122, 200, 68, 139, 87, 48, 191,
       250, 161, 244, 175, 227, 223, 127, 173, 250, 78, 31, 41, 22, 16,
       255, 207, 79, 49, 152, 187, 209, 238, 254, 188, 23, 100, 237, 202,
       210, 136, 235, 223, 105, 251, 236, 249, 255, 191, 95, 78, 220,
       246, 249, 111, 191, 233, 95, 251, 159, 143, 227, 62, 111, 255,
       230, 255, 254, 168, 183, 220, 213, 249, 185, 70, 111, 253, 54,
       250, 105, 95, 117, 202, 246, 86, 123, 79, 179, 105, 126, 174, 31,
       190, 235, 254, 101, 255, 246, 235, 178, 128, 55, 216, 240, 249,
       15, 30, 147, 254, 229, 182, 63, 83, 189, 206, 95, 84, 204, 255,
       35, 236, 215, 127, 179, 3, 145, 145, 50, 194, 5, 118, 154, 130,
       142, 231, 185, 149, 220, 94, 63, 186, 168, 180, 28, 132, 180, 94,
       147, 181, 207, 110, 171, 203, 231, 199, 237, 135, 252, 197, 27,
       241, 210, 251, 126, 147, 152, 117, 173, 83, 138, 76, 64, 255, 27,
       249, 186, 150, 30, 64, 68, 130, 189, 223, 1, 229, 38, 123, 179,
       202, 39, 28, 123, 255, 199, 231, 10, 137, 119, 149, 13, 250, 154,
       174, 96, 123, 23, 187, 248, 103, 117, 35, 86, 155, 171, 9, 28, 37,
       59, 170, 21, 136, 186, 156, 69, 191, 231, 239, 154, 225, 119, 132,
       223, 142, 61, 135, 74, 191, 84, 131, 106, 121, 23, 0, 253, 199,
       115, 195, 42, 64, 120, 168, 6, 174, 122, 179, 14, 191, 242, 239,
       163, 72, 61, 170, 120, 128, 17, 71, 111, 238, 22, 131, 107, 117,
       116, 128, 255, 98, 115, 227, 185, 96, 122, 180, 46, 232, 233, 179,
       45, 15, 240, 239, 163, 0, 101, 178, 100, 32, 26, 239, 194, 237,
       83, 128, 62, 103, 55, 1, 248, 163, 41, 239, 32, 80, 126, 187, 151,
       128, 74, 155, 0, 255, 245, 228, 142, 139, 55, 82, 175, 138, 3,
       186, 15, 191, 122, 130, 168, 67, 190, 249, 83, 247, 180, 142, 146,
       75, 230, 47, 123, 133, 135, 220, 135, 117, 4, 34, 250, 192, 12, 0,
       57, 221, 170, 234, 10, 191, 109, 135, 190, 244, 150, 14, 244, 135,
       232, 207, 50, 64, 252, 233, 207, 198, 204, 151, 90, 255, 118, 69,
       175, 168, 29, 30, 41, 218, 27, 177, 226, 155, 231, 151, 189, 236,
       30, 65, 215, 151, 72, 254, 62, 236, 254, 171, 183, 149, 215, 218,
       30, 241, 124, 62, 158, 202, 159, 94, 185, 215, 91, 135, 70, 199,
       23, 18, 110, 249, 101, 32, 255, 230, 107, 99, 186, 228, 122, 198,
       142, 238, 221, 179, 13, 237, 178, 108, 135, 133, 47, 231, 248, 36,
       175, 232, 4, 191, 124, 151, 238, 252, 30, 232, 211, 199, 252, 202,
       114, 192, 248, 105, 63, 215, 223, 159, 79, 255, 190, 93, 175, 234,
       28, 14, 184, 213, 253, 124, 10, 19, 9, 253, 22, 192, 244, 194,
       167, 8, 114, 208, 75, 249, 249, 232, 202, 118, 110, 103, 248, 62,
       243, 1, 3, 59, 74, 59, 106, 22, 73, 246, 120, 51, 35, 127, 117,
       63, 63, 127, 55, 253, 95, 61, 202, 185, 151, 30, 253, 5, 245, 92,
       185, 151, 238, 215, 117, 247, 238, 204, 158, 123, 41, 80, 97, 71,
       116, 95, 235, 48, 77, 104, 126, 76, 243, 28, 149, 180, 216, 12,
       22, 111, 205, 176, 117, 61, 7, 28, 160, 176, 90, 139, 82, 253,
       135, 125, 22, 155, 237, 239, 182, 68, 238, 123, 211, 19, 204, 154,
       70, 104, 236, 191, 251, 195, 86, 255, 219, 242, 213, 48, 26, 67,
       88, 95, 169, 135, 204, 232, 141, 247, 168, 44, 111, 184, 150, 191,
       6, 17, 213, 231, 89, 75, 209, 70, 125, 94, 58, 68, 219, 179, 239,
       219, 253, 252, 128, 121, 148, 98, 149, 141, 156, 190, 188, 103,
       86, 168, 214, 250, 153, 24, 247, 121, 57, 99, 217, 99, 126, 107,
       125, 101, 91, 63, 233, 223, 101, 28, 152, 123, 152, 2, 2, 143, 67,
       175, 212, 129, 238, 231, 31, 1, 88, 199, 165, 233, 48, 192, 123,
       171, 19, 133, 83, 154, 68, 255, 180, 52, 158, 232, 60, 14, 185,
       136, 19, 207, 10, 143, 152, 211, 47, 231, 22, 97, 206, 198, 224,
       230, 162, 68, 121, 170, 58, 140, 95, 154, 121, 191, 188, 36, 143,
       192, 56, 30, 184, 92, 75, 223, 172, 94, 186, 212, 191, 191, 254,
       95, 78, 165, 248, 252, 190, 224, 87, 102, 185, 141, 247, 8, 175,
       127, 110, 47, 255, 141, 30, 246, 189, 121, 253, 81, 237, 229, 140,
       74, 71, 184, 96, 226, 158, 10, 211, 117, 89, 123, 24, 228, 125,
       239, 201, 114, 255, 8, 245, 235, 229, 180, 100, 250, 214, 96, 230,
       165, 237, 227, 236, 81, 78, 169, 131, 189, 181, 24, 211, 119, 220,
