%YAML:1.0
---
descriptors: !!opencv-matrix
   rows: 79
   cols: 32
   dt: u
   data: [ 170, 248, 224, 154, 203, 209, 156, 206, 159, 87, 196, 187, 40,
       222, 102, 140, 223, 251, 147, 209, 126, 94, 250, 243, 95, 87, 159,
       235, 151, 29, 190, 222, 34, 159, 18, 154, 221, 161, 182, 231, 158,
       13, 248, 99, 172, 248, 44, 196, 217, 59, 139, 1, 86, 43, 74, 247,
       57, 52, 142, 91, 209, 94, 189, 143, 38, 237, 114, 210, 253, 165,
       254, 239, 95, 3, 248, 11, 104, 249, 124, 20, 251, 251, 19, 147,
       86, 187, 10, 247, 63, 30, 151, 107, 199, 223, 240, 142, 26, 13,
       234, 191, 215, 246, 126, 119, 55, 197, 94, 131, 61, 191, 51, 192,
       126, 251, 151, 149, 148, 154, 20, 236, 255, 239, 190, 129, 167,
       214, 189, 218, 101, 56, 249, 69, 100, 108, 107, 18, 105, 238, 126,
       108, 243, 55, 209, 58, 22, 124, 116, 90, 129, 48, 241, 40, 71,
       157, 33, 160, 196, 251, 70, 241, 5, 157, 227, 205, 213, 255, 230,
       230, 78, 225, 90, 66, 248, 248, 181, 228, 121, 110, 50, 137, 149,
       184, 61, 255, 44, 62, 135, 4, 221, 127, 241, 236, 42, 252, 242,
       90, 215, 245, 176, 199, 127, 71, 124, 23, 44, 220, 103, 172, 187,
       187, 179, 16, 134, 191, 186, 243, 95, 95, 22, 107, 215, 92, 239,
       207, 70, 136, 148, 158, 139, 45, 180, 238, 191, 51, 136, 91, 228,
       250, 104, 78, 237, 215, 123, 3, 16, 79, 203, 241, 157, 54, 223,
       62, 144, 121, 161, 6, 67, 147, 191, 241, 164, 38, 253, 151, 202,
       251, 82, 116, 148, 63, 248, 106, 199, 86, 61, 29, 147, 249, 163,
       192, 76, 255, 254, 196, 140, 216, 241, 121, 118, 113, 2, 142, 91,
       7, 150, 104, 137, 128, 209, 11, 70, 220, 33, 148, 252, 177, 223,
       227, 76, 35, 24, 220, 177, 0, 137, 59, 81, 63, 50, 130, 10, 148,
       56, 169, 83, 225, 187, 111, 30, 5, 89, 179, 172, 255, 42, 64, 219,
       27, 147, 145, 18, 154, 66, 223, 237, 87, 154, 203, 149, 68, 165,
       218, 58, 102, 226, 216, 251, 241, 250, 206, 31, 143, 124, 171, 41,
       239, 231, 156, 255, 251, 167, 145, 14, 30, 174, 243, 30, 84, 159,
       235, 183, 215, 62, 253, 2, 143, 14, 169, 182, 163, 186, 35, 12, 5,
       91, 167, 196, 35, 34, 64, 247, 51, 139, 177, 18, 152, 1, 253, 204,
       39, 138, 199, 148, 10, 189, 19, 209, 155, 127, 237, 180, 206, 121,
       53, 52, 76, 246, 245, 247, 23, 146, 113, 102, 150, 93, 236, 249,
       184, 101, 13, 230, 233, 34, 192, 44, 128, 229, 121, 83, 21, 71,
       173, 178, 50, 46, 35, 164, 192, 203, 199, 125, 102, 176, 247, 118,
       231, 120, 173, 181, 153, 53, 204, 176, 98, 202, 128, 44, 230, 177,
       84, 211, 129, 111, 221, 166, 66, 237, 37, 116, 64, 214, 178, 81,
       38, 180, 103, 118, 230, 60, 239, 241, 217, 165, 76, 240, 42, 238,
       128, 37, 176, 177, 108, 90, 141, 18, 190, 181, 241, 86, 103, 23,
       7, 200, 41, 175, 250, 34, 212, 217, 187, 141, 1, 78, 11, 66, 191,
       177, 245, 158, 27, 16, 94, 172, 14, 118, 169, 208, 254, 95, 201,
       122, 232, 43, 177, 224, 11, 110, 250, 76, 84, 250, 253, 115, 209,
       74, 122, 218, 241, 29, 190, 143, 127, 181, 42, 122, 134, 36, 67,
       39, 142, 29, 143, 130, 104, 134, 4, 209, 199, 230, 201, 57, 132,
       88, 40, 75, 111, 192, 163, 78, 29, 33, 32, 9, 24, 85, 63, 84, 224,
       188, 120, 248, 224, 141, 95, 85, 222, 71, 182, 180, 10, 27, 29,
       81, 43, 136, 216, 255, 90, 74, 103, 115, 128, 211, 217, 197, 61,
       243, 249, 84, 34, 162, 226, 224, 26, 237, 185, 252, 207, 27, 127,
       20, 187, 168, 236, 222, 140, 153, 202, 231, 21, 182, 126, 238,
       243, 30, 86, 221, 255, 215, 92, 222, 204, 138, 248, 170, 185, 229,
       213, 249, 215, 159, 79, 84, 151, 188, 220, 118, 40, 221, 43, 151,
       149, 183, 188, 54, 243, 79, 95, 158, 235, 158, 28, 245, 254, 8,
       156, 51, 250, 117, 237, 185, 119, 188, 73, 90, 0, 188, 255, 32,
       96, 229, 59, 19, 17, 51, 185, 48, 255, 237, 255, 26, 66, 144, 8,
       37, 251, 114, 121, 98, 232, 95, 205, 82, 72, 227, 164, 184, 11,
       43, 217, 85, 22, 232, 157, 255, 241, 78, 35, 211, 209, 155, 217,
       129, 59, 115, 46, 126, 6, 52, 0, 26, 168, 104, 7, 18, 72, 44, 32,
       225, 9, 86, 194, 41, 88, 248, 137, 14, 98, 12, 39, 0, 64, 209,
       128, 10, 29, 80, 43, 35, 2, 35, 156, 185, 249, 245, 239, 251, 151,
       95, 107, 94, 86, 188, 159, 38, 96, 205, 187, 23, 145, 183, 188,
       113, 255, 239, 255, 190, 194, 156, 8, 177, 251, 158, 237, 244,
       247, 175, 251, 222, 230, 255, 246, 191, 147, 239, 110, 31, 15,
       175, 231, 253, 215, 126, 229, 107, 234, 171, 222, 95, 147, 231,
       255, 207, 79, 10, 175, 34, 153, 211, 243, 186, 199, 31, 13, 92,
       163, 172, 174, 38, 68, 255, 59, 131, 145, 22, 154, 64, 255, 62,
       85, 158, 203, 151, 68, 175, 223, 146, 221, 30, 176, 119, 143, 184,
       230, 189, 160, 90, 2, 12, 190, 37, 64, 167, 253, 31, 193, 96, 157,
       16, 254, 191, 222, 26, 98, 16, 56, 41, 139, 73, 90, 241, 77, 32,
       92, 109, 51, 105, 74, 126, 100, 255, 55, 145, 126, 23, 116, 124,
       46, 193, 180, 179, 75, 198, 254, 114, 128, 78, 240, 1, 121, 118,
       49, 2, 138, 79, 75, 178, 72, 140, 32, 145, 139, 70, 220, 41, 128,
       120, 157, 219, 227, 8, 35, 216, 192, 145, 0, 139, 63, 85, 47, 54,
       146, 10, 227, 1, 169, 89, 133, 44, 207, 166, 21, 72, 197, 173,
       135, 104, 196, 101, 27, 235, 132, 66, 26, 211, 209, 165, 228, 158,
       236, 16, 22, 165, 184, 38, 191, 147, 138, 248, 237, 167, 207, 159,
       207, 120, 109, 164, 246, 110, 16, 217, 235, 2, 17, 87, 59, 218,
       117, 60, 22, 31, 110, 217, 90, 231, 223, 122, 186, 243, 182, 243,
       244, 216, 198, 187, 253, 181, 185, 46, 254, 86, 154, 167, 255,
       245, 149, 158, 107, 170, 224, 155, 92, 31, 251, 199, 133, 167,
       223, 66, 227, 143, 154, 74, 192, 188, 111, 190, 21, 192, 177, 172,
       198, 104, 75, 230, 19, 235, 144, 82, 75, 195, 113, 189, 50, 222,
       203, 144, 0, 165, 219, 53, 29, 107, 254, 22, 198, 203, 240, 212,
       64, 219, 102, 113, 251, 176, 96, 126, 250, 30, 234, 155, 139, 60,
       63, 248, 174, 163, 200, 189, 171, 112, 176, 145, 83, 107, 237,
       118, 83, 235, 112, 117, 72, 246, 230, 83, 31, 182, 96, 126, 140,
       31, 238, 233, 183, 37, 206, 246, 239, 170, 128, 61, 138, 112, 249,
       3, 149, 109, 139, 210, 230, 169, 119, 92, 65, 94, 70, 176, 62,
       182, 101, 127, 11, 19, 141, 243, 152, 53, 221, 45, 40, 154, 192,
       29, 68, 177, 253, 174, 234, 240, 245, 231, 26, 252, 222, 123, 183,
       116, 154, 9, 235, 222, 159, 63, 205, 183, 152, 242, 246, 239, 226,
       78, 251, 213, 165, 231, 244, 218, 128, 2, 165, 144, 222, 93, 196,
       156, 79, 159, 27, 201, 18, 172, 254, 44, 194, 201, 27, 155, 129,
       90, 11, 218, 211, 165, 180, 154, 27, 16, 72, 175, 138, 62, 112,
       180, 224, 61, 127, 218, 200, 159, 179, 181, 27, 207, 93, 77, 174,
       217, 209, 223, 50, 42, 103, 91, 146, 219, 223, 149, 127, 211, 93,
       84, 18, 3, 173, 179, 79, 213, 245, 162, 103, 95, 65, 104, 66, 184,
       252, 52, 228, 216, 58, 130, 89, 151, 186, 118, 255, 45, 60, 150,
       74, 211, 74, 241, 172, 236, 119, 106, 110, 249, 127, 87, 254, 117,
       238, 255, 61, 219, 117, 139, 180, 89, 206, 204, 98, 237, 182, 249,
       46, 243, 253, 37, 157, 122, 255, 238, 119, 135, 137, 39, 171, 151,
       147, 170, 225, 76, 112, 89, 199, 204, 72, 52, 129, 255, 35, 147,
       247, 247, 184, 13, 253, 44, 16, 139, 198, 93, 15, 185, 212, 165,
       41, 235, 75, 214, 178, 107, 88, 113, 192, 125, 194, 17, 195, 189,
       52, 122, 236, 22, 252, 187, 154, 172, 238, 126, 44, 161, 232, 239,
       131, 114, 176, 38, 173, 146, 146, 248, 129, 170, 199, 63, 161,
       232, 8, 164, 226, 97, 88, 251, 171, 74, 17, 22, 91, 202, 242, 189,
       20, 31, 106, 128, 74, 163, 142, 2, 125, 179, 156, 83, 228, 184,
       70, 188, 128, 202, 3, 188, 190, 37, 72, 238, 123, 155, 145, 3,
       203, 146, 234, 61, 52, 158, 11, 129, 80, 37, 139, 2, 227, 128,
       185, 74, 133, 189, 207, 174, 21, 192, 149, 172, 199, 104, 64, 229,
       27, 235, 149, 66, 15, 219, 81, 253, 36, 158, 236, 16, 0, 165, 218,
