%YAML:1.0
---
descriptors: !!opencv-matrix
   rows: 21
   cols: 32
   dt: u
   data: [ 170, 184, 224, 154, 207, 241, 156, 207, 159, 119, 132, 187,
       40, 252, 110, 140, 201, 219, 179, 145, 62, 79, 222, 243, 31, 87,
       223, 255, 151, 92, 156, 222, 38, 75, 35, 158, 29, 201, 130, 224,
       142, 68, 217, 139, 230, 205, 49, 132, 216, 40, 203, 71, 202, 35,
       78, 191, 177, 20, 9, 187, 85, 47, 21, 234, 32, 169, 120, 203, 223,
       201, 179, 207, 31, 5, 108, 10, 48, 213, 100, 4, 120, 58, 3, 88,
       18, 58, 96, 255, 111, 28, 4, 107, 211, 10, 198, 170, 145, 22, 111,
       237, 38, 34, 233, 123, 116, 106, 247, 246, 83, 31, 186, 105, 126,
       156, 31, 174, 233, 177, 37, 28, 210, 235, 226, 132, 61, 136, 112,
       113, 2, 162, 135, 187, 90, 128, 185, 111, 190, 21, 192, 181, 172,
       230, 40, 72, 231, 27, 235, 145, 18, 75, 194, 85, 93, 38, 250, 201,
       144, 0, 165, 250, 37, 13, 99, 79, 212, 215, 239, 247, 85, 192,
       126, 66, 112, 248, 181, 228, 120, 234, 18, 232, 209, 186, 61, 237,
       45, 46, 135, 0, 215, 250, 112, 236, 2, 133, 3, 156, 212, 128, 172,
       103, 20, 65, 216, 131, 168, 142, 48, 64, 232, 35, 51, 133, 243,
       138, 18, 223, 52, 54, 154, 202, 20, 8, 177, 140, 51, 205, 98, 156,
       20, 145, 206, 231, 213, 64, 92, 198, 32, 200, 182, 228, 72, 234,
       18, 205, 205, 168, 118, 253, 34, 60, 142, 138, 95, 28, 248, 220,
       37, 54, 233, 3, 244, 175, 227, 218, 94, 237, 125, 93, 215, 73,
       219, 8, 31, 136, 23, 29, 146, 50, 125, 18, 78, 13, 33, 228, 213,
       203, 80, 225, 145, 159, 127, 247, 180, 142, 123, 53, 52, 89, 119,
       244, 247, 55, 144, 113, 102, 182, 61, 252, 185, 152, 69, 47, 236,
       235, 34, 192, 44, 128, 193, 57, 163, 120, 235, 90, 229, 253, 249,
       199, 123, 75, 116, 26, 184, 220, 247, 60, 223, 187, 183, 157, 135,
       126, 190, 243, 31, 94, 158, 235, 215, 220, 118, 253, 11, 175, 194,
       143, 246, 177, 186, 67, 15, 197, 90, 231, 44, 234, 247, 196, 254,
       43, 151, 149, 134, 155, 132, 219, 62, 52, 143, 170, 159, 238, 57,
       221, 181, 79, 107, 234, 86, 131, 235, 248, 84, 68, 219, 198, 113,
       201, 185, 96, 120, 232, 23, 239, 233, 183, 44, 63, 240, 173, 163,
       128, 53, 171, 112, 224, 9, 156, 27, 249, 52, 175, 251, 119, 222,
       9, 90, 70, 188, 179, 48, 96, 229, 42, 30, 24, 163, 184, 16, 255,
       237, 255, 50, 192, 152, 8, 113, 185, 18, 175, 106, 184, 82, 225,
       187, 102, 182, 5, 220, 163, 45, 174, 34, 64, 110, 187, 135, 209,
       22, 155, 4, 255, 120, 37, 186, 203, 181, 68, 45, 219, 198, 206,
       198, 154, 219, 178, 188, 207, 191, 23, 210, 179, 76, 238, 166,
       207, 239, 247, 235, 147, 118, 79, 143, 247, 62, 50, 223, 207, 151,
       84, 173, 207, 56, 197, 26, 174, 213, 247, 86, 111, 21, 132, 237,
       11, 111, 251, 35, 80, 216, 187, 135, 32, 72, 187, 88, 159, 251,
       229, 165, 25, 50, 122, 254, 10, 123, 249, 107, 74, 118, 213, 251,
       252, 99, 100, 124, 138, 57, 156, 254, 180, 62, 217, 151, 255, 195,
       59, 188, 253, 127, 77, 173, 236, 119, 134, 126, 253, 255, 255,
       162, 54, 251, 244, 86, 222, 163, 223, 189, 61, 42, 254, 207, 182,
       173, 255, 213, 211, 255, 111, 186, 227, 59, 93, 5, 251, 235, 87,
       238, 223, 38, 179, 146, 138, 221, 231, 246, 207, 63, 13, 249, 71,
       12, 250, 108, 220, 249, 219, 131, 145, 22, 171, 82, 226, 61, 22,
       158, 111, 217, 94, 238, 135, 9, 145, 57, 107, 181, 221, 246, 171,
       79, 121, 125, 16, 218, 124, 44, 224, 221, 27, 134, 1, 223, 56,
       121, 151, 175, 221, 18, 103, 88, 10, 201, 23 ]
keypoints: !!opencv-matrix
   rows: 21
   cols: 2
   dt: d
   data: [ 2.4624000549316406e+02, 6.9120002746582031e+01, 253., 194.,
       2.1140773010253906e+02, 1.3616090393066406e+02,
       1.7136000061035156e+02, 2.0592001342773438e+02, 255., 244.,
       2.0113922119140625e+02, 1.2441601562500000e+02, 196., 37., 199.,
       46., 2.4883203125000000e+02, 1.8662402343750000e+02,
       1.7169412231445312e+02, 2.0653060913085938e+02,
       1.8360000610351562e+02, 1.3440000915527344e+02,
       1.9353601074218750e+02, 1.3132801818847656e+02,
       6.9120010375976562e+01, 2.2982402038574219e+02,
       1.7617309570312500e+02, 1.3138333129882812e+02,
       1.8911236572265625e+02, 1.2690435028076172e+02,
       1.9320001220703125e+02, 1.2600000762939453e+02,
       2.0943362426757812e+02, 1.3063682556152344e+02,
       1.9906564331054688e+02, 1.5925251770019531e+02,
       2.0160000610351562e+02, 1.5984001159667969e+02,
       2.1399557495117188e+02, 1.5427587890625000e+02,
       2.4883203125000000e+02, 1.8835202026367188e+02 ]
