%YAML:1.0
---
descriptors: !!opencv-matrix
   rows: 3
   cols: 32
   dt: u
   data: [ 82, 149, 19, 186, 155, 228, 49, 103, 189, 21, 201, 17, 172,
       255, 32, 64, 167, 59, 251, 129, 50, 9, 18, 247, 209, 246, 26, 75,
       16, 68, 165, 122, 165, 109, 105, 77, 84, 75, 231, 248, 85, 224,
       244, 74, 115, 81, 149, 53, 88, 236, 22, 110, 233, 178, 101, 63,
       102, 8, 37, 0, 127, 186, 82, 224, 180, 239, 121, 101, 84, 75, 71,
       248, 80, 164, 244, 10, 115, 65, 145, 49, 24, 220, 71, 106, 232,
       182, 109, 62, 119, 137, 37, 52, 117, 187, 86, 162 ]
keypoints: !!opencv-matrix
   rows: 3
   cols: 2
   dt: d
   data: [ 1.8455043029785156e+02, 1.6588803100585938e+02,
       1.3436930847167969e+02, 1.6671748352050781e+02,
       1.4332727050781250e+02, 1.7020114135742188e+02 ]
