%YAML:1.0
---
descriptors: !!opencv-matrix
   rows: 21
   cols: 32
   dt: u
   data: [ 208, 248, 153, 234, 58, 205, 27, 164, 174, 168, 128, 9, 183,
       215, 64, 114, 166, 113, 125, 210, 67, 13, 186, 51, 249, 133, 47,
       121, 16, 3, 7, 123, 86, 172, 150, 147, 149, 104, 38, 198, 59, 23,
       202, 19, 164, 162, 68, 206, 225, 207, 170, 209, 62, 217, 155, 227,
       189, 54, 222, 71, 128, 93, 181, 14, 6, 164, 16, 131, 237, 109,
       184, 75, 15, 55, 185, 27, 204, 56, 94, 8, 187, 155, 251, 49, 22,
       120, 219, 209, 29, 20, 31, 127, 148, 78, 207, 134, 104, 184, 188,
       120, 137, 253, 16, 143, 139, 55, 164, 25, 174, 255, 66, 27, 135,
       115, 233, 16, 50, 79, 218, 49, 219, 211, 93, 123, 210, 68, 143,
       11, 104, 156, 25, 187, 57, 205, 16, 143, 31, 57, 40, 25, 190, 29,
       0, 64, 133, 27, 239, 1, 2, 40, 83, 55, 205, 215, 16, 59, 80, 8,
       133, 59, 34, 32, 86, 172, 123, 3, 152, 104, 159, 32, 240, 137, 76,
       222, 45, 145, 222, 29, 255, 101, 68, 195, 67, 220, 146, 250, 11,
       191, 84, 44, 43, 135, 25, 11, 19, 105, 50, 131, 107, 28, 38, 45,
       78, 228, 243, 35, 160, 116, 118, 46, 44, 204, 139, 152, 101, 61,
       224, 237, 34, 128, 186, 130, 32, 121, 216, 92, 27, 101, 1, 78,
       103, 96, 117, 170, 230, 8, 91, 19, 1, 113, 184, 244, 104, 226,
       104, 247, 177, 14, 243, 235, 3, 1, 97, 49, 102, 34, 214, 72, 223,
       252, 110, 40, 108, 0, 187, 146, 178, 218, 255, 171, 85, 91, 111,
       245, 125, 139, 40, 103, 195, 224, 212, 250, 254, 136, 165, 241,
       99, 40, 50, 32, 86, 172, 107, 3, 152, 72, 141, 160, 240, 139, 12,
       142, 36, 144, 254, 157, 255, 101, 4, 131, 67, 220, 144, 240, 75,
       191, 85, 44, 43, 131, 74, 188, 59, 246, 49, 236, 48, 119, 189, 9,
       122, 25, 190, 191, 32, 112, 132, 59, 221, 1, 51, 152, 18, 199,
       199, 247, 26, 195, 2, 0, 135, 59, 70, 224, 134, 158, 93, 130, 162,
       232, 190, 144, 195, 3, 236, 226, 105, 199, 241, 109, 234, 243,
       102, 65, 138, 253, 188, 38, 207, 111, 16, 39, 41, 134, 82, 149,
       19, 250, 155, 228, 48, 103, 189, 17, 201, 17, 172, 255, 32, 80,
       167, 59, 251, 1, 18, 11, 18, 247, 209, 247, 26, 75, 16, 4, 165,
       59, 18, 2, 22, 173, 42, 11, 184, 67, 44, 33, 210, 202, 141, 2, 0,
       200, 230, 29, 127, 129, 0, 155, 65, 192, 148, 225, 122, 147, 4, 8,
       41, 133, 26, 24, 123, 225, 101, 212, 250, 82, 45, 64, 182, 131,
       29, 31, 181, 32, 238, 177, 151, 207, 200, 185, 52, 192, 215, 217,
       138, 130, 103, 132, 117, 247, 88, 189, 19, 254, 19, 205, 52, 103,
       173, 9, 42, 24, 190, 178, 32, 244, 160, 51, 232, 0, 83, 169, 146,
       197, 177, 240, 22, 27, 0, 0, 143, 15, 89, 47, 212, 53, 168, 58,
       20, 39, 122, 167, 170, 253, 175, 32, 146, 218, 131, 103, 236, 13,
       252, 217, 197, 10, 140, 247, 116, 145, 204, 228, 139, 13, 9, 138,
       206, 29, 16, 138, 105, 182, 54, 1, 66, 192, 243, 2, 144, 208, 84,
       238, 34, 140, 42, 216, 199, 63, 132, 166, 242, 0, 57, 128, 120,
       168, 82, 177, 23, 254, 11, 192, 52, 103, 175, 21, 232, 48, 172,
       214, 32, 244, 163, 51, 234, 0, 82, 75, 146, 245, 177, 240, 26, 11,
       16, 0, 167, 62, 194, 177, 23, 222, 11, 192, 61, 103, 174, 23, 192,
       177, 172, 215, 40, 215, 231, 51, 235, 128, 114, 11, 162, 213, 177,
       178, 94, 75, 16, 0, 167, 251, 97, 120, 146, 180, 109, 205, 116,
       198, 233, 172, 234, 13, 174, 153, 101, 16, 136, 42, 106, 0, 77,
       59, 146, 234, 183, 221, 20, 50, 72, 24, 83, 142 ]
keypoints: !!opencv-matrix
   rows: 21
   cols: 2
   dt: d
   data: [ 320., 125., 91., 170., 4.0800003051757812e+01,
       2.2680000305175781e+02, 1.9152000427246094e+02,
       2.4048001098632812e+02, 2.1312001037597656e+02,
       2.3760000610351562e+02, 9.0720001220703125e+01,
       1.6272000122070312e+02, 2.8944000244140625e+02,
       2.4336001586914062e+02, 2.2118402099609375e+02,
       2.3155201721191406e+02, 1.1923200988769531e+02,
       2.3155201721191406e+02, 8.9856010437011719e+01,
       1.6243202209472656e+02, 1.1404801177978516e+02,
       1.6243202209472656e+02, 8.8128005981445312e+01,
       1.6934400939941406e+02, 1.1404801940917969e+02,
       1.6174082946777344e+02, 9.1238410949707031e+01,
       1.6381442260742188e+02, 2.8864520263671875e+02,
       1.0948610687255859e+02, 1.1446274566650391e+02,
       1.6920579528808594e+02, 9.9532821655273438e+01,
       1.7418243408203125e+02, 2.9262652587890625e+02,
       1.4631326293945312e+02, 1.1346742248535156e+02,
       1.6721514892578125e+02, 1.1466181945800781e+02,
       1.6840954589843750e+02, 1.1824500274658203e+02,
       1.8632545471191406e+02 ]
