%YAML:1.0
---
descriptors: !!opencv-matrix
   rows: 162
   cols: 32
   dt: u
   data: [ 212, 201, 78, 167, 4, 10, 87, 176, 36, 130, 210, 131, 119, 99,
       41, 67, 120, 228, 108, 226, 108, 181, 73, 45, 240, 227, 231, 21,
       52, 187, 56, 2, 2, 148, 18, 155, 55, 182, 50, 99, 28, 13, 91, 19,
       172, 146, 32, 68, 244, 59, 131, 0, 22, 156, 17, 255, 45, 52, 26,
       67, 16, 14, 173, 7, 33, 55, 201, 143, 124, 46, 235, 220, 74, 73,
       120, 230, 181, 98, 137, 112, 122, 78, 14, 124, 131, 16, 213, 123,
       228, 164, 170, 180, 156, 219, 67, 185, 225, 94, 109, 65, 252, 15,
       79, 149, 70, 238, 182, 236, 211, 8, 149, 114, 79, 228, 126, 124,
       233, 54, 109, 30, 110, 142, 165, 180, 253, 248, 208, 121, 33, 191,
       59, 213, 36, 63, 109, 55, 125, 232, 126, 236, 179, 33, 144, 167,
       28, 126, 124, 44, 249, 248, 225, 141, 174, 249, 96, 208, 78, 232,
       210, 189, 45, 183, 84, 71, 113, 27, 102, 184, 109, 168, 127, 236,
       203, 96, 142, 180, 30, 196, 198, 110, 197, 176, 77, 45, 38, 255,
       33, 22, 75, 175, 74, 181, 109, 94, 244, 65, 250, 39, 159, 151,
       106, 238, 186, 237, 217, 42, 215, 123, 79, 229, 102, 180, 164,
       118, 253, 94, 126, 14, 103, 244, 253, 242, 67, 93, 161, 101, 124,
       101, 116, 15, 111, 56, 101, 168, 118, 72, 243, 17, 145, 49, 90,
       252, 70, 106, 233, 176, 69, 12, 102, 169, 33, 4, 111, 186, 66,
       169, 29, 116, 229, 163, 54, 47, 239, 29, 101, 205, 159, 231, 255,
       101, 155, 135, 55, 128, 95, 63, 163, 224, 125, 204, 232, 92, 37,
       148, 239, 222, 145, 121, 43, 140, 51, 186, 213, 255, 122, 207,
       159, 75, 88, 19, 111, 254, 58, 224, 217, 171, 151, 21, 63, 184,
       56, 191, 47, 223, 151, 67, 154, 76, 248, 222, 67, 149, 118, 138,
       242, 182, 59, 59, 189, 73, 95, 246, 92, 118, 174, 101, 119, 19,
       191, 177, 183, 153, 61, 223, 28, 54, 58, 194, 188, 199, 161, 53,
       23, 117, 151, 146, 167, 116, 190, 220, 221, 218, 217, 118, 92,
       254, 125, 239, 253, 123, 23, 231, 245, 211, 186, 226, 57, 26, 223,
       174, 136, 119, 185, 215, 12, 149, 253, 219, 232, 114, 189, 189,
       238, 91, 87, 176, 221, 127, 154, 107, 7, 87, 183, 139, 144, 216,
       47, 117, 78, 59, 127, 197, 150, 210, 133, 243, 134, 234, 150, 146,
       203, 241, 188, 196, 159, 183, 129, 155, 140, 238, 110, 143, 171,
       91, 235, 147, 22, 79, 154, 240, 29, 18, 95, 127, 146, 93, 175,
       198, 50, 84, 250, 201, 94, 227, 176, 74, 236, 69, 254, 43, 24,
       156, 55, 104, 251, 185, 123, 177, 4, 167, 182, 206, 87, 45, 138,
       31, 197, 9, 125, 210, 48, 201, 3, 158, 93, 196, 70, 229, 197, 132,
       232, 2, 98, 208, 37, 196, 216, 234, 2, 74, 73, 171, 18, 189, 49,
       164, 132, 26, 89, 58, 248, 142, 173, 253, 209, 71, 244, 31, 239,
       188, 127, 234, 122, 228, 219, 116, 157, 180, 127, 78, 22, 126,
       241, 240, 125, 254, 46, 222, 37, 132, 207, 251, 194, 181, 51, 55,
       89, 237, 182, 46, 235, 222, 26, 107, 121, 118, 213, 34, 189, 97,
       127, 207, 20, 188, 163, 144, 28, 207, 160, 190, 170, 148, 189,
       210, 83, 185, 66, 226, 151, 156, 11, 192, 56, 72, 174, 148, 136,
       163, 236, 206, 107, 66, 230, 117, 235, 209, 2, 67, 138, 209, 152,
       36, 139, 175, 20, 39, 37, 219, 164, 192, 248, 219, 252, 203, 209,
       200, 87, 95, 117, 48, 210, 209, 239, 72, 217, 8, 6, 90, 106, 100,
       107, 179, 78, 30, 181, 127, 210, 25, 212, 227, 57, 83, 99, 77,
       116, 94, 231, 112, 84, 104, 122, 230, 83, 20, 180, 228, 124, 156,
       22, 238, 201, 178, 117, 12, 52, 172, 160, 128, 127, 170, 112, 245,
       253, 195, 207, 231, 4, 2, 111, 248, 100, 226, 247, 198, 83, 75,
       152, 114, 126, 196, 63, 238, 201, 183, 109, 45, 242, 235, 231,
       132, 45, 186, 240, 32, 187, 83, 110, 173, 46, 151, 121, 85, 5, 76,
       223, 231, 25, 137, 182, 64, 102, 140, 255, 205, 204, 158, 215,
       144, 86, 105, 168, 128, 63, 142, 248, 81, 67, 191, 158, 212, 245,
       156, 124, 55, 173, 75, 126, 92, 60, 172, 22, 50, 165, 51, 126, 8,
       247, 249, 177, 207, 55, 63, 52, 194, 8, 72, 235, 31, 129, 55, 91,
       237, 244, 46, 107, 220, 232, 105, 250, 102, 245, 87, 185, 98, 118,
       78, 30, 124, 163, 145, 60, 15, 228, 172, 162, 148, 60, 219, 65,
       185, 244, 143, 94, 229, 246, 10, 238, 179, 116, 42, 122, 246, 83,
       107, 180, 80, 51, 231, 47, 171, 240, 184, 5, 63, 116, 239, 231,
       132, 61, 248, 209, 129, 69, 222, 89, 242, 228, 77, 111, 51, 93,
       202, 91, 126, 255, 233, 212, 0, 191, 171, 55, 143, 249, 190, 84,
       242, 172, 158, 181, 200, 173, 233, 240, 177, 34, 141, 2, 190, 93,
       147, 22, 231, 159, 0, 72, 3, 102, 232, 36, 192, 216, 235, 131, 67,
       126, 139, 10, 255, 50, 118, 138, 11, 16, 14, 248, 142, 105, 119,
       39, 117, 224, 143, 237, 55, 120, 232, 122, 76, 249, 42, 215, 249,
       148, 47, 54, 189, 229, 248, 244, 136, 109, 218, 239, 160, 136,
       244, 195, 217, 41, 140, 170, 248, 245, 255, 242, 223, 31, 79, 124,
       51, 60, 253, 54, 64, 249, 43, 151, 25, 54, 189, 42, 255, 111, 31,
       183, 235, 144, 72, 252, 203, 221, 64, 206, 165, 44, 10, 76, 24,
       176, 130, 130, 192, 247, 99, 1, 91, 114, 197, 108, 234, 108, 197,
       197, 10, 208, 227, 231, 20, 44, 249, 32, 8, 2, 150, 182, 178, 207,
       225, 180, 231, 207, 223, 152, 127, 236, 248, 106, 136, 175, 163,
       255, 145, 22, 239, 6, 244, 220, 22, 126, 235, 205, 77, 165, 223,
       42, 186, 176, 217, 255, 243, 145, 207, 95, 175, 244, 58, 174, 190,
       70, 172, 207, 187, 135, 145, 190, 126, 106, 243, 159, 215, 31,
       239, 211, 76, 175, 239, 2, 148, 18, 155, 147, 230, 186, 72, 62,
       13, 75, 18, 204, 246, 40, 64, 247, 27, 147, 144, 18, 144, 25, 247,
       13, 54, 26, 195, 148, 67, 45, 147, 191, 246, 237, 207, 63, 126,
       145, 220, 154, 127, 53, 183, 95, 87, 143, 255, 247, 68, 149, 126,
       163, 85, 185, 139, 227, 235, 239, 183, 31, 255, 95, 243, 8, 183,
       58, 189, 113, 188, 48, 39, 189, 13, 78, 53, 172, 191, 34, 64, 198,
       59, 131, 1, 54, 152, 16, 231, 199, 245, 26, 67, 0, 8, 141, 219,
       147, 81, 107, 197, 100, 22, 237, 49, 96, 232, 87, 198, 89, 15,
       151, 97, 126, 164, 55, 239, 193, 144, 53, 204, 118, 41, 234, 128,
       47, 178, 112, 249, 191, 255, 236, 111, 56, 22, 223, 221, 170, 124,
       253, 196, 217, 127, 158, 115, 86, 85, 149, 110, 237, 209, 253,
       169, 227, 233, 239, 181, 63, 246, 223, 241, 71, 150, 118, 139,
       242, 182, 187, 186, 47, 85, 75, 198, 76, 126, 190, 100, 119, 147,
       59, 181, 151, 154, 63, 213, 28, 62, 154, 198, 157, 199, 33, 116,
       143, 254, 253, 87, 160, 126, 63, 190, 115, 255, 126, 244, 249,
       117, 219, 191, 151, 126, 245, 30, 247, 220, 253, 170, 110, 219,
       117, 134, 206, 245, 135, 253, 125, 247, 237, 192, 252, 39, 111,
       185, 20, 253, 223, 238, 83, 101, 158, 33, 127, 192, 31, 254, 187,
       82, 111, 141, 126, 143, 165, 140, 173, 251, 240, 113, 3, 254, 143,
       185, 96, 190, 61, 183, 190, 127, 94, 244, 148, 182, 162, 121, 231,
       63, 62, 12, 199, 216, 168, 85, 164, 179, 255, 166, 28, 208, 133,
       245, 162, 6, 238, 233, 94, 226, 185, 70, 172, 5, 250, 179, 1, 142,
       55, 72, 239, 157, 227, 145, 36, 183, 67, 194, 85, 165, 186, 129,
       197, 73, 111, 202, 213, 206, 238, 93, 182, 10, 239, 179, 126, 43,
       86, 210, 209, 43, 180, 96, 115, 118, 61, 12, 240, 156, 13, 127,
       110, 175, 239, 196, 181, 224, 209, 33, 128, 17, 159, 236, 30, 239,
       35, 106, 158, 160, 90, 2, 116, 247, 32, 64, 250, 54, 123, 40, 16,
       185, 19, 95, 221, 166, 35, 8, 16, 41, 53, 162, 179, 182, 243, 253,
       118, 174, 232, 214, 91, 59, 113, 214, 25, 111, 189, 105, 247, 127,
       21, 12, 163, 208, 28, 159, 38, 254, 186, 164, 189, 208, 83, 153,
       199, 140, 239, 211, 178, 154, 45, 179, 62, 115, 94, 146, 213, 166,
       178, 97, 119, 127, 63, 28, 243, 220, 165, 118, 236, 43, 255, 224,
       180, 225, 145, 117, 246, 221, 112, 198, 223, 119, 222, 236, 217,
       166, 185, 11, 74, 124, 127, 134, 191, 211, 219, 99, 252, 39, 24,
