%YAML:1.0
---
descriptors: !!opencv-matrix
   rows: 154
   cols: 32
   dt: u
   data: [ 170, 249, 116, 90, 121, 213, 158, 236, 143, 92, 157, 169, 108,
       220, 62, 165, 158, 115, 215, 103, 230, 43, 58, 253, 59, 88, 13,
       187, 87, 159, 159, 223, 94, 18, 214, 230, 35, 46, 58, 80, 173,
       174, 179, 231, 79, 111, 5, 218, 190, 245, 237, 166, 140, 213, 139,
       200, 146, 247, 107, 131, 239, 247, 47, 19, 77, 97, 18, 172, 25,
       157, 98, 104, 174, 128, 237, 8, 223, 211, 33, 244, 112, 232, 202,
       106, 65, 35, 154, 152, 241, 245, 3, 41, 26, 38, 43, 32, 45, 245,
       112, 73, 213, 223, 231, 248, 87, 100, 124, 10, 89, 201, 189, 36,
       120, 216, 130, 250, 194, 178, 124, 189, 111, 77, 37, 100, 119,
       187, 212, 162, 168, 233, 40, 251, 125, 221, 83, 190, 71, 121, 188,
       9, 187, 29, 82, 48, 136, 154, 85, 72, 74, 42, 123, 183, 239, 221,
       180, 249, 83, 8, 222, 234, 178, 221, 102, 223, 85, 215, 195, 124,
       85, 64, 245, 2, 99, 216, 188, 101, 120, 184, 151, 234, 238, 185,
       60, 191, 35, 254, 130, 194, 119, 143, 244, 142, 175, 205, 99, 201,
       222, 83, 175, 248, 92, 226, 220, 66, 88, 120, 191, 164, 123, 202,
       19, 239, 241, 178, 109, 255, 55, 12, 167, 132, 87, 255, 240, 228,
       217, 150, 251, 109, 50, 26, 89, 59, 117, 73, 86, 245, 123, 63,
       150, 112, 54, 183, 189, 172, 233, 152, 37, 79, 226, 255, 48, 192,
       46, 160, 100, 121, 139, 77, 38, 158, 93, 180, 175, 252, 196, 72,
       223, 135, 248, 206, 186, 229, 126, 107, 187, 239, 231, 131, 62,
       239, 116, 43, 170, 136, 31, 215, 185, 220, 158, 223, 70, 190, 210,
       162, 62, 231, 189, 79, 219, 247, 109, 238, 47, 193, 127, 243, 159,
       231, 248, 143, 14, 239, 176, 118, 254, 138, 173, 247, 173, 89, 19,
       159, 107, 188, 178, 146, 190, 119, 189, 64, 218, 231, 61, 174,
       178, 96, 102, 163, 191, 133, 245, 139, 38, 255, 240, 39, 186, 136,
       61, 196, 177, 93, 143, 90, 239, 223, 100, 82, 235, 48, 244, 206,
       87, 230, 217, 231, 179, 111, 118, 100, 191, 255, 225, 213, 167,
       234, 78, 43, 239, 128, 39, 183, 53, 241, 74, 143, 39, 183, 188,
       232, 253, 39, 175, 125, 154, 177, 175, 175, 146, 192, 231, 39,
       239, 5, 16, 217, 3, 215, 204, 118, 250, 211, 6, 196, 149, 121,
       177, 207, 107, 254, 110, 129, 207, 247, 213, 72, 252, 230, 51,
       201, 176, 97, 110, 234, 22, 206, 233, 171, 38, 191, 114, 237, 166,
       136, 125, 152, 240, 185, 2, 176, 161, 129, 85, 245, 185, 206, 27,
       97, 76, 3, 188, 156, 84, 44, 185, 27, 147, 145, 19, 56, 176, 227,
       29, 28, 158, 111, 207, 15, 55, 254, 185, 223, 107, 254, 126, 129,
       207, 244, 213, 72, 252, 238, 51, 205, 180, 33, 110, 232, 23, 207,
       233, 43, 46, 191, 114, 205, 166, 168, 125, 154, 242, 249, 124,
       249, 9, 170, 30, 193, 87, 236, 6, 0, 217, 171, 247, 223, 40, 64,
       216, 249, 159, 227, 74, 3, 90, 189, 241, 197, 175, 125, 52, 27,
       53, 90, 56, 29, 127, 236, 22, 226, 67, 112, 196, 0, 255, 226, 83,
       215, 176, 97, 122, 176, 30, 234, 201, 179, 52, 140, 243, 233, 162,
       0, 53, 139, 116, 48, 33, 77, 115, 79, 116, 131, 239, 244, 68, 64,
       122, 66, 113, 64, 181, 164, 122, 104, 2, 234, 193, 184, 36, 253,
       36, 40, 34, 0, 95, 187, 112, 172, 45, 77, 125, 101, 244, 78, 111,
       55, 117, 170, 126, 72, 211, 49, 145, 49, 26, 196, 102, 106, 233,
       240, 101, 14, 103, 175, 101, 4, 99, 248, 70, 169, 207, 179, 252,
       241, 234, 28, 125, 191, 187, 127, 54, 252, 159, 63, 202, 187, 167,
       215, 253, 20, 243, 76, 235, 240, 206, 219, 119, 254, 142, 212,
       139, 121, 141, 106, 214, 241, 226, 27, 110, 148, 127, 186, 54,
       228, 159, 131, 209, 239, 39, 76, 94, 94, 225, 116, 204, 224, 134,
       217, 103, 164, 174, 177, 11, 181, 123, 146, 237, 92, 49, 214, 89,
       27, 87, 93, 215, 245, 122, 125, 150, 253, 221, 157, 181, 133, 191,
       216, 115, 157, 75, 127, 248, 194, 207, 132, 116, 127, 239, 181,
       112, 74, 237, 29, 87, 249, 233, 40, 189, 12, 74, 217, 78, 180,
       157, 146, 214, 106, 219, 35, 250, 243, 127, 217, 5, 255, 91, 223,
       202, 39, 159, 86, 230, 119, 231, 114, 126, 176, 241, 254, 87, 242,
       73, 125, 159, 239, 127, 244, 181, 186, 188, 244, 45, 142, 78, 235,
       231, 133, 175, 247, 124, 113, 42, 241, 96, 202, 77, 221, 209, 205,
       75, 245, 189, 139, 10, 220, 126, 180, 217, 152, 215, 209, 222, 58,
       254, 241, 31, 93, 133, 127, 87, 142, 222, 214, 173, 249, 107, 105,
       86, 223, 255, 248, 71, 236, 124, 135, 123, 93, 178, 176, 126, 248,
       151, 238, 201, 178, 125, 190, 127, 205, 165, 229, 127, 171, 118,
       242, 42, 127, 114, 223, 127, 213, 255, 127, 95, 76, 124, 39, 40,
       222, 183, 132, 254, 187, 151, 195, 199, 190, 34, 255, 55, 93, 138,
       171, 127, 158, 125, 223, 37, 255, 105, 73, 116, 135, 239, 252, 86,
       232, 124, 206, 81, 85, 189, 32, 126, 216, 22, 238, 193, 178, 125,
       63, 124, 140, 165, 228, 125, 186, 242, 177, 74, 157, 190, 249,
       155, 252, 176, 103, 191, 21, 110, 23, 172, 191, 38, 215, 167, 51,
       251, 16, 54, 201, 146, 245, 255, 243, 94, 67, 138, 68, 173, 219,
       105, 34, 113, 100, 125, 123, 113, 18, 105, 237, 188, 13, 139, 13,
       150, 54, 138, 132, 206, 44, 140, 43, 224, 204, 215, 253, 0, 125,
       194, 172, 70, 101, 73, 115, 127, 241, 236, 153, 237, 23, 239, 121,
       246, 252, 187, 133, 212, 119, 110, 174, 126, 28, 195, 248, 231,
       241, 246, 249, 182, 176, 110, 152, 193, 249, 57, 69, 102, 12, 92,
       19, 230, 121, 69, 64, 254, 70, 67, 8, 182, 228, 120, 140, 22, 111,
       205, 179, 69, 156, 54, 120, 128, 4, 127, 174, 120, 148, 135, 205,
       38, 158, 253, 180, 175, 252, 212, 70, 220, 151, 104, 254, 191,
       101, 125, 107, 187, 239, 245, 135, 62, 255, 54, 126, 142, 138, 30,
       255, 185, 244, 34, 190, 162, 201, 213, 179, 162, 79, 86, 11, 120,
       118, 32, 200, 52, 0, 249, 42, 3, 17, 182, 190, 4, 255, 61, 28,
       154, 67, 221, 74, 248, 142, 17, 174, 203, 219, 118, 131, 226, 222,
       119, 139, 218, 246, 113, 203, 184, 64, 125, 234, 6, 156, 170, 191,
       12, 255, 184, 142, 183, 196, 189, 139, 112, 185, 57, 223, 107,
       206, 116, 147, 79, 248, 85, 72, 253, 230, 115, 205, 183, 52, 126,
       232, 23, 238, 233, 179, 44, 191, 114, 205, 165, 128, 127, 187,
       112, 249, 250, 249, 107, 250, 91, 193, 91, 212, 131, 84, 180, 171,
       63, 223, 98, 17, 236, 249, 221, 211, 106, 15, 186, 183, 251, 193,
       140, 251, 55, 28, 54, 122, 111, 126, 242, 244, 119, 222, 254, 210,
       169, 206, 246, 175, 174, 221, 183, 182, 174, 241, 213, 67, 228,
       239, 176, 234, 51, 125, 14, 155, 71, 189, 95, 95, 10, 248, 182,
       149, 103, 84, 188, 231, 61, 94, 86, 35, 172, 190, 118, 199, 238,
       91, 179, 193, 70, 254, 178, 225, 55, 112, 222, 139, 7, 28, 173,
       223, 76, 179, 248, 225, 242, 26, 61, 29, 43, 173, 31, 184, 221, 7,
       202, 48, 55, 159, 197, 176, 210, 80, 173, 66, 239, 197, 45, 229,
       166, 130, 167, 113, 138, 253, 100, 218, 255, 213, 254, 236, 207,
       93, 20, 11, 236, 220, 126, 164, 143, 243, 215, 195, 230, 107, 126,
       255, 47, 89, 143, 255, 87, 157, 223, 223, 31, 178, 178, 186, 189,
       181, 187, 218, 143, 93, 153, 87, 140, 250, 126, 72, 247, 11, 255,
       149, 150, 3, 58, 243, 219, 221, 58, 254, 146, 7, 169, 71, 77, 30,
       230, 247, 39, 54, 121, 24, 244, 206, 223, 230, 89, 239, 155, 239,
       119, 100, 191, 175, 161, 212, 189, 138, 70, 111, 235, 132, 175,
       231, 124, 245, 94, 150, 230, 199, 167, 50, 120, 185, 115, 247,
       191, 183, 73, 109, 223, 239, 255, 213, 253, 167, 188, 241, 173,
       204, 138, 255, 199, 199, 175, 231, 124, 85, 74, 135, 39, 190, 181,
       156, 248, 55, 175, 77, 91, 101, 236, 239, 186, 198, 166, 35, 255,
       5, 146, 137, 2, 213, 141, 118, 58, 203, 130, 134, 181, 105, 255,
       14, 246, 158, 199, 114, 222, 224, 153, 198, 245, 159, 74, 108, 55,
       255, 255, 231, 151, 231, 252, 231, 108, 238, 179, 123, 207, 155,
       247, 127, 126, 214, 18, 207, 6, 190, 146, 128, 62, 231, 149, 15,
