%YAML:1.0
---
descriptors: !!opencv-matrix
   rows: 201
   cols: 32
   dt: u
   data: [ 115, 38, 239, 77, 44, 62, 205, 27, 225, 254, 222, 6, 82, 237,
       151, 111, 89, 100, 125, 47, 233, 245, 245, 136, 98, 59, 197, 148,
       103, 252, 90, 228, 57, 52, 99, 105, 21, 63, 233, 90, 85, 96, 254,
       6, 27, 13, 55, 36, 124, 140, 18, 189, 137, 181, 53, 158, 83, 205,
       131, 4, 123, 141, 112, 244, 50, 132, 104, 72, 221, 247, 219, 79,
       87, 109, 189, 31, 74, 104, 62, 52, 217, 138, 135, 189, 190, 43,
       125, 223, 59, 95, 145, 127, 243, 78, 244, 110, 78, 191, 176, 147,
       171, 184, 186, 194, 171, 55, 25, 253, 140, 254, 206, 142, 167, 95,
       251, 147, 150, 89, 138, 241, 142, 84, 75, 239, 199, 103, 143, 151,
       168, 44, 127, 117, 228, 107, 101, 55, 113, 166, 102, 24, 147, 53,
       1, 59, 0, 180, 108, 40, 32, 252, 241, 14, 71, 187, 80, 17, 194,
       232, 70, 234, 3, 221, 15, 191, 122, 128, 190, 246, 190, 72, 90,
       231, 189, 238, 177, 64, 230, 123, 191, 199, 195, 153, 2, 255, 228,
       119, 186, 136, 28, 145, 33, 217, 80, 156, 189, 181, 178, 202, 125,
       183, 190, 247, 142, 1, 247, 55, 0, 67, 167, 119, 125, 145, 56,
       217, 51, 47, 233, 231, 127, 81, 160, 96, 133, 123, 41, 127, 57,
       109, 116, 14, 127, 186, 101, 72, 126, 76, 255, 51, 0, 48, 148,
       204, 84, 110, 137, 184, 97, 47, 231, 253, 32, 128, 74, 131, 66,
       187, 146, 205, 75, 190, 22, 194, 203, 246, 148, 64, 218, 194, 49,
       239, 176, 64, 122, 234, 31, 203, 235, 143, 14, 255, 240, 174, 170,
       128, 61, 138, 112, 184, 214, 175, 235, 227, 178, 0, 47, 245, 42,
       53, 26, 231, 125, 47, 216, 67, 103, 215, 63, 215, 242, 217, 141,
       247, 252, 161, 174, 196, 165, 211, 165, 89, 45, 85, 121, 103, 116,
       15, 111, 184, 125, 232, 127, 76, 219, 121, 153, 48, 158, 76, 86,
       110, 193, 176, 121, 30, 103, 221, 37, 4, 74, 187, 66, 161, 69,
       156, 151, 127, 181, 172, 118, 180, 126, 91, 114, 84, 254, 112,
       137, 251, 183, 98, 124, 30, 243, 248, 27, 111, 173, 191, 119, 66,
       200, 113, 235, 61, 70, 249, 148, 154, 137, 205, 54, 204, 175, 241,
       128, 13, 172, 234, 71, 222, 131, 99, 234, 85, 22, 75, 218, 241,
       157, 16, 79, 123, 152, 23, 143, 94, 76, 177, 19, 234, 235, 237, 2,
       234, 174, 16, 169, 104, 158, 215, 104, 240, 162, 187, 94, 66, 83,
       11, 154, 117, 185, 132, 43, 124, 24, 3, 35, 49, 70, 52, 132, 151,
       169, 116, 188, 15, 191, 255, 131, 17, 236, 254, 78, 207, 129, 103,
       249, 145, 22, 77, 219, 224, 141, 114, 223, 151, 130, 100, 141, 71,
       118, 248, 146, 170, 13, 201, 82, 72, 139, 0, 169, 41, 110, 216,
       109, 214, 200, 177, 239, 83, 78, 35, 218, 209, 155, 212, 3, 123,
       82, 14, 110, 6, 146, 246, 168, 187, 142, 97, 159, 223, 22, 31,
       221, 179, 149, 253, 122, 9, 95, 219, 151, 179, 122, 78, 74, 227,
       225, 7, 190, 173, 181, 89, 181, 251, 128, 164, 157, 217, 136, 233,
       53, 207, 158, 55, 96, 48, 166, 183, 96, 9, 129, 27, 170, 0, 50,
       124, 66, 83, 205, 146, 86, 127, 80, 72, 133, 170, 50, 245, 49,
       170, 91, 197, 22, 205, 143, 125, 168, 45, 46, 220, 110, 128, 221,
       27, 203, 97, 78, 35, 26, 181, 187, 84, 5, 63, 81, 30, 134, 223,
       205, 214, 190, 181, 167, 62, 188, 187, 252, 250, 22, 245, 221,
       103, 186, 207, 55, 85, 253, 47, 229, 213, 181, 202, 196, 227, 111,
       132, 46, 244, 137, 81, 229, 113, 237, 71, 164, 79, 199, 184, 64,
       228, 183, 74, 211, 116, 221, 39, 88, 212, 116, 106, 201, 240, 253,
       40, 37, 136, 229, 52, 101, 187, 86, 100, 54, 161, 110, 164, 30,
       203, 208, 104, 198, 244, 214, 11, 67, 201, 91, 3, 120, 172, 127,
       229, 12, 115, 207, 157, 251, 195, 201, 61, 101, 42, 124, 194, 49,
       247, 144, 76, 189, 31, 196, 253, 95, 41, 168, 76, 194, 168, 44,
       160, 156, 14, 132, 32, 223, 43, 16, 159, 171, 220, 5, 62, 88, 26,
       202, 156, 161, 221, 103, 73, 85, 223, 237, 119, 92, 72, 112, 70,
       186, 28, 180, 165, 172, 58, 22, 76, 225, 184, 49, 223, 39, 24,
       182, 64, 91, 24, 209, 188, 161, 221, 117, 77, 116, 207, 207, 244,
       85, 232, 252, 64, 114, 81, 181, 37, 88, 248, 22, 234, 233, 190,
       113, 63, 37, 156, 165, 48, 91, 152, 82, 172, 50, 4, 106, 72, 29,
       63, 197, 73, 73, 134, 245, 15, 3, 8, 63, 29, 216, 128, 75, 45, 56,
       163, 116, 206, 243, 28, 128, 31, 81, 44, 118, 230, 33, 8, 119, 91,
       5, 232, 97, 2, 100, 81, 98, 16, 179, 149, 20, 121, 40, 186, 114,
       24, 27, 184, 119, 32, 69, 168, 82, 64, 225, 137, 100, 162, 70,
       161, 172, 179, 202, 105, 53, 143, 10, 183, 13, 187, 68, 55, 75,
       26, 35, 219, 235, 145, 18, 88, 203, 112, 76, 7, 255, 231, 164, 89,
       133, 194, 88, 4, 220, 229, 36, 10, 109, 63, 100, 162, 110, 64,
       247, 35, 144, 82, 98, 212, 45, 168, 72, 156, 193, 8, 212, 175,
       242, 0, 36, 224, 64, 40, 33, 143, 205, 165, 172, 27, 204, 55, 84,
       226, 218, 198, 243, 40, 144, 226, 78, 230, 127, 141, 253, 248, 69,
       142, 164, 111, 254, 144, 60, 232, 216, 8, 102, 58, 152, 144, 233,
       189, 80, 194, 139, 189, 164, 13, 142, 152, 71, 158, 137, 33, 238,
       16, 6, 107, 218, 176, 155, 208, 17, 123, 218, 77, 79, 31, 104,
       251, 249, 224, 246, 201, 85, 247, 51, 169, 124, 104, 55, 151, 192,
       16, 22, 223, 197, 80, 90, 186, 192, 15, 255, 197, 36, 237, 32,
       136, 134, 171, 80, 10, 220, 245, 18, 2, 120, 34, 53, 165, 231,
       147, 227, 43, 2, 78, 102, 245, 237, 129, 44, 216, 209, 141, 198,
       231, 218, 81, 39, 128, 45, 10, 67, 122, 158, 180, 105, 157, 20,
       69, 171, 251, 164, 77, 174, 150, 71, 158, 164, 245, 236, 21, 71,
       71, 146, 224, 147, 208, 92, 59, 202, 52, 139, 31, 222, 221, 63,
       186, 178, 224, 63, 148, 182, 23, 203, 243, 125, 215, 41, 80, 103,
       243, 191, 211, 122, 133, 11, 247, 241, 231, 174, 193, 180, 211,
       165, 51, 110, 184, 115, 208, 239, 233, 144, 66, 203, 185, 177, 59,
       14, 153, 100, 142, 171, 185, 255, 17, 18, 107, 138, 240, 27, 88,
       17, 127, 211, 13, 87, 135, 111, 55, 226, 0, 203, 57, 60, 111, 139,
       244, 170, 239, 76, 238, 111, 223, 183, 23, 251, 180, 148, 83, 158,
       208, 62, 24, 77, 255, 143, 118, 143, 215, 8, 149, 49, 203, 201,
       237, 189, 55, 15, 77, 125, 0, 188, 183, 64, 68, 202, 59, 130, 24,
       83, 56, 122, 241, 109, 212, 22, 104, 82, 66, 167, 250, 153, 69,
       238, 173, 150, 38, 111, 119, 116, 71, 199, 151, 81, 42, 50, 73,
       122, 204, 59, 239, 189, 159, 21, 142, 240, 47, 218, 0, 173, 249,
       248, 208, 74, 187, 148, 254, 171, 225, 57, 175, 191, 53, 2, 185,
       236, 247, 64, 70, 135, 119, 235, 0, 18, 73, 203, 241, 205, 54, 95,
       251, 146, 68, 133, 123, 3, 207, 15, 191, 52, 131, 238, 182, 30, 9,
       218, 98, 189, 170, 176, 96, 75, 107, 63, 205, 227, 152, 67, 255,
       172, 255, 190, 192, 28, 152, 177, 169, 19, 79, 15, 191, 48, 134,
       126, 114, 188, 8, 218, 199, 253, 231, 177, 64, 230, 123, 63, 207,
       201, 153, 3, 111, 224, 231, 170, 128, 60, 177, 33, 89, 90, 222,
       96, 191, 54, 146, 90, 184, 7, 76, 222, 231, 237, 109, 178, 192,
       214, 253, 189, 199, 204, 137, 207, 189, 226, 119, 174, 147, 62,
       191, 29, 93, 201, 179, 254, 85, 162, 90, 124, 55, 121, 73, 119,
       176, 248, 62, 158, 247, 55, 94, 188, 8, 215, 216, 165, 199, 110,
       127, 118, 195, 38, 132, 207, 109, 107, 61, 238, 85, 229, 62, 253,
       19, 121, 230, 95, 22, 80, 172, 151, 111, 104, 230, 49, 45, 180,
       248, 181, 200, 87, 59, 213, 128, 199, 236, 246, 102, 126, 55, 226,
       0, 219, 181, 184, 107, 171, 253, 185, 239, 76, 238, 71, 150, 183,
       191, 247, 181, 148, 75, 158, 200, 58, 84, 15, 255, 207, 102, 143,
       215, 47, 184, 225, 91, 109, 245, 209, 88, 95, 255, 117, 49, 136,
       220, 246, 172, 221, 56, 147, 29, 151, 126, 126, 243, 15, 94, 209,
       239, 214, 141, 84, 247, 136, 142, 148, 251, 153, 169, 53, 135,
       158, 23, 100, 49, 174, 163, 34, 201, 129, 59, 170, 0, 50, 92, 67,
       55, 205, 215, 94, 115, 146, 76, 141, 171, 173, 101, 121, 103, 84,
