%YAML:1.0
---
descriptors: !!opencv-matrix
   rows: 120
   cols: 32
   dt: u
   data: [ 131, 194, 69, 157, 12, 155, 164, 45, 254, 115, 210, 214, 162,
       8, 180, 235, 105, 160, 122, 141, 231, 252, 71, 215, 4, 10, 222,
       128, 93, 24, 249, 140, 250, 180, 236, 24, 201, 244, 217, 75, 187,
       95, 180, 157, 40, 174, 86, 31, 201, 179, 213, 149, 190, 79, 246,
       211, 91, 91, 218, 251, 199, 68, 254, 214, 75, 255, 127, 92, 58,
       208, 63, 190, 175, 206, 30, 161, 253, 255, 167, 103, 38, 115, 253,
       238, 229, 9, 174, 255, 102, 125, 47, 171, 54, 182, 45, 125, 95,
       207, 224, 38, 153, 112, 94, 188, 51, 231, 143, 141, 107, 110, 95,
       246, 117, 199, 253, 198, 252, 67, 255, 163, 186, 127, 205, 157,
       175, 247, 186, 84, 173, 255, 241, 87, 226, 63, 255, 159, 115, 255,
       116, 252, 89, 117, 222, 191, 31, 94, 183, 94, 243, 126, 253, 162,
       110, 219, 117, 228, 231, 245, 198, 245, 43, 157, 230, 149, 221,
       30, 252, 167, 189, 223, 94, 151, 106, 104, 150, 199, 233, 230,
       245, 37, 253, 248, 55, 239, 46, 127, 222, 195, 143, 108, 248, 92,
       126, 189, 242, 86, 219, 116, 94, 223, 187, 255, 188, 191, 108,
       255, 95, 150, 183, 255, 245, 151, 244, 75, 186, 226, 123, 93, 77,
       191, 239, 247, 238, 223, 115, 186, 96, 132, 95, 23, 152, 127, 91,
       234, 214, 239, 104, 44, 86, 244, 127, 205, 255, 165, 173, 91, 205,
       223, 62, 78, 223, 191, 47, 44, 122, 95, 60, 255, 116, 71, 59, 91,
       87, 236, 121, 164, 189, 173, 106, 113, 142, 180, 59, 252, 196, 98,
       252, 161, 109, 255, 42, 222, 5, 55, 99, 191, 206, 247, 112, 148,
       254, 252, 62, 75, 81, 107, 21, 238, 182, 35, 87, 127, 33, 83, 219,
       213, 253, 32, 40, 235, 105, 142, 219, 231, 125, 151, 244, 40, 116,
       107, 170, 200, 162, 158, 77, 213, 178, 198, 223, 70, 64, 19, 40,
       204, 55, 204, 216, 43, 131, 199, 102, 190, 86, 251, 23, 86, 154,
       11, 83, 29, 125, 206, 26, 25, 122, 218, 91, 209, 27, 96, 143, 20,
       141, 163, 44, 223, 39, 116, 107, 187, 155, 194, 66, 3, 58, 253,
       211, 1, 139, 187, 23, 7, 45, 242, 60, 253, 120, 44, 219, 207, 87,
       254, 35, 236, 236, 9, 63, 247, 67, 144, 158, 253, 215, 98, 73, 26,
       248, 61, 255, 197, 5, 63, 115, 55, 6, 251, 75, 217, 50, 14, 207,
       148, 180, 229, 233, 29, 124, 15, 44, 248, 62, 132, 168, 171, 226,
       69, 214, 43, 146, 245, 63, 121, 70, 75, 83, 14, 235, 207, 27, 93,
       99, 254, 83, 150, 254, 119, 173, 200, 91, 231, 61, 190, 182, 229,
       110, 183, 151, 207, 197, 153, 36, 237, 178, 105, 170, 128, 63,
       166, 169, 93, 25, 85, 110, 231, 116, 94, 255, 117, 100, 76, 127,
       6, 121, 125, 187, 97, 54, 118, 55, 111, 225, 185, 53, 239, 119,
       233, 230, 128, 111, 178, 245, 249, 227, 254, 253, 30, 236, 253,
       132, 239, 250, 123, 184, 124, 242, 248, 213, 187, 201, 102, 110,
       7, 247, 111, 254, 115, 60, 30, 119, 58, 217, 121, 211, 253, 104,
       188, 248, 252, 118, 107, 113, 127, 27, 109, 246, 59, 62, 61, 2,
       48, 187, 149, 247, 1, 54, 255, 225, 223, 95, 191, 49, 247, 117,
       136, 79, 235, 152, 201, 63, 184, 46, 203, 183, 230, 206, 56, 26,
       163, 60, 156, 161, 96, 162, 115, 63, 67, 66, 137, 6, 253, 240,
       128, 47, 179, 52, 57, 5, 11, 145, 111, 98, 171, 12, 185, 234, 70,
       229, 64, 219, 210, 3, 136, 182, 224, 106, 138, 78, 207, 253, 171,
       69, 246, 52, 104, 130, 24, 125, 159, 248, 140, 20, 133, 26, 171,
       150, 235, 55, 175, 46, 49, 75, 50, 151, 147, 104, 64, 115, 31, 47,
       0, 82, 152, 73, 19, 237, 165, 58, 68, 176, 74, 129, 35, 117, 228,
       236, 107, 140, 63, 78, 216, 83, 182, 165, 10, 67, 105, 223, 59,
       89, 196, 108, 250, 236, 102, 255, 56, 187, 203, 197, 61, 247, 251,
       94, 36, 248, 22, 252, 228, 30, 106, 17, 59, 16, 175, 182, 187,
       119, 63, 2, 82, 255, 245, 237, 32, 40, 207, 225, 142, 219, 231,
       123, 145, 160, 40, 36, 107, 141, 255, 191, 95, 169, 127, 167, 254,
       254, 254, 191, 116, 248, 252, 159, 171, 205, 110, 238, 74, 245,
       229, 251, 59, 111, 239, 119, 177, 202, 121, 207, 245, 42, 216, 46,
       154, 77, 213, 180, 239, 143, 21, 68, 19, 172, 220, 46, 65, 201,
       59, 179, 129, 70, 46, 82, 241, 119, 17, 218, 107, 19, 28, 189,
       222, 35, 159, 136, 149, 244, 187, 182, 167, 30, 169, 26, 239, 164,
       168, 247, 228, 205, 110, 182, 21, 148, 250, 228, 170, 46, 87, 189,
       163, 221, 124, 152, 157, 11, 140, 2, 219, 149, 183, 234, 198, 95,
       1, 221, 2, 168, 200, 52, 228, 89, 186, 147, 153, 191, 184, 92,
       255, 175, 126, 138, 67, 159, 143, 248, 140, 173, 225, 149, 219,
       237, 249, 229, 200, 94, 188, 117, 2, 200, 208, 253, 237, 217, 8,
       34, 90, 83, 116, 123, 176, 15, 218, 215, 108, 211, 95, 208, 164,
       11, 189, 115, 88, 215, 156, 178, 103, 253, 1, 104, 66, 44, 216,
       180, 244, 182, 187, 146, 217, 151, 187, 52, 255, 62, 124, 6, 74,
       111, 6, 163, 141, 253, 173, 237, 103, 148, 46, 111, 184, 112, 226,
       239, 72, 211, 101, 153, 48, 89, 198, 124, 46, 121, 240, 253, 46,
       239, 239, 165, 20, 225, 251, 210, 96, 43, 141, 50, 158, 93, 247,
       210, 239, 95, 69, 232, 3, 42, 232, 54, 192, 217, 171, 138, 5, 54,
       171, 117, 255, 63, 127, 146, 83, 19, 12, 248, 78, 162, 94, 180,
       217, 175, 249, 149, 199, 223, 31, 84, 50, 174, 185, 167, 76, 203,
       58, 174, 16, 38, 252, 99, 243, 70, 214, 82, 147, 214, 92, 221,
       207, 138, 199, 19, 190, 63, 193, 189, 239, 149, 2, 216, 170, 237,
       254, 40, 229, 62, 187, 155, 225, 98, 43, 6, 255, 240, 20, 30, 43,
       22, 220, 165, 40, 10, 14, 174, 209, 181, 243, 248, 199, 223, 155,
       94, 18, 136, 249, 53, 236, 233, 58, 151, 153, 178, 249, 2, 202,
       75, 95, 159, 199, 151, 92, 252, 175, 133, 221, 22, 139, 221, 189,
       230, 215, 199, 89, 219, 86, 186, 152, 62, 228, 200, 138, 122, 219,
       247, 186, 91, 247, 37, 24, 6, 104, 89, 95, 249, 140, 234, 182,
       252, 248, 238, 240, 145, 91, 155, 127, 148, 255, 140, 157, 238,
       11, 207, 155, 247, 17, 182, 111, 242, 211, 94, 123, 251, 255, 151,
       204, 87, 251, 3, 245, 178, 158, 89, 148, 188, 71, 255, 67, 200,
       23, 172, 250, 46, 198, 239, 59, 155, 129, 102, 139, 146, 195, 55,
       52, 158, 11, 26, 84, 169, 158, 138, 154, 58, 248, 117, 253, 184,
       87, 191, 29, 118, 53, 172, 159, 38, 88, 199, 59, 147, 17, 182,
       188, 50, 247, 79, 127, 26, 203, 146, 12, 173, 219, 192, 188, 158,
       188, 137, 237, 53, 199, 190, 159, 236, 25, 164, 179, 66, 91, 161,
       127, 235, 16, 114, 79, 210, 115, 253, 247, 94, 123, 144, 80, 175,
       170, 57, 61, 253, 101, 172, 95, 77, 63, 69, 234, 190, 74, 179, 61,
       213, 35, 76, 254, 126, 40, 201, 250, 245, 8, 103, 137, 101, 52,
       97, 248, 212, 120, 47, 125, 99, 82, 240, 251, 110, 214, 121, 234,
       92, 236, 58, 245, 213, 188, 63, 122, 87, 94, 209, 184, 36, 62, 62,
       30, 37, 162, 238, 255, 210, 189, 146, 207, 62, 241, 181, 251, 252,
       230, 189, 174, 186, 43, 15, 174, 39, 193, 175, 247, 159, 193, 116,
       189, 0, 254, 191, 215, 223, 195, 128, 220, 45, 207, 194, 150, 157,
       189, 168, 108, 53, 159, 190, 127, 2, 117, 244, 183, 72, 75, 133,
       87, 105, 17, 55, 205, 211, 99, 205, 50, 95, 70, 136, 112, 133, 91,
       41, 189, 249, 101, 36, 239, 105, 55, 116, 227, 126, 24, 187, 61,
       16, 35, 8, 190, 126, 8, 217, 248, 241, 15, 231, 253, 112, 0, 66,
       200, 212, 248, 105, 255, 225, 126, 252, 132, 79, 183, 51, 74, 248,
       76, 179, 247, 152, 116, 95, 250, 53, 142, 203, 42, 250, 43, 103,
       253, 164, 184, 94, 242, 242, 57, 244, 253, 253, 110, 136, 111, 87,
       188, 82, 246, 169, 9, 83, 253, 73, 51, 153, 212, 108, 114, 105,
       99, 251, 58, 251, 207, 101, 61, 240, 251, 198, 114, 3, 179, 67,
       89, 116, 157, 234, 85, 125, 73, 114, 230, 169, 136, 244, 164, 126,
       169, 22, 221, 151, 188, 117, 211, 38, 92, 186, 192, 127, 140, 249,
       157, 66, 188, 145, 216, 235, 241, 24, 79, 31, 91, 196, 177, 172,
       246, 230, 220, 199, 187, 187, 144, 23, 78, 235, 243, 31, 54, 222,
