%YAML:1.0
---
descriptors: !!opencv-matrix
   rows: 238
   cols: 32
   dt: u
   data: [ 189, 124, 111, 205, 100, 86, 111, 244, 113, 78, 244, 166, 113,
       23, 147, 181, 126, 236, 23, 238, 233, 150, 117, 110, 103, 43, 226,
       128, 39, 183, 118, 249, 50, 249, 48, 90, 107, 221, 154, 236, 171,
       121, 188, 43, 44, 222, 70, 52, 175, 251, 215, 209, 214, 75, 250,
       245, 31, 92, 141, 251, 95, 22, 14, 223, 255, 203, 104, 236, 45,
       31, 78, 176, 65, 108, 180, 77, 67, 9, 23, 144, 200, 228, 93, 110,
       237, 39, 80, 188, 243, 249, 129, 52, 95, 191, 90, 88, 82, 31, 239,
       239, 182, 98, 125, 55, 61, 205, 90, 227, 121, 47, 148, 112, 118,
       255, 53, 133, 152, 152, 37, 237, 226, 174, 250, 131, 165, 226,
       244, 123, 5, 141, 157, 251, 180, 71, 71, 191, 86, 75, 218, 64,
       243, 115, 41, 96, 217, 98, 46, 106, 121, 184, 73, 63, 237, 175,
       247, 84, 152, 251, 240, 40, 58, 34, 96, 33, 53, 187, 216, 91, 7,
       229, 53, 175, 139, 8, 210, 128, 158, 137, 199, 53, 158, 184, 69,
       156, 206, 197, 161, 245, 255, 140, 90, 215, 34, 237, 0, 139, 213,
       197, 190, 228, 14, 1, 88, 3, 172, 216, 116, 132, 216, 123, 147,
       209, 86, 58, 88, 253, 45, 20, 142, 235, 21, 30, 245, 142, 103, 63,
       243, 69, 228, 62, 108, 19, 121, 234, 126, 100, 27, 58, 215, 188,
       183, 239, 20, 156, 213, 240, 245, 200, 14, 220, 116, 128, 206,
       244, 202, 189, 77, 137, 209, 207, 84, 134, 107, 184, 71, 129, 94,
       70, 241, 243, 248, 100, 89, 238, 55, 204, 75, 152, 255, 253, 108,
       190, 175, 196, 190, 162, 112, 40, 231, 20, 102, 26, 251, 255, 250,
       73, 255, 77, 127, 191, 104, 220, 190, 240, 255, 179, 183, 183,
       182, 147, 47, 223, 63, 126, 11, 195, 215, 206, 237, 87, 39, 55,
       224, 193, 244, 63, 238, 83, 123, 227, 122, 255, 27, 40, 215, 172,
       63, 206, 23, 189, 181, 242, 101, 202, 62, 92, 165, 228, 237, 253,
       218, 213, 77, 124, 241, 69, 100, 108, 235, 18, 105, 234, 122, 104,
       219, 29, 213, 62, 122, 236, 118, 56, 129, 180, 245, 72, 69, 188,
       96, 160, 230, 243, 86, 249, 11, 247, 242, 195, 183, 83, 124, 255,
       31, 95, 221, 247, 12, 174, 239, 172, 127, 139, 158, 180, 183, 222,
       109, 195, 46, 94, 151, 199, 190, 220, 188, 221, 118, 181, 230,
       194, 125, 246, 250, 200, 239, 253, 251, 15, 72, 222, 62, 212, 255,
       149, 151, 177, 158, 243, 25, 221, 63, 28, 139, 199, 199, 79, 124,
       87, 216, 28, 254, 246, 187, 118, 126, 182, 233, 190, 190, 49, 111,
       63, 35, 91, 231, 247, 253, 170, 52, 201, 137, 238, 251, 251, 86,
       19, 162, 245, 45, 11, 37, 55, 232, 101, 244, 47, 111, 87, 113,
       239, 127, 253, 83, 45, 146, 48, 127, 220, 23, 188, 185, 178, 101,
       78, 118, 173, 164, 196, 237, 234, 226, 241, 38, 189, 112, 153,
       245, 237, 186, 194, 15, 5, 88, 131, 172, 188, 55, 128, 207, 59,
       151, 209, 150, 56, 80, 255, 173, 20, 138, 227, 213, 77, 29, 223,
       10, 149, 50, 155, 213, 214, 190, 103, 61, 5, 78, 19, 172, 190, 38,
       196, 241, 59, 147, 129, 118, 152, 17, 255, 47, 119, 154, 67, 130,
       68, 189, 206, 207, 24, 240, 103, 231, 92, 255, 144, 125, 110, 95,
       186, 217, 63, 222, 252, 54, 95, 183, 223, 212, 16, 237, 226, 87,
       221, 238, 135, 167, 231, 223, 245, 41, 253, 120, 101, 244, 95,
       119, 182, 121, 206, 126, 44, 251, 53, 146, 48, 158, 126, 68, 46,
       233, 184, 113, 47, 231, 255, 36, 128, 98, 240, 198, 251, 154, 141,
       6, 252, 7, 194, 252, 103, 180, 3, 210, 19, 45, 187, 48, 65, 226,
       179, 179, 129, 112, 153, 18, 255, 83, 231, 218, 193, 53, 0, 165,
       138, 166, 178, 232, 147, 223, 189, 176, 91, 31, 125, 213, 191, 40,
       252, 94, 140, 253, 155, 215, 17, 190, 126, 250, 243, 31, 85, 153,
       235, 199, 77, 158, 215, 175, 162, 208, 88, 249, 181, 216, 202, 91,
       59, 53, 120, 8, 218, 223, 191, 207, 73, 198, 28, 182, 102, 234,
       242, 30, 89, 17, 254, 219, 197, 74, 133, 15, 54, 125, 27, 250, 63,
       187, 152, 63, 127, 87, 245, 221, 94, 143, 110, 151, 17, 159, 183,
       183, 20, 109, 253, 14, 89, 42, 198, 158, 135, 9, 117, 145, 219,
       91, 253, 54, 131, 227, 252, 84, 8, 80, 102, 51, 209, 160, 100,
       126, 40, 6, 110, 227, 184, 36, 189, 160, 136, 162, 128, 61, 154,
       113, 169, 138, 132, 166, 153, 117, 255, 248, 7, 159, 95, 87, 17,
       172, 188, 38, 237, 201, 59, 187, 16, 54, 252, 113, 215, 15, 127,
       154, 67, 146, 76, 221, 222, 153, 219, 111, 173, 38, 131, 239, 245,
       4, 72, 218, 230, 49, 199, 177, 65, 126, 232, 55, 239, 201, 145,
       39, 249, 244, 233, 238, 136, 61, 186, 176, 249, 33, 181, 113, 69,
       116, 111, 99, 121, 115, 232, 127, 72, 115, 117, 156, 52, 58, 222,
       70, 40, 153, 186, 253, 31, 63, 142, 37, 68, 99, 170, 70, 169, 218,
       237, 155, 220, 219, 192, 53, 231, 187, 7, 236, 56, 44, 183, 32,
       116, 227, 251, 239, 128, 98, 79, 162, 111, 251, 247, 30, 59, 2,
       80, 167, 235, 108, 60, 249, 101, 112, 234, 107, 19, 55, 165, 110,
       0, 147, 23, 128, 80, 35, 252, 108, 24, 26, 152, 241, 31, 207, 175,
       33, 68, 226, 161, 70, 97, 10, 29, 58, 252, 227, 212, 188, 119,
       189, 15, 126, 19, 60, 191, 38, 64, 164, 51, 147, 0, 80, 153, 50,
       231, 115, 247, 94, 131, 2, 64, 173, 219, 61, 95, 126, 110, 54, 15,
       195, 248, 101, 232, 255, 238, 115, 73, 191, 48, 126, 228, 78, 110,
       201, 179, 13, 44, 242, 233, 33, 144, 111, 187, 114, 145, 39, 54,
       184, 150, 107, 53, 184, 75, 27, 255, 85, 63, 76, 248, 222, 142,
       159, 79, 247, 21, 150, 87, 170, 194, 30, 95, 255, 191, 199, 109,
       155, 199, 124, 188, 248, 101, 144, 110, 83, 178, 51, 173, 238, 8,
       19, 55, 0, 80, 55, 252, 109, 26, 24, 218, 233, 46, 255, 239, 37,
       84, 224, 225, 70, 115, 49, 75, 107, 238, 60, 195, 79, 244, 148,
       192, 222, 230, 115, 205, 177, 96, 88, 236, 23, 110, 201, 163, 44,
       190, 240, 173, 167, 152, 61, 187, 112, 120, 237, 253, 51, 124,
       157, 255, 215, 230, 255, 226, 172, 24, 190, 240, 65, 49, 137, 110,
       122, 74, 109, 111, 242, 62, 249, 223, 5, 58, 90, 121, 203, 186, 8,
       177, 16, 251, 221, 221, 113, 175, 31, 53, 109, 20, 239, 55, 74,
       192, 217, 27, 162, 18, 26, 120, 123, 181, 239, 215, 18, 99, 146,
       15, 133, 242, 3, 157, 83, 175, 246, 166, 175, 119, 60, 64, 90,
       230, 189, 230, 176, 224, 126, 43, 22, 205, 213, 184, 53, 255, 172,
       174, 170, 192, 61, 138, 161, 249, 9, 141, 106, 235, 246, 147, 251,
       247, 30, 69, 92, 130, 189, 239, 178, 96, 126, 59, 151, 221, 146,
       184, 116, 255, 111, 77, 170, 193, 55, 142, 165, 249, 175, 55, 104,
       129, 244, 59, 234, 217, 23, 105, 241, 255, 193, 44, 159, 164, 127,
       142, 23, 189, 191, 182, 77, 222, 60, 12, 171, 228, 189, 237, 218,
       149, 49, 231, 113, 76, 244, 75, 71, 127, 81, 172, 252, 106, 115,
       85, 148, 52, 126, 222, 6, 106, 203, 178, 101, 223, 63, 156, 5, 36,
       119, 250, 214, 165, 251, 149, 122, 238, 118, 22, 95, 61, 113, 74,
       255, 38, 123, 127, 186, 117, 126, 215, 149, 174, 232, 147, 117,
       143, 243, 255, 164, 129, 63, 238, 248, 123, 131, 178, 44, 144, 60,
       153, 153, 55, 252, 125, 151, 253, 142, 12, 150, 33, 134, 3, 94, 5,
       247, 45, 101, 85, 136, 26, 122, 242, 92, 140, 155, 93, 7, 151,
       110, 154, 180, 178, 174, 235, 223, 78, 90, 231, 104, 236, 191,
       228, 247, 43, 159, 181, 247, 137, 46, 255, 42, 62, 175, 207, 157,
       230, 57, 85, 30, 204, 106, 186, 245, 247, 122, 246, 183, 75, 219,
       18, 105, 238, 54, 192, 249, 235, 151, 145, 175, 191, 56, 255, 187,
       255, 159, 195, 151, 223, 252, 222, 130, 188, 146, 159, 101, 247,
       188, 231, 158, 134, 83, 19, 172, 250, 102, 193, 251, 123, 179,
       131, 54, 252, 26, 251, 13, 22, 223, 11, 20, 109, 189, 142, 155,
       240, 227, 222, 117, 215, 255, 196, 23, 79, 95, 18, 104, 222, 63,
       164, 253, 233, 151, 195, 230, 183, 56, 255, 51, 95, 159, 131, 183,
       159, 49, 223, 166, 157, 102, 222, 247, 245, 184, 227, 158, 29, 89,
       51, 108, 254, 62, 9, 255, 59, 179, 179, 182, 251, 138, 253, 53,
