%YAML:1.0
---
descriptors: !!opencv-matrix
   rows: 264
   cols: 32
   dt: u
   data: [ 1, 183, 113, 25, 242, 153, 169, 63, 126, 109, 124, 244, 172,
       164, 214, 180, 23, 11, 130, 12, 215, 56, 100, 87, 44, 28, 50, 230,
       94, 132, 131, 253, 47, 55, 243, 101, 224, 58, 111, 19, 105, 236,
       126, 228, 27, 47, 215, 52, 54, 206, 21, 188, 213, 184, 165, 200,
       110, 125, 36, 132, 238, 244, 194, 213, 45, 120, 243, 101, 100,
       110, 235, 18, 104, 232, 122, 100, 159, 61, 209, 190, 22, 108, 118,
       77, 129, 240, 245, 192, 4, 253, 99, 128, 204, 235, 83, 241, 102,
       105, 130, 150, 239, 217, 150, 196, 139, 236, 144, 171, 44, 236,
       71, 154, 138, 255, 243, 83, 68, 67, 202, 232, 63, 20, 141, 187,
       196, 127, 31, 223, 160, 84, 225, 69, 116, 111, 239, 94, 117, 238,
       118, 178, 83, 53, 149, 52, 126, 252, 23, 174, 233, 182, 117, 206,
       119, 62, 176, 128, 103, 250, 118, 249, 9, 132, 22, 185, 117, 172,
       121, 39, 188, 27, 66, 17, 188, 179, 32, 73, 165, 43, 59, 28, 50,
       221, 18, 215, 205, 247, 90, 66, 152, 64, 161, 139, 10, 143, 6,
       252, 69, 210, 124, 103, 181, 7, 66, 19, 40, 171, 34, 65, 232, 163,
       179, 128, 84, 155, 2, 221, 83, 243, 218, 3, 19, 4, 173, 138, 17,
       30, 75, 236, 54, 163, 203, 112, 4, 64, 218, 230, 113, 71, 177, 96,
       126, 176, 30, 238, 137, 163, 36, 191, 240, 173, 170, 128, 61, 171,
       48, 49, 223, 118, 98, 102, 55, 114, 122, 112, 113, 206, 215, 183,
       73, 79, 159, 245, 118, 204, 221, 239, 236, 215, 165, 206, 210,
       235, 227, 129, 39, 247, 126, 87, 13, 22, 244, 85, 163, 62, 61, 23,
       61, 127, 118, 181, 207, 39, 138, 255, 55, 7, 252, 60, 181, 216,
       101, 192, 206, 255, 118, 199, 238, 244, 143, 117, 82, 94, 142,
       188, 11, 32, 61, 134, 172, 222, 158, 167, 237, 174, 35, 75, 231,
       231, 237, 135, 44, 197, 135, 232, 210, 119, 250, 155, 132, 117,
       45, 95, 210, 220, 127, 254, 10, 198, 61, 37, 188, 18, 194, 243,
       245, 95, 32, 99, 102, 117, 125, 227, 96, 205, 51, 111, 225, 162,
       254, 130, 36, 48, 165, 123, 42, 237, 114, 216, 213, 215, 246, 231,
       95, 132, 120, 11, 104, 220, 54, 132, 248, 187, 147, 65, 242, 186,
       24, 255, 61, 92, 135, 107, 87, 30, 254, 142, 152, 76, 87, 191, 6,
       66, 47, 52, 180, 130, 66, 82, 245, 115, 33, 65, 114, 245, 59, 234,
       97, 212, 17, 110, 229, 162, 254, 0, 36, 240, 33, 40, 83, 133, 159,
       236, 30, 6, 73, 123, 150, 128, 202, 66, 117, 243, 48, 98, 116,
       245, 61, 168, 9, 137, 17, 220, 249, 239, 175, 132, 60, 226, 49,
       40, 26, 215, 83, 236, 54, 130, 107, 252, 53, 73, 222, 230, 121,
       239, 184, 64, 126, 251, 63, 236, 203, 155, 15, 255, 242, 239, 170,
       128, 63, 154, 241, 249, 10, 221, 182, 223, 5, 214, 190, 231, 189,
       86, 94, 3, 236, 254, 39, 229, 226, 123, 187, 195, 96, 217, 51,
       237, 231, 119, 222, 131, 6, 116, 173, 222, 71, 20, 163, 153, 53,
       246, 171, 2, 255, 203, 195, 114, 204, 254, 189, 236, 247, 109, 58,
       149, 135, 213, 181, 194, 153, 54, 155, 194, 140, 69, 53, 117, 41,
       189, 123, 96, 244, 143, 123, 247, 113, 105, 126, 76, 19, 157, 176,
       48, 126, 188, 22, 124, 155, 186, 48, 30, 127, 157, 37, 228, 235,
       138, 202, 185, 211, 83, 210, 78, 67, 16, 120, 64, 97, 0, 227, 96,
       106, 210, 141, 246, 246, 253, 236, 226, 77, 211, 164, 201, 146,
       248, 66, 11, 107, 162, 42, 7, 17, 158, 239, 255, 182, 34, 105,
       247, 116, 91, 222, 246, 113, 43, 176, 107, 127, 230, 63, 156, 185,
       216, 37, 47, 222, 175, 254, 192, 173, 232, 240, 121, 15, 51, 97,
       225, 244, 43, 235, 152, 41, 233, 27, 239, 153, 13, 220, 160, 30,
       12, 23, 127, 145, 176, 197, 204, 108, 29, 171, 228, 143, 175, 210,
       177, 45, 62, 249, 101, 52, 127, 107, 24, 119, 238, 126, 12, 243,
       53, 147, 56, 31, 236, 94, 46, 169, 244, 253, 10, 199, 207, 37,
       148, 239, 251, 86, 249, 94, 120, 255, 218, 91, 240, 179, 192, 175,
       213, 69, 163, 252, 222, 103, 238, 163, 121, 251, 211, 7, 69, 186,
       240, 219, 69, 11, 107, 142, 55, 39, 247, 26, 204, 246, 254, 83,
       240, 186, 230, 181, 7, 198, 179, 109, 255, 165, 205, 103, 251,
       171, 128, 38, 223, 14, 239, 82, 231, 218, 131, 183, 85, 45, 138,
       120, 185, 184, 250, 185, 253, 85, 207, 171, 29, 172, 8, 63, 223,
       74, 186, 129, 187, 221, 16, 30, 107, 250, 49, 219, 221, 20, 123,
       242, 66, 207, 75, 62, 54, 114, 208, 247, 255, 155, 83, 29, 110,
       189, 191, 14, 61, 166, 173, 191, 155, 151, 37, 189, 163, 48, 222,
       211, 95, 48, 255, 255, 205, 124, 247, 184, 228, 124, 233, 182, 54,
       95, 190, 85, 139, 254, 18, 27, 63, 152, 97, 127, 222, 29, 174,
       232, 254, 117, 142, 255, 235, 182, 196, 167, 216, 244, 107, 58,
       183, 235, 97, 244, 78, 255, 247, 115, 173, 126, 47, 27, 61, 214,
       16, 63, 222, 21, 153, 218, 184, 228, 194, 127, 253, 180, 197, 231,
       242, 214, 251, 13, 95, 127, 79, 164, 126, 239, 152, 237, 78, 127,
       4, 219, 247, 191, 110, 118, 64, 62, 238, 225, 176, 46, 232, 103,
       255, 227, 132, 103, 243, 101, 113, 36, 255, 105, 74, 86, 131, 239,
       252, 68, 64, 124, 230, 115, 197, 184, 48, 126, 248, 23, 238, 203,
       178, 124, 63, 119, 141, 165, 172, 125, 154, 242, 184, 208, 159,
       63, 249, 170, 205, 61, 55, 174, 95, 150, 245, 181, 183, 130, 67,
       167, 51, 125, 0, 243, 77, 163, 21, 225, 227, 126, 208, 24, 0, 165,
       123, 38, 196, 180, 91, 205, 125, 148, 175, 207, 51, 56, 27, 226,
       120, 92, 43, 201, 75, 98, 17, 22, 120, 91, 177, 47, 26, 85, 119,
       209, 92, 220, 142, 41, 107, 121, 69, 124, 157, 239, 119, 102, 104,
       124, 68, 187, 141, 144, 176, 78, 40, 215, 76, 193, 184, 113, 63,
       102, 221, 36, 176, 78, 142, 218, 185, 101, 249, 187, 94, 197, 141,
       231, 214, 122, 200, 96, 76, 52, 240, 101, 56, 177, 106, 50, 94,
       131, 122, 186, 113, 29, 12, 21, 42, 216, 17, 67, 174, 98, 245,
       252, 248, 239, 117, 156, 207, 155, 127, 180, 185, 140, 188, 118,
       26, 207, 223, 255, 17, 150, 75, 243, 224, 59, 94, 92, 255, 215,
       92, 175, 95, 18, 159, 111, 237, 246, 34, 127, 119, 101, 72, 90,
       231, 121, 47, 148, 96, 127, 183, 23, 173, 249, 152, 37, 223, 126,
       238, 174, 196, 45, 226, 228, 185, 1, 178, 126, 121, 34, 141, 120,
       27, 118, 89, 83, 245, 181, 139, 192, 72, 199, 45, 63, 148, 151,
       156, 71, 17, 206, 249, 178, 192, 60, 128, 57, 155, 34, 161, 65,
       193, 213, 205, 238, 229, 43, 33, 120, 74, 0, 135, 84, 20, 120,
       154, 19, 216, 82, 58, 208, 215, 61, 28, 133, 110, 81, 10, 214,
       168, 37, 53, 115, 73, 246, 103, 239, 248, 85, 232, 252, 66, 113,
       81, 189, 36, 126, 248, 22, 234, 225, 178, 125, 255, 53, 140, 161,
       4, 117, 251, 116, 165, 14, 187, 24, 184, 219, 229, 146, 202, 158,
       29, 48, 77, 140, 223, 99, 136, 205, 89, 163, 211, 22, 106, 90,
       245, 13, 215, 15, 111, 208, 21, 15, 147, 11, 159, 123, 203, 176,
       247, 59, 247, 30, 69, 94, 166, 189, 215, 178, 224, 118, 59, 151,
       157, 147, 152, 45, 255, 238, 125, 174, 192, 150, 206, 165, 249,
       60, 53, 243, 224, 246, 103, 239, 87, 1, 229, 253, 234, 27, 61, 84,
       48, 126, 158, 23, 184, 153, 178, 112, 138, 127, 205, 165, 164,
       231, 250, 246, 241, 0, 142, 91, 253, 54, 227, 98, 119, 84, 139,
       218, 242, 179, 177, 160, 64, 90, 62, 46, 0, 56, 186, 65, 15, 236,
       166, 178, 129, 180, 200, 240, 169, 62, 54, 114, 80, 245, 117, 217,
       90, 81, 207, 188, 191, 10, 61, 215, 189, 159, 155, 151, 177, 189,
       39, 116, 206, 83, 95, 48, 251, 207, 205, 110, 247, 74, 106, 186,
       252, 42, 129, 59, 114, 191, 134, 206, 161, 173, 231, 35, 88, 102,
       245, 239, 132, 64, 27, 130, 122, 215, 247, 191, 137, 178, 176, 37,
       107, 185, 195, 106, 44, 196, 159, 199, 125, 69, 12, 245, 71, 83,
       200, 190, 64, 88, 168, 6, 111, 220, 179, 84, 29, 112, 105, 32, 76,
       127, 190, 248, 196, 120, 169, 184, 106, 249, 221, 87, 205, 227,
       13, 172, 9, 63, 215, 66, 16, 130, 187, 197, 80, 26, 43, 250, 49,
