%YAML:1.0
---
descriptors: !!opencv-matrix
   rows: 187
   cols: 32
   dt: u
   data: [ 57, 205, 231, 86, 197, 94, 100, 247, 81, 218, 126, 74, 123,
       117, 181, 191, 25, 230, 134, 44, 249, 250, 53, 174, 63, 239, 117,
       0, 107, 252, 216, 252, 4, 89, 135, 186, 141, 235, 167, 229, 142,
       197, 203, 135, 196, 230, 99, 206, 249, 103, 234, 49, 21, 129, 26,
       250, 168, 54, 143, 95, 152, 127, 189, 86, 189, 103, 77, 227, 22,
       43, 235, 220, 117, 168, 249, 230, 123, 107, 157, 33, 122, 202, 22,
       250, 171, 242, 109, 204, 254, 201, 167, 132, 237, 218, 114, 169,
       49, 85, 97, 69, 84, 95, 231, 113, 117, 104, 250, 70, 83, 21, 148,
       164, 124, 156, 22, 106, 201, 178, 117, 15, 53, 236, 160, 0, 111,
       170, 86, 252, 177, 67, 77, 239, 94, 8, 233, 220, 29, 72, 240, 198,
       251, 106, 185, 107, 126, 195, 14, 236, 171, 243, 103, 239, 244,
       171, 186, 144, 125, 154, 97, 249, 193, 195, 221, 207, 110, 41,
       172, 220, 94, 59, 122, 242, 245, 227, 249, 106, 51, 71, 110, 110,
       1, 49, 139, 83, 148, 174, 123, 164, 156, 251, 1, 41, 165, 224,
       152, 219, 244, 197, 65, 200, 23, 59, 117, 18, 18, 209, 251, 40,
       217, 136, 22, 88, 58, 118, 106, 178, 79, 159, 181, 109, 154, 25,
       248, 130, 99, 190, 149, 30, 172, 173, 132, 239, 250, 123, 176,
       124, 230, 248, 68, 155, 137, 227, 108, 1, 183, 111, 218, 115, 184,
       22, 117, 62, 216, 121, 203, 31, 117, 194, 79, 239, 68, 10, 239,
       253, 85, 106, 247, 198, 91, 107, 188, 113, 126, 196, 62, 238, 233,
       183, 109, 223, 246, 239, 231, 148, 61, 250, 240, 48, 132, 137,
       159, 189, 140, 207, 99, 121, 150, 168, 195, 0, 246, 247, 96, 64,
       216, 118, 123, 88, 89, 153, 27, 27, 205, 150, 131, 16, 16, 42, 20,
       32, 221, 79, 253, 41, 254, 66, 79, 157, 106, 254, 178, 101, 83,
       36, 213, 91, 51, 196, 108, 126, 224, 99, 45, 92, 120, 43, 39, 180,
       245, 242, 103, 105, 105, 140, 79, 229, 116, 122, 227, 55, 96, 97,
       126, 88, 243, 49, 144, 167, 88, 102, 84, 40, 185, 184, 229, 143,
       174, 255, 160, 64, 111, 168, 210, 168, 126, 191, 226, 22, 219,
       118, 159, 222, 187, 254, 189, 175, 104, 253, 95, 150, 63, 255,
       213, 247, 182, 75, 188, 234, 123, 93, 141, 191, 239, 119, 159,
       215, 98, 34, 67, 140, 105, 151, 168, 72, 175, 36, 240, 205, 140,
       134, 167, 221, 126, 173, 235, 236, 196, 83, 230, 216, 22, 48, 203,
       190, 19, 46, 39, 236, 214, 222, 63, 102, 34, 159, 158, 247, 159,
       123, 187, 255, 222, 252, 116, 34, 167, 245, 253, 131, 201, 49, 42,
       210, 251, 222, 111, 150, 93, 126, 133, 119, 34, 56, 243, 89, 112,
       175, 233, 87, 127, 13, 116, 244, 184, 7, 180, 60, 63, 58, 22, 28,
       179, 188, 52, 87, 5, 30, 50, 192, 219, 128, 231, 253, 8, 134, 238,
       225, 150, 38, 240, 87, 84, 151, 94, 147, 17, 173, 186, 73, 123,
       14, 27, 189, 180, 249, 37, 134, 111, 111, 246, 197, 167, 200, 252,
       202, 6, 175, 158, 159, 220, 131, 166, 233, 158, 178, 66, 74, 228,
       226, 109, 193, 209, 111, 106, 35, 113, 219, 203, 127, 60, 38, 255,
       110, 156, 122, 185, 128, 105, 158, 78, 229, 116, 186, 234, 54, 48,
       3, 94, 252, 245, 33, 144, 38, 46, 118, 117, 173, 185, 220, 197,
       175, 228, 255, 250, 192, 47, 136, 27, 185, 109, 78, 101, 69, 216,
       3, 79, 149, 102, 226, 186, 204, 81, 10, 151, 121, 95, 229, 124,
       254, 237, 182, 125, 30, 116, 142, 231, 148, 253, 243, 64, 88, 45,
       231, 80, 71, 243, 27, 118, 248, 105, 36, 254, 236, 74, 96, 143,
       148, 58, 196, 198, 106, 196, 176, 109, 111, 110, 31, 37, 87, 107,
       183, 202, 133, 11, 140, 186, 186, 213, 247, 122, 223, 31, 75, 92,
       19, 108, 255, 58, 192, 249, 59, 147, 21, 55, 153, 58, 255, 111,
       255, 150, 75, 154, 204, 249, 222, 53, 217, 57, 30, 58, 221, 151,
       248, 206, 92, 125, 108, 246, 216, 175, 32, 156, 106, 6, 98, 199,
       34, 126, 61, 36, 4, 37, 58, 89, 59, 77, 223, 48, 123, 89, 76, 90,
       219, 199, 252, 7, 172, 252, 238, 35, 133, 135, 148, 58, 248, 198,
       106, 73, 186, 104, 61, 58, 133, 37, 185, 113, 187, 78, 249, 161,
       77, 93, 101, 116, 14, 107, 48, 97, 168, 118, 72, 179, 3, 144, 49,
       2, 164, 70, 104, 233, 188, 65, 12, 230, 185, 32, 0, 104, 160, 74,
       169, 5, 246, 159, 243, 178, 174, 43, 182, 124, 155, 75, 84, 215,
       83, 136, 105, 87, 94, 28, 58, 179, 212, 91, 38, 205, 175, 55, 196,
       168, 242, 129, 33, 220, 177, 63, 250, 139, 228, 21, 217, 171, 91,
       165, 24, 30, 247, 104, 123, 161, 83, 249, 18, 27, 67, 186, 113,
       219, 211, 95, 127, 154, 65, 167, 51, 133, 6, 159, 245, 228, 47,
       109, 156, 254, 51, 82, 116, 213, 227, 249, 107, 55, 111, 42, 236,
       163, 116, 139, 83, 132, 170, 123, 36, 156, 249, 33, 169, 2, 188,
       186, 216, 253, 245, 240, 207, 31, 79, 92, 51, 60, 253, 54, 224,
       249, 43, 151, 16, 54, 175, 34, 247, 111, 95, 183, 239, 146, 72,
       253, 203, 118, 245, 112, 194, 239, 85, 222, 236, 201, 252, 185,
       43, 74, 220, 127, 166, 222, 219, 215, 99, 220, 35, 154, 224, 59,
       24, 133, 255, 87, 127, 254, 215, 246, 127, 112, 130, 235, 85, 30,
       236, 137, 236, 153, 171, 76, 254, 111, 183, 190, 211, 223, 227,
       236, 67, 190, 224, 51, 16, 143, 191, 55, 119, 191, 87, 99, 227,
       36, 136, 109, 145, 152, 201, 206, 116, 153, 175, 224, 204, 94, 2,
       216, 137, 255, 229, 206, 99, 207, 213, 28, 16, 139, 187, 21, 14,
       93, 86, 134, 148, 18, 155, 119, 229, 178, 200, 30, 11, 89, 51,
       204, 222, 44, 192, 255, 27, 131, 19, 54, 156, 26, 247, 13, 54, 26,
       71, 144, 15, 45, 135, 137, 173, 99, 197, 36, 106, 109, 55, 124,
       202, 90, 96, 179, 48, 148, 97, 18, 238, 28, 44, 253, 248, 101, 47,
       230, 191, 240, 128, 12, 232, 208, 104, 105, 79, 231, 37, 240, 14,
       111, 55, 104, 234, 58, 204, 251, 35, 145, 247, 70, 228, 124, 238,
       233, 208, 245, 14, 228, 251, 231, 144, 78, 240, 192, 121, 254,
       255, 238, 86, 251, 244, 158, 223, 187, 223, 189, 253, 106, 252,
       222, 182, 191, 255, 245, 215, 191, 79, 190, 231, 59, 95, 29, 255,
       207, 215, 174, 255, 70, 249, 150, 190, 91, 192, 56, 200, 174, 148,
       194, 163, 236, 214, 107, 66, 247, 121, 251, 209, 2, 67, 138, 245,
       157, 34, 139, 203, 20, 39, 37, 91, 13, 190, 191, 31, 185, 253,
       167, 254, 254, 255, 183, 116, 244, 244, 203, 175, 145, 118, 238,
       10, 179, 105, 251, 59, 109, 231, 119, 184, 200, 113, 135, 247,
       141, 255, 253, 119, 160, 127, 183, 191, 246, 255, 63, 244, 251,
       253, 207, 175, 151, 126, 245, 14, 243, 252, 251, 59, 110, 223,
       117, 134, 206, 247, 199, 253, 49, 251, 89, 12, 90, 223, 151, 252,
       78, 108, 124, 110, 114, 212, 167, 32, 190, 251, 70, 98, 199, 43,
       62, 61, 56, 140, 37, 190, 121, 59, 71, 223, 123, 22, 236, 165, 62,
       50, 28, 63, 87, 171, 214, 247, 75, 56, 150, 106, 255, 215, 253,
       161, 188, 251, 205, 142, 222, 103, 255, 151, 173, 236, 184, 31,
       134, 176, 146, 155, 99, 252, 184, 0, 190, 25, 83, 19, 140, 222,
       110, 204, 230, 25, 179, 17, 6, 212, 154, 225, 5, 54, 90, 195, 132,
       7, 45, 135, 237, 100, 237, 193, 252, 59, 107, 24, 86, 249, 151,
       154, 211, 69, 223, 59, 31, 196, 127, 190, 171, 102, 111, 0, 95,
       139, 229, 188, 165, 251, 208, 96, 85, 253, 27, 226, 48, 134, 83,
       184, 36, 0, 235, 68, 247, 83, 40, 112, 214, 92, 28, 122, 75, 131,
       89, 63, 233, 165, 167, 68, 8, 147, 32, 57, 215, 223, 191, 246,
       236, 175, 220, 151, 155, 59, 147, 123, 222, 252, 116, 107, 167,
       247, 125, 129, 169, 111, 138, 242, 179, 122, 127, 190, 220, 120,
       161, 51, 245, 230, 236, 75, 136, 63, 78, 152, 83, 182, 181, 136,
       211, 105, 221, 59, 93, 196, 124, 254, 173, 102, 253, 56, 175, 219,
       197, 61, 243, 251, 74, 36, 87, 93, 131, 138, 153, 237, 7, 207,
       143, 204, 143, 135, 246, 246, 99, 228, 240, 114, 234, 83, 223, 1,
       58, 250, 185, 20, 15, 90, 152, 127, 181, 119, 246, 244, 189, 122,
       136, 109, 23, 136, 155, 119, 161, 25, 210, 126, 77, 27, 145, 209,
