%YAML:1.0
---
descriptors: !!opencv-matrix
   rows: 172
   cols: 32
   dt: u
   data: [ 211, 79, 67, 156, 86, 160, 172, 103, 180, 2, 218, 227, 41,
       162, 177, 64, 106, 163, 31, 133, 108, 143, 6, 239, 176, 38, 186,
       136, 37, 240, 33, 12, 58, 205, 100, 223, 85, 147, 210, 252, 87,
       32, 125, 2, 107, 73, 188, 229, 88, 168, 151, 234, 234, 178, 104,
       191, 34, 254, 130, 199, 119, 139, 248, 134, 88, 187, 74, 166, 114,
       130, 122, 113, 32, 12, 79, 231, 61, 131, 34, 80, 54, 173, 149,
       228, 76, 154, 132, 77, 242, 229, 42, 128, 45, 130, 42, 155, 45,
       121, 105, 105, 85, 223, 123, 120, 71, 236, 124, 143, 123, 93, 179,
       176, 94, 248, 151, 238, 205, 178, 125, 188, 127, 205, 165, 161,
       127, 191, 118, 242, 56, 61, 114, 108, 83, 222, 83, 119, 101, 128,
       254, 42, 59, 63, 5, 180, 126, 186, 149, 136, 137, 186, 112, 206,
       255, 253, 4, 11, 111, 142, 78, 58, 155, 34, 105, 219, 110, 145,
       249, 89, 59, 226, 81, 255, 125, 206, 220, 41, 63, 185, 55, 141,
       163, 86, 174, 211, 22, 77, 251, 168, 53, 164, 19, 245, 45, 177,
       248, 99, 231, 95, 251, 216, 99, 253, 117, 143, 25, 29, 223, 184,
       63, 156, 151, 254, 158, 50, 253, 144, 95, 205, 165, 229, 247, 167,
       94, 243, 7, 32, 187, 217, 213, 245, 225, 67, 94, 193, 77, 2, 156,
       222, 127, 40, 217, 41, 18, 157, 19, 178, 114, 208, 205, 28, 159,
       104, 216, 74, 49, 246, 74, 143, 39, 191, 60, 200, 125, 39, 175,
       77, 218, 161, 175, 174, 146, 196, 166, 55, 253, 5, 82, 25, 195,
       213, 228, 245, 58, 211, 6, 196, 133, 123, 105, 17, 97, 68, 117,
       91, 195, 123, 73, 101, 188, 143, 11, 12, 150, 180, 88, 140, 151,
       45, 157, 50, 244, 142, 95, 93, 1, 125, 103, 140, 86, 246, 138,
       140, 62, 248, 219, 225, 49, 71, 190, 23, 108, 18, 172, 183, 32,
       73, 227, 59, 171, 144, 50, 205, 18, 247, 219, 247, 26, 75, 144,
       64, 165, 170, 104, 16, 105, 68, 117, 91, 81, 27, 105, 237, 188,
       45, 11, 45, 150, 52, 154, 132, 198, 44, 140, 35, 244, 204, 215,
       221, 1, 53, 227, 172, 70, 118, 53, 95, 123, 79, 118, 7, 239, 248,
       84, 8, 127, 230, 113, 65, 189, 96, 126, 120, 22, 238, 225, 176,
       45, 63, 100, 175, 163, 132, 125, 187, 112, 177, 26, 95, 110, 252,
       53, 246, 254, 82, 189, 204, 222, 39, 173, 255, 183, 224, 238, 187,
       191, 193, 128, 153, 34, 239, 247, 127, 170, 131, 31, 253, 61, 251,
       186, 243, 96, 202, 127, 213, 155, 221, 31, 77, 252, 47, 40, 220,
       126, 164, 254, 155, 151, 213, 206, 63, 122, 243, 55, 93, 139, 239,
       87, 14, 252, 215, 56, 149, 126, 252, 119, 198, 93, 127, 85, 78,
       252, 35, 59, 61, 54, 65, 254, 187, 151, 160, 252, 186, 17, 157,
       243, 255, 246, 131, 127, 136, 252, 219, 94, 18, 246, 230, 35, 62,
       58, 80, 169, 190, 187, 255, 79, 111, 13, 154, 183, 245, 237, 162,
       140, 209, 137, 192, 146, 247, 107, 135, 239, 247, 47, 19, 46, 241,
       96, 202, 205, 221, 248, 205, 79, 253, 253, 143, 10, 220, 126, 188,
       253, 153, 215, 209, 158, 58, 254, 209, 95, 93, 149, 255, 215, 14,
       222, 215, 139, 24, 183, 209, 113, 252, 185, 23, 63, 91, 83, 116,
       188, 31, 132, 108, 135, 59, 55, 17, 179, 220, 49, 215, 7, 255, 58,
       194, 138, 192, 5, 249, 93, 81, 127, 229, 178, 94, 127, 240, 45,
       236, 255, 230, 95, 127, 142, 116, 182, 213, 125, 238, 217, 145,
       181, 204, 247, 253, 39, 196, 38, 183, 163, 113, 141, 75, 215, 253,
       38, 14, 108, 157, 116, 218, 114, 70, 253, 67, 153, 239, 118, 236,
       126, 238, 193, 244, 231, 232, 228, 233, 231, 128, 46, 176, 225,
       169, 47, 185, 181, 216, 237, 213, 221, 255, 143, 89, 144, 72, 172,
       254, 109, 173, 221, 91, 191, 88, 211, 75, 122, 241, 63, 88, 223,
       250, 26, 92, 145, 255, 73, 97, 18, 172, 17, 30, 106, 120, 45, 128,
       110, 8, 207, 211, 33, 244, 50, 12, 202, 106, 65, 147, 144, 140,
       145, 245, 3, 12, 10, 166, 43, 160, 104, 225, 56, 97, 189, 205, 85,
       159, 106, 125, 188, 40, 186, 29, 90, 48, 137, 26, 85, 88, 94, 42,
       233, 53, 239, 221, 181, 253, 64, 16, 222, 235, 219, 253, 187, 254,
       147, 204, 183, 247, 189, 67, 98, 21, 188, 255, 32, 113, 167, 115,
       251, 67, 115, 201, 186, 239, 249, 247, 94, 10, 10, 112, 167, 123,
       89, 18, 255, 125, 50, 190, 121, 51, 117, 75, 118, 244, 59, 55,
       150, 125, 55, 60, 189, 156, 169, 220, 37, 78, 194, 239, 48, 128,
       174, 192, 36, 121, 173, 77, 125, 101, 244, 74, 111, 51, 116, 238,
       126, 72, 211, 49, 145, 49, 90, 196, 70, 104, 233, 176, 101, 14,
       103, 191, 37, 0, 103, 248, 70, 233, 251, 93, 246, 244, 103, 221,
       222, 182, 169, 204, 190, 175, 46, 189, 215, 183, 174, 245, 253,
       195, 228, 233, 242, 232, 51, 121, 76, 155, 103, 253, 95, 95, 59,
       18, 100, 89, 119, 219, 248, 123, 85, 101, 246, 182, 75, 12, 182,
       173, 250, 136, 134, 164, 173, 190, 117, 221, 30, 223, 208, 215,
       255, 140, 124, 221, 255, 95, 102, 116, 55, 222, 95, 178, 241, 236,
       182, 173, 59, 61, 151, 247, 198, 244, 245, 103, 237, 218, 244,
       172, 115, 123, 229, 147, 39, 253, 94, 127, 57, 223, 107, 238, 126,
       145, 207, 244, 197, 72, 252, 238, 115, 205, 181, 49, 126, 248, 23,
       239, 233, 35, 108, 255, 114, 237, 160, 184, 127, 187, 114, 249,
       61, 95, 122, 238, 124, 135, 79, 248, 197, 204, 253, 238, 123, 205,
       191, 112, 126, 224, 94, 111, 205, 163, 44, 253, 114, 217, 161,
       152, 127, 187, 114, 209, 250, 249, 187, 250, 11, 197, 93, 237,
       131, 85, 132, 43, 63, 223, 98, 146, 238, 251, 253, 209, 74, 75,
       186, 177, 251, 209, 207, 251, 55, 30, 166, 122, 59, 95, 107, 78,
       118, 147, 207, 244, 213, 72, 254, 230, 115, 205, 183, 100, 126,
       248, 23, 239, 237, 187, 44, 255, 114, 111, 164, 128, 127, 191,
       112, 253, 131, 223, 63, 190, 46, 133, 191, 252, 158, 90, 148, 231,
       252, 254, 171, 99, 239, 115, 255, 199, 227, 7, 42, 255, 242, 115,
       235, 186, 28, 252, 37, 251, 209, 222, 95, 255, 52, 138, 109, 182,
       126, 83, 214, 246, 255, 107, 184, 97, 103, 239, 60, 206, 227, 220,
       111, 119, 228, 235, 254, 192, 60, 144, 225, 57, 189, 178, 238,
       101, 109, 95, 241, 249, 119, 238, 246, 62, 91, 253, 223, 164, 125,
       156, 247, 184, 253, 242, 231, 154, 127, 255, 229, 167, 111, 172,
       126, 247, 26, 122, 238, 186, 59, 209, 16, 68, 191, 93, 149, 191,
       44, 206, 174, 152, 166, 169, 237, 209, 134, 79, 46, 241, 210, 83,
       58, 251, 183, 7, 47, 95, 73, 123, 111, 217, 108, 153, 237, 23,
       239, 121, 246, 244, 191, 135, 212, 118, 110, 188, 126, 12, 211,
       252, 231, 241, 214, 249, 179, 160, 110, 136, 193, 241, 10, 177,
       120, 225, 118, 152, 249, 53, 201, 73, 127, 231, 157, 159, 220, 97,
       174, 157, 23, 189, 131, 56, 164, 193, 238, 249, 170, 202, 111,
       142, 81, 213, 57, 5, 83, 77, 84, 18, 238, 112, 69, 64, 250, 70,
       91, 8, 180, 228, 120, 140, 22, 238, 221, 178, 101, 204, 54, 236,
       162, 64, 127, 174, 120, 132, 166, 197, 116, 219, 157, 147, 214,
       252, 87, 16, 125, 2, 104, 200, 190, 97, 88, 234, 179, 227, 250,
       176, 127, 191, 34, 126, 203, 71, 119, 159, 248, 134, 162, 77, 230,
       223, 77, 192, 190, 47, 220, 6, 91, 3, 104, 236, 60, 65, 216, 122,
       179, 67, 224, 188, 3, 239, 39, 58, 218, 131, 21, 58, 117, 138,
       199, 205, 38, 158, 223, 176, 174, 236, 220, 70, 220, 151, 104,
       238, 191, 100, 127, 235, 187, 239, 244, 135, 47, 255, 50, 62, 142,
       139, 150, 119, 185, 68, 151, 221, 198, 188, 219, 34, 158, 238, 23,
       214, 218, 247, 105, 238, 63, 197, 255, 239, 191, 245, 253, 203, 7,
       255, 184, 126, 207, 198, 189, 245, 169, 85, 214, 95, 210, 150,
       211, 242, 190, 231, 189, 198, 123, 183, 108, 238, 43, 81, 183,
       247, 223, 230, 116, 221, 172, 238, 184, 38, 94, 139, 137, 119,
       175, 223, 34, 172, 178, 201, 85, 167, 162, 79, 94, 3, 120, 19, 32,
       216, 52, 128, 249, 43, 130, 17, 182, 190, 4, 223, 29, 28, 154, 67,
       213, 74, 249, 142, 155, 34, 99, 221, 70, 17, 249, 88, 31, 96, 85,
