%YAML:1.0
---
descriptors: !!opencv-matrix
   rows: 217
   cols: 32
   dt: u
   data: [ 35, 98, 100, 13, 77, 151, 232, 77, 199, 252, 212, 207, 104,
       200, 246, 166, 92, 168, 242, 237, 207, 226, 111, 221, 6, 24, 139,
       190, 95, 140, 88, 204, 188, 180, 179, 242, 157, 237, 83, 218, 95,
       159, 189, 25, 127, 221, 105, 8, 253, 91, 223, 26, 179, 103, 59,
       179, 251, 223, 21, 124, 210, 73, 196, 115, 169, 28, 127, 69, 36,
       78, 105, 51, 125, 206, 118, 64, 187, 23, 149, 117, 78, 188, 22,
       40, 233, 188, 117, 14, 71, 251, 112, 0, 71, 168, 70, 249, 60, 85,
       210, 108, 193, 86, 94, 248, 21, 174, 251, 11, 75, 255, 43, 144,
       248, 252, 135, 226, 108, 179, 24, 142, 243, 239, 229, 5, 99, 255,
       238, 130, 130, 152, 151, 187, 34, 232, 185, 0, 188, 27, 83, 179,
       156, 222, 40, 73, 231, 57, 179, 17, 50, 220, 2, 229, 204, 50, 90,
       195, 132, 5, 133, 211, 47, 238, 104, 155, 221, 181, 142, 237, 87,
       62, 92, 215, 104, 232, 255, 141, 217, 202, 147, 191, 246, 106,
       110, 255, 46, 31, 159, 239, 223, 223, 248, 204, 130, 142, 54, 155,
       115, 229, 185, 66, 60, 31, 83, 147, 172, 206, 32, 73, 167, 59,
       147, 129, 178, 156, 2, 247, 69, 54, 122, 195, 144, 1, 165, 211,
       137, 148, 243, 125, 53, 254, 107, 51, 116, 75, 102, 80, 251, 52,
       144, 252, 85, 190, 52, 184, 191, 188, 117, 15, 207, 255, 48, 64,
       234, 132, 240, 124, 189, 180, 241, 108, 185, 127, 87, 251, 115,
       166, 172, 24, 91, 125, 12, 181, 153, 214, 196, 40, 249, 126, 120,
       159, 123, 223, 69, 53, 115, 236, 78, 106, 64, 189, 189, 242, 168,
       228, 53, 151, 170, 123, 58, 112, 180, 183, 64, 123, 135, 87, 125,
       144, 19, 73, 187, 97, 237, 147, 126, 234, 128, 80, 167, 123, 252,
       112, 121, 96, 45, 79, 81, 88, 227, 232, 181, 8, 95, 221, 77, 59,
       152, 149, 93, 114, 9, 103, 248, 128, 211, 217, 1, 62, 99, 163, 70,
       51, 20, 157, 27, 233, 153, 239, 83, 250, 54, 104, 232, 0, 214,
       247, 33, 112, 209, 28, 90, 120, 25, 147, 121, 31, 249, 164, 3,
       126, 48, 35, 37, 50, 102, 177, 148, 154, 205, 253, 144, 201, 143,
       53, 161, 25, 142, 220, 76, 142, 137, 19, 235, 17, 22, 107, 218,
       209, 157, 16, 95, 127, 210, 13, 143, 134, 45, 255, 245, 69, 244,
       127, 239, 184, 127, 234, 122, 100, 211, 116, 157, 180, 31, 124,
       86, 106, 225, 240, 125, 110, 44, 158, 37, 132, 207, 251, 66, 245,
       84, 248, 149, 182, 40, 76, 23, 144, 170, 186, 162, 72, 222, 247,
       65, 90, 133, 245, 108, 66, 73, 67, 218, 96, 217, 242, 111, 58,
       200, 115, 3, 43, 180, 172, 155, 186, 141, 237, 85, 239, 147, 23,
       160, 25, 46, 251, 99, 25, 201, 250, 202, 18, 58, 111, 218, 179,
       155, 214, 213, 123, 209, 88, 246, 106, 84, 115, 143, 191, 24, 7,
       31, 248, 182, 148, 203, 13, 247, 231, 107, 81, 221, 253, 111, 230,
       72, 195, 251, 61, 253, 227, 239, 28, 48, 51, 39, 114, 2, 189, 146,
       155, 245, 253, 176, 199, 31, 29, 72, 17, 172, 158, 102, 204, 205,
       59, 147, 17, 54, 248, 82, 247, 13, 22, 158, 99, 146, 76, 157, 158,
       61, 7, 76, 175, 252, 39, 78, 152, 86, 114, 189, 206, 83, 97, 155,
       217, 95, 200, 46, 254, 191, 98, 79, 157, 250, 207, 229, 188, 189,
       251, 88, 1, 193, 60, 182, 93, 89, 7, 175, 123, 126, 162, 230, 18,
       248, 242, 20, 103, 253, 108, 106, 44, 227, 239, 251, 255, 61, 190,
       7, 14, 73, 40, 99, 172, 245, 75, 79, 229, 6, 10, 79, 248, 97, 162,
       242, 230, 83, 107, 153, 115, 122, 196, 108, 238, 233, 247, 205,
       168, 242, 235, 231, 148, 45, 187, 112, 32, 60, 229, 226, 235, 244,
       35, 255, 220, 85, 1, 253, 2, 91, 105, 61, 0, 126, 204, 23, 250,
       138, 178, 73, 141, 126, 205, 167, 132, 231, 254, 242, 169, 169,
       65, 113, 69, 116, 27, 239, 56, 116, 160, 118, 66, 211, 1, 149,
       180, 122, 236, 22, 106, 233, 176, 101, 14, 36, 172, 33, 4, 103,
       186, 82, 168, 84, 139, 207, 246, 176, 14, 111, 180, 56, 133, 166,
       141, 119, 103, 139, 91, 55, 231, 109, 236, 120, 219, 185, 108,
       249, 167, 247, 64, 160, 240, 228, 120, 37, 93, 71, 69, 52, 14,
       238, 176, 124, 232, 122, 68, 211, 32, 149, 229, 124, 236, 22, 110,
       233, 176, 117, 14, 36, 188, 37, 4, 105, 187, 80, 180, 198, 237,
       166, 218, 249, 193, 190, 236, 159, 23, 201, 147, 236, 254, 108,
       64, 235, 123, 251, 195, 118, 11, 202, 247, 61, 20, 158, 107, 16,
       95, 165, 142, 54, 150, 232, 186, 224, 103, 93, 250, 25, 255, 245,
       175, 71, 110, 47, 25, 255, 219, 23, 167, 172, 210, 104, 252, 210,
       151, 253, 183, 189, 253, 142, 215, 21, 137, 190, 191, 149, 38,
       249, 233, 86, 87, 207, 3, 215, 122, 58, 73, 249, 75, 48, 141, 28,
       248, 123, 189, 201, 247, 222, 68, 185, 107, 185, 194, 49, 0, 107,
       197, 84, 2, 233, 119, 117, 161, 246, 82, 17, 9, 148, 109, 120,
       140, 18, 168, 168, 190, 101, 140, 84, 174, 178, 64, 101, 136, 112,
       168, 1, 0, 238, 25, 68, 187, 232, 83, 94, 115, 118, 214, 145, 8,
       150, 109, 121, 140, 54, 157, 183, 252, 119, 209, 14, 62, 242, 192,
       237, 140, 120, 220, 166, 106, 170, 154, 207, 241, 187, 198, 159,
       87, 80, 187, 44, 204, 119, 9, 201, 251, 179, 215, 6, 111, 42, 241,
       95, 16, 222, 235, 213, 93, 53, 222, 230, 172, 51, 154, 221, 193,
       190, 232, 159, 54, 216, 27, 236, 254, 109, 0, 251, 251, 123, 147,
       114, 103, 154, 247, 61, 22, 143, 127, 148, 122, 53, 134, 124, 109,
       224, 102, 153, 108, 71, 156, 35, 198, 175, 8, 83, 243, 79, 22,
       145, 230, 101, 122, 88, 2, 250, 34, 251, 221, 133, 60, 227, 243,
       198, 98, 130, 248, 170, 152, 207, 225, 185, 198, 158, 23, 80, 187,
       172, 158, 102, 9, 233, 59, 147, 145, 54, 94, 18, 241, 93, 16, 222,
       235, 148, 28, 151, 218, 61, 188, 253, 117, 21, 223, 81, 186, 115,
       245, 102, 24, 123, 125, 22, 189, 153, 254, 240, 24, 173, 252, 121,
       189, 75, 223, 85, 117, 227, 172, 78, 110, 41, 195, 89, 109, 116,
       11, 79, 124, 68, 168, 124, 238, 51, 9, 144, 48, 94, 168, 22, 238,
       201, 178, 101, 29, 102, 137, 161, 160, 125, 186, 82, 169, 45, 213,
       93, 109, 180, 15, 111, 184, 126, 168, 127, 72, 215, 115, 153, 48,
       23, 92, 108, 106, 233, 176, 121, 31, 239, 255, 37, 20, 88, 243,
       66, 33, 254, 245, 48, 226, 157, 253, 86, 207, 219, 119, 173, 25,
       10, 221, 94, 180, 217, 147, 223, 51, 126, 39, 122, 183, 187, 221,
       5, 127, 211, 93, 222, 70, 49, 162, 206, 157, 94, 155, 160, 127,
       118, 183, 198, 230, 225, 224, 130, 193, 121, 236, 106, 44, 229,
       218, 197, 29, 28, 39, 247, 37, 41, 168, 120, 136, 68, 187, 185,
       247, 184, 196, 63, 183, 190, 157, 24, 96, 245, 247, 200, 80, 135,
       123, 237, 80, 67, 72, 170, 51, 233, 199, 63, 238, 128, 2, 135,
       123, 3, 130, 231, 153, 70, 139, 233, 19, 54, 117, 82, 215, 145,
       13, 146, 73, 110, 140, 51, 157, 150, 220, 71, 213, 76, 42, 250,
       192, 189, 140, 112, 216, 35, 150, 97, 73, 116, 155, 233, 123, 85,
       104, 122, 230, 145, 29, 180, 164, 94, 8, 22, 173, 129, 184, 101,
       223, 4, 30, 160, 196, 127, 140, 80, 245, 147, 206, 90, 153, 23,
       146, 121, 103, 61, 5, 70, 151, 45, 130, 54, 69, 127, 171, 138,
       156, 102, 157, 5, 223, 250, 39, 158, 67, 63, 140, 57, 140, 213,
       228, 40, 171, 156, 228, 123, 138, 135, 230, 207, 19, 149, 219, 90,
       66, 97, 79, 121, 159, 110, 21, 219, 183, 237, 245, 143, 108, 60,
       211, 177, 82, 149, 204, 175, 187, 157, 229, 83, 204, 198, 125,
       211, 19, 247, 217, 122, 66, 201, 103, 63, 213, 30, 173, 251, 179,
       201, 245, 175, 85, 176, 11, 180, 66, 205, 236, 40, 186, 157, 229,
       190, 202, 158, 226, 129, 19, 157, 221, 123, 105, 249, 119, 123,
       183, 231, 101, 217, 178, 253, 205, 143, 125, 156, 89, 185, 18, 27,
       0, 66, 161, 7, 18, 232, 67, 37, 97, 210, 215, 9, 10, 22, 205, 106,
       141, 31, 173, 141, 144, 149, 192, 150, 104, 154, 128, 47, 132,
       120, 140, 172, 205, 154, 187, 141, 237, 183, 206, 198, 191, 176,
       19, 245, 248, 123, 42, 201, 99, 123, 81, 54, 103, 251, 179, 233,
