%YAML:1.0
---
descriptors: !!opencv-matrix
   rows: 254
   cols: 32
   dt: u
   data: [ 124, 120, 253, 226, 45, 77, 83, 88, 235, 184, 177, 8, 95, 221,
       73, 58, 136, 213, 125, 114, 8, 103, 250, 136, 219, 217, 1, 62,
       227, 163, 70, 35, 7, 175, 65, 79, 122, 155, 138, 248, 94, 232, 93,
       236, 232, 196, 149, 164, 30, 104, 214, 252, 131, 152, 108, 127,
       46, 30, 45, 250, 95, 166, 11, 189, 222, 93, 39, 146, 215, 173, 97,
       214, 157, 181, 10, 31, 110, 249, 115, 143, 35, 98, 251, 93, 160,
       249, 50, 236, 153, 90, 85, 66, 166, 93, 85, 106, 84, 216, 157,
       182, 168, 76, 23, 180, 170, 186, 178, 73, 254, 247, 65, 27, 135,
       119, 109, 66, 73, 75, 218, 96, 249, 250, 119, 58, 128, 115, 135,
       43, 106, 255, 161, 186, 253, 205, 85, 239, 27, 61, 184, 29, 174,
       233, 86, 156, 141, 203, 247, 85, 94, 106, 218, 243, 191, 94, 85,
       127, 210, 92, 150, 238, 101, 95, 117, 67, 242, 179, 43, 182, 68,
       248, 126, 228, 217, 54, 149, 117, 94, 247, 54, 248, 177, 184, 109,
       124, 108, 42, 231, 196, 191, 243, 32, 253, 10, 189, 178, 155, 245,
       249, 180, 199, 31, 5, 72, 147, 172, 252, 110, 132, 219, 59, 131,
       17, 22, 184, 18, 247, 45, 22, 30, 99, 214, 76, 157, 222, 35, 253,
       176, 27, 211, 181, 182, 207, 31, 5, 120, 23, 172, 250, 110, 148,
       191, 107, 130, 149, 150, 58, 154, 247, 47, 28, 30, 107, 211, 76,
       171, 207, 173, 94, 123, 194, 102, 47, 115, 212, 85, 238, 119, 238,
       126, 93, 189, 41, 54, 248, 23, 126, 161, 182, 44, 238, 126, 139,
       37, 160, 239, 251, 80, 249, 130, 144, 178, 155, 115, 244, 184, 66,
       62, 31, 83, 179, 172, 222, 46, 72, 247, 27, 179, 145, 54, 156, 26,
       211, 15, 54, 154, 195, 144, 4, 45, 215, 117, 210, 111, 237, 38,
       10, 111, 125, 84, 238, 247, 230, 83, 47, 176, 97, 126, 196, 63,
       238, 233, 183, 109, 140, 246, 239, 231, 132, 61, 186, 240, 113,
       35, 99, 100, 141, 109, 151, 168, 73, 206, 248, 208, 207, 224, 200,
       246, 166, 204, 40, 242, 205, 198, 99, 199, 217, 6, 24, 139, 185,
       95, 174, 88, 204, 61, 7, 111, 237, 118, 34, 235, 88, 69, 105, 255,
       198, 91, 105, 191, 96, 126, 140, 23, 255, 171, 178, 109, 205, 118,
       233, 163, 132, 239, 235, 112, 145, 72, 154, 62, 252, 126, 203,
       113, 119, 31, 109, 126, 59, 191, 31, 34, 48, 175, 179, 247, 17,
       18, 62, 33, 159, 215, 247, 56, 233, 52, 136, 135, 235, 162, 163,
       171, 215, 164, 217, 111, 65, 147, 79, 87, 184, 230, 229, 248, 142,
       24, 122, 223, 10, 123, 197, 170, 227, 131, 151, 252, 177, 6, 204,
       214, 252, 25, 116, 175, 230, 21, 239, 119, 93, 13, 201, 31, 74,
       126, 125, 57, 32, 176, 226, 95, 63, 195, 161, 57, 170, 243, 205,
       165, 144, 174, 218, 208, 123, 2, 149, 18, 139, 87, 224, 178, 99,
       28, 5, 91, 51, 236, 254, 40, 64, 251, 59, 147, 129, 22, 152, 17,
       223, 45, 52, 138, 195, 28, 14, 173, 151, 66, 176, 188, 190, 137,
       228, 21, 75, 138, 95, 133, 57, 236, 254, 110, 91, 193, 179, 249,
       129, 30, 67, 186, 241, 211, 51, 223, 187, 144, 64, 167, 122, 245,
       75, 79, 236, 14, 2, 70, 252, 197, 128, 242, 230, 83, 225, 181, 99,
       120, 228, 46, 238, 233, 179, 5, 172, 178, 234, 231, 0, 61, 186,
       240, 32, 181, 29, 107, 89, 244, 167, 75, 240, 85, 232, 246, 86,
       83, 57, 181, 113, 92, 238, 23, 252, 185, 186, 125, 190, 111, 235,
       161, 68, 127, 169, 112, 240, 38, 34, 224, 139, 221, 177, 234, 72,
       95, 183, 57, 159, 64, 200, 127, 140, 217, 137, 131, 149, 150, 54,
       79, 210, 12, 28, 155, 239, 213, 79, 92, 196, 213, 31, 235, 231,
       166, 46, 239, 176, 120, 234, 26, 238, 85, 45, 209, 107, 54, 230,
       61, 239, 241, 240, 165, 106, 252, 42, 239, 128, 173, 251, 81, 113,
       212, 70, 94, 173, 6, 2, 95, 56, 36, 162, 214, 199, 247, 99, 57,
       91, 114, 196, 108, 238, 104, 213, 193, 12, 240, 227, 227, 148, 36,
       243, 57, 0, 41, 116, 251, 223, 116, 207, 239, 93, 87, 203, 125,
       70, 243, 221, 185, 36, 92, 56, 19, 14, 195, 246, 125, 139, 103,
       29, 165, 32, 239, 218, 208, 248, 5, 93, 67, 69, 116, 14, 238, 180,
       124, 224, 122, 68, 211, 40, 149, 116, 126, 108, 22, 110, 229, 176,
       117, 46, 36, 188, 39, 4, 109, 187, 66, 188, 101, 92, 125, 74, 124,
       239, 83, 190, 207, 248, 190, 12, 82, 125, 181, 113, 205, 244, 126,
       120, 169, 35, 123, 124, 127, 187, 37, 124, 217, 251, 68, 114, 3,
       116, 171, 215, 116, 23, 239, 89, 84, 203, 87, 86, 240, 213, 252,
       36, 124, 106, 23, 143, 195, 246, 125, 235, 101, 28, 191, 128, 79,
       254, 240, 253, 221, 72, 253, 72, 248, 199, 221, 207, 126, 90, 180,
       48, 25, 30, 181, 120, 231, 149, 94, 24, 227, 47, 43, 90, 123, 239,
       55, 92, 209, 240, 101, 43, 4, 252, 183, 191, 29, 239, 191, 248,
       158, 190, 83, 3, 244, 245, 113, 65, 221, 123, 59, 67, 98, 241, 26,
       191, 237, 146, 207, 32, 16, 107, 21, 242, 25, 116, 183, 178, 55,
       237, 177, 85, 237, 205, 27, 47, 238, 209, 75, 135, 54, 34, 95, 29,
       163, 225, 59, 232, 248, 86, 20, 2, 238, 222, 17, 123, 221, 155,
       237, 173, 162, 22, 111, 184, 116, 90, 86, 246, 221, 46, 186, 97,
       119, 71, 62, 239, 213, 152, 175, 215, 196, 111, 235, 196, 63, 165,
       161, 245, 114, 219, 18, 232, 59, 211, 26, 228, 143, 36, 252, 167,
       143, 155, 32, 212, 206, 185, 143, 240, 92, 11, 0, 220, 242, 245,
       138, 255, 62, 6, 47, 23, 24, 112, 187, 247, 37, 78, 231, 81, 117,
       207, 151, 18, 255, 213, 26, 36, 56, 184, 221, 11, 235, 245, 57,
       171, 225, 220, 22, 2, 102, 250, 245, 250, 154, 177, 163, 183, 5,
       92, 175, 113, 49, 74, 87, 87, 255, 253, 24, 135, 56, 126, 177,
       111, 249, 240, 186, 161, 133, 241, 202, 160, 71, 110, 183, 240,
       19, 114, 139, 151, 182, 15, 174, 85, 159, 203, 155, 247, 236, 204,
       220, 128, 191, 35, 223, 23, 199, 197, 157, 234, 160, 22, 190, 146,
       141, 222, 153, 93, 102, 177, 148, 146, 205, 221, 144, 207, 143,
       53, 161, 25, 142, 252, 108, 142, 137, 19, 235, 17, 22, 107, 218,
       245, 157, 146, 95, 127, 208, 12, 141, 134, 92, 222, 85, 168, 250,
       34, 58, 222, 171, 29, 248, 231, 77, 39, 161, 218, 231, 149, 231,
       176, 162, 15, 143, 223, 248, 231, 47, 207, 180, 179, 39, 35, 3,
       128, 99, 153, 98, 157, 233, 19, 127, 81, 82, 198, 189, 158, 180,
       109, 54, 41, 23, 157, 131, 152, 54, 209, 5, 24, 186, 192, 52, 132,
       1, 253, 242, 69, 90, 200, 18, 83, 30, 111, 61, 2, 224, 154, 3,
       142, 36, 113, 254, 153, 207, 162, 124, 131, 0, 206, 177, 229, 138,
       59, 49, 88, 166, 14, 170, 187, 148, 186, 253, 217, 144, 239, 143,
       61, 176, 57, 174, 152, 102, 151, 137, 59, 239, 17, 86, 107, 202,
       245, 155, 80, 28, 251, 82, 12, 159, 143, 194, 188, 189, 156, 201,
       237, 144, 143, 254, 251, 128, 25, 190, 254, 68, 43, 129, 115, 251,
       17, 55, 79, 218, 243, 157, 18, 95, 123, 144, 88, 135, 222, 226,
       140, 103, 87, 117, 248, 225, 35, 249, 71, 83, 176, 171, 44, 148,
       103, 130, 54, 249, 1, 177, 248, 244, 239, 5, 126, 82, 66, 70, 12,
       214, 252, 175, 230, 96, 155, 245, 177, 142, 207, 94, 55, 80, 215,
       104, 232, 255, 141, 93, 74, 147, 215, 246, 126, 76, 247, 46, 94,
       159, 239, 223, 221, 216, 140, 177, 66, 116, 69, 116, 11, 239, 56,
       117, 160, 246, 74, 83, 1, 149, 55, 122, 164, 6, 110, 233, 244,
       101, 12, 38, 170, 97, 0, 103, 168, 82, 168, 10, 178, 144, 185,
       170, 249, 48, 143, 30, 61, 84, 241, 172, 134, 194, 141, 195, 27,
       167, 16, 22, 92, 195, 241, 142, 83, 122, 239, 150, 12, 141, 207,
       126, 241, 228, 202, 239, 85, 158, 200, 203, 252, 177, 43, 72, 220,
       127, 143, 222, 209, 215, 227, 206, 99, 206, 241, 51, 88, 205, 191,
       87, 127, 254, 215, 246, 113, 100, 138, 207, 85, 158, 200, 139,
       222, 157, 175, 72, 220, 127, 143, 252, 209, 215, 231, 206, 99,
       154, 240, 51, 88, 207, 191, 87, 127, 126, 215, 181, 15, 110, 225,
       52, 179, 235, 240, 69, 232, 255, 230, 83, 9, 183, 96, 126, 228,
       23, 255, 153, 177, 45, 206, 254, 233, 163, 196, 109, 171, 112,
