%YAML:1.0
---
descriptors: !!opencv-matrix
   rows: 203
   cols: 32
   dt: u
   data: [ 60, 85, 242, 228, 213, 86, 86, 248, 53, 166, 255, 3, 91, 253,
       43, 144, 120, 252, 135, 98, 108, 179, 24, 142, 243, 239, 165, 5,
       99, 255, 238, 194, 252, 112, 241, 228, 45, 78, 83, 88, 225, 168,
       176, 8, 31, 29, 65, 58, 156, 213, 93, 114, 201, 103, 240, 136,
       211, 217, 1, 62, 99, 35, 70, 51, 56, 120, 187, 248, 217, 205, 21,
       222, 158, 234, 176, 8, 54, 215, 97, 56, 205, 249, 95, 80, 107,
       111, 82, 58, 249, 148, 63, 58, 144, 24, 39, 187, 60, 81, 250, 101,
       180, 94, 255, 252, 85, 164, 254, 2, 91, 253, 187, 96, 122, 220,
       39, 234, 216, 179, 189, 138, 123, 239, 165, 5, 103, 251, 252, 226,
       6, 173, 150, 155, 221, 233, 182, 231, 191, 55, 203, 19, 236, 254,
       108, 76, 233, 123, 235, 17, 50, 120, 219, 247, 61, 22, 95, 107,
       144, 73, 165, 142, 140, 43, 147, 250, 215, 208, 225, 65, 31, 133,
       68, 18, 47, 195, 112, 228, 122, 186, 130, 217, 18, 63, 162, 224,
       189, 241, 138, 105, 182, 12, 253, 162, 84, 89, 159, 230, 41, 204,
       87, 176, 171, 184, 178, 73, 254, 247, 65, 82, 134, 245, 125, 66,
       73, 67, 154, 104, 241, 240, 111, 58, 72, 51, 3, 59, 248, 37, 113,
       108, 29, 127, 87, 127, 97, 174, 172, 8, 123, 119, 133, 182, 25,
       214, 204, 42, 105, 39, 248, 143, 243, 221, 5, 63, 99, 254, 70,
       110, 185, 94, 89, 232, 124, 151, 75, 120, 65, 232, 244, 78, 123,
       73, 177, 240, 92, 168, 20, 110, 201, 54, 104, 191, 242, 217, 161,
       188, 127, 187, 106, 185, 189, 94, 105, 237, 116, 3, 75, 120, 84,
       202, 244, 230, 83, 75, 177, 49, 94, 232, 23, 238, 233, 182, 101,
       30, 102, 141, 161, 128, 127, 187, 120, 177, 35, 151, 97, 77, 116,
       155, 235, 123, 85, 104, 92, 230, 113, 44, 180, 165, 94, 136, 22,
       172, 225, 184, 101, 223, 36, 30, 160, 132, 127, 142, 112, 253,
       121, 183, 121, 96, 116, 175, 81, 119, 113, 233, 124, 76, 27, 29,
       64, 48, 182, 186, 21, 60, 155, 186, 240, 31, 127, 205, 32, 224,
       107, 128, 66, 123, 35, 54, 107, 72, 116, 191, 224, 90, 93, 104,
       124, 206, 0, 136, 183, 164, 252, 168, 18, 45, 149, 190, 52, 222,
       22, 60, 1, 238, 93, 12, 122, 213, 38, 177, 176, 154, 205, 253,
       144, 205, 207, 53, 161, 25, 142, 220, 76, 138, 137, 19, 235, 17,
       18, 107, 218, 241, 157, 16, 93, 127, 208, 8, 159, 134, 148, 79,
       14, 173, 150, 2, 79, 121, 20, 4, 222, 131, 87, 99, 34, 65, 120,
       228, 45, 235, 120, 145, 1, 14, 240, 167, 175, 4, 53, 187, 180, 34,
       253, 66, 207, 231, 6, 10, 79, 184, 101, 226, 243, 230, 83, 107,
       153, 123, 122, 196, 124, 238, 233, 245, 109, 172, 242, 235, 231,
       148, 45, 187, 112, 32, 212, 245, 142, 190, 152, 135, 15, 232, 182,
       182, 203, 5, 247, 231, 75, 67, 217, 237, 107, 226, 106, 211, 219,
       63, 249, 167, 239, 92, 0, 115, 39, 114, 9, 156, 31, 85, 52, 190,
       105, 55, 125, 75, 126, 100, 191, 50, 148, 116, 167, 38, 110, 12,
       177, 184, 117, 79, 238, 255, 50, 192, 74, 192, 195, 189, 118, 226,
       138, 174, 218, 131, 46, 205, 54, 173, 249, 175, 96, 234, 106, 208,
       253, 239, 239, 149, 30, 19, 203, 247, 188, 38, 191, 235, 145, 55,
       174, 130, 125, 135, 76, 171, 252, 35, 78, 152, 71, 122, 189, 206,
       83, 97, 155, 217, 95, 200, 62, 254, 159, 98, 79, 189, 250, 203,
       225, 188, 189, 251, 88, 1, 66, 180, 189, 148, 44, 102, 188, 47,
       91, 254, 18, 49, 132, 62, 86, 111, 135, 23, 121, 129, 181, 73,
       179, 200, 9, 50, 95, 191, 132, 96, 13, 95, 109, 79, 101, 101, 228,
       15, 207, 183, 101, 238, 254, 236, 243, 41, 151, 50, 30, 230, 126,
       111, 201, 184, 229, 12, 228, 127, 229, 148, 111, 250, 210, 105,
       245, 164, 173, 183, 140, 110, 77, 174, 18, 243, 131, 25, 211, 109,
       90, 106, 201, 198, 121, 157, 188, 197, 251, 34, 201, 235, 253, 20,
       132, 121, 144, 66, 64, 180, 157, 241, 160, 110, 37, 151, 250, 91,
       50, 112, 150, 55, 64, 123, 167, 87, 124, 24, 51, 216, 179, 98,
       205, 190, 118, 198, 200, 80, 135, 59, 93, 51, 187, 229, 172, 44,
       125, 187, 235, 249, 190, 76, 222, 243, 65, 58, 164, 71, 124, 60,
       145, 107, 243, 64, 221, 255, 103, 126, 200, 224, 195, 49, 89, 185,
       24, 160, 24, 141, 82, 144, 234, 5, 164, 13, 183, 131, 66, 80, 160,
       169, 76, 92, 142, 9, 146, 53, 216, 197, 2, 120, 8, 2, 11, 74, 28,
       28, 26, 191, 148, 231, 87, 250, 22, 6, 255, 3, 247, 221, 35, 64,
       217, 251, 7, 34, 106, 188, 88, 63, 225, 231, 35, 1, 48, 123, 45,
       194, 28, 21, 119, 237, 180, 230, 111, 255, 116, 134, 255, 2, 91,
       119, 169, 229, 120, 246, 60, 170, 57, 145, 57, 14, 249, 239, 231,
       0, 179, 243, 228, 96, 78, 58, 130, 152, 235, 176, 184, 67, 171,
       221, 212, 189, 172, 238, 103, 159, 239, 43, 255, 149, 22, 75, 130,
       224, 158, 81, 223, 235, 142, 100, 47, 215, 9, 119, 255, 111, 38,
       10, 127, 189, 124, 202, 126, 228, 255, 127, 137, 35, 54, 117, 124,
       110, 225, 240, 101, 104, 102, 235, 102, 128, 111, 242, 225, 121,
       250, 213, 240, 142, 127, 78, 252, 236, 31, 49, 241, 11, 108, 127,
       62, 65, 255, 223, 159, 163, 98, 51, 89, 215, 247, 178, 207, 183,
       119, 126, 253, 139, 200, 60, 191, 117, 160, 110, 125, 22, 121,
       223, 118, 16, 159, 55, 1, 59, 133, 118, 125, 24, 176, 252, 177,
       98, 199, 251, 112, 0, 194, 208, 198, 235, 28, 141, 97, 235, 149,
       211, 206, 249, 7, 0, 92, 131, 251, 109, 56, 228, 89, 250, 151,
       239, 90, 184, 93, 189, 235, 205, 175, 197, 119, 142, 116, 56, 37,
       23, 121, 71, 116, 78, 103, 48, 124, 76, 127, 76, 211, 117, 128,
       48, 20, 92, 22, 106, 129, 176, 121, 14, 103, 189, 33, 132, 74,
       171, 66, 241, 60, 69, 126, 239, 212, 47, 250, 216, 85, 161, 255,
       3, 75, 109, 63, 192, 126, 205, 151, 247, 170, 179, 25, 205, 255,
       237, 167, 133, 247, 250, 120, 194, 40, 172, 123, 117, 244, 234,
       103, 55, 113, 135, 126, 16, 179, 49, 128, 48, 91, 254, 6, 8, 56,
       188, 113, 46, 111, 175, 52, 64, 227, 192, 198, 168, 202, 148, 150,
       188, 175, 48, 156, 47, 31, 87, 83, 183, 236, 110, 34, 207, 199, 3,
       171, 133, 52, 204, 83, 195, 140, 114, 222, 203, 158, 108, 169, 87,
       49, 71, 66, 7, 84, 15, 238, 116, 116, 168, 250, 198, 83, 40, 151,
       196, 124, 236, 22, 111, 237, 176, 69, 14, 52, 46, 165, 128, 109,
       190, 88, 141, 10, 186, 54, 176, 107, 209, 184, 67, 175, 157, 180,
       191, 140, 143, 102, 143, 238, 57, 239, 149, 22, 111, 130, 208, 95,
       81, 218, 235, 198, 12, 47, 223, 41, 20, 127, 85, 100, 126, 105,
       51, 109, 79, 126, 16, 187, 55, 148, 125, 142, 54, 118, 8, 145,
       188, 113, 76, 71, 251, 114, 128, 66, 192, 70, 249, 218, 175, 214,
       156, 250, 193, 61, 239, 191, 157, 222, 179, 44, 238, 226, 86, 39,
       127, 239, 145, 118, 203, 135, 247, 124, 38, 127, 235, 167, 36,
       173, 207, 51, 115, 106, 8, 127, 145, 186, 72, 207, 68, 252, 175,
       40, 200, 182, 164, 254, 169, 147, 133, 134, 43, 166, 221, 18, 60,
       139, 171, 95, 14, 122, 223, 112, 253, 184, 190, 61, 205, 84, 239,
       223, 93, 168, 9, 182, 248, 102, 16, 201, 251, 239, 1, 78, 107,
       218, 191, 251, 215, 21, 59, 88, 24, 206, 26, 89, 53, 185, 228, 49,
       172, 89, 23, 107, 233, 238, 76, 191, 151, 64, 112, 166, 191, 93,
       24, 155, 26, 241, 14, 219, 253, 50, 122, 200, 0, 3, 59, 100, 116,
       23, 188, 72, 207, 103, 248, 182, 166, 227, 68, 246, 247, 97, 83,
       89, 252, 106, 234, 104, 231, 251, 95, 253, 182, 199, 60, 16, 59,
       166, 242, 2, 157, 2, 152, 213, 241, 190, 231, 31, 7, 88, 147, 172,
       254, 54, 196, 249, 187, 147, 129, 118, 154, 18, 255, 61, 54, 154,
       203, 23, 76, 189, 222, 118, 171, 130, 190, 250, 193, 31, 201, 151,
       133, 233, 171, 100, 230, 98, 80, 219, 251, 163, 211, 94, 27, 138,
       251, 248, 36, 143, 235, 181, 55, 166, 194, 34, 173, 0, 153, 253,
       217, 162, 239, 30, 13, 88, 163, 164, 140, 54, 196, 201, 42, 131,
       17, 86, 58, 67, 255, 44, 22, 158, 107, 148, 12, 157, 206, 9, 158,
