%YAML:1.0
---
descriptors: !!opencv-matrix
   rows: 177
   cols: 32
   dt: u
   data: [ 124, 253, 248, 40, 219, 255, 87, 222, 35, 101, 252, 41, 11,
       221, 75, 144, 221, 222, 198, 118, 94, 50, 248, 49, 255, 221, 5,
       127, 243, 255, 206, 211, 198, 22, 181, 191, 170, 107, 48, 138,
       174, 191, 147, 113, 206, 126, 9, 75, 135, 87, 237, 19, 60, 197,
       75, 240, 139, 242, 127, 151, 132, 101, 45, 71, 198, 150, 157, 183,
       170, 42, 181, 171, 188, 191, 131, 240, 212, 118, 136, 107, 167,
       87, 108, 3, 48, 197, 139, 67, 192, 178, 127, 150, 132, 113, 141,
       19, 91, 93, 106, 188, 114, 150, 254, 119, 173, 200, 94, 231, 121,
       175, 183, 228, 102, 231, 151, 239, 229, 153, 52, 238, 242, 109,
       174, 128, 47, 246, 41, 93, 134, 246, 28, 145, 235, 123, 188, 207,
       185, 246, 52, 183, 140, 46, 79, 15, 175, 7, 196, 183, 118, 197,
       44, 214, 174, 83, 95, 183, 198, 84, 143, 223, 38, 100, 211, 202,
       93, 55, 162, 66, 25, 163, 233, 26, 8, 147, 101, 220, 216, 188,
       130, 24, 32, 183, 240, 202, 23, 188, 144, 59, 211, 91, 102, 172,
       84, 86, 188, 103, 40, 110, 21, 184, 172, 190, 191, 8, 215, 119, 9,
       26, 129, 85, 237, 34, 8, 101, 251, 32, 195, 243, 117, 21, 192,
       115, 7, 51, 56, 141, 49, 235, 149, 247, 195, 255, 71, 8, 248, 66,
       238, 241, 48, 196, 88, 186, 151, 73, 26, 171, 72, 191, 185, 212,
       131, 112, 119, 142, 240, 170, 219, 220, 126, 190, 46, 21, 28, 254,
       221, 91, 86, 247, 124, 251, 182, 69, 198, 35, 183, 13, 230, 13,
       23, 247, 114, 123, 250, 154, 30, 188, 185, 93, 22, 222, 238, 190,
       178, 147, 190, 232, 159, 23, 80, 167, 109, 238, 175, 137, 255,
       123, 151, 247, 54, 217, 14, 253, 186, 215, 239, 203, 181, 247, 45,
       215, 61, 148, 122, 233, 212, 231, 91, 218, 87, 13, 253, 2, 83,
       123, 59, 96, 253, 154, 23, 120, 154, 163, 57, 63, 123, 205, 35,
       77, 243, 203, 100, 163, 57, 69, 111, 103, 100, 14, 239, 53, 96,
       76, 127, 2, 115, 121, 185, 97, 120, 244, 23, 234, 232, 176, 49,
       173, 119, 233, 166, 128, 103, 186, 240, 168, 17, 29, 127, 221,
       214, 231, 183, 119, 94, 67, 90, 18, 112, 248, 53, 96, 127, 59, 18,
       137, 243, 184, 53, 223, 101, 46, 190, 2, 213, 88, 241, 239, 234,
       170, 232, 186, 205, 240, 152, 199, 155, 31, 148, 155, 40, 200,
       118, 75, 201, 235, 151, 149, 182, 111, 206, 241, 91, 113, 218,
       251, 151, 76, 254, 207, 186, 95, 122, 247, 50, 138, 93, 182, 53,
       45, 254, 255, 47, 13, 128, 80, 110, 191, 141, 193, 232, 184, 97,
       239, 242, 244, 48, 147, 103, 152, 132, 123, 194, 188, 158, 152,
       137, 236, 17, 206, 186, 159, 128, 25, 172, 254, 70, 91, 133, 115,
       251, 17, 54, 79, 210, 115, 153, 18, 95, 123, 128, 64, 7, 75, 126,
       47, 230, 2, 219, 122, 254, 64, 161, 214, 175, 139, 75, 236, 95,
       159, 58, 244, 225, 247, 60, 227, 190, 200, 91, 65, 197, 127, 231,
       231, 254, 212, 80, 143, 223, 92, 242, 34, 110, 231, 49, 130, 122,
       224, 125, 99, 128, 178, 126, 255, 4, 170, 121, 219, 128, 111, 184,
       166, 118, 136, 41, 240, 162, 168, 88, 143, 194, 108, 210, 18, 111,
       247, 32, 132, 110, 128, 121, 99, 128, 212, 126, 254, 0, 238, 88,
       154, 164, 109, 248, 239, 206, 8, 34, 242, 170, 168, 251, 223, 187,
       126, 169, 84, 31, 183, 179, 79, 254, 124, 122, 253, 174, 118, 213,
       247, 253, 194, 207, 15, 186, 35, 227, 253, 116, 154, 75, 246, 166,
       127, 3, 221, 51, 154, 123, 213, 153, 231, 143, 89, 152, 82, 44,
       158, 100, 228, 229, 59, 151, 145, 215, 11, 50, 247, 185, 92, 158,
       250, 16, 20, 165, 255, 194, 150, 157, 181, 168, 108, 181, 159,
       190, 191, 130, 117, 244, 247, 72, 75, 133, 87, 107, 17, 51, 77,
       219, 99, 205, 51, 127, 86, 136, 96, 133, 27, 196, 28, 157, 183,
       160, 110, 53, 159, 190, 251, 2, 117, 215, 119, 9, 75, 133, 87,
       109, 16, 49, 220, 219, 34, 205, 163, 127, 4, 136, 113, 133, 123,
       253, 101, 236, 107, 141, 23, 71, 248, 83, 182, 165, 10, 83, 97,
       95, 55, 89, 196, 108, 250, 108, 103, 253, 56, 251, 203, 197, 61,
       115, 251, 94, 100, 221, 95, 78, 173, 50, 18, 126, 48, 181, 66,
       214, 231, 105, 103, 179, 213, 118, 228, 189, 238, 236, 149, 5,
       174, 242, 235, 235, 129, 47, 183, 41, 81, 234, 223, 70, 181, 48,
       140, 125, 182, 173, 29, 242, 237, 175, 15, 150, 83, 238, 243, 207,
       196, 234, 152, 80, 229, 230, 240, 248, 128, 110, 156, 4, 89, 199,
       29, 39, 223, 229, 248, 173, 35, 248, 194, 67, 146, 184, 252, 180,
       239, 232, 126, 50, 11, 245, 248, 182, 235, 5, 58, 218, 10, 68,
       108, 245, 244, 46, 180, 48, 235, 253, 255, 218, 159, 31, 125, 61,
       25, 223, 93, 126, 172, 221, 27, 151, 56, 186, 34, 123, 151, 207,
       221, 5, 127, 210, 207, 204, 247, 197, 148, 189, 119, 149, 110, 69,
       159, 122, 243, 47, 28, 215, 117, 72, 123, 145, 86, 120, 58, 59,
       228, 249, 34, 237, 250, 85, 84, 200, 241, 198, 114, 91, 132, 207,
       188, 22, 50, 230, 119, 116, 195, 219, 115, 113, 248, 186, 225,
       115, 230, 62, 173, 253, 251, 5, 207, 184, 111, 254, 192, 173, 236,
       248, 68, 42, 233, 238, 152, 221, 149, 156, 207, 143, 21, 148, 159,
       40, 136, 118, 143, 233, 35, 211, 149, 214, 107, 22, 241, 126, 89,
       222, 251, 223, 76, 251, 206, 42, 143, 18, 219, 213, 183, 194, 215,
       87, 9, 221, 66, 168, 217, 180, 228, 89, 58, 146, 153, 27, 186, 72,
       255, 47, 93, 128, 99, 215, 79, 248, 173, 123, 95, 111, 236, 42,
       151, 222, 62, 143, 238, 94, 239, 121, 255, 183, 96, 134, 127, 245,
       199, 204, 155, 167, 253, 98, 125, 169, 147, 55, 246, 4, 127, 37,
       105, 249, 201, 220, 103, 207, 223, 87, 230, 252, 2, 145, 217, 245,
       44, 89, 88, 18, 24, 203, 182, 121, 154, 109, 158, 135, 36, 209,
       250, 244, 232, 22, 154, 142, 188, 58, 19, 188, 248, 188, 142, 210,
       231, 109, 234, 175, 201, 247, 225, 191, 167, 228, 193, 15, 220,
       248, 231, 239, 151, 156, 228, 41, 81, 10, 188, 144, 248, 219, 237,
       49, 211, 59, 61, 125, 25, 142, 151, 64, 28, 167, 155, 135, 16, 18,
       30, 218, 243, 223, 213, 18, 239, 178, 68, 135, 179, 170, 182, 32,
       155, 93, 185, 185, 111, 31, 117, 221, 159, 168, 236, 62, 132, 217,
       11, 147, 133, 182, 58, 127, 223, 95, 87, 155, 251, 87, 12, 221,
       222, 208, 18, 254, 229, 42, 66, 25, 88, 46, 189, 215, 163, 79,
       223, 162, 74, 246, 85, 173, 161, 12, 213, 131, 157, 218, 227, 123,
       135, 36, 160, 45, 83, 155, 222, 101, 223, 54, 139, 237, 178, 62,
       82, 82, 246, 185, 111, 145, 109, 47, 171, 23, 143, 227, 220, 47,
       255, 68, 106, 250, 128, 63, 148, 17, 249, 208, 188, 158, 185, 137,
       237, 53, 71, 190, 55, 202, 17, 190, 183, 64, 90, 161, 63, 105, 16,
       50, 205, 211, 51, 237, 247, 94, 123, 128, 64, 167, 10, 253, 108,
       205, 103, 148, 111, 71, 184, 118, 162, 238, 8, 243, 113, 153, 49,
       89, 238, 108, 106, 105, 246, 249, 46, 255, 239, 101, 20, 233, 251,
       210, 32, 253, 237, 109, 103, 156, 79, 71, 248, 80, 226, 175, 10,
       83, 113, 155, 48, 89, 230, 108, 106, 233, 242, 253, 46, 251, 207,
       165, 52, 97, 251, 210, 32, 192, 156, 157, 181, 137, 236, 53, 135,
       190, 247, 2, 17, 244, 183, 64, 75, 133, 87, 121, 21, 49, 77, 243,
       99, 205, 179, 95, 70, 128, 64, 133, 122, 2, 149, 18, 170, 181,
       165, 146, 67, 31, 13, 201, 55, 236, 250, 42, 192, 213, 51, 138,
       17, 54, 11, 16, 223, 184, 116, 10, 91, 152, 78, 173, 19, 244, 253,
       189, 114, 137, 44, 86, 142, 178, 178, 168, 24, 215, 247, 73, 59,
       145, 214, 121, 114, 120, 69, 219, 34, 251, 207, 69, 124, 192, 115,
       130, 2, 91, 169, 58, 168, 211, 246, 120, 231, 167, 77, 238, 1, 12,
       174, 118, 80, 183, 171, 223, 148, 30, 25, 176, 215, 251, 125, 139,
       199, 179, 70, 175, 94, 59, 206, 98, 27, 103, 179, 236, 214, 85,
       66, 119, 231, 41, 8, 182, 173, 127, 139, 150, 143, 207, 182, 69,
       225, 6, 91, 218, 131, 127, 221, 248, 132, 175, 56, 183, 209, 229,
       115, 225, 66, 95, 191, 243, 114, 152, 152, 245, 238, 201, 8, 62,
