%YAML:1.0
---
descriptors: !!opencv-matrix
   rows: 214
   cols: 32
   dt: u
   data: [ 47, 86, 106, 233, 116, 183, 235, 216, 95, 108, 124, 231, 89,
       204, 183, 164, 126, 169, 23, 239, 229, 178, 108, 222, 102, 93,
       171, 164, 127, 191, 120, 213, 41, 221, 126, 75, 117, 219, 255,
       120, 85, 4, 127, 2, 121, 73, 188, 100, 122, 184, 151, 234, 192,
       176, 125, 255, 103, 93, 160, 1, 119, 143, 124, 238, 191, 90, 107,
       248, 125, 215, 219, 216, 95, 236, 244, 255, 25, 221, 183, 36, 254,
       185, 151, 239, 239, 183, 60, 223, 115, 221, 171, 190, 63, 189,
       124, 247, 94, 23, 111, 223, 182, 242, 191, 113, 188, 204, 95, 231,
       253, 255, 191, 224, 118, 247, 191, 227, 181, 145, 39, 204, 246,
       111, 234, 129, 47, 231, 165, 113, 27, 95, 66, 142, 82, 22, 190,
       112, 61, 200, 219, 199, 104, 110, 183, 196, 126, 237, 159, 231,
       237, 147, 21, 238, 176, 36, 170, 128, 47, 183, 41, 220, 159, 188,
       238, 117, 254, 95, 125, 250, 119, 254, 86, 182, 89, 253, 150, 97,
       127, 254, 255, 173, 245, 252, 175, 159, 127, 235, 231, 135, 47,
       244, 124, 247, 43, 124, 115, 230, 101, 222, 255, 116, 121, 202,
       253, 42, 58, 157, 53, 180, 254, 253, 151, 234, 233, 183, 176, 234,
       119, 253, 134, 138, 111, 254, 102, 255, 89, 243, 127, 229, 50, 14,
       127, 117, 41, 236, 127, 237, 223, 55, 138, 114, 182, 213, 252,
       110, 209, 145, 177, 204, 246, 253, 39, 134, 110, 178, 131, 113,
       79, 54, 250, 147, 226, 120, 185, 212, 187, 255, 95, 247, 204, 238,
       255, 238, 183, 93, 191, 151, 149, 213, 172, 194, 158, 125, 255,
       230, 142, 247, 169, 213, 250, 79, 122, 206, 117, 216, 255, 116,
       249, 76, 252, 171, 43, 140, 183, 181, 254, 171, 151, 206, 236,
       190, 164, 235, 118, 249, 130, 137, 103, 150, 110, 253, 155, 31,
       110, 190, 55, 210, 251, 119, 245, 76, 222, 231, 121, 238, 182,
       225, 126, 163, 191, 237, 253, 187, 39, 239, 114, 107, 234, 193,
       63, 140, 189, 221, 59, 149, 106, 203, 87, 247, 243, 218, 87, 77,
       253, 6, 59, 221, 190, 228, 124, 154, 151, 156, 191, 186, 125, 191,
       119, 205, 178, 227, 255, 142, 252, 253, 155, 104, 227, 255, 70,
       145, 191, 216, 63, 110, 84, 155, 57, 222, 253, 44, 63, 171, 151,
       205, 227, 22, 174, 243, 87, 73, 187, 168, 55, 149, 119, 248, 120,
       185, 186, 250, 153, 221, 81, 198, 171, 29, 172, 9, 174, 223, 98,
       58, 137, 187, 221, 80, 30, 11, 250, 177, 251, 213, 21, 123, 210,
       20, 143, 75, 42, 187, 99, 88, 209, 221, 177, 87, 91, 93, 116, 189,
       40, 156, 230, 52, 140, 42, 150, 16, 151, 58, 54, 213, 127, 92, 52,
       235, 219, 12, 214, 255, 130, 164, 227, 183, 103, 228, 190, 231,
       58, 75, 88, 147, 108, 254, 126, 128, 255, 111, 179, 133, 166, 250,
       158, 247, 29, 63, 222, 238, 5, 76, 179, 202, 146, 219, 63, 184,
       170, 197, 157, 119, 142, 93, 148, 255, 188, 159, 226, 65, 239, 51,
       255, 133, 247, 15, 50, 213, 251, 211, 254, 251, 28, 8, 165, 219,
       209, 223, 239, 255, 180, 14, 109, 183, 118, 91, 214, 246, 247,
       111, 144, 97, 119, 103, 61, 140, 249, 220, 101, 47, 238, 235, 254,
       192, 44, 160, 241, 121, 160, 245, 121, 69, 116, 75, 231, 117, 117,
       108, 119, 58, 115, 21, 148, 52, 126, 188, 6, 106, 249, 186, 117,
       79, 119, 174, 36, 128, 103, 138, 246, 249, 26, 199, 110, 156, 106,
       208, 189, 109, 141, 132, 220, 163, 109, 239, 166, 199, 126, 253,
       191, 227, 68, 195, 174, 205, 114, 97, 239, 139, 55, 182, 173, 255,
       94, 253, 127, 222, 139, 208, 183, 229, 173, 214, 76, 163, 124,
       255, 103, 103, 162, 123, 251, 195, 67, 73, 186, 233, 243, 97, 79,
       11, 6, 118, 167, 251, 26, 217, 254, 254, 195, 208, 181, 231, 191,
       21, 78, 163, 108, 255, 38, 107, 230, 251, 187, 195, 66, 217, 42,
       233, 115, 227, 94, 139, 55, 84, 173, 235, 159, 86, 102, 68, 33,
       210, 93, 113, 241, 238, 183, 167, 75, 76, 183, 255, 190, 229, 221,
       238, 236, 167, 52, 206, 210, 251, 241, 151, 111, 167, 110, 87, 37,
       207, 121, 79, 116, 7, 239, 248, 84, 72, 124, 70, 115, 81, 189, 32,
       92, 200, 22, 110, 233, 178, 109, 63, 100, 140, 161, 132, 125, 187,
       112, 161, 33, 75, 115, 79, 116, 135, 239, 240, 68, 8, 126, 66,
       113, 209, 181, 100, 124, 104, 18, 234, 193, 178, 44, 125, 100, 44,
       162, 128, 125, 187, 112, 169, 17, 78, 75, 220, 54, 166, 107, 82,
       212, 74, 210, 230, 113, 195, 177, 96, 126, 224, 23, 238, 169, 135,
       36, 238, 176, 174, 170, 136, 61, 185, 112, 49, 56, 3, 111, 232,
       22, 195, 235, 112, 196, 64, 255, 226, 115, 141, 176, 97, 126, 176,
       31, 234, 201, 179, 36, 156, 242, 233, 162, 128, 53, 139, 116, 176,
       52, 253, 105, 234, 84, 197, 87, 252, 4, 64, 253, 11, 115, 221, 56,
       48, 88, 216, 23, 106, 75, 50, 88, 61, 243, 205, 165, 124, 117,
       155, 246, 250, 15, 178, 154, 169, 245, 133, 184, 81, 31, 105, 89,
       119, 156, 223, 106, 64, 255, 25, 151, 149, 151, 146, 24, 210, 79,
       213, 171, 230, 156, 14, 185, 147, 41, 121, 105, 105, 124, 223,
       123, 120, 71, 232, 124, 78, 59, 29, 147, 48, 94, 168, 23, 254,
       203, 186, 121, 189, 111, 205, 165, 160, 123, 186, 66, 249, 254,
       78, 242, 158, 255, 114, 158, 232, 153, 198, 189, 191, 110, 236,
       183, 157, 255, 225, 223, 103, 172, 39, 108, 234, 178, 127, 207,
       187, 215, 127, 127, 215, 254, 246, 230, 117, 39, 50, 122, 152,
       115, 254, 119, 183, 73, 253, 223, 175, 127, 197, 181, 247, 172,
       244, 173, 138, 26, 251, 197, 199, 175, 231, 124, 87, 18, 178, 162,
       154, 173, 189, 176, 73, 175, 95, 213, 55, 172, 252, 110, 140, 173,
       27, 223, 17, 150, 43, 58, 241, 155, 86, 90, 203, 219, 78, 191,
       215, 195, 26, 191, 190, 48, 252, 61, 21, 191, 79, 87, 245, 253,
       254, 142, 98, 135, 115, 157, 5, 167, 208, 170, 235, 162, 255, 62,
       130, 140, 214, 129, 125, 207, 82, 212, 216, 237, 55, 216, 152,
       143, 27, 148, 244, 92, 218, 223, 255, 199, 209, 255, 223, 167,
       103, 107, 208, 30, 91, 111, 254, 158, 181, 41, 21, 250, 210, 236,
       94, 107, 84, 85, 191, 211, 94, 148, 189, 107, 253, 222, 191, 204,
       216, 245, 198, 239, 71, 254, 163, 115, 123, 244, 187, 55, 212,
       126, 127, 190, 121, 98, 94, 87, 217, 115, 112, 231, 196, 229, 143,
       106, 204, 239, 244, 120, 232, 198, 214, 206, 162, 190, 251, 63,
       93, 5, 43, 115, 175, 126, 214, 143, 246, 125, 155, 104, 119, 187,
       184, 159, 127, 21, 245, 220, 254, 206, 109, 151, 19, 183, 119,
       183, 64, 110, 247, 12, 27, 235, 198, 158, 199, 141, 245, 75, 158,
       127, 101, 118, 10, 255, 55, 97, 202, 254, 231, 249, 47, 148, 112,
       55, 247, 125, 173, 161, 141, 165, 207, 102, 239, 170, 192, 239,
       160, 67, 121, 177, 207, 107, 222, 126, 129, 207, 244, 212, 72,
       252, 230, 51, 201, 180, 33, 126, 234, 23, 207, 233, 171, 46, 191,
       116, 137, 174, 168, 125, 154, 242, 249, 27, 223, 111, 190, 146,
       130, 63, 119, 188, 65, 94, 231, 61, 175, 178, 64, 102, 251, 159,
       133, 241, 153, 36, 239, 242, 47, 190, 192, 55, 212, 165, 121, 139,
       95, 118, 119, 51, 214, 255, 180, 233, 204, 126, 165, 249, 127,
       183, 245, 230, 245, 149, 239, 229, 145, 52, 237, 103, 249, 166,
       131, 103, 183, 103, 127, 138, 188, 229, 179, 191, 235, 184, 39,
       191, 247, 146, 179, 173, 190, 84, 194, 227, 51, 255, 145, 55, 76,
       87, 214, 141, 86, 223, 243, 148, 68, 149, 94, 114, 130, 236, 30,
       207, 121, 156, 207, 203, 119, 181, 191, 42, 172, 126, 159, 171,
       131, 233, 21, 150, 111, 238, 241, 26, 91, 92, 255, 215, 76, 220,
       94, 237, 95, 190, 244, 189, 159, 87, 245, 233, 238, 188, 76, 254,
       255, 39, 51, 156, 117, 223, 98, 237, 99, 184, 206, 243, 251, 71,
       62, 74, 122, 203, 123, 9, 179, 106, 251, 236, 221, 253, 81, 237,
       89, 255, 118, 185, 223, 158, 96, 110, 186, 127, 200, 211, 184,
       231, 225, 214, 233, 178, 128, 47, 138, 241, 241, 73, 179, 156,
       129, 170, 122, 181, 31, 58, 255, 62, 252, 158, 36, 202, 142, 7,
       70, 238, 24, 149, 120, 227, 64, 204, 151, 118, 246, 202, 76, 143,
