%YAML:1.0
---
descriptors: !!opencv-matrix
   rows: 228
   cols: 32
   dt: u
   data: [ 144, 69, 14, 175, 22, 2, 71, 125, 4, 4, 218, 131, 119, 99, 34,
       65, 120, 228, 44, 235, 104, 161, 5, 13, 240, 227, 234, 16, 53,
       186, 52, 10, 66, 188, 189, 242, 170, 237, 25, 191, 171, 123, 184,
       92, 190, 63, 72, 50, 135, 215, 125, 17, 179, 74, 250, 119, 221,
       150, 127, 254, 128, 64, 135, 59, 98, 189, 57, 254, 121, 205, 81,
       127, 139, 89, 184, 105, 182, 255, 68, 51, 140, 187, 117, 0, 91,
       75, 250, 53, 251, 208, 89, 250, 80, 8, 134, 251, 222, 251, 150,
       190, 75, 192, 56, 200, 175, 148, 194, 163, 108, 223, 107, 67, 231,
       123, 251, 209, 2, 67, 154, 241, 153, 97, 207, 235, 54, 39, 37, 91,
       34, 189, 128, 153, 221, 245, 180, 231, 31, 5, 72, 19, 172, 156,
       38, 196, 201, 59, 147, 17, 118, 58, 83, 247, 45, 22, 158, 107,
       146, 76, 189, 158, 102, 177, 148, 146, 205, 237, 144, 205, 143,
       181, 161, 25, 142, 216, 76, 158, 137, 19, 235, 17, 22, 107, 218,
       208, 157, 16, 93, 127, 208, 15, 143, 134, 84, 249, 151, 182, 41,
       76, 23, 176, 171, 184, 162, 72, 254, 247, 65, 82, 132, 245, 125,
       66, 73, 67, 218, 96, 217, 250, 111, 58, 64, 51, 3, 43, 37, 95, 69,
       5, 116, 30, 238, 176, 116, 232, 122, 198, 211, 40, 149, 224, 124,
       204, 86, 111, 237, 176, 69, 14, 36, 44, 165, 132, 109, 187, 80,
       133, 248, 216, 112, 250, 203, 201, 21, 238, 223, 87, 164, 57, 46,
       255, 38, 89, 195, 179, 235, 64, 118, 47, 122, 247, 251, 215, 84,
       123, 82, 28, 133, 74, 205, 126, 249, 101, 96, 126, 127, 16, 105,
       206, 119, 228, 223, 63, 147, 58, 182, 117, 125, 110, 161, 212,
       181, 202, 198, 249, 99, 128, 238, 243, 71, 241, 33, 151, 105, 77,
       116, 143, 239, 123, 69, 104, 124, 230, 51, 29, 180, 36, 94, 152,
       22, 44, 201, 184, 101, 159, 100, 28, 160, 128, 127, 138, 80, 249,
       147, 0, 69, 129, 70, 190, 232, 23, 45, 113, 82, 210, 153, 14, 148,
       236, 46, 172, 55, 157, 133, 156, 37, 196, 4, 42, 250, 192, 39,
       132, 113, 236, 248, 188, 153, 186, 137, 237, 21, 207, 155, 23,
       160, 25, 46, 253, 96, 25, 201, 187, 200, 0, 58, 111, 218, 179,
       147, 211, 81, 59, 208, 88, 134, 90, 18, 130, 231, 153, 74, 193,
       169, 83, 38, 117, 210, 231, 161, 142, 210, 79, 110, 141, 239, 149,
       130, 217, 199, 213, 28, 32, 250, 193, 165, 132, 53, 221, 76, 245,
       221, 107, 176, 15, 127, 184, 62, 186, 127, 72, 215, 115, 201, 80,
       23, 92, 127, 122, 115, 240, 219, 63, 239, 255, 37, 100, 200, 243,
       66, 163, 152, 139, 210, 184, 247, 144, 105, 71, 95, 133, 84, 50,
       15, 195, 242, 196, 114, 169, 134, 152, 82, 191, 166, 202, 188,
       245, 150, 73, 182, 140, 189, 164, 57, 123, 121, 236, 116, 143, 95,
       120, 85, 200, 244, 110, 51, 73, 177, 176, 92, 184, 23, 110, 201,
       178, 64, 189, 242, 201, 161, 184, 127, 187, 82, 185, 4, 174, 142,
       159, 156, 195, 103, 236, 126, 182, 194, 226, 101, 226, 233, 195,
       89, 238, 106, 163, 120, 211, 207, 127, 188, 38, 255, 5, 172, 120,
       56, 136, 193, 191, 255, 79, 36, 10, 231, 48, 120, 202, 127, 228,
       247, 121, 156, 99, 182, 100, 124, 106, 241, 240, 237, 9, 100, 187,
       97, 128, 108, 251, 85, 49, 252, 112, 123, 100, 37, 95, 83, 80, 97,
       232, 183, 8, 91, 29, 83, 59, 60, 148, 213, 106, 201, 183, 241,
       136, 211, 201, 33, 21, 99, 179, 70, 115, 103, 32, 242, 225, 236,
       41, 232, 8, 43, 176, 177, 73, 207, 219, 85, 58, 223, 221, 127, 95,
       24, 114, 203, 192, 156, 152, 203, 62, 197, 235, 67, 128, 193, 236,
       183, 93, 124, 143, 239, 238, 254, 162, 246, 16, 250, 224, 180,
       100, 123, 108, 106, 108, 224, 255, 251, 127, 61, 62, 7, 12, 66,
       168, 99, 172, 41, 245, 121, 101, 244, 79, 119, 61, 105, 108, 127,
       12, 215, 55, 136, 48, 180, 94, 84, 106, 193, 176, 185, 14, 231,
       253, 37, 68, 74, 130, 199, 243, 35, 52, 106, 73, 117, 191, 232,
       82, 93, 105, 124, 70, 16, 152, 182, 164, 124, 140, 18, 61, 149,
       190, 117, 222, 22, 61, 146, 192, 95, 140, 122, 245, 131, 152, 63,
       243, 114, 189, 185, 82, 188, 91, 83, 242, 188, 174, 168, 105, 167,
       59, 151, 129, 179, 220, 34, 247, 196, 251, 122, 194, 132, 129, 33,
       161, 84, 245, 143, 191, 216, 79, 79, 248, 182, 182, 203, 5, 247,
       231, 105, 81, 217, 253, 110, 226, 42, 211, 251, 31, 253, 167, 111,
       52, 48, 115, 38, 114, 61, 19, 90, 236, 52, 23, 74, 120, 101, 200,
       253, 110, 91, 27, 169, 176, 252, 136, 20, 238, 201, 163, 112, 140,
       147, 217, 160, 158, 123, 171, 122, 53, 169, 88, 125, 69, 116, 95,
       105, 51, 117, 238, 118, 12, 147, 21, 149, 61, 62, 180, 86, 40,
       233, 244, 117, 14, 71, 251, 96, 16, 103, 168, 70, 249, 56, 189,
       121, 96, 117, 255, 81, 119, 97, 105, 124, 76, 59, 31, 2, 48, 172,
       186, 151, 24, 155, 186, 112, 31, 127, 205, 48, 96, 123, 128, 70,
       251, 70, 173, 158, 155, 221, 233, 182, 239, 158, 55, 73, 19, 236,
       250, 108, 72, 225, 123, 107, 83, 50, 122, 218, 247, 61, 22, 95,
       107, 144, 91, 133, 134, 67, 186, 149, 31, 58, 141, 32, 191, 174,
       253, 16, 237, 228, 226, 200, 78, 135, 123, 110, 21, 147, 72, 251,
       113, 76, 50, 127, 254, 152, 0, 11, 125, 9, 159, 125, 101, 52, 190,
       105, 55, 125, 233, 126, 100, 255, 32, 150, 100, 131, 38, 126, 12,
       149, 184, 117, 79, 238, 255, 50, 128, 202, 200, 73, 45, 61, 199,
       204, 235, 252, 35, 78, 152, 86, 186, 189, 206, 211, 97, 219, 73,
       95, 200, 78, 254, 175, 98, 77, 63, 238, 207, 229, 188, 189, 251,
       120, 1, 60, 73, 235, 111, 20, 206, 243, 144, 196, 136, 254, 3,
       115, 185, 49, 96, 120, 252, 55, 74, 72, 177, 48, 40, 115, 237,
       160, 17, 103, 187, 116, 170, 40, 172, 248, 117, 244, 235, 103,
       183, 112, 39, 126, 24, 179, 55, 130, 16, 27, 254, 6, 8, 56, 252,
       241, 47, 111, 175, 52, 65, 225, 200, 198, 170, 116, 113, 19, 228,
       41, 76, 83, 88, 169, 168, 161, 72, 126, 215, 33, 82, 182, 245,
       125, 98, 73, 71, 146, 200, 209, 240, 3, 58, 72, 51, 35, 51, 68,
       120, 151, 246, 40, 76, 37, 144, 170, 152, 162, 72, 246, 247, 65,
       122, 166, 117, 125, 66, 65, 65, 154, 104, 145, 176, 111, 58, 8,
       51, 3, 59, 185, 184, 253, 119, 101, 255, 81, 178, 115, 246, 102,
       24, 123, 61, 18, 189, 25, 254, 240, 8, 173, 252, 121, 189, 79,
       219, 81, 113, 99, 169, 78, 234, 130, 248, 187, 184, 207, 225, 185,
       198, 159, 87, 80, 187, 172, 158, 102, 9, 139, 27, 243, 145, 18,
       94, 146, 241, 93, 18, 222, 235, 149, 29, 183, 250, 166, 248, 170,
       186, 207, 225, 186, 198, 158, 87, 80, 187, 172, 220, 119, 8, 233,
       123, 179, 211, 2, 126, 58, 241, 95, 18, 218, 235, 213, 93, 181,
       250, 3, 249, 10, 144, 125, 149, 175, 231, 142, 76, 134, 199, 180,
       214, 98, 197, 204, 43, 251, 221, 199, 11, 114, 245, 45, 16, 143,
       250, 24, 28, 185, 252, 1, 40, 238, 81, 100, 184, 232, 18, 126, 81,
       118, 214, 145, 136, 150, 105, 106, 44, 54, 29, 151, 252, 103, 208,
       70, 58, 242, 64, 205, 136, 113, 140, 1, 152, 159, 249, 124, 229,
       184, 199, 190, 89, 64, 16, 188, 159, 96, 72, 229, 59, 59, 17, 51,
       92, 18, 247, 205, 151, 58, 106, 152, 0, 161, 171, 3, 8, 229, 213,
       84, 42, 233, 55, 116, 1, 82, 82, 177, 32, 148, 109, 104, 134, 50,
       141, 177, 252, 37, 204, 4, 46, 250, 192, 173, 128, 209, 172, 3, 2,
       231, 157, 70, 139, 233, 19, 22, 117, 82, 215, 145, 13, 146, 73,
       108, 140, 59, 157, 150, 220, 103, 213, 76, 42, 250, 192, 45, 140,
       112, 248, 41, 20, 126, 85, 100, 126, 105, 55, 125, 206, 126, 24,
       187, 21, 150, 61, 42, 180, 118, 8, 169, 252, 117, 76, 71, 251,
       112, 0, 66, 200, 70, 249, 50, 91, 66, 172, 3, 131, 94, 102, 141,
       12, 248, 231, 47, 142, 37, 208, 238, 241, 135, 227, 76, 155, 0,
       221, 176, 244, 138, 147, 49, 60, 44, 155, 40, 233, 26, 184, 85,
       157, 240, 230, 27, 5, 68, 11, 175, 201, 50, 192, 192, 59, 131, 69,
       66, 186, 210, 181, 79, 241, 18, 107, 30, 12, 57, 138, 100, 117,
