%YAML:1.0
---
descriptors: !!opencv-matrix
   rows: 457
   cols: 32
   dt: u
   data: [ 44, 213, 125, 111, 244, 79, 127, 184, 126, 56, 127, 72, 223,
       247, 137, 113, 151, 92, 110, 122, 227, 240, 123, 29, 239, 251,
       101, 68, 216, 251, 198, 179, 200, 241, 181, 122, 169, 156, 180,
       191, 239, 25, 48, 116, 190, 252, 109, 59, 164, 19, 238, 80, 247,
       105, 178, 113, 249, 208, 86, 58, 216, 80, 135, 31, 88, 5, 140,
       165, 28, 62, 65, 63, 38, 165, 142, 12, 179, 35, 131, 66, 81, 166,
       108, 8, 8, 217, 209, 14, 218, 231, 241, 21, 170, 232, 88, 8, 57,
       251, 121, 96, 116, 143, 83, 125, 99, 104, 124, 76, 55, 25, 16, 48,
       156, 140, 84, 104, 203, 186, 112, 29, 251, 205, 33, 124, 105, 136,
       194, 171, 189, 91, 104, 232, 60, 159, 75, 120, 69, 168, 252, 76,
       51, 73, 49, 48, 220, 168, 20, 110, 201, 34, 104, 189, 243, 217,
       161, 56, 123, 171, 82, 33, 57, 24, 89, 225, 118, 187, 97, 83, 127,
       233, 126, 226, 31, 19, 132, 116, 98, 172, 23, 24, 1, 152, 101,
       220, 86, 205, 178, 226, 191, 136, 83, 169, 223, 82, 239, 101, 96,
       94, 127, 16, 113, 206, 246, 228, 91, 63, 151, 127, 118, 212, 125,
       110, 233, 212, 245, 202, 246, 251, 231, 128, 46, 183, 98, 113, 19,
       29, 51, 203, 246, 167, 187, 83, 29, 105, 89, 231, 52, 190, 181,
       96, 254, 59, 23, 145, 177, 187, 48, 222, 53, 60, 170, 194, 156,
       202, 181, 247, 57, 162, 99, 105, 28, 147, 203, 218, 87, 97, 252,
       194, 19, 201, 191, 36, 92, 136, 6, 252, 139, 183, 101, 157, 218,
       205, 161, 196, 119, 173, 114, 224, 47, 150, 225, 13, 250, 114,
       128, 139, 83, 115, 120, 230, 129, 52, 156, 252, 91, 76, 148, 189,
       155, 26, 237, 147, 12, 38, 187, 246, 255, 236, 146, 245, 187, 207,
       74, 190, 20, 147, 203, 114, 148, 64, 220, 214, 113, 203, 178, 96,
       120, 234, 23, 207, 235, 159, 46, 255, 240, 239, 186, 128, 61, 136,
       120, 136, 6, 137, 34, 155, 229, 211, 186, 232, 142, 68, 89, 130,
       204, 206, 62, 64, 250, 41, 179, 211, 214, 146, 42, 245, 12, 52,
       139, 207, 21, 47, 181, 199, 53, 79, 102, 5, 52, 11, 238, 184, 101,
       168, 218, 231, 67, 40, 149, 196, 126, 204, 6, 239, 236, 176, 77,
       14, 52, 44, 165, 132, 109, 191, 88, 5, 43, 233, 96, 104, 201, 17,
       204, 231, 65, 36, 240, 139, 9, 40, 86, 189, 76, 219, 151, 193,
       220, 58, 198, 240, 62, 88, 212, 251, 119, 148, 238, 206, 162, 38,
       170, 152, 239, 241, 188, 71, 159, 215, 244, 187, 12, 172, 118, 11,
       239, 59, 147, 149, 182, 111, 38, 210, 31, 22, 222, 235, 213, 76,
       253, 222, 57, 205, 75, 254, 20, 147, 194, 246, 214, 64, 220, 70,
       115, 232, 176, 224, 88, 234, 22, 78, 235, 171, 46, 191, 178, 239,
       170, 8, 63, 138, 120, 136, 117, 97, 8, 37, 24, 15, 79, 184, 34,
       228, 175, 13, 215, 5, 26, 16, 28, 196, 89, 111, 72, 146, 249, 28,
       231, 133, 1, 52, 104, 187, 82, 82, 130, 179, 176, 152, 207, 17,
       144, 201, 123, 29, 208, 63, 12, 200, 126, 140, 217, 153, 195, 241,
       142, 103, 194, 211, 153, 84, 27, 111, 87, 4, 47, 199, 217, 219,
       23, 239, 52, 14, 71, 188, 229, 136, 254, 108, 255, 115, 129, 243,
       150, 245, 92, 106, 201, 161, 73, 45, 225, 249, 37, 144, 74, 179,
       67, 57, 39, 253, 40, 139, 252, 151, 175, 253, 14, 253, 28, 206,
       240, 252, 254, 32, 157, 107, 18, 223, 215, 58, 124, 189, 46, 13,
       173, 244, 221, 31, 153, 253, 91, 112, 170, 144, 43, 240, 184, 71,
       175, 85, 150, 183, 172, 206, 94, 174, 167, 51, 255, 149, 134, 65,
       182, 193, 155, 81, 218, 171, 134, 68, 175, 87, 9, 158, 31, 101,
       52, 190, 105, 55, 125, 73, 126, 100, 191, 48, 144, 228, 135, 38,
       126, 12, 149, 184, 97, 79, 238, 255, 50, 128, 202, 192, 201, 45,
       67, 173, 150, 151, 201, 189, 180, 175, 191, 179, 74, 25, 236, 242,
       68, 207, 129, 103, 234, 17, 54, 73, 219, 247, 173, 54, 95, 75,
       136, 92, 137, 14, 233, 124, 190, 117, 96, 46, 125, 55, 121, 222,
       118, 28, 159, 55, 131, 59, 133, 116, 124, 12, 161, 252, 241, 14,
       199, 251, 112, 0, 194, 240, 66, 243, 241, 98, 106, 236, 20, 23,
       73, 88, 97, 72, 245, 78, 27, 10, 55, 48, 252, 136, 92, 172, 141,
       167, 112, 204, 211, 249, 162, 156, 105, 171, 122, 49, 94, 176,
       159, 240, 169, 228, 57, 74, 171, 249, 134, 1, 156, 183, 64, 122,
       167, 213, 253, 144, 27, 75, 179, 192, 219, 241, 159, 255, 138, 36,
       39, 115, 3, 223, 9, 170, 190, 129, 159, 253, 14, 125, 24, 231,
       244, 236, 170, 64, 223, 107, 7, 215, 214, 40, 78, 61, 236, 5, 175,
       252, 29, 26, 153, 217, 104, 223, 152, 252, 189, 217, 86, 135, 31,
       167, 92, 42, 175, 243, 99, 228, 203, 122, 174, 0, 44, 40, 226,
       186, 175, 247, 20, 59, 178, 120, 156, 15, 190, 220, 247, 255, 223,
       126, 126, 191, 23, 243, 255, 18, 73, 127, 61, 221, 127, 222, 183,
       242, 249, 244, 91, 255, 63, 255, 213, 71, 247, 253, 236, 182, 14,
       253, 237, 215, 191, 90, 191, 190, 126, 243, 94, 162, 249, 127,
       221, 239, 119, 94, 255, 250, 243, 216, 255, 249, 111, 111, 239,
       165, 183, 247, 221, 121, 8, 221, 25, 171, 250, 193, 175, 239, 142,
       77, 88, 231, 245, 231, 170, 64, 118, 91, 15, 199, 83, 8, 14, 125,
       236, 36, 174, 200, 28, 155, 165, 121, 60, 13, 30, 254, 149, 231,
       87, 99, 150, 134, 239, 3, 119, 255, 33, 64, 89, 250, 3, 34, 104,
       179, 88, 63, 241, 239, 135, 1, 177, 123, 228, 162, 105, 233, 138,
       220, 213, 214, 111, 199, 82, 141, 100, 2, 48, 179, 115, 124, 89,
       238, 18, 216, 91, 218, 242, 168, 111, 175, 191, 41, 138, 48, 250,
       170, 58, 207, 96, 236, 91, 211, 94, 236, 15, 44, 252, 171, 107,
       79, 37, 80, 94, 185, 151, 226, 74, 26, 76, 191, 243, 213, 143,
       179, 55, 62, 28, 138, 87, 26, 191, 252, 45, 44, 57, 146, 175, 219,
       150, 100, 252, 247, 99, 107, 199, 117, 253, 16, 145, 69, 179, 224,
       203, 243, 126, 154, 152, 113, 33, 115, 109, 190, 121, 101, 116,
       14, 123, 176, 120, 72, 126, 108, 215, 55, 130, 48, 150, 92, 85,
       46, 153, 184, 241, 46, 239, 253, 32, 192, 200, 163, 66, 243, 130,
       237, 178, 219, 249, 253, 190, 238, 191, 23, 217, 27, 236, 254,
       108, 68, 239, 123, 251, 195, 118, 75, 218, 247, 63, 118, 158, 107,
       144, 86, 165, 142, 169, 28, 127, 69, 100, 94, 233, 55, 125, 206,
       118, 4, 187, 21, 149, 125, 46, 60, 86, 8, 233, 252, 113, 76, 71,
       251, 114, 128, 66, 128, 70, 121, 23, 36, 235, 235, 182, 163, 235,
       202, 86, 65, 249, 130, 25, 201, 184, 32, 127, 171, 19, 157, 131,
       178, 61, 222, 252, 13, 159, 68, 245, 203, 241, 160, 6, 172, 150,
       155, 221, 225, 190, 239, 191, 23, 73, 19, 236, 254, 108, 72, 227,
       123, 251, 145, 114, 75, 202, 247, 47, 54, 95, 111, 144, 78, 165,
       206, 179, 70, 102, 30, 13, 23, 206, 105, 212, 198, 193, 199, 227,
       72, 191, 237, 88, 224, 170, 239, 236, 167, 111, 255, 48, 106, 218,
       25, 85, 190, 120, 76, 141, 77, 245, 219, 172, 249, 229, 151, 222,
       90, 92, 114, 183, 208, 243, 237, 75, 106, 54, 94, 183, 116, 111,
       178, 134, 217, 230, 128, 158, 221, 209, 165, 10, 159, 51, 237,
       231, 133, 189, 119, 140, 76, 90, 71, 60, 189, 52, 65, 238, 59, 51,
       133, 208, 184, 18, 221, 101, 41, 234, 200, 85, 12, 245, 251, 160,
       241, 106, 88, 244, 201, 253, 253, 22, 93, 116, 187, 19, 221, 190,
       33, 59, 26, 23, 104, 114, 46, 34, 21, 111, 137, 180, 237, 117,
       152, 246, 243, 10, 223, 63, 252, 122, 196, 191, 246, 191, 76, 92,
       231, 188, 255, 161, 64, 238, 123, 191, 193, 195, 155, 34, 255,
       116, 127, 186, 138, 22, 16, 37, 249, 9, 141, 83, 204, 95, 211,
       167, 111, 204, 4, 94, 134, 173, 160, 178, 197, 106, 34, 138, 40,
       113, 187, 53, 223, 52, 231, 138, 73, 87, 8, 169, 232, 113, 168,
       173, 181, 140, 110, 77, 135, 226, 251, 130, 25, 211, 60, 80, 106,
       201, 230, 121, 29, 92, 205, 219, 32, 201, 235, 253, 20, 128, 120,
       208, 66, 61, 181, 112, 65, 143, 123, 82, 136, 79, 241, 45, 24,
       155, 56, 94, 191, 131, 136, 222, 114, 159, 112, 253, 148, 79, 217,
