%YAML:1.0
---
descriptors: !!opencv-matrix
   rows: 200
   cols: 32
   dt: u
   data: [ 84, 89, 151, 182, 40, 204, 23, 176, 172, 168, 162, 72, 254,
       247, 65, 83, 132, 245, 125, 66, 73, 67, 154, 104, 249, 176, 111,
       58, 8, 51, 3, 59, 34, 91, 99, 77, 66, 221, 171, 112, 173, 68, 112,
       199, 40, 142, 181, 36, 110, 57, 195, 238, 193, 187, 52, 253, 55,
       56, 2, 130, 71, 143, 103, 252, 118, 171, 134, 158, 219, 163, 174,
       234, 190, 183, 200, 135, 232, 226, 111, 207, 253, 239, 235, 167,
       46, 211, 207, 253, 28, 38, 223, 223, 149, 116, 63, 134, 5, 230,
       135, 159, 221, 31, 228, 236, 87, 242, 243, 74, 224, 232, 124, 231,
       249, 236, 106, 191, 237, 247, 223, 255, 60, 58, 199, 28, 93, 120,
       121, 140, 84, 238, 142, 191, 152, 6, 47, 232, 182, 182, 203, 133,
       245, 230, 73, 67, 249, 255, 107, 230, 106, 83, 219, 63, 253, 231,
       239, 92, 144, 115, 39, 66, 40, 47, 120, 101, 244, 107, 103, 55,
       112, 174, 126, 8, 243, 49, 144, 48, 58, 254, 70, 40, 248, 184, 97,
       46, 103, 175, 52, 0, 97, 248, 198, 168, 128, 130, 94, 91, 48, 170,
       105, 18, 62, 1, 118, 180, 247, 3, 162, 88, 115, 34, 111, 28, 50,
       188, 33, 127, 78, 191, 50, 192, 216, 129, 227, 41, 53, 79, 76, 5,
       52, 10, 238, 176, 117, 232, 250, 231, 83, 40, 149, 192, 124, 196,
       86, 239, 237, 176, 77, 12, 36, 40, 165, 132, 109, 187, 88, 5, 219,
       90, 159, 253, 40, 44, 29, 150, 175, 218, 150, 100, 254, 255, 161,
       75, 199, 117, 127, 78, 161, 69, 227, 233, 193, 251, 122, 154, 154,
       121, 33, 121, 109, 229, 169, 164, 24, 79, 79, 184, 34, 228, 142,
       13, 215, 39, 91, 18, 16, 204, 121, 111, 72, 82, 249, 12, 237, 173,
       133, 52, 0, 178, 22, 114, 105, 101, 8, 165, 112, 14, 71, 56, 32,
       228, 226, 13, 215, 35, 2, 16, 216, 204, 72, 110, 72, 150, 217, 12,
       229, 181, 5, 20, 72, 170, 66, 82, 130, 173, 182, 218, 249, 245,
       190, 239, 191, 19, 217, 155, 236, 254, 108, 64, 239, 123, 251,
       131, 118, 11, 218, 247, 63, 118, 158, 107, 16, 86, 173, 142, 143,
       24, 150, 184, 11, 244, 184, 66, 190, 91, 194, 23, 172, 158, 103,
       200, 229, 57, 187, 145, 151, 205, 18, 194, 195, 119, 90, 75, 154,
       69, 41, 83, 9, 140, 31, 101, 52, 190, 105, 55, 125, 105, 126, 68,
       191, 48, 144, 244, 135, 38, 110, 12, 149, 184, 117, 79, 238, 255,
       50, 192, 202, 200, 73, 61, 61, 198, 204, 171, 188, 35, 78, 216,
       87, 250, 157, 207, 211, 97, 219, 8, 95, 200, 127, 254, 171, 98,
       77, 187, 254, 207, 229, 188, 189, 251, 120, 1, 115, 156, 138, 165,
       61, 38, 200, 63, 30, 235, 218, 87, 245, 42, 50, 64, 221, 38, 61,
       141, 189, 219, 209, 159, 217, 255, 187, 144, 140, 44, 88, 90, 90,
       120, 234, 164, 35, 76, 89, 71, 171, 245, 150, 173, 143, 159, 67,
       26, 166, 149, 253, 151, 12, 75, 144, 192, 211, 209, 92, 187, 166,
       86, 7, 91, 139, 128, 194, 91, 112, 174, 233, 22, 63, 75, 118, 213,
       189, 131, 158, 92, 55, 46, 55, 156, 179, 220, 5, 247, 70, 62, 114,
       192, 206, 132, 203, 145, 60, 5, 126, 238, 148, 231, 79, 123, 20,
       132, 239, 3, 83, 247, 41, 65, 120, 254, 27, 170, 120, 179, 25,
       158, 241, 239, 167, 0, 182, 251, 244, 34, 49, 207, 66, 138, 212,
       135, 206, 246, 214, 13, 216, 71, 99, 232, 178, 196, 120, 234, 6,
       253, 206, 187, 12, 191, 56, 44, 166, 192, 117, 158, 248, 140, 45,
       183, 121, 101, 244, 15, 127, 177, 108, 108, 126, 76, 215, 53, 128,
       48, 22, 92, 86, 110, 209, 184, 105, 14, 111, 189, 37, 196, 72,
       162, 194, 241, 33, 151, 97, 73, 116, 139, 235, 123, 85, 104, 124,
       238, 49, 13, 180, 36, 94, 136, 22, 236, 225, 184, 101, 159, 36,
       28, 161, 196, 127, 138, 80, 253, 187, 207, 99, 254, 54, 147, 203,
       242, 148, 8, 220, 230, 121, 251, 176, 228, 126, 234, 31, 206, 235,
       175, 46, 255, 240, 239, 186, 136, 63, 137, 112, 169, 3, 239, 9,
       171, 190, 193, 191, 253, 14, 125, 24, 231, 245, 238, 186, 96, 223,
       107, 23, 215, 215, 40, 109, 61, 108, 5, 175, 252, 21, 26, 149,
       217, 11, 223, 62, 252, 123, 148, 191, 246, 191, 72, 92, 231, 188,
       254, 167, 96, 238, 123, 191, 193, 199, 155, 34, 255, 118, 127,
       190, 138, 30, 20, 41, 219, 105, 79, 109, 69, 172, 15, 207, 191,
       101, 238, 190, 238, 243, 40, 151, 48, 30, 230, 124, 111, 201, 176,
       229, 14, 230, 111, 229, 148, 111, 254, 210, 109, 73, 156, 115, 71,
       177, 110, 107, 51, 112, 207, 110, 0, 251, 117, 148, 112, 53, 246,
       92, 40, 185, 184, 49, 46, 235, 174, 36, 64, 227, 226, 198, 120,
       82, 182, 222, 184, 235, 249, 176, 207, 191, 181, 154, 187, 108,
       254, 234, 66, 183, 123, 239, 17, 22, 73, 138, 213, 216, 71, 127,
       255, 132, 68, 173, 75, 6, 163, 162, 155, 245, 244, 177, 65, 206,
       205, 93, 34, 168, 252, 190, 100, 208, 43, 147, 17, 146, 184, 162,
       192, 13, 60, 142, 203, 134, 14, 253, 231, 138, 152, 18, 153, 119,
       221, 184, 71, 31, 29, 86, 19, 172, 154, 38, 200, 235, 59, 179,
       145, 54, 188, 83, 247, 15, 215, 154, 195, 150, 12, 173, 142, 134,
       173, 150, 155, 221, 233, 182, 239, 159, 55, 137, 19, 236, 234,
       108, 70, 233, 123, 235, 145, 50, 75, 154, 247, 61, 22, 159, 127,
       144, 77, 165, 142, 38, 29, 34, 138, 253, 241, 186, 224, 143, 136,
       93, 3, 236, 206, 119, 196, 252, 123, 147, 211, 150, 147, 10, 255,
       61, 20, 139, 235, 150, 47, 61, 215, 113, 40, 31, 48, 8, 237, 81,
       6, 226, 85, 162, 9, 151, 145, 66, 26, 129, 164, 124, 21, 14, 107,
       242, 17, 209, 225, 112, 120, 224, 8, 70, 66, 45, 79, 70, 7, 116,
       30, 238, 112, 116, 232, 250, 70, 83, 104, 151, 160, 92, 236, 86,
       111, 237, 176, 69, 14, 52, 46, 165, 128, 79, 191, 88, 141, 35,
       251, 106, 154, 127, 145, 186, 72, 207, 68, 220, 175, 40, 204, 118,
       4, 254, 169, 211, 69, 198, 35, 166, 253, 50, 92, 139, 251, 87, 14,
       127, 223, 21, 12, 79, 235, 151, 167, 107, 194, 20, 65, 203, 130,
       113, 227, 49, 96, 123, 170, 19, 188, 59, 155, 61, 255, 249, 175,
       139, 64, 189, 203, 112, 160, 9, 183, 29, 251, 252, 173, 233, 255,
       222, 91, 84, 116, 188, 235, 248, 105, 207, 11, 127, 28, 179, 104,
       98, 245, 206, 219, 254, 232, 156, 200, 129, 185, 185, 122, 105,
       109, 116, 143, 79, 248, 85, 104, 244, 108, 51, 9, 145, 48, 92,
       136, 22, 110, 233, 182, 100, 31, 118, 205, 161, 180, 127, 155, 82,
       249, 60, 85, 114, 236, 253, 86, 86, 125, 181, 140, 248, 11, 111,
       255, 43, 208, 248, 253, 199, 98, 76, 163, 24, 142, 179, 247, 133,
       27, 35, 254, 238, 82, 76, 245, 125, 109, 188, 15, 119, 184, 110,
       184, 191, 64, 223, 115, 137, 50, 151, 84, 108, 106, 201, 224, 219,
       29, 239, 255, 101, 20, 74, 243, 194, 33, 237, 6, 70, 53, 180, 58,
       108, 35, 240, 182, 99, 245, 195, 32, 147, 219, 3, 230, 108, 46,
       188, 252, 69, 12, 174, 251, 245, 144, 76, 229, 218, 64, 105, 189,
       57, 97, 112, 143, 113, 119, 97, 233, 124, 76, 63, 31, 0, 48, 164,
       191, 21, 24, 155, 186, 240, 30, 255, 205, 32, 96, 105, 128, 194,
       187, 49, 54, 106, 8, 84, 191, 240, 75, 95, 78, 121, 71, 2, 200,
       183, 32, 248, 168, 2, 53, 134, 182, 52, 222, 18, 30, 16, 43, 221,
       12, 120, 223, 13, 159, 33, 171, 252, 199, 175, 248, 134, 108, 24,
       231, 253, 230, 186, 96, 95, 107, 27, 223, 211, 24, 108, 191, 108,
       5, 175, 244, 20, 142, 21, 249, 90, 112, 170, 176, 43, 196, 57, 69,
       171, 253, 134, 139, 172, 158, 67, 26, 166, 177, 253, 145, 6, 75,
       178, 192, 219, 85, 158, 187, 134, 20, 39, 95, 102, 177, 20, 154,
       205, 205, 176, 205, 143, 49, 161, 24, 142, 216, 104, 10, 201, 27,
       235, 17, 18, 107, 218, 245, 157, 16, 95, 127, 144, 10, 149, 162,
       207, 90, 255, 229, 36, 94, 127, 148, 105, 206, 246, 228, 255, 127,
       151, 123, 214, 245, 125, 239, 225, 212, 245, 232, 230, 251, 238,
       128, 46, 243, 103, 121, 32, 140, 251, 117, 244, 235, 103, 183,
       116, 7, 126, 16, 243, 49, 144, 48, 27, 254, 6, 8, 184, 184, 101,
       47, 111, 175, 52, 0, 101, 200, 198, 168, 3, 223, 61, 185, 244,
