%YAML:1.0
---
descriptors: !!opencv-matrix
   rows: 98
   cols: 32
   dt: u
   data: [ 184, 201, 11, 254, 93, 196, 126, 229, 149, 8, 240, 2, 49, 223,
       48, 64, 232, 186, 19, 194, 74, 187, 18, 189, 247, 233, 130, 9, 51,
       26, 116, 170, 76, 31, 130, 189, 180, 162, 44, 183, 60, 131, 90,
       231, 221, 227, 160, 192, 119, 111, 55, 157, 177, 152, 5, 238, 236,
       231, 254, 192, 140, 224, 177, 185, 10, 141, 8, 235, 157, 229, 234,
       163, 142, 13, 218, 2, 160, 187, 48, 64, 201, 34, 59, 145, 26, 9,
       75, 247, 237, 181, 138, 77, 144, 10, 244, 10, 0, 137, 22, 153,
       151, 203, 180, 107, 94, 33, 88, 34, 164, 216, 36, 129, 250, 59, 3,
       113, 82, 184, 2, 221, 44, 144, 15, 67, 85, 8, 145, 130, 60, 125,
       89, 44, 219, 223, 87, 248, 15, 236, 252, 9, 127, 213, 3, 144, 30,
       249, 215, 98, 67, 35, 120, 61, 251, 197, 37, 61, 123, 59, 14, 243,
       183, 95, 80, 172, 126, 11, 154, 122, 15, 0, 248, 239, 47, 137,
       179, 64, 110, 193, 143, 231, 226, 43, 15, 223, 240, 36, 43, 188,
       125, 189, 41, 145, 66, 177, 141, 178, 137, 229, 185, 207, 142,
       253, 129, 17, 164, 182, 74, 75, 193, 87, 251, 145, 26, 75, 251,
       241, 221, 147, 223, 127, 144, 64, 181, 122, 173, 254, 245, 119,
       228, 127, 255, 159, 115, 255, 116, 244, 89, 61, 223, 191, 31, 94,
       182, 30, 243, 252, 255, 162, 110, 219, 245, 164, 239, 245, 210,
       241, 126, 48, 172, 160, 173, 109, 16, 137, 139, 253, 137, 41, 206,
       253, 75, 26, 193, 213, 253, 17, 30, 67, 219, 128, 219, 215, 221,
       127, 128, 127, 150, 83, 58, 159, 51, 235, 181, 167, 203, 83, 85,
       9, 216, 66, 233, 249, 48, 228, 88, 58, 151, 145, 154, 186, 64,
       255, 173, 220, 170, 192, 183, 78, 245, 169, 254, 191, 242, 86,
       251, 245, 159, 222, 187, 255, 189, 191, 44, 239, 223, 150, 191,
       255, 221, 247, 182, 75, 186, 226, 123, 93, 13, 191, 239, 247, 174,
       223, 56, 125, 121, 109, 122, 219, 87, 246, 39, 236, 252, 169, 63,
       151, 131, 176, 58, 255, 215, 224, 77, 154, 112, 61, 255, 197, 37,
       179, 115, 146, 14, 251, 194, 158, 157, 181, 168, 108, 181, 191,
       190, 127, 2, 117, 244, 191, 72, 75, 133, 87, 107, 17, 50, 205,
       211, 99, 205, 50, 126, 82, 136, 112, 133, 91, 245, 225, 252, 106,
       142, 31, 87, 184, 83, 182, 181, 10, 83, 121, 223, 63, 89, 212,
       124, 122, 237, 118, 253, 56, 251, 203, 197, 53, 243, 251, 94, 38,
       175, 255, 245, 119, 243, 126, 255, 191, 59, 254, 118, 244, 253,
       125, 151, 191, 31, 126, 213, 78, 227, 252, 255, 175, 111, 219,
       117, 166, 239, 245, 198, 253, 126, 255, 226, 86, 219, 119, 223,
       220, 251, 239, 189, 173, 106, 252, 223, 180, 191, 223, 213, 246,
       190, 99, 190, 239, 59, 95, 21, 255, 207, 119, 238, 255, 16, 133,
       27, 169, 182, 203, 119, 47, 62, 33, 75, 50, 215, 147, 40, 64, 115,
       31, 47, 16, 82, 152, 73, 23, 237, 165, 50, 68, 48, 10, 129, 35,
       193, 121, 191, 85, 36, 30, 101, 55, 249, 234, 102, 76, 182, 145,
       85, 51, 164, 100, 124, 76, 225, 253, 177, 8, 167, 155, 84, 0, 74,
       248, 210, 121, 71, 222, 249, 185, 242, 166, 63, 155, 62, 109, 94,
       229, 213, 230, 130, 112, 247, 127, 63, 156, 151, 152, 189, 119,
       236, 175, 175, 196, 156, 243, 161, 241, 179, 79, 68, 156, 126, 3,
       202, 114, 13, 224, 208, 207, 13, 11, 179, 69, 110, 229, 31, 207,
       237, 59, 69, 252, 52, 40, 170, 184, 61, 173, 57, 153, 122, 3, 106,
       248, 91, 209, 184, 73, 135, 4, 220, 163, 41, 207, 39, 64, 254,
       185, 147, 161, 22, 3, 42, 221, 83, 65, 139, 171, 55, 142, 60, 210,
       97, 173, 191, 85, 36, 14, 101, 55, 121, 170, 126, 8, 179, 33, 148,
       51, 128, 102, 108, 8, 217, 248, 241, 41, 231, 249, 100, 16, 72,
       232, 210, 40, 147, 157, 107, 220, 86, 214, 170, 112, 189, 64, 218,
       199, 125, 254, 60, 225, 126, 241, 27, 239, 229, 131, 54, 239, 51,
       104, 138, 138, 45, 162, 49, 244, 234, 182, 233, 56, 237, 245, 153,
       87, 155, 95, 156, 189, 12, 188, 214, 11, 205, 155, 215, 149, 190,
       111, 242, 211, 91, 87, 250, 251, 199, 68, 246, 223, 194, 188, 190,
       188, 168, 237, 181, 199, 190, 159, 132, 25, 164, 182, 66, 91, 161,
       55, 235, 17, 54, 77, 146, 83, 221, 179, 95, 123, 144, 64, 167, 74,
       159, 253, 245, 119, 175, 127, 222, 189, 255, 250, 191, 245, 255,
       124, 157, 175, 151, 119, 253, 115, 253, 229, 127, 254, 171, 219,
       101, 150, 198, 247, 199, 119, 29, 190, 183, 127, 185, 95, 151,
       248, 247, 255, 158, 116, 223, 253, 139, 167, 151, 118, 252, 39,
       191, 225, 251, 191, 235, 255, 103, 151, 234, 245, 141, 247, 43,
       204, 18, 219, 213, 191, 250, 198, 223, 1, 92, 2, 172, 216, 54,
       196, 217, 58, 130, 16, 55, 184, 90, 255, 47, 95, 146, 67, 154,
       143, 248, 142, 20, 47, 142, 187, 146, 171, 43, 71, 54, 133, 79,
       151, 213, 167, 3, 72, 111, 235, 47, 148, 26, 152, 75, 54, 204,
       135, 186, 193, 160, 67, 173, 208, 236, 12, 190, 124, 205, 253,
       242, 195, 211, 183, 236, 25, 114, 249, 97, 27, 201, 250, 227, 16,
       58, 127, 210, 187, 95, 251, 85, 57, 210, 105, 222, 130, 142, 28,
       243, 215, 231, 112, 190, 198, 31, 203, 94, 242, 8, 191, 229, 236,
       123, 251, 183, 130, 49, 158, 172, 226, 30, 126, 190, 203, 191,
       253, 245, 245, 24, 207, 90, 239, 178, 202, 119, 189, 54, 1, 79,
       160, 247, 83, 168, 80, 119, 222, 46, 98, 90, 152, 73, 55, 236,
       167, 38, 68, 52, 154, 165, 35, 27, 205, 19, 223, 145, 148, 110,
       247, 117, 3, 110, 64, 235, 115, 188, 244, 121, 202, 150, 202, 219,
       184, 125, 247, 167, 254, 150, 2, 122, 214, 232, 172, 2, 149, 19,
       168, 149, 229, 176, 103, 140, 13, 218, 103, 164, 248, 32, 192,
       240, 59, 138, 49, 86, 171, 18, 223, 185, 148, 138, 91, 24, 8, 181,
       11, 98, 174, 145, 216, 235, 241, 152, 199, 159, 79, 216, 185, 168,
       230, 230, 252, 207, 187, 183, 144, 31, 14, 226, 243, 31, 54, 158,
       235, 146, 196, 174, 255, 162, 200, 44, 152, 109, 217, 180, 239,
       143, 125, 116, 59, 172, 156, 118, 5, 201, 59, 131, 1, 70, 46, 66,
       245, 103, 81, 94, 123, 83, 28, 221, 222, 91, 91, 110, 236, 126,
       135, 219, 62, 143, 76, 94, 231, 57, 239, 183, 80, 118, 255, 55,
       205, 192, 139, 166, 221, 114, 125, 170, 136, 55, 180, 116, 121,
       18, 157, 50, 186, 211, 245, 178, 239, 159, 69, 72, 3, 44, 254, 46,
       196, 255, 59, 147, 145, 22, 11, 26, 247, 187, 100, 26, 75, 147, 6,
       173, 223, 179, 149, 119, 71, 182, 223, 251, 117, 125, 105, 118,
       110, 122, 29, 190, 37, 62, 190, 215, 105, 243, 184, 101, 255, 127,
       90, 32, 210, 127, 140, 214, 253, 107, 152, 229, 83, 52, 222, 224,
       16, 127, 105, 242, 228, 251, 28, 148, 252, 126, 180, 126, 92, 131,
       252, 245, 225, 14, 122, 48, 194, 239, 141, 80, 253, 179, 166, 98,
       139, 214, 177, 232, 69, 85, 67, 209, 215, 41, 136, 254, 132, 126,
       139, 23, 157, 158, 190, 69, 210, 22, 92, 154, 232, 125, 142, 248,
       140, 146, 28, 59, 222, 91, 229, 177, 97, 158, 6, 101, 50, 60, 223,
       37, 105, 238, 59, 147, 128, 34, 47, 58, 255, 83, 35, 90, 11, 17,
       0, 37, 227, 51, 159, 202, 75, 245, 191, 118, 247, 111, 73, 124,
       68, 10, 168, 190, 100, 249, 202, 134, 4, 223, 186, 93, 245, 62,
       254, 148, 71, 251, 222, 234, 140, 40, 189, 251, 215, 244, 207,
       255, 119, 94, 175, 126, 40, 179, 181, 212, 32, 138, 122, 23, 8,
       82, 184, 96, 99, 103, 157, 52, 161, 66, 216, 197, 235, 73, 143,
       80, 204, 247, 217, 235, 111, 75, 5, 108, 142, 169, 162, 242, 196,
       90, 10, 130, 12, 86, 58, 246, 159, 110, 221, 6, 105, 247, 142,
       205, 236, 116, 117, 249, 102, 156, 79, 71, 248, 67, 224, 168, 8,
       83, 117, 89, 50, 88, 212, 108, 106, 73, 99, 249, 60, 251, 205, 37,
       60, 121, 251, 214, 34, 39, 186, 234, 110, 120, 151, 219, 248, 111,
       236, 244, 173, 122, 252, 222, 48, 159, 249, 119, 245, 206, 43,
       238, 125, 123, 31, 37, 255, 213, 166, 102, 223, 21, 207, 74, 179,
       176, 170, 111, 189, 54, 197, 207, 133, 215, 103, 139, 64, 115,
