%YAML:1.0
---
descriptors: !!opencv-matrix
   rows: 215
   cols: 32
   dt: u
   data: [ 44, 229, 120, 75, 245, 159, 254, 248, 87, 32, 125, 10, 91,
       205, 253, 48, 120, 200, 6, 122, 206, 178, 124, 253, 127, 217, 37,
       101, 119, 187, 194, 150, 25, 19, 106, 109, 50, 146, 187, 112, 100,
       76, 95, 231, 121, 223, 182, 228, 54, 61, 151, 236, 133, 177, 37,
       221, 98, 237, 170, 129, 111, 166, 45, 245, 46, 176, 240, 107, 245,
       221, 216, 221, 91, 125, 117, 29, 11, 95, 94, 156, 159, 155, 151,
       149, 158, 50, 121, 209, 95, 221, 20, 239, 255, 132, 206, 215, 45,
       197, 101, 75, 222, 159, 239, 252, 77, 64, 93, 2, 89, 72, 191, 164,
       120, 72, 18, 239, 230, 178, 124, 255, 102, 28, 135, 68, 119, 191,
       244, 228, 175, 205, 99, 139, 222, 243, 238, 236, 93, 64, 221, 199,
       249, 92, 191, 228, 122, 194, 31, 239, 229, 179, 109, 255, 54, 46,
       175, 132, 53, 127, 249, 212, 3, 142, 2, 159, 19, 162, 58, 99, 30,
       67, 74, 215, 236, 226, 36, 192, 215, 43, 139, 148, 55, 140, 75,
       255, 36, 54, 154, 195, 152, 6, 41, 154, 90, 185, 186, 186, 155,
       221, 17, 207, 171, 29, 164, 9, 174, 222, 98, 218, 161, 187, 239,
       16, 30, 75, 186, 241, 219, 213, 31, 123, 146, 4, 175, 74, 130,
       223, 63, 190, 46, 197, 191, 244, 158, 91, 148, 255, 188, 222, 170,
       99, 239, 115, 255, 199, 231, 15, 42, 245, 243, 83, 254, 186, 28,
       28, 181, 251, 145, 219, 127, 251, 182, 138, 109, 183, 126, 89, 86,
       246, 245, 79, 176, 97, 119, 174, 62, 140, 243, 252, 103, 189, 236,
       235, 246, 192, 60, 136, 241, 121, 161, 245, 97, 71, 244, 207, 239,
       119, 117, 237, 125, 78, 114, 53, 148, 52, 124, 174, 22, 108, 249,
       186, 117, 79, 127, 30, 164, 192, 111, 138, 242, 249, 75, 189, 191,
       254, 211, 204, 55, 247, 189, 192, 174, 4, 188, 255, 34, 113, 167,
       115, 219, 67, 115, 201, 186, 239, 251, 255, 78, 10, 10, 114, 163,
       123, 155, 74, 235, 251, 70, 137, 249, 222, 127, 81, 86, 242, 61,
       143, 177, 105, 127, 171, 23, 221, 163, 252, 47, 241, 214, 207,
       250, 128, 183, 137, 49, 248, 37, 223, 97, 73, 244, 135, 239, 252,
       84, 232, 252, 230, 80, 84, 189, 36, 126, 216, 22, 238, 225, 178,
       109, 95, 60, 12, 165, 164, 125, 186, 240, 181, 216, 157, 190, 252,
       147, 228, 181, 231, 252, 19, 110, 18, 60, 191, 36, 98, 227, 115,
       187, 128, 114, 137, 50, 231, 243, 175, 94, 67, 144, 80, 165, 106,
       33, 75, 99, 79, 116, 131, 239, 244, 68, 64, 122, 66, 115, 64, 181,
       164, 120, 104, 6, 106, 193, 176, 36, 109, 36, 44, 34, 0, 127, 187,
       112, 172, 61, 29, 111, 236, 22, 226, 203, 112, 196, 64, 223, 226,
       83, 151, 176, 97, 126, 176, 31, 234, 201, 179, 36, 140, 242, 233,
       162, 128, 63, 171, 112, 176, 124, 249, 41, 170, 28, 193, 87, 236,
       6, 68, 217, 139, 119, 221, 104, 0, 216, 217, 31, 99, 74, 35, 88,
       189, 249, 197, 173, 125, 117, 27, 20, 122, 74, 189, 62, 219, 155,
       252, 176, 71, 175, 29, 46, 21, 172, 159, 38, 214, 167, 51, 251,
       16, 22, 201, 146, 245, 255, 247, 30, 67, 146, 4, 143, 91, 104,
       169, 59, 236, 61, 221, 95, 55, 111, 108, 126, 8, 191, 189, 18,
       112, 200, 238, 253, 64, 204, 58, 226, 189, 247, 253, 48, 185, 66,
       142, 214, 107, 2, 184, 169, 129, 85, 245, 187, 206, 30, 97, 88, 3,
       172, 156, 86, 12, 189, 27, 147, 145, 147, 56, 176, 243, 13, 84,
       154, 103, 213, 15, 23, 254, 45, 121, 97, 105, 117, 223, 123, 120,
       71, 232, 124, 15, 123, 93, 19, 176, 94, 248, 151, 238, 205, 178,
       121, 188, 127, 205, 165, 160, 127, 191, 118, 242, 234, 246, 220,
       218, 255, 57, 56, 223, 143, 95, 28, 255, 12, 110, 238, 159, 239,
       147, 159, 16, 183, 75, 111, 193, 30, 19, 223, 239, 159, 204, 157,
       93, 159, 214, 230, 119, 229, 114, 122, 176, 241, 255, 87, 246, 73,
       125, 159, 239, 119, 228, 253, 255, 172, 244, 173, 142, 78, 235,
       231, 197, 167, 247, 124, 113, 3, 180, 190, 218, 251, 181, 184, 91,
       191, 91, 85, 86, 172, 222, 110, 108, 167, 27, 251, 149, 183, 75,
       186, 211, 27, 94, 26, 203, 152, 68, 171, 151, 94, 22, 214, 231,
       35, 62, 122, 16, 173, 174, 187, 231, 79, 111, 137, 218, 182, 245,
       237, 162, 140, 209, 137, 200, 210, 247, 107, 135, 239, 247, 45,
       19, 205, 98, 208, 209, 182, 27, 106, 144, 127, 250, 118, 230, 223,
       67, 217, 253, 119, 76, 94, 254, 163, 244, 77, 226, 142, 219, 39,
       196, 174, 177, 11, 181, 162, 253, 118, 94, 123, 213, 158, 236,
       143, 92, 156, 169, 108, 220, 63, 165, 159, 115, 215, 99, 230, 107,
       58, 253, 59, 24, 13, 251, 87, 159, 31, 255, 89, 97, 18, 172, 49,
       30, 106, 104, 109, 128, 108, 0, 207, 195, 35, 244, 114, 76, 136,
       110, 77, 147, 144, 204, 146, 253, 3, 13, 58, 167, 43, 4, 106, 92,
       112, 244, 127, 156, 222, 182, 169, 200, 190, 171, 172, 189, 21,
       134, 174, 247, 255, 199, 196, 171, 212, 237, 55, 124, 142, 155,
       39, 245, 95, 95, 63, 125, 116, 100, 63, 119, 95, 242, 65, 236,
       190, 171, 91, 61, 151, 183, 14, 245, 213, 239, 172, 178, 101, 174,
       115, 219, 229, 151, 103, 247, 94, 117, 27, 159, 107, 188, 146,
       162, 63, 119, 189, 69, 90, 231, 61, 174, 178, 64, 102, 187, 159,
       133, 247, 153, 4, 255, 242, 103, 186, 192, 61, 212, 165, 93, 131,
       186, 159, 190, 48, 204, 53, 144, 191, 95, 87, 245, 252, 254, 138,
       3, 135, 123, 253, 69, 247, 192, 170, 225, 134, 243, 122, 138, 12,
       231, 141, 117, 191, 179, 105, 71, 98, 86, 191, 120, 49, 238, 215,
       247, 88, 124, 222, 174, 124, 220, 245, 239, 205, 86, 253, 131, 86,
       111, 173, 134, 111, 247, 254, 245, 89, 189, 154, 250, 249, 221,
       82, 215, 235, 89, 188, 12, 190, 223, 98, 178, 165, 251, 220, 80,
       31, 107, 186, 181, 251, 221, 20, 123, 90, 6, 139, 75, 61, 91, 83,
       234, 126, 135, 95, 248, 205, 200, 253, 110, 123, 217, 189, 112,
       254, 240, 22, 235, 201, 35, 40, 220, 115, 221, 165, 186, 127, 187,
       114, 177, 31, 222, 61, 152, 106, 247, 155, 153, 31, 124, 21, 247,
       92, 190, 199, 237, 167, 21, 191, 53, 167, 80, 59, 212, 126, 19,
       239, 254, 158, 246, 13, 117, 158, 145, 115, 243, 247, 254, 250,
       177, 221, 93, 119, 147, 201, 255, 188, 229, 255, 155, 151, 239,
       188, 184, 52, 231, 79, 255, 170, 199, 119, 207, 244, 215, 46, 116,
       242, 234, 255, 114, 218, 220, 219, 73, 125, 163, 77, 223, 255, 44,
       223, 217, 151, 191, 134, 35, 60, 200, 123, 221, 142, 239, 215,
       255, 125, 215, 139, 156, 179, 219, 51, 252, 185, 19, 63, 91, 83,
       116, 188, 190, 4, 237, 135, 59, 191, 17, 179, 220, 51, 215, 7,
       126, 58, 194, 138, 64, 5, 255, 218, 18, 126, 186, 59, 249, 16, 96,
       191, 95, 151, 191, 110, 206, 142, 91, 167, 161, 237, 129, 190, 77,
       46, 245, 210, 115, 122, 251, 183, 5, 47, 87, 11, 94, 126, 191,
       119, 215, 255, 114, 223, 76, 92, 39, 45, 222, 55, 68, 238, 57,
       151, 199, 198, 187, 50, 255, 103, 223, 170, 139, 63, 159, 125,
       223, 250, 249, 171, 186, 11, 209, 31, 196, 131, 85, 148, 171, 47,
       223, 98, 16, 232, 251, 253, 209, 30, 75, 186, 177, 251, 209, 140,
       251, 55, 31, 182, 90, 25, 221, 110, 233, 54, 211, 233, 183, 68,
       69, 94, 162, 123, 45, 182, 96, 126, 146, 21, 232, 216, 184, 37,
       157, 227, 239, 166, 192, 53, 136, 244, 121, 187, 22, 102, 100, 35,
       250, 93, 113, 241, 236, 191, 167, 75, 76, 191, 255, 62, 164, 205,
       174, 253, 225, 52, 142, 210, 255, 97, 215, 111, 231, 108, 87, 57,
       223, 123, 234, 126, 147, 79, 248, 85, 72, 252, 238, 123, 201, 189,
       48, 126, 232, 22, 110, 203, 171, 44, 255, 114, 205, 165, 184, 127,
       187, 114, 249, 57, 69, 70, 77, 85, 31, 230, 121, 69, 96, 250, 70,
       83, 24, 181, 229, 120, 204, 22, 111, 205, 179, 85, 140, 54, 104,
       160, 128, 127, 190, 120, 132, 191, 205, 99, 136, 221, 23, 238,
       254, 85, 66, 220, 195, 104, 236, 191, 228, 121, 202, 159, 239,
       237, 163, 125, 255, 52, 126, 143, 158, 55, 255, 248, 212, 130,
       156, 59, 219, 179, 228, 185, 19, 191, 95, 94, 16, 188, 191, 36,
