%YAML:1.0
---
descriptors: !!opencv-matrix
   rows: 325
   cols: 32
   dt: u
   data: [ 43, 195, 99, 73, 116, 151, 170, 121, 77, 232, 120, 230, 104,
       76, 180, 164, 126, 168, 150, 255, 199, 184, 44, 221, 46, 8, 167,
       228, 127, 142, 120, 189, 1, 157, 255, 221, 150, 167, 165, 119, 92,
       67, 90, 18, 116, 120, 52, 96, 255, 59, 18, 185, 179, 184, 49, 223,
       109, 46, 62, 0, 213, 88, 241, 235, 11, 159, 18, 184, 181, 156,
       188, 55, 191, 89, 24, 85, 173, 138, 114, 196, 231, 43, 159, 21,
       214, 8, 18, 247, 170, 221, 190, 202, 158, 4, 169, 95, 179, 91,
       103, 220, 68, 150, 238, 246, 229, 192, 218, 66, 33, 156, 181, 228,
       108, 253, 58, 203, 205, 187, 52, 237, 177, 56, 138, 2, 37, 185,
       116, 236, 147, 93, 99, 222, 71, 198, 239, 116, 237, 68, 222, 194,
       57, 222, 53, 101, 110, 249, 19, 207, 201, 155, 52, 237, 49, 104,
       138, 0, 55, 182, 117, 252, 194, 240, 158, 156, 9, 205, 53, 71,
       190, 191, 128, 25, 172, 211, 66, 91, 129, 51, 233, 16, 98, 79,
       146, 83, 217, 146, 95, 123, 0, 0, 135, 75, 45, 100, 248, 235, 77,
       109, 249, 88, 23, 51, 245, 27, 19, 125, 121, 47, 89, 152, 19, 184,
       10, 118, 122, 144, 87, 159, 209, 45, 247, 219, 82, 130, 214, 144,
       181, 191, 169, 108, 16, 11, 175, 63, 131, 113, 206, 119, 8, 95,
       131, 87, 253, 17, 52, 69, 203, 210, 137, 242, 127, 215, 130, 101,
       5, 115, 0, 156, 90, 251, 82, 166, 187, 115, 60, 65, 111, 150, 189,
       43, 32, 64, 55, 59, 2, 152, 179, 184, 17, 127, 79, 175, 18, 64,
       253, 128, 33, 185, 86, 150, 157, 183, 168, 106, 21, 171, 173, 179,
       131, 176, 199, 118, 136, 127, 135, 87, 109, 35, 113, 197, 75, 71,
       200, 178, 127, 150, 132, 97, 133, 23, 236, 102, 228, 79, 173, 55,
       75, 184, 23, 178, 181, 200, 219, 99, 221, 191, 95, 220, 127, 254,
       186, 102, 203, 155, 222, 250, 197, 252, 247, 255, 82, 160, 2, 141,
       58, 251, 215, 165, 178, 230, 142, 9, 74, 3, 172, 251, 32, 64, 225,
       59, 43, 17, 18, 185, 27, 255, 109, 52, 138, 67, 144, 74, 61, 138,
       128, 168, 156, 189, 29, 175, 128, 206, 158, 179, 192, 18, 247,
       226, 32, 66, 217, 111, 42, 1, 42, 252, 91, 31, 205, 167, 159, 84,
       16, 40, 25, 138, 128, 92, 63, 91, 54, 167, 187, 82, 94, 11, 118,
       18, 116, 81, 165, 108, 127, 56, 2, 28, 162, 188, 57, 127, 69, 62,
       50, 64, 209, 129, 97, 171, 61, 133, 122, 234, 214, 206, 86, 249,
       37, 5, 237, 3, 119, 125, 42, 112, 248, 138, 19, 110, 30, 171, 59,
       63, 243, 237, 0, 77, 113, 139, 228, 194, 244, 253, 188, 126, 137,
       117, 21, 237, 251, 150, 165, 24, 94, 241, 109, 27, 129, 215, 249,
       99, 120, 103, 250, 51, 251, 211, 69, 63, 80, 113, 175, 34, 213,
       148, 221, 115, 164, 110, 101, 159, 118, 243, 39, 16, 211, 49, 88,
       123, 17, 86, 112, 24, 187, 244, 249, 34, 203, 171, 117, 68, 200,
       241, 210, 56, 60, 196, 121, 232, 222, 247, 83, 218, 23, 33, 236,
       3, 91, 93, 43, 80, 121, 152, 19, 56, 26, 35, 121, 63, 123, 205, 1,
       109, 243, 219, 96, 194, 139, 210, 222, 187, 38, 209, 184, 95, 191,
       89, 87, 247, 189, 222, 250, 201, 166, 11, 63, 141, 199, 216, 7,
       241, 206, 91, 250, 194, 62, 132, 169, 221, 172, 105, 185, 120,
       201, 69, 85, 200, 83, 186, 164, 8, 23, 215, 99, 56, 217, 216, 83,
       90, 74, 103, 250, 18, 219, 221, 101, 61, 210, 121, 102, 226, 147,
       242, 111, 177, 38, 19, 188, 247, 63, 127, 82, 247, 13, 142, 190,
       201, 111, 143, 151, 197, 247, 220, 37, 245, 190, 67, 254, 198, 45,
       148, 189, 221, 151, 85, 103, 206, 238, 23, 239, 252, 205, 74, 89,
       198, 121, 220, 189, 229, 126, 104, 54, 239, 229, 181, 62, 255, 48,
       56, 171, 140, 95, 255, 241, 245, 108, 49, 157, 55, 169, 127, 84,
       154, 171, 253, 173, 13, 206, 119, 73, 154, 129, 87, 236, 18, 29,
       97, 219, 16, 207, 215, 85, 55, 194, 115, 135, 83, 19, 146, 198,
       133, 22, 22, 248, 120, 87, 248, 211, 231, 73, 104, 182, 203, 124,
       205, 191, 229, 141, 240, 29, 205, 158, 107, 235, 134, 47, 172,
       120, 149, 41, 93, 99, 77, 117, 223, 231, 119, 117, 200, 124, 72,
       50, 53, 180, 180, 92, 186, 18, 108, 201, 186, 112, 206, 55, 156,
       132, 0, 91, 154, 226, 188, 35, 159, 17, 139, 190, 167, 131, 255,
       15, 105, 120, 230, 166, 229, 160, 164, 95, 42, 134, 77, 147, 170,
       121, 255, 172, 20, 11, 254, 94, 138, 129, 253, 2, 168, 160, 155,
       221, 149, 178, 206, 206, 181, 8, 7, 172, 200, 126, 134, 201, 75,
       171, 21, 22, 105, 222, 243, 13, 20, 159, 127, 213, 14, 29, 206,
       81, 189, 51, 88, 115, 252, 50, 87, 255, 65, 110, 96, 190, 146,
       164, 244, 182, 59, 30, 25, 147, 185, 180, 127, 191, 124, 18, 74,
       202, 70, 43, 45, 80, 143, 219, 220, 242, 34, 110, 231, 48, 130,
       202, 224, 113, 227, 128, 113, 119, 255, 12, 170, 121, 219, 128,
       111, 184, 166, 254, 136, 32, 240, 162, 41, 213, 103, 220, 39, 170,
       14, 95, 184, 176, 190, 167, 157, 215, 103, 75, 83, 22, 197, 125,
       110, 232, 196, 217, 8, 232, 235, 109, 148, 32, 243, 3, 33, 18,
       239, 90, 146, 242, 209, 190, 230, 174, 148, 122, 227, 45, 158,
       231, 0, 47, 251, 199, 209, 198, 185, 6, 253, 58, 0, 62, 235, 69,
       152, 45, 141, 24, 89, 126, 252, 91, 211, 18, 117, 133, 4, 124, 35,
       125, 223, 32, 208, 246, 177, 151, 224, 92, 139, 18, 159, 243, 229,
       2, 75, 51, 34, 45, 211, 57, 69, 118, 238, 117, 78, 103, 117, 229,
       128, 254, 3, 115, 253, 58, 113, 248, 244, 23, 106, 72, 179, 48,
       173, 243, 233, 132, 0, 99, 186, 244, 202, 121, 241, 248, 106, 177,
       221, 86, 253, 83, 109, 252, 9, 11, 157, 238, 112, 220, 154, 132,
       120, 222, 58, 252, 159, 251, 221, 36, 127, 115, 142, 206, 71, 32,
       249, 53, 42, 125, 205, 150, 236, 202, 29, 184, 8, 142, 152, 80, 2,
       136, 81, 234, 83, 82, 43, 218, 113, 173, 48, 14, 123, 81, 26, 135,
       139, 131, 205, 6, 153, 207, 161, 60, 199, 140, 86, 74, 183, 172,
       200, 127, 196, 225, 43, 187, 199, 230, 148, 70, 243, 52, 48, 142,
       139, 28, 92, 185, 218, 194, 112, 158, 220, 9, 237, 48, 71, 191,
       179, 160, 25, 172, 191, 102, 91, 161, 51, 251, 16, 34, 79, 146,
       83, 211, 146, 90, 59, 144, 80, 143, 10, 238, 178, 38, 186, 205,
       240, 184, 231, 137, 93, 148, 191, 12, 204, 126, 15, 201, 163, 231,
       149, 22, 107, 194, 240, 91, 81, 222, 235, 215, 12, 191, 223, 129,
       141, 115, 147, 84, 153, 238, 178, 237, 82, 114, 82, 185, 216, 188,
       225, 111, 42, 30, 251, 247, 60, 46, 247, 44, 28, 34, 76, 93, 141,
       249, 133, 102, 121, 239, 204, 206, 64, 255, 235, 139, 212, 158,
       143, 80, 189, 119, 114, 108, 213, 123, 231, 148, 11, 254, 224,
       123, 44, 207, 159, 133, 251, 246, 86, 98, 128, 247, 218, 110, 201,
       176, 79, 207, 51, 242, 59, 108, 216, 108, 67, 234, 51, 251, 1, 18,
       127, 130, 209, 20, 16, 91, 171, 85, 8, 213, 143, 27, 95, 118, 254,
       54, 150, 190, 119, 189, 192, 94, 231, 125, 255, 183, 228, 102,
       247, 151, 239, 229, 153, 52, 206, 242, 111, 174, 128, 47, 246, 41,
       93, 236, 104, 252, 245, 109, 93, 212, 64, 201, 186, 181, 26, 219,
       29, 81, 27, 169, 245, 87, 35, 72, 118, 248, 192, 87, 219, 113, 53,
       69, 57, 86, 162, 125, 79, 233, 103, 180, 15, 103, 184, 117, 234,
       255, 204, 211, 113, 153, 48, 94, 198, 124, 110, 233, 176, 109, 46,
       238, 239, 37, 148, 109, 251, 210, 113, 170, 177, 48, 218, 253,
       253, 144, 111, 143, 125, 181, 27, 142, 92, 110, 173, 205, 19, 219,
       17, 158, 43, 122, 213, 31, 80, 152, 127, 210, 12, 220, 214, 59,
       221, 105, 76, 157, 87, 215, 255, 71, 232, 188, 42, 50, 61, 149,
       36, 221, 210, 255, 232, 201, 43, 123, 189, 123, 223, 165, 190, 95,
       126, 210, 123, 2, 156, 18, 250, 21, 165, 178, 67, 158, 9, 75, 3,
       172, 251, 40, 192, 241, 59, 139, 145, 18, 137, 24, 255, 185, 52,
       138, 75, 152, 74, 61, 10, 172, 120, 241, 201, 109, 111, 225, 64,
       79, 251, 245, 26, 24, 49, 117, 14, 201, 136, 19, 26, 9, 114, 123,
       144, 87, 216, 199, 60, 211, 121, 80, 162, 196, 52, 157, 181, 168,
