%YAML:1.0
---
descriptors: !!opencv-matrix
   rows: 198
   cols: 32
   dt: u
   data: [ 75, 208, 83, 204, 99, 68, 109, 189, 57, 10, 102, 192, 125, 55,
       168, 244, 118, 214, 54, 202, 65, 158, 179, 231, 55, 254, 214, 138,
       34, 182, 228, 61, 63, 244, 242, 146, 245, 150, 190, 228, 223, 207,
       253, 7, 72, 206, 126, 196, 253, 239, 151, 215, 198, 179, 24, 238,
       59, 95, 143, 239, 135, 94, 249, 223, 58, 157, 114, 250, 213, 211,
       250, 243, 21, 5, 222, 3, 105, 255, 54, 193, 248, 179, 151, 227,
       126, 187, 48, 191, 187, 255, 130, 195, 55, 143, 252, 194, 26, 254,
       234, 178, 247, 211, 255, 212, 63, 111, 92, 183, 105, 238, 255,
       160, 255, 219, 151, 199, 230, 151, 44, 255, 126, 95, 191, 165, 39,
       223, 189, 219, 29, 60, 66, 237, 114, 182, 107, 114, 116, 136, 122,
       230, 121, 98, 151, 112, 126, 237, 22, 252, 141, 144, 53, 238, 124,
       239, 171, 192, 175, 241, 99, 148, 234, 204, 102, 222, 127, 211,
       186, 234, 155, 13, 84, 171, 108, 191, 55, 132, 238, 247, 179, 145,
       162, 62, 138, 255, 53, 62, 218, 139, 151, 39, 63, 203, 171, 121,
       249, 80, 108, 157, 222, 124, 219, 232, 180, 108, 186, 220, 215,
       38, 140, 104, 87, 95, 205, 110, 250, 186, 111, 89, 37, 186, 74,
       188, 90, 253, 105, 153, 177, 100, 249, 220, 83, 191, 235, 105, 62,
       108, 190, 55, 132, 246, 134, 87, 253, 72, 147, 107, 241, 183, 127,
       253, 49, 254, 74, 132, 199, 123, 73, 20, 253, 245, 52, 110, 121,
       19, 63, 255, 190, 116, 223, 55, 145, 123, 7, 23, 125, 60, 169,
       204, 113, 204, 207, 255, 246, 144, 134, 224, 5, 121, 175, 16, 228,
       91, 127, 255, 186, 64, 159, 204, 119, 183, 108, 220, 183, 248,
       246, 185, 191, 213, 166, 133, 47, 250, 23, 62, 154, 131, 215, 237,
       125, 87, 25, 50, 189, 245, 32, 110, 121, 19, 174, 251, 86, 116,
       157, 151, 192, 106, 167, 63, 253, 28, 147, 220, 179, 64, 207, 251,
       122, 128, 130, 192, 5, 123, 26, 185, 154, 186, 155, 209, 181, 199,
       142, 85, 140, 33, 172, 222, 98, 0, 163, 59, 203, 209, 22, 9, 178,
       241, 235, 213, 30, 123, 144, 4, 175, 218, 143, 114, 250, 219, 39,
       114, 124, 208, 93, 206, 87, 183, 140, 206, 255, 237, 126, 201,
       158, 110, 181, 197, 238, 192, 2, 89, 194, 143, 174, 191, 252, 213,
       75, 181, 108, 125, 42, 27, 253, 191, 231, 248, 92, 236, 249, 253,
       147, 39, 22, 118, 253, 110, 193, 88, 175, 157, 102, 123, 101, 172,
       54, 246, 151, 249, 254, 2, 226, 78, 37, 82, 91, 112, 225, 78, 183,
       175, 75, 204, 191, 252, 126, 225, 253, 238, 204, 167, 174, 202,
       146, 127, 224, 155, 119, 191, 108, 85, 185, 79, 108, 101, 52, 159,
       79, 53, 85, 236, 126, 204, 115, 9, 147, 112, 92, 164, 21, 110,
       232, 184, 101, 158, 102, 253, 165, 144, 127, 190, 80, 121, 139,
       156, 148, 153, 125, 247, 184, 71, 31, 123, 212, 18, 172, 190, 32,
       237, 205, 59, 187, 17, 55, 252, 115, 223, 143, 87, 26, 67, 146,
       12, 169, 159, 173, 180, 145, 91, 253, 189, 226, 218, 91, 121, 117,
       88, 152, 216, 220, 188, 157, 26, 150, 24, 183, 126, 234, 215, 15,
       92, 17, 238, 219, 133, 203, 165, 202, 84, 182, 222, 109, 116, 188,
       2, 173, 94, 215, 51, 204, 191, 54, 223, 231, 181, 255, 131, 164,
       199, 178, 194, 151, 122, 218, 139, 134, 117, 45, 87, 235, 18, 116,
       221, 102, 58, 184, 93, 93, 79, 117, 247, 72, 12, 158, 253, 126,
       157, 166, 37, 165, 246, 231, 194, 22, 123, 114, 143, 111, 204,
       125, 221, 15, 94, 125, 215, 38, 156, 254, 51, 233, 108, 63, 228,
       252, 125, 150, 131, 134, 119, 253, 102, 229, 184, 225, 254, 46,
       187, 98, 146, 110, 131, 203, 93, 211, 148, 127, 125, 182, 98, 121,
       63, 117, 75, 86, 247, 121, 63, 148, 97, 119, 23, 21, 169, 183,
       220, 53, 223, 111, 239, 186, 192, 175, 128, 245, 123, 31, 149, 7,
       136, 151, 22, 174, 251, 93, 72, 94, 230, 104, 244, 191, 228, 119,
       74, 154, 189, 231, 145, 63, 223, 56, 126, 143, 198, 31, 246, 57,
       253, 52, 52, 170, 161, 182, 111, 187, 75, 14, 237, 121, 131, 149,
       60, 123, 0, 255, 31, 23, 181, 146, 176, 93, 16, 201, 205, 171,
       228, 245, 107, 213, 211, 104, 113, 121, 77, 116, 79, 103, 124, 96,
       168, 252, 8, 115, 85, 144, 48, 120, 252, 87, 106, 201, 178, 241,
       44, 119, 141, 37, 56, 115, 186, 86, 169, 207, 115, 121, 7, 226,
       120, 191, 188, 43, 248, 29, 229, 253, 126, 223, 46, 23, 95, 213,
       127, 133, 16, 237, 222, 46, 89, 47, 246, 94, 183, 15, 245, 218,
       237, 23, 252, 91, 192, 53, 231, 189, 7, 232, 56, 44, 183, 32, 241,
       227, 251, 235, 128, 98, 207, 162, 239, 177, 247, 94, 27, 18, 80,
       167, 170, 194, 249, 59, 186, 219, 205, 181, 197, 175, 85, 134, 33,
       188, 222, 102, 112, 166, 59, 219, 81, 87, 9, 178, 241, 251, 177,
       30, 107, 0, 16, 167, 251, 1, 82, 83, 113, 38, 204, 97, 16, 124,
       89, 114, 116, 183, 149, 128, 121, 102, 56, 102, 88, 131, 180, 119,
       1, 69, 184, 48, 66, 232, 137, 68, 241, 9, 213, 99, 255, 53, 212,
       111, 189, 87, 73, 219, 198, 249, 119, 184, 228, 95, 202, 30, 206,
       219, 152, 125, 255, 166, 254, 182, 128, 63, 222, 240, 249, 227,
       115, 41, 72, 125, 85, 201, 88, 205, 68, 244, 8, 146, 140, 182,
       244, 204, 136, 222, 232, 141, 39, 246, 212, 23, 121, 130, 63, 83,
       143, 126, 244, 106, 191, 233, 201, 246, 187, 91, 155, 11, 109, 28,
       239, 156, 47, 214, 52, 151, 159, 223, 157, 146, 26, 236, 215, 126,
       93, 173, 246, 183, 198, 215, 117, 11, 54, 247, 83, 169, 188, 185,
       23, 235, 203, 62, 229, 252, 191, 223, 174, 167, 119, 253, 21, 151,
       233, 163, 192, 15, 94, 126, 130, 206, 198, 171, 125, 25, 157, 106,
       235, 246, 215, 255, 247, 84, 69, 92, 130, 185, 255, 178, 96, 126,
       186, 23, 172, 211, 184, 52, 255, 111, 237, 170, 192, 55, 138, 245,
       249, 101, 248, 209, 87, 225, 92, 166, 204, 123, 234, 96, 104, 58,
       214, 205, 182, 187, 92, 64, 74, 71, 118, 184, 98, 39, 252, 21, 46,
       75, 114, 202, 157, 89, 185, 114, 97, 53, 157, 83, 246, 45, 77,
       254, 41, 191, 159, 130, 52, 166, 59, 221, 64, 206, 185, 177, 173,
       235, 221, 38, 195, 66, 132, 203, 75, 113, 63, 121, 69, 58, 79, 79,
       63, 88, 236, 62, 108, 119, 51, 208, 54, 55, 230, 92, 44, 241, 120,
       245, 14, 252, 142, 37, 180, 109, 234, 67, 121, 250, 16, 242, 229,
       101, 126, 120, 90, 57, 238, 246, 187, 143, 31, 23, 254, 254, 149,
       255, 165, 172, 246, 241, 202, 215, 253, 219, 135, 39, 228, 111,
       87, 48, 42, 110, 249, 92, 201, 113, 83, 231, 189, 240, 123, 35,
       153, 96, 27, 232, 184, 103, 144, 26, 250, 194, 4, 95, 193, 176,
       233, 225, 8, 118, 139, 33, 143, 125, 101, 180, 46, 111, 55, 116,
       170, 126, 68, 243, 33, 144, 112, 19, 238, 108, 44, 249, 184, 101,
       47, 236, 255, 36, 0, 108, 192, 194, 41, 154, 185, 58, 186, 155,
       213, 21, 199, 191, 85, 140, 21, 174, 223, 98, 64, 165, 59, 203,
       209, 90, 9, 178, 243, 251, 213, 30, 123, 18, 20, 165, 122, 56, 96,
       83, 105, 80, 203, 99, 80, 37, 36, 234, 8, 51, 151, 160, 116, 120,
       188, 78, 232, 10, 179, 49, 77, 213, 172, 34, 0, 99, 130, 102, 232,
       170, 170, 234, 154, 223, 241, 184, 199, 223, 87, 84, 187, 168,
       140, 118, 136, 235, 43, 131, 149, 182, 126, 46, 243, 95, 87, 158,
       235, 215, 76, 191, 222, 46, 252, 242, 154, 245, 215, 190, 225, 95,
       206, 253, 3, 72, 254, 62, 228, 255, 249, 151, 163, 198, 179, 40,
       255, 63, 127, 143, 203, 7, 126, 252, 215, 41, 216, 63, 90, 105,
       220, 215, 246, 233, 74, 124, 108, 186, 92, 135, 181, 204, 112,
       214, 74, 207, 190, 114, 253, 103, 251, 112, 130, 90, 23, 74, 255,
       127, 119, 114, 236, 238, 91, 223, 248, 73, 236, 188, 239, 91, 93,
       159, 180, 254, 213, 215, 239, 204, 35, 236, 200, 242, 217, 165,
       191, 119, 191, 110, 245, 33, 252, 233, 99, 244, 79, 111, 247, 115,
       107, 124, 238, 115, 53, 152, 48, 127, 222, 22, 124, 251, 186, 125,
       63, 126, 143, 165, 196, 237, 154, 210, 249, 171, 155, 109, 95,
       235, 84, 189, 49, 248, 94, 117, 247, 89, 60, 150, 103, 38, 22,
