%YAML:1.0
---
descriptors: !!opencv-matrix
   rows: 240
   cols: 32
   dt: u
   data: [ 83, 156, 63, 180, 38, 198, 189, 119, 173, 74, 210, 231, 252,
       191, 36, 107, 167, 119, 63, 129, 241, 141, 19, 237, 209, 50, 90,
       130, 12, 32, 161, 91, 8, 150, 120, 233, 246, 251, 121, 63, 95, 13,
       127, 51, 141, 43, 42, 64, 243, 26, 135, 24, 50, 184, 65, 223, 239,
       255, 50, 69, 178, 202, 237, 139, 49, 166, 227, 217, 212, 187, 233,
       95, 86, 233, 252, 206, 17, 136, 244, 32, 123, 170, 22, 189, 187,
       250, 101, 222, 62, 207, 183, 228, 253, 200, 242, 165, 44, 121,
       114, 229, 183, 223, 126, 244, 109, 236, 126, 45, 223, 159, 163,
       144, 182, 253, 221, 106, 196, 177, 56, 168, 231, 253, 37, 151, 98,
       190, 79, 251, 33, 32, 241, 209, 228, 172, 237, 87, 123, 43, 125,
       254, 187, 185, 220, 60, 127, 191, 23, 156, 147, 250, 230, 192, 94,
       254, 50, 232, 207, 200, 210, 169, 15, 182, 66, 129, 210, 63, 184,
       123, 58, 121, 91, 255, 141, 172, 222, 164, 63, 15, 211, 181, 151,
       216, 181, 199, 28, 6, 63, 228, 141, 12, 155, 213, 18, 93, 102,
       204, 125, 210, 234, 112, 213, 192, 222, 130, 104, 220, 181, 228,
       126, 237, 191, 239, 137, 147, 183, 206, 55, 126, 138, 139, 39,
       175, 116, 229, 83, 133, 159, 236, 158, 6, 79, 123, 150, 136, 202,
       70, 117, 227, 49, 66, 117, 229, 63, 168, 105, 129, 19, 221, 249,
       239, 175, 132, 56, 226, 49, 40, 211, 123, 210, 70, 67, 16, 122,
       64, 233, 128, 227, 100, 104, 210, 197, 246, 246, 253, 236, 194,
       77, 215, 132, 200, 146, 248, 66, 11, 43, 35, 42, 7, 31, 18, 244,
       117, 163, 62, 124, 23, 121, 255, 126, 181, 207, 46, 138, 254, 167,
       215, 253, 60, 180, 220, 101, 128, 206, 255, 116, 199, 230, 244,
       143, 117, 38, 121, 226, 150, 251, 217, 150, 196, 139, 228, 176,
       173, 44, 236, 71, 154, 136, 249, 211, 83, 6, 75, 218, 232, 63, 20,
       13, 187, 197, 127, 30, 222, 175, 182, 38, 26, 111, 189, 176, 216,
       159, 95, 117, 191, 168, 220, 254, 141, 173, 27, 215, 23, 182, 103,
       170, 245, 15, 83, 120, 255, 199, 13, 95, 215, 223, 118, 102, 111,
       39, 114, 122, 120, 117, 206, 215, 183, 75, 79, 159, 245, 118, 204,
       157, 239, 236, 215, 101, 142, 210, 235, 226, 129, 39, 231, 124,
       119, 58, 84, 224, 229, 119, 86, 254, 89, 125, 238, 126, 6, 75, 45,
       150, 228, 126, 220, 183, 233, 137, 190, 245, 202, 55, 255, 135,
       135, 231, 254, 244, 215, 127, 216, 104, 236, 109, 30, 222, 184, 1,
       106, 180, 15, 91, 29, 23, 178, 220, 196, 221, 239, 205, 39, 249,
       153, 243, 253, 225, 189, 95, 191, 90, 87, 49, 31, 107, 236, 54,
       163, 203, 114, 4, 72, 222, 230, 51, 69, 177, 96, 126, 184, 31,
       238, 137, 163, 101, 189, 240, 173, 162, 128, 61, 139, 112, 241,
       10, 133, 22, 188, 85, 130, 52, 103, 157, 7, 66, 19, 44, 170, 36,
       193, 232, 179, 131, 129, 124, 154, 2, 221, 55, 242, 218, 67, 17,
       4, 236, 142, 9, 132, 23, 185, 53, 172, 121, 39, 188, 91, 74, 16,
       188, 167, 32, 73, 165, 43, 59, 28, 51, 220, 18, 215, 205, 247, 90,
       66, 154, 72, 161, 187, 231, 144, 230, 30, 115, 223, 186, 104, 255,
       109, 119, 191, 104, 236, 191, 248, 255, 165, 247, 245, 182, 147,
       45, 223, 63, 126, 31, 131, 215, 198, 111, 215, 134, 173, 146, 159,
       229, 246, 190, 230, 30, 138, 88, 19, 172, 250, 100, 225, 249, 107,
       179, 131, 116, 250, 138, 226, 45, 16, 207, 11, 4, 124, 189, 135,
       131, 156, 159, 184, 113, 229, 177, 67, 190, 91, 64, 17, 188, 218,
       32, 105, 229, 59, 19, 17, 51, 124, 18, 247, 205, 151, 26, 106,
       144, 0, 161, 139, 64, 178, 106, 121, 104, 129, 56, 24, 230, 29,
       87, 229, 177, 131, 192, 74, 70, 56, 127, 144, 134, 24, 199, 17,
       70, 233, 186, 201, 28, 128, 53, 155, 62, 151, 114, 208, 247, 127,
       149, 115, 25, 111, 189, 175, 14, 61, 166, 173, 255, 155, 151, 37,
       149, 59, 48, 212, 83, 95, 112, 255, 247, 236, 220, 247, 138, 30,
       166, 156, 49, 180, 56, 66, 157, 78, 94, 179, 44, 238, 183, 205,
       230, 59, 183, 133, 164, 157, 6, 239, 2, 118, 218, 139, 150, 85,
       45, 95, 45, 51, 97, 225, 244, 15, 234, 16, 44, 232, 91, 254, 145,
       13, 208, 164, 62, 140, 23, 127, 145, 176, 197, 196, 108, 89, 171,
       228, 78, 143, 219, 177, 239, 23, 110, 158, 110, 209, 185, 120,
       201, 220, 245, 255, 104, 220, 183, 39, 206, 177, 215, 103, 164,
       103, 102, 204, 86, 89, 234, 139, 127, 174, 126, 215, 36, 251, 105,
       74, 86, 195, 239, 248, 68, 64, 124, 230, 115, 197, 184, 32, 94,
       248, 23, 234, 203, 178, 124, 63, 118, 13, 165, 172, 125, 155, 118,
       185, 14, 187, 24, 184, 251, 229, 178, 200, 158, 61, 52, 41, 140,
       223, 99, 8, 141, 89, 179, 81, 18, 106, 74, 245, 93, 213, 15, 239,
       208, 29, 175, 147, 54, 155, 190, 250, 253, 201, 83, 203, 143, 29,
       188, 43, 102, 255, 46, 80, 217, 155, 111, 81, 26, 43, 106, 245,
       249, 212, 5, 127, 208, 74, 164, 107, 73, 185, 51, 250, 97, 220,
       125, 247, 175, 73, 126, 64, 191, 159, 96, 244, 166, 59, 183, 65,
       195, 152, 178, 241, 215, 253, 62, 170, 2, 4, 135, 43, 41, 245,
       123, 105, 116, 143, 123, 247, 113, 41, 124, 108, 19, 157, 180, 48,
       94, 188, 22, 40, 217, 186, 112, 31, 127, 141, 33, 228, 107, 138,
       194, 177, 11, 157, 123, 235, 178, 183, 59, 247, 30, 69, 94, 167,
       189, 255, 178, 96, 119, 59, 151, 157, 151, 152, 53, 255, 238, 95,
       186, 192, 182, 142, 173, 249, 45, 124, 233, 69, 52, 111, 75, 152,
       119, 238, 254, 12, 243, 53, 147, 56, 31, 220, 94, 58, 169, 240,
       253, 10, 199, 207, 37, 148, 239, 251, 86, 249, 26, 142, 246, 254,
       83, 240, 186, 226, 183, 23, 222, 179, 109, 239, 165, 205, 103,
       251, 175, 144, 38, 221, 14, 255, 90, 231, 218, 195, 167, 245, 45,
       223, 254, 52, 102, 230, 39, 114, 218, 104, 121, 238, 183, 179, 74,
       30, 87, 159, 191, 213, 253, 163, 236, 247, 173, 206, 147, 123,
       203, 151, 103, 231, 126, 87, 54, 69, 242, 196, 119, 114, 255, 72,
       93, 236, 255, 162, 74, 252, 63, 100, 254, 221, 159, 163, 140, 179,
       41, 206, 63, 62, 135, 151, 103, 190, 116, 247, 98, 245, 180, 248,
       239, 85, 156, 207, 155, 127, 184, 59, 140, 190, 126, 14, 207, 91,
       247, 17, 150, 75, 242, 224, 59, 94, 94, 255, 214, 92, 175, 223,
       13, 56, 249, 101, 100, 110, 233, 18, 104, 232, 126, 68, 251, 61,
       145, 62, 22, 108, 118, 78, 129, 240, 245, 8, 196, 253, 98, 128,
       206, 235, 83, 249, 42, 96, 98, 28, 127, 209, 218, 72, 207, 68,
       181, 143, 104, 204, 55, 180, 218, 161, 211, 101, 134, 39, 182,
       221, 83, 93, 1, 187, 87, 142, 126, 222, 88, 158, 209, 181, 52,
       138, 65, 51, 48, 233, 242, 252, 127, 121, 128, 144, 182, 231, 165,
       161, 185, 248, 65, 15, 232, 231, 249, 192, 111, 160, 82, 25, 27,
       158, 127, 109, 246, 34, 127, 247, 101, 74, 94, 231, 89, 63, 148,
       96, 55, 183, 23, 173, 177, 152, 37, 223, 126, 239, 174, 196, 175,
       226, 181, 249, 57, 143, 111, 237, 182, 11, 239, 117, 100, 224, 94,
       230, 81, 175, 176, 97, 126, 236, 55, 239, 249, 184, 101, 191, 244,
       237, 163, 128, 61, 186, 240, 249, 32, 165, 113, 77, 214, 107, 99,
       121, 115, 161, 123, 72, 83, 113, 140, 52, 56, 156, 70, 40, 25,
       178, 109, 29, 61, 174, 33, 68, 227, 170, 198, 160, 120, 241, 186,
       250, 169, 221, 85, 207, 163, 29, 172, 9, 63, 223, 74, 146, 129,
       187, 221, 16, 30, 43, 186, 49, 251, 221, 20, 123, 242, 66, 142,
       75, 37, 249, 251, 94, 229, 141, 231, 198, 122, 233, 96, 76, 48,
       240, 117, 56, 169, 106, 34, 94, 147, 122, 186, 113, 61, 28, 21,
       42, 216, 57, 210, 175, 38, 178, 112, 144, 122, 201, 152, 200, 159,
       61, 144, 251, 12, 206, 238, 8, 191, 25, 231, 17, 18, 71, 130, 212,
       28, 22, 57, 255, 213, 13, 7, 211, 116, 172, 208, 103, 82, 170, 66,
       51, 50, 160, 235, 201, 87, 99, 0, 80, 49, 252, 109, 42, 24, 146,
       201, 14, 253, 166, 37, 116, 224, 226, 70, 34, 7, 95, 65, 135, 162,
       26, 63, 184, 41, 234, 91, 229, 221, 102, 159, 231, 22, 77, 21,
