%YAML:1.0
---
descriptors: !!opencv-matrix
   rows: 146
   cols: 32
   dt: u
   data: [ 105, 221, 198, 149, 133, 94, 228, 183, 241, 211, 126, 134,
       107, 120, 150, 167, 41, 230, 240, 12, 245, 248, 55, 175, 46, 127,
       84, 3, 239, 252, 248, 220, 104, 105, 121, 101, 116, 78, 111, 61,
       96, 168, 126, 72, 243, 19, 145, 48, 22, 236, 68, 104, 201, 184,
       241, 12, 231, 233, 37, 0, 104, 186, 66, 41, 0, 141, 12, 235, 157,
       166, 66, 171, 198, 25, 218, 2, 192, 50, 48, 64, 201, 2, 42, 137,
       90, 9, 75, 247, 173, 180, 138, 69, 16, 10, 252, 2, 49, 21, 115,
       77, 116, 95, 162, 120, 84, 104, 250, 102, 82, 28, 180, 164, 92,
       156, 22, 105, 205, 178, 117, 29, 54, 44, 33, 6, 93, 170, 120, 181,
       60, 109, 89, 77, 91, 203, 215, 254, 7, 164, 252, 138, 51, 133, 5,
       148, 26, 248, 70, 110, 73, 186, 80, 60, 119, 141, 37, 56, 115,
       187, 70, 249, 163, 34, 228, 29, 94, 19, 168, 234, 86, 224, 80,
       231, 96, 232, 151, 164, 90, 108, 50, 173, 165, 246, 111, 159, 14,
       46, 203, 164, 127, 172, 120, 220, 50, 7, 122, 236, 130, 99, 94,
       103, 53, 138, 248, 186, 11, 63, 32, 81, 120, 157, 133, 162, 120,
       179, 1, 142, 243, 231, 242, 133, 113, 120, 238, 131, 137, 93, 83,
       251, 242, 239, 175, 246, 124, 128, 122, 64, 189, 19, 129, 113, 38,
       127, 6, 200, 225, 156, 53, 110, 237, 171, 126, 64, 0, 145, 35,
       169, 151, 19, 83, 158, 122, 129, 186, 120, 28, 200, 81, 247, 253,
       207, 169, 193, 126, 57, 55, 230, 227, 23, 14, 207, 180, 160, 43,
       136, 61, 175, 41, 145, 250, 182, 236, 88, 201, 244, 217, 95, 179,
       95, 180, 189, 8, 142, 214, 31, 205, 147, 245, 149, 190, 79, 246,
       211, 91, 91, 216, 255, 199, 68, 254, 215, 181, 73, 237, 65, 156,
       79, 71, 157, 70, 226, 180, 10, 83, 17, 213, 114, 89, 196, 94, 250,
       233, 118, 125, 26, 125, 142, 165, 52, 245, 248, 84, 40, 97, 173,
       101, 101, 20, 127, 101, 55, 65, 224, 126, 74, 243, 49, 144, 167,
       88, 238, 116, 40, 217, 248, 245, 14, 175, 236, 225, 0, 103, 234,
       210, 168, 98, 34, 98, 136, 104, 17, 232, 72, 63, 20, 241, 141, 8,
       134, 180, 221, 222, 157, 227, 204, 192, 23, 230, 208, 22, 48, 202,
       235, 19, 132, 38, 252, 132, 129, 158, 191, 172, 239, 113, 113,
       158, 185, 67, 19, 246, 243, 40, 64, 225, 62, 43, 25, 18, 153, 27,
       23, 205, 167, 59, 80, 16, 40, 21, 130, 62, 255, 112, 71, 123, 91,
       215, 232, 125, 228, 189, 173, 106, 125, 142, 148, 59, 244, 198,
       98, 252, 179, 109, 190, 62, 94, 5, 119, 111, 191, 206, 247, 173,
       254, 253, 87, 228, 126, 253, 191, 114, 255, 116, 244, 89, 61, 220,
       191, 15, 94, 247, 158, 243, 252, 255, 98, 110, 107, 117, 228, 207,
       244, 214, 241, 103, 190, 157, 30, 172, 253, 132, 207, 250, 123,
       176, 124, 230, 248, 215, 187, 201, 99, 108, 19, 191, 111, 254,
       115, 184, 22, 95, 58, 216, 113, 195, 77, 193, 169, 15, 85, 36, 14,
       109, 51, 249, 202, 90, 76, 183, 60, 148, 50, 132, 102, 124, 78,
       245, 248, 177, 41, 231, 186, 112, 144, 72, 232, 83, 121, 164, 173,
       85, 218, 124, 225, 115, 248, 155, 190, 61, 56, 116, 87, 169, 53,
       27, 58, 87, 42, 98, 71, 40, 127, 119, 152, 33, 188, 86, 235, 70,
       161, 170, 216, 42, 156, 77, 213, 181, 230, 159, 87, 100, 131, 172,
       220, 39, 77, 216, 123, 147, 193, 70, 62, 114, 241, 87, 113, 218,
       11, 19, 28, 117, 254, 247, 255, 226, 86, 251, 52, 223, 252, 251,
       223, 188, 189, 104, 252, 223, 182, 191, 223, 245, 215, 246, 107,
       190, 239, 59, 94, 29, 255, 207, 247, 238, 255, 35, 227, 228, 140,
       77, 145, 136, 104, 206, 244, 145, 143, 224, 200, 254, 2, 204, 233,
       251, 197, 206, 99, 207, 157, 28, 16, 139, 191, 85, 46, 121, 214,
       66, 121, 150, 158, 75, 192, 56, 72, 174, 148, 128, 163, 236, 214,
       105, 66, 230, 113, 251, 193, 2, 67, 138, 249, 153, 48, 139, 171,
       20, 38, 37, 86, 42, 142, 35, 219, 181, 247, 234, 83, 31, 1, 221,
       66, 232, 221, 180, 228, 89, 58, 147, 153, 155, 184, 72, 255, 47,
       95, 138, 194, 151, 206, 248, 161, 39, 123, 96, 10, 125, 159, 202,
       120, 79, 200, 121, 239, 104, 200, 191, 164, 30, 168, 22, 111, 135,
       162, 92, 221, 36, 28, 1, 186, 95, 175, 90, 133, 129, 7, 6, 139,
       221, 189, 236, 95, 231, 89, 219, 86, 186, 136, 54, 224, 200, 138,
       122, 221, 159, 187, 87, 245, 37, 24, 130, 72, 89, 15, 248, 140,
       123, 158, 236, 181, 30, 26, 218, 63, 127, 233, 210, 247, 107, 40,
       150, 226, 127, 215, 253, 129, 189, 249, 197, 206, 158, 111, 191,
       211, 173, 172, 88, 29, 34, 34, 106, 136, 74, 49, 170, 72, 24, 6,
       225, 139, 1, 206, 53, 24, 254, 185, 131, 163, 68, 23, 198, 210,
       21, 36, 138, 45, 85, 43, 102, 132, 16, 149, 159, 169, 182, 235,
       117, 59, 54, 33, 75, 50, 215, 211, 40, 64, 115, 30, 47, 8, 82,
       152, 1, 23, 237, 167, 51, 68, 48, 8, 161, 35, 25, 77, 19, 255,
       177, 140, 111, 182, 117, 202, 122, 64, 191, 51, 129, 228, 54, 122,
       6, 202, 193, 184, 117, 238, 165, 254, 22, 0, 106, 215, 161, 169,
       64, 159, 22, 185, 157, 133, 98, 35, 206, 13, 202, 70, 228, 227,
       32, 192, 200, 34, 42, 0, 82, 9, 83, 157, 173, 180, 138, 83, 24,
       10, 248, 2, 34, 140, 186, 216, 253, 229, 185, 207, 31, 79, 116,
       51, 60, 255, 38, 64, 251, 59, 183, 152, 54, 255, 43, 247, 79, 31,
       183, 239, 147, 72, 237, 203, 124, 121, 153, 230, 138, 109, 87,
       152, 3, 168, 141, 9, 87, 127, 73, 26, 149, 213, 125, 114, 8, 3,
       219, 48, 211, 205, 45, 60, 160, 251, 6, 51, 237, 141, 253, 103,
       148, 78, 111, 184, 117, 226, 127, 72, 243, 101, 152, 48, 89, 238,
       124, 110, 249, 176, 121, 46, 239, 255, 37, 0, 105, 251, 194, 104,
       151, 15, 67, 140, 126, 3, 234, 122, 22, 66, 209, 199, 57, 207,
       177, 193, 126, 201, 23, 238, 231, 87, 15, 221, 52, 40, 235, 172,
       61, 169, 41, 145, 245, 224, 236, 75, 140, 63, 78, 184, 67, 182,
       165, 8, 83, 104, 223, 59, 89, 196, 124, 250, 239, 102, 253, 57,
       255, 219, 197, 61, 241, 251, 90, 4, 137, 91, 50, 252, 57, 133,
       143, 214, 151, 140, 210, 199, 169, 131, 177, 68, 204, 243, 46,
       207, 200, 143, 50, 254, 240, 212, 175, 136, 23, 189, 33, 120, 56,
       223, 122, 254, 246, 135, 119, 253, 159, 12, 252, 167, 127, 237,
       34, 64, 255, 251, 135, 98, 116, 187, 56, 255, 251, 167, 39, 9,
       117, 250, 236, 219, 162, 216, 44, 216, 77, 213, 181, 239, 159, 23,
       84, 19, 172, 156, 38, 69, 201, 59, 179, 1, 70, 46, 114, 241, 103,
       81, 218, 43, 18, 28, 181, 254, 56, 251, 83, 76, 210, 194, 239,
       247, 48, 140, 250, 230, 121, 227, 164, 180, 124, 254, 38, 200,
       209, 187, 164, 111, 124, 172, 166, 200, 107, 130, 230, 184, 32,
       223, 119, 222, 252, 195, 247, 255, 221, 4, 254, 34, 112, 255, 190,
       100, 123, 250, 31, 234, 232, 187, 42, 255, 123, 190, 135, 130, 23,
       250, 244, 235, 42, 235, 96, 138, 127, 153, 250, 236, 15, 44, 220,
       235, 40, 200, 246, 132, 122, 235, 135, 199, 198, 59, 14, 253, 54,
       85, 173, 187, 119, 143, 94, 205, 126, 134, 56, 187, 173, 189, 80,
       234, 127, 63, 189, 25, 207, 237, 94, 153, 217, 139, 239, 23, 62,
       35, 107, 183, 219, 215, 83, 127, 210, 79, 95, 198, 210, 208, 190,
       252, 75, 84, 52, 71, 171, 23, 98, 49, 44, 191, 100, 90, 163, 63,
       179, 128, 80, 223, 146, 193, 211, 243, 90, 11, 0, 80, 175, 139,
       217, 125, 191, 116, 7, 204, 117, 119, 232, 194, 102, 8, 190, 149,
       0, 51, 160, 116, 120, 8, 225, 237, 178, 73, 241, 251, 86, 2, 64,
       112, 227, 107, 82, 233, 6, 142, 27, 192, 154, 200, 142, 20, 136,
       163, 236, 214, 107, 70, 230, 249, 251, 211, 66, 3, 138, 241, 185,
       48, 139, 191, 20, 6, 37, 222, 252, 181, 191, 254, 159, 232, 17,
       75, 251, 17, 165, 58, 110, 255, 108, 59, 171, 179, 233, 16, 58,
       107, 154, 211, 219, 243, 83, 127, 211, 104, 167, 34, 172, 245, 53,
       239, 239, 89, 214, 236, 207, 246, 57, 42, 206, 252, 253, 167, 203,
       74, 238, 99, 87, 113, 255, 176, 191, 217, 71, 63, 119, 127, 212,
