%YAML:1.0
---
descriptors: !!opencv-matrix
   rows: 181
   cols: 32
   dt: u
   data: [ 102, 177, 144, 154, 221, 237, 176, 205, 143, 53, 161, 24, 142,
       220, 76, 140, 137, 19, 235, 17, 18, 107, 218, 241, 157, 16, 29,
       127, 208, 8, 135, 134, 5, 166, 135, 159, 221, 31, 166, 236, 86,
       240, 242, 70, 224, 232, 253, 230, 249, 236, 106, 255, 229, 243,
       223, 220, 60, 62, 199, 28, 217, 122, 121, 132, 50, 53, 242, 163,
       213, 99, 222, 220, 81, 129, 249, 11, 107, 121, 63, 80, 248, 219,
       151, 225, 122, 179, 89, 237, 243, 252, 135, 107, 231, 223, 250,
       138, 252, 112, 113, 224, 45, 79, 83, 88, 97, 168, 177, 72, 31, 29,
       73, 59, 156, 149, 93, 114, 137, 103, 241, 128, 211, 217, 1, 62,
       99, 171, 70, 35, 162, 73, 99, 76, 83, 221, 171, 96, 173, 68, 244,
       135, 40, 140, 183, 4, 110, 161, 195, 238, 193, 167, 52, 239, 55,
       56, 2, 138, 91, 143, 103, 252, 84, 121, 155, 166, 40, 76, 87, 240,
       171, 168, 177, 76, 254, 247, 65, 82, 150, 245, 125, 98, 73, 67,
       154, 104, 209, 240, 111, 58, 72, 51, 3, 51, 186, 207, 72, 232, 83,
       211, 94, 229, 21, 44, 244, 171, 43, 31, 36, 81, 248, 249, 151,
       226, 106, 26, 72, 189, 243, 193, 142, 179, 55, 28, 126, 139, 60,
       93, 242, 228, 245, 86, 94, 248, 53, 166, 254, 3, 91, 255, 43, 208,
       248, 252, 135, 226, 108, 179, 24, 142, 243, 239, 165, 5, 99, 255,
       238, 194, 34, 141, 2, 155, 245, 193, 130, 231, 22, 5, 88, 163,
       224, 236, 178, 196, 217, 106, 131, 81, 54, 186, 74, 191, 44, 54,
       142, 203, 150, 14, 252, 206, 187, 205, 66, 254, 52, 147, 206, 246,
       149, 64, 220, 70, 121, 235, 176, 192, 122, 234, 31, 207, 235, 171,
       46, 255, 242, 239, 186, 192, 63, 136, 112, 137, 66, 34, 103, 153,
       74, 193, 185, 67, 175, 21, 210, 243, 141, 142, 196, 206, 110, 153,
       239, 145, 2, 95, 199, 209, 148, 16, 186, 235, 37, 4, 37, 255, 67,
       52, 189, 180, 172, 102, 188, 47, 251, 250, 16, 113, 132, 190, 85,
       107, 135, 23, 121, 165, 181, 73, 147, 216, 137, 18, 223, 190, 132,
       96, 5, 95, 134, 205, 178, 218, 249, 209, 190, 236, 159, 19, 217,
       147, 236, 254, 108, 96, 239, 123, 251, 195, 118, 15, 218, 247, 63,
       54, 159, 251, 20, 95, 165, 158, 58, 85, 118, 172, 253, 86, 94,
       121, 85, 132, 249, 11, 111, 254, 59, 213, 254, 253, 151, 227, 124,
       163, 16, 142, 179, 247, 135, 11, 119, 126, 252, 198, 3, 2, 236,
       153, 84, 186, 233, 19, 30, 117, 86, 247, 129, 8, 150, 72, 110,
       140, 63, 157, 150, 252, 231, 209, 76, 42, 250, 192, 189, 140, 121,
       220, 70, 173, 150, 155, 221, 225, 180, 207, 158, 55, 107, 19, 172,
       250, 108, 72, 225, 123, 234, 17, 54, 90, 219, 247, 13, 22, 95,
       107, 144, 72, 165, 142, 129, 191, 124, 79, 166, 10, 231, 180, 120,
       10, 127, 230, 214, 49, 148, 35, 54, 102, 92, 106, 241, 248, 173,
       77, 102, 171, 98, 128, 76, 234, 241, 177, 137, 28, 127, 69, 36,
       110, 105, 55, 125, 206, 118, 4, 187, 23, 149, 117, 6, 188, 94, 44,
       225, 188, 117, 76, 71, 249, 112, 128, 66, 136, 70, 121, 61, 197,
       78, 174, 14, 3, 79, 248, 196, 64, 220, 6, 83, 193, 187, 65, 120,
       192, 28, 238, 77, 35, 31, 61, 242, 233, 165, 28, 61, 187, 120, 0,
       105, 79, 109, 37, 164, 11, 207, 191, 69, 238, 190, 236, 211, 41,
       151, 50, 94, 230, 125, 111, 201, 250, 229, 14, 246, 127, 229, 144,
       111, 250, 210, 105, 61, 135, 76, 235, 252, 51, 74, 216, 23, 122,
       189, 207, 83, 97, 251, 217, 95, 200, 46, 238, 175, 98, 79, 191,
       250, 207, 229, 252, 189, 251, 88, 1, 113, 40, 173, 181, 8, 109,
       89, 10, 162, 245, 128, 13, 183, 172, 82, 51, 129, 101, 121, 21,
       141, 75, 251, 8, 201, 193, 253, 60, 136, 96, 18, 82, 162, 184,
       171, 154, 207, 241, 176, 199, 159, 87, 80, 187, 172, 156, 118,
       136, 201, 59, 179, 145, 54, 111, 58, 243, 31, 87, 154, 235, 213,
       77, 189, 254, 137, 4, 123, 229, 116, 46, 239, 51, 108, 130, 126,
       82, 185, 171, 176, 96, 55, 40, 23, 172, 177, 184, 20, 78, 103,
       141, 162, 132, 60, 224, 81, 168, 131, 183, 185, 251, 252, 237,
       185, 223, 159, 89, 84, 116, 189, 239, 248, 105, 207, 27, 127, 153,
       179, 122, 234, 211, 206, 217, 190, 232, 156, 200, 165, 249, 6,
       129, 50, 155, 245, 151, 186, 105, 31, 5, 89, 3, 236, 206, 60, 192,
       248, 57, 179, 211, 22, 178, 10, 245, 15, 52, 139, 71, 20, 47, 181,
       198, 60, 13, 30, 191, 148, 231, 87, 251, 20, 134, 254, 3, 119,
       247, 43, 64, 89, 186, 31, 42, 104, 145, 89, 63, 241, 231, 167, 0,
       48, 250, 164, 226, 10, 223, 181, 255, 252, 209, 189, 247, 31, 89,
       94, 118, 188, 239, 178, 68, 255, 59, 191, 141, 243, 216, 99, 247,
       238, 255, 254, 192, 22, 140, 181, 249, 89, 223, 19, 111, 176, 142,
       87, 180, 108, 136, 250, 100, 255, 115, 128, 112, 150, 119, 76,
       106, 201, 168, 89, 61, 225, 253, 37, 144, 106, 178, 131, 57, 98,
       189, 156, 190, 157, 205, 84, 239, 203, 125, 168, 9, 182, 248, 70,
       18, 137, 243, 106, 17, 110, 107, 218, 119, 185, 213, 29, 123, 88,
       24, 135, 90, 9, 20, 127, 85, 100, 254, 105, 51, 125, 79, 126, 16,
       191, 23, 150, 125, 6, 54, 126, 8, 177, 188, 49, 77, 71, 251, 114,
       128, 66, 128, 71, 121, 8, 188, 188, 181, 131, 254, 180, 55, 22,
       239, 78, 1, 181, 63, 66, 10, 197, 63, 179, 129, 80, 216, 241, 14,
       111, 231, 254, 129, 128, 72, 141, 219, 62, 88, 242, 246, 245, 151,
       126, 226, 61, 140, 250, 11, 11, 254, 117, 208, 255, 233, 151, 195,
       72, 187, 128, 234, 191, 254, 143, 139, 229, 239, 118, 199, 54,
       235, 130, 174, 251, 193, 31, 200, 23, 132, 249, 171, 108, 231,
       107, 80, 251, 251, 163, 211, 74, 19, 138, 251, 248, 132, 143, 171,
       49, 54, 38, 194, 53, 71, 66, 7, 244, 15, 238, 116, 117, 168, 250,
       198, 83, 40, 151, 196, 124, 236, 22, 111, 237, 176, 69, 14, 52,
       46, 165, 128, 109, 190, 88, 141, 134, 236, 23, 154, 221, 193, 190,
       238, 159, 19, 136, 19, 236, 250, 108, 196, 233, 123, 235, 211,
       118, 79, 154, 247, 189, 22, 159, 123, 144, 93, 165, 142, 40, 172,
       251, 117, 244, 234, 103, 55, 113, 143, 126, 16, 179, 33, 128, 48,
       91, 254, 6, 8, 56, 188, 113, 47, 111, 175, 52, 64, 225, 192, 198,
       168, 35, 52, 106, 73, 116, 191, 177, 91, 92, 197, 126, 134, 16,
       156, 183, 40, 252, 40, 18, 61, 149, 186, 53, 94, 20, 45, 58, 224,
       221, 8, 120, 221, 41, 188, 121, 97, 116, 175, 113, 119, 113, 105,
       124, 68, 55, 31, 0, 48, 142, 186, 23, 24, 147, 186, 112, 31, 103,
       205, 48, 96, 121, 128, 194, 251, 35, 2, 101, 73, 116, 27, 232,
       123, 92, 96, 90, 230, 145, 8, 180, 164, 94, 136, 22, 173, 129,
       184, 101, 223, 6, 30, 162, 196, 127, 140, 80, 245, 121, 187, 153,
       100, 52, 12, 89, 95, 107, 233, 60, 76, 159, 147, 80, 176, 180,
       143, 84, 60, 155, 58, 240, 14, 251, 253, 37, 124, 104, 128, 195,
       57, 77, 117, 60, 109, 188, 15, 119, 184, 110, 168, 126, 72, 223,
       115, 137, 50, 149, 84, 108, 106, 193, 224, 249, 28, 239, 255, 101,
       20, 64, 243, 66, 33, 61, 19, 107, 108, 116, 39, 75, 120, 69, 72,
       253, 238, 83, 73, 179, 49, 94, 168, 20, 238, 205, 178, 100, 140,
       210, 233, 161, 136, 127, 171, 114, 241, 117, 239, 200, 237, 188,
       43, 79, 152, 70, 160, 188, 238, 83, 97, 219, 64, 91, 196, 110,
       254, 136, 50, 77, 56, 254, 143, 165, 180, 253, 251, 80, 32, 81,
       40, 24, 176, 24, 205, 81, 18, 226, 69, 166, 13, 183, 147, 66, 80,
       128, 168, 76, 12, 14, 11, 210, 53, 209, 137, 48, 120, 40, 0, 3,
       90, 3, 223, 66, 141, 20, 134, 106, 183, 53, 64, 94, 199, 57, 163,
       178, 68, 126, 170, 23, 173, 255, 152, 20, 223, 228, 44, 170, 132,
       62, 134, 184, 24, 124, 188, 189, 240, 157, 125, 87, 218, 87, 191,
       188, 26, 223, 253, 89, 233, 253, 219, 221, 58, 187, 99, 123, 179,
       251, 223, 53, 126, 242, 121, 196, 99, 10, 186, 178, 176, 107, 145,
       184, 67, 175, 157, 240, 191, 140, 142, 102, 143, 239, 57, 207,
       145, 6, 95, 130, 208, 30, 81, 154, 235, 198, 4, 47, 223, 232, 60,
