%YAML:1.0
---
descriptors: !!opencv-matrix
   rows: 251
   cols: 32
   dt: u
   data: [ 53, 128, 247, 149, 116, 10, 248, 105, 127, 147, 242, 74, 230,
       123, 61, 113, 123, 165, 90, 173, 12, 243, 64, 205, 158, 190, 207,
       80, 133, 40, 97, 160, 49, 65, 115, 77, 116, 78, 111, 48, 101, 0,
       126, 66, 211, 23, 149, 116, 122, 220, 6, 234, 201, 176, 101, 12,
       101, 172, 162, 0, 103, 187, 102, 232, 40, 217, 112, 75, 117, 223,
       242, 116, 85, 4, 125, 2, 43, 93, 190, 52, 254, 184, 135, 98, 206,
       186, 124, 255, 39, 221, 0, 67, 119, 142, 86, 223, 105, 34, 227,
       64, 117, 123, 105, 91, 121, 231, 116, 157, 139, 12, 150, 60, 155,
       132, 198, 60, 189, 62, 244, 194, 86, 223, 17, 85, 199, 140, 86,
       244, 48, 221, 86, 222, 95, 135, 214, 108, 23, 10, 252, 2, 106,
       253, 52, 1, 254, 184, 151, 99, 104, 187, 90, 255, 51, 62, 194, 50,
       119, 186, 112, 139, 100, 136, 213, 149, 124, 9, 232, 233, 59, 178,
       176, 67, 252, 106, 125, 83, 255, 161, 75, 161, 40, 99, 66, 221,
       220, 150, 223, 124, 133, 168, 97, 136, 75, 89, 102, 222, 125, 150,
       238, 120, 197, 72, 214, 130, 233, 222, 183, 100, 124, 253, 191,
       239, 237, 147, 167, 239, 119, 127, 138, 139, 55, 183, 48, 253,
       211, 123, 94, 148, 82, 146, 191, 96, 189, 196, 222, 167, 108, 206,
       167, 244, 54, 245, 255, 230, 197, 147, 36, 204, 178, 33, 43, 130,
       47, 55, 43, 213, 15, 30, 238, 215, 246, 186, 187, 82, 189, 205,
       94, 247, 221, 175, 183, 234, 103, 127, 191, 149, 149, 216, 165,
       234, 78, 127, 186, 130, 175, 229, 41, 213, 61, 83, 106, 229, 118,
       22, 235, 120, 68, 232, 247, 34, 89, 29, 159, 96, 126, 156, 23,
       234, 201, 179, 37, 140, 118, 233, 162, 132, 111, 171, 116, 241,
       61, 81, 98, 231, 119, 86, 251, 112, 69, 236, 255, 166, 91, 31,
       159, 224, 126, 140, 151, 234, 201, 176, 53, 140, 87, 233, 162,
       133, 103, 175, 124, 241, 75, 211, 126, 151, 178, 146, 63, 116,
       173, 76, 87, 231, 221, 238, 170, 97, 118, 117, 191, 231, 213, 153,
       36, 236, 246, 115, 238, 194, 14, 182, 173, 113, 2, 166, 215, 189,
       126, 137, 232, 123, 190, 146, 176, 218, 189, 235, 244, 118, 127,
       33, 127, 57, 48, 75, 134, 219, 220, 158, 255, 172, 156, 168, 49,
       184, 250, 95, 62, 238, 45, 220, 94, 45, 173, 78, 255, 175, 111,
       254, 38, 210, 230, 247, 253, 71, 204, 15, 179, 255, 179, 251, 202,
       155, 50, 62, 236, 95, 154, 149, 54, 170, 61, 223, 154, 237, 143,
       93, 157, 39, 238, 223, 46, 196, 238, 179, 223, 101, 254, 41, 91,
       255, 179, 219, 11, 215, 30, 14, 173, 95, 147, 42, 99, 223, 70,
       145, 169, 88, 63, 226, 85, 243, 57, 206, 244, 40, 63, 171, 23,
       141, 179, 182, 174, 219, 22, 79, 251, 168, 253, 173, 115, 229,
       155, 154, 234, 251, 20, 187, 107, 222, 55, 75, 86, 246, 57, 139,
       189, 72, 127, 139, 23, 156, 163, 157, 45, 255, 214, 239, 186, 128,
       191, 137, 49, 152, 124, 124, 122, 70, 101, 126, 127, 116, 121,
       238, 118, 43, 91, 189, 215, 63, 190, 252, 215, 106, 232, 243, 176,
       232, 119, 219, 101, 131, 103, 247, 102, 251, 155, 31, 126, 223,
       247, 214, 127, 115, 117, 76, 223, 102, 121, 254, 182, 228, 254,
       187, 190, 140, 253, 187, 37, 239, 246, 239, 186, 129, 63, 134,
       173, 221, 71, 148, 102, 26, 219, 245, 184, 203, 63, 125, 115, 183,
       104, 204, 191, 121, 255, 31, 179, 149, 182, 115, 62, 245, 31, 58,
       218, 239, 213, 69, 229, 215, 219, 110, 114, 119, 115, 154, 127,
       244, 121, 206, 118, 252, 43, 15, 151, 181, 182, 229, 215, 110,
       224, 180, 160, 238, 118, 217, 36, 130, 103, 245, 75, 125, 111, 86,
       110, 4, 101, 114, 122, 112, 233, 126, 191, 175, 72, 142, 255, 159,
       239, 133, 223, 167, 205, 3, 172, 192, 18, 93, 239, 191, 15, 230,
       126, 87, 120, 185, 178, 250, 153, 221, 80, 199, 171, 29, 172, 9,
       62, 223, 98, 152, 136, 187, 221, 80, 30, 11, 250, 177, 219, 213,
       21, 123, 210, 6, 143, 75, 163, 246, 244, 218, 255, 177, 184, 223,
       143, 95, 221, 255, 12, 110, 239, 175, 239, 147, 159, 148, 183, 74,
       111, 209, 62, 26, 223, 255, 159, 206, 189, 221, 43, 187, 225, 81,
       241, 221, 177, 87, 123, 77, 116, 125, 40, 156, 198, 52, 140, 58,
       150, 16, 151, 58, 182, 209, 15, 92, 48, 234, 203, 4, 214, 255,
       209, 159, 239, 255, 182, 34, 105, 183, 118, 91, 214, 246, 241,
       111, 144, 107, 119, 239, 60, 140, 185, 216, 231, 111, 206, 171,
       254, 192, 173, 160, 225, 121, 178, 95, 58, 186, 247, 241, 148,
       103, 153, 7, 252, 187, 46, 158, 38, 144, 238, 187, 135, 129, 110,
       47, 34, 255, 243, 213, 154, 187, 23, 76, 173, 207, 160, 244, 121,
       69, 118, 79, 231, 125, 113, 238, 116, 238, 115, 21, 148, 52, 126,
       156, 22, 106, 225, 190, 117, 79, 119, 142, 37, 128, 103, 186, 246,
       249, 155, 37, 228, 195, 247, 127, 248, 220, 127, 237, 87, 146, 73,
       28, 159, 173, 63, 218, 215, 189, 190, 240, 61, 218, 127, 93, 151,
       135, 167, 214, 94, 253, 222, 125, 59, 222, 75, 220, 183, 228, 173,
       214, 44, 1, 188, 254, 103, 247, 166, 115, 251, 195, 103, 65, 186,
       233, 243, 209, 79, 43, 10, 118, 47, 255, 94, 112, 224, 229, 231,
       126, 254, 27, 115, 239, 127, 146, 201, 63, 222, 236, 55, 221, 181,
       170, 196, 180, 245, 194, 71, 255, 167, 135, 167, 246, 255, 215,
       37, 125, 121, 73, 116, 15, 231, 252, 84, 168, 124, 106, 114, 85,
       181, 36, 94, 216, 22, 106, 193, 178, 125, 127, 61, 140, 37, 180,
       117, 187, 82, 169, 37, 91, 123, 79, 86, 135, 239, 240, 68, 8, 119,
       70, 113, 81, 181, 96, 124, 232, 18, 238, 193, 178, 60, 61, 100,
       168, 162, 128, 125, 187, 112, 169, 146, 12, 66, 156, 71, 144, 44,
       103, 189, 2, 210, 147, 44, 170, 36, 197, 102, 171, 147, 129, 100,
       155, 0, 239, 176, 102, 218, 131, 61, 84, 169, 140, 53, 15, 111,
       236, 22, 227, 203, 112, 196, 64, 223, 226, 81, 199, 176, 97, 126,
       160, 31, 238, 201, 163, 36, 156, 240, 233, 162, 128, 61, 171, 112,
       240, 74, 185, 58, 250, 171, 220, 183, 230, 175, 5, 14, 0, 172,
       159, 38, 112, 166, 115, 251, 65, 82, 9, 178, 245, 243, 245, 30,
       91, 18, 4, 165, 123, 239, 49, 162, 128, 205, 84, 184, 65, 139,
       237, 149, 143, 8, 220, 94, 142, 252, 137, 211, 213, 150, 35, 182,
       192, 27, 89, 143, 239, 199, 46, 254, 214, 14, 176, 186, 161, 245,
       245, 184, 81, 31, 73, 89, 23, 156, 222, 126, 200, 252, 25, 147,
       149, 151, 144, 24, 210, 79, 85, 155, 230, 156, 14, 189, 211, 45,
       121, 105, 105, 124, 159, 107, 92, 71, 232, 124, 206, 59, 93, 147,
       48, 94, 232, 87, 254, 203, 178, 121, 61, 110, 205, 161, 160, 127,
       155, 82, 240, 222, 54, 230, 225, 39, 114, 122, 216, 115, 254, 247,
       183, 75, 220, 223, 175, 191, 237, 181, 247, 236, 244, 173, 202,
       26, 251, 205, 135, 39, 247, 124, 87, 39, 178, 162, 26, 105, 189,
       176, 90, 191, 95, 245, 125, 172, 220, 110, 174, 173, 27, 247, 21,
       150, 103, 186, 241, 31, 92, 90, 239, 219, 77, 187, 215, 95, 18,
       223, 135, 162, 46, 173, 17, 44, 255, 119, 247, 221, 102, 139, 219,
       55, 135, 254, 174, 177, 208, 37, 64, 132, 162, 123, 132, 140, 247,
       171, 113, 207, 90, 244, 216, 237, 21, 216, 152, 239, 27, 148, 244,
       204, 218, 223, 255, 135, 85, 253, 255, 167, 101, 239, 208, 14,
       123, 111, 222, 158, 181, 57, 5, 10, 129, 178, 201, 245, 214, 60,
       207, 95, 77, 94, 19, 140, 174, 46, 196, 251, 31, 163, 144, 150,
       154, 49, 247, 47, 126, 158, 71, 146, 12, 237, 222, 122, 134, 236,
       28, 143, 112, 220, 207, 219, 87, 180, 187, 42, 172, 95, 159, 201,
       195, 237, 149, 158, 107, 230, 225, 27, 127, 212, 187, 199, 76,
       254, 94, 42, 249, 114, 88, 255, 213, 190, 206, 203, 237, 92, 137,
       172, 156, 118, 164, 142, 123, 243, 85, 214, 107, 178, 243, 127,
       93, 30, 251, 87, 28, 159, 223, 243, 249, 106, 94, 121, 221, 179,
       240, 205, 76, 244, 175, 42, 220, 167, 180, 236, 250, 215, 87, 207,
       59, 254, 255, 63, 29, 4, 187, 83, 31, 126, 223, 40, 97, 22, 236,
