%YAML:1.0
---
descriptors: !!opencv-matrix
   rows: 227
   cols: 32
   dt: u
   data: [ 2, 145, 150, 158, 131, 228, 180, 103, 190, 23, 74, 19, 172,
       254, 40, 73, 231, 51, 187, 129, 50, 201, 19, 245, 141, 54, 90, 67,
       144, 68, 165, 219, 124, 120, 251, 96, 45, 77, 83, 88, 163, 168,
       181, 8, 91, 223, 65, 58, 140, 245, 253, 114, 8, 103, 248, 136,
       219, 217, 1, 62, 99, 163, 70, 115, 32, 137, 122, 88, 116, 203,
       231, 242, 205, 8, 126, 32, 50, 213, 182, 36, 104, 56, 22, 106,
       219, 186, 32, 125, 103, 189, 32, 64, 83, 139, 246, 227, 93, 94,
       116, 72, 219, 183, 17, 223, 78, 191, 168, 23, 28, 26, 71, 122,
       231, 133, 106, 148, 166, 15, 121, 94, 123, 143, 55, 126, 177, 112,
       97, 79, 61, 72, 111, 237, 4, 10, 79, 113, 84, 170, 247, 198, 83,
       41, 176, 97, 120, 228, 55, 238, 233, 179, 109, 172, 242, 235, 231,
       132, 125, 187, 240, 113, 73, 136, 87, 145, 38, 141, 160, 22, 236,
       9, 82, 80, 191, 152, 144, 226, 102, 39, 126, 29, 131, 184, 199,
       81, 132, 57, 58, 64, 76, 136, 17, 41, 34, 249, 208, 218, 249, 217,
       190, 238, 31, 73, 120, 168, 40, 254, 102, 180, 223, 123, 130, 208,
       87, 58, 202, 243, 62, 28, 31, 235, 219, 94, 206, 159, 61, 71, 239,
       237, 116, 34, 239, 216, 69, 41, 255, 66, 91, 41, 189, 96, 122,
       204, 23, 234, 169, 179, 77, 141, 118, 237, 167, 132, 255, 250,
       112, 161, 5, 142, 199, 157, 220, 131, 232, 235, 30, 162, 194, 66,
       224, 224, 248, 65, 123, 110, 106, 169, 112, 250, 207, 95, 60, 38,
       239, 4, 133, 232, 120, 136, 102, 177, 148, 146, 205, 221, 144,
       205, 143, 53, 161, 25, 142, 252, 110, 142, 137, 27, 235, 17, 22,
       107, 218, 245, 157, 146, 95, 127, 208, 14, 141, 134, 72, 154, 57,
       248, 126, 203, 113, 87, 31, 109, 124, 59, 191, 159, 34, 48, 191,
       187, 247, 17, 18, 58, 32, 159, 215, 215, 56, 233, 52, 8, 135, 235,
       185, 79, 113, 69, 116, 15, 111, 56, 116, 160, 118, 74, 115, 17,
       148, 52, 126, 220, 6, 106, 233, 178, 101, 14, 100, 172, 33, 132,
       111, 170, 82, 169, 242, 69, 74, 136, 90, 83, 158, 111, 45, 2, 224,
       155, 13, 14, 36, 209, 254, 145, 203, 227, 108, 135, 4, 206, 177,
       165, 138, 59, 21, 88, 175, 132, 6, 237, 181, 219, 221, 233, 182,
       237, 159, 55, 73, 19, 228, 232, 108, 72, 249, 123, 35, 83, 18,
       122, 74, 245, 61, 18, 159, 111, 148, 91, 213, 134, 65, 93, 157,
       37, 48, 14, 37, 55, 36, 224, 138, 68, 151, 55, 1, 82, 132, 119,
       124, 108, 201, 152, 209, 40, 229, 166, 117, 16, 8, 112, 3, 57,
       161, 151, 105, 77, 116, 207, 239, 127, 80, 72, 124, 78, 51, 13,
       178, 49, 88, 168, 23, 236, 233, 186, 117, 31, 102, 45, 160, 128,
       125, 138, 82, 248, 5, 95, 71, 69, 116, 14, 238, 180, 124, 232,
       122, 68, 211, 56, 149, 228, 92, 108, 22, 110, 225, 176, 125, 110,
       36, 188, 39, 4, 76, 187, 80, 181, 245, 67, 207, 228, 14, 2, 111,
       252, 117, 130, 242, 230, 83, 107, 185, 115, 120, 196, 108, 238,
       233, 247, 133, 136, 242, 235, 231, 4, 45, 187, 112, 32, 218, 173,
       28, 184, 139, 225, 21, 239, 171, 55, 164, 57, 44, 191, 98, 91,
       227, 147, 233, 144, 62, 79, 170, 245, 219, 211, 222, 127, 146, 68,
       167, 74, 154, 179, 234, 183, 36, 73, 126, 113, 153, 207, 87, 253,
       239, 237, 90, 11, 190, 123, 221, 3, 252, 212, 138, 227, 195, 213,
       252, 163, 102, 206, 159, 211, 39, 171, 228, 27, 253, 147, 216,
       233, 223, 245, 21, 207, 104, 232, 254, 134, 219, 232, 178, 221,
       198, 106, 79, 253, 14, 26, 207, 255, 223, 46, 88, 196, 189, 188,
       241, 77, 181, 95, 71, 251, 81, 166, 188, 24, 123, 125, 156, 181,
       153, 212, 196, 42, 249, 126, 121, 159, 59, 223, 69, 52, 115, 236,
       70, 96, 109, 49, 57, 98, 180, 79, 67, 57, 97, 109, 111, 12, 210,
       21, 8, 48, 152, 132, 100, 106, 89, 48, 249, 20, 247, 157, 1, 116,
       64, 11, 214, 114, 68, 245, 125, 123, 176, 79, 127, 184, 126, 58,
       127, 72, 215, 119, 137, 112, 151, 94, 127, 122, 243, 240, 123, 63,
       239, 191, 37, 68, 200, 243, 194, 49, 0, 193, 48, 169, 141, 133,
       212, 103, 5, 33, 208, 2, 183, 25, 48, 64, 200, 155, 27, 1, 90, 60,
       81, 151, 253, 144, 158, 80, 21, 136, 148, 170, 4, 253, 55, 187,
       61, 239, 183, 248, 158, 190, 89, 3, 246, 245, 113, 65, 221, 123,
       27, 67, 98, 249, 26, 191, 237, 150, 207, 32, 16, 107, 21, 250, 71,
       94, 77, 163, 186, 183, 42, 150, 14, 248, 154, 231, 221, 38, 179,
       97, 103, 37, 62, 189, 165, 25, 125, 220, 252, 11, 175, 196, 156,
       243, 41, 29, 2, 149, 2, 171, 215, 226, 178, 107, 6, 5, 89, 163,
       236, 254, 40, 64, 255, 59, 131, 145, 18, 152, 8, 215, 173, 54,
       138, 195, 21, 14, 181, 211, 37, 151, 85, 69, 112, 15, 103, 184,
       109, 40, 123, 108, 215, 115, 136, 16, 54, 84, 68, 106, 89, 176, 9,
       61, 100, 190, 33, 68, 72, 179, 66, 33, 2, 240, 156, 152, 233, 237,
       176, 199, 143, 29, 0, 25, 172, 158, 102, 10, 143, 27, 235, 17, 22,
       79, 146, 209, 29, 16, 94, 107, 144, 92, 175, 203, 1, 130, 207,
       157, 92, 11, 161, 59, 118, 182, 198, 198, 241, 98, 130, 193, 121,
       108, 106, 172, 225, 218, 197, 29, 12, 39, 247, 4, 44, 168, 120,
       136, 238, 86, 82, 243, 226, 169, 185, 21, 62, 188, 123, 245, 237,
       243, 233, 89, 223, 63, 183, 144, 40, 208, 72, 254, 236, 210, 255,
       242, 156, 208, 7, 187, 40, 1, 83, 201, 116, 138, 107, 48, 101, 32,
       127, 66, 19, 3, 144, 116, 122, 140, 22, 234, 72, 184, 69, 92, 102,
       172, 160, 64, 111, 139, 96, 160, 66, 178, 148, 145, 233, 237, 49,
       3, 175, 29, 129, 57, 140, 158, 70, 90, 167, 27, 235, 17, 18, 77,
       146, 209, 141, 16, 90, 127, 144, 68, 135, 215, 61, 184, 253, 119,
       85, 95, 209, 186, 115, 246, 100, 8, 123, 125, 22, 189, 25, 254,
       240, 8, 237, 252, 121, 189, 79, 219, 85, 117, 227, 172, 78, 238,
       185, 65, 117, 69, 116, 10, 235, 49, 101, 160, 247, 66, 83, 1, 148,
       53, 122, 140, 6, 234, 233, 180, 101, 12, 36, 168, 160, 0, 111,
       170, 114, 168, 11, 81, 103, 251, 5, 220, 232, 21, 109, 89, 115,
       86, 187, 156, 60, 233, 236, 153, 182, 213, 223, 188, 119, 241, 7,
       121, 146, 192, 95, 140, 248, 244, 191, 84, 119, 92, 45, 23, 205,
       120, 85, 74, 241, 94, 114, 220, 181, 173, 220, 184, 22, 110, 233,
       167, 118, 158, 19, 122, 97, 154, 95, 189, 112, 245, 183, 53, 108,
       107, 172, 173, 207, 159, 47, 58, 91, 116, 90, 217, 93, 241, 133,
       155, 117, 35, 251, 180, 219, 18, 36, 56, 37, 132, 93, 218, 216,
       19, 143, 179, 130, 180, 36, 47, 126, 248, 157, 75, 211, 223, 253,
       239, 58, 2, 190, 219, 95, 231, 255, 197, 19, 227, 208, 22, 235,
       132, 12, 237, 184, 17, 11, 251, 64, 27, 127, 145, 186, 236, 31,
       169, 88, 239, 44, 202, 246, 164, 191, 107, 210, 215, 199, 26, 14,
       253, 62, 84, 143, 235, 95, 6, 27, 157, 190, 244, 48, 242, 157,
       125, 86, 255, 87, 119, 172, 27, 75, 125, 94, 181, 217, 218, 211,
       51, 254, 103, 120, 191, 251, 223, 5, 127, 211, 125, 222, 230, 0,
       25, 159, 223, 12, 207, 99, 120, 159, 162, 203, 66, 244, 247, 33,
       64, 249, 114, 123, 72, 3, 161, 27, 255, 157, 158, 203, 18, 16, 42,
       53, 50, 199, 86, 11, 179, 226, 167, 41, 53, 62, 232, 91, 231, 221,
       167, 235, 93, 119, 47, 63, 189, 165, 144, 221, 222, 236, 186, 255,
       224, 152, 210, 1, 217, 66, 240, 30, 188, 11, 192, 184, 200, 174,
       20, 128, 163, 236, 222, 107, 66, 230, 49, 235, 193, 66, 3, 138,
       209, 145, 117, 139, 191, 20, 38, 37, 219, 40, 189, 90, 119, 244,
       239, 119, 183, 49, 134, 126, 8, 247, 57, 0, 16, 27, 254, 68, 40,
       120, 184, 241, 47, 239, 239, 52, 1, 96, 208, 206, 170, 153, 133,
       122, 255, 215, 22, 253, 119, 116, 69, 127, 151, 121, 171, 58, 64,
       118, 175, 19, 173, 244, 184, 53, 207, 115, 111, 154, 0, 103, 196,
       161, 200, 2, 189, 144, 155, 215, 253, 182, 239, 31, 37, 72, 19,
       172, 252, 110, 196, 249, 59, 147, 145, 22, 184, 90, 247, 45, 22,
       30, 99, 210, 76, 141, 222, 2, 217, 158, 159, 139, 192, 184, 236,
