%YAML:1.0
---
descriptors: !!opencv-matrix
   rows: 162
   cols: 32
   dt: u
   data: [ 233, 164, 77, 229, 84, 127, 103, 55, 80, 227, 126, 90, 243,
       49, 144, 167, 24, 238, 84, 40, 185, 248, 245, 15, 237, 239, 240,
       16, 111, 232, 210, 168, 35, 98, 238, 157, 94, 19, 168, 72, 86,
       240, 210, 199, 96, 200, 183, 166, 94, 108, 179, 141, 140, 242, 71,
       157, 14, 42, 203, 133, 125, 44, 121, 220, 173, 224, 136, 219, 205,
       133, 237, 216, 23, 59, 117, 18, 144, 209, 121, 45, 89, 8, 18, 218,
       106, 118, 90, 176, 79, 153, 149, 108, 155, 25, 248, 162, 83, 135,
       119, 94, 86, 190, 235, 35, 253, 71, 107, 86, 104, 104, 188, 101,
       118, 231, 58, 173, 177, 185, 53, 239, 52, 62, 2, 66, 71, 231, 241,
       100, 125, 103, 192, 6, 241, 26, 78, 184, 51, 228, 238, 141, 75,
       98, 139, 212, 54, 204, 236, 238, 173, 210, 237, 127, 190, 239, 37,
       181, 170, 183, 202, 84, 173, 254, 253, 87, 232, 126, 173, 191,
       122, 255, 116, 244, 217, 117, 222, 63, 7, 94, 247, 26, 243, 92,
       239, 35, 110, 123, 117, 228, 206, 240, 199, 241, 83, 98, 0, 129,
       52, 137, 232, 68, 108, 33, 194, 75, 158, 8, 20, 192, 186, 45, 92,
       77, 8, 187, 197, 213, 148, 188, 154, 120, 20, 8, 89, 8, 117, 76,
       107, 240, 198, 171, 239, 115, 125, 226, 251, 238, 27, 233, 180,
       112, 121, 236, 38, 206, 201, 179, 44, 238, 254, 239, 167, 192,
       109, 235, 242, 161, 9, 190, 135, 229, 52, 174, 234, 54, 40, 201,
       90, 196, 183, 37, 144, 166, 6, 110, 117, 45, 177, 184, 213, 175,
       164, 253, 234, 192, 78, 232, 83, 185, 137, 77, 87, 233, 242, 175,
       173, 246, 124, 194, 122, 64, 189, 18, 129, 113, 38, 127, 6, 200,
       225, 156, 21, 126, 116, 170, 62, 0, 72, 208, 35, 169, 57, 205,
       199, 87, 197, 90, 100, 247, 209, 211, 126, 66, 123, 116, 182, 167,
       41, 230, 214, 44, 253, 250, 53, 175, 42, 239, 84, 0, 239, 252,
       248, 220, 202, 172, 151, 184, 169, 236, 53, 143, 190, 223, 130,
       25, 172, 250, 66, 91, 131, 119, 233, 17, 54, 79, 154, 243, 157,
       50, 95, 123, 128, 84, 167, 75, 66, 227, 135, 156, 11, 192, 184,
       200, 142, 148, 192, 163, 108, 206, 99, 66, 246, 121, 251, 209, 66,
       67, 138, 217, 25, 34, 203, 207, 20, 38, 37, 91, 2, 144, 146, 155,
       51, 252, 184, 64, 62, 27, 83, 18, 140, 214, 40, 200, 247, 25, 147,
       145, 54, 148, 26, 211, 13, 54, 26, 195, 144, 7, 45, 135, 134, 112,
       178, 154, 107, 197, 186, 200, 158, 27, 81, 51, 204, 222, 109, 15,
       247, 89, 179, 211, 34, 71, 154, 242, 21, 16, 219, 239, 148, 23,
       47, 211, 45, 233, 212, 203, 237, 89, 229, 200, 79, 188, 125, 34,
       138, 209, 239, 47, 72, 72, 38, 122, 66, 114, 107, 176, 14, 216,
       69, 47, 86, 123, 84, 231, 3, 172, 186, 217, 253, 227, 187, 207,
       31, 79, 84, 51, 60, 255, 38, 76, 251, 59, 151, 152, 54, 239, 42,
       247, 79, 31, 191, 239, 151, 72, 253, 203, 118, 245, 112, 198, 255,
       69, 214, 236, 201, 252, 153, 43, 74, 220, 127, 166, 222, 211, 215,
       227, 204, 35, 218, 228, 59, 88, 197, 255, 87, 127, 214, 215, 255,
       253, 226, 86, 219, 118, 159, 252, 187, 255, 189, 173, 106, 252,
       222, 180, 191, 223, 245, 247, 254, 67, 190, 235, 59, 95, 13, 255,
       207, 119, 174, 247, 249, 67, 2, 168, 21, 219, 72, 68, 125, 101,
       198, 31, 143, 0, 18, 213, 122, 136, 142, 77, 73, 158, 85, 142,
       144, 225, 138, 16, 44, 12, 123, 12, 169, 107, 93, 101, 116, 15,
       104, 52, 113, 168, 114, 76, 179, 3, 144, 145, 26, 172, 68, 104,
       105, 184, 65, 12, 230, 249, 32, 0, 106, 160, 74, 169, 96, 143, 4,
       249, 157, 135, 102, 163, 206, 9, 74, 70, 228, 235, 32, 192, 200,
       34, 10, 0, 82, 57, 81, 159, 173, 180, 138, 87, 24, 8, 240, 2, 181,
       35, 111, 225, 148, 42, 235, 249, 117, 168, 243, 230, 91, 41, 189,
       33, 126, 204, 23, 255, 185, 241, 109, 204, 254, 203, 167, 196,
       109, 171, 240, 161, 53, 94, 203, 230, 246, 33, 239, 208, 117, 130,
       250, 238, 123, 105, 245, 112, 126, 234, 38, 238, 137, 179, 5, 232,
       242, 237, 166, 136, 237, 251, 114, 169, 177, 198, 79, 237, 102,
       11, 239, 253, 63, 122, 243, 238, 95, 107, 184, 67, 126, 197, 62,
       239, 233, 183, 45, 223, 244, 235, 239, 180, 125, 250, 241, 161,
       49, 252, 139, 254, 93, 164, 207, 83, 243, 65, 232, 76, 187, 234,
       52, 114, 204, 234, 22, 140, 139, 171, 242, 233, 243, 253, 134, 56,
       217, 120, 242, 184, 57, 45, 245, 101, 132, 75, 71, 55, 84, 166,
       170, 8, 179, 49, 148, 49, 88, 246, 110, 42, 217, 250, 117, 10,
       101, 139, 165, 48, 97, 248, 212, 40, 1, 172, 203, 197, 52, 126,
       105, 55, 125, 65, 94, 64, 179, 49, 144, 33, 8, 110, 124, 12, 153,
       248, 245, 15, 231, 188, 224, 0, 12, 200, 208, 104, 1, 173, 11,
       197, 52, 62, 109, 55, 125, 200, 94, 196, 179, 33, 144, 33, 132,
       110, 124, 12, 149, 216, 177, 47, 230, 184, 232, 128, 12, 232, 80,
       56, 63, 255, 98, 90, 219, 253, 150, 252, 119, 238, 252, 175, 106,
       236, 207, 180, 63, 250, 198, 102, 223, 123, 190, 191, 59, 95, 5,
       251, 231, 255, 238, 215, 131, 186, 243, 91, 228, 175, 169, 87,
       127, 73, 112, 244, 184, 150, 180, 172, 127, 58, 22, 28, 147, 252,
       53, 245, 12, 26, 50, 194, 219, 136, 227, 253, 163, 77, 46, 157,
       13, 197, 206, 102, 132, 202, 220, 7, 176, 221, 55, 2, 200, 234,
       91, 207, 73, 175, 82, 169, 97, 41, 174, 136, 89, 60, 120, 154,
       254, 90, 236, 166, 126, 2, 158, 248, 25, 226, 177, 239, 91, 109,
       159, 155, 126, 213, 221, 231, 233, 103, 205, 238, 112, 103, 237,
       190, 109, 191, 22, 81, 146, 136, 251, 255, 134, 226, 185, 231, 30,
       7, 66, 19, 113, 255, 36, 72, 115, 187, 51, 128, 48, 157, 35, 127,
       91, 174, 254, 65, 181, 72, 101, 234, 91, 127, 123, 76, 42, 215,
       31, 58, 135, 204, 94, 229, 121, 255, 167, 116, 150, 125, 253, 230,
       197, 9, 166, 255, 98, 127, 169, 187, 54, 183, 36, 125, 9, 77, 17,
       247, 241, 140, 111, 182, 117, 202, 122, 64, 189, 51, 129, 228, 54,
       123, 22, 202, 225, 152, 117, 238, 229, 254, 54, 0, 42, 215, 161,
       169, 175, 255, 245, 119, 163, 127, 191, 191, 123, 255, 125, 244,
       251, 125, 207, 191, 151, 126, 245, 14, 243, 252, 251, 187, 111,
       219, 117, 166, 239, 245, 198, 251, 86, 29, 139, 142, 153, 229,
       167, 207, 142, 197, 206, 135, 246, 246, 99, 100, 248, 114, 234,
       83, 93, 131, 58, 250, 185, 52, 15, 90, 152, 127, 181, 118, 163,
       224, 0, 153, 108, 139, 168, 77, 94, 243, 211, 219, 128, 136, 86,
       169, 251, 141, 122, 21, 199, 126, 199, 215, 28, 26, 219, 108, 93,
       12, 217, 140, 34, 98, 74, 140, 75, 145, 170, 72, 30, 128, 225,
       139, 33, 206, 53, 16, 248, 185, 131, 227, 68, 22, 198, 91, 21, 36,
       139, 41, 85, 10, 47, 132, 192, 172, 190, 184, 169, 236, 53, 175,
       186, 159, 138, 25, 180, 247, 66, 91, 129, 51, 107, 17, 50, 77,
       146, 83, 221, 147, 95, 123, 128, 64, 135, 106, 7, 158, 10, 219,
       181, 183, 234, 82, 157, 1, 223, 2, 232, 218, 182, 228, 217, 58,
       155, 153, 183, 185, 58, 255, 46, 63, 138, 195, 159, 207, 248, 140,
       237, 164, 172, 97, 141, 63, 91, 152, 82, 251, 165, 24, 211, 125,
       91, 59, 157, 196, 125, 190, 185, 102, 251, 16, 207, 219, 229, 124,
       210, 235, 210, 112, 10, 136, 189, 249, 173, 240, 144, 135, 207,
       71, 220, 35, 174, 156, 39, 232, 193, 51, 175, 17, 30, 41, 99, 241,
       131, 247, 30, 91, 146, 92, 253, 110, 9, 197, 18, 239, 213, 63,
       110, 255, 117, 43, 126, 64, 169, 179, 184, 244, 121, 142, 162,
       140, 215, 186, 21, 245, 54, 255, 214, 64, 106, 214, 235, 172, 188,
       253, 117, 195, 175, 89, 230, 232, 207, 246, 185, 42, 202, 220,
       237, 167, 235, 88, 238, 114, 69, 99, 238, 176, 63, 216, 69, 63,
       119, 255, 84, 247, 246, 253, 224, 238, 189, 117, 222, 236, 153,
       206, 153, 155, 106, 127, 63, 135, 223, 211, 221, 231, 252, 67, 56,
       255, 187, 94, 141, 191, 183, 247, 190, 87, 246, 253, 112, 238,
       255, 117, 222, 236, 153, 166, 185, 27, 106, 125, 61, 134, 255,
       211, 215, 99, 252, 35, 24, 238, 59, 30, 141, 63, 247, 255, 222,
