%YAML:1.0
---
descriptors: !!opencv-matrix
   rows: 195
   cols: 32
   dt: u
   data: [ 57, 243, 57, 96, 116, 143, 75, 253, 67, 232, 252, 76, 187,
       137, 208, 48, 156, 136, 21, 108, 203, 58, 224, 31, 255, 205, 37,
       252, 104, 138, 210, 185, 212, 233, 142, 190, 24, 6, 47, 232, 182,
       182, 192, 5, 245, 231, 97, 66, 249, 237, 107, 230, 106, 199, 219,
       63, 249, 227, 239, 28, 16, 51, 39, 242, 84, 89, 159, 182, 40, 204,
       23, 176, 170, 184, 162, 72, 254, 247, 65, 83, 134, 245, 125, 66,
       73, 67, 218, 104, 249, 178, 111, 56, 8, 51, 3, 59, 44, 245, 125,
       111, 180, 15, 119, 184, 126, 24, 127, 76, 211, 113, 137, 17, 23,
       220, 108, 106, 235, 240, 217, 63, 239, 251, 101, 68, 74, 243, 194,
       177, 185, 94, 73, 236, 116, 151, 75, 120, 85, 104, 244, 206, 115,
       73, 177, 241, 92, 168, 20, 110, 233, 54, 104, 191, 242, 201, 161,
       184, 123, 187, 122, 185, 8, 134, 94, 235, 244, 170, 123, 55, 60,
       9, 127, 245, 255, 99, 168, 80, 55, 38, 47, 60, 50, 184, 1, 95,
       110, 175, 50, 193, 236, 130, 233, 131, 165, 79, 69, 5, 52, 14,
       238, 176, 116, 232, 122, 70, 211, 8, 149, 161, 124, 204, 86, 111,
       237, 176, 93, 14, 36, 40, 165, 132, 109, 187, 88, 132, 205, 114,
       253, 103, 98, 126, 127, 144, 105, 238, 118, 229, 223, 63, 211, 58,
       182, 213, 253, 254, 197, 212, 237, 200, 198, 249, 103, 128, 238,
       247, 7, 113, 35, 134, 97, 73, 116, 155, 235, 123, 93, 96, 120,
       230, 209, 76, 188, 164, 94, 136, 22, 173, 161, 184, 101, 223, 36,
       30, 160, 196, 127, 140, 80, 245, 169, 28, 127, 69, 100, 78, 105,
       55, 125, 206, 118, 12, 187, 23, 148, 117, 6, 172, 86, 44, 233,
       188, 113, 76, 71, 251, 112, 0, 98, 136, 70, 249, 109, 79, 101,
       101, 236, 15, 207, 183, 101, 234, 190, 238, 211, 41, 151, 50, 30,
       228, 126, 111, 201, 176, 229, 44, 100, 111, 229, 148, 111, 250,
       82, 105, 9, 158, 63, 93, 52, 190, 105, 55, 125, 75, 126, 100, 191,
       51, 148, 116, 135, 38, 78, 12, 181, 184, 117, 79, 238, 255, 50,
       128, 74, 192, 195, 189, 113, 176, 156, 48, 13, 189, 80, 3, 242,
       113, 160, 29, 151, 152, 66, 24, 129, 134, 76, 20, 31, 111, 210,
       17, 219, 211, 16, 113, 200, 8, 202, 90, 15, 35, 163, 153, 253,
       244, 187, 74, 218, 77, 88, 51, 172, 220, 119, 236, 216, 43, 179,
       21, 150, 58, 230, 226, 13, 124, 154, 235, 148, 13, 53, 231, 139,
       183, 156, 251, 236, 173, 189, 223, 158, 91, 84, 118, 188, 239,
       248, 107, 207, 11, 63, 157, 179, 122, 226, 243, 206, 217, 254,
       232, 156, 200, 161, 249, 9, 156, 183, 93, 48, 254, 107, 23, 116,
       75, 102, 16, 251, 53, 144, 240, 53, 62, 60, 152, 187, 188, 53, 15,
       207, 191, 50, 64, 194, 192, 228, 120, 28, 21, 119, 239, 180, 102,
       111, 183, 52, 130, 254, 66, 89, 119, 169, 229, 123, 246, 63, 170,
       121, 153, 57, 14, 253, 239, 231, 196, 39, 242, 228, 32, 200, 60,
       191, 117, 36, 110, 125, 22, 121, 202, 118, 48, 159, 63, 131, 59,
       134, 52, 125, 40, 161, 252, 241, 10, 199, 251, 112, 128, 200, 240,
       71, 123, 73, 184, 148, 117, 169, 252, 48, 134, 235, 177, 166, 8,
       158, 243, 64, 191, 129, 119, 104, 16, 19, 105, 219, 96, 143, 251,
       87, 122, 202, 96, 75, 42, 107, 125, 101, 5, 237, 94, 78, 189, 225,
       232, 62, 108, 234, 53, 151, 183, 12, 100, 244, 111, 205, 224, 245,
       172, 166, 120, 69, 146, 78, 254, 218, 125, 60, 85, 123, 236, 52,
       94, 95, 112, 100, 204, 255, 2, 91, 215, 163, 112, 118, 180, 29,
       106, 201, 179, 48, 12, 243, 237, 32, 128, 34, 170, 100, 115, 60,
       93, 114, 174, 221, 214, 86, 228, 181, 134, 248, 11, 79, 254, 35,
       213, 248, 253, 133, 99, 124, 163, 24, 142, 179, 247, 135, 27, 35,
       127, 110, 198, 41, 119, 121, 101, 116, 79, 127, 48, 104, 76, 126,
       76, 215, 53, 130, 48, 20, 76, 84, 110, 201, 176, 225, 14, 231,
       189, 32, 128, 72, 162, 70, 241, 40, 251, 248, 255, 87, 216, 49,
       127, 91, 133, 100, 3, 171, 135, 98, 84, 80, 122, 130, 80, 86, 250,
       242, 189, 111, 245, 22, 43, 50, 136, 212, 234, 80, 249, 151, 190,
       42, 204, 55, 176, 172, 24, 130, 64, 252, 247, 33, 115, 166, 113,
       121, 67, 67, 73, 154, 109, 241, 178, 111, 26, 8, 50, 33, 59, 40,
       140, 122, 117, 244, 234, 103, 55, 116, 15, 126, 16, 179, 33, 128,
       16, 91, 190, 6, 8, 58, 188, 97, 47, 111, 239, 52, 64, 225, 192,
       198, 169, 230, 177, 176, 226, 157, 237, 210, 201, 203, 189, 169,
       25, 142, 220, 77, 158, 137, 219, 223, 81, 30, 103, 218, 178, 155,
       212, 5, 127, 208, 79, 206, 22, 35, 54, 107, 9, 116, 191, 185, 91,
       94, 77, 120, 199, 48, 204, 182, 32, 220, 41, 18, 53, 151, 178, 52,
       95, 5, 13, 58, 232, 221, 8, 121, 221, 41, 181, 121, 97, 116, 175,
       113, 87, 113, 105, 124, 76, 63, 31, 0, 48, 166, 191, 23, 24, 155,
       186, 240, 31, 239, 205, 48, 96, 105, 128, 66, 187, 96, 253, 188,
       190, 189, 205, 87, 239, 219, 127, 168, 29, 246, 248, 70, 18, 201,
       243, 111, 17, 126, 111, 218, 51, 249, 215, 93, 123, 88, 24, 135,
       90, 228, 125, 159, 190, 200, 199, 79, 248, 182, 182, 233, 5, 246,
       247, 97, 82, 217, 253, 107, 234, 106, 199, 251, 127, 253, 162,
       207, 60, 16, 123, 38, 114, 109, 213, 93, 109, 188, 15, 119, 184,
       110, 168, 191, 76, 223, 115, 137, 50, 149, 84, 108, 106, 200, 225,
       121, 29, 239, 255, 101, 20, 74, 243, 66, 33, 34, 173, 0, 153, 253,
       249, 178, 239, 30, 5, 88, 163, 160, 236, 54, 196, 217, 58, 131,
       17, 118, 186, 71, 191, 44, 22, 158, 203, 150, 76, 156, 142, 118,
       171, 138, 174, 218, 129, 158, 237, 134, 173, 249, 171, 100, 226,
       106, 80, 253, 251, 231, 215, 14, 19, 138, 247, 248, 165, 175, 255,
       49, 50, 174, 194, 185, 126, 105, 109, 116, 159, 79, 248, 85, 104,
       244, 236, 115, 9, 147, 49, 94, 136, 22, 110, 233, 182, 101, 31,
       246, 201, 161, 180, 127, 155, 82, 249, 92, 141, 119, 231, 181, 86,
       111, 191, 53, 134, 238, 2, 91, 119, 168, 245, 114, 246, 188, 234,
       121, 153, 57, 236, 251, 239, 231, 68, 34, 247, 228, 40, 105, 143,
       107, 37, 116, 158, 107, 55, 125, 201, 126, 236, 187, 41, 150, 112,
       118, 174, 54, 12, 149, 184, 229, 79, 110, 125, 32, 192, 110, 142,
       82, 121, 185, 204, 66, 222, 28, 147, 206, 246, 214, 64, 220, 198,
       121, 233, 178, 228, 121, 234, 151, 207, 235, 175, 14, 191, 114,
       239, 170, 136, 63, 142, 120, 184, 41, 20, 127, 85, 100, 254, 105,
       51, 125, 79, 126, 16, 191, 55, 148, 125, 134, 54, 126, 8, 145,
       184, 113, 76, 71, 251, 114, 128, 66, 192, 71, 249, 3, 34, 229,
       145, 68, 170, 233, 19, 30, 117, 82, 215, 145, 12, 146, 73, 110,
       140, 59, 157, 150, 252, 247, 209, 68, 42, 250, 192, 189, 140, 113,
       248, 2, 157, 2, 154, 215, 247, 190, 231, 159, 5, 216, 3, 172, 254,
       38, 196, 255, 187, 147, 129, 54, 155, 18, 255, 61, 54, 154, 203,
       23, 76, 189, 142, 56, 16, 26, 232, 41, 79, 80, 66, 169, 72, 240,
       41, 143, 159, 32, 16, 222, 185, 197, 32, 9, 171, 82, 128, 211,
       209, 0, 59, 114, 8, 6, 59, 134, 173, 150, 154, 221, 233, 182, 239,
       159, 151, 137, 27, 236, 234, 108, 14, 233, 123, 235, 19, 114, 79,
       154, 247, 61, 22, 223, 127, 144, 95, 165, 134, 60, 5, 86, 255,
       149, 231, 87, 255, 53, 134, 238, 2, 111, 119, 43, 213, 120, 246,
       175, 106, 120, 155, 25, 159, 243, 231, 199, 65, 50, 254, 236, 34,
       40, 56, 93, 81, 97, 237, 97, 18, 230, 25, 102, 24, 187, 151, 128,
       249, 0, 58, 118, 24, 3, 252, 115, 53, 71, 203, 112, 64, 98, 129,
       68, 233, 73, 156, 243, 93, 53, 254, 99, 23, 117, 71, 110, 16, 251,
       53, 148, 244, 17, 54, 180, 24, 187, 188, 53, 175, 171, 255, 16,
       67, 226, 196, 228, 124, 194, 188, 148, 147, 169, 253, 176, 143,
       191, 179, 10, 25, 172, 242, 78, 207, 129, 119, 234, 17, 54, 76,
       219, 243, 141, 22, 95, 123, 136, 68, 139, 15, 28, 141, 97, 235,
       149, 211, 239, 241, 71, 0, 92, 130, 249, 109, 184, 228, 91, 250,
       151, 219, 90, 184, 109, 189, 239, 205, 175, 225, 55, 142, 116,
