%YAML:1.0
---
descriptors: !!opencv-matrix
   rows: 153
   cols: 32
   dt: u
   data: [ 32, 0, 70, 25, 68, 218, 224, 7, 52, 113, 195, 179, 179, 12,
       22, 72, 88, 172, 187, 149, 15, 188, 69, 133, 68, 48, 208, 65, 109,
       140, 92, 222, 50, 182, 181, 165, 126, 23, 150, 255, 82, 234, 152,
       254, 96, 124, 192, 161, 157, 221, 230, 161, 173, 95, 79, 159, 56,
       6, 253, 183, 189, 232, 30, 159, 17, 106, 86, 65, 2, 152, 105, 86,
       101, 25, 70, 4, 139, 131, 194, 125, 98, 140, 110, 220, 7, 156,
       215, 65, 214, 168, 178, 64, 42, 129, 41, 28, 63, 112, 246, 124,
       171, 22, 92, 184, 155, 218, 84, 161, 109, 255, 191, 255, 151, 125,
       181, 103, 236, 196, 186, 248, 66, 251, 109, 143, 54, 247, 106, 87,
       183, 53, 234, 164, 238, 86, 95, 251, 80, 234, 156, 170, 83, 252,
       211, 34, 31, 222, 85, 239, 233, 83, 189, 138, 251, 15, 237, 188,
       173, 250, 18, 251, 9, 10, 71, 217, 36, 202, 105, 23, 119, 85, 86,
       180, 163, 1, 146, 77, 102, 44, 46, 156, 155, 252, 101, 24, 134,
       242, 242, 192, 166, 136, 20, 236, 111, 122, 125, 224, 108, 137,
       235, 208, 235, 248, 181, 110, 159, 201, 213, 58, 174, 193, 127,
       95, 139, 99, 234, 208, 222, 217, 163, 252, 207, 171, 83, 177, 88,
       251, 16, 186, 58, 137, 18, 174, 14, 53, 152, 173, 174, 158, 66,
       80, 135, 83, 237, 81, 82, 8, 203, 183, 252, 213, 63, 255, 28, 12,
       133, 27, 73, 90, 115, 252, 102, 68, 111, 180, 33, 78, 86, 230,
       121, 151, 177, 116, 118, 244, 63, 206, 201, 22, 179, 235, 117,
       174, 246, 136, 54, 178, 100, 121, 44, 31, 83, 190, 186, 139, 22,
       59, 143, 8, 120, 237, 239, 231, 161, 208, 150, 59, 135, 100, 193,
       128, 74, 159, 170, 247, 37, 218, 94, 174, 137, 17, 177, 4, 74,
       172, 22, 166, 238, 115, 84, 66, 207, 214, 81, 232, 178, 64, 126,
       172, 18, 175, 237, 183, 84, 142, 240, 47, 234, 0, 61, 235, 120,
       144, 11, 181, 122, 108, 58, 147, 191, 61, 206, 232, 92, 165, 253,
       221, 178, 100, 22, 60, 223, 108, 199, 137, 238, 159, 111, 125, 47,
       188, 22, 166, 145, 249, 128, 18, 111, 185, 36, 107, 241, 31, 212,
       87, 214, 177, 215, 29, 178, 105, 74, 16, 255, 49, 191, 237, 103,
       21, 194, 211, 250, 213, 212, 136, 213, 115, 228, 165, 188, 90,
       221, 215, 209, 233, 211, 245, 165, 25, 74, 249, 126, 87, 201, 130,
       235, 145, 62, 107, 122, 215, 123, 95, 21, 127, 211, 4, 254, 70,
       82, 183, 251, 161, 178, 34, 63, 215, 168, 253, 27, 179, 29, 174,
       234, 114, 55, 215, 189, 181, 180, 217, 173, 194, 248, 133, 175,
       196, 165, 210, 165, 121, 81, 207, 207, 255, 60, 130, 79, 182, 236,
       10, 218, 66, 247, 99, 177, 99, 102, 231, 125, 238, 233, 201, 77,
       175, 224, 255, 238, 144, 60, 251, 113, 41, 151, 251, 108, 183,
       162, 0, 191, 189, 174, 240, 18, 231, 253, 78, 219, 67, 39, 79, 61,
       223, 247, 221, 159, 241, 252, 105, 239, 196, 45, 182, 177, 217,
       157, 68, 79, 175, 150, 114, 238, 228, 84, 74, 223, 146, 83, 56,
       187, 227, 122, 198, 30, 239, 253, 181, 37, 174, 242, 235, 234,
       128, 45, 251, 248, 0, 202, 248, 190, 118, 43, 205, 53, 183, 187,
       255, 38, 57, 190, 255, 78, 26, 167, 115, 253, 0, 214, 77, 146, 97,
       203, 219, 85, 171, 194, 52, 143, 91, 152, 142, 148, 187, 155, 171,
       17, 143, 158, 23, 204, 49, 239, 227, 34, 200, 193, 59, 171, 16,
       50, 204, 75, 183, 205, 231, 63, 81, 146, 76, 141, 11, 23, 231,
       234, 3, 246, 34, 111, 223, 54, 173, 95, 231, 65, 103, 155, 80,
       127, 206, 7, 174, 154, 146, 237, 127, 124, 45, 175, 196, 165, 247,
       242, 225, 204, 20, 190, 244, 168, 108, 93, 19, 169, 255, 182, 16,
       159, 55, 67, 123, 135, 23, 125, 24, 184, 77, 179, 0, 203, 251,
       118, 144, 130, 224, 135, 115, 243, 98, 106, 12, 109, 153, 218, 72,
       203, 204, 149, 207, 34, 200, 247, 180, 252, 161, 223, 103, 206,
       39, 166, 221, 18, 25, 137, 187, 93, 47, 122, 84, 53, 69, 125, 71,
       228, 79, 231, 184, 101, 228, 255, 72, 211, 117, 157, 55, 90, 220,
       70, 106, 201, 176, 125, 40, 101, 168, 101, 4, 103, 251, 198, 224,
       133, 112, 191, 91, 96, 156, 185, 208, 254, 89, 115, 112, 156, 154,
       237, 248, 167, 25, 46, 24, 131, 244, 42, 81, 5, 154, 114, 236,
       216, 129, 99, 165, 126, 113, 246, 252, 45, 18, 220, 188, 139, 254,
       116, 161, 109, 255, 245, 250, 150, 125, 181, 231, 200, 193, 187,
       200, 163, 251, 205, 159, 23, 180, 75, 95, 255, 254, 64, 10, 121,
       149, 26, 248, 59, 104, 177, 237, 107, 206, 207, 148, 158, 137,
       197, 230, 239, 6, 92, 191, 178, 213, 9, 190, 27, 135, 10, 21, 254,
       168, 133, 84, 89, 212, 64, 170, 179, 241, 166, 24, 106, 247, 76,
       255, 33, 212, 248, 216, 59, 79, 219, 113, 31, 122, 213, 127, 227,
       5, 110, 46, 237, 118, 40, 72, 121, 61, 187, 216, 198, 252, 156,
       173, 28, 213, 251, 180, 151, 80, 223, 126, 199, 7, 174, 154, 119,
       89, 33, 255, 86, 191, 31, 245, 201, 127, 170, 68, 105, 87, 63,
       220, 230, 236, 158, 173, 25, 149, 227, 182, 214, 84, 255, 126,
       197, 71, 181, 138, 115, 89, 37, 191, 70, 182, 47, 127, 251, 27,
       38, 109, 41, 86, 53, 119, 165, 236, 222, 173, 123, 61, 130, 102,
       204, 54, 255, 108, 205, 155, 225, 140, 119, 121, 100, 147, 34,
       174, 180, 255, 41, 191, 10, 139, 209, 255, 163, 223, 86, 77, 125,
       38, 176, 212, 170, 164, 121, 10, 130, 28, 151, 186, 120, 55, 109,
       69, 178, 101, 219, 14, 188, 255, 105, 135, 143, 183, 164, 14, 108,
       55, 236, 235, 90, 68, 247, 41, 144, 98, 192, 102, 124, 13, 213,
       248, 69, 137, 196, 255, 244, 144, 12, 232, 216, 24, 183, 94, 9,
       128, 40, 127, 151, 218, 24, 238, 188, 124, 86, 20, 231, 189, 253,
       200, 198, 118, 233, 39, 120, 126, 176, 21, 39, 190, 217, 125, 14,
       245, 136, 178, 20, 187, 111, 201, 17, 205, 142, 53, 5, 59, 142,
       151, 106, 14, 163, 25, 235, 16, 82, 69, 234, 145, 221, 209, 25,
       127, 18, 12, 133, 227, 235, 209, 67, 204, 230, 84, 108, 61, 125,
       74, 114, 246, 121, 23, 188, 245, 118, 158, 182, 238, 241, 30, 119,
       215, 54, 58, 242, 206, 63, 132, 224, 61, 132, 40, 44, 105, 172,
       171, 233, 65, 238, 190, 117, 145, 147, 140, 114, 43, 170, 61, 79,
       37, 52, 181, 36, 16, 197, 201, 99, 53, 209, 235, 199, 224, 88, 54,
       255, 229, 164, 110, 125, 55, 225, 223, 127, 53, 159, 63, 146, 91,
       38, 182, 253, 168, 176, 216, 225, 200, 199, 251, 242, 129, 166,
       228, 230, 123, 144, 0, 108, 169, 140, 107, 209, 11, 198, 23, 151,
       145, 151, 13, 18, 107, 75, 144, 127, 49, 56, 100, 103, 16, 197,
       195, 114, 93, 244, 200, 149, 96, 74, 253, 21, 122, 123, 133, 58,
       238, 191, 25, 56, 229, 188, 210, 40, 212, 167, 19, 223, 80, 115,
       9, 26, 255, 60, 22, 62, 238, 90, 4, 131, 27, 32, 40, 187, 248,
       125, 233, 225, 71, 254, 73, 228, 16, 182, 153, 32, 120, 200, 42,
       66, 16, 58, 174, 98, 247, 71, 247, 18, 75, 208, 8, 118, 170, 5, 1,
       181, 69, 173, 63, 231, 154, 207, 250, 159, 64, 218, 120, 221, 174,
       137, 86, 126, 43, 137, 225, 127, 128, 133, 222, 69, 22, 198, 123,
       81, 37, 10, 156, 153, 169, 241, 237, 112, 135, 47, 73, 72, 1, 172,
       183, 96, 216, 227, 27, 155, 16, 19, 24, 18, 241, 207, 213, 30, 75,
       144, 74, 141, 90, 243, 148, 163, 52, 21, 239, 82, 99, 253, 227,
       235, 25, 114, 188, 52, 176, 185, 183, 216, 33, 61, 189, 16, 143,
       187, 254, 16, 82, 233, 12, 210, 30, 250, 132, 44, 92, 93, 213,
       221, 111, 223, 119, 165, 27, 40, 156, 62, 84, 201, 131, 251, 133,
       122, 47, 115, 215, 87, 126, 218, 127, 83, 12, 246, 238, 97, 26,
       237, 117, 82, 250, 97, 22, 117, 101, 246, 240, 51, 60, 150, 120,
       70, 180, 252, 140, 173, 252, 229, 46, 71, 111, 240, 193, 229, 128,
       118, 125, 60, 103, 218, 228, 238, 35, 223, 223, 66, 174, 184, 106,
       95, 251, 209, 34, 127, 221, 84, 227, 204, 99, 137, 138, 242, 205,
       229, 189, 229, 250, 108, 9, 133, 229, 123, 75, 228, 9, 111, 184,
       238, 80, 61, 64, 215, 195, 249, 117, 115, 24, 6, 122, 211, 48, 62,
