%YAML:1.0
---
descriptors: !!opencv-matrix
   rows: 269
   cols: 32
   dt: u
   data: [ 2, 205, 18, 137, 85, 211, 182, 238, 14, 5, 88, 3, 172, 152,
       38, 192, 216, 43, 147, 65, 70, 184, 80, 255, 47, 20, 154, 67, 84,
       30, 189, 142, 155, 31, 126, 190, 246, 214, 63, 115, 181, 76, 223,
       231, 125, 255, 162, 97, 254, 187, 191, 165, 241, 155, 55, 255,
       242, 239, 250, 137, 62, 140, 173, 249, 59, 159, 105, 219, 127,
       247, 187, 123, 23, 77, 221, 183, 104, 221, 190, 228, 252, 187,
       151, 165, 191, 186, 121, 191, 127, 79, 170, 211, 63, 140, 188,
       253, 57, 80, 74, 109, 100, 159, 230, 117, 101, 66, 247, 78, 115,
       88, 190, 240, 248, 136, 22, 111, 205, 182, 21, 29, 182, 237, 32,
       0, 125, 154, 248, 140, 120, 185, 186, 250, 169, 253, 85, 207, 163,
       29, 172, 9, 63, 223, 74, 26, 129, 187, 221, 16, 30, 107, 250, 49,
       219, 221, 20, 123, 242, 66, 207, 75, 46, 181, 235, 69, 246, 78,
       255, 247, 115, 109, 126, 146, 25, 45, 212, 52, 63, 222, 21, 156,
       152, 248, 180, 194, 111, 111, 181, 196, 231, 228, 214, 241, 208,
       223, 63, 185, 170, 140, 61, 183, 174, 91, 214, 245, 181, 191, 130,
       99, 167, 55, 125, 129, 243, 77, 163, 53, 225, 227, 126, 208, 24,
       0, 165, 123, 145, 159, 239, 255, 182, 42, 109, 183, 118, 91, 222,
       246, 241, 111, 144, 107, 119, 231, 61, 140, 185, 216, 111, 45,
       204, 235, 255, 192, 173, 232, 241, 121, 63, 55, 227, 65, 247, 51,
       190, 217, 69, 232, 95, 239, 73, 45, 215, 172, 62, 222, 151, 255,
       145, 178, 45, 136, 126, 77, 173, 166, 239, 255, 88, 245, 77, 88,
       243, 101, 100, 46, 233, 18, 104, 232, 122, 100, 159, 61, 213, 254,
       150, 108, 118, 77, 129, 240, 245, 64, 68, 189, 98, 128, 204, 251,
       83, 241, 13, 51, 97, 225, 244, 47, 234, 148, 40, 232, 26, 237,
       153, 13, 221, 160, 30, 13, 87, 127, 145, 176, 197, 204, 108, 93,
       171, 228, 204, 191, 211, 241, 41, 126, 249, 101, 36, 63, 111, 56,
       113, 234, 118, 44, 211, 21, 145, 56, 31, 252, 124, 110, 233, 244,
       245, 10, 231, 207, 101, 148, 111, 249, 86, 249, 37, 65, 105, 69,
       116, 78, 111, 48, 101, 132, 126, 64, 211, 5, 145, 116, 122, 204,
       6, 110, 201, 176, 117, 12, 103, 172, 160, 0, 103, 187, 70, 176,
       124, 31, 124, 109, 252, 127, 91, 184, 71, 236, 188, 12, 83, 125,
       219, 48, 93, 212, 253, 122, 169, 50, 125, 30, 255, 207, 165, 181,
       247, 251, 86, 113, 37, 61, 121, 73, 116, 39, 239, 248, 84, 168,
       124, 74, 81, 113, 189, 36, 126, 248, 22, 234, 193, 178, 125, 127,
       127, 140, 37, 164, 125, 251, 98, 161, 95, 88, 103, 204, 95, 214,
       234, 112, 181, 200, 222, 131, 121, 222, 183, 228, 126, 237, 191,
       239, 173, 151, 183, 238, 55, 126, 138, 139, 47, 183, 57, 244, 53,
       69, 123, 79, 116, 15, 239, 248, 84, 8, 125, 70, 115, 65, 189, 36,
       122, 232, 6, 110, 193, 178, 61, 63, 101, 172, 33, 4, 125, 187,
       112, 161, 154, 156, 86, 252, 155, 208, 180, 103, 189, 23, 224,
       147, 44, 255, 38, 197, 227, 179, 171, 128, 118, 207, 18, 247, 179,
       231, 90, 75, 51, 68, 173, 10, 1, 159, 83, 173, 178, 170, 58, 119,
       60, 73, 122, 230, 189, 227, 160, 64, 118, 59, 6, 12, 211, 184, 5,
       127, 236, 166, 34, 192, 60, 202, 161, 153, 58, 135, 112, 216, 215,
       121, 215, 231, 89, 111, 189, 43, 10, 60, 62, 165, 251, 147, 151,
       33, 182, 43, 44, 221, 123, 95, 148, 255, 215, 204, 222, 199, 11,
       159, 123, 139, 182, 247, 187, 247, 30, 77, 94, 230, 189, 247, 178,
       228, 118, 59, 151, 157, 147, 152, 37, 255, 238, 125, 174, 192,
       158, 142, 165, 249, 248, 205, 120, 227, 150, 38, 95, 182, 85, 11,
       254, 19, 83, 27, 20, 65, 127, 215, 29, 254, 234, 250, 65, 175,
       251, 237, 174, 196, 39, 217, 244, 43, 3, 148, 159, 185, 49, 172,
       48, 71, 191, 91, 74, 17, 188, 183, 32, 73, 165, 43, 27, 20, 55,
       221, 18, 215, 205, 255, 90, 66, 152, 64, 161, 219, 130, 173, 154,
       159, 165, 246, 188, 231, 30, 139, 86, 18, 236, 254, 102, 200, 249,
       107, 179, 130, 116, 248, 42, 226, 15, 23, 223, 131, 128, 124, 173,
       206, 155, 200, 227, 251, 86, 163, 235, 222, 63, 107, 86, 210, 61,
       207, 185, 104, 127, 171, 23, 201, 163, 156, 44, 255, 214, 207,
       186, 132, 191, 137, 49, 168, 44, 18, 254, 71, 100, 126, 115, 48,
       237, 206, 127, 64, 251, 125, 159, 122, 30, 244, 247, 106, 136,
       176, 121, 40, 71, 255, 96, 129, 103, 235, 94, 243, 49, 31, 75,
       236, 54, 163, 203, 112, 132, 64, 218, 230, 49, 71, 177, 96, 126,
       160, 31, 238, 137, 163, 52, 188, 240, 173, 162, 128, 61, 171, 112,
       113, 36, 253, 107, 75, 86, 195, 239, 252, 86, 64, 124, 198, 113,
       197, 188, 36, 120, 216, 19, 238, 195, 178, 124, 63, 103, 12, 165,
       236, 127, 155, 244, 248, 54, 36, 242, 197, 117, 110, 250, 88, 95,
       174, 251, 3, 74, 29, 127, 68, 255, 221, 151, 179, 172, 183, 73,
       206, 63, 252, 131, 199, 231, 174, 116, 87, 41, 105, 105, 65, 124,
       159, 239, 119, 102, 232, 124, 204, 187, 141, 145, 176, 78, 40, 87,
       76, 195, 186, 113, 63, 102, 221, 32, 176, 95, 154, 66, 249, 111,
       80, 104, 236, 109, 85, 222, 248, 65, 126, 189, 15, 91, 124, 31,
       178, 220, 197, 215, 239, 205, 35, 250, 209, 83, 249, 233, 191, 95,
       127, 122, 215, 15, 246, 241, 167, 165, 125, 191, 27, 91, 255, 125,
       245, 140, 124, 222, 166, 159, 91, 151, 23, 135, 240, 255, 225,
       110, 91, 127, 166, 206, 221, 141, 245, 223, 54, 102, 110, 55, 50,
       122, 112, 113, 206, 215, 182, 73, 95, 159, 245, 118, 204, 221,
       238, 236, 215, 165, 142, 82, 235, 226, 129, 39, 247, 126, 117,
       139, 191, 188, 213, 237, 125, 188, 119, 203, 254, 156, 14, 172,
       190, 198, 167, 239, 119, 255, 12, 245, 122, 242, 201, 55, 217, 95,
       187, 10, 236, 143, 255, 46, 178, 38, 26, 109, 189, 176, 218, 143,
       95, 245, 253, 174, 220, 254, 143, 141, 27, 215, 23, 150, 103, 42,
       241, 14, 91, 122, 255, 215, 13, 223, 215, 73, 23, 244, 21, 163,
       62, 61, 23, 57, 255, 118, 181, 207, 39, 138, 255, 39, 71, 238, 60,
       181, 248, 101, 192, 206, 255, 118, 199, 238, 244, 143, 117, 145,
       219, 107, 237, 222, 139, 239, 245, 84, 96, 214, 230, 145, 15, 176,
       96, 110, 174, 31, 205, 217, 186, 101, 61, 244, 169, 174, 192, 61,
       154, 240, 249, 207, 75, 244, 65, 174, 30, 76, 152, 239, 186, 150,
       228, 223, 73, 221, 255, 7, 213, 253, 255, 203, 69, 239, 208, 46,
       217, 229, 148, 175, 247, 88, 37, 254, 19, 108, 114, 173, 245, 93,
       57, 197, 253, 183, 191, 75, 125, 223, 191, 132, 147, 253, 119,
       189, 107, 121, 148, 123, 217, 101, 223, 227, 141, 252, 87, 19, 58,
       95, 57, 34, 142, 120, 51, 63, 72, 83, 245, 253, 142, 148, 89, 182,
       61, 53, 5, 135, 220, 151, 25, 134, 251, 58, 130, 44, 128, 1, 89,
       21, 205, 95, 250, 158, 195, 79, 255, 132, 18, 216, 66, 115, 227,
       169, 97, 123, 226, 14, 234, 123, 131, 46, 191, 248, 206, 167, 28,
       181, 250, 160, 40, 83, 149, 223, 236, 62, 6, 75, 123, 132, 128,
       218, 98, 117, 243, 161, 114, 118, 245, 61, 168, 233, 137, 51, 220,
       248, 239, 239, 132, 60, 224, 33, 41, 27, 207, 67, 254, 242, 146,
       63, 213, 191, 9, 94, 226, 125, 247, 172, 244, 118, 187, 183, 156,
       211, 153, 36, 255, 190, 239, 174, 192, 175, 146, 161, 185, 78, 60,
       182, 144, 227, 240, 184, 70, 188, 223, 78, 177, 140, 182, 227,
       239, 167, 127, 234, 144, 52, 221, 162, 226, 95, 55, 90, 203, 130,
       85, 175, 215, 27, 159, 95, 254, 54, 162, 111, 247, 181, 72, 222,
       230, 121, 227, 184, 68, 118, 235, 63, 172, 177, 155, 46, 239, 242,
       238, 170, 128, 63, 242, 241, 57, 122, 134, 228, 28, 207, 113, 156,
       207, 219, 119, 188, 187, 42, 172, 95, 158, 201, 195, 237, 21, 158,
       107, 230, 241, 27, 127, 220, 191, 215, 76, 222, 94, 94, 121, 122,
       228, 115, 223, 62, 244, 173, 204, 254, 169, 79, 223, 167, 244,
       182, 245, 223, 230, 192, 147, 176, 236, 243, 217, 15, 131, 38,
       183, 47, 127, 164, 32, 185, 243, 237, 105, 177, 74, 218, 191, 53,
