%YAML:1.0
---
descriptors: !!opencv-matrix
   rows: 203
   cols: 32
   dt: u
   data: [ 57, 95, 123, 101, 116, 15, 103, 244, 100, 172, 126, 104, 19,
       21, 177, 48, 126, 252, 6, 106, 201, 178, 52, 14, 119, 205, 37, 4,
       97, 186, 102, 185, 170, 46, 34, 25, 117, 189, 240, 103, 253, 13,
       116, 157, 170, 136, 54, 149, 140, 42, 198, 29, 166, 190, 38, 223,
       38, 88, 16, 171, 83, 140, 95, 205, 7, 205, 167, 156, 222, 182,
       175, 254, 150, 83, 216, 215, 252, 238, 187, 197, 127, 107, 59,
       239, 247, 203, 63, 255, 60, 46, 206, 204, 159, 117, 185, 220, 3,
       169, 169, 131, 213, 245, 187, 202, 30, 97, 76, 2, 184, 156, 86,
       40, 185, 11, 19, 157, 23, 186, 56, 243, 13, 28, 159, 102, 205, 15,
       51, 254, 32, 141, 20, 159, 84, 163, 130, 167, 94, 1, 90, 2, 228,
       104, 32, 64, 217, 99, 2, 1, 50, 184, 89, 191, 44, 54, 131, 66, 20,
       10, 177, 140, 135, 106, 233, 219, 110, 145, 253, 89, 27, 114, 80,
       219, 121, 206, 221, 41, 63, 185, 55, 205, 227, 118, 174, 243, 86,
       75, 251, 168, 53, 180, 19, 229, 60, 121, 226, 67, 119, 219, 250,
       208, 113, 204, 118, 170, 27, 157, 215, 188, 62, 248, 151, 218,
       136, 178, 172, 232, 87, 205, 165, 161, 231, 183, 126, 251, 11, 51,
       190, 172, 58, 215, 153, 88, 142, 220, 20, 165, 252, 223, 162, 32,
       150, 49, 253, 117, 135, 193, 34, 221, 203, 81, 43, 191, 22, 134,
       5, 243, 74, 15, 50, 188, 181, 140, 121, 55, 173, 13, 90, 101, 174,
       175, 178, 208, 166, 39, 255, 5, 210, 153, 162, 237, 241, 245, 58,
       195, 2, 132, 133, 105, 105, 107, 224, 232, 53, 217, 79, 156, 99,
       236, 252, 40, 171, 221, 211, 176, 216, 252, 150, 88, 206, 58, 232,
       184, 255, 221, 165, 185, 102, 190, 94, 105, 61, 91, 99, 77, 85,
       95, 227, 88, 69, 236, 126, 238, 123, 85, 159, 180, 124, 172, 150,
       236, 205, 178, 117, 156, 119, 237, 161, 132, 127, 190, 126, 241,
       42, 222, 98, 219, 125, 245, 190, 238, 159, 95, 124, 55, 40, 220,
       62, 164, 255, 59, 151, 131, 230, 62, 122, 247, 55, 93, 154, 235,
       87, 14, 253, 223, 235, 51, 110, 4, 126, 82, 223, 121, 201, 220,
       181, 255, 72, 156, 247, 183, 206, 165, 223, 101, 253, 103, 230,
       194, 50, 89, 163, 191, 47, 172, 126, 95, 29, 30, 254, 229, 246,
       254, 121, 82, 125, 205, 126, 247, 89, 63, 147, 122, 111, 253, 191,
       157, 181, 212, 37, 202, 87, 239, 170, 132, 175, 229, 105, 241,
       254, 18, 110, 68, 35, 86, 92, 123, 225, 238, 191, 191, 74, 12,
       190, 255, 46, 133, 221, 166, 237, 167, 36, 206, 210, 123, 240,
       151, 103, 180, 110, 119, 139, 20, 181, 209, 48, 252, 185, 19, 63,
       91, 83, 116, 188, 30, 132, 237, 135, 59, 55, 21, 179, 220, 49,
       195, 7, 123, 58, 194, 138, 192, 1, 253, 87, 25, 127, 230, 179,
       214, 127, 113, 173, 204, 94, 162, 221, 191, 167, 100, 230, 245,
       191, 209, 145, 153, 52, 236, 251, 255, 46, 194, 166, 166, 165,
       117, 158, 22, 230, 247, 229, 114, 254, 177, 241, 254, 87, 246, 73,
       125, 189, 239, 127, 244, 181, 170, 184, 244, 45, 142, 110, 235,
       231, 133, 167, 247, 252, 243, 93, 249, 119, 229, 54, 94, 127, 180,
       109, 232, 126, 102, 223, 63, 134, 242, 182, 213, 253, 238, 213,
       176, 177, 204, 191, 253, 39, 198, 110, 166, 195, 113, 141, 94,
       239, 215, 102, 18, 239, 48, 244, 206, 86, 230, 241, 230, 179, 111,
       118, 100, 63, 255, 161, 213, 167, 106, 68, 43, 239, 128, 135, 247,
       53, 241, 186, 117, 246, 229, 183, 118, 250, 220, 117, 237, 255,
       19, 75, 63, 63, 164, 127, 221, 151, 185, 188, 247, 61, 206, 63,
       223, 135, 199, 231, 255, 252, 215, 182, 21, 118, 228, 247, 119,
       250, 104, 29, 205, 251, 35, 74, 126, 63, 85, 254, 221, 151, 177,
       60, 179, 57, 206, 187, 94, 143, 135, 231, 239, 126, 215, 143, 191,
       253, 197, 242, 125, 185, 154, 58, 253, 116, 244, 188, 62, 206,
       183, 135, 95, 215, 44, 183, 220, 247, 243, 78, 25, 111, 166, 142,
       245, 143, 245, 9, 20, 253, 197, 116, 78, 105, 51, 125, 139, 118,
       112, 157, 55, 144, 116, 118, 28, 54, 40, 161, 188, 113, 206, 71,
       190, 242, 128, 70, 136, 69, 185, 75, 86, 190, 146, 225, 253, 189,
       55, 187, 239, 30, 173, 252, 254, 203, 236, 151, 119, 253, 5, 213,
       192, 186, 254, 207, 127, 126, 195, 138, 214, 13, 127, 94, 82, 254,
       182, 35, 50, 58, 80, 161, 142, 191, 167, 77, 111, 43, 219, 190,
       245, 237, 230, 172, 199, 25, 232, 210, 227, 235, 131, 47, 247, 47,
       19, 45, 77, 125, 101, 244, 74, 111, 51, 117, 170, 126, 72, 211,
       53, 145, 49, 90, 236, 70, 106, 233, 176, 117, 14, 103, 175, 37, 0,
       103, 248, 66, 233, 122, 169, 184, 250, 153, 221, 81, 199, 171, 21,
       172, 9, 174, 159, 102, 24, 137, 187, 217, 17, 26, 107, 250, 241,
       219, 209, 30, 123, 210, 0, 135, 106, 170, 213, 54, 137, 253, 221,
       180, 103, 29, 93, 112, 23, 140, 158, 46, 197, 239, 31, 131, 49,
       116, 186, 50, 212, 63, 112, 94, 207, 82, 12, 239, 223, 42, 217,
       54, 145, 229, 220, 188, 231, 93, 125, 126, 19, 172, 62, 62, 197,
       239, 91, 179, 193, 246, 58, 49, 245, 63, 59, 222, 195, 87, 28,
       253, 223, 251, 211, 109, 126, 107, 84, 93, 59, 209, 94, 21, 189,
       107, 253, 158, 191, 196, 211, 253, 70, 237, 71, 254, 179, 115,
       121, 228, 187, 127, 196, 254, 127, 205, 107, 214, 224, 172, 28,
       110, 212, 237, 184, 182, 100, 159, 131, 241, 255, 70, 101, 126,
       94, 193, 71, 175, 224, 182, 217, 103, 172, 142, 177, 43, 165, 42,
       249, 116, 222, 121, 213, 158, 232, 143, 92, 148, 41, 108, 221, 47,
       133, 142, 115, 215, 103, 230, 43, 58, 253, 51, 90, 13, 187, 87,
       63, 31, 223, 157, 131, 87, 225, 166, 10, 109, 249, 118, 184, 114,
       98, 255, 67, 136, 229, 122, 206, 46, 250, 89, 216, 77, 156, 236,
       200, 231, 196, 47, 162, 225, 161, 217, 22, 191, 245, 168, 6, 61,
       51, 172, 218, 150, 244, 223, 55, 129, 107, 231, 117, 125, 172,
       249, 205, 225, 72, 202, 251, 255, 144, 172, 240, 33, 57, 209, 78,
       223, 253, 44, 42, 111, 59, 124, 194, 222, 246, 247, 99, 177, 99,
       118, 231, 124, 174, 233, 197, 103, 174, 224, 235, 239, 144, 60,
       240, 97, 57, 33, 183, 107, 69, 246, 139, 239, 119, 113, 236, 125,
       238, 51, 45, 150, 52, 126, 190, 22, 172, 249, 186, 117, 94, 126,
       14, 164, 192, 111, 138, 246, 249, 89, 185, 187, 250, 185, 220, 81,
       247, 171, 93, 180, 12, 191, 187, 98, 114, 165, 243, 253, 16, 159,
       107, 186, 247, 251, 223, 54, 123, 130, 0, 171, 75, 90, 188, 159,
       254, 211, 196, 55, 99, 191, 195, 110, 20, 124, 255, 32, 112, 167,
       123, 251, 128, 51, 203, 186, 239, 251, 247, 31, 74, 138, 64, 167,
       123, 39, 255, 115, 73, 246, 67, 239, 253, 85, 232, 124, 230, 80,
       85, 180, 36, 126, 216, 22, 234, 241, 178, 109, 223, 60, 12, 165,
       164, 117, 186, 244, 245, 122, 235, 226, 186, 31, 209, 91, 196,
       135, 85, 148, 171, 47, 205, 98, 18, 234, 251, 253, 209, 30, 11,
       170, 177, 251, 209, 141, 251, 119, 23, 182, 90, 154, 140, 30, 248,
       155, 225, 48, 103, 191, 23, 204, 50, 44, 247, 32, 73, 227, 59,
       171, 128, 50, 139, 2, 247, 219, 227, 90, 75, 179, 64, 173, 170,
       180, 105, 27, 174, 81, 141, 66, 96, 169, 136, 225, 9, 119, 211,
       33, 80, 248, 249, 87, 226, 74, 35, 154, 45, 177, 132, 3, 56, 113,
       35, 98, 130, 125, 123, 190, 165, 53, 218, 119, 208, 241, 238, 118,
       36, 15, 229, 179, 246, 32, 108, 132, 78, 237, 245, 176, 170, 242,
       251, 37, 131, 42, 183, 126, 247, 94, 94, 242, 116, 49, 222, 119,
       146, 249, 206, 246, 173, 106, 189, 183, 246, 166, 244, 253, 70,
       237, 175, 180, 234, 242, 127, 101, 155, 102, 253, 108, 95, 126,
       92, 240, 244, 111, 221, 158, 178, 169, 238, 158, 175, 44, 61, 87,
       134, 174, 245, 255, 199, 196, 111, 240, 234, 119, 93, 205, 187,
       39, 253, 95, 95, 10, 120, 118, 132, 239, 213, 191, 230, 137, 254,
       156, 43, 172, 30, 87, 143, 238, 241, 255, 215, 68, 95, 178, 232,
       159, 82, 222, 163, 7, 61, 47, 223, 90, 124, 100, 214, 111, 220,
