%YAML:1.0
---
descriptors: !!opencv-matrix
   rows: 254
   cols: 32
   dt: u
   data: [ 43, 122, 40, 80, 109, 157, 222, 116, 203, 232, 180, 77, 186,
       220, 214, 36, 140, 249, 215, 87, 205, 111, 250, 184, 107, 93, 165,
       186, 74, 190, 90, 255, 245, 21, 117, 101, 172, 126, 101, 58, 105,
       250, 187, 92, 219, 60, 213, 191, 111, 214, 126, 110, 249, 244,
       245, 72, 149, 250, 101, 20, 100, 249, 82, 117, 26, 222, 114, 242,
       245, 183, 254, 246, 183, 79, 222, 151, 73, 239, 182, 196, 255,
       251, 151, 156, 174, 159, 56, 255, 251, 223, 143, 199, 183, 222,
       189, 253, 103, 121, 185, 211, 252, 93, 236, 159, 91, 251, 48, 108,
       190, 126, 221, 186, 143, 75, 127, 93, 199, 96, 251, 240, 46, 29,
       191, 188, 156, 216, 211, 221, 154, 252, 226, 178, 247, 215, 255,
       213, 63, 107, 223, 183, 121, 255, 127, 132, 127, 251, 151, 199,
       226, 151, 60, 255, 127, 95, 159, 164, 39, 222, 189, 250, 45, 255,
       249, 99, 244, 79, 111, 183, 113, 105, 124, 238, 115, 61, 152, 48,
       127, 206, 23, 124, 251, 186, 253, 47, 110, 237, 165, 228, 237,
       218, 210, 249, 111, 191, 248, 201, 254, 187, 251, 155, 11, 109,
       28, 239, 157, 47, 222, 116, 55, 159, 223, 157, 146, 24, 236, 245,
       126, 93, 173, 244, 191, 198, 151, 117, 218, 249, 63, 186, 219,
       200, 181, 229, 174, 85, 70, 35, 188, 223, 98, 114, 166, 59, 251,
       209, 83, 77, 186, 245, 249, 177, 30, 75, 0, 2, 167, 251, 110, 157,
       102, 214, 253, 215, 250, 233, 255, 60, 123, 139, 104, 126, 63,
       197, 255, 147, 147, 161, 182, 51, 30, 255, 63, 30, 139, 135, 71,
       95, 127, 151, 38, 165, 86, 138, 253, 242, 190, 233, 24, 149, 249,
       11, 108, 254, 46, 133, 251, 247, 147, 243, 102, 115, 138, 239, 61,
       50, 143, 79, 199, 15, 183, 206, 12, 143, 145, 219, 213, 69, 231,
       255, 31, 11, 90, 66, 252, 243, 104, 196, 217, 90, 34, 26, 83, 184,
       91, 243, 173, 150, 215, 66, 146, 90, 212, 170, 37, 180, 225, 65,
       252, 111, 233, 158, 87, 127, 255, 30, 211, 60, 220, 108, 93, 222,
       118, 56, 187, 240, 253, 146, 205, 254, 241, 244, 246, 217, 86,
       245, 105, 123, 47, 12, 233, 86, 53, 127, 228, 236, 206, 237, 48,
       180, 163, 246, 76, 84, 234, 108, 197, 139, 247, 8, 118, 97, 103,
       155, 10, 180, 174, 255, 32, 186, 158, 253, 108, 137, 112, 87, 231,
       29, 114, 125, 34, 155, 192, 26, 200, 184, 103, 16, 30, 250, 194,
       1, 206, 241, 112, 195, 193, 8, 102, 139, 139, 148, 127, 127, 178,
       226, 121, 55, 117, 73, 86, 247, 249, 63, 150, 97, 55, 63, 55, 141,
       183, 220, 117, 223, 111, 239, 250, 194, 47, 132, 165, 123, 11,
       250, 118, 131, 39, 82, 89, 252, 29, 92, 151, 167, 206, 142, 167,
       237, 111, 141, 191, 214, 143, 203, 111, 245, 186, 88, 218, 207,
       46, 159, 60, 93, 88, 31, 55, 229, 48, 46, 79, 55, 33, 200, 158,
       72, 255, 55, 144, 115, 38, 247, 125, 45, 169, 137, 49, 15, 241,
       255, 40, 144, 34, 162, 167, 57, 58, 241, 114, 88, 59, 213, 16,
       120, 139, 76, 180, 173, 110, 221, 38, 180, 158, 57, 245, 65, 206,
       43, 186, 221, 219, 89, 1, 251, 82, 14, 14, 255, 75, 189, 109, 125,
       186, 187, 127, 187, 231, 240, 92, 228, 249, 253, 222, 35, 23, 94,
       253, 172, 243, 72, 239, 159, 110, 127, 165, 172, 62, 230, 81, 125,
       138, 180, 178, 154, 211, 245, 176, 71, 191, 23, 105, 19, 44, 190,
       110, 220, 225, 59, 147, 145, 54, 31, 50, 211, 31, 86, 26, 107,
       210, 68, 175, 206, 202, 84, 118, 222, 109, 116, 124, 34, 189, 94,
       215, 19, 236, 191, 54, 223, 230, 181, 255, 131, 228, 199, 18, 194,
       23, 122, 218, 139, 22, 101, 45, 95, 173, 166, 208, 89, 253, 61,
       232, 218, 123, 59, 53, 124, 136, 216, 221, 189, 159, 72, 214, 24,
       183, 118, 238, 210, 14, 92, 49, 238, 219, 197, 75, 133, 66, 39,
       214, 145, 253, 46, 252, 71, 185, 155, 122, 85, 140, 170, 76, 218,
       239, 143, 255, 17, 52, 253, 194, 194, 60, 54, 94, 198, 196, 84,
       203, 143, 130, 156, 180, 185, 125, 255, 184, 71, 31, 63, 80, 19,
       172, 30, 38, 201, 205, 59, 187, 129, 54, 252, 81, 223, 135, 86,
       154, 147, 146, 76, 133, 223, 166, 180, 232, 147, 223, 255, 176,
       75, 31, 253, 221, 159, 72, 220, 126, 140, 249, 154, 147, 17, 190,
       122, 255, 210, 31, 85, 153, 255, 239, 77, 222, 215, 145, 203, 27,
       249, 52, 135, 239, 252, 84, 8, 80, 70, 181, 193, 176, 97, 126, 40,
       6, 238, 227, 188, 6, 189, 160, 136, 170, 128, 60, 152, 177, 169,
       45, 61, 121, 67, 245, 255, 162, 200, 94, 225, 61, 72, 218, 120,
       221, 172, 155, 90, 82, 123, 151, 240, 60, 62, 15, 93, 5, 102, 203,
       75, 75, 132, 71, 119, 65, 133, 178, 26, 63, 184, 41, 232, 90, 229,
       221, 70, 223, 244, 54, 77, 181, 255, 197, 144, 253, 76, 166, 44,
       47, 132, 44, 183, 11, 117, 47, 54, 184, 146, 235, 53, 154, 218,
       155, 191, 21, 127, 76, 252, 239, 174, 157, 91, 183, 151, 134, 71,
       170, 210, 27, 95, 191, 191, 203, 127, 11, 199, 143, 51, 121, 7,
       34, 120, 187, 184, 47, 250, 29, 229, 253, 110, 223, 166, 23, 93,
       149, 239, 197, 80, 253, 208, 14, 89, 47, 246, 14, 167, 15, 245,
       122, 93, 114, 238, 39, 86, 94, 244, 225, 204, 254, 3, 107, 127,
       51, 240, 254, 245, 253, 226, 204, 139, 177, 238, 243, 253, 134,
       147, 39, 254, 124, 91, 3, 251, 235, 151, 102, 144, 190, 246, 29,
       75, 94, 231, 189, 142, 182, 228, 238, 107, 151, 199, 199, 152, 36,
       227, 38, 53, 190, 130, 46, 156, 185, 221, 46, 244, 226, 146, 245,
       246, 190, 236, 95, 207, 253, 3, 72, 254, 126, 196, 249, 255, 151,
       243, 198, 179, 172, 239, 63, 95, 143, 207, 7, 94, 252, 223, 173,
       92, 110, 109, 116, 86, 239, 120, 84, 202, 246, 230, 113, 93, 151,
       49, 94, 252, 23, 238, 233, 246, 125, 142, 103, 235, 225, 128, 111,
       187, 118, 249, 189, 117, 106, 226, 245, 95, 219, 216, 85, 236,
       245, 26, 91, 93, 255, 160, 126, 153, 151, 255, 234, 179, 124, 158,
       123, 205, 161, 245, 119, 191, 94, 243, 63, 52, 242, 224, 119, 127,
       250, 88, 91, 236, 125, 139, 75, 221, 255, 188, 127, 157, 151, 176,
       140, 182, 188, 202, 95, 221, 129, 231, 231, 239, 126, 215, 26,
       152, 190, 254, 195, 224, 188, 231, 190, 23, 70, 179, 44, 255, 34,
       73, 227, 123, 171, 129, 54, 217, 18, 245, 219, 227, 218, 75, 181,
       64, 165, 218, 49, 87, 99, 79, 118, 7, 239, 252, 84, 72, 120, 230,
       113, 65, 189, 100, 126, 200, 22, 238, 193, 178, 125, 127, 36, 44,
       163, 132, 127, 187, 240, 185, 207, 30, 45, 152, 43, 247, 153, 158,
       222, 127, 150, 247, 220, 60, 147, 239, 7, 21, 255, 213, 167, 77,
       55, 246, 203, 99, 251, 215, 158, 149, 29, 119, 1, 143, 249, 101,
       180, 42, 111, 55, 116, 235, 126, 116, 243, 35, 144, 112, 91, 238,
       46, 44, 249, 184, 101, 15, 236, 174, 53, 0, 236, 248, 194, 41,
       152, 211, 103, 169, 166, 131, 173, 253, 36, 124, 218, 231, 145,
       143, 184, 64, 126, 137, 55, 239, 217, 155, 39, 209, 244, 225, 238,
       196, 61, 154, 181, 241, 78, 145, 164, 134, 203, 116, 158, 140,
       139, 213, 141, 143, 204, 238, 126, 206, 231, 215, 251, 151, 150,
       67, 186, 224, 155, 119, 223, 255, 134, 119, 189, 86, 183, 87, 237,
       133, 166, 51, 239, 184, 84, 254, 151, 247, 209, 108, 159, 107,
       127, 197, 63, 239, 237, 212, 109, 174, 110, 11, 239, 148, 173,
       253, 208, 213, 188, 76, 236, 117, 101, 26, 124, 150, 81, 162, 118,
       154, 91, 41, 17, 43, 27, 244, 53, 110, 168, 244, 101, 170, 103,
       239, 245, 5, 231, 253, 80, 40, 26, 185, 170, 184, 139, 240, 21,
       207, 175, 85, 140, 145, 172, 223, 106, 78, 161, 51, 249, 145, 22,
       73, 178, 241, 235, 85, 30, 91, 146, 84, 165, 126, 107, 253, 57,
       93, 125, 157, 88, 191, 235, 121, 52, 108, 190, 157, 214, 54, 134,
       79, 85, 76, 215, 106, 242, 245, 111, 249, 48, 254, 74, 132, 203,
       255, 30, 244, 226, 186, 85, 215, 254, 193, 223, 79, 221, 3, 72,
       254, 63, 164, 251, 249, 151, 167, 198, 183, 60, 223, 127, 95, 143,
       143, 39, 238, 126, 215, 131, 223, 98, 159, 114, 144, 190, 247, 61,
