%YAML:1.0
---
descriptors: !!opencv-matrix
   rows: 229
   cols: 32
   dt: u
   data: [ 118, 173, 184, 54, 251, 125, 94, 203, 27, 237, 173, 9, 111,
       252, 75, 18, 151, 255, 253, 17, 30, 75, 234, 50, 187, 215, 13,
       255, 224, 110, 142, 71, 1, 157, 127, 221, 214, 167, 189, 119, 92,
       75, 90, 18, 116, 120, 52, 96, 255, 59, 18, 185, 179, 184, 49, 223,
       101, 46, 62, 2, 221, 88, 241, 187, 139, 221, 72, 191, 108, 129,
       110, 246, 205, 90, 220, 231, 189, 232, 186, 65, 110, 235, 31, 239,
       239, 26, 78, 247, 230, 109, 174, 140, 61, 156, 120, 157, 183, 52,
       97, 77, 87, 87, 143, 123, 85, 234, 248, 238, 80, 116, 181, 165,
       125, 252, 22, 174, 233, 178, 125, 206, 56, 14, 141, 182, 127, 236,
       114, 253, 81, 173, 219, 92, 242, 34, 111, 231, 48, 130, 106, 224,
       113, 243, 128, 177, 126, 255, 4, 170, 121, 218, 128, 111, 184,
       166, 254, 136, 40, 242, 162, 40, 43, 77, 99, 77, 117, 159, 238,
       119, 93, 104, 124, 72, 42, 184, 180, 180, 88, 170, 18, 12, 205,
       186, 116, 222, 39, 124, 132, 42, 91, 158, 218, 172, 48, 245, 56,
       104, 89, 205, 23, 254, 2, 109, 172, 9, 18, 21, 66, 48, 220, 152,
       81, 96, 90, 58, 250, 31, 123, 141, 165, 126, 113, 26, 198, 250,
       42, 149, 48, 202, 253, 245, 152, 73, 15, 125, 189, 25, 206, 92,
       110, 172, 221, 147, 147, 53, 190, 43, 122, 213, 219, 93, 24, 127,
       210, 78, 220, 215, 135, 204, 38, 153, 207, 177, 60, 199, 142, 86,
       90, 183, 172, 200, 127, 201, 233, 43, 187, 71, 198, 20, 70, 241,
       38, 48, 206, 139, 28, 94, 185, 222, 159, 95, 119, 214, 166, 147,
       175, 240, 237, 202, 183, 230, 89, 238, 183, 37, 62, 241, 22, 239,
       245, 173, 44, 238, 42, 26, 103, 194, 111, 191, 161, 245, 10, 156,
       91, 251, 114, 166, 185, 115, 61, 65, 127, 150, 125, 255, 32, 192,
       119, 59, 147, 144, 51, 152, 48, 223, 111, 255, 154, 192, 179, 194,
       37, 241, 56, 165, 104, 104, 148, 207, 222, 93, 82, 13, 124, 11,
       59, 253, 52, 16, 216, 154, 21, 113, 154, 186, 80, 63, 123, 237,
       164, 105, 247, 138, 246, 202, 237, 79, 237, 103, 180, 14, 103,
       188, 117, 226, 255, 204, 211, 97, 153, 81, 125, 206, 108, 110,
       249, 240, 237, 46, 238, 239, 37, 4, 107, 243, 194, 48, 212, 231,
       204, 39, 130, 14, 111, 184, 48, 174, 175, 25, 87, 99, 11, 83, 55,
       213, 125, 238, 104, 212, 201, 42, 253, 171, 101, 148, 32, 243, 6,
       99, 11, 159, 16, 184, 181, 149, 252, 119, 159, 89, 28, 85, 173,
       154, 114, 64, 135, 43, 151, 21, 246, 9, 18, 247, 174, 221, 190,
       202, 158, 4, 169, 155, 56, 69, 127, 238, 100, 78, 111, 117, 101,
       8, 251, 1, 115, 237, 56, 80, 248, 244, 7, 106, 72, 179, 48, 173,
       243, 235, 100, 0, 99, 186, 244, 234, 214, 150, 157, 183, 168, 106,
       21, 171, 172, 187, 131, 48, 198, 118, 140, 111, 131, 87, 108, 34,
       33, 197, 203, 133, 136, 242, 127, 150, 132, 96, 135, 23, 247, 230,
       197, 203, 205, 23, 78, 184, 19, 55, 173, 222, 75, 97, 93, 182, 93,
       196, 104, 238, 254, 70, 223, 215, 250, 190, 197, 124, 183, 255,
       90, 4, 60, 212, 120, 232, 222, 247, 83, 218, 86, 5, 252, 2, 83,
       93, 43, 64, 125, 152, 19, 56, 26, 34, 121, 63, 123, 141, 1, 109,
       243, 219, 108, 242, 35, 241, 97, 65, 116, 151, 239, 121, 93, 224,
       112, 198, 113, 0, 180, 165, 126, 8, 22, 238, 193, 184, 117, 221,
       44, 24, 165, 196, 127, 142, 114, 188, 90, 135, 34, 186, 155, 241,
       30, 111, 159, 4, 137, 139, 236, 238, 46, 81, 246, 187, 159, 165,
       62, 11, 10, 223, 187, 213, 139, 251, 22, 6, 167, 82, 186, 149,
       118, 252, 251, 210, 30, 111, 157, 4, 252, 179, 79, 255, 42, 212,
       254, 187, 151, 224, 120, 139, 34, 159, 243, 247, 10, 203, 115, 4,
       166, 251, 128, 232, 156, 191, 44, 173, 176, 206, 158, 49, 64, 19,
       246, 248, 96, 72, 217, 123, 43, 17, 2, 124, 219, 51, 205, 183,
       223, 124, 144, 8, 17, 138, 33, 113, 97, 65, 118, 143, 235, 113,
       97, 104, 125, 198, 48, 19, 148, 52, 126, 168, 22, 252, 211, 186,
       116, 221, 100, 28, 160, 224, 111, 138, 66, 245, 236, 109, 188,
       228, 233, 69, 93, 239, 130, 250, 188, 9, 19, 247, 67, 19, 201,
       223, 115, 98, 72, 99, 250, 16, 251, 217, 229, 61, 82, 120, 78,
       202, 8, 223, 122, 252, 52, 156, 124, 182, 173, 13, 126, 225, 175,
       175, 178, 84, 134, 187, 157, 0, 238, 8, 34, 255, 226, 245, 50,
       139, 54, 148, 140, 75, 34, 159, 17, 171, 181, 167, 130, 255, 7,
       105, 248, 102, 166, 249, 160, 132, 221, 58, 134, 65, 27, 170, 72,
       191, 168, 212, 3, 254, 91, 14, 145, 189, 34, 160, 246, 218, 111,
       201, 176, 77, 207, 57, 113, 59, 44, 216, 108, 11, 171, 59, 227,
       17, 86, 127, 138, 209, 28, 80, 91, 187, 85, 8, 197, 143, 147, 29,
       107, 222, 86, 214, 254, 112, 189, 192, 222, 199, 125, 254, 54,
       228, 126, 245, 151, 239, 229, 155, 52, 238, 51, 111, 138, 130, 47,
       166, 41, 92, 35, 159, 17, 139, 189, 191, 146, 247, 15, 97, 216,
       230, 238, 236, 164, 132, 223, 58, 138, 85, 159, 168, 89, 255, 174,
       84, 1, 82, 222, 143, 152, 29, 90, 165, 24, 184, 187, 233, 24, 207,
       174, 21, 136, 177, 175, 159, 106, 64, 199, 27, 205, 17, 22, 9,
       202, 151, 203, 213, 26, 127, 144, 64, 141, 75, 43, 143, 96, 29,
       125, 159, 248, 103, 95, 73, 124, 78, 168, 168, 182, 164, 216, 42,
       146, 13, 151, 186, 100, 223, 38, 93, 144, 235, 95, 140, 218, 141,
       71, 177, 157, 35, 136, 77, 21, 141, 170, 249, 161, 72, 214, 246,
       73, 58, 133, 87, 120, 81, 19, 73, 219, 48, 137, 150, 93, 126, 192,
       115, 131, 34, 27, 18, 206, 165, 38, 22, 184, 120, 23, 252, 210,
       231, 73, 138, 182, 203, 254, 205, 191, 165, 140, 215, 135, 204,
       154, 107, 251, 199, 45, 172, 56, 87, 131, 146, 147, 155, 242, 180,
       184, 83, 63, 89, 83, 117, 156, 158, 190, 236, 183, 43, 63, 21,
       183, 156, 3, 211, 14, 30, 58, 194, 158, 4, 169, 221, 9, 140, 26,
       251, 211, 230, 251, 67, 60, 9, 127, 18, 253, 247, 32, 96, 255, 59,
       19, 156, 50, 152, 48, 223, 111, 175, 186, 193, 145, 130, 33, 234,
       2, 149, 18, 186, 151, 229, 178, 99, 142, 9, 89, 3, 172, 250, 40,
       196, 241, 59, 139, 145, 18, 137, 18, 223, 189, 84, 138, 75, 152,
       74, 181, 130, 245, 228, 236, 74, 140, 51, 222, 232, 83, 54, 165,
       139, 67, 106, 95, 59, 89, 192, 104, 242, 110, 103, 255, 51, 251,
       202, 197, 125, 241, 251, 126, 4, 152, 207, 114, 190, 22, 193, 191,
       230, 148, 132, 218, 227, 173, 236, 35, 64, 46, 251, 143, 193, 100,
       171, 6, 255, 240, 4, 46, 185, 53, 216, 37, 201, 3, 221, 51, 154,
       59, 213, 156, 231, 143, 89, 152, 114, 172, 158, 100, 228, 231, 51,
       159, 145, 199, 9, 50, 245, 187, 84, 30, 250, 24, 20, 161, 255, 42,
       221, 22, 223, 217, 150, 92, 247, 141, 24, 236, 64, 44, 51, 37,
       247, 204, 242, 155, 200, 73, 153, 80, 253, 167, 250, 214, 19, 26,
       244, 232, 142, 252, 229, 236, 106, 141, 87, 86, 200, 83, 182, 173,
       8, 67, 249, 79, 59, 89, 212, 232, 250, 110, 99, 255, 50, 251, 203,
       197, 125, 243, 251, 254, 70, 114, 35, 10, 136, 93, 181, 154, 105,
       140, 44, 153, 143, 132, 206, 54, 192, 216, 185, 207, 229, 28, 3,
       194, 220, 177, 80, 139, 251, 20, 14, 61, 86, 48, 91, 83, 172, 118,
       192, 114, 86, 5, 76, 250, 231, 35, 159, 167, 196, 254, 253, 166,
       64, 205, 187, 16, 175, 50, 244, 34, 130, 111, 154, 108, 223, 87,
       116, 149, 183, 168, 110, 76, 138, 171, 250, 139, 76, 215, 122, 73,
       155, 133, 69, 125, 51, 13, 65, 219, 0, 137, 214, 125, 182, 136,
       115, 3, 53, 194, 95, 54, 188, 57, 132, 92, 246, 143, 28, 148, 37,
       44, 159, 35, 83, 166, 115, 159, 69, 230, 79, 18, 253, 243, 242,
       90, 154, 26, 21, 41, 31, 253, 237, 233, 103, 148, 15, 111, 188,
       113, 226, 239, 72, 211, 97, 153, 48, 121, 236, 124, 110, 233, 244,
       253, 46, 255, 239, 37, 20, 97, 251, 210, 96, 236, 104, 252, 181,
       238, 233, 245, 82, 203, 186, 244, 58, 158, 29, 209, 42, 106, 252,
       119, 3, 64, 118, 194, 224, 86, 155, 119, 163, 231, 249, 94, 131,
