%YAML:1.0
---
descriptors: !!opencv-matrix
   rows: 208
   cols: 32
   dt: u
   data: [ 21, 140, 75, 235, 150, 167, 107, 234, 70, 1, 203, 130, 113,
       227, 48, 96, 123, 170, 27, 188, 27, 155, 29, 255, 249, 205, 135,
       64, 189, 203, 240, 32, 28, 5, 119, 237, 149, 102, 111, 255, 116,
       198, 239, 2, 89, 119, 41, 229, 120, 246, 63, 234, 121, 147, 57,
       142, 241, 239, 231, 4, 55, 250, 228, 96, 249, 91, 105, 236, 61,
       159, 75, 120, 69, 72, 252, 76, 51, 73, 177, 48, 220, 168, 20, 110,
       201, 34, 120, 189, 243, 249, 161, 184, 123, 171, 82, 49, 83, 148,
       138, 165, 52, 38, 72, 63, 22, 235, 218, 87, 241, 42, 18, 64, 221,
       167, 61, 141, 189, 155, 209, 159, 217, 239, 187, 208, 140, 8, 56,
       88, 44, 213, 125, 107, 244, 15, 127, 184, 126, 24, 127, 72, 215,
       119, 137, 17, 151, 92, 111, 122, 226, 240, 219, 63, 239, 255, 101,
       68, 216, 243, 70, 179, 121, 56, 14, 49, 13, 237, 80, 22, 160, 127,
       166, 29, 183, 152, 66, 27, 128, 166, 124, 4, 15, 111, 210, 1, 195,
       233, 112, 49, 72, 8, 90, 90, 174, 232, 164, 154, 205, 245, 178,
       200, 159, 23, 193, 27, 44, 216, 111, 143, 201, 91, 163, 211, 38,
       103, 218, 243, 29, 80, 219, 127, 147, 125, 95, 134, 185, 207, 74,
       254, 54, 147, 78, 242, 148, 0, 220, 214, 113, 227, 176, 96, 126,
       234, 23, 206, 235, 143, 14, 255, 242, 239, 186, 136, 63, 136, 120,
       137, 53, 79, 66, 5, 52, 30, 238, 176, 117, 168, 250, 230, 195, 40,
       147, 196, 126, 204, 22, 111, 236, 176, 69, 14, 36, 44, 165, 132,
       109, 191, 88, 133, 56, 189, 121, 96, 115, 253, 81, 119, 101, 105,
       108, 12, 59, 31, 64, 48, 142, 186, 151, 24, 155, 58, 112, 31, 255,
       205, 32, 97, 123, 128, 198, 251, 241, 32, 173, 180, 44, 77, 81,
       47, 178, 243, 128, 25, 183, 189, 82, 27, 129, 68, 125, 21, 44, 77,
       251, 16, 201, 195, 253, 124, 128, 0, 22, 90, 43, 235, 96, 89, 233,
       145, 204, 231, 65, 112, 240, 137, 169, 140, 86, 189, 204, 219,
       151, 195, 220, 58, 198, 224, 46, 88, 212, 233, 95, 156, 234, 156,
       166, 179, 160, 152, 79, 17, 144, 201, 91, 21, 208, 47, 12, 200,
       94, 142, 219, 139, 131, 213, 14, 98, 202, 209, 153, 80, 11, 111,
       87, 12, 47, 199, 10, 136, 18, 153, 117, 221, 184, 71, 30, 13, 86,
       19, 172, 158, 38, 204, 235, 59, 147, 145, 50, 188, 19, 247, 143,
       87, 154, 195, 150, 12, 189, 138, 9, 158, 31, 125, 52, 190, 233,
       55, 124, 73, 126, 100, 191, 50, 144, 228, 167, 39, 126, 12, 147,
       184, 33, 207, 174, 255, 50, 192, 202, 128, 73, 45, 81, 1, 173,
       165, 140, 110, 73, 59, 162, 241, 138, 9, 247, 61, 80, 66, 128, 70,
       121, 13, 24, 73, 211, 0, 201, 231, 221, 16, 128, 104, 20, 122,
       161, 235, 105, 109, 116, 143, 239, 125, 84, 104, 116, 110, 51, 9,
       176, 48, 92, 136, 23, 110, 201, 186, 101, 29, 102, 137, 161, 160,
       125, 138, 82, 185, 101, 101, 173, 167, 140, 79, 79, 184, 34, 228,
       133, 13, 215, 101, 91, 83, 16, 196, 121, 111, 73, 66, 249, 44,
       237, 155, 197, 60, 0, 187, 18, 114, 91, 112, 170, 176, 43, 248,
       56, 71, 171, 245, 152, 173, 172, 206, 87, 154, 167, 177, 253, 149,
       134, 65, 182, 192, 147, 81, 94, 187, 134, 84, 47, 87, 130, 252,
       178, 218, 251, 241, 190, 236, 159, 23, 217, 147, 236, 254, 108,
       68, 239, 123, 251, 195, 54, 15, 218, 247, 63, 118, 159, 251, 150,
       95, 165, 222, 101, 81, 8, 165, 4, 15, 71, 184, 32, 236, 239, 13,
       215, 97, 27, 16, 144, 196, 105, 110, 77, 176, 217, 12, 229, 189,
       5, 20, 72, 178, 82, 82, 51, 130, 238, 157, 94, 35, 169, 91, 22,
       245, 214, 247, 97, 172, 182, 73, 125, 140, 183, 149, 188, 222,
       103, 157, 92, 46, 251, 196, 181, 172, 116, 220, 133, 167, 135,
       159, 221, 31, 238, 232, 86, 242, 219, 90, 224, 232, 252, 229, 249,
       238, 106, 255, 253, 247, 223, 255, 60, 62, 207, 28, 93, 106, 248,
       132, 233, 60, 255, 117, 96, 110, 125, 54, 113, 238, 118, 28, 151,
       53, 131, 59, 133, 244, 125, 44, 161, 252, 225, 14, 199, 251, 112,
       128, 194, 240, 70, 243, 2, 34, 102, 137, 74, 129, 184, 67, 174,
       21, 211, 243, 141, 142, 214, 78, 110, 157, 239, 145, 134, 158,
       199, 209, 148, 48, 186, 227, 53, 132, 37, 197, 3, 0, 206, 145,
       100, 187, 232, 19, 126, 113, 86, 246, 153, 8, 150, 236, 106, 8,
       62, 29, 135, 252, 71, 209, 6, 24, 242, 192, 205, 140, 89, 148, 27,
       219, 6, 151, 21, 159, 175, 244, 22, 125, 86, 231, 64, 164, 186,
       196, 125, 198, 187, 207, 207, 216, 61, 181, 124, 35, 255, 196, 63,
       30, 153, 221, 66, 219, 4, 143, 90, 129, 175, 236, 142, 60, 88,
       231, 160, 134, 42, 194, 228, 205, 175, 199, 70, 25, 203, 245, 180,
       32, 170, 214, 61, 26, 29, 93, 169, 28, 127, 69, 100, 94, 109, 51,
       125, 206, 118, 12, 179, 21, 149, 53, 46, 180, 86, 44, 233, 252,
       117, 14, 71, 251, 112, 144, 71, 168, 70, 121, 60, 85, 114, 236,
       245, 86, 94, 244, 53, 142, 254, 11, 75, 255, 35, 208, 248, 252,
       151, 98, 124, 179, 24, 142, 243, 239, 229, 21, 99, 255, 124, 210,
       71, 90, 159, 252, 44, 172, 57, 146, 175, 219, 150, 100, 254, 255,
       163, 107, 199, 117, 255, 71, 129, 197, 227, 224, 209, 251, 123,
       154, 152, 121, 33, 123, 58, 205, 120, 238, 83, 211, 94, 236, 5,
       12, 252, 34, 43, 31, 32, 212, 254, 217, 151, 226, 74, 26, 72, 191,
       243, 229, 142, 151, 51, 26, 46, 139, 35, 254, 226, 146, 215, 177,
       188, 199, 95, 119, 124, 191, 40, 184, 118, 12, 239, 171, 147, 149,
       150, 126, 6, 243, 62, 30, 158, 171, 223, 92, 249, 223, 121, 79,
       233, 37, 172, 15, 207, 191, 101, 238, 190, 237, 243, 41, 151, 114,
       28, 230, 124, 111, 205, 176, 237, 44, 246, 127, 229, 148, 111,
       254, 210, 105, 178, 61, 169, 204, 207, 69, 149, 111, 138, 242,
       156, 143, 52, 189, 101, 47, 236, 123, 243, 131, 65, 75, 242, 192,
       89, 0, 223, 191, 21, 124, 55, 251, 232, 62, 190, 117, 160, 254,
       117, 54, 249, 223, 118, 28, 191, 63, 2, 59, 135, 119, 253, 8, 176,
       252, 177, 42, 199, 251, 112, 1, 192, 208, 206, 251, 41, 55, 121,
       101, 116, 15, 107, 52, 121, 104, 126, 76, 211, 55, 144, 48, 22,
       220, 86, 110, 145, 184, 113, 14, 103, 189, 32, 128, 72, 162, 66,
       241, 118, 167, 134, 190, 203, 163, 174, 239, 190, 191, 219, 167,
       236, 226, 111, 198, 253, 239, 235, 133, 6, 211, 207, 253, 156, 38,
       207, 159, 181, 118, 175, 134, 60, 21, 252, 237, 220, 119, 214,
       121, 23, 76, 253, 3, 83, 125, 59, 64, 88, 216, 183, 42, 30, 34,
       91, 159, 115, 239, 161, 29, 247, 235, 124, 211, 2, 141, 66, 154,
       215, 211, 174, 231, 158, 4, 90, 131, 40, 222, 54, 196, 122, 187,
       147, 193, 118, 155, 30, 255, 53, 38, 142, 11, 21, 94, 189, 158,
       228, 247, 143, 190, 136, 143, 79, 248, 182, 182, 193, 13, 215,
       231, 105, 82, 217, 253, 111, 226, 106, 83, 219, 31, 253, 162, 239,
       28, 16, 123, 39, 114, 35, 73, 99, 76, 85, 213, 171, 98, 173, 72,
       248, 135, 56, 142, 181, 164, 238, 161, 19, 238, 193, 171, 54, 253,
       55, 56, 138, 136, 81, 31, 103, 252, 60, 85, 114, 236, 221, 87, 86,
       125, 149, 140, 252, 11, 107, 255, 43, 208, 216, 253, 151, 98, 76,
       163, 114, 142, 243, 239, 165, 25, 115, 254, 236, 210, 60, 81, 250,
       228, 180, 86, 127, 245, 117, 172, 254, 3, 91, 253, 51, 64, 120,
       252, 183, 234, 72, 179, 57, 206, 123, 239, 167, 133, 103, 186,
       252, 250, 40, 173, 249, 117, 244, 235, 103, 55, 112, 167, 126, 24,
       243, 33, 144, 48, 27, 254, 6, 40, 248, 184, 97, 47, 111, 175, 52,
       0, 101, 216, 198, 168, 3, 223, 30, 249, 116, 133, 189, 183, 30,
       25, 94, 118, 188, 251, 176, 64, 199, 59, 63, 137, 227, 152, 115,
       255, 238, 255, 190, 194, 28, 152, 177, 185, 2, 221, 65, 139, 250,
       195, 47, 255, 14, 65, 92, 231, 252, 103, 160, 196, 87, 123, 155,
       223, 83, 8, 109, 255, 44, 36, 174, 236, 30, 158, 165, 121, 189,
       205, 75, 172, 156, 35, 71, 249, 86, 194, 220, 6, 83, 241, 185, 64,
       89, 194, 31, 235, 105, 35, 31, 191, 248, 143, 165, 188, 61, 250,
