%YAML:1.0
---
descriptors: !!opencv-matrix
   rows: 197
   cols: 32
   dt: u
   data: [ 84, 89, 151, 166, 40, 204, 87, 176, 171, 168, 163, 72, 254,
       247, 65, 82, 134, 245, 125, 106, 73, 67, 154, 104, 241, 240, 111,
       58, 72, 51, 3, 43, 82, 175, 198, 158, 219, 3, 168, 239, 191, 181,
       218, 199, 232, 226, 110, 199, 127, 239, 235, 148, 54, 219, 207,
       253, 188, 34, 223, 223, 157, 100, 187, 142, 37, 164, 135, 95, 221,
       63, 230, 233, 118, 179, 243, 86, 226, 232, 220, 237, 249, 206,
       106, 189, 189, 242, 255, 223, 29, 62, 215, 36, 201, 106, 241, 164,
       49, 207, 98, 154, 212, 131, 194, 230, 84, 13, 216, 199, 97, 232,
       182, 68, 89, 234, 6, 253, 222, 186, 76, 191, 40, 44, 167, 200, 53,
       158, 248, 204, 38, 176, 16, 154, 205, 205, 176, 203, 159, 53, 161,
       25, 140, 248, 104, 8, 137, 27, 203, 17, 18, 107, 218, 245, 29, 22,
       95, 127, 208, 8, 133, 134, 207, 82, 255, 229, 38, 94, 127, 184,
       121, 206, 246, 228, 93, 63, 151, 123, 246, 213, 61, 238, 225, 212,
       189, 200, 246, 251, 103, 132, 46, 243, 103, 113, 121, 189, 121,
       96, 114, 255, 81, 55, 97, 105, 124, 76, 59, 31, 64, 48, 166, 191,
       21, 24, 155, 186, 240, 31, 127, 205, 32, 96, 107, 128, 66, 123,
       121, 187, 57, 96, 116, 13, 83, 127, 107, 232, 188, 76, 159, 155,
       64, 48, 188, 157, 84, 120, 219, 58, 240, 29, 251, 205, 37, 124,
       106, 136, 194, 43, 1, 0, 204, 17, 100, 187, 224, 19, 126, 113,
       118, 214, 147, 8, 150, 237, 104, 172, 54, 29, 135, 252, 103, 213,
       6, 59, 242, 64, 239, 140, 88, 196, 37, 55, 121, 101, 244, 79, 123,
       58, 120, 72, 126, 68, 215, 117, 128, 48, 22, 94, 86, 46, 145, 176,
       113, 14, 103, 189, 32, 192, 72, 162, 66, 241, 169, 28, 127, 69,
       36, 78, 105, 51, 125, 206, 118, 4, 187, 23, 149, 125, 38, 188, 86,
       40, 233, 188, 117, 76, 71, 251, 112, 128, 66, 160, 70, 121, 0,
       134, 126, 123, 52, 170, 235, 22, 124, 3, 127, 176, 255, 99, 186,
       88, 55, 34, 111, 28, 178, 188, 33, 127, 206, 191, 50, 192, 220,
       128, 233, 139, 117, 101, 169, 165, 24, 79, 79, 56, 34, 228, 143,
       9, 211, 101, 91, 18, 81, 196, 121, 255, 72, 67, 249, 8, 249, 225,
       141, 60, 0, 243, 22, 114, 130, 173, 178, 218, 249, 213, 190, 239,
       159, 17, 217, 147, 236, 254, 108, 228, 239, 251, 251, 195, 118,
       15, 218, 247, 63, 116, 158, 235, 146, 70, 173, 158, 62, 93, 82,
       190, 133, 119, 86, 236, 149, 134, 252, 3, 79, 254, 35, 212, 248,
       249, 135, 99, 108, 179, 26, 174, 179, 247, 79, 11, 51, 127, 44,
       198, 120, 101, 113, 76, 57, 127, 87, 127, 97, 166, 172, 8, 123,
       55, 0, 182, 88, 246, 196, 42, 105, 35, 241, 142, 243, 221, 5, 57,
       99, 254, 70, 122, 66, 172, 150, 155, 217, 229, 180, 207, 159, 55,
       234, 17, 172, 250, 100, 78, 225, 127, 234, 17, 54, 73, 219, 247,
       13, 54, 95, 111, 144, 76, 165, 142, 78, 219, 174, 179, 167, 22,
       188, 166, 174, 189, 134, 167, 204, 47, 90, 75, 231, 71, 185, 213,
       20, 217, 139, 224, 239, 115, 254, 199, 134, 84, 189, 91, 21, 142,
       75, 251, 182, 163, 107, 218, 86, 1, 218, 230, 113, 227, 176, 96,
       127, 170, 31, 188, 187, 155, 45, 255, 248, 175, 171, 192, 189,
       203, 112, 33, 153, 50, 108, 177, 52, 158, 105, 23, 119, 109, 214,
       247, 155, 13, 146, 237, 108, 172, 191, 157, 143, 252, 245, 149,
       198, 235, 242, 193, 47, 140, 92, 125, 125, 135, 69, 174, 252, 55,
       78, 184, 87, 122, 217, 207, 83, 97, 153, 217, 95, 202, 62, 238,
       159, 34, 79, 189, 186, 235, 229, 188, 191, 239, 120, 1, 113, 48,
       26, 56, 12, 141, 112, 19, 164, 17, 166, 29, 151, 153, 66, 88, 128,
       128, 104, 28, 30, 45, 209, 16, 210, 233, 48, 81, 104, 0, 74, 10,
       125, 79, 233, 37, 236, 15, 207, 191, 65, 238, 190, 237, 211, 41,
       151, 114, 92, 228, 127, 111, 201, 178, 237, 8, 244, 127, 229, 148,
       111, 254, 210, 105, 73, 28, 243, 77, 181, 238, 107, 51, 117, 75,
       110, 16, 251, 53, 148, 112, 53, 62, 60, 184, 187, 188, 53, 47,
       235, 191, 52, 64, 226, 194, 68, 120, 73, 185, 149, 117, 137, 252,
       48, 10, 235, 241, 166, 8, 190, 179, 68, 58, 129, 119, 104, 16, 19,
       105, 243, 65, 223, 251, 81, 123, 202, 64, 11, 38, 75, 24, 155,
       184, 49, 244, 58, 82, 190, 73, 74, 85, 188, 158, 35, 104, 229, 59,
       63, 149, 151, 141, 18, 247, 193, 255, 186, 202, 152, 69, 41, 91,
       94, 57, 187, 224, 43, 109, 89, 64, 171, 249, 167, 9, 31, 159, 67,
       58, 166, 149, 253, 209, 27, 3, 176, 192, 219, 213, 155, 255, 170,
       7, 7, 115, 9, 28, 127, 85, 100, 254, 233, 51, 125, 79, 126, 16,
       187, 61, 148, 125, 134, 54, 126, 8, 145, 188, 49, 72, 71, 251,
       114, 0, 66, 200, 71, 249, 55, 85, 104, 201, 180, 70, 207, 95, 85,
       205, 222, 130, 81, 29, 158, 96, 94, 140, 31, 253, 216, 178, 117,
       206, 127, 45, 166, 196, 181, 154, 244, 241, 41, 71, 66, 7, 116,
       31, 238, 116, 116, 232, 250, 70, 115, 40, 151, 224, 124, 236, 6,
       239, 237, 176, 93, 14, 52, 44, 165, 128, 109, 187, 120, 140, 60,
       21, 252, 237, 252, 119, 222, 121, 87, 12, 253, 3, 91, 125, 59,
       192, 88, 216, 183, 168, 30, 34, 91, 159, 115, 239, 161, 29, 247,
       235, 252, 210, 60, 85, 82, 236, 221, 86, 86, 125, 149, 140, 248,
       11, 75, 255, 43, 208, 248, 253, 151, 98, 76, 163, 48, 142, 243,
       239, 167, 25, 35, 254, 252, 194, 60, 69, 254, 100, 213, 86, 86,
       248, 181, 228, 254, 11, 91, 255, 43, 208, 120, 244, 199, 106, 108,
       179, 24, 142, 115, 239, 37, 21, 227, 255, 238, 210, 134, 172, 51,
       186, 219, 197, 190, 238, 159, 23, 129, 27, 236, 254, 44, 197, 251,
       251, 251, 131, 118, 79, 154, 255, 189, 86, 159, 123, 16, 92, 165,
       142, 9, 158, 63, 125, 52, 190, 105, 55, 109, 73, 126, 100, 191,
       50, 148, 112, 134, 39, 126, 12, 151, 184, 33, 79, 238, 255, 50,
       192, 202, 128, 193, 45, 73, 134, 95, 239, 50, 174, 122, 187, 124,
       73, 127, 116, 255, 107, 184, 80, 55, 7, 127, 60, 177, 188, 1, 127,
       238, 239, 50, 192, 236, 130, 233, 1, 21, 5, 79, 235, 150, 163,
       107, 250, 84, 65, 203, 134, 113, 99, 185, 96, 126, 170, 27, 188,
       187, 185, 61, 255, 248, 143, 135, 64, 189, 203, 112, 160, 28, 133,
       118, 239, 149, 246, 79, 247, 53, 132, 238, 2, 91, 119, 42, 197,
       120, 246, 175, 234, 120, 153, 57, 174, 251, 239, 199, 65, 178,
       254, 244, 98, 217, 91, 87, 238, 59, 30, 94, 184, 237, 200, 247,
       108, 255, 87, 137, 247, 54, 245, 252, 106, 233, 161, 89, 237, 178,
       249, 39, 146, 42, 183, 11, 57, 58, 223, 66, 236, 113, 195, 94,
       103, 21, 44, 248, 235, 43, 31, 36, 208, 252, 185, 135, 226, 76,
       155, 0, 189, 178, 213, 170, 179, 55, 158, 108, 139, 40, 251, 216,
       223, 87, 216, 49, 39, 83, 133, 68, 2, 175, 131, 98, 68, 64, 122,
       130, 80, 86, 218, 242, 169, 111, 247, 22, 43, 50, 136, 220, 234,
       73, 24, 200, 53, 21, 252, 112, 23, 109, 105, 206, 13, 171, 57, 2,
       80, 224, 166, 236, 20, 30, 152, 213, 133, 206, 255, 16, 67, 170,
       132, 88, 94, 77, 245, 92, 109, 188, 15, 119, 184, 46, 184, 191,
       76, 223, 115, 137, 19, 151, 212, 108, 106, 73, 224, 217, 29, 239,
       251, 101, 20, 74, 243, 66, 33, 35, 134, 101, 73, 116, 27, 233,
       123, 93, 105, 114, 230, 145, 8, 180, 164, 94, 8, 22, 45, 161, 184,
       101, 223, 36, 30, 176, 196, 95, 140, 80, 253, 181, 197, 72, 236,
       158, 67, 71, 253, 70, 194, 156, 70, 115, 113, 187, 64, 89, 194,
       30, 238, 233, 35, 31, 31, 240, 205, 165, 60, 61, 250, 240, 32, 45,
       191, 41, 171, 124, 157, 171, 248, 206, 236, 92, 206, 253, 236,
       186, 32, 157, 107, 19, 125, 151, 56, 124, 63, 109, 13, 175, 232,
       85, 46, 81, 249, 230, 177, 144, 226, 253, 237, 208, 201, 139, 177,
       169, 25, 142, 216, 77, 30, 137, 155, 203, 17, 30, 99, 218, 208,
       155, 208, 21, 127, 208, 11, 206, 134, 3, 0, 231, 185, 68, 170,
       233, 19, 54, 117, 82, 215, 145, 12, 146, 73, 108, 172, 51, 157,
       159, 252, 247, 209, 68, 42, 250, 192, 173, 140, 80, 208, 2, 50,
