%YAML:1.0
---
descriptors: !!opencv-matrix
   rows: 208
   cols: 32
   dt: u
   data: [ 3, 118, 231, 135, 118, 15, 175, 93, 172, 203, 95, 230, 253,
       68, 189, 166, 62, 43, 23, 191, 227, 240, 45, 204, 36, 14, 174,
       128, 141, 222, 145, 253, 104, 173, 90, 111, 244, 238, 119, 183,
       49, 142, 126, 8, 255, 123, 0, 16, 147, 254, 68, 40, 120, 184, 209,
       47, 239, 255, 52, 1, 96, 208, 206, 139, 237, 153, 121, 88, 236,
       118, 251, 250, 80, 104, 116, 92, 81, 189, 116, 121, 220, 220, 50,
       110, 177, 122, 250, 54, 95, 171, 225, 108, 89, 169, 114, 241, 84,
       88, 157, 182, 168, 204, 85, 181, 171, 186, 178, 73, 255, 247, 65,
       91, 135, 247, 125, 66, 73, 75, 218, 96, 217, 243, 119, 58, 128,
       113, 131, 59, 101, 92, 125, 72, 252, 247, 91, 158, 206, 234, 186,
       0, 16, 30, 183, 120, 197, 164, 30, 184, 167, 7, 125, 94, 127, 15,
       167, 84, 152, 179, 100, 127, 181, 93, 107, 243, 244, 167, 107,
       244, 85, 224, 126, 214, 83, 109, 183, 97, 126, 170, 23, 252, 185,
       186, 61, 190, 111, 203, 165, 192, 255, 153, 120, 248, 181, 141,
       110, 236, 244, 6, 79, 249, 81, 98, 246, 214, 83, 45, 182, 113,
       126, 196, 23, 238, 249, 191, 125, 63, 114, 171, 161, 212, 125,
       171, 240, 240, 18, 226, 175, 214, 180, 221, 110, 85, 191, 203,
       159, 219, 230, 197, 184, 134, 181, 122, 223, 14, 99, 197, 34, 235,
       179, 22, 60, 145, 4, 218, 156, 121, 82, 52, 188, 190, 137, 244,
       149, 79, 158, 95, 141, 51, 172, 254, 110, 75, 201, 51, 249, 129,
       30, 75, 186, 241, 211, 51, 222, 187, 144, 84, 173, 94, 24, 116,
       183, 182, 23, 173, 119, 87, 237, 199, 155, 31, 110, 241, 43, 143,
       50, 99, 95, 29, 162, 225, 19, 232, 249, 82, 20, 18, 230, 94, 177,
       107, 170, 129, 81, 204, 205, 145, 76, 109, 141, 0, 193, 2, 40,
       211, 36, 228, 88, 178, 155, 168, 82, 43, 82, 223, 55, 60, 130, 90,
       22, 142, 240, 44, 214, 249, 26, 154, 75, 192, 184, 200, 175, 212,
       128, 163, 236, 222, 107, 66, 230, 121, 251, 211, 6, 67, 154, 241,
       153, 16, 139, 171, 16, 7, 45, 87, 98, 177, 148, 154, 221, 205,
       144, 239, 143, 61, 161, 25, 142, 254, 108, 142, 201, 19, 235, 17,
       22, 107, 218, 241, 157, 18, 95, 127, 144, 12, 141, 134, 229, 137,
       152, 251, 173, 205, 70, 160, 202, 58, 178, 72, 151, 145, 80, 122,
       192, 108, 108, 74, 93, 45, 202, 48, 205, 249, 97, 125, 80, 43, 88,
       3, 93, 94, 116, 72, 250, 38, 25, 158, 110, 253, 186, 199, 29, 26,
       167, 120, 231, 133, 126, 180, 167, 7, 125, 94, 126, 47, 35, 212,
       153, 177, 97, 85, 35, 226, 228, 29, 108, 147, 168, 105, 207, 248,
       212, 239, 232, 200, 246, 166, 220, 40, 242, 205, 198, 98, 207,
       221, 14, 26, 207, 191, 95, 172, 88, 205, 109, 232, 136, 237, 141,
       4, 78, 137, 74, 58, 161, 64, 151, 147, 80, 114, 201, 76, 92, 78,
       205, 7, 218, 177, 231, 253, 195, 60, 24, 59, 218, 2, 105, 92, 125,
       115, 218, 243, 49, 151, 70, 240, 238, 42, 81, 62, 7, 123, 79, 183,
       178, 144, 165, 90, 125, 60, 127, 11, 247, 69, 189, 82, 100, 90,
       255, 221, 105, 109, 224, 6, 79, 177, 17, 106, 173, 77, 83, 63, 16,
       112, 221, 221, 21, 238, 249, 30, 248, 179, 231, 253, 193, 180, 59,
       163, 194, 242, 93, 246, 1, 45, 176, 46, 79, 184, 52, 8, 234, 204,
       215, 99, 137, 112, 23, 204, 124, 110, 169, 144, 217, 15, 236, 172,
       37, 212, 168, 179, 2, 49, 166, 38, 224, 210, 213, 49, 186, 72, 94,
       55, 89, 155, 72, 204, 254, 8, 221, 9, 147, 183, 150, 22, 110, 210,
       28, 28, 155, 239, 149, 79, 116, 198, 10, 160, 148, 153, 233, 249,
       48, 79, 158, 63, 20, 57, 140, 146, 98, 143, 201, 27, 235, 16, 22,
       94, 194, 209, 140, 209, 127, 239, 146, 76, 141, 143, 77, 151, 85,
       101, 240, 15, 103, 184, 104, 8, 107, 108, 215, 115, 136, 49, 54,
       196, 76, 106, 209, 176, 89, 45, 228, 170, 33, 4, 74, 163, 194, 49,
       10, 152, 58, 248, 255, 245, 185, 71, 159, 13, 220, 55, 44, 158,
       102, 204, 231, 187, 159, 17, 150, 47, 18, 243, 95, 213, 26, 251,
       150, 12, 173, 95, 33, 65, 115, 69, 116, 26, 235, 57, 100, 160,
       126, 226, 211, 1, 148, 116, 126, 140, 22, 238, 193, 184, 101, 92,
       36, 172, 162, 192, 111, 138, 96, 165, 59, 188, 179, 189, 245, 255,
       254, 207, 95, 235, 120, 23, 44, 252, 118, 164, 253, 123, 151, 17,
       183, 190, 176, 243, 31, 94, 159, 38, 223, 92, 241, 223, 2, 153,
       150, 159, 139, 228, 180, 199, 190, 87, 66, 19, 172, 254, 42, 75,
       227, 51, 187, 129, 22, 201, 18, 245, 5, 50, 94, 67, 144, 84, 165,
       222, 4, 157, 23, 255, 188, 239, 111, 248, 151, 186, 91, 66, 246,
       247, 33, 69, 217, 122, 59, 74, 107, 209, 91, 191, 237, 150, 207,
       4, 16, 107, 52, 56, 167, 231, 96, 155, 213, 177, 174, 205, 87, 55,
       85, 215, 64, 200, 255, 141, 93, 202, 147, 223, 190, 126, 78, 247,
       46, 30, 159, 237, 223, 221, 248, 204, 2, 148, 147, 219, 115, 228,
       184, 67, 62, 11, 91, 146, 172, 223, 40, 72, 247, 27, 147, 17, 50,
       156, 18, 215, 13, 54, 26, 194, 148, 72, 165, 179, 2, 234, 156,
       152, 233, 253, 176, 198, 143, 61, 128, 25, 172, 154, 98, 15, 137,
       123, 235, 17, 22, 79, 194, 241, 157, 82, 94, 123, 144, 93, 143,
       143, 166, 97, 226, 18, 207, 81, 158, 200, 203, 244, 177, 11, 72,
       220, 127, 27, 251, 217, 243, 247, 206, 103, 138, 240, 59, 88, 207,
       63, 215, 63, 126, 198, 3, 8, 97, 153, 70, 157, 233, 19, 46, 81,
       82, 198, 189, 14, 180, 108, 38, 41, 55, 157, 135, 152, 53, 209, 5,
       24, 186, 192, 63, 132, 1, 253, 114, 184, 159, 154, 205, 237, 144,
       195, 175, 243, 169, 25, 174, 254, 102, 90, 233, 247, 251, 17, 30,
       75, 218, 241, 153, 50, 223, 123, 152, 77, 183, 222, 9, 93, 71, 71,
       84, 30, 238, 180, 124, 224, 122, 68, 243, 16, 149, 228, 60, 108,
       18, 110, 225, 176, 85, 46, 37, 172, 39, 0, 105, 187, 80, 188, 42,
       140, 234, 187, 213, 247, 251, 207, 31, 79, 92, 19, 248, 255, 50,
       64, 217, 42, 147, 148, 55, 188, 122, 255, 111, 31, 183, 193, 147,
       72, 252, 218, 114, 163, 96, 142, 29, 17, 154, 104, 11, 244, 153,
       171, 234, 204, 95, 128, 94, 129, 223, 231, 206, 35, 207, 221, 186,
       80, 139, 191, 85, 14, 94, 70, 2, 149, 27, 139, 151, 226, 51, 105,
       44, 1, 91, 34, 236, 118, 40, 64, 247, 27, 147, 161, 18, 144, 25,
       223, 45, 54, 138, 195, 148, 2, 165, 163, 246, 123, 230, 130, 207,
       85, 158, 200, 139, 250, 157, 175, 76, 204, 127, 175, 254, 209,
       223, 247, 228, 103, 190, 224, 51, 80, 207, 191, 23, 127, 183, 215,
       246, 241, 116, 194, 207, 69, 150, 232, 203, 180, 185, 139, 74,
       220, 125, 35, 222, 209, 211, 99, 206, 99, 218, 240, 59, 24, 197,
       127, 85, 63, 246, 215, 138, 186, 148, 153, 233, 249, 48, 199, 31,
       61, 84, 241, 172, 146, 226, 205, 203, 27, 166, 16, 22, 92, 67,
       241, 142, 83, 58, 235, 150, 12, 141, 207, 177, 195, 111, 239, 36,
       11, 111, 248, 20, 106, 243, 230, 115, 77, 184, 65, 126, 196, 63,
       239, 233, 183, 109, 61, 242, 235, 231, 132, 125, 186, 240, 113,
       66, 251, 156, 152, 233, 237, 180, 199, 139, 29, 136, 29, 172, 158,
       98, 11, 137, 91, 235, 17, 22, 75, 146, 241, 157, 16, 94, 123, 144,
       92, 143, 223, 2, 189, 146, 155, 213, 253, 182, 207, 31, 5, 72, 19,
       172, 252, 110, 196, 251, 27, 147, 17, 118, 184, 26, 247, 47, 22,
       30, 107, 146, 76, 189, 158, 53, 140, 111, 239, 148, 6, 207, 248,
       84, 98, 254, 2, 83, 41, 48, 113, 89, 228, 23, 238, 249, 191, 125,
       62, 113, 175, 225, 84, 125, 171, 240, 96, 117, 140, 111, 111, 180,
       6, 239, 184, 84, 106, 255, 214, 81, 47, 180, 96, 127, 228, 61,
       238, 249, 180, 125, 62, 117, 174, 227, 196, 61, 243, 240, 112,
       246, 177, 16, 178, 157, 253, 80, 205, 143, 53, 169, 25, 142, 223,
       78, 158, 201, 147, 235, 17, 30, 111, 219, 179, 155, 213, 21, 127,
       210, 15, 206, 6, 0, 25, 159, 221, 12, 207, 99, 120, 158, 136, 219,
       2, 246, 247, 33, 64, 248, 120, 59, 104, 1, 177, 59, 223, 157, 158,
       139, 2, 16, 43, 53, 98, 243, 75, 71, 204, 78, 2, 111, 252, 245,
