%YAML:1.0
---
descriptors: !!opencv-matrix
   rows: 158
   cols: 32
   dt: u
   data: [ 32, 233, 99, 232, 116, 141, 224, 229, 79, 33, 240, 9, 162,
       152, 116, 48, 200, 168, 19, 69, 66, 58, 208, 213, 63, 28, 128,
       110, 81, 10, 210, 138, 139, 201, 51, 217, 197, 221, 172, 7, 239,
       81, 114, 82, 172, 152, 116, 237, 238, 59, 138, 153, 215, 188, 54,
       241, 7, 24, 154, 74, 86, 8, 193, 164, 56, 73, 107, 254, 85, 212,
       255, 228, 149, 4, 246, 3, 121, 223, 51, 65, 104, 248, 147, 202,
       76, 171, 50, 253, 115, 239, 130, 9, 51, 58, 116, 234, 102, 179,
       184, 186, 249, 253, 150, 204, 139, 125, 157, 57, 142, 252, 79,
       154, 221, 219, 223, 81, 158, 67, 250, 160, 251, 85, 157, 255, 144,
       95, 158, 211, 38, 177, 56, 186, 249, 213, 158, 237, 142, 93, 129,
       57, 212, 222, 106, 8, 205, 155, 219, 211, 94, 75, 122, 181, 251,
       213, 158, 255, 144, 11, 175, 211, 147, 73, 103, 222, 70, 198, 239,
       116, 237, 68, 246, 130, 121, 223, 181, 100, 110, 241, 51, 207,
       193, 147, 52, 236, 113, 40, 202, 128, 63, 178, 117, 252, 50, 143,
       107, 171, 214, 163, 255, 247, 23, 5, 124, 135, 33, 45, 54, 0, 127,
       234, 151, 148, 250, 186, 41, 191, 126, 207, 182, 129, 245, 222,
       244, 250, 54, 162, 134, 25, 141, 153, 128, 200, 134, 189, 129,
       137, 194, 200, 223, 142, 217, 232, 235, 117, 30, 99, 202, 144,
       136, 80, 133, 127, 195, 47, 94, 196, 219, 93, 114, 204, 50, 150,
       254, 119, 237, 200, 94, 231, 125, 255, 183, 229, 102, 253, 151,
       239, 197, 153, 52, 238, 242, 105, 174, 128, 47, 246, 41, 93, 11,
       145, 118, 74, 219, 213, 180, 239, 239, 17, 108, 34, 44, 250, 46,
       244, 234, 59, 162, 208, 86, 43, 50, 245, 63, 125, 22, 75, 91, 6,
       171, 142, 60, 253, 125, 232, 237, 85, 215, 254, 207, 120, 188, 42,
       120, 223, 205, 32, 217, 211, 119, 226, 91, 35, 106, 245, 123, 221,
       229, 255, 83, 123, 198, 227, 3, 175, 105, 195, 246, 18, 175, 183,
       124, 237, 94, 198, 145, 45, 222, 32, 63, 78, 23, 157, 211, 152,
       45, 127, 108, 13, 191, 196, 165, 130, 213, 249, 170, 40, 10, 184,
       77, 228, 201, 79, 150, 5, 192, 18, 180, 235, 112, 73, 201, 175,
       123, 153, 58, 75, 210, 208, 221, 48, 219, 105, 144, 8, 58, 136, 6,
       136, 158, 175, 44, 205, 54, 160, 142, 185, 203, 3, 244, 243, 41,
       74, 192, 113, 59, 83, 64, 137, 91, 161, 205, 182, 207, 18, 144,
       59, 17, 42, 11, 157, 35, 175, 188, 135, 143, 253, 68, 64, 221,
       166, 255, 109, 176, 228, 94, 58, 159, 109, 219, 168, 124, 191,
       232, 60, 138, 216, 127, 142, 145, 249, 56, 69, 122, 110, 85, 78,
       79, 109, 65, 0, 235, 2, 115, 249, 56, 80, 248, 250, 19, 106, 72,
       163, 18, 173, 115, 233, 132, 8, 99, 186, 244, 170, 52, 228, 184,
       104, 220, 239, 211, 216, 86, 191, 180, 26, 82, 217, 107, 40, 121,
       216, 6, 122, 10, 39, 107, 51, 91, 143, 37, 125, 243, 251, 102,
       162, 103, 203, 236, 135, 236, 30, 110, 180, 225, 244, 158, 142,
       194, 40, 215, 246, 106, 228, 254, 206, 220, 59, 237, 232, 62, 61,
       197, 213, 167, 191, 248, 68, 128, 170, 27, 176, 240, 173, 56, 87,
       190, 13, 112, 88, 174, 130, 64, 24, 167, 59, 78, 17, 178, 156, 2,
       87, 141, 215, 58, 234, 192, 0, 135, 9, 139, 8, 134, 155, 37, 188,
       184, 2, 191, 81, 70, 213, 172, 138, 119, 205, 231, 41, 187, 149,
       135, 220, 18, 241, 134, 115, 218, 195, 158, 5, 57, 158, 234, 48,
       165, 26, 205, 253, 177, 203, 203, 117, 165, 159, 40, 220, 127, 63,
       137, 155, 243, 21, 183, 103, 254, 241, 23, 88, 219, 63, 215, 92,
       215, 246, 244, 237, 252, 106, 141, 83, 86, 200, 83, 182, 173, 8,
       67, 225, 79, 59, 89, 196, 108, 122, 110, 99, 235, 48, 251, 203,
       69, 125, 243, 251, 238, 70, 99, 217, 118, 190, 126, 151, 222, 253,
       91, 232, 144, 207, 108, 120, 54, 33, 254, 231, 215, 229, 229, 235,
       12, 253, 186, 126, 223, 186, 13, 156, 251, 157, 7, 149, 3, 131,
       246, 182, 238, 115, 124, 201, 91, 214, 92, 238, 188, 224, 119, 47,
       23, 189, 181, 152, 60, 206, 44, 46, 175, 196, 140, 230, 185, 213,
       10, 174, 160, 155, 93, 177, 184, 206, 223, 87, 88, 151, 168, 236,
       127, 140, 233, 43, 131, 149, 150, 126, 46, 243, 14, 86, 154, 235,
       215, 77, 191, 206, 3, 141, 97, 219, 151, 255, 202, 231, 95, 97,
       92, 2, 252, 236, 52, 228, 91, 170, 19, 157, 27, 184, 125, 255,
       175, 28, 137, 114, 183, 143, 153, 172, 2, 157, 18, 154, 223, 225,
       178, 99, 143, 13, 201, 35, 172, 250, 36, 192, 241, 59, 139, 145,
       18, 11, 18, 223, 61, 116, 138, 75, 144, 78, 165, 14, 41, 253, 115,
       77, 117, 223, 231, 119, 85, 104, 120, 72, 50, 149, 180, 180, 88,
       186, 18, 72, 201, 186, 116, 223, 55, 28, 4, 32, 83, 154, 210, 172,
       139, 146, 147, 153, 246, 182, 184, 83, 191, 91, 83, 117, 156, 158,
       174, 236, 231, 11, 23, 29, 183, 156, 34, 211, 14, 62, 58, 198,
       158, 4, 169, 215, 114, 99, 10, 168, 220, 83, 30, 109, 141, 12,
       152, 139, 132, 142, 38, 64, 216, 145, 207, 225, 92, 11, 64, 156,
       177, 209, 138, 255, 16, 26, 191, 194, 195, 219, 6, 153, 232, 140,
       188, 55, 173, 93, 30, 245, 172, 142, 230, 67, 231, 35, 255, 21,
       215, 8, 82, 213, 230, 120, 190, 202, 28, 4, 137, 217, 78, 90, 191,
       246, 108, 244, 188, 82, 169, 158, 49, 57, 28, 255, 103, 27, 167,
       113, 247, 3, 64, 103, 170, 224, 83, 155, 127, 171, 192, 113, 103,
       195, 147, 222, 111, 183, 38, 147, 173, 246, 62, 123, 86, 247, 53,
       14, 176, 105, 111, 203, 31, 141, 231, 220, 37, 253, 214, 107, 250,
       128, 45, 144, 49, 217, 36, 104, 249, 72, 252, 75, 215, 223, 87,
       174, 180, 42, 18, 209, 229, 40, 89, 216, 6, 122, 74, 39, 107, 26,
       123, 158, 37, 189, 211, 248, 246, 163, 52, 133, 123, 78, 252, 234,
       195, 232, 84, 9, 253, 2, 115, 241, 188, 100, 88, 218, 6, 106, 58,
       35, 107, 63, 115, 175, 161, 92, 81, 235, 244, 162, 56, 73, 122,
       126, 93, 211, 86, 244, 196, 140, 252, 42, 115, 217, 179, 112, 88,
       236, 134, 106, 76, 163, 66, 44, 115, 237, 165, 25, 115, 187, 120,
       138, 64, 191, 26, 57, 112, 173, 49, 55, 190, 13, 106, 92, 174,
       131, 32, 80, 167, 59, 78, 12, 178, 152, 18, 95, 237, 181, 58, 64,
       136, 0, 131, 9, 9, 35, 144, 169, 177, 149, 42, 93, 14, 9, 92, 228,
       157, 163, 224, 196, 86, 11, 158, 92, 147, 24, 128, 209, 172, 221,
       42, 232, 154, 134, 169, 169, 181, 15, 110, 154, 156, 35, 199, 255,
       212, 79, 211, 223, 131, 168, 178, 73, 73, 198, 95, 111, 252, 171,
       77, 190, 176, 62, 182, 24, 221, 249, 242, 196, 69, 100, 157, 179,
       172, 110, 13, 138, 234, 250, 131, 72, 215, 114, 205, 59, 129, 69,
       124, 59, 129, 69, 251, 64, 137, 146, 127, 180, 136, 115, 3, 37,
       59, 16, 231, 197, 7, 86, 232, 58, 87, 232, 242, 102, 88, 28, 180,
       239, 252, 252, 190, 173, 141, 244, 117, 204, 23, 106, 235, 198,
       111, 172, 120, 181, 195, 206, 14, 185, 143, 129, 60, 239, 158, 23,
       194, 183, 172, 170, 114, 195, 225, 107, 251, 133, 118, 13, 199,
       243, 188, 119, 222, 175, 28, 92, 185, 218, 11, 176, 179, 217, 229,
       253, 169, 23, 239, 91, 122, 80, 188, 158, 116, 236, 231, 59, 154,
       29, 147, 56, 50, 209, 15, 92, 154, 106, 210, 76, 133, 253, 152,
       205, 83, 188, 182, 201, 55, 230, 156, 160, 154, 163, 60, 247, 161,
       193, 34, 123, 143, 67, 96, 137, 4, 255, 240, 128, 47, 179, 54,
       252, 53, 43, 41, 189, 121, 79, 253, 95, 215, 63, 71, 232, 252,
       106, 187, 60, 148, 52, 222, 182, 215, 8, 217, 186, 101, 191, 111,
       221, 52, 179, 119, 206, 214, 127, 72, 173, 158, 59, 145, 236, 48,
       7, 190, 23, 106, 17, 174, 179, 2, 88, 161, 51, 233, 16, 50, 200,
       147, 119, 205, 247, 94, 67, 128, 64, 141, 10, 125, 109, 237, 102,
       140, 71, 87, 248, 67, 230, 173, 8, 83, 109, 91, 51, 89, 228, 108,
       234, 108, 99, 253, 62, 251, 207, 101, 61, 97, 251, 214, 98, 244,
       253, 189, 108, 153, 111, 86, 174, 211, 242, 168, 9, 83, 253, 73,
       59, 217, 214, 105, 114, 122, 99, 251, 58, 251, 207, 69, 63, 248,
