%YAML:1.0
---
descriptors: !!opencv-matrix
   rows: 187
   cols: 32
   dt: u
   data: [ 2, 148, 19, 218, 87, 228, 186, 99, 60, 9, 75, 18, 236, 214,
       40, 64, 245, 59, 147, 128, 18, 152, 16, 255, 45, 54, 154, 195,
       144, 6, 165, 131, 181, 157, 111, 89, 244, 166, 203, 186, 84, 96,
       246, 86, 83, 57, 180, 97, 93, 236, 54, 236, 185, 186, 125, 190,
       111, 234, 227, 68, 253, 169, 112, 176, 124, 48, 61, 96, 45, 77,
       81, 88, 227, 184, 181, 8, 95, 221, 73, 59, 140, 213, 253, 114, 10,
       103, 251, 144, 219, 217, 1, 127, 99, 35, 70, 51, 84, 120, 149,
       182, 168, 76, 85, 148, 171, 186, 162, 72, 222, 247, 65, 91, 135,
       247, 109, 66, 9, 67, 218, 96, 217, 242, 119, 62, 136, 115, 3, 35,
       61, 101, 110, 233, 244, 51, 235, 220, 69, 105, 253, 66, 91, 41,
       189, 32, 122, 204, 23, 250, 187, 178, 109, 141, 126, 205, 167,
       196, 255, 218, 240, 161, 2, 189, 176, 155, 245, 217, 182, 231, 31,
       101, 88, 163, 172, 236, 102, 132, 219, 59, 131, 17, 86, 184, 90,
       247, 44, 22, 30, 99, 214, 76, 157, 222, 185, 71, 113, 69, 116, 11,
       107, 56, 101, 160, 118, 106, 83, 1, 149, 53, 126, 204, 22, 106,
       233, 176, 101, 14, 102, 172, 33, 132, 111, 170, 66, 168, 166, 34,
       224, 154, 93, 49, 154, 72, 94, 183, 113, 159, 64, 204, 127, 8,
       217, 9, 131, 183, 150, 118, 207, 146, 28, 28, 155, 239, 213, 15,
       92, 198, 73, 10, 83, 161, 54, 137, 232, 22, 236, 9, 82, 64, 191,
       136, 144, 224, 102, 45, 126, 13, 131, 188, 197, 209, 132, 41, 58,
       192, 12, 136, 25, 137, 212, 64, 222, 173, 38, 2, 79, 56, 32, 162,
       198, 131, 247, 99, 17, 91, 114, 213, 125, 234, 104, 213, 197, 8,
       210, 227, 235, 148, 36, 243, 33, 10, 167, 231, 96, 27, 213, 177,
       174, 205, 95, 55, 85, 223, 72, 200, 254, 141, 93, 202, 146, 159,
       182, 118, 78, 247, 46, 30, 159, 239, 223, 95, 250, 196, 3, 191,
       65, 27, 122, 155, 138, 232, 95, 105, 24, 236, 236, 200, 148, 164,
       191, 107, 86, 223, 199, 24, 76, 127, 44, 20, 13, 250, 125, 6, 27,
       189, 104, 156, 57, 252, 124, 201, 113, 95, 27, 109, 124, 58, 190,
       159, 34, 112, 250, 190, 23, 1, 18, 58, 224, 223, 87, 183, 48, 235,
       54, 136, 198, 235, 245, 67, 79, 236, 6, 2, 103, 252, 117, 130,
       242, 230, 83, 225, 189, 115, 120, 228, 46, 238, 233, 247, 5, 136,
       178, 170, 231, 132, 45, 187, 112, 32, 185, 183, 105, 109, 116,
       207, 79, 127, 81, 72, 124, 78, 51, 13, 178, 49, 88, 168, 22, 108,
       233, 186, 116, 31, 103, 173, 160, 160, 125, 136, 86, 248, 41, 184,
       253, 117, 77, 223, 209, 186, 119, 240, 102, 8, 251, 125, 22, 189,
       25, 252, 240, 8, 141, 248, 127, 61, 79, 251, 85, 117, 123, 168,
       74, 232, 47, 99, 64, 71, 97, 27, 78, 248, 99, 224, 125, 204, 75,
       96, 222, 180, 30, 204, 198, 110, 205, 114, 205, 188, 62, 92, 5,
       182, 111, 191, 218, 132, 2, 25, 159, 223, 12, 207, 99, 120, 159,
       136, 219, 66, 244, 247, 33, 96, 248, 112, 59, 72, 1, 177, 26, 223,
       157, 30, 203, 2, 16, 42, 53, 50, 9, 93, 67, 71, 84, 30, 238, 180,
       124, 224, 122, 68, 243, 48, 145, 228, 124, 108, 82, 111, 233, 176,
       85, 46, 37, 46, 37, 0, 109, 187, 80, 188, 246, 241, 244, 202, 239,
       69, 150, 232, 203, 244, 177, 171, 72, 220, 125, 7, 222, 209, 211,
       227, 202, 99, 222, 241, 59, 88, 205, 191, 85, 63, 246, 215, 236,
       177, 144, 226, 157, 125, 82, 136, 11, 189, 169, 25, 142, 217, 75,
       158, 137, 211, 237, 80, 30, 103, 219, 178, 155, 221, 5, 127, 210,
       95, 206, 6, 9, 130, 143, 157, 28, 11, 161, 63, 118, 226, 194, 198,
       241, 96, 144, 193, 121, 108, 106, 172, 229, 216, 85, 31, 28, 39,
       247, 4, 44, 168, 56, 152, 6, 149, 18, 139, 83, 226, 178, 105, 28,
       1, 89, 163, 204, 246, 40, 64, 255, 27, 147, 177, 18, 152, 9, 223,
       45, 52, 138, 199, 148, 10, 165, 179, 242, 230, 119, 224, 118, 175,
       234, 123, 253, 140, 122, 207, 78, 202, 61, 21, 190, 173, 79, 173,
       160, 183, 4, 222, 62, 30, 7, 206, 101, 134, 98, 173, 2, 217, 190,
       155, 139, 192, 180, 239, 190, 21, 66, 51, 236, 254, 42, 75, 227,
       83, 187, 209, 50, 201, 27, 245, 45, 50, 222, 67, 144, 86, 165, 90,
       53, 197, 122, 71, 214, 15, 239, 253, 100, 4, 127, 2, 83, 113, 190,
       32, 122, 192, 18, 234, 80, 176, 61, 79, 127, 143, 5, 68, 103, 187,
       224, 224, 82, 97, 26, 188, 11, 192, 184, 72, 174, 132, 128, 163,
       172, 206, 99, 64, 246, 57, 235, 209, 66, 3, 138, 217, 145, 113,
       139, 191, 20, 38, 37, 91, 199, 87, 11, 179, 162, 165, 41, 181, 60,
       232, 91, 199, 245, 230, 251, 109, 118, 63, 63, 189, 165, 208, 253,
       220, 236, 186, 255, 224, 156, 210, 9, 93, 188, 185, 190, 242, 157,
       223, 209, 225, 221, 213, 165, 24, 254, 253, 102, 35, 200, 115,
       219, 17, 62, 235, 58, 236, 251, 211, 71, 123, 194, 104, 213, 242,
       218, 168, 62, 178, 139, 209, 29, 199, 187, 23, 165, 185, 172, 191,
       98, 91, 227, 179, 233, 144, 58, 79, 170, 247, 219, 211, 222, 123,
       146, 4, 167, 90, 35, 165, 240, 27, 219, 181, 180, 207, 95, 53,
       120, 27, 44, 250, 110, 148, 253, 11, 131, 149, 22, 122, 234, 243,
       63, 28, 31, 111, 211, 76, 171, 206, 170, 154, 115, 217, 127, 233,
       177, 87, 159, 45, 124, 58, 44, 159, 164, 116, 111, 58, 87, 24, 50,
       186, 34, 215, 87, 52, 18, 235, 87, 140, 199, 235, 170, 187, 58,
       248, 239, 245, 185, 199, 159, 29, 116, 63, 44, 156, 118, 8, 239,
       187, 151, 145, 182, 59, 50, 243, 95, 93, 154, 235, 215, 76, 173,
       223, 45, 181, 113, 69, 246, 91, 238, 187, 127, 234, 122, 230, 219,
       124, 157, 164, 95, 76, 22, 44, 241, 240, 109, 222, 46, 222, 37,
       132, 111, 232, 66, 189, 246, 253, 112, 230, 223, 87, 222, 237,
       217, 226, 184, 139, 106, 253, 125, 183, 255, 211, 213, 99, 252,
       35, 156, 254, 59, 94, 133, 63, 119, 255, 254, 70, 222, 223, 164,
       159, 143, 112, 150, 236, 159, 30, 157, 243, 76, 238, 111, 199,
       167, 215, 237, 227, 246, 71, 139, 243, 186, 114, 239, 191, 151,
       119, 189, 87, 166, 164, 147, 152, 221, 193, 160, 235, 158, 183,
       168, 27, 228, 234, 108, 128, 249, 251, 203, 177, 50, 107, 26, 215,
       61, 22, 143, 127, 209, 104, 247, 162, 138, 146, 212, 185, 187,
       249, 48, 15, 63, 53, 70, 177, 172, 158, 206, 220, 199, 27, 171,
       16, 54, 220, 71, 215, 142, 87, 26, 103, 182, 132, 141, 79, 1, 128,
       229, 157, 68, 139, 233, 19, 54, 113, 82, 214, 177, 5, 144, 105,
       96, 12, 51, 157, 179, 220, 117, 213, 76, 42, 250, 192, 165, 136,
       112, 248, 246, 221, 230, 222, 255, 52, 222, 236, 153, 222, 185,
       171, 104, 255, 127, 51, 255, 243, 221, 231, 236, 99, 186, 239, 59,
       90, 207, 191, 183, 255, 254, 87, 41, 177, 189, 99, 77, 95, 241,
       188, 102, 253, 167, 8, 251, 93, 90, 50, 153, 68, 122, 58, 203,
       112, 251, 21, 79, 219, 5, 117, 75, 138, 86, 250, 37, 141, 181,
       127, 156, 79, 207, 152, 86, 243, 226, 82, 243, 89, 28, 98, 89,
       194, 122, 111, 251, 244, 95, 63, 101, 158, 133, 16, 89, 251, 80,
       32, 126, 241, 104, 168, 95, 83, 82, 232, 3, 244, 156, 171, 75,
       221, 75, 16, 217, 217, 213, 243, 78, 67, 251, 189, 251, 197, 141,
       255, 55, 63, 22, 82, 205, 228, 249, 98, 132, 110, 79, 152, 114,
       162, 175, 24, 211, 83, 89, 120, 17, 212, 52, 122, 105, 54, 217, 2,
       251, 207, 37, 116, 224, 251, 64, 34, 134, 105, 18, 154, 237, 132,
       190, 200, 190, 26, 81, 19, 204, 202, 105, 75, 238, 89, 51, 211,
       98, 71, 138, 243, 53, 16, 207, 234, 148, 59, 161, 135, 9, 21, 151,
       205, 126, 230, 35, 106, 190, 160, 75, 66, 92, 247, 32, 96, 242,
       61, 58, 40, 17, 145, 51, 94, 85, 174, 43, 4, 16, 43, 33, 34, 162,
       187, 250, 216, 255, 229, 185, 87, 159, 31, 116, 55, 44, 191, 118,
       13, 239, 187, 151, 145, 178, 111, 50, 243, 95, 26, 218, 235, 151,
       12, 229, 251, 253, 66, 109, 239, 36, 10, 111, 184, 100, 106, 247,
       102, 83, 99, 153, 67, 122, 196, 63, 238, 233, 180, 109, 15, 246,
       235, 227, 132, 45, 187, 112, 33, 109, 215, 93, 101, 180, 15, 111,
