%YAML:1.0
---
descriptors: !!opencv-matrix
   rows: 136
   cols: 32
   dt: u
   data: [ 100, 170, 172, 12, 92, 153, 192, 232, 198, 181, 228, 9, 227,
       200, 254, 82, 216, 172, 106, 93, 14, 99, 239, 17, 30, 57, 195,
       125, 209, 46, 92, 204, 77, 237, 109, 87, 38, 156, 239, 176, 248,
       194, 30, 198, 249, 111, 157, 227, 54, 112, 125, 239, 227, 208,
       255, 111, 102, 47, 175, 128, 46, 179, 17, 57, 1, 192, 191, 91,
       100, 189, 232, 16, 255, 89, 115, 84, 152, 154, 252, 248, 131, 9,
       54, 28, 183, 252, 55, 81, 14, 250, 114, 64, 216, 129, 99, 165,
       211, 0, 50, 136, 77, 29, 176, 71, 109, 32, 242, 23, 138, 152, 54,
       228, 232, 137, 206, 161, 140, 163, 21, 192, 144, 16, 138, 83, 93,
       12, 185, 134, 77, 50, 125, 227, 108, 137, 233, 88, 239, 241, 183,
       238, 221, 201, 221, 42, 46, 129, 127, 223, 147, 114, 238, 208,
       220, 217, 107, 236, 205, 139, 67, 177, 41, 22, 211, 77, 103, 124,
       97, 87, 123, 11, 126, 104, 42, 177, 196, 252, 123, 154, 6, 24,
       147, 190, 228, 194, 22, 60, 48, 10, 227, 200, 230, 173, 72, 36,
       211, 69, 114, 106, 105, 19, 41, 169, 127, 240, 155, 55, 192, 126,
       50, 156, 4, 184, 1, 208, 225, 74, 79, 172, 51, 132, 227, 224, 70,
       161, 37, 85, 117, 71, 228, 79, 231, 184, 100, 238, 127, 64, 211,
       53, 157, 53, 90, 212, 86, 106, 201, 176, 125, 40, 101, 168, 101,
       4, 103, 251, 198, 241, 121, 74, 249, 237, 110, 8, 237, 150, 233,
       208, 242, 230, 191, 11, 213, 122, 110, 229, 127, 207, 193, 99,
       231, 224, 212, 249, 234, 184, 45, 185, 115, 185, 124, 120, 186,
       242, 169, 236, 83, 80, 161, 200, 173, 12, 31, 215, 67, 58, 166,
       253, 221, 18, 9, 227, 250, 8, 211, 205, 37, 59, 234, 115, 38, 115,
       67, 149, 63, 220, 87, 204, 181, 55, 236, 73, 78, 64, 188, 178, 52,
       102, 164, 51, 58, 13, 209, 137, 178, 69, 101, 56, 90, 74, 8, 0,
       161, 127, 217, 120, 185, 254, 40, 204, 93, 150, 171, 90, 182, 76,
       191, 151, 65, 122, 166, 245, 253, 72, 75, 79, 242, 33, 211, 249,
       114, 184, 40, 177, 43, 59, 73, 23, 31, 12, 56, 87, 23, 127, 172,
       236, 158, 236, 214, 246, 162, 246, 212, 52, 238, 36, 205, 139, 33,
       92, 240, 39, 43, 158, 8, 102, 175, 125, 12, 159, 88, 255, 58, 171,
       154, 59, 158, 12, 125, 231, 237, 235, 162, 64, 87, 59, 143, 16,
       182, 8, 74, 255, 102, 247, 35, 155, 254, 234, 9, 147, 37, 122,
       105, 43, 124, 205, 195, 248, 70, 232, 244, 76, 179, 204, 181, 33,
       92, 168, 86, 111, 201, 34, 126, 61, 213, 25, 33, 184, 93, 171, 82,
       249, 22, 91, 27, 191, 50, 130, 63, 114, 188, 204, 218, 231, 189,
       207, 163, 64, 230, 127, 191, 199, 192, 153, 2, 109, 240, 231, 170,
       128, 60, 179, 37, 89, 5, 192, 123, 123, 180, 136, 105, 152, 126,
       89, 119, 80, 215, 195, 185, 120, 82, 8, 38, 88, 131, 180, 43, 85,
       198, 190, 50, 68, 212, 145, 195, 161, 67, 243, 33, 1, 180, 29,
       172, 53, 111, 233, 27, 204, 148, 140, 220, 166, 148, 12, 126, 125,
       215, 24, 245, 196, 44, 28, 175, 244, 12, 142, 147, 245, 124, 121,
       186, 226, 185, 237, 83, 84, 161, 200, 173, 8, 31, 215, 99, 58,
       182, 185, 221, 80, 9, 3, 178, 0, 219, 221, 5, 123, 234, 50, 47,
       115, 105, 132, 209, 73, 225, 173, 105, 71, 47, 39, 110, 136, 186,
       131, 192, 92, 87, 142, 34, 12, 18, 158, 225, 83, 87, 188, 18, 96,
       210, 194, 226, 232, 164, 222, 108, 79, 100, 15, 239, 248, 23, 44,
       116, 237, 115, 69, 159, 5, 30, 216, 71, 110, 232, 182, 109, 63,
       102, 139, 161, 164, 119, 187, 86, 233, 1, 132, 63, 255, 52, 174,
       224, 51, 252, 89, 91, 84, 254, 120, 152, 98, 129, 38, 126, 13,
       151, 185, 35, 199, 204, 255, 114, 192, 200, 200, 209, 41, 161,
       225, 115, 75, 116, 207, 239, 253, 76, 8, 117, 64, 83, 81, 188, 53,
       90, 24, 6, 106, 227, 180, 60, 93, 101, 152, 37, 68, 87, 154, 214,
       161, 70, 160, 151, 80, 107, 201, 49, 1, 175, 53, 35, 56, 140, 147,
       68, 94, 35, 25, 234, 16, 18, 89, 138, 80, 29, 16, 81, 111, 194, 0,
       7, 163, 88, 120, 186, 254, 41, 236, 83, 150, 171, 219, 174, 12,
       190, 223, 99, 122, 164, 119, 253, 66, 15, 77, 178, 225, 211, 245,
       82, 59, 8, 113, 47, 123, 227, 147, 87, 76, 228, 20, 100, 61, 125,
       72, 119, 246, 72, 114, 172, 245, 126, 134, 166, 238, 245, 26, 39,
       223, 54, 58, 224, 206, 31, 172, 248, 53, 70, 157, 215, 94, 227,
       252, 62, 167, 187, 19, 106, 80, 236, 246, 44, 252, 167, 91, 160,
       18, 115, 216, 186, 99, 47, 254, 86, 66, 130, 82, 133, 191, 149,
       106, 121, 193, 110, 41, 235, 208, 239, 240, 183, 254, 159, 139,
       213, 42, 46, 129, 95, 255, 131, 39, 239, 208, 214, 217, 43, 252,
       109, 171, 81, 161, 217, 77, 111, 175, 134, 114, 110, 116, 116, 74,
       211, 210, 83, 44, 185, 227, 122, 198, 60, 239, 253, 181, 37, 174,
       178, 235, 234, 128, 37, 251, 248, 8, 251, 18, 251, 132, 101, 94,
       121, 88, 57, 238, 246, 127, 94, 158, 135, 222, 252, 189, 183, 165,
       141, 246, 240, 202, 215, 191, 250, 134, 11, 36, 126, 247, 52, 0,
       109, 171, 14, 109, 219, 72, 14, 70, 129, 11, 247, 76, 27, 9, 120,
       193, 123, 127, 58, 38, 127, 56, 209, 203, 75, 25, 245, 107, 85,
       98, 189, 127, 83, 224, 244, 15, 215, 216, 21, 236, 241, 239, 91,
       221, 239, 160, 222, 217, 150, 119, 237, 183, 44, 190, 186, 221,
       37, 190, 111, 191, 114, 245, 233, 151, 59, 12, 249, 86, 149, 119,
       36, 76, 222, 188, 60, 54, 162, 244, 196, 22, 254, 44, 241, 139,
       241, 79, 115, 37, 42, 217, 10, 132, 173, 125, 151, 251, 108, 179,
       162, 128, 63, 189, 46, 124, 18, 231, 253, 79, 219, 67, 39, 71, 61,
       223, 226, 212, 143, 241, 236, 169, 239, 196, 45, 179, 161, 89, 65,
       135, 141, 247, 164, 14, 108, 55, 252, 235, 90, 84, 243, 41, 144,
       99, 128, 102, 124, 13, 245, 248, 101, 141, 236, 255, 244, 144, 12,
       232, 216, 25, 217, 84, 127, 229, 36, 94, 109, 48, 116, 194, 114,
       82, 215, 30, 145, 107, 118, 148, 60, 170, 233, 180, 117, 14, 198,
       235, 226, 128, 45, 184, 113, 57, 51, 203, 98, 142, 92, 145, 202,
       240, 197, 0, 216, 198, 35, 200, 181, 228, 88, 232, 23, 239, 206,
       171, 76, 189, 50, 8, 162, 136, 61, 159, 120, 140, 193, 106, 115,
       253, 108, 136, 236, 150, 233, 0, 114, 226, 189, 139, 145, 115,
       110, 111, 127, 205, 195, 60, 198, 225, 228, 184, 186, 136, 12,
       144, 97, 169, 10, 165, 122, 105, 244, 163, 251, 127, 61, 65, 126,
       129, 157, 173, 180, 32, 22, 31, 23, 189, 144, 185, 37, 222, 111,
       253, 168, 192, 231, 130, 227, 243, 211, 197, 109, 13, 58, 30, 111,
       61, 60, 192, 92, 198, 253, 98, 146, 117, 54, 229, 93, 239, 225,
       128, 119, 95, 244, 42, 175, 136, 60, 178, 147, 125, 6, 156, 223,
       219, 226, 118, 61, 191, 63, 31, 79, 176, 68, 119, 172, 125, 247,
       82, 51, 144, 51, 216, 59, 224, 15, 190, 214, 198, 144, 241, 164,
       53, 138, 146, 156, 185, 67, 169, 56, 207, 30, 53, 80, 183, 172,
       135, 106, 73, 183, 27, 163, 16, 18, 28, 3, 209, 204, 17, 26, 231,
       152, 12, 141, 155, 33, 183, 27, 139, 240, 247, 179, 207, 30, 77,
       124, 229, 180, 196, 174, 160, 223, 26, 130, 21, 151, 186, 56, 119,
       44, 20, 58, 226, 216, 78, 169, 253, 68, 155, 157, 91, 250, 212,
       54, 188, 46, 25, 40, 96, 252, 246, 236, 114, 167, 91, 42, 208, 87,
       72, 187, 113, 47, 199, 119, 110, 152, 19, 169, 175, 9, 249, 24,
       58, 120, 141, 179, 232, 238, 76, 104, 13, 191, 210, 106, 16, 146,
       105, 66, 87, 198, 42, 154, 61, 233, 149, 47, 104, 88, 3, 3, 235,
       34, 38, 227, 72, 114, 187, 248, 75, 27, 129, 120, 200, 41, 205,
       245, 180, 159, 57, 147, 29, 146, 50, 182, 219, 6, 92, 1, 235, 215,
       206, 83, 181, 153, 151, 117, 195, 180, 207, 111, 181, 85, 108, 87,
       246, 222, 55, 168, 229, 126, 146, 31, 124, 185, 184, 121, 254,
       252, 154, 164, 196, 255, 142, 212, 121, 59, 54, 251, 161, 52, 127,
       249, 90, 61, 239, 255, 247, 31, 28, 183, 172, 255, 157, 151, 181,
       173, 180, 113, 202, 218, 223, 187, 198, 239, 140, 124, 245, 201,
