%YAML:1.0
---
descriptors: !!opencv-matrix
   rows: 193
   cols: 32
   dt: u
   data: [ 34, 145, 148, 154, 157, 253, 144, 235, 143, 61, 169, 25, 206,
       254, 110, 206, 201, 19, 235, 17, 22, 107, 90, 245, 153, 214, 91,
       127, 146, 13, 141, 198, 84, 88, 157, 182, 168, 76, 85, 182, 171,
       186, 178, 77, 254, 247, 65, 91, 135, 247, 125, 66, 73, 75, 218,
       96, 217, 250, 119, 58, 136, 113, 3, 59, 46, 225, 232, 202, 205,
       85, 222, 200, 139, 244, 181, 11, 78, 220, 127, 11, 249, 217, 211,
       247, 206, 99, 154, 241, 123, 88, 205, 127, 215, 127, 254, 214, 2,
       217, 150, 187, 139, 192, 189, 231, 174, 23, 66, 179, 172, 247, 40,
       75, 231, 115, 187, 193, 82, 201, 26, 241, 109, 50, 222, 67, 144,
       84, 165, 219, 6, 234, 158, 178, 233, 173, 176, 198, 155, 63, 0,
       25, 140, 138, 98, 11, 137, 123, 235, 17, 22, 79, 138, 241, 157,
       82, 94, 123, 144, 93, 143, 130, 121, 159, 109, 101, 54, 27, 235,
       55, 101, 233, 254, 230, 115, 45, 150, 112, 126, 246, 125, 173,
       153, 184, 101, 13, 254, 239, 161, 144, 111, 162, 112, 121, 49, 23,
       99, 77, 114, 11, 75, 121, 101, 232, 250, 238, 115, 69, 180, 52,
       62, 172, 87, 110, 201, 155, 37, 31, 56, 172, 33, 144, 127, 170,
       114, 253, 68, 174, 143, 157, 220, 3, 164, 239, 30, 178, 194, 66,
       228, 224, 220, 67, 121, 110, 106, 45, 112, 251, 207, 95, 60, 38,
       239, 4, 149, 120, 49, 136, 11, 17, 103, 89, 5, 222, 232, 17, 109,
       81, 115, 198, 187, 140, 148, 236, 108, 184, 182, 149, 159, 188,
       117, 209, 7, 121, 146, 192, 111, 140, 253, 253, 43, 156, 98, 187,
       213, 183, 122, 207, 23, 71, 88, 151, 237, 238, 58, 192, 221, 171,
       147, 149, 55, 154, 121, 191, 111, 255, 159, 65, 191, 206, 184,
       222, 218, 143, 227, 222, 242, 144, 63, 247, 177, 15, 217, 243,
       105, 239, 172, 212, 118, 251, 165, 194, 226, 139, 174, 239, 50,
       246, 174, 139, 55, 246, 167, 237, 17, 72, 76, 171, 2, 136, 105, 4,
       36, 5, 66, 134, 177, 3, 128, 73, 108, 168, 42, 220, 10, 152, 69,
       117, 196, 160, 186, 64, 44, 137, 32, 168, 35, 99, 100, 141, 108,
       147, 168, 73, 207, 248, 208, 207, 232, 200, 214, 166, 204, 44,
       242, 205, 198, 99, 199, 221, 6, 120, 139, 187, 95, 140, 88, 140,
       39, 231, 96, 155, 213, 177, 142, 207, 94, 119, 80, 215, 96, 232,
       255, 141, 93, 202, 147, 247, 246, 114, 78, 247, 46, 30, 159, 239,
       213, 93, 248, 204, 104, 173, 218, 111, 244, 239, 119, 183, 113,
       142, 126, 8, 255, 113, 0, 16, 19, 254, 68, 40, 120, 184, 217, 47,
       239, 255, 37, 1, 66, 242, 206, 171, 125, 92, 111, 237, 6, 10, 79,
       121, 84, 226, 247, 226, 83, 125, 185, 113, 126, 212, 62, 238, 233,
       183, 109, 44, 242, 239, 231, 132, 117, 251, 240, 113, 50, 71, 106,
       168, 112, 83, 94, 109, 57, 2, 241, 186, 15, 14, 36, 209, 250, 149,
       143, 163, 124, 163, 64, 206, 179, 247, 154, 23, 49, 90, 174, 6,
       37, 93, 115, 69, 116, 14, 238, 176, 124, 232, 122, 68, 211, 56,
       149, 32, 94, 108, 86, 110, 225, 176, 125, 110, 36, 188, 37, 4, 76,
       187, 82, 181, 213, 127, 251, 228, 166, 78, 239, 17, 248, 234, 27,
       254, 215, 189, 209, 42, 55, 237, 125, 255, 241, 245, 188, 42, 244,
       205, 103, 132, 237, 251, 209, 241, 213, 94, 252, 75, 250, 55, 17,
       158, 94, 190, 176, 118, 24, 26, 231, 120, 231, 149, 110, 148, 174,
       7, 109, 94, 126, 142, 55, 246, 185, 243, 32, 79, 125, 93, 125,
       107, 219, 242, 17, 182, 112, 240, 238, 168, 217, 62, 7, 113, 71,
       183, 176, 240, 173, 26, 125, 60, 111, 235, 231, 111, 189, 115, 38,
       254, 111, 193, 148, 130, 61, 149, 218, 140, 207, 249, 164, 8, 202,
       200, 223, 230, 200, 68, 248, 93, 206, 35, 251, 241, 186, 217, 143,
       127, 154, 31, 88, 76, 87, 158, 109, 77, 166, 82, 239, 187, 85,
       106, 247, 246, 81, 47, 148, 96, 119, 196, 61, 174, 249, 148, 109,
       255, 102, 239, 227, 196, 63, 161, 240, 117, 45, 124, 97, 67, 121,
       63, 66, 152, 99, 234, 60, 76, 218, 17, 213, 180, 29, 236, 214,
       110, 137, 116, 253, 62, 46, 92, 1, 54, 74, 191, 82, 53, 0, 116,
       189, 198, 61, 223, 87, 21, 199, 239, 191, 10, 246, 85, 41, 34, 73,
       176, 95, 24, 203, 229, 121, 142, 251, 221, 21, 18, 250, 218, 196,
       122, 138, 178, 148, 145, 185, 249, 176, 15, 31, 63, 80, 113, 140,
       146, 194, 141, 139, 27, 166, 17, 22, 124, 67, 243, 140, 86, 126,
       239, 146, 76, 141, 143, 199, 159, 89, 185, 170, 163, 56, 182, 30,
       120, 82, 247, 221, 38, 226, 105, 71, 119, 191, 244, 181, 24, 205,
       244, 204, 178, 235, 204, 28, 161, 9, 25, 103, 155, 233, 201, 226,
       30, 111, 187, 27, 107, 84, 254, 80, 166, 214, 112, 87, 92, 55,
       206, 209, 30, 252, 243, 38, 47, 235, 228, 28, 163, 210, 245, 212,
       66, 222, 173, 6, 2, 95, 56, 48, 130, 198, 3, 247, 99, 17, 91, 114,
       229, 125, 234, 104, 197, 193, 8, 240, 227, 227, 148, 36, 241, 32,
       10, 63, 231, 96, 2, 219, 91, 254, 232, 99, 228, 189, 143, 105,
       108, 222, 150, 59, 198, 195, 247, 220, 99, 236, 254, 126, 95, 133,
       125, 103, 247, 206, 214, 109, 111, 64, 65, 241, 30, 110, 188, 97,
       232, 238, 204, 75, 67, 143, 180, 22, 196, 204, 126, 201, 144, 69,
       78, 174, 255, 37, 20, 234, 183, 74, 36, 0, 17, 159, 221, 92, 207,
       99, 121, 158, 160, 74, 2, 244, 247, 33, 64, 241, 112, 59, 40, 81,
       181, 59, 95, 149, 174, 139, 8, 16, 42, 53, 32, 77, 213, 89, 111,
       180, 15, 103, 184, 126, 40, 127, 72, 215, 115, 137, 48, 151, 92,
       108, 106, 225, 176, 89, 31, 239, 255, 37, 68, 72, 243, 195, 33,
       252, 177, 144, 226, 157, 253, 82, 137, 15, 61, 177, 25, 206, 221,
       79, 156, 217, 147, 239, 17, 30, 103, 219, 146, 155, 221, 21, 127,
       210, 15, 206, 2, 34, 103, 83, 140, 118, 175, 236, 123, 253, 138,
       122, 79, 78, 232, 61, 17, 62, 173, 71, 45, 160, 179, 4, 222, 52,
       26, 3, 140, 69, 226, 99, 173, 141, 148, 245, 69, 244, 91, 238,
       187, 127, 234, 122, 230, 251, 124, 149, 165, 127, 76, 54, 44, 229,
       240, 125, 222, 46, 94, 39, 132, 79, 232, 73, 181, 41, 172, 170,
       185, 245, 255, 250, 207, 159, 79, 92, 19, 184, 253, 54, 64, 217,
       43, 151, 21, 54, 188, 42, 255, 111, 95, 183, 225, 147, 76, 252,
       202, 82, 113, 26, 188, 75, 192, 185, 72, 174, 148, 128, 163, 172,
       222, 99, 66, 230, 49, 251, 195, 66, 3, 138, 209, 145, 36, 139,
       171, 20, 38, 37, 123, 114, 163, 104, 136, 61, 17, 154, 104, 75,
       100, 153, 175, 233, 204, 94, 0, 92, 129, 255, 231, 142, 35, 207,
       157, 152, 84, 139, 191, 21, 14, 94, 70, 71, 219, 75, 183, 162, 26,
       47, 180, 62, 250, 86, 230, 245, 230, 243, 97, 119, 127, 62, 207,
       213, 156, 173, 240, 172, 43, 251, 192, 60, 179, 1, 125, 2, 149,
       58, 139, 151, 242, 50, 105, 44, 13, 91, 50, 236, 126, 46, 64, 247,
       27, 147, 177, 22, 152, 25, 223, 47, 54, 138, 195, 148, 66, 173, 7,
       215, 222, 239, 223, 166, 26, 111, 178, 126, 106, 86, 246, 209, 46,
       180, 96, 119, 244, 61, 206, 241, 156, 45, 254, 230, 175, 239, 192,
       61, 177, 209, 117, 118, 241, 240, 194, 207, 69, 150, 232, 203,
       176, 185, 43, 74, 220, 125, 167, 222, 209, 211, 227, 206, 99, 222,
       241, 59, 24, 205, 63, 85, 127, 254, 151, 138, 186, 144, 153, 187,
       185, 48, 215, 31, 61, 84, 245, 172, 130, 198, 204, 135, 27, 166,
       16, 182, 92, 67, 243, 142, 87, 58, 235, 150, 140, 141, 207, 26,
       156, 50, 184, 211, 245, 176, 71, 159, 85, 92, 23, 44, 158, 102,
       204, 239, 187, 131, 145, 22, 30, 18, 247, 31, 213, 26, 107, 155,
       12, 173, 219, 169, 67, 92, 69, 116, 11, 107, 48, 101, 160, 118,
       72, 211, 1, 144, 53, 122, 172, 70, 238, 233, 188, 69, 12, 102,
       168, 32, 0, 111, 170, 66, 168, 139, 19, 43, 75, 5, 156, 248, 80,
       229, 73, 255, 70, 153, 156, 158, 224, 236, 154, 222, 223, 159,
       184, 119, 128, 71, 121, 130, 192, 127, 143, 248, 148, 0, 89, 115,
       94, 116, 194, 231, 117, 108, 204, 126, 98, 114, 220, 181, 100,
       250, 56, 22, 74, 193, 168, 38, 253, 37, 188, 34, 10, 87, 186, 101,
