%YAML:1.0
---
descriptors: !!opencv-matrix
   rows: 417
   cols: 32
   dt: u
   data: [ 28, 85, 123, 238, 52, 70, 127, 112, 36, 204, 255, 2, 83, 215,
       161, 112, 118, 188, 29, 106, 201, 179, 49, 14, 243, 237, 33, 128,
       32, 187, 100, 115, 57, 166, 97, 105, 52, 27, 201, 90, 87, 97, 252,
       66, 19, 9, 180, 48, 122, 140, 22, 188, 143, 186, 101, 157, 94,
       237, 163, 212, 127, 136, 114, 164, 130, 179, 176, 152, 207, 145,
       144, 201, 123, 29, 208, 63, 44, 200, 126, 140, 219, 139, 195, 241,
       6, 103, 194, 211, 153, 84, 31, 111, 215, 4, 175, 199, 75, 48, 166,
       144, 43, 248, 184, 71, 171, 85, 154, 175, 172, 206, 87, 138, 167,
       179, 255, 149, 134, 65, 182, 193, 155, 81, 90, 251, 134, 68, 47,
       87, 233, 60, 190, 117, 224, 46, 125, 23, 121, 238, 118, 28, 159,
       55, 131, 59, 135, 116, 124, 60, 176, 252, 241, 10, 199, 251, 112,
       0, 202, 224, 66, 243, 94, 176, 158, 176, 169, 228, 57, 82, 171,
       249, 134, 5, 156, 191, 66, 90, 231, 245, 253, 145, 27, 75, 147,
       192, 219, 241, 223, 255, 136, 36, 39, 83, 26, 205, 122, 233, 19,
       192, 187, 231, 38, 5, 76, 130, 57, 159, 34, 96, 122, 57, 131, 193,
       66, 159, 54, 247, 249, 165, 158, 65, 49, 2, 165, 234, 71, 24, 159,
       188, 45, 46, 56, 146, 175, 219, 150, 100, 252, 255, 99, 107, 199,
       119, 127, 1, 133, 197, 243, 224, 211, 251, 122, 154, 152, 121, 33,
       91, 105, 55, 121, 103, 116, 14, 123, 56, 120, 72, 127, 108, 215,
       51, 131, 48, 150, 92, 84, 110, 137, 176, 249, 14, 231, 253, 33,
       192, 72, 131, 66, 243, 169, 28, 127, 69, 100, 78, 105, 55, 125,
       206, 118, 8, 179, 23, 148, 53, 14, 188, 86, 40, 233, 188, 117, 76,
       71, 249, 112, 128, 98, 168, 70, 121, 53, 79, 70, 5, 52, 11, 238,
       248, 101, 168, 250, 231, 67, 40, 151, 196, 126, 204, 6, 239, 236,
       176, 77, 46, 52, 44, 165, 132, 109, 191, 88, 133, 29, 79, 98, 135,
       180, 26, 238, 244, 117, 172, 122, 231, 67, 40, 147, 196, 126, 236,
       6, 239, 236, 176, 77, 206, 54, 110, 167, 132, 103, 254, 120, 205,
       60, 21, 118, 236, 221, 119, 86, 121, 85, 134, 249, 3, 107, 125,
       58, 208, 216, 219, 151, 99, 92, 163, 113, 143, 243, 239, 164, 27,
       119, 255, 252, 194, 59, 251, 98, 8, 127, 151, 242, 72, 207, 76,
       252, 39, 40, 200, 183, 132, 248, 168, 135, 197, 134, 179, 38, 221,
       18, 124, 131, 235, 95, 14, 122, 221, 183, 71, 72, 135, 118, 3,
       206, 248, 20, 168, 219, 239, 65, 104, 159, 65, 126, 204, 39, 239,
       236, 146, 77, 46, 52, 42, 237, 148, 45, 187, 120, 133, 60, 93, 82,
       174, 221, 87, 86, 232, 145, 134, 252, 11, 79, 255, 35, 144, 248,
       253, 151, 98, 124, 163, 24, 142, 179, 247, 133, 13, 99, 255, 126,
       210, 25, 249, 51, 188, 23, 197, 165, 245, 60, 64, 64, 70, 188,
       151, 32, 228, 246, 43, 19, 69, 243, 191, 16, 255, 241, 236, 26,
       74, 26, 12, 161, 250, 60, 209, 250, 229, 180, 86, 239, 248, 116,
       164, 254, 2, 83, 61, 191, 96, 122, 220, 55, 234, 248, 179, 61,
       142, 115, 175, 167, 133, 103, 187, 252, 240, 10, 159, 55, 236,
       247, 133, 189, 119, 140, 77, 90, 71, 60, 189, 52, 64, 238, 51, 19,
       37, 208, 184, 50, 223, 117, 57, 234, 200, 85, 14, 245, 251, 105,
       60, 209, 69, 121, 79, 98, 123, 113, 224, 104, 8, 26, 51, 5, 53,
       152, 252, 66, 40, 105, 122, 241, 14, 127, 222, 5, 38, 106, 160,
       66, 170, 101, 169, 242, 76, 125, 31, 226, 248, 123, 232, 116, 76,
       114, 248, 151, 180, 88, 204, 66, 108, 205, 114, 124, 221, 63, 30,
       69, 60, 75, 173, 90, 164, 228, 28, 189, 218, 140, 236, 133, 3,
       218, 147, 129, 24, 146, 253, 85, 107, 201, 114, 121, 24, 56, 102,
       242, 2, 77, 186, 215, 120, 208, 120, 212, 114, 9, 158, 31, 101,
       52, 190, 105, 55, 125, 73, 126, 100, 191, 48, 144, 228, 167, 39,
       126, 12, 149, 184, 113, 207, 206, 255, 50, 128, 202, 192, 73, 61,
       158, 149, 17, 219, 151, 227, 91, 125, 21, 3, 221, 50, 76, 119, 40,
       237, 127, 147, 155, 184, 59, 165, 25, 255, 233, 214, 154, 70, 178,
       207, 165, 54, 179, 66, 102, 15, 13, 22, 206, 108, 212, 198, 195,
       199, 225, 72, 191, 238, 88, 228, 122, 239, 236, 167, 119, 238, 18,
       126, 218, 16, 63, 255, 120, 76, 61, 7, 204, 175, 252, 39, 74, 152,
       7, 250, 157, 207, 83, 97, 153, 72, 95, 200, 63, 254, 154, 98, 79,
       185, 250, 207, 229, 188, 189, 251, 120, 1, 70, 28, 190, 223, 170,
       98, 189, 3, 140, 158, 79, 163, 220, 127, 37, 107, 231, 119, 185,
       163, 16, 209, 35, 200, 197, 51, 218, 131, 132, 115, 61, 115, 101,
       115, 136, 165, 64, 15, 71, 56, 32, 236, 110, 13, 215, 35, 11, 16,
       148, 204, 105, 110, 200, 176, 217, 8, 229, 181, 1, 16, 104, 187,
       66, 210, 165, 223, 133, 95, 157, 55, 198, 253, 86, 163, 251, 86,
       241, 104, 189, 165, 89, 238, 34, 175, 253, 246, 127, 191, 44, 14,
       197, 36, 219, 123, 240, 188, 151, 207, 198, 159, 222, 3, 174, 239,
       86, 243, 194, 215, 96, 232, 191, 229, 121, 238, 58, 191, 253, 215,
       79, 255, 60, 38, 223, 132, 189, 124, 184, 140, 194, 237, 178, 218,
       249, 221, 190, 238, 191, 21, 216, 155, 236, 254, 108, 224, 239,
       251, 251, 131, 118, 11, 218, 247, 63, 118, 30, 107, 144, 86, 165,
       158, 12, 253, 245, 215, 191, 91, 191, 190, 95, 243, 94, 166, 249,
       119, 217, 239, 119, 94, 255, 250, 241, 216, 255, 249, 239, 127,
       239, 164, 183, 255, 149, 121, 2, 205, 66, 154, 87, 211, 190, 230,
       150, 5, 90, 131, 40, 206, 52, 196, 126, 187, 147, 193, 102, 155,
       22, 255, 52, 38, 154, 131, 55, 28, 189, 158, 191, 220, 214, 255,
       223, 126, 118, 191, 87, 243, 255, 18, 75, 125, 61, 253, 127, 222,
       191, 250, 249, 244, 91, 255, 63, 255, 213, 71, 255, 253, 232, 55,
       67, 237, 150, 151, 201, 173, 52, 175, 191, 179, 74, 17, 236, 242,
       64, 207, 161, 103, 234, 17, 54, 89, 155, 247, 173, 54, 95, 75,
       136, 92, 137, 14, 135, 167, 135, 159, 221, 31, 238, 239, 86, 243,
       211, 82, 225, 232, 252, 165, 121, 238, 122, 187, 189, 251, 223,
       191, 60, 30, 207, 4, 205, 120, 248, 132, 241, 172, 173, 181, 140,
       110, 73, 134, 178, 251, 130, 25, 211, 44, 82, 107, 201, 198, 121,
       157, 62, 205, 251, 0, 201, 163, 253, 84, 128, 104, 150, 66, 81,
       40, 172, 48, 172, 172, 65, 7, 238, 127, 130, 29, 183, 168, 82, 91,
       193, 166, 104, 29, 175, 77, 243, 16, 201, 187, 86, 120, 136, 64,
       218, 90, 129, 52, 29, 85, 5, 127, 244, 39, 253, 242, 102, 16, 150,
       16, 19, 47, 9, 46, 82, 41, 101, 252, 113, 14, 135, 218, 80, 19,
       74, 104, 90, 142, 113, 40, 173, 180, 12, 77, 81, 11, 130, 248,
       128, 9, 247, 156, 82, 59, 129, 100, 125, 21, 76, 77, 251, 24, 201,
       195, 253, 124, 128, 40, 22, 122, 108, 223, 152, 252, 253, 249, 86,
       135, 87, 7, 108, 42, 174, 243, 99, 192, 193, 122, 174, 16, 62, 26,
       235, 187, 239, 247, 21, 59, 178, 120, 204, 79, 190, 124, 49, 186,
       211, 231, 23, 222, 31, 46, 192, 58, 126, 215, 41, 153, 245, 251,
       151, 227, 42, 22, 90, 255, 241, 215, 155, 126, 146, 85, 166, 51,
       17, 156, 245, 133, 30, 127, 176, 127, 92, 227, 218, 114, 254, 56,
       20, 164, 107, 38, 123, 41, 181, 249, 117, 143, 156, 94, 83, 18,
       207, 108, 81, 189, 105, 233, 154, 220, 213, 214, 111, 199, 82,
       141, 100, 2, 48, 179, 243, 124, 89, 238, 2, 216, 107, 218, 240,
       168, 111, 175, 191, 105, 139, 48, 250, 170, 58, 207, 96, 236, 27,
       211, 94, 236, 15, 44, 252, 171, 107, 79, 37, 80, 94, 185, 151,
       226, 74, 26, 72, 191, 243, 213, 143, 179, 55, 62, 28, 139, 212,
       230, 142, 191, 152, 7, 62, 233, 190, 182, 195, 149, 247, 227, 73,
       67, 249, 221, 111, 230, 106, 87, 219, 31, 253, 227, 239, 60, 16,
       115, 167, 146, 173, 72, 245, 219, 164, 249, 109, 150, 95, 83, 87,
       114, 179, 64, 179, 108, 75, 42, 54, 94, 191, 180, 111, 178, 198,
       249, 242, 128, 150, 217, 208, 229, 139, 138, 198, 89, 48, 186,
       232, 22, 63, 75, 118, 245, 189, 135, 150, 252, 55, 47, 127, 156,
       183, 220, 5, 247, 6, 127, 250, 192, 206, 132, 203, 221, 82, 219,
