%YAML:1.0
---
descriptors: !!opencv-matrix
   rows: 234
   cols: 32
   dt: u
   data: [ 2, 184, 169, 131, 85, 253, 187, 194, 14, 97, 76, 3, 188, 156,
       84, 40, 185, 27, 147, 145, 147, 56, 186, 243, 13, 28, 154, 99,
       221, 15, 23, 254, 185, 69, 99, 77, 84, 27, 198, 121, 85, 96, 242,
       78, 83, 8, 181, 165, 122, 204, 22, 111, 237, 178, 117, 140, 54,
       40, 32, 0, 127, 190, 122, 172, 57, 5, 66, 133, 84, 18, 238, 113,
       69, 96, 255, 70, 89, 8, 182, 228, 120, 140, 22, 239, 205, 177, 5,
       204, 54, 108, 162, 132, 111, 174, 120, 132, 94, 18, 246, 230, 35,
       58, 122, 16, 173, 174, 191, 231, 79, 111, 43, 219, 182, 245, 237,
       162, 140, 209, 137, 200, 210, 231, 107, 131, 231, 247, 47, 19, 44,
       237, 113, 65, 213, 159, 246, 254, 87, 232, 124, 11, 27, 221, 253,
       164, 121, 200, 134, 122, 202, 178, 100, 191, 111, 77, 37, 37, 119,
       253, 250, 167, 50, 205, 102, 222, 85, 131, 214, 237, 85, 6, 112,
       2, 106, 233, 60, 65, 216, 178, 134, 195, 234, 184, 11, 255, 55,
       126, 82, 3, 119, 154, 244, 138, 167, 221, 107, 136, 252, 179, 175,
       238, 92, 66, 220, 199, 240, 108, 191, 228, 125, 235, 27, 239, 247,
       147, 125, 255, 60, 46, 175, 148, 29, 127, 249, 244, 139, 207, 38,
       158, 221, 242, 175, 252, 212, 68, 223, 146, 248, 206, 190, 228,
       126, 107, 187, 239, 246, 131, 47, 255, 116, 62, 138, 136, 23, 223,
       181, 252, 195, 77, 38, 158, 31, 240, 175, 103, 188, 66, 223, 151,
       236, 238, 182, 228, 102, 227, 59, 207, 231, 143, 166, 239, 48, 54,
       138, 138, 6, 87, 185, 124, 170, 217, 116, 218, 127, 213, 158, 236,
       143, 92, 28, 169, 108, 220, 63, 165, 142, 115, 215, 71, 230, 43,
       58, 253, 63, 90, 13, 187, 86, 158, 13, 95, 184, 17, 79, 232, 22,
       195, 107, 112, 133, 0, 247, 226, 19, 151, 160, 65, 126, 184, 31,
       234, 73, 179, 16, 156, 243, 233, 162, 192, 55, 139, 112, 176, 190,
       219, 38, 78, 61, 215, 151, 248, 199, 76, 245, 175, 106, 220, 190,
       164, 220, 240, 223, 103, 239, 35, 122, 255, 51, 89, 1, 155, 83,
       63, 124, 255, 251, 93, 118, 212, 103, 221, 254, 182, 169, 236,
       190, 171, 46, 189, 215, 183, 174, 245, 255, 195, 228, 232, 224,
       232, 55, 121, 76, 147, 103, 253, 95, 95, 17, 75, 71, 220, 6, 128,
       238, 86, 196, 128, 210, 198, 49, 195, 177, 97, 110, 234, 55, 204,
       137, 139, 6, 237, 48, 170, 234, 136, 61, 185, 112, 152, 255, 95,
       110, 101, 51, 222, 95, 182, 225, 236, 182, 173, 59, 61, 151, 119,
       198, 244, 245, 102, 237, 218, 244, 172, 99, 251, 229, 147, 39,
       253, 94, 127, 255, 121, 120, 108, 47, 86, 223, 248, 89, 238, 180,
       175, 91, 95, 151, 63, 222, 245, 213, 239, 236, 103, 253, 238, 115,
       219, 229, 191, 103, 247, 126, 117, 237, 95, 111, 69, 48, 94, 119,
       178, 33, 236, 126, 236, 219, 54, 131, 183, 76, 244, 244, 238, 173,
       208, 117, 44, 102, 235, 229, 128, 111, 245, 94, 117, 63, 151, 104,
       12, 75, 244, 147, 250, 27, 94, 93, 183, 76, 222, 174, 245, 119,
       153, 151, 163, 247, 7, 62, 215, 83, 103, 234, 255, 127, 5, 47,
       247, 90, 185, 186, 250, 139, 217, 17, 207, 171, 21, 164, 9, 174,
       222, 98, 90, 161, 187, 237, 17, 26, 75, 250, 241, 219, 213, 31,
       123, 146, 4, 175, 106, 37, 77, 127, 69, 244, 78, 239, 51, 125,
       238, 126, 72, 211, 53, 149, 53, 94, 252, 70, 104, 233, 176, 117,
       14, 103, 191, 101, 4, 99, 248, 70, 185, 185, 243, 233, 53, 163,
       95, 85, 57, 113, 206, 119, 245, 27, 61, 218, 180, 22, 30, 245, 12,
       253, 252, 245, 160, 99, 217, 116, 227, 107, 132, 222, 247, 146,
       32, 104, 219, 78, 145, 252, 89, 27, 242, 81, 219, 125, 206, 220,
       41, 63, 185, 55, 141, 163, 86, 174, 211, 86, 77, 235, 168, 61,
       164, 147, 213, 235, 19, 126, 64, 110, 112, 216, 81, 201, 93, 189,
       255, 8, 140, 190, 246, 206, 132, 254, 101, 157, 35, 230, 192, 50,
       121, 224, 223, 79, 143, 254, 87, 105, 18, 97, 68, 117, 91, 65, 91,
       105, 101, 190, 141, 11, 13, 150, 180, 26, 132, 198, 44, 157, 171,
       116, 204, 215, 221, 1, 85, 231, 172, 86, 246, 191, 83, 102, 66,
       19, 118, 91, 120, 225, 108, 191, 183, 75, 45, 190, 247, 54, 132,
       205, 190, 172, 161, 45, 142, 210, 255, 32, 151, 239, 214, 110, 87,
       45, 113, 105, 105, 85, 215, 123, 120, 71, 236, 125, 15, 91, 93,
       51, 48, 92, 184, 151, 254, 205, 178, 124, 156, 127, 205, 165, 225,
       127, 175, 118, 210, 223, 31, 239, 229, 166, 122, 125, 19, 253,
       254, 86, 246, 221, 47, 147, 239, 102, 229, 255, 174, 181, 209, 53,
       200, 214, 251, 234, 132, 175, 245, 105, 117, 182, 181, 102, 197,
       245, 118, 254, 235, 93, 172, 255, 19, 75, 63, 158, 197, 250, 213,
       151, 240, 188, 243, 121, 206, 63, 248, 135, 135, 231, 239, 252,
       87, 43, 151, 112, 218, 237, 189, 254, 251, 31, 106, 253, 111, 8,
       221, 190, 180, 255, 155, 215, 166, 150, 59, 106, 247, 55, 93, 163,
       251, 87, 143, 250, 215, 139, 24, 179, 209, 48, 254, 185, 23, 127,
       75, 82, 116, 188, 30, 132, 236, 135, 63, 63, 25, 179, 220, 49,
       199, 7, 254, 58, 194, 138, 64, 1, 253, 74, 143, 39, 191, 180, 232,
       125, 39, 175, 77, 90, 161, 175, 175, 146, 192, 167, 55, 253, 5,
       18, 153, 3, 213, 228, 245, 58, 195, 134, 196, 133, 123, 141, 94,
       238, 95, 100, 18, 239, 48, 244, 206, 87, 230, 121, 109, 179, 239,
       118, 116, 191, 239, 229, 244, 167, 170, 78, 107, 231, 128, 175,
       247, 124, 241, 120, 105, 184, 236, 61, 221, 95, 54, 107, 236, 124,
       8, 191, 157, 83, 240, 200, 254, 252, 72, 204, 58, 224, 185, 247,
       253, 33, 185, 66, 158, 94, 107, 255, 222, 109, 89, 185, 118, 21,
       190, 215, 254, 150, 181, 73, 61, 214, 255, 197, 246, 253, 212,
       191, 111, 117, 190, 107, 91, 244, 219, 191, 197, 92, 119, 58, 217,
       58, 250, 45, 221, 83, 192, 207, 85, 164, 10, 46, 223, 102, 180,
       234, 185, 207, 64, 78, 43, 58, 241, 219, 209, 3, 123, 115, 14,
       111, 110, 159, 94, 191, 253, 170, 38, 61, 16, 172, 218, 151, 117,
       223, 247, 33, 107, 230, 117, 253, 166, 185, 197, 35, 8, 195, 227,
       239, 146, 136, 113, 33, 115, 209, 206, 111, 255, 52, 138, 111,
       180, 126, 83, 246, 246, 243, 99, 152, 99, 103, 239, 60, 206, 235,
       252, 109, 191, 236, 235, 246, 192, 60, 144, 97, 57, 61, 95, 123,
       234, 124, 135, 71, 248, 197, 200, 253, 110, 123, 201, 189, 112,
       126, 224, 94, 111, 201, 35, 40, 253, 114, 221, 163, 152, 127, 187,
       114, 241, 157, 237, 102, 127, 156, 59, 110, 188, 119, 210, 235,
       208, 251, 227, 221, 245, 115, 238, 126, 238, 251, 220, 223, 255,
       174, 239, 199, 4, 190, 247, 248, 8, 59, 223, 110, 78, 118, 147,
       239, 244, 213, 72, 254, 230, 115, 201, 182, 101, 122, 234, 23,
       239, 237, 187, 36, 255, 114, 111, 160, 128, 127, 191, 240, 237,
       33, 247, 97, 77, 244, 143, 239, 119, 85, 237, 124, 206, 114, 37,
       148, 52, 126, 174, 22, 172, 249, 186, 117, 207, 126, 14, 180, 192,
       111, 138, 246, 253, 90, 189, 187, 254, 211, 204, 63, 231, 191,
       194, 74, 1, 188, 255, 32, 112, 167, 115, 251, 130, 115, 201, 186,
       239, 251, 247, 94, 10, 8, 112, 167, 123, 37, 255, 107, 73, 246,
       135, 239, 252, 84, 168, 124, 238, 113, 69, 181, 36, 126, 216, 22,
       238, 195, 178, 125, 127, 124, 12, 165, 172, 125, 186, 242, 177,
       157, 75, 215, 253, 38, 14, 108, 156, 100, 242, 86, 66, 253, 67,
       153, 239, 118, 236, 126, 238, 193, 212, 231, 232, 228, 233, 239,
       128, 46, 177, 97, 169, 89, 179, 74, 167, 114, 134, 120, 113, 33,
       72, 75, 231, 61, 199, 34, 208, 54, 173, 149, 165, 221, 154, 132,
       77, 246, 229, 170, 128, 45, 134, 43, 153, 197, 255, 239, 251, 236,
       169, 239, 252, 255, 218, 255, 254, 253, 235, 249, 107, 127, 235,
       127, 222, 243, 246, 238, 243, 254, 223, 239, 232, 188, 251, 225,
       241, 73, 225, 18, 172, 17, 30, 106, 104, 172, 128, 236, 0, 223,
       211, 33, 212, 48, 44, 200, 106, 65, 147, 152, 28, 145, 245, 11,
       12, 10, 34, 43, 160, 168, 229, 98, 77, 253, 59, 244, 255, 87, 226,
