%YAML:1.0
---
descriptors: !!opencv-matrix
   rows: 227
   cols: 32
   dt: u
   data: [ 57, 69, 70, 12, 93, 19, 198, 121, 69, 64, 255, 70, 67, 72,
       182, 228, 120, 204, 22, 111, 205, 179, 69, 204, 50, 120, 128, 4,
       127, 174, 120, 148, 173, 237, 121, 73, 220, 63, 231, 254, 87, 234,
       252, 10, 19, 105, 245, 164, 121, 218, 146, 105, 241, 186, 100,
       254, 127, 13, 37, 36, 119, 249, 242, 236, 183, 207, 231, 156, 220,
       51, 238, 254, 87, 226, 216, 199, 104, 110, 183, 97, 125, 235, 31,
       237, 253, 219, 101, 255, 60, 14, 239, 196, 157, 125, 248, 212,
       143, 221, 38, 158, 223, 182, 175, 253, 213, 66, 223, 214, 120,
       238, 186, 229, 126, 107, 187, 239, 255, 135, 62, 255, 48, 39, 142,
       136, 31, 255, 185, 116, 154, 74, 98, 176, 82, 211, 184, 102, 21,
       228, 222, 163, 41, 142, 183, 132, 122, 189, 147, 193, 76, 155, 4,
       222, 82, 69, 154, 131, 55, 12, 61, 222, 61, 57, 248, 97, 231, 95,
       123, 208, 99, 248, 117, 10, 27, 157, 215, 184, 63, 220, 151, 222,
       159, 178, 252, 128, 95, 201, 165, 229, 239, 183, 94, 243, 33, 172,
       243, 217, 85, 183, 163, 79, 94, 67, 124, 18, 32, 136, 180, 36,
       249, 42, 2, 25, 150, 190, 36, 243, 47, 30, 146, 98, 213, 76, 240,
       236, 159, 31, 255, 229, 182, 126, 121, 18, 237, 206, 222, 246,
       221, 47, 183, 239, 102, 245, 191, 189, 189, 209, 53, 204, 214,
       251, 234, 128, 174, 245, 45, 117, 95, 27, 127, 228, 178, 210, 127,
       113, 173, 204, 222, 162, 221, 191, 183, 100, 118, 245, 191, 251,
       209, 153, 52, 204, 251, 255, 175, 193, 167, 167, 165, 115, 153,
       138, 234, 251, 54, 131, 235, 222, 55, 19, 86, 242, 121, 139, 184,
       104, 127, 139, 6, 156, 162, 188, 45, 255, 222, 207, 190, 196, 181,
       137, 97, 169, 139, 24, 179, 217, 49, 252, 185, 23, 63, 91, 83,
       116, 188, 30, 132, 237, 135, 59, 191, 17, 179, 220, 49, 211, 7,
       127, 58, 194, 138, 64, 5, 255, 175, 42, 225, 223, 70, 153, 248,
       88, 31, 227, 85, 223, 61, 204, 214, 41, 62, 185, 55, 141, 183,
       118, 174, 209, 86, 75, 251, 168, 255, 173, 83, 244, 155, 136, 251,
       251, 70, 137, 249, 91, 63, 65, 85, 242, 189, 207, 241, 105, 126,
       171, 55, 159, 147, 248, 47, 241, 222, 203, 250, 128, 183, 136, 33,
       233, 9, 20, 127, 197, 116, 78, 105, 51, 125, 206, 118, 112, 191,
       55, 144, 116, 119, 188, 23, 40, 161, 188, 113, 78, 71, 254, 242,
       128, 102, 160, 69, 233, 239, 114, 126, 64, 110, 16, 249, 81, 201,
       124, 183, 255, 8, 140, 255, 191, 206, 128, 255, 54, 149, 103, 238,
       192, 22, 89, 226, 239, 79, 173, 124, 213, 239, 183, 112, 74, 237,
       29, 95, 249, 233, 40, 189, 28, 90, 221, 206, 183, 142, 209, 215,
       122, 214, 39, 250, 243, 115, 217, 37, 255, 91, 255, 202, 71, 165,
       69, 125, 69, 244, 78, 111, 51, 117, 170, 126, 72, 211, 39, 145,
       53, 90, 236, 70, 104, 233, 176, 117, 14, 103, 191, 37, 0, 111,
       248, 66, 185, 158, 122, 234, 50, 107, 241, 176, 208, 187, 93, 149,
       191, 44, 206, 206, 155, 166, 249, 229, 195, 134, 71, 174, 241,
       218, 81, 123, 235, 167, 21, 47, 215, 58, 233, 58, 250, 57, 209,
       83, 192, 143, 21, 180, 9, 46, 223, 102, 16, 234, 185, 207, 208,
       78, 43, 234, 241, 219, 209, 13, 123, 83, 14, 46, 74, 90, 169, 184,
       186, 155, 217, 17, 207, 171, 21, 164, 9, 174, 223, 98, 90, 129,
       179, 253, 17, 30, 75, 250, 241, 219, 213, 31, 123, 146, 4, 167,
       74, 234, 185, 234, 80, 217, 221, 209, 87, 147, 93, 180, 189, 48,
       157, 86, 56, 141, 187, 215, 17, 151, 107, 242, 81, 91, 13, 180,
       251, 199, 12, 222, 251, 151, 94, 191, 253, 168, 38, 61, 16, 172,
       218, 151, 117, 223, 247, 161, 107, 231, 117, 253, 247, 185, 197,
       35, 8, 195, 235, 239, 150, 136, 113, 33, 115, 131, 94, 63, 190,
       46, 39, 191, 127, 158, 74, 220, 231, 253, 254, 171, 99, 255, 115,
       191, 167, 229, 7, 42, 255, 242, 251, 235, 186, 28, 248, 49, 251,
       209, 206, 79, 255, 36, 138, 111, 180, 126, 90, 214, 230, 255, 235,
       185, 99, 103, 239, 60, 206, 235, 220, 111, 125, 228, 235, 250,
       128, 60, 144, 97, 57, 91, 189, 187, 254, 211, 204, 55, 247, 189,
       194, 110, 4, 188, 255, 32, 113, 167, 115, 251, 0, 115, 201, 186,
       239, 251, 255, 94, 10, 10, 96, 167, 123, 35, 247, 99, 77, 246, 7,
       239, 253, 85, 232, 120, 238, 80, 68, 181, 36, 126, 248, 22, 238,
       225, 178, 108, 223, 60, 12, 165, 164, 117, 186, 242, 253, 154,
       141, 30, 248, 155, 225, 48, 103, 190, 23, 204, 50, 44, 191, 32,
       73, 227, 59, 171, 144, 50, 143, 2, 247, 219, 231, 90, 75, 144, 64,
       173, 170, 185, 29, 95, 236, 22, 131, 66, 114, 133, 0, 255, 226,
       19, 131, 160, 65, 106, 184, 14, 234, 73, 163, 4, 156, 242, 233,
       162, 0, 63, 137, 112, 160, 50, 86, 242, 164, 119, 127, 255, 106,
       61, 236, 250, 15, 74, 62, 39, 212, 252, 221, 151, 161, 140, 179,
       81, 206, 179, 254, 135, 151, 229, 127, 126, 215, 86, 209, 41, 170,
       30, 193, 150, 236, 14, 32, 153, 171, 247, 220, 104, 64, 218, 249,
       223, 227, 74, 35, 90, 189, 249, 197, 175, 255, 53, 27, 21, 90, 3,
       177, 43, 161, 213, 167, 235, 222, 30, 97, 72, 6, 157, 138, 120,
       96, 253, 11, 19, 157, 147, 152, 49, 214, 205, 29, 154, 100, 152,
       138, 177, 248, 45, 249, 105, 105, 85, 215, 127, 248, 71, 236, 125,
       143, 91, 93, 179, 48, 94, 184, 151, 238, 205, 178, 125, 188, 127,
       205, 165, 229, 127, 191, 118, 242, 141, 94, 238, 87, 100, 18, 239,
       48, 244, 206, 87, 246, 89, 109, 179, 239, 119, 116, 191, 254, 177,
       212, 47, 170, 110, 111, 231, 128, 175, 247, 124, 241, 94, 22, 246,
       230, 35, 58, 122, 16, 173, 174, 191, 247, 79, 111, 43, 218, 182,
       245, 237, 162, 140, 213, 137, 200, 210, 231, 107, 131, 231, 247,
       45, 19, 170, 217, 116, 222, 127, 213, 158, 236, 143, 92, 28, 169,
       108, 220, 63, 164, 142, 115, 215, 71, 198, 43, 58, 253, 51, 26,
       77, 187, 86, 158, 13, 95, 104, 241, 56, 97, 253, 77, 85, 159, 98,
       125, 188, 40, 186, 29, 90, 48, 153, 26, 85, 88, 90, 42, 233, 53,
       239, 221, 181, 253, 68, 16, 214, 235, 89, 22, 255, 117, 50, 30,
       121, 59, 113, 73, 118, 244, 123, 63, 146, 112, 55, 214, 61, 172,
       185, 216, 37, 15, 106, 239, 48, 192, 239, 160, 64, 121, 234, 121,
       110, 212, 111, 220, 190, 166, 169, 206, 62, 175, 172, 124, 23, 51,
       166, 243, 255, 71, 228, 233, 182, 237, 55, 123, 222, 139, 103,
       181, 95, 95, 250, 89, 242, 116, 39, 221, 222, 182, 169, 236, 182,
       175, 42, 189, 215, 183, 166, 245, 253, 67, 236, 233, 244, 232,
       115, 121, 77, 155, 103, 253, 86, 127, 88, 248, 58, 250, 57, 221,
       87, 244, 171, 95, 180, 12, 190, 255, 98, 48, 167, 251, 253, 80,
       30, 111, 186, 247, 251, 223, 23, 123, 210, 19, 175, 219, 123, 171,
       238, 26, 31, 145, 156, 229, 203, 117, 180, 175, 43, 232, 118, 150,
       174, 235, 237, 85, 158, 43, 174, 241, 186, 93, 141, 251, 215, 14,
       254, 79, 237, 95, 110, 100, 37, 222, 119, 178, 161, 236, 118, 237,
       187, 189, 167, 247, 70, 244, 245, 102, 237, 217, 180, 172, 98,
       249, 229, 147, 46, 253, 94, 127, 255, 121, 240, 236, 239, 86, 222,
       216, 91, 238, 181, 175, 73, 95, 223, 191, 223, 213, 213, 255, 205,
       103, 253, 234, 219, 223, 237, 191, 127, 183, 126, 119, 237, 127,
       109, 69, 96, 82, 231, 182, 96, 236, 254, 237, 19, 54, 131, 55, 76,
       228, 228, 238, 237, 248, 229, 44, 118, 169, 229, 128, 111, 245,
       94, 125, 73, 59, 111, 253, 236, 153, 105, 19, 239, 120, 246, 228,
       191, 151, 212, 123, 110, 174, 126, 12, 147, 248, 247, 241, 198,
       249, 243, 176, 111, 137, 65, 249, 125, 95, 107, 238, 124, 147, 79,
       248, 197, 200, 252, 238, 123, 205, 191, 112, 126, 224, 94, 238,
       201, 35, 44, 253, 114, 217, 163, 184, 127, 187, 114, 241, 63, 82,
       234, 66, 39, 118, 91, 88, 193, 110, 189, 175, 75, 12, 190, 246,
       190, 197, 221, 166, 204, 163, 44, 198, 210, 127, 161, 183, 111,
       239, 126, 87, 141, 239, 207, 191, 254, 169, 239, 254, 190, 154,
