%YAML:1.0
---
descriptors: !!opencv-matrix
   rows: 198
   cols: 32
   dt: u
   data: [ 163, 98, 102, 13, 108, 19, 168, 77, 79, 232, 208, 239, 72,
       136, 246, 164, 94, 44, 178, 141, 197, 242, 231, 213, 6, 88, 139,
       170, 95, 156, 120, 221, 130, 148, 27, 187, 99, 228, 184, 98, 188,
       27, 83, 178, 188, 255, 40, 73, 167, 59, 147, 129, 50, 156, 26,
       231, 197, 179, 90, 195, 144, 9, 37, 179, 98, 188, 61, 126, 121,
       205, 81, 126, 139, 89, 184, 57, 54, 255, 0, 18, 141, 179, 245, 0,
       27, 43, 250, 55, 219, 215, 49, 251, 80, 8, 6, 251, 113, 96, 229,
       229, 60, 79, 193, 24, 91, 232, 243, 72, 83, 89, 148, 50, 152, 228,
       117, 107, 137, 246, 241, 157, 137, 186, 225, 148, 77, 171, 82, 33,
       50, 203, 68, 236, 75, 211, 94, 228, 141, 12, 252, 163, 47, 95, 37,
       212, 238, 177, 151, 194, 78, 27, 64, 253, 243, 244, 138, 147, 55,
       62, 46, 143, 172, 101, 57, 233, 172, 73, 71, 185, 199, 250, 60,
       104, 211, 213, 233, 97, 89, 88, 14, 122, 73, 112, 106, 16, 239,
       217, 101, 188, 114, 250, 84, 241, 12, 213, 89, 107, 180, 15, 127,
       184, 126, 40, 127, 72, 215, 243, 137, 80, 151, 92, 110, 122, 115,
       176, 89, 63, 239, 255, 37, 68, 216, 243, 194, 161, 2, 157, 58,
       187, 19, 198, 179, 99, 28, 77, 91, 55, 172, 222, 42, 64, 246, 59,
       139, 129, 54, 152, 17, 255, 237, 55, 26, 67, 24, 10, 173, 211,
       130, 184, 185, 152, 95, 241, 184, 198, 159, 87, 80, 187, 172, 158,
       102, 8, 201, 59, 147, 145, 54, 94, 50, 243, 31, 23, 154, 235, 149,
       12, 151, 218, 245, 66, 79, 228, 6, 2, 79, 248, 97, 162, 242, 230,
       83, 43, 185, 115, 122, 196, 108, 238, 233, 247, 141, 168, 242,
       235, 231, 148, 45, 187, 112, 32, 33, 151, 97, 77, 116, 143, 235,
       123, 85, 72, 124, 230, 51, 21, 180, 36, 92, 8, 22, 172, 201, 184,
       101, 159, 100, 12, 160, 196, 127, 138, 80, 253, 252, 112, 121, 96,
       45, 95, 83, 88, 97, 232, 183, 8, 27, 29, 91, 63, 24, 148, 213,
       106, 137, 167, 241, 128, 211, 217, 33, 53, 99, 179, 70, 115, 102,
       177, 148, 154, 141, 253, 144, 207, 143, 53, 161, 25, 142, 218, 76,
       159, 201, 19, 235, 17, 22, 107, 218, 241, 157, 16, 91, 127, 144,
       12, 143, 6, 124, 120, 187, 228, 41, 76, 83, 88, 171, 168, 177, 8,
       127, 223, 73, 18, 148, 245, 125, 98, 72, 99, 154, 136, 211, 249,
       1, 62, 98, 51, 6, 51, 84, 249, 151, 182, 40, 76, 87, 144, 171,
       184, 162, 72, 254, 247, 65, 90, 132, 245, 125, 66, 73, 67, 218,
       96, 217, 242, 111, 58, 8, 51, 3, 59, 169, 75, 113, 69, 116, 11,
       239, 56, 116, 160, 118, 194, 211, 1, 149, 181, 126, 236, 6, 110,
       233, 176, 101, 14, 100, 172, 33, 128, 103, 186, 82, 168, 116, 244,
       143, 191, 24, 15, 71, 248, 182, 180, 203, 5, 247, 231, 43, 65,
       217, 237, 107, 230, 106, 211, 251, 29, 253, 163, 239, 52, 16, 123,
       39, 242, 19, 130, 236, 153, 70, 131, 233, 19, 22, 117, 210, 247,
       161, 46, 150, 73, 110, 173, 47, 149, 174, 220, 101, 209, 76, 38,
       250, 192, 189, 140, 52, 220, 185, 132, 241, 108, 21, 127, 87, 63,
       81, 234, 188, 24, 123, 125, 20, 180, 217, 214, 212, 40, 233, 111,
       121, 143, 251, 255, 5, 55, 99, 236, 78, 110, 1, 0, 232, 209, 84,
       174, 233, 19, 116, 9, 118, 82, 145, 9, 148, 108, 120, 136, 23,
       152, 128, 188, 101, 205, 71, 170, 178, 192, 229, 136, 113, 168,
       45, 191, 113, 71, 244, 95, 239, 184, 117, 234, 126, 228, 211, 117,
       157, 180, 31, 254, 22, 110, 225, 240, 125, 46, 47, 158, 37, 132,
       239, 251, 70, 245, 2, 162, 231, 153, 90, 195, 169, 67, 166, 117,
       210, 231, 169, 134, 210, 79, 110, 173, 235, 149, 134, 216, 199,
       213, 28, 34, 250, 193, 165, 132, 37, 221, 147, 0, 71, 129, 6, 58,
       232, 3, 45, 113, 82, 215, 25, 10, 150, 236, 110, 141, 55, 157,
       135, 180, 53, 192, 4, 40, 154, 128, 111, 132, 233, 212, 193, 46,
       183, 93, 249, 159, 171, 123, 126, 168, 246, 18, 248, 226, 180,
       101, 253, 236, 106, 28, 241, 255, 251, 223, 61, 190, 7, 74, 67,
       168, 99, 172, 61, 135, 204, 235, 252, 35, 78, 152, 86, 186, 189,
       206, 211, 97, 219, 89, 95, 204, 46, 254, 175, 98, 77, 63, 238,
       207, 229, 188, 189, 251, 88, 1, 166, 234, 169, 154, 207, 241, 186,
       198, 159, 87, 80, 187, 44, 204, 119, 9, 203, 123, 179, 83, 6, 110,
       42, 241, 95, 18, 218, 235, 213, 93, 53, 222, 41, 20, 126, 117,
       100, 126, 105, 55, 125, 206, 126, 24, 187, 23, 150, 57, 10, 164,
       87, 12, 169, 188, 113, 76, 71, 251, 112, 0, 66, 200, 70, 121, 56,
       21, 246, 236, 93, 118, 94, 121, 85, 132, 253, 3, 75, 253, 58, 208,
       254, 219, 183, 225, 28, 163, 89, 143, 243, 239, 161, 13, 247, 238,
       252, 194, 134, 172, 23, 154, 221, 225, 190, 234, 159, 19, 200, 19,
       236, 250, 108, 64, 233, 123, 251, 131, 50, 75, 218, 247, 61, 22,
       143, 127, 145, 91, 167, 134, 185, 152, 252, 125, 53, 223, 81, 58,
       83, 243, 103, 24, 123, 125, 22, 189, 153, 252, 244, 8, 173, 252,
       121, 159, 75, 255, 81, 85, 227, 172, 94, 102, 130, 160, 159, 185,
       233, 229, 184, 71, 158, 25, 64, 16, 188, 155, 96, 137, 227, 27,
       51, 17, 19, 124, 18, 209, 13, 147, 90, 107, 144, 8, 165, 171, 121,
       187, 25, 224, 116, 143, 75, 127, 99, 232, 60, 108, 159, 3, 208,
       176, 156, 140, 84, 108, 219, 186, 224, 29, 251, 205, 37, 252, 104,
       136, 202, 57, 162, 185, 151, 218, 109, 205, 176, 231, 143, 25,
       144, 24, 172, 223, 96, 175, 201, 59, 251, 1, 67, 111, 210, 241,
       157, 210, 94, 123, 18, 8, 167, 175, 248, 48, 253, 101, 15, 106,
       85, 10, 112, 166, 167, 8, 83, 55, 1, 123, 120, 244, 124, 42, 105,
       247, 241, 8, 209, 235, 97, 16, 97, 113, 102, 98, 37, 93, 7, 7, 84,
       30, 238, 244, 116, 232, 122, 70, 211, 32, 149, 164, 120, 236, 86,
       111, 237, 176, 85, 46, 36, 46, 37, 0, 105, 187, 90, 156, 2, 205,
       63, 186, 151, 192, 189, 231, 158, 23, 70, 179, 236, 254, 42, 73,
       227, 83, 187, 129, 50, 201, 42, 245, 105, 50, 222, 203, 148, 84,
       181, 106, 216, 177, 60, 242, 139, 193, 21, 207, 191, 117, 164, 57,
       30, 191, 106, 27, 163, 147, 233, 144, 122, 75, 58, 241, 219, 211,
       87, 127, 146, 4, 167, 122, 252, 180, 176, 226, 157, 253, 82, 152,
       211, 191, 173, 25, 143, 221, 75, 154, 153, 219, 221, 114, 62, 103,
       218, 146, 219, 221, 5, 127, 194, 95, 206, 2, 121, 188, 121, 97,
       113, 175, 81, 23, 33, 105, 124, 76, 63, 31, 0, 48, 134, 187, 21,
       16, 155, 186, 240, 31, 207, 221, 48, 96, 104, 0, 66, 251, 196,
       221, 141, 247, 136, 110, 71, 191, 50, 191, 14, 84, 247, 119, 72,
       91, 81, 198, 120, 30, 59, 92, 251, 51, 237, 174, 245, 84, 160,
       241, 208, 120, 209, 66, 206, 173, 36, 10, 77, 52, 52, 130, 214,
       227, 247, 35, 145, 91, 114, 197, 109, 238, 104, 213, 197, 8, 240,
       235, 230, 144, 44, 248, 32, 8, 184, 184, 157, 250, 137, 237, 21,
       207, 155, 55, 160, 25, 174, 253, 104, 27, 201, 243, 237, 16, 58,
       111, 90, 179, 219, 211, 85, 123, 210, 88, 134, 122, 100, 117, 143,
       190, 72, 143, 103, 248, 183, 180, 235, 13, 246, 231, 73, 84, 93,
       252, 107, 110, 72, 67, 251, 61, 253, 182, 69, 60, 16, 179, 38,
       242, 39, 235, 130, 174, 253, 157, 214, 232, 95, 136, 121, 79, 102,
       232, 127, 148, 220, 234, 130, 87, 198, 178, 222, 255, 60, 20, 5,
       42, 95, 63, 122, 132, 120, 209, 255, 239, 36, 66, 111, 253, 52,
       166, 246, 34, 83, 125, 56, 80, 126, 213, 63, 235, 201, 183, 41,
       44, 241, 235, 231, 132, 101, 186, 244, 51, 105, 15, 233, 101, 244,
       11, 111, 55, 101, 232, 254, 108, 243, 41, 148, 48, 94, 238, 126,
       109, 201, 184, 229, 14, 238, 255, 37, 144, 70, 234, 82, 104, 9,
       159, 63, 125, 52, 190, 121, 55, 109, 73, 126, 100, 190, 51, 132,
       112, 166, 38, 126, 12, 145, 184, 33, 95, 239, 255, 50, 192, 74,
       128, 65, 41, 217, 75, 109, 231, 38, 2, 111, 180, 101, 224, 214,
       230, 123, 43, 145, 115, 118, 228, 61, 238, 233, 144, 101, 236,
       246, 235, 230, 128, 47, 179, 112, 40, 35, 73, 99, 92, 125, 209,
