%YAML:1.0
---
descriptors: !!opencv-matrix
   rows: 120
   cols: 32
   dt: u
   data: [ 127, 239, 200, 38, 155, 112, 94, 188, 51, 230, 175, 141, 107,
       110, 223, 246, 55, 215, 253, 230, 236, 67, 239, 235, 250, 127,
       197, 189, 171, 247, 174, 84, 254, 255, 242, 22, 219, 112, 126,
       222, 187, 255, 189, 191, 104, 255, 95, 150, 183, 255, 253, 215,
       246, 67, 190, 226, 123, 93, 141, 191, 175, 247, 175, 95, 60, 191,
       116, 71, 191, 91, 215, 248, 127, 166, 189, 44, 106, 120, 142, 180,
       59, 254, 196, 98, 252, 163, 109, 255, 58, 222, 5, 119, 103, 239,
       206, 231, 58, 157, 51, 235, 149, 167, 235, 119, 87, 5, 217, 70,
       233, 233, 48, 196, 88, 42, 151, 185, 155, 186, 120, 255, 169, 252,
       138, 64, 191, 78, 245, 184, 173, 253, 241, 119, 226, 126, 255,
       159, 115, 255, 116, 252, 89, 61, 219, 191, 31, 94, 183, 94, 243,
       126, 237, 162, 110, 251, 117, 164, 239, 245, 198, 245, 250, 180,
       233, 88, 201, 244, 217, 75, 187, 95, 180, 157, 8, 190, 86, 26,
       205, 147, 245, 149, 190, 79, 246, 211, 91, 95, 219, 255, 135, 68,
       254, 215, 42, 157, 242, 187, 215, 243, 190, 207, 23, 199, 92, 179,
       109, 255, 43, 192, 255, 187, 147, 145, 62, 154, 122, 255, 111,
       199, 159, 195, 183, 94, 188, 218, 59, 157, 99, 75, 215, 214, 251,
       119, 17, 77, 126, 199, 41, 61, 54, 244, 124, 186, 151, 149, 223,
       186, 116, 253, 47, 109, 152, 194, 255, 142, 246, 255, 198, 150,
       189, 151, 170, 106, 177, 59, 190, 255, 131, 245, 204, 118, 136,
       75, 135, 87, 253, 1, 49, 197, 107, 66, 136, 50, 95, 215, 132, 96,
       165, 115, 247, 230, 196, 202, 205, 55, 78, 184, 19, 51, 165, 156,
       67, 99, 78, 159, 95, 192, 104, 254, 126, 71, 223, 243, 186, 250,
       197, 127, 183, 251, 250, 4, 106, 139, 42, 14, 253, 220, 246, 229,
       233, 13, 124, 11, 46, 232, 62, 196, 168, 43, 167, 69, 214, 43,
       162, 245, 63, 125, 6, 203, 83, 30, 255, 207, 61, 217, 120, 110,
       61, 223, 215, 248, 198, 204, 253, 12, 123, 221, 43, 48, 92, 248,
       134, 110, 205, 35, 122, 61, 243, 205, 37, 60, 123, 187, 68, 243,
       202, 188, 150, 152, 137, 237, 49, 207, 186, 31, 136, 24, 172, 243,
       66, 90, 161, 115, 235, 16, 50, 79, 130, 115, 217, 150, 95, 123,
       144, 64, 135, 11, 147, 89, 99, 222, 70, 150, 239, 117, 237, 64,
       210, 70, 57, 222, 53, 229, 110, 185, 27, 207, 201, 187, 52, 237,
       49, 104, 138, 0, 61, 178, 117, 188, 112, 148, 254, 228, 62, 66,
       81, 43, 21, 166, 182, 51, 87, 63, 34, 83, 251, 213, 189, 32, 40,
       239, 105, 142, 251, 231, 117, 151, 165, 40, 116, 123, 227, 254,
       181, 30, 236, 189, 196, 239, 251, 123, 177, 124, 226, 248, 214,
       187, 201, 231, 110, 3, 255, 111, 254, 115, 56, 62, 119, 58, 217,
       113, 194, 77, 105, 63, 109, 229, 116, 47, 239, 51, 96, 234, 222,
       238, 179, 61, 144, 163, 78, 246, 125, 173, 249, 186, 229, 142,
       236, 175, 237, 144, 109, 232, 82, 249, 27, 31, 126, 254, 118, 150,
       254, 119, 237, 72, 95, 231, 61, 255, 182, 228, 102, 183, 151, 239,
       197, 153, 4, 239, 242, 109, 170, 128, 47, 230, 41, 93, 10, 156,
       50, 184, 241, 245, 184, 71, 191, 93, 92, 21, 172, 158, 38, 192,
       231, 59, 155, 17, 54, 141, 18, 247, 31, 119, 26, 75, 146, 4, 173,
       95, 125, 165, 109, 103, 148, 47, 111, 188, 113, 226, 239, 72, 211,
       101, 153, 48, 121, 206, 124, 46, 249, 240, 253, 46, 239, 239, 165,
       20, 225, 251, 214, 96, 173, 161, 149, 219, 237, 95, 229, 200, 94,
       186, 117, 34, 152, 209, 237, 173, 217, 72, 18, 90, 83, 116, 107,
       176, 13, 216, 215, 44, 219, 127, 80, 164, 194, 150, 189, 181, 168,
       46, 60, 191, 190, 247, 2, 213, 212, 255, 72, 75, 135, 87, 123, 21,
       176, 205, 219, 66, 205, 50, 95, 70, 136, 96, 133, 91, 196, 158,
       157, 183, 160, 46, 53, 191, 58, 255, 10, 117, 215, 55, 1, 91, 133,
       87, 105, 16, 177, 220, 219, 42, 237, 163, 127, 4, 136, 112, 133,
       123, 117, 229, 236, 106, 140, 27, 78, 216, 83, 182, 165, 10, 83,
       105, 223, 59, 89, 212, 108, 250, 108, 98, 255, 56, 251, 203, 197,
       61, 247, 251, 94, 36, 42, 217, 32, 154, 205, 213, 180, 239, 143,
       21, 196, 19, 172, 220, 110, 65, 205, 27, 147, 1, 86, 47, 90, 245,
       127, 17, 222, 123, 82, 12, 189, 222, 175, 252, 245, 87, 163, 127,
       255, 190, 123, 250, 116, 244, 251, 125, 221, 191, 31, 126, 149,
       14, 227, 252, 253, 171, 47, 223, 117, 166, 231, 244, 198, 253, 43,
       140, 18, 203, 149, 183, 202, 199, 87, 1, 221, 2, 232, 249, 48,
       228, 89, 170, 146, 25, 63, 184, 88, 255, 175, 220, 130, 67, 159,
       207, 248, 172, 2, 149, 22, 136, 159, 229, 176, 103, 206, 13, 90,
       39, 172, 250, 32, 196, 232, 51, 138, 17, 18, 41, 19, 221, 189, 20,
       138, 67, 24, 8, 189, 10, 102, 246, 226, 214, 251, 52, 158, 222,
       187, 223, 189, 255, 108, 255, 223, 158, 191, 255, 245, 151, 182,
       75, 154, 234, 59, 94, 223, 255, 207, 119, 238, 223, 123, 178, 226,
       164, 126, 23, 152, 121, 83, 233, 208, 239, 105, 40, 150, 193, 254,
       205, 255, 165, 173, 251, 205, 221, 154, 71, 251, 246, 47, 172, 59,
       157, 16, 133, 31, 169, 182, 235, 119, 47, 38, 49, 75, 50, 215,
       147, 104, 64, 115, 30, 46, 16, 82, 152, 73, 23, 237, 165, 50, 68,
       176, 10, 129, 35, 42, 25, 106, 218, 91, 209, 187, 97, 143, 68,
       205, 163, 40, 223, 39, 64, 110, 187, 147, 194, 2, 11, 42, 253, 87,
       5, 139, 171, 23, 14, 37, 250, 98, 42, 66, 137, 64, 33, 170, 66,
       44, 3, 89, 199, 129, 130, 245, 64, 126, 137, 3, 143, 0, 18, 196,
       64, 148, 164, 154, 168, 21, 75, 179, 128, 9, 189, 114, 72, 211,
       149, 50, 231, 125, 65, 104, 64, 60, 218, 180, 244, 246, 171, 18,
       213, 151, 187, 52, 255, 60, 124, 6, 74, 255, 6, 171, 141, 83, 221,
       126, 190, 254, 150, 222, 253, 219, 200, 144, 199, 236, 250, 54,
       65, 255, 227, 159, 231, 228, 107, 14, 255, 186, 94, 207, 190, 31,
       188, 185, 221, 186, 180, 232, 56, 249, 245, 153, 71, 155, 127,
       188, 191, 8, 172, 118, 24, 201, 155, 215, 149, 190, 111, 242, 211,
       91, 87, 190, 251, 215, 68, 246, 223, 3, 245, 146, 158, 219, 212,
       188, 71, 255, 67, 200, 18, 172, 254, 46, 230, 238, 59, 155, 129,
       103, 11, 146, 227, 55, 52, 158, 11, 154, 84, 169, 158, 42, 156,
       186, 217, 223, 245, 187, 223, 31, 79, 220, 51, 60, 255, 38, 76,
       221, 155, 179, 144, 51, 159, 122, 255, 127, 31, 159, 239, 155, 76,
       188, 219, 46, 185, 232, 234, 213, 253, 211, 223, 31, 69, 124, 141,
       14, 189, 102, 20, 251, 155, 151, 17, 22, 58, 48, 243, 95, 85, 16,
       111, 223, 15, 215, 218, 144, 189, 158, 61, 152, 239, 53, 167, 190,
       183, 234, 17, 183, 179, 2, 89, 161, 127, 233, 16, 114, 221, 147,
       63, 237, 227, 94, 83, 128, 80, 135, 74, 91, 169, 42, 168, 147,
       213, 122, 70, 55, 109, 204, 3, 44, 175, 102, 208, 246, 171, 159,
       148, 30, 27, 48, 215, 251, 221, 142, 239, 179, 4, 173, 94, 192,
       156, 189, 181, 136, 236, 61, 143, 190, 247, 10, 17, 244, 55, 66,
       75, 133, 87, 121, 17, 51, 220, 243, 3, 205, 163, 95, 64, 128, 96,
       133, 122, 244, 253, 253, 102, 136, 111, 87, 184, 211, 242, 169, 9,
       83, 125, 73, 59, 153, 212, 109, 114, 107, 99, 251, 58, 251, 207,
       101, 61, 240, 123, 198, 50, 11, 188, 178, 218, 215, 245, 176, 199,
       95, 71, 124, 18, 44, 218, 118, 172, 255, 59, 147, 17, 150, 191,
       50, 243, 31, 95, 26, 107, 223, 76, 235, 207, 2, 137, 92, 156, 95,
       209, 52, 107, 143, 17, 197, 10, 44, 114, 38, 133, 104, 155, 146,
       128, 87, 75, 82, 253, 63, 18, 94, 111, 19, 12, 169, 142, 2, 27,
       99, 191, 38, 130, 167, 115, 236, 76, 90, 230, 165, 216, 180, 96,
       202, 58, 23, 3, 197, 184, 102, 207, 4, 116, 170, 130, 68, 234,
       117, 237, 26, 205, 227, 222, 199, 144, 254, 229, 53, 6, 126, 135,
       105, 239, 190, 196, 123, 235, 183, 206, 80, 158, 46, 239, 51, 111,
       158, 131, 55, 182, 244, 236, 187, 23, 67, 140, 114, 242, 57, 86,
       53, 76, 254, 231, 60, 134, 167, 244, 126, 187, 150, 196, 141, 155,
