%YAML:1.0
---
descriptors: !!opencv-matrix
   rows: 184
   cols: 32
   dt: u
   data: [ 37, 119, 121, 101, 116, 15, 119, 48, 105, 236, 127, 76, 215,
       53, 136, 48, 156, 92, 86, 110, 201, 176, 113, 14, 103, 189, 33, 0,
       72, 179, 66, 241, 69, 183, 153, 225, 168, 44, 61, 159, 42, 251,
       154, 92, 158, 55, 72, 123, 167, 87, 125, 17, 147, 73, 219, 64,
       221, 184, 127, 254, 136, 96, 131, 49, 98, 188, 57, 254, 121, 205,
       81, 127, 139, 93, 184, 57, 54, 253, 68, 50, 141, 179, 245, 1, 27,
       43, 250, 55, 251, 221, 16, 250, 80, 8, 134, 251, 190, 93, 82, 190,
       221, 247, 86, 236, 157, 142, 249, 11, 79, 255, 35, 213, 216, 253,
       199, 99, 108, 163, 88, 142, 179, 247, 69, 31, 51, 127, 110, 70,
       252, 112, 113, 224, 45, 79, 83, 88, 97, 232, 181, 8, 27, 29, 73,
       59, 156, 149, 93, 98, 136, 103, 241, 136, 211, 217, 33, 54, 99,
       163, 70, 115, 44, 213, 125, 111, 180, 15, 119, 184, 118, 24, 127,
       76, 211, 115, 137, 48, 149, 84, 110, 106, 249, 240, 121, 31, 239,
       255, 37, 68, 74, 251, 194, 161, 84, 121, 159, 246, 41, 204, 23,
       176, 171, 184, 162, 72, 254, 247, 65, 82, 134, 245, 125, 66, 73,
       67, 218, 104, 217, 240, 111, 58, 64, 51, 3, 59, 20, 157, 19, 233,
       153, 231, 19, 250, 22, 104, 232, 64, 214, 247, 33, 112, 209, 88,
       26, 106, 27, 147, 121, 63, 249, 164, 3, 126, 56, 43, 37, 179, 121,
       188, 121, 96, 112, 255, 81, 87, 113, 105, 124, 76, 63, 31, 64, 48,
       134, 187, 21, 24, 155, 154, 240, 31, 255, 221, 48, 104, 104, 128,
       66, 123, 185, 223, 106, 222, 116, 151, 255, 246, 151, 72, 222,
       230, 57, 255, 178, 96, 126, 250, 151, 203, 235, 139, 36, 255, 242,
       239, 190, 136, 63, 140, 112, 249, 38, 176, 144, 154, 205, 237,
       176, 207, 142, 53, 161, 25, 140, 248, 104, 10, 137, 27, 234, 17,
       22, 107, 218, 241, 141, 20, 31, 127, 144, 8, 143, 134, 114, 196,
       208, 207, 93, 84, 220, 236, 27, 71, 252, 3, 106, 122, 62, 214,
       250, 195, 143, 225, 110, 35, 219, 219, 181, 254, 158, 151, 55, 94,
       252, 222, 244, 245, 143, 191, 152, 207, 7, 232, 182, 182, 203, 5,
       247, 231, 105, 80, 217, 253, 107, 230, 107, 199, 219, 31, 249,
       167, 239, 52, 24, 123, 39, 242, 37, 95, 69, 69, 52, 14, 238, 176,
       116, 224, 122, 196, 211, 8, 149, 164, 60, 204, 86, 111, 237, 176,
       85, 14, 36, 44, 165, 4, 109, 187, 82, 164, 54, 171, 138, 174, 218,
       129, 158, 232, 6, 173, 249, 175, 100, 238, 106, 80, 253, 255, 167,
       151, 30, 27, 202, 247, 184, 164, 175, 239, 49, 46, 174, 130, 221,
       207, 111, 229, 22, 2, 111, 184, 101, 160, 222, 230, 91, 107, 153,
       99, 126, 196, 61, 238, 233, 145, 45, 173, 242, 233, 239, 132, 47,
       179, 112, 32, 10, 157, 55, 251, 151, 194, 176, 103, 12, 69, 95,
       50, 172, 159, 32, 64, 234, 59, 155, 145, 83, 152, 49, 223, 111,
       247, 154, 67, 22, 10, 181, 122, 51, 2, 238, 157, 76, 139, 233, 91,
       22, 117, 82, 215, 145, 12, 182, 73, 125, 140, 59, 157, 158, 248,
       119, 213, 76, 42, 250, 192, 189, 140, 112, 220, 1, 2, 206, 89,
       100, 186, 232, 83, 127, 81, 118, 86, 153, 136, 214, 236, 106, 44,
       54, 28, 135, 252, 103, 209, 6, 59, 242, 192, 239, 136, 89, 132,
       156, 43, 82, 250, 215, 208, 225, 65, 159, 133, 68, 18, 45, 195,
       98, 196, 122, 184, 131, 152, 18, 191, 162, 224, 191, 225, 130, 73,
       183, 12, 253, 162, 18, 50, 231, 153, 74, 193, 185, 67, 174, 125,
       210, 227, 141, 134, 196, 206, 110, 157, 239, 145, 2, 219, 199,
       213, 20, 32, 250, 195, 37, 132, 37, 253, 139, 186, 185, 179, 96,
       173, 185, 23, 158, 89, 80, 112, 188, 154, 192, 40, 134, 59, 23,
       17, 147, 156, 226, 243, 133, 221, 58, 226, 152, 8, 129, 187, 109,
       79, 109, 101, 236, 15, 207, 191, 101, 234, 190, 236, 211, 41, 151,
       50, 30, 198, 126, 111, 201, 176, 237, 44, 102, 111, 229, 148, 111,
       250, 210, 97, 77, 187, 177, 229, 173, 44, 125, 191, 234, 233, 186,
       76, 158, 243, 81, 50, 164, 71, 124, 28, 145, 105, 243, 64, 217,
       253, 103, 252, 200, 96, 195, 49, 67, 184, 188, 149, 236, 70, 157,
       47, 26, 255, 16, 25, 148, 62, 70, 106, 135, 87, 123, 145, 181, 79,
       179, 82, 13, 54, 127, 182, 128, 96, 133, 91, 97, 99, 24, 167, 52,
       14, 127, 16, 32, 164, 239, 13, 215, 3, 2, 16, 220, 205, 76, 110,
       204, 176, 217, 8, 228, 165, 32, 0, 72, 178, 74, 18, 138, 30, 22,
       190, 175, 160, 148, 35, 157, 23, 91, 183, 236, 108, 42, 73, 199,
       51, 175, 3, 52, 237, 66, 255, 192, 243, 90, 131, 158, 108, 173,
       91, 160, 172, 123, 117, 244, 234, 103, 183, 117, 39, 126, 16, 179,
       37, 144, 48, 91, 254, 6, 8, 56, 252, 113, 47, 111, 191, 52, 64,
       225, 192, 198, 168, 252, 113, 115, 228, 41, 78, 87, 112, 169, 168,
       179, 72, 95, 223, 33, 83, 182, 245, 93, 98, 73, 163, 144, 136,
       243, 249, 1, 58, 106, 179, 102, 51, 50, 219, 86, 236, 99, 195, 94,
       228, 133, 12, 240, 227, 43, 31, 37, 209, 238, 241, 135, 226, 76,
       159, 0, 253, 178, 242, 202, 131, 51, 180, 46, 143, 40, 235, 26,
       252, 85, 156, 240, 102, 27, 5, 68, 3, 175, 201, 50, 196, 210, 56,
       130, 65, 66, 250, 210, 189, 71, 241, 18, 105, 6, 136, 62, 138, 34,
       233, 211, 186, 219, 193, 150, 205, 155, 5, 105, 139, 44, 231, 96,
       148, 219, 251, 131, 208, 18, 11, 202, 255, 57, 52, 143, 107, 209,
       71, 166, 234, 209, 71, 78, 173, 14, 2, 79, 49, 36, 162, 214, 231,
       215, 35, 177, 67, 114, 228, 108, 239, 104, 213, 69, 12, 240, 227,
       226, 144, 37, 248, 49, 8, 57, 71, 70, 7, 116, 30, 238, 116, 116,
       232, 122, 70, 115, 32, 149, 224, 124, 236, 86, 111, 237, 176, 85,
       14, 52, 44, 165, 0, 73, 186, 90, 141, 178, 197, 196, 143, 125, 90,
       252, 237, 31, 119, 241, 19, 108, 126, 62, 213, 251, 143, 159, 161,
       102, 51, 73, 223, 183, 250, 203, 183, 119, 126, 253, 206, 89, 156,
       243, 125, 53, 254, 99, 55, 117, 67, 110, 16, 251, 53, 144, 244,
       17, 190, 156, 40, 185, 188, 53, 159, 171, 255, 16, 65, 226, 132,
       230, 124, 37, 92, 19, 232, 121, 239, 66, 250, 119, 136, 232, 76,
       150, 179, 33, 244, 213, 56, 30, 24, 33, 159, 81, 31, 185, 190, 35,
       126, 154, 57, 32, 57, 245, 74, 207, 228, 6, 10, 79, 248, 117, 226,
       246, 238, 83, 33, 177, 123, 126, 196, 108, 238, 233, 247, 173,
       232, 240, 235, 231, 148, 109, 187, 112, 32, 41, 20, 127, 85, 36,
       254, 105, 51, 109, 79, 126, 16, 187, 55, 150, 125, 46, 52, 118, 8,
       145, 188, 113, 76, 71, 251, 114, 128, 66, 192, 71, 249, 73, 159,
       59, 101, 52, 190, 105, 55, 109, 73, 126, 68, 191, 56, 148, 112,
       166, 38, 126, 12, 149, 184, 33, 79, 238, 255, 50, 192, 202, 128,
       65, 109, 34, 141, 128, 153, 253, 249, 176, 239, 31, 37, 88, 179,
       172, 188, 38, 196, 201, 59, 131, 17, 22, 186, 67, 247, 45, 22,
       158, 107, 150, 76, 157, 142, 100, 252, 143, 190, 200, 205, 103,
       248, 182, 158, 201, 8, 246, 247, 65, 83, 209, 254, 123, 74, 107,
       67, 251, 63, 253, 182, 205, 56, 16, 115, 38, 114, 38, 164, 178,
       152, 253, 193, 190, 235, 159, 150, 144, 27, 108, 254, 124, 0, 251,
       251, 251, 177, 102, 111, 202, 223, 63, 22, 159, 127, 149, 44, 53,
       142, 244, 48, 188, 114, 136, 105, 87, 216, 226, 183, 165, 24, 86,
       247, 75, 26, 153, 86, 105, 18, 26, 103, 250, 50, 219, 151, 69,
       125, 192, 107, 70, 98, 5, 178, 57, 227, 228, 111, 251, 25, 46,
       249, 55, 124, 223, 29, 218, 40, 151, 29, 87, 63, 145, 244, 121,
       20, 207, 217, 33, 244, 204, 171, 135, 243, 2, 148, 43, 186, 19,
       224, 187, 105, 28, 67, 93, 179, 252, 255, 42, 96, 247, 27, 147,
       161, 19, 136, 58, 215, 65, 53, 154, 195, 20, 70, 165, 210, 73,
       179, 175, 29, 57, 215, 17, 59, 246, 253, 94, 236, 248, 246, 194,
       226, 21, 108, 252, 24, 135, 200, 255, 29, 79, 99, 125, 253, 138,
       36, 15, 123, 60, 21, 252, 237, 221, 119, 86, 121, 7, 12, 253, 3,
       91, 125, 59, 192, 216, 216, 167, 40, 30, 163, 91, 159, 115, 239,
       161, 29, 247, 250, 124, 210, 117, 99, 200, 237, 188, 35, 79, 216,
