%YAML:1.0
---
descriptors: !!opencv-matrix
   rows: 185
   cols: 32
   dt: u
   data: [ 180, 205, 87, 151, 228, 39, 238, 236, 57, 2, 184, 90, 220,
       106, 61, 81, 255, 211, 78, 227, 120, 127, 72, 255, 181, 158, 223,
       4, 133, 123, 225, 136, 57, 65, 97, 69, 84, 94, 239, 48, 117, 64,
       122, 66, 83, 20, 149, 244, 122, 204, 6, 234, 201, 176, 117, 14,
       53, 172, 162, 0, 103, 187, 96, 164, 11, 93, 103, 204, 125, 214,
       238, 120, 213, 64, 214, 130, 105, 220, 183, 228, 124, 172, 191,
       239, 237, 147, 55, 239, 55, 127, 138, 136, 55, 190, 120, 252, 27,
       95, 98, 140, 115, 22, 191, 116, 181, 200, 222, 199, 104, 206, 179,
       228, 126, 229, 159, 239, 205, 147, 53, 238, 176, 32, 170, 128, 15,
       183, 57, 220, 153, 190, 238, 125, 111, 223, 121, 254, 119, 255,
       214, 183, 121, 255, 158, 97, 127, 191, 255, 136, 245, 217, 167,
       223, 127, 239, 247, 131, 167, 196, 109, 255, 250, 93, 122, 254,
       125, 196, 95, 116, 161, 78, 245, 59, 126, 223, 34, 115, 238, 245,
       255, 195, 236, 47, 178, 235, 243, 249, 130, 155, 51, 190, 230,
       123, 28, 182, 249, 227, 178, 171, 121, 151, 63, 253, 63, 253, 159,
       31, 202, 88, 183, 155, 223, 20, 146, 216, 41, 210, 206, 221, 55,
       231, 230, 198, 135, 243, 155, 31, 126, 222, 246, 214, 255, 115,
       245, 76, 223, 231, 121, 238, 182, 229, 126, 163, 190, 237, 245,
       187, 55, 239, 114, 111, 234, 129, 63, 142, 173, 221, 59, 159, 102,
       219, 119, 247, 219, 123, 85, 77, 253, 38, 120, 94, 182, 229, 124,
       170, 150, 172, 191, 154, 125, 255, 115, 239, 170, 131, 63, 142,
       248, 253, 9, 163, 20, 219, 189, 187, 121, 221, 239, 125, 191, 36,
       239, 195, 138, 244, 207, 35, 238, 28, 151, 169, 107, 245, 206,
       219, 51, 243, 154, 142, 137, 77, 235, 51, 110, 28, 126, 208, 153,
       113, 201, 92, 180, 255, 72, 220, 191, 55, 206, 177, 215, 103, 229,
       103, 230, 192, 118, 89, 234, 155, 127, 172, 126, 223, 120, 185,
       186, 250, 169, 221, 80, 199, 171, 29, 172, 41, 175, 223, 98, 154,
       129, 187, 221, 16, 26, 75, 218, 177, 219, 209, 21, 123, 178, 86,
       174, 11, 42, 187, 99, 88, 241, 221, 177, 87, 27, 77, 116, 253, 40,
       156, 246, 52, 140, 43, 151, 21, 151, 58, 246, 213, 47, 92, 52,
       234, 215, 12, 214, 255, 178, 155, 46, 184, 190, 197, 157, 119,
       143, 93, 148, 255, 172, 159, 102, 1, 239, 179, 255, 133, 247, 11,
       50, 213, 251, 211, 254, 251, 28, 12, 181, 219, 209, 159, 239, 255,
       182, 138, 109, 183, 126, 91, 214, 246, 245, 111, 144, 99, 119,
       111, 61, 140, 249, 220, 101, 47, 238, 235, 254, 192, 172, 160,
       225, 121, 161, 209, 115, 69, 118, 79, 231, 117, 117, 108, 118,
       118, 115, 53, 148, 52, 126, 188, 22, 232, 225, 190, 117, 207, 119,
       62, 36, 128, 127, 154, 246, 249, 35, 253, 97, 77, 116, 31, 239,
       252, 93, 232, 120, 102, 114, 124, 181, 164, 92, 216, 22, 110, 225,
       178, 125, 223, 52, 28, 165, 180, 93, 250, 112, 189, 31, 60, 224,
       103, 119, 255, 251, 17, 125, 108, 95, 162, 221, 31, 151, 228, 54,
       189, 151, 157, 164, 156, 245, 206, 207, 253, 186, 131, 167, 135,
       95, 253, 154, 217, 254, 254, 195, 208, 180, 231, 191, 21, 198,
       163, 108, 255, 39, 105, 226, 251, 187, 195, 66, 217, 42, 233, 115,
       227, 222, 139, 55, 84, 165, 234, 53, 15, 111, 236, 22, 226, 203,
       112, 196, 64, 223, 226, 81, 135, 176, 97, 126, 160, 31, 238, 201,
       179, 36, 140, 242, 169, 162, 128, 53, 171, 112, 112, 60, 249, 105,
       234, 92, 199, 71, 252, 4, 64, 253, 11, 115, 221, 56, 16, 88, 216,
       23, 106, 75, 50, 88, 61, 243, 205, 165, 60, 117, 155, 118, 250,
       138, 188, 231, 147, 159, 235, 184, 71, 62, 243, 194, 179, 168, 62,
       100, 206, 235, 191, 251, 145, 55, 220, 95, 194, 13, 22, 222, 199,
       141, 76, 181, 222, 3, 176, 166, 154, 253, 189, 176, 75, 191, 95,
       213, 127, 172, 220, 110, 140, 173, 27, 223, 21, 150, 107, 186,
       243, 27, 86, 26, 235, 219, 77, 191, 215, 87, 18, 223, 133, 162,
       46, 45, 17, 41, 239, 251, 247, 221, 38, 143, 219, 55, 133, 126,
       164, 177, 209, 5, 72, 132, 182, 107, 132, 173, 225, 171, 113, 143,
       115, 241, 133, 162, 18, 159, 152, 18, 234, 87, 237, 221, 78, 203,
       174, 30, 93, 180, 239, 229, 214, 237, 200, 134, 89, 239, 166, 46,
       183, 15, 117, 110, 121, 98, 94, 95, 217, 114, 240, 227, 196, 237,
       143, 106, 204, 63, 244, 120, 232, 230, 198, 206, 50, 254, 249,
       127, 117, 5, 43, 115, 167, 126, 246, 41, 191, 58, 98, 245, 157,
       119, 247, 107, 77, 124, 76, 191, 153, 66, 180, 151, 170, 214, 28,
       219, 58, 240, 183, 255, 221, 52, 233, 74, 130, 202, 203, 106, 105,
       56, 254, 93, 141, 202, 72, 138, 136, 177, 8, 254, 217, 117, 144,
       152, 57, 127, 67, 67, 35, 218, 125, 129, 156, 41, 186, 80, 42, 27,
       163, 58, 249, 187, 250, 91, 209, 95, 197, 131, 85, 148, 171, 47,
       223, 98, 16, 234, 251, 213, 209, 26, 75, 186, 181, 251, 209, 141,
       251, 183, 15, 166, 250, 66, 179, 240, 97, 181, 201, 112, 191, 107,
       57, 58, 121, 142, 27, 204, 50, 131, 95, 253, 81, 146, 120, 195,
       181, 239, 220, 52, 247, 134, 0, 215, 11, 62, 81, 104, 231, 55, 94,
       251, 176, 97, 236, 119, 135, 75, 15, 159, 36, 126, 157, 149, 239,
       204, 176, 125, 204, 199, 221, 167, 133, 231, 174, 92, 83, 57, 69,
       67, 69, 86, 30, 238, 48, 101, 64, 122, 70, 83, 24, 149, 228, 122,
       204, 22, 238, 205, 176, 117, 204, 54, 172, 162, 128, 111, 186,
       120, 164, 56, 197, 126, 75, 117, 223, 247, 248, 87, 44, 125, 3,
       107, 93, 190, 36, 120, 152, 135, 106, 202, 178, 109, 253, 103,
       221, 0, 65, 119, 143, 212, 226, 219, 111, 98, 148, 98, 150, 191,
       112, 172, 198, 222, 135, 108, 238, 183, 116, 54, 253, 255, 231,
       228, 151, 166, 238, 48, 115, 10, 136, 7, 247, 39, 221, 52, 166,
       195, 234, 212, 131, 227, 217, 23, 131, 249, 66, 81, 233, 248, 64,
       121, 232, 6, 187, 10, 183, 8, 202, 120, 205, 175, 108, 181, 170,
       112, 168, 130, 189, 146, 155, 180, 163, 62, 231, 62, 131, 90, 50,
       172, 242, 32, 64, 255, 123, 130, 146, 114, 152, 8, 255, 44, 22,
       159, 130, 148, 88, 177, 139, 151, 32, 235, 255, 86, 131, 235, 88,
       31, 98, 85, 210, 121, 206, 253, 40, 127, 137, 23, 223, 163, 182,
       60, 219, 84, 79, 187, 164, 189, 140, 115, 224, 218, 34, 116, 225,
       54, 56, 248, 22, 237, 121, 246, 242, 137, 15, 148, 111, 110, 157,
       95, 185, 184, 176, 229, 192, 70, 249, 242, 196, 39, 133, 244, 71,
       171, 16, 97, 93, 110, 24, 185, 89, 89, 116, 117, 255, 9, 12, 254,
       45, 126, 141, 183, 173, 245, 118, 167, 192, 22, 121, 250, 174,
       127, 140, 195, 213, 167, 16, 226, 154, 103, 245, 184, 72, 63, 126,
       113, 183, 104, 204, 191, 105, 255, 173, 183, 133, 166, 118, 174,
       255, 22, 62, 219, 239, 213, 5, 119, 215, 38, 157, 50, 158, 253,
       215, 190, 225, 30, 200, 121, 15, 72, 236, 62, 0, 253, 107, 147,
       71, 85, 186, 250, 254, 61, 62, 143, 235, 213, 110, 255, 215, 110,
       22, 111, 132, 239, 114, 189, 113, 137, 254, 191, 239, 72, 124,
       190, 30, 238, 149, 255, 167, 220, 35, 166, 200, 82, 127, 250, 223,
       111, 230, 254, 87, 35, 52, 98, 192, 117, 247, 250, 90, 127, 239,
       127, 146, 104, 222, 191, 188, 255, 173, 183, 189, 174, 183, 61,
       222, 63, 30, 155, 135, 135, 174, 124, 215, 207, 243, 161, 35, 178,
       94, 55, 156, 51, 125, 22, 245, 200, 125, 207, 156, 151, 87, 245,
       85, 149, 20, 169, 178, 46, 117, 45, 238, 142, 244, 135, 117, 131,
       16, 227, 201, 231, 127, 248, 91, 31, 238, 87, 191, 8, 12, 183,
       236, 127, 143, 183, 156, 181, 212, 53, 230, 30, 30, 218, 131, 255,
       205, 105, 221, 143, 58, 245, 145, 231, 60, 249, 82, 95, 123, 116,
       247, 172, 77, 222, 175, 111, 75, 183, 29, 151, 252, 247, 225, 30,
       88, 91, 226, 239, 205, 9, 245, 30, 52, 228, 193, 119, 127, 250,
       83, 127, 109, 246, 50, 9, 29, 159, 228, 127, 159, 151, 185, 172,
       180, 117, 206, 119, 127, 154, 131, 39, 197, 124, 247, 143, 58,
