%YAML:1.0
---
descriptors: !!opencv-matrix
   rows: 255
   cols: 32
   dt: u
   data: [ 81, 189, 179, 88, 115, 252, 50, 87, 255, 65, 110, 96, 190,
       146, 164, 244, 182, 59, 30, 25, 147, 187, 180, 251, 191, 124, 18,
       10, 202, 70, 171, 189, 80, 143, 223, 222, 114, 162, 78, 231, 48,
       130, 234, 224, 117, 99, 160, 115, 127, 255, 4, 168, 120, 219, 128,
       111, 176, 166, 254, 136, 32, 240, 162, 40, 194, 44, 158, 188, 9,
       237, 49, 71, 190, 183, 160, 25, 188, 187, 99, 27, 129, 183, 251,
       17, 38, 79, 210, 82, 213, 179, 90, 59, 144, 80, 7, 10, 125, 79,
       233, 103, 144, 46, 103, 188, 117, 226, 126, 72, 243, 113, 153,
       112, 121, 238, 124, 110, 233, 176, 237, 46, 239, 239, 37, 4, 105,
       243, 194, 33, 147, 89, 99, 222, 71, 198, 239, 116, 237, 64, 214,
       130, 121, 222, 53, 100, 110, 249, 19, 207, 201, 155, 52, 237, 49,
       104, 138, 0, 55, 182, 117, 252, 94, 16, 181, 183, 169, 104, 16,
       10, 190, 191, 147, 113, 207, 119, 11, 91, 131, 87, 253, 17, 52,
       69, 75, 130, 137, 247, 127, 151, 128, 101, 5, 67, 214, 22, 157,
       183, 168, 106, 21, 170, 175, 179, 131, 240, 199, 118, 137, 111,
       167, 87, 109, 35, 33, 197, 203, 198, 136, 242, 95, 214, 132, 113,
       135, 23, 50, 231, 10, 168, 220, 161, 90, 239, 14, 5, 216, 143, 36,
       199, 114, 64, 252, 187, 151, 245, 26, 11, 128, 159, 249, 5, 175,
       249, 20, 14, 183, 218, 236, 230, 196, 79, 189, 23, 79, 184, 23,
       178, 181, 200, 203, 99, 221, 183, 89, 204, 127, 254, 234, 102,
       207, 159, 254, 255, 197, 60, 119, 255, 90, 32, 66, 160, 247, 218,
       110, 201, 176, 79, 207, 49, 114, 59, 108, 216, 108, 75, 171, 59,
       107, 17, 2, 127, 138, 241, 20, 18, 91, 59, 85, 8, 213, 139, 27,
       93, 110, 253, 50, 150, 190, 119, 109, 200, 94, 231, 57, 191, 183,
       229, 102, 231, 151, 207, 229, 153, 52, 238, 242, 111, 174, 128,
       47, 246, 41, 221, 136, 168, 156, 191, 29, 175, 128, 238, 158, 51,
       192, 18, 247, 224, 105, 200, 217, 111, 42, 17, 26, 252, 219, 51,
       205, 167, 223, 125, 144, 40, 25, 138, 130, 40, 42, 185, 44, 165,
       248, 71, 158, 57, 208, 19, 180, 159, 113, 105, 200, 59, 123, 145,
       138, 219, 210, 209, 221, 57, 218, 248, 148, 8, 115, 138, 246, 252,
       188, 126, 141, 85, 21, 236, 219, 182, 165, 24, 78, 249, 111, 27,
       137, 211, 249, 98, 104, 103, 186, 35, 187, 211, 85, 63, 88, 113,
       175, 102, 149, 148, 204, 115, 132, 110, 101, 159, 118, 243, 103,
       20, 211, 49, 88, 123, 17, 86, 60, 58, 185, 244, 121, 2, 205, 235,
       117, 68, 232, 241, 208, 48, 212, 103, 220, 167, 138, 14, 95, 184,
       48, 190, 175, 157, 215, 103, 203, 83, 54, 197, 125, 238, 232, 197,
       201, 42, 249, 163, 111, 148, 40, 243, 7, 35, 10, 153, 86, 90, 219,
       208, 180, 231, 175, 17, 108, 32, 44, 254, 46, 244, 226, 187, 162,
       192, 87, 11, 18, 245, 63, 112, 94, 75, 27, 6, 175, 158, 102, 177,
       157, 58, 169, 109, 84, 143, 175, 249, 169, 13, 198, 246, 76, 27,
       129, 215, 232, 16, 27, 107, 219, 16, 137, 146, 85, 127, 216, 72,
       135, 86, 62, 75, 106, 186, 93, 209, 122, 64, 133, 4, 213, 131,
       107, 205, 59, 128, 248, 184, 151, 246, 78, 163, 42, 188, 243, 197,
       137, 201, 55, 191, 124, 194, 36, 183, 235, 74, 213, 255, 226, 206,
       95, 9, 120, 74, 34, 216, 60, 32, 249, 42, 2, 17, 150, 186, 56,
       191, 63, 28, 1, 107, 217, 75, 254, 134, 35, 159, 17, 139, 188,
       167, 131, 255, 79, 105, 248, 230, 230, 229, 160, 132, 223, 42,
       134, 77, 147, 170, 120, 255, 172, 20, 15, 250, 95, 142, 145, 253,
       234, 162, 46, 186, 205, 208, 184, 231, 153, 93, 212, 191, 8, 204,
       126, 143, 201, 163, 163, 149, 54, 111, 198, 225, 94, 81, 222, 235,
       215, 12, 191, 223, 60, 196, 120, 232, 222, 247, 83, 218, 23, 49,
       236, 2, 91, 93, 43, 112, 121, 152, 19, 56, 26, 35, 121, 63, 123,
       205, 1, 125, 243, 219, 100, 194, 58, 81, 118, 188, 123, 195, 18,
       100, 143, 4, 232, 163, 111, 223, 42, 212, 250, 177, 151, 192, 92,
       131, 18, 221, 243, 245, 10, 91, 51, 38, 39, 211, 54, 4, 79, 235,
       82, 227, 90, 66, 21, 13, 89, 163, 97, 111, 33, 96, 220, 177, 151,
       176, 58, 146, 0, 157, 43, 199, 168, 195, 181, 203, 52, 242, 115,
       249, 120, 106, 177, 221, 214, 253, 75, 105, 184, 9, 11, 157, 102,
       112, 216, 219, 140, 80, 222, 43, 216, 181, 251, 221, 4, 127, 243,
       158, 206, 15, 136, 147, 119, 219, 150, 178, 233, 83, 127, 3, 243,
       118, 9, 203, 188, 108, 123, 11, 18, 152, 179, 188, 37, 223, 14,
       254, 146, 70, 215, 204, 225, 165, 44, 116, 232, 235, 77, 37, 233,
       90, 87, 51, 253, 30, 146, 201, 121, 73, 93, 136, 19, 184, 11, 118,
       91, 144, 87, 153, 209, 44, 251, 217, 80, 146, 46, 181, 48, 202,
       253, 253, 144, 75, 15, 117, 173, 25, 206, 93, 78, 172, 221, 19,
       211, 53, 158, 34, 123, 149, 219, 217, 25, 127, 210, 79, 220, 214,
       10, 159, 16, 184, 181, 133, 188, 55, 159, 25, 28, 117, 173, 139,
       114, 68, 135, 43, 159, 21, 214, 8, 18, 247, 170, 221, 190, 203,
       158, 4, 169, 27, 143, 95, 127, 230, 242, 147, 191, 240, 173, 200,
       119, 230, 121, 206, 189, 161, 62, 249, 151, 239, 225, 151, 44,
       238, 122, 73, 175, 128, 111, 183, 167, 245, 60, 133, 122, 234,
       223, 206, 82, 233, 5, 1, 237, 3, 119, 125, 42, 112, 248, 138, 19,
       106, 30, 171, 59, 63, 251, 237, 0, 77, 113, 139, 236, 194, 2, 141,
       22, 251, 215, 229, 178, 231, 142, 1, 75, 3, 172, 251, 40, 64, 225,
       59, 139, 17, 18, 153, 27, 255, 109, 52, 10, 67, 144, 10, 181, 138,
       10, 223, 50, 184, 49, 132, 92, 183, 175, 29, 28, 117, 174, 139,
       34, 64, 135, 59, 157, 5, 210, 9, 2, 247, 234, 213, 158, 203, 30,
       148, 169, 27, 131, 205, 38, 153, 207, 129, 62, 199, 143, 86, 218,
       151, 172, 232, 119, 198, 233, 43, 187, 135, 230, 13, 70, 243, 180,
       48, 142, 139, 30, 92, 185, 222, 129, 132, 119, 219, 68, 253, 234,
       250, 205, 82, 123, 82, 153, 92, 188, 225, 107, 154, 26, 171, 247,
       184, 110, 247, 36, 28, 130, 68, 117, 136, 249, 132, 7, 168, 164,
       155, 93, 181, 178, 200, 207, 213, 137, 7, 172, 200, 126, 134, 201,
       107, 251, 213, 134, 105, 91, 243, 14, 20, 143, 127, 149, 15, 57,
       206, 118, 249, 235, 68, 206, 64, 255, 237, 171, 229, 174, 143, 16,
       172, 119, 114, 110, 212, 123, 231, 156, 3, 255, 224, 123, 44, 207,
       223, 165, 247, 246, 118, 147, 29, 99, 222, 22, 214, 254, 112, 189,
       192, 222, 199, 125, 254, 54, 229, 118, 245, 151, 239, 229, 155,
       52, 238, 51, 111, 138, 130, 47, 166, 41, 92, 161, 225, 121, 97,
       116, 207, 107, 113, 112, 232, 116, 72, 51, 21, 208, 48, 94, 188,
       22, 250, 203, 186, 244, 28, 111, 141, 33, 96, 101, 138, 70, 233,
       194, 176, 158, 188, 9, 237, 176, 79, 190, 23, 130, 25, 172, 182,
       66, 91, 129, 51, 235, 1, 54, 79, 146, 211, 213, 243, 90, 59, 144,
       64, 175, 10, 106, 189, 106, 104, 245, 249, 211, 71, 47, 69, 236,
       137, 174, 173, 118, 16, 155, 155, 195, 17, 22, 43, 50, 247, 95,
       85, 16, 123, 213, 78, 223, 82, 35, 160, 4, 187, 93, 189, 232, 203,
       79, 81, 144, 82, 169, 72, 94, 169, 201, 131, 90, 157, 135, 47, 79,
       245, 28, 88, 154, 125, 93, 140, 121, 132, 70, 22, 189, 181, 168,
       46, 188, 27, 174, 191, 138, 117, 212, 119, 64, 75, 135, 87, 233,
       17, 176, 73, 83, 64, 201, 50, 95, 86, 136, 96, 133, 83, 196, 190,
       157, 181, 168, 46, 53, 159, 190, 251, 2, 117, 214, 55, 73, 75,
       133, 87, 105, 0, 177, 220, 219, 34, 205, 179, 127, 6, 136, 112,
       129, 59, 253, 101, 236, 107, 140, 83, 70, 248, 83, 182, 165, 10,
       83, 97, 223, 183, 89, 196, 108, 250, 108, 99, 253, 56, 251, 203,
       197, 61, 115, 251, 94, 36, 71, 49, 157, 34, 169, 109, 20, 137,
       171, 249, 163, 77, 214, 254, 73, 26, 132, 87, 125, 80, 29, 65,
       219, 16, 137, 212, 77, 62, 136, 115, 131, 19, 3, 157, 17, 139,
       188, 191, 138, 231, 15, 97, 88, 198, 238, 108, 180, 228, 95, 43,
       18, 92, 23, 168, 125, 255, 46, 28, 3, 82, 222, 142, 153, 156, 165,
