%YAML:1.0
---
descriptors: !!opencv-matrix
   rows: 115
   cols: 32
   dt: u
   data: [ 126, 253, 242, 86, 219, 117, 223, 223, 187, 255, 188, 191, 44,
       255, 95, 150, 191, 255, 213, 215, 246, 75, 186, 226, 123, 92, 13,
       191, 207, 247, 239, 223, 127, 255, 234, 38, 203, 112, 94, 188, 51,
       230, 143, 173, 107, 238, 95, 150, 55, 215, 253, 231, 252, 67, 239,
       227, 122, 127, 205, 191, 175, 247, 190, 86, 43, 137, 65, 158, 125,
       208, 76, 103, 201, 72, 120, 32, 34, 248, 182, 245, 200, 170, 22,
       73, 69, 138, 102, 189, 38, 120, 224, 139, 22, 14, 250, 207, 242,
       95, 64, 172, 126, 7, 94, 126, 15, 36, 248, 239, 15, 10, 179, 68,
       110, 213, 143, 229, 200, 43, 5, 223, 240, 164, 171, 188, 61, 189,
       40, 25, 164, 224, 128, 217, 213, 197, 233, 200, 22, 27, 116, 18,
       16, 211, 125, 108, 89, 152, 19, 152, 51, 182, 90, 147, 77, 158,
       151, 108, 155, 25, 240, 162, 173, 254, 225, 119, 225, 95, 127,
       191, 115, 255, 124, 252, 91, 117, 218, 189, 31, 222, 181, 78, 251,
       252, 255, 163, 110, 223, 117, 166, 239, 244, 198, 253, 170, 72,
       34, 159, 69, 209, 178, 198, 223, 71, 64, 131, 168, 204, 55, 204,
       216, 43, 131, 199, 102, 189, 22, 255, 5, 86, 154, 11, 87, 29, 125,
       222, 186, 180, 237, 88, 201, 244, 153, 79, 187, 95, 148, 151, 8,
       190, 86, 58, 205, 147, 213, 149, 190, 79, 246, 211, 91, 95, 218,
       255, 151, 68, 254, 215, 26, 157, 178, 186, 215, 247, 62, 223, 22,
       79, 92, 3, 108, 255, 43, 192, 255, 187, 147, 145, 55, 154, 24,
       255, 255, 199, 159, 203, 187, 94, 173, 219, 27, 29, 106, 253, 118,
       150, 254, 115, 173, 200, 94, 231, 57, 175, 182, 69, 102, 167, 23,
       143, 229, 153, 4, 238, 242, 111, 170, 128, 47, 230, 41, 221, 35,
       191, 136, 149, 244, 187, 182, 167, 30, 169, 26, 238, 164, 168,
       247, 230, 205, 127, 182, 21, 148, 250, 196, 170, 46, 85, 191, 163,
       221, 124, 152, 157, 58, 125, 122, 109, 115, 219, 95, 246, 35, 236,
       252, 43, 63, 191, 135, 176, 62, 255, 215, 193, 77, 186, 224, 61,
       127, 205, 37, 179, 119, 150, 78, 251, 194, 156, 157, 181, 136,
       110, 53, 183, 190, 255, 66, 21, 244, 183, 64, 91, 133, 87, 105,
       17, 49, 220, 243, 99, 205, 178, 95, 66, 136, 112, 133, 90, 90, 95,
       111, 236, 42, 151, 95, 122, 133, 204, 94, 231, 121, 255, 183, 112,
       150, 255, 189, 231, 204, 155, 167, 253, 114, 125, 169, 139, 55,
       247, 36, 127, 123, 178, 232, 181, 87, 23, 152, 57, 91, 233, 215,
       239, 107, 8, 150, 209, 254, 141, 181, 133, 140, 250, 205, 221,
       154, 71, 251, 250, 47, 140, 58, 31, 43, 154, 99, 75, 116, 159,
       170, 87, 127, 73, 122, 230, 168, 140, 180, 164, 254, 42, 22, 157,
       151, 184, 117, 243, 6, 28, 186, 192, 95, 142, 217, 189, 42, 216,
       34, 152, 77, 213, 148, 239, 143, 93, 212, 19, 172, 220, 62, 193,
       201, 187, 179, 193, 70, 43, 82, 245, 119, 17, 218, 107, 19, 28,
       189, 218, 173, 190, 183, 89, 245, 251, 164, 199, 222, 91, 122,
       112, 138, 248, 180, 173, 203, 42, 198, 17, 183, 252, 102, 247, 44,
       22, 119, 99, 222, 76, 217, 133, 253, 101, 236, 111, 140, 83, 79,
       248, 83, 182, 181, 138, 83, 105, 219, 51, 89, 196, 124, 250, 237,
       102, 253, 56, 251, 203, 229, 61, 119, 251, 90, 32, 10, 46, 174,
       209, 181, 243, 240, 199, 223, 155, 94, 50, 168, 249, 117, 172,
       201, 58, 151, 153, 146, 249, 2, 202, 75, 95, 191, 195, 135, 92,
       253, 171, 248, 150, 252, 245, 54, 106, 81, 55, 49, 175, 182, 187,
       119, 63, 2, 82, 255, 247, 237, 161, 56, 255, 225, 143, 219, 231,
       250, 209, 165, 168, 84, 107, 11, 181, 178, 158, 223, 148, 188, 79,
       223, 67, 217, 23, 172, 250, 46, 196, 239, 139, 155, 133, 102, 11,
       210, 195, 179, 124, 158, 11, 27, 68, 169, 159, 234, 54, 232, 248,
       236, 185, 153, 90, 155, 127, 148, 255, 8, 189, 246, 75, 207, 155,
       183, 17, 182, 111, 242, 210, 90, 91, 251, 255, 159, 204, 86, 215,
       43, 204, 2, 219, 213, 189, 242, 198, 223, 9, 92, 2, 168, 216, 54,
       228, 217, 42, 146, 17, 55, 188, 120, 255, 47, 95, 158, 67, 146,
       95, 216, 142, 40, 181, 249, 101, 52, 111, 97, 55, 113, 229, 126,
       24, 179, 61, 20, 51, 136, 190, 125, 8, 249, 248, 241, 15, 239,
       217, 112, 16, 66, 200, 214, 250, 191, 253, 247, 87, 163, 123, 223,
       188, 255, 250, 191, 245, 255, 125, 159, 191, 151, 119, 253, 103,
       253, 229, 63, 255, 171, 254, 101, 150, 231, 247, 199, 247, 141,
       230, 6, 155, 205, 121, 164, 239, 126, 114, 215, 94, 192, 200, 126,
       239, 105, 202, 234, 171, 247, 118, 223, 243, 20, 3, 223, 109, 93,
       93, 249, 132, 34, 140, 44, 152, 93, 243, 146, 239, 95, 77, 204,
       19, 168, 172, 54, 64, 201, 171, 139, 21, 54, 175, 99, 255, 127,
       55, 18, 83, 208, 12, 252, 78, 55, 255, 250, 82, 250, 183, 158,
       254, 123, 255, 253, 175, 104, 252, 222, 48, 191, 223, 247, 215,
       254, 107, 170, 247, 123, 95, 47, 239, 197, 87, 239, 215, 163, 8,
       76, 181, 100, 137, 232, 54, 28, 226, 242, 207, 187, 14, 151, 91,
       78, 239, 55, 205, 237, 222, 68, 172, 132, 251, 218, 160, 61, 141,
       25, 220, 13, 158, 247, 91, 183, 251, 182, 247, 95, 95, 122, 226,
       174, 236, 164, 164, 15, 59, 166, 17, 151, 184, 111, 255, 46, 86,
       55, 71, 215, 206, 205, 237, 59, 95, 123, 172, 50, 242, 185, 118,
       52, 204, 254, 231, 63, 158, 167, 241, 254, 189, 150, 36, 173, 187,
       36, 140, 242, 237, 34, 130, 109, 156, 36, 253, 80, 207, 94, 175,
       178, 202, 119, 188, 38, 5, 78, 160, 247, 115, 170, 80, 119, 214,
       44, 98, 90, 152, 73, 55, 236, 167, 38, 69, 52, 147, 141, 35, 33,
       189, 251, 215, 228, 109, 189, 119, 90, 235, 124, 8, 179, 189, 212,
       38, 30, 122, 55, 8, 209, 248, 242, 161, 69, 157, 116, 160, 69,
       232, 215, 249, 25, 205, 83, 95, 145, 156, 110, 247, 117, 3, 238,
       64, 234, 99, 152, 244, 120, 202, 6, 202, 123, 184, 121, 255, 175,
       254, 150, 2, 122, 214, 232, 172, 154, 94, 62, 182, 151, 181, 188,
       103, 189, 134, 218, 3, 172, 190, 39, 65, 167, 187, 191, 133, 100,
       157, 16, 254, 187, 247, 94, 131, 4, 84, 45, 203, 252, 253, 253,
       110, 136, 79, 87, 172, 83, 242, 169, 9, 83, 253, 73, 59, 217, 212,
       109, 114, 104, 99, 219, 58, 251, 203, 101, 61, 241, 251, 214, 18,
       244, 253, 188, 118, 136, 109, 86, 172, 178, 178, 169, 25, 87, 255,
       73, 27, 145, 215, 125, 114, 122, 67, 219, 50, 251, 207, 101, 60,
       168, 115, 130, 18, 61, 204, 205, 101, 148, 110, 111, 190, 116,
       226, 254, 72, 211, 97, 153, 48, 89, 206, 124, 174, 185, 240, 253,
       47, 239, 239, 229, 4, 225, 249, 210, 32, 2, 158, 188, 219, 127,
       247, 185, 7, 159, 15, 214, 50, 172, 159, 38, 100, 207, 59, 155,
       144, 50, 188, 99, 255, 79, 30, 154, 195, 150, 12, 189, 239, 10,
       190, 178, 186, 245, 253, 176, 71, 159, 79, 84, 21, 172, 221, 38,
       132, 189, 59, 147, 21, 182, 188, 2, 243, 79, 87, 30, 107, 218, 76,
       191, 223, 10, 190, 170, 152, 117, 253, 185, 199, 159, 79, 84, 51,
       172, 221, 54, 140, 237, 59, 151, 17, 182, 191, 34, 247, 79, 31,
       154, 235, 214, 12, 253, 251, 148, 58, 243, 193, 102, 35, 161, 66,
       94, 130, 242, 242, 1, 144, 229, 108, 127, 28, 14, 152, 130, 255,
       37, 194, 28, 140, 183, 134, 229, 232, 117, 165, 162, 128, 60, 152,
       239, 201, 148, 111, 143, 61, 16, 59, 140, 156, 110, 5, 203, 27,
       215, 1, 118, 47, 66, 213, 63, 16, 30, 255, 84, 12, 149, 207, 51,
       159, 90, 75, 245, 191, 102, 247, 127, 73, 126, 68, 106, 184, 190,
       244, 249, 202, 134, 76, 223, 186, 93, 245, 58, 62, 148, 71, 219,
       94, 250, 157, 35, 166, 96, 11, 244, 185, 234, 79, 93, 99, 121,
       199, 137, 8, 254, 164, 127, 139, 22, 189, 151, 182, 69, 210, 30,
       28, 154, 224, 125, 206, 249, 140, 131, 24, 59, 222, 75, 245, 177,
       99, 158, 90, 101, 18, 60, 222, 37, 109, 231, 59, 146, 131, 35, 79,
       58, 255, 17, 58, 90, 10, 16, 0, 37, 239, 33, 185, 179, 223, 244,
       204, 235, 247, 90, 73, 92, 8, 181, 253, 148, 36, 142, 122, 23, 9,
