%YAML:1.0
---
descriptors: !!opencv-matrix
   rows: 104
   cols: 32
   dt: u
   data: [ 1, 173, 157, 133, 188, 175, 229, 183, 206, 249, 10, 92, 182,
       48, 20, 35, 129, 98, 74, 29, 179, 248, 81, 108, 173, 24, 7, 64,
       200, 88, 209, 45, 122, 159, 120, 76, 254, 147, 222, 255, 71, 108,
       252, 47, 40, 57, 150, 20, 94, 131, 151, 237, 220, 42, 101, 221,
       126, 109, 164, 255, 127, 134, 238, 223, 8, 201, 121, 235, 19, 195,
       191, 197, 15, 5, 108, 3, 141, 151, 34, 68, 122, 59, 131, 208, 66,
       186, 120, 255, 231, 197, 22, 99, 115, 26, 165, 234, 1, 132, 103,
       215, 52, 190, 232, 51, 124, 75, 123, 212, 251, 40, 148, 228, 79,
       38, 126, 13, 181, 188, 101, 207, 12, 126, 250, 192, 204, 200, 80,
       252, 44, 117, 89, 111, 116, 79, 127, 184, 124, 136, 127, 64, 215,
       115, 137, 48, 54, 76, 70, 106, 64, 176, 105, 46, 103, 191, 37, 4,
       66, 179, 66, 161, 86, 249, 150, 142, 25, 205, 18, 232, 174, 213,
       136, 9, 238, 214, 110, 214, 128, 241, 238, 83, 78, 11, 218, 113,
       153, 16, 15, 127, 16, 39, 47, 222, 137, 154, 155, 187, 52, 174,
       104, 23, 126, 9, 87, 116, 188, 19, 144, 200, 135, 47, 62, 28, 179,
       188, 1, 87, 140, 255, 50, 192, 154, 128, 137, 41, 137, 144, 23,
       91, 53, 254, 97, 18, 126, 73, 119, 52, 223, 215, 160, 252, 179,
       32, 174, 24, 51, 188, 51, 247, 79, 255, 50, 65, 218, 133, 109, 49,
       124, 184, 189, 118, 95, 219, 145, 233, 219, 246, 180, 40, 110,
       252, 95, 63, 153, 249, 230, 49, 172, 107, 234, 253, 219, 83, 85,
       63, 211, 44, 71, 238, 14, 17, 191, 187, 229, 245, 191, 217, 159,
       91, 113, 87, 220, 252, 127, 105, 255, 27, 147, 23, 183, 240, 58,
       241, 79, 91, 222, 198, 156, 95, 165, 243, 61, 66, 107, 232, 116,
       147, 203, 216, 70, 64, 212, 230, 83, 204, 187, 160, 126, 168, 23,
       237, 139, 183, 100, 157, 82, 205, 161, 140, 63, 175, 120, 241, 2,
       95, 110, 158, 122, 132, 191, 118, 188, 72, 88, 231, 189, 222, 183,
       64, 238, 123, 183, 199, 195, 155, 34, 253, 52, 119, 186, 138, 28,
       149, 33, 249, 67, 177, 60, 72, 249, 157, 185, 191, 175, 29, 61,
       44, 140, 223, 46, 116, 166, 19, 206, 16, 210, 9, 58, 213, 127, 24,
       14, 238, 82, 2, 167, 127, 129, 220, 125, 117, 36, 74, 101, 55,
       125, 234, 118, 112, 243, 21, 144, 113, 95, 252, 126, 8, 233, 252,
       101, 15, 231, 255, 116, 128, 109, 184, 192, 185, 39, 222, 97, 79,
       118, 155, 235, 184, 93, 64, 125, 230, 105, 108, 182, 164, 30, 105,
       182, 111, 197, 184, 111, 255, 38, 62, 33, 130, 95, 175, 88, 221,
       192, 192, 223, 123, 100, 136, 105, 16, 127, 17, 119, 80, 159, 195,
       168, 121, 35, 9, 38, 24, 3, 252, 35, 81, 68, 186, 114, 64, 192,
       129, 67, 33, 237, 238, 133, 28, 205, 30, 79, 190, 243, 250, 0, 76,
       226, 97, 17, 247, 73, 102, 120, 110, 233, 84, 251, 187, 165, 122,
       199, 52, 26, 253, 82, 108, 75, 181, 135, 101, 217, 46, 108, 119,
       41, 161, 107, 69, 156, 43, 84, 147, 164, 23, 123, 156, 145, 216,
       145, 64, 125, 56, 214, 64, 200, 64, 226, 26, 113, 56, 26, 48, 0,
       237, 81, 18, 160, 85, 226, 13, 151, 17, 2, 24, 128, 132, 76, 20,
       14, 37, 208, 0, 209, 169, 48, 80, 104, 0, 66, 66, 42, 166, 104,
       72, 86, 183, 219, 127, 87, 101, 253, 159, 72, 44, 190, 52, 95,
       138, 147, 189, 182, 190, 117, 223, 127, 30, 145, 231, 247, 206,
       212, 244, 14, 185, 163, 186, 205, 225, 54, 194, 14, 85, 201, 43,
       140, 254, 106, 8, 201, 91, 163, 83, 30, 75, 250, 177, 251, 213,
       143, 111, 144, 95, 181, 210, 248, 237, 57, 100, 112, 205, 84, 183,
       50, 233, 48, 8, 183, 157, 64, 48, 128, 255, 69, 80, 91, 122, 192,
       47, 255, 197, 52, 121, 96, 16, 198, 43, 212, 233, 17, 97, 184,
       205, 3, 142, 102, 185, 160, 8, 151, 151, 64, 54, 129, 221, 108,
       90, 91, 73, 233, 54, 233, 212, 15, 124, 208, 17, 135, 40, 171,
       140, 98, 153, 245, 185, 184, 103, 95, 71, 125, 151, 168, 168, 182,
       141, 219, 43, 146, 29, 182, 190, 116, 223, 14, 95, 154, 107, 215,
       76, 249, 204, 4, 253, 188, 242, 141, 237, 180, 199, 223, 179, 164,
       24, 142, 185, 76, 15, 129, 91, 235, 19, 50, 107, 154, 240, 255,
       215, 85, 127, 192, 89, 143, 138, 1, 207, 26, 253, 52, 131, 111,
       182, 94, 9, 90, 70, 189, 235, 176, 96, 211, 107, 63, 205, 227,
       152, 67, 255, 236, 255, 190, 192, 20, 152, 177, 169, 137, 152, 91,
       219, 52, 181, 105, 151, 31, 65, 87, 214, 189, 135, 176, 104, 119,
       59, 23, 156, 179, 156, 63, 247, 78, 255, 186, 192, 158, 136, 161,
       249, 118, 137, 231, 183, 133, 224, 236, 135, 167, 183, 202, 147,
       105, 234, 94, 202, 105, 230, 171, 145, 28, 251, 199, 224, 62, 118,
       222, 67, 165, 116, 244, 78, 146, 78, 107, 254, 22, 130, 203, 114,
       148, 66, 217, 246, 113, 203, 177, 96, 125, 170, 31, 143, 235, 143,
       12, 191, 240, 175, 170, 136, 61, 138, 112, 248, 7, 219, 191, 250,
       173, 5, 223, 220, 143, 217, 156, 71, 220, 253, 127, 42, 253, 83,
       63, 215, 147, 99, 186, 224, 251, 89, 239, 254, 156, 255, 241, 113,
       33, 146, 123, 91, 114, 202, 107, 18, 116, 9, 119, 242, 177, 23,
       128, 112, 126, 184, 22, 184, 179, 188, 101, 127, 68, 175, 48, 192,
       229, 129, 68, 177, 100, 97, 129, 230, 153, 79, 71, 40, 34, 160,
       137, 8, 211, 119, 89, 48, 152, 252, 121, 122, 72, 2, 217, 60, 237,
       156, 133, 60, 0, 179, 86, 34, 217, 219, 86, 239, 57, 30, 86, 180,
       101, 200, 254, 108, 255, 115, 129, 245, 54, 244, 252, 106, 233,
       169, 57, 237, 226, 249, 37, 146, 106, 183, 203, 57, 181, 66, 99,
       204, 84, 131, 202, 112, 68, 200, 243, 230, 83, 200, 181, 229, 124,
       168, 22, 239, 201, 183, 4, 140, 16, 40, 162, 128, 125, 171, 112,
       165, 6, 170, 174, 19, 227, 251, 184, 198, 190, 247, 64, 177, 12,
       236, 103, 11, 167, 123, 163, 149, 54, 221, 42, 243, 79, 23, 91,
       231, 148, 85, 31, 223, 130, 144, 154, 153, 87, 229, 184, 66, 30,
       21, 67, 151, 140, 142, 42, 76, 253, 25, 131, 145, 54, 156, 83,
       215, 5, 54, 154, 67, 144, 12, 45, 210, 21, 79, 63, 255, 48, 134,
       127, 112, 52, 200, 94, 198, 245, 215, 177, 96, 246, 251, 63, 206,
       201, 152, 35, 47, 224, 175, 170, 128, 60, 179, 33, 57, 142, 232,
       187, 251, 215, 197, 191, 204, 31, 81, 68, 18, 188, 223, 120, 40,
       255, 91, 19, 219, 83, 52, 58, 243, 239, 221, 159, 110, 146, 27,
       181, 242, 3, 187, 29, 249, 252, 141, 185, 223, 143, 89, 84, 116,
       188, 155, 248, 98, 207, 27, 127, 29, 147, 42, 98, 241, 77, 217,
       190, 234, 220, 8, 129, 169, 60, 143, 22, 190, 153, 183, 22, 239,
       159, 141, 235, 3, 110, 243, 32, 196, 217, 122, 234, 16, 62, 171,
       26, 191, 187, 246, 7, 91, 146, 94, 172, 6, 14, 111, 166, 154, 139,
       225, 191, 206, 158, 151, 72, 131, 44, 236, 111, 8, 191, 123, 227,
       215, 6, 75, 138, 241, 89, 6, 95, 107, 149, 85, 167, 202, 248, 40,
       122, 105, 73, 121, 113, 71, 237, 7, 246, 25, 11, 156, 102, 124,
       232, 147, 206, 0, 30, 47, 225, 192, 87, 249, 16, 91, 115, 12, 230,
       238, 178, 42, 76, 83, 2, 169, 49, 23, 38, 21, 242, 243, 35, 5,
       130, 89, 110, 190, 239, 144, 26, 156, 103, 33, 212, 160, 112, 193,
       101, 136, 134, 233, 168, 220, 123, 124, 80, 205, 115, 246, 244,
       12, 100, 1, 54, 221, 33, 49, 160, 122, 67, 66, 98, 175, 50, 63,
       115, 139, 32, 9, 113, 145, 102, 235, 174, 56, 227, 89, 87, 247,
       249, 66, 95, 231, 116, 147, 40, 220, 116, 172, 253, 185, 147, 145,
       167, 254, 54, 246, 15, 30, 147, 235, 215, 13, 116, 246, 73, 135,
       47, 239, 52, 188, 106, 51, 236, 73, 91, 68, 247, 249, 152, 224,
       196, 38, 124, 77, 155, 169, 129, 13, 236, 249, 34, 208, 8, 138,
       209, 41, 226, 184, 188, 116, 75, 217, 144, 73, 235, 180, 181, 9,
       110, 221, 76, 50, 137, 241, 235, 17, 10, 103, 186, 209, 219, 209,
       1, 123, 65, 2, 7, 166, 193, 105, 175, 71, 36, 95, 239, 53, 120,
       234, 22, 76, 240, 52, 215, 39, 20, 100, 120, 111, 225, 244, 245,
       42, 101, 10, 237, 176, 76, 186, 80, 124, 36, 249, 157, 242, 204,
