%YAML:1.0
---
descriptors: !!opencv-matrix
   rows: 363
   cols: 32
   dt: u
   data: [ 177, 143, 117, 69, 180, 42, 103, 63, 116, 171, 126, 240, 243,
       33, 144, 48, 123, 238, 102, 40, 249, 184, 101, 15, 108, 174, 37,
       0, 237, 248, 208, 41, 175, 188, 211, 78, 119, 223, 226, 248, 91,
       233, 113, 110, 104, 248, 252, 180, 127, 232, 130, 94, 231, 190,
       252, 251, 62, 92, 5, 174, 127, 175, 98, 189, 37, 165, 252, 85,
       229, 62, 244, 143, 123, 251, 126, 8, 66, 120, 223, 63, 153, 86,
       224, 24, 148, 248, 253, 104, 47, 62, 85, 71, 203, 253, 218, 172,
       193, 180, 183, 104, 39, 108, 177, 155, 238, 90, 32, 80, 190, 213,
       64, 59, 167, 17, 120, 40, 163, 108, 58, 81, 205, 218, 83, 14, 64,
       96, 103, 43, 134, 132, 20, 219, 197, 245, 180, 107, 29, 23, 81,
       18, 236, 114, 44, 205, 217, 27, 130, 162, 54, 132, 91, 223, 7, 50,
       218, 67, 146, 77, 189, 134, 210, 56, 127, 213, 3, 225, 57, 23,
       136, 231, 134, 186, 60, 31, 64, 47, 38, 183, 217, 129, 51, 220,
       176, 193, 215, 0, 155, 179, 37, 64, 135, 123, 22, 207, 134, 223,
       211, 208, 190, 236, 31, 23, 91, 130, 108, 102, 60, 239, 247, 211,
       179, 211, 114, 216, 43, 225, 61, 54, 222, 195, 149, 119, 165, 172,
       248, 221, 115, 74, 17, 221, 67, 180, 125, 72, 230, 76, 58, 215,
       37, 244, 176, 184, 204, 74, 235, 168, 48, 63, 243, 253, 32, 8,
       122, 147, 102, 123, 29, 212, 59, 104, 49, 100, 91, 218, 126, 25,
       109, 84, 92, 215, 41, 120, 183, 25, 31, 56, 179, 37, 59, 87, 219,
       255, 50, 78, 208, 3, 35, 163, 24, 50, 219, 105, 112, 207, 97, 80,
       39, 45, 254, 8, 51, 151, 0, 80, 126, 188, 78, 152, 10, 179, 241,
       76, 213, 237, 34, 32, 98, 136, 102, 233, 233, 253, 99, 70, 85,
       223, 227, 176, 225, 72, 246, 12, 122, 221, 20, 181, 136, 244, 212,
       106, 233, 167, 240, 47, 119, 249, 32, 26, 75, 15, 86, 254, 188,
       101, 122, 96, 213, 87, 222, 216, 84, 172, 253, 11, 91, 221, 127,
       160, 120, 216, 151, 122, 236, 183, 104, 158, 115, 205, 165, 253,
       119, 187, 126, 195, 80, 218, 30, 188, 10, 162, 56, 50, 188, 0,
       202, 247, 205, 218, 34, 64, 230, 53, 189, 193, 20, 141, 7, 85,
       208, 227, 234, 195, 60, 1, 41, 19, 212, 158, 220, 119, 170, 110,
       21, 187, 186, 254, 183, 189, 215, 39, 75, 27, 135, 87, 109, 34,
       112, 101, 251, 44, 234, 195, 117, 245, 232, 240, 15, 83, 33, 177,
       183, 77, 125, 207, 225, 104, 239, 249, 242, 8, 242, 216, 28, 54,
       216, 172, 122, 89, 131, 243, 243, 221, 93, 56, 65, 118, 74, 40,
       82, 190, 128, 65, 43, 169, 74, 4, 171, 64, 36, 0, 195, 128, 149,
       23, 33, 80, 110, 145, 91, 235, 64, 19, 81, 64, 213, 128, 170, 8,
       16, 19, 39, 160, 105, 249, 181, 68, 121, 92, 83, 183, 169, 237,
       190, 40, 190, 55, 196, 54, 134, 118, 253, 72, 153, 75, 243, 173,
       255, 253, 116, 250, 66, 134, 198, 123, 45, 172, 132, 223, 221,
       189, 230, 191, 223, 179, 13, 88, 224, 225, 221, 175, 25, 74, 114,
       30, 50, 122, 219, 183, 46, 94, 213, 124, 218, 253, 218, 140, 30,
       141, 236, 255, 182, 130, 126, 187, 91, 193, 126, 194, 123, 239,
       157, 98, 63, 255, 53, 140, 138, 248, 175, 239, 110, 255, 229, 128,
       231, 226, 80, 75, 73, 117, 25, 172, 57, 135, 75, 88, 160, 200,
       136, 76, 150, 215, 33, 112, 148, 41, 89, 110, 201, 3, 210, 30,
       241, 149, 11, 56, 24, 34, 3, 114, 131, 130, 67, 27, 112, 170, 104,
       23, 62, 65, 115, 213, 185, 3, 148, 220, 23, 43, 23, 156, 179, 156,
       5, 87, 4, 62, 186, 192, 142, 132, 203, 148, 51, 67, 42, 136, 28,
       23, 146, 64, 77, 36, 217, 15, 134, 136, 51, 128, 248, 129, 207,
       103, 204, 163, 68, 206, 176, 52, 10, 63, 93, 11, 58, 198, 80, 67,
       10, 161, 8, 0, 57, 81, 36, 36, 203, 131, 149, 7, 0, 80, 236, 157,
       75, 194, 76, 147, 193, 0, 213, 161, 170, 145, 32, 2, 173, 194, 94,
       120, 155, 254, 11, 228, 19, 194, 171, 82, 135, 0, 62, 223, 99,
       122, 167, 117, 253, 18, 11, 71, 186, 225, 211, 245, 90, 59, 136,
       115, 39, 123, 75, 181, 235, 125, 182, 176, 187, 59, 246, 192, 95,
       228, 249, 253, 154, 96, 22, 58, 125, 188, 147, 144, 175, 95, 111,
       109, 47, 200, 38, 162, 81, 241, 187, 48, 242, 124, 49, 183, 216,
       123, 123, 233, 244, 57, 62, 253, 182, 56, 151, 61, 181, 37, 172,
       223, 161, 223, 219, 127, 25, 190, 71, 132, 38, 95, 40, 243, 57,
       226, 254, 217, 82, 189, 27, 61, 145, 121, 143, 93, 200, 144, 159,
       27, 213, 81, 94, 106, 202, 183, 238, 213, 61, 255, 118, 10, 150,
       11, 105, 227, 200, 161, 244, 15, 108, 191, 51, 249, 26, 221, 151,
       9, 80, 16, 135, 142, 85, 61, 222, 88, 193, 22, 238, 221, 52, 244,
       172, 136, 210, 9, 72, 149, 252, 101, 172, 126, 125, 63, 235, 190,
       190, 40, 255, 55, 194, 54, 135, 214, 125, 40, 208, 104, 251, 200,
       239, 223, 117, 53, 162, 240, 198, 99, 103, 241, 241, 66, 221, 92,
       131, 156, 235, 121, 163, 72, 218, 220, 220, 246, 148, 212, 124,
       95, 215, 107, 255, 241, 61, 60, 5, 126, 75, 23, 194, 117, 43, 52,
       246, 124, 123, 247, 88, 91, 87, 233, 93, 189, 121, 253, 182, 100,
       151, 61, 181, 53, 190, 222, 167, 159, 75, 255, 49, 175, 118, 140,
       84, 247, 56, 32, 127, 225, 38, 219, 241, 3, 124, 85, 118, 50, 151,
       153, 18, 105, 106, 24, 238, 17, 6, 188, 99, 128, 199, 233, 50, 65,
       229, 136, 84, 203, 154, 149, 31, 248, 147, 224, 16, 103, 61, 85,
       201, 179, 44, 182, 32, 113, 226, 187, 135, 128, 58, 139, 2, 213,
       185, 243, 90, 75, 48, 4, 167, 58, 5, 249, 173, 211, 148, 207, 227,
       216, 78, 245, 85, 2, 240, 245, 95, 38, 9, 120, 51, 91, 195, 248,
       123, 97, 77, 11, 101, 68, 197, 139, 85, 248, 117, 35, 136, 165,
       180, 42, 72, 27, 98, 225, 27, 157, 151, 41, 80, 26, 62, 140, 125,
       53, 156, 248, 213, 2, 204, 229, 37, 116, 236, 232, 210, 0, 161,
       177, 241, 129, 109, 205, 161, 221, 74, 125, 112, 56, 144, 152,
       222, 44, 139, 10, 50, 89, 215, 126, 254, 209, 77, 24, 113, 110,
       85, 12, 215, 207, 114, 16, 226, 83, 21, 250, 96, 6, 119, 69, 231,
       149, 43, 12, 22, 124, 113, 166, 233, 149, 62, 188, 117, 167, 7,
       118, 144, 83, 231, 140, 92, 94, 73, 54, 170, 136, 244, 245, 161,
       87, 60, 79, 222, 246, 144, 182, 162, 104, 125, 138, 158, 156, 151,
       155, 161, 66, 220, 39, 186, 193, 138, 76, 189, 247, 9, 54, 42, 72,
       120, 247, 177, 91, 118, 79, 223, 181, 24, 148, 162, 96, 93, 28,
       219, 44, 149, 143, 53, 30, 87, 111, 178, 205, 154, 196, 61, 243,
       163, 237, 98, 195, 214, 139, 238, 229, 13, 33, 115, 131, 45, 136,
       62, 4, 46, 171, 19, 213, 246, 184, 12, 253, 62, 8, 142, 225, 101,
       142, 219, 140, 32, 165, 121, 233, 180, 235, 67, 159, 86, 41, 120,
       106, 151, 53, 152, 0, 27, 154, 7, 57, 59, 56, 73, 63, 237, 140,
       36, 100, 244, 202, 196, 57, 118, 157, 167, 182, 147, 226, 55, 231,
       176, 135, 203, 147, 100, 247, 33, 79, 97, 247, 249, 130, 56, 217,
       186, 239, 185, 38, 223, 67, 161, 115, 180, 122, 50, 169, 2, 129,
       215, 139, 170, 101, 86, 161, 89, 131, 0, 130, 100, 0, 120, 171, 2,
       209, 84, 186, 20, 220, 61, 0, 143, 101, 37, 14, 177, 142, 44, 164,
       248, 243, 253, 237, 243, 186, 94, 29, 125, 26, 211, 253, 90, 40,
       217, 218, 87, 88, 50, 114, 250, 183, 111, 223, 55, 109, 215, 219,
       222, 226, 249, 70, 110, 109, 12, 14, 73, 56, 100, 198, 230, 6,
       211, 9, 19, 99, 92, 132, 108, 234, 232, 181, 117, 13, 211, 235,
       227, 20, 109, 169, 120, 0, 210, 0, 78, 153, 98, 170, 120, 7, 63,
       17, 102, 149, 141, 131, 6, 93, 102, 173, 47, 156, 22, 156, 67,
       208, 214, 248, 154, 193, 186, 132, 43, 154, 244, 71, 92, 231, 180,
       74, 95, 184, 52, 164, 159, 169, 215, 103, 11, 80, 86, 212, 125,
       106, 104, 144, 73, 46, 240, 175, 37, 148, 36, 251, 132, 99, 75,
       186, 166, 146, 143, 180, 185, 167, 186, 151, 134, 151, 236, 232,
       86, 207, 231, 103, 249, 149, 148, 77, 191, 226, 152, 50, 223, 91,
       134, 4, 189, 78, 184, 75, 230, 117, 197, 10, 196, 255, 81, 174,
