%YAML:1.0
---
descriptors: !!opencv-matrix
   rows: 272
   cols: 32
   dt: u
   data: [ 58, 48, 44, 37, 27, 215, 145, 80, 5, 237, 214, 47, 10, 28, 6,
       41, 236, 53, 253, 145, 140, 255, 113, 156, 211, 99, 216, 211, 59,
       12, 60, 95, 42, 52, 225, 101, 93, 123, 211, 91, 67, 237, 188, 173,
       155, 253, 94, 180, 28, 152, 215, 33, 153, 178, 244, 154, 127, 221,
       129, 191, 231, 172, 86, 246, 46, 180, 112, 250, 245, 221, 218,
       207, 91, 93, 52, 61, 174, 92, 94, 148, 159, 155, 151, 21, 182, 42,
       120, 247, 47, 221, 24, 255, 215, 132, 207, 223, 47, 197, 107, 203,
       220, 151, 175, 252, 76, 68, 221, 198, 249, 92, 191, 96, 122, 200,
       19, 239, 229, 176, 109, 255, 118, 45, 175, 132, 29, 191, 241, 244,
       57, 16, 225, 97, 117, 123, 81, 91, 123, 101, 116, 189, 11, 13,
       214, 180, 58, 140, 198, 44, 141, 182, 244, 194, 87, 221, 49, 117,
       103, 140, 70, 246, 159, 30, 191, 255, 42, 166, 61, 18, 172, 218,
       151, 117, 255, 247, 161, 107, 230, 119, 253, 135, 169, 205, 43,
       40, 195, 243, 122, 146, 136, 113, 33, 115, 146, 222, 63, 191, 40,
       133, 189, 246, 142, 91, 212, 231, 188, 255, 171, 99, 230, 115,
       255, 199, 227, 15, 42, 245, 227, 243, 250, 154, 24, 29, 37, 251,
       145, 207, 127, 253, 54, 138, 109, 183, 126, 91, 86, 246, 253, 43,
       176, 97, 103, 47, 61, 140, 243, 220, 103, 117, 236, 235, 254, 192,
       60, 144, 161, 57, 90, 189, 187, 254, 83, 204, 55, 231, 189, 192,
       78, 0, 188, 255, 38, 114, 166, 115, 251, 67, 99, 73, 186, 239,
       251, 247, 94, 10, 8, 114, 167, 123, 218, 157, 190, 254, 195, 192,
       181, 231, 188, 19, 78, 18, 60, 191, 32, 99, 227, 115, 187, 128,
       114, 137, 50, 247, 243, 231, 94, 75, 48, 80, 165, 170, 130, 140,
       2, 155, 83, 226, 58, 67, 30, 3, 74, 19, 236, 202, 36, 192, 213,
       59, 179, 144, 54, 156, 10, 255, 39, 54, 154, 203, 144, 4, 161,
       138, 33, 89, 115, 79, 116, 135, 239, 240, 100, 8, 127, 66, 113,
       209, 181, 36, 126, 120, 22, 234, 193, 178, 60, 125, 101, 168, 162,
       0, 125, 187, 96, 169, 17, 74, 71, 188, 22, 130, 110, 82, 212, 64,
       210, 198, 49, 130, 177, 96, 110, 232, 38, 206, 137, 159, 6, 237,
       48, 170, 234, 136, 61, 185, 112, 28, 210, 79, 67, 156, 6, 128,
       172, 103, 181, 6, 218, 243, 41, 162, 180, 197, 106, 171, 15, 133,
       104, 143, 6, 239, 176, 32, 154, 136, 53, 212, 177, 12, 124, 217,
       27, 170, 30, 193, 87, 248, 7, 0, 209, 171, 119, 215, 41, 80, 216,
       249, 29, 227, 74, 3, 88, 63, 241, 229, 171, 57, 48, 27, 52, 58,
       184, 17, 111, 232, 22, 195, 107, 112, 197, 0, 247, 226, 19, 143,
       176, 97, 126, 184, 31, 234, 217, 179, 36, 140, 242, 233, 162, 128,
       63, 139, 116, 176, 90, 185, 62, 249, 155, 220, 181, 119, 175, 29,
       174, 5, 172, 159, 102, 212, 167, 51, 251, 16, 22, 73, 178, 245,
       255, 243, 30, 75, 2, 4, 175, 95, 104, 121, 59, 236, 117, 221, 95,
       55, 111, 108, 126, 8, 191, 189, 19, 112, 200, 239, 253, 65, 206,
       58, 242, 189, 247, 253, 52, 171, 66, 158, 214, 107, 147, 234, 202,
       211, 84, 147, 234, 222, 55, 99, 214, 214, 57, 138, 250, 104, 127,
       203, 23, 157, 163, 189, 45, 247, 254, 143, 191, 196, 189, 137,
       233, 152, 2, 168, 169, 129, 85, 245, 185, 202, 30, 101, 76, 3,
       172, 156, 86, 44, 185, 27, 147, 145, 23, 56, 56, 243, 13, 28, 155,
       111, 213, 15, 23, 254, 159, 234, 232, 187, 70, 145, 188, 217, 31,
       98, 85, 214, 61, 207, 245, 41, 63, 171, 55, 143, 227, 126, 174,
       243, 86, 73, 251, 168, 63, 172, 41, 225, 45, 121, 107, 107, 87,
       215, 122, 248, 7, 232, 124, 15, 91, 93, 51, 176, 124, 248, 151,
       238, 205, 178, 121, 188, 111, 205, 165, 160, 127, 191, 118, 242,
       235, 17, 97, 93, 110, 153, 185, 125, 155, 88, 116, 255, 25, 204,
       246, 41, 254, 185, 183, 37, 229, 118, 230, 192, 94, 91, 123, 170,
       127, 140, 199, 213, 11, 104, 251, 251, 70, 137, 233, 95, 127, 89,
       84, 230, 189, 207, 247, 105, 118, 171, 55, 223, 131, 216, 47, 241,
       94, 235, 250, 128, 189, 145, 33, 185, 74, 174, 229, 177, 190, 234,
       185, 39, 191, 245, 154, 179, 175, 46, 212, 66, 99, 183, 255, 145,
       50, 217, 69, 222, 204, 246, 222, 195, 166, 4, 149, 122, 157, 90,
       230, 119, 103, 18, 123, 176, 245, 206, 87, 246, 89, 253, 179, 239,
       127, 252, 181, 254, 233, 244, 175, 170, 78, 107, 231, 129, 167,
       247, 124, 241, 86, 18, 214, 167, 35, 38, 58, 80, 173, 170, 179,
       247, 79, 111, 5, 223, 182, 245, 237, 166, 45, 209, 9, 200, 146,
       242, 107, 134, 239, 247, 43, 21, 86, 19, 213, 161, 170, 42, 16, 9,
       43, 187, 59, 253, 206, 42, 76, 154, 183, 21, 236, 49, 21, 112,
       193, 192, 156, 246, 127, 247, 200, 106, 139, 19, 141, 106, 208,
       241, 246, 27, 110, 152, 127, 250, 54, 230, 221, 67, 209, 253, 119,
       76, 94, 222, 163, 244, 77, 192, 134, 217, 39, 164, 238, 177, 75,
       181, 75, 150, 234, 30, 115, 189, 184, 73, 187, 127, 113, 183, 104,
       238, 254, 121, 255, 159, 179, 151, 166, 118, 190, 245, 86, 123,
       91, 235, 221, 5, 39, 223, 79, 150, 238, 154, 123, 189, 184, 72,
       31, 127, 119, 191, 104, 206, 190, 253, 55, 139, 183, 181, 183, 86,
       63, 209, 22, 59, 219, 175, 191, 205, 237, 213, 75, 22, 255, 69,
       50, 62, 91, 51, 121, 75, 126, 244, 123, 63, 148, 112, 54, 247,
       125, 44, 185, 152, 37, 206, 98, 255, 48, 192, 239, 228, 102, 121,
       139, 55, 177, 179, 189, 125, 177, 31, 30, 207, 53, 117, 252, 254,
       207, 138, 159, 67, 134, 51, 183, 228, 122, 242, 44, 215, 126, 178,
       202, 94, 77, 251, 191, 115, 233, 71, 96, 86, 223, 217, 19, 238,
       151, 231, 88, 92, 223, 46, 222, 92, 213, 255, 207, 86, 237, 162,
       126, 79, 173, 183, 79, 247, 254, 245, 125, 91, 123, 234, 126, 135,
       95, 248, 205, 204, 253, 110, 123, 217, 183, 112, 254, 233, 87,
       238, 201, 35, 40, 255, 115, 205, 37, 184, 125, 187, 98, 241, 122,
       62, 238, 20, 143, 112, 216, 71, 203, 247, 180, 187, 42, 172, 87,
       31, 171, 247, 237, 149, 158, 107, 246, 224, 27, 95, 220, 59, 231,
       109, 254, 94, 191, 222, 45, 27, 106, 247, 155, 248, 31, 125, 85,
       247, 92, 126, 174, 109, 247, 89, 183, 101, 167, 80, 42, 247, 94,
       59, 235, 254, 159, 183, 13, 247, 131, 62, 191, 182, 48, 220, 189,
       17, 191, 207, 87, 245, 252, 254, 142, 167, 135, 115, 157, 7, 231,
       208, 56, 235, 224, 127, 126, 130, 12, 214, 133, 125, 202, 16, 224,
       229, 103, 94, 252, 18, 117, 238, 119, 146, 153, 31, 215, 237, 126,
       221, 183, 238, 240, 244, 245, 226, 87, 249, 242, 133, 39, 229, 92,
       113, 14, 94, 103, 253, 53, 247, 255, 114, 157, 76, 222, 231, 237,
       207, 183, 224, 254, 249, 191, 199, 165, 161, 34, 255, 119, 127,
       170, 137, 63, 255, 117, 243, 223, 26, 247, 245, 102, 62, 125, 18,
       125, 218, 215, 246, 89, 63, 151, 255, 102, 245, 191, 174, 169,
       212, 53, 200, 214, 251, 250, 134, 175, 245, 97, 117, 56, 149, 122,
       253, 117, 199, 93, 127, 85, 14, 244, 3, 59, 61, 54, 81, 250, 186,
       151, 168, 232, 186, 49, 159, 243, 255, 246, 129, 119, 136, 244,
       251, 27, 178, 110, 253, 107, 95, 57, 248, 55, 255, 214, 167, 253,
       255, 154, 229, 127, 221, 255, 173, 229, 213, 183, 223, 95, 111,
       255, 135, 175, 164, 45, 245, 139, 16, 49, 209, 32, 228, 185, 23,
       61, 75, 87, 116, 188, 31, 132, 108, 135, 59, 55, 25, 179, 220, 49,
       195, 71, 254, 58, 194, 130, 0, 5, 249, 93, 113, 119, 229, 50, 78,
       127, 112, 45, 236, 255, 230, 223, 127, 138, 118, 182, 213, 253,
       238, 209, 145, 189, 204, 183, 253, 39, 196, 110, 183, 163, 113,
       47, 57, 49, 216, 237, 245, 152, 219, 143, 88, 220, 78, 172, 222,
       101, 173, 221, 27, 151, 144, 151, 67, 114, 209, 27, 88, 207, 250,
       154, 76, 49, 247, 239, 181, 112, 74, 237, 157, 255, 249, 233, 108,
       189, 76, 10, 221, 207, 180, 158, 219, 215, 126, 214, 35, 250, 251,
       119, 217, 5, 190, 91, 222, 202, 215, 222, 30, 126, 190, 43, 249,
       16, 64, 191, 95, 149, 191, 110, 206, 166, 223, 167, 225, 237, 131,
