%YAML:1.0
---
descriptors: !!opencv-matrix
   rows: 203
   cols: 32
   dt: u
   data: [ 41, 71, 113, 69, 116, 11, 111, 56, 116, 160, 118, 74, 115, 17,
       148, 52, 126, 220, 6, 106, 201, 176, 101, 14, 100, 172, 33, 4,
       111, 170, 66, 169, 96, 193, 113, 204, 77, 129, 100, 111, 197, 0,
       104, 2, 32, 211, 36, 228, 72, 184, 34, 168, 80, 46, 66, 221, 55,
       60, 134, 10, 51, 138, 224, 172, 39, 223, 117, 73, 242, 179, 43,
       182, 85, 104, 126, 230, 217, 54, 133, 116, 95, 247, 22, 248, 177,
       186, 125, 126, 108, 174, 167, 196, 191, 243, 32, 253, 133, 241,
       233, 91, 228, 159, 237, 157, 94, 112, 112, 70, 243, 220, 253, 105,
       93, 10, 18, 95, 199, 240, 127, 113, 37, 11, 183, 36, 92, 216, 209,
       188, 124, 48, 121, 96, 45, 77, 81, 88, 227, 248, 181, 8, 27, 93,
       93, 59, 140, 149, 93, 114, 136, 103, 240, 144, 211, 217, 1, 126,
       99, 163, 70, 115, 113, 84, 239, 231, 36, 6, 110, 53, 81, 194, 219,
       70, 115, 121, 153, 99, 125, 228, 61, 175, 233, 244, 125, 138, 164,
       46, 231, 128, 45, 250, 240, 56, 159, 177, 241, 75, 165, 93, 92,
       221, 71, 248, 125, 68, 139, 220, 255, 229, 222, 10, 150, 94, 207,
       176, 127, 144, 163, 217, 69, 167, 58, 254, 200, 253, 43, 99, 100,
       140, 109, 151, 136, 73, 199, 236, 212, 239, 200, 200, 246, 166,
       204, 44, 250, 237, 206, 99, 199, 157, 22, 89, 139, 191, 95, 14,
       120, 212, 131, 156, 50, 155, 115, 165, 184, 67, 60, 75, 83, 83,
       188, 222, 44, 104, 247, 59, 147, 149, 182, 156, 18, 215, 5, 62,
       154, 194, 152, 4, 161, 215, 84, 121, 159, 182, 40, 204, 87, 180,
       171, 186, 162, 73, 254, 247, 65, 90, 135, 245, 125, 66, 73, 67,
       218, 96, 249, 242, 111, 58, 136, 115, 3, 43, 237, 137, 104, 237,
       236, 6, 79, 185, 35, 104, 188, 8, 147, 43, 146, 112, 92, 205, 53,
       238, 217, 10, 248, 55, 231, 249, 171, 252, 24, 163, 226, 160, 220,
       90, 215, 168, 178, 134, 110, 157, 191, 14, 146, 231, 77, 67, 161,
       216, 119, 133, 207, 244, 162, 7, 13, 222, 248, 231, 47, 132, 188,
       177, 33, 81, 2, 160, 156, 177, 233, 233, 176, 79, 142, 63, 16, 57,
       140, 146, 74, 139, 137, 11, 235, 17, 22, 78, 194, 208, 140, 16,
       127, 255, 144, 76, 143, 139, 26, 183, 168, 247, 38, 40, 191, 113,
       1, 174, 95, 251, 253, 63, 72, 3, 62, 127, 245, 195, 216, 216, 200,
       160, 199, 209, 250, 163, 39, 239, 159, 251, 2, 189, 144, 153, 223,
       253, 182, 239, 31, 37, 72, 19, 172, 188, 38, 196, 253, 59, 147,
       17, 22, 56, 90, 247, 45, 22, 30, 107, 146, 76, 157, 222, 58, 154,
       122, 248, 239, 245, 209, 199, 223, 13, 252, 51, 46, 157, 102, 232,
       239, 187, 151, 17, 150, 60, 50, 243, 95, 221, 58, 251, 215, 12,
       237, 91, 132, 220, 183, 251, 189, 207, 171, 248, 158, 62, 82, 2,
       246, 247, 41, 69, 217, 123, 59, 91, 98, 253, 58, 191, 237, 146,
       207, 96, 16, 43, 21, 250, 3, 255, 128, 27, 123, 153, 170, 200, 31,
       105, 88, 236, 172, 202, 213, 180, 191, 107, 211, 215, 199, 24,
       142, 255, 44, 84, 13, 250, 95, 6, 11, 157, 202, 114, 180, 144, 41,
       124, 16, 66, 171, 159, 129, 57, 140, 158, 71, 219, 231, 145, 239,
       145, 6, 71, 194, 192, 147, 80, 218, 59, 130, 68, 47, 87, 2, 149,
       30, 186, 131, 228, 180, 103, 188, 87, 74, 19, 172, 254, 40, 73,
       227, 51, 187, 129, 50, 201, 18, 245, 133, 50, 218, 67, 144, 68,
       165, 218, 165, 207, 199, 157, 156, 131, 230, 191, 86, 178, 202,
       214, 97, 96, 153, 193, 89, 238, 106, 42, 117, 240, 77, 63, 60, 38,
       239, 4, 173, 248, 248, 8, 191, 229, 48, 202, 205, 253, 214, 204,
       207, 116, 173, 10, 42, 220, 127, 164, 201, 210, 219, 83, 206, 39,
       122, 179, 123, 89, 5, 127, 83, 31, 214, 206, 167, 230, 224, 154,
       223, 49, 190, 205, 95, 55, 125, 159, 72, 232, 254, 141, 221, 139,
       131, 183, 182, 118, 78, 243, 46, 20, 159, 239, 213, 95, 250, 196,
       2, 160, 156, 152, 249, 229, 176, 199, 159, 29, 32, 17, 172, 158,
       98, 73, 195, 27, 235, 17, 22, 79, 146, 241, 29, 18, 90, 107, 144,
       8, 165, 207, 185, 121, 105, 232, 116, 207, 75, 120, 65, 232, 244,
       78, 51, 29, 17, 48, 92, 184, 21, 106, 201, 50, 112, 157, 243, 201,
       161, 184, 127, 154, 82, 57, 82, 162, 231, 153, 90, 192, 185, 67,
       166, 117, 210, 231, 161, 142, 226, 79, 110, 189, 239, 145, 30,
       219, 199, 209, 156, 34, 250, 203, 181, 132, 53, 221, 167, 234,
       162, 154, 223, 177, 178, 192, 223, 151, 113, 191, 40, 200, 119,
       140, 203, 105, 131, 215, 182, 118, 142, 242, 30, 30, 139, 111,
       221, 63, 123, 134, 118, 241, 229, 202, 239, 85, 158, 200, 203,
       248, 189, 43, 72, 220, 127, 167, 255, 209, 215, 231, 207, 99, 190,
       241, 51, 8, 205, 191, 119, 127, 246, 247, 35, 253, 208, 90, 219,
       153, 182, 239, 27, 17, 124, 43, 40, 250, 110, 148, 223, 219, 146,
       144, 86, 58, 218, 243, 63, 28, 21, 107, 219, 86, 202, 142, 82,
       113, 58, 188, 11, 192, 153, 72, 174, 132, 128, 163, 236, 223, 107,
       66, 246, 185, 251, 193, 66, 3, 138, 217, 209, 37, 139, 191, 20,
       38, 39, 218, 138, 186, 144, 185, 185, 185, 48, 151, 30, 61, 80,
       117, 172, 146, 226, 204, 199, 59, 174, 17, 54, 220, 67, 247, 140,
       215, 58, 251, 146, 12, 141, 207, 104, 173, 88, 125, 244, 235, 119,
       183, 49, 7, 126, 24, 243, 55, 0, 16, 27, 254, 68, 8, 122, 184,
       241, 47, 239, 239, 52, 65, 96, 192, 206, 170, 2, 148, 51, 171,
       147, 230, 186, 105, 60, 65, 91, 179, 220, 254, 44, 96, 247, 27,
       147, 177, 19, 144, 25, 215, 13, 38, 154, 199, 148, 70, 165, 147,
       185, 65, 80, 69, 116, 11, 235, 112, 117, 160, 119, 66, 83, 1, 148,
       53, 122, 172, 6, 234, 232, 188, 101, 12, 102, 168, 160, 0, 111,
       138, 114, 168, 241, 75, 207, 236, 78, 2, 79, 248, 113, 130, 242,
       230, 83, 163, 177, 115, 122, 228, 46, 238, 233, 247, 229, 170,
       240, 171, 231, 132, 45, 187, 112, 40, 56, 219, 122, 238, 118, 211,
       222, 244, 5, 36, 252, 34, 121, 155, 35, 192, 126, 185, 135, 226,
       72, 187, 8, 189, 115, 205, 162, 129, 119, 154, 108, 155, 58, 123,
       250, 231, 246, 32, 254, 84, 101, 200, 254, 231, 123, 237, 181,
       112, 126, 251, 23, 205, 201, 178, 37, 232, 118, 221, 166, 136,
       231, 251, 96, 201, 92, 128, 157, 234, 169, 108, 81, 168, 139, 21,
       173, 1, 222, 115, 72, 90, 209, 81, 109, 26, 26, 1, 219, 17, 203,
       215, 67, 127, 144, 35, 5, 34, 9, 134, 207, 157, 28, 27, 161, 59,
       118, 226, 70, 198, 113, 96, 147, 225, 121, 108, 42, 172, 229, 252,
       197, 31, 28, 39, 247, 4, 173, 168, 120, 184, 37, 93, 67, 71, 84,
       30, 238, 180, 124, 224, 122, 70, 243, 32, 145, 164, 124, 236, 82,
       111, 233, 176, 85, 46, 36, 46, 37, 0, 109, 187, 80, 188, 238, 177,
       144, 178, 157, 253, 82, 137, 139, 61, 169, 25, 142, 220, 78, 158,
       137, 147, 239, 16, 30, 111, 219, 178, 155, 212, 5, 127, 208, 15,
       206, 6, 45, 213, 125, 109, 180, 15, 111, 184, 126, 168, 127, 104,
       215, 115, 153, 48, 23, 92, 110, 106, 233, 176, 121, 31, 239, 255,
       37, 68, 88, 243, 66, 33, 9, 159, 63, 85, 180, 159, 105, 55, 125,
       73, 126, 100, 191, 51, 148, 116, 166, 38, 126, 12, 209, 184, 101,
       79, 238, 255, 50, 192, 74, 192, 195, 45, 33, 151, 105, 73, 116,
       143, 235, 123, 85, 104, 124, 110, 19, 21, 180, 37, 94, 152, 22,
       44, 249, 184, 101, 31, 102, 12, 160, 196, 127, 136, 82, 249, 0,
       136, 122, 217, 116, 170, 233, 19, 116, 5, 86, 82, 177, 3, 180,
       104, 106, 42, 22, 152, 178, 188, 36, 95, 68, 46, 178, 64, 165,
       128, 113, 168, 212, 191, 189, 119, 186, 204, 55, 180, 168, 221,
       187, 228, 255, 119, 137, 82, 135, 119, 109, 114, 115, 201, 171,
       47, 233, 243, 103, 214, 128, 243, 167, 115, 6, 54, 96, 123, 184,
       45, 126, 251, 117, 42, 25, 117, 129, 249, 221, 105, 149, 27, 95,
       175, 180, 0, 205, 186, 102, 92, 165, 190, 190, 245, 210, 135, 126,
       163, 104, 138, 31, 81, 154, 232, 15, 244, 157, 171, 203, 204, 94,
       0, 217, 193, 255, 247, 142, 99, 239, 221, 250, 85, 143, 255, 119,
