%YAML:1.0
---
descriptors: !!opencv-matrix
   rows: 193
   cols: 32
   dt: u
   data: [ 19, 191, 107, 103, 242, 194, 123, 119, 101, 107, 94, 231, 57,
       47, 150, 96, 55, 191, 95, 173, 180, 156, 37, 223, 126, 239, 174,
       192, 39, 130, 167, 249, 102, 52, 244, 216, 239, 119, 156, 79, 27,
       255, 176, 187, 12, 62, 78, 154, 159, 215, 247, 177, 180, 79, 243,
       194, 27, 94, 221, 255, 215, 124, 143, 215, 31, 23, 244, 117, 163,
       122, 125, 23, 121, 255, 118, 181, 207, 45, 150, 255, 55, 215, 253,
       60, 188, 208, 101, 192, 207, 255, 116, 135, 230, 244, 142, 85,
       130, 162, 252, 147, 126, 241, 184, 72, 27, 245, 21, 185, 172, 238,
       222, 142, 143, 75, 247, 149, 182, 127, 238, 227, 30, 89, 27, 251,
       198, 205, 143, 197, 206, 28, 182, 148, 99, 180, 184, 66, 188, 199,
       70, 181, 172, 182, 35, 222, 230, 127, 251, 149, 164, 213, 178,
       226, 87, 55, 90, 139, 138, 117, 47, 215, 26, 13, 102, 206, 85,
       214, 251, 112, 133, 192, 223, 131, 104, 254, 183, 228, 126, 237,
       191, 239, 168, 147, 183, 238, 55, 127, 138, 139, 39, 167, 53, 246,
       223, 60, 118, 132, 83, 158, 187, 112, 189, 236, 255, 167, 76, 190,
       167, 244, 54, 245, 223, 231, 165, 145, 52, 206, 122, 47, 139, 134,
       47, 167, 43, 85, 46, 237, 98, 74, 213, 215, 254, 225, 95, 68, 125,
       11, 104, 216, 55, 164, 250, 187, 147, 67, 246, 186, 60, 255, 63,
       92, 133, 235, 87, 30, 254, 198, 82, 235, 159, 252, 187, 192, 53,
       231, 175, 7, 206, 169, 172, 247, 32, 82, 166, 251, 239, 128, 66,
       75, 130, 123, 241, 246, 30, 187, 0, 80, 167, 107, 41, 107, 120,
       97, 252, 157, 239, 215, 110, 236, 126, 204, 187, 141, 210, 176,
       14, 42, 214, 76, 195, 184, 97, 63, 102, 221, 36, 176, 79, 158,
       202, 249, 21, 205, 95, 188, 158, 67, 79, 253, 212, 194, 202, 130,
       119, 227, 169, 97, 123, 226, 14, 234, 121, 131, 46, 191, 248, 206,
       231, 28, 181, 250, 224, 32, 120, 177, 184, 122, 169, 253, 84, 207,
       171, 29, 173, 9, 63, 223, 74, 186, 129, 155, 221, 16, 30, 107,
       250, 177, 219, 221, 21, 123, 226, 82, 142, 75, 43, 229, 233, 65,
       244, 94, 255, 247, 115, 237, 126, 139, 25, 61, 222, 48, 63, 223,
       21, 157, 218, 248, 228, 194, 111, 125, 180, 196, 231, 214, 214,
       235, 130, 173, 146, 215, 101, 246, 188, 230, 29, 130, 90, 18, 236,
       250, 96, 65, 249, 123, 179, 129, 112, 250, 186, 235, 13, 18, 223,
       3, 5, 104, 53, 138, 192, 191, 63, 249, 186, 205, 61, 127, 190, 95,
       156, 245, 181, 151, 192, 81, 167, 51, 125, 144, 243, 13, 163, 87,
       201, 163, 126, 248, 24, 0, 167, 251, 221, 123, 210, 70, 67, 24,
       122, 64, 225, 128, 225, 36, 106, 210, 7, 214, 254, 253, 228, 226,
       76, 211, 128, 201, 18, 248, 2, 11, 107, 163, 106, 135, 157, 4,
       118, 70, 115, 30, 243, 112, 105, 128, 119, 0, 91, 89, 159, 181,
       50, 180, 70, 234, 196, 179, 52, 204, 51, 249, 0, 2, 107, 163, 107,
       165, 57, 95, 107, 237, 38, 11, 239, 119, 68, 226, 222, 230, 83,
       175, 177, 97, 126, 238, 55, 239, 201, 184, 37, 188, 244, 233, 239,
       128, 61, 250, 240, 249, 39, 55, 225, 65, 244, 59, 239, 19, 105,
       232, 126, 239, 155, 45, 215, 60, 62, 142, 23, 125, 149, 178, 101,
       200, 38, 92, 165, 132, 239, 247, 210, 245, 21, 158, 239, 255, 182,
       42, 105, 183, 116, 91, 94, 246, 241, 103, 176, 107, 119, 255, 63,
       140, 185, 216, 109, 45, 204, 175, 255, 192, 173, 225, 241, 121,
       166, 132, 172, 219, 205, 125, 212, 143, 95, 55, 16, 19, 194, 120,
       94, 11, 201, 75, 51, 17, 190, 124, 91, 179, 15, 30, 223, 119, 213,
       92, 220, 142, 102, 107, 226, 18, 219, 217, 150, 68, 155, 236, 176,
       137, 46, 236, 71, 154, 136, 255, 227, 81, 6, 99, 202, 232, 63, 20,
       13, 187, 197, 127, 30, 222, 182, 105, 234, 68, 93, 219, 210, 64,
       143, 164, 180, 171, 34, 204, 87, 22, 136, 252, 199, 83, 76, 243,
       232, 168, 127, 89, 5, 59, 71, 63, 94, 222, 170, 182, 44, 147, 111,
       253, 184, 66, 159, 127, 85, 191, 172, 220, 222, 141, 141, 59, 247,
       21, 182, 126, 106, 247, 14, 83, 184, 251, 215, 13, 159, 215, 142,
       56, 251, 218, 219, 240, 51, 192, 175, 209, 119, 178, 220, 223,
       111, 238, 167, 57, 251, 210, 23, 197, 186, 240, 219, 209, 11, 235,
       174, 37, 45, 247, 34, 187, 51, 154, 253, 173, 115, 199, 155, 77,
       120, 125, 172, 222, 102, 212, 221, 59, 131, 21, 150, 58, 250, 247,
       29, 20, 30, 234, 152, 12, 214, 255, 37, 61, 115, 73, 244, 103,
       239, 120, 85, 168, 252, 66, 113, 81, 181, 36, 126, 248, 22, 234,
       225, 178, 125, 222, 61, 12, 161, 132, 117, 235, 116, 161, 90, 142,
       246, 254, 211, 240, 58, 226, 181, 7, 198, 179, 109, 239, 165, 205,
       111, 251, 171, 192, 46, 219, 14, 239, 210, 231, 218, 131, 167,
       245, 45, 10, 154, 140, 22, 190, 219, 240, 28, 111, 151, 23, 192,
       179, 44, 246, 34, 213, 233, 179, 171, 128, 126, 143, 2, 255, 179,
       230, 218, 75, 51, 4, 173, 78, 62, 147, 242, 224, 247, 127, 152,
       115, 25, 125, 189, 175, 14, 61, 182, 173, 255, 155, 151, 49, 148,
       187, 48, 212, 91, 95, 88, 247, 215, 206, 221, 247, 56, 133, 126,
       109, 244, 74, 87, 119, 84, 12, 254, 10, 115, 57, 34, 81, 88, 190,
       199, 40, 120, 187, 97, 15, 243, 239, 32, 1, 99, 202, 246, 170,
       154, 195, 106, 237, 22, 131, 111, 253, 87, 69, 214, 231, 121, 203,
       186, 64, 126, 143, 31, 237, 218, 187, 13, 223, 242, 239, 170, 196,
       55, 154, 240, 249, 9, 132, 22, 185, 53, 188, 120, 39, 189, 27, 70,
       16, 188, 163, 32, 201, 161, 43, 59, 28, 51, 220, 18, 215, 205,
       255, 82, 66, 154, 76, 169, 155, 34, 141, 22, 188, 85, 192, 52,
       103, 157, 7, 210, 19, 44, 170, 36, 65, 232, 187, 131, 129, 124,
       159, 18, 223, 53, 246, 218, 75, 16, 12, 252, 142, 141, 93, 127,
       205, 36, 118, 111, 186, 125, 206, 126, 102, 217, 247, 181, 101,
       127, 80, 62, 238, 225, 161, 47, 222, 99, 255, 231, 132, 55, 243,
       101, 249, 107, 53, 251, 251, 236, 188, 249, 23, 235, 91, 124, 124,
       188, 191, 253, 126, 239, 187, 55, 156, 147, 122, 226, 193, 78,
       253, 122, 234, 206, 200, 195, 249, 253, 118, 98, 109, 53, 82, 91,
       120, 117, 206, 215, 166, 91, 79, 155, 245, 126, 236, 157, 238,
       232, 150, 101, 174, 242, 235, 226, 129, 39, 183, 126, 113, 51, 47,
       225, 209, 246, 187, 232, 91, 87, 233, 248, 198, 27, 136, 244, 172,
       127, 170, 22, 157, 155, 250, 101, 220, 30, 206, 183, 224, 255,
       200, 208, 165, 40, 125, 122, 102, 241, 159, 126, 245, 173, 236,
       126, 45, 255, 159, 35, 144, 150, 127, 221, 98, 204, 177, 56, 174,
       231, 221, 37, 129, 98, 178, 206, 219, 170, 132, 148, 154, 205,
       229, 52, 143, 31, 19, 65, 19, 236, 115, 40, 204, 217, 19, 163, 0,
       50, 142, 91, 243, 5, 54, 218, 75, 146, 92, 185, 138, 127, 216,
       104, 108, 109, 22, 206, 184, 65, 106, 180, 15, 91, 29, 23, 146,
       220, 196, 253, 239, 205, 39, 249, 157, 243, 255, 225, 188, 127,
       191, 90, 82, 1, 148, 51, 216, 49, 252, 89, 82, 255, 9, 119, 16,
       158, 147, 36, 124, 165, 27, 30, 24, 179, 45, 50, 215, 155, 254,
       18, 74, 210, 1, 37, 39, 10, 180, 144, 169, 183, 253, 184, 206, 15,
       45, 88, 147, 140, 159, 120, 132, 191, 27, 151, 145, 22, 184, 80,
       215, 175, 212, 154, 231, 150, 78, 141, 159, 6, 182, 146, 137, 177,
       231, 178, 75, 63, 237, 203, 53, 140, 182, 102, 68, 247, 27, 138,
       145, 22, 153, 17, 210, 157, 22, 26, 199, 144, 70, 45, 87, 42, 190,
       176, 169, 245, 253, 186, 206, 79, 77, 124, 167, 172, 157, 119,
       132, 207, 59, 151, 21, 150, 56, 80, 255, 47, 85, 30, 235, 215, 93,
       93, 223, 193, 63, 189, 119, 160, 172, 117, 23, 120, 95, 118, 124,
       183, 55, 192, 123, 135, 38, 108, 28, 179, 252, 227, 34, 207, 186,
       112, 192, 192, 192, 195, 105, 158, 82, 98, 161, 50, 18, 58, 208,
       61, 196, 86, 231, 77, 78, 183, 196, 62, 221, 135, 247, 164, 148,
       53, 206, 178, 119, 47, 135, 175, 183, 45, 213, 42, 248, 118, 75,
       117, 223, 242, 204, 95, 44, 252, 11, 42, 93, 55, 148, 248, 184,
