%YAML:1.0
---
descriptors: !!opencv-matrix
   rows: 119
   cols: 32
   dt: u
   data: [ 72, 30, 152, 121, 17, 236, 121, 23, 47, 75, 110, 133, 191, 55,
       2, 88, 65, 59, 173, 136, 27, 152, 211, 115, 199, 247, 50, 65, 154,
       192, 171, 27, 17, 205, 207, 253, 148, 130, 111, 182, 148, 2, 218,
       194, 241, 98, 176, 97, 107, 231, 61, 237, 233, 153, 5, 255, 168,
       239, 254, 128, 61, 248, 176, 40, 18, 95, 11, 191, 50, 134, 190,
       114, 188, 204, 218, 231, 189, 239, 163, 64, 230, 123, 191, 199,
       200, 153, 2, 109, 240, 231, 170, 128, 60, 183, 37, 217, 98, 249,
       204, 159, 234, 217, 156, 237, 138, 243, 145, 171, 228, 252, 78,
       11, 143, 119, 251, 149, 22, 75, 206, 241, 46, 23, 93, 255, 149,
       63, 155, 223, 200, 189, 188, 119, 169, 61, 53, 183, 233, 255, 38,
       61, 158, 63, 66, 59, 135, 119, 237, 4, 240, 72, 241, 32, 207, 219,
       116, 55, 202, 244, 143, 91, 137, 112, 183, 91, 100, 157, 232, 18,
       255, 89, 117, 116, 156, 154, 252, 249, 167, 9, 54, 28, 147, 244,
       50, 241, 15, 218, 114, 200, 218, 129, 97, 165, 177, 82, 103, 77,
       32, 66, 111, 112, 112, 234, 215, 228, 83, 55, 145, 119, 118, 252,
       53, 238, 233, 212, 37, 12, 208, 234, 226, 128, 44, 163, 118, 241,
       164, 238, 104, 75, 112, 11, 207, 248, 23, 44, 116, 233, 83, 69,
       159, 49, 30, 216, 71, 110, 232, 54, 109, 63, 102, 137, 33, 181,
       119, 187, 70, 233, 33, 209, 121, 73, 116, 79, 239, 252, 68, 8,
       116, 64, 114, 81, 188, 53, 30, 8, 6, 104, 227, 182, 49, 125, 103,
       136, 36, 132, 113, 154, 66, 169, 1, 134, 175, 189, 52, 190, 232,
       51, 252, 91, 91, 84, 247, 40, 144, 225, 129, 38, 127, 13, 181,
       184, 3, 199, 142, 127, 122, 192, 204, 136, 217, 9, 177, 20, 106,
       172, 22, 38, 207, 113, 212, 194, 207, 135, 83, 232, 50, 65, 126,
       172, 27, 175, 237, 151, 84, 142, 240, 47, 170, 0, 61, 234, 120,
       208, 181, 16, 237, 185, 46, 169, 177, 1, 204, 87, 199, 183, 215,
       93, 30, 8, 127, 160, 91, 53, 152, 164, 127, 16, 196, 75, 74, 82,
       253, 107, 85, 242, 82, 167, 250, 225, 178, 98, 191, 215, 168, 189,
       27, 243, 29, 174, 234, 98, 55, 215, 189, 177, 148, 217, 173, 194,
       248, 133, 175, 197, 165, 210, 165, 89, 53, 54, 185, 161, 180, 111,
       147, 91, 6, 237, 253, 239, 23, 52, 235, 32, 223, 25, 6, 53, 159,
       178, 121, 18, 232, 133, 171, 228, 253, 203, 101, 241, 74, 253, 17,
       122, 251, 141, 58, 254, 191, 25, 120, 237, 188, 211, 41, 212, 151,
       51, 207, 80, 99, 41, 26, 255, 60, 182, 50, 238, 90, 20, 131, 27,
       74, 248, 188, 119, 169, 205, 53, 151, 187, 255, 54, 25, 174, 191,
       78, 26, 135, 115, 253, 5, 214, 124, 178, 226, 207, 223, 84, 179,
       194, 116, 135, 91, 81, 207, 207, 255, 60, 130, 78, 182, 204, 130,
       218, 198, 243, 99, 177, 99, 98, 230, 125, 238, 233, 201, 79, 175,
       160, 235, 238, 144, 60, 251, 112, 40, 37, 93, 117, 71, 244, 78,
       239, 184, 101, 226, 127, 64, 211, 117, 157, 116, 123, 212, 6, 106,
       217, 176, 125, 44, 37, 174, 37, 4, 103, 251, 198, 240, 188, 167,
       251, 164, 150, 75, 87, 251, 86, 166, 250, 170, 75, 97, 97, 208,
       123, 220, 134, 48, 104, 243, 45, 142, 248, 199, 37, 53, 119, 248,
       116, 105, 9, 191, 8, 139, 213, 255, 227, 247, 22, 77, 124, 6, 179,
       69, 162, 164, 120, 170, 130, 152, 23, 186, 124, 191, 111, 197,
       162, 97, 243, 14, 252, 254, 183, 126, 27, 164, 100, 111, 71, 254,
       17, 238, 176, 127, 66, 44, 167, 153, 221, 205, 4, 99, 237, 247,
       81, 14, 176, 150, 101, 182, 121, 121, 90, 223, 73, 74, 255, 237,
       110, 8, 237, 86, 239, 80, 246, 230, 191, 139, 213, 106, 110, 228,
       126, 204, 193, 61, 231, 224, 214, 249, 242, 136, 109, 184, 115,
       185, 151, 251, 78, 183, 162, 0, 190, 189, 174, 240, 22, 231, 253,
       206, 219, 67, 55, 79, 61, 223, 247, 220, 143, 241, 236, 9, 239,
       196, 45, 182, 185, 217, 221, 77, 111, 231, 134, 114, 238, 52, 116,
       74, 211, 210, 83, 44, 185, 235, 106, 198, 60, 239, 237, 181, 45,
       238, 178, 235, 234, 128, 37, 251, 249, 37, 163, 132, 108, 89, 205,
       253, 253, 239, 95, 119, 228, 27, 40, 184, 62, 21, 201, 138, 243,
       141, 126, 63, 119, 247, 119, 95, 208, 123, 87, 92, 220, 206, 153,
       183, 61, 161, 180, 239, 211, 63, 20, 253, 191, 103, 151, 31, 130,
       33, 124, 146, 94, 189, 187, 184, 113, 28, 237, 137, 175, 212, 253,
       200, 213, 243, 80, 138, 188, 187, 172, 228, 89, 151, 174, 95, 150,
       17, 255, 191, 98, 75, 229, 39, 125, 21, 30, 77, 163, 177, 203,
       227, 254, 217, 144, 64, 165, 91, 65, 135, 143, 245, 164, 14, 108,
       55, 236, 235, 90, 84, 247, 40, 144, 98, 128, 38, 124, 13, 213,
       248, 225, 141, 236, 255, 242, 144, 12, 232, 217, 89, 141, 42, 113,
       225, 110, 153, 235, 80, 239, 249, 181, 254, 159, 143, 213, 42,
       110, 137, 127, 95, 131, 53, 239, 208, 222, 217, 171, 252, 127,
       139, 83, 241, 238, 180, 36, 218, 221, 197, 145, 233, 155, 93, 181,
       29, 200, 221, 126, 1, 201, 26, 243, 17, 114, 111, 250, 215, 75,
       91, 159, 127, 210, 12, 246, 242, 24, 142, 148, 187, 187, 187, 18,
       143, 158, 55, 206, 49, 239, 227, 42, 204, 147, 51, 235, 16, 50,
       13, 75, 183, 204, 215, 31, 85, 146, 76, 141, 10, 87, 79, 159, 239,
       44, 134, 79, 48, 173, 136, 155, 70, 255, 251, 177, 99, 196, 103,
       125, 239, 201, 129, 235, 173, 224, 255, 239, 144, 24, 243, 49, 33,
       95, 95, 43, 172, 48, 134, 95, 48, 52, 200, 219, 199, 223, 255, 49,
       112, 246, 245, 61, 239, 233, 129, 17, 142, 243, 239, 171, 128, 40,
       183, 33, 115, 172, 87, 125, 101, 54, 78, 101, 56, 112, 184, 119,
       100, 211, 53, 137, 51, 22, 84, 68, 106, 225, 240, 97, 12, 103,
       171, 97, 132, 106, 185, 70, 177, 140, 188, 188, 251, 185, 253, 92,
       187, 191, 59, 181, 16, 159, 127, 72, 235, 133, 83, 252, 16, 63,
       108, 123, 183, 207, 223, 118, 119, 218, 68, 141, 23, 29, 239, 106,
       167, 244, 34, 111, 253, 52, 165, 95, 199, 225, 99, 155, 64, 126,
       206, 23, 254, 219, 152, 77, 46, 108, 109, 175, 196, 173, 247, 242,
       248, 133, 16, 191, 123, 56, 172, 169, 24, 254, 19, 99, 16, 156,
       211, 44, 120, 167, 25, 122, 24, 163, 244, 59, 115, 141, 255, 18,
       68, 216, 1, 35, 160, 176, 87, 27, 236, 112, 99, 23, 120, 24, 14,
       249, 109, 22, 23, 161, 81, 216, 157, 7, 98, 105, 151, 64, 14, 240,
       180, 34, 148, 24, 123, 102, 179, 66, 106, 134, 158, 11, 160, 57,
       4, 171, 149, 130, 133, 172, 199, 67, 94, 230, 117, 233, 212, 2,
       65, 130, 225, 212, 48, 218, 138, 130, 21, 37, 90, 93, 143, 231,
       247, 166, 50, 238, 184, 228, 26, 219, 226, 251, 106, 185, 235,
       118, 199, 60, 239, 252, 241, 45, 233, 182, 235, 238, 132, 39, 243,
       113, 37, 131, 176, 130, 177, 19, 167, 56, 199, 62, 113, 67, 213,
       140, 198, 106, 136, 183, 11, 179, 149, 54, 220, 27, 211, 140, 22,
       155, 231, 152, 4, 171, 210, 178, 163, 98, 159, 198, 144, 239, 105,
       82, 78, 81, 215, 105, 232, 190, 0, 126, 235, 167, 207, 244, 186,
       174, 251, 52, 42, 234, 169, 117, 174, 247, 196, 47, 185, 239, 215,
       197, 85, 190, 236, 90, 251, 80, 131, 248, 252, 125, 171, 221, 123,
       179, 87, 245, 248, 254, 224, 47, 15, 255, 161, 197, 127, 221, 222,
       49, 132, 105, 69, 52, 115, 233, 43, 84, 227, 255, 18, 115, 52,
       144, 96, 121, 174, 22, 168, 57, 188, 101, 31, 255, 175, 179, 128,
       61, 224, 112, 56, 33, 182, 155, 139, 244, 247, 163, 207, 30, 109,
       120, 230, 52, 212, 234, 132, 221, 10, 130, 21, 23, 186, 56, 127,
       44, 4, 186, 102, 217, 74, 177, 253, 43, 151, 87, 172, 246, 143,
       62, 55, 29, 65, 122, 231, 207, 173, 170, 192, 214, 47, 151, 101,
       245, 187, 84, 143, 160, 118, 42, 194, 126, 142, 169, 217, 201,
       151, 42, 155, 149, 252, 51, 53, 52, 77, 215, 55, 250, 54, 170,
       229, 108, 146, 158, 148, 191, 137, 121, 255, 255, 103, 186, 211,
       26, 14, 189, 119, 227, 149, 66, 72, 230, 23, 236, 121, 93, 72,
       127, 246, 89, 232, 190, 245, 126, 135, 182, 236, 245, 58, 95, 221,
