%YAML:1.0
---
descriptors: !!opencv-matrix
   rows: 197
   cols: 32
   dt: u
   data: [ 52, 36, 234, 225, 148, 111, 187, 91, 70, 229, 121, 3, 17, 189,
       123, 0, 255, 29, 23, 185, 154, 178, 121, 26, 233, 205, 171, 228,
       245, 107, 117, 194, 33, 143, 253, 101, 180, 42, 111, 55, 116, 162,
       126, 240, 243, 35, 144, 112, 91, 238, 100, 44, 249, 184, 101, 14,
       236, 175, 37, 0, 109, 224, 194, 41, 25, 141, 107, 203, 246, 210,
       239, 119, 84, 68, 94, 130, 185, 239, 178, 96, 126, 186, 23, 205,
       211, 184, 53, 255, 111, 175, 170, 192, 55, 138, 245, 249, 41, 17,
       83, 77, 117, 223, 226, 120, 93, 96, 122, 74, 82, 17, 180, 180, 88,
       172, 22, 104, 201, 178, 117, 158, 53, 60, 1, 16, 123, 138, 90,
       172, 26, 252, 226, 247, 119, 247, 251, 208, 127, 111, 93, 167,
       105, 255, 191, 164, 127, 235, 151, 207, 131, 183, 60, 255, 127,
       93, 139, 166, 39, 215, 55, 255, 112, 33, 115, 109, 120, 203, 99,
       121, 55, 165, 238, 8, 119, 215, 128, 116, 50, 188, 110, 40, 10,
       155, 225, 29, 245, 164, 33, 8, 98, 130, 38, 40, 225, 111, 79, 109,
       100, 10, 207, 55, 96, 202, 250, 236, 243, 41, 149, 51, 24, 230,
       76, 110, 233, 184, 69, 14, 38, 57, 100, 144, 76, 184, 210, 105,
       155, 148, 125, 125, 178, 230, 121, 63, 117, 73, 94, 247, 121, 127,
       150, 96, 119, 31, 53, 173, 183, 216, 53, 159, 111, 239, 178, 192,
       191, 132, 229, 123, 89, 157, 55, 109, 176, 174, 79, 55, 32, 72,
       190, 68, 255, 55, 16, 114, 166, 183, 125, 45, 249, 137, 49, 15,
       233, 239, 32, 208, 162, 226, 163, 121, 72, 148, 253, 101, 236,
       110, 125, 59, 233, 254, 62, 8, 223, 55, 192, 114, 167, 246, 125,
       40, 153, 120, 243, 200, 223, 255, 117, 180, 162, 224, 198, 113,
       79, 191, 248, 227, 182, 185, 250, 147, 239, 237, 30, 237, 156,
       189, 215, 224, 183, 119, 255, 21, 151, 9, 173, 242, 78, 93, 61,
       246, 142, 239, 153, 85, 106, 120, 250, 182, 98, 128, 63, 214, 169,
       204, 90, 167, 189, 159, 115, 90, 230, 255, 151, 215, 196, 218,
       144, 232, 212, 85, 190, 131, 140, 85, 55, 219, 6, 120, 91, 225,
       114, 239, 43, 210, 61, 192, 124, 192, 157, 215, 193, 188, 63, 253,
       23, 248, 1, 146, 176, 192, 159, 213, 43, 236, 163, 177, 39, 177,
       120, 185, 57, 225, 176, 207, 85, 55, 35, 169, 190, 9, 159, 63, 0,
       80, 160, 151, 253, 8, 90, 56, 209, 21, 255, 253, 37, 117, 98, 130,
       198, 115, 194, 249, 63, 218, 219, 216, 181, 197, 175, 85, 134,
       163, 60, 222, 102, 112, 166, 51, 251, 193, 71, 9, 178, 245, 251,
       113, 30, 75, 20, 22, 167, 255, 26, 156, 190, 252, 203, 240, 180,
       103, 189, 23, 78, 51, 44, 191, 38, 73, 227, 59, 171, 128, 54, 217,
       18, 237, 83, 231, 90, 75, 145, 64, 173, 154, 93, 149, 61, 106, 27,
       228, 51, 250, 109, 81, 237, 22, 94, 119, 40, 112, 183, 147, 217,
       48, 51, 43, 59, 119, 219, 237, 2, 78, 250, 3, 163, 51, 131, 179,
       123, 195, 230, 151, 253, 117, 125, 248, 127, 102, 24, 152, 254,
       161, 254, 11, 22, 221, 215, 250, 45, 192, 62, 25, 174, 194, 205,
       138, 249, 253, 34, 233, 171, 218, 85, 197, 170, 224, 142, 73, 89,
       3, 252, 206, 116, 96, 252, 121, 51, 223, 195, 26, 186, 241, 31,
       28, 139, 233, 21, 14, 53, 234, 189, 117, 106, 226, 246, 87, 255,
       248, 84, 230, 245, 26, 91, 93, 255, 161, 126, 216, 151, 255, 232,
       183, 60, 158, 115, 201, 165, 245, 119, 187, 126, 242, 248, 162,
       142, 180, 32, 104, 93, 55, 160, 175, 166, 185, 247, 39, 66, 19, 0,
       246, 237, 0, 56, 221, 193, 0, 218, 163, 117, 177, 32, 232, 214,
       90, 250, 77, 114, 236, 53, 86, 94, 245, 101, 132, 254, 11, 107,
       63, 55, 244, 254, 244, 189, 234, 204, 171, 49, 238, 243, 253, 132,
       147, 39, 254, 124, 94, 2, 188, 178, 152, 211, 241, 176, 71, 63, 5,
       104, 51, 44, 190, 102, 128, 235, 59, 131, 145, 54, 154, 18, 247,
       29, 20, 26, 107, 145, 68, 175, 206, 232, 170, 156, 50, 233, 173,
       80, 215, 163, 191, 164, 25, 167, 171, 66, 27, 137, 38, 237, 28,
       58, 111, 218, 48, 203, 211, 117, 121, 210, 72, 206, 10, 209, 26,
       30, 185, 2, 180, 56, 71, 238, 31, 146, 247, 237, 154, 98, 73, 231,
       167, 172, 149, 182, 141, 7, 113, 218, 227, 58, 195, 189, 64, 169,
       11, 62, 141, 114, 250, 149, 198, 86, 227, 149, 12, 223, 3, 107,
       255, 54, 193, 248, 187, 151, 227, 126, 187, 24, 191, 187, 253,
       138, 75, 55, 15, 252, 2, 113, 63, 113, 69, 188, 79, 79, 63, 66,
       238, 188, 108, 83, 37, 213, 54, 31, 214, 84, 110, 201, 106, 233,
       30, 104, 156, 37, 188, 84, 250, 86, 121, 131, 184, 131, 153, 237,
       183, 232, 71, 29, 91, 208, 214, 172, 150, 244, 173, 201, 58, 19,
       157, 19, 222, 83, 225, 132, 16, 218, 194, 31, 12, 184, 188, 115,
       74, 231, 197, 110, 8, 237, 20, 233, 144, 242, 234, 187, 143, 213,
       126, 110, 245, 127, 206, 201, 99, 199, 224, 150, 248, 226, 136,
       47, 177, 115, 157, 116, 250, 189, 168, 104, 103, 71, 216, 66, 126,
       176, 77, 87, 87, 73, 27, 221, 192, 77, 126, 139, 98, 219, 57, 249,
       136, 101, 252, 112, 187, 70, 99, 105, 113, 121, 109, 124, 79, 119,
       60, 39, 168, 124, 8, 115, 93, 1, 48, 88, 252, 119, 106, 73, 58,
       241, 60, 111, 237, 37, 40, 107, 186, 66, 170, 176, 170, 174, 249,
       92, 201, 113, 67, 55, 157, 112, 59, 51, 155, 64, 16, 232, 186,
       103, 144, 26, 250, 194, 0, 221, 168, 176, 225, 225, 8, 102, 139,
       153, 211, 99, 171, 164, 3, 237, 253, 54, 120, 210, 231, 221, 135,
       176, 65, 126, 140, 63, 207, 201, 152, 45, 209, 228, 201, 238, 132,
       63, 158, 181, 249, 74, 177, 186, 241, 177, 252, 89, 23, 175, 77,
       158, 56, 190, 151, 66, 116, 135, 55, 253, 16, 147, 137, 179, 211,
       203, 253, 62, 210, 130, 196, 133, 123, 169, 248, 63, 90, 101, 221,
       247, 246, 249, 90, 116, 108, 186, 28, 134, 181, 140, 50, 214, 74,
       239, 190, 114, 253, 103, 251, 112, 18, 90, 157, 70, 255, 179, 123,
       234, 172, 106, 82, 158, 92, 169, 204, 220, 175, 44, 222, 183, 16,
       254, 253, 151, 231, 196, 131, 166, 200, 114, 97, 174, 139, 45, 55,
       47, 223, 169, 252, 121, 85, 124, 221, 217, 118, 123, 232, 52, 124,
       187, 28, 212, 49, 142, 124, 86, 77, 231, 126, 240, 239, 111, 91,
       53, 184, 79, 136, 210, 253, 154, 248, 126, 250, 75, 192, 189, 230,
       174, 84, 70, 163, 60, 223, 38, 97, 166, 123, 251, 193, 66, 207,
       162, 245, 243, 225, 30, 139, 53, 16, 165, 235, 45, 249, 225, 225,
       252, 221, 239, 157, 79, 252, 60, 72, 155, 93, 217, 32, 27, 216,
       86, 89, 219, 62, 127, 178, 109, 221, 165, 252, 215, 154, 214, 249,
       88, 61, 219, 197, 240, 226, 106, 50, 49, 201, 238, 96, 19, 183,
       161, 244, 118, 252, 60, 248, 25, 152, 161, 78, 191, 237, 163, 196,
       170, 161, 102, 49, 61, 221, 97, 235, 189, 221, 75, 252, 71, 117,
       252, 66, 219, 117, 152, 228, 91, 218, 150, 234, 219, 58, 125, 181,
       239, 221, 167, 244, 119, 159, 212, 245, 24, 31, 46, 173, 50, 102,
       95, 246, 180, 206, 218, 231, 247, 63, 51, 64, 239, 247, 127, 165,
       232, 153, 1, 47, 240, 231, 235, 128, 44, 248, 37, 91, 84, 163,
       142, 164, 130, 14, 188, 21, 46, 173, 90, 231, 197, 170, 82, 74,
       244, 197, 108, 149, 148, 217, 133, 64, 252, 37, 175, 197, 136,
       114, 169, 67, 28, 221, 16, 187, 177, 223, 86, 188, 23, 12, 203, 3,
       239, 247, 35, 196, 209, 251, 141, 82, 126, 152, 89, 191, 235, 247,
       7, 81, 178, 255, 44, 83, 190, 32, 226, 225, 85, 127, 248, 90, 87,
       167, 245, 19, 11, 157, 119, 156, 251, 157, 151, 177, 172, 246, 48,
       202, 95, 223, 147, 167, 231, 237, 126, 194, 145, 207, 31, 237, 38,
       135, 237, 127, 84, 8, 80, 102, 53, 27, 176, 97, 110, 42, 23, 239,
       225, 184, 1, 157, 224, 137, 170, 128, 61, 152, 177, 169, 3, 251,
       169, 65, 116, 157, 171, 182, 70, 105, 86, 196, 177, 4, 214, 100,
       4, 76, 54, 93, 195, 184, 247, 49, 109, 29, 188, 224, 12, 136, 80,
       253, 17, 65, 47, 225, 8, 69, 105, 16, 36, 112, 207, 4, 149, 23,
       16, 112, 100, 149, 123, 222, 203, 144, 241, 0, 213, 169, 138, 0,
