%YAML:1.0
---
descriptors: !!opencv-matrix
   rows: 170
   cols: 32
   dt: u
   data: [ 49, 53, 115, 77, 116, 95, 194, 120, 68, 232, 250, 74, 83, 20,
       148, 164, 92, 156, 86, 106, 201, 178, 117, 28, 53, 44, 33, 20, 93,
       170, 82, 189, 70, 175, 158, 159, 220, 131, 166, 237, 30, 162, 74,
       82, 228, 226, 237, 193, 209, 111, 106, 43, 112, 217, 203, 127, 44,
       38, 255, 108, 152, 122, 153, 128, 60, 103, 114, 71, 51, 91, 215,
       232, 125, 228, 255, 173, 74, 104, 143, 148, 58, 196, 198, 98, 204,
       178, 109, 255, 122, 94, 5, 87, 99, 191, 78, 215, 117, 198, 79,
       239, 70, 11, 239, 253, 93, 106, 247, 246, 83, 107, 188, 113, 125,
       196, 62, 174, 233, 183, 109, 223, 246, 239, 231, 148, 125, 250,
       240, 161, 99, 254, 157, 30, 172, 253, 132, 239, 250, 123, 176,
       124, 166, 248, 196, 187, 137, 227, 108, 17, 183, 111, 238, 115,
       184, 22, 117, 190, 216, 81, 195, 93, 197, 27, 153, 255, 186, 44,
       31, 27, 30, 137, 83, 84, 247, 247, 1, 106, 214, 127, 63, 92, 179,
       88, 219, 42, 237, 173, 46, 144, 152, 235, 129, 49, 105, 140, 79,
       229, 116, 254, 227, 55, 96, 99, 126, 88, 243, 49, 144, 166, 8,
       102, 84, 41, 177, 188, 245, 15, 173, 255, 160, 80, 110, 136, 210,
       168, 11, 148, 186, 186, 213, 247, 122, 223, 31, 75, 124, 23, 124,
       255, 42, 224, 249, 59, 147, 17, 55, 155, 56, 255, 123, 223, 23,
       75, 154, 78, 169, 218, 45, 221, 57, 94, 26, 221, 215, 248, 198,
       76, 253, 44, 242, 220, 191, 32, 220, 248, 198, 99, 207, 35, 126,
       61, 99, 141, 37, 61, 121, 59, 76, 247, 42, 156, 35, 251, 117, 231,
       171, 83, 86, 13, 121, 3, 249, 253, 48, 68, 217, 59, 23, 145, 154,
       186, 88, 255, 109, 92, 170, 192, 215, 78, 244, 235, 137, 125, 87,
       89, 242, 175, 173, 118, 124, 168, 122, 96, 189, 51, 129, 113, 38,
       63, 14, 200, 225, 156, 53, 110, 101, 170, 54, 192, 8, 144, 35,
       169, 103, 87, 101, 6, 108, 29, 206, 248, 201, 244, 153, 207, 66,
       108, 159, 179, 206, 197, 255, 231, 205, 35, 254, 236, 54, 56, 205,
       190, 77, 255, 86, 244, 60, 239, 88, 32, 219, 219, 95, 248, 35,
       236, 172, 173, 111, 199, 195, 148, 59, 232, 199, 106, 67, 75, 232,
       61, 250, 197, 37, 189, 114, 183, 14, 242, 246, 127, 104, 134, 126,
       82, 158, 232, 137, 236, 177, 239, 64, 108, 159, 19, 254, 213, 221,
       231, 236, 103, 204, 238, 122, 54, 237, 191, 109, 191, 126, 87,
       192, 157, 31, 245, 50, 140, 61, 55, 188, 13, 110, 48, 188, 183,
       32, 113, 166, 55, 61, 0, 112, 153, 48, 79, 231, 251, 122, 3, 0, 0,
       165, 43, 74, 158, 58, 251, 117, 252, 184, 7, 189, 13, 126, 57,
       172, 158, 38, 208, 199, 51, 135, 17, 54, 188, 112, 255, 199, 247,
       26, 195, 210, 12, 143, 219, 2, 141, 32, 233, 157, 199, 202, 171,
       134, 17, 217, 2, 201, 187, 48, 96, 201, 19, 59, 137, 90, 9, 75,
       247, 173, 252, 138, 77, 16, 10, 244, 34, 73, 254, 121, 95, 58,
       209, 63, 190, 254, 206, 28, 164, 252, 246, 131, 101, 39, 115, 252,
       238, 231, 73, 174, 255, 102, 127, 47, 170, 30, 246, 45, 125, 41,
       221, 198, 149, 197, 30, 100, 183, 209, 210, 126, 78, 123, 112,
       182, 167, 105, 230, 178, 44, 245, 248, 55, 175, 46, 111, 213, 3,
       239, 252, 216, 220, 236, 246, 228, 111, 185, 47, 79, 184, 19, 250,
       181, 252, 219, 103, 201, 159, 93, 212, 253, 254, 232, 102, 201,
       154, 239, 219, 229, 188, 211, 247, 198, 112, 163, 178, 243, 89,
       244, 175, 169, 87, 127, 13, 112, 244, 184, 23, 180, 188, 31, 58,
       22, 24, 179, 188, 53, 223, 13, 30, 48, 192, 223, 136, 199, 253,
       99, 142, 15, 229, 116, 62, 235, 55, 40, 72, 94, 204, 183, 37, 144,
       167, 6, 102, 117, 45, 177, 248, 213, 175, 164, 255, 232, 128, 78,
       232, 91, 185, 84, 118, 188, 119, 40, 111, 85, 184, 232, 190, 183,
       44, 215, 119, 137, 27, 135, 212, 108, 34, 72, 229, 251, 44, 195,
       211, 117, 148, 192, 243, 71, 51, 49, 255, 121, 76, 90, 223, 151,
       250, 70, 236, 252, 110, 50, 212, 167, 32, 60, 250, 70, 98, 199,
       43, 62, 61, 121, 141, 37, 62, 121, 59, 68, 255, 53, 79, 203, 230,
       86, 43, 239, 240, 53, 168, 254, 238, 91, 235, 181, 112, 126, 236,
       22, 206, 201, 179, 36, 232, 240, 237, 167, 128, 237, 251, 114,
       161, 85, 245, 25, 235, 146, 142, 31, 190, 60, 137, 107, 68, 215,
       87, 0, 112, 215, 127, 29, 122, 211, 152, 217, 46, 237, 175, 39,
       80, 40, 18, 129, 49, 161, 173, 121, 101, 4, 79, 69, 55, 84, 226,
       234, 8, 179, 49, 148, 51, 88, 254, 126, 40, 217, 248, 245, 8, 229,
       136, 228, 16, 97, 232, 208, 40, 3, 172, 186, 217, 253, 231, 179,
       207, 31, 79, 116, 51, 60, 255, 102, 104, 249, 59, 151, 24, 54,
       239, 43, 247, 79, 31, 55, 239, 144, 72, 237, 203, 105, 73, 237,
       101, 180, 79, 111, 23, 68, 226, 178, 8, 179, 17, 145, 114, 72,
       230, 126, 94, 233, 244, 117, 40, 229, 219, 165, 16, 68, 248, 208,
       104, 169, 107, 93, 101, 116, 15, 106, 52, 113, 168, 118, 76, 179,
       1, 144, 17, 26, 172, 68, 104, 233, 252, 65, 12, 230, 249, 32, 0,
       106, 160, 74, 169, 66, 227, 134, 156, 75, 192, 57, 200, 142, 148,
       192, 163, 236, 198, 99, 66, 246, 121, 251, 209, 66, 67, 138, 213,
       25, 48, 139, 239, 20, 39, 37, 211, 2, 148, 18, 155, 119, 247, 178,
       192, 30, 11, 91, 19, 236, 218, 44, 196, 215, 27, 131, 17, 54, 156,
       24, 247, 13, 54, 26, 67, 144, 15, 45, 135, 45, 233, 53, 219, 237,
       85, 197, 200, 79, 220, 113, 2, 138, 208, 237, 237, 217, 72, 38,
       90, 91, 98, 122, 176, 15, 216, 199, 46, 82, 95, 212, 228, 38, 241,
       240, 138, 239, 85, 150, 200, 203, 248, 177, 43, 76, 220, 127, 143,
       222, 217, 211, 115, 198, 99, 218, 241, 49, 24, 207, 191, 85, 63,
       127, 151, 123, 158, 236, 165, 158, 30, 154, 63, 119, 235, 146,
       255, 75, 40, 150, 227, 255, 213, 253, 165, 189, 251, 205, 142,
       190, 111, 253, 151, 237, 236, 152, 29, 63, 255, 122, 82, 251, 253,
       214, 253, 247, 238, 253, 239, 106, 252, 223, 180, 191, 250, 230,
       87, 215, 115, 174, 191, 59, 95, 37, 251, 231, 255, 206, 215, 244,
       101, 236, 98, 141, 87, 70, 200, 83, 182, 173, 8, 83, 101, 79, 59,
       89, 196, 108, 254, 110, 103, 235, 48, 251, 203, 197, 125, 243,
       251, 126, 102, 77, 157, 7, 103, 177, 79, 111, 180, 61, 232, 106,
       204, 255, 119, 129, 245, 54, 118, 124, 110, 209, 216, 153, 236,
       173, 190, 101, 208, 42, 166, 1, 57, 163, 226, 6, 25, 76, 139, 160,
       109, 94, 242, 243, 91, 128, 136, 222, 169, 249, 140, 106, 7, 231,
       246, 199, 215, 20, 26, 83, 102, 93, 12, 249, 140, 192, 148, 157,
       181, 168, 46, 60, 191, 190, 115, 2, 245, 212, 55, 72, 75, 135, 87,
       121, 16, 177, 205, 219, 67, 205, 178, 95, 70, 136, 96, 133, 19, 9,
       77, 17, 127, 161, 140, 111, 182, 117, 2, 106, 64, 191, 51, 129,
       244, 118, 123, 38, 202, 201, 152, 113, 239, 229, 254, 22, 0, 34,
       211, 129, 168, 31, 66, 210, 154, 179, 178, 58, 200, 63, 65, 71,
       215, 77, 202, 175, 220, 119, 9, 191, 156, 167, 133, 15, 247, 154,
       127, 26, 199, 190, 135, 41, 69, 91, 255, 127, 252, 58, 151, 31,
       190, 135, 204, 94, 231, 121, 255, 183, 96, 182, 119, 253, 228,
       196, 9, 166, 255, 98, 127, 169, 171, 54, 180, 36, 127, 195, 153,
       27, 187, 234, 228, 185, 198, 190, 119, 66, 23, 180, 254, 99, 104,
       231, 47, 59, 149, 7, 92, 178, 242, 221, 54, 218, 234, 152, 80, 1,
       219, 87, 93, 163, 142, 155, 245, 135, 207, 143, 196, 207, 199,
       230, 246, 99, 100, 241, 114, 170, 83, 159, 3, 58, 250, 185, 52,
       15, 26, 152, 127, 181, 118, 147, 16, 59, 220, 91, 244, 115, 65,
       237, 68, 237, 18, 92, 222, 38, 48, 178, 177, 211, 32, 1, 163, 50,
       202, 83, 188, 2, 10, 81, 34, 103, 247, 42, 184, 232, 74, 215, 253,
       243, 223, 59, 109, 124, 175, 10, 189, 110, 28, 187, 155, 135, 17,
       154, 58, 248, 243, 95, 92, 20, 239, 215, 78, 214, 255, 9, 133, 18,
       79, 213, 63, 102, 255, 117, 9, 126, 68, 235, 163, 184, 244, 121,
       138, 134, 140, 223, 186, 21, 245, 166, 255, 150, 65, 106, 214,
