%YAML:1.0
---
descriptors: !!opencv-matrix
   rows: 207
   cols: 32
   dt: u
   data: [ 45, 219, 120, 238, 124, 207, 223, 248, 198, 76, 253, 78, 243,
       205, 191, 32, 94, 248, 22, 110, 203, 35, 122, 61, 99, 141, 37,
       184, 121, 187, 64, 241, 61, 241, 121, 232, 253, 85, 223, 252, 79,
       120, 188, 46, 219, 249, 253, 32, 219, 202, 23, 254, 219, 35, 250,
       183, 251, 221, 165, 252, 255, 219, 226, 247, 94, 106, 250, 180,
       99, 160, 57, 130, 187, 143, 86, 181, 44, 239, 103, 90, 167, 125,
       173, 129, 132, 215, 130, 226, 210, 119, 122, 139, 134, 117, 47,
       75, 99, 156, 178, 80, 245, 189, 248, 199, 251, 91, 118, 24, 28,
       186, 118, 252, 169, 43, 178, 24, 183, 127, 18, 247, 31, 94, 85,
       107, 218, 76, 218, 143, 218, 149, 117, 191, 147, 192, 157, 175,
       180, 87, 206, 179, 252, 127, 168, 97, 103, 147, 191, 129, 122,
       205, 39, 247, 240, 39, 250, 195, 55, 196, 165, 122, 250, 182, 234,
       88, 201, 244, 217, 87, 179, 95, 148, 191, 40, 158, 86, 58, 205,
       179, 213, 149, 190, 79, 246, 211, 91, 95, 218, 251, 231, 68, 254,
       223, 8, 157, 58, 251, 215, 247, 126, 255, 23, 75, 94, 23, 124,
       255, 43, 192, 255, 59, 147, 144, 183, 154, 56, 255, 127, 239, 159,
       67, 186, 94, 173, 219, 180, 0, 227, 219, 68, 46, 233, 88, 87, 161,
       119, 18, 81, 35, 237, 108, 121, 222, 51, 152, 139, 240, 125, 192,
       87, 174, 211, 4, 179, 249, 116, 160, 151, 15, 66, 171, 252, 169,
       238, 192, 229, 2, 219, 211, 131, 8, 191, 96, 104, 162, 78, 239,
       252, 179, 68, 230, 182, 76, 130, 72, 125, 223, 248, 132, 2, 141,
       16, 235, 157, 229, 226, 166, 206, 9, 218, 2, 132, 186, 48, 64,
       201, 34, 43, 145, 18, 185, 73, 247, 173, 180, 138, 83, 144, 10,
       61, 10, 40, 159, 51, 251, 245, 163, 195, 115, 86, 5, 121, 102,
       251, 233, 48, 196, 88, 58, 7, 25, 154, 186, 88, 191, 236, 222,
       130, 64, 255, 206, 245, 186, 74, 3, 42, 248, 123, 209, 152, 73,
       134, 4, 212, 163, 41, 207, 35, 64, 94, 185, 159, 129, 10, 3, 234,
       221, 87, 97, 171, 187, 23, 44, 45, 243, 104, 152, 248, 252, 126,
       235, 113, 127, 27, 109, 246, 59, 62, 61, 2, 112, 235, 149, 215,
       33, 50, 251, 97, 223, 95, 191, 48, 247, 119, 136, 78, 235, 0, 137,
       30, 201, 150, 203, 180, 107, 94, 1, 88, 35, 164, 153, 36, 0, 250,
       59, 3, 81, 82, 184, 2, 253, 44, 20, 15, 67, 85, 8, 189, 138, 23,
       25, 51, 222, 91, 196, 155, 72, 175, 72, 233, 2, 44, 222, 37, 116,
       166, 59, 147, 194, 3, 11, 58, 255, 19, 60, 10, 10, 91, 38, 39,
       247, 127, 252, 224, 102, 153, 112, 94, 188, 51, 226, 143, 141,
       107, 110, 95, 246, 117, 215, 253, 231, 237, 67, 255, 171, 187,
       127, 205, 189, 175, 247, 190, 86, 200, 188, 150, 184, 169, 236,
       53, 175, 186, 31, 162, 25, 172, 243, 66, 91, 161, 115, 235, 16,
       50, 77, 154, 115, 221, 215, 95, 123, 128, 80, 135, 75, 248, 148,
       189, 228, 172, 70, 87, 107, 16, 238, 190, 59, 83, 63, 0, 115, 249,
       212, 253, 161, 120, 111, 225, 14, 251, 231, 229, 151, 33, 104,
       116, 123, 169, 47, 237, 101, 164, 27, 101, 55, 113, 162, 126, 200,
       179, 33, 144, 167, 8, 238, 100, 44, 217, 248, 245, 8, 228, 217,
       228, 16, 78, 248, 210, 168, 170, 72, 34, 191, 69, 209, 182, 198,
       158, 68, 100, 131, 168, 204, 55, 200, 200, 107, 131, 199, 102,
       190, 86, 251, 5, 87, 154, 11, 87, 29, 125, 222, 176, 205, 110,
       162, 148, 139, 78, 231, 85, 160, 222, 27, 123, 41, 51, 1, 121,
       163, 23, 255, 120, 191, 93, 254, 251, 203, 135, 65, 101, 186, 248,
       0, 76, 52, 188, 103, 168, 111, 21, 186, 170, 190, 191, 45, 222,
       119, 203, 26, 133, 85, 236, 34, 72, 225, 251, 0, 195, 223, 117,
       53, 66, 115, 15, 115, 254, 255, 242, 86, 251, 116, 222, 222, 187,
       255, 189, 191, 108, 255, 223, 150, 191, 255, 213, 223, 244, 75,
       186, 226, 123, 93, 77, 191, 239, 247, 174, 223, 62, 119, 116, 71,
       179, 123, 215, 248, 121, 230, 253, 173, 74, 105, 143, 148, 59,
       246, 198, 98, 220, 178, 109, 238, 122, 95, 5, 87, 107, 255, 78,
       215, 62, 200, 242, 252, 207, 210, 86, 235, 159, 23, 246, 147, 14,
       223, 38, 212, 235, 153, 167, 129, 126, 31, 2, 243, 147, 247, 218,
       79, 55, 13, 236, 198, 0, 129, 159, 189, 140, 143, 113, 43, 142,
       57, 75, 17, 214, 243, 104, 64, 241, 54, 43, 17, 82, 156, 91, 19,
       205, 167, 123, 68, 16, 10, 145, 2, 45, 225, 149, 219, 237, 89,
       229, 200, 94, 188, 125, 2, 136, 208, 237, 173, 217, 74, 34, 90,
       83, 112, 107, 176, 13, 216, 199, 44, 210, 127, 208, 228, 2, 149,
       19, 185, 149, 229, 176, 103, 142, 9, 74, 66, 236, 250, 32, 192,
       240, 43, 139, 17, 18, 137, 16, 223, 173, 148, 138, 67, 144, 10,
       189, 10, 26, 11, 106, 248, 123, 209, 185, 65, 135, 4, 221, 171,
       44, 207, 34, 64, 126, 185, 147, 129, 2, 3, 42, 221, 87, 69, 139,
       171, 55, 134, 37, 210, 3, 154, 99, 91, 100, 159, 170, 87, 95, 73,
       122, 214, 168, 136, 180, 172, 254, 43, 54, 157, 151, 184, 101,
       243, 6, 28, 186, 194, 223, 142, 249, 189, 170, 216, 34, 184, 77,
       213, 181, 239, 159, 93, 196, 19, 172, 221, 62, 197, 201, 59, 179,
       129, 66, 47, 82, 245, 119, 81, 218, 43, 19, 28, 189, 218, 253,
       101, 236, 107, 140, 87, 78, 248, 83, 182, 173, 10, 83, 105, 219,
       187, 89, 196, 124, 250, 236, 102, 237, 58, 251, 203, 229, 61, 243,
       251, 94, 100, 91, 95, 110, 236, 42, 151, 31, 62, 133, 204, 94,
       231, 121, 239, 183, 96, 182, 255, 189, 231, 204, 137, 167, 253,
       114, 127, 169, 139, 55, 182, 45, 127, 123, 186, 104, 180, 30, 151,
       152, 57, 83, 233, 215, 239, 105, 40, 214, 224, 127, 173, 189, 165,
       173, 250, 205, 222, 158, 111, 251, 243, 45, 12, 56, 31, 111, 254,
       226, 86, 251, 118, 222, 252, 187, 255, 189, 189, 104, 254, 95,
       150, 191, 223, 213, 254, 190, 111, 190, 235, 59, 94, 221, 255,
       207, 247, 238, 223, 137, 171, 187, 85, 36, 156, 109, 55, 249, 202,
       118, 72, 182, 161, 144, 55, 128, 102, 92, 12, 241, 249, 176, 43,
       231, 255, 112, 0, 74, 168, 219, 41, 11, 158, 82, 219, 21, 183,
       234, 86, 87, 1, 223, 66, 168, 217, 180, 228, 93, 186, 146, 152,
       191, 184, 120, 255, 46, 125, 154, 67, 159, 143, 248, 188, 10, 188,
       178, 216, 215, 253, 176, 71, 251, 195, 108, 26, 44, 250, 102, 188,
       179, 59, 162, 16, 150, 191, 146, 247, 31, 127, 22, 107, 202, 76,
       239, 159, 9, 189, 114, 72, 243, 209, 50, 231, 253, 65, 108, 32,
       60, 248, 164, 244, 246, 187, 146, 209, 151, 187, 52, 255, 60, 60,
       6, 74, 127, 6, 171, 173, 8, 230, 250, 84, 199, 54, 245, 119, 80,
       135, 110, 23, 88, 233, 126, 10, 125, 78, 163, 44, 240, 246, 176,
       66, 115, 47, 87, 5, 231, 248, 241, 234, 56, 63, 219, 102, 210, 66,
       111, 247, 48, 196, 254, 134, 121, 230, 131, 54, 126, 255, 68, 234,
       89, 154, 164, 107, 248, 231, 231, 136, 41, 242, 166, 249, 62, 164,
       236, 234, 93, 113, 219, 73, 71, 21, 157, 155, 75, 109, 94, 139,
       123, 210, 223, 187, 186, 99, 111, 145, 127, 75, 197, 189, 247,
       206, 252, 66, 171, 200, 80, 222, 77, 221, 182, 230, 223, 30, 244,
       10, 40, 152, 55, 165, 200, 250, 130, 194, 70, 62, 114, 253, 23,
       24, 210, 59, 83, 29, 90, 142, 41, 140, 126, 28, 95, 183, 210, 239,
       93, 69, 238, 3, 40, 232, 54, 96, 217, 171, 138, 4, 182, 169, 103,
       255, 119, 63, 146, 67, 149, 12, 252, 78, 225, 97, 95, 75, 76, 45,
       232, 76, 236, 48, 227, 82, 145, 8, 156, 107, 234, 133, 106, 105,
       133, 183, 199, 80, 20, 56, 2, 16, 93, 139, 105, 132, 237, 133,
       237, 103, 148, 46, 111, 184, 116, 226, 111, 88, 211, 97, 153, 112,
       121, 206, 124, 46, 185, 176, 253, 46, 239, 239, 37, 4, 225, 243,
       210, 96, 50, 98, 75, 136, 74, 33, 170, 78, 44, 38, 233, 203, 1,
       138, 116, 16, 122, 141, 3, 133, 8, 18, 196, 66, 148, 36, 154, 44,
       85, 27, 163, 128, 175, 254, 245, 119, 181, 127, 255, 190, 123,
       254, 125, 116, 251, 125, 223, 191, 159, 126, 213, 110, 227, 244,
       249, 191, 239, 223, 117, 166, 199, 247, 198, 253, 153, 85, 111,
