%YAML:1.0
---
descriptors: !!opencv-matrix
   rows: 276
   cols: 32
   dt: u
   data: [ 49, 165, 113, 76, 244, 79, 71, 125, 81, 172, 124, 106, 18,
       113, 148, 52, 122, 220, 6, 106, 219, 178, 101, 223, 63, 156, 37,
       44, 119, 170, 214, 165, 86, 127, 205, 164, 154, 2, 14, 190, 162,
       252, 138, 237, 99, 230, 195, 83, 37, 197, 237, 245, 236, 75, 199,
       40, 248, 2, 237, 188, 172, 244, 134, 88, 24, 63, 138, 161, 133,
       164, 168, 87, 166, 165, 140, 135, 143, 163, 98, 8, 233, 47, 203,
       145, 24, 25, 144, 128, 232, 197, 159, 109, 168, 80, 187, 146, 253,
       75, 104, 236, 53, 15, 79, 180, 65, 236, 180, 79, 83, 9, 23, 17,
       220, 228, 85, 238, 236, 42, 81, 190, 243, 249, 133, 52, 127, 191,
       90, 88, 169, 92, 111, 205, 116, 86, 111, 112, 117, 206, 246, 230,
       113, 85, 147, 53, 126, 236, 23, 238, 233, 150, 117, 110, 102, 43,
       224, 128, 47, 187, 114, 241, 145, 203, 27, 217, 52, 131, 231, 252,
       84, 8, 80, 102, 177, 193, 184, 97, 122, 42, 6, 236, 195, 184, 36,
       189, 164, 136, 170, 128, 60, 152, 113, 169, 66, 220, 102, 158,
       119, 212, 186, 235, 27, 62, 91, 35, 108, 252, 55, 1, 255, 255,
       179, 131, 166, 254, 154, 253, 53, 58, 218, 171, 133, 14, 119, 207,
       54, 178, 232, 147, 223, 189, 176, 75, 31, 125, 213, 191, 40, 252,
       94, 140, 253, 155, 215, 17, 182, 126, 250, 243, 31, 85, 153, 239,
       199, 77, 222, 215, 39, 162, 186, 150, 235, 53, 184, 91, 91, 191,
       29, 127, 76, 248, 254, 142, 159, 107, 183, 23, 150, 87, 170, 194,
       30, 95, 255, 191, 199, 109, 43, 199, 231, 24, 230, 30, 127, 220,
       186, 72, 239, 94, 119, 187, 108, 220, 182, 242, 230, 179, 251,
       135, 166, 23, 47, 255, 23, 62, 26, 139, 87, 167, 125, 87, 175,
       170, 208, 89, 237, 189, 216, 218, 91, 59, 53, 120, 8, 218, 223,
       188, 223, 72, 230, 28, 150, 102, 238, 242, 14, 88, 17, 254, 219,
       197, 74, 133, 110, 156, 102, 202, 127, 215, 250, 104, 127, 108,
       123, 11, 104, 222, 62, 213, 255, 211, 151, 167, 182, 119, 29, 255,
       63, 62, 139, 135, 87, 7, 124, 215, 74, 22, 190, 254, 109, 116, 61,
       18, 173, 94, 223, 119, 248, 191, 167, 107, 229, 55, 255, 135, 132,
       133, 179, 194, 87, 255, 250, 139, 130, 245, 37, 83, 135, 118, 246,
       216, 239, 114, 28, 216, 221, 94, 149, 183, 12, 238, 231, 239, 255,
       201, 159, 134, 149, 199, 110, 194, 22, 120, 203, 223, 174, 253,
       60, 85, 45, 54, 244, 69, 230, 58, 236, 19, 121, 234, 126, 228, 89,
       40, 215, 190, 63, 239, 54, 172, 133, 240, 245, 200, 14, 255, 117,
       128, 239, 244, 74, 157, 143, 31, 113, 179, 229, 84, 189, 18, 121,
       239, 119, 247, 200, 29, 214, 141, 191, 105, 183, 119, 241, 244,
       239, 226, 78, 219, 239, 166, 207, 239, 223, 241, 61, 85, 106, 195,
       84, 86, 251, 112, 69, 236, 127, 2, 89, 29, 191, 32, 122, 156, 151,
       250, 200, 178, 53, 206, 127, 141, 161, 196, 103, 139, 124, 241,
       52, 140, 234, 75, 221, 251, 194, 202, 71, 165, 249, 2, 98, 232,
       125, 160, 121, 238, 2, 27, 158, 179, 125, 170, 59, 46, 133, 71,
       245, 123, 126, 134, 154, 223, 107, 172, 254, 2, 239, 247, 132, 78,
       216, 231, 121, 175, 176, 66, 126, 247, 31, 239, 225, 155, 4, 239,
       244, 165, 174, 136, 61, 250, 181, 249, 155, 219, 103, 173, 174, 3,
       239, 253, 132, 92, 218, 231, 177, 143, 176, 65, 126, 233, 55, 239,
       201, 155, 38, 249, 240, 225, 238, 132, 61, 186, 176, 249, 122, 80,
       246, 229, 101, 22, 252, 125, 53, 172, 247, 7, 74, 28, 54, 214,
       254, 213, 183, 163, 76, 247, 177, 204, 147, 251, 195, 199, 103,
       188, 252, 223, 191, 39, 230, 49, 246, 63, 236, 211, 125, 250, 122,
       215, 91, 40, 151, 169, 63, 206, 23, 189, 189, 240, 69, 136, 78,
       75, 229, 132, 239, 253, 218, 213, 89, 140, 63, 109, 48, 174, 91,
       55, 52, 11, 218, 209, 255, 63, 144, 112, 183, 183, 125, 141, 184,
       156, 1, 15, 225, 239, 58, 128, 164, 192, 161, 41, 18, 158, 239,
       127, 182, 98, 125, 55, 53, 71, 90, 227, 121, 63, 148, 112, 119,
       255, 53, 133, 129, 152, 37, 239, 230, 238, 250, 130, 37, 224, 244,
       123, 191, 23, 96, 177, 244, 63, 238, 248, 21, 235, 209, 255, 65,
       40, 159, 141, 127, 206, 23, 191, 189, 182, 77, 158, 190, 207, 171,
       228, 191, 237, 218, 213, 34, 58, 147, 185, 96, 172, 112, 83, 63,
       217, 114, 245, 166, 138, 228, 24, 231, 43, 38, 16, 151, 252, 130,
       64, 140, 176, 112, 194, 200, 136, 10, 159, 62, 17, 118, 229, 85,
       118, 250, 76, 5, 236, 251, 3, 75, 28, 63, 196, 248, 157, 183, 227,
       28, 179, 17, 204, 147, 248, 130, 199, 103, 175, 124, 215, 5, 143,
       157, 187, 164, 111, 71, 191, 86, 43, 90, 64, 247, 115, 41, 104,
       217, 66, 46, 106, 121, 184, 89, 191, 237, 151, 247, 84, 144, 123,
       208, 10, 237, 124, 227, 69, 116, 126, 227, 24, 96, 232, 122, 106,
       147, 152, 213, 180, 126, 204, 86, 126, 169, 182, 245, 10, 38, 236,
       161, 160, 239, 251, 82, 181, 154, 156, 23, 252, 155, 224, 52, 103,
       158, 23, 202, 19, 44, 247, 32, 201, 225, 187, 171, 128, 50, 207,
       18, 247, 241, 231, 218, 75, 147, 68, 165, 26, 37, 183, 232, 65,
       246, 47, 239, 127, 113, 235, 125, 254, 83, 45, 158, 48, 127, 206,
       23, 188, 185, 186, 101, 78, 126, 143, 165, 196, 237, 250, 242,
       241, 218, 241, 63, 250, 59, 192, 53, 229, 175, 81, 71, 50, 188,
       215, 104, 98, 163, 57, 251, 144, 83, 77, 186, 209, 249, 241, 30,
       203, 2, 2, 167, 243, 108, 105, 253, 227, 229, 109, 245, 199, 43,
       189, 58, 41, 142, 189, 77, 26, 171, 223, 231, 83, 18, 112, 155,
       240, 95, 221, 37, 231, 192, 91, 215, 195, 26, 141, 255, 254, 147,
       224, 61, 231, 190, 7, 70, 179, 109, 255, 32, 73, 103, 251, 187,
       128, 50, 217, 2, 239, 251, 231, 218, 67, 183, 65, 165, 42, 37,
       215, 115, 73, 246, 131, 239, 253, 85, 104, 121, 230, 81, 69, 188,
       36, 126, 154, 22, 238, 241, 178, 109, 223, 36, 12, 165, 132, 127,
       250, 240, 181, 40, 181, 16, 251, 221, 239, 49, 111, 23, 53, 109,
       24, 158, 55, 74, 228, 201, 30, 162, 16, 26, 58, 121, 181, 207,
       215, 18, 103, 146, 15, 132, 242, 6, 157, 80, 153, 245, 253, 186,
       226, 15, 5, 120, 3, 172, 218, 54, 132, 234, 59, 151, 209, 22, 184,
       88, 253, 45, 20, 138, 227, 213, 13, 221, 150, 75, 183, 243, 194,
       253, 252, 185, 155, 171, 89, 61, 108, 188, 255, 222, 182, 167, 27,
       255, 145, 151, 9, 186, 241, 15, 93, 62, 238, 142, 198, 163, 127,
       75, 191, 120, 227, 254, 185, 186, 23, 235, 105, 28, 239, 189, 190,
       214, 32, 167, 59, 223, 149, 151, 40, 164, 245, 110, 93, 174, 250,
       143, 134, 139, 221, 104, 125, 120, 101, 116, 111, 127, 55, 105,
       206, 126, 12, 255, 55, 130, 48, 22, 238, 68, 110, 232, 184, 241,
       46, 231, 253, 36, 128, 66, 242, 206, 251, 97, 143, 125, 101, 180,
       10, 111, 63, 116, 170, 126, 108, 243, 33, 144, 49, 26, 230, 108,
       44, 249, 248, 101, 14, 236, 175, 101, 128, 109, 250, 194, 41, 49,
       75, 106, 204, 100, 18, 207, 244, 197, 196, 222, 230, 115, 201,
       183, 96, 88, 228, 22, 238, 201, 179, 44, 172, 114, 105, 229, 128,
       63, 187, 112, 248, 77, 241, 28, 190, 60, 143, 87, 152, 166, 168,
       15, 45, 255, 211, 75, 16, 150, 116, 125, 106, 66, 65, 218, 61,
       229, 205, 37, 60, 10, 179, 9, 3, 96, 124, 151, 124, 203, 239, 55,
       230, 255, 226, 232, 8, 190, 177, 37, 49, 161, 127, 106, 2, 97,
       111, 178, 127, 177, 190, 85, 59, 72, 112, 7, 170, 203, 188, 63,
       91, 249, 252, 184, 23, 170, 89, 53, 116, 188, 159, 198, 255, 135,
       51, 223, 16, 183, 77, 178, 247, 15, 121, 58, 234, 202, 4, 139,
       253, 188, 252, 117, 236, 125, 79, 94, 248, 17, 232, 240, 79, 107,
       93, 21, 145, 222, 221, 149, 103, 234, 246, 217, 191, 243, 249,
       165, 190, 119, 189, 114, 251, 130, 168, 146, 159, 37, 243, 188,
       230, 30, 135, 82, 18, 236, 254, 100, 196, 251, 123, 163, 129, 34,
       252, 10, 251, 13, 22, 223, 3, 22, 108, 37, 143, 31, 252, 227, 186,
       85, 215, 250, 212, 23, 75, 213, 3, 72, 222, 63, 164, 255, 233,
