%YAML:1.0
---
descriptors: !!opencv-matrix
   rows: 169
   cols: 32
   dt: u
   data: [ 120, 185, 184, 250, 169, 253, 80, 207, 171, 61, 172, 9, 47,
       255, 66, 154, 129, 187, 253, 16, 30, 75, 250, 177, 219, 213, 23,
       123, 146, 64, 143, 75, 144, 222, 63, 191, 42, 140, 61, 183, 190,
       91, 150, 245, 247, 247, 162, 99, 167, 51, 125, 0, 227, 205, 35,
       49, 226, 227, 126, 144, 24, 80, 165, 123, 145, 159, 239, 253, 182,
       38, 105, 183, 118, 91, 222, 246, 241, 111, 176, 105, 127, 238, 62,
       140, 185, 248, 101, 47, 206, 175, 247, 192, 173, 232, 240, 121,
       53, 71, 123, 79, 116, 15, 207, 248, 84, 8, 125, 66, 115, 81, 185,
       96, 94, 200, 22, 110, 201, 178, 109, 31, 103, 173, 33, 4, 125,
       187, 112, 161, 52, 221, 73, 234, 84, 199, 71, 252, 4, 64, 125, 78,
       115, 213, 184, 16, 88, 248, 23, 234, 75, 178, 120, 61, 119, 137,
       165, 44, 125, 155, 118, 184, 17, 29, 111, 236, 22, 226, 235, 112,
       196, 64, 223, 230, 81, 199, 176, 96, 126, 160, 31, 238, 137, 179,
       36, 140, 240, 169, 162, 128, 61, 171, 112, 113, 41, 105, 105, 109,
       124, 159, 111, 84, 70, 232, 124, 76, 59, 13, 147, 176, 94, 236,
       87, 78, 195, 186, 117, 62, 102, 205, 161, 160, 127, 155, 90, 248,
       14, 48, 163, 129, 197, 245, 185, 65, 15, 205, 89, 19, 140, 222,
       126, 44, 217, 57, 147, 145, 23, 178, 114, 192, 15, 84, 155, 111,
       146, 14, 181, 214, 168, 217, 112, 75, 117, 219, 250, 116, 85, 4,
       117, 131, 59, 205, 182, 32, 126, 184, 135, 74, 202, 186, 117, 255,
       103, 221, 32, 129, 119, 142, 124, 155, 223, 118, 102, 101, 39, 50,
       122, 120, 241, 206, 215, 231, 73, 95, 151, 239, 118, 236, 253,
       238, 236, 213, 165, 142, 86, 235, 227, 129, 47, 247, 124, 117, 39,
       178, 162, 26, 109, 189, 176, 74, 191, 95, 245, 125, 172, 220, 110,
       173, 173, 27, 215, 21, 150, 99, 186, 241, 31, 94, 90, 239, 219,
       77, 191, 215, 42, 249, 243, 220, 253, 213, 191, 206, 207, 237, 88,
       137, 172, 156, 118, 164, 142, 123, 215, 213, 214, 107, 178, 243,
       63, 28, 158, 187, 87, 28, 151, 255, 10, 217, 50, 153, 199, 215,
       188, 231, 61, 77, 82, 3, 172, 158, 38, 197, 234, 27, 147, 193, 86,
       186, 19, 253, 191, 82, 158, 67, 67, 12, 173, 223, 11, 154, 251,
       89, 50, 250, 25, 19, 63, 77, 119, 244, 253, 54, 150, 124, 55, 191,
       61, 157, 183, 220, 37, 95, 200, 47, 58, 192, 140, 132, 37, 125,
       19, 223, 111, 158, 242, 130, 63, 247, 189, 65, 94, 231, 125, 239,
       178, 100, 103, 251, 63, 141, 225, 153, 36, 239, 114, 46, 190, 128,
       47, 214, 161, 121, 41, 191, 122, 121, 245, 157, 127, 247, 115, 73,
       124, 76, 63, 191, 192, 52, 191, 122, 150, 88, 147, 58, 48, 183,
       111, 221, 52, 234, 74, 154, 194, 187, 51, 255, 107, 234, 254, 129,
       207, 252, 215, 72, 252, 238, 123, 237, 188, 32, 126, 203, 23, 239,
       251, 171, 46, 255, 122, 204, 175, 236, 127, 138, 242, 185, 130,
       173, 178, 159, 165, 130, 188, 231, 126, 143, 82, 51, 204, 250,
       100, 64, 251, 107, 3, 129, 112, 248, 10, 226, 12, 22, 223, 131,
       132, 120, 161, 199, 155, 200, 235, 251, 86, 211, 235, 223, 31,
       115, 86, 210, 61, 223, 185, 104, 127, 139, 23, 159, 163, 188, 45,
       243, 222, 207, 186, 128, 63, 137, 49, 248, 218, 93, 54, 174, 45,
       84, 94, 44, 173, 78, 255, 45, 111, 254, 38, 214, 230, 247, 253,
       102, 236, 15, 179, 239, 179, 251, 74, 155, 50, 126, 172, 95, 210,
       159, 63, 184, 170, 197, 157, 247, 158, 95, 148, 255, 181, 255, 34,
       65, 239, 51, 255, 129, 243, 11, 50, 245, 251, 195, 254, 251, 24,
       8, 165, 251, 77, 48, 241, 101, 100, 110, 233, 18, 120, 234, 123,
       68, 223, 61, 209, 59, 23, 76, 118, 47, 129, 240, 225, 64, 68, 187,
       115, 132, 204, 225, 83, 241, 26, 121, 182, 204, 61, 86, 190, 78,
       237, 204, 222, 3, 172, 158, 39, 226, 254, 253, 255, 227, 204, 163,
       179, 232, 243, 121, 143, 11, 2, 60, 45, 95, 79, 31, 239, 197, 182,
       178, 251, 18, 189, 237, 222, 247, 157, 175, 183, 110, 102, 255,
       255, 157, 177, 217, 165, 202, 214, 127, 170, 130, 143, 229, 39,
       241, 53, 83, 107, 206, 118, 130, 207, 112, 81, 200, 85, 230, 81,
       220, 188, 100, 126, 236, 22, 239, 201, 178, 36, 142, 48, 44, 163,
       132, 45, 187, 112, 245, 8, 150, 120, 225, 180, 249, 123, 159, 127,
       125, 60, 63, 159, 63, 206, 48, 135, 19, 95, 24, 147, 56, 105, 247,
       238, 221, 35, 247, 254, 200, 197, 243, 155, 159, 126, 253, 183,
       214, 121, 115, 85, 77, 222, 118, 121, 255, 190, 229, 126, 187,
       191, 172, 253, 155, 55, 223, 247, 239, 170, 194, 63, 140, 173,
       255, 187, 157, 127, 217, 191, 247, 251, 251, 87, 77, 222, 54, 121,
       223, 190, 228, 253, 186, 151, 188, 191, 155, 119, 223, 247, 239,
       170, 194, 63, 140, 252, 247, 53, 65, 97, 69, 116, 94, 231, 48,
       117, 224, 250, 66, 83, 21, 149, 244, 122, 204, 22, 106, 201, 176,
       117, 14, 37, 172, 160, 0, 103, 187, 82, 164, 168, 209, 118, 75,
       117, 223, 251, 120, 85, 36, 117, 3, 107, 93, 190, 36, 126, 184,
       135, 234, 194, 178, 125, 255, 103, 89, 128, 3, 119, 142, 124, 158,
       3, 73, 38, 159, 125, 214, 254, 96, 221, 72, 214, 131, 104, 220,
       183, 100, 248, 169, 187, 231, 229, 151, 39, 239, 55, 126, 138,
       139, 23, 190, 56, 221, 216, 92, 191, 189, 42, 236, 29, 150, 174,
       91, 150, 117, 255, 255, 35, 123, 231, 119, 253, 193, 171, 205,
       179, 49, 195, 243, 122, 147, 24, 81, 37, 123, 134, 189, 34, 159,
       231, 166, 184, 224, 63, 77, 83, 179, 236, 254, 61, 77, 255, 127,
       179, 133, 178, 214, 138, 247, 29, 54, 219, 203, 133, 69, 53, 215,
       160, 213, 115, 69, 118, 79, 239, 117, 85, 104, 118, 242, 83, 21,
       148, 52, 126, 156, 22, 234, 241, 190, 117, 207, 55, 46, 176, 192,
       119, 152, 246, 253, 37, 109, 113, 77, 116, 15, 239, 252, 84, 168,
       124, 66, 83, 113, 181, 36, 126, 72, 6, 110, 193, 178, 109, 31,
       116, 140, 37, 4, 125, 251, 112, 169, 37, 255, 97, 73, 244, 135,
       239, 253, 87, 40, 120, 66, 48, 81, 180, 36, 92, 122, 18, 126, 211,
       186, 108, 255, 44, 28, 165, 236, 93, 155, 240, 173, 63, 211, 107,
       76, 230, 18, 239, 248, 81, 64, 245, 230, 89, 108, 191, 228, 126,
       204, 55, 239, 205, 178, 175, 255, 50, 109, 165, 140, 127, 191,
       242, 245, 185, 105, 105, 77, 116, 159, 239, 247, 86, 232, 244, 78,
       187, 17, 150, 32, 104, 232, 86, 76, 235, 190, 229, 63, 102, 137,
       164, 176, 127, 152, 218, 248, 125, 219, 105, 104, 238, 23, 79,
       248, 67, 236, 244, 238, 91, 77, 151, 53, 126, 196, 21, 238, 201,
       50, 109, 156, 122, 235, 165, 244, 119, 191, 112, 113, 10, 164,
       196, 147, 183, 251, 184, 39, 190, 177, 155, 179, 236, 254, 76,
       207, 107, 59, 251, 145, 50, 220, 79, 246, 140, 87, 222, 195, 135,
       78, 189, 254, 6, 234, 246, 184, 109, 185, 152, 200, 175, 93, 145,
       189, 140, 204, 255, 138, 143, 73, 223, 85, 150, 103, 174, 241,
       154, 89, 91, 255, 212, 29, 47, 215, 207, 107, 244, 192, 238, 25,
       92, 157, 239, 190, 148, 238, 205, 138, 215, 255, 38, 197, 255,
       255, 196, 65, 239, 208, 62, 89, 239, 191, 63, 245, 217, 77, 108,
       251, 16, 186, 61, 221, 195, 184, 203, 124, 189, 44, 174, 211, 194,
       132, 136, 40, 204, 67, 79, 40, 234, 181, 230, 213, 161, 187, 90,
       15, 95, 211, 79, 51, 253, 195, 42, 95, 187, 24, 15, 252, 21, 237,
       221, 94, 222, 239, 150, 85, 255, 127, 197, 80, 125, 208, 78, 91,
       111, 182, 30, 167, 1, 117, 129, 25, 107, 237, 164, 203, 111, 55,
       116, 104, 214, 226, 179, 7, 144, 96, 110, 174, 62, 206, 233, 184,
       101, 63, 228, 169, 166, 128, 44, 184, 240, 185, 75, 151, 119, 109,
       114, 170, 187, 51, 169, 73, 95, 229, 253, 111, 156, 112, 183, 55,
       253, 165, 177, 152, 37, 207, 110, 127, 42, 192, 142, 134, 165,
       113, 207, 123, 229, 5, 50, 30, 175, 152, 40, 232, 86, 228, 221,
       14, 151, 246, 22, 101, 117, 239, 229, 148, 237, 238, 38, 123, 175,
       132, 47, 183, 3, 117, 53, 199, 107, 232, 254, 131, 207, 253, 87,
