%YAML:1.0
---
descriptors: !!opencv-matrix
   rows: 149
   cols: 32
   dt: u
   data: [ 21, 78, 107, 226, 246, 139, 239, 242, 125, 194, 250, 238, 27,
       233, 181, 112, 127, 232, 55, 207, 217, 187, 6, 238, 242, 206, 167,
       200, 109, 171, 113, 145, 94, 207, 142, 180, 141, 32, 94, 167, 147,
       182, 142, 27, 111, 227, 91, 75, 65, 231, 233, 143, 124, 75, 207,
       167, 250, 231, 207, 85, 166, 252, 184, 2, 161, 191, 121, 197, 36,
       63, 109, 55, 117, 232, 126, 108, 183, 53, 144, 165, 12, 126, 116,
       40, 209, 248, 225, 141, 174, 249, 96, 224, 78, 136, 210, 189, 45,
       167, 84, 71, 113, 31, 102, 184, 105, 168, 127, 236, 203, 96, 140,
       180, 30, 196, 198, 110, 213, 176, 77, 45, 38, 255, 33, 22, 75,
       175, 202, 165, 157, 63, 62, 178, 166, 223, 51, 176, 229, 204, 150,
       167, 255, 92, 147, 169, 38, 243, 254, 119, 253, 237, 55, 238, 250,
       91, 101, 194, 111, 175, 45, 117, 161, 69, 125, 69, 116, 15, 111,
       56, 101, 160, 118, 64, 243, 17, 145, 53, 126, 220, 70, 106, 233,
       176, 101, 12, 102, 168, 33, 4, 111, 170, 66, 169, 63, 231, 96, 3,
       203, 27, 254, 237, 75, 244, 61, 175, 107, 76, 223, 181, 63, 205,
       198, 246, 196, 114, 236, 188, 62, 89, 5, 255, 103, 190, 222, 204,
       43, 140, 50, 187, 213, 255, 122, 207, 31, 79, 92, 19, 237, 254,
       42, 224, 217, 187, 151, 21, 55, 184, 56, 191, 175, 223, 151, 67,
       186, 204, 152, 222, 57, 83, 99, 69, 84, 78, 231, 53, 100, 104,
       254, 230, 115, 21, 148, 100, 124, 220, 22, 238, 201, 176, 117, 14,
       52, 236, 160, 128, 111, 186, 116, 249, 2, 148, 146, 155, 211, 164,
       56, 67, 60, 15, 75, 18, 172, 246, 40, 72, 247, 27, 147, 144, 50,
       156, 17, 215, 13, 54, 26, 194, 144, 68, 165, 147, 6, 234, 150,
       146, 203, 241, 188, 196, 159, 183, 129, 155, 140, 238, 110, 31,
       171, 123, 235, 147, 22, 71, 154, 240, 157, 82, 95, 127, 144, 95,
       175, 198, 48, 201, 11, 158, 93, 205, 71, 229, 132, 68, 228, 14,
       98, 224, 39, 212, 200, 234, 2, 66, 73, 43, 58, 61, 49, 36, 4, 26,
       89, 58, 244, 254, 189, 89, 123, 237, 100, 94, 75, 240, 69, 72,
       246, 70, 91, 29, 49, 113, 248, 156, 23, 238, 201, 183, 113, 140,
       243, 249, 224, 132, 127, 187, 112, 241, 118, 173, 156, 30, 141,
       189, 212, 207, 251, 179, 160, 88, 98, 248, 116, 155, 201, 227,
       104, 17, 62, 107, 202, 49, 153, 246, 85, 123, 209, 120, 202, 14,
       164, 224, 248, 219, 236, 203, 213, 216, 87, 127, 53, 50, 210, 209,
       239, 41, 217, 8, 6, 90, 106, 102, 107, 177, 78, 26, 245, 127, 210,
       153, 212, 227, 126, 253, 162, 22, 219, 85, 151, 252, 187, 255,
       189, 175, 104, 252, 222, 150, 189, 255, 213, 247, 255, 103, 186,
       234, 59, 86, 13, 191, 203, 119, 190, 223, 210, 206, 238, 221, 54,
       34, 238, 179, 126, 43, 90, 242, 209, 43, 180, 98, 119, 231, 61,
       140, 224, 156, 5, 107, 102, 175, 254, 128, 53, 240, 209, 1, 134,
       112, 146, 154, 107, 229, 184, 200, 158, 27, 81, 50, 140, 222, 111,
       73, 183, 27, 147, 211, 34, 85, 154, 243, 5, 16, 90, 239, 144, 83,
       173, 151, 49, 79, 107, 239, 214, 11, 239, 248, 125, 192, 248, 230,
       123, 105, 189, 112, 126, 234, 23, 236, 201, 186, 101, 237, 246,
       237, 166, 128, 109, 187, 114, 185, 254, 156, 164, 190, 137, 116,
       21, 175, 147, 183, 142, 25, 234, 231, 75, 219, 193, 246, 233, 144,
       120, 79, 219, 162, 235, 247, 221, 91, 130, 124, 148, 122, 38, 209,
       116, 202, 239, 69, 158, 200, 203, 248, 185, 43, 72, 220, 127, 7,
       222, 209, 215, 227, 206, 99, 90, 225, 49, 24, 205, 191, 85, 127,
       254, 199, 221, 70, 222, 229, 160, 42, 93, 26, 48, 162, 150, 209,
       215, 35, 65, 91, 102, 229, 125, 174, 40, 213, 193, 10, 210, 235,
       239, 144, 172, 241, 41, 33, 2, 149, 18, 139, 151, 226, 178, 105,
       12, 13, 91, 51, 204, 118, 40, 68, 247, 27, 147, 177, 54, 152, 25,
       223, 45, 54, 154, 67, 148, 66, 165, 3, 10, 172, 186, 184, 245,
       251, 112, 207, 31, 79, 84, 51, 60, 255, 114, 192, 249, 59, 151,
       17, 54, 190, 42, 255, 111, 95, 183, 235, 146, 76, 253, 203, 34,
       141, 70, 190, 93, 146, 150, 231, 221, 0, 216, 67, 96, 234, 37,
       196, 216, 235, 130, 67, 110, 171, 10, 191, 50, 118, 138, 11, 21,
       14, 120, 142, 201, 63, 151, 213, 36, 254, 109, 51, 252, 202, 90,
       84, 184, 54, 150, 114, 132, 102, 126, 12, 245, 205, 49, 235, 71,
       191, 240, 128, 8, 232, 80, 125, 57, 83, 99, 77, 116, 94, 239, 113,
       117, 104, 250, 230, 83, 20, 148, 228, 124, 188, 22, 238, 201, 178,
       117, 13, 54, 236, 160, 128, 127, 170, 112, 245, 0, 24, 159, 253,
       94, 239, 99, 106, 158, 136, 90, 2, 118, 247, 32, 64, 240, 56, 59,
       8, 17, 185, 19, 95, 221, 166, 35, 8, 16, 43, 37, 34, 9, 71, 83,
       173, 242, 47, 236, 127, 124, 162, 122, 78, 252, 34, 145, 209, 62,
       143, 22, 45, 225, 186, 21, 94, 116, 14, 118, 4, 93, 208, 163, 169,
       230, 249, 158, 146, 201, 229, 182, 196, 143, 183, 169, 25, 172,
       238, 111, 10, 233, 251, 235, 211, 86, 71, 154, 240, 189, 16, 95,
       123, 144, 127, 167, 214, 2, 148, 22, 155, 147, 228, 180, 111, 156,
       19, 67, 51, 236, 246, 40, 73, 247, 19, 187, 129, 50, 216, 27, 247,
       41, 50, 90, 195, 144, 68, 173, 27, 48, 223, 122, 254, 254, 195,
       119, 255, 87, 132, 254, 34, 119, 249, 168, 96, 123, 250, 6, 98,
       120, 187, 104, 191, 250, 167, 39, 65, 53, 250, 252, 171, 230, 253,
       146, 154, 201, 229, 151, 206, 155, 159, 168, 25, 172, 254, 101,
       26, 205, 243, 235, 211, 114, 111, 218, 243, 185, 20, 31, 123, 144,
       125, 167, 246, 130, 158, 251, 217, 244, 243, 177, 223, 30, 15, 84,
       51, 188, 159, 38, 72, 251, 58, 151, 16, 54, 190, 34, 255, 79, 31,
       182, 235, 148, 136, 245, 235, 161, 10, 92, 85, 100, 30, 105, 50,
       124, 170, 118, 84, 179, 1, 147, 59, 6, 36, 102, 14, 225, 244, 65,
       78, 70, 187, 112, 0, 72, 160, 74, 137, 36, 159, 115, 90, 180, 243,
       231, 247, 221, 140, 250, 96, 98, 252, 180, 164, 217, 122, 6, 42,
       249, 187, 40, 255, 41, 222, 39, 66, 211, 250, 244, 109, 35, 157,
       59, 30, 217, 205, 151, 247, 142, 72, 104, 12, 182, 244, 38, 100,
       196, 59, 18, 69, 215, 43, 50, 125, 41, 60, 4, 122, 88, 10, 133,
       254, 87, 192, 35, 138, 155, 247, 186, 204, 63, 69, 195, 151, 77,
       206, 63, 252, 119, 137, 59, 149, 151, 7, 61, 215, 155, 126, 155,
       204, 149, 23, 161, 84, 246, 221, 112, 198, 191, 119, 222, 236,
       217, 230, 185, 11, 74, 124, 63, 135, 223, 211, 221, 103, 236, 103,
       24, 254, 59, 94, 141, 63, 247, 255, 254, 70, 35, 143, 71, 190, 94,
       131, 134, 109, 220, 0, 216, 227, 100, 234, 36, 65, 216, 235, 10,
       99, 100, 171, 14, 255, 48, 38, 139, 11, 29, 42, 48, 140, 246, 237,
       242, 244, 221, 95, 222, 232, 155, 166, 180, 11, 106, 237, 119, 23,
       253, 245, 223, 227, 108, 103, 186, 254, 187, 222, 197, 63, 71,
       125, 118, 70, 75, 91, 123, 92, 122, 215, 59, 62, 143, 204, 92,
       231, 57, 255, 167, 100, 54, 127, 191, 228, 133, 8, 166, 223, 102,
       125, 171, 170, 54, 180, 5, 125, 36, 219, 120, 79, 58, 139, 151,
       156, 94, 12, 116, 238, 115, 97, 173, 4, 30, 80, 6, 106, 194, 32,
       106, 63, 98, 140, 33, 188, 127, 187, 69, 185, 133, 183, 121, 227,
       244, 15, 111, 145, 116, 105, 123, 242, 147, 119, 152, 112, 127,
       158, 94, 62, 179, 184, 109, 62, 236, 141, 167, 228, 109, 250, 193,
       241, 159, 255, 245, 87, 163, 127, 31, 190, 247, 254, 190, 181,
       250, 125, 143, 175, 151, 118, 253, 86, 253, 201, 63, 174, 235, 95,
       117, 151, 230, 247, 198, 119, 217, 66, 239, 231, 36, 10, 111, 60,
       100, 202, 247, 230, 211, 107, 153, 115, 126, 197, 61, 239, 233,
       244, 237, 136, 246, 235, 227, 132, 45, 179, 96, 41, 195, 17, 111,
       197, 100, 6, 237, 49, 96, 200, 87, 70, 81, 30, 156, 97, 118, 132,
       23, 239, 225, 144, 53, 204, 100, 41, 234, 128, 45, 162, 112, 245,
       190, 82, 230, 69, 55, 94, 95, 61, 117, 230, 246, 171, 75, 61, 23,
       189, 254, 220, 245, 110, 236, 246, 253, 142, 255, 255, 197, 151,
