%YAML:1.0
---
descriptors: !!opencv-matrix
   rows: 181
   cols: 32
   dt: u
   data: [ 166, 178, 232, 147, 223, 189, 176, 75, 31, 125, 213, 191, 168,
       220, 94, 140, 253, 155, 215, 145, 190, 126, 122, 243, 31, 87, 153,
       235, 199, 13, 158, 215, 218, 237, 147, 220, 203, 192, 53, 231,
       187, 15, 236, 56, 44, 183, 32, 86, 163, 251, 239, 128, 98, 79,
       162, 99, 251, 245, 94, 59, 2, 80, 167, 235, 47, 55, 224, 129, 244,
       63, 236, 83, 123, 235, 122, 223, 27, 40, 215, 185, 63, 206, 23,
       189, 189, 242, 85, 200, 46, 94, 165, 164, 239, 253, 218, 213, 107,
       241, 184, 68, 125, 93, 215, 125, 75, 236, 188, 44, 190, 221, 214,
       52, 158, 126, 213, 120, 207, 106, 242, 173, 127, 221, 5, 191, 66,
       174, 222, 255, 45, 120, 225, 69, 100, 110, 235, 18, 105, 232, 126,
       72, 147, 149, 213, 182, 126, 236, 118, 122, 129, 176, 245, 128,
       12, 252, 33, 224, 231, 235, 82, 241, 165, 55, 248, 97, 244, 47,
       111, 87, 113, 239, 127, 252, 83, 45, 154, 48, 127, 204, 23, 60,
       185, 186, 117, 78, 126, 175, 52, 196, 237, 250, 194, 241, 19, 157,
       99, 143, 246, 230, 175, 119, 28, 64, 90, 230, 253, 230, 176, 96,
       126, 171, 22, 140, 211, 152, 53, 255, 172, 44, 170, 192, 53, 142,
       161, 253, 11, 141, 122, 203, 246, 179, 251, 247, 94, 65, 92, 130,
       189, 254, 178, 96, 126, 59, 151, 28, 151, 152, 52, 255, 111, 93,
       170, 233, 183, 142, 169, 249, 218, 241, 123, 250, 251, 192, 57,
       69, 175, 81, 71, 178, 252, 215, 104, 99, 167, 57, 251, 144, 83,
       79, 170, 209, 249, 193, 95, 235, 52, 2, 167, 243, 36, 151, 113,
       73, 246, 3, 239, 125, 84, 40, 125, 230, 81, 69, 188, 52, 126, 152,
       22, 238, 241, 178, 109, 95, 124, 140, 165, 228, 127, 186, 226,
       177, 161, 215, 115, 79, 118, 3, 239, 252, 85, 8, 112, 230, 113,
       65, 189, 37, 126, 72, 6, 238, 225, 178, 109, 127, 36, 46, 33, 132,
       127, 186, 240, 161, 48, 231, 113, 76, 244, 79, 71, 125, 81, 172,
       124, 42, 114, 81, 148, 52, 126, 222, 6, 104, 219, 186, 101, 95,
       127, 156, 37, 104, 119, 170, 198, 161, 8, 185, 114, 249, 115, 220,
       122, 183, 175, 77, 126, 33, 174, 159, 6, 208, 166, 59, 215, 64,
       22, 184, 50, 245, 239, 253, 18, 195, 66, 132, 143, 219, 75, 251,
       144, 135, 56, 140, 186, 180, 170, 173, 154, 205, 172, 142, 70, 66,
       132, 119, 253, 221, 198, 9, 195, 225, 173, 60, 62, 250, 0, 7, 9,
       13, 249, 75, 104, 108, 37, 15, 78, 180, 65, 236, 180, 79, 83, 9,
       23, 17, 220, 228, 21, 110, 236, 54, 85, 188, 243, 251, 225, 148,
       127, 191, 88, 88, 2, 173, 16, 137, 247, 249, 186, 194, 15, 13, 92,
       3, 172, 170, 119, 132, 175, 59, 147, 81, 22, 56, 64, 253, 47, 20,
       10, 235, 215, 77, 15, 207, 169, 124, 110, 205, 116, 86, 111, 120,
       113, 206, 212, 166, 81, 23, 147, 177, 126, 252, 23, 238, 233, 214,
       117, 142, 103, 43, 224, 132, 47, 176, 118, 249, 47, 50, 186, 150,
       235, 53, 152, 90, 27, 191, 157, 127, 76, 252, 222, 174, 157, 95,
       247, 23, 150, 119, 234, 194, 30, 95, 249, 191, 207, 109, 27, 215,
       126, 20, 245, 237, 175, 126, 221, 31, 29, 255, 190, 183, 206, 61,
       28, 239, 207, 151, 253, 53, 184, 224, 115, 194, 131, 255, 220,
       215, 199, 252, 149, 119, 175, 162, 208, 88, 237, 185, 216, 202,
       91, 63, 53, 56, 136, 202, 223, 191, 203, 72, 198, 28, 182, 102,
       238, 242, 30, 89, 81, 127, 211, 197, 74, 133, 190, 125, 32, 18,
       219, 213, 150, 233, 151, 134, 128, 27, 98, 220, 79, 133, 57, 248,
       195, 243, 110, 103, 94, 62, 57, 4, 141, 59, 115, 62, 94, 206, 25,
       219, 111, 173, 166, 131, 239, 245, 4, 76, 210, 231, 49, 199, 177,
       65, 126, 168, 55, 239, 201, 145, 39, 185, 240, 233, 238, 128, 61,
       186, 176, 249, 18, 31, 239, 127, 178, 226, 125, 55, 61, 207, 90,
       227, 121, 63, 148, 112, 118, 255, 53, 133, 129, 152, 37, 239, 102,
       238, 250, 130, 165, 194, 244, 123, 97, 207, 125, 101, 180, 10,
       111, 63, 112, 170, 254, 108, 243, 33, 144, 48, 26, 230, 108, 46,
       233, 184, 229, 14, 236, 175, 37, 128, 105, 250, 194, 41, 61, 91,
       122, 78, 118, 31, 194, 248, 69, 232, 254, 238, 115, 72, 191, 112,
       126, 236, 70, 110, 205, 179, 45, 61, 114, 237, 33, 148, 127, 187,
       106, 157, 153, 91, 99, 175, 38, 2, 111, 245, 53, 72, 222, 230,
       251, 135, 177, 101, 126, 238, 63, 207, 201, 145, 37, 233, 240,
       233, 238, 128, 63, 250, 113, 249, 120, 189, 249, 101, 240, 46, 67,
       186, 51, 172, 238, 8, 51, 55, 193, 16, 33, 254, 101, 24, 24, 218,
       225, 46, 255, 175, 37, 116, 226, 225, 70, 105, 203, 187, 53, 91,
       251, 220, 184, 23, 171, 89, 116, 116, 188, 159, 206, 183, 135, 59,
       215, 24, 183, 76, 178, 247, 15, 89, 50, 234, 138, 132, 171, 247,
       45, 183, 105, 75, 244, 191, 195, 121, 76, 105, 125, 236, 211, 76,
       158, 180, 94, 10, 86, 44, 215, 178, 124, 31, 102, 29, 33, 244, 95,
       142, 218, 245, 41, 49, 227, 69, 244, 62, 232, 19, 121, 233, 122,
       214, 155, 40, 149, 189, 126, 174, 22, 189, 181, 248, 117, 200, 14,
       90, 246, 128, 239, 228, 250, 157, 173, 116, 225, 69, 244, 126,
       231, 18, 113, 234, 122, 110, 147, 24, 213, 164, 126, 236, 86, 60,
       169, 182, 245, 138, 38, 236, 161, 160, 239, 248, 82, 253, 191,
       214, 64, 129, 180, 23, 238, 255, 21, 110, 214, 247, 193, 40, 150,
       133, 127, 140, 23, 189, 253, 150, 85, 222, 174, 78, 175, 212, 191,
       188, 248, 213, 147, 223, 107, 159, 118, 208, 190, 180, 173, 64,
       94, 231, 125, 110, 183, 228, 102, 123, 151, 207, 199, 152, 46,
       255, 54, 45, 174, 130, 63, 150, 57, 253, 53, 49, 225, 69, 244,
       111, 195, 88, 86, 232, 251, 106, 83, 20, 213, 52, 126, 220, 86,
       120, 153, 178, 117, 12, 93, 140, 161, 244, 229, 171, 86, 245, 39,
       23, 99, 77, 246, 51, 174, 127, 92, 232, 121, 230, 81, 104, 188,
       164, 127, 56, 22, 174, 241, 178, 109, 222, 44, 14, 167, 196, 95,
       238, 240, 181, 44, 161, 153, 226, 253, 253, 243, 205, 71, 53, 173,
       26, 158, 149, 74, 168, 217, 158, 226, 88, 19, 50, 249, 148, 127,
       221, 23, 127, 210, 31, 206, 226, 26, 156, 23, 188, 155, 224, 20,
       231, 151, 23, 200, 179, 44, 183, 32, 205, 225, 179, 171, 128, 58,
       203, 18, 247, 185, 246, 218, 75, 146, 68, 165, 122, 138, 180, 182,
       154, 219, 245, 176, 207, 159, 23, 101, 19, 140, 222, 110, 204,
       225, 27, 131, 145, 54, 15, 50, 215, 27, 86, 26, 107, 146, 68, 173,
       198, 61, 85, 106, 195, 116, 86, 235, 120, 84, 204, 127, 2, 81, 93,
       191, 36, 122, 152, 23, 234, 200, 178, 60, 142, 119, 141, 161, 132,
       103, 187, 124, 240, 10, 148, 54, 155, 245, 253, 176, 7, 191, 95,
       79, 17, 172, 254, 46, 205, 193, 51, 187, 17, 54, 189, 50, 247, 15,
       119, 90, 67, 146, 76, 189, 223, 145, 91, 95, 237, 54, 131, 207,
       118, 84, 72, 208, 230, 49, 9, 177, 96, 126, 168, 14, 232, 233,
       173, 37, 191, 224, 172, 162, 128, 61, 152, 112, 185, 199, 182,
       134, 150, 235, 60, 60, 159, 187, 251, 139, 221, 204, 230, 206,
       223, 167, 71, 253, 149, 183, 79, 158, 226, 156, 118, 95, 222, 140,
       100, 171, 85, 189, 84, 173, 231, 172, 111, 199, 184, 84, 250, 155,
       86, 211, 113, 217, 11, 89, 196, 61, 122, 185, 228, 121, 170, 233,
       207, 229, 212, 237, 251, 80, 49, 41, 135, 101, 71, 244, 27, 207,
       49, 85, 236, 255, 230, 115, 45, 156, 164, 92, 182, 151, 238, 249,
       184, 109, 190, 110, 93, 165, 144, 119, 142, 212, 121, 79, 127,
       233, 133, 230, 30, 239, 184, 41, 234, 94, 228, 217, 46, 151, 167,
       54, 197, 53, 239, 229, 208, 245, 200, 38, 123, 239, 132, 47, 247,
       3, 245, 169, 92, 108, 77, 100, 118, 127, 48, 116, 238, 246, 38,
       123, 29, 151, 123, 78, 244, 255, 238, 237, 246, 117, 172, 71, 235,
       224, 129, 103, 253, 86, 251, 51, 183, 125, 237, 182, 135, 223,
       119, 21, 233, 254, 107, 51, 61, 148, 48, 252, 191, 21, 161, 217,
       186, 97, 159, 251, 237, 188, 210, 109, 138, 176, 123, 50, 157, 82,
       169, 245, 231, 122, 230, 21, 77, 250, 3, 47, 62, 34, 196, 252,
