%YAML:1.0
---
descriptors: !!opencv-matrix
   rows: 174
   cols: 32
   dt: u
   data: [ 41, 237, 215, 85, 213, 174, 230, 230, 250, 161, 106, 74, 106,
       160, 20, 166, 185, 102, 98, 12, 0, 249, 149, 238, 45, 190, 85, 0,
       193, 122, 211, 140, 194, 60, 158, 184, 73, 237, 49, 70, 190, 191,
       160, 25, 188, 191, 103, 91, 161, 51, 251, 17, 54, 79, 146, 82,
       221, 146, 90, 59, 144, 64, 7, 10, 22, 150, 181, 179, 169, 108, 16,
       139, 175, 191, 147, 113, 206, 126, 8, 75, 135, 87, 253, 17, 52,
       69, 75, 210, 137, 246, 127, 215, 128, 101, 133, 67, 254, 102, 196,
       79, 237, 7, 79, 184, 23, 146, 181, 88, 203, 97, 221, 182, 89, 208,
       127, 234, 234, 102, 203, 155, 110, 222, 197, 60, 119, 247, 250,
       132, 128, 168, 156, 191, 12, 133, 72, 207, 150, 147, 192, 17, 247,
       235, 96, 72, 217, 123, 43, 17, 26, 108, 219, 179, 205, 183, 159,
       88, 16, 40, 49, 138, 1, 157, 191, 217, 150, 167, 181, 119, 92, 67,
       90, 18, 116, 120, 52, 96, 255, 59, 27, 185, 179, 184, 53, 223,
       109, 46, 190, 66, 149, 88, 245, 107, 188, 104, 153, 248, 201, 69,
       87, 204, 23, 186, 180, 24, 23, 223, 107, 24, 217, 216, 23, 218,
       74, 103, 250, 18, 91, 207, 53, 61, 243, 249, 238, 226, 60, 148,
       121, 232, 222, 247, 83, 218, 87, 65, 253, 2, 91, 95, 41, 80, 125,
       152, 23, 120, 26, 35, 121, 63, 123, 205, 33, 109, 243, 203, 104,
       242, 60, 149, 123, 238, 214, 198, 127, 121, 84, 1, 255, 2, 91,
       125, 40, 96, 252, 146, 23, 106, 219, 171, 57, 191, 115, 237, 34,
       77, 115, 139, 252, 178, 58, 149, 118, 188, 123, 210, 30, 109, 157,
       4, 232, 35, 79, 255, 42, 209, 254, 185, 151, 225, 92, 139, 18,
       157, 179, 247, 74, 75, 115, 4, 175, 155, 56, 85, 123, 110, 116,
       78, 111, 117, 229, 136, 254, 3, 115, 253, 59, 96, 248, 244, 23,
       106, 201, 177, 48, 173, 115, 233, 164, 0, 99, 186, 244, 202, 15,
       155, 115, 131, 237, 221, 250, 112, 205, 72, 95, 230, 152, 28, 158,
       166, 238, 35, 222, 95, 215, 58, 124, 228, 6, 89, 170, 234, 95,
       143, 217, 149, 139, 40, 66, 153, 96, 184, 232, 19, 175, 89, 83,
       245, 173, 138, 247, 77, 230, 41, 55, 157, 134, 220, 6, 208, 6, 88,
       186, 192, 158, 132, 9, 213, 11, 159, 24, 184, 189, 149, 184, 119,
       159, 89, 28, 85, 173, 155, 114, 68, 135, 43, 159, 21, 214, 8, 18,
       247, 234, 221, 190, 235, 158, 4, 169, 219, 10, 223, 58, 252, 49,
       148, 93, 246, 191, 29, 92, 53, 175, 143, 162, 212, 135, 59, 141,
       1, 226, 9, 34, 255, 227, 245, 58, 139, 22, 148, 165, 123, 45, 116,
       216, 201, 76, 37, 121, 88, 23, 59, 253, 30, 16, 195, 121, 45, 89,
       136, 19, 188, 131, 118, 122, 208, 87, 157, 209, 44, 219, 219, 120,
       178, 46, 181, 48, 202, 253, 253, 216, 73, 15, 125, 173, 25, 206,
       93, 94, 172, 221, 19, 211, 53, 158, 34, 123, 149, 223, 93, 25,
       127, 210, 78, 220, 214, 29, 89, 247, 205, 183, 86, 255, 254, 237,
       200, 254, 98, 125, 119, 165, 230, 102, 114, 188, 234, 193, 233,
       55, 237, 171, 255, 102, 128, 239, 247, 105, 185, 35, 159, 17, 139,
       180, 167, 131, 255, 15, 105, 248, 230, 166, 229, 160, 132, 223,
       58, 134, 77, 155, 170, 72, 255, 172, 148, 7, 254, 95, 142, 129,
       253, 135, 205, 38, 153, 205, 145, 60, 199, 143, 86, 94, 183, 172,
       200, 127, 66, 225, 43, 187, 199, 198, 148, 70, 243, 38, 48, 142,
       139, 28, 92, 185, 218, 84, 86, 60, 119, 40, 110, 85, 184, 172, 62,
       183, 56, 215, 119, 9, 27, 129, 85, 109, 98, 104, 229, 251, 44,
       195, 243, 113, 149, 64, 243, 71, 51, 110, 96, 211, 198, 197, 125,
       102, 64, 25, 163, 225, 10, 40, 129, 109, 220, 216, 188, 195, 26,
       64, 183, 208, 194, 23, 60, 144, 59, 131, 95, 118, 166, 118, 173,
       248, 34, 249, 125, 86, 205, 11, 253, 189, 137, 79, 252, 79, 18,
       159, 223, 213, 80, 30, 107, 218, 48, 251, 213, 5, 127, 208, 126,
       206, 211, 151, 223, 127, 114, 242, 147, 239, 240, 229, 204, 119,
       230, 89, 207, 181, 33, 126, 249, 23, 239, 229, 182, 44, 236, 118,
       9, 175, 192, 109, 179, 227, 241, 62, 11, 46, 184, 213, 243, 90,
       72, 149, 5, 221, 131, 75, 204, 59, 136, 248, 169, 151, 245, 30,
       131, 10, 156, 211, 215, 137, 203, 183, 47, 124, 198, 139, 146,
       147, 153, 114, 182, 184, 87, 63, 89, 83, 117, 156, 158, 174, 236,
       183, 43, 31, 21, 183, 156, 33, 215, 14, 62, 58, 198, 158, 4, 169,
       223, 9, 140, 90, 251, 83, 230, 251, 115, 61, 9, 127, 18, 125, 251,
       32, 112, 247, 59, 18, 156, 50, 152, 48, 223, 111, 255, 154, 65,
       179, 130, 33, 162, 2, 149, 19, 184, 159, 225, 178, 99, 143, 9,
       217, 35, 236, 251, 40, 196, 240, 59, 139, 145, 18, 9, 18, 223,
       189, 84, 138, 75, 144, 74, 181, 138, 253, 237, 237, 103, 148, 111,
       103, 184, 113, 226, 255, 72, 83, 117, 153, 48, 89, 198, 124, 110,
       249, 178, 237, 46, 255, 239, 37, 20, 101, 251, 82, 32, 43, 173,
       96, 93, 253, 157, 238, 119, 95, 105, 120, 76, 168, 184, 182, 164,
       220, 42, 146, 12, 215, 186, 116, 255, 38, 92, 16, 106, 95, 140,
       218, 141, 90, 181, 152, 184, 187, 233, 24, 207, 174, 53, 136, 177,
       175, 191, 106, 72, 135, 27, 237, 17, 22, 9, 154, 147, 203, 213,
       26, 127, 144, 68, 141, 75, 3, 157, 81, 203, 252, 191, 138, 231,
       15, 97, 120, 198, 172, 100, 164, 164, 79, 42, 18, 92, 147, 184,
       121, 255, 46, 28, 5, 114, 92, 142, 137, 188, 131, 218, 109, 183,
       38, 195, 173, 246, 62, 127, 82, 247, 181, 14, 176, 75, 111, 139,
       55, 207, 231, 220, 61, 253, 212, 75, 250, 128, 61, 128, 53, 249,
       11, 221, 55, 154, 59, 213, 188, 231, 143, 89, 152, 118, 172, 158,
       100, 228, 231, 51, 155, 145, 215, 9, 50, 245, 185, 84, 30, 251,
       26, 20, 161, 223, 139, 147, 222, 187, 46, 180, 56, 95, 159, 89,
       83, 247, 189, 222, 254, 233, 231, 11, 63, 157, 183, 216, 7, 241,
       134, 123, 250, 142, 158, 132, 41, 205, 114, 35, 10, 136, 93, 183,
       90, 105, 137, 44, 153, 143, 4, 206, 39, 64, 220, 177, 223, 229,
       28, 3, 192, 220, 179, 16, 139, 251, 20, 15, 63, 86, 194, 146, 188,
       181, 168, 108, 177, 159, 174, 191, 130, 117, 212, 191, 64, 75,
       133, 87, 237, 17, 178, 73, 211, 64, 201, 50, 127, 215, 136, 64,
       133, 51, 18, 157, 31, 29, 146, 194, 39, 167, 188, 69, 74, 160,
       180, 150, 160, 112, 38, 51, 42, 192, 83, 153, 33, 127, 161, 166,
       58, 194, 32, 0, 165, 121, 196, 60, 157, 183, 168, 110, 53, 159,
       62, 251, 2, 85, 215, 119, 73, 91, 133, 87, 109, 16, 49, 220, 219,
       34, 205, 243, 127, 20, 136, 112, 133, 59, 125, 101, 236, 111, 140,
       95, 70, 248, 67, 182, 181, 10, 83, 121, 219, 55, 89, 196, 124,
       234, 236, 103, 253, 60, 251, 203, 197, 61, 119, 251, 90, 36, 218,
       223, 62, 190, 59, 148, 28, 246, 143, 92, 148, 37, 44, 159, 39, 83,
       230, 115, 159, 199, 230, 75, 18, 253, 243, 51, 90, 187, 26, 21,
       41, 95, 3, 49, 34, 137, 95, 185, 176, 72, 207, 224, 217, 39, 140,
       216, 127, 132, 250, 37, 251, 53, 150, 35, 150, 220, 20, 48, 11,
       127, 93, 14, 57, 199, 108, 120, 255, 245, 100, 201, 247, 50, 233,
       250, 54, 42, 158, 189, 209, 59, 202, 244, 119, 67, 64, 126, 226,
       224, 87, 155, 100, 163, 103, 249, 86, 131, 19, 18, 206, 165, 6,
       22, 248, 56, 23, 248, 210, 231, 73, 58, 150, 203, 126, 205, 189,
       165, 141, 220, 69, 204, 154, 107, 251, 198, 47, 172, 56, 21, 42,
       221, 20, 223, 217, 150, 92, 247, 141, 24, 236, 64, 44, 51, 37,
       247, 204, 243, 155, 200, 105, 217, 80, 253, 167, 250, 214, 19, 26,
       244, 232, 174, 91, 157, 80, 169, 147, 181, 56, 175, 63, 85, 76,
       133, 141, 166, 102, 212, 183, 155, 157, 148, 22, 24, 22, 245, 191,
       247, 31, 111, 186, 196, 169, 87, 105, 73, 120, 110, 77, 29, 214,
       232, 195, 4, 188, 8, 107, 248, 55, 176, 200, 226, 194, 98, 204,
       35, 126, 189, 115, 221, 1, 57, 115, 191, 90, 134, 190, 42, 226,
       186, 239, 177, 155, 202, 155, 23, 149, 187, 140, 204, 111, 140,
       255, 251, 135, 151, 134, 103, 170, 243, 219, 87, 155, 239, 215,
       93, 63, 199, 231, 232, 216, 82, 205, 221, 180, 206, 91, 243, 116,
