%YAML:1.0
---
descriptors: !!opencv-matrix
   rows: 192
   cols: 32
   dt: u
   data: [ 66, 219, 3, 137, 57, 128, 58, 228, 143, 44, 154, 231, 172,
       134, 38, 196, 228, 197, 239, 199, 78, 9, 136, 245, 180, 52, 138,
       254, 16, 23, 45, 95, 44, 213, 93, 103, 180, 15, 103, 184, 126, 8,
       127, 72, 215, 115, 152, 48, 23, 94, 108, 106, 235, 240, 121, 63,
       239, 255, 37, 84, 74, 243, 194, 33, 208, 77, 14, 173, 6, 10, 95,
       56, 36, 134, 214, 131, 247, 99, 33, 67, 114, 229, 108, 235, 104,
       197, 69, 12, 240, 227, 239, 16, 36, 179, 32, 10, 57, 75, 113, 69,
       116, 11, 239, 56, 116, 160, 126, 66, 243, 17, 148, 52, 122, 252,
       6, 106, 233, 176, 101, 14, 100, 172, 33, 4, 103, 170, 82, 168,
       138, 174, 144, 187, 185, 249, 48, 199, 30, 63, 80, 113, 172, 178,
       226, 200, 193, 59, 174, 17, 54, 92, 67, 247, 140, 87, 62, 251,
       144, 12, 141, 15, 39, 166, 224, 138, 253, 49, 186, 72, 31, 93, 89,
       191, 72, 204, 254, 140, 221, 11, 131, 149, 150, 54, 206, 211, 14,
       20, 155, 239, 215, 79, 126, 213, 131, 148, 58, 155, 83, 165, 184,
       67, 62, 75, 91, 19, 172, 222, 46, 96, 183, 59, 19, 149, 178, 156,
       26, 215, 13, 62, 154, 194, 148, 6, 161, 215, 35, 227, 100, 140,
       77, 23, 136, 73, 79, 248, 208, 239, 224, 200, 214, 166, 220, 136,
       243, 237, 198, 98, 207, 221, 6, 24, 139, 191, 93, 174, 88, 213,
       10, 186, 122, 249, 239, 245, 81, 215, 95, 95, 124, 51, 62, 221,
       102, 104, 239, 187, 151, 17, 158, 60, 34, 243, 71, 221, 58, 235,
       181, 140, 244, 235, 245, 67, 207, 228, 6, 2, 111, 248, 97, 130,
       242, 230, 83, 43, 185, 115, 122, 196, 108, 238, 233, 247, 141,
       232, 242, 235, 231, 132, 45, 187, 112, 32, 67, 242, 251, 92, 106,
       153, 123, 88, 254, 232, 76, 236, 244, 198, 216, 112, 23, 57, 127,
       28, 135, 16, 239, 83, 222, 5, 41, 172, 28, 130, 11, 113, 154, 185,
       60, 250, 203, 225, 21, 231, 191, 23, 164, 57, 46, 191, 98, 25,
       235, 155, 205, 144, 58, 79, 74, 245, 219, 211, 94, 127, 178, 64,
       167, 90, 102, 177, 148, 146, 205, 237, 144, 205, 143, 53, 161, 25,
       142, 252, 76, 142, 137, 27, 235, 17, 22, 107, 218, 245, 157, 146,
       95, 127, 208, 14, 141, 134, 252, 48, 121, 224, 45, 77, 81, 88,
       227, 248, 181, 8, 27, 221, 77, 59, 136, 149, 93, 114, 8, 103, 250,
       144, 211, 217, 1, 126, 99, 163, 70, 51, 34, 189, 160, 155, 223,
       249, 182, 207, 30, 101, 72, 139, 172, 188, 102, 132, 187, 59, 131,
       145, 22, 58, 94, 247, 45, 22, 30, 107, 215, 76, 159, 222, 33, 134,
       76, 207, 20, 47, 235, 186, 84, 55, 95, 86, 243, 105, 152, 69, 93,
       70, 62, 45, 184, 248, 77, 191, 110, 62, 225, 4, 127, 234, 88, 136,
       84, 89, 159, 182, 40, 76, 21, 180, 171, 186, 162, 73, 254, 247,
       65, 90, 135, 245, 125, 66, 73, 67, 218, 96, 249, 242, 127, 58,
       136, 115, 131, 43, 40, 173, 250, 101, 244, 239, 119, 183, 112,
       142, 126, 8, 243, 113, 0, 16, 27, 254, 70, 42, 120, 184, 113, 47,
       239, 255, 36, 1, 98, 250, 206, 170, 37, 93, 83, 69, 52, 14, 239,
       176, 124, 232, 122, 68, 211, 56, 149, 164, 92, 236, 86, 110, 225,
       176, 125, 46, 36, 188, 37, 4, 108, 187, 82, 180, 168, 33, 186,
       247, 36, 201, 197, 5, 95, 171, 87, 24, 247, 217, 88, 40, 152, 250,
       92, 10, 105, 244, 208, 162, 195, 221, 52, 49, 72, 200, 208, 42,
       110, 255, 147, 174, 249, 197, 79, 248, 39, 140, 233, 200, 254,
       231, 105, 244, 221, 251, 34, 94, 75, 18, 250, 123, 253, 180, 15,
       108, 146, 59, 38, 240, 2, 160, 188, 217, 121, 229, 184, 71, 159,
       29, 112, 17, 172, 158, 102, 73, 199, 59, 171, 17, 22, 79, 18, 213,
       15, 18, 90, 107, 144, 8, 165, 207, 36, 142, 199, 157, 158, 131,
       166, 239, 86, 178, 202, 226, 97, 226, 169, 193, 91, 110, 106, 170,
       113, 211, 207, 63, 60, 38, 239, 4, 165, 248, 248, 8, 155, 199, 90,
       129, 182, 146, 106, 247, 29, 133, 70, 246, 13, 131, 178, 196, 115,
       175, 138, 156, 118, 157, 5, 198, 190, 245, 158, 65, 190, 140, 185,
       140, 6, 173, 23, 155, 221, 233, 182, 239, 158, 55, 73, 27, 228,
       250, 108, 72, 233, 123, 43, 19, 82, 90, 74, 247, 45, 22, 223, 107,
       144, 75, 181, 138, 175, 166, 224, 155, 221, 177, 190, 205, 95, 55,
       125, 223, 72, 232, 255, 141, 93, 138, 131, 183, 182, 118, 78, 243,
       46, 95, 159, 239, 215, 223, 218, 196, 121, 181, 121, 96, 113, 255,
       81, 87, 101, 109, 124, 8, 63, 159, 66, 48, 180, 186, 132, 24, 155,
       186, 112, 31, 251, 221, 32, 105, 114, 128, 198, 123, 56, 219, 114,
       238, 115, 211, 86, 244, 5, 44, 252, 35, 43, 159, 33, 208, 254,
       185, 135, 226, 76, 147, 0, 189, 242, 237, 160, 131, 119, 150, 110,
       155, 114, 227, 104, 168, 31, 209, 154, 105, 143, 84, 153, 171,
       236, 204, 126, 66, 222, 129, 255, 231, 78, 67, 207, 221, 48, 16,
       139, 191, 21, 14, 61, 86, 189, 209, 111, 239, 36, 6, 79, 248, 68,
       200, 247, 102, 115, 73, 187, 80, 126, 204, 63, 238, 201, 183, 109,
       45, 242, 235, 231, 132, 125, 186, 112, 121, 170, 187, 122, 248,
       239, 229, 249, 215, 223, 13, 124, 51, 44, 159, 118, 8, 239, 187,
       151, 145, 150, 59, 50, 243, 95, 29, 54, 235, 213, 200, 228, 251,
       41, 130, 207, 157, 28, 27, 161, 123, 118, 230, 198, 198, 241, 96,
       147, 193, 121, 108, 42, 172, 173, 248, 229, 31, 28, 39, 247, 4,
       173, 168, 120, 216, 40, 172, 120, 125, 244, 234, 119, 183, 115, 3,
       126, 24, 243, 53, 128, 16, 91, 254, 6, 8, 58, 184, 113, 47, 239,
       255, 52, 65, 226, 192, 198, 170, 11, 251, 2, 27, 123, 153, 186,
       238, 47, 41, 124, 173, 172, 138, 86, 148, 174, 107, 211, 213, 70,
       26, 142, 245, 46, 84, 29, 235, 91, 6, 11, 143, 190, 245, 48, 226,
       157, 125, 214, 239, 95, 119, 173, 25, 10, 221, 126, 181, 153, 219,
       223, 51, 254, 39, 122, 183, 251, 221, 5, 127, 211, 93, 222, 70,
       10, 158, 20, 185, 185, 189, 48, 183, 159, 29, 90, 117, 172, 242,
       34, 196, 197, 51, 174, 16, 182, 9, 83, 183, 172, 86, 58, 211, 154,
       76, 141, 31, 82, 97, 42, 188, 75, 192, 185, 72, 174, 4, 192, 163,
       108, 222, 107, 66, 246, 185, 251, 225, 2, 3, 130, 221, 209, 49,
       139, 187, 20, 38, 37, 82, 246, 176, 48, 242, 157, 253, 82, 201,
       203, 189, 169, 25, 142, 221, 77, 158, 137, 147, 237, 80, 30, 103,
       218, 178, 155, 221, 5, 127, 210, 79, 206, 6, 2, 149, 18, 139, 19,
       226, 179, 105, 28, 1, 91, 34, 252, 254, 40, 64, 255, 27, 147, 161,
       18, 154, 25, 223, 45, 164, 138, 195, 16, 10, 165, 179, 221, 74,
       220, 229, 32, 42, 125, 18, 48, 162, 246, 241, 215, 35, 145, 91,
       102, 229, 125, 238, 40, 212, 193, 10, 214, 235, 226, 128, 172,
       241, 33, 9, 68, 187, 185, 243, 170, 192, 51, 159, 190, 157, 24,
       225, 181, 247, 200, 80, 135, 123, 189, 144, 83, 72, 234, 115, 205,
       215, 63, 234, 128, 66, 133, 123, 35, 237, 208, 90, 249, 157, 110,
       238, 27, 9, 120, 72, 40, 210, 228, 180, 221, 250, 146, 210, 71,
       58, 218, 247, 63, 28, 5, 107, 219, 159, 202, 156, 2, 217, 190,
       191, 131, 192, 181, 239, 158, 23, 67, 179, 236, 254, 40, 73, 227,
       83, 187, 193, 82, 217, 59, 245, 233, 55, 222, 75, 144, 84, 165,
       122, 38, 48, 236, 154, 207, 113, 183, 200, 139, 247, 157, 187, 72,
       252, 111, 10, 223, 219, 211, 243, 22, 99, 250, 240, 27, 22, 207,
       191, 213, 127, 183, 214, 189, 22, 90, 108, 116, 55, 75, 120, 85,
       200, 253, 78, 91, 89, 177, 49, 94, 168, 20, 238, 169, 182, 101,
       158, 210, 237, 161, 132, 127, 171, 98, 177, 169, 184, 253, 119, 5,
       223, 209, 186, 119, 240, 102, 8, 251, 125, 22, 189, 25, 254, 240,
       24, 173, 248, 127, 189, 79, 251, 85, 113, 99, 172, 78, 238, 9,
       159, 127, 101, 180, 191, 105, 55, 125, 73, 126, 100, 191, 51, 148,
       112, 135, 38, 126, 12, 209, 184, 97, 79, 238, 255, 50, 128, 74,
       192, 195, 41, 212, 191, 191, 119, 186, 204, 55, 180, 168, 221,
       187, 100, 255, 119, 137, 82, 135, 119, 109, 114, 115, 201, 171,
       111, 233, 243, 103, 214, 128, 243, 135, 123, 45, 181, 245, 69,
