%YAML:1.0
---
descriptors: !!opencv-matrix
   rows: 216
   cols: 32
   dt: u
   data: [ 88, 234, 178, 182, 53, 132, 243, 102, 242, 141, 210, 107, 170,
       185, 48, 192, 248, 255, 173, 65, 202, 191, 128, 175, 217, 255,
       154, 11, 71, 12, 117, 43, 38, 184, 16, 154, 205, 205, 176, 239,
       142, 53, 161, 26, 140, 220, 104, 10, 137, 27, 219, 17, 22, 107,
       90, 245, 29, 22, 95, 127, 208, 8, 133, 134, 90, 112, 171, 164, 11,
       70, 93, 86, 169, 254, 134, 141, 31, 159, 67, 26, 166, 213, 253,
       213, 72, 71, 144, 192, 211, 209, 223, 191, 166, 52, 39, 123, 120,
       185, 57, 96, 115, 205, 81, 23, 35, 233, 252, 76, 31, 159, 64, 48,
       166, 159, 93, 16, 155, 58, 240, 28, 251, 253, 32, 122, 234, 0, 70,
       59, 78, 3, 174, 245, 167, 118, 61, 7, 172, 159, 134, 163, 204, 47,
       74, 74, 231, 87, 249, 149, 16, 217, 163, 192, 239, 119, 255, 199,
       132, 116, 189, 115, 33, 135, 97, 73, 116, 143, 235, 127, 85, 104,
       124, 110, 51, 9, 180, 52, 94, 136, 22, 108, 251, 186, 101, 31,
       102, 12, 160, 196, 127, 136, 82, 249, 41, 183, 121, 101, 244, 15,
       127, 61, 120, 232, 126, 76, 215, 117, 138, 48, 148, 92, 84, 110,
       217, 176, 249, 15, 239, 253, 37, 196, 72, 162, 194, 241, 169, 28,
       127, 69, 100, 94, 105, 55, 125, 206, 118, 12, 187, 21, 149, 61,
       46, 180, 86, 12, 233, 252, 113, 78, 71, 251, 112, 0, 66, 168, 70,
       121, 169, 235, 105, 109, 116, 143, 79, 124, 80, 232, 116, 78, 51,
       9, 144, 48, 92, 168, 22, 110, 201, 178, 96, 31, 102, 201, 161,
       176, 127, 154, 82, 185, 61, 193, 110, 174, 158, 7, 79, 252, 132,
       68, 220, 7, 83, 195, 59, 64, 120, 192, 31, 239, 202, 3, 30, 189,
       240, 169, 175, 28, 61, 187, 112, 96, 184, 45, 116, 100, 41, 95,
       87, 127, 97, 166, 172, 8, 123, 55, 65, 182, 8, 246, 196, 106, 72,
       43, 241, 138, 115, 217, 5, 57, 99, 246, 70, 234, 189, 75, 73, 232,
       124, 151, 75, 120, 69, 104, 252, 76, 51, 75, 177, 48, 220, 168,
       20, 110, 201, 162, 104, 159, 243, 217, 161, 188, 123, 171, 82, 49,
       118, 229, 142, 191, 8, 135, 159, 232, 190, 182, 193, 5, 245, 231,
       105, 67, 217, 237, 107, 230, 106, 83, 219, 61, 253, 227, 239, 29,
       16, 123, 39, 130, 60, 85, 118, 172, 253, 86, 94, 121, 149, 132,
       250, 3, 107, 255, 59, 192, 254, 249, 151, 227, 76, 163, 82, 140,
       243, 239, 165, 11, 55, 254, 252, 210, 17, 140, 75, 251, 22, 163,
       107, 215, 22, 65, 95, 246, 121, 195, 184, 96, 127, 171, 23, 188,
       187, 157, 45, 255, 248, 239, 171, 192, 189, 202, 161, 160, 137,
       136, 75, 187, 112, 174, 104, 22, 63, 91, 118, 85, 189, 195, 178,
       124, 151, 42, 55, 28, 179, 156, 3, 119, 78, 190, 50, 192, 154,
       128, 107, 217, 241, 48, 26, 56, 40, 140, 80, 17, 176, 65, 164, 29,
       23, 147, 2, 25, 128, 128, 108, 4, 15, 47, 210, 1, 210, 233, 48,
       121, 104, 8, 74, 90, 62, 93, 82, 174, 177, 87, 86, 232, 181, 142,
       236, 11, 79, 254, 35, 212, 248, 253, 197, 99, 108, 179, 24, 174,
       179, 247, 7, 31, 35, 127, 46, 87, 113, 168, 158, 48, 141, 253, 80,
       71, 238, 113, 170, 29, 151, 144, 66, 26, 129, 162, 108, 20, 31,
       105, 210, 1, 155, 209, 80, 121, 72, 8, 202, 90, 50, 141, 66, 158,
       214, 195, 234, 231, 148, 5, 216, 131, 97, 234, 180, 196, 120, 234,
       147, 205, 30, 155, 12, 255, 56, 38, 142, 201, 53, 142, 252, 204,
       66, 236, 182, 218, 249, 237, 190, 239, 191, 23, 216, 155, 236,
       254, 108, 196, 239, 123, 251, 211, 118, 75, 218, 247, 63, 54, 159,
       107, 144, 87, 165, 142, 166, 189, 178, 154, 255, 245, 190, 234,
       159, 127, 156, 59, 236, 254, 127, 132, 255, 251, 255, 211, 246,
       79, 218, 247, 63, 86, 143, 255, 151, 127, 189, 215, 7, 177, 249,
       225, 236, 111, 123, 153, 47, 253, 61, 124, 223, 125, 222, 42, 183,
       21, 127, 55, 151, 112, 249, 144, 79, 223, 101, 246, 220, 235, 197,
       243, 152, 149, 27, 251, 150, 243, 182, 109, 28, 3, 217, 114, 221,
       118, 40, 97, 255, 19, 26, 176, 51, 141, 25, 159, 169, 199, 186,
       65, 176, 75, 173, 51, 47, 181, 225, 77, 250, 48, 130, 143, 83, 65,
       248, 230, 225, 120, 156, 164, 91, 74, 134, 189, 155, 58, 109, 159,
       44, 110, 190, 246, 247, 198, 194, 165, 237, 60, 188, 117, 224, 47,
       125, 22, 121, 238, 118, 28, 159, 55, 147, 59, 133, 116, 124, 44,
       177, 252, 241, 10, 199, 251, 116, 0, 194, 241, 66, 243, 130, 136,
       50, 153, 117, 213, 184, 71, 31, 9, 86, 19, 172, 158, 38, 204, 239,
       43, 147, 149, 50, 156, 67, 247, 15, 22, 154, 195, 150, 12, 185,
       143, 8, 221, 37, 175, 242, 192, 47, 189, 134, 76, 92, 231, 253,
       231, 170, 64, 118, 123, 31, 231, 211, 8, 47, 189, 108, 37, 174,
       200, 62, 158, 165, 121, 219, 74, 191, 253, 45, 140, 29, 150, 143,
       218, 150, 68, 252, 251, 33, 107, 196, 113, 127, 79, 193, 69, 227,
       233, 193, 251, 122, 154, 24, 121, 33, 57, 60, 85, 242, 100, 245,
       95, 86, 248, 53, 174, 255, 11, 91, 127, 43, 144, 120, 244, 199,
       234, 108, 179, 25, 142, 243, 239, 37, 21, 227, 255, 238, 195, 28,
       217, 250, 69, 180, 86, 255, 252, 116, 172, 254, 2, 91, 61, 187,
       96, 122, 220, 55, 234, 216, 177, 61, 78, 115, 239, 167, 133, 103,
       187, 108, 225, 11, 221, 62, 255, 122, 132, 191, 246, 191, 72, 92,
       230, 188, 255, 183, 96, 238, 123, 191, 193, 195, 154, 34, 255,
       118, 127, 186, 138, 30, 148, 33, 249, 125, 135, 205, 171, 188, 55,
       78, 152, 7, 122, 217, 207, 83, 97, 155, 217, 95, 192, 63, 254,
       159, 34, 79, 189, 250, 207, 225, 188, 189, 251, 120, 65, 139, 56,
       181, 217, 55, 250, 176, 7, 127, 105, 210, 50, 190, 24, 148, 236,
       234, 47, 255, 17, 183, 252, 241, 215, 7, 127, 114, 210, 207, 12,
       89, 159, 19, 49, 122, 11, 243, 176, 188, 71, 111, 69, 124, 167,
       44, 154, 254, 252, 251, 139, 146, 157, 150, 186, 52, 209, 62, 125,
       158, 235, 183, 86, 171, 206, 32, 141, 249, 85, 244, 235, 103, 55,
       116, 167, 126, 16, 243, 49, 144, 48, 27, 254, 6, 40, 185, 184,
       101, 47, 111, 175, 52, 0, 229, 200, 198, 168, 90, 112, 187, 160,
       11, 205, 89, 68, 171, 253, 148, 137, 143, 159, 67, 26, 166, 149,
       221, 145, 10, 3, 176, 192, 219, 213, 11, 187, 130, 20, 7, 123, 45,
       79, 66, 7, 116, 30, 238, 240, 116, 232, 122, 70, 83, 40, 151, 160,
       92, 236, 86, 111, 237, 176, 69, 46, 52, 46, 165, 128, 79, 191, 90,
       141, 233, 60, 190, 117, 160, 254, 117, 23, 249, 255, 118, 24, 159,
       63, 3, 59, 135, 118, 125, 8, 176, 252, 241, 34, 199, 251, 116, 0,
       192, 208, 206, 123, 60, 21, 248, 237, 220, 119, 95, 121, 22, 13,
       253, 3, 83, 125, 59, 192, 92, 220, 183, 168, 10, 34, 91, 159, 119,
       239, 161, 29, 247, 234, 252, 211, 73, 159, 123, 101, 52, 190, 105,
       55, 109, 73, 126, 100, 191, 56, 150, 112, 134, 38, 126, 12, 149,
       184, 101, 79, 238, 255, 50, 192, 74, 128, 193, 109, 105, 15, 233,
       101, 244, 11, 239, 55, 97, 228, 254, 236, 243, 41, 145, 48, 30,
       238, 125, 109, 201, 184, 229, 12, 230, 253, 165, 144, 111, 250,
       210, 105, 53, 239, 200, 237, 188, 43, 79, 152, 6, 224, 188, 238,
       211, 97, 211, 0, 91, 204, 111, 254, 137, 50, 77, 56, 238, 143,
       165, 180, 189, 251, 80, 32, 134, 172, 51, 186, 221, 237, 190, 238,
       159, 23, 137, 27, 236, 254, 108, 196, 235, 251, 235, 147, 118,
       111, 154, 247, 189, 22, 159, 123, 144, 95, 165, 142, 40, 235, 248,
       255, 87, 152, 81, 55, 83, 133, 100, 3, 175, 163, 98, 84, 80, 122,
       130, 80, 86, 250, 240, 175, 111, 247, 20, 107, 178, 136, 204, 234,
       56, 223, 122, 109, 119, 195, 86, 246, 85, 12, 124, 34, 59, 27, 32,
       81, 122, 251, 135, 226, 74, 186, 0, 189, 115, 237, 36, 1, 115,
       154, 236, 139, 168, 250, 58, 252, 117, 148, 114, 86, 83, 1, 70, 2,
       173, 217, 48, 196, 216, 56, 131, 65, 66, 190, 146, 175, 215, 245,
       146, 11, 6, 136, 60, 139, 3, 206, 74, 185, 84, 134, 232, 119, 60,
       65, 90, 215, 181, 202, 50, 64, 125, 169, 19, 141, 246, 152, 20,
       223, 108, 47, 186, 196, 61, 132, 185, 216, 23, 140, 79, 235, 150,
