%YAML:1.0
---
descriptors: !!opencv-matrix
   rows: 402
   cols: 32
   dt: u
   data: [ 118, 127, 184, 54, 233, 125, 86, 142, 139, 255, 189, 173, 206,
       252, 79, 154, 159, 223, 253, 19, 158, 98, 250, 162, 187, 215, 85,
       191, 210, 127, 142, 87, 6, 217, 156, 175, 109, 205, 178, 228, 142,
       25, 144, 11, 236, 216, 57, 2, 136, 81, 123, 83, 70, 43, 90, 113,
       173, 48, 15, 91, 84, 27, 19, 139, 59, 253, 105, 76, 253, 87, 215,
       255, 87, 232, 188, 42, 58, 61, 213, 52, 221, 210, 255, 106, 201,
       43, 123, 159, 123, 223, 165, 190, 95, 250, 214, 127, 234, 3, 102,
       137, 77, 3, 105, 121, 133, 36, 214, 135, 5, 141, 178, 70, 110,
       140, 123, 109, 216, 155, 211, 212, 212, 48, 138, 204, 54, 140,
       116, 240, 36, 116, 224, 211, 77, 45, 233, 90, 15, 59, 253, 30,
       145, 21, 91, 47, 109, 152, 83, 188, 163, 118, 90, 208, 87, 152,
       211, 44, 223, 217, 80, 240, 27, 93, 99, 238, 50, 210, 254, 117,
       189, 192, 94, 231, 125, 254, 183, 228, 110, 253, 151, 239, 229,
       153, 52, 238, 50, 111, 174, 128, 47, 182, 41, 221, 60, 253, 61,
       232, 237, 69, 215, 252, 207, 120, 188, 42, 122, 255, 108, 32, 217,
       91, 119, 226, 75, 35, 106, 245, 123, 221, 167, 255, 91, 59, 199,
       227, 10, 159, 2, 185, 176, 156, 125, 55, 173, 93, 158, 245, 172,
       15, 166, 64, 231, 35, 223, 148, 210, 136, 80, 229, 238, 116, 186,
       210, 142, 132, 153, 93, 37, 151, 59, 74, 244, 239, 179, 254, 94,
       77, 124, 78, 114, 220, 62, 32, 220, 58, 2, 113, 147, 186, 120, 63,
       127, 141, 33, 104, 217, 10, 244, 243, 114, 57, 172, 52, 137, 253,
       20, 71, 163, 245, 138, 25, 2, 188, 66, 154, 137, 247, 233, 17, 30,
       75, 146, 176, 187, 87, 93, 127, 192, 68, 158, 94, 10, 156, 51,
       251, 115, 230, 59, 87, 61, 69, 127, 135, 125, 255, 34, 64, 247,
       59, 147, 144, 50, 152, 48, 223, 111, 255, 154, 195, 146, 198, 37,
       242, 66, 141, 50, 186, 21, 229, 178, 166, 143, 13, 74, 3, 172,
       186, 32, 64, 225, 59, 155, 17, 18, 137, 18, 255, 173, 116, 154,
       75, 144, 78, 117, 10, 148, 70, 190, 55, 170, 42, 172, 250, 248,
       186, 179, 114, 85, 106, 29, 123, 39, 87, 108, 35, 244, 197, 13,
       110, 248, 162, 125, 148, 97, 113, 129, 131, 41, 109, 215, 117,
       199, 43, 230, 230, 248, 162, 106, 72, 115, 96, 5, 146, 51, 110,
       66, 78, 64, 248, 20, 110, 44, 142, 69, 0, 225, 122, 67, 168, 136,
       184, 140, 191, 157, 229, 65, 159, 150, 223, 196, 20, 244, 227, 98,
       66, 217, 106, 106, 24, 59, 76, 251, 179, 205, 183, 159, 89, 154,
       40, 60, 90, 32, 160, 26, 185, 108, 233, 160, 79, 222, 49, 240, 58,
       180, 216, 116, 201, 235, 47, 107, 17, 18, 127, 210, 145, 20, 56,
       219, 122, 213, 8, 219, 138, 252, 228, 100, 79, 47, 27, 71, 184,
       23, 178, 181, 232, 203, 117, 221, 183, 95, 212, 253, 238, 235,
       102, 237, 191, 174, 219, 69, 60, 127, 255, 114, 49, 244, 165, 148,
       170, 137, 54, 78, 200, 83, 146, 173, 26, 75, 99, 75, 191, 121,
       212, 232, 250, 62, 99, 155, 243, 251, 214, 197, 127, 162, 255, 42,
       6, 86, 16, 189, 87, 171, 122, 16, 10, 174, 187, 151, 112, 206,
       118, 141, 91, 135, 87, 237, 16, 60, 65, 107, 64, 138, 243, 127,
       151, 128, 101, 13, 99, 227, 253, 116, 180, 124, 22, 222, 253, 217,
       234, 144, 239, 124, 122, 54, 34, 223, 231, 223, 231, 229, 107, 28,
       239, 58, 94, 143, 186, 29, 188, 251, 31, 179, 89, 119, 204, 84,
       134, 239, 244, 229, 128, 246, 70, 50, 156, 53, 100, 108, 252, 18,
       202, 201, 187, 52, 237, 49, 40, 130, 10, 109, 187, 112, 188, 139,
       58, 70, 145, 100, 157, 232, 19, 175, 92, 86, 247, 141, 139, 247,
       205, 230, 41, 55, 159, 199, 156, 6, 240, 6, 88, 250, 192, 30, 141,
       9, 221, 41, 157, 49, 175, 188, 135, 143, 253, 198, 64, 221, 230,
       254, 253, 176, 228, 94, 58, 30, 111, 219, 171, 124, 189, 232, 28,
       42, 248, 95, 142, 149, 249, 118, 43, 160, 28, 44, 217, 66, 200,
       139, 148, 160, 137, 35, 200, 87, 150, 200, 232, 200, 87, 78, 35,
       202, 57, 154, 209, 1, 59, 80, 175, 94, 68, 186, 233, 98, 200, 93,
       135, 222, 237, 71, 0, 240, 138, 42, 153, 52, 36, 216, 153, 23,
       233, 202, 171, 68, 221, 51, 88, 128, 127, 119, 142, 240, 170, 34,
       249, 39, 154, 79, 209, 191, 230, 143, 85, 88, 171, 172, 220, 119,
       135, 234, 123, 147, 195, 70, 11, 62, 245, 53, 16, 218, 171, 21,
       29, 53, 254, 212, 22, 63, 90, 22, 166, 161, 18, 220, 3, 79, 86,
       208, 244, 52, 101, 117, 36, 42, 60, 177, 165, 48, 206, 89, 46, 2,
       74, 221, 9, 113, 53, 1, 157, 127, 221, 214, 231, 191, 247, 92, 67,
       94, 2, 112, 120, 52, 96, 127, 59, 19, 185, 177, 184, 49, 223, 109,
       46, 190, 64, 149, 88, 241, 235, 138, 147, 241, 219, 197, 167, 233,
       83, 95, 19, 119, 214, 137, 20, 188, 237, 127, 154, 18, 152, 179,
       252, 119, 209, 5, 250, 146, 66, 215, 204, 225, 229, 43, 245, 97,
       73, 245, 199, 231, 255, 23, 65, 124, 231, 24, 69, 254, 52, 125,
       10, 19, 124, 211, 186, 124, 223, 109, 12, 165, 228, 119, 142, 246,
       249, 64, 26, 213, 77, 106, 26, 32, 27, 62, 162, 98, 224, 94, 54,
       197, 252, 54, 52, 234, 8, 1, 248, 211, 72, 14, 162, 81, 6, 234,
       160, 107, 61, 34, 233, 99, 200, 116, 141, 240, 229, 207, 33, 112,
       9, 178, 153, 116, 16, 200, 184, 19, 85, 66, 58, 208, 213, 63, 28,
       134, 110, 81, 8, 210, 138, 137, 26, 227, 145, 116, 158, 232, 18,
       125, 65, 82, 118, 187, 152, 180, 236, 118, 44, 54, 29, 167, 188,
       37, 231, 4, 126, 186, 192, 174, 141, 81, 253, 250, 207, 2, 236, 3,
       64, 156, 101, 56, 6, 201, 187, 46, 39, 32, 81, 238, 147, 135, 162,
       104, 139, 0, 205, 241, 241, 202, 147, 19, 20, 167, 11, 165, 85,
       115, 78, 100, 23, 239, 248, 93, 74, 125, 70, 114, 192, 189, 37,
       26, 104, 22, 110, 193, 183, 63, 127, 32, 24, 33, 136, 95, 251,
       240, 181, 243, 156, 175, 190, 13, 246, 150, 38, 221, 66, 206, 19,
       122, 60, 54, 227, 205, 247, 249, 135, 237, 239, 115, 239, 163,
       123, 218, 19, 25, 108, 120, 94, 159, 95, 114, 86, 246, 147, 191,
       244, 253, 200, 126, 230, 121, 237, 183, 36, 62, 123, 151, 239,
       229, 177, 44, 238, 106, 88, 175, 128, 111, 183, 233, 221, 4, 8,
       159, 191, 40, 143, 47, 164, 142, 189, 75, 2, 244, 243, 41, 72,
       192, 97, 59, 82, 80, 152, 91, 177, 205, 150, 223, 16, 144, 59, 1,
       42, 66, 156, 255, 93, 114, 226, 122, 23, 183, 9, 126, 224, 124,
       247, 160, 116, 119, 255, 39, 136, 3, 152, 3, 127, 39, 166, 58,
       130, 99, 192, 164, 185, 41, 109, 115, 77, 84, 207, 231, 244, 85,
       108, 252, 72, 51, 21, 149, 52, 88, 248, 22, 106, 201, 186, 113,
       62, 55, 156, 36, 32, 99, 155, 114, 236, 61, 64, 79, 101, 85, 82,
       74, 216, 69, 160, 239, 2, 91, 89, 189, 240, 120, 212, 18, 234, 13,
       179, 125, 140, 51, 239, 129, 5, 103, 187, 120, 164, 19, 77, 99,
       222, 70, 210, 239, 116, 237, 68, 222, 134, 121, 222, 181, 100,
       110, 249, 23, 207, 193, 147, 52, 238, 49, 40, 138, 128, 55, 182,
       117, 252, 155, 196, 110, 173, 4, 6, 108, 55, 84, 210, 90, 215,
       145, 40, 178, 67, 105, 172, 63, 173, 237, 156, 71, 142, 236, 43,
       254, 132, 61, 172, 248, 216, 212, 64, 222, 215, 130, 90, 188, 168,
       190, 186, 151, 178, 207, 238, 175, 107, 39, 93, 236, 98, 101, 229,
       143, 104, 203, 227, 103, 151, 172, 113, 41, 17, 167, 253, 87, 200,
       236, 81, 190, 239, 207, 218, 56, 66, 252, 248, 245, 163, 239, 123,
       18, 99, 245, 43, 174, 251, 60, 25, 79, 174, 93, 126, 249, 157, 7,
       31, 67, 159, 244, 182, 234, 50, 252, 202, 91, 199, 241, 232, 181,
       232, 118, 111, 23, 143, 181, 144, 20, 238, 4, 62, 170, 128, 188,
       231, 57, 213, 42, 143, 107, 207, 214, 243, 255, 247, 21, 69, 126,
       163, 33, 45, 180, 0, 127, 250, 151, 144, 114, 184, 37, 255, 111,
       79, 182, 129, 247, 218, 244, 250, 99, 249, 240, 66, 185, 221, 82,
       228, 143, 237, 184, 9, 42, 222, 238, 182, 140, 91, 238, 80, 94,
       11, 250, 245, 59, 220, 5, 127, 18, 158, 206, 223, 218, 255, 110,
