%YAML:1.0
---
descriptors: !!opencv-matrix
   rows: 242
   cols: 32
   dt: u
   data: [ 245, 78, 79, 229, 6, 2, 79, 248, 113, 162, 242, 230, 83, 107,
       153, 83, 122, 196, 108, 238, 233, 247, 205, 172, 242, 235, 231,
       148, 45, 187, 112, 32, 141, 253, 49, 227, 236, 105, 103, 248, 198,
       250, 60, 104, 215, 245, 233, 39, 91, 82, 94, 106, 241, 32, 106,
       58, 109, 220, 37, 188, 218, 250, 196, 241, 84, 117, 142, 189, 24,
       7, 31, 248, 182, 180, 203, 5, 215, 231, 107, 82, 249, 237, 123,
       230, 106, 211, 251, 29, 249, 231, 239, 52, 24, 59, 37, 210, 156,
       99, 82, 248, 215, 144, 105, 71, 255, 133, 84, 50, 141, 195, 242,
       196, 122, 40, 134, 152, 82, 252, 32, 198, 190, 241, 150, 73, 183,
       140, 253, 160, 20, 174, 206, 157, 220, 131, 236, 239, 118, 178,
       194, 226, 96, 226, 57, 195, 121, 111, 106, 161, 96, 219, 207, 31,
       60, 38, 239, 5, 173, 120, 56, 136, 240, 172, 155, 186, 137, 233,
       85, 207, 147, 23, 160, 25, 46, 252, 96, 25, 201, 251, 200, 16, 58,
       111, 218, 179, 177, 214, 85, 59, 208, 88, 134, 106, 209, 79, 14,
       173, 6, 2, 79, 52, 4, 38, 210, 131, 119, 99, 35, 67, 120, 228,
       108, 231, 104, 133, 5, 12, 240, 227, 226, 16, 53, 186, 48, 8, 248,
       172, 148, 250, 141, 233, 84, 207, 147, 63, 160, 25, 46, 249, 106,
       27, 201, 243, 237, 16, 58, 111, 202, 177, 219, 211, 84, 123, 210,
       92, 198, 74, 102, 177, 20, 154, 205, 205, 144, 205, 143, 53, 161,
       25, 142, 216, 76, 154, 201, 19, 235, 17, 22, 107, 218, 241, 157,
       18, 95, 127, 208, 12, 223, 134, 2, 157, 54, 155, 23, 194, 178, 97,
       12, 65, 91, 51, 236, 222, 42, 64, 254, 59, 147, 145, 19, 152, 16,
       255, 45, 54, 154, 67, 28, 14, 165, 219, 33, 151, 105, 77, 116,
       143, 235, 123, 69, 72, 124, 230, 51, 29, 180, 36, 94, 136, 22, 44,
       201, 184, 101, 159, 100, 28, 160, 128, 127, 138, 80, 249, 35, 114,
       100, 13, 108, 23, 232, 77, 79, 248, 208, 239, 72, 136, 214, 164,
       92, 44, 242, 141, 197, 242, 231, 209, 6, 24, 137, 170, 95, 140,
       120, 221, 210, 123, 18, 188, 75, 192, 56, 72, 175, 20, 128, 163,
       236, 223, 107, 67, 230, 49, 251, 209, 2, 67, 154, 253, 145, 112,
       139, 171, 22, 39, 37, 243, 61, 19, 90, 236, 52, 23, 74, 120, 97,
       200, 253, 110, 91, 27, 169, 176, 252, 136, 20, 238, 201, 163, 112,
       156, 210, 217, 162, 158, 123, 171, 106, 49, 37, 95, 69, 5, 52, 14,
       238, 176, 117, 232, 122, 198, 211, 40, 149, 224, 124, 236, 22,
       111, 237, 176, 85, 14, 36, 44, 167, 132, 109, 187, 88, 133, 228,
       84, 189, 254, 106, 100, 29, 152, 154, 94, 53, 92, 124, 247, 105,
       123, 133, 81, 125, 74, 163, 71, 186, 99, 209, 187, 119, 190, 16,
       115, 37, 115, 190, 93, 82, 188, 253, 247, 86, 232, 145, 132, 248,
       11, 79, 250, 35, 213, 216, 253, 196, 99, 108, 163, 88, 142, 179,
       247, 5, 31, 51, 127, 110, 134, 64, 89, 151, 182, 168, 204, 23,
       180, 172, 186, 130, 72, 254, 247, 65, 91, 134, 119, 125, 67, 73,
       73, 218, 104, 249, 242, 111, 186, 0, 51, 131, 43, 99, 113, 229,
       229, 60, 207, 201, 56, 67, 232, 90, 110, 243, 217, 85, 166, 146,
       236, 117, 105, 137, 244, 219, 157, 13, 248, 225, 182, 111, 170,
       80, 37, 2, 156, 22, 155, 145, 228, 185, 35, 188, 91, 67, 19, 188,
       182, 32, 73, 229, 59, 187, 16, 51, 220, 18, 245, 141, 50, 218, 67,
       152, 64, 165, 154, 33, 32, 236, 25, 68, 187, 224, 19, 94, 113,
       118, 214, 147, 8, 150, 105, 123, 140, 54, 157, 151, 252, 117, 209,
       14, 43, 242, 64, 237, 140, 120, 220, 20, 157, 27, 233, 153, 239,
       19, 250, 54, 104, 232, 0, 150, 247, 33, 112, 209, 89, 27, 122, 25,
       147, 121, 30, 249, 132, 3, 126, 176, 43, 37, 178, 131, 176, 157,
       249, 125, 133, 184, 71, 190, 25, 80, 16, 188, 154, 96, 105, 229,
       27, 59, 29, 51, 92, 146, 215, 13, 158, 90, 106, 152, 0, 161, 139,
       130, 156, 58, 251, 34, 173, 185, 114, 188, 27, 83, 50, 188, 254,
       168, 105, 167, 59, 55, 128, 50, 156, 34, 247, 135, 187, 122, 194,
       144, 9, 1, 179, 57, 123, 121, 236, 116, 143, 95, 124, 81, 232,
       244, 76, 51, 13, 145, 48, 220, 184, 21, 110, 201, 178, 64, 29,
       243, 201, 161, 184, 123, 154, 82, 185, 125, 122, 25, 232, 60, 151,
       74, 120, 69, 232, 188, 76, 187, 211, 177, 244, 220, 168, 92, 110,
       201, 35, 88, 191, 179, 221, 33, 188, 58, 171, 106, 49, 124, 121,
       179, 230, 41, 76, 83, 88, 171, 168, 179, 8, 127, 223, 65, 82, 158,
       245, 125, 98, 72, 99, 218, 136, 209, 249, 65, 62, 74, 51, 70, 51,
       166, 205, 178, 154, 253, 209, 190, 237, 159, 23, 152, 27, 236,
       254, 124, 68, 251, 123, 251, 211, 118, 7, 10, 247, 63, 94, 143,
       127, 148, 94, 181, 206, 67, 186, 149, 31, 42, 201, 161, 191, 190,
       221, 24, 236, 244, 230, 206, 203, 7, 114, 110, 16, 147, 72, 239,
       117, 76, 34, 127, 248, 152, 96, 1, 89, 169, 28, 127, 69, 36, 14,
       105, 51, 125, 206, 118, 4, 187, 23, 149, 117, 78, 188, 86, 44,
       233, 188, 113, 12, 71, 249, 112, 0, 78, 168, 70, 249, 61, 135, 76,
       235, 252, 35, 78, 152, 86, 250, 189, 238, 211, 97, 219, 89, 95,
       204, 46, 254, 175, 98, 77, 61, 254, 207, 229, 188, 189, 251, 88,
       1, 89, 207, 109, 237, 54, 2, 111, 188, 36, 224, 222, 194, 249, 39,
       145, 97, 118, 228, 61, 238, 201, 144, 37, 237, 246, 235, 235, 132,
       39, 179, 113, 104, 137, 148, 179, 125, 17, 254, 105, 23, 117, 67,
       102, 16, 251, 52, 144, 252, 85, 62, 60, 152, 187, 188, 49, 15,
       143, 255, 178, 64, 226, 192, 228, 124, 68, 112, 151, 246, 40, 76,
       33, 24, 170, 184, 162, 72, 214, 243, 73, 127, 166, 117, 120, 90,
       1, 69, 154, 64, 205, 176, 103, 60, 136, 51, 3, 35, 37, 92, 19,
       216, 121, 239, 67, 222, 55, 200, 232, 72, 182, 243, 33, 116, 213,
       56, 30, 24, 33, 31, 114, 30, 185, 190, 33, 122, 154, 56, 35, 185,
       3, 34, 103, 153, 74, 139, 168, 83, 62, 85, 82, 247, 129, 7, 144,
       73, 110, 13, 59, 157, 147, 220, 103, 209, 4, 32, 250, 192, 37,
       132, 53, 240, 120, 139, 255, 231, 112, 78, 107, 180, 58, 245, 110,
       136, 247, 103, 24, 114, 54, 213, 53, 124, 192, 218, 185, 108, 253,
       175, 239, 68, 4, 162, 103, 120, 34, 189, 144, 90, 219, 213, 182,
       207, 155, 29, 120, 25, 44, 254, 102, 148, 233, 123, 131, 145, 86,
       107, 154, 243, 63, 20, 30, 107, 209, 76, 175, 142, 162, 189, 144,
       155, 213, 253, 176, 199, 31, 55, 88, 25, 172, 156, 102, 132, 201,
       59, 147, 17, 54, 124, 82, 247, 45, 22, 158, 99, 146, 76, 157, 142,
       39, 235, 130, 142, 125, 157, 198, 200, 95, 168, 89, 79, 230, 232,
       123, 132, 221, 234, 34, 95, 198, 50, 222, 187, 60, 20, 15, 122,
       92, 63, 91, 132, 100, 117, 135, 191, 88, 15, 111, 248, 183, 148,
       235, 12, 244, 247, 73, 80, 92, 252, 123, 238, 73, 195, 251, 125,
       253, 178, 199, 56, 0, 179, 38, 240, 41, 20, 127, 101, 100, 238,
       105, 51, 109, 79, 126, 16, 187, 23, 150, 113, 70, 188, 86, 8, 161,
       188, 113, 13, 71, 251, 112, 0, 71, 128, 70, 249, 25, 130, 143,
       157, 28, 27, 160, 123, 118, 161, 194, 198, 225, 224, 144, 193,
       121, 108, 106, 44, 173, 248, 199, 29, 28, 39, 251, 4, 41, 168,
       120, 136, 113, 253, 188, 186, 61, 205, 84, 239, 219, 125, 168, 9,
       182, 252, 66, 18, 201, 243, 109, 1, 78, 107, 218, 53, 249, 213,
       23, 123, 88, 8, 199, 90, 3, 2, 237, 153, 68, 175, 233, 19, 62,
       117, 82, 215, 145, 140, 146, 73, 110, 140, 51, 157, 150, 220, 119,
       209, 68, 42, 250, 192, 173, 140, 113, 216, 40, 172, 120, 117, 244,
       235, 103, 183, 117, 39, 126, 24, 179, 37, 128, 48, 59, 254, 6, 8,
       184, 248, 113, 47, 111, 175, 52, 64, 225, 192, 198, 168, 60, 93,
       250, 108, 213, 94, 86, 252, 149, 132, 254, 11, 91, 253, 43, 144,
       120, 252, 199, 98, 76, 163, 24, 142, 115, 239, 37, 21, 99, 191,
       238, 194, 177, 70, 84, 69, 116, 11, 235, 48, 117, 160, 246, 224,
       243, 1, 149, 53, 122, 236, 70, 110, 233, 244, 101, 12, 102, 170,
       96, 0, 111, 184, 66, 168, 213, 70, 206, 165, 36, 10, 77, 48, 100,
