%YAML:1.0
---
descriptors: !!opencv-matrix
   rows: 188
   cols: 32
   dt: u
   data: [ 169, 221, 117, 85, 180, 206, 101, 55, 116, 106, 242, 80, 243,
       21, 144, 113, 56, 156, 110, 104, 233, 252, 117, 15, 229, 235, 100,
       0, 105, 136, 208, 168, 81, 82, 127, 100, 40, 14, 75, 56, 225, 200,
       166, 76, 119, 83, 153, 115, 54, 228, 124, 110, 201, 69, 163, 13,
       211, 171, 97, 148, 104, 162, 66, 33, 83, 143, 234, 227, 242, 0,
       63, 247, 46, 181, 26, 231, 125, 46, 222, 67, 103, 215, 63, 246,
       246, 217, 141, 253, 252, 141, 175, 196, 165, 210, 161, 73, 66,
       188, 164, 155, 137, 228, 189, 143, 174, 87, 138, 17, 172, 252, 94,
       207, 129, 87, 251, 145, 150, 73, 223, 241, 13, 54, 222, 223, 132,
       84, 181, 94, 3, 205, 71, 189, 52, 131, 109, 183, 30, 3, 90, 194,
       253, 171, 176, 96, 127, 111, 63, 141, 227, 152, 71, 255, 172, 190,
       254, 128, 28, 152, 177, 169, 90, 187, 153, 161, 184, 173, 29, 23,
       174, 45, 138, 197, 191, 175, 64, 80, 133, 55, 237, 21, 26, 9, 211,
       17, 233, 245, 62, 254, 136, 64, 131, 91, 105, 55, 59, 101, 112,
       14, 123, 53, 97, 200, 126, 76, 223, 51, 0, 48, 148, 236, 84, 108,
       153, 184, 113, 14, 239, 253, 36, 192, 234, 162, 66, 187, 50, 164,
       104, 72, 93, 247, 203, 107, 87, 109, 189, 23, 104, 108, 190, 52,
       217, 138, 151, 189, 190, 47, 121, 223, 59, 95, 149, 127, 211, 78,
       244, 126, 33, 15, 77, 165, 172, 19, 204, 55, 68, 226, 154, 198,
       243, 40, 144, 227, 76, 230, 126, 173, 253, 250, 69, 142, 164, 239,
       255, 144, 61, 232, 216, 24, 66, 188, 151, 147, 137, 228, 188, 135,
       175, 255, 138, 1, 236, 246, 78, 207, 163, 119, 249, 145, 23, 73,
       155, 225, 141, 50, 223, 251, 128, 84, 133, 94, 160, 236, 157, 249,
       237, 233, 181, 206, 158, 23, 96, 57, 166, 179, 96, 9, 201, 27,
       163, 0, 34, 110, 66, 115, 205, 146, 90, 123, 208, 88, 133, 170,
       115, 14, 239, 77, 44, 62, 207, 59, 209, 206, 222, 6, 67, 237, 151,
       231, 85, 108, 125, 46, 232, 229, 245, 139, 35, 126, 193, 148, 103,
       236, 122, 228, 175, 206, 113, 79, 245, 182, 235, 191, 93, 74, 127,
       82, 89, 122, 189, 229, 93, 78, 22, 189, 183, 180, 61, 239, 111,
       253, 162, 196, 159, 197, 248, 165, 246, 249, 18, 174, 57, 205, 82,
       232, 175, 172, 161, 41, 110, 222, 108, 212, 216, 241, 237, 82, 78,
       35, 218, 177, 155, 212, 1, 123, 80, 14, 46, 14, 71, 20, 135, 151,
       169, 116, 184, 135, 191, 223, 130, 17, 204, 190, 71, 207, 193, 87,
       249, 145, 53, 77, 219, 192, 141, 50, 95, 215, 128, 100, 173, 95,
       210, 34, 10, 200, 8, 97, 40, 67, 172, 5, 210, 155, 140, 134, 96,
       216, 236, 145, 207, 148, 26, 15, 129, 192, 149, 176, 154, 219, 16,
       0, 165, 82, 216, 138, 26, 184, 49, 174, 88, 23, 63, 13, 166, 149,
       175, 7, 34, 216, 183, 183, 237, 28, 58, 141, 17, 55, 202, 247, 58,
       209, 186, 132, 41, 27, 33, 200, 119, 77, 116, 207, 231, 246, 84,
       8, 244, 64, 50, 81, 180, 53, 88, 248, 22, 106, 233, 190, 112, 61,
       101, 154, 32, 0, 91, 152, 114, 169, 245, 168, 173, 181, 140, 111,
       73, 138, 242, 255, 130, 25, 211, 45, 80, 107, 201, 198, 121, 157,
       60, 79, 219, 34, 201, 235, 253, 93, 128, 104, 210, 66, 40, 31, 88,
       126, 186, 171, 22, 59, 159, 12, 125, 109, 230, 233, 161, 64, 222,
       58, 143, 18, 34, 42, 74, 63, 106, 247, 37, 27, 218, 202, 76, 155,
       241, 112, 26, 32, 0, 15, 81, 16, 32, 36, 230, 29, 151, 1, 2, 17,
       128, 132, 72, 108, 8, 191, 209, 12, 209, 169, 0, 80, 104, 8, 74,
       82, 1, 142, 39, 223, 52, 188, 232, 51, 252, 73, 90, 84, 255, 40,
       180, 224, 129, 34, 127, 13, 183, 184, 39, 199, 140, 127, 58, 192,
       204, 136, 217, 125, 72, 185, 156, 50, 169, 232, 20, 135, 170, 155,
       168, 57, 190, 247, 74, 26, 129, 119, 236, 16, 26, 75, 218, 33,
       200, 135, 127, 123, 136, 64, 143, 27, 57, 54, 107, 73, 23, 63,
       233, 90, 85, 96, 254, 70, 27, 13, 54, 36, 124, 140, 19, 61, 137,
       181, 53, 158, 83, 237, 131, 68, 127, 141, 112, 244, 10, 154, 230,
       91, 115, 148, 184, 199, 31, 93, 87, 247, 172, 142, 254, 205, 231,
       59, 179, 149, 182, 220, 175, 245, 14, 123, 218, 195, 159, 132,
       173, 221, 22, 95, 11, 191, 50, 134, 63, 114, 188, 200, 218, 231,
       189, 223, 161, 64, 246, 123, 63, 199, 201, 153, 2, 238, 224, 231,
       170, 128, 60, 179, 33, 249, 75, 177, 16, 58, 251, 149, 188, 253,
       175, 25, 120, 236, 172, 214, 168, 212, 134, 19, 222, 84, 83, 9,
       26, 213, 60, 176, 30, 238, 90, 6, 171, 29, 111, 181, 226, 0, 219,
       123, 184, 107, 171, 229, 187, 175, 8, 238, 70, 150, 182, 183, 247,
       181, 149, 91, 180, 204, 62, 84, 13, 255, 143, 110, 143, 87, 70,
       175, 186, 146, 251, 181, 190, 195, 171, 181, 29, 141, 140, 238,
       119, 10, 167, 127, 243, 151, 150, 91, 158, 240, 191, 85, 143, 239,
       133, 103, 171, 215, 200, 60, 255, 117, 224, 234, 113, 23, 253,
       151, 102, 24, 183, 55, 0, 59, 129, 54, 108, 24, 48, 252, 241, 34,
       199, 251, 84, 17, 192, 216, 199, 234, 88, 157, 191, 246, 58, 202,
       93, 51, 186, 172, 142, 169, 255, 55, 2, 83, 166, 119, 125, 0, 120,
       201, 163, 47, 251, 231, 111, 145, 32, 160, 5, 107, 136, 142, 148,
       255, 185, 249, 19, 134, 158, 15, 108, 48, 174, 243, 33, 204, 193,
       122, 138, 0, 50, 204, 67, 191, 205, 247, 22, 27, 146, 77, 13, 42,
       141, 101, 120, 103, 84, 14, 111, 184, 121, 128, 111, 16, 219, 83,
       25, 48, 52, 76, 66, 110, 97, 176, 57, 110, 103, 189, 5, 4, 74,
       179, 66, 160, 155, 201, 76, 181, 38, 2, 111, 189, 190, 208, 22,
       199, 253, 91, 219, 99, 119, 77, 61, 239, 231, 220, 31, 221, 236,
       235, 239, 132, 45, 176, 185, 152, 66, 249, 164, 154, 137, 205,
       191, 172, 174, 221, 138, 1, 172, 254, 82, 70, 133, 115, 251, 209,
       22, 73, 219, 241, 157, 52, 223, 251, 128, 22, 191, 126, 129, 221,
       119, 95, 100, 215, 231, 182, 92, 72, 122, 98, 184, 28, 180, 229,
       202, 50, 22, 202, 225, 188, 101, 255, 37, 184, 178, 130, 95, 24,
       113, 173, 188, 68, 109, 110, 108, 123, 86, 88, 85, 238, 245, 41,
       83, 93, 185, 49, 216, 184, 7, 98, 108, 55, 105, 30, 115, 235, 225,
       177, 119, 251, 86, 227, 133, 208, 191, 91, 37, 252, 241, 144, 255,
       89, 55, 48, 158, 215, 174, 124, 167, 16, 110, 24, 135, 165, 35,
       209, 75, 251, 114, 199, 210, 129, 101, 119, 157, 205, 238, 175,
       150, 66, 102, 228, 84, 74, 214, 18, 83, 56, 187, 107, 120, 198,
       62, 239, 124, 183, 13, 174, 242, 239, 230, 197, 189, 251, 248, 2,
       129, 130, 183, 91, 116, 174, 249, 210, 254, 89, 115, 116, 156,
       219, 172, 252, 167, 9, 102, 28, 179, 188, 35, 115, 12, 190, 50,
       64, 218, 129, 99, 161, 72, 106, 126, 251, 98, 136, 121, 16, 37,
       21, 71, 128, 143, 131, 64, 93, 38, 188, 47, 216, 10, 144, 199,
       177, 199, 241, 82, 65, 38, 129, 164, 32, 141, 140, 238, 155, 212,
       242, 237, 135, 84, 87, 70, 146, 241, 104, 63, 237, 91, 234, 51,
       157, 62, 252, 125, 239, 79, 43, 222, 65, 167, 220, 240, 228, 186,
       12, 111, 215, 135, 118, 237, 103, 148, 215, 198, 19, 97, 47, 54,
       111, 105, 230, 187, 173, 60, 221, 117, 238, 95, 107, 218, 65, 167,
       109, 244, 246, 135, 19, 191, 250, 236, 165, 191, 216, 143, 89, 29,
       103, 220, 255, 253, 106, 255, 91, 63, 119, 147, 33, 42, 240, 127,
       89, 239, 238, 152, 251, 181, 241, 54, 56, 154, 240, 79, 253, 208,
       194, 203, 181, 180, 11, 46, 152, 103, 154, 171, 179, 207, 81, 14,
       99, 146, 240, 155, 208, 25, 123, 192, 13, 79, 15, 66, 40, 23, 216,
       73, 217, 49, 66, 175, 140, 228, 0, 172, 151, 100, 214, 232, 187,
       235, 208, 2, 11, 178, 245, 151, 112, 154, 123, 18, 4, 39, 174,
       212, 208, 173, 189, 8, 71, 21, 169, 150, 246, 134, 27, 247, 116,
       43, 75, 217, 116, 105, 35, 104, 69, 123, 28, 201, 163, 239, 29,
       16, 104, 53, 114, 241, 80, 19, 72, 77, 109, 80, 70, 100, 66, 160,
       24, 18, 16, 32, 121, 200, 132, 90, 40, 77, 39, 80, 0, 145, 184,
       16, 26, 73, 24, 250, 14, 59, 17, 99, 233, 23, 62, 232, 90, 85, 96,
