%YAML:1.0
---
descriptors: !!opencv-matrix
   rows: 186
   cols: 32
   dt: u
   data: [ 225, 239, 61, 33, 188, 143, 103, 183, 252, 237, 62, 92, 179,
       33, 144, 18, 1, 102, 76, 60, 242, 233, 113, 63, 108, 159, 53, 80,
       200, 216, 210, 41, 229, 207, 9, 117, 172, 15, 71, 188, 80, 190,
       54, 76, 243, 97, 17, 51, 24, 110, 100, 110, 232, 124, 251, 63,
       239, 171, 101, 52, 72, 249, 80, 104, 47, 203, 193, 73, 238, 27,
       172, 159, 90, 115, 48, 238, 131, 32, 213, 252, 95, 204, 166, 80,
       211, 92, 237, 146, 44, 14, 245, 244, 191, 252, 210, 173, 43, 141,
       96, 12, 207, 147, 220, 111, 65, 228, 252, 143, 41, 56, 22, 148,
       76, 167, 215, 225, 220, 42, 71, 253, 62, 121, 196, 249, 119, 134,
       234, 206, 134, 163, 128, 154, 253, 145, 180, 205, 31, 29, 85, 183,
       204, 200, 126, 142, 157, 75, 235, 87, 86, 99, 202, 243, 62, 20,
       31, 239, 214, 95, 191, 199, 53, 79, 76, 5, 116, 11, 238, 184, 117,
       232, 218, 207, 83, 104, 149, 196, 92, 196, 70, 239, 237, 178, 77,
       44, 52, 44, 165, 132, 109, 187, 88, 4, 9, 158, 31, 125, 52, 190,
       233, 55, 125, 73, 126, 100, 191, 50, 144, 228, 135, 38, 126, 12,
       145, 184, 97, 79, 174, 255, 50, 192, 202, 128, 73, 57, 11, 154,
       250, 89, 52, 248, 249, 23, 127, 77, 118, 181, 171, 136, 182, 236,
       134, 42, 134, 28, 150, 184, 37, 231, 70, 127, 50, 195, 206, 140,
       77, 93, 189, 73, 110, 175, 132, 6, 239, 245, 84, 71, 199, 151, 81,
       43, 51, 73, 120, 206, 59, 239, 252, 155, 61, 238, 240, 47, 222,
       68, 173, 251, 240, 200, 220, 93, 29, 251, 138, 232, 5, 159, 166,
       176, 142, 32, 255, 215, 65, 123, 1, 55, 253, 90, 43, 69, 251, 52,
       233, 225, 119, 93, 162, 211, 165, 42, 60, 85, 242, 228, 245, 86,
       86, 249, 53, 134, 255, 3, 91, 255, 43, 144, 120, 244, 199, 226,
       108, 179, 25, 142, 243, 239, 165, 5, 99, 255, 238, 195, 2, 173,
       182, 155, 253, 233, 188, 239, 191, 23, 73, 19, 236, 254, 108, 200,
       227, 123, 251, 145, 54, 75, 202, 247, 47, 54, 223, 111, 144, 76,
       173, 206, 18, 34, 230, 153, 74, 130, 185, 75, 54, 53, 210, 247,
       137, 142, 166, 73, 110, 157, 175, 145, 150, 216, 71, 209, 92, 32,
       250, 193, 53, 132, 53, 221, 61, 52, 120, 67, 215, 127, 115, 216,
       67, 237, 61, 14, 219, 56, 219, 44, 57, 204, 94, 62, 149, 112, 125,
       150, 223, 221, 1, 118, 235, 239, 90, 215, 1, 32, 197, 145, 100,
       185, 232, 19, 127, 113, 118, 214, 153, 136, 214, 237, 106, 8, 54,
       157, 135, 252, 103, 209, 6, 58, 114, 192, 207, 140, 89, 156, 51,
       18, 236, 157, 86, 2, 169, 91, 22, 245, 210, 247, 65, 14, 182, 73,
       124, 141, 175, 149, 158, 222, 231, 213, 92, 34, 250, 192, 189,
       140, 56, 220, 72, 153, 183, 119, 137, 206, 53, 167, 238, 209, 46,
       0, 252, 55, 0, 110, 161, 119, 120, 8, 17, 201, 51, 101, 237, 182,
       94, 66, 128, 96, 133, 59, 113, 56, 156, 48, 12, 237, 80, 2, 162,
       115, 172, 29, 183, 145, 66, 26, 137, 162, 108, 20, 31, 111, 210,
       1, 211, 201, 48, 57, 232, 73, 90, 82, 69, 217, 181, 85, 173, 76,
       103, 182, 235, 249, 166, 8, 246, 177, 65, 118, 129, 102, 120, 88,
       83, 105, 251, 32, 173, 190, 69, 86, 192, 48, 193, 108, 60, 221,
       250, 101, 180, 86, 255, 248, 117, 174, 254, 2, 91, 255, 191, 96,
       122, 220, 183, 234, 216, 179, 189, 206, 115, 239, 167, 133, 103,
       251, 236, 226, 137, 138, 247, 91, 36, 186, 233, 23, 126, 21, 118,
       240, 251, 65, 180, 125, 35, 58, 110, 24, 179, 252, 39, 117, 5,
       250, 114, 64, 198, 128, 197, 169, 60, 92, 19, 238, 81, 207, 83,
       112, 165, 66, 225, 12, 127, 211, 33, 145, 216, 185, 87, 106, 105,
       151, 24, 60, 209, 233, 33, 0, 122, 35, 98, 178, 184, 248, 120,
       122, 121, 205, 83, 242, 163, 108, 180, 41, 63, 159, 3, 17, 206,
       187, 213, 194, 106, 62, 120, 61, 243, 201, 48, 187, 114, 145, 6,
       219, 60, 13, 62, 254, 149, 231, 71, 99, 212, 134, 239, 2, 115,
       243, 33, 65, 121, 250, 11, 168, 56, 179, 25, 63, 241, 239, 135, 1,
       178, 123, 244, 162, 89, 223, 23, 111, 176, 14, 87, 181, 108, 8,
       254, 100, 255, 115, 128, 240, 150, 118, 92, 110, 201, 169, 73, 61,
       224, 253, 37, 144, 106, 178, 131, 57, 189, 82, 106, 236, 52, 23,
       75, 88, 97, 72, 245, 76, 83, 73, 63, 48, 220, 136, 84, 238, 205,
       167, 112, 140, 211, 249, 162, 152, 123, 170, 122, 17, 198, 237,
       142, 255, 153, 135, 30, 232, 190, 182, 192, 1, 229, 231, 105, 67,
       217, 127, 107, 242, 106, 211, 219, 63, 185, 231, 207, 93, 144,
       115, 39, 130, 185, 123, 105, 237, 116, 143, 79, 125, 80, 104, 116,
       78, 51, 9, 177, 48, 92, 168, 22, 110, 201, 178, 96, 29, 103, 205,
       33, 160, 127, 154, 82, 169, 140, 245, 125, 123, 180, 79, 119, 185,
       126, 26, 119, 72, 223, 247, 137, 17, 151, 88, 111, 122, 226, 240,
       251, 63, 239, 255, 101, 68, 80, 243, 198, 179, 187, 207, 107, 254,
       54, 147, 203, 242, 149, 68, 214, 150, 113, 203, 178, 96, 122, 234,
       23, 207, 239, 159, 46, 255, 242, 239, 186, 128, 55, 136, 112, 232,
       133, 228, 135, 31, 220, 63, 230, 239, 118, 243, 211, 82, 227, 232,
       156, 229, 121, 238, 106, 173, 181, 244, 221, 223, 60, 46, 215, 4,
       205, 248, 248, 132, 18, 238, 198, 159, 219, 35, 172, 238, 151,
       183, 210, 215, 232, 226, 126, 207, 125, 239, 235, 149, 60, 223,
       207, 255, 188, 38, 223, 223, 189, 124, 185, 140, 73, 159, 122,
       101, 52, 190, 105, 55, 109, 73, 126, 100, 191, 32, 150, 112, 134,
       38, 126, 12, 157, 184, 101, 15, 238, 255, 50, 192, 202, 128, 201,
       45, 200, 60, 190, 117, 224, 238, 117, 23, 249, 255, 102, 28, 191,
       55, 3, 123, 133, 119, 125, 8, 177, 252, 240, 42, 199, 251, 116, 1,
       194, 208, 199, 251, 66, 185, 191, 241, 169, 196, 185, 71, 174,
       253, 150, 33, 156, 191, 96, 106, 231, 119, 255, 145, 17, 201, 178,
       192, 223, 243, 223, 203, 136, 0, 165, 123, 45, 183, 121, 103, 116,
       15, 107, 56, 125, 72, 127, 100, 211, 117, 152, 48, 30, 76, 22,
       110, 153, 176, 105, 15, 103, 189, 32, 192, 104, 163, 66, 241, 36,
       54, 184, 35, 236, 109, 183, 223, 10, 255, 57, 189, 151, 172, 75,
       26, 157, 79, 67, 23, 148, 114, 250, 2, 76, 149, 125, 190, 201,
       123, 135, 211, 170, 162, 116, 81, 111, 153, 177, 175, 79, 63, 52,
       58, 140, 28, 204, 191, 167, 19, 230, 1, 246, 124, 111, 209, 30,
       91, 81, 247, 86, 12, 197, 239, 222, 79, 111, 175, 164, 2, 79, 176,
       21, 198, 223, 231, 113, 103, 155, 71, 126, 230, 189, 239, 232,
       146, 109, 174, 240, 103, 238, 128, 39, 255, 52, 112, 129, 144,
       155, 187, 116, 172, 104, 147, 63, 91, 119, 84, 156, 211, 186, 120,
       183, 11, 55, 28, 183, 220, 34, 115, 78, 191, 58, 200, 152, 128,
       235, 209, 190, 26, 112, 190, 47, 177, 18, 113, 157, 6, 213, 175,
       47, 222, 35, 145, 206, 185, 133, 131, 174, 7, 74, 159, 210, 209,
       8, 187, 118, 47, 46, 215, 169, 40, 57, 99, 172, 253, 97, 3, 228,
       83, 230, 24, 147, 20, 194, 42, 72, 2, 90, 24, 27, 60, 113, 32,
       197, 137, 48, 80, 200, 72, 210, 112, 76, 213, 93, 109, 188, 15,
       127, 184, 110, 168, 191, 64, 223, 115, 137, 112, 151, 84, 108,
       106, 201, 161, 121, 29, 239, 255, 101, 20, 90, 243, 67, 51, 40,
       189, 121, 97, 112, 237, 113, 119, 97, 105, 108, 12, 59, 31, 0, 48,
       142, 187, 23, 24, 27, 186, 112, 29, 111, 205, 48, 96, 105, 128,
       198, 187, 41, 38, 98, 73, 87, 183, 240, 74, 95, 70, 125, 2, 41,
       216, 183, 36, 120, 168, 18, 61, 134, 182, 52, 223, 87, 79, 147,
       41, 247, 12, 120, 204, 3, 221, 124, 255, 60, 145, 252, 183, 94,
       89, 90, 70, 189, 234, 176, 64, 247, 107, 63, 201, 227, 152, 115,
       255, 238, 255, 190, 192, 28, 152, 177, 137, 157, 205, 238, 183,
       150, 2, 111, 229, 116, 86, 198, 3, 113, 107, 59, 97, 121, 206, 63,
       239, 124, 217, 29, 238, 248, 235, 239, 68, 45, 186, 248, 72, 0,
       158, 55, 223, 52, 186, 233, 55, 236, 13, 90, 228, 239, 168, 180,
       228, 199, 50, 110, 9, 147, 184, 37, 247, 140, 254, 58, 194, 196,
