%YAML:1.0
---
descriptors: !!opencv-matrix
   rows: 387
   cols: 32
   dt: u
   data: [ 112, 201, 125, 126, 156, 194, 71, 175, 226, 132, 138, 0, 243,
       126, 17, 114, 64, 242, 121, 195, 72, 201, 123, 61, 169, 170, 237,
       16, 52, 50, 246, 106, 57, 176, 236, 85, 85, 62, 233, 122, 115,
       224, 118, 14, 59, 56, 150, 181, 121, 140, 182, 173, 173, 250, 245,
       220, 30, 111, 241, 5, 111, 172, 122, 188, 116, 101, 236, 54, 136,
       0, 79, 141, 251, 150, 142, 137, 111, 227, 91, 91, 19, 198, 121,
       255, 120, 67, 206, 106, 248, 62, 197, 25, 164, 246, 242, 106, 33,
       42, 77, 25, 100, 152, 96, 0, 108, 85, 103, 5, 131, 128, 214, 220,
       40, 140, 106, 92, 6, 184, 199, 0, 6, 184, 18, 64, 98, 137, 74,
       196, 112, 62, 255, 109, 56, 207, 91, 216, 55, 173, 238, 172, 119,
       199, 128, 80, 118, 252, 111, 152, 10, 155, 241, 31, 213, 164, 33,
       176, 162, 130, 38, 123, 8, 181, 24, 122, 185, 157, 18, 159, 191,
       25, 56, 113, 190, 222, 40, 48, 135, 27, 204, 16, 54, 41, 26, 119,
       235, 213, 50, 127, 216, 0, 135, 27, 153, 207, 207, 189, 150, 130,
       111, 247, 22, 3, 218, 210, 241, 99, 176, 64, 121, 238, 63, 205,
       249, 152, 69, 255, 236, 175, 254, 128, 61, 216, 240, 40, 18, 95,
       43, 191, 50, 134, 191, 114, 188, 76, 218, 231, 189, 222, 163, 64,
       230, 123, 191, 199, 193, 153, 2, 255, 224, 231, 170, 136, 20, 149,
       33, 249, 182, 182, 236, 165, 219, 83, 150, 251, 18, 234, 156, 126,
       96, 124, 71, 34, 29, 213, 245, 179, 237, 75, 239, 158, 121, 6,
       237, 191, 189, 108, 30, 223, 120, 150, 30, 109, 56, 174, 89, 59,
       50, 41, 230, 117, 31, 19, 130, 80, 85, 148, 237, 136, 43, 159,
       193, 23, 210, 231, 48, 212, 42, 128, 34, 27, 3, 190, 133, 187, 59,
       173, 56, 11, 63, 113, 9, 245, 172, 198, 66, 132, 167, 43, 251, 21,
       23, 24, 91, 119, 140, 22, 27, 242, 152, 4, 137, 221, 89, 74, 86,
       81, 2, 154, 105, 22, 117, 49, 102, 0, 159, 2, 194, 125, 102, 140,
       110, 152, 14, 152, 229, 64, 214, 224, 50, 64, 42, 128, 41, 12, 70,
       187, 190, 254, 14, 212, 184, 200, 142, 93, 212, 167, 252, 254,
       110, 74, 230, 113, 251, 209, 135, 75, 190, 241, 90, 33, 239, 207,
       157, 34, 45, 223, 1, 105, 26, 177, 34, 137, 40, 23, 172, 17, 214,
       226, 189, 147, 224, 207, 102, 25, 14, 152, 67, 152, 195, 193, 132,
       128, 186, 200, 44, 136, 137, 168, 247, 53, 235, 36, 206, 78, 199,
       251, 49, 234, 188, 175, 83, 125, 211, 50, 61, 230, 244, 39, 237,
       227, 189, 10, 121, 39, 229, 188, 237, 246, 118, 255, 2, 10, 159,
       212, 112, 166, 41, 98, 188, 174, 195, 231, 84, 231, 37, 88, 247,
       117, 43, 180, 32, 149, 8, 78, 89, 166, 255, 132, 128, 98, 37, 51,
       210, 78, 212, 253, 42, 35, 28, 47, 148, 178, 130, 249, 231, 43,
       128, 75, 199, 245, 109, 163, 104, 69, 71, 27, 128, 226, 123, 144,
       20, 248, 1, 9, 128, 142, 157, 251, 136, 233, 49, 207, 158, 23, 64,
       48, 166, 242, 40, 73, 193, 27, 42, 16, 50, 77, 75, 55, 205, 182,
       94, 115, 144, 72, 133, 42, 9, 20, 211, 73, 215, 248, 97, 87, 117,
       75, 126, 112, 58, 17, 164, 252, 123, 154, 6, 24, 147, 186, 37,
       194, 23, 62, 16, 66, 243, 200, 226, 173, 144, 158, 15, 181, 164,
       166, 101, 247, 180, 158, 210, 247, 247, 39, 32, 75, 229, 246, 111,
       33, 105, 221, 17, 47, 173, 131, 246, 128, 32, 248, 180, 123, 165,
       122, 41, 122, 44, 135, 203, 248, 214, 72, 213, 78, 211, 205, 177,
       32, 92, 168, 87, 239, 201, 38, 126, 31, 195, 9, 161, 184, 93, 187,
       122, 241, 5, 246, 200, 39, 182, 14, 110, 184, 126, 234, 91, 197,
       209, 98, 155, 80, 55, 206, 53, 239, 213, 144, 221, 114, 110, 111,
       175, 132, 44, 247, 249, 145, 144, 14, 175, 183, 132, 235, 101, 55,
       180, 191, 90, 87, 229, 39, 48, 75, 33, 231, 111, 129, 112, 221, 3,
       111, 197, 38, 254, 128, 160, 240, 149, 106, 77, 85, 225, 199, 180,
       94, 238, 184, 96, 192, 123, 70, 211, 120, 157, 228, 114, 196, 60,
       111, 197, 176, 125, 172, 172, 126, 39, 132, 110, 251, 209, 37,
       129, 192, 243, 91, 100, 156, 233, 144, 127, 89, 115, 84, 157, 154,
       252, 253, 167, 9, 38, 28, 131, 244, 50, 241, 14, 184, 114, 64,
       218, 129, 99, 165, 124, 181, 188, 26, 221, 247, 80, 201, 211, 245,
       173, 25, 74, 248, 126, 156, 217, 135, 194, 177, 62, 107, 248, 222,
       123, 95, 149, 127, 211, 14, 222, 70, 176, 77, 120, 79, 102, 217,
       247, 248, 84, 72, 253, 34, 114, 81, 175, 33, 122, 120, 22, 106,
       107, 55, 41, 63, 114, 139, 33, 145, 119, 187, 108, 171, 101, 252,
       185, 120, 173, 204, 85, 175, 203, 83, 40, 8, 246, 251, 76, 114,
       193, 82, 124, 16, 75, 108, 250, 49, 251, 156, 21, 126, 216, 80,
       210, 42, 219, 50, 255, 185, 42, 141, 185, 83, 61, 249, 82, 247,
       188, 158, 198, 107, 166, 61, 255, 5, 163, 221, 163, 193, 214, 121,
       122, 130, 12, 132, 1, 127, 128, 34, 110, 115, 32, 172, 233, 16,
       102, 21, 87, 133, 149, 143, 90, 72, 102, 24, 35, 220, 130, 180,
       103, 0, 69, 169, 162, 192, 100, 131, 101, 240, 107, 205, 108, 94,
       93, 147, 216, 39, 87, 96, 236, 137, 57, 56, 54, 245, 76, 178, 178,
       137, 236, 58, 119, 255, 118, 127, 208, 27, 95, 140, 216, 78, 129,
       142, 223, 244, 116, 42, 237, 255, 126, 227, 86, 246, 93, 235, 177,
       99, 119, 111, 62, 173, 161, 253, 173, 206, 252, 191, 255, 132,
       140, 240, 33, 185, 131, 32, 18, 169, 77, 25, 176, 70, 236, 97,
       210, 83, 136, 152, 54, 232, 232, 137, 202, 145, 133, 183, 197,
       192, 20, 48, 26, 3, 77, 12, 57, 134, 242, 34, 10, 136, 72, 99,
       152, 66, 172, 4, 224, 171, 4, 134, 32, 80, 236, 149, 207, 160, 8,
       7, 193, 64, 149, 32, 138, 249, 17, 1, 39, 130, 226, 115, 206, 183,
       46, 171, 148, 7, 207, 164, 146, 237, 230, 41, 135, 10, 142, 182,
       237, 1, 140, 249, 195, 137, 198, 115, 117, 147, 76, 92, 88, 27,
       15, 247, 236, 111, 238, 27, 239, 184, 226, 240, 29, 228, 217, 111,
       223, 166, 23, 76, 119, 238, 247, 80, 238, 219, 110, 79, 109, 172,
       47, 247, 91, 245, 187, 245, 116, 124, 191, 87, 222, 249, 155, 248,
       28, 169, 109, 253, 190, 167, 150, 121, 213, 103, 228, 97, 58, 157,
       107, 219, 109, 191, 119, 244, 74, 215, 61, 165, 64, 9, 212, 159,
       226, 248, 68, 232, 249, 70, 83, 88, 191, 164, 120, 136, 22, 127,
       191, 178, 77, 156, 62, 77, 161, 196, 253, 175, 120, 132, 255, 217,
       224, 86, 33, 84, 94, 177, 227, 94, 167, 24, 106, 252, 95, 182,
       172, 245, 245, 195, 252, 103, 191, 99, 179, 248, 69, 171, 103,
       183, 238, 118, 75, 85, 105, 76, 58, 211, 175, 184, 220, 192, 92,
       228, 253, 231, 185, 96, 22, 124, 127, 239, 225, 0, 174, 63, 102,
       111, 47, 184, 62, 182, 1, 113, 68, 173, 215, 87, 250, 234, 46,
       143, 186, 179, 170, 200, 213, 183, 197, 127, 67, 118, 104, 24, 17,
       201, 251, 96, 109, 174, 247, 28, 128, 240, 135, 56, 67, 134, 47,
       189, 52, 174, 232, 51, 252, 75, 91, 85, 247, 40, 146, 98, 133, 38,
       127, 13, 181, 184, 3, 199, 204, 127, 250, 192, 140, 140, 217, 25,
       102, 181, 44, 218, 221, 213, 209, 239, 155, 93, 252, 27, 104, 237,
       62, 3, 201, 146, 243, 53, 114, 107, 58, 215, 123, 31, 213, 111,
       211, 12, 254, 246, 246, 123, 232, 126, 34, 132, 95, 16, 49, 134,
       231, 197, 35, 75, 23, 82, 214, 253, 61, 199, 200, 134, 253, 107,
       243, 173, 132, 144, 45, 179, 114, 113, 252, 118, 127, 229, 124,
       74, 71, 56, 33, 206, 246, 230, 83, 21, 145, 115, 126, 244, 125,
       106, 233, 231, 225, 138, 243, 233, 165, 144, 103, 250, 118, 121,
       148, 1, 173, 203, 150, 99, 75, 152, 86, 209, 223, 146, 209, 103,
       249, 104, 121, 210, 31, 251, 155, 193, 111, 114, 217, 7, 171, 196,
       181, 235, 52, 112, 125, 245, 112, 66, 151, 127, 86, 189, 81, 239,
       189, 63, 75, 120, 222, 180, 185, 198, 196, 114, 188, 162, 124,
       182, 59, 95, 5, 127, 235, 95, 218, 71, 62, 144, 36, 107, 41, 221,
       81, 24, 231, 93, 87, 37, 74, 220, 174, 124, 212, 24, 255, 66, 143,
       16, 123, 145, 71, 121, 161, 207, 58, 135, 92, 87, 29, 123, 174,
