%YAML:1.0
---
descriptors: !!opencv-matrix
   rows: 243
   cols: 32
   dt: u
   data: [ 73, 152, 188, 49, 185, 191, 89, 151, 239, 249, 158, 109, 222,
       29, 66, 250, 135, 55, 253, 21, 151, 201, 115, 148, 207, 255, 125,
       214, 138, 196, 137, 91, 138, 156, 180, 157, 125, 247, 184, 39, 31,
       127, 214, 19, 172, 62, 38, 205, 205, 55, 187, 145, 54, 220, 113,
       223, 143, 119, 218, 195, 146, 76, 157, 223, 146, 133, 22, 252, 21,
       194, 108, 103, 181, 3, 202, 18, 41, 179, 32, 65, 224, 179, 35,
       128, 112, 155, 19, 223, 177, 230, 218, 3, 49, 0, 229, 10, 70, 253,
       180, 154, 185, 221, 22, 239, 171, 93, 141, 9, 236, 246, 74, 151,
       129, 243, 249, 81, 118, 75, 250, 125, 185, 16, 15, 127, 144, 86,
       143, 78, 175, 190, 240, 89, 253, 189, 216, 218, 91, 59, 53, 124,
       136, 216, 220, 188, 159, 72, 150, 24, 183, 118, 238, 242, 14, 94,
       49, 238, 219, 197, 74, 133, 42, 249, 112, 94, 107, 221, 90, 152,
       139, 252, 60, 45, 238, 223, 70, 180, 134, 251, 245, 67, 135, 106,
       250, 253, 75, 93, 5, 187, 91, 135, 14, 247, 42, 123, 186, 70, 105,
       157, 158, 124, 139, 172, 188, 205, 42, 221, 86, 54, 140, 249, 215,
       82, 204, 107, 242, 168, 59, 89, 37, 187, 75, 62, 14, 255, 18, 158,
       111, 127, 178, 226, 121, 55, 117, 67, 94, 247, 121, 63, 150, 97,
       119, 159, 53, 141, 191, 220, 53, 207, 111, 239, 250, 194, 37, 128,
       180, 127, 137, 50, 59, 25, 121, 247, 49, 83, 86, 111, 214, 244,
       148, 148, 162, 236, 93, 60, 250, 28, 183, 223, 227, 18, 86, 103,
       50, 250, 154, 140, 45, 245, 104, 23, 122, 103, 244, 110, 127, 55,
       113, 206, 126, 40, 255, 119, 138, 48, 148, 254, 69, 44, 232, 184,
       97, 47, 231, 255, 36, 128, 96, 226, 206, 251, 75, 183, 250, 66,
       241, 189, 26, 87, 43, 233, 157, 237, 190, 252, 222, 180, 183, 59,
       223, 21, 151, 11, 168, 243, 122, 93, 45, 250, 142, 206, 139, 127,
       139, 186, 253, 125, 58, 179, 88, 58, 95, 249, 84, 245, 253, 255,
       214, 44, 151, 125, 245, 28, 166, 92, 239, 159, 78, 223, 113, 174,
       190, 164, 65, 125, 239, 16, 230, 30, 127, 220, 184, 72, 255, 204,
       119, 191, 104, 220, 190, 122, 230, 177, 255, 215, 246, 7, 63, 255,
       23, 58, 155, 139, 23, 133, 85, 87, 102, 156, 102, 222, 125, 215,
       250, 232, 63, 61, 123, 139, 104, 124, 63, 209, 255, 151, 179, 161,
       182, 55, 31, 253, 63, 62, 139, 131, 85, 15, 127, 215, 173, 124,
       109, 77, 100, 86, 239, 248, 81, 206, 244, 162, 81, 93, 151, 49,
       126, 252, 23, 238, 233, 246, 117, 172, 103, 203, 227, 128, 103,
       187, 118, 241, 58, 57, 50, 76, 105, 217, 81, 88, 143, 76, 172,
       173, 42, 221, 39, 180, 220, 56, 229, 64, 12, 35, 50, 152, 211,
       241, 1, 59, 82, 175, 14, 215, 88, 31, 55, 228, 176, 46, 95, 55,
       161, 136, 154, 72, 255, 55, 16, 114, 166, 247, 125, 173, 249, 137,
       1, 12, 249, 239, 104, 144, 34, 226, 163, 57, 242, 151, 107, 172,
       246, 66, 255, 127, 24, 74, 218, 231, 113, 47, 176, 65, 126, 215,
       31, 225, 249, 171, 4, 207, 112, 47, 174, 148, 53, 234, 181, 249,
       152, 211, 103, 169, 174, 131, 237, 253, 4, 124, 218, 231, 145,
       143, 184, 65, 126, 136, 55, 239, 201, 154, 103, 209, 240, 193,
       238, 132, 61, 186, 176, 249, 32, 186, 158, 249, 100, 168, 112, 83,
       239, 29, 114, 117, 166, 139, 224, 27, 200, 185, 102, 16, 30, 254,
       194, 1, 140, 240, 112, 203, 200, 8, 70, 139, 42, 191, 105, 201,
       254, 187, 251, 255, 11, 109, 60, 239, 153, 47, 214, 52, 38, 147,
       215, 157, 147, 26, 108, 253, 126, 93, 175, 230, 191, 198, 215,
       253, 15, 118, 121, 3, 114, 62, 187, 24, 43, 104, 95, 229, 221, 78,
       159, 228, 151, 93, 151, 47, 149, 144, 173, 222, 6, 125, 42, 194,
       14, 167, 7, 245, 218, 241, 59, 186, 59, 192, 189, 229, 174, 85,
       196, 35, 60, 223, 106, 96, 166, 59, 251, 209, 83, 79, 186, 213,
       249, 241, 14, 235, 16, 2, 167, 251, 15, 191, 128, 187, 240, 173,
       186, 154, 62, 89, 124, 245, 157, 238, 219, 12, 223, 75, 183, 221,
       151, 88, 95, 247, 172, 95, 47, 236, 206, 199, 171, 213, 61, 79,
       106, 238, 100, 2, 239, 248, 84, 200, 254, 230, 115, 232, 183, 97,
       120, 236, 38, 111, 205, 179, 44, 173, 114, 235, 227, 128, 61, 187,
       112, 201, 113, 229, 121, 76, 116, 79, 71, 253, 65, 40, 252, 10,
       114, 81, 148, 52, 90, 220, 70, 104, 203, 186, 225, 95, 127, 140,
       37, 60, 115, 186, 198, 41, 49, 215, 107, 73, 246, 7, 239, 253, 84,
       104, 124, 230, 81, 69, 180, 36, 126, 138, 22, 238, 201, 178, 125,
       63, 118, 140, 165, 228, 127, 186, 240, 249, 26, 157, 222, 254,
       147, 224, 189, 231, 190, 23, 74, 179, 45, 191, 32, 73, 231, 251,
       171, 129, 50, 219, 18, 253, 211, 231, 218, 75, 177, 64, 165, 218,
       8, 215, 80, 223, 179, 153, 62, 181, 63, 45, 95, 247, 238, 226,
       136, 196, 247, 123, 142, 2, 246, 152, 77, 255, 166, 247, 54, 131,
       22, 222, 141, 157, 61, 91, 75, 76, 114, 27, 103, 240, 117, 232,
       246, 238, 115, 81, 177, 244, 126, 236, 70, 238, 201, 183, 61, 46,
       114, 239, 37, 132, 111, 187, 98, 177, 49, 87, 67, 79, 118, 7, 239,
       252, 84, 72, 120, 230, 113, 65, 189, 36, 126, 232, 22, 238, 233,
       178, 45, 63, 52, 44, 161, 132, 125, 187, 112, 185, 138, 156, 31,
       184, 219, 228, 48, 103, 190, 27, 98, 17, 188, 183, 32, 89, 229,
       59, 187, 128, 51, 205, 18, 247, 201, 243, 90, 75, 152, 0, 165,
       155, 143, 28, 138, 183, 98, 166, 170, 80, 52, 202, 91, 215, 221,
       239, 51, 200, 119, 109, 179, 151, 181, 148, 30, 74, 76, 103, 235,
       192, 172, 119, 57, 209, 97, 143, 125, 101, 180, 11, 111, 63, 116,
       170, 126, 108, 243, 33, 144, 48, 27, 238, 108, 44, 249, 184, 101,
       14, 236, 175, 37, 144, 109, 250, 194, 41, 90, 149, 121, 254, 155,
       192, 21, 105, 39, 81, 237, 178, 93, 127, 168, 112, 127, 147, 173,
       160, 91, 10, 127, 215, 210, 227, 26, 79, 55, 2, 167, 50, 15, 87,
       97, 133, 162, 26, 175, 184, 40, 232, 30, 231, 221, 102, 223, 229,
       22, 77, 29, 239, 229, 144, 253, 252, 174, 105, 111, 164, 46, 183,
       11, 245, 248, 77, 114, 238, 55, 86, 94, 244, 229, 136, 222, 2,
       123, 123, 49, 240, 122, 245, 253, 234, 200, 171, 17, 174, 243,
       253, 166, 147, 39, 190, 116, 11, 26, 185, 183, 217, 139, 244, 49,
       199, 175, 93, 14, 177, 172, 255, 110, 206, 165, 59, 249, 145, 18,
       73, 178, 241, 203, 117, 94, 75, 130, 68, 165, 255, 75, 153, 181,
       112, 185, 221, 16, 151, 235, 233, 30, 109, 190, 191, 70, 246, 135,
       55, 253, 21, 151, 73, 243, 245, 239, 253, 53, 242, 138, 4, 139,
       95, 57, 219, 99, 76, 116, 219, 215, 116, 69, 76, 252, 236, 59,
       220, 182, 180, 92, 184, 214, 110, 205, 186, 100, 191, 114, 93, 32,
       139, 127, 158, 254, 253, 137, 18, 247, 245, 36, 126, 109, 55, 125,
       202, 114, 112, 219, 63, 148, 255, 247, 181, 60, 168, 233, 252,
       117, 200, 134, 251, 242, 128, 110, 224, 97, 61, 111, 185, 201,
       229, 236, 28, 108, 191, 43, 251, 56, 109, 158, 62, 214, 178, 135,
       199, 125, 13, 213, 120, 219, 193, 174, 125, 231, 252, 142, 236,
       219, 149, 10, 141, 106, 235, 247, 183, 250, 247, 15, 65, 92, 131,
       185, 255, 178, 96, 126, 59, 151, 157, 146, 184, 60, 255, 111, 221,
       174, 193, 55, 142, 249, 249, 46, 252, 242, 154, 117, 247, 190,
       192, 95, 139, 217, 35, 72, 222, 61, 132, 253, 249, 151, 227, 134,
       183, 8, 255, 63, 94, 143, 139, 23, 127, 253, 215, 19, 71, 111,
       141, 242, 146, 237, 119, 45, 192, 94, 199, 121, 46, 182, 96, 118,
       175, 23, 173, 245, 152, 37, 206, 54, 44, 190, 128, 45, 214, 161,
       220, 165, 242, 225, 67, 246, 15, 239, 245, 95, 105, 118, 246, 80,
       13, 156, 52, 127, 206, 22, 252, 243, 188, 125, 238, 110, 14, 180,
       196, 239, 152, 242, 253, 154, 224, 127, 248, 42, 192, 61, 237,
       190, 21, 214, 179, 109, 223, 40, 97, 102, 57, 251, 192, 66, 207,
       162, 245, 243, 225, 94, 139, 54, 16, 165, 251, 237, 80, 229, 81,
       236, 111, 237, 25, 86, 250, 243, 122, 219, 28, 221, 239, 95, 220,
