%YAML:1.0
---
descriptors: !!opencv-matrix
   rows: 235
   cols: 32
   dt: u
   data: [ 34, 189, 114, 200, 245, 151, 190, 103, 77, 45, 248, 3, 8, 156,
       54, 132, 254, 57, 151, 241, 244, 187, 16, 222, 59, 28, 143, 231,
       87, 14, 253, 135, 105, 124, 115, 94, 73, 222, 99, 112, 225, 78,
       229, 8, 122, 211, 7, 181, 216, 160, 194, 106, 77, 167, 122, 125,
       83, 251, 64, 11, 75, 19, 102, 238, 45, 253, 249, 99, 244, 79, 111,
       247, 113, 105, 124, 238, 115, 61, 152, 48, 127, 206, 22, 126, 203,
       186, 125, 47, 126, 205, 165, 228, 237, 218, 210, 249, 194, 249,
       59, 186, 219, 205, 181, 229, 175, 85, 134, 1, 188, 223, 102, 113,
       162, 59, 251, 81, 67, 13, 186, 245, 249, 209, 30, 107, 0, 16, 167,
       251, 11, 213, 99, 191, 180, 196, 111, 189, 167, 73, 219, 198, 249,
       254, 184, 100, 126, 235, 31, 206, 207, 136, 126, 255, 166, 252,
       190, 128, 62, 222, 240, 125, 144, 133, 23, 252, 20, 130, 108, 103,
       21, 3, 202, 18, 33, 179, 32, 65, 232, 179, 34, 128, 120, 155, 1,
       255, 177, 166, 218, 66, 49, 0, 240, 10, 155, 244, 234, 179, 87,
       215, 254, 212, 63, 107, 94, 147, 121, 255, 63, 164, 127, 251, 151,
       207, 231, 183, 60, 255, 123, 95, 191, 165, 167, 223, 185, 222,
       104, 121, 121, 101, 124, 79, 103, 124, 99, 168, 252, 8, 115, 81,
       145, 48, 120, 220, 86, 106, 200, 58, 241, 60, 119, 141, 37, 56,
       99, 186, 66, 169, 162, 221, 18, 158, 253, 212, 190, 228, 152, 25,
       89, 35, 108, 254, 62, 133, 255, 95, 179, 163, 100, 250, 154, 255,
       63, 54, 207, 239, 71, 14, 255, 159, 31, 159, 3, 152, 183, 182,
       174, 249, 221, 72, 90, 198, 232, 232, 191, 228, 119, 74, 158, 255,
       231, 129, 46, 255, 42, 126, 143, 198, 158, 246, 185, 85, 235, 19,
       126, 205, 110, 26, 184, 124, 93, 94, 116, 247, 73, 12, 159, 255,
       126, 29, 166, 103, 229, 246, 231, 200, 22, 123, 114, 143, 111,
       172, 93, 221, 231, 16, 230, 30, 127, 221, 248, 72, 223, 204, 118,
       183, 104, 220, 190, 248, 254, 177, 191, 197, 182, 133, 55, 255,
       23, 62, 154, 139, 23, 132, 109, 87, 110, 156, 102, 222, 125, 215,
       250, 233, 63, 111, 123, 171, 104, 252, 62, 212, 255, 147, 183,
       161, 230, 55, 29, 255, 63, 62, 139, 135, 87, 14, 125, 223, 249,
       203, 104, 229, 52, 31, 79, 180, 81, 236, 180, 207, 83, 41, 151,
       17, 92, 228, 21, 239, 236, 186, 117, 158, 242, 251, 229, 180, 127,
       191, 82, 88, 47, 54, 176, 146, 235, 53, 158, 219, 155, 191, 29,
       127, 76, 248, 239, 174, 189, 91, 183, 151, 166, 71, 138, 242, 26,
       95, 255, 191, 203, 127, 11, 215, 226, 181, 214, 145, 253, 46, 252,
       71, 191, 183, 186, 25, 142, 186, 70, 90, 239, 143, 239, 16, 54,
       251, 193, 194, 189, 18, 94, 71, 196, 92, 135, 143, 175, 180, 208,
       89, 253, 189, 248, 218, 91, 123, 53, 88, 152, 152, 220, 189, 223,
       25, 150, 24, 183, 118, 250, 210, 15, 90, 81, 238, 219, 197, 74,
       133, 88, 31, 55, 228, 48, 110, 95, 55, 161, 72, 190, 76, 255, 55,
       144, 115, 38, 183, 125, 44, 249, 137, 49, 13, 241, 239, 96, 208,
       34, 226, 166, 121, 147, 149, 125, 127, 178, 230, 121, 63, 117, 75,
       86, 247, 121, 63, 150, 97, 119, 31, 21, 141, 183, 220, 117, 223,
       111, 239, 186, 194, 167, 132, 181, 123, 20, 53, 232, 161, 182,
       111, 187, 75, 14, 237, 249, 131, 149, 188, 122, 0, 255, 31, 23,
       181, 146, 176, 81, 20, 205, 141, 175, 244, 213, 74, 213, 211, 75,
       208, 83, 220, 99, 84, 109, 189, 49, 10, 98, 64, 124, 215, 168,
       244, 118, 252, 52, 202, 65, 158, 179, 231, 55, 254, 214, 138, 34,
       182, 160, 45, 78, 191, 232, 201, 254, 187, 251, 155, 11, 109, 28,
       239, 157, 47, 222, 84, 55, 159, 223, 157, 147, 24, 236, 245, 126,
       93, 175, 244, 191, 199, 151, 113, 62, 157, 114, 250, 213, 213,
       222, 227, 21, 5, 223, 3, 105, 127, 54, 193, 248, 179, 151, 227,
       126, 187, 88, 255, 187, 253, 138, 195, 55, 142, 252, 214, 73, 189,
       109, 127, 170, 155, 125, 187, 231, 240, 28, 224, 249, 125, 223,
       35, 7, 118, 125, 238, 211, 64, 239, 157, 110, 251, 229, 172, 62,
       246, 81, 113, 79, 62, 247, 65, 169, 188, 185, 150, 239, 203, 30,
       101, 188, 190, 215, 174, 167, 119, 253, 149, 151, 73, 163, 192,
       15, 95, 63, 198, 206, 199, 11, 125, 6, 42, 142, 177, 131, 160, 56,
       2, 190, 151, 66, 181, 172, 162, 67, 74, 231, 111, 171, 149, 22,
       216, 130, 224, 204, 54, 218, 195, 136, 69, 45, 219, 79, 87, 97,
       133, 178, 26, 63, 152, 41, 232, 94, 229, 221, 6, 223, 244, 54, 77,
       61, 255, 197, 144, 237, 76, 164, 56, 47, 132, 46, 183, 11, 245,
       186, 180, 232, 147, 221, 249, 178, 75, 23, 245, 221, 159, 8, 204,
       126, 140, 249, 138, 131, 17, 190, 126, 126, 210, 31, 85, 153, 127,
       255, 77, 222, 214, 189, 117, 106, 226, 118, 87, 255, 216, 81, 236,
       253, 10, 91, 221, 255, 32, 126, 216, 151, 255, 232, 183, 60, 158,
       123, 205, 165, 253, 119, 191, 126, 241, 139, 251, 253, 223, 110,
       145, 189, 252, 31, 216, 84, 231, 189, 223, 247, 109, 238, 123,
       183, 199, 231, 90, 238, 241, 118, 91, 254, 170, 63, 157, 33, 253,
       124, 49, 152, 164, 140, 110, 82, 24, 2, 168, 141, 43, 87, 63, 67,
       90, 209, 213, 253, 51, 28, 67, 219, 0, 219, 229, 229, 189, 160,
       251, 30, 18, 32, 58, 158, 245, 108, 137, 112, 87, 163, 29, 242,
       121, 35, 155, 96, 26, 200, 186, 103, 16, 30, 250, 194, 1, 207,
       241, 112, 195, 225, 8, 102, 139, 251, 93, 122, 238, 55, 86, 95,
       117, 101, 204, 222, 131, 123, 127, 51, 240, 126, 245, 189, 230,
       204, 171, 53, 174, 243, 253, 166, 147, 39, 190, 252, 123, 113,
       106, 195, 133, 78, 8, 236, 86, 232, 144, 178, 230, 189, 130, 209,
       122, 106, 229, 110, 206, 73, 99, 199, 224, 212, 160, 226, 24, 45,
       185, 99, 168, 10, 251, 226, 158, 98, 144, 190, 242, 169, 76, 92,
       231, 172, 238, 183, 132, 174, 123, 183, 199, 199, 152, 130, 233,
       38, 116, 174, 139, 15, 118, 63, 223, 3, 122, 235, 151, 118, 208,
       190, 214, 61, 75, 94, 231, 188, 158, 179, 228, 230, 123, 151, 199,
       199, 152, 36, 235, 38, 116, 190, 130, 14, 215, 57, 253, 30, 21,
       112, 225, 231, 126, 254, 116, 45, 111, 127, 3, 73, 63, 30, 228,
       254, 159, 151, 171, 156, 184, 117, 196, 127, 253, 186, 197, 167,
       159, 252, 223, 11, 157, 122, 235, 246, 211, 251, 247, 95, 65, 92,
       163, 189, 255, 178, 96, 126, 59, 151, 220, 150, 184, 36, 255, 111,
       221, 170, 193, 119, 142, 249, 249, 61, 31, 90, 109, 22, 26, 231,
       248, 100, 232, 254, 102, 115, 120, 181, 96, 126, 236, 22, 238,
       205, 179, 37, 175, 116, 237, 167, 128, 109, 251, 120, 149, 92,
       149, 121, 234, 155, 224, 19, 234, 39, 81, 237, 50, 92, 127, 8,
       112, 247, 147, 185, 160, 19, 11, 59, 215, 219, 229, 2, 79, 187, 3,
       167, 114, 151, 86, 237, 133, 174, 50, 175, 184, 86, 254, 151, 247,
       209, 108, 159, 107, 127, 197, 63, 239, 237, 212, 109, 170, 110,
       43, 239, 148, 173, 255, 208, 213, 216, 249, 114, 248, 55, 221, 91,
       119, 61, 72, 118, 44, 191, 159, 34, 16, 166, 187, 149, 64, 234,
       184, 176, 255, 255, 221, 34, 203, 99, 132, 71, 123, 26, 185, 186,
       184, 155, 213, 21, 199, 175, 85, 140, 17, 172, 215, 106, 68, 165,
       59, 233, 145, 18, 9, 178, 243, 251, 213, 30, 91, 146, 20, 165,
       123, 75, 153, 181, 112, 177, 252, 121, 23, 175, 233, 62, 124, 190,
       63, 64, 118, 135, 55, 253, 16, 147, 73, 177, 230, 239, 253, 52,
       210, 138, 128, 135, 123, 105, 216, 57, 90, 109, 220, 215, 246,
       233, 72, 252, 108, 186, 28, 135, 180, 204, 232, 214, 74, 207, 58,
       114, 189, 103, 255, 32, 26, 91, 31, 74, 255, 43, 7, 101, 71, 244,
       83, 239, 49, 85, 232, 255, 226, 113, 37, 148, 164, 94, 190, 150,
       168, 249, 184, 101, 158, 110, 79, 165, 128, 119, 142, 124, 253,
       130, 8, 162, 159, 127, 212, 184, 104, 159, 29, 81, 147, 236, 254,
       63, 205, 255, 123, 179, 193, 166, 255, 154, 253, 21, 58, 218, 139,
       23, 14, 53, 207, 169, 92, 108, 109, 100, 126, 255, 48, 84, 202,
