%YAML:1.0
---
descriptors: !!opencv-matrix
   rows: 223
   cols: 32
   dt: u
   data: [ 137, 148, 243, 93, 21, 254, 105, 51, 117, 75, 102, 80, 251,
       52, 144, 244, 85, 190, 52, 152, 191, 188, 117, 15, 207, 255, 48,
       64, 234, 132, 216, 116, 240, 205, 19, 222, 93, 131, 70, 101, 213,
       0, 234, 2, 102, 225, 32, 196, 120, 234, 42, 106, 104, 171, 18,
       191, 177, 166, 198, 26, 51, 58, 240, 170, 125, 122, 89, 232, 29,
       151, 83, 120, 69, 104, 189, 108, 155, 211, 161, 244, 220, 184, 92,
       110, 201, 35, 120, 157, 243, 221, 33, 188, 59, 171, 98, 49, 43,
       99, 102, 13, 77, 151, 232, 93, 71, 252, 212, 207, 137, 136, 246,
       165, 88, 172, 182, 141, 204, 242, 231, 209, 6, 24, 139, 172, 95,
       140, 120, 204, 2, 157, 62, 250, 147, 228, 180, 103, 188, 27, 75,
       19, 172, 190, 36, 105, 225, 59, 187, 129, 50, 217, 18, 245, 141,
       179, 218, 67, 144, 68, 165, 154, 57, 123, 121, 232, 124, 143, 95,
       124, 65, 232, 244, 110, 51, 93, 145, 48, 92, 184, 23, 106, 201,
       50, 96, 61, 243, 201, 161, 184, 127, 154, 82, 185, 252, 112, 121,
       96, 45, 79, 83, 88, 97, 232, 181, 8, 27, 29, 65, 59, 156, 149,
       221, 122, 136, 103, 240, 136, 211, 217, 1, 63, 99, 163, 70, 115,
       218, 123, 58, 190, 11, 208, 184, 64, 175, 148, 132, 163, 108, 222,
       99, 66, 230, 57, 251, 195, 70, 67, 154, 217, 211, 97, 139, 187,
       20, 55, 45, 211, 188, 103, 185, 105, 172, 79, 69, 217, 87, 190,
       188, 104, 215, 225, 225, 49, 209, 72, 46, 122, 202, 96, 107, 16,
       235, 217, 101, 60, 112, 250, 68, 97, 17, 0, 99, 209, 84, 50, 233,
       87, 117, 33, 210, 82, 17, 8, 148, 109, 120, 140, 18, 157, 137,
       186, 101, 204, 21, 42, 250, 192, 37, 136, 112, 172, 33, 151, 97,
       77, 116, 143, 235, 123, 85, 104, 124, 230, 51, 21, 180, 36, 94,
       136, 22, 172, 249, 184, 101, 159, 36, 28, 160, 196, 127, 142, 80,
       253, 245, 74, 207, 229, 6, 10, 79, 248, 97, 162, 242, 230, 83,
       107, 153, 115, 122, 196, 108, 238, 233, 247, 205, 168, 242, 235,
       231, 148, 109, 187, 112, 32, 98, 176, 148, 154, 205, 205, 144,
       207, 143, 53, 129, 25, 172, 218, 110, 198, 201, 19, 235, 17, 22,
       107, 218, 245, 157, 18, 219, 127, 144, 12, 157, 134, 10, 185, 178,
       155, 213, 253, 180, 199, 159, 29, 72, 17, 172, 188, 102, 196, 161,
       59, 147, 17, 22, 56, 18, 247, 45, 22, 30, 107, 210, 76, 189, 223,
       129, 87, 254, 79, 38, 10, 255, 56, 120, 202, 119, 230, 247, 97,
       140, 99, 54, 116, 100, 110, 225, 244, 173, 105, 102, 171, 98, 128,
       109, 251, 65, 49, 52, 174, 206, 157, 222, 131, 166, 239, 86, 178,
       194, 226, 97, 226, 169, 193, 121, 238, 106, 169, 113, 219, 207,
       63, 60, 38, 255, 37, 165, 120, 120, 136, 84, 245, 143, 191, 152,
       7, 95, 248, 182, 150, 203, 13, 247, 231, 107, 80, 213, 255, 111,
       230, 104, 195, 251, 63, 249, 167, 239, 92, 48, 51, 39, 114, 37,
       93, 69, 69, 52, 14, 238, 184, 124, 232, 122, 68, 211, 8, 149, 165,
       92, 204, 86, 110, 233, 176, 117, 14, 36, 188, 37, 4, 109, 187, 82,
       180, 68, 188, 157, 243, 162, 236, 53, 151, 62, 91, 122, 112, 190,
       183, 192, 122, 135, 95, 124, 16, 19, 220, 251, 98, 205, 167, 118,
       198, 136, 80, 167, 59, 102, 40, 208, 228, 110, 40, 234, 74, 43,
       178, 186, 138, 143, 171, 85, 26, 250, 205, 127, 243, 8, 114, 199,
       224, 156, 184, 203, 62, 229, 249, 115, 130, 58, 21, 210, 172, 189,
       87, 214, 105, 21, 142, 249, 11, 111, 252, 46, 212, 216, 249, 135,
       35, 108, 179, 80, 142, 177, 247, 142, 27, 119, 126, 236, 135, 1,
       128, 238, 17, 68, 155, 224, 83, 126, 115, 118, 214, 177, 40, 150,
       109, 121, 140, 54, 157, 183, 252, 119, 209, 14, 47, 242, 192, 237,
       140, 120, 220, 173, 255, 241, 69, 244, 31, 239, 188, 127, 234,
       122, 100, 211, 117, 157, 180, 31, 94, 86, 110, 225, 240, 125, 110,
       44, 158, 37, 132, 79, 250, 66, 181, 56, 73, 122, 110, 85, 220,
       119, 244, 69, 12, 126, 2, 123, 221, 58, 48, 120, 250, 23, 106, 72,
       187, 32, 45, 115, 237, 36, 1, 115, 154, 116, 234, 168, 20, 127,
       69, 52, 78, 105, 51, 117, 238, 118, 0, 179, 21, 149, 117, 126,
       188, 86, 40, 233, 188, 117, 14, 231, 249, 32, 128, 103, 168, 70,
       249, 19, 0, 69, 129, 70, 188, 232, 23, 109, 81, 82, 210, 153, 14,
       212, 236, 38, 139, 55, 157, 151, 152, 101, 192, 6, 40, 154, 192,
       47, 132, 209, 252, 41, 20, 125, 101, 100, 110, 105, 51, 117, 206,
       126, 8, 187, 21, 150, 53, 74, 180, 86, 40, 169, 188, 113, 12, 71,
       251, 112, 0, 102, 200, 70, 249, 68, 120, 151, 246, 40, 76, 51,
       216, 170, 152, 163, 72, 254, 247, 65, 122, 166, 117, 125, 74, 65,
       69, 154, 96, 217, 176, 111, 58, 8, 51, 3, 59, 188, 81, 250, 108,
       213, 94, 86, 245, 149, 132, 254, 3, 91, 255, 43, 208, 248, 252,
       199, 98, 124, 179, 24, 142, 243, 239, 37, 5, 99, 255, 238, 194,
       166, 172, 179, 154, 221, 193, 190, 235, 159, 54, 216, 27, 236,
       254, 124, 64, 251, 251, 251, 147, 118, 107, 90, 255, 61, 22, 143,
       127, 149, 110, 181, 134, 82, 98, 106, 172, 11, 209, 184, 76, 142,
       132, 208, 163, 44, 206, 99, 64, 246, 185, 251, 229, 70, 3, 134,
       217, 210, 101, 139, 187, 53, 22, 37, 219, 77, 245, 89, 101, 176,
       15, 111, 184, 126, 168, 127, 72, 215, 115, 137, 80, 23, 92, 108,
       122, 97, 176, 89, 30, 239, 255, 37, 68, 64, 243, 66, 33, 188, 244,
       48, 242, 189, 253, 86, 223, 83, 119, 189, 25, 10, 93, 94, 189,
       153, 154, 221, 50, 126, 103, 122, 183, 251, 221, 5, 127, 210, 93,
       222, 66, 105, 190, 121, 97, 112, 239, 81, 23, 113, 105, 124, 76,
       63, 31, 0, 48, 134, 187, 23, 24, 155, 186, 112, 31, 207, 205, 48,
       224, 104, 128, 66, 123, 230, 177, 16, 170, 157, 237, 210, 201,
       139, 61, 169, 25, 142, 218, 78, 158, 201, 147, 239, 17, 30, 107,
       218, 179, 153, 220, 21, 127, 208, 15, 207, 134, 37, 93, 71, 71,
       84, 30, 238, 180, 116, 232, 122, 68, 243, 32, 149, 228, 56, 236,
       86, 110, 233, 176, 85, 46, 36, 174, 36, 0, 105, 186, 90, 188, 173,
       181, 241, 69, 244, 91, 239, 187, 127, 234, 122, 228, 219, 124,
       149, 180, 31, 76, 118, 44, 225, 240, 109, 206, 46, 222, 37, 132,
       111, 248, 66, 253, 60, 87, 120, 238, 125, 159, 86, 120, 81, 140,
       253, 108, 111, 217, 185, 144, 216, 184, 135, 98, 72, 162, 72, 159,
       243, 253, 33, 155, 123, 171, 110, 131, 126, 204, 254, 254, 107,
       240, 144, 200, 155, 23, 181, 59, 110, 255, 111, 223, 203, 243,
       237, 2, 46, 103, 234, 241, 219, 247, 83, 59, 210, 127, 45, 79,
       209, 66, 204, 165, 36, 10, 77, 52, 116, 162, 210, 242, 215, 35,
       145, 91, 98, 197, 108, 239, 232, 212, 197, 8, 208, 227, 234, 144,
       44, 240, 32, 8, 78, 181, 40, 186, 184, 165, 63, 249, 52, 99, 133,
       141, 157, 255, 27, 65, 119, 27, 95, 175, 178, 3, 88, 191, 247,
       215, 191, 252, 190, 211, 131, 211, 116, 115, 19, 172, 60, 141, 86,
       120, 141, 136, 185, 109, 230, 203, 45, 144, 216, 169, 206, 98, 77,
       35, 194, 222, 178, 244, 169, 187, 24, 59, 74, 19, 166, 173, 147,
       154, 221, 225, 182, 237, 158, 19, 201, 19, 236, 250, 108, 64, 233,
       123, 107, 147, 114, 75, 218, 247, 61, 22, 159, 111, 144, 91, 165,
       130, 162, 248, 170, 152, 207, 193, 177, 198, 158, 21, 16, 187,
       172, 158, 102, 9, 233, 59, 179, 145, 38, 79, 146, 241, 93, 16,
       222, 107, 148, 28, 183, 218, 48, 205, 87, 220, 95, 194, 70, 103,
       221, 2, 234, 2, 98, 226, 36, 212, 120, 238, 42, 106, 104, 171, 18,
       239, 177, 166, 134, 11, 57, 58, 248, 142, 22, 127, 102, 138, 175,
       85, 158, 232, 137, 220, 157, 175, 76, 254, 127, 35, 190, 209, 223,
       231, 204, 35, 42, 233, 51, 88, 207, 191, 87, 255, 165, 215, 185,
       70, 85, 69, 116, 11, 107, 48, 117, 160, 118, 72, 243, 1, 149, 53,
       122, 172, 70, 106, 233, 180, 101, 12, 38, 234, 32, 0, 111, 168,
       66, 168, 218, 185, 190, 242, 139, 241, 21, 231, 191, 117, 165, 25,
       14, 191, 98, 27, 227, 147, 233, 144, 62, 75, 58, 245, 219, 211,
