%YAML:1.0
---
descriptors: !!opencv-matrix
   rows: 225
   cols: 32
   dt: u
   data: [ 34, 233, 96, 201, 116, 139, 234, 197, 15, 33, 112, 202, 128,
       137, 116, 36, 216, 153, 19, 93, 74, 58, 64, 213, 60, 28, 143, 102,
       85, 138, 210, 128, 79, 31, 130, 189, 240, 162, 172, 55, 60, 203,
       90, 247, 253, 231, 176, 192, 119, 111, 55, 157, 177, 152, 5, 238,
       236, 231, 254, 192, 140, 244, 177, 145, 102, 158, 136, 152, 237,
       51, 150, 143, 31, 191, 156, 191, 132, 184, 247, 142, 205, 95, 191,
       17, 20, 107, 203, 178, 62, 55, 253, 191, 221, 124, 184, 15, 129,
       111, 98, 171, 252, 153, 230, 86, 229, 66, 218, 242, 161, 8, 183,
       100, 104, 170, 94, 207, 245, 187, 69, 230, 54, 76, 162, 136, 127,
       223, 248, 140, 66, 98, 194, 145, 64, 32, 168, 16, 46, 55, 83, 197,
       129, 131, 208, 88, 111, 141, 43, 140, 2, 150, 215, 80, 20, 48,
       218, 232, 13, 131, 51, 144, 10, 141, 0, 251, 29, 229, 234, 166,
       142, 13, 218, 2, 164, 187, 48, 96, 201, 34, 27, 24, 18, 9, 72,
       255, 173, 29, 138, 89, 144, 74, 116, 42, 0, 137, 23, 233, 151,
       195, 176, 99, 204, 0, 90, 34, 172, 217, 36, 64, 250, 59, 131, 113,
       82, 184, 3, 221, 45, 144, 10, 67, 85, 8, 181, 138, 25, 213, 110,
       111, 100, 94, 255, 117, 100, 78, 127, 6, 121, 125, 186, 99, 118,
       118, 55, 110, 225, 177, 53, 239, 119, 235, 230, 128, 111, 178,
       244, 249, 58, 149, 162, 187, 215, 243, 254, 207, 23, 7, 88, 147,
       105, 255, 43, 192, 217, 187, 147, 145, 46, 154, 124, 191, 239,
       215, 159, 171, 183, 94, 188, 218, 124, 247, 208, 103, 243, 58, 86,
       188, 51, 173, 239, 237, 111, 99, 202, 212, 23, 204, 236, 126, 60,
       146, 205, 46, 250, 247, 37, 229, 234, 247, 138, 21, 194, 188, 158,
       152, 139, 228, 21, 175, 190, 159, 128, 25, 172, 254, 70, 91, 129,
       115, 235, 17, 54, 77, 170, 243, 153, 54, 95, 123, 128, 64, 167,
       75, 198, 150, 189, 191, 168, 106, 181, 11, 191, 63, 147, 113, 204,
       122, 140, 203, 135, 23, 255, 17, 48, 205, 107, 210, 141, 50, 95,
       215, 144, 64, 133, 119, 252, 230, 196, 79, 173, 59, 79, 184, 23,
       178, 165, 154, 67, 97, 221, 191, 89, 212, 127, 110, 186, 102, 203,
       155, 250, 218, 197, 124, 247, 255, 90, 36, 107, 139, 50, 14, 221,
       156, 246, 229, 233, 13, 124, 11, 44, 232, 62, 196, 232, 35, 227,
       77, 214, 43, 162, 245, 63, 125, 6, 235, 83, 14, 251, 207, 3, 172,
       164, 155, 157, 181, 178, 206, 143, 85, 136, 23, 172, 232, 122,
       134, 201, 107, 187, 149, 134, 105, 91, 243, 173, 20, 159, 127,
       150, 78, 189, 206, 158, 223, 206, 191, 186, 176, 190, 196, 142, 5,
       91, 183, 237, 238, 166, 194, 102, 103, 175, 213, 22, 157, 15, 235,
       190, 101, 174, 131, 180, 87, 189, 223, 127, 142, 226, 38, 137,
       112, 94, 188, 51, 230, 143, 141, 75, 238, 95, 254, 55, 199, 253,
       167, 204, 67, 191, 227, 186, 127, 205, 159, 175, 247, 190, 86,
       155, 250, 97, 147, 118, 147, 173, 246, 62, 115, 86, 246, 189, 15,
       148, 229, 39, 203, 23, 207, 231, 220, 37, 247, 110, 10, 254, 192,
       63, 148, 177, 253, 13, 150, 115, 219, 21, 166, 235, 254, 84, 3,
       123, 82, 217, 243, 188, 228, 125, 26, 18, 184, 179, 180, 61, 255,
       45, 238, 154, 68, 187, 143, 225, 160, 34, 153, 58, 218, 91, 209,
       147, 226, 143, 116, 140, 42, 60, 222, 39, 116, 239, 187, 147, 195,
       67, 11, 122, 253, 19, 20, 155, 59, 23, 7, 37, 254, 174, 0, 227,
       213, 101, 112, 236, 65, 81, 194, 117, 210, 8, 252, 253, 236, 90,
       188, 179, 171, 177, 182, 246, 194, 23, 126, 219, 174, 199, 236,
       112, 228, 164, 240, 145, 219, 213, 167, 233, 216, 87, 27, 117, 18,
       144, 195, 125, 108, 89, 152, 19, 216, 51, 246, 90, 243, 77, 158,
       149, 108, 155, 153, 240, 160, 40, 157, 49, 171, 213, 231, 235,
       123, 87, 69, 249, 6, 185, 237, 48, 196, 91, 42, 19, 29, 155, 186,
       88, 191, 109, 220, 130, 64, 255, 206, 244, 248, 135, 110, 92, 153,
       234, 187, 156, 206, 95, 250, 28, 254, 140, 14, 199, 173, 175, 75,
       198, 182, 231, 68, 110, 246, 38, 26, 125, 255, 221, 253, 139, 213,
       162, 251, 106, 90, 116, 147, 252, 229, 93, 72, 112, 167, 8, 136,
       182, 1, 254, 41, 19, 199, 198, 186, 30, 253, 46, 24, 134, 195, 93,
       156, 250, 159, 27, 31, 106, 253, 118, 150, 127, 115, 61, 206, 94,
       231, 57, 47, 178, 213, 102, 167, 151, 143, 224, 153, 37, 239, 246,
       239, 170, 128, 47, 164, 169, 217, 11, 189, 114, 72, 211, 144, 178,
       199, 127, 1, 104, 32, 44, 216, 164, 244, 246, 187, 18, 209, 151,
       187, 38, 255, 62, 60, 6, 74, 87, 6, 163, 141, 0, 159, 18, 250,
       181, 165, 178, 103, 204, 13, 74, 71, 172, 243, 32, 192, 225, 50,
       138, 17, 18, 41, 24, 223, 185, 180, 130, 91, 152, 10, 125, 11, 59,
       186, 202, 172, 126, 23, 152, 121, 27, 233, 208, 239, 105, 168,
       182, 193, 254, 205, 151, 165, 172, 251, 205, 221, 154, 119, 251,
       191, 61, 172, 59, 157, 43, 140, 178, 80, 245, 253, 240, 71, 251,
       11, 124, 24, 44, 248, 118, 188, 249, 59, 178, 17, 150, 255, 162,
       247, 31, 222, 22, 107, 211, 12, 203, 143, 15, 180, 244, 49, 247,
       251, 178, 239, 95, 243, 28, 59, 76, 56, 254, 164, 59, 75, 150, 49,
       247, 252, 13, 246, 46, 95, 53, 231, 255, 204, 153, 143, 173, 225,
       149, 219, 237, 21, 229, 200, 94, 30, 113, 18, 200, 208, 125, 237,
       217, 8, 2, 94, 91, 116, 123, 176, 13, 218, 215, 108, 218, 91, 208,
       164, 175, 252, 245, 87, 227, 63, 255, 190, 123, 250, 116, 244,
       251, 125, 221, 191, 31, 126, 181, 30, 227, 252, 253, 187, 111,
       223, 117, 166, 231, 244, 198, 253, 78, 24, 243, 220, 231, 112,
       111, 83, 31, 79, 95, 50, 12, 183, 229, 236, 115, 122, 179, 138,
       17, 150, 58, 226, 23, 126, 222, 142, 183, 255, 244, 247, 35, 140,
       2, 219, 21, 183, 202, 198, 95, 1, 221, 2, 168, 216, 182, 228, 89,
       186, 146, 156, 63, 184, 124, 255, 47, 124, 154, 67, 159, 15, 248,
       172, 13, 192, 163, 219, 149, 150, 232, 200, 86, 83, 241, 82, 201,
       200, 57, 236, 217, 138, 162, 157, 191, 244, 127, 183, 7, 127, 159,
       69, 211, 29, 248, 164, 73, 74, 65, 177, 100, 168, 233, 2, 110, 35,
       90, 66, 151, 128, 208, 232, 115, 12, 50, 29, 131, 188, 199, 48, 4,
       38, 250, 192, 12, 139, 209, 128, 158, 191, 78, 188, 186, 18, 190,
       251, 188, 142, 152, 231, 237, 234, 171, 193, 247, 67, 205, 167,
       230, 195, 13, 223, 250, 199, 175, 157, 12, 244, 41, 25, 43, 151,
       106, 201, 244, 183, 186, 87, 79, 73, 124, 231, 56, 189, 182, 100,
       222, 59, 147, 157, 151, 186, 53, 223, 78, 61, 186, 195, 223, 142,
       249, 223, 42, 9, 106, 218, 91, 209, 187, 65, 143, 4, 221, 171, 40,
       207, 39, 0, 110, 187, 147, 129, 6, 19, 42, 253, 83, 69, 139, 187,
       55, 174, 60, 210, 2, 42, 193, 137, 64, 160, 170, 66, 46, 33, 203,
       199, 129, 130, 208, 192, 125, 137, 3, 156, 2, 146, 197, 65, 132,
       164, 186, 168, 157, 67, 179, 128, 118, 191, 226, 86, 251, 52, 190,
       222, 187, 255, 189, 255, 104, 255, 223, 150, 191, 255, 253, 151,
       182, 75, 186, 226, 59, 94, 159, 251, 207, 119, 239, 223, 102, 163,
       11, 136, 28, 149, 26, 73, 142, 12, 145, 143, 164, 206, 110, 64,
       220, 169, 203, 117, 70, 3, 202, 149, 155, 17, 139, 255, 16, 10,
       61, 194, 155, 220, 107, 188, 19, 214, 250, 240, 189, 64, 94, 199,
       125, 254, 54, 229, 118, 233, 151, 239, 229, 147, 20, 239, 178,
       111, 138, 130, 47, 167, 41, 85, 31, 144, 214, 187, 179, 182, 58,
       217, 62, 81, 87, 247, 221, 215, 171, 204, 119, 9, 191, 159, 183,
       133, 15, 245, 206, 111, 187, 196, 190, 135, 169, 17, 250, 54, 236,
       248, 237, 249, 145, 91, 155, 127, 148, 191, 8, 189, 246, 27, 207,
       155, 245, 17, 190, 111, 226, 211, 91, 87, 248, 255, 151, 76, 214,
       215, 32, 254, 113, 205, 126, 138, 135, 190, 90, 132, 80, 230, 167,
       12, 149, 100, 86, 122, 6, 89, 227, 188, 101, 191, 36, 36, 36, 186,
       125, 152, 85, 189, 11, 140, 34, 24, 29, 243, 210, 239, 95, 69,
       232, 3, 42, 232, 54, 224, 217, 171, 138, 133, 62, 169, 101, 255,
