%YAML:1.0
---
descriptors: !!opencv-matrix
   rows: 260
   cols: 32
   dt: u
   data: [ 1, 29, 55, 253, 150, 167, 173, 55, 92, 75, 90, 66, 116, 124,
       181, 96, 255, 35, 18, 173, 179, 184, 53, 223, 109, 46, 190, 192,
       157, 88, 241, 249, 62, 245, 248, 110, 249, 255, 82, 236, 11, 237,
       189, 9, 111, 253, 78, 16, 158, 223, 213, 118, 14, 35, 250, 189,
       251, 221, 5, 255, 211, 159, 206, 219, 255, 163, 230, 2, 229, 18,
       254, 73, 225, 245, 167, 159, 75, 236, 94, 159, 59, 197, 225, 247,
       188, 115, 172, 192, 26, 89, 197, 101, 231, 247, 254, 196, 210,
       188, 158, 184, 137, 237, 16, 203, 186, 63, 160, 25, 142, 250, 102,
       91, 161, 51, 255, 17, 62, 79, 146, 115, 219, 146, 91, 123, 144,
       64, 135, 11, 210, 188, 158, 184, 169, 237, 48, 198, 191, 191, 128,
       25, 172, 250, 71, 91, 161, 115, 249, 17, 54, 79, 154, 243, 153,
       146, 95, 123, 128, 64, 7, 79, 2, 133, 22, 137, 151, 227, 176, 103,
       143, 1, 90, 3, 172, 216, 44, 64, 250, 59, 131, 177, 22, 184, 3,
       221, 45, 16, 10, 67, 213, 10, 173, 142, 198, 22, 189, 191, 170,
       106, 176, 10, 174, 191, 147, 113, 206, 126, 8, 75, 135, 87, 253,
       17, 180, 197, 75, 240, 203, 243, 123, 151, 132, 101, 45, 71, 198,
       150, 157, 183, 174, 42, 180, 171, 188, 182, 131, 244, 214, 118, 9,
       107, 167, 87, 108, 3, 181, 197, 139, 66, 200, 178, 127, 150, 132,
       112, 133, 19, 252, 230, 196, 79, 253, 27, 79, 184, 87, 178, 181,
       202, 211, 97, 217, 183, 89, 204, 127, 126, 234, 102, 205, 159,
       254, 219, 197, 124, 119, 255, 90, 32, 11, 185, 88, 184, 253, 149,
       248, 119, 159, 89, 60, 117, 172, 155, 118, 0, 135, 43, 151, 29,
       215, 77, 18, 247, 106, 221, 190, 234, 30, 132, 169, 155, 24, 223,
       121, 245, 54, 136, 124, 182, 53, 45, 126, 231, 175, 13, 136, 84,
       110, 191, 133, 65, 234, 184, 65, 167, 230, 245, 176, 131, 103,
       152, 4, 41, 42, 213, 48, 218, 93, 213, 148, 239, 143, 93, 205, 19,
       168, 156, 38, 196, 204, 187, 147, 129, 254, 47, 122, 247, 51, 20,
       154, 123, 83, 28, 188, 222, 181, 20, 221, 103, 164, 46, 77, 25,
       80, 234, 119, 92, 83, 97, 153, 57, 29, 196, 36, 46, 185, 244, 121,
       10, 196, 170, 97, 20, 237, 251, 66, 112, 165, 4, 220, 217, 212,
       167, 235, 91, 87, 67, 119, 22, 17, 35, 44, 108, 125, 10, 2, 156,
       178, 184, 81, 222, 79, 14, 146, 68, 155, 201, 240, 160, 107, 160,
       224, 152, 221, 176, 184, 207, 219, 23, 144, 31, 40, 232, 126, 143,
       201, 203, 147, 149, 150, 111, 206, 243, 30, 124, 158, 127, 223,
       76, 250, 142, 108, 112, 156, 119, 169, 125, 84, 154, 171, 191,
       173, 13, 223, 119, 73, 154, 133, 87, 237, 34, 8, 97, 219, 16, 195,
       215, 117, 55, 194, 119, 15, 83, 212, 39, 204, 231, 186, 14, 79,
       184, 48, 190, 183, 184, 215, 103, 203, 83, 55, 213, 125, 238, 248,
       197, 201, 42, 232, 227, 239, 148, 32, 243, 135, 35, 3, 151, 127,
       93, 170, 182, 188, 51, 237, 84, 30, 230, 116, 46, 180, 99, 38, 55,
       106, 172, 213, 169, 55, 93, 6, 34, 114, 194, 92, 192, 165, 125,
       46, 100, 147, 194, 93, 119, 226, 64, 27, 163, 233, 26, 8, 147,
       101, 188, 217, 188, 130, 26, 33, 167, 208, 202, 19, 220, 144, 59,
       211, 95, 126, 172, 128, 168, 190, 184, 29, 165, 89, 78, 159, 141,
       192, 17, 182, 203, 96, 64, 221, 59, 107, 17, 26, 79, 90, 251, 205,
       182, 155, 89, 16, 8, 37, 10, 34, 176, 26, 186, 109, 221, 176, 79,
       158, 25, 208, 27, 172, 220, 102, 72, 233, 59, 251, 17, 6, 111,
       154, 209, 147, 209, 91, 123, 208, 8, 25, 139, 146, 89, 98, 222,
       70, 198, 239, 116, 237, 64, 214, 6, 57, 223, 55, 100, 110, 249,
       51, 207, 201, 187, 52, 253, 49, 40, 138, 0, 63, 178, 117, 252,
       173, 120, 143, 180, 109, 79, 229, 90, 65, 186, 245, 26, 18, 153,
       113, 59, 201, 204, 102, 47, 73, 119, 218, 128, 85, 155, 241, 45,
       73, 121, 114, 162, 43, 173, 104, 29, 125, 155, 252, 111, 95, 65,
       124, 15, 168, 232, 182, 164, 217, 171, 146, 133, 246, 186, 102,
       255, 38, 95, 144, 107, 95, 12, 202, 142, 54, 206, 110, 158, 178,
       147, 158, 224, 159, 150, 80, 167, 109, 238, 167, 201, 255, 235,
       151, 231, 124, 217, 14, 253, 186, 87, 255, 131, 181, 253, 189,
       215, 114, 235, 10, 172, 30, 129, 154, 238, 6, 132, 216, 175, 164,
       204, 114, 192, 254, 235, 159, 245, 10, 11, 130, 253, 184, 100,
       143, 251, 21, 14, 53, 74, 155, 254, 105, 147, 54, 131, 237, 246,
       62, 123, 86, 246, 61, 15, 144, 101, 47, 203, 23, 205, 227, 220,
       37, 255, 124, 10, 254, 192, 61, 148, 177, 249, 60, 148, 122, 232,
       220, 247, 83, 218, 87, 13, 253, 2, 83, 123, 58, 112, 253, 154, 23,
       120, 154, 163, 57, 63, 123, 205, 35, 77, 243, 203, 108, 162, 57,
       69, 107, 103, 100, 78, 239, 53, 96, 204, 127, 2, 115, 109, 185,
       96, 124, 244, 23, 234, 200, 176, 53, 175, 119, 233, 166, 128, 103,
       186, 244, 232, 43, 2, 103, 201, 100, 202, 233, 19, 125, 69, 118,
       6, 171, 1, 148, 252, 90, 172, 55, 28, 139, 184, 101, 197, 6, 248,
       144, 192, 111, 140, 80, 236, 61, 66, 75, 229, 84, 23, 74, 216, 85,
       160, 255, 66, 91, 73, 189, 244, 120, 220, 22, 250, 137, 178, 109,
       142, 51, 237, 161, 4, 255, 187, 120, 160, 59, 26, 134, 157, 62,
       23, 152, 120, 95, 200, 208, 231, 108, 104, 182, 133, 254, 237,
       151, 229, 173, 251, 79, 221, 154, 122, 251, 146, 31, 44, 57, 157,
       43, 182, 96, 25, 125, 185, 176, 111, 95, 101, 124, 191, 168, 232,
       62, 132, 217, 43, 211, 133, 182, 58, 110, 215, 14, 95, 155, 251,
       223, 12, 219, 222, 30, 158, 134, 188, 62, 19, 158, 248, 156, 142,
       210, 231, 109, 234, 183, 201, 255, 97, 191, 167, 228, 199, 15,
       222, 186, 119, 239, 147, 156, 236, 57, 85, 252, 108, 188, 118,
       137, 117, 87, 200, 147, 182, 172, 24, 83, 253, 75, 27, 153, 215,
       233, 98, 104, 103, 250, 34, 251, 199, 69, 63, 225, 123, 142, 98,
       41, 177, 123, 107, 116, 206, 115, 113, 113, 76, 125, 72, 55, 215,
       152, 48, 22, 152, 22, 120, 155, 154, 176, 13, 111, 169, 32, 224,
       96, 130, 70, 235, 250, 121, 179, 126, 169, 84, 23, 151, 179, 206,
       252, 109, 122, 221, 199, 54, 204, 255, 245, 195, 201, 103, 178,
       43, 243, 253, 36, 154, 75, 118, 166, 127, 42, 143, 16, 203, 149,
       183, 194, 215, 87, 9, 93, 98, 168, 217, 176, 228, 89, 58, 150,
       153, 155, 186, 72, 255, 47, 93, 128, 99, 215, 207, 248, 173, 36,
       120, 217, 231, 110, 107, 245, 82, 75, 186, 117, 42, 22, 25, 193,
       43, 107, 252, 102, 3, 64, 254, 225, 224, 86, 147, 112, 163, 231,
       249, 102, 163, 194, 146, 189, 181, 168, 108, 181, 143, 190, 127,
       130, 117, 212, 254, 76, 75, 133, 87, 235, 17, 178, 77, 211, 67,
       205, 51, 127, 214, 136, 112, 133, 91, 15, 243, 236, 211, 182, 153,
       184, 157, 94, 181, 21, 183, 233, 105, 222, 136, 63, 11, 151, 157,
       182, 104, 111, 215, 110, 79, 191, 237, 255, 140, 153, 201, 196,
       30, 157, 183, 168, 110, 53, 191, 190, 251, 66, 117, 245, 55, 1,
       75, 133, 87, 105, 0, 49, 220, 219, 34, 205, 163, 127, 4, 136, 112,
       133, 59, 220, 220, 157, 55, 136, 110, 23, 191, 178, 255, 142, 28,
       215, 119, 73, 123, 149, 86, 108, 50, 121, 77, 249, 42, 233, 231,
       117, 84, 136, 113, 135, 123, 253, 101, 236, 106, 140, 31, 71, 248,
       67, 182, 173, 10, 67, 121, 223, 55, 89, 196, 124, 250, 236, 103,
       253, 56, 251, 203, 197, 61, 243, 251, 94, 36, 11, 199, 100, 235,
       183, 151, 254, 189, 95, 37, 94, 135, 201, 73, 190, 196, 247, 139,
       55, 237, 246, 184, 29, 223, 110, 255, 138, 196, 63, 142, 217, 93,
       198, 148, 157, 183, 168, 46, 188, 43, 190, 243, 131, 213, 212,
       110, 8, 75, 135, 87, 121, 5, 49, 197, 91, 64, 205, 50, 95, 20,
       140, 96, 129, 17, 244, 229, 252, 74, 141, 87, 87, 200, 83, 182,
       165, 8, 67, 233, 79, 59, 217, 196, 108, 114, 110, 103, 251, 50,
       251, 203, 69, 127, 243, 251, 86, 102, 114, 221, 235, 196, 220,
       196, 223, 231, 201, 196, 158, 139, 114, 172, 118, 116, 248, 246,
