%YAML:1.0
---
descriptors: !!opencv-matrix
   rows: 210
   cols: 32
   dt: u
   data: [ 33, 177, 183, 73, 109, 207, 225, 104, 239, 248, 226, 8, 210,
       216, 92, 54, 216, 44, 122, 88, 135, 243, 243, 85, 29, 56, 65, 118,
       74, 42, 82, 166, 217, 66, 110, 229, 4, 14, 73, 56, 100, 226, 230,
       2, 211, 9, 51, 107, 120, 132, 108, 234, 236, 181, 117, 15, 209,
       235, 227, 20, 109, 169, 112, 0, 105, 249, 185, 68, 121, 220, 91,
       55, 169, 237, 190, 40, 190, 55, 196, 54, 134, 118, 253, 72, 217,
       75, 241, 173, 255, 253, 36, 250, 66, 130, 198, 123, 210, 56, 119,
       213, 3, 229, 57, 23, 8, 229, 134, 186, 60, 23, 64, 45, 38, 183,
       185, 129, 49, 222, 176, 197, 215, 130, 155, 178, 37, 0, 135, 123,
       72, 181, 252, 101, 172, 126, 125, 63, 235, 191, 62, 8, 255, 55,
       194, 54, 7, 214, 125, 40, 208, 104, 251, 200, 239, 223, 117, 52,
       162, 240, 198, 107, 65, 38, 248, 229, 228, 46, 121, 23, 105, 235,
       127, 84, 159, 35, 211, 122, 54, 14, 60, 28, 148, 208, 229, 66,
       198, 189, 50, 128, 168, 195, 201, 1, 187, 48, 254, 125, 57, 247,
       88, 90, 87, 235, 118, 181, 27, 157, 182, 60, 159, 61, 245, 21,
       172, 220, 35, 157, 67, 219, 113, 163, 119, 132, 86, 255, 75, 181,
       235, 125, 54, 176, 187, 59, 246, 192, 95, 228, 249, 221, 154, 100,
       23, 126, 125, 189, 147, 208, 175, 159, 111, 109, 171, 200, 38,
       166, 83, 241, 9, 16, 223, 91, 36, 206, 225, 16, 126, 89, 119, 84,
       187, 147, 188, 236, 80, 8, 38, 24, 19, 188, 51, 117, 69, 191, 50,
       64, 202, 137, 64, 160, 30, 141, 236, 255, 182, 162, 255, 187, 123,
       193, 127, 130, 123, 239, 157, 98, 63, 255, 53, 140, 136, 248, 175,
       239, 110, 255, 229, 128, 231, 226, 80, 11, 189, 80, 111, 109, 36,
       91, 207, 120, 116, 232, 242, 66, 83, 20, 149, 177, 126, 196, 94,
       234, 233, 182, 101, 14, 54, 235, 225, 148, 109, 187, 114, 53, 94,
       120, 187, 254, 11, 228, 19, 192, 171, 82, 135, 2, 62, 223, 97,
       122, 231, 245, 253, 131, 11, 71, 186, 225, 211, 241, 91, 59, 170,
       115, 37, 123, 189, 21, 98, 44, 85, 159, 210, 120, 125, 204, 249,
       77, 106, 200, 63, 144, 220, 169, 198, 111, 237, 163, 92, 158, 178,
       89, 1, 58, 91, 47, 106, 213, 201, 235, 9, 161, 180, 13, 74, 190,
       58, 249, 16, 77, 183, 9, 80, 16, 133, 206, 93, 85, 223, 88, 209,
       54, 236, 209, 52, 244, 8, 152, 211, 9, 171, 121, 185, 64, 109, 87,
       223, 252, 75, 248, 180, 108, 58, 156, 215, 53, 156, 252, 87, 126,
       205, 123, 251, 248, 63, 89, 37, 190, 82, 190, 82, 237, 92, 49,
       155, 224, 155, 237, 81, 84, 171, 193, 173, 9, 31, 223, 105, 58,
       183, 185, 221, 48, 25, 67, 178, 0, 219, 213, 23, 127, 170, 66,
       167, 51, 122, 77, 114, 238, 5, 30, 94, 229, 161, 136, 250, 3, 107,
       59, 39, 212, 250, 247, 189, 226, 76, 171, 17, 238, 179, 253, 134,
       147, 35, 254, 108, 14, 129, 146, 241, 85, 114, 234, 233, 55, 124,
       65, 118, 244, 189, 23, 148, 100, 55, 63, 23, 28, 177, 188, 101,
       79, 68, 62, 50, 192, 238, 128, 5, 249, 44, 30, 88, 255, 186, 171,
       18, 59, 30, 13, 253, 237, 231, 233, 162, 64, 215, 58, 134, 16,
       178, 170, 75, 31, 230, 247, 33, 91, 248, 202, 76, 147, 188, 101,
       122, 98, 221, 87, 222, 216, 83, 172, 253, 11, 91, 221, 127, 128,
       120, 216, 151, 114, 108, 179, 104, 190, 123, 205, 165, 253, 119,
       191, 126, 195, 45, 172, 132, 219, 221, 189, 230, 191, 91, 179, 41,
       88, 226, 225, 92, 175, 25, 74, 114, 30, 179, 122, 219, 183, 44,
       30, 213, 124, 218, 253, 218, 140, 99, 142, 97, 8, 125, 61, 200,
       235, 91, 93, 176, 223, 168, 44, 30, 141, 205, 131, 215, 165, 174,
       110, 222, 223, 30, 94, 218, 255, 213, 12, 90, 222, 181, 77, 83,
       198, 213, 223, 231, 96, 89, 162, 177, 74, 10, 16, 181, 181, 120,
       244, 134, 234, 105, 55, 56, 238, 49, 152, 129, 54, 83, 59, 118,
       164, 233, 253, 115, 88, 113, 223, 87, 182, 121, 72, 244, 104, 58,
       29, 132, 181, 140, 186, 212, 74, 239, 190, 112, 191, 119, 249, 32,
       210, 74, 156, 202, 125, 114, 241, 19, 76, 121, 201, 82, 72, 171,
       136, 168, 8, 126, 215, 109, 118, 226, 181, 110, 64, 75, 3, 242,
       81, 147, 180, 1, 63, 18, 34, 39, 167, 154, 186, 110, 180, 206,
       225, 88, 87, 145, 87, 22, 191, 45, 207, 82, 11, 175, 179, 189,
       133, 62, 77, 130, 225, 211, 195, 248, 249, 37, 140, 157, 91, 241,
       49, 51, 76, 125, 157, 194, 72, 205, 224, 184, 72, 58, 216, 125,
       180, 216, 168, 94, 124, 143, 35, 210, 221, 179, 56, 1, 58, 88, 15,
       74, 6, 102, 62, 164, 19, 235, 121, 181, 143, 202, 255, 136, 189,
       194, 252, 79, 11, 141, 87, 234, 17, 150, 75, 239, 48, 12, 18, 93,
       127, 192, 125, 151, 215, 94, 253, 199, 150, 211, 66, 39, 236, 176,
       132, 203, 163, 97, 231, 41, 87, 115, 246, 161, 226, 120, 211, 158,
       46, 121, 39, 205, 1, 167, 243, 180, 114, 32, 137, 153, 233, 252,
       205, 229, 135, 78, 161, 88, 2, 144, 177, 96, 64, 201, 62, 34, 24,
       27, 58, 211, 144, 109, 188, 150, 96, 152, 24, 208, 168, 227, 147,
       86, 92, 237, 22, 100, 61, 93, 88, 119, 118, 72, 114, 172, 245,
       116, 134, 166, 234, 245, 58, 47, 223, 62, 58, 224, 206, 27, 172,
       232, 21, 217, 64, 110, 237, 4, 46, 97, 60, 117, 6, 230, 22, 211,
       1, 51, 121, 120, 132, 44, 44, 232, 180, 117, 14, 213, 171, 240, 4,
       96, 184, 112, 42, 69, 45, 248, 227, 244, 46, 105, 19, 121, 237,
       127, 20, 157, 35, 210, 122, 38, 14, 21, 28, 146, 216, 241, 66,
       207, 189, 54, 196, 174, 195, 195, 224, 66, 198, 10, 190, 91, 128,
       28, 103, 140, 7, 200, 163, 172, 134, 42, 80, 239, 179, 139, 129,
       82, 11, 0, 255, 241, 54, 154, 203, 20, 4, 165, 234, 62, 141, 114,
       248, 213, 231, 90, 227, 149, 4, 222, 3, 41, 251, 54, 192, 232,
       187, 151, 161, 126, 171, 18, 223, 251, 253, 130, 75, 55, 172, 252,
       130, 162, 26, 172, 189, 108, 181, 216, 111, 10, 89, 208, 223, 161,
       44, 22, 138, 204, 11, 151, 133, 157, 46, 90, 149, 198, 95, 250,
       249, 221, 12, 90, 218, 10, 146, 28, 185, 123, 169, 48, 206, 30,
       53, 80, 179, 172, 135, 40, 200, 231, 27, 163, 16, 18, 60, 3, 245,
       205, 151, 26, 103, 144, 8, 133, 155, 201, 237, 17, 179, 116, 141,
       111, 182, 123, 121, 32, 72, 191, 3, 88, 17, 133, 79, 85, 93, 235,
       124, 217, 55, 237, 217, 52, 112, 8, 152, 83, 152, 227, 186, 119,
       80, 91, 253, 48, 87, 235, 93, 180, 120, 40, 220, 164, 61, 175,
       179, 198, 16, 183, 111, 54, 245, 23, 30, 16, 123, 211, 8, 198,
       127, 45, 62, 255, 119, 100, 47, 117, 50, 80, 234, 119, 76, 115,
       57, 145, 57, 29, 238, 20, 46, 169, 240, 113, 40, 71, 207, 113,
       128, 234, 233, 82, 177, 175, 254, 66, 88, 119, 159, 170, 250, 95,
       200, 112, 238, 40, 216, 247, 165, 255, 105, 150, 87, 231, 254, 22,
       255, 62, 91, 37, 235, 95, 13, 122, 157, 161, 143, 253, 69, 180,
       42, 111, 55, 116, 235, 126, 92, 243, 33, 148, 52, 91, 230, 108,
       44, 249, 184, 101, 47, 108, 174, 52, 0, 109, 248, 194, 40, 195,
       72, 243, 229, 110, 8, 238, 6, 233, 128, 242, 234, 191, 139, 209,
       114, 110, 229, 127, 205, 200, 63, 196, 232, 246, 248, 174, 136,
       37, 184, 99, 40, 18, 133, 98, 192, 214, 147, 238, 229, 237, 4,
       120, 130, 41, 200, 60, 1, 58, 187, 19, 225, 214, 187, 4, 223, 62,
       8, 143, 193, 101, 140, 249, 140, 88, 188, 188, 190, 137, 253, 81,
       199, 191, 23, 164, 25, 175, 247, 66, 91, 161, 247, 237, 16, 62,
       79, 250, 49, 219, 247, 83, 123, 130, 64, 175, 106, 67, 243, 161,
       129, 252, 141, 173, 149, 110, 249, 18, 76, 144, 148, 220, 38, 148,
       12, 126, 93, 211, 120, 247, 193, 44, 24, 190, 228, 12, 138, 209,
       253, 67, 115, 75, 132, 122, 153, 43, 16, 171, 228, 27, 237, 236,
       198, 199, 212, 182, 37, 238, 102, 197, 1, 182, 220, 20, 16, 41,
       186, 12, 166, 11, 85, 169, 213, 53, 90, 249, 157, 148, 191, 222,
       121, 48, 124, 190, 220, 236, 165, 133, 19, 214, 0, 243, 40, 122,
       183, 43, 218, 53, 254, 90, 8, 133, 191, 181, 94, 25, 132, 60, 127,
