%YAML:1.0
---
descriptors: !!opencv-matrix
   rows: 270
   cols: 32
   dt: u
   data: [ 208, 253, 155, 252, 187, 200, 21, 231, 187, 134, 168, 56, 174,
       247, 96, 51, 163, 123, 232, 128, 98, 79, 178, 127, 251, 242, 30,
       59, 0, 80, 167, 58, 97, 143, 125, 101, 180, 42, 111, 55, 116, 170,
       126, 108, 243, 35, 144, 48, 59, 230, 108, 44, 249, 248, 101, 14,
       236, 175, 37, 128, 237, 226, 194, 41, 104, 189, 216, 165, 176,
       175, 94, 183, 35, 168, 190, 105, 159, 55, 0, 16, 150, 183, 253,
       72, 24, 26, 209, 29, 239, 253, 37, 245, 98, 226, 206, 27, 253,
       201, 104, 236, 109, 31, 78, 184, 65, 104, 180, 77, 211, 9, 23, 16,
       204, 196, 85, 239, 236, 35, 208, 190, 243, 249, 129, 180, 95, 191,
       90, 88, 245, 252, 51, 124, 141, 239, 215, 230, 255, 226, 160, 24,
       190, 240, 69, 53, 129, 110, 122, 74, 97, 111, 218, 63, 185, 222,
       69, 62, 88, 121, 67, 46, 182, 104, 235, 179, 195, 225, 181, 198,
       31, 31, 210, 179, 12, 158, 103, 72, 235, 155, 183, 147, 62, 214,
       195, 226, 87, 7, 222, 195, 165, 93, 181, 203, 32, 165, 121, 76,
       244, 79, 71, 252, 65, 172, 252, 42, 115, 113, 148, 52, 94, 222, 6,
       104, 203, 186, 225, 95, 127, 156, 37, 60, 119, 250, 198, 169, 34,
       244, 226, 210, 117, 246, 254, 196, 159, 143, 221, 2, 72, 250, 126,
       132, 249, 253, 151, 195, 142, 183, 168, 255, 59, 94, 143, 239, 7,
       95, 125, 207, 169, 94, 110, 77, 100, 22, 111, 120, 112, 78, 244,
       166, 113, 21, 151, 49, 94, 236, 23, 238, 233, 214, 117, 238, 103,
       43, 224, 128, 47, 179, 114, 241, 154, 240, 226, 246, 119, 215,
       254, 196, 63, 111, 87, 147, 105, 222, 127, 164, 255, 235, 151,
       195, 166, 183, 60, 247, 55, 95, 159, 167, 39, 215, 63, 222, 202,
       189, 53, 83, 251, 252, 177, 23, 170, 89, 55, 116, 156, 151, 196,
       255, 133, 51, 219, 24, 179, 73, 178, 213, 15, 49, 26, 235, 138, 4,
       175, 255, 166, 182, 232, 147, 223, 189, 176, 75, 31, 127, 213,
       191, 8, 252, 94, 140, 253, 155, 215, 17, 182, 118, 254, 243, 31,
       85, 153, 239, 199, 77, 158, 215, 39, 50, 186, 150, 235, 53, 152,
       91, 27, 191, 29, 127, 12, 252, 238, 142, 159, 75, 247, 23, 150,
       87, 170, 210, 26, 95, 191, 191, 199, 111, 59, 199, 98, 156, 102,
       222, 127, 215, 250, 105, 127, 127, 251, 171, 104, 220, 62, 209,
       255, 147, 183, 163, 230, 119, 63, 255, 63, 62, 139, 135, 85, 7,
       125, 215, 175, 190, 240, 89, 253, 189, 216, 218, 91, 59, 53, 124,
       8, 88, 207, 189, 223, 88, 150, 24, 183, 102, 234, 242, 14, 92, 49,
       254, 219, 197, 74, 133, 34, 249, 116, 90, 123, 221, 154, 216, 143,
       120, 188, 43, 44, 222, 215, 52, 175, 251, 215, 65, 198, 106, 122,
       253, 63, 92, 13, 187, 87, 22, 15, 95, 153, 211, 103, 173, 174, 3,
       237, 253, 132, 124, 218, 231, 145, 143, 184, 65, 126, 169, 55,
       239, 201, 154, 103, 217, 240, 225, 238, 132, 61, 186, 181, 249,
       88, 12, 55, 109, 48, 174, 75, 55, 52, 11, 218, 209, 255, 63, 16,
       112, 55, 55, 125, 173, 184, 157, 1, 14, 225, 239, 58, 128, 164,
       192, 33, 105, 18, 159, 111, 255, 54, 226, 125, 55, 61, 71, 90,
       227, 121, 63, 180, 113, 119, 247, 53, 129, 233, 216, 37, 239, 247,
       238, 250, 130, 37, 192, 244, 123, 145, 219, 91, 237, 118, 131,
       227, 252, 84, 8, 80, 102, 53, 219, 184, 97, 126, 40, 6, 235, 99,
       184, 0, 189, 224, 136, 162, 128, 125, 152, 49, 169, 122, 80, 230,
       229, 101, 94, 254, 92, 125, 172, 247, 7, 75, 29, 22, 214, 254,
       149, 183, 163, 204, 246, 177, 200, 151, 251, 218, 199, 103, 156,
       252, 223, 57, 209, 99, 75, 85, 223, 199, 117, 101, 72, 254, 108,
       114, 25, 158, 180, 216, 136, 214, 111, 201, 186, 113, 61, 119,
       221, 32, 80, 107, 158, 218, 255, 138, 156, 52, 189, 157, 246, 184,
       39, 189, 71, 214, 19, 172, 62, 38, 205, 205, 55, 187, 129, 52,
       220, 113, 223, 15, 119, 218, 67, 146, 76, 189, 222, 58, 17, 102,
       225, 181, 86, 248, 76, 109, 232, 254, 3, 75, 29, 63, 197, 250,
       157, 183, 225, 156, 179, 17, 204, 183, 249, 130, 195, 103, 190,
       124, 215, 191, 3, 238, 177, 230, 63, 236, 17, 125, 234, 114, 247,
       91, 40, 151, 169, 63, 207, 55, 189, 189, 240, 69, 200, 78, 75,
       231, 132, 239, 253, 218, 209, 35, 221, 98, 11, 117, 215, 190, 229,
       79, 64, 120, 139, 40, 220, 54, 164, 216, 43, 147, 71, 198, 186,
       124, 255, 47, 28, 141, 235, 85, 31, 214, 222, 138, 180, 178, 154,
       211, 245, 176, 71, 191, 31, 109, 19, 44, 254, 110, 204, 225, 59,
       131, 17, 54, 143, 50, 215, 31, 86, 26, 75, 210, 68, 175, 206, 218,
       241, 63, 250, 187, 192, 57, 229, 174, 81, 197, 179, 252, 215, 104,
       99, 162, 59, 251, 145, 83, 79, 186, 213, 249, 193, 31, 235, 20, 2,
       167, 243, 33, 183, 105, 65, 246, 47, 239, 255, 85, 235, 124, 238,
       81, 37, 158, 52, 127, 206, 22, 188, 177, 186, 101, 78, 126, 142,
       165, 196, 239, 218, 242, 241, 40, 177, 17, 251, 221, 111, 177,
       127, 87, 57, 125, 16, 158, 55, 72, 228, 201, 30, 162, 16, 27, 58,
       121, 181, 207, 215, 18, 103, 146, 11, 132, 162, 37, 215, 97, 73,
       246, 3, 239, 253, 84, 104, 124, 230, 81, 69, 188, 36, 126, 152,
       22, 238, 209, 178, 109, 95, 124, 12, 165, 228, 125, 186, 240, 241,
       75, 183, 179, 66, 251, 244, 185, 95, 171, 89, 61, 101, 188, 255,
       222, 182, 135, 27, 255, 145, 151, 9, 186, 241, 15, 93, 62, 238,
       206, 198, 171, 127, 49, 223, 15, 141, 116, 70, 7, 119, 68, 76,
       250, 103, 50, 20, 162, 240, 252, 228, 142, 101, 201, 187, 113, 13,
       176, 36, 166, 146, 89, 56, 180, 253, 136, 156, 31, 248, 155, 228,
       48, 103, 190, 27, 102, 21, 188, 183, 32, 217, 229, 51, 187, 144,
       51, 205, 18, 247, 201, 243, 90, 75, 152, 0, 165, 155, 253, 126,
       47, 5, 32, 22, 23, 248, 36, 234, 214, 228, 82, 52, 163, 246, 92,
       92, 254, 110, 237, 151, 165, 46, 114, 111, 37, 148, 10, 191, 58,
       253, 105, 61, 122, 101, 244, 47, 127, 55, 121, 238, 126, 12, 251,
       119, 130, 48, 150, 238, 85, 46, 233, 184, 241, 47, 231, 253, 36,
       128, 74, 242, 206, 251, 189, 95, 127, 108, 54, 15, 71, 248, 101,
       232, 246, 102, 115, 65, 185, 113, 126, 236, 78, 110, 201, 179, 61,
       45, 242, 233, 33, 128, 111, 187, 96, 185, 43, 191, 120, 235, 246,
       185, 251, 55, 11, 109, 28, 239, 189, 15, 150, 48, 39, 187, 215,
       157, 151, 26, 100, 255, 126, 93, 174, 242, 191, 134, 151, 89, 123,
       93, 123, 238, 39, 86, 95, 244, 225, 196, 222, 2, 127, 127, 183,
       112, 254, 245, 253, 111, 201, 131, 53, 238, 243, 253, 174, 145,
       38, 190, 116, 123, 61, 75, 99, 206, 52, 18, 71, 248, 69, 200, 254,
       230, 115, 193, 181, 228, 88, 228, 31, 238, 201, 179, 45, 173, 114,
       233, 161, 144, 63, 191, 112, 125, 29, 149, 127, 106, 219, 100, 51,
       251, 124, 89, 237, 22, 94, 119, 40, 112, 183, 147, 51, 56, 51, 43,
       59, 87, 219, 239, 2, 78, 251, 3, 163, 115, 166, 114, 174, 144,
       109, 241, 185, 200, 155, 127, 149, 187, 12, 220, 255, 15, 207, 89,
       215, 87, 166, 103, 234, 240, 94, 16, 121, 255, 215, 29, 31, 215,
       65, 143, 125, 101, 180, 14, 111, 55, 112, 171, 126, 100, 243, 33,
       144, 48, 23, 230, 108, 44, 249, 184, 229, 47, 236, 175, 52, 128,
       104, 250, 194, 41, 166, 106, 232, 158, 108, 113, 185, 200, 155,
       247, 21, 187, 237, 238, 223, 11, 159, 105, 247, 215, 134, 103,
       174, 243, 78, 89, 219, 191, 198, 189, 31, 197, 189, 100, 108, 225,
       180, 63, 223, 216, 85, 226, 181, 154, 219, 77, 191, 41, 127, 217,
       87, 254, 232, 183, 125, 222, 243, 217, 171, 245, 119, 255, 80,
       224, 74, 27, 168, 252, 185, 180, 88, 22, 47, 237, 158, 237, 175,
       15, 147, 212, 134, 167, 253, 29, 154, 8, 227, 176, 202, 127, 184,
       147, 150, 196, 28, 123, 41, 241, 115, 72, 119, 223, 215, 253, 69,
       76, 125, 44, 90, 221, 190, 180, 28, 40, 214, 110, 223, 178, 116,
       157, 102, 93, 32, 198, 127, 142, 218, 245, 199, 17, 230, 154, 239,
       245, 190, 200, 255, 94, 81, 179, 72, 220, 191, 108, 255, 217, 179,
