%YAML:1.0
---
descriptors: !!opencv-matrix
   rows: 113
   cols: 32
   dt: u
   data: [ 77, 29, 255, 197, 182, 78, 111, 182, 61, 202, 126, 226, 253,
       55, 181, 103, 118, 117, 63, 238, 225, 144, 37, 238, 103, 239, 230,
       128, 166, 243, 97, 249, 2, 235, 24, 186, 222, 137, 180, 239, 142,
       5, 72, 3, 164, 235, 96, 64, 203, 59, 3, 17, 66, 26, 66, 245, 61,
       20, 30, 107, 16, 24, 133, 138, 238, 168, 190, 62, 41, 221, 16,
       232, 155, 159, 165, 25, 238, 249, 107, 155, 129, 115, 233, 82, 38,
       103, 202, 49, 219, 243, 85, 123, 82, 37, 15, 3, 134, 165, 16, 147,
       253, 109, 188, 111, 30, 51, 57, 27, 204, 56, 88, 8, 187, 27, 75,
       17, 50, 120, 91, 211, 13, 18, 95, 127, 148, 72, 133, 134, 124, 53,
       189, 238, 169, 79, 95, 185, 59, 250, 189, 13, 223, 127, 73, 50,
       149, 223, 253, 50, 249, 67, 251, 26, 251, 223, 101, 188, 242, 242,
       198, 115, 198, 233, 208, 190, 239, 137, 190, 168, 155, 178, 16,
       10, 237, 234, 93, 135, 183, 123, 125, 211, 102, 68, 222, 251, 173,
       82, 207, 255, 20, 52, 11, 6, 14, 132, 214, 252, 253, 187, 154,
       233, 223, 147, 241, 25, 206, 249, 44, 201, 215, 121, 239, 50, 52,
       99, 10, 223, 138, 254, 83, 127, 214, 239, 137, 135, 114, 6, 229,
       206, 92, 35, 206, 104, 19, 163, 241, 202, 83, 104, 148, 17, 91,
       197, 117, 237, 168, 227, 77, 223, 56, 46, 189, 148, 37, 235, 114,
       0, 85, 97, 17, 231, 48, 15, 111, 184, 125, 168, 123, 72, 255, 83,
       137, 116, 182, 93, 124, 106, 73, 144, 105, 92, 165, 254, 39, 6, 0,
       178, 3, 33, 45, 97, 157, 69, 108, 31, 103, 56, 108, 232, 247, 72,
       214, 82, 153, 52, 156, 196, 94, 110, 193, 178, 233, 76, 229, 191,
       37, 52, 72, 59, 67, 33, 3, 190, 5, 187, 124, 165, 169, 247, 30,
       27, 88, 245, 188, 231, 224, 64, 207, 43, 55, 5, 179, 26, 66, 247,
       44, 22, 186, 232, 24, 200, 161, 153, 120, 141, 38, 236, 149, 86,
       86, 125, 229, 0, 238, 2, 123, 249, 48, 224, 120, 230, 141, 227,
       124, 187, 17, 175, 243, 237, 130, 17, 51, 190, 252, 10, 125, 93,
       21, 238, 61, 79, 86, 248, 47, 168, 185, 72, 223, 125, 9, 176, 220,
       213, 93, 98, 105, 35, 89, 190, 251, 223, 5, 60, 90, 187, 66, 51,
       68, 160, 156, 99, 176, 59, 120, 9, 63, 181, 35, 184, 223, 2, 200,
       26, 183, 13, 76, 60, 18, 80, 201, 80, 142, 217, 63, 116, 128, 130,
       135, 1, 134, 4, 158, 149, 237, 102, 189, 3, 190, 151, 3, 17, 204,
       58, 93, 207, 193, 71, 251, 1, 48, 196, 195, 194, 13, 58, 223, 71,
       128, 97, 173, 134, 10, 235, 128, 147, 241, 153, 174, 207, 58, 53,
       72, 153, 172, 234, 86, 152, 177, 75, 179, 149, 22, 90, 142, 243,
       60, 22, 159, 237, 134, 84, 187, 140, 219, 81, 125, 236, 110, 22,
       93, 56, 137, 202, 86, 231, 125, 223, 151, 115, 166, 245, 245, 239,
       193, 196, 230, 205, 198, 251, 233, 138, 55, 182, 69, 123, 71, 34,
       209, 65, 236, 107, 232, 136, 43, 243, 177, 216, 222, 62, 221, 186,
       187, 213, 92, 57, 1, 116, 205, 64, 157, 152, 111, 180, 197, 241,
       67, 161, 77, 48, 213, 241, 240, 44, 104, 27, 58, 179, 99, 80, 221,
       179, 72, 250, 183, 31, 124, 24, 19, 212, 153, 66, 205, 237, 119,
       100, 136, 224, 131, 161, 107, 156, 244, 90, 93, 181, 80, 79, 207,
       23, 172, 31, 40, 218, 38, 254, 201, 162, 202, 16, 182, 47, 118,
       247, 27, 95, 144, 91, 155, 12, 120, 14, 202, 236, 188, 122, 169,
       217, 21, 142, 171, 63, 172, 25, 174, 255, 66, 19, 129, 115, 233,
       18, 98, 73, 202, 113, 239, 211, 93, 123, 210, 84, 143, 11, 131,
       164, 189, 251, 252, 173, 185, 159, 223, 59, 49, 120, 156, 249,
       220, 43, 143, 27, 127, 29, 179, 124, 203, 209, 76, 154, 127, 252,
       212, 200, 193, 161, 65, 158, 28, 121, 57, 141, 16, 190, 31, 57,
       32, 92, 190, 54, 4, 16, 133, 19, 238, 0, 34, 40, 83, 55, 141, 215,
       112, 122, 88, 8, 129, 11, 242, 72, 222, 244, 14, 10, 108, 164,
       185, 178, 178, 26, 95, 43, 21, 91, 106, 245, 125, 234, 104, 199,
       195, 232, 211, 250, 222, 144, 37, 241, 98, 10, 69, 97, 61, 197,
       52, 31, 103, 56, 109, 168, 119, 8, 223, 18, 129, 116, 150, 84, 92,
       106, 193, 176, 105, 76, 165, 188, 39, 52, 64, 179, 67, 37, 118,
       36, 218, 182, 237, 169, 120, 202, 187, 151, 186, 27, 207, 234, 79,
       90, 235, 207, 109, 17, 46, 99, 218, 226, 158, 254, 215, 63, 193,
       121, 202, 6, 109, 96, 57, 69, 44, 31, 67, 56, 104, 232, 191, 8,
       214, 16, 155, 52, 24, 76, 126, 110, 201, 176, 237, 76, 229, 157,
       37, 52, 64, 187, 67, 101, 182, 163, 229, 237, 188, 3, 206, 168,
       87, 176, 241, 202, 67, 105, 93, 10, 217, 204, 117, 243, 234, 242,
       207, 157, 138, 250, 197, 180, 125, 187, 80, 0, 120, 221, 87, 238,
       149, 66, 86, 109, 197, 4, 234, 35, 99, 125, 32, 69, 248, 246, 204,
       227, 120, 171, 17, 173, 179, 224, 128, 19, 51, 62, 244, 14, 214,
       236, 148, 151, 213, 128, 166, 132, 186, 179, 130, 19, 228, 226,
       76, 78, 241, 239, 42, 211, 110, 92, 203, 227, 189, 54, 223, 103,
       128, 112, 185, 142, 121, 207, 108, 108, 40, 26, 94, 188, 225, 236,
       190, 237, 123, 103, 146, 247, 54, 228, 253, 238, 205, 11, 237, 45,
       242, 235, 101, 149, 111, 182, 106, 89, 31, 89, 123, 236, 82, 214,
       63, 112, 173, 200, 94, 230, 61, 223, 161, 244, 118, 253, 151, 207,
       193, 153, 52, 236, 243, 237, 174, 130, 39, 178, 37, 113, 88, 188,
       188, 122, 169, 253, 21, 174, 171, 63, 164, 57, 174, 255, 66, 19,
       129, 115, 237, 18, 34, 75, 250, 49, 219, 211, 85, 123, 210, 64,
       143, 107, 4, 164, 221, 241, 236, 169, 249, 27, 238, 179, 49, 88,
       159, 235, 216, 10, 163, 15, 110, 25, 51, 124, 207, 210, 204, 154,
       119, 100, 212, 200, 195, 161, 48, 176, 255, 113, 50, 201, 113, 66,
       110, 29, 242, 40, 183, 151, 64, 114, 162, 188, 110, 16, 10, 250,
       227, 1, 223, 237, 49, 65, 224, 0, 102, 171, 118, 72, 214, 156, 77,
       110, 182, 200, 185, 166, 242, 11, 78, 250, 109, 95, 248, 245, 239,
       227, 40, 103, 218, 232, 145, 50, 203, 31, 129, 123, 111, 134, 245,
       1, 205, 109, 13, 14, 74, 41, 111, 176, 163, 28, 215, 35, 16, 242,
       48, 196, 120, 110, 17, 196, 221, 8, 141, 251, 195, 20, 104, 43,
       83, 32, 243, 176, 61, 91, 171, 253, 217, 153, 143, 121, 181, 127,
       26, 157, 222, 57, 205, 155, 253, 17, 159, 62, 251, 209, 91, 89,
       120, 255, 223, 12, 214, 119, 36, 177, 56, 99, 153, 111, 81, 41,
       42, 53, 45, 25, 214, 23, 74, 16, 145, 30, 65, 56, 26, 112, 249,
       20, 207, 157, 21, 117, 208, 10, 198, 226, 201, 118, 57, 251, 173,
       45, 95, 159, 121, 75, 189, 92, 191, 123, 93, 120, 149, 147, 93,
       10, 251, 36, 251, 243, 231, 221, 54, 186, 138, 209, 194, 57, 104,
       156, 61, 127, 57, 255, 83, 182, 71, 13, 174, 0, 182, 119, 32, 116,
       193, 114, 92, 8, 170, 169, 113, 63, 235, 255, 48, 18, 18, 218,
       196, 107, 52, 227, 196, 175, 204, 11, 194, 168, 19, 185, 177, 238,
       195, 104, 205, 146, 217, 206, 102, 119, 110, 114, 203, 145, 172,
       154, 197, 124, 253, 251, 88, 132, 42, 32, 214, 174, 43, 11, 152,
       72, 143, 160, 240, 137, 238, 191, 45, 154, 206, 29, 255, 5, 12,
       195, 194, 192, 147, 250, 91, 187, 214, 174, 43, 159, 88, 56, 187,
       245, 48, 238, 121, 23, 59, 201, 126, 57, 191, 63, 0, 120, 166,
       191, 253, 17, 48, 217, 145, 138, 223, 255, 58, 131, 128, 192, 7,
       123, 101, 99, 56, 69, 52, 31, 83, 56, 105, 236, 127, 8, 223, 18,
       159, 52, 144, 204, 76, 106, 201, 176, 241, 76, 229, 189, 33, 52,
       64, 163, 67, 101, 178, 96, 117, 225, 39, 8, 248, 64, 105, 128,
       184, 138, 15, 11, 84, 18, 234, 157, 125, 217, 74, 166, 198, 192,
       151, 216, 138, 131, 101, 130, 99, 142, 134, 141, 148, 183, 193,
       110, 182, 167, 59, 179, 106, 17, 236, 110, 76, 203, 161, 87, 162,
       19, 54, 216, 75, 227, 45, 54, 95, 71, 128, 116, 141, 142, 70, 32,
       146, 128, 205, 110, 242, 72, 59, 183, 179, 27, 204, 250, 77, 26,
       187, 221, 235, 179, 16, 115, 217, 192, 157, 22, 79, 111, 193, 99,
       39, 130, 225, 170, 157, 176, 40, 13, 96, 130, 239, 58, 162, 88,
