%YAML:1.0
---
descriptors: !!opencv-matrix
   rows: 137
   cols: 32
   dt: u
   data: [ 246, 231, 229, 196, 252, 3, 206, 168, 19, 162, 177, 218, 83,
       104, 148, 0, 91, 196, 117, 237, 169, 99, 205, 222, 56, 46, 237,
       180, 205, 251, 242, 0, 172, 132, 150, 252, 253, 139, 86, 105, 223,
       147, 241, 25, 207, 233, 44, 201, 211, 121, 239, 34, 116, 103, 10,
       159, 170, 255, 71, 127, 214, 233, 233, 131, 245, 81, 14, 174, 12,
       6, 71, 184, 165, 140, 195, 12, 83, 115, 43, 83, 240, 228, 108,
       226, 108, 195, 27, 44, 241, 225, 228, 29, 48, 59, 116, 66, 85, 33,
       17, 231, 32, 15, 111, 184, 125, 168, 113, 72, 223, 115, 137, 116,
       182, 221, 92, 106, 73, 242, 105, 204, 173, 250, 103, 6, 0, 163, 3,
       33, 132, 60, 155, 177, 242, 238, 185, 215, 62, 179, 66, 242, 149,
       183, 65, 40, 55, 127, 51, 145, 49, 220, 145, 66, 205, 134, 63,
       196, 140, 65, 163, 179, 101, 112, 17, 229, 52, 15, 103, 24, 109,
       168, 113, 104, 215, 114, 137, 116, 148, 201, 92, 110, 73, 176,
       105, 76, 165, 222, 39, 54, 64, 178, 67, 33, 231, 99, 65, 66, 248,
       5, 79, 188, 40, 136, 176, 204, 241, 67, 221, 151, 28, 194, 93,
       252, 251, 194, 219, 108, 44, 152, 37, 248, 140, 178, 114, 41, 130,
       255, 141, 185, 252, 129, 172, 255, 158, 25, 88, 245, 180, 227,
       224, 64, 207, 43, 39, 5, 242, 90, 66, 247, 44, 22, 190, 232, 28,
       200, 161, 153, 192, 28, 191, 220, 108, 100, 233, 146, 248, 154,
       102, 16, 252, 247, 37, 123, 225, 119, 123, 8, 33, 69, 179, 235,
       71, 186, 242, 8, 128, 241, 101, 41, 134, 165, 144, 147, 255, 109,
       188, 75, 158, 55, 57, 27, 204, 56, 76, 8, 187, 155, 203, 17, 50,
       124, 91, 211, 29, 22, 95, 127, 148, 72, 135, 134, 196, 53, 217,
       225, 232, 44, 121, 27, 42, 179, 47, 92, 221, 179, 201, 123, 151,
       95, 125, 60, 145, 80, 219, 66, 207, 185, 119, 108, 136, 225, 195,
       161, 218, 72, 214, 252, 46, 10, 124, 48, 185, 178, 178, 146, 95,
       59, 5, 91, 102, 245, 125, 234, 104, 199, 193, 232, 243, 251, 207,
       144, 39, 177, 96, 2, 124, 245, 185, 224, 169, 79, 95, 248, 59,
       250, 181, 73, 223, 127, 73, 48, 149, 221, 253, 98, 233, 99, 251,
       152, 251, 219, 101, 190, 114, 243, 70, 115, 17, 154, 157, 123, 18,
       170, 33, 191, 118, 59, 98, 228, 243, 227, 136, 121, 55, 62, 44, 8,
       131, 216, 47, 61, 204, 167, 52, 64, 56, 194, 129, 41, 137, 134,
       25, 187, 184, 173, 41, 191, 30, 91, 84, 112, 180, 183, 168, 96,
       197, 27, 38, 24, 51, 28, 99, 55, 236, 151, 62, 232, 152, 136, 129,
       169, 45, 29, 59, 238, 53, 159, 82, 48, 212, 200, 255, 64, 255,
       241, 49, 224, 212, 122, 30, 106, 153, 160, 120, 63, 227, 239, 33,
       24, 90, 59, 112, 35, 134, 132, 156, 213, 203, 114, 189, 143, 62,
       183, 78, 16, 204, 35, 64, 107, 35, 87, 34, 152, 49, 220, 199, 98,
       77, 50, 223, 69, 134, 112, 141, 170, 64, 153, 159, 245, 128, 102,
       53, 175, 174, 147, 10, 0, 213, 183, 64, 123, 225, 87, 105, 144,
       17, 201, 155, 32, 237, 163, 126, 69, 128, 112, 165, 58, 192, 28,
       191, 222, 109, 100, 161, 146, 250, 27, 102, 16, 188, 183, 101,
       123, 193, 119, 123, 8, 35, 69, 178, 227, 69, 187, 210, 8, 144,
       113, 101, 171, 125, 117, 17, 238, 189, 15, 86, 248, 47, 168, 185,
       72, 223, 121, 9, 176, 220, 213, 124, 106, 105, 99, 219, 191, 179,
       223, 37, 62, 90, 123, 66, 51, 118, 44, 222, 182, 173, 61, 124,
       206, 187, 151, 178, 25, 239, 234, 79, 26, 171, 231, 237, 19, 60,
       99, 202, 226, 159, 255, 87, 59, 224, 125, 202, 6, 214, 236, 150,
       151, 153, 136, 166, 197, 186, 151, 130, 19, 228, 226, 76, 207,
       225, 79, 234, 211, 102, 93, 203, 227, 189, 54, 223, 71, 128, 120,
       165, 142, 120, 157, 63, 110, 25, 206, 87, 182, 197, 72, 174, 0,
       115, 119, 32, 112, 193, 178, 93, 104, 107, 139, 113, 63, 227, 239,
       32, 16, 18, 10, 100, 122, 38, 164, 208, 131, 253, 109, 184, 73,
       31, 55, 57, 27, 204, 120, 92, 8, 187, 147, 127, 49, 54, 112, 219,
       210, 29, 22, 95, 127, 212, 72, 135, 134, 246, 72, 215, 244, 46,
       10, 92, 20, 185, 146, 178, 154, 127, 43, 21, 91, 110, 245, 125,
       234, 104, 71, 195, 234, 211, 251, 223, 144, 37, 241, 98, 2, 246,
       76, 214, 158, 77, 106, 246, 200, 185, 182, 242, 11, 78, 250, 47,
       95, 249, 245, 239, 227, 108, 103, 219, 234, 145, 50, 203, 31, 1,
       127, 127, 6, 56, 29, 119, 236, 151, 66, 86, 108, 197, 132, 250,
       35, 99, 121, 33, 197, 248, 246, 204, 227, 124, 171, 17, 172, 179,
       225, 130, 19, 51, 190, 116, 10, 58, 112, 246, 172, 105, 31, 156,
       204, 191, 122, 240, 169, 78, 191, 37, 154, 223, 221, 255, 71, 204,
       199, 146, 137, 147, 251, 73, 191, 86, 60, 162, 211, 97, 156, 28,
       62, 41, 205, 22, 182, 206, 25, 168, 76, 190, 244, 4, 112, 133,
       115, 238, 0, 23, 40, 90, 53, 165, 246, 80, 58, 88, 9, 9, 27, 238,
       252, 188, 122, 169, 253, 20, 138, 155, 159, 164, 25, 174, 251, 66,
       27, 129, 115, 233, 16, 38, 111, 218, 49, 203, 211, 85, 123, 210,
       85, 143, 11, 84, 33, 29, 231, 32, 14, 111, 56, 109, 172, 251, 72,
       215, 115, 137, 116, 178, 213, 108, 106, 73, 176, 233, 76, 181,
       252, 39, 20, 0, 163, 7, 33, 235, 130, 240, 90, 253, 245, 80, 207,
       223, 95, 164, 25, 42, 200, 254, 252, 193, 162, 238, 28, 190, 47,
       110, 243, 27, 95, 16, 123, 210, 140, 220, 78, 121, 223, 86, 108,
       43, 30, 86, 189, 225, 234, 166, 108, 123, 103, 130, 243, 38, 228,
       236, 110, 205, 99, 245, 45, 242, 235, 100, 24, 107, 182, 234, 89,
       69, 97, 185, 231, 48, 15, 103, 56, 109, 168, 127, 72, 223, 114,
       137, 116, 150, 212, 76, 106, 193, 176, 233, 72, 229, 188, 39, 52,
       64, 178, 67, 33, 142, 142, 156, 87, 225, 252, 62, 166, 62, 183,
       78, 16, 236, 99, 74, 207, 129, 103, 160, 154, 54, 220, 123, 227,
       47, 87, 95, 67, 130, 244, 141, 142, 132, 205, 253, 55, 176, 234,
       86, 172, 91, 211, 41, 177, 230, 108, 93, 11, 147, 111, 32, 119,
       118, 248, 14, 63, 40, 22, 85, 71, 196, 243, 196, 94, 140, 20, 188,
       85, 193, 126, 180, 143, 246, 247, 70, 53, 200, 63, 78, 79, 97, 86,
       162, 144, 52, 252, 115, 194, 79, 51, 214, 71, 130, 116, 173, 214,
       188, 20, 250, 238, 118, 226, 251, 80, 212, 74, 215, 50, 81, 253,
       191, 105, 126, 188, 23, 171, 169, 183, 60, 138, 83, 111, 163, 128,
       245, 235, 116, 243, 245, 127, 111, 110, 168, 5, 79, 252, 194, 250,
       185, 207, 83, 229, 249, 51, 125, 192, 85, 238, 201, 99, 190, 56,
       250, 200, 229, 188, 125, 251, 242, 240, 4, 34, 217, 65, 244, 107,
       232, 18, 106, 241, 50, 88, 148, 30, 85, 58, 175, 85, 90, 25, 145,
       116, 209, 64, 13, 24, 31, 116, 196, 97, 71, 160, 1, 162, 21, 225,
       236, 77, 169, 159, 94, 57, 25, 88, 149, 20, 200, 32, 151, 27, 114,
       24, 147, 120, 107, 17, 141, 152, 61, 100, 208, 136, 129, 161, 73,
       152, 24, 191, 57, 173, 17, 190, 142, 25, 40, 76, 190, 54, 0, 112,
       133, 51, 238, 0, 2, 40, 83, 55, 229, 213, 16, 58, 80, 8, 1, 27,
       125, 71, 196, 71, 52, 30, 78, 184, 113, 234, 251, 236, 83, 97,
       153, 244, 22, 196, 108, 110, 233, 176, 77, 14, 42, 239, 37, 148,
       111, 243, 82, 5, 246, 72, 223, 245, 108, 40, 236, 132, 185, 146,
       178, 90, 251, 235, 85, 91, 107, 229, 127, 138, 40, 71, 195, 226,
       214, 186, 210, 24, 165, 241, 98, 136, 229, 0, 221, 109, 29, 47,
       107, 8, 111, 161, 43, 20, 223, 3, 28, 246, 18, 196, 106, 126, 17,
       160, 127, 64, 141, 248, 3, 84, 104, 43, 67, 48, 38, 161, 208, 131,
       253, 111, 184, 73, 31, 49, 185, 27, 204, 58, 92, 8, 187, 159, 79,
       49, 18, 115, 219, 212, 157, 22, 31, 127, 149, 10, 135, 130, 105,
       140, 61, 127, 57, 255, 83, 190, 87, 11, 174, 8, 182, 55, 0, 116,
       193, 114, 92, 8, 42, 172, 97, 63, 235, 255, 52, 80, 82, 200, 196,
       107, 96, 241, 56, 107, 153, 77, 85, 175, 10, 53, 165, 25, 182, 95,
       74, 16, 153, 19, 193, 0, 90, 106, 219, 21, 239, 213, 20, 127, 80,
       8, 206, 74, 120, 33, 92, 164, 8, 75, 80, 101, 36, 36, 162, 9, 151,
