%YAML:1.0
---
descriptors: !!opencv-matrix
   rows: 155
   cols: 32
   dt: u
   data: [ 52, 198, 197, 158, 252, 3, 198, 236, 83, 187, 184, 74, 195,
       104, 93, 31, 89, 194, 6, 59, 123, 98, 79, 191, 184, 150, 197, 124,
       217, 122, 210, 128, 129, 164, 149, 187, 252, 201, 169, 175, 30,
       59, 80, 112, 180, 247, 232, 201, 207, 27, 50, 17, 51, 92, 75, 211,
       140, 150, 126, 236, 152, 72, 129, 185, 50, 167, 228, 237, 92, 35,
       202, 137, 87, 176, 249, 202, 99, 105, 157, 48, 89, 205, 53, 253,
       186, 242, 79, 157, 42, 254, 141, 180, 117, 171, 112, 4, 73, 180,
       104, 97, 186, 127, 121, 31, 118, 105, 206, 252, 153, 55, 146, 112,
       55, 30, 253, 188, 147, 88, 245, 22, 238, 239, 55, 252, 174, 196,
       139, 113, 166, 156, 182, 252, 255, 171, 150, 239, 223, 131, 248,
       120, 238, 249, 36, 205, 215, 123, 255, 0, 52, 111, 2, 191, 186,
       254, 87, 122, 214, 248, 161, 143, 246, 64, 214, 142, 77, 70, 118,
       200, 185, 134, 227, 11, 78, 250, 111, 95, 249, 245, 234, 99, 76,
       103, 219, 192, 145, 50, 203, 31, 1, 127, 126, 6, 189, 241, 104,
       101, 54, 94, 107, 121, 97, 228, 126, 142, 91, 79, 155, 180, 62,
       156, 149, 236, 201, 176, 53, 142, 251, 205, 165, 132, 103, 166,
       110, 113, 197, 183, 156, 209, 164, 30, 108, 63, 56, 187, 131, 124,
       215, 51, 216, 91, 149, 6, 124, 60, 245, 220, 217, 6, 238, 187,
       245, 212, 140, 232, 216, 1, 130, 140, 148, 23, 195, 104, 164, 135,
       190, 55, 74, 17, 204, 51, 72, 79, 163, 71, 162, 17, 50, 220, 139,
       98, 45, 50, 94, 71, 130, 80, 133, 138, 43, 162, 160, 209, 109,
       156, 249, 3, 107, 125, 117, 24, 172, 140, 214, 172, 206, 45, 183,
       157, 150, 126, 230, 193, 15, 89, 218, 235, 207, 12, 91, 237, 11,
       255, 123, 229, 50, 222, 59, 114, 173, 72, 94, 228, 189, 159, 160,
       96, 182, 61, 31, 231, 197, 152, 48, 255, 230, 253, 42, 130, 14,
       130, 33, 121, 124, 225, 18, 234, 57, 205, 86, 228, 171, 12, 184,
       9, 79, 219, 43, 212, 242, 241, 205, 98, 78, 3, 154, 253, 179, 252,
       5, 59, 98, 55, 38, 67, 14, 144, 179, 250, 245, 247, 186, 203, 30,
       75, 81, 119, 236, 254, 61, 236, 215, 59, 191, 149, 183, 185, 58,
       255, 15, 126, 186, 202, 151, 77, 181, 215, 130, 141, 17, 187, 218,
       129, 162, 239, 158, 1, 72, 67, 164, 210, 96, 64, 202, 59, 3, 81,
       114, 26, 74, 245, 173, 148, 30, 106, 16, 8, 161, 170, 216, 172,
       188, 114, 137, 233, 21, 143, 59, 63, 164, 25, 174, 183, 74, 27,
       129, 83, 237, 16, 58, 77, 251, 115, 219, 211, 93, 127, 194, 64,
       135, 106, 133, 160, 221, 241, 236, 43, 233, 27, 254, 179, 49, 90,
       157, 171, 216, 43, 43, 15, 110, 24, 51, 116, 207, 210, 204, 147,
       127, 116, 220, 201, 131, 160, 241, 237, 13, 111, 29, 79, 67, 172,
       86, 240, 170, 10, 114, 48, 25, 50, 249, 198, 106, 110, 107, 116,
       217, 63, 253, 239, 5, 52, 121, 58, 90, 26, 105, 2, 148, 118, 109,
       188, 120, 19, 233, 157, 119, 124, 142, 11, 150, 255, 134, 37, 238,
       12, 132, 124, 99, 192, 86, 251, 114, 139, 74, 132, 75, 141, 77,
       36, 155, 229, 226, 46, 104, 19, 58, 179, 107, 80, 221, 51, 73,
       250, 183, 95, 124, 184, 17, 208, 153, 66, 223, 239, 123, 4, 136,
       227, 3, 161, 6, 161, 16, 131, 221, 109, 176, 73, 14, 53, 153, 27,
       204, 88, 74, 136, 187, 139, 203, 177, 22, 122, 219, 212, 29, 22,
       31, 111, 148, 10, 157, 134, 120, 157, 61, 254, 153, 239, 83, 183,
       148, 13, 238, 0, 243, 119, 32, 112, 193, 178, 93, 24, 58, 137,
       121, 63, 235, 239, 32, 80, 178, 202, 196, 107, 13, 221, 57, 255,
       61, 205, 86, 183, 94, 72, 120, 68, 190, 117, 33, 224, 149, 122,
       30, 74, 227, 168, 90, 63, 231, 255, 37, 56, 90, 26, 129, 187, 118,
       44, 148, 189, 140, 169, 177, 194, 190, 183, 186, 25, 246, 226, 67,
       91, 233, 247, 111, 17, 58, 111, 203, 98, 221, 182, 95, 126, 128,
       105, 7, 130, 77, 75, 127, 101, 36, 14, 111, 180, 108, 234, 126,
       100, 211, 97, 145, 115, 22, 100, 108, 110, 201, 240, 109, 44, 230,
       251, 101, 128, 74, 243, 67, 33, 60, 125, 153, 238, 253, 79, 86,
       252, 63, 170, 248, 72, 223, 127, 9, 176, 220, 221, 93, 98, 105,
       103, 89, 186, 243, 223, 37, 62, 122, 123, 194, 51, 36, 230, 196,
       239, 252, 43, 194, 184, 67, 177, 185, 74, 195, 105, 93, 130, 217,
       206, 102, 114, 158, 98, 203, 179, 46, 223, 133, 124, 255, 235, 88,
       128, 157, 243, 122, 234, 186, 37, 91, 216, 214, 25, 149, 230, 93,
       211, 233, 104, 247, 217, 31, 254, 155, 3, 10, 242, 250, 205, 175,
       238, 188, 187, 161, 49, 50, 176, 167, 186, 233, 13, 156, 207, 31,
       123, 241, 185, 78, 253, 110, 29, 223, 155, 247, 21, 190, 75, 203,
       209, 219, 90, 93, 254, 210, 204, 166, 215, 88, 251, 154, 119, 48,
       141, 122, 245, 43, 173, 255, 77, 255, 251, 74, 16, 182, 255, 236,
       0, 138, 250, 219, 49, 223, 255, 53, 176, 106, 130, 138, 11, 242,
       71, 103, 172, 157, 66, 70, 109, 229, 132, 250, 3, 67, 40, 48, 215,
       248, 228, 204, 227, 108, 163, 5, 141, 179, 226, 198, 19, 49, 62,
       244, 78, 85, 66, 217, 167, 34, 44, 123, 24, 42, 162, 195, 229,
       223, 35, 201, 90, 55, 205, 125, 103, 136, 212, 205, 64, 212, 227,
       111, 132, 164, 243, 35, 33, 129, 160, 157, 187, 236, 233, 169,
       143, 30, 51, 65, 184, 181, 66, 200, 233, 219, 11, 106, 24, 51, 92,
       75, 145, 140, 147, 127, 100, 156, 8, 137, 160, 250, 56, 169, 244,
       139, 253, 145, 87, 187, 127, 150, 63, 174, 189, 70, 46, 237, 183,
       253, 145, 186, 79, 242, 226, 219, 127, 216, 251, 227, 76, 150,
       127, 107, 156, 86, 88, 221, 241, 240, 67, 207, 17, 236, 58, 40,
       250, 38, 255, 201, 178, 178, 144, 54, 43, 86, 245, 30, 123, 208,
       75, 155, 12, 248, 6, 231, 22, 87, 172, 58, 98, 23, 57, 29, 206,
       251, 229, 215, 102, 171, 117, 214, 53, 44, 38, 169, 135, 101, 14,
       160, 246, 104, 150, 60, 171, 36, 117, 27, 93, 123, 236, 82, 214,
       63, 112, 45, 64, 94, 231, 61, 159, 164, 96, 246, 61, 159, 231,
       193, 153, 48, 253, 243, 237, 42, 130, 45, 162, 37, 121, 183, 63,
       101, 197, 170, 39, 143, 255, 22, 250, 149, 254, 81, 119, 149, 47,
       111, 215, 127, 174, 249, 79, 107, 158, 248, 138, 253, 180, 173,
       248, 160, 121, 65, 228, 156, 37, 164, 14, 108, 191, 106, 59, 42,
       92, 222, 48, 216, 122, 135, 70, 124, 28, 214, 248, 193, 65, 140,
       190, 117, 84, 200, 208, 195, 9, 124, 180, 253, 99, 147, 111, 81,
       41, 115, 167, 167, 24, 83, 53, 72, 56, 57, 150, 104, 56, 57, 246,
       121, 14, 219, 207, 21, 87, 227, 107, 198, 34, 0, 141, 30, 252, 85,
       132, 110, 167, 236, 0, 234, 64, 189, 227, 48, 192, 232, 226, 42,
       200, 88, 139, 18, 237, 225, 255, 150, 8, 0, 24, 233, 136, 8, 178,
       29, 177, 169, 77, 17, 159, 175, 121, 161, 121, 158, 23, 72, 18,
       133, 19, 253, 16, 19, 73, 219, 21, 201, 211, 61, 247, 138, 0, 135,
       27, 246, 92, 253, 223, 138, 98, 31, 154, 22, 242, 157, 182, 209,
       119, 201, 107, 79, 215, 125, 242, 185, 71, 255, 162, 232, 175,
       255, 188, 189, 249, 164, 115, 180, 239, 219, 234, 222, 35, 79,
       216, 210, 146, 188, 210, 83, 227, 249, 51, 127, 202, 22, 254, 250,
       103, 174, 186, 248, 140, 167, 172, 245, 251, 228, 160, 125, 71,
       192, 71, 52, 30, 78, 184, 113, 232, 251, 236, 83, 96, 157, 244,
       22, 196, 108, 110, 205, 176, 109, 46, 42, 238, 37, 148, 111, 179,
       90, 5, 60, 40, 188, 243, 205, 47, 240, 200, 207, 179, 161, 26, 30,
       217, 97, 26, 169, 220, 99, 24, 26, 119, 154, 176, 223, 223, 81,
       127, 211, 105, 86, 162, 93, 181, 209, 225, 178, 46, 108, 159, 59,
       177, 106, 80, 159, 51, 72, 252, 183, 31, 60, 24, 51, 216, 145, 66,
       172, 222, 55, 70, 170, 192, 131, 161, 248, 89, 126, 126, 77, 84,
       85, 244, 225, 158, 166, 8, 114, 255, 7, 51, 200, 244, 125, 106,
       104, 99, 178, 40, 243, 249, 68, 27, 99, 50, 230, 106, 226, 184,
       175, 218, 139, 236, 177, 135, 187, 91, 146, 63, 188, 189, 100, 43,
       237, 179, 255, 145, 179, 109, 242, 227, 219, 114, 218, 251, 205,
