%YAML:1.0
---
descriptors: !!opencv-matrix
   rows: 184
   cols: 32
   dt: u
   data: [ 35, 215, 177, 155, 254, 217, 188, 207, 95, 25, 120, 122, 172,
       252, 252, 160, 239, 27, 166, 17, 215, 58, 111, 247, 60, 22, 30,
       234, 213, 88, 197, 143, 229, 184, 189, 53, 172, 79, 69, 139, 126,
       251, 160, 93, 210, 104, 77, 26, 145, 78, 106, 20, 187, 100, 219,
       50, 77, 30, 117, 116, 216, 121, 198, 114, 92, 120, 151, 242, 201,
       237, 81, 212, 171, 189, 38, 8, 46, 247, 97, 222, 161, 114, 236,
       24, 10, 91, 154, 240, 219, 214, 85, 115, 194, 83, 7, 58, 51, 157,
       102, 140, 246, 131, 143, 255, 85, 64, 248, 231, 118, 232, 182, 68,
       94, 106, 22, 109, 245, 187, 13, 191, 56, 60, 37, 192, 95, 222,
       176, 221, 22, 220, 207, 255, 146, 70, 47, 248, 52, 134, 202, 163,
       113, 103, 41, 81, 125, 215, 191, 226, 104, 211, 25, 110, 249, 167,
       239, 133, 177, 115, 36, 154, 77, 77, 219, 69, 100, 26, 238, 152,
       117, 192, 126, 66, 211, 104, 157, 224, 122, 236, 38, 238, 205,
       176, 117, 106, 102, 175, 167, 0, 111, 251, 120, 32, 24, 16, 15,
       12, 75, 86, 163, 72, 164, 196, 247, 7, 9, 134, 35, 150, 122, 181,
       202, 230, 1, 179, 53, 72, 16, 97, 2, 5, 107, 39, 111, 214, 120,
       104, 184, 248, 11, 229, 81, 71, 171, 53, 164, 8, 142, 159, 65,
       122, 193, 187, 253, 144, 10, 79, 242, 208, 219, 213, 26, 123, 178,
       0, 39, 42, 99, 48, 243, 68, 122, 133, 16, 91, 27, 233, 248, 107,
       54, 158, 100, 48, 220, 185, 23, 0, 139, 26, 192, 75, 25, 28, 57,
       186, 73, 8, 2, 187, 109, 103, 113, 71, 244, 14, 239, 184, 105,
       232, 123, 72, 211, 105, 157, 36, 30, 204, 20, 110, 201, 176, 237,
       14, 164, 252, 37, 132, 78, 251, 82, 33, 120, 140, 232, 252, 93,
       244, 81, 19, 163, 85, 237, 19, 59, 237, 50, 82, 201, 190, 185,
       157, 58, 43, 242, 199, 95, 237, 146, 75, 183, 68, 252, 114, 97,
       129, 11, 190, 61, 192, 67, 37, 229, 73, 219, 32, 178, 214, 184,
       112, 200, 170, 63, 136, 31, 139, 98, 215, 225, 252, 186, 201, 16,
       2, 244, 106, 9, 90, 47, 31, 68, 196, 167, 240, 228, 78, 86, 103,
       113, 213, 179, 99, 108, 104, 42, 206, 193, 180, 63, 61, 85, 33,
       226, 128, 59, 191, 117, 249, 122, 237, 18, 184, 25, 213, 94, 230,
       191, 190, 136, 9, 174, 250, 97, 212, 233, 249, 239, 193, 110, 75,
       194, 223, 187, 214, 143, 63, 18, 116, 175, 6, 42, 91, 122, 92,
       125, 208, 214, 114, 213, 12, 252, 35, 40, 221, 183, 208, 200, 185,
       167, 194, 204, 187, 34, 237, 114, 125, 162, 139, 87, 189, 124,
       207, 245, 79, 109, 100, 44, 110, 79, 186, 113, 254, 182, 76, 83,
       45, 145, 115, 88, 196, 108, 110, 233, 103, 229, 12, 243, 235, 225,
       148, 97, 241, 86, 113, 211, 22, 221, 177, 162, 46, 57, 23, 61,
       123, 50, 245, 157, 38, 194, 95, 167, 151, 253, 149, 181, 220, 165,
       194, 140, 210, 122, 198, 172, 212, 131, 125, 223, 22, 111, 197,
       38, 50, 233, 83, 252, 194, 214, 246, 217, 15, 182, 107, 102, 181,
       63, 173, 161, 213, 181, 202, 86, 43, 234, 128, 47, 160, 49, 112,
       43, 93, 98, 156, 93, 212, 254, 118, 189, 200, 222, 135, 40, 188,
       55, 228, 236, 235, 151, 197, 197, 171, 54, 238, 51, 125, 154, 139,
       79, 189, 122, 223, 42, 219, 122, 94, 125, 209, 210, 246, 223, 76,
       252, 163, 44, 221, 55, 208, 206, 123, 167, 67, 198, 170, 98, 253,
       119, 53, 0, 187, 87, 157, 126, 219, 147, 77, 11, 172, 83, 196,
       111, 102, 189, 64, 110, 131, 61, 199, 48, 112, 116, 171, 27, 204,
       97, 153, 16, 239, 245, 237, 138, 8, 41, 144, 161, 248, 185, 216,
       47, 127, 33, 215, 87, 244, 116, 92, 118, 39, 123, 156, 162, 113,
       252, 250, 183, 71, 205, 190, 57, 61, 115, 235, 116, 195, 123, 158,
       116, 251, 223, 108, 135, 182, 135, 118, 110, 192, 177, 210, 131,
       215, 73, 254, 123, 235, 241, 229, 185, 247, 189, 213, 156, 226,
       184, 98, 207, 134, 175, 119, 57, 84, 66, 194, 159, 190, 11, 192,
       24, 79, 175, 21, 193, 177, 172, 199, 104, 90, 230, 51, 235, 144,
       18, 15, 130, 241, 217, 177, 154, 251, 144, 4, 167, 123, 155, 213,
       106, 206, 214, 116, 255, 127, 20, 78, 223, 183, 121, 127, 186, 97,
       127, 155, 151, 173, 239, 142, 61, 223, 115, 109, 170, 136, 55,
       198, 180, 251, 173, 143, 197, 63, 252, 31, 110, 185, 55, 238, 243,
       213, 211, 108, 147, 179, 93, 230, 118, 110, 253, 244, 125, 63, 46,
       127, 229, 148, 255, 253, 218, 212, 1, 157, 59, 223, 180, 247, 119,
       247, 221, 73, 94, 98, 182, 244, 182, 100, 221, 106, 30, 12, 245,
       184, 48, 255, 47, 127, 182, 194, 24, 202, 248, 253, 237, 181, 149,
       83, 221, 111, 71, 191, 91, 187, 171, 88, 210, 117, 76, 190, 145,
       86, 120, 24, 59, 104, 249, 18, 47, 158, 85, 118, 194, 104, 210,
       32, 82, 56, 150, 184, 219, 229, 16, 71, 191, 21, 136, 57, 172,
       190, 100, 94, 167, 51, 235, 145, 22, 75, 146, 241, 153, 246, 90,
       123, 146, 68, 39, 15, 110, 137, 150, 254, 11, 145, 16, 224, 175,
       17, 225, 41, 236, 255, 32, 90, 198, 123, 235, 208, 18, 75, 202,
       241, 219, 243, 94, 123, 146, 6, 47, 10, 118, 168, 226, 253, 126,
       3, 234, 232, 247, 160, 194, 131, 97, 235, 61, 99, 251, 253, 123,
       237, 104, 211, 205, 221, 62, 126, 207, 14, 181, 160, 112, 140,
       120, 121, 146, 66, 217, 221, 82, 69, 171, 141, 172, 8, 46, 211,
       101, 182, 160, 186, 238, 80, 11, 43, 178, 240, 187, 221, 5, 59,
       202, 18, 206, 191, 1, 177, 179, 18, 201, 173, 177, 71, 234, 29,
       41, 29, 174, 152, 76, 26, 133, 43, 106, 17, 150, 107, 146, 81, 93,
       28, 22, 122, 192, 64, 131, 207, 61, 93, 123, 111, 48, 142, 79,
       240, 101, 200, 127, 68, 115, 119, 161, 112, 126, 112, 20, 110,
       201, 176, 57, 63, 227, 239, 32, 0, 123, 187, 96, 185, 152, 133,
       62, 254, 155, 242, 20, 231, 165, 5, 238, 19, 111, 251, 42, 83,
       232, 179, 217, 160, 124, 139, 18, 237, 251, 227, 94, 75, 35, 66,
       175, 10, 101, 177, 183, 67, 245, 127, 227, 155, 107, 225, 235, 8,
       210, 124, 28, 180, 217, 222, 106, 56, 27, 184, 249, 12, 47, 188,
       5, 84, 192, 107, 214, 164, 248, 40, 184, 120, 73, 205, 81, 71,
       171, 53, 164, 24, 62, 151, 64, 56, 137, 187, 209, 16, 74, 111,
       242, 82, 219, 217, 16, 123, 210, 0, 166, 170, 101, 103, 209, 103,
       116, 14, 111, 184, 104, 168, 123, 72, 215, 97, 137, 52, 28, 68,
       68, 110, 201, 176, 201, 14, 164, 188, 37, 4, 72, 243, 66, 161, 73,
       177, 150, 246, 169, 252, 84, 55, 171, 95, 135, 28, 239, 247, 74,
       255, 135, 118, 252, 10, 91, 73, 187, 225, 131, 243, 80, 91, 2,
       196, 143, 127, 35, 255, 113, 156, 126, 153, 188, 239, 223, 89,
       120, 239, 172, 188, 188, 160, 239, 59, 151, 1, 199, 58, 102, 247,
       54, 28, 158, 171, 85, 28, 213, 223, 58, 205, 67, 220, 85, 211,
       199, 231, 149, 0, 252, 10, 42, 244, 180, 164, 72, 250, 146, 201,
       107, 187, 100, 191, 49, 124, 132, 11, 87, 28, 118, 172, 210, 40,
       183, 152, 137, 240, 144, 71, 187, 23, 128, 25, 172, 190, 103, 255,
       225, 55, 233, 17, 54, 79, 178, 210, 153, 114, 94, 123, 146, 68,
       167, 78, 137, 81, 43, 207, 110, 85, 183, 248, 68, 76, 223, 38,
       120, 85, 171, 100, 124, 112, 186, 238, 193, 51, 63, 189, 119, 105,
       226, 136, 59, 191, 52, 249, 167, 86, 237, 131, 236, 55, 206, 216,
       70, 250, 145, 230, 81, 76, 253, 47, 95, 196, 55, 255, 237, 103,
       111, 248, 20, 10, 239, 180, 189, 251, 112, 245, 237, 214, 233,
       106, 252, 86, 159, 184, 84, 78, 253, 237, 211, 124, 159, 112, 221,
       208, 159, 239, 233, 38, 127, 31, 107, 239, 231, 156, 221, 247,
       118, 241, 117, 133, 109, 207, 148, 70, 111, 184, 100, 192, 207, 2,
       209, 112, 157, 97, 120, 196, 58, 239, 249, 178, 125, 14, 229, 175,
       167, 4, 37, 243, 112, 96, 50, 253, 43, 186, 215, 197, 95, 230, 23,
       69, 72, 139, 55, 223, 96, 0, 249, 251, 147, 209, 91, 26, 58, 181,
       251, 197, 156, 107, 52, 24, 182, 250, 181, 115, 237, 202, 236, 3,
       207, 216, 87, 250, 181, 238, 83, 76, 253, 47, 127, 200, 22, 255,
       233, 118, 108, 186, 48, 8, 231, 188, 125, 251, 112, 245, 236, 120,
