%YAML:1.0
---
descriptors: !!opencv-matrix
   rows: 200
   cols: 32
   dt: u
   data: [ 222, 26, 214, 177, 163, 58, 56, 19, 191, 159, 82, 247, 141,
       175, 226, 218, 167, 181, 253, 145, 180, 221, 131, 194, 214, 247,
       122, 195, 174, 228, 173, 83, 53, 221, 67, 175, 30, 175, 203, 248,
       86, 72, 217, 198, 83, 196, 184, 96, 124, 232, 22, 127, 155, 179,
       61, 191, 184, 172, 163, 84, 61, 171, 112, 240, 34, 156, 59, 222,
       213, 246, 183, 230, 148, 15, 222, 18, 120, 255, 36, 64, 249, 251,
       147, 131, 56, 143, 50, 255, 121, 47, 154, 75, 17, 77, 188, 234,
       79, 141, 46, 153, 203, 240, 185, 162, 190, 87, 78, 176, 156, 182,
       182, 239, 99, 55, 179, 153, 18, 216, 39, 245, 77, 51, 218, 199,
       148, 69, 189, 244, 60, 159, 2, 138, 221, 147, 134, 249, 87, 76,
       217, 111, 98, 216, 182, 196, 124, 234, 134, 247, 222, 187, 8, 191,
       56, 100, 165, 202, 91, 15, 248, 223, 180, 73, 123, 238, 84, 198,
       79, 244, 85, 64, 228, 2, 115, 215, 33, 113, 88, 250, 19, 202, 105,
       179, 112, 47, 115, 169, 128, 8, 115, 187, 116, 232, 68, 241, 136,
       164, 40, 140, 91, 184, 162, 252, 134, 173, 247, 215, 75, 82, 150,
       245, 125, 70, 74, 67, 203, 29, 218, 161, 173, 189, 36, 163, 6, 83,
       112, 115, 104, 236, 40, 79, 91, 56, 163, 172, 188, 173, 215, 199,
       67, 16, 150, 181, 125, 102, 72, 3, 194, 29, 211, 145, 33, 185, 48,
       163, 6, 115, 85, 78, 157, 191, 172, 42, 79, 156, 54, 179, 139,
       240, 215, 99, 9, 74, 115, 199, 108, 111, 57, 65, 207, 34, 232,
       167, 239, 20, 172, 243, 129, 32, 40, 95, 123, 127, 116, 143, 239,
       246, 116, 12, 126, 100, 115, 81, 177, 48, 62, 122, 6, 110, 225,
       184, 33, 63, 103, 143, 36, 128, 115, 155, 102, 169, 121, 21, 76,
       47, 26, 2, 75, 61, 48, 160, 239, 164, 243, 51, 130, 112, 86, 254,
       125, 168, 105, 154, 221, 15, 248, 231, 165, 145, 46, 162, 42, 24,
       58, 15, 71, 174, 23, 210, 79, 113, 133, 68, 222, 227, 107, 231,
       176, 196, 122, 226, 143, 238, 72, 139, 12, 189, 176, 116, 138,
       144, 55, 190, 116, 124, 252, 37, 156, 118, 137, 45, 84, 143, 242,
       179, 166, 24, 215, 243, 73, 27, 161, 214, 108, 114, 58, 101, 203,
       34, 251, 227, 85, 125, 226, 113, 198, 34, 77, 4, 149, 243, 181,
       46, 107, 154, 123, 179, 111, 16, 223, 115, 73, 124, 145, 94, 56,
       30, 19, 244, 251, 226, 207, 255, 21, 68, 194, 243, 195, 32, 169,
       180, 148, 91, 253, 189, 240, 95, 255, 121, 108, 92, 190, 248, 76,
       188, 137, 10, 90, 28, 183, 110, 83, 215, 15, 94, 16, 114, 218, 72,
       202, 142, 172, 176, 145, 81, 233, 253, 112, 203, 255, 115, 36, 24,
       158, 151, 76, 188, 129, 27, 226, 24, 51, 118, 242, 211, 143, 222,
       17, 126, 218, 64, 139, 182, 217, 77, 111, 254, 12, 2, 79, 117,
       213, 194, 198, 70, 115, 235, 49, 99, 122, 228, 57, 239, 233, 207,
       52, 239, 240, 235, 206, 0, 61, 186, 112, 40, 12, 253, 179, 188,
       207, 231, 167, 230, 190, 201, 74, 67, 252, 255, 97, 64, 247, 127,
       51, 17, 1, 217, 18, 252, 253, 134, 47, 8, 128, 122, 37, 251, 40,
       188, 177, 248, 233, 237, 241, 207, 155, 63, 180, 24, 30, 157, 100,
       174, 201, 27, 243, 16, 51, 111, 242, 243, 31, 214, 21, 127, 210,
       72, 198, 226, 141, 189, 154, 251, 252, 141, 174, 214, 190, 137,
       92, 96, 181, 243, 97, 196, 93, 123, 26, 217, 35, 58, 202, 191,
       172, 213, 175, 232, 152, 123, 169, 169, 188, 44, 28, 250, 45, 253,
       151, 106, 159, 30, 181, 50, 142, 223, 33, 41, 201, 113, 207, 3,
       40, 103, 106, 187, 211, 211, 91, 59, 82, 121, 5, 34, 12, 252, 23,
       233, 252, 143, 174, 255, 158, 10, 88, 66, 253, 251, 48, 129, 127,
       121, 23, 163, 97, 191, 26, 255, 124, 199, 239, 228, 28, 56, 185,
       161, 244, 176, 157, 118, 136, 111, 85, 152, 227, 187, 163, 24,
       215, 115, 73, 27, 129, 214, 108, 122, 56, 71, 219, 32, 219, 211,
       85, 124, 192, 113, 134, 34, 53, 105, 234, 236, 196, 199, 111, 213,
       51, 134, 124, 10, 17, 243, 103, 48, 120, 236, 19, 202, 72, 183,
       184, 98, 117, 141, 167, 41, 97, 114, 230, 234, 150, 75, 71, 186,
       226, 194, 174, 229, 180, 26, 210, 242, 89, 194, 169, 73, 123, 251,
       55, 243, 112, 150, 14, 255, 48, 34, 238, 200, 181, 49, 165, 161,
       161, 221, 119, 222, 93, 214, 207, 245, 213, 64, 248, 66, 115, 117,
       61, 229, 88, 250, 18, 234, 233, 171, 114, 191, 33, 248, 134, 24,
       91, 122, 240, 188, 195, 179, 159, 177, 162, 174, 57, 55, 191, 127,
       18, 245, 156, 166, 198, 91, 167, 23, 253, 21, 183, 217, 163, 192,
       140, 178, 126, 198, 140, 192, 131, 125, 85, 135, 157, 165, 168,
       10, 79, 184, 58, 178, 142, 192, 215, 99, 217, 122, 87, 69, 124,
       63, 121, 65, 235, 10, 236, 167, 111, 148, 172, 242, 1, 33, 104,
       50, 24, 236, 104, 15, 89, 56, 40, 172, 244, 173, 151, 151, 2, 80,
       150, 189, 125, 108, 8, 3, 192, 8, 209, 241, 33, 184, 0, 162, 6,
       115, 32, 48, 57, 97, 120, 79, 113, 83, 37, 45, 182, 108, 150, 23,
       0, 16, 28, 148, 79, 56, 8, 186, 113, 12, 87, 173, 32, 144, 97,
       136, 70, 179, 66, 58, 182, 184, 43, 224, 48, 71, 175, 31, 130,
       177, 172, 191, 102, 91, 167, 51, 235, 145, 6, 73, 130, 225, 157,
       114, 94, 203, 128, 84, 175, 91, 149, 252, 31, 225, 146, 79, 117,
       247, 54, 250, 162, 76, 151, 55, 65, 17, 167, 253, 94, 120, 105,
       254, 81, 94, 253, 139, 119, 68, 232, 112, 3, 251, 37, 165, 161,
       67, 213, 111, 231, 185, 105, 237, 239, 8, 210, 117, 92, 54, 217,
       206, 66, 122, 153, 250, 249, 44, 45, 158, 5, 116, 195, 107, 214,
       246, 22, 205, 146, 157, 230, 130, 174, 199, 190, 26, 90, 226, 124,
       242, 225, 72, 119, 127, 38, 194, 66, 211, 138, 226, 188, 166, 255,
       140, 173, 114, 161, 171, 194, 188, 211, 148, 218, 0, 190, 239,
       190, 179, 88, 178, 60, 254, 100, 66, 183, 127, 51, 129, 98, 91,
       154, 235, 61, 6, 95, 174, 133, 112, 163, 139, 125, 180, 145, 101,
       145, 47, 66, 190, 118, 163, 170, 88, 215, 113, 73, 156, 145, 78,
       104, 58, 57, 240, 217, 62, 169, 231, 5, 116, 232, 123, 194, 32,
       228, 165, 149, 99, 137, 47, 68, 173, 50, 179, 161, 24, 215, 99,
       72, 27, 145, 70, 104, 56, 58, 68, 219, 19, 237, 134, 85, 124, 192,
       98, 130, 34, 98, 166, 236, 153, 252, 233, 200, 203, 159, 255, 181,
       185, 130, 200, 222, 27, 137, 130, 111, 21, 190, 110, 111, 149, 14,
       22, 241, 253, 213, 140, 222, 196, 227, 120, 107, 84, 93, 220, 241,
       96, 203, 204, 190, 14, 58, 220, 246, 38, 168, 48, 250, 76, 199,
       47, 182, 207, 27, 89, 1, 59, 75, 12, 116, 254, 105, 144, 131, 117,
       36, 173, 97, 19, 126, 27, 114, 124, 182, 177, 208, 170, 137, 62,
       118, 24, 19, 252, 211, 1, 140, 182, 112, 64, 200, 8, 83, 185, 169,
       56, 150, 81, 201, 253, 48, 71, 251, 59, 164, 24, 158, 146, 68,
       191, 161, 59, 250, 24, 23, 111, 146, 208, 159, 218, 81, 126, 202,
       64, 203, 159, 61, 93, 123, 111, 48, 143, 95, 240, 101, 72, 251,
       68, 115, 119, 33, 16, 62, 242, 21, 110, 201, 184, 57, 63, 227,
       239, 36, 0, 123, 179, 98, 187, 16, 189, 155, 188, 147, 199, 166,
       119, 54, 128, 78, 66, 180, 247, 96, 196, 114, 123, 51, 24, 67,
       217, 18, 255, 185, 228, 15, 10, 40, 0, 169, 187, 42, 189, 99, 188,
       86, 192, 185, 103, 156, 69, 218, 179, 57, 158, 36, 64, 239, 187,
       147, 129, 114, 155, 166, 255, 124, 36, 186, 200, 5, 12, 183, 218,
       62, 159, 34, 170, 245, 179, 246, 255, 85, 15, 220, 231, 104, 237,
       167, 196, 253, 250, 135, 163, 188, 187, 8, 255, 122, 71, 174, 195,
       151, 95, 252, 207, 8, 160, 3, 177, 116, 173, 233, 83, 62, 65, 88,
       212, 181, 129, 112, 160, 152, 42, 19, 29, 19, 184, 146, 211, 141,
       156, 186, 104, 156, 136, 83, 176, 198, 158, 20, 63, 43, 185, 48,
       170, 175, 54, 131, 245, 236, 98, 10, 219, 167, 19, 232, 2, 38, 77,
       203, 117, 140, 50, 91, 91, 24, 5, 15, 23, 24, 236, 223, 252, 246,
       194, 116, 231, 251, 27, 116, 34, 62, 255, 33, 113, 227, 251, 151,
       144, 98, 223, 138, 255, 251, 231, 118, 15, 176, 208, 175, 139,
