%YAML:1.0
---
descriptors: !!opencv-matrix
   rows: 158
   cols: 32
   dt: u
   data: [ 82, 77, 82, 188, 219, 128, 52, 103, 189, 133, 232, 163, 44,
       179, 32, 212, 234, 187, 131, 128, 118, 11, 2, 223, 184, 230, 30,
       11, 51, 20, 167, 11, 40, 205, 123, 127, 116, 143, 255, 246, 116,
       12, 124, 4, 115, 83, 161, 48, 60, 122, 6, 110, 227, 188, 49, 63,
       103, 143, 36, 0, 123, 155, 102, 185, 187, 180, 61, 186, 61, 253,
       152, 187, 158, 89, 144, 121, 190, 222, 8, 169, 141, 147, 221, 17,
       191, 79, 90, 183, 203, 219, 187, 255, 144, 12, 155, 83, 205, 116,
       27, 101, 32, 46, 119, 188, 116, 234, 119, 92, 215, 115, 8, 49,
       181, 92, 92, 42, 225, 244, 121, 14, 231, 235, 101, 4, 72, 242,
       195, 35, 32, 48, 25, 97, 112, 79, 113, 19, 37, 41, 118, 108, 151,
       23, 0, 16, 140, 148, 111, 56, 9, 152, 81, 4, 199, 140, 48, 208,
       104, 136, 6, 187, 91, 148, 227, 173, 146, 38, 127, 55, 48, 71,
       202, 53, 125, 191, 18, 112, 119, 239, 61, 173, 185, 153, 181, 79,
       241, 239, 186, 128, 175, 230, 163, 123, 70, 143, 146, 158, 137,
       160, 22, 143, 143, 19, 200, 41, 228, 226, 108, 222, 193, 83, 234,
       17, 86, 75, 202, 225, 152, 52, 94, 91, 144, 95, 161, 15, 56, 120,
       173, 120, 173, 213, 208, 94, 199, 125, 180, 29, 139, 156, 119,
       153, 201, 9, 199, 21, 158, 111, 114, 144, 203, 217, 85, 127, 211,
       28, 206, 222, 51, 159, 2, 138, 247, 147, 198, 248, 87, 76, 249,
       231, 98, 200, 166, 196, 252, 234, 134, 247, 223, 187, 12, 191, 58,
       36, 165, 194, 127, 15, 248, 223, 186, 152, 47, 186, 13, 245, 80,
       234, 151, 95, 225, 23, 15, 189, 54, 200, 233, 147, 191, 5, 62, 47,
       83, 183, 219, 247, 90, 95, 243, 13, 124, 82, 24, 236, 255, 254,
       117, 194, 118, 231, 251, 158, 124, 34, 127, 187, 32, 49, 171, 255,
       55, 129, 98, 255, 136, 255, 251, 235, 118, 1, 97, 18, 239, 171,
       105, 0, 59, 97, 85, 207, 97, 19, 113, 65, 102, 8, 187, 17, 16, 48,
       200, 172, 64, 24, 25, 188, 112, 15, 199, 253, 16, 64, 66, 136, 66,
       170, 249, 197, 47, 254, 13, 196, 71, 237, 212, 2, 198, 18, 114,
       249, 56, 99, 216, 226, 56, 234, 104, 239, 114, 191, 243, 251, 210,
       25, 16, 56, 244, 106, 16, 253, 27, 189, 19, 199, 178, 119, 22,
       128, 74, 67, 189, 247, 96, 196, 122, 123, 51, 217, 113, 216, 146,
       238, 169, 229, 15, 74, 32, 40, 37, 187, 169, 184, 148, 81, 233,
       253, 112, 223, 239, 123, 164, 28, 158, 146, 68, 190, 129, 27, 250,
       16, 23, 111, 242, 209, 143, 216, 85, 126, 218, 64, 203, 159, 177,
       93, 119, 222, 85, 198, 239, 244, 213, 64, 228, 2, 113, 209, 61,
       101, 88, 250, 18, 234, 233, 183, 112, 175, 113, 168, 130, 0, 83,
       187, 116, 168, 181, 76, 127, 95, 68, 198, 231, 112, 245, 198, 231,
       18, 83, 85, 53, 119, 120, 244, 2, 234, 233, 247, 121, 46, 115,
       171, 65, 0, 99, 187, 102, 224, 58, 142, 42, 186, 213, 243, 255,
       230, 20, 15, 220, 35, 96, 239, 182, 64, 249, 250, 151, 177, 62,
       191, 42, 191, 123, 103, 190, 193, 151, 79, 252, 203, 64, 50, 25,
       173, 104, 14, 89, 24, 32, 232, 194, 233, 151, 151, 1, 80, 150, 29,
       125, 100, 8, 147, 193, 8, 213, 241, 41, 184, 32, 162, 3, 83, 85,
       134, 157, 165, 172, 10, 79, 184, 118, 162, 142, 192, 247, 99, 217,
       98, 115, 69, 108, 238, 105, 193, 237, 10, 236, 167, 111, 20, 172,
       242, 1, 32, 116, 254, 157, 119, 168, 109, 84, 190, 235, 179, 170,
       92, 215, 243, 72, 27, 131, 86, 108, 18, 57, 103, 219, 34, 233,
       214, 85, 127, 192, 113, 134, 50, 95, 76, 239, 254, 7, 102, 111,
       226, 181, 82, 198, 130, 121, 111, 49, 123, 103, 229, 57, 239, 105,
       215, 63, 237, 211, 235, 202, 0, 47, 245, 49, 112, 244, 36, 149,
       117, 136, 110, 69, 187, 114, 178, 162, 88, 215, 115, 73, 251, 17,
       214, 104, 56, 41, 100, 219, 10, 253, 162, 85, 52, 224, 240, 194,
       42, 160, 255, 123, 252, 244, 199, 231, 247, 84, 206, 124, 34, 177,
       253, 166, 32, 252, 122, 6, 74, 249, 186, 48, 111, 121, 173, 38, 8,
       65, 56, 246, 249, 64, 165, 157, 115, 136, 45, 69, 175, 178, 51,
       170, 88, 247, 99, 72, 91, 145, 86, 104, 24, 122, 76, 219, 23, 233,
       134, 85, 124, 192, 64, 130, 40, 90, 120, 190, 240, 43, 236, 48,
       71, 171, 159, 134, 57, 172, 191, 98, 91, 167, 51, 237, 16, 2, 77,
       146, 192, 219, 243, 94, 187, 130, 84, 143, 91, 24, 79, 227, 77,
       52, 74, 101, 191, 117, 196, 110, 224, 179, 33, 179, 116, 114, 236,
       44, 108, 201, 184, 37, 8, 226, 237, 37, 0, 102, 240, 116, 104, 26,
       156, 171, 252, 215, 231, 187, 230, 54, 71, 206, 18, 120, 255, 34,
       96, 249, 251, 179, 129, 59, 159, 48, 255, 121, 103, 154, 66, 177,
       69, 181, 250, 40, 169, 250, 114, 213, 208, 118, 231, 243, 5, 236,
       8, 42, 251, 102, 20, 233, 250, 131, 208, 90, 59, 138, 231, 127,
       221, 148, 107, 195, 2, 238, 170, 10, 188, 115, 188, 86, 225, 187,
       103, 188, 69, 88, 163, 61, 158, 36, 0, 238, 187, 147, 145, 98,
       155, 20, 255, 125, 36, 186, 202, 5, 8, 167, 218, 169, 124, 27,
       109, 112, 15, 99, 112, 117, 10, 112, 72, 119, 19, 1, 49, 148, 56,
       86, 106, 225, 182, 16, 63, 229, 217, 32, 0, 104, 179, 66, 185,
       216, 223, 119, 174, 42, 2, 95, 253, 165, 206, 254, 230, 127, 231,
       163, 71, 126, 247, 255, 227, 232, 131, 47, 233, 240, 226, 111,
       152, 119, 246, 164, 121, 110, 137, 144, 186, 219, 185, 18, 207,
       155, 21, 105, 25, 46, 235, 104, 208, 193, 251, 163, 16, 30, 11,
       202, 243, 190, 244, 29, 123, 146, 94, 142, 14, 168, 173, 250, 90,
       221, 248, 146, 199, 155, 21, 109, 25, 42, 249, 110, 16, 201, 58,
       195, 16, 50, 107, 218, 247, 127, 245, 20, 107, 211, 72, 238, 138,
       90, 149, 247, 237, 179, 226, 123, 115, 37, 77, 222, 102, 125, 55,
       128, 244, 119, 247, 253, 168, 153, 153, 53, 207, 241, 238, 170,
       192, 167, 198, 167, 123, 22, 91, 119, 71, 114, 202, 235, 80, 117,
       196, 119, 226, 121, 215, 165, 116, 126, 252, 23, 234, 225, 180,
       45, 238, 39, 254, 130, 130, 103, 179, 102, 245, 201, 12, 239, 253,
       38, 50, 233, 51, 116, 194, 86, 146, 249, 47, 179, 107, 110, 244,
       63, 141, 161, 220, 55, 206, 70, 235, 250, 128, 47, 232, 113, 96,
       184, 236, 62, 86, 85, 221, 247, 231, 221, 22, 244, 18, 170, 216,
       52, 33, 233, 186, 211, 3, 122, 239, 58, 253, 115, 219, 214, 67,
       87, 8, 245, 174, 245, 7, 108, 102, 40, 94, 79, 184, 225, 108, 191,
       172, 211, 103, 154, 51, 28, 196, 108, 238, 248, 227, 237, 45, 242,
       251, 225, 148, 96, 179, 70, 113, 195, 182, 157, 177, 170, 236, 57,
       23, 190, 127, 18, 245, 188, 38, 194, 123, 167, 23, 255, 21, 183,
       89, 163, 193, 140, 50, 122, 194, 136, 192, 131, 125, 163, 144,
       233, 89, 229, 249, 241, 79, 95, 93, 116, 50, 184, 156, 246, 108,
       203, 26, 22, 25, 147, 60, 38, 211, 79, 24, 54, 239, 215, 76, 212,
       239, 49, 221, 107, 237, 180, 199, 111, 247, 84, 202, 222, 102,
       243, 245, 177, 96, 93, 250, 22, 106, 233, 184, 53, 63, 225, 142,
       167, 128, 60, 250, 240, 249, 224, 188, 157, 116, 168, 109, 64, 31,
       235, 187, 170, 88, 183, 179, 64, 26, 129, 215, 108, 16, 43, 111,
       211, 3, 217, 150, 117, 62, 192, 96, 6, 43, 139, 221, 170, 191,
       155, 132, 63, 247, 190, 198, 78, 135, 253, 230, 35, 80, 231, 99,
       123, 199, 228, 137, 158, 111, 229, 39, 47, 128, 56, 118, 169, 218,
       154, 156, 108, 186, 251, 181, 56, 255, 183, 93, 220, 183, 41, 255,
       62, 217, 239, 155, 151, 149, 182, 75, 58, 247, 91, 91, 154, 235,
       183, 197, 172, 219, 102, 162, 165, 145, 236, 233, 200, 139, 158,
       189, 176, 185, 130, 140, 212, 26, 137, 150, 111, 21, 30, 111, 239,
       82, 12, 22, 253, 253, 196, 12, 214, 194, 250, 185, 126, 114, 239,
       221, 180, 229, 233, 93, 181, 61, 42, 254, 78, 179, 168, 179, 198,
       82, 118, 111, 242, 161, 127, 217, 4, 123, 99, 12, 206, 215, 42,
       248, 147, 216, 233, 249, 144, 198, 155, 19, 180, 24, 46, 159, 100,
       174, 137, 59, 219, 16, 19, 111, 178, 243, 31, 220, 22, 123, 211,
