%YAML:1.0
---
descriptors: !!opencv-matrix
   rows: 133
   cols: 32
   dt: u
   data: [ 223, 115, 174, 230, 44, 85, 31, 216, 132, 204, 159, 239, 211,
       93, 139, 42, 254, 213, 253, 227, 205, 67, 251, 136, 243, 233, 171,
       157, 45, 187, 52, 115, 32, 189, 57, 168, 221, 173, 177, 203, 206,
       21, 168, 13, 158, 152, 100, 16, 201, 139, 67, 21, 146, 43, 210,
       81, 221, 157, 26, 126, 208, 72, 167, 195, 18, 37, 18, 172, 91,
       167, 62, 73, 173, 0, 233, 9, 44, 218, 37, 212, 182, 185, 219, 227,
       4, 3, 146, 222, 177, 148, 11, 43, 16, 119, 47, 6, 212, 60, 186,
       117, 162, 234, 178, 194, 250, 242, 46, 49, 159, 187, 67, 26, 163,
       125, 125, 18, 36, 245, 152, 34, 215, 239, 103, 39, 224, 113, 79,
       131, 37, 99, 96, 71, 100, 31, 238, 184, 73, 232, 127, 237, 211,
       72, 159, 180, 24, 204, 70, 111, 205, 176, 109, 44, 38, 124, 33,
       148, 79, 191, 90, 212, 248, 76, 15, 188, 13, 245, 80, 74, 213,
       130, 224, 9, 51, 215, 33, 249, 200, 160, 25, 128, 44, 143, 114,
       14, 211, 235, 192, 25, 18, 121, 116, 74, 2, 239, 34, 158, 89, 149,
       188, 239, 190, 21, 200, 193, 172, 230, 33, 69, 237, 59, 235, 132,
       102, 11, 130, 255, 119, 118, 158, 139, 18, 20, 165, 142, 45, 71,
       80, 69, 244, 26, 110, 188, 125, 160, 126, 196, 211, 98, 153, 180,
       18, 76, 70, 110, 225, 176, 109, 110, 44, 190, 37, 4, 202, 251,
       202, 132, 249, 16, 43, 8, 120, 125, 17, 74, 62, 101, 231, 152, 22,
       148, 98, 120, 220, 156, 250, 61, 184, 23, 245, 18, 209, 53, 11,
       92, 208, 45, 182, 112, 239, 162, 180, 20, 173, 61, 208, 139, 251,
       191, 182, 29, 138, 232, 86, 159, 129, 198, 236, 29, 158, 101, 235,
       192, 159, 91, 85, 63, 194, 125, 218, 69, 103, 44, 98, 88, 93, 189,
       190, 98, 205, 66, 184, 11, 136, 156, 55, 36, 232, 161, 219, 39,
       196, 35, 116, 222, 55, 60, 138, 59, 85, 93, 91, 230, 192, 160,
       159, 121, 40, 236, 97, 23, 254, 19, 230, 16, 183, 147, 64, 123,
       161, 182, 108, 24, 51, 252, 243, 17, 205, 187, 114, 64, 192, 128,
       199, 42, 119, 252, 159, 22, 185, 207, 135, 170, 191, 250, 170, 77,
       238, 252, 69, 151, 149, 247, 236, 115, 111, 111, 219, 127, 185,
       150, 77, 126, 200, 114, 11, 93, 10, 221, 250, 222, 91, 208, 191,
       247, 150, 69, 253, 166, 168, 238, 174, 228, 110, 251, 130, 192,
       199, 43, 190, 235, 119, 101, 142, 139, 63, 94, 173, 223, 123, 185,
       145, 88, 205, 221, 80, 198, 235, 115, 164, 24, 142, 182, 70, 190,
       137, 219, 254, 80, 31, 107, 242, 241, 155, 216, 85, 127, 218, 84,
       203, 30, 210, 164, 174, 241, 129, 122, 76, 71, 187, 51, 166, 24,
       139, 178, 80, 123, 233, 135, 121, 145, 56, 95, 130, 192, 217, 243,
       222, 69, 129, 64, 254, 10, 92, 191, 219, 160, 178, 234, 55, 211,
       190, 189, 59, 49, 95, 255, 65, 26, 183, 125, 236, 51, 20, 241,
       136, 66, 249, 199, 39, 199, 224, 99, 175, 67, 42, 221, 232, 222,
       219, 208, 159, 255, 159, 69, 220, 179, 40, 255, 166, 228, 111,
       251, 147, 192, 246, 11, 62, 247, 127, 125, 158, 251, 55, 220, 188,
       254, 45, 7, 64, 5, 212, 26, 230, 187, 116, 230, 126, 196, 195, 96,
       159, 180, 123, 204, 6, 44, 253, 176, 101, 14, 44, 174, 37, 4, 111,
       252, 218, 212, 37, 177, 183, 67, 213, 127, 227, 136, 111, 241,
       235, 8, 210, 124, 29, 180, 152, 222, 98, 120, 155, 240, 249, 4,
       47, 188, 5, 84, 193, 107, 210, 180, 46, 164, 252, 250, 221, 181,
       88, 207, 151, 21, 157, 27, 9, 251, 126, 136, 203, 155, 147, 145,
       62, 75, 90, 182, 95, 223, 156, 123, 183, 78, 252, 198, 1, 75, 123,
       63, 52, 139, 111, 37, 236, 204, 234, 1, 243, 226, 182, 80, 240,
       235, 46, 78, 204, 184, 102, 111, 228, 174, 38, 0, 16, 186, 100,
       72, 38, 169, 232, 80, 236, 233, 88, 207, 155, 245, 184, 187, 2,
       140, 86, 24, 201, 155, 215, 145, 30, 106, 238, 209, 95, 20, 149,
       255, 213, 204, 214, 214, 125, 73, 31, 238, 12, 14, 71, 184, 196,
       160, 167, 8, 215, 115, 41, 115, 80, 228, 124, 106, 72, 161, 89,
       12, 241, 235, 101, 20, 48, 187, 80, 34, 124, 79, 156, 228, 188,
       38, 71, 191, 17, 170, 190, 74, 87, 99, 137, 18, 153, 198, 108,
       104, 56, 227, 73, 14, 249, 239, 37, 84, 163, 251, 210, 33, 3, 183,
       59, 221, 124, 141, 169, 111, 94, 57, 88, 118, 180, 216, 180, 32,
       239, 59, 18, 129, 227, 184, 102, 87, 5, 28, 58, 232, 84, 8, 149,
       173, 27, 29, 59, 212, 83, 214, 63, 119, 53, 196, 238, 6, 120, 183,
       35, 117, 124, 253, 146, 236, 237, 155, 48, 206, 243, 239, 142, 2,
       107, 164, 47, 254, 34, 148, 122, 219, 85, 245, 184, 103, 30, 69,
       125, 19, 168, 157, 38, 64, 237, 59, 147, 1, 18, 58, 50, 215, 71,
       61, 154, 107, 81, 12, 245, 218, 242, 42, 232, 52, 173, 121, 80,
       135, 171, 255, 188, 185, 131, 172, 87, 31, 137, 198, 237, 21, 30,
       111, 226, 128, 154, 208, 85, 255, 198, 236, 94, 78, 186, 44, 18,
       190, 25, 229, 86, 106, 183, 6, 232, 27, 46, 218, 37, 148, 248,
       187, 195, 130, 46, 7, 26, 255, 179, 212, 139, 59, 51, 117, 46,
       134, 130, 207, 6, 159, 120, 129, 44, 239, 190, 9, 74, 229, 164,
       226, 36, 193, 225, 43, 43, 133, 99, 152, 67, 127, 36, 54, 158,
       138, 24, 16, 161, 137, 32, 160, 145, 234, 124, 173, 209, 79, 27,
       41, 121, 9, 150, 153, 80, 24, 153, 155, 71, 25, 26, 58, 202, 19,
       93, 220, 17, 108, 208, 138, 86, 170, 107, 249, 176, 112, 205, 189,
       84, 199, 235, 121, 172, 12, 46, 186, 70, 190, 137, 171, 246, 16,
       159, 107, 210, 241, 159, 221, 20, 123, 202, 92, 202, 142, 208, 13,
       159, 254, 11, 102, 23, 99, 160, 134, 141, 17, 118, 247, 33, 83,
       224, 247, 105, 162, 120, 75, 178, 42, 241, 167, 78, 25, 32, 115,
       39, 98, 226, 228, 82, 218, 89, 133, 124, 79, 175, 19, 232, 89, 32,
       203, 108, 80, 233, 155, 75, 128, 98, 15, 210, 211, 55, 60, 146,
       42, 17, 16, 226, 142, 194, 193, 21, 186, 72, 137, 96, 15, 175, 49,
       75, 89, 230, 194, 108, 80, 225, 139, 107, 17, 90, 31, 203, 81,
       148, 48, 26, 110, 24, 8, 129, 8, 71, 24, 133, 63, 42, 40, 168, 2,
       174, 211, 10, 229, 253, 110, 151, 78, 167, 103, 125, 7, 133, 192,
       215, 96, 132, 54, 90, 146, 156, 119, 9, 93, 147, 221, 142, 190,
       219, 149, 30, 230, 175, 76, 76, 135, 108, 238, 39, 80, 231, 235,
       243, 199, 68, 139, 30, 255, 249, 119, 15, 11, 56, 119, 171, 222,
       124, 229, 252, 98, 152, 107, 71, 152, 115, 182, 173, 8, 83, 113,
       73, 59, 17, 212, 108, 122, 106, 99, 233, 42, 251, 207, 101, 61,
       226, 243, 198, 34, 41, 206, 113, 95, 93, 149, 206, 190, 85, 66,
       252, 66, 243, 120, 149, 164, 93, 250, 22, 203, 203, 186, 127, 255,
       39, 127, 150, 8, 95, 219, 250, 172, 60, 133, 127, 234, 30, 227,
       91, 120, 148, 4, 223, 163, 87, 247, 40, 64, 120, 184, 159, 234,
       58, 163, 9, 159, 249, 229, 163, 213, 53, 171, 52, 114, 131, 204,
       103, 221, 21, 183, 175, 230, 92, 66, 88, 70, 176, 40, 181, 229,
       73, 106, 50, 207, 227, 188, 55, 255, 37, 62, 154, 0, 93, 93, 113,
       188, 21, 149, 127, 238, 22, 70, 79, 121, 36, 0, 239, 2, 115, 247,
       168, 96, 122, 182, 60, 234, 89, 147, 57, 31, 241, 175, 162, 192,
       53, 163, 228, 48, 118, 176, 161, 144, 205, 97, 144, 203, 155, 245,
       128, 187, 154, 222, 77, 26, 201, 223, 251, 145, 30, 75, 218, 240,
       221, 20, 157, 127, 149, 77, 150, 82, 18, 181, 26, 186, 219, 197,
       178, 239, 30, 17, 204, 2, 188, 247, 104, 132, 251, 27, 147, 145,
       19, 11, 26, 245, 189, 215, 27, 111, 154, 10, 171, 187, 226, 228,
       80, 155, 200, 169, 36, 207, 174, 51, 105, 89, 20, 194, 108, 82,
       233, 139, 98, 16, 83, 30, 218, 83, 60, 4, 23, 108, 152, 74, 203,
       128, 50, 140, 170, 154, 157, 245, 162, 199, 150, 7, 204, 19, 32,
       252, 52, 192, 217, 186, 131, 145, 62, 175, 18, 247, 57, 55, 158,
       75, 145, 76, 252, 206, 178, 164, 18, 186, 205, 233, 148, 111, 219,
       23, 241, 27, 46, 248, 60, 157, 201, 171, 195, 1, 126, 111, 66,
       215, 177, 86, 90, 59, 81, 76, 254, 142, 148, 205, 10, 188, 154,
