%YAML:1.0
---
descriptors: !!opencv-matrix
   rows: 179
   cols: 32
   dt: u
   data: [ 44, 120, 182, 242, 109, 237, 80, 196, 143, 249, 188, 9, 15,
       159, 103, 154, 201, 177, 247, 16, 15, 107, 218, 176, 219, 221, 85,
       123, 242, 95, 68, 218, 205, 14, 215, 127, 36, 58, 234, 16, 124,
       130, 114, 64, 251, 96, 149, 239, 114, 100, 110, 110, 161, 244,
       197, 42, 132, 250, 99, 0, 204, 249, 73, 45, 32, 35, 82, 65, 112,
       11, 106, 81, 109, 32, 255, 72, 11, 11, 132, 148, 58, 140, 70, 232,
       0, 178, 197, 72, 22, 156, 32, 32, 107, 130, 74, 128, 59, 123, 174,
       86, 71, 214, 179, 84, 67, 237, 247, 39, 56, 156, 182, 172, 124,
       252, 183, 199, 133, 251, 180, 229, 83, 121, 114, 131, 71, 159,
       255, 255, 184, 88, 60, 57, 45, 223, 81, 95, 151, 127, 181, 61, 30,
       29, 34, 25, 201, 49, 255, 17, 190, 111, 123, 21, 219, 211, 80,
       119, 210, 12, 204, 91, 113, 34, 194, 164, 124, 10, 104, 24, 107,
       164, 226, 204, 135, 131, 128, 86, 114, 140, 108, 44, 9, 209, 197,
       77, 212, 164, 163, 36, 40, 162, 74, 0, 12, 94, 119, 71, 114, 219,
       171, 112, 60, 196, 119, 162, 89, 87, 173, 180, 62, 124, 151, 106,
       225, 180, 45, 238, 102, 238, 34, 128, 103, 183, 103, 241, 211, 54,
       221, 177, 162, 46, 57, 151, 59, 123, 50, 253, 159, 46, 194, 91,
       167, 23, 253, 149, 183, 92, 161, 194, 132, 210, 122, 198, 172,
       208, 131, 93, 177, 239, 90, 46, 126, 147, 206, 253, 86, 232, 88,
       234, 113, 200, 180, 32, 30, 233, 86, 239, 229, 163, 12, 191, 58,
       13, 45, 188, 125, 186, 248, 141, 223, 22, 111, 197, 38, 50, 233,
       83, 252, 194, 214, 246, 217, 7, 182, 107, 118, 181, 63, 173, 161,
       213, 165, 202, 86, 43, 234, 128, 47, 160, 49, 113, 34, 207, 98,
       216, 253, 148, 188, 231, 189, 13, 222, 135, 40, 142, 54, 196, 239,
       123, 251, 213, 230, 139, 182, 247, 63, 124, 158, 203, 23, 84, 252,
       223, 74, 56, 186, 240, 169, 237, 24, 70, 171, 181, 132, 185, 172,
       159, 97, 90, 135, 59, 233, 144, 18, 75, 210, 208, 219, 213, 158,
       123, 146, 68, 15, 90, 94, 237, 146, 178, 155, 213, 86, 235, 191,
       188, 170, 11, 174, 250, 75, 214, 233, 223, 237, 210, 110, 75, 202,
       247, 251, 213, 143, 127, 2, 20, 47, 10, 35, 219, 117, 91, 245,
       217, 244, 199, 95, 93, 250, 114, 170, 220, 180, 228, 207, 187,
       182, 17, 223, 186, 103, 247, 47, 126, 30, 195, 213, 92, 229, 125,
       244, 13, 83, 68, 208, 106, 71, 96, 113, 2, 234, 40, 19, 22, 133,
       52, 120, 222, 68, 98, 121, 191, 161, 46, 177, 164, 0, 64, 97, 35,
       230, 164, 34, 255, 240, 219, 61, 213, 221, 247, 31, 29, 252, 34,
       170, 255, 230, 36, 205, 122, 151, 200, 202, 248, 98, 241, 47, 220,
       150, 171, 83, 156, 228, 239, 228, 225, 145, 71, 217, 15, 70, 173,
       99, 176, 161, 8, 82, 113, 77, 51, 145, 196, 104, 122, 91, 98, 217,
       40, 191, 152, 5, 116, 64, 59, 194, 32, 9, 157, 51, 221, 181, 215,
       103, 247, 85, 201, 94, 66, 186, 245, 176, 228, 88, 122, 22, 8,
       217, 184, 48, 255, 169, 255, 150, 0, 26, 206, 240, 125, 173, 143,
       197, 63, 237, 31, 110, 184, 119, 238, 243, 76, 195, 96, 147, 241,
       221, 238, 118, 110, 237, 246, 121, 62, 46, 255, 101, 20, 218, 253,
       82, 212, 232, 40, 186, 240, 91, 205, 89, 71, 171, 149, 164, 24,
       46, 159, 96, 24, 161, 187, 195, 144, 10, 79, 146, 208, 219, 209,
       24, 123, 194, 0, 143, 42, 203, 62, 191, 209, 162, 188, 185, 151,
       188, 127, 22, 244, 157, 54, 210, 123, 39, 23, 127, 157, 183, 221,
       181, 226, 223, 123, 254, 192, 142, 212, 163, 121, 29, 93, 115, 86,
       19, 223, 174, 240, 117, 200, 255, 226, 249, 221, 181, 164, 126,
       248, 150, 234, 193, 181, 44, 238, 55, 237, 38, 128, 103, 255, 97,
       181, 159, 121, 46, 246, 13, 215, 159, 208, 197, 76, 159, 7, 233,
       221, 63, 44, 252, 243, 249, 215, 206, 167, 58, 161, 243, 121, 138,
       147, 7, 95, 189, 119, 113, 35, 66, 172, 76, 10, 98, 88, 97, 168,
       235, 204, 19, 130, 130, 80, 114, 172, 110, 238, 141, 147, 197,
       200, 212, 164, 162, 12, 40, 131, 98, 0, 228, 180, 156, 152, 205,
       237, 193, 203, 158, 55, 160, 28, 214, 240, 106, 27, 201, 2, 106,
       17, 59, 111, 250, 211, 221, 146, 223, 125, 208, 72, 215, 226, 189,
       57, 92, 111, 40, 15, 82, 248, 68, 160, 253, 109, 211, 89, 9, 16,
       90, 217, 70, 226, 76, 34, 89, 60, 230, 201, 33, 53, 121, 187, 74,
       130, 164, 77, 214, 143, 212, 35, 198, 236, 86, 160, 234, 74, 87,
       96, 25, 201, 91, 238, 34, 106, 120, 242, 77, 63, 188, 166, 207,
       20, 93, 251, 240, 128, 98, 207, 98, 218, 253, 148, 188, 231, 191,
       29, 216, 147, 168, 238, 52, 196, 237, 187, 251, 129, 198, 11, 194,
       247, 63, 118, 158, 219, 23, 20, 189, 222, 35, 170, 185, 16, 205,
       173, 241, 71, 239, 125, 184, 29, 174, 152, 70, 26, 141, 171, 74,
       21, 150, 107, 242, 209, 223, 28, 20, 122, 192, 72, 195, 207, 101,
       103, 209, 103, 52, 15, 110, 56, 96, 168, 123, 72, 211, 113, 153,
       48, 30, 204, 68, 110, 201, 176, 201, 10, 164, 188, 37, 20, 105,
       251, 66, 161, 154, 133, 123, 126, 195, 205, 253, 119, 189, 71,
       126, 19, 61, 191, 62, 32, 35, 155, 243, 136, 114, 189, 50, 247,
       87, 239, 82, 73, 103, 192, 231, 250, 232, 156, 250, 250, 221, 224,
       81, 66, 147, 95, 253, 19, 56, 223, 114, 89, 201, 187, 191, 145,
       58, 47, 242, 183, 95, 253, 146, 123, 179, 1, 116, 114, 184, 80,
       61, 186, 43, 205, 81, 87, 159, 127, 181, 57, 63, 159, 98, 88, 135,
       179, 255, 17, 46, 47, 122, 183, 219, 215, 120, 123, 240, 8, 135,
       91, 252, 106, 101, 101, 168, 78, 79, 190, 112, 254, 178, 92, 147,
       45, 145, 123, 140, 196, 108, 110, 232, 103, 241, 42, 241, 235,
       101, 20, 96, 241, 70, 121, 56, 115, 72, 140, 30, 91, 129, 120, 6,
       236, 148, 238, 82, 204, 226, 128, 56, 148, 206, 97, 73, 35, 109,
       157, 176, 1, 33, 189, 125, 46, 92, 81, 26, 156, 115, 236, 147,
       226, 63, 247, 181, 5, 206, 162, 108, 247, 32, 196, 127, 243, 155,
       160, 56, 139, 48, 255, 249, 246, 142, 67, 182, 86, 164, 106, 111,
       245, 105, 75, 253, 125, 95, 156, 95, 126, 189, 12, 90, 93, 95,
       125, 221, 210, 95, 126, 243, 34, 249, 183, 119, 93, 5, 252, 211,
       223, 214, 117, 50, 249, 43, 186, 215, 197, 31, 238, 19, 69, 72,
       139, 55, 223, 96, 0, 253, 187, 151, 209, 91, 26, 186, 183, 251,
       213, 158, 107, 52, 24, 182, 250, 181, 98, 105, 203, 252, 7, 207,
       216, 87, 250, 245, 86, 81, 77, 253, 45, 95, 200, 22, 254, 171,
       118, 109, 186, 125, 8, 167, 180, 253, 187, 112, 241, 1, 157, 59,
       223, 52, 247, 127, 247, 221, 73, 222, 66, 176, 246, 182, 100, 220,
       122, 30, 8, 215, 185, 48, 255, 163, 63, 178, 194, 24, 202, 248,
       253, 90, 188, 150, 184, 43, 253, 16, 71, 191, 31, 172, 57, 174,
       254, 102, 158, 163, 187, 237, 17, 22, 79, 146, 241, 155, 247, 90,
       123, 146, 68, 47, 15, 183, 70, 229, 151, 236, 23, 206, 216, 214,
       250, 145, 230, 81, 76, 221, 175, 127, 204, 55, 239, 237, 119, 111,
       248, 52, 10, 239, 180, 61, 255, 112, 245, 7, 148, 109, 219, 166,
       54, 141, 185, 20, 91, 213, 214, 209, 126, 190, 109, 127, 219, 23,
       175, 187, 214, 125, 215, 71, 47, 251, 196, 157, 227, 176, 241, 98,
       40, 128, 176, 236, 233, 160, 7, 186, 179, 176, 185, 134, 140, 84,
       154, 137, 159, 107, 17, 18, 111, 194, 0, 140, 16, 29, 125, 196,
       72, 215, 32, 147, 218, 106, 157, 98, 22, 172, 55, 52, 14, 210,
       247, 97, 10, 182, 193, 126, 237, 167, 231, 236, 158, 69, 79, 38,
       47, 250, 128, 61, 176, 169, 157, 210, 162, 191, 254, 43, 224, 185,
       71, 174, 29, 194, 177, 172, 199, 32, 82, 238, 51, 239, 144, 18,
       79, 162, 241, 217, 243, 154, 219, 0, 0, 167, 107, 224, 184, 153,
       116, 41, 109, 80, 23, 123, 187, 166, 92, 183, 19, 64, 59, 129,
       150, 108, 8, 59, 111, 243, 19, 203, 255, 112, 122, 202, 0, 198,
       43, 130, 141, 149, 159, 235, 225, 176, 239, 159, 87, 120, 177,
       172, 254, 110, 198, 207, 51, 235, 145, 54, 75, 74, 243, 13, 54,
