%YAML:1.0
---
descriptors: !!opencv-matrix
   rows: 168
   cols: 32
   dt: u
   data: [ 7, 164, 164, 155, 207, 240, 188, 207, 159, 87, 67, 147, 236,
       238, 126, 207, 231, 83, 187, 149, 182, 216, 31, 241, 45, 18, 223,
       199, 149, 92, 189, 206, 37, 149, 109, 207, 180, 66, 239, 184, 68,
       64, 223, 2, 209, 117, 157, 100, 90, 196, 30, 238, 249, 178, 125,
       15, 229, 175, 163, 4, 45, 235, 112, 112, 89, 35, 106, 141, 102,
       26, 107, 80, 109, 108, 207, 239, 155, 134, 147, 240, 118, 172,
       126, 238, 141, 147, 229, 200, 214, 109, 170, 136, 46, 135, 122,
       80, 53, 51, 115, 104, 82, 75, 75, 88, 97, 100, 249, 239, 27, 15,
       143, 144, 126, 156, 198, 230, 141, 179, 164, 76, 178, 237, 32,
       164, 111, 167, 102, 213, 244, 106, 237, 101, 44, 78, 77, 190, 112,
       254, 178, 28, 147, 45, 209, 59, 141, 196, 108, 110, 232, 103, 241,
       42, 241, 171, 101, 60, 65, 241, 86, 105, 44, 78, 115, 71, 83, 223,
       239, 112, 117, 140, 127, 194, 89, 215, 189, 52, 62, 252, 87, 234,
       193, 181, 45, 238, 119, 236, 35, 128, 103, 183, 103, 241, 203, 62,
       253, 145, 162, 120, 61, 23, 56, 115, 22, 244, 157, 38, 194, 123,
       39, 23, 127, 157, 177, 220, 165, 194, 196, 59, 122, 196, 140, 212,
       131, 125, 213, 72, 12, 164, 12, 78, 71, 176, 229, 242, 134, 8,
       215, 113, 19, 123, 16, 228, 124, 111, 104, 101, 219, 46, 209, 170,
       101, 20, 104, 185, 80, 2, 100, 47, 173, 245, 160, 111, 77, 19, 51,
       170, 43, 73, 243, 39, 65, 27, 129, 246, 125, 58, 40, 208, 225, 8,
       237, 215, 245, 176, 128, 249, 214, 56, 45, 123, 249, 79, 118, 159,
       246, 48, 89, 192, 117, 76, 242, 72, 151, 176, 22, 104, 66, 110,
       197, 176, 125, 42, 102, 61, 33, 16, 111, 187, 75, 197, 8, 220,
       250, 94, 99, 149, 189, 119, 253, 15, 124, 181, 45, 189, 166, 68,
       38, 59, 183, 132, 198, 169, 54, 247, 115, 127, 118, 139, 87, 212,
       173, 251, 109, 13, 252, 94, 253, 56, 71, 35, 105, 133, 239, 40,
       99, 113, 133, 118, 194, 230, 108, 8, 24, 106, 227, 46, 251, 255,
       100, 27, 194, 227, 198, 38, 75, 14, 135, 127, 96, 60, 234, 18, 44,
       74, 83, 197, 253, 107, 181, 207, 230, 103, 63, 78, 129, 148, 131,
       233, 4, 58, 122, 136, 78, 247, 41, 89, 2, 154, 142, 185, 10, 132,
       57, 66, 174, 21, 198, 133, 180, 135, 34, 72, 230, 43, 107, 212,
       18, 201, 130, 117, 221, 35, 250, 201, 16, 1, 37, 251, 182, 77,
       198, 190, 222, 35, 206, 236, 30, 163, 235, 26, 99, 232, 61, 64,
       249, 239, 34, 227, 120, 247, 15, 127, 56, 162, 207, 20, 117, 123,
       240, 136, 160, 189, 23, 152, 252, 141, 190, 231, 190, 27, 248, 73,
       188, 190, 36, 17, 239, 59, 83, 65, 115, 47, 82, 127, 125, 30, 62,
       234, 88, 8, 163, 187, 35, 176, 186, 26, 205, 189, 212, 71, 239,
       85, 169, 29, 46, 216, 110, 56, 169, 171, 74, 17, 150, 107, 186,
       209, 27, 28, 20, 123, 192, 72, 203, 207, 61, 77, 66, 207, 84, 22,
       238, 236, 85, 194, 254, 70, 115, 104, 183, 228, 120, 236, 18, 239,
       205, 179, 29, 174, 50, 237, 131, 0, 127, 191, 120, 140, 34, 221,
       122, 92, 125, 205, 189, 230, 155, 77, 124, 15, 56, 157, 54, 4,
       236, 59, 115, 205, 194, 59, 178, 255, 119, 60, 154, 171, 85, 24,
       127, 219, 237, 48, 148, 83, 173, 61, 96, 155, 123, 251, 39, 92,
       218, 248, 93, 191, 129, 78, 124, 24, 191, 124, 219, 192, 15, 218,
       85, 118, 202, 237, 218, 4, 117, 68, 229, 79, 142, 99, 199, 104,
       66, 226, 137, 10, 83, 124, 29, 46, 89, 196, 120, 235, 201, 35,
       253, 26, 49, 46, 197, 60, 117, 251, 86, 100, 1, 157, 127, 239, 52,
       198, 239, 183, 236, 72, 90, 70, 245, 254, 176, 96, 246, 103, 31,
       237, 209, 153, 53, 125, 229, 174, 174, 128, 20, 202, 241, 105,
       236, 176, 181, 112, 201, 237, 113, 203, 235, 115, 161, 24, 158,
       151, 72, 191, 129, 19, 248, 16, 51, 103, 250, 82, 157, 211, 81,
       126, 194, 65, 135, 226, 73, 177, 57, 224, 185, 13, 89, 25, 43,
       249, 189, 28, 159, 223, 74, 112, 149, 157, 93, 56, 219, 74, 243,
       128, 219, 221, 37, 124, 138, 128, 134, 115, 34, 93, 98, 156, 127,
       148, 188, 102, 157, 76, 220, 167, 40, 156, 55, 68, 238, 251, 151,
       197, 196, 171, 22, 239, 50, 60, 154, 155, 95, 28, 120, 223, 154,
       240, 178, 217, 167, 223, 60, 199, 63, 31, 118, 51, 44, 158, 38,
       237, 247, 59, 167, 16, 118, 253, 162, 211, 95, 251, 22, 67, 146,
       12, 173, 143, 208, 166, 140, 161, 56, 168, 120, 19, 166, 53, 202,
       181, 247, 71, 10, 82, 231, 167, 253, 149, 26, 157, 195, 19, 201,
       229, 170, 209, 168, 0, 37, 82, 41, 229, 99, 68, 85, 223, 239, 228,
       249, 96, 126, 141, 203, 200, 30, 164, 56, 236, 66, 109, 197, 179,
       180, 31, 39, 92, 1, 36, 79, 148, 211, 252, 237, 87, 105, 107, 188,
       87, 223, 184, 92, 238, 253, 228, 211, 124, 159, 112, 221, 84, 157,
       111, 233, 38, 125, 62, 239, 239, 175, 188, 93, 251, 86, 241, 191,
       241, 252, 239, 44, 31, 223, 248, 75, 112, 189, 2, 219, 93, 28, 34,
       222, 209, 93, 238, 203, 97, 251, 181, 227, 249, 195, 124, 119,
       187, 210, 242, 3, 255, 177, 155, 246, 153, 188, 239, 94, 89, 88,
       246, 164, 232, 240, 36, 239, 59, 34, 149, 215, 120, 111, 247, 44,
       22, 158, 234, 92, 8, 161, 157, 50, 249, 59, 186, 213, 197, 95,
       230, 19, 69, 72, 139, 55, 223, 104, 0, 253, 251, 151, 209, 90, 26,
       186, 183, 251, 197, 156, 107, 48, 26, 182, 218, 122, 143, 47, 188,
       63, 210, 95, 231, 148, 76, 222, 163, 44, 183, 51, 240, 226, 251,
       191, 193, 72, 139, 34, 239, 243, 103, 170, 153, 54, 108, 52, 107,
       232, 145, 120, 250, 190, 209, 21, 37, 222, 5, 197, 50, 198, 208,
       40, 96, 210, 58, 138, 0, 90, 42, 106, 151, 239, 245, 2, 91, 20,
       10, 244, 35, 112, 208, 189, 242, 107, 237, 81, 87, 159, 123, 149,
       57, 191, 159, 72, 24, 167, 177, 127, 17, 51, 15, 122, 183, 219,
       215, 120, 251, 176, 8, 135, 123, 3, 255, 51, 152, 125, 149, 188,
       231, 222, 89, 88, 250, 172, 220, 52, 164, 239, 59, 147, 129, 199,
       58, 70, 247, 52, 20, 154, 235, 85, 12, 185, 141, 2, 175, 18, 153,
       210, 193, 58, 231, 190, 5, 74, 163, 172, 134, 162, 196, 102, 59,
       138, 144, 22, 153, 134, 119, 60, 36, 58, 203, 176, 4, 173, 207,
       145, 157, 63, 238, 54, 198, 235, 113, 228, 72, 219, 66, 245, 247,
       184, 96, 118, 51, 31, 233, 241, 153, 60, 127, 241, 172, 170, 192,
       52, 130, 53, 121, 8, 154, 14, 189, 73, 196, 57, 18, 166, 21, 70,
       133, 173, 199, 98, 205, 102, 59, 171, 220, 2, 216, 179, 241, 207,
       227, 250, 201, 50, 133, 45, 250, 239, 42, 164, 21, 237, 61, 192,
       138, 235, 191, 182, 93, 138, 168, 215, 159, 137, 196, 236, 29,
       190, 103, 207, 224, 142, 91, 85, 127, 202, 253, 90, 68, 98, 166,
       232, 154, 252, 185, 216, 203, 159, 63, 189, 157, 162, 204, 94,
       156, 217, 139, 239, 149, 190, 111, 206, 211, 30, 92, 155, 255,
       213, 204, 222, 68, 189, 77, 106, 190, 85, 150, 206, 229, 212, 134,
       206, 3, 99, 233, 51, 64, 120, 236, 3, 239, 108, 183, 60, 175, 115,
       47, 135, 9, 119, 190, 248, 202, 232, 184, 145, 80, 201, 253, 84,
       199, 251, 243, 164, 24, 158, 181, 64, 191, 137, 19, 250, 16, 51,
       111, 242, 210, 155, 218, 85, 126, 210, 92, 199, 54, 9, 157, 22,
       187, 125, 173, 174, 247, 190, 10, 120, 68, 188, 243, 32, 132, 205,
       59, 19, 9, 115, 58, 18, 255, 45, 215, 122, 40, 88, 72, 171, 169,
       45, 71, 81, 69, 244, 11, 110, 184, 125, 168, 123, 76, 211, 99,
       153, 180, 26, 76, 6, 110, 201, 176, 77, 14, 36, 190, 37, 4, 74,
       251, 74, 161, 232, 185, 149, 117, 137, 233, 17, 175, 242, 181,
       160, 24, 150, 177, 64, 159, 129, 126, 232, 16, 58, 104, 211, 23,
       201, 246, 85, 127, 194, 64, 135, 42, 124, 108, 59, 98, 176, 236,
       83, 214, 121, 9, 252, 8, 23, 179, 65, 48, 176, 254, 116, 24, 26,
       43, 160, 34, 251, 253, 32, 121, 224, 211, 102, 43, 71, 27, 147,
       143, 230, 60, 235, 16, 109, 74, 95, 68, 252, 246, 183, 238, 246,
       111, 54, 15, 145, 144, 179, 232, 5, 60, 106, 130, 142, 231, 97,
