%YAML:1.0
---
descriptors: !!opencv-matrix
   rows: 167
   cols: 32
   dt: u
   data: [ 32, 50, 25, 97, 112, 207, 113, 23, 36, 41, 126, 108, 151, 23,
       128, 16, 12, 156, 102, 24, 1, 184, 81, 4, 69, 141, 48, 192, 72,
       136, 70, 187, 33, 165, 249, 71, 244, 15, 231, 191, 109, 165, 111,
       8, 243, 97, 28, 55, 25, 78, 98, 44, 208, 248, 249, 45, 111, 156,
       69, 0, 66, 234, 198, 168, 51, 159, 34, 138, 245, 151, 150, 254,
       87, 77, 248, 231, 98, 232, 182, 196, 252, 234, 134, 247, 222, 187,
       12, 191, 56, 100, 167, 203, 95, 95, 248, 223, 197, 116, 63, 103,
       48, 46, 127, 56, 113, 202, 119, 88, 215, 115, 137, 57, 183, 84,
       124, 46, 225, 244, 185, 14, 231, 251, 97, 4, 104, 243, 66, 35,
       169, 184, 148, 81, 233, 253, 112, 207, 239, 123, 164, 28, 158,
       154, 68, 190, 137, 27, 250, 16, 23, 111, 242, 209, 143, 216, 85,
       126, 218, 68, 203, 135, 0, 206, 43, 189, 244, 163, 175, 231, 30,
       15, 88, 227, 245, 234, 48, 64, 251, 123, 19, 145, 114, 156, 96,
       63, 108, 166, 174, 192, 148, 88, 181, 203, 64, 50, 153, 165, 32,
       14, 121, 16, 32, 232, 226, 109, 151, 23, 0, 80, 150, 29, 125, 36,
       8, 150, 193, 0, 196, 177, 41, 176, 40, 160, 3, 115, 98, 170, 237,
       21, 72, 74, 173, 39, 234, 247, 130, 159, 176, 172, 84, 75, 192,
       231, 107, 133, 208, 93, 231, 65, 69, 34, 254, 144, 5, 96, 212,
       122, 170, 184, 177, 216, 201, 253, 144, 199, 223, 123, 180, 24,
       174, 159, 100, 174, 201, 59, 242, 16, 19, 111, 242, 243, 31, 220,
       21, 123, 211, 72, 199, 190, 61, 109, 57, 101, 213, 79, 71, 184,
       96, 96, 238, 72, 83, 81, 25, 48, 24, 204, 64, 106, 201, 178, 121,
       46, 231, 237, 37, 20, 105, 187, 210, 160, 181, 223, 67, 187, 180,
       135, 239, 247, 84, 202, 218, 102, 243, 209, 177, 96, 125, 234, 22,
       238, 233, 190, 28, 190, 168, 174, 175, 128, 61, 250, 240, 185, 90,
       54, 213, 177, 162, 42, 56, 31, 171, 123, 51, 253, 143, 47, 200,
       154, 167, 151, 237, 16, 181, 220, 193, 194, 142, 247, 122, 198,
       170, 196, 143, 19, 212, 244, 157, 116, 169, 109, 85, 154, 163,
       187, 162, 24, 215, 115, 73, 27, 129, 212, 108, 58, 57, 71, 219, 2,
       219, 211, 85, 126, 192, 113, 134, 34, 29, 212, 95, 107, 48, 42,
       107, 184, 116, 0, 255, 228, 211, 67, 137, 112, 126, 212, 76, 234,
       185, 176, 109, 63, 226, 239, 35, 68, 104, 179, 96, 48, 3, 161,
       183, 219, 236, 137, 173, 207, 142, 61, 120, 126, 140, 246, 252,
       167, 239, 11, 123, 28, 211, 89, 170, 209, 44, 24, 223, 238, 148,
       92, 193, 237, 204, 36, 149, 116, 137, 110, 69, 159, 114, 178, 162,
       24, 215, 115, 73, 159, 17, 214, 104, 56, 57, 68, 211, 2, 221, 162,
       117, 116, 226, 240, 194, 32, 91, 148, 227, 45, 147, 230, 107, 119,
       53, 79, 218, 23, 125, 191, 18, 84, 115, 239, 61, 141, 177, 153,
       181, 207, 249, 110, 186, 192, 175, 70, 163, 123, 24, 90, 122, 166,
       114, 130, 123, 80, 53, 204, 87, 167, 127, 207, 163, 80, 118, 253,
       23, 231, 172, 146, 164, 110, 242, 229, 170, 129, 36, 179, 46, 123,
       241, 193, 95, 204, 170, 66, 78, 125, 212, 72, 246, 226, 113, 215,
       168, 245, 118, 244, 62, 234, 105, 139, 38, 157, 178, 171, 230,
       136, 61, 178, 224, 57, 42, 188, 115, 188, 86, 193, 185, 103, 188,
       69, 216, 163, 61, 158, 36, 64, 238, 187, 19, 129, 114, 187, 52,
       239, 117, 38, 186, 202, 5, 8, 183, 218, 101, 104, 157, 117, 136,
       78, 71, 178, 114, 162, 162, 8, 215, 179, 65, 122, 129, 244, 104,
       74, 73, 124, 249, 42, 237, 175, 101, 48, 192, 113, 66, 34, 74,
       120, 190, 240, 41, 237, 48, 7, 171, 159, 134, 57, 172, 191, 65,
       26, 167, 55, 237, 16, 2, 77, 146, 192, 219, 211, 94, 187, 130, 68,
       135, 91, 90, 180, 104, 186, 251, 240, 24, 199, 151, 93, 221, 183,
       45, 191, 110, 208, 231, 155, 159, 145, 158, 11, 158, 247, 218,
       125, 154, 235, 190, 196, 173, 95, 24, 223, 119, 46, 42, 67, 159,
       253, 229, 78, 248, 227, 127, 255, 163, 5, 62, 123, 223, 227, 232,
       163, 12, 127, 240, 230, 111, 146, 119, 246, 165, 217, 155, 156,
       147, 189, 151, 230, 187, 215, 62, 75, 86, 86, 60, 255, 32, 108,
       247, 127, 51, 157, 179, 220, 144, 247, 157, 238, 26, 194, 170, 65,
       161, 185, 8, 190, 179, 121, 51, 254, 177, 83, 127, 77, 126, 116,
       175, 167, 128, 204, 183, 59, 134, 16, 147, 184, 33, 215, 205, 247,
       50, 66, 226, 196, 167, 249, 223, 28, 239, 197, 38, 50, 235, 50,
       252, 226, 215, 246, 89, 167, 183, 99, 118, 228, 127, 175, 161,
       213, 165, 202, 86, 43, 235, 128, 45, 225, 113, 113, 237, 253, 21,
       179, 253, 191, 86, 246, 115, 234, 232, 124, 214, 113, 65, 145,
       217, 254, 212, 98, 125, 214, 216, 62, 191, 215, 37, 118, 74, 121,
       218, 147, 1, 251, 183, 219, 230, 201, 173, 207, 126, 125, 82, 246,
       180, 230, 252, 232, 99, 26, 34, 153, 211, 248, 111, 81, 44, 2,
       127, 196, 220, 88, 165, 253, 232, 164, 157, 117, 73, 110, 65, 11,
       114, 179, 166, 24, 151, 51, 64, 223, 1, 132, 104, 56, 41, 126,
       211, 2, 141, 179, 85, 60, 194, 96, 66, 32, 120, 204, 60, 252, 13,
       236, 85, 174, 199, 30, 236, 8, 230, 241, 32, 91, 193, 114, 232,
       66, 104, 111, 218, 189, 243, 243, 86, 27, 16, 120, 212, 42, 18,
       156, 187, 254, 183, 226, 183, 247, 148, 7, 222, 34, 252, 255, 34,
       96, 223, 123, 147, 128, 58, 139, 48, 255, 235, 183, 158, 195, 148,
       80, 180, 235, 101, 165, 177, 67, 213, 111, 227, 187, 107, 109,
       111, 8, 210, 117, 28, 52, 153, 214, 102, 56, 27, 184, 249, 45, 47,
       190, 5, 84, 195, 235, 198, 240, 66, 186, 146, 176, 235, 236, 48,
       71, 171, 29, 138, 57, 172, 191, 100, 90, 167, 59, 239, 17, 18, 73,
       146, 241, 159, 212, 90, 251, 128, 68, 47, 27, 240, 178, 157, 113,
       40, 13, 80, 59, 187, 187, 162, 120, 183, 51, 64, 91, 133, 148,
       108, 16, 40, 109, 211, 2, 203, 247, 117, 124, 192, 160, 6, 43, 16,
       143, 43, 175, 180, 163, 239, 246, 20, 8, 90, 226, 245, 227, 177,
       64, 126, 106, 23, 205, 9, 152, 9, 63, 232, 167, 174, 128, 52, 218,
       181, 169, 49, 149, 94, 206, 60, 147, 75, 121, 196, 8, 253, 226,
       241, 243, 168, 97, 94, 176, 30, 234, 249, 139, 46, 157, 40, 169,
       163, 216, 60, 170, 104, 33, 88, 50, 27, 161, 98, 14, 121, 17, 44,
       105, 83, 109, 151, 23, 0, 88, 166, 29, 125, 29, 1, 152, 193, 64,
       213, 161, 58, 128, 40, 130, 3, 115, 195, 182, 157, 179, 170, 236,
       57, 151, 191, 127, 50, 253, 188, 54, 194, 91, 167, 23, 255, 149,
       183, 73, 163, 241, 140, 146, 126, 210, 136, 64, 131, 93, 150, 91,
       119, 71, 114, 202, 235, 80, 117, 196, 119, 226, 121, 87, 165, 52,
       126, 252, 23, 234, 225, 180, 45, 238, 39, 254, 2, 130, 103, 179,
       102, 245, 102, 162, 229, 144, 236, 233, 192, 203, 158, 191, 176,
       185, 130, 140, 212, 24, 137, 139, 111, 21, 30, 111, 203, 80, 28,
       22, 185, 253, 212, 12, 215, 82, 164, 76, 63, 92, 44, 102, 229,
       114, 245, 158, 246, 16, 82, 245, 161, 123, 201, 244, 110, 42, 40,
       231, 98, 10, 83, 187, 243, 17, 195, 121, 102, 226, 90, 149, 247,
       204, 183, 242, 122, 119, 37, 73, 222, 102, 108, 247, 176, 244,
       119, 230, 255, 172, 155, 153, 161, 207, 186, 126, 170, 194, 167,
       198, 190, 127, 19, 220, 187, 217, 151, 198, 187, 215, 55, 75, 94,
       18, 60, 255, 32, 108, 255, 123, 23, 145, 51, 159, 48, 255, 185,
       46, 158, 194, 155, 1, 161, 251, 75, 243, 134, 159, 189, 145, 45,
       159, 62, 121, 82, 246, 236, 226, 250, 204, 119, 111, 190, 29, 151,
       216, 207, 245, 44, 118, 255, 202, 158, 20, 185, 221, 217, 4, 239,
       245, 166, 58, 233, 51, 244, 226, 86, 150, 217, 47, 147, 107, 103,
       117, 127, 172, 177, 212, 165, 202, 86, 235, 251, 128, 167, 224,
       113, 113, 155, 95, 119, 174, 234, 3, 79, 125, 181, 142, 222, 231,
       237, 103, 179, 197, 126, 247, 255, 239, 232, 147, 45, 239, 244,
       122, 239, 128, 119, 246, 161, 109, 48, 253, 123, 237, 148, 199,
       255, 247, 20, 78, 124, 2, 183, 247, 160, 96, 126, 122, 23, 72,
