%YAML:1.0
---
descriptors: !!opencv-matrix
   rows: 184
   cols: 32
   dt: u
   data: [ 33, 177, 185, 56, 223, 237, 145, 207, 206, 21, 168, 29, 190,
       152, 110, 16, 201, 155, 106, 17, 22, 43, 218, 83, 93, 93, 22, 127,
       209, 72, 167, 194, 45, 67, 80, 71, 228, 30, 238, 184, 109, 168,
       127, 76, 211, 96, 159, 244, 26, 68, 102, 110, 197, 176, 109, 12,
       36, 188, 101, 132, 74, 187, 90, 133, 11, 237, 49, 153, 125, 157,
       172, 239, 222, 121, 88, 82, 172, 236, 252, 164, 207, 27, 146, 1,
       231, 122, 118, 215, 45, 85, 158, 106, 87, 28, 153, 237, 10, 239,
       2, 154, 89, 149, 188, 239, 190, 29, 204, 149, 172, 230, 106, 196,
       237, 43, 235, 132, 102, 11, 242, 247, 125, 55, 158, 171, 18, 20,
       165, 254, 239, 34, 164, 21, 173, 61, 192, 138, 203, 191, 182, 93,
       138, 232, 223, 159, 137, 198, 236, 29, 190, 101, 239, 224, 142,
       90, 85, 127, 198, 253, 90, 69, 88, 112, 187, 44, 83, 72, 149, 103,
       104, 69, 200, 13, 46, 153, 2, 16, 162, 171, 209, 5, 66, 171, 144,
       75, 241, 101, 24, 43, 97, 4, 167, 203, 34, 93, 2, 156, 125, 132,
       188, 103, 158, 72, 216, 239, 172, 156, 55, 192, 206, 43, 147, 133,
       103, 11, 66, 255, 52, 60, 154, 155, 29, 28, 121, 155, 8, 157, 23,
       191, 241, 173, 166, 247, 190, 8, 88, 64, 189, 243, 32, 132, 205,
       59, 147, 9, 99, 184, 90, 191, 237, 215, 62, 40, 90, 74, 169, 185,
       197, 124, 190, 117, 173, 238, 247, 146, 250, 246, 38, 25, 159,
       187, 67, 59, 161, 100, 121, 74, 32, 117, 176, 34, 215, 251, 71,
       48, 200, 113, 71, 82, 189, 69, 107, 108, 87, 71, 203, 80, 85, 192,
       253, 139, 83, 205, 55, 48, 126, 172, 22, 238, 201, 179, 52, 142,
       115, 237, 1, 8, 119, 191, 98, 240, 67, 232, 160, 153, 31, 145,
       154, 200, 142, 176, 136, 139, 236, 220, 119, 230, 207, 113, 251,
       213, 198, 79, 223, 213, 157, 20, 139, 127, 21, 15, 61, 206, 230,
       162, 236, 154, 205, 241, 152, 203, 155, 183, 149, 187, 192, 238,
       94, 14, 201, 215, 251, 145, 30, 79, 239, 243, 158, 22, 223, 255,
       149, 77, 158, 214, 93, 80, 157, 231, 12, 110, 65, 24, 224, 250,
       135, 24, 211, 115, 89, 123, 209, 196, 124, 238, 9, 69, 251, 8,
       211, 235, 227, 20, 168, 123, 64, 50, 7, 127, 251, 69, 178, 95,
       127, 240, 241, 204, 255, 236, 223, 244, 215, 52, 54, 124, 222,
       110, 193, 241, 188, 106, 239, 125, 37, 156, 110, 247, 7, 245, 75,
       221, 46, 156, 25, 212, 87, 182, 156, 76, 206, 7, 188, 247, 35,
       112, 64, 114, 187, 72, 97, 139, 50, 255, 243, 103, 142, 25, 26,
       124, 61, 122, 34, 221, 48, 88, 125, 205, 189, 239, 222, 25, 124,
       42, 184, 156, 180, 36, 204, 59, 19, 9, 194, 58, 114, 247, 117, 28,
       26, 234, 95, 12, 199, 255, 82, 97, 18, 186, 59, 133, 58, 72, 171,
       4, 169, 137, 172, 222, 109, 212, 182, 185, 251, 227, 6, 3, 154,
       221, 145, 148, 11, 59, 16, 38, 47, 6, 237, 184, 145, 112, 137,
       253, 84, 198, 251, 123, 164, 24, 158, 183, 64, 191, 137, 219, 252,
       16, 63, 111, 242, 240, 155, 222, 85, 127, 202, 85, 143, 182, 82,
       128, 149, 191, 28, 135, 16, 174, 159, 19, 130, 83, 230, 106, 44,
       65, 209, 199, 105, 5, 56, 201, 75, 255, 152, 54, 222, 82, 152, 8,
       161, 10, 42, 25, 122, 92, 125, 221, 176, 103, 158, 77, 124, 11,
       56, 157, 38, 64, 206, 59, 147, 0, 70, 58, 114, 223, 119, 61, 18,
       43, 83, 12, 109, 219, 252, 242, 152, 234, 25, 149, 82, 216, 135,
       29, 161, 27, 106, 219, 104, 210, 204, 209, 237, 208, 74, 47, 218,
       179, 251, 193, 135, 127, 115, 2, 46, 3, 242, 236, 32, 184, 29,
       213, 146, 234, 143, 52, 136, 11, 174, 218, 117, 132, 201, 251,
       251, 145, 110, 79, 218, 247, 185, 84, 143, 127, 20, 13, 61, 14,
       57, 76, 106, 108, 87, 231, 239, 114, 85, 132, 252, 10, 19, 221,
       51, 48, 120, 168, 23, 234, 104, 179, 48, 142, 115, 237, 128, 1,
       119, 249, 118, 226, 92, 61, 186, 112, 182, 234, 115, 194, 250,
       251, 63, 57, 158, 251, 67, 26, 163, 125, 125, 18, 20, 241, 136,
       66, 223, 133, 39, 103, 224, 113, 135, 3, 244, 109, 190, 246, 138,
       98, 23, 192, 160, 182, 135, 185, 71, 231, 99, 91, 193, 245, 233,
       226, 104, 71, 216, 32, 241, 195, 79, 61, 160, 115, 166, 98, 35,
       95, 121, 95, 116, 148, 206, 190, 85, 2, 252, 64, 243, 248, 149,
       164, 92, 250, 22, 203, 203, 186, 127, 255, 39, 255, 158, 8, 87,
       219, 226, 172, 218, 140, 174, 177, 129, 240, 108, 71, 191, 51,
       134, 16, 159, 162, 112, 123, 227, 151, 121, 157, 58, 93, 146, 225,
       219, 219, 222, 65, 160, 64, 175, 34, 124, 63, 169, 96, 188, 205,
       87, 158, 19, 172, 188, 40, 51, 221, 83, 48, 216, 254, 213, 112,
       218, 122, 224, 58, 251, 221, 165, 185, 64, 250, 214, 107, 55, 99,
       96, 7, 198, 27, 206, 184, 69, 228, 223, 239, 195, 108, 159, 4, 92,
       204, 71, 239, 204, 178, 109, 60, 38, 12, 165, 180, 111, 255, 90,
       213, 46, 180, 110, 242, 223, 177, 88, 199, 215, 149, 157, 59, 9,
       248, 126, 169, 201, 155, 147, 145, 62, 107, 122, 182, 91, 223,
       156, 255, 183, 76, 252, 142, 124, 207, 29, 164, 180, 6, 79, 189,
       17, 168, 170, 72, 87, 99, 24, 80, 145, 198, 108, 107, 120, 195,
       73, 47, 249, 231, 37, 84, 32, 179, 210, 33, 172, 112, 249, 242,
       104, 205, 81, 17, 183, 87, 181, 189, 31, 223, 74, 24, 143, 153,
       255, 17, 122, 103, 122, 19, 199, 223, 112, 123, 246, 128, 134,
       115, 66, 193, 149, 190, 28, 143, 64, 143, 31, 49, 194, 89, 230,
       226, 44, 88, 209, 135, 43, 21, 11, 73, 75, 85, 152, 50, 218, 86,
       152, 8, 129, 10, 44, 113, 109, 195, 236, 59, 194, 152, 67, 184,
       189, 236, 211, 101, 221, 191, 89, 208, 198, 122, 137, 98, 125,
       152, 14, 217, 229, 252, 223, 251, 94, 176, 3, 183, 49, 153, 124,
       201, 172, 239, 222, 121, 88, 114, 164, 204, 248, 32, 235, 11, 10,
       129, 231, 58, 110, 215, 44, 20, 158, 234, 20, 8, 145, 143, 93,
       117, 120, 238, 60, 71, 95, 152, 68, 200, 159, 43, 211, 95, 155,
       97, 222, 213, 125, 239, 200, 3, 251, 12, 243, 233, 169, 156, 36,
       187, 52, 115, 245, 87, 105, 239, 60, 70, 223, 184, 20, 238, 221,
       173, 215, 125, 155, 96, 94, 221, 21, 111, 233, 182, 125, 62, 228,
       239, 175, 180, 124, 251, 86, 113, 226, 172, 114, 90, 73, 145, 120,
       206, 167, 17, 224, 17, 40, 219, 101, 84, 224, 186, 235, 144, 66,
       15, 194, 243, 87, 120, 144, 107, 51, 128, 102, 142, 130, 239, 2,
       158, 89, 129, 188, 231, 190, 24, 200, 225, 164, 226, 33, 68, 237,
       59, 107, 128, 102, 11, 130, 255, 52, 54, 30, 139, 16, 16, 33, 142,
       252, 80, 157, 228, 12, 78, 85, 24, 96, 250, 166, 8, 215, 115, 73,
       123, 208, 212, 124, 106, 73, 103, 243, 8, 211, 235, 225, 20, 32,
       249, 84, 34, 1, 157, 26, 255, 185, 157, 118, 247, 191, 9, 76, 64,
       182, 243, 32, 101, 237, 58, 22, 8, 54, 152, 26, 255, 175, 150, 30,
       42, 26, 200, 171, 141, 16, 189, 19, 186, 91, 229, 178, 255, 158,
       17, 76, 2, 252, 247, 40, 132, 251, 59, 147, 1, 51, 27, 26, 255,
       185, 215, 26, 106, 186, 8, 171, 187, 246, 106, 236, 52, 173, 121,
       80, 142, 235, 255, 180, 185, 131, 172, 87, 159, 137, 206, 237, 21,
       14, 111, 230, 128, 154, 81, 213, 191, 198, 252, 94, 70, 25, 195,
       107, 232, 20, 135, 107, 112, 69, 72, 222, 66, 113, 11, 176, 96,
       120, 168, 23, 238, 200, 187, 37, 221, 243, 237, 162, 192, 55, 138,
       112, 104, 252, 80, 95, 228, 74, 66, 79, 120, 48, 194, 227, 8, 87,
       119, 41, 115, 126, 212, 124, 234, 105, 199, 176, 8, 209, 227, 97,
       28, 96, 179, 38, 50, 104, 32, 144, 242, 109, 201, 65, 73, 59, 177,
       33, 24, 142, 147, 72, 24, 153, 153, 67, 17, 18, 126, 218, 82, 221,
       148, 17, 127, 208, 8, 70, 162, 3, 146, 21, 153, 124, 137, 169,
       111, 94, 89, 80, 118, 180, 188, 180, 96, 207, 59, 51, 1, 227, 60,
       70, 87, 4, 22, 186, 168, 28, 8, 49, 185, 18, 221, 42, 188, 219,
       213, 190, 230, 190, 76, 204, 7, 44, 254, 38, 80, 233, 235, 243,
       199, 110, 11, 26, 127, 251, 101, 142, 11, 17, 116, 175, 222, 62,
       125, 238, 30, 219, 115, 158, 232, 151, 230, 205, 139, 104, 236,
