%YAML:1.0
---
descriptors: !!opencv-matrix
   rows: 173
   cols: 32
   dt: u
   data: [ 168, 241, 173, 120, 205, 213, 208, 223, 199, 125, 180, 29,
       155, 156, 119, 59, 201, 9, 199, 85, 158, 111, 114, 145, 75, 217,
       21, 127, 211, 28, 110, 223, 41, 180, 148, 89, 253, 189, 240, 223,
       255, 123, 44, 92, 158, 152, 78, 189, 137, 10, 90, 24, 183, 104,
       123, 245, 15, 218, 81, 126, 218, 76, 203, 134, 35, 139, 172, 159,
       253, 189, 192, 63, 207, 93, 124, 93, 162, 232, 54, 196, 201, 42,
       59, 13, 150, 42, 82, 245, 15, 62, 210, 90, 216, 12, 216, 204, 58,
       159, 34, 138, 253, 151, 150, 252, 215, 77, 216, 231, 98, 200, 166,
       196, 220, 234, 134, 247, 222, 171, 8, 191, 58, 116, 165, 203, 95,
       15, 248, 223, 23, 205, 214, 157, 206, 0, 188, 239, 190, 26, 90,
       226, 124, 242, 225, 67, 119, 127, 62, 131, 80, 223, 142, 243, 60,
       34, 255, 140, 189, 112, 161, 169, 18, 221, 3, 253, 22, 195, 14,
       231, 22, 1, 206, 162, 181, 183, 32, 228, 122, 122, 155, 192, 107,
       152, 17, 191, 161, 230, 154, 192, 60, 8, 49, 184, 202, 120, 158,
       240, 41, 204, 16, 7, 175, 159, 134, 57, 174, 159, 65, 91, 135, 55,
       237, 16, 2, 79, 146, 224, 211, 243, 94, 187, 130, 84, 7, 91, 68,
       41, 157, 117, 136, 78, 71, 178, 114, 160, 162, 8, 215, 51, 65,
       123, 129, 244, 104, 90, 73, 248, 211, 40, 205, 170, 117, 48, 192,
       113, 66, 40, 194, 236, 218, 158, 234, 12, 190, 239, 186, 130, 88,
       82, 188, 250, 101, 66, 183, 123, 123, 129, 98, 125, 154, 235, 61,
       22, 95, 174, 132, 112, 163, 139, 223, 206, 111, 254, 38, 2, 111,
       244, 181, 202, 215, 242, 121, 239, 177, 115, 118, 229, 61, 239,
       233, 199, 173, 239, 242, 235, 238, 128, 47, 181, 48, 121, 217, 94,
       111, 254, 44, 2, 111, 116, 213, 194, 214, 246, 115, 123, 176, 99,
       126, 228, 61, 235, 233, 239, 167, 239, 242, 235, 238, 128, 45,
       187, 240, 41, 61, 120, 115, 69, 115, 203, 107, 112, 117, 236, 118,
       100, 121, 151, 165, 180, 126, 124, 22, 234, 161, 176, 48, 238, 71,
       254, 161, 130, 107, 183, 102, 249, 211, 151, 139, 253, 34, 38,
       111, 55, 48, 202, 94, 212, 253, 231, 152, 114, 55, 127, 125, 173,
       177, 221, 161, 79, 224, 239, 250, 128, 44, 224, 163, 57, 104, 51,
       24, 236, 104, 15, 89, 88, 42, 236, 213, 173, 215, 151, 3, 80, 150,
       189, 125, 110, 72, 3, 195, 24, 211, 177, 41, 184, 0, 163, 6, 83,
       74, 178, 214, 241, 171, 58, 56, 19, 175, 63, 51, 245, 143, 63,
       200, 218, 167, 23, 237, 144, 54, 220, 193, 194, 206, 215, 122,
       199, 142, 196, 143, 19, 41, 176, 149, 89, 233, 253, 112, 207, 255,
       123, 36, 24, 158, 154, 68, 190, 137, 27, 210, 16, 23, 110, 114,
       209, 143, 218, 17, 126, 218, 64, 203, 182, 28, 149, 95, 111, 48,
       170, 107, 48, 116, 1, 255, 224, 243, 67, 136, 112, 126, 222, 12,
       234, 59, 176, 109, 47, 228, 239, 34, 64, 96, 131, 33, 32, 32, 48,
       57, 97, 88, 207, 113, 115, 37, 45, 254, 8, 147, 21, 0, 16, 12,
       148, 111, 24, 26, 184, 81, 21, 71, 141, 48, 80, 96, 136, 70, 59,
       11, 249, 243, 250, 242, 221, 127, 245, 59, 193, 125, 141, 60, 255,
       70, 176, 191, 251, 151, 146, 215, 58, 186, 243, 127, 221, 7, 234,
       239, 230, 167, 255, 27, 156, 147, 191, 215, 230, 187, 247, 190,
       75, 90, 18, 124, 255, 48, 96, 255, 127, 51, 141, 49, 159, 48, 239,
       249, 102, 154, 194, 137, 105, 161, 251, 53, 93, 67, 171, 180, 207,
       231, 212, 86, 232, 218, 70, 115, 213, 177, 96, 125, 232, 22, 127,
       235, 183, 60, 190, 248, 142, 167, 192, 253, 155, 240, 241, 181,
       76, 127, 79, 84, 198, 71, 112, 117, 194, 231, 2, 115, 85, 49, 117,
       120, 236, 18, 106, 233, 183, 120, 46, 115, 170, 0, 0, 99, 187,
       102, 160, 70, 189, 249, 190, 235, 212, 31, 235, 187, 196, 141,
       169, 172, 254, 102, 112, 247, 251, 183, 135, 215, 11, 186, 241,
       251, 245, 143, 251, 22, 230, 167, 119, 252, 252, 157, 118, 169,
       233, 85, 190, 251, 191, 166, 24, 247, 243, 72, 27, 129, 246, 108,
       24, 106, 111, 251, 51, 251, 247, 117, 127, 194, 208, 135, 43, 228,
       161, 157, 115, 136, 111, 69, 153, 242, 179, 163, 24, 215, 115, 73,
       27, 145, 214, 104, 58, 58, 96, 219, 0, 201, 195, 101, 124, 192,
       115, 198, 34, 36, 93, 127, 79, 116, 79, 103, 181, 237, 200, 126,
       64, 115, 85, 149, 49, 26, 244, 87, 106, 97, 176, 89, 45, 103, 187,
       101, 0, 75, 186, 198, 57, 37, 165, 177, 67, 213, 127, 227, 170,
       107, 109, 111, 8, 210, 117, 28, 52, 153, 198, 102, 56, 27, 184,
       249, 36, 111, 190, 5, 84, 195, 107, 198, 96, 130, 144, 61, 184,
       60, 237, 24, 158, 159, 89, 144, 57, 150, 223, 34, 41, 205, 17,
       127, 17, 191, 77, 115, 149, 203, 215, 250, 254, 152, 9, 5, 83,
       195, 223, 138, 159, 154, 164, 63, 183, 190, 70, 206, 149, 252,
       231, 34, 64, 103, 99, 123, 199, 102, 9, 154, 123, 249, 38, 14,
       136, 152, 116, 173, 90, 65, 51, 29, 101, 112, 15, 73, 59, 34, 169,
       110, 104, 151, 55, 192, 16, 150, 157, 117, 40, 9, 218, 225, 28,
       205, 141, 33, 224, 8, 128, 2, 41, 44, 172, 189, 113, 137, 79, 85,
       187, 231, 179, 164, 24, 83, 55, 64, 59, 137, 150, 120, 24, 120,
       110, 123, 16, 207, 203, 85, 117, 226, 232, 198, 162, 102, 162,
       236, 145, 236, 233, 201, 139, 159, 253, 145, 153, 130, 140, 222,
       10, 137, 130, 111, 21, 30, 111, 107, 211, 78, 22, 241, 253, 197,
       201, 214, 196, 24, 190, 155, 125, 50, 174, 51, 19, 126, 9, 126,
       116, 255, 49, 128, 96, 55, 63, 78, 24, 179, 184, 1, 71, 204, 167,
       48, 64, 234, 192, 163, 57, 58, 156, 171, 252, 181, 242, 183, 231,
       150, 71, 222, 34, 120, 255, 34, 64, 249, 251, 147, 129, 58, 159,
       48, 255, 251, 119, 158, 203, 151, 91, 180, 250, 235, 116, 107, 68,
       77, 244, 243, 115, 201, 204, 254, 30, 56, 220, 54, 36, 168, 180,
       250, 5, 197, 39, 182, 223, 83, 121, 0, 42, 75, 12, 124, 254, 65,
       252, 57, 89, 241, 238, 117, 183, 123, 74, 102, 84, 30, 23, 6, 120,
       149, 30, 16, 8, 195, 156, 176, 87, 101, 190, 16, 70, 8, 16, 230,
       113, 92, 252, 157, 117, 152, 111, 99, 154, 114, 163, 106, 88, 215,
       113, 65, 152, 17, 92, 104, 24, 57, 244, 219, 18, 237, 231, 117,
       52, 224, 121, 194, 32, 252, 172, 21, 119, 153, 79, 71, 170, 242,
       182, 162, 24, 247, 113, 64, 19, 129, 214, 104, 42, 106, 109, 219,
       63, 233, 146, 69, 52, 64, 112, 70, 42, 193, 150, 197, 87, 180, 46,
       105, 63, 124, 195, 98, 212, 245, 34, 148, 124, 119, 78, 58, 156,
       177, 220, 213, 79, 172, 62, 246, 64, 136, 224, 225, 60, 253, 93,
       254, 228, 166, 6, 87, 117, 224, 206, 254, 38, 123, 115, 179, 115,
       114, 228, 60, 234, 233, 227, 181, 136, 242, 235, 103, 128, 47,
       250, 224, 123, 153, 237, 123, 87, 87, 157, 255, 231, 95, 64, 117,
       18, 185, 220, 52, 33, 46, 43, 19, 79, 243, 188, 60, 255, 111, 89,
       7, 32, 127, 136, 209, 252, 170, 184, 145, 80, 233, 253, 176, 199,
       155, 115, 180, 24, 174, 159, 100, 174, 137, 59, 242, 16, 19, 111,
       178, 243, 31, 220, 20, 123, 211, 72, 207, 191, 9, 160, 2, 249,
       116, 173, 104, 82, 62, 9, 81, 80, 179, 129, 240, 172, 120, 42, 22,
       28, 155, 184, 18, 211, 140, 220, 178, 192, 154, 136, 89, 160, 4,
       14, 11, 191, 52, 227, 171, 99, 20, 4, 91, 227, 245, 207, 32, 64,
       91, 43, 3, 153, 50, 188, 74, 63, 228, 166, 170, 192, 148, 10, 53,
       226, 83, 149, 239, 237, 178, 34, 111, 55, 32, 67, 206, 228, 125,
       55, 144, 114, 119, 247, 125, 172, 217, 153, 181, 79, 242, 239,
       170, 192, 45, 226, 163, 121, 195, 179, 157, 177, 170, 232, 57, 55,
       186, 127, 18, 245, 188, 166, 194, 91, 167, 23, 255, 21, 183, 93,
       163, 65, 140, 178, 122, 194, 140, 64, 131, 93, 19, 143, 211, 157,
       226, 130, 174, 247, 62, 138, 90, 226, 253, 226, 241, 64, 119, 255,
       55, 137, 192, 216, 142, 235, 188, 166, 255, 128, 53, 240, 161,
       137, 17, 156, 121, 169, 54, 239, 59, 218, 22, 73, 90, 230, 159,
       87, 160, 96, 119, 27, 31, 57, 147, 152, 53, 159, 237, 207, 42,
