%YAML:1.0
---
descriptors: !!opencv-matrix
   rows: 233
   cols: 32
   dt: u
   data: [ 141, 253, 113, 115, 213, 93, 246, 252, 245, 202, 254, 98, 251,
       125, 221, 103, 125, 250, 222, 106, 245, 48, 237, 190, 127, 205,
       167, 133, 247, 255, 196, 247, 59, 140, 190, 26, 217, 253, 148,
       231, 223, 83, 252, 25, 174, 248, 54, 189, 201, 235, 218, 17, 190,
       107, 118, 243, 187, 119, 94, 123, 223, 92, 139, 78, 5, 134, 127,
       71, 244, 174, 239, 191, 124, 75, 127, 84, 243, 97, 157, 112, 31,
       70, 110, 60, 177, 180, 109, 127, 110, 174, 37, 68, 201, 243, 192,
       161, 11, 255, 2, 154, 249, 149, 47, 246, 173, 12, 74, 229, 172,
       194, 163, 196, 108, 107, 234, 204, 71, 155, 242, 255, 52, 116,
       158, 138, 26, 20, 169, 221, 35, 184, 184, 88, 221, 189, 208, 199,
       255, 123, 180, 28, 174, 152, 70, 189, 137, 155, 250, 17, 151, 111,
       210, 243, 31, 220, 20, 127, 218, 76, 203, 142, 253, 212, 61, 242,
       172, 79, 69, 184, 229, 250, 167, 12, 214, 113, 73, 59, 145, 68,
       124, 122, 105, 103, 123, 0, 217, 218, 69, 116, 104, 123, 66, 98,
       98, 56, 161, 164, 72, 64, 177, 7, 138, 225, 138, 235, 180, 188,
       84, 90, 193, 191, 123, 129, 67, 75, 211, 64, 93, 36, 191, 56, 4,
       40, 21, 122, 21, 12, 19, 255, 54, 163, 111, 114, 20, 130, 91, 226,
       247, 227, 161, 96, 90, 122, 22, 234, 41, 148, 76, 63, 224, 166,
       170, 128, 60, 251, 49, 160, 132, 28, 159, 191, 242, 166, 175, 83,
       180, 130, 83, 82, 213, 243, 33, 73, 127, 127, 51, 159, 33, 212,
       18, 106, 12, 166, 239, 128, 140, 113, 33, 160, 78, 11, 150, 190,
       169, 169, 22, 160, 143, 138, 136, 97, 238, 234, 33, 218, 193, 99,
       238, 67, 20, 11, 202, 249, 144, 246, 79, 27, 144, 127, 9, 15, 239,
       69, 68, 76, 205, 62, 78, 168, 225, 240, 175, 76, 74, 104, 159,
       247, 72, 228, 224, 110, 237, 98, 255, 204, 54, 122, 197, 62, 75,
       255, 218, 4, 59, 113, 175, 196, 71, 214, 185, 80, 202, 236, 117,
       143, 56, 156, 118, 162, 172, 189, 179, 197, 133, 251, 182, 204,
       83, 75, 91, 163, 79, 15, 127, 255, 105, 51, 89, 65, 112, 31, 121,
       17, 101, 41, 119, 108, 155, 23, 128, 180, 30, 28, 70, 88, 129,
       186, 225, 4, 70, 249, 32, 128, 75, 138, 66, 177, 173, 245, 33, 67,
       213, 95, 230, 252, 117, 105, 252, 76, 210, 121, 28, 180, 216, 204,
       86, 104, 251, 178, 121, 31, 111, 221, 5, 116, 75, 186, 210, 160,
       184, 120, 188, 57, 45, 221, 81, 85, 199, 125, 180, 29, 30, 157,
       114, 9, 201, 49, 223, 21, 142, 111, 115, 16, 203, 219, 84, 119,
       243, 28, 204, 218, 165, 231, 76, 169, 220, 9, 238, 253, 86, 176,
       52, 202, 195, 105, 217, 33, 27, 200, 70, 111, 110, 114, 77, 159,
       60, 138, 37, 60, 119, 184, 218, 128, 188, 207, 96, 59, 158, 137,
       71, 168, 86, 98, 176, 235, 99, 64, 191, 80, 91, 202, 14, 206, 234,
       36, 79, 63, 36, 142, 165, 61, 117, 155, 208, 72, 253, 135, 108,
       111, 40, 90, 79, 184, 97, 108, 191, 172, 211, 99, 154, 119, 84,
       196, 108, 238, 248, 227, 237, 45, 242, 235, 225, 212, 98, 179,
       102, 113, 194, 22, 213, 177, 162, 42, 56, 31, 63, 123, 50, 245,
       143, 63, 200, 219, 167, 23, 237, 148, 181, 220, 129, 194, 142,
       214, 122, 198, 140, 196, 139, 25, 8, 251, 122, 221, 102, 197, 191,
       254, 30, 92, 124, 166, 189, 151, 163, 69, 127, 123, 19, 202, 194,
       184, 51, 249, 109, 201, 126, 160, 23, 152, 37, 249, 60, 90, 119,
       71, 114, 202, 235, 112, 53, 196, 119, 162, 89, 23, 167, 52, 62,
       252, 23, 234, 161, 180, 45, 238, 102, 238, 32, 128, 103, 183, 102,
       241, 44, 119, 120, 103, 116, 47, 127, 248, 112, 232, 124, 100, 83,
       117, 139, 48, 30, 216, 22, 110, 169, 178, 104, 46, 103, 143, 37,
       164, 105, 251, 66, 241, 136, 143, 126, 87, 226, 221, 189, 119,
       252, 79, 118, 176, 189, 141, 182, 33, 166, 59, 255, 12, 242, 189,
       34, 127, 103, 123, 116, 129, 70, 132, 135, 251, 27, 207, 106, 15,
       114, 147, 110, 253, 117, 132, 126, 199, 105, 107, 159, 148, 126,
       234, 23, 238, 204, 146, 77, 127, 54, 111, 167, 128, 127, 246, 234,
       205, 221, 4, 239, 197, 46, 54, 233, 48, 244, 226, 215, 214, 217,
       175, 151, 107, 118, 228, 127, 175, 161, 245, 181, 202, 86, 43,
       239, 132, 47, 224, 113, 112, 24, 252, 183, 252, 119, 194, 118,
       230, 247, 27, 122, 98, 124, 255, 40, 176, 235, 251, 183, 129, 67,
       255, 2, 255, 247, 247, 119, 3, 103, 80, 103, 187, 28, 89, 31, 231,
       178, 78, 119, 180, 36, 160, 234, 8, 255, 55, 1, 113, 182, 247, 93,
       98, 73, 184, 17, 44, 245, 235, 102, 0, 32, 179, 167, 58, 1, 157,
       11, 253, 180, 199, 111, 247, 84, 202, 218, 70, 243, 241, 176, 96,
       125, 106, 22, 12, 249, 184, 52, 239, 169, 174, 182, 128, 60, 250,
       240, 249, 79, 145, 255, 246, 172, 84, 253, 177, 237, 94, 190, 161,
       253, 255, 189, 251, 134, 215, 253, 135, 213, 193, 179, 224, 131,
       251, 238, 146, 134, 246, 229, 123, 219, 83, 45, 172, 59, 86, 25,
       24, 30, 237, 151, 247, 223, 23, 162, 228, 246, 149, 189, 229, 141,
       69, 51, 220, 211, 225, 171, 223, 26, 5, 45, 115, 18, 156, 171,
       253, 147, 231, 187, 246, 182, 7, 206, 18, 120, 255, 32, 96, 249,
       251, 19, 129, 58, 157, 48, 255, 249, 231, 158, 194, 177, 64, 165,
       234, 220, 100, 149, 117, 136, 110, 69, 159, 114, 179, 163, 24,
       247, 115, 73, 59, 17, 214, 108, 56, 41, 100, 219, 10, 237, 162,
       117, 52, 224, 240, 194, 42, 3, 178, 250, 217, 55, 249, 48, 66, 63,
       69, 94, 183, 174, 158, 238, 108, 246, 57, 183, 17, 150, 184, 36,
       209, 134, 92, 26, 227, 182, 142, 45, 215, 58, 151, 56, 234, 93,
       213, 217, 237, 15, 29, 189, 27, 46, 93, 46, 64, 220, 147, 151,
       161, 90, 43, 122, 213, 251, 213, 154, 127, 83, 14, 252, 242, 3,
       162, 250, 217, 114, 182, 184, 82, 63, 69, 94, 151, 12, 142, 190,
       236, 247, 59, 151, 149, 150, 185, 32, 215, 30, 126, 26, 195, 222,
       132, 41, 213, 113, 34, 210, 229, 112, 10, 104, 25, 107, 161, 99,
       72, 27, 3, 212, 208, 50, 140, 108, 8, 9, 210, 197, 76, 150, 252,
       33, 0, 46, 162, 66, 0, 203, 190, 189, 147, 162, 252, 57, 23, 190,
       127, 22, 245, 188, 54, 194, 123, 167, 23, 255, 157, 179, 92, 167,
       193, 204, 59, 126, 194, 140, 192, 131, 121, 60, 193, 68, 173, 14,
       83, 70, 232, 86, 50, 236, 163, 99, 97, 185, 197, 89, 200, 162,
       238, 74, 50, 79, 191, 180, 199, 197, 61, 55, 190, 88, 160, 66, 58,
       146, 176, 107, 236, 56, 70, 171, 157, 128, 185, 172, 158, 101,
       218, 167, 59, 251, 17, 22, 73, 146, 240, 159, 212, 26, 251, 130,
       68, 15, 159, 66, 104, 150, 181, 11, 196, 56, 7, 175, 147, 130, 17,
       172, 174, 69, 202, 227, 55, 249, 145, 6, 77, 147, 192, 157, 246,
       222, 27, 128, 84, 141, 14, 117, 80, 189, 102, 12, 79, 71, 184,
       232, 250, 167, 12, 215, 113, 73, 59, 16, 212, 124, 122, 73, 97,
       121, 40, 249, 235, 101, 20, 104, 251, 66, 48, 86, 74, 150, 190,
       57, 128, 18, 192, 143, 152, 130, 109, 238, 226, 97, 215, 192, 229,
       238, 67, 28, 75, 202, 232, 152, 240, 75, 155, 144, 45, 41, 7, 11,
       255, 2, 156, 121, 149, 188, 247, 173, 76, 220, 165, 172, 198, 166,
       196, 238, 107, 202, 204, 198, 11, 166, 255, 54, 117, 158, 139, 18,
       20, 173, 221, 27, 219, 115, 93, 53, 219, 109, 246, 87, 77, 118,
       230, 235, 221, 180, 228, 119, 122, 182, 204, 203, 184, 37, 255,
       46, 254, 150, 130, 119, 156, 229, 253, 180, 113, 92, 107, 40, 11,
       86, 88, 87, 186, 241, 125, 211, 91, 13, 25, 216, 217, 86, 242,
       109, 118, 89, 60, 198, 219, 97, 53, 121, 187, 74, 130, 85, 125,
       185, 71, 52, 14, 79, 184, 100, 234, 15, 76, 211, 113, 153, 51, 52,
       228, 124, 110, 233, 244, 249, 42, 227, 143, 101, 20, 40, 243, 80,
       49, 96, 176, 157, 118, 168, 77, 81, 27, 99, 184, 163, 8, 150, 19,
       64, 27, 129, 148, 108, 24, 25, 75, 219, 0, 219, 155, 117, 124,
       192, 0, 198, 43, 108, 164, 189, 250, 173, 233, 81, 139, 227, 191,
       165, 24, 150, 23, 74, 123, 193, 147, 233, 16, 58, 111, 234, 48,
