%YAML:1.0
---
descriptors: !!opencv-matrix
   rows: 125
   cols: 32
   dt: u
   data: [ 38, 171, 232, 112, 252, 249, 88, 207, 131, 245, 188, 169, 3,
       205, 86, 24, 201, 155, 215, 149, 30, 107, 226, 146, 127, 92, 149,
       255, 213, 204, 214, 214, 118, 170, 232, 176, 236, 121, 92, 207,
       163, 255, 188, 153, 3, 173, 87, 30, 137, 206, 253, 21, 30, 111,
       226, 130, 155, 85, 149, 255, 230, 252, 222, 86, 34, 221, 186, 188,
       218, 132, 63, 230, 191, 7, 236, 129, 165, 238, 34, 80, 207, 251,
       235, 65, 106, 139, 114, 127, 233, 231, 15, 27, 48, 112, 167, 250,
       26, 140, 139, 187, 149, 231, 130, 67, 150, 3, 76, 18, 112, 247,
       32, 192, 217, 59, 147, 144, 50, 141, 26, 191, 105, 183, 158, 73,
       145, 72, 189, 170, 61, 93, 127, 111, 18, 198, 95, 112, 117, 200,
       127, 66, 115, 119, 33, 112, 126, 240, 22, 106, 201, 176, 57, 63,
       227, 239, 33, 0, 123, 187, 96, 179, 208, 221, 31, 126, 168, 204,
       71, 182, 180, 30, 174, 8, 247, 115, 0, 83, 35, 246, 108, 106, 105,
       77, 155, 63, 249, 227, 116, 80, 32, 240, 167, 43, 63, 71, 100, 5,
       222, 59, 142, 236, 84, 230, 222, 239, 67, 108, 159, 36, 92, 198,
       199, 231, 252, 178, 109, 174, 54, 78, 165, 149, 103, 255, 222,
       212, 157, 127, 123, 68, 50, 214, 127, 114, 237, 204, 254, 164,
       126, 255, 183, 112, 246, 253, 223, 110, 225, 179, 180, 110, 243,
       125, 37, 128, 78, 183, 38, 115, 90, 93, 42, 252, 19, 214, 63, 119,
       165, 196, 206, 135, 57, 183, 35, 116, 236, 255, 187, 194, 205,
       155, 48, 238, 243, 237, 142, 11, 34, 182, 44, 255, 40, 32, 177,
       162, 125, 237, 209, 67, 11, 57, 169, 9, 158, 157, 88, 152, 153,
       155, 67, 21, 26, 58, 218, 208, 221, 221, 17, 120, 210, 14, 66,
       171, 190, 12, 22, 190, 153, 229, 86, 99, 183, 134, 233, 25, 110,
       250, 37, 157, 217, 187, 194, 3, 126, 7, 26, 191, 179, 214, 195,
       27, 208, 116, 110, 134, 212, 188, 191, 254, 184, 237, 23, 238,
       190, 150, 160, 24, 246, 247, 41, 91, 145, 243, 123, 2, 58, 79,
       250, 63, 249, 151, 95, 58, 144, 113, 135, 42, 252, 12, 159, 124,
       13, 102, 81, 66, 176, 134, 230, 17, 19, 243, 35, 91, 200, 180,
       121, 168, 40, 231, 82, 10, 211, 235, 193, 25, 193, 105, 126, 66,
       34, 181, 123, 234, 252, 229, 155, 113, 31, 73, 249, 79, 212, 254,
       124, 48, 254, 187, 95, 145, 155, 43, 216, 223, 185, 28, 171, 250,
       221, 10, 163, 243, 1, 173, 57, 221, 124, 201, 173, 239, 94, 61,
       88, 82, 180, 182, 244, 96, 203, 27, 50, 1, 195, 56, 115, 87, 45,
       28, 58, 232, 20, 8, 149, 169, 1, 77, 7, 157, 16, 132, 172, 102,
       62, 128, 72, 197, 180, 226, 37, 192, 96, 43, 50, 205, 99, 152, 83,
       127, 36, 38, 190, 136, 24, 16, 33, 136, 92, 183, 255, 160, 178,
       234, 62, 193, 190, 189, 187, 177, 79, 254, 72, 152, 183, 87, 237,
       51, 22, 209, 137, 66, 249, 199, 47, 199, 228, 98, 135, 67, 111,
       91, 127, 110, 106, 210, 27, 184, 141, 76, 253, 101, 123, 254, 167,
       114, 198, 245, 255, 98, 205, 131, 122, 125, 82, 255, 97, 155, 92,
       163, 46, 115, 101, 237, 253, 103, 148, 79, 103, 188, 116, 162,
       238, 8, 211, 113, 25, 112, 25, 220, 122, 106, 105, 240, 121, 46,
       239, 175, 37, 4, 224, 251, 194, 32, 240, 52, 27, 236, 40, 111, 81,
       91, 188, 34, 224, 24, 151, 151, 32, 113, 144, 185, 72, 32, 41, 7,
       112, 30, 209, 209, 2, 56, 80, 0, 7, 50, 131, 204, 39, 156, 77,
       181, 174, 230, 220, 66, 88, 70, 169, 232, 181, 229, 201, 227, 50,
       207, 229, 190, 54, 255, 37, 126, 218, 10, 29, 93, 49, 252, 60,
       157, 95, 234, 30, 227, 91, 248, 132, 68, 221, 163, 87, 247, 168,
       64, 126, 176, 159, 226, 120, 131, 41, 191, 251, 231, 163, 213, 55,
       171, 52, 115, 8, 93, 157, 237, 187, 79, 53, 127, 62, 162, 172, 8,
       191, 55, 0, 144, 6, 51, 90, 8, 113, 9, 81, 94, 237, 159, 87, 48,
       210, 64, 135, 187, 208, 176, 157, 245, 128, 110, 17, 59, 58, 187,
       35, 24, 215, 55, 64, 123, 161, 87, 108, 16, 41, 93, 185, 2, 217,
       167, 114, 84, 128, 65, 7, 42, 125, 149, 127, 236, 150, 66, 75,
       120, 100, 64, 255, 34, 83, 119, 168, 112, 126, 212, 60, 234, 217,
       147, 61, 29, 243, 173, 163, 196, 61, 163, 100, 49, 40, 79, 115,
       110, 116, 207, 103, 228, 236, 200, 106, 64, 115, 193, 49, 212, 88,
       106, 6, 110, 75, 185, 0, 63, 53, 252, 38, 0, 80, 186, 101, 168,
       42, 171, 232, 64, 253, 221, 116, 87, 235, 109, 252, 9, 42, 173,
       86, 16, 137, 170, 199, 28, 158, 58, 226, 209, 127, 221, 20, 251,
       195, 204, 214, 207, 221, 223, 158, 182, 169, 30, 22, 180, 168,
       222, 159, 109, 238, 114, 195, 199, 133, 103, 253, 111, 236, 65,
       139, 168, 250, 243, 111, 147, 138, 119, 41, 83, 42, 173, 225, 96,
       253, 233, 249, 199, 11, 237, 184, 137, 138, 173, 84, 16, 137, 187,
       215, 17, 30, 106, 194, 145, 127, 93, 181, 249, 197, 76, 214, 218,
       50, 249, 43, 186, 85, 197, 87, 230, 23, 85, 72, 11, 55, 223, 96,
       0, 249, 251, 147, 193, 74, 58, 58, 181, 251, 197, 156, 105, 48,
       24, 182, 250, 162, 42, 186, 24, 67, 249, 177, 198, 223, 87, 100,
       27, 44, 140, 119, 72, 233, 43, 131, 21, 54, 126, 38, 243, 95, 87,
       26, 107, 209, 13, 109, 206, 40, 187, 18, 58, 61, 217, 18, 193,
       207, 5, 168, 41, 174, 216, 100, 144, 128, 58, 202, 80, 22, 43, 10,
       61, 171, 213, 1, 123, 82, 14, 15, 14, 253, 119, 105, 229, 52, 79,
       79, 248, 81, 234, 222, 236, 87, 53, 153, 112, 94, 220, 85, 111,
       233, 176, 253, 14, 245, 237, 165, 180, 108, 251, 86, 113, 59, 29,
       58, 254, 27, 214, 95, 117, 149, 76, 206, 7, 120, 255, 38, 112,
       236, 187, 155, 192, 237, 139, 50, 239, 243, 253, 138, 11, 51, 6,
       44, 126, 92, 247, 26, 160, 178, 139, 63, 247, 183, 165, 186, 175,
       77, 238, 106, 16, 183, 221, 237, 241, 80, 153, 129, 70, 248, 199,
       47, 197, 36, 112, 167, 49, 137, 148, 250, 225, 244, 110, 251, 19,
       84, 235, 94, 18, 153, 61, 242, 100, 95, 158, 23, 153, 177, 188,
       245, 194, 79, 61, 178, 196, 198, 201, 212, 249, 125, 89, 123, 110,
       58, 214, 91, 56, 198, 204, 253, 165, 127, 223, 179, 112, 214, 117,
       125, 103, 141, 131, 126, 57, 211, 237, 41, 152, 124, 163, 38, 113,
       2, 151, 186, 218, 221, 245, 185, 247, 223, 85, 76, 19, 140, 191,
       62, 96, 235, 27, 179, 145, 146, 11, 58, 247, 91, 93, 154, 111,
       146, 68, 165, 231, 108, 97, 240, 66, 77, 93, 195, 88, 67, 184,
       181, 8, 74, 217, 77, 182, 216, 220, 198, 122, 9, 114, 234, 144,
       31, 217, 5, 63, 99, 187, 90, 166, 7, 114, 235, 0, 98, 176, 186,
       216, 235, 68, 92, 231, 8, 204, 255, 156, 62, 137, 215, 255, 135,
       178, 174, 208, 30, 93, 11, 238, 239, 167, 43, 213, 124, 113, 121,
       225, 188, 71, 95, 152, 33, 232, 189, 108, 211, 87, 217, 114, 94,
       212, 93, 238, 201, 2, 249, 142, 231, 221, 161, 188, 38, 187, 118,
       113, 123, 64, 67, 204, 71, 81, 102, 101, 117, 66, 246, 10, 42,
       159, 165, 244, 120, 188, 166, 202, 73, 182, 164, 202, 23, 236,
       130, 10, 119, 190, 118, 236, 42, 157, 104, 218, 219, 241, 157,
       239, 159, 21, 221, 179, 40, 254, 110, 228, 239, 155, 147, 145,
       246, 11, 62, 247, 123, 125, 158, 255, 151, 78, 189, 222, 172, 168,
       177, 83, 245, 205, 229, 81, 123, 179, 101, 24, 178, 245, 76, 61,
       25, 58, 66, 26, 51, 254, 248, 51, 79, 158, 85, 122, 210, 8, 198,
       170, 170, 184, 152, 187, 205, 229, 145, 199, 158, 23, 69, 17, 164,
       220, 96, 76, 201, 59, 163, 17, 50, 110, 218, 179, 205, 215, 154,
       123, 144, 76, 189, 138, 81, 29, 127, 69, 48, 206, 111, 55, 100,
       204, 238, 64, 115, 51, 146, 113, 96, 182, 92, 168, 233, 153, 49,
       12, 225, 175, 32, 128, 32, 162, 228, 105, 46, 179, 56, 250, 255,
       217, 147, 216, 159, 125, 189, 40, 238, 221, 238, 40, 159, 27, 223,
       81, 154, 35, 106, 181, 219, 213, 41, 255, 214, 143, 149, 227, 109,
       121, 177, 101, 189, 127, 194, 152, 111, 225, 235, 8, 210, 248, 93,
       178, 152, 76, 120, 90, 143, 179, 249, 32, 171, 253, 5, 22, 202,
       123, 90, 134, 42, 158, 148, 186, 233, 237, 20, 207, 159, 63, 176,
