%YAML:1.0
---
descriptors: !!opencv-matrix
   rows: 177
   cols: 32
   dt: u
   data: [ 24, 124, 215, 253, 119, 194, 118, 242, 255, 203, 122, 98, 124,
       255, 33, 240, 251, 255, 166, 193, 101, 251, 2, 237, 179, 246, 103,
       2, 107, 113, 39, 187, 61, 77, 123, 111, 52, 207, 79, 240, 117, 8,
       127, 64, 115, 113, 177, 48, 60, 96, 20, 106, 233, 184, 41, 63,
       227, 239, 32, 0, 115, 187, 98, 161, 145, 207, 75, 255, 54, 131,
       107, 244, 20, 0, 210, 226, 247, 195, 176, 96, 122, 248, 30, 234,
       107, 156, 13, 63, 224, 165, 174, 192, 60, 155, 48, 40, 101, 37,
       241, 71, 213, 111, 227, 186, 121, 237, 239, 12, 210, 97, 28, 62,
       25, 198, 66, 60, 153, 248, 249, 14, 111, 190, 5, 84, 195, 235,
       198, 240, 151, 34, 214, 229, 66, 10, 184, 104, 41, 160, 246, 162,
       13, 15, 133, 27, 46, 149, 223, 161, 4, 211, 5, 200, 20, 42, 74,
       134, 101, 160, 35, 129, 52, 195, 69, 205, 78, 75, 70, 249, 86,
       112, 240, 202, 227, 96, 185, 97, 88, 192, 34, 104, 104, 50, 111,
       157, 172, 130, 229, 60, 117, 186, 84, 252, 211, 54, 213, 177, 162,
       46, 57, 23, 57, 123, 50, 245, 142, 46, 192, 95, 167, 23, 253, 148,
       181, 220, 161, 194, 140, 210, 122, 198, 140, 192, 131, 93, 81, 2,
       222, 164, 52, 10, 104, 24, 107, 160, 195, 72, 255, 163, 208, 82,
       50, 165, 108, 172, 9, 209, 133, 204, 156, 182, 97, 16, 44, 160, 8,
       8, 13, 110, 187, 94, 112, 238, 97, 80, 124, 199, 103, 16, 94, 196,
       151, 61, 51, 44, 64, 60, 161, 244, 48, 76, 81, 62, 16, 0, 192,
       162, 103, 244, 11, 207, 34, 156, 121, 148, 188, 246, 173, 76, 220,
       167, 168, 134, 183, 228, 110, 106, 203, 204, 198, 139, 166, 255,
       55, 117, 158, 139, 22, 148, 173, 253, 124, 121, 176, 224, 57, 93,
       83, 216, 171, 253, 180, 9, 31, 159, 67, 26, 140, 217, 253, 80, 27,
       35, 242, 176, 219, 217, 5, 127, 250, 21, 6, 243, 117, 113, 249,
       99, 188, 79, 195, 152, 66, 168, 185, 74, 211, 25, 89, 32, 92, 220,
       92, 122, 137, 50, 217, 24, 237, 140, 37, 116, 233, 187, 80, 35,
       60, 94, 119, 71, 114, 202, 123, 112, 53, 196, 119, 162, 121, 87,
       171, 52, 62, 252, 23, 238, 224, 180, 45, 238, 102, 239, 34, 128,
       103, 179, 102, 241, 26, 221, 119, 89, 181, 223, 207, 246, 95, 77,
       246, 32, 42, 213, 181, 228, 125, 250, 151, 216, 235, 184, 35, 255,
       43, 254, 148, 194, 115, 156, 228, 125, 117, 113, 217, 103, 40, 15,
       71, 152, 98, 170, 187, 72, 211, 83, 73, 58, 28, 212, 124, 106,
       201, 114, 217, 40, 229, 140, 101, 52, 104, 251, 66, 161, 223, 22,
       239, 197, 38, 50, 233, 19, 252, 194, 215, 246, 217, 6, 183, 107,
       118, 52, 63, 173, 161, 213, 165, 202, 212, 43, 234, 128, 47, 160,
       49, 117, 17, 199, 74, 47, 242, 19, 239, 125, 116, 132, 126, 199,
       97, 106, 182, 80, 126, 238, 6, 238, 204, 178, 13, 127, 118, 237,
       167, 128, 125, 178, 232, 200, 250, 90, 98, 142, 5, 212, 223, 112,
       133, 68, 213, 135, 41, 206, 55, 197, 252, 241, 149, 231, 204, 131,
       52, 237, 115, 121, 138, 139, 55, 183, 116, 94, 130, 59, 123, 153,
       118, 217, 184, 64, 159, 69, 81, 183, 140, 222, 118, 72, 254, 57,
       151, 209, 134, 180, 50, 209, 23, 28, 10, 235, 244, 13, 53, 215, 3,
       134, 235, 137, 114, 162, 187, 66, 62, 69, 90, 167, 20, 238, 190,
       96, 255, 43, 19, 157, 150, 152, 53, 215, 94, 46, 186, 192, 157,
       130, 33, 208, 26, 156, 179, 252, 147, 230, 59, 247, 182, 7, 206,
       18, 120, 247, 32, 96, 249, 187, 19, 144, 58, 159, 48, 255, 249,
       231, 158, 194, 161, 64, 165, 234, 42, 251, 50, 223, 61, 197, 253,
       246, 23, 76, 124, 38, 168, 223, 182, 36, 200, 122, 151, 200, 202,
       186, 114, 253, 103, 220, 146, 171, 19, 156, 116, 255, 35, 219,
       115, 89, 244, 209, 252, 247, 95, 89, 122, 230, 168, 220, 180, 228,
       223, 187, 182, 81, 199, 184, 103, 247, 46, 30, 150, 195, 85, 28,
       228, 93, 9, 157, 51, 222, 181, 215, 103, 119, 213, 73, 94, 66,
       250, 245, 176, 228, 88, 122, 30, 72, 249, 184, 48, 191, 161, 255,
       22, 0, 26, 202, 244, 125, 26, 156, 106, 232, 180, 226, 127, 231,
       55, 5, 222, 163, 113, 247, 162, 64, 121, 255, 159, 176, 58, 155,
       32, 255, 248, 231, 142, 195, 183, 82, 180, 123, 66, 10, 174, 190,
       43, 192, 57, 103, 191, 21, 198, 177, 172, 239, 34, 91, 230, 179,
       235, 129, 18, 75, 162, 253, 211, 115, 218, 155, 144, 68, 165, 123,
       51, 159, 102, 142, 182, 179, 143, 239, 69, 72, 250, 231, 98, 232,
       182, 196, 94, 234, 150, 103, 221, 187, 13, 189, 56, 44, 38, 194,
       95, 223, 248, 221, 2, 159, 150, 159, 235, 224, 180, 239, 159, 31,
       120, 183, 108, 254, 44, 207, 207, 115, 163, 145, 54, 75, 74, 243,
       28, 54, 222, 75, 217, 68, 173, 159, 78, 239, 150, 179, 157, 212,
       118, 166, 191, 189, 170, 17, 142, 187, 64, 210, 193, 247, 237,
       208, 126, 75, 202, 227, 191, 247, 223, 127, 130, 85, 173, 14, 5,
       143, 125, 79, 180, 46, 239, 191, 124, 104, 122, 68, 243, 35, 156,
       112, 22, 70, 14, 110, 241, 184, 109, 127, 236, 190, 38, 196, 200,
       242, 195, 57, 229, 164, 157, 85, 201, 110, 69, 175, 115, 179, 167,
       24, 214, 51, 72, 159, 17, 214, 104, 56, 57, 126, 219, 2, 157, 187,
       85, 61, 194, 113, 202, 32, 212, 114, 157, 53, 138, 14, 5, 159, 50,
       179, 162, 88, 215, 35, 73, 91, 5, 214, 108, 16, 57, 69, 219, 0,
       201, 162, 117, 52, 168, 112, 131, 32, 113, 35, 66, 229, 76, 10,
       97, 24, 107, 160, 99, 204, 19, 131, 196, 82, 114, 140, 108, 108,
       9, 146, 197, 72, 150, 168, 161, 0, 40, 162, 66, 0, 121, 35, 82,
       65, 112, 27, 106, 81, 105, 32, 255, 72, 11, 3, 132, 52, 58, 140,
       70, 232, 80, 178, 229, 72, 118, 253, 32, 0, 99, 130, 66, 128, 252,
       106, 237, 101, 172, 78, 79, 186, 113, 254, 182, 28, 147, 45, 145,
       123, 141, 196, 108, 110, 232, 103, 249, 42, 209, 235, 97, 28, 96,
       177, 70, 113, 12, 93, 115, 95, 83, 222, 239, 80, 117, 200, 255,
       194, 121, 221, 189, 164, 126, 248, 23, 234, 193, 177, 45, 238, 55,
       254, 162, 128, 103, 183, 101, 245, 99, 186, 184, 16, 237, 173,
       208, 87, 235, 191, 176, 29, 174, 154, 70, 26, 137, 171, 78, 21,
       150, 111, 242, 80, 27, 152, 84, 123, 192, 72, 195, 207, 203, 190,
       157, 147, 170, 252, 57, 151, 190, 95, 22, 245, 188, 54, 194, 123,
       167, 19, 255, 29, 183, 77, 163, 225, 204, 51, 126, 194, 140, 196,
       143, 121, 180, 77, 214, 143, 212, 35, 206, 236, 94, 162, 235, 202,
       71, 224, 57, 65, 91, 238, 34, 235, 104, 247, 79, 46, 176, 34, 207,
       16, 85, 123, 240, 128, 56, 131, 68, 137, 94, 11, 192, 105, 6, 176,
       180, 171, 83, 73, 194, 128, 120, 128, 238, 104, 74, 34, 79, 157,
       60, 131, 161, 124, 119, 172, 88, 232, 102, 168, 165, 176, 236,
       233, 160, 75, 186, 179, 176, 185, 150, 140, 84, 26, 137, 159, 123,
       17, 18, 111, 194, 80, 92, 18, 221, 125, 196, 72, 214, 160, 54,
       173, 230, 253, 252, 11, 110, 232, 245, 162, 202, 195, 193, 106,
       157, 99, 255, 252, 123, 239, 236, 208, 205, 239, 60, 62, 207, 132,
       165, 243, 114, 132, 58, 137, 188, 252, 137, 209, 84, 231, 143,
       149, 164, 8, 46, 191, 102, 58, 200, 243, 251, 208, 30, 75, 82,
       241, 219, 247, 94, 123, 144, 16, 175, 174, 74, 40, 146, 240, 121,
       237, 24, 71, 171, 21, 160, 25, 172, 159, 96, 154, 167, 187, 235,
       16, 18, 75, 146, 240, 223, 209, 26, 123, 130, 0, 143, 138, 146,
       139, 110, 153, 226, 147, 188, 97, 52, 12, 214, 227, 97, 110, 182,
       97, 110, 179, 183, 225, 244, 154, 39, 221, 126, 35, 234, 193, 53,
       128, 44, 205, 248, 121, 177, 226, 57, 221, 81, 212, 171, 236, 164,
       8, 159, 159, 67, 178, 132, 189, 221, 80, 11, 111, 240, 146, 251,
       217, 5, 63, 226, 22, 71, 123, 108, 12, 234, 248, 221, 224, 88, 66,
       151, 87, 205, 19, 29, 223, 114, 72, 201, 187, 191, 149, 62, 47,
       178, 179, 219, 255, 146, 123, 182, 77, 124, 82, 149, 78, 79, 238,
       52, 162, 79, 112, 52, 10, 219, 226, 115, 99, 169, 97, 126, 228,
       28, 238, 233, 149, 13, 63, 240, 239, 163, 128, 60, 251, 112, 33,
