%YAML:1.0
---
descriptors: !!opencv-matrix
   rows: 130
   cols: 32
   dt: u
   data: [ 125, 80, 251, 69, 102, 86, 255, 88, 97, 202, 119, 230, 91, 31,
       151, 182, 126, 220, 183, 238, 201, 182, 181, 200, 119, 237, 230,
       128, 111, 183, 118, 241, 127, 91, 111, 236, 102, 86, 127, 112, 97,
       74, 247, 230, 91, 63, 183, 243, 126, 213, 181, 238, 201, 150, 165,
       200, 119, 235, 226, 128, 39, 191, 118, 113, 55, 123, 227, 134,
       230, 19, 238, 208, 73, 224, 89, 239, 73, 204, 247, 164, 126, 237,
       151, 255, 197, 183, 172, 232, 54, 28, 175, 170, 47, 191, 120, 213,
       78, 56, 187, 241, 235, 116, 185, 83, 171, 223, 29, 63, 140, 255,
       71, 10, 239, 123, 247, 145, 146, 87, 242, 224, 95, 95, 219, 235,
       134, 101, 39, 243, 74, 179, 230, 16, 235, 112, 56, 207, 171, 253,
       28, 189, 12, 190, 222, 158, 167, 159, 255, 149, 150, 91, 166, 192,
       30, 87, 223, 239, 134, 68, 175, 215, 188, 20, 124, 245, 207, 98,
       213, 115, 85, 162, 247, 19, 83, 57, 41, 9, 91, 182, 19, 162, 44,
       247, 81, 142, 99, 235, 80, 17, 247, 249, 100, 130, 81, 157, 31,
       109, 144, 14, 71, 55, 100, 137, 234, 68, 247, 51, 0, 112, 52, 230,
       108, 104, 25, 152, 17, 47, 233, 175, 36, 80, 40, 162, 192, 41, 3,
       186, 158, 188, 40, 134, 176, 184, 142, 216, 16, 229, 252, 254,
       234, 66, 199, 113, 255, 85, 135, 65, 154, 221, 200, 51, 111, 206,
       24, 46, 41, 83, 197, 34, 140, 177, 8, 40, 96, 138, 246, 179, 194,
       208, 215, 162, 65, 75, 33, 76, 106, 28, 50, 212, 207, 16, 204,
       162, 115, 68, 168, 225, 1, 0, 162, 217, 60, 222, 109, 221, 189,
       232, 207, 92, 20, 15, 172, 156, 119, 35, 238, 123, 147, 67, 198,
       107, 58, 241, 87, 24, 74, 187, 85, 29, 127, 223, 130, 216, 55,
       217, 108, 197, 184, 140, 30, 25, 82, 114, 188, 158, 165, 105, 230,
       59, 63, 193, 131, 220, 115, 245, 133, 178, 250, 138, 20, 25, 37,
       187, 21, 205, 95, 239, 18, 2, 111, 176, 36, 0, 234, 194, 247, 51,
       161, 112, 118, 244, 28, 234, 73, 152, 25, 47, 224, 239, 162, 0,
       40, 243, 33, 32, 138, 189, 58, 251, 245, 213, 185, 247, 159, 77,
       92, 51, 172, 223, 34, 96, 231, 59, 151, 145, 118, 153, 50, 247,
       255, 213, 30, 195, 18, 8, 173, 219, 254, 94, 110, 134, 109, 214,
       223, 112, 137, 204, 149, 175, 72, 207, 55, 215, 206, 245, 253,
       231, 236, 7, 188, 204, 115, 121, 139, 155, 39, 183, 62, 87, 254,
       90, 122, 198, 107, 86, 159, 112, 169, 204, 181, 175, 76, 223, 183,
       55, 174, 241, 223, 227, 204, 7, 186, 204, 115, 121, 139, 187, 7,
       183, 39, 247, 2, 13, 18, 188, 149, 231, 144, 99, 156, 0, 219, 2,
       228, 250, 32, 192, 216, 59, 138, 145, 22, 169, 82, 223, 185, 180,
       138, 75, 28, 74, 57, 134, 234, 170, 105, 240, 237, 253, 241, 87,
       155, 255, 116, 25, 42, 141, 86, 25, 137, 186, 247, 28, 146, 126,
       226, 144, 95, 217, 245, 235, 211, 140, 214, 251, 201, 248, 153,
       118, 104, 76, 117, 180, 240, 218, 38, 24, 62, 215, 72, 51, 130,
       92, 96, 74, 97, 86, 186, 97, 231, 169, 101, 44, 72, 177, 131, 186,
       177, 3, 71, 229, 86, 10, 111, 49, 53, 142, 246, 198, 115, 99, 153,
       85, 126, 172, 31, 238, 233, 148, 101, 142, 246, 234, 226, 128, 47,
       168, 112, 120, 143, 158, 253, 243, 162, 50, 189, 183, 61, 95, 82,
       245, 220, 47, 140, 239, 167, 87, 191, 151, 177, 220, 45, 238, 174,
       127, 126, 198, 134, 245, 165, 121, 10, 221, 122, 255, 255, 209,
       191, 231, 31, 76, 92, 163, 188, 255, 38, 96, 247, 59, 151, 129,
       102, 152, 42, 255, 103, 119, 30, 139, 22, 28, 165, 255, 139, 188,
       182, 155, 227, 247, 61, 223, 127, 95, 118, 53, 140, 255, 238, 125,
       247, 43, 183, 28, 183, 220, 42, 243, 79, 126, 94, 198, 154, 68,
       169, 223, 31, 93, 235, 165, 182, 114, 191, 183, 44, 231, 94, 167,
       157, 46, 179, 96, 111, 255, 23, 221, 209, 152, 53, 234, 238, 239,
       190, 128, 175, 252, 181, 249, 58, 152, 48, 216, 111, 213, 153, 95,
       143, 93, 148, 31, 44, 222, 118, 237, 205, 59, 151, 21, 142, 15,
       50, 241, 83, 89, 154, 251, 146, 12, 44, 223, 10, 175, 34, 186,
       247, 209, 191, 231, 159, 69, 92, 163, 172, 237, 54, 128, 251, 123,
       147, 209, 22, 154, 42, 255, 255, 87, 158, 235, 23, 14, 189, 218,
       63, 81, 234, 76, 102, 22, 255, 120, 97, 200, 252, 166, 89, 221,
       183, 244, 126, 236, 151, 238, 201, 179, 180, 200, 118, 45, 227,
       128, 111, 191, 122, 245, 186, 91, 98, 212, 115, 210, 190, 116,
       185, 204, 214, 231, 105, 206, 183, 165, 110, 247, 151, 199, 228,
       159, 36, 238, 50, 121, 175, 131, 39, 181, 63, 223, 155, 95, 102,
       28, 50, 146, 190, 112, 189, 196, 86, 231, 105, 206, 183, 213, 118,
       237, 134, 238, 229, 157, 36, 238, 50, 105, 174, 129, 47, 181, 45,
       93, 138, 176, 53, 219, 239, 221, 189, 255, 143, 127, 21, 63, 156,
       158, 110, 173, 207, 27, 215, 17, 215, 111, 122, 213, 31, 89, 94,
       255, 222, 12, 133, 255, 133, 207, 93, 243, 148, 190, 238, 183,
       124, 66, 123, 82, 243, 104, 25, 97, 49, 194, 42, 106, 243, 252,
       61, 175, 173, 239, 71, 64, 233, 251, 217, 32, 44, 17, 255, 245,
       229, 98, 245, 7, 85, 179, 242, 51, 83, 61, 8, 11, 201, 215, 55,
       160, 56, 250, 81, 128, 71, 251, 212, 17, 225, 248, 228, 178, 88,
       182, 156, 112, 171, 237, 16, 135, 171, 191, 174, 57, 143, 179, 74,
       26, 167, 23, 237, 16, 26, 73, 130, 0, 219, 215, 117, 127, 162, 64,
       143, 19, 1, 163, 153, 249, 160, 173, 105, 19, 126, 41, 123, 64,
       149, 163, 200, 64, 87, 10, 38, 24, 19, 152, 203, 17, 204, 141, 50,
       228, 152, 194, 131, 161, 138, 157, 63, 250, 125, 197, 185, 247,
       159, 93, 84, 54, 188, 223, 34, 97, 239, 59, 183, 145, 242, 207,
       50, 245, 239, 219, 190, 203, 22, 8, 165, 251, 95, 119, 107, 102,
       179, 86, 31, 184, 57, 76, 95, 228, 93, 127, 159, 245, 182, 221,
       213, 239, 237, 210, 188, 206, 243, 125, 174, 135, 6, 247, 47, 117,
       3, 89, 151, 185, 100, 132, 248, 80, 175, 88, 112, 102, 188, 155,
       101, 219, 238, 121, 63, 195, 195, 214, 146, 225, 22, 248, 250,
       138, 28, 145, 33, 153, 232, 176, 254, 112, 111, 253, 113, 87, 235,
       95, 52, 61, 58, 159, 70, 27, 175, 147, 247, 144, 22, 111, 178,
       209, 95, 217, 80, 107, 227, 132, 102, 219, 185, 113, 106, 9, 116,
       23, 234, 88, 68, 64, 249, 70, 19, 136, 182, 32, 124, 136, 22, 253,
       205, 178, 84, 156, 118, 73, 162, 228, 125, 138, 122, 212, 175,
       106, 226, 18, 239, 19, 246, 200, 219, 182, 180, 175, 72, 200, 247,
       175, 250, 232, 198, 103, 204, 103, 174, 232, 50, 88, 197, 191, 79,
       255, 122, 199, 131, 158, 183, 153, 243, 247, 185, 215, 255, 95,
       86, 49, 172, 254, 38, 111, 231, 51, 191, 144, 182, 221, 35, 247,
       79, 90, 94, 199, 146, 68, 165, 223, 7, 151, 135, 139, 255, 247,
       190, 239, 31, 77, 89, 247, 204, 254, 60, 228, 247, 11, 155, 181,
       183, 153, 29, 247, 188, 118, 143, 198, 156, 78, 177, 213, 3, 189,
       225, 129, 215, 251, 174, 207, 95, 229, 88, 247, 140, 60, 222, 228,
       127, 203, 147, 149, 151, 184, 109, 246, 44, 22, 159, 230, 191, 76,
       145, 221, 49, 165, 115, 73, 92, 223, 194, 121, 70, 224, 248, 74,
       19, 88, 148, 164, 88, 168, 70, 56, 155, 187, 117, 29, 57, 140, 37,
       116, 121, 170, 66, 172, 114, 201, 247, 222, 75, 66, 69, 168, 171,
       149, 166, 32, 114, 119, 132, 118, 96, 244, 121, 192, 73, 75, 251,
       233, 25, 178, 213, 19, 32, 34, 100, 106, 79, 158, 245, 247, 226,
       52, 61, 183, 59, 251, 94, 244, 253, 127, 220, 250, 183, 119, 191,
       133, 177, 216, 235, 235, 174, 127, 127, 198, 142, 244, 133, 121,
       74, 190, 183, 189, 168, 253, 57, 159, 159, 255, 94, 245, 236, 255,
       206, 202, 151, 127, 253, 145, 151, 72, 171, 243, 207, 119, 127,
       255, 154, 100, 133, 127, 249, 135, 79, 109, 22, 11, 103, 57, 117,
       96, 246, 238, 83, 65, 152, 113, 126, 132, 126, 238, 233, 182, 101,
       15, 244, 175, 161, 132, 109, 170, 112, 33, 193, 20, 147, 225, 176,
       46, 71, 23, 61, 11, 111, 84, 214, 51, 8, 116, 117, 214, 28, 24,
