%YAML:1.0
---
descriptors: !!opencv-matrix
   rows: 201
   cols: 32
   dt: u
   data: [ 222, 28, 182, 180, 169, 124, 92, 18, 185, 223, 134, 61, 207,
       191, 67, 219, 167, 247, 253, 7, 44, 69, 211, 194, 211, 243, 94,
       155, 162, 117, 47, 83, 238, 56, 182, 210, 235, 121, 56, 202, 187,
       255, 181, 185, 140, 254, 79, 255, 167, 255, 255, 146, 54, 71, 234,
       226, 31, 83, 91, 191, 130, 117, 15, 215, 73, 128, 249, 165, 52,
       138, 105, 19, 127, 105, 86, 196, 183, 3, 144, 112, 102, 173, 124,
       157, 135, 152, 197, 79, 206, 237, 50, 192, 172, 136, 73, 25, 238,
       52, 150, 176, 233, 124, 124, 135, 187, 191, 183, 61, 142, 191, 78,
       159, 167, 223, 253, 17, 62, 94, 218, 194, 223, 211, 93, 255, 194,
       117, 143, 87, 9, 26, 115, 75, 112, 175, 233, 18, 109, 13, 127,
       228, 191, 7, 148, 52, 46, 57, 78, 12, 129, 184, 101, 93, 70, 253,
       50, 192, 94, 131, 67, 177, 42, 180, 176, 251, 253, 253, 176, 207,
       95, 127, 125, 49, 140, 252, 110, 136, 223, 27, 163, 17, 22, 122,
       91, 215, 79, 87, 23, 111, 218, 76, 143, 215, 42, 143, 107, 186,
       247, 227, 187, 231, 159, 77, 92, 163, 172, 237, 54, 64, 255, 123,
       151, 149, 178, 187, 42, 255, 127, 87, 143, 203, 151, 78, 245, 251,
       42, 182, 176, 83, 249, 253, 180, 207, 27, 63, 61, 25, 140, 189,
       78, 156, 143, 27, 243, 16, 22, 122, 250, 243, 15, 94, 21, 127,
       210, 76, 207, 223, 10, 149, 52, 187, 245, 245, 189, 239, 31, 29,
       94, 21, 172, 190, 42, 64, 205, 27, 179, 17, 50, 152, 115, 247,
       239, 119, 158, 75, 146, 76, 181, 219, 126, 112, 243, 228, 103, 92,
       125, 80, 41, 234, 246, 171, 95, 31, 215, 190, 254, 213, 245, 231,
       201, 119, 183, 192, 215, 249, 239, 143, 103, 247, 103, 115, 49,
       133, 79, 97, 148, 31, 226, 48, 116, 97, 227, 64, 211, 32, 20, 113,
       88, 196, 74, 108, 185, 184, 117, 44, 37, 239, 64, 68, 201, 169,
       80, 160, 93, 86, 81, 101, 50, 26, 107, 56, 101, 232, 127, 228, 93,
       7, 153, 245, 54, 212, 188, 238, 201, 144, 37, 204, 164, 232, 34,
       132, 46, 167, 33, 117, 176, 68, 108, 93, 124, 75, 195, 120, 85,
       102, 245, 186, 83, 5, 158, 53, 88, 140, 67, 106, 104, 246, 109,
       31, 119, 139, 65, 53, 119, 169, 86, 240, 184, 4, 121, 245, 214,
       98, 255, 79, 21, 34, 250, 179, 83, 63, 9, 73, 127, 215, 151, 160,
       56, 246, 65, 206, 247, 231, 180, 133, 229, 249, 228, 162, 172, 6,
       110, 125, 100, 122, 89, 50, 84, 222, 247, 155, 83, 45, 151, 73,
       89, 238, 135, 46, 40, 246, 101, 142, 71, 235, 240, 145, 103, 233,
       92, 242, 114, 231, 149, 178, 169, 217, 20, 239, 171, 177, 136,
       105, 166, 184, 72, 150, 129, 135, 236, 17, 78, 107, 202, 53, 184,
       208, 85, 127, 192, 4, 143, 14, 56, 16, 27, 44, 19, 205, 48, 103,
       236, 0, 234, 8, 54, 144, 0, 48, 160, 56, 202, 0, 1, 185, 48, 29,
       145, 225, 16, 18, 72, 2, 102, 42, 138, 176, 17, 185, 125, 237,
       184, 75, 31, 121, 84, 27, 140, 157, 114, 76, 207, 25, 147, 17, 23,
       62, 83, 213, 79, 85, 154, 239, 150, 12, 21, 219, 149, 79, 79, 255,
       110, 138, 111, 248, 124, 130, 242, 230, 243, 227, 177, 97, 122,
       236, 46, 238, 233, 180, 207, 239, 244, 170, 231, 128, 61, 187,
       113, 160, 53, 239, 207, 127, 148, 138, 111, 252, 118, 161, 251,
       230, 115, 97, 153, 112, 123, 238, 46, 254, 251, 248, 77, 63, 252,
       174, 165, 196, 237, 251, 240, 40, 89, 150, 127, 45, 178, 42, 121,
       63, 104, 73, 126, 247, 93, 47, 154, 112, 55, 135, 61, 173, 181,
       152, 37, 78, 254, 239, 58, 196, 237, 194, 161, 113, 81, 205, 93,
       101, 50, 14, 71, 52, 100, 160, 106, 96, 247, 51, 128, 115, 54,
       244, 124, 106, 201, 184, 5, 13, 160, 168, 100, 16, 40, 178, 64,
       41, 238, 85, 112, 202, 237, 253, 220, 213, 139, 124, 188, 59, 138,
       157, 127, 170, 207, 147, 215, 83, 222, 35, 122, 242, 51, 88, 140,
       251, 87, 94, 222, 95, 126, 191, 230, 151, 149, 30, 238, 236, 63,
       247, 255, 30, 110, 110, 31, 255, 255, 223, 255, 243, 249, 251,
       249, 237, 191, 183, 207, 215, 239, 127, 255, 212, 7, 6, 235, 129,
       230, 34, 175, 87, 52, 75, 90, 246, 145, 46, 183, 108, 127, 143,
       23, 189, 145, 144, 37, 194, 36, 46, 190, 132, 173, 241, 177, 245,
       78, 40, 186, 244, 231, 104, 185, 66, 186, 191, 95, 187, 204, 191,
       99, 74, 163, 127, 251, 145, 16, 213, 162, 194, 93, 119, 255, 131,
       134, 117, 39, 227, 43, 221, 34, 154, 221, 215, 254, 231, 151, 76,
       220, 135, 40, 220, 54, 228, 217, 171, 147, 197, 255, 171, 62, 255,
       59, 93, 142, 235, 31, 14, 252, 222, 43, 237, 98, 72, 85, 215, 231,
       239, 87, 0, 252, 10, 56, 152, 182, 164, 120, 170, 18, 232, 203,
       186, 116, 255, 127, 92, 135, 105, 87, 12, 250, 174, 185, 99, 239,
       228, 166, 10, 109, 89, 85, 234, 215, 238, 115, 201, 153, 35, 126,
       228, 124, 238, 233, 247, 173, 138, 242, 203, 229, 128, 47, 250,
       112, 33, 3, 255, 123, 239, 126, 143, 191, 244, 159, 232, 120, 230,
       253, 223, 181, 32, 254, 121, 87, 239, 195, 179, 76, 255, 116, 28,
       175, 168, 93, 186, 51, 185, 133, 239, 91, 235, 126, 139, 235, 252,
       158, 0, 122, 198, 253, 203, 185, 96, 126, 233, 95, 239, 227, 176,
       79, 255, 244, 140, 175, 168, 125, 187, 113, 185, 255, 247, 127,
       236, 125, 93, 95, 250, 143, 220, 252, 237, 123, 253, 255, 54, 223,
       249, 253, 100, 239, 35, 242, 223, 251, 249, 165, 190, 95, 252,
       126, 247, 228, 68, 142, 143, 72, 9, 38, 232, 164, 130, 227, 138,
       214, 98, 9, 91, 104, 196, 106, 226, 104, 71, 203, 104, 180, 34,
       207, 28, 16, 123, 32, 0, 237, 60, 248, 115, 177, 126, 91, 178,
       121, 111, 63, 188, 219, 61, 159, 189, 151, 86, 213, 46, 188, 244,
       125, 174, 79, 223, 112, 149, 230, 247, 78, 113, 109, 7, 65, 69,
       100, 62, 70, 184, 97, 232, 255, 76, 195, 97, 153, 183, 24, 196,
       100, 110, 201, 240, 237, 8, 38, 248, 97, 148, 74, 255, 82, 37,
       116, 73, 93, 175, 20, 10, 98, 168, 108, 128, 171, 10, 211, 67, 9,
       80, 120, 196, 106, 226, 8, 163, 89, 108, 181, 166, 131, 20, 96,
       59, 96, 2, 255, 115, 237, 115, 32, 204, 221, 145, 121, 92, 119,
       237, 123, 93, 223, 249, 150, 189, 245, 71, 207, 212, 239, 192,
       130, 249, 100, 150, 111, 150, 90, 87, 17, 135, 74, 37, 48, 10,
       106, 59, 116, 32, 106, 196, 211, 35, 144, 112, 114, 78, 12, 44,
       121, 152, 69, 15, 164, 174, 162, 0, 44, 130, 64, 40, 40, 237, 115,
       232, 117, 221, 115, 119, 75, 4, 124, 10, 43, 153, 116, 180, 120,
       186, 151, 88, 74, 58, 160, 255, 127, 221, 128, 107, 115, 138, 118,
       170, 200, 240, 110, 127, 105, 213, 125, 223, 182, 95, 117, 181,
       189, 215, 10, 219, 71, 59, 255, 140, 227, 70, 250, 147, 71, 235,
       254, 137, 58, 148, 174, 251, 62, 150, 236, 94, 191, 118, 87, 191,
       83, 238, 60, 55, 122, 125, 190, 23, 21, 246, 181, 32, 188, 201,
       61, 175, 107, 95, 245, 215, 255, 236, 220, 91, 6, 126, 229, 141,
       138, 99, 191, 206, 134, 182, 152, 231, 213, 126, 225, 75, 111, 87,
       251, 227, 97, 65, 79, 240, 100, 2, 239, 180, 189, 249, 53, 241,
       22, 147, 213, 171, 170, 98, 15, 152, 6, 119, 155, 242, 213, 103,
       137, 74, 87, 87, 189, 242, 27, 192, 79, 148, 200, 166, 239, 196,
       180, 243, 165, 113, 10, 175, 34, 187, 183, 241, 190, 231, 159, 77,
       92, 163, 172, 239, 34, 132, 235, 123, 155, 145, 50, 153, 42, 255,
       239, 87, 159, 235, 150, 94, 189, 250, 56, 157, 123, 110, 117, 207,
       119, 247, 68, 72, 127, 70, 123, 125, 34, 112, 124, 242, 151, 106,
       217, 186, 56, 63, 107, 239, 36, 64, 123, 138, 228, 251, 164, 78,
       127, 83, 116, 75, 103, 240, 125, 150, 119, 48, 211, 67, 183, 63,
       42, 104, 70, 106, 104, 244, 45, 110, 102, 155, 101, 0, 99, 185,
       70, 224, 149, 77, 93, 115, 148, 46, 230, 183, 116, 66, 107, 18,
       211, 113, 25, 105, 121, 198, 42, 126, 251, 180, 57, 110, 237, 175,
       6, 68, 233, 219, 208, 32, 3, 159, 99, 159, 116, 150, 234, 50, 124,
       73, 91, 230, 241, 252, 176, 228, 126, 42, 22, 205, 151, 152, 45,
