%YAML:1.0
---
descriptors: !!opencv-matrix
   rows: 186
   cols: 32
   dt: u
   data: [ 80, 135, 69, 197, 154, 66, 79, 191, 5, 224, 138, 234, 83, 103,
       136, 247, 54, 214, 92, 234, 121, 73, 73, 29, 184, 162, 165, 212,
       46, 162, 180, 56, 98, 184, 173, 21, 72, 72, 164, 7, 138, 243, 194,
       239, 176, 172, 84, 74, 201, 119, 107, 133, 209, 124, 211, 64, 13,
       34, 255, 24, 205, 104, 149, 122, 218, 24, 158, 244, 43, 192, 56,
       7, 175, 191, 134, 49, 172, 183, 66, 91, 230, 55, 253, 128, 96, 77,
       131, 192, 211, 243, 90, 147, 130, 64, 173, 11, 248, 156, 173, 248,
       13, 245, 81, 90, 151, 95, 228, 19, 63, 189, 50, 200, 201, 147,
       191, 1, 62, 47, 115, 183, 219, 247, 80, 93, 243, 13, 116, 82, 40,
       50, 25, 97, 112, 143, 97, 23, 36, 41, 119, 104, 159, 23, 128, 180,
       12, 156, 198, 24, 3, 184, 97, 4, 71, 205, 48, 192, 74, 136, 66,
       185, 244, 236, 157, 101, 136, 110, 71, 178, 114, 178, 170, 24,
       215, 51, 65, 51, 129, 244, 104, 106, 105, 245, 217, 42, 233, 175,
       101, 52, 192, 113, 194, 34, 9, 219, 39, 91, 180, 203, 173, 159,
       126, 125, 114, 246, 249, 212, 188, 236, 123, 42, 54, 28, 211, 248,
       45, 117, 44, 47, 182, 196, 213, 88, 213, 249, 229, 236, 21, 103,
       12, 15, 71, 184, 114, 162, 161, 8, 243, 113, 9, 51, 24, 196, 104,
       106, 104, 102, 217, 47, 229, 170, 69, 52, 96, 187, 66, 32, 59,
       120, 239, 84, 85, 222, 177, 80, 90, 228, 118, 143, 58, 156, 118,
       166, 188, 188, 179, 5, 197, 251, 180, 205, 91, 91, 83, 39, 79, 44,
       127, 254, 210, 50, 215, 177, 162, 42, 56, 23, 171, 123, 50, 245,
       143, 47, 200, 219, 167, 151, 237, 148, 181, 212, 193, 194, 158,
       246, 122, 198, 174, 196, 139, 29, 162, 162, 172, 16, 236, 189,
       200, 203, 223, 253, 180, 153, 162, 200, 222, 26, 137, 130, 111,
       29, 190, 111, 234, 211, 14, 30, 21, 255, 196, 204, 222, 196, 9,
       205, 123, 95, 116, 143, 239, 246, 116, 9, 126, 68, 243, 67, 177,
       48, 126, 106, 22, 76, 227, 184, 53, 63, 100, 175, 54, 128, 83,
       153, 98, 169, 51, 159, 2, 142, 254, 147, 151, 253, 71, 76, 248,
       239, 98, 232, 182, 196, 222, 234, 134, 103, 223, 187, 12, 191, 56,
       52, 37, 210, 223, 31, 184, 221, 168, 169, 235, 89, 229, 249, 225,
       207, 95, 95, 116, 48, 186, 156, 246, 45, 201, 10, 150, 24, 178,
       124, 34, 209, 79, 25, 54, 239, 215, 72, 244, 239, 37, 20, 94, 206,
       60, 179, 74, 184, 196, 8, 249, 102, 241, 242, 189, 96, 94, 224,
       30, 238, 143, 3, 126, 191, 104, 174, 163, 152, 188, 171, 120, 5,
       216, 197, 60, 248, 137, 205, 21, 175, 158, 55, 166, 25, 206, 55,
       42, 91, 129, 19, 233, 0, 122, 77, 91, 23, 235, 243, 84, 119, 16,
       8, 133, 42, 244, 173, 157, 101, 152, 79, 71, 175, 226, 181, 168,
       24, 247, 241, 64, 50, 129, 94, 104, 90, 122, 109, 219, 51, 233,
       129, 5, 117, 192, 112, 198, 42, 221, 20, 239, 197, 46, 50, 239,
       48, 244, 226, 215, 246, 217, 167, 183, 107, 118, 228, 127, 175,
       161, 213, 165, 74, 86, 43, 239, 132, 47, 225, 113, 113, 49, 221,
       75, 237, 180, 135, 111, 247, 84, 202, 218, 70, 115, 241, 177, 96,
       125, 234, 22, 110, 233, 184, 53, 62, 168, 174, 167, 128, 61, 250,
       240, 249, 27, 178, 210, 217, 51, 191, 56, 83, 63, 73, 127, 214,
       173, 143, 166, 236, 55, 27, 150, 148, 151, 184, 33, 215, 142, 119,
       18, 195, 238, 132, 171, 181, 116, 36, 157, 116, 136, 107, 85, 143,
       178, 179, 162, 56, 215, 115, 73, 91, 1, 214, 108, 50, 56, 69, 203,
       32, 217, 163, 117, 61, 224, 113, 135, 34, 212, 104, 157, 247, 8,
       205, 81, 8, 190, 179, 163, 24, 215, 211, 65, 26, 161, 244, 108,
       16, 42, 101, 219, 50, 217, 199, 119, 116, 128, 33, 7, 34, 43, 141,
       98, 14, 254, 147, 158, 236, 206, 64, 220, 175, 237, 232, 182, 228,
       94, 107, 95, 239, 212, 139, 46, 253, 58, 28, 45, 216, 95, 191,
       185, 204, 11, 255, 2, 155, 251, 149, 44, 231, 175, 93, 204, 229,
       172, 194, 162, 196, 230, 43, 234, 204, 71, 11, 226, 247, 60, 117,
       158, 139, 26, 20, 169, 221, 89, 34, 245, 229, 52, 10, 120, 19,
       107, 160, 70, 72, 159, 35, 208, 118, 50, 236, 125, 44, 8, 216,
       193, 136, 222, 255, 49, 128, 38, 160, 2, 41, 37, 214, 25, 225,
       180, 47, 71, 191, 84, 234, 123, 76, 215, 49, 153, 112, 93, 206, 4,
       62, 249, 176, 89, 30, 237, 223, 37, 20, 216, 251, 210, 49, 165,
       54, 157, 101, 100, 47, 111, 56, 120, 234, 115, 120, 215, 123, 137,
       57, 159, 77, 102, 46, 225, 244, 201, 14, 229, 186, 103, 132, 72,
       241, 67, 161, 252, 64, 180, 118, 13, 77, 69, 188, 227, 182, 166,
       8, 211, 113, 75, 31, 17, 196, 236, 106, 72, 103, 219, 34, 211,
       243, 85, 61, 98, 191, 86, 106, 18, 50, 229, 129, 66, 107, 185,
       115, 45, 231, 210, 239, 9, 44, 150, 27, 46, 149, 255, 165, 128,
       221, 37, 204, 20, 2, 250, 133, 229, 164, 39, 247, 45, 81, 49, 79,
       117, 15, 71, 48, 65, 232, 239, 76, 211, 17, 25, 52, 88, 204, 84,
       110, 201, 178, 113, 44, 101, 252, 1, 16, 74, 187, 82, 160, 13,
       116, 27, 111, 112, 78, 119, 84, 60, 8, 123, 64, 254, 83, 1, 112,
       182, 60, 86, 106, 65, 144, 17, 14, 229, 189, 32, 0, 72, 242, 35,
       163, 74, 186, 146, 240, 107, 236, 56, 71, 171, 29, 0, 57, 172,
       159, 96, 218, 167, 59, 255, 16, 22, 75, 130, 241, 159, 213, 26,
       235, 130, 4, 15, 27, 235, 180, 57, 67, 185, 125, 83, 156, 87, 127,
       189, 56, 90, 23, 206, 117, 145, 30, 223, 58, 187, 5, 249, 183,
       111, 93, 48, 254, 26, 207, 196, 119, 25, 219, 231, 91, 183, 155,
       237, 183, 119, 109, 118, 230, 233, 229, 184, 228, 119, 106, 182,
       92, 227, 184, 45, 191, 46, 255, 54, 192, 127, 156, 245, 253, 170,
       158, 116, 89, 211, 183, 176, 215, 223, 23, 100, 23, 44, 155, 38,
       137, 207, 59, 131, 17, 54, 254, 18, 255, 79, 219, 82, 99, 211, 76,
       236, 143, 189, 78, 65, 187, 30, 161, 79, 216, 86, 2, 216, 198,
       243, 64, 185, 64, 91, 234, 14, 238, 234, 6, 79, 191, 228, 174,
       163, 56, 53, 251, 80, 0, 195, 182, 191, 145, 162, 252, 57, 23,
       190, 127, 23, 245, 156, 54, 194, 123, 167, 23, 255, 149, 179, 217,
       167, 192, 204, 51, 126, 194, 140, 196, 163, 125, 17, 207, 11, 175,
       52, 163, 79, 246, 4, 8, 218, 102, 247, 99, 176, 64, 126, 106, 31,
       108, 137, 185, 9, 63, 232, 167, 167, 128, 52, 218, 49, 41, 138,
       157, 126, 126, 226, 221, 253, 119, 189, 71, 126, 147, 61, 191, 46,
       33, 167, 59, 243, 136, 242, 189, 50, 247, 119, 255, 82, 1, 103,
       192, 231, 251, 10, 143, 230, 223, 223, 210, 188, 167, 159, 87, 94,
       147, 104, 238, 190, 238, 231, 119, 179, 145, 182, 216, 175, 225,
       15, 126, 222, 195, 151, 196, 188, 206, 51, 141, 254, 94, 246, 250,
       182, 103, 220, 68, 122, 163, 105, 232, 182, 112, 122, 255, 162,
       163, 116, 186, 46, 239, 118, 47, 100, 139, 125, 238, 249, 220, 13,
       89, 115, 71, 118, 219, 238, 80, 125, 192, 115, 226, 121, 220, 181,
       228, 126, 124, 182, 234, 193, 181, 45, 238, 55, 254, 34, 130, 103,
       191, 101, 245, 26, 220, 171, 252, 181, 226, 191, 247, 182, 5, 222,
       50, 120, 255, 160, 96, 249, 251, 27, 144, 58, 155, 48, 255, 249,
       231, 158, 195, 149, 82, 180, 234, 3, 162, 250, 217, 115, 183, 250,
       82, 63, 77, 126, 135, 12, 206, 182, 236, 247, 171, 151, 156, 150,
       185, 52, 215, 30, 126, 154, 195, 255, 134, 41, 213, 75, 255, 34,
       24, 251, 209, 188, 231, 191, 77, 220, 173, 172, 142, 166, 212,
       230, 43, 239, 133, 230, 11, 230, 247, 182, 117, 158, 187, 18, 20,
       175, 223, 11, 93, 35, 12, 9, 253, 226, 70, 237, 72, 252, 76, 186,
       212, 183, 180, 168, 96, 222, 78, 199, 41, 166, 123, 51, 125, 32,
       154, 91, 87, 107, 253, 120, 33, 83, 229, 112, 10, 104, 17, 97,
       161, 103, 72, 159, 3, 144, 116, 114, 140, 124, 200, 9, 144, 197,
       196, 214, 253, 32, 0, 46, 130, 98, 32, 201, 12, 174, 253, 132,
       166, 233, 23, 244, 27, 214, 18, 153, 175, 48, 107, 229, 54, 123,
       157, 176, 221, 179, 192, 71, 251, 250, 64, 130, 192, 241, 40, 185,
