%YAML:1.0
---
descriptors: !!opencv-matrix
   rows: 204
   cols: 32
   dt: u
   data: [ 91, 148, 227, 173, 183, 102, 123, 119, 49, 71, 219, 39, 125,
       191, 16, 84, 115, 239, 125, 173, 176, 153, 181, 207, 241, 238,
       186, 128, 175, 230, 183, 123, 41, 148, 57, 101, 85, 79, 99, 59,
       117, 224, 110, 8, 147, 53, 16, 48, 88, 140, 64, 40, 9, 186, 113,
       14, 239, 237, 1, 4, 99, 170, 66, 170, 72, 185, 153, 103, 184, 204,
       115, 21, 170, 9, 43, 72, 183, 215, 64, 16, 164, 117, 109, 88, 83,
       9, 155, 49, 237, 253, 36, 24, 64, 2, 131, 43, 64, 50, 25, 173,
       104, 14, 121, 24, 40, 40, 194, 233, 151, 151, 1, 80, 150, 157,
       125, 108, 0, 147, 193, 8, 212, 225, 41, 184, 40, 130, 2, 83, 218,
       54, 214, 177, 34, 42, 56, 23, 189, 123, 50, 245, 141, 47, 200,
       218, 167, 21, 237, 144, 181, 212, 129, 194, 142, 247, 122, 198,
       174, 196, 139, 19, 249, 135, 78, 103, 56, 10, 79, 57, 33, 236,
       175, 172, 243, 99, 154, 119, 86, 196, 124, 234, 248, 195, 237, 45,
       242, 235, 224, 144, 106, 163, 234, 80, 10, 188, 115, 188, 87, 193,
       185, 103, 188, 197, 88, 163, 60, 158, 36, 0, 238, 187, 147, 145,
       96, 187, 16, 255, 117, 38, 190, 10, 5, 8, 167, 218, 16, 253, 27,
       189, 210, 199, 166, 119, 182, 128, 78, 66, 180, 247, 33, 196, 242,
       123, 51, 25, 65, 217, 146, 255, 169, 229, 15, 74, 0, 56, 45, 187,
       41, 184, 148, 89, 201, 253, 112, 207, 239, 123, 164, 24, 158, 154,
       68, 190, 137, 27, 242, 16, 23, 111, 242, 209, 15, 220, 81, 127,
       218, 64, 203, 158, 136, 157, 127, 85, 230, 217, 189, 55, 253, 110,
       118, 56, 191, 157, 182, 33, 166, 59, 255, 9, 241, 252, 32, 255,
       103, 59, 116, 131, 70, 136, 135, 249, 168, 120, 61, 120, 173, 221,
       208, 95, 206, 253, 180, 29, 155, 156, 119, 24, 201, 25, 215, 81,
       206, 111, 114, 144, 203, 217, 117, 127, 208, 28, 198, 219, 181,
       76, 127, 94, 85, 198, 199, 112, 213, 194, 229, 16, 115, 81, 53,
       117, 72, 236, 82, 106, 105, 247, 120, 46, 115, 170, 64, 16, 115,
       185, 118, 232, 244, 233, 156, 127, 24, 79, 71, 173, 226, 177, 166,
       24, 247, 113, 8, 19, 129, 84, 104, 122, 106, 97, 219, 61, 233,
       227, 101, 53, 64, 50, 198, 42, 84, 237, 157, 117, 128, 76, 103,
       135, 250, 179, 42, 24, 247, 243, 73, 122, 129, 86, 104, 24, 122,
       120, 219, 33, 237, 166, 117, 116, 192, 112, 194, 42, 69, 232, 157,
       117, 136, 78, 103, 178, 242, 178, 162, 8, 215, 179, 65, 114, 129,
       244, 104, 74, 73, 124, 217, 42, 237, 175, 101, 52, 192, 113, 66,
       34, 24, 223, 126, 46, 170, 67, 159, 253, 164, 206, 252, 227, 125,
       255, 162, 33, 126, 243, 215, 227, 236, 131, 12, 125, 240, 227,
       239, 128, 125, 242, 167, 155, 3, 227, 151, 91, 201, 249, 172, 207,
       238, 115, 88, 210, 132, 204, 252, 237, 235, 27, 106, 145, 215,
       120, 255, 209, 44, 16, 94, 110, 212, 88, 169, 148, 27, 152, 147,
       189, 151, 230, 187, 215, 62, 75, 82, 86, 60, 255, 32, 108, 255,
       127, 51, 149, 179, 156, 49, 251, 157, 230, 154, 194, 171, 65, 161,
       185, 3, 245, 181, 219, 237, 157, 173, 239, 143, 61, 56, 126, 172,
       254, 252, 167, 239, 27, 123, 5, 211, 107, 250, 209, 45, 24, 222,
       238, 156, 92, 193, 253, 245, 124, 142, 158, 158, 162, 3, 200, 180,
       146, 194, 34, 246, 226, 43, 91, 121, 228, 168, 243, 107, 199, 203,
       111, 248, 34, 207, 88, 1, 49, 48, 48, 90, 120, 182, 240, 43, 252,
       48, 71, 175, 159, 134, 57, 172, 159, 98, 91, 167, 51, 253, 17, 2,
       77, 130, 193, 219, 211, 94, 187, 130, 84, 135, 91, 204, 36, 149,
       117, 136, 111, 69, 155, 114, 178, 162, 24, 215, 115, 73, 187, 17,
       214, 104, 56, 41, 102, 211, 2, 141, 170, 85, 28, 224, 112, 66, 40,
       241, 93, 95, 222, 242, 210, 102, 253, 244, 64, 238, 98, 113, 242,
       172, 241, 114, 244, 62, 234, 233, 171, 52, 237, 50, 171, 230, 8,
       57, 178, 232, 61, 160, 255, 123, 252, 244, 199, 231, 247, 84, 206,
       124, 34, 49, 253, 160, 32, 120, 122, 6, 202, 249, 186, 48, 111,
       121, 141, 38, 0, 65, 248, 246, 249, 7, 205, 46, 158, 219, 209,
       190, 231, 222, 67, 76, 130, 173, 252, 54, 224, 227, 107, 187, 195,
       70, 136, 62, 255, 175, 103, 207, 139, 20, 124, 185, 206, 141, 20,
       189, 101, 160, 110, 117, 56, 116, 170, 119, 80, 215, 119, 9, 121,
       181, 93, 125, 40, 161, 244, 113, 14, 231, 251, 101, 4, 224, 240,
       227, 163, 34, 207, 82, 140, 210, 128, 46, 111, 53, 5, 200, 231,
       36, 163, 36, 212, 126, 187, 130, 128, 64, 155, 6, 127, 52, 36,
       158, 10, 57, 144, 167, 140, 61, 93, 95, 111, 50, 207, 87, 240,
       101, 72, 255, 64, 119, 119, 33, 17, 62, 240, 21, 110, 233, 169,
       25, 63, 227, 239, 32, 0, 123, 179, 98, 35, 102, 162, 168, 17, 236,
       233, 232, 203, 159, 125, 176, 185, 130, 140, 214, 26, 137, 138,
       111, 21, 30, 111, 226, 81, 78, 18, 49, 253, 212, 204, 214, 197,
       41, 50, 25, 97, 112, 143, 97, 20, 36, 41, 119, 124, 191, 23, 128,
       48, 12, 28, 102, 8, 25, 184, 113, 4, 197, 205, 48, 192, 74, 136,
       66, 185, 120, 204, 62, 252, 13, 196, 85, 174, 198, 22, 196, 0,
       230, 241, 32, 91, 193, 114, 233, 66, 104, 111, 90, 189, 243, 243,
       214, 27, 16, 120, 244, 42, 184, 88, 189, 186, 45, 205, 80, 214,
       151, 125, 180, 25, 190, 157, 99, 11, 201, 177, 255, 17, 14, 111,
       114, 177, 211, 211, 112, 123, 240, 28, 76, 91, 245, 131, 108, 102,
       40, 30, 79, 184, 225, 220, 183, 28, 211, 103, 158, 115, 28, 196,
       108, 238, 248, 227, 237, 45, 243, 251, 225, 148, 96, 163, 70, 113,
       33, 49, 57, 109, 84, 79, 65, 24, 118, 232, 228, 76, 147, 17, 16,
       48, 216, 140, 82, 108, 137, 178, 113, 28, 71, 189, 1, 52, 72, 170,
       82, 160, 90, 52, 56, 174, 123, 116, 91, 82, 169, 111, 157, 189,
       15, 63, 130, 158, 167, 151, 253, 128, 157, 15, 179, 247, 211, 247,
       56, 251, 170, 71, 175, 119, 220, 180, 149, 116, 138, 42, 21, 168,
       162, 178, 163, 120, 215, 115, 73, 91, 3, 213, 108, 34, 40, 65,
       203, 0, 217, 226, 101, 28, 168, 113, 7, 35, 49, 221, 75, 237, 180,
       135, 111, 247, 84, 202, 218, 102, 115, 241, 177, 96, 127, 238, 30,
       238, 233, 184, 53, 62, 160, 174, 167, 128, 61, 250, 240, 121, 90,
       149, 247, 204, 183, 242, 123, 115, 37, 77, 222, 102, 109, 119,
       144, 244, 119, 247, 221, 172, 153, 153, 49, 207, 187, 126, 170,
       194, 167, 198, 166, 125, 64, 50, 25, 161, 98, 14, 121, 17, 44, 41,
       67, 96, 151, 23, 0, 88, 166, 29, 125, 9, 1, 152, 193, 0, 197, 165,
       58, 128, 40, 130, 3, 51, 58, 142, 42, 170, 245, 243, 246, 230, 21,
       15, 220, 231, 96, 237, 178, 192, 253, 250, 135, 161, 156, 187, 8,
       255, 250, 71, 174, 195, 183, 223, 252, 203, 2, 189, 123, 187, 86,
       193, 171, 103, 20, 65, 216, 162, 181, 255, 32, 64, 126, 187, 19,
       129, 19, 154, 18, 253, 181, 167, 154, 200, 53, 8, 167, 186, 17,
       189, 26, 253, 18, 135, 54, 127, 22, 128, 202, 66, 53, 243, 32, 96,
       114, 187, 26, 136, 99, 153, 19, 127, 249, 166, 22, 72, 56, 2, 169,
       186, 171, 124, 43, 84, 77, 244, 251, 119, 201, 204, 254, 6, 56,
       220, 118, 38, 140, 49, 243, 13, 195, 175, 178, 207, 67, 121, 0,
       42, 67, 12, 124, 254, 58, 249, 43, 186, 87, 193, 95, 246, 19, 69,
       88, 171, 55, 223, 96, 0, 255, 251, 151, 193, 79, 26, 186, 181,
       251, 197, 188, 235, 52, 24, 182, 250, 66, 58, 146, 176, 107, 224,
       48, 71, 175, 29, 130, 185, 172, 191, 100, 90, 167, 59, 235, 17,
       18, 75, 146, 241, 155, 84, 90, 251, 128, 68, 39, 91, 146, 9, 108,
       249, 15, 141, 124, 71, 15, 16, 98, 3, 58, 157, 52, 112, 228, 187,
       151, 65, 202, 152, 66, 241, 151, 88, 18, 2, 49, 12, 112, 170, 168,
       236, 62, 122, 93, 217, 151, 231, 223, 23, 244, 18, 170, 216, 36,
       1, 201, 123, 195, 1, 122, 239, 90, 189, 107, 211, 22, 123, 81, 8,
       253, 174, 231, 107, 220, 80, 236, 31, 92, 201, 203, 186, 180, 56,
       2, 10, 215, 59, 238, 197, 110, 126, 236, 103, 235, 88, 22, 24,
       101, 191, 89, 177, 234, 5, 203, 30, 239, 221, 38, 182, 185, 19,
