%YAML:1.0
---
descriptors: !!opencv-matrix
   rows: 228
   cols: 32
   dt: u
   data: [ 161, 173, 156, 186, 221, 165, 133, 207, 158, 19, 136, 24, 180,
       242, 104, 129, 201, 27, 123, 25, 114, 78, 90, 247, 109, 22, 223,
       124, 152, 88, 153, 170, 32, 5, 215, 204, 124, 3, 202, 107, 94,
       161, 176, 202, 117, 98, 48, 0, 251, 101, 2, 169, 32, 235, 9, 95,
       56, 142, 223, 60, 156, 168, 33, 136, 51, 115, 102, 203, 126, 31,
       122, 84, 69, 105, 215, 227, 43, 157, 180, 100, 238, 156, 127, 207,
       140, 186, 101, 160, 118, 120, 176, 130, 55, 159, 244, 247, 101,
       149, 241, 71, 213, 110, 235, 187, 121, 231, 111, 28, 211, 97, 28,
       54, 25, 198, 66, 60, 185, 184, 249, 46, 109, 190, 4, 4, 203, 227,
       198, 240, 224, 128, 167, 125, 101, 237, 225, 19, 254, 91, 115, 92,
       178, 169, 80, 74, 137, 46, 98, 29, 19, 124, 211, 67, 69, 190, 112,
       72, 200, 8, 83, 186, 35, 134, 36, 27, 253, 189, 224, 63, 223, 127,
       252, 93, 162, 232, 30, 157, 201, 34, 114, 13, 182, 122, 83, 183,
       15, 126, 80, 122, 218, 76, 218, 204, 211, 143, 15, 191, 48, 166,
       175, 51, 48, 74, 91, 244, 245, 103, 176, 81, 55, 103, 117, 173,
       177, 216, 131, 79, 228, 174, 234, 192, 44, 224, 179, 185, 71, 8,
       135, 153, 155, 244, 184, 134, 175, 83, 138, 17, 140, 190, 103,
       238, 225, 55, 251, 149, 23, 77, 51, 245, 29, 54, 218, 66, 144, 69,
       161, 126, 177, 89, 123, 222, 84, 198, 103, 244, 213, 4, 228, 2,
       115, 209, 57, 117, 120, 248, 18, 234, 105, 179, 56, 175, 115, 169,
       128, 8, 123, 187, 116, 232, 58, 156, 43, 220, 213, 246, 191, 230,
       148, 7, 222, 18, 120, 254, 38, 96, 249, 251, 147, 129, 56, 159,
       50, 255, 121, 39, 154, 75, 145, 73, 188, 234, 213, 207, 141, 183,
       140, 10, 175, 164, 92, 178, 146, 210, 215, 98, 25, 75, 99, 71,
       108, 231, 121, 245, 77, 40, 224, 163, 255, 20, 188, 123, 161, 0,
       96, 51, 88, 236, 104, 15, 91, 24, 163, 236, 244, 173, 215, 215, 3,
       16, 22, 181, 125, 110, 72, 3, 194, 24, 211, 169, 41, 184, 32, 163,
       6, 83, 24, 189, 179, 188, 215, 199, 183, 231, 158, 133, 74, 67,
       188, 255, 97, 192, 242, 123, 51, 209, 17, 216, 146, 254, 253, 196,
       15, 72, 128, 42, 37, 251, 173, 176, 149, 81, 233, 253, 112, 203,
       255, 59, 36, 24, 158, 147, 76, 191, 129, 27, 226, 24, 51, 110,
       242, 211, 143, 216, 81, 126, 218, 64, 139, 183, 85, 174, 153, 183,
       168, 40, 79, 152, 178, 186, 139, 68, 247, 227, 201, 90, 87, 199,
       124, 255, 57, 64, 203, 42, 232, 167, 239, 220, 168, 243, 1, 33,
       48, 176, 125, 97, 24, 79, 81, 115, 37, 45, 254, 40, 147, 21, 0,
       16, 12, 148, 79, 48, 10, 186, 81, 15, 199, 205, 48, 84, 97, 136,
       70, 187, 53, 92, 75, 171, 148, 135, 206, 252, 86, 72, 218, 70, 83,
       193, 177, 96, 125, 236, 22, 255, 235, 183, 29, 190, 248, 174, 167,
       196, 189, 155, 240, 176, 211, 136, 5, 159, 11, 239, 56, 41, 191,
       82, 195, 145, 252, 118, 14, 219, 161, 39, 123, 135, 103, 205, 27,
       245, 149, 58, 91, 80, 25, 6, 9, 94, 40, 173, 251, 114, 227, 221,
       127, 231, 123, 9, 124, 8, 63, 255, 70, 48, 171, 251, 23, 152, 82,
       122, 186, 241, 127, 221, 20, 107, 227, 210, 235, 203, 139, 156,
       179, 188, 246, 230, 191, 215, 62, 75, 90, 87, 124, 254, 48, 72,
       255, 127, 51, 133, 179, 157, 16, 239, 125, 103, 186, 128, 136, 72,
       161, 217, 116, 252, 157, 119, 136, 111, 86, 188, 171, 187, 163,
       88, 215, 243, 72, 59, 129, 214, 108, 18, 121, 109, 219, 34, 235,
       214, 117, 126, 224, 115, 135, 35, 134, 237, 151, 158, 198, 128,
       188, 207, 190, 18, 90, 66, 124, 226, 105, 74, 119, 91, 42, 195,
       66, 213, 142, 227, 52, 34, 223, 142, 37, 112, 161, 137, 219, 159,
       44, 154, 187, 244, 24, 199, 159, 89, 222, 179, 44, 174, 62, 228,
       231, 179, 191, 149, 159, 11, 38, 247, 155, 117, 154, 203, 158, 68,
       189, 95, 217, 77, 111, 254, 12, 6, 111, 117, 212, 194, 198, 130,
       115, 235, 49, 99, 124, 228, 59, 239, 233, 175, 55, 239, 243, 235,
       194, 8, 61, 187, 240, 56, 64, 250, 153, 180, 40, 8, 91, 184, 162,
       184, 130, 233, 247, 231, 65, 82, 151, 245, 125, 231, 72, 64, 203,
       9, 220, 227, 239, 188, 36, 163, 3, 19, 253, 93, 235, 102, 84, 79,
       71, 184, 33, 238, 174, 12, 87, 117, 25, 51, 16, 228, 92, 110, 233,
       103, 185, 42, 243, 237, 101, 52, 104, 251, 86, 112, 78, 182, 214,
       177, 163, 42, 56, 19, 175, 191, 59, 245, 207, 63, 200, 218, 167,
       23, 237, 16, 52, 220, 193, 194, 206, 247, 122, 199, 170, 196, 143,
       19, 212, 240, 157, 118, 137, 109, 85, 152, 163, 187, 162, 24, 215,
       115, 73, 27, 129, 214, 108, 90, 56, 71, 219, 32, 219, 195, 117,
       116, 192, 113, 134, 34, 176, 233, 234, 236, 196, 196, 239, 245,
       17, 142, 244, 2, 48, 251, 119, 48, 248, 235, 23, 202, 72, 187,
       176, 234, 117, 173, 167, 40, 65, 58, 230, 234, 194, 236, 243, 158,
       234, 0, 190, 239, 187, 146, 24, 226, 44, 254, 101, 66, 167, 123,
       127, 131, 226, 77, 138, 235, 61, 30, 223, 174, 132, 112, 35, 139,
       202, 248, 182, 188, 43, 204, 53, 71, 171, 31, 134, 49, 172, 159,
       98, 91, 167, 51, 237, 1, 34, 77, 146, 193, 211, 243, 94, 187, 130,
       84, 167, 91, 223, 94, 111, 190, 38, 6, 111, 244, 181, 74, 214,
       247, 125, 239, 176, 115, 126, 229, 61, 239, 233, 215, 37, 238,
       242, 235, 238, 128, 45, 183, 177, 121, 68, 237, 157, 117, 128, 76,
       103, 135, 250, 179, 42, 24, 247, 243, 73, 122, 129, 86, 104, 26,
       122, 124, 219, 35, 237, 174, 117, 84, 192, 112, 194, 34, 9, 72,
       243, 93, 97, 220, 99, 80, 105, 64, 96, 8, 191, 134, 165, 253, 162,
       104, 66, 78, 193, 220, 182, 105, 5, 184, 82, 8, 90, 133, 103, 252,
       8, 159, 126, 126, 226, 205, 189, 119, 189, 79, 126, 185, 190, 253,
       38, 33, 167, 59, 247, 0, 240, 253, 34, 231, 119, 255, 118, 131,
       70, 208, 135, 251, 74, 177, 53, 154, 237, 217, 189, 207, 143, 125,
       57, 127, 140, 252, 238, 134, 175, 19, 255, 17, 82, 107, 234, 213,
       60, 80, 31, 254, 158, 76, 135, 247, 101, 20, 181, 71, 213, 126,
       227, 154, 123, 235, 251, 8, 210, 116, 29, 188, 217, 198, 106, 56,
       153, 176, 249, 46, 61, 190, 5, 84, 203, 107, 66, 180, 250, 152,
       171, 184, 29, 228, 80, 91, 151, 95, 197, 19, 63, 221, 58, 72, 233,
       147, 191, 17, 62, 47, 115, 151, 219, 247, 154, 89, 176, 13, 60,
       114, 89, 149, 235, 237, 146, 6, 111, 55, 48, 66, 222, 102, 125,
       55, 144, 114, 119, 231, 125, 174, 249, 157, 181, 79, 240, 239,
       234, 128, 45, 226, 163, 57, 124, 112, 93, 97, 9, 79, 85, 216, 99,
       242, 172, 8, 83, 21, 65, 58, 216, 148, 236, 98, 73, 102, 243, 16,
       211, 217, 69, 63, 106, 59, 70, 50, 116, 48, 169, 104, 93, 109, 81,
       73, 99, 97, 173, 24, 146, 121, 76, 56, 216, 156, 200, 48, 27, 34,
       241, 17, 223, 213, 1, 127, 193, 43, 86, 34, 2, 207, 43, 191, 86,
       193, 191, 231, 30, 69, 88, 163, 165, 172, 50, 64, 234, 59, 131,
       197, 66, 154, 38, 191, 101, 36, 186, 201, 21, 12, 181, 250, 219,
       80, 45, 172, 27, 86, 153, 26, 54, 228, 135, 151, 157, 30, 34, 237,
       246, 149, 189, 173, 173, 69, 51, 222, 211, 235, 155, 151, 62, 4,
       61, 119, 32, 50, 25, 97, 112, 207, 113, 19, 36, 41, 118, 108, 147,
       23, 0, 16, 28, 156, 70, 40, 1, 186, 81, 6, 71, 141, 48, 192, 72,
       136, 70, 187, 42, 156, 186, 254, 245, 242, 183, 231, 150, 7, 222,
       50, 236, 255, 34, 96, 217, 123, 147, 129, 58, 155, 50, 255, 107,
       247, 158, 75, 151, 75, 188, 250, 227, 124, 107, 68, 93, 244, 241,
       99, 201, 204, 190, 30, 58, 220, 118, 36, 136, 48, 250, 12, 231,
       47, 178, 223, 19, 125, 0, 27, 75, 12, 116, 254, 28, 77, 127, 111,
       52, 207, 119, 242, 117, 72, 126, 64, 119, 113, 161, 96, 56, 122,
       4, 110, 201, 184, 9, 63, 227, 239, 32, 0, 115, 179, 96, 169, 195,
       190, 159, 145, 162, 234, 57, 55, 191, 127, 18, 245, 156, 166, 198,
       91, 167, 23, 255, 21, 183, 217, 163, 192, 140, 178, 126, 198, 140,
       64, 163, 125, 161, 169, 249, 89, 229, 249, 241, 199, 95, 93, 124,
