%YAML:1.0
---
descriptors: !!opencv-matrix
   rows: 184
   cols: 32
   dt: u
   data: [ 72, 50, 27, 165, 96, 14, 121, 17, 44, 109, 71, 104, 159, 23,
       128, 88, 166, 29, 125, 12, 1, 152, 193, 0, 196, 225, 58, 132, 34,
       128, 3, 113, 9, 93, 123, 111, 52, 143, 231, 178, 116, 8, 126, 68,
       243, 113, 177, 36, 60, 122, 22, 106, 225, 184, 49, 47, 100, 239,
       36, 0, 123, 187, 64, 185, 41, 50, 81, 97, 112, 15, 97, 17, 109,
       41, 118, 104, 159, 23, 128, 180, 30, 28, 70, 24, 1, 184, 97, 4,
       71, 221, 48, 192, 74, 136, 66, 185, 168, 180, 61, 248, 60, 237,
       25, 186, 159, 89, 148, 57, 159, 223, 10, 41, 141, 147, 253, 17,
       191, 111, 114, 151, 203, 215, 123, 255, 144, 8, 135, 83, 56, 122,
       119, 71, 114, 202, 235, 112, 53, 196, 119, 162, 121, 23, 165, 52,
       126, 252, 23, 234, 161, 180, 45, 238, 102, 238, 34, 128, 103, 179,
       103, 249, 194, 22, 213, 177, 162, 42, 56, 23, 63, 123, 50, 245,
       143, 63, 192, 219, 167, 23, 237, 148, 181, 220, 129, 194, 132,
       246, 122, 198, 142, 196, 139, 25, 171, 184, 148, 80, 233, 253, 48,
       199, 251, 115, 164, 24, 158, 186, 68, 190, 129, 27, 250, 16, 23,
       111, 242, 209, 159, 216, 84, 127, 218, 68, 203, 158, 58, 158, 42,
       186, 180, 243, 150, 230, 148, 15, 222, 163, 96, 253, 162, 64, 217,
       250, 135, 177, 62, 191, 0, 191, 250, 247, 190, 195, 151, 78, 252,
       155, 51, 159, 34, 14, 250, 147, 151, 254, 69, 77, 248, 231, 98,
       236, 166, 196, 222, 106, 134, 101, 221, 187, 12, 191, 56, 52, 37,
       194, 223, 95, 176, 221, 238, 212, 228, 90, 205, 209, 214, 239,
       159, 119, 161, 159, 106, 252, 126, 253, 217, 211, 251, 35, 238,
       103, 127, 247, 59, 118, 213, 127, 87, 124, 252, 86, 252, 229, 157,
       101, 184, 110, 71, 186, 242, 187, 163, 24, 215, 115, 73, 59, 145,
       212, 108, 122, 40, 245, 217, 8, 235, 251, 101, 52, 224, 241, 198,
       34, 8, 252, 27, 239, 48, 206, 115, 180, 60, 8, 122, 64, 255, 87,
       1, 80, 182, 57, 85, 106, 99, 152, 16, 63, 229, 253, 32, 0, 72,
       130, 3, 187, 93, 70, 93, 105, 176, 42, 79, 184, 116, 10, 254, 228,
       211, 67, 137, 112, 119, 196, 108, 234, 169, 180, 109, 62, 226,
       239, 37, 4, 248, 243, 96, 32, 24, 126, 247, 252, 119, 194, 118,
       230, 247, 142, 250, 34, 109, 251, 33, 176, 251, 251, 135, 131, 98,
       255, 32, 253, 243, 247, 118, 131, 35, 49, 39, 171, 88, 204, 28,
       190, 9, 232, 20, 174, 174, 22, 168, 25, 174, 179, 34, 91, 129,
       115, 233, 66, 102, 77, 219, 49, 211, 243, 94, 27, 16, 85, 141, 10,
       122, 52, 62, 166, 43, 240, 25, 114, 169, 103, 173, 189, 46, 39, 2,
       151, 166, 183, 237, 0, 12, 11, 176, 229, 211, 241, 88, 123, 38,
       199, 175, 87, 221, 4, 239, 197, 46, 50, 239, 48, 244, 226, 215,
       246, 217, 239, 147, 107, 118, 228, 127, 175, 161, 245, 165, 202,
       86, 43, 239, 132, 47, 224, 113, 113, 43, 239, 118, 78, 254, 147,
       158, 253, 215, 232, 92, 234, 125, 248, 182, 36, 30, 123, 23, 239,
       245, 171, 14, 253, 106, 92, 45, 168, 127, 191, 152, 141, 218, 26,
       158, 181, 43, 200, 56, 7, 175, 183, 130, 49, 172, 191, 66, 91,
       231, 55, 237, 144, 68, 77, 131, 192, 211, 243, 94, 19, 130, 64,
       173, 11, 42, 189, 115, 188, 86, 224, 187, 103, 52, 69, 248, 163,
       189, 190, 36, 64, 110, 187, 147, 129, 18, 186, 70, 255, 116, 38,
       186, 200, 21, 72, 167, 250, 49, 93, 107, 253, 180, 207, 111, 247,
       84, 202, 218, 70, 243, 245, 177, 96, 125, 234, 30, 110, 233, 184,
       52, 63, 225, 174, 167, 128, 60, 250, 240, 249, 88, 126, 122, 230,
       114, 138, 123, 112, 49, 132, 111, 167, 119, 199, 163, 80, 118,
       253, 21, 238, 168, 146, 172, 110, 247, 239, 34, 129, 37, 163, 38,
       251, 8, 43, 163, 183, 52, 204, 225, 21, 54, 201, 91, 193, 183,
       133, 80, 196, 48, 46, 37, 29, 147, 184, 129, 33, 205, 228, 62,
       192, 134, 6, 149, 248, 252, 101, 157, 100, 136, 104, 71, 136, 162,
       178, 170, 8, 215, 115, 73, 27, 17, 212, 104, 122, 104, 71, 219,
       32, 249, 163, 69, 60, 224, 115, 6, 34, 236, 172, 157, 117, 137,
       110, 69, 175, 115, 179, 166, 24, 150, 51, 64, 191, 1, 212, 104,
       56, 121, 110, 211, 0, 141, 179, 69, 60, 194, 112, 194, 32, 67,
       176, 250, 244, 108, 20, 248, 59, 171, 222, 190, 45, 189, 255, 220,
       122, 167, 213, 253, 165, 194, 71, 179, 193, 219, 249, 111, 142, 4,
       224, 35, 123, 45, 113, 49, 65, 125, 95, 67, 24, 65, 232, 229, 12,
       210, 17, 93, 52, 216, 140, 86, 122, 201, 178, 249, 28, 103, 217,
       1, 52, 74, 187, 82, 162, 146, 31, 63, 252, 114, 226, 59, 98, 61,
       132, 250, 166, 108, 239, 33, 64, 254, 255, 135, 227, 40, 219, 32,
       239, 241, 182, 11, 130, 33, 113, 39, 251, 230, 164, 157, 186, 205,
       109, 193, 203, 159, 63, 160, 24, 198, 248, 76, 27, 217, 3, 106,
       17, 58, 103, 218, 211, 141, 146, 221, 127, 208, 72, 214, 130, 252,
       152, 169, 250, 93, 229, 81, 18, 151, 95, 196, 19, 58, 159, 115,
       88, 201, 187, 191, 145, 42, 47, 242, 179, 219, 239, 146, 121, 176,
       9, 116, 114, 44, 30, 158, 253, 173, 114, 116, 7, 181, 159, 238,
       49, 204, 59, 35, 91, 201, 119, 235, 128, 60, 199, 67, 136, 199,
       247, 214, 3, 146, 121, 236, 139, 132, 4, 157, 247, 228, 47, 111,
       152, 52, 186, 123, 80, 215, 99, 217, 89, 83, 76, 6, 62, 33, 244,
       73, 10, 204, 142, 101, 4, 168, 251, 66, 161, 213, 82, 103, 165,
       38, 10, 107, 24, 33, 226, 163, 238, 91, 6, 155, 123, 118, 197,
       124, 238, 233, 213, 253, 200, 148, 168, 227, 148, 45, 179, 97,
       112, 88, 32, 215, 229, 48, 10, 104, 27, 107, 161, 66, 192, 159, 3,
       144, 112, 50, 172, 125, 40, 9, 216, 133, 136, 214, 253, 50, 0, 46,
       160, 32, 33, 189, 20, 121, 235, 252, 119, 219, 216, 86, 104, 189,
       30, 83, 93, 249, 40, 95, 152, 23, 122, 155, 50, 125, 150, 79, 205,
       161, 252, 255, 155, 116, 243, 203, 190, 189, 147, 162, 252, 57,
       23, 190, 127, 22, 244, 189, 54, 194, 123, 167, 23, 255, 157, 179,
       92, 167, 99, 204, 59, 126, 192, 140, 196, 131, 121, 217, 4, 239,
       245, 166, 62, 121, 51, 245, 242, 214, 146, 217, 47, 144, 107, 103,
       246, 127, 172, 177, 213, 181, 202, 94, 235, 255, 132, 167, 224,
       240, 96, 66, 186, 146, 176, 43, 236, 56, 71, 171, 29, 0, 57, 172,
       159, 100, 218, 167, 59, 255, 17, 22, 73, 130, 241, 159, 208, 26,
       251, 128, 4, 47, 155, 24, 143, 83, 237, 180, 162, 79, 246, 4, 8,
       218, 226, 247, 99, 160, 64, 126, 246, 15, 238, 249, 153, 1, 63,
       232, 166, 166, 128, 52, 250, 176, 41, 45, 215, 245, 71, 244, 11,
       239, 188, 125, 234, 127, 236, 251, 101, 157, 53, 94, 206, 118,
       110, 225, 240, 109, 174, 46, 254, 101, 132, 111, 251, 194, 245,
       245, 71, 109, 100, 40, 110, 79, 184, 113, 254, 182, 12, 83, 109,
       155, 51, 88, 196, 108, 110, 232, 99, 237, 44, 243, 235, 97, 148,
       96, 177, 70, 97, 61, 230, 97, 159, 12, 3, 79, 232, 86, 98, 248,
       199, 243, 64, 189, 192, 89, 202, 6, 238, 235, 34, 79, 187, 36,
       143, 165, 60, 55, 251, 80, 224, 190, 156, 108, 184, 249, 245, 89,
       207, 151, 95, 156, 23, 9, 223, 122, 89, 237, 155, 151, 149, 190,
       79, 58, 247, 91, 91, 158, 239, 151, 196, 188, 210, 40, 217, 123,
       109, 116, 79, 127, 117, 101, 204, 126, 5, 119, 85, 146, 48, 182,
       232, 71, 110, 192, 184, 49, 13, 103, 253, 36, 0, 98, 178, 198,
       251, 40, 161, 172, 186, 205, 237, 84, 79, 143, 53, 172, 25, 46,
       249, 106, 26, 137, 178, 235, 17, 30, 107, 82, 145, 219, 215, 81,
       123, 210, 76, 222, 202, 82, 50, 229, 5, 66, 26, 184, 83, 41, 239,
       242, 247, 9, 14, 150, 155, 46, 181, 215, 133, 145, 220, 101, 200,
       84, 43, 250, 128, 237, 132, 55, 245, 0, 153, 91, 187, 86, 193,
       171, 119, 4, 1, 216, 226, 181, 247, 32, 64, 126, 187, 19, 129, 27,
       154, 82, 253, 229, 165, 186, 72, 61, 10, 165, 184, 229, 221, 29,
       103, 176, 78, 71, 188, 96, 170, 47, 76, 247, 115, 9, 115, 148, 84,
       124, 106, 233, 160, 89, 44, 229, 171, 101, 20, 72, 243, 194, 33,
