%YAML:1.0
---
descriptors: !!opencv-matrix
   rows: 192
   cols: 32
   dt: u
   data: [ 50, 160, 123, 66, 83, 217, 88, 68, 49, 69, 229, 157, 34, 143,
       70, 20, 120, 168, 71, 128, 14, 190, 244, 195, 87, 220, 144, 43,
       97, 128, 198, 222, 8, 249, 122, 253, 87, 199, 255, 246, 22, 77,
       116, 7, 57, 215, 179, 68, 126, 106, 23, 204, 194, 184, 51, 255,
       111, 205, 182, 129, 63, 156, 105, 219, 2, 178, 250, 219, 119, 249,
       184, 71, 127, 69, 87, 183, 172, 222, 102, 72, 246, 59, 183, 21,
       150, 184, 38, 211, 6, 60, 26, 195, 183, 140, 37, 215, 98, 58, 161,
       132, 72, 200, 177, 7, 170, 225, 138, 239, 176, 172, 84, 90, 192,
       183, 107, 129, 19, 90, 210, 64, 93, 36, 190, 56, 132, 8, 149, 122,
       18, 156, 187, 252, 147, 230, 59, 247, 52, 15, 222, 50, 120, 247,
       32, 96, 253, 187, 147, 128, 58, 159, 48, 255, 249, 231, 190, 194,
       161, 64, 165, 235, 11, 251, 2, 155, 233, 149, 45, 246, 175, 77,
       78, 165, 172, 194, 163, 196, 102, 106, 186, 204, 199, 154, 247,
       247, 36, 116, 158, 138, 30, 20, 185, 253, 5, 143, 75, 171, 176,
       174, 110, 191, 62, 73, 123, 197, 245, 106, 152, 80, 151, 111, 87,
       188, 181, 152, 13, 127, 236, 190, 174, 192, 140, 227, 243, 201,
       170, 156, 116, 90, 207, 247, 208, 231, 221, 31, 116, 19, 40, 123,
       38, 221, 233, 187, 131, 144, 62, 254, 58, 255, 31, 219, 82, 75,
       243, 76, 236, 207, 226, 162, 172, 144, 252, 233, 216, 207, 159,
       253, 145, 153, 130, 204, 94, 8, 137, 130, 127, 21, 62, 107, 110,
       211, 94, 22, 157, 255, 212, 72, 214, 214, 197, 98, 251, 94, 114,
       142, 35, 80, 120, 198, 103, 20, 94, 198, 134, 125, 54, 44, 64, 14,
       225, 212, 176, 74, 81, 190, 2, 8, 64, 160, 99, 245, 42, 140, 211,
       222, 217, 181, 53, 230, 159, 23, 172, 25, 44, 247, 101, 221, 201,
       242, 203, 24, 114, 79, 114, 243, 63, 86, 86, 59, 146, 92, 231,
       238, 92, 5, 190, 245, 141, 102, 124, 75, 183, 159, 239, 19, 79,
       191, 97, 91, 225, 215, 239, 176, 56, 193, 147, 130, 219, 255, 87,
       69, 162, 113, 228, 194, 81, 32, 213, 229, 56, 10, 72, 25, 43, 160,
       66, 200, 223, 35, 208, 118, 50, 140, 124, 44, 9, 208, 193, 200,
       222, 252, 99, 4, 46, 160, 2, 32, 73, 48, 25, 161, 112, 14, 121,
       17, 45, 41, 87, 104, 159, 23, 128, 88, 166, 157, 125, 61, 1, 144,
       193, 128, 215, 241, 58, 132, 42, 128, 3, 57, 44, 119, 121, 97,
       116, 79, 127, 248, 112, 232, 125, 76, 83, 87, 153, 48, 28, 216,
       22, 110, 249, 178, 104, 62, 103, 207, 37, 164, 107, 251, 66, 243,
       41, 34, 89, 65, 112, 31, 121, 17, 101, 41, 118, 104, 155, 23, 132,
       52, 30, 28, 70, 40, 129, 184, 225, 20, 70, 221, 33, 160, 107, 130,
       66, 161, 93, 70, 93, 105, 176, 10, 79, 184, 100, 8, 254, 228, 211,
       99, 137, 113, 119, 212, 108, 234, 233, 176, 109, 62, 226, 239, 37,
       68, 250, 241, 96, 33, 60, 122, 119, 71, 114, 203, 235, 112, 53,
       196, 119, 162, 121, 23, 165, 52, 126, 252, 23, 106, 161, 180, 45,
       174, 103, 238, 32, 128, 103, 167, 102, 241, 134, 28, 159, 191,
       242, 162, 175, 83, 180, 138, 91, 82, 213, 243, 33, 73, 127, 127,
       51, 155, 33, 212, 18, 234, 4, 166, 239, 128, 140, 113, 33, 161,
       189, 206, 97, 31, 140, 137, 79, 184, 86, 70, 240, 195, 227, 64,
       189, 65, 91, 234, 14, 238, 234, 38, 111, 63, 36, 142, 165, 56, 55,
       251, 80, 224, 245, 163, 108, 102, 40, 94, 79, 56, 225, 254, 183,
       156, 211, 99, 158, 51, 28, 196, 108, 238, 232, 231, 239, 13, 242,
       251, 225, 148, 97, 179, 70, 113, 24, 124, 247, 245, 119, 226, 118,
       230, 247, 202, 122, 34, 124, 251, 33, 176, 187, 255, 247, 129, 71,
       249, 2, 255, 247, 231, 103, 131, 35, 113, 39, 139, 94, 11, 150,
       190, 137, 136, 22, 162, 143, 138, 136, 33, 238, 234, 33, 210, 192,
       115, 238, 67, 28, 75, 202, 185, 144, 246, 79, 27, 146, 127, 9, 14,
       239, 65, 68, 92, 205, 28, 76, 169, 65, 242, 229, 88, 74, 104, 223,
       255, 72, 196, 224, 110, 237, 98, 255, 204, 54, 122, 197, 63, 75,
       255, 218, 132, 74, 56, 186, 240, 169, 237, 16, 71, 171, 189, 164,
       41, 172, 191, 97, 90, 133, 51, 237, 17, 18, 75, 130, 208, 219,
       213, 90, 251, 130, 68, 7, 91, 56, 223, 123, 111, 116, 143, 127,
       246, 116, 8, 124, 64, 115, 113, 161, 48, 62, 106, 6, 110, 233,
       184, 41, 63, 99, 207, 36, 0, 115, 147, 102, 169, 244, 236, 28, 54,
       136, 15, 71, 168, 242, 182, 162, 25, 211, 97, 65, 27, 145, 196,
       104, 98, 120, 103, 219, 62, 233, 131, 117, 117, 64, 121, 78, 2,
       184, 121, 60, 56, 173, 223, 80, 95, 207, 125, 180, 29, 158, 157,
       99, 57, 201, 25, 223, 17, 142, 111, 115, 16, 203, 211, 117, 127,
       210, 12, 206, 219, 92, 121, 31, 228, 129, 79, 119, 180, 37, 160,
       230, 8, 223, 55, 1, 113, 54, 245, 120, 106, 73, 243, 177, 44, 241,
       227, 69, 4, 42, 179, 7, 50, 229, 98, 189, 53, 140, 77, 69, 139,
       250, 255, 162, 92, 210, 112, 77, 27, 153, 68, 106, 16, 246, 102,
       251, 50, 77, 138, 117, 124, 192, 121, 198, 66, 19, 207, 106, 78,
       242, 147, 111, 253, 125, 132, 126, 207, 105, 235, 183, 212, 62,
       235, 6, 238, 196, 178, 109, 127, 54, 110, 167, 136, 127, 246, 234,
       205, 45, 87, 121, 71, 244, 79, 231, 248, 84, 232, 127, 70, 83,
       117, 185, 32, 94, 216, 22, 106, 233, 176, 109, 62, 103, 141, 37,
       132, 125, 251, 212, 177, 53, 224, 80, 34, 51, 207, 83, 252, 115,
       233, 181, 45, 79, 80, 74, 20, 191, 205, 68, 118, 222, 178, 232,
       61, 186, 220, 5, 119, 235, 159, 202, 71, 116, 177, 249, 97, 188,
       79, 83, 152, 66, 177, 177, 10, 83, 93, 73, 50, 217, 220, 93, 114,
       27, 34, 249, 16, 217, 141, 33, 124, 245, 171, 70, 50, 157, 14,
       111, 221, 38, 50, 235, 82, 116, 194, 214, 214, 249, 47, 183, 97,
       126, 180, 63, 173, 161, 181, 37, 206, 86, 43, 234, 128, 47, 169,
       113, 113, 41, 97, 115, 65, 114, 27, 123, 85, 109, 33, 119, 232,
       155, 19, 132, 52, 54, 156, 86, 76, 209, 176, 225, 64, 118, 253,
       32, 128, 99, 130, 195, 161, 55, 207, 98, 14, 246, 147, 142, 254,
       77, 72, 222, 231, 116, 248, 182, 228, 94, 106, 23, 111, 213, 187,
       13, 189, 56, 60, 45, 210, 95, 223, 184, 221, 29, 32, 247, 88, 83,
       254, 49, 80, 117, 197, 103, 0, 90, 87, 150, 253, 50, 44, 80, 60,
       32, 176, 36, 76, 83, 127, 0, 1, 227, 167, 103, 224, 252, 152, 232,
       250, 221, 228, 81, 2, 151, 95, 244, 19, 62, 223, 114, 88, 201,
       187, 191, 145, 58, 47, 242, 179, 223, 255, 146, 123, 179, 9, 116,
       114, 130, 149, 127, 126, 194, 237, 253, 119, 189, 71, 126, 147,
       61, 191, 62, 33, 39, 59, 115, 136, 114, 253, 50, 247, 87, 239, 82,
       65, 103, 192, 165, 250, 144, 31, 183, 245, 114, 226, 59, 98, 61,
       140, 122, 34, 109, 183, 161, 85, 254, 255, 166, 226, 33, 219, 33,
       239, 177, 246, 15, 2, 160, 113, 39, 233, 42, 156, 22, 156, 207,
       243, 180, 231, 159, 23, 104, 55, 108, 250, 36, 207, 203, 51, 163,
       129, 52, 250, 18, 245, 15, 114, 94, 67, 219, 76, 173, 158, 19, 50,
       255, 165, 66, 11, 184, 65, 44, 160, 210, 227, 29, 31, 148, 11, 46,
       149, 255, 165, 128, 215, 5, 192, 20, 2, 250, 130, 37, 164, 35,
       145, 35, 170, 184, 16, 237, 189, 208, 71, 239, 125, 184, 29, 142,
       136, 86, 26, 141, 171, 110, 21, 158, 111, 242, 209, 155, 28, 20,
       123, 192, 76, 202, 207, 37, 49, 120, 75, 125, 31, 195, 184, 111,
       224, 101, 76, 210, 89, 29, 52, 216, 204, 82, 126, 153, 178, 121,
       28, 47, 152, 5, 116, 75, 171, 90, 164, 188, 193, 68, 173, 14, 25,
       70, 232, 86, 50, 244, 171, 99, 96, 185, 229, 89, 200, 162, 238,
       75, 50, 79, 159, 190, 199, 229, 61, 127, 190, 88, 184, 37, 117,
       121, 65, 244, 15, 111, 248, 112, 234, 124, 108, 83, 117, 153, 48,
       30, 216, 22, 110, 233, 178, 121, 30, 103, 143, 37, 132, 111, 251,
       66, 241, 149, 15, 83, 238, 182, 162, 79, 113, 20, 136, 219, 226,
       115, 99, 161, 96, 126, 228, 30, 238, 41, 129, 13, 30, 240, 174,
       163, 128, 60, 250, 112, 33, 89, 89, 31, 231, 193, 78, 103, 180,
