%YAML:1.0
---
descriptors: !!opencv-matrix
   rows: 133
   cols: 32
   dt: u
   data: [ 40, 149, 114, 124, 81, 213, 176, 103, 30, 69, 124, 19, 40,
       159, 38, 80, 200, 59, 147, 1, 70, 58, 50, 215, 71, 125, 18, 43,
       83, 12, 229, 218, 3, 237, 57, 221, 116, 201, 173, 239, 94, 121,
       88, 66, 180, 248, 244, 32, 235, 59, 50, 137, 199, 184, 118, 247,
       165, 28, 190, 168, 84, 24, 145, 173, 194, 236, 21, 186, 44, 201,
       20, 142, 143, 17, 136, 81, 182, 154, 108, 64, 195, 43, 111, 17,
       66, 13, 195, 113, 144, 176, 154, 58, 24, 24, 129, 11, 50, 140,
       162, 154, 215, 239, 199, 103, 150, 5, 72, 11, 96, 233, 50, 0, 249,
       170, 3, 157, 30, 170, 26, 191, 57, 14, 157, 73, 241, 78, 244, 234,
       248, 236, 48, 186, 157, 213, 80, 239, 215, 29, 128, 25, 174, 216,
       98, 129, 201, 187, 201, 17, 126, 111, 218, 183, 185, 209, 29, 123,
       82, 12, 156, 14, 214, 37, 18, 190, 25, 229, 86, 73, 189, 134, 232,
       25, 110, 210, 33, 212, 184, 169, 203, 163, 46, 7, 146, 223, 177,
       212, 11, 43, 49, 119, 47, 6, 221, 115, 43, 230, 44, 71, 27, 216,
       4, 204, 159, 175, 215, 93, 139, 34, 254, 213, 125, 239, 201, 67,
       249, 12, 243, 169, 171, 156, 36, 187, 52, 115, 33, 205, 13, 235,
       180, 143, 111, 183, 78, 33, 74, 70, 243, 97, 56, 96, 89, 106, 27,
       92, 219, 184, 93, 61, 237, 142, 182, 64, 156, 218, 208, 168, 95,
       93, 191, 124, 13, 214, 95, 178, 233, 204, 236, 5, 122, 255, 55,
       242, 228, 253, 189, 207, 205, 137, 178, 239, 227, 253, 199, 27,
       10, 247, 110, 122, 26, 221, 38, 254, 31, 209, 23, 239, 151, 68,
       220, 35, 173, 189, 54, 228, 200, 59, 219, 193, 110, 43, 50, 191,
       243, 215, 156, 187, 54, 28, 189, 126, 164, 92, 216, 111, 124, 15,
       90, 248, 83, 168, 244, 77, 147, 155, 65, 19, 222, 221, 70, 242,
       104, 38, 217, 58, 111, 249, 37, 125, 121, 187, 74, 139, 118, 48,
       233, 146, 141, 97, 152, 203, 155, 247, 129, 187, 194, 254, 79, 26,
       203, 223, 253, 145, 30, 71, 254, 240, 155, 22, 221, 127, 181, 121,
       150, 86, 102, 170, 168, 48, 173, 61, 216, 139, 251, 255, 190, 29,
       138, 232, 86, 158, 129, 206, 237, 21, 158, 111, 226, 128, 154, 89,
       85, 191, 198, 109, 222, 71, 8, 189, 49, 186, 91, 193, 183, 239,
       158, 21, 104, 43, 188, 255, 40, 128, 251, 27, 147, 129, 114, 10,
       26, 255, 253, 196, 31, 106, 19, 12, 167, 250, 80, 172, 154, 184,
       152, 237, 16, 79, 174, 53, 168, 25, 166, 179, 98, 26, 193, 187,
       239, 16, 26, 75, 210, 49, 219, 213, 25, 123, 144, 72, 143, 10, 13,
       127, 67, 101, 182, 43, 110, 191, 116, 234, 90, 230, 209, 32, 145,
       165, 63, 78, 54, 252, 225, 248, 229, 14, 172, 234, 231, 132, 239,
       248, 209, 185, 17, 13, 46, 169, 60, 135, 155, 118, 204, 204, 154,
       7, 247, 8, 51, 64, 204, 33, 127, 117, 140, 169, 85, 28, 232, 133,
       171, 208, 92, 10, 49, 90, 178, 205, 186, 188, 218, 135, 63, 230,
       188, 140, 252, 135, 53, 238, 35, 80, 239, 251, 231, 199, 100, 139,
       2, 127, 251, 229, 47, 139, 49, 113, 175, 219, 40, 54, 62, 250,
       221, 229, 177, 95, 223, 95, 253, 19, 42, 255, 110, 72, 237, 59,
       167, 16, 50, 111, 42, 215, 91, 223, 82, 123, 211, 73, 229, 251,
       99, 188, 186, 48, 201, 189, 84, 71, 235, 253, 172, 12, 46, 186,
       70, 190, 129, 171, 244, 16, 158, 107, 210, 241, 187, 221, 20, 123,
       202, 68, 202, 143, 58, 157, 104, 222, 219, 208, 159, 239, 159, 85,
       220, 179, 56, 254, 166, 100, 239, 251, 147, 129, 254, 11, 62, 247,
       123, 125, 158, 255, 55, 92, 172, 254, 1, 159, 57, 221, 116, 205,
       169, 127, 94, 89, 90, 118, 180, 148, 180, 97, 86, 59, 2, 9, 195,
       184, 103, 87, 69, 12, 58, 160, 20, 8, 53, 185, 248, 140, 174, 240,
       141, 98, 80, 71, 225, 183, 162, 16, 3, 179, 96, 91, 201, 182, 233,
       144, 56, 207, 192, 128, 219, 243, 214, 87, 160, 64, 254, 10, 40,
       32, 241, 122, 109, 201, 193, 72, 91, 161, 113, 25, 31, 157, 92,
       152, 153, 152, 215, 25, 26, 54, 216, 146, 95, 221, 17, 124, 211,
       143, 70, 162, 194, 228, 17, 186, 234, 137, 36, 207, 14, 51, 72,
       91, 182, 210, 104, 80, 227, 139, 42, 1, 67, 28, 75, 115, 180, 16,
       30, 44, 24, 88, 129, 8, 52, 93, 87, 110, 18, 70, 71, 112, 165,
       128, 251, 66, 119, 119, 41, 113, 126, 244, 6, 234, 105, 163, 25,
       44, 241, 232, 97, 0, 123, 179, 102, 35, 124, 15, 213, 100, 223,
       46, 79, 191, 17, 171, 190, 10, 83, 115, 1, 178, 57, 214, 117, 168,
       40, 242, 201, 14, 249, 239, 37, 212, 227, 250, 194, 41, 11, 205,
       39, 156, 219, 151, 190, 230, 157, 196, 200, 131, 172, 238, 55,
       228, 230, 251, 147, 197, 68, 155, 54, 255, 59, 118, 143, 11, 22,
       124, 41, 206, 200, 128, 58, 123, 52, 172, 113, 23, 255, 31, 103,
       16, 182, 147, 32, 88, 129, 58, 108, 24, 50, 252, 2, 119, 207, 255,
       48, 65, 208, 128, 199, 43, 226, 198, 82, 218, 216, 161, 164, 239,
       191, 19, 232, 89, 32, 235, 44, 80, 233, 147, 75, 0, 98, 47, 66,
       247, 52, 30, 22, 58, 217, 88, 226, 142, 8, 156, 51, 185, 149, 231,
       163, 119, 22, 65, 72, 19, 181, 183, 32, 64, 217, 59, 19, 145, 51,
       152, 16, 63, 237, 167, 154, 64, 144, 72, 181, 250, 128, 204, 159,
       253, 104, 236, 117, 214, 190, 31, 96, 16, 183, 211, 96, 89, 227,
       59, 46, 0, 98, 124, 146, 51, 197, 162, 114, 8, 16, 88, 37, 170,
       60, 151, 127, 234, 62, 227, 91, 120, 4, 12, 223, 162, 83, 247,
       168, 64, 126, 176, 159, 234, 24, 131, 41, 31, 251, 231, 163, 213,
       53, 171, 52, 115, 48, 249, 41, 186, 86, 193, 95, 230, 22, 69, 72,
       139, 55, 223, 114, 16, 249, 251, 151, 195, 74, 154, 90, 189, 251,
       197, 156, 41, 53, 27, 182, 218, 102, 168, 233, 180, 236, 105, 80,
       143, 171, 247, 184, 185, 130, 172, 87, 26, 137, 223, 253, 17, 30,
       111, 242, 130, 159, 212, 213, 127, 196, 124, 86, 94, 61, 87, 105,
       165, 52, 78, 79, 184, 21, 238, 254, 229, 215, 125, 155, 113, 94,
       220, 21, 111, 233, 176, 109, 14, 228, 239, 229, 148, 126, 251, 86,
       241, 208, 48, 27, 232, 24, 79, 17, 88, 164, 12, 165, 41, 151, 151,
       33, 80, 176, 177, 77, 32, 72, 7, 146, 30, 209, 129, 34, 57, 48, 2,
       39, 115, 178, 108, 18, 154, 221, 233, 212, 103, 221, 3, 240, 27,
       174, 248, 53, 141, 201, 171, 75, 1, 44, 47, 66, 255, 177, 22, 218,
       59, 209, 92, 255, 14, 42, 239, 194, 93, 115, 211, 235, 71, 59, 13,
       124, 162, 41, 135, 166, 213, 126, 58, 135, 200, 2, 218, 4, 253,
       54, 252, 176, 171, 87, 132, 230, 189, 199, 84, 255, 216, 70, 118,
       121, 90, 121, 223, 119, 22, 92, 254, 255, 123, 247, 221, 55, 186,
       161, 246, 179, 194, 87, 59, 114, 206, 161, 241, 101, 119, 9, 181,
       99, 209, 245, 46, 233, 51, 124, 171, 95, 80, 153, 61, 216, 165,
       61, 30, 23, 185, 176, 248, 113, 206, 109, 95, 179, 196, 198, 204,
       214, 225, 45, 31, 145, 167, 181, 47, 70, 25, 55, 168, 107, 76,
       231, 99, 1, 148, 216, 172, 70, 60, 25, 178, 89, 154, 164, 220, 1,
       52, 218, 238, 66, 0, 22, 10, 134, 190, 137, 96, 88, 74, 23, 183,
       193, 147, 72, 175, 97, 222, 233, 221, 169, 145, 60, 87, 139, 226,
       147, 246, 219, 47, 177, 117, 60, 2, 46, 178, 48, 251, 185, 157,
       147, 221, 159, 61, 189, 189, 174, 205, 78, 4, 157, 27, 207, 17,
       150, 42, 106, 183, 207, 215, 57, 255, 210, 14, 135, 247, 146, 149,
       185, 250, 221, 229, 145, 255, 31, 95, 253, 19, 77, 255, 110, 64,
       217, 27, 179, 145, 50, 11, 122, 183, 251, 223, 158, 111, 145, 66,
       229, 235, 172, 54, 189, 250, 253, 229, 145, 91, 159, 95, 189, 25,
       158, 255, 108, 88, 221, 27, 179, 16, 50, 103, 122, 179, 219, 215,
       19, 127, 208, 73, 229, 242, 108, 164, 221, 103, 124, 98, 75, 56,
       115, 175, 239, 24, 115, 99, 136, 180, 17, 212, 100, 40, 57, 251,
       233, 46, 75, 239, 53, 20, 226, 227, 70, 96, 244, 113, 125, 229,
       172, 14, 95, 152, 33, 168, 189, 72, 215, 87, 89, 114, 94, 212, 93,
       238, 201, 2, 217, 8, 247, 253, 165, 180, 44, 243, 66, 49, 237,
       164, 156, 99, 173, 109, 69, 153, 115, 59, 37, 24, 214, 113, 72,
