%YAML:1.0
---
descriptors: !!opencv-matrix
   rows: 163
   cols: 32
   dt: u
   data: [ 81, 32, 215, 229, 48, 10, 104, 25, 43, 160, 195, 72, 223, 3,
       208, 210, 50, 173, 125, 168, 9, 208, 193, 204, 158, 244, 35, 0,
       46, 160, 2, 32, 174, 176, 60, 184, 61, 237, 88, 186, 159, 121,
       148, 57, 158, 95, 8, 41, 141, 145, 255, 49, 187, 77, 90, 149, 203,
       211, 121, 255, 152, 8, 14, 83, 100, 49, 185, 225, 188, 79, 195,
       152, 66, 184, 185, 74, 215, 93, 73, 58, 217, 220, 118, 122, 27,
       34, 249, 16, 205, 141, 37, 124, 241, 171, 64, 51, 74, 56, 154,
       240, 171, 233, 16, 7, 171, 191, 132, 41, 140, 191, 65, 90, 135,
       55, 253, 144, 18, 75, 194, 240, 219, 213, 94, 251, 130, 64, 7, 27,
       59, 123, 238, 71, 71, 246, 177, 84, 66, 237, 119, 167, 56, 156,
       246, 172, 44, 252, 179, 199, 133, 243, 180, 229, 83, 73, 82, 131,
       71, 15, 255, 247, 216, 85, 31, 236, 219, 198, 21, 97, 161, 128,
       231, 2, 94, 159, 32, 83, 246, 181, 217, 226, 120, 139, 50, 76,
       243, 233, 70, 11, 33, 32, 167, 2, 178, 50, 107, 65, 81, 221, 112,
       81, 113, 101, 117, 159, 35, 141, 22, 52, 120, 184, 134, 192, 220,
       190, 244, 133, 87, 221, 144, 107, 99, 140, 230, 246, 36, 233, 218,
       178, 212, 201, 234, 201, 250, 129, 40, 8, 172, 200, 93, 144, 155,
       43, 66, 81, 66, 34, 10, 115, 60, 148, 15, 109, 197, 10, 75, 136,
       26, 219, 118, 89, 53, 223, 239, 246, 87, 76, 118, 6, 169, 215,
       183, 100, 127, 106, 55, 220, 195, 184, 33, 255, 167, 254, 150,
       130, 119, 157, 228, 253, 106, 57, 161, 164, 76, 200, 161, 7, 170,
       229, 202, 175, 180, 140, 84, 82, 192, 175, 107, 17, 19, 26, 210,
       64, 85, 36, 190, 56, 4, 14, 151, 122, 24, 252, 215, 245, 119, 234,
       118, 246, 255, 202, 122, 96, 126, 255, 33, 176, 187, 255, 230, 1,
       67, 253, 2, 239, 183, 247, 119, 2, 106, 112, 39, 155, 224, 164,
       153, 117, 152, 203, 71, 175, 242, 167, 168, 24, 215, 241, 72, 18,
       145, 86, 104, 16, 58, 111, 219, 51, 233, 133, 21, 125, 192, 96,
       198, 42, 72, 33, 81, 225, 112, 15, 121, 17, 41, 41, 103, 232, 159,
       19, 128, 92, 54, 157, 127, 60, 0, 144, 193, 192, 198, 249, 32,
       164, 42, 130, 2, 41, 41, 33, 113, 65, 112, 27, 248, 81, 109, 32,
       126, 104, 155, 25, 132, 52, 30, 156, 70, 104, 129, 178, 97, 88,
       70, 221, 32, 48, 67, 138, 66, 169, 33, 163, 84, 69, 124, 11, 224,
       105, 79, 160, 176, 74, 211, 72, 212, 16, 26, 140, 70, 44, 74, 186,
       77, 29, 76, 157, 33, 52, 125, 168, 74, 136, 102, 162, 173, 144,
       236, 233, 200, 207, 159, 253, 176, 185, 130, 204, 222, 11, 137,
       130, 127, 21, 30, 107, 235, 81, 94, 18, 253, 253, 196, 200, 214,
       214, 83, 54, 213, 177, 162, 42, 56, 23, 61, 123, 50, 245, 143, 62,
       200, 223, 167, 151, 253, 148, 181, 220, 129, 194, 140, 242, 122,
       198, 140, 196, 131, 93, 11, 223, 2, 157, 123, 148, 175, 246, 173,
       76, 220, 231, 172, 198, 163, 212, 110, 107, 202, 204, 199, 139,
       54, 239, 180, 116, 158, 138, 26, 21, 45, 253, 144, 206, 3, 191,
       54, 131, 203, 240, 20, 0, 90, 226, 245, 199, 177, 64, 94, 120, 23,
       234, 107, 188, 76, 63, 224, 166, 163, 128, 60, 155, 48, 185, 90,
       28, 63, 188, 11, 224, 29, 103, 191, 22, 196, 161, 44, 247, 33, 89,
       231, 179, 255, 128, 106, 75, 162, 253, 211, 243, 218, 155, 16, 84,
       39, 123, 2, 149, 20, 155, 181, 199, 180, 111, 28, 13, 88, 34, 172,
       118, 44, 64, 216, 59, 155, 1, 82, 152, 81, 223, 45, 52, 154, 3,
       20, 10, 181, 143, 223, 6, 239, 197, 46, 50, 233, 48, 116, 226,
       215, 246, 217, 47, 151, 107, 118, 244, 127, 175, 161, 213, 165,
       202, 86, 43, 235, 132, 47, 224, 113, 113, 2, 58, 251, 153, 86,
       249, 184, 66, 63, 69, 82, 183, 172, 206, 102, 72, 246, 57, 55, 21,
       150, 184, 38, 211, 6, 60, 26, 195, 181, 140, 37, 215, 9, 157, 35,
       253, 180, 199, 111, 247, 84, 202, 218, 70, 243, 245, 176, 96, 125,
       106, 30, 12, 249, 184, 53, 191, 169, 174, 166, 128, 62, 250, 240,
       249, 17, 207, 106, 79, 242, 147, 238, 253, 116, 132, 126, 199, 97,
       234, 182, 80, 126, 234, 6, 238, 196, 178, 45, 127, 118, 237, 167,
       128, 117, 242, 234, 205, 34, 157, 150, 158, 235, 241, 180, 239,
       159, 23, 232, 183, 108, 254, 38, 207, 207, 51, 163, 129, 54, 235,
       26, 241, 14, 54, 94, 75, 219, 68, 173, 158, 26, 157, 122, 238,
       178, 226, 63, 247, 180, 5, 206, 167, 113, 247, 34, 64, 127, 251,
       155, 160, 56, 155, 48, 255, 249, 231, 142, 67, 182, 82, 164, 123,
       25, 75, 23, 108, 112, 142, 110, 116, 108, 168, 106, 70, 125, 131,
       160, 80, 116, 108, 46, 110, 193, 153, 1, 108, 116, 173, 34, 0, 40,
       162, 97, 9, 99, 184, 184, 16, 237, 173, 208, 71, 239, 191, 176,
       29, 174, 152, 86, 26, 141, 171, 78, 21, 150, 111, 242, 80, 159,
       24, 84, 123, 192, 72, 195, 207, 55, 159, 98, 138, 182, 179, 135,
       254, 69, 72, 250, 231, 114, 232, 183, 196, 126, 234, 150, 119,
       223, 187, 13, 189, 184, 44, 167, 194, 95, 223, 248, 221, 40, 217,
       123, 109, 116, 78, 127, 245, 109, 200, 126, 8, 115, 93, 144, 48,
       62, 252, 87, 110, 193, 184, 49, 13, 103, 173, 37, 0, 96, 186, 198,
       249, 11, 255, 34, 156, 123, 148, 188, 230, 189, 76, 220, 165, 172,
       174, 183, 244, 238, 107, 223, 197, 230, 139, 166, 255, 55, 116,
       158, 139, 22, 20, 45, 223, 102, 168, 169, 176, 236, 233, 161, 11,
       154, 177, 144, 185, 148, 141, 84, 26, 137, 31, 123, 17, 18, 106,
       195, 16, 92, 18, 253, 253, 196, 72, 214, 160, 58, 153, 188, 252,
       201, 193, 85, 239, 143, 149, 164, 9, 62, 255, 98, 26, 200, 243,
       249, 208, 26, 107, 210, 177, 219, 243, 86, 123, 208, 0, 166, 170,
       159, 121, 46, 230, 133, 246, 191, 80, 197, 108, 223, 7, 121, 221,
       63, 36, 236, 127, 249, 199, 207, 167, 186, 225, 243, 121, 138,
       131, 79, 223, 189, 247, 23, 20, 223, 229, 162, 34, 45, 25, 36,
       186, 219, 246, 213, 51, 169, 107, 119, 85, 61, 186, 49, 213, 1,
       200, 156, 166, 239, 132, 172, 243, 161, 49, 105, 35, 82, 65, 96,
       27, 104, 81, 105, 160, 247, 72, 27, 3, 132, 52, 58, 140, 70, 232,
       64, 146, 229, 64, 22, 248, 32, 32, 99, 130, 66, 164, 72, 189, 153,
       225, 186, 13, 87, 191, 43, 59, 60, 120, 190, 55, 192, 114, 135,
       83, 92, 80, 83, 72, 219, 115, 237, 213, 53, 254, 152, 208, 131,
       59, 161, 71, 69, 141, 92, 7, 207, 121, 86, 234, 121, 198, 113, 96,
       185, 225, 92, 236, 6, 238, 233, 242, 77, 31, 36, 142, 165, 164,
       93, 186, 80, 172, 56, 194, 68, 141, 94, 11, 225, 121, 70, 176,
       176, 207, 243, 64, 216, 128, 57, 132, 234, 108, 74, 54, 79, 157,
       60, 131, 229, 52, 127, 172, 88, 136, 106, 140, 235, 184, 221, 228,
       89, 67, 147, 87, 205, 19, 9, 223, 114, 88, 201, 187, 191, 149, 62,
       47, 242, 151, 219, 253, 146, 111, 181, 69, 252, 114, 74, 184, 146,
       240, 123, 237, 56, 71, 171, 21, 160, 57, 172, 159, 96, 26, 167,
       59, 235, 16, 18, 75, 146, 208, 223, 213, 26, 123, 130, 0, 15, 10,
       25, 157, 35, 255, 181, 214, 111, 247, 85, 200, 222, 70, 251, 247,
       176, 228, 124, 106, 30, 108, 217, 185, 53, 255, 161, 255, 166,
       128, 58, 238, 240, 125, 201, 12, 239, 221, 4, 182, 233, 19, 244,
       194, 214, 18, 217, 175, 179, 107, 101, 164, 59, 141, 177, 221,
       181, 202, 87, 235, 250, 128, 167, 224, 113, 96, 181, 113, 81, 103,
       116, 15, 71, 152, 83, 168, 185, 74, 83, 81, 217, 48, 92, 220, 20,
       122, 201, 178, 217, 10, 229, 140, 37, 180, 109, 187, 82, 161, 15,
       89, 115, 79, 82, 218, 239, 240, 117, 200, 127, 226, 121, 215, 189,
       164, 126, 248, 22, 234, 193, 177, 61, 238, 55, 254, 162, 128, 103,
       183, 101, 245, 58, 249, 58, 186, 215, 197, 124, 247, 19, 85, 76,
       11, 63, 223, 96, 16, 253, 187, 151, 209, 90, 90, 26, 183, 255,
       197, 156, 105, 52, 24, 182, 219, 236, 228, 157, 85, 201, 111, 69,
       142, 115, 187, 167, 24, 215, 51, 64, 255, 17, 198, 104, 58, 57,
       126, 219, 34, 157, 187, 85, 60, 194, 241, 194, 32, 252, 125, 120,
