%YAML:1.0
---
descriptors: !!opencv-matrix
   rows: 185
   cols: 32
   dt: u
   data: [ 188, 75, 123, 111, 180, 203, 127, 117, 117, 204, 118, 33, 115,
       109, 179, 48, 122, 232, 6, 110, 200, 176, 41, 46, 103, 253, 37, 0,
       115, 178, 198, 241, 252, 81, 93, 96, 9, 95, 85, 184, 101, 176,
       166, 8, 83, 21, 65, 51, 72, 212, 236, 98, 73, 230, 121, 8, 243,
       201, 69, 53, 106, 186, 198, 50, 136, 191, 127, 87, 242, 217, 181,
       119, 253, 78, 126, 184, 190, 189, 166, 53, 167, 59, 199, 9, 240,
       253, 32, 111, 103, 187, 112, 195, 66, 192, 135, 249, 218, 120,
       190, 180, 43, 204, 52, 71, 171, 159, 130, 57, 172, 159, 98, 91,
       167, 55, 237, 16, 102, 77, 146, 193, 211, 243, 90, 187, 130, 84,
       175, 91, 186, 156, 47, 186, 29, 247, 209, 234, 149, 87, 199, 19,
       111, 253, 62, 201, 233, 147, 191, 5, 62, 47, 51, 151, 219, 247,
       90, 91, 211, 13, 116, 82, 32, 48, 29, 97, 112, 79, 113, 19, 37,
       45, 254, 105, 151, 23, 0, 16, 12, 148, 79, 48, 26, 184, 81, 4,
       207, 141, 48, 84, 96, 136, 70, 187, 160, 255, 251, 124, 244, 196,
       231, 247, 144, 142, 252, 34, 48, 243, 230, 48, 248, 250, 6, 202,
       88, 187, 160, 107, 117, 173, 166, 41, 81, 58, 230, 235, 186, 180,
       61, 250, 61, 253, 153, 251, 159, 31, 149, 57, 255, 223, 10, 33,
       141, 147, 221, 145, 186, 111, 122, 183, 203, 215, 186, 251, 144,
       8, 143, 115, 211, 30, 111, 221, 38, 50, 171, 50, 252, 194, 214,
       246, 249, 166, 183, 103, 102, 229, 63, 175, 161, 149, 37, 238,
       212, 43, 234, 128, 45, 225, 49, 125, 29, 79, 235, 109, 16, 74, 79,
       186, 116, 196, 110, 133, 115, 101, 179, 80, 114, 236, 44, 108,
       200, 144, 53, 12, 226, 237, 165, 4, 102, 249, 116, 112, 88, 52,
       28, 164, 59, 112, 25, 99, 169, 229, 143, 189, 174, 39, 66, 151,
       134, 55, 237, 1, 13, 75, 177, 196, 211, 243, 90, 123, 2, 68, 47,
       95, 53, 92, 67, 170, 148, 135, 79, 252, 86, 72, 218, 70, 83, 208,
       177, 96, 125, 236, 22, 254, 233, 183, 61, 190, 184, 174, 167, 192,
       189, 155, 240, 177, 27, 156, 179, 189, 215, 230, 187, 215, 62, 75,
       82, 87, 124, 254, 48, 104, 255, 127, 51, 133, 179, 157, 48, 239,
       93, 103, 154, 194, 136, 64, 161, 249, 74, 50, 214, 177, 162, 58,
       56, 19, 191, 63, 50, 245, 143, 47, 200, 218, 167, 23, 237, 144,
       180, 212, 129, 194, 206, 247, 122, 199, 142, 196, 143, 19, 138,
       156, 187, 254, 215, 231, 183, 230, 180, 71, 206, 18, 120, 255, 34,
       96, 249, 123, 147, 129, 50, 159, 48, 255, 121, 111, 154, 74, 145,
       68, 181, 234, 223, 94, 111, 254, 38, 2, 111, 240, 181, 202, 215,
       246, 121, 239, 177, 115, 102, 229, 61, 239, 233, 199, 173, 239,
       242, 235, 234, 128, 45, 245, 49, 121, 82, 77, 62, 188, 191, 208,
       156, 103, 157, 64, 210, 131, 47, 172, 54, 195, 238, 163, 191, 133,
       100, 235, 130, 237, 242, 243, 94, 139, 85, 28, 185, 95, 212, 52,
       157, 118, 136, 108, 85, 152, 163, 187, 163, 24, 215, 115, 73, 27,
       129, 212, 108, 50, 56, 71, 219, 32, 217, 211, 85, 62, 192, 113,
       134, 34, 217, 94, 111, 254, 44, 2, 111, 116, 213, 194, 214, 246,
       115, 235, 176, 99, 126, 228, 61, 239, 233, 207, 183, 239, 242,
       235, 234, 128, 45, 187, 240, 57, 58, 142, 42, 250, 245, 243, 182,
       230, 149, 15, 220, 163, 32, 237, 182, 192, 217, 250, 151, 177,
       126, 191, 0, 191, 122, 103, 190, 203, 23, 79, 252, 219, 85, 46,
       157, 165, 168, 42, 79, 184, 50, 178, 142, 192, 215, 99, 217, 122,
       87, 197, 108, 126, 105, 64, 237, 10, 236, 167, 111, 148, 172, 243,
       1, 33, 124, 100, 148, 101, 137, 47, 68, 169, 226, 178, 171, 8,
       211, 113, 73, 154, 145, 196, 104, 42, 104, 103, 219, 10, 169, 214,
       69, 52, 72, 122, 66, 2, 2, 188, 123, 156, 94, 193, 185, 103, 190,
       69, 216, 179, 60, 158, 38, 0, 238, 187, 19, 129, 118, 191, 180,
       239, 125, 36, 158, 139, 5, 0, 167, 218, 72, 51, 88, 172, 104, 14,
       91, 56, 168, 108, 213, 173, 247, 151, 3, 16, 22, 181, 125, 110,
       72, 3, 193, 24, 210, 169, 40, 184, 36, 163, 6, 83, 40, 223, 122,
       95, 112, 143, 239, 246, 116, 12, 124, 36, 113, 67, 177, 48, 62,
       122, 6, 76, 226, 184, 57, 63, 103, 143, 36, 128, 123, 155, 103,
       185, 181, 76, 127, 94, 84, 206, 199, 112, 213, 192, 228, 2, 115,
       213, 53, 117, 88, 248, 18, 234, 233, 183, 120, 46, 115, 169, 0, 0,
       115, 187, 102, 248, 55, 159, 2, 14, 255, 151, 130, 252, 87, 72,
       216, 239, 98, 200, 182, 196, 252, 234, 134, 119, 223, 187, 12,
       191, 56, 4, 165, 218, 127, 15, 248, 223, 42, 184, 181, 216, 201,
       253, 241, 199, 139, 59, 180, 24, 174, 189, 100, 174, 201, 59, 211,
       16, 19, 111, 250, 241, 31, 214, 85, 127, 210, 72, 198, 170, 95,
       169, 251, 250, 195, 212, 127, 231, 59, 69, 109, 139, 189, 255, 70,
       48, 167, 251, 151, 151, 86, 90, 186, 243, 255, 221, 31, 107, 166,
       198, 167, 238, 35, 131, 44, 155, 253, 189, 200, 63, 223, 93, 252,
       93, 162, 232, 62, 140, 205, 34, 51, 29, 150, 42, 82, 247, 15, 62,
       210, 122, 218, 76, 216, 204, 40, 240, 61, 248, 60, 205, 25, 158,
       158, 61, 144, 25, 151, 223, 0, 9, 141, 17, 125, 17, 186, 109, 123,
       151, 203, 211, 123, 254, 144, 8, 7, 115, 235, 117, 107, 68, 77,
       244, 179, 103, 201, 204, 190, 15, 56, 220, 54, 36, 172, 60, 250,
       5, 199, 47, 182, 223, 115, 57, 0, 42, 79, 13, 126, 254, 197, 22,
       153, 237, 48, 46, 123, 24, 120, 138, 251, 64, 215, 115, 9, 112,
       182, 85, 125, 42, 161, 128, 249, 10, 199, 188, 35, 4, 192, 227,
       67, 35, 53, 116, 92, 107, 56, 63, 80, 72, 87, 170, 241, 104, 211,
       91, 9, 185, 221, 153, 212, 178, 45, 246, 89, 156, 130, 219, 97,
       55, 249, 251, 74, 146, 101, 5, 177, 71, 245, 126, 227, 154, 105,
       235, 251, 8, 210, 116, 29, 180, 217, 214, 126, 56, 153, 176, 249,
       44, 45, 190, 5, 68, 193, 107, 194, 164, 43, 184, 148, 80, 233,
       189, 80, 87, 235, 251, 164, 28, 158, 154, 68, 190, 133, 27, 250,
       16, 23, 111, 210, 208, 159, 216, 85, 127, 202, 64, 203, 143, 102,
       162, 236, 145, 236, 169, 200, 139, 159, 125, 176, 153, 130, 140,
       222, 10, 137, 130, 111, 21, 30, 111, 239, 211, 94, 30, 177, 253,
       197, 204, 214, 196, 237, 125, 207, 69, 164, 14, 111, 180, 112,
       226, 110, 196, 211, 53, 145, 51, 22, 68, 112, 110, 225, 240, 253,
       42, 102, 171, 229, 4, 111, 251, 210, 48, 64, 50, 25, 173, 104, 14,
       121, 16, 40, 104, 118, 109, 151, 23, 0, 88, 182, 29, 125, 44, 0,
       150, 193, 0, 215, 161, 40, 144, 40, 128, 3, 211, 66, 58, 150, 176,
       235, 232, 48, 71, 175, 157, 130, 57, 172, 191, 97, 90, 167, 59,
       235, 17, 18, 75, 146, 224, 155, 212, 94, 251, 128, 68, 47, 91, 73,
       252, 57, 104, 81, 238, 101, 150, 59, 111, 108, 4, 30, 23, 2, 116,
       149, 30, 80, 8, 195, 152, 176, 93, 101, 191, 16, 70, 72, 16, 198,
       115, 90, 61, 120, 230, 91, 116, 89, 119, 169, 237, 189, 189, 14,
       63, 66, 190, 166, 151, 253, 0, 149, 11, 178, 230, 211, 245, 24,
       251, 170, 71, 175, 87, 218, 184, 178, 240, 251, 233, 176, 67, 155,
       53, 180, 59, 14, 159, 102, 24, 171, 187, 199, 17, 22, 111, 130,
       209, 219, 209, 26, 123, 146, 12, 167, 195, 138, 159, 126, 126,
       226, 253, 189, 119, 189, 87, 127, 177, 61, 239, 38, 17, 167, 59,
       215, 132, 242, 253, 34, 239, 119, 251, 114, 203, 103, 192, 167,
       251, 4, 12, 11, 191, 116, 163, 171, 97, 20, 0, 91, 227, 245, 235,
       49, 64, 90, 43, 3, 153, 50, 184, 72, 63, 228, 166, 171, 128, 148,
       106, 53, 226, 218, 82, 44, 172, 11, 119, 89, 30, 21, 109, 151,
       247, 159, 30, 2, 233, 166, 149, 253, 183, 173, 197, 113, 144, 211,
       227, 186, 151, 62, 5, 173, 123, 253, 93, 255, 228, 174, 6, 87,
       117, 97, 206, 254, 38, 123, 115, 179, 119, 114, 228, 61, 238, 232,
       227, 165, 136, 243, 235, 103, 128, 175, 250, 112, 107, 155, 220,
       163, 185, 215, 198, 187, 215, 54, 75, 86, 19, 60, 254, 48, 228,
       255, 123, 179, 145, 51, 157, 48, 255, 121, 102, 158, 194, 149, 20,
