%YAML:1.0
---
descriptors: !!opencv-matrix
   rows: 121
   cols: 32
   dt: u
   data: [ 120, 160, 158, 248, 8, 205, 81, 67, 163, 23, 164, 25, 151,
       183, 64, 91, 225, 177, 109, 16, 26, 79, 210, 1, 219, 227, 112,
       121, 160, 0, 6, 106, 120, 33, 184, 106, 153, 69, 83, 77, 70, 173,
       173, 24, 115, 179, 72, 48, 216, 146, 108, 88, 26, 35, 251, 18,
       219, 205, 36, 57, 243, 10, 230, 42, 32, 185, 57, 56, 221, 237,
       145, 203, 206, 53, 168, 13, 150, 152, 64, 16, 137, 27, 75, 17,
       146, 42, 210, 81, 221, 213, 27, 126, 208, 72, 135, 227, 253, 87,
       105, 47, 56, 7, 207, 184, 86, 234, 253, 237, 211, 124, 159, 112,
       222, 205, 21, 239, 237, 50, 125, 30, 116, 207, 167, 180, 125, 255,
       82, 113, 37, 199, 64, 5, 180, 27, 230, 184, 125, 166, 127, 196,
       195, 96, 159, 180, 27, 196, 70, 110, 229, 176, 109, 46, 44, 254,
       37, 4, 239, 251, 218, 132, 181, 33, 107, 71, 214, 70, 239, 113,
       113, 192, 231, 130, 81, 87, 61, 53, 120, 236, 19, 254, 249, 151,
       61, 78, 117, 40, 131, 64, 103, 163, 114, 224, 3, 237, 27, 153,
       124, 205, 172, 111, 222, 121, 88, 66, 164, 204, 184, 36, 239, 59,
       18, 9, 199, 56, 118, 247, 37, 20, 154, 170, 20, 8, 149, 141, 37,
       67, 228, 7, 100, 27, 238, 152, 69, 236, 123, 237, 195, 104, 159,
       148, 24, 68, 70, 111, 205, 176, 109, 40, 38, 62, 97, 148, 79, 191,
       90, 212, 130, 223, 34, 159, 88, 133, 188, 238, 190, 24, 72, 199,
       164, 194, 33, 68, 237, 43, 11, 196, 102, 9, 18, 255, 52, 52, 158,
       170, 24, 20, 33, 158, 93, 115, 40, 230, 46, 87, 31, 216, 4, 204,
       159, 175, 211, 93, 155, 32, 126, 213, 253, 255, 207, 3, 255, 136,
       243, 233, 171, 156, 45, 187, 53, 115, 124, 149, 221, 164, 159, 38,
       87, 184, 64, 168, 139, 11, 83, 121, 8, 19, 92, 215, 125, 227, 56,
       67, 201, 44, 249, 237, 237, 52, 33, 123, 210, 35, 33, 205, 13,
       239, 180, 143, 103, 189, 84, 32, 74, 68, 247, 97, 57, 96, 88, 106,
       14, 110, 91, 184, 89, 61, 237, 175, 167, 80, 24, 218, 208, 40, 42,
       145, 114, 220, 93, 213, 184, 103, 30, 69, 120, 27, 40, 158, 38,
       208, 200, 59, 147, 1, 86, 58, 50, 213, 87, 125, 26, 43, 83, 12,
       237, 222, 246, 48, 237, 154, 142, 97, 144, 203, 155, 247, 129,
       187, 194, 254, 79, 11, 203, 215, 249, 145, 30, 71, 255, 208, 155,
       22, 223, 127, 149, 121, 150, 86, 44, 93, 99, 94, 113, 150, 207,
       240, 116, 136, 252, 64, 249, 215, 181, 52, 92, 248, 83, 202, 201,
       162, 122, 111, 103, 190, 130, 8, 67, 179, 102, 160, 60, 149, 95,
       238, 30, 195, 91, 120, 132, 12, 223, 162, 83, 247, 168, 64, 122,
       176, 31, 234, 120, 131, 9, 159, 251, 231, 163, 213, 53, 171, 52,
       115, 129, 190, 51, 221, 116, 205, 169, 111, 94, 89, 88, 114, 180,
       150, 180, 96, 203, 59, 50, 1, 195, 184, 103, 87, 37, 20, 58, 224,
       20, 8, 145, 185, 3, 156, 57, 153, 124, 237, 169, 99, 222, 25, 80,
       114, 180, 156, 180, 32, 205, 59, 19, 1, 179, 62, 98, 215, 5, 52,
       58, 234, 20, 8, 53, 237, 20, 149, 127, 238, 22, 230, 75, 121, 4,
       0, 223, 2, 83, 247, 168, 96, 122, 180, 30, 234, 89, 131, 57, 31,
       241, 175, 163, 196, 52, 171, 116, 48, 177, 201, 107, 202, 84, 135,
       235, 96, 84, 64, 197, 130, 113, 205, 52, 96, 88, 168, 19, 255, 75,
       183, 52, 191, 113, 12, 138, 72, 53, 138, 112, 224, 129, 223, 6,
       157, 48, 130, 172, 190, 62, 8, 74, 228, 244, 226, 161, 192, 112,
       111, 50, 205, 99, 216, 67, 127, 36, 38, 254, 128, 28, 16, 57, 25,
       226, 102, 82, 90, 201, 161, 164, 111, 255, 3, 224, 88, 32, 203,
       36, 217, 233, 179, 74, 0, 102, 47, 194, 251, 54, 60, 18, 59, 81,
       80, 234, 142, 49, 173, 226, 137, 215, 163, 238, 231, 87, 5, 234,
       3, 33, 232, 54, 68, 121, 170, 19, 157, 30, 187, 20, 191, 57, 14,
       150, 65, 247, 78, 248, 206, 242, 108, 50, 222, 77, 169, 148, 103,
       221, 2, 248, 27, 38, 248, 53, 140, 233, 171, 75, 1, 46, 47, 66,
       255, 145, 22, 154, 59, 213, 92, 127, 142, 190, 44, 18, 188, 25,
       229, 86, 106, 183, 6, 232, 25, 46, 251, 33, 149, 249, 187, 193,
       130, 62, 39, 26, 255, 179, 215, 131, 59, 82, 117, 110, 134, 102,
       184, 161, 176, 205, 105, 144, 203, 27, 247, 136, 187, 158, 254,
       77, 26, 201, 223, 251, 145, 26, 75, 218, 208, 221, 20, 157, 127,
       149, 109, 150, 82, 92, 191, 219, 160, 178, 234, 62, 195, 190, 189,
       59, 177, 95, 255, 97, 18, 183, 125, 237, 17, 20, 209, 136, 66,
       251, 197, 47, 199, 224, 227, 167, 67, 41, 205, 113, 95, 221, 149,
       206, 190, 85, 74, 252, 64, 251, 120, 157, 164, 93, 250, 22, 203,
       239, 186, 127, 255, 39, 255, 148, 8, 127, 218, 250, 172, 58, 157,
       104, 218, 219, 241, 159, 239, 159, 85, 220, 179, 40, 254, 38, 96,
       239, 219, 147, 129, 126, 11, 46, 247, 123, 125, 158, 255, 55, 76,
       172, 222, 45, 7, 192, 5, 52, 26, 100, 59, 125, 230, 126, 196, 195,
       32, 151, 180, 91, 140, 70, 44, 253, 184, 101, 14, 44, 254, 37, 4,
       111, 236, 74, 212, 232, 168, 158, 112, 169, 237, 113, 7, 190, 63,
       162, 25, 182, 177, 64, 27, 129, 54, 108, 16, 58, 109, 210, 17,
       207, 243, 84, 121, 192, 64, 198, 10, 140, 54, 60, 250, 253, 229,
       145, 74, 223, 95, 61, 51, 44, 223, 111, 89, 225, 59, 167, 16, 50,
       111, 42, 215, 91, 215, 18, 107, 146, 77, 101, 243, 125, 201, 31,
       239, 52, 78, 71, 184, 100, 136, 155, 64, 247, 115, 33, 112, 80,
       228, 124, 110, 73, 161, 89, 45, 225, 235, 37, 16, 48, 187, 80, 40,
       122, 29, 58, 254, 27, 212, 23, 103, 149, 76, 206, 3, 60, 191, 34,
       112, 192, 187, 191, 128, 125, 139, 50, 191, 243, 255, 154, 139,
       50, 12, 44, 123, 52, 93, 127, 110, 18, 70, 71, 120, 133, 192, 235,
       66, 119, 119, 41, 81, 126, 245, 21, 234, 105, 163, 25, 12, 241,
       235, 33, 16, 113, 179, 38, 50, 124, 77, 156, 228, 151, 102, 87,
       191, 19, 170, 170, 10, 87, 113, 1, 16, 185, 214, 109, 40, 120,
       227, 73, 14, 249, 239, 37, 85, 225, 250, 210, 43, 178, 205, 42,
       190, 218, 197, 63, 231, 190, 76, 204, 129, 53, 238, 34, 80, 231,
       235, 127, 199, 66, 139, 2, 127, 249, 101, 142, 139, 16, 112, 175,
       218, 33, 237, 10, 46, 29, 148, 206, 231, 198, 64, 236, 6, 177,
       200, 55, 32, 200, 234, 18, 205, 207, 171, 86, 61, 33, 109, 142,
       24, 89, 94, 250, 140, 41, 203, 123, 47, 116, 142, 111, 164, 236,
       204, 234, 65, 243, 227, 176, 80, 208, 234, 14, 78, 192, 184, 71,
       47, 228, 173, 38, 0, 16, 186, 100, 104, 107, 189, 178, 112, 237,
       253, 84, 199, 235, 249, 172, 12, 46, 186, 70, 182, 137, 187, 246,
       16, 159, 107, 178, 241, 191, 221, 20, 123, 202, 84, 202, 143, 18,
       181, 26, 250, 219, 133, 178, 255, 158, 17, 205, 2, 188, 243, 104,
       164, 251, 27, 147, 153, 19, 11, 26, 245, 189, 214, 27, 110, 153,
       10, 171, 187, 3, 76, 39, 223, 69, 181, 175, 230, 221, 66, 90, 70,
       232, 232, 181, 228, 105, 106, 50, 207, 225, 188, 55, 255, 37, 62,
       218, 0, 29, 125, 113, 252, 132, 172, 159, 179, 200, 168, 44, 135,
       190, 19, 66, 80, 180, 227, 97, 91, 161, 107, 106, 24, 50, 92, 138,
       115, 140, 166, 94, 104, 136, 80, 163, 136, 72, 221, 21, 119, 187,
       223, 85, 55, 173, 160, 174, 8, 254, 55, 0, 247, 130, 55, 250, 8,
       65, 73, 115, 12, 239, 219, 84, 18, 26, 208, 135, 59, 253, 85, 121,
       229, 164, 103, 95, 184, 17, 234, 189, 108, 211, 119, 153, 48, 94,
       212, 93, 234, 201, 6, 121, 10, 243, 205, 173, 180, 38, 243, 86,
       113, 30, 52, 150, 188, 9, 224, 16, 202, 183, 23, 193, 17, 110,
       255, 41, 218, 217, 249, 233, 128, 46, 199, 26, 195, 147, 247, 218,
       27, 144, 81, 46, 2, 221, 189, 26, 106, 146, 173, 83, 220, 118, 9,
       239, 68, 247, 211, 104, 112, 52, 90, 12, 88, 155, 8, 153, 55, 249,
       173, 32, 76, 248, 195, 161, 33, 161, 175, 83, 74, 244, 175, 99,
       176, 112, 8, 127, 72, 51, 193, 184, 116, 16, 170, 6, 126, 251,
       184, 32, 63, 172, 172, 32, 96, 112, 139, 194, 169, 208, 168, 158,
       186, 169, 236, 80, 7, 171, 31, 163, 25, 174, 147, 74, 91, 163,
