%YAML:1.0
---
descriptors: !!opencv-matrix
   rows: 234
   cols: 32
   dt: u
   data: [ 69, 128, 157, 163, 184, 236, 107, 152, 174, 233, 11, 64, 245,
       119, 72, 96, 145, 99, 125, 29, 19, 137, 91, 116, 205, 159, 47,
       208, 152, 67, 1, 56, 232, 144, 135, 117, 108, 173, 225, 19, 126,
       27, 115, 92, 178, 185, 80, 43, 137, 46, 102, 25, 179, 252, 211, 1,
       77, 186, 112, 64, 200, 8, 83, 186, 197, 98, 187, 78, 112, 142,
       115, 80, 252, 142, 103, 84, 118, 195, 135, 112, 182, 44, 72, 12,
       160, 167, 176, 74, 113, 173, 32, 8, 192, 162, 99, 225, 53, 92, 67,
       170, 148, 135, 79, 252, 86, 104, 218, 70, 83, 213, 177, 96, 125,
       236, 22, 254, 235, 183, 61, 190, 248, 174, 167, 208, 189, 155,
       240, 241, 171, 120, 61, 120, 237, 213, 208, 222, 207, 125, 180,
       29, 11, 158, 119, 184, 201, 9, 199, 85, 222, 111, 114, 144, 75,
       217, 85, 127, 219, 28, 238, 223, 42, 156, 58, 222, 213, 231, 183,
       230, 148, 79, 222, 18, 120, 255, 38, 96, 217, 123, 147, 129, 56,
       159, 50, 255, 121, 39, 154, 75, 17, 72, 173, 234, 217, 93, 111,
       254, 30, 6, 79, 124, 213, 194, 198, 150, 115, 233, 48, 99, 124,
       228, 63, 239, 233, 143, 55, 239, 241, 235, 202, 8, 61, 185, 240,
       40, 37, 133, 189, 163, 132, 79, 71, 191, 100, 243, 175, 24, 215,
       49, 91, 59, 217, 198, 124, 59, 121, 114, 89, 34, 237, 159, 69,
       116, 200, 122, 218, 2, 2, 157, 35, 184, 94, 225, 187, 231, 30, 69,
       72, 163, 181, 175, 32, 64, 235, 59, 147, 129, 18, 154, 18, 191,
       125, 38, 154, 73, 21, 8, 181, 250, 156, 148, 91, 235, 50, 162,
       107, 184, 52, 1, 251, 242, 209, 71, 168, 112, 126, 220, 14, 234,
       27, 148, 93, 47, 228, 173, 162, 64, 105, 147, 32, 176, 181, 93,
       115, 223, 84, 198, 239, 244, 213, 4, 230, 2, 115, 213, 53, 117,
       120, 248, 18, 234, 233, 179, 48, 175, 119, 168, 130, 0, 115, 187,
       116, 248, 41, 180, 20, 89, 253, 189, 112, 223, 223, 123, 108, 92,
       190, 184, 110, 189, 137, 10, 114, 24, 183, 106, 82, 213, 15, 90,
       80, 126, 218, 76, 203, 158, 33, 152, 36, 155, 253, 189, 224, 127,
       223, 123, 124, 92, 174, 248, 62, 237, 201, 42, 50, 29, 151, 122,
       83, 181, 15, 126, 80, 122, 218, 76, 216, 158, 64, 115, 56, 172,
       104, 15, 91, 120, 171, 236, 181, 173, 215, 215, 3, 16, 150, 181,
       93, 110, 72, 3, 194, 28, 211, 185, 33, 184, 16, 163, 6, 115, 244,
       125, 187, 102, 164, 78, 71, 148, 96, 234, 190, 8, 243, 85, 145,
       50, 152, 212, 93, 106, 233, 225, 241, 42, 243, 221, 37, 48, 64,
       251, 214, 115, 41, 255, 122, 123, 112, 143, 127, 246, 118, 12,
       124, 100, 49, 211, 163, 48, 126, 122, 6, 78, 227, 186, 32, 63,
       103, 175, 52, 128, 121, 145, 98, 185, 117, 124, 121, 102, 76, 79,
       71, 184, 193, 230, 173, 12, 87, 117, 91, 51, 144, 196, 92, 110,
       233, 39, 249, 42, 243, 205, 69, 60, 96, 251, 86, 114, 94, 191,
       248, 254, 235, 212, 30, 235, 171, 157, 157, 171, 172, 255, 100,
       118, 231, 251, 181, 131, 90, 74, 138, 241, 251, 213, 143, 251, 22,
       102, 167, 111, 8, 162, 131, 185, 116, 173, 233, 83, 62, 73, 91,
       212, 181, 141, 80, 8, 153, 42, 19, 29, 147, 184, 146, 211, 205,
       221, 154, 64, 140, 136, 211, 184, 215, 28, 239, 221, 38, 54, 239,
       50, 244, 234, 214, 230, 217, 230, 183, 99, 118, 228, 127, 239,
       225, 213, 181, 234, 84, 43, 235, 132, 45, 241, 113, 113, 130, 251,
       247, 217, 234, 205, 188, 199, 175, 89, 112, 251, 188, 158, 116,
       11, 175, 59, 247, 209, 211, 124, 130, 241, 29, 24, 126, 234, 212,
       12, 135, 187, 10, 241, 149, 155, 253, 221, 189, 207, 143, 125, 84,
       63, 172, 159, 110, 142, 207, 19, 243, 21, 18, 90, 250, 213, 45,
       86, 222, 238, 158, 28, 149, 255, 2, 140, 27, 155, 20, 227, 186,
       66, 30, 7, 81, 19, 180, 202, 36, 64, 217, 57, 3, 147, 38, 156, 75,
       127, 5, 38, 186, 65, 20, 9, 53, 130, 223, 92, 111, 182, 34, 6,
       111, 240, 181, 66, 215, 247, 125, 111, 177, 115, 118, 229, 61,
       239, 233, 213, 173, 239, 242, 235, 238, 128, 45, 241, 49, 113,
       136, 189, 127, 87, 164, 249, 181, 55, 252, 95, 126, 176, 190, 61,
       166, 37, 135, 51, 223, 9, 241, 252, 116, 111, 71, 59, 112, 131,
       70, 200, 199, 249, 244, 244, 157, 116, 137, 77, 85, 152, 163, 187,
       166, 24, 215, 115, 73, 27, 129, 212, 108, 58, 58, 103, 219, 32,
       219, 211, 85, 124, 224, 49, 134, 34, 74, 120, 183, 240, 41, 200,
       17, 7, 175, 159, 134, 57, 174, 159, 64, 219, 167, 55, 253, 16, 34,
       79, 146, 224, 211, 243, 94, 187, 130, 84, 135, 123, 150, 207, 71,
       185, 226, 130, 172, 255, 20, 26, 210, 242, 89, 226, 161, 73, 123,
       235, 55, 234, 224, 214, 15, 242, 52, 162, 255, 132, 53, 240, 161,
       137, 252, 236, 157, 116, 169, 105, 85, 191, 243, 187, 174, 24,
       215, 243, 73, 30, 145, 214, 108, 24, 107, 71, 219, 51, 251, 215,
       85, 117, 194, 240, 198, 43, 41, 89, 115, 69, 113, 222, 227, 80,
       117, 232, 118, 102, 89, 151, 165, 164, 126, 124, 150, 234, 129,
       176, 113, 236, 6, 252, 162, 130, 111, 191, 98, 253, 130, 186, 179,
       153, 226, 132, 185, 199, 190, 93, 80, 247, 188, 222, 116, 9, 231,
       59, 183, 149, 146, 221, 130, 241, 29, 26, 254, 226, 132, 5, 167,
       251, 12, 178, 246, 119, 237, 50, 244, 202, 227, 191, 55, 53, 73,
       248, 223, 171, 169, 87, 229, 179, 180, 240, 171, 160, 15, 219,
       255, 167, 199, 119, 255, 135, 205, 104, 243, 94, 115, 220, 35, 80,
       121, 70, 101, 16, 62, 199, 135, 61, 50, 40, 64, 14, 227, 244, 178,
       107, 81, 191, 0, 8, 66, 165, 103, 240, 253, 93, 254, 228, 166, 6,
       71, 85, 225, 194, 254, 70, 115, 115, 177, 123, 114, 228, 60, 110,
       233, 243, 181, 8, 242, 235, 103, 0, 175, 250, 96, 41, 37, 165,
       177, 67, 213, 111, 231, 173, 105, 237, 255, 8, 210, 117, 92, 52,
       217, 214, 74, 58, 27, 186, 249, 37, 45, 158, 5, 116, 195, 107,
       214, 242, 74, 243, 181, 219, 253, 221, 188, 207, 143, 125, 56,
       127, 140, 222, 236, 134, 239, 27, 255, 21, 215, 121, 234, 213, 63,
       80, 31, 239, 158, 28, 135, 245, 152, 252, 31, 241, 210, 79, 117,
       247, 52, 234, 226, 92, 151, 55, 65, 17, 167, 253, 95, 112, 105,
       254, 81, 94, 253, 139, 119, 100, 104, 48, 135, 251, 160, 255, 123,
       124, 244, 199, 231, 247, 84, 142, 252, 34, 48, 245, 162, 32, 248,
       122, 6, 74, 249, 191, 48, 47, 113, 173, 166, 8, 81, 184, 246, 235,
       86, 133, 145, 170, 207, 100, 28, 238, 15, 51, 202, 3, 204, 238,
       108, 218, 243, 223, 187, 149, 30, 27, 219, 225, 191, 244, 223,
       127, 144, 94, 169, 78, 66, 58, 182, 176, 43, 224, 48, 71, 175,
       159, 130, 177, 172, 191, 98, 218, 167, 51, 235, 145, 2, 75, 146,
       225, 155, 114, 90, 187, 130, 68, 47, 91, 10, 156, 186, 254, 179,
       242, 151, 230, 148, 7, 222, 50, 236, 255, 34, 96, 223, 123, 147,
       129, 58, 139, 50, 255, 235, 247, 158, 75, 150, 75, 173, 251, 171,
       136, 97, 89, 229, 253, 225, 215, 79, 91, 124, 18, 144, 156, 246,
       44, 201, 10, 22, 25, 151, 56, 118, 209, 15, 24, 182, 238, 215, 76,
       212, 255, 21, 207, 198, 189, 162, 130, 46, 247, 54, 138, 90, 226,
       121, 226, 161, 200, 127, 239, 38, 202, 192, 216, 15, 251, 184,
       166, 255, 132, 189, 240, 169, 137, 190, 152, 173, 184, 13, 245,
       80, 210, 151, 95, 180, 23, 30, 157, 115, 200, 201, 147, 191, 145,
       47, 111, 115, 179, 219, 211, 218, 91, 208, 13, 124, 82, 197, 246,
       157, 119, 168, 44, 71, 175, 234, 187, 170, 120, 214, 115, 73, 27,
       133, 215, 108, 24, 121, 69, 203, 34, 172, 190, 117, 116, 192, 112,
       131, 33, 177, 77, 55, 94, 29, 206, 199, 244, 212, 200, 244, 0,
       243, 213, 53, 101, 72, 240, 90, 106, 233, 167, 114, 45, 33, 250,
       64, 24, 81, 155, 112, 248, 228, 165, 156, 113, 153, 47, 66, 139,
       114, 179, 169, 24, 215, 99, 72, 27, 145, 214, 104, 58, 58, 65,
       219, 18, 201, 134, 69, 124, 192, 97, 130, 2, 69, 84, 63, 101, 40,
       14, 101, 56, 124, 138, 255, 68, 215, 115, 8, 115, 150, 68, 110,
       42, 225, 161, 121, 14, 231, 190, 97, 20, 72, 242, 65, 35, 9, 157,
