%YAML:1.0
---
descriptors: !!opencv-matrix
   rows: 169
   cols: 32
   dt: u
   data: [ 16, 61, 27, 189, 146, 199, 166, 119, 150, 128, 78, 66, 181,
       247, 33, 197, 122, 123, 19, 153, 65, 217, 18, 254, 185, 229, 15,
       74, 32, 8, 37, 187, 97, 227, 146, 142, 216, 129, 134, 237, 10,
       129, 201, 232, 228, 226, 96, 68, 216, 236, 42, 69, 80, 11, 202,
       83, 184, 52, 15, 122, 16, 58, 163, 133, 61, 85, 107, 103, 84, 79,
       71, 56, 100, 192, 239, 12, 211, 81, 17, 48, 88, 204, 82, 110, 201,
       178, 121, 12, 103, 237, 133, 4, 107, 187, 114, 160, 0, 207, 27,
       175, 52, 162, 175, 247, 20, 1, 90, 226, 245, 227, 176, 64, 95, 43,
       11, 169, 34, 152, 73, 63, 224, 166, 170, 128, 52, 218, 181, 169,
       51, 159, 34, 138, 246, 151, 150, 254, 223, 77, 216, 231, 106, 232,
       182, 196, 220, 106, 135, 119, 220, 171, 12, 191, 56, 52, 36, 218,
       95, 143, 248, 221, 29, 84, 93, 107, 176, 42, 111, 184, 116, 0,
       255, 228, 211, 67, 137, 112, 127, 212, 76, 250, 169, 180, 109, 62,
       230, 239, 35, 68, 232, 179, 96, 49, 74, 120, 158, 240, 41, 232,
       25, 7, 175, 159, 134, 57, 172, 159, 65, 90, 167, 55, 253, 16, 2,
       79, 130, 224, 219, 243, 94, 187, 130, 68, 135, 91, 226, 145, 237,
       21, 12, 72, 189, 39, 202, 255, 130, 255, 160, 44, 84, 75, 200,
       167, 107, 133, 221, 77, 247, 65, 5, 34, 254, 146, 5, 104, 212,
       126, 58, 142, 42, 184, 245, 243, 242, 230, 20, 79, 220, 179, 32,
       236, 182, 192, 249, 250, 135, 145, 190, 187, 0, 255, 122, 103,
       190, 203, 151, 77, 252, 219, 40, 177, 25, 97, 112, 143, 113, 51,
       36, 41, 126, 108, 151, 23, 0, 16, 12, 156, 102, 8, 1, 184, 81, 7,
       197, 141, 48, 64, 106, 136, 66, 187, 223, 89, 118, 246, 173, 6,
       221, 181, 237, 94, 159, 165, 76, 255, 191, 95, 230, 119, 253, 207,
       208, 193, 139, 224, 130, 250, 222, 146, 14, 247, 225, 91, 93, 38,
       156, 165, 56, 42, 75, 58, 50, 170, 142, 68, 223, 99, 195, 115, 23,
       197, 124, 44, 137, 208, 233, 8, 204, 231, 111, 148, 172, 224, 1,
       41, 74, 251, 6, 155, 233, 133, 44, 199, 174, 25, 74, 229, 172,
       194, 96, 204, 228, 43, 123, 213, 82, 217, 211, 241, 36, 48, 154,
       202, 152, 20, 169, 157, 173, 89, 119, 69, 115, 218, 235, 80, 117,
       232, 118, 226, 89, 151, 165, 180, 126, 124, 22, 234, 161, 176, 37,
       236, 71, 238, 34, 128, 103, 183, 102, 241, 53, 93, 75, 251, 180,
       135, 79, 247, 84, 202, 218, 70, 115, 209, 177, 96, 127, 238, 30,
       110, 233, 191, 61, 190, 232, 174, 167, 128, 61, 250, 240, 185, 24,
       182, 243, 121, 51, 190, 59, 87, 63, 73, 127, 213, 174, 167, 136,
       228, 55, 59, 142, 20, 147, 184, 49, 223, 143, 247, 18, 66, 238,
       196, 175, 253, 241, 145, 95, 206, 250, 82, 78, 125, 196, 72, 243,
       226, 113, 242, 164, 113, 126, 180, 62, 234, 249, 139, 46, 157, 50,
       171, 231, 136, 61, 170, 232, 53, 223, 28, 239, 213, 54, 50, 235,
       18, 252, 194, 214, 246, 249, 166, 183, 111, 102, 228, 63, 175,
       161, 149, 165, 206, 84, 43, 234, 128, 45, 225, 49, 113, 17, 77,
       67, 13, 52, 90, 100, 63, 117, 194, 106, 196, 163, 160, 181, 245,
       114, 172, 44, 44, 205, 184, 53, 12, 160, 170, 37, 0, 109, 248,
       120, 124, 136, 159, 127, 85, 162, 217, 181, 55, 252, 78, 118, 176,
       190, 189, 182, 37, 166, 51, 255, 1, 241, 253, 38, 127, 103, 59,
       112, 195, 70, 136, 135, 249, 24, 90, 122, 166, 114, 130, 123, 80,
       53, 68, 87, 167, 119, 215, 163, 80, 118, 253, 23, 199, 168, 146,
       40, 110, 243, 229, 162, 129, 36, 179, 38, 123, 229, 116, 29, 101,
       112, 46, 127, 184, 121, 170, 123, 80, 215, 123, 9, 113, 149, 85,
       108, 106, 225, 212, 217, 14, 229, 191, 101, 132, 64, 241, 67, 35,
       51, 159, 98, 142, 182, 179, 158, 238, 69, 76, 216, 231, 110, 232,
       182, 196, 222, 106, 151, 119, 223, 171, 13, 191, 184, 52, 47, 202,
       95, 223, 184, 221, 69, 124, 149, 117, 240, 110, 101, 63, 57, 170,
       106, 76, 254, 51, 1, 57, 181, 126, 78, 42, 97, 240, 209, 8, 229,
       190, 101, 0, 74, 242, 3, 163, 172, 37, 29, 101, 156, 111, 65, 41,
       114, 162, 161, 24, 211, 17, 8, 57, 24, 140, 64, 40, 57, 246, 209,
       30, 197, 139, 97, 52, 64, 104, 66, 162, 37, 199, 97, 79, 244, 47,
       231, 189, 84, 104, 121, 76, 211, 97, 157, 52, 88, 206, 6, 110,
       233, 178, 125, 62, 37, 190, 37, 4, 89, 251, 210, 160, 88, 204, 60,
       254, 137, 200, 21, 174, 143, 22, 172, 9, 174, 251, 34, 91, 193,
       115, 233, 66, 106, 111, 195, 181, 243, 243, 86, 27, 16, 88, 133,
       42, 245, 213, 108, 109, 56, 110, 79, 184, 97, 108, 191, 172, 83,
       103, 155, 115, 88, 196, 124, 238, 248, 227, 237, 13, 242, 235,
       225, 212, 97, 179, 70, 112, 109, 149, 94, 238, 62, 130, 75, 57,
       196, 64, 249, 102, 241, 242, 184, 113, 90, 160, 30, 238, 253, 163,
       78, 29, 232, 169, 163, 200, 61, 171, 112, 1, 66, 186, 146, 176,
       235, 228, 56, 71, 171, 29, 2, 181, 172, 191, 100, 90, 167, 59,
       235, 145, 18, 73, 146, 241, 157, 84, 94, 235, 128, 68, 47, 27, 34,
       248, 178, 88, 237, 253, 144, 199, 223, 115, 180, 24, 174, 154,
       100, 172, 137, 59, 210, 16, 23, 111, 242, 241, 31, 216, 86, 123,
       219, 88, 207, 158, 195, 190, 157, 179, 162, 236, 57, 151, 190,
       127, 22, 245, 188, 38, 194, 123, 167, 23, 255, 21, 179, 89, 163,
       241, 156, 179, 126, 194, 136, 192, 131, 125, 102, 162, 237, 144,
       236, 233, 201, 203, 159, 189, 176, 185, 134, 140, 212, 24, 137,
       130, 111, 21, 30, 111, 235, 80, 92, 18, 189, 253, 196, 12, 214,
       210, 244, 172, 157, 117, 184, 110, 71, 176, 226, 186, 163, 24,
       215, 51, 65, 27, 129, 116, 108, 122, 57, 229, 217, 10, 233, 227,
       101, 20, 192, 113, 6, 34, 252, 164, 149, 117, 153, 79, 71, 174,
       242, 183, 160, 24, 247, 241, 72, 19, 145, 86, 104, 48, 58, 109,
       219, 55, 233, 242, 21, 125, 192, 96, 198, 42, 73, 50, 25, 161, 98,
       14, 121, 17, 40, 41, 71, 100, 159, 23, 0, 88, 166, 29, 125, 28, 1,
       152, 193, 0, 197, 165, 58, 192, 40, 128, 3, 57, 171, 125, 43, 70,
       93, 244, 187, 86, 200, 204, 254, 22, 56, 156, 54, 162, 236, 60,
       243, 79, 193, 175, 178, 231, 115, 121, 2, 40, 67, 31, 245, 252,
       89, 34, 153, 165, 52, 14, 89, 59, 115, 173, 78, 0, 223, 35, 194,
       114, 54, 100, 124, 44, 136, 216, 161, 136, 222, 239, 115, 144,
       166, 160, 1, 105, 231, 107, 252, 88, 236, 25, 93, 200, 235, 182,
       180, 168, 18, 8, 215, 59, 235, 192, 106, 126, 230, 103, 239, 80,
       22, 24, 101, 61, 85, 177, 106, 4, 101, 164, 157, 103, 152, 47, 71,
       138, 114, 163, 171, 24, 215, 115, 72, 58, 17, 212, 104, 42, 56,
       240, 217, 10, 237, 174, 69, 52, 224, 115, 194, 32, 2, 156, 123,
       254, 179, 230, 51, 246, 182, 7, 206, 50, 252, 247, 32, 96, 223,
       123, 147, 144, 58, 159, 48, 255, 235, 183, 158, 203, 144, 81, 164,
       235, 138, 159, 126, 126, 226, 237, 189, 119, 189, 87, 126, 179,
       61, 191, 54, 65, 39, 59, 251, 140, 242, 253, 50, 247, 87, 251, 90,
       193, 119, 192, 165, 251, 67, 143, 214, 206, 254, 114, 62, 103,
       157, 192, 255, 162, 110, 236, 166, 231, 126, 246, 190, 34, 117,
       187, 174, 237, 54, 126, 101, 139, 63, 238, 232, 29, 151, 89, 119,
       71, 114, 218, 235, 80, 125, 192, 119, 226, 89, 87, 181, 180, 126,
       124, 22, 234, 161, 180, 45, 238, 39, 254, 2, 130, 103, 179, 102,
       245, 3, 251, 51, 217, 238, 201, 173, 255, 222, 125, 88, 102, 188,
       242, 252, 32, 239, 107, 50, 77, 211, 120, 174, 245, 60, 24, 190,
       172, 84, 24, 165, 233, 212, 96, 157, 119, 9, 205, 65, 8, 178, 177,
       163, 24, 247, 211, 73, 26, 129, 244, 104, 90, 10, 103, 219, 32,
       217, 195, 81, 48, 224, 33, 2, 34, 27, 148, 82, 73, 19, 191, 122,
       83, 63, 73, 126, 198, 44, 135, 182, 228, 119, 155, 159, 156, 147,
       153, 53, 215, 31, 127, 18, 194, 255, 134, 41, 181, 222, 9, 174,
       252, 141, 100, 127, 202, 167, 150, 142, 2, 107, 251, 33, 123, 232,
       245, 249, 194, 8, 67, 155, 224, 211, 227, 207, 27, 162, 113, 52,
