%YAML:1.0
---
descriptors: !!opencv-matrix
   rows: 156
   cols: 32
   dt: u
   data: [ 107, 209, 253, 94, 91, 221, 89, 57, 67, 117, 173, 25, 122, 93,
       30, 246, 204, 146, 179, 92, 155, 74, 122, 181, 95, 123, 80, 123,
       50, 15, 214, 114, 35, 219, 115, 90, 181, 211, 199, 199, 95, 77,
       250, 98, 42, 220, 180, 244, 223, 187, 182, 208, 235, 184, 99, 255,
       42, 126, 148, 194, 87, 28, 228, 125, 221, 20, 239, 197, 38, 50,
       233, 112, 244, 226, 215, 246, 217, 47, 147, 107, 118, 244, 127,
       175, 161, 213, 181, 202, 86, 107, 235, 132, 39, 224, 113, 112,
       188, 126, 119, 71, 114, 202, 251, 112, 53, 228, 119, 162, 89, 87,
       171, 52, 62, 124, 23, 234, 225, 180, 41, 238, 103, 239, 34, 128,
       103, 183, 102, 241, 9, 157, 3, 253, 181, 215, 111, 247, 85, 73,
       94, 70, 187, 246, 176, 228, 124, 106, 30, 140, 249, 184, 48, 255,
       161, 254, 182, 0, 30, 206, 240, 253, 94, 184, 184, 240, 171, 253,
       16, 198, 171, 53, 172, 57, 142, 159, 65, 186, 135, 187, 237, 144,
       26, 75, 210, 208, 219, 213, 27, 127, 146, 65, 15, 10, 212, 236,
       159, 118, 168, 72, 71, 174, 234, 186, 162, 8, 247, 243, 65, 123,
       129, 118, 108, 90, 104, 77, 139, 42, 233, 227, 117, 28, 224, 113,
       7, 42, 34, 143, 150, 222, 203, 209, 188, 239, 159, 31, 248, 179,
       108, 238, 36, 223, 205, 243, 163, 145, 54, 75, 74, 241, 31, 54,
       222, 207, 147, 76, 174, 142, 101, 113, 253, 103, 44, 15, 103, 184,
       96, 170, 187, 76, 211, 113, 217, 58, 28, 212, 100, 106, 201, 240,
       217, 8, 101, 142, 101, 52, 105, 251, 66, 33, 184, 88, 61, 59, 45,
       207, 80, 87, 223, 125, 180, 25, 30, 29, 50, 25, 201, 49, 239, 17,
       46, 111, 91, 52, 219, 211, 80, 115, 240, 28, 204, 90, 1, 7, 119,
       77, 180, 58, 238, 63, 125, 2, 122, 66, 195, 96, 156, 245, 122,
       198, 46, 46, 249, 176, 101, 15, 38, 238, 162, 4, 119, 250, 192,
       36, 220, 237, 150, 176, 157, 212, 86, 134, 191, 157, 174, 19, 143,
       187, 74, 210, 225, 215, 237, 208, 94, 79, 139, 227, 251, 247, 95,
       95, 162, 85, 173, 10, 2, 129, 40, 169, 52, 195, 186, 107, 14, 13,
       89, 3, 164, 156, 58, 64, 216, 27, 147, 145, 22, 24, 64, 157, 173,
       117, 138, 195, 20, 10, 181, 195, 81, 34, 214, 165, 36, 10, 104,
       24, 47, 164, 194, 78, 223, 131, 128, 82, 114, 132, 108, 44, 9,
       145, 133, 204, 148, 244, 35, 16, 44, 162, 9, 8, 26, 156, 179, 248,
       147, 230, 59, 230, 55, 71, 206, 51, 120, 247, 32, 64, 125, 187,
       147, 144, 58, 159, 49, 255, 249, 231, 158, 195, 163, 64, 165, 234,
       60, 181, 120, 235, 189, 247, 219, 89, 71, 125, 253, 2, 91, 93, 62,
       32, 221, 155, 151, 179, 155, 34, 121, 149, 203, 221, 129, 255,
       247, 139, 244, 243, 44, 56, 244, 240, 237, 253, 80, 210, 139, 253,
       180, 9, 31, 159, 67, 186, 201, 209, 247, 80, 30, 99, 250, 176,
       223, 221, 17, 127, 211, 13, 78, 211, 163, 239, 106, 174, 126, 147,
       206, 253, 85, 232, 92, 234, 125, 200, 186, 33, 30, 105, 22, 239,
       229, 163, 12, 255, 114, 8, 45, 188, 125, 186, 248, 141, 173, 143,
       197, 55, 236, 31, 110, 184, 55, 234, 243, 85, 211, 105, 17, 145,
       221, 230, 126, 110, 253, 250, 89, 63, 46, 223, 229, 20, 218, 253,
       90, 192, 90, 11, 183, 190, 43, 224, 25, 103, 191, 21, 196, 161,
       172, 231, 32, 95, 230, 179, 239, 129, 24, 203, 162, 249, 209, 243,
       218, 155, 146, 68, 167, 123, 18, 249, 114, 223, 37, 213, 95, 246,
       31, 76, 124, 34, 42, 215, 183, 100, 232, 250, 151, 202, 202, 184,
       34, 255, 43, 220, 150, 171, 19, 156, 100, 255, 165, 70, 229, 67,
       100, 43, 207, 184, 86, 254, 191, 234, 211, 96, 221, 47, 89, 196,
       62, 110, 233, 244, 109, 30, 12, 142, 229, 180, 119, 251, 84, 228,
       33, 7, 125, 77, 180, 42, 239, 191, 124, 2, 122, 68, 211, 32, 149,
       113, 122, 198, 46, 110, 249, 176, 101, 110, 164, 190, 102, 4, 76,
       242, 193, 169, 120, 120, 188, 242, 105, 221, 84, 85, 171, 249,
       164, 9, 191, 159, 67, 186, 132, 177, 253, 16, 78, 99, 242, 160,
       211, 217, 84, 59, 202, 84, 14, 91, 149, 207, 91, 238, 52, 131, 75,
       244, 148, 136, 219, 226, 115, 193, 176, 96, 126, 232, 30, 110,
       249, 173, 13, 63, 248, 237, 167, 192, 60, 139, 112, 33, 33, 186,
       184, 16, 237, 173, 209, 71, 239, 61, 184, 29, 174, 152, 70, 26,
       141, 171, 106, 21, 150, 107, 242, 81, 223, 28, 20, 122, 192, 72,
       195, 207, 63, 207, 102, 14, 254, 147, 142, 236, 85, 96, 222, 226,
       123, 232, 182, 229, 94, 110, 23, 239, 253, 187, 13, 189, 56, 60,
       37, 208, 127, 191, 248, 141, 98, 239, 98, 218, 253, 209, 188, 231,
       159, 29, 216, 179, 168, 174, 54, 68, 239, 59, 251, 129, 198, 11,
       230, 247, 55, 124, 158, 219, 23, 20, 255, 222, 229, 164, 152, 85,
       201, 127, 69, 139, 115, 183, 167, 24, 211, 113, 73, 63, 17, 198,
       104, 58, 60, 118, 235, 2, 143, 219, 85, 61, 194, 241, 194, 32,
       155, 181, 96, 65, 183, 155, 188, 47, 93, 97, 92, 183, 169, 60,
       150, 165, 191, 171, 151, 189, 247, 184, 101, 223, 46, 89, 158,
       226, 127, 220, 217, 157, 56, 35, 82, 65, 112, 27, 234, 81, 105,
       36, 255, 200, 11, 3, 132, 148, 122, 140, 70, 232, 88, 178, 101,
       76, 54, 249, 34, 0, 99, 130, 106, 128, 56, 243, 76, 161, 30, 91,
       193, 104, 6, 252, 182, 234, 67, 12, 210, 128, 56, 132, 206, 96,
       73, 51, 109, 157, 188, 65, 161, 181, 127, 174, 88, 89, 252, 106,
       237, 101, 172, 14, 79, 186, 113, 190, 178, 92, 147, 45, 145, 123,
       141, 196, 108, 110, 232, 102, 241, 42, 211, 235, 101, 20, 96, 241,
       70, 98, 203, 54, 191, 145, 162, 252, 57, 23, 190, 127, 22, 244,
       157, 54, 210, 123, 39, 23, 255, 157, 179, 220, 167, 192, 204, 59,
       254, 192, 140, 196, 163, 121, 201, 12, 175, 221, 4, 182, 233, 19,
       244, 194, 214, 18, 185, 175, 179, 107, 101, 180, 123, 141, 176,
       221, 181, 202, 87, 123, 250, 128, 6, 232, 113, 104, 248, 236, 21,
       117, 153, 235, 69, 175, 242, 55, 162, 24, 182, 49, 64, 19, 129,
       86, 104, 56, 58, 109, 201, 63, 233, 150, 85, 125, 194, 80, 198,
       42, 120, 104, 184, 240, 91, 253, 88, 71, 171, 181, 172, 24, 142,
       151, 65, 26, 161, 187, 233, 144, 2, 79, 210, 80, 223, 221, 16,
       123, 162, 0, 47, 10, 101, 119, 209, 103, 244, 15, 238, 24, 65,
       168, 251, 76, 211, 113, 217, 164, 92, 204, 20, 110, 201, 178, 221,
       10, 164, 140, 37, 52, 111, 187, 82, 33, 103, 245, 41, 67, 252,
       125, 95, 152, 95, 123, 189, 28, 88, 93, 94, 121, 157, 94, 95, 126,
       243, 1, 249, 247, 127, 29, 133, 252, 218, 219, 208, 117, 184, 248,
       255, 50, 45, 217, 84, 206, 223, 95, 180, 59, 47, 221, 111, 139,
       139, 145, 239, 17, 78, 101, 42, 145, 211, 211, 84, 63, 115, 92,
       76, 75, 193, 178, 148, 117, 168, 14, 80, 59, 59, 187, 162, 124,
       215, 51, 201, 123, 149, 85, 108, 60, 184, 76, 193, 2, 140, 254,
       117, 246, 200, 160, 3, 11, 117, 149, 109, 207, 148, 102, 111, 184,
       100, 68, 207, 134, 209, 119, 152, 97, 88, 212, 56, 239, 249, 178,
       125, 13, 229, 175, 163, 4, 37, 227, 116, 96, 57, 216, 62, 110, 42,
       215, 27, 244, 5, 76, 86, 162, 123, 149, 162, 101, 230, 124, 183,
       78, 200, 155, 53, 189, 115, 233, 32, 203, 118, 159, 36, 249, 139,
       144, 172, 155, 173, 189, 176, 207, 207, 81, 213, 23, 204, 216, 62,
       234, 235, 3, 251, 21, 150, 47, 94, 209, 158, 83, 218, 255, 220,
       12, 185, 135, 45, 141, 199, 53, 252, 31, 102, 186, 127, 234, 242,
       68, 246, 232, 147, 241, 217, 102, 126, 110, 245, 248, 109, 60, 46,
       127, 101, 144, 202, 253, 82, 197, 35, 223, 117, 91, 246, 153, 252,
       191, 95, 89, 120, 246, 168, 220, 180, 228, 207, 155, 182, 17, 215,
       184, 103, 247, 46, 28, 182, 194, 85, 156, 196, 93, 187, 157, 104,
       248, 219, 245, 88, 239, 151, 87, 140, 147, 41, 255, 126, 216, 239,
       155, 147, 148, 190, 11, 126, 247, 95, 95, 154, 255, 191, 68, 168,
       222, 90, 60, 150, 184, 11, 253, 16, 71, 191, 31, 164, 57, 174,
       191, 99, 158, 163, 187, 237, 17, 30, 79, 146, 241, 155, 215, 90,
