%YAML:1.0
---
descriptors: !!opencv-matrix
   rows: 219
   cols: 32
   dt: u
   data: [ 141, 98, 189, 245, 45, 13, 101, 216, 251, 190, 52, 24, 159,
       209, 73, 59, 128, 76, 110, 94, 65, 118, 250, 0, 199, 219, 117, 60,
       194, 185, 67, 163, 21, 206, 135, 151, 150, 155, 38, 232, 86, 179,
       66, 66, 115, 224, 169, 101, 121, 238, 34, 106, 34, 208, 47, 63,
       188, 38, 199, 4, 176, 123, 16, 164, 124, 229, 131, 190, 222, 3,
       70, 233, 22, 162, 192, 74, 115, 225, 105, 81, 89, 238, 34, 234,
       104, 99, 207, 63, 248, 135, 231, 124, 177, 120, 112, 160, 112,
       164, 199, 188, 28, 3, 194, 105, 86, 160, 242, 74, 115, 224, 80, 0,
       89, 236, 106, 41, 40, 251, 207, 31, 184, 166, 229, 92, 101, 40,
       114, 0, 53, 69, 99, 44, 86, 3, 198, 120, 116, 192, 251, 198, 83,
       104, 181, 96, 120, 236, 22, 239, 205, 179, 69, 14, 48, 172, 33, 0,
       109, 187, 112, 132, 2, 32, 87, 237, 110, 3, 168, 72, 110, 160,
       210, 203, 204, 137, 52, 193, 250, 13, 123, 101, 64, 211, 199, 216,
       20, 40, 11, 170, 28, 168, 49, 128, 7, 217, 110, 248, 118, 135,
       191, 115, 140, 200, 216, 231, 180, 221, 180, 32, 238, 177, 23,
       199, 193, 171, 2, 253, 116, 29, 174, 136, 29, 168, 177, 177, 4,
       140, 135, 151, 212, 139, 166, 233, 150, 179, 66, 18, 228, 226, 41,
       201, 121, 110, 34, 146, 48, 248, 11, 127, 188, 6, 223, 64, 128,
       120, 177, 136, 244, 140, 130, 190, 222, 35, 38, 235, 22, 130, 232,
       90, 113, 226, 41, 65, 121, 234, 2, 170, 120, 103, 142, 63, 60,
       166, 199, 108, 177, 120, 48, 136, 66, 160, 150, 159, 28, 138, 168,
       169, 190, 177, 66, 2, 228, 226, 104, 66, 113, 111, 106, 144, 2,
       216, 203, 253, 140, 50, 223, 68, 144, 32, 9, 0, 5, 223, 31, 251,
       52, 135, 239, 113, 28, 72, 89, 102, 181, 219, 176, 96, 254, 57,
       22, 203, 225, 184, 0, 127, 164, 142, 174, 192, 28, 138, 33, 169,
       2, 160, 215, 189, 78, 139, 168, 200, 158, 177, 82, 2, 236, 232,
       116, 72, 51, 109, 123, 145, 2, 249, 139, 221, 28, 34, 95, 108, 21,
       40, 49, 128, 112, 128, 207, 220, 94, 3, 200, 107, 86, 163, 226,
       218, 113, 232, 52, 89, 123, 237, 35, 169, 40, 254, 207, 223, 24,
       38, 223, 76, 181, 40, 112, 136, 114, 32, 239, 221, 110, 131, 104,
       75, 87, 177, 210, 203, 81, 137, 20, 89, 122, 172, 115, 141, 136,
       222, 199, 208, 22, 42, 209, 128, 37, 136, 112, 136, 100, 140, 144,
       158, 216, 137, 166, 232, 18, 147, 96, 24, 228, 226, 105, 80, 89,
       74, 34, 114, 50, 66, 218, 63, 60, 38, 95, 108, 144, 120, 163, 136,
       109, 177, 181, 249, 253, 173, 121, 159, 187, 117, 181, 28, 159,
       251, 88, 94, 205, 155, 123, 156, 147, 106, 250, 209, 205, 216, 31,
       124, 154, 200, 195, 240, 2, 224, 150, 157, 95, 139, 168, 200, 158,
       176, 67, 2, 236, 232, 116, 66, 179, 109, 123, 81, 2, 241, 155,
       221, 13, 50, 79, 110, 21, 42, 17, 134, 33, 71, 121, 71, 116, 11,
       111, 248, 116, 4, 126, 238, 115, 1, 153, 52, 126, 216, 6, 106,
       201, 178, 109, 47, 100, 172, 32, 128, 101, 187, 70, 249, 34, 32,
       196, 205, 76, 3, 72, 72, 31, 176, 224, 11, 96, 202, 117, 88, 217,
       205, 123, 208, 10, 211, 203, 217, 31, 58, 197, 37, 21, 40, 112,
       130, 5, 204, 149, 159, 200, 207, 39, 172, 158, 187, 67, 80, 244,
       242, 201, 239, 145, 110, 106, 90, 115, 216, 251, 123, 45, 54, 95,
       66, 144, 123, 129, 172, 120, 81, 107, 228, 54, 66, 95, 116, 4,
       164, 223, 163, 83, 31, 48, 64, 126, 253, 61, 227, 72, 147, 49,
       172, 243, 233, 171, 129, 37, 187, 116, 123, 249, 203, 94, 172, 54,
       2, 111, 244, 100, 0, 242, 70, 83, 3, 160, 81, 122, 196, 44, 238,
       104, 147, 5, 45, 242, 235, 230, 0, 40, 178, 224, 9, 11, 188, 255,
       255, 254, 168, 235, 218, 255, 219, 87, 246, 253, 235, 208, 106,
       111, 107, 126, 31, 179, 220, 239, 243, 222, 255, 255, 192, 190,
       201, 161, 233, 98, 33, 51, 200, 77, 77, 144, 104, 239, 128, 225,
       9, 142, 218, 36, 84, 216, 189, 107, 97, 68, 35, 210, 220, 147,
       112, 11, 63, 82, 46, 39, 6, 17, 207, 94, 172, 158, 130, 78, 253,
       229, 0, 250, 70, 87, 66, 176, 97, 122, 229, 14, 234, 93, 171, 69,
       172, 184, 224, 166, 80, 56, 139, 168, 8, 197, 188, 167, 159, 236,
       237, 167, 254, 254, 251, 219, 119, 244, 245, 218, 111, 119, 110,
       122, 159, 179, 125, 255, 119, 124, 54, 95, 238, 158, 245, 177,
       245, 67, 190, 150, 30, 170, 185, 180, 239, 254, 155, 130, 237,
       228, 250, 224, 75, 239, 115, 234, 145, 182, 75, 207, 117, 188, 54,
       95, 250, 216, 112, 163, 31, 254, 253, 231, 255, 221, 211, 191,
       236, 23, 242, 207, 166, 121, 254, 109, 228, 125, 255, 251, 194,
       107, 223, 255, 255, 191, 247, 207, 231, 47, 123, 180, 254, 66,
       172, 166, 154, 141, 233, 148, 239, 158, 21, 128, 11, 238, 232,
       122, 143, 201, 235, 235, 17, 22, 107, 202, 241, 185, 54, 95, 123,
       144, 92, 151, 206, 120, 188, 154, 244, 97, 252, 80, 119, 185, 91,
       172, 25, 62, 191, 2, 155, 165, 51, 213, 0, 55, 75, 146, 3, 211,
       255, 80, 91, 202, 64, 207, 155, 63, 155, 115, 203, 119, 159, 122,
       80, 109, 72, 255, 102, 106, 221, 189, 244, 126, 184, 151, 222,
       203, 186, 44, 248, 55, 92, 134, 130, 127, 158, 104, 189, 255, 106,
       230, 64, 205, 27, 198, 192, 195, 182, 180, 174, 74, 200, 215, 191,
       105, 228, 230, 118, 236, 103, 238, 232, 50, 88, 197, 191, 239,
       255, 90, 4, 158, 239, 231, 159, 252, 203, 239, 236, 159, 254, 222,
       163, 105, 237, 253, 196, 123, 238, 255, 111, 123, 251, 171, 191,
       62, 118, 239, 229, 103, 255, 244, 252, 66, 172, 149, 186, 139,
       229, 20, 239, 190, 23, 128, 25, 236, 246, 104, 207, 193, 115, 235,
       145, 54, 75, 154, 241, 185, 214, 223, 123, 144, 84, 167, 14, 105,
       249, 57, 106, 57, 157, 83, 180, 203, 232, 60, 76, 190, 221, 66,
       48, 132, 112, 124, 88, 211, 42, 250, 49, 235, 221, 37, 122, 90,
       26, 71, 123, 187, 87, 242, 237, 61, 87, 223, 127, 93, 238, 254,
       175, 95, 63, 183, 228, 254, 221, 159, 173, 237, 191, 113, 206,
       243, 255, 167, 151, 127, 188, 124, 255, 138, 156, 182, 158, 125,
       255, 186, 226, 159, 79, 250, 51, 236, 254, 54, 196, 255, 251, 191,
       129, 182, 255, 75, 255, 190, 119, 218, 139, 150, 76, 45, 223, 9,
       207, 123, 223, 86, 157, 191, 242, 92, 0, 124, 70, 125, 237, 55,
       224, 126, 251, 18, 79, 227, 184, 62, 255, 119, 191, 2, 0, 83, 154,
       33, 233, 180, 237, 88, 239, 152, 35, 79, 252, 48, 166, 189, 16,
       215, 99, 9, 3, 91, 246, 77, 234, 120, 129, 8, 46, 225, 207, 39,
       52, 33, 243, 199, 162, 8, 156, 59, 251, 85, 237, 241, 247, 94, 79,
       124, 18, 188, 159, 34, 96, 249, 59, 19, 8, 51, 188, 112, 255, 103,
       223, 18, 97, 82, 8, 229, 234, 151, 221, 238, 222, 212, 39, 111,
       252, 86, 226, 95, 66, 113, 243, 189, 49, 63, 255, 55, 235, 249,
       209, 63, 111, 121, 46, 239, 128, 173, 243, 240, 161, 77, 52, 255,
       229, 160, 46, 109, 19, 40, 251, 47, 100, 223, 55, 192, 122, 183,
       85, 125, 60, 145, 208, 177, 64, 206, 255, 119, 196, 168, 226, 131,
       113, 77, 185, 189, 115, 165, 45, 125, 159, 107, 249, 62, 76, 158,
       63, 90, 59, 135, 67, 125, 28, 211, 120, 251, 113, 239, 219, 117,
       244, 202, 211, 195, 107, 60, 29, 123, 254, 60, 246, 255, 114, 212,
       72, 254, 2, 127, 255, 32, 96, 252, 123, 151, 234, 73, 187, 58,
       191, 251, 239, 39, 73, 59, 235, 101, 243, 84, 91, 75, 166, 82, 6,
       174, 240, 36, 200, 91, 199, 85, 227, 177, 80, 118, 237, 47, 239,
       193, 145, 25, 108, 244, 172, 171, 128, 45, 179, 33, 49, 73, 110,
       174, 212, 93, 157, 238, 246, 237, 138, 238, 72, 170, 169, 117,
       167, 172, 234, 122, 204, 193, 239, 178, 232, 55, 217, 214, 40, 66,
       124, 123, 172, 145, 76, 111, 253, 44, 10, 71, 52, 244, 226, 246,
       70, 115, 17, 177, 97, 120, 228, 124, 110, 233, 165, 101, 15, 242,
       235, 224, 16, 125, 184, 112, 40, 56, 249, 75, 110, 150, 139, 79,
       245, 128, 192, 254, 238, 115, 225, 160, 0, 62, 254, 76, 234, 89,
       171, 156, 45, 248, 237, 37, 24, 109, 186, 226, 184, 253, 104, 253,
