%YAML:1.0
---
descriptors: !!opencv-matrix
   rows: 194
   cols: 32
   dt: u
   data: [ 92, 17, 222, 247, 18, 66, 59, 184, 54, 176, 247, 162, 127,
       115, 41, 98, 118, 245, 46, 226, 8, 209, 29, 109, 220, 167, 111, 4,
       165, 163, 37, 35, 33, 131, 172, 58, 253, 221, 208, 105, 207, 125,
       249, 13, 226, 248, 94, 50, 201, 138, 102, 21, 158, 107, 127, 145,
       95, 95, 85, 127, 217, 14, 218, 198, 51, 143, 98, 140, 246, 131,
       143, 255, 85, 68, 220, 231, 118, 232, 182, 68, 94, 106, 23, 109,
       245, 187, 13, 191, 120, 60, 37, 200, 93, 222, 176, 221, 37, 71,
       83, 103, 52, 14, 103, 184, 104, 168, 123, 64, 211, 113, 153, 48,
       24, 68, 100, 106, 201, 176, 201, 14, 100, 190, 37, 4, 72, 243, 66,
       161, 229, 184, 189, 49, 168, 111, 69, 138, 126, 251, 160, 93, 210,
       96, 77, 27, 145, 70, 106, 20, 179, 100, 219, 51, 77, 154, 117,
       116, 192, 121, 198, 114, 120, 104, 184, 248, 11, 229, 81, 71, 171,
       181, 164, 8, 30, 159, 65, 122, 129, 185, 233, 144, 10, 79, 242,
       80, 219, 221, 28, 123, 242, 0, 39, 42, 185, 216, 47, 123, 33, 215,
       119, 244, 116, 78, 118, 39, 123, 157, 178, 113, 252, 250, 183,
       207, 205, 188, 57, 61, 115, 235, 112, 129, 123, 158, 116, 251,
       100, 176, 153, 112, 168, 77, 85, 155, 227, 187, 164, 8, 151, 179,
       65, 27, 129, 84, 108, 24, 26, 103, 219, 0, 203, 209, 85, 126, 192,
       224, 194, 34, 222, 40, 149, 184, 137, 244, 16, 135, 175, 211, 128,
       17, 174, 158, 103, 255, 193, 35, 249, 17, 62, 79, 146, 208, 155,
       210, 95, 59, 146, 84, 173, 78, 145, 235, 90, 172, 62, 131, 206,
       253, 86, 168, 88, 234, 115, 200, 184, 32, 30, 233, 22, 239, 237,
       163, 12, 191, 240, 137, 173, 188, 125, 186, 248, 13, 183, 86, 229,
       155, 236, 23, 207, 216, 87, 250, 145, 246, 81, 76, 253, 175, 127,
       201, 23, 255, 237, 102, 111, 248, 60, 10, 239, 172, 191, 255, 112,
       245, 34, 175, 149, 159, 217, 225, 188, 111, 159, 29, 248, 177,
       172, 238, 108, 214, 205, 59, 235, 129, 22, 75, 202, 247, 12, 22,
       218, 235, 16, 64, 175, 142, 246, 109, 86, 190, 137, 91, 86, 236,
       191, 130, 169, 9, 206, 250, 37, 213, 186, 249, 239, 98, 108, 107,
       218, 254, 179, 214, 79, 63, 82, 119, 110, 142, 114, 239, 146, 184,
       29, 221, 84, 231, 191, 190, 136, 9, 174, 250, 96, 215, 201, 255,
       239, 129, 110, 75, 202, 223, 185, 214, 15, 63, 18, 116, 175, 6,
       104, 156, 232, 186, 93, 244, 81, 2, 195, 85, 237, 19, 9, 253, 114,
       80, 201, 175, 175, 149, 30, 42, 242, 179, 95, 253, 146, 75, 183,
       69, 124, 82, 120, 80, 8, 236, 77, 67, 3, 120, 196, 204, 196, 14,
       97, 215, 34, 208, 88, 176, 206, 226, 73, 3, 115, 157, 144, 97,
       171, 31, 50, 46, 60, 209, 223, 108, 135, 182, 135, 118, 110, 192,
       177, 218, 131, 215, 73, 254, 123, 239, 241, 229, 185, 247, 189,
       215, 157, 226, 184, 98, 207, 134, 175, 119, 185, 84, 35, 211, 177,
       219, 252, 153, 172, 207, 95, 27, 120, 250, 172, 252, 252, 160,
       255, 27, 166, 17, 215, 58, 102, 243, 61, 22, 30, 234, 213, 88,
       133, 173, 223, 86, 111, 197, 38, 50, 233, 83, 252, 194, 214, 246,
       217, 15, 182, 107, 102, 180, 63, 173, 161, 213, 181, 206, 214, 43,
       234, 128, 47, 160, 113, 112, 124, 56, 188, 112, 173, 111, 83, 144,
       235, 182, 166, 12, 86, 241, 67, 27, 161, 228, 124, 90, 24, 99,
       186, 32, 219, 219, 69, 127, 224, 121, 86, 98, 155, 213, 107, 238,
       246, 116, 127, 127, 21, 78, 223, 150, 121, 95, 190, 97, 127, 147,
       151, 175, 235, 134, 63, 239, 115, 109, 170, 136, 63, 214, 176,
       123, 237, 181, 181, 83, 221, 95, 71, 191, 91, 187, 41, 88, 210,
       117, 76, 183, 145, 86, 120, 56, 179, 106, 249, 23, 47, 158, 213,
       124, 210, 104, 210, 32, 136, 159, 122, 94, 227, 221, 189, 119,
       252, 71, 126, 181, 44, 157, 182, 96, 39, 51, 235, 12, 242, 173,
       54, 247, 115, 111, 80, 11, 119, 196, 165, 251, 34, 255, 241, 220,
       125, 213, 159, 230, 223, 28, 124, 46, 168, 188, 180, 36, 206, 123,
       151, 65, 194, 42, 226, 255, 55, 92, 150, 170, 87, 28, 85, 255,
       224, 172, 157, 112, 25, 237, 81, 11, 239, 179, 164, 24, 182, 147,
       65, 58, 129, 178, 104, 24, 58, 111, 211, 51, 219, 215, 21, 123,
       208, 72, 198, 34, 82, 184, 146, 184, 155, 237, 16, 71, 191, 21,
       160, 25, 174, 186, 100, 220, 163, 187, 235, 17, 22, 75, 146, 241,
       155, 214, 90, 123, 210, 68, 175, 15, 43, 93, 98, 156, 125, 212,
       254, 118, 157, 200, 222, 135, 40, 156, 183, 228, 236, 235, 151,
       205, 205, 171, 54, 238, 51, 124, 154, 139, 79, 189, 122, 223, 118,
       169, 150, 190, 27, 129, 24, 224, 175, 17, 129, 41, 236, 247, 96,
       90, 230, 121, 235, 208, 86, 75, 138, 241, 155, 242, 222, 123, 146,
       6, 47, 138, 120, 121, 154, 102, 89, 221, 82, 85, 235, 137, 172, 8,
       46, 222, 101, 182, 164, 251, 238, 80, 15, 43, 178, 226, 179, 221,
       4, 59, 66, 18, 238, 175, 80, 16, 223, 229, 18, 74, 105, 56, 38,
       164, 231, 130, 221, 71, 0, 82, 118, 181, 108, 232, 9, 209, 149,
       76, 221, 163, 99, 4, 41, 162, 37, 48, 53, 77, 67, 71, 84, 10, 230,
       184, 101, 160, 122, 74, 115, 112, 157, 240, 120, 236, 6, 234, 201,
       176, 77, 14, 52, 172, 161, 4, 109, 251, 98, 164, 59, 207, 102,
       142, 182, 131, 143, 239, 85, 64, 218, 231, 115, 104, 182, 228, 94,
       234, 23, 111, 252, 187, 13, 189, 56, 46, 166, 192, 127, 223, 240,
       205, 162, 189, 51, 218, 244, 237, 186, 231, 190, 72, 240, 91, 188,
       254, 53, 177, 237, 187, 23, 81, 179, 175, 18, 127, 61, 30, 62,
       234, 89, 9, 103, 187, 2, 175, 156, 155, 249, 193, 189, 79, 158,
       93, 249, 177, 172, 230, 110, 198, 207, 59, 234, 145, 118, 75, 234,
       243, 44, 22, 158, 235, 144, 68, 173, 207, 82, 255, 23, 188, 153,
       205, 20, 230, 191, 133, 136, 13, 174, 186, 100, 213, 225, 107,
       235, 65, 108, 75, 146, 255, 185, 182, 31, 59, 24, 84, 175, 158,
       105, 51, 74, 140, 88, 158, 107, 80, 97, 236, 239, 238, 27, 130,
       147, 240, 116, 172, 110, 238, 137, 147, 229, 72, 212, 45, 162,
       136, 42, 135, 122, 84, 181, 103, 229, 198, 236, 19, 206, 252, 81,
       250, 185, 238, 83, 104, 221, 167, 127, 204, 22, 239, 237, 99, 109,
       168, 56, 10, 229, 188, 125, 251, 240, 245, 3, 94, 194, 157, 100,
       30, 236, 54, 61, 74, 86, 199, 233, 170, 183, 204, 126, 109, 55,
       143, 197, 148, 149, 211, 38, 126, 250, 128, 31, 246, 121, 157, 75,
       177, 150, 246, 169, 252, 84, 183, 169, 95, 175, 24, 238, 247, 74,
       255, 135, 87, 252, 10, 31, 73, 187, 225, 147, 251, 80, 91, 2, 196,
       143, 119, 209, 85, 62, 101, 52, 14, 85, 55, 237, 238, 174, 28,
       183, 51, 2, 115, 192, 166, 125, 12, 232, 217, 113, 12, 227, 251,
       116, 16, 0, 208, 196, 107, 121, 82, 106, 12, 121, 86, 83, 88, 229,
       204, 245, 46, 90, 215, 163, 112, 124, 160, 206, 234, 137, 163, 50,
       76, 209, 161, 163, 25, 107, 39, 102, 115, 1, 176, 179, 50, 201,
       173, 177, 71, 238, 21, 41, 29, 172, 216, 108, 24, 129, 43, 106,
       17, 150, 107, 154, 81, 93, 28, 22, 122, 192, 64, 131, 207, 42, 91,
       114, 252, 127, 145, 244, 103, 221, 76, 124, 167, 40, 142, 39, 212,
       206, 187, 135, 1, 196, 187, 50, 223, 54, 125, 146, 139, 95, 156,
       108, 223, 187, 157, 104, 248, 203, 241, 28, 239, 151, 119, 60,
       179, 41, 255, 38, 244, 239, 155, 147, 132, 190, 11, 126, 247, 127,
       95, 218, 255, 183, 196, 172, 222, 29, 69, 210, 199, 214, 62, 238,
       57, 117, 194, 127, 66, 121, 114, 157, 100, 126, 238, 54, 238, 205,
       176, 29, 206, 118, 174, 167, 0, 111, 250, 248, 132, 240, 41, 184,
       112, 205, 205, 81, 71, 235, 183, 164, 24, 46, 147, 68, 62, 136,
       187, 65, 24, 90, 111, 242, 82, 211, 217, 16, 59, 83, 0, 198, 170,
       10, 223, 179, 219, 246, 153, 172, 239, 94, 61, 120, 246, 172, 236,
       252, 164, 255, 27, 162, 1, 211, 122, 46, 247, 60, 22, 62, 174, 85,
       28, 133, 189, 18, 220, 226, 152, 243, 226, 63, 231, 183, 5, 206,
       178, 104, 247, 166, 68, 127, 187, 155, 176, 58, 155, 20, 255, 186,
