%YAML:1.0
---
descriptors: !!opencv-matrix
   rows: 136
   cols: 32
   dt: u
   data: [ 37, 71, 64, 69, 180, 58, 230, 184, 117, 162, 123, 196, 195,
       96, 157, 180, 27, 206, 70, 110, 237, 176, 77, 46, 44, 190, 37, 4,
       111, 251, 200, 132, 3, 223, 30, 190, 251, 150, 30, 228, 189, 86,
       204, 165, 204, 230, 35, 84, 215, 251, 195, 103, 204, 139, 30, 253,
       176, 54, 74, 15, 24, 119, 171, 223, 16, 149, 63, 238, 22, 198,
       111, 121, 148, 0, 223, 2, 117, 247, 40, 96, 120, 178, 31, 234,
       121, 153, 57, 61, 241, 175, 170, 64, 48, 170, 36, 56, 95, 115,
       174, 230, 60, 84, 27, 216, 132, 204, 159, 175, 219, 221, 187, 34,
       254, 213, 255, 247, 206, 3, 255, 141, 243, 201, 171, 221, 37, 187,
       52, 115, 194, 72, 119, 248, 73, 133, 88, 6, 167, 20, 234, 1, 38,
       219, 97, 80, 192, 187, 63, 208, 10, 30, 211, 241, 151, 240, 154,
       75, 48, 128, 36, 14, 32, 189, 57, 56, 221, 237, 145, 203, 206,
       117, 168, 29, 158, 152, 70, 16, 201, 155, 75, 17, 150, 43, 210,
       81, 93, 29, 27, 126, 209, 72, 167, 194, 129, 124, 159, 245, 64,
       204, 181, 119, 168, 131, 66, 64, 180, 183, 65, 35, 166, 59, 115,
       9, 97, 220, 146, 40, 237, 128, 126, 0, 8, 16, 131, 187, 22, 136,
       198, 253, 30, 2, 106, 232, 119, 128, 194, 131, 99, 107, 61, 65,
       251, 253, 59, 165, 104, 240, 77, 221, 190, 238, 207, 6, 181, 168,
       112, 128, 248, 161, 184, 106, 155, 197, 83, 205, 135, 61, 165, 11,
       27, 191, 72, 82, 200, 147, 237, 208, 26, 43, 251, 19, 219, 205, 5,
       127, 243, 10, 230, 74, 239, 34, 164, 21, 173, 56, 208, 138, 203,
       255, 182, 157, 202, 232, 223, 159, 129, 198, 236, 29, 142, 101,
       239, 224, 142, 91, 85, 191, 198, 253, 218, 69, 181, 221, 31, 238,
       188, 15, 71, 184, 196, 200, 139, 68, 215, 113, 57, 99, 208, 228,
       92, 110, 233, 161, 89, 61, 225, 235, 229, 20, 56, 187, 208, 32,
       168, 173, 122, 216, 253, 240, 113, 67, 219, 93, 125, 49, 168, 223,
       118, 89, 201, 58, 151, 16, 54, 107, 162, 247, 79, 249, 146, 107,
       146, 197, 236, 227, 212, 124, 186, 117, 162, 238, 183, 194, 250,
       242, 46, 17, 159, 187, 67, 58, 163, 125, 125, 82, 36, 117, 144,
       98, 223, 239, 103, 39, 200, 113, 7, 67, 44, 95, 99, 78, 112, 214,
       239, 240, 116, 136, 255, 64, 121, 213, 181, 180, 92, 248, 87, 234,
       201, 179, 56, 239, 119, 175, 163, 8, 67, 179, 102, 240, 31, 127,
       234, 70, 48, 31, 127, 248, 237, 232, 127, 204, 91, 253, 151, 182,
       54, 252, 221, 110, 201, 241, 188, 106, 227, 93, 37, 132, 110, 247,
       78, 113, 61, 93, 123, 134, 118, 255, 239, 240, 93, 232, 95, 106,
       91, 252, 189, 228, 126, 236, 22, 111, 197, 179, 44, 238, 180, 111,
       43, 128, 111, 255, 121, 245, 91, 29, 43, 188, 83, 214, 63, 119,
       180, 196, 206, 6, 61, 183, 35, 112, 252, 247, 187, 232, 105, 139,
       48, 239, 241, 231, 142, 9, 10, 124, 60, 122, 123, 185, 145, 80,
       201, 253, 80, 198, 235, 115, 164, 24, 190, 182, 69, 190, 129, 219,
       250, 80, 23, 107, 242, 241, 155, 216, 84, 123, 202, 85, 139, 190,
       34, 153, 51, 89, 125, 221, 189, 103, 222, 89, 124, 58, 188, 156,
       54, 36, 239, 59, 147, 1, 195, 58, 50, 247, 37, 28, 26, 170, 95,
       12, 199, 255, 1, 203, 27, 223, 52, 143, 111, 39, 236, 204, 250, 0,
       242, 226, 166, 96, 208, 106, 14, 76, 76, 184, 98, 127, 228, 190,
       38, 0, 16, 186, 96, 73, 181, 87, 105, 239, 188, 79, 95, 184, 81,
       238, 221, 236, 215, 125, 155, 112, 94, 220, 21, 111, 233, 182,
       109, 62, 228, 239, 173, 180, 117, 251, 86, 113, 35, 156, 59, 217,
       124, 253, 185, 99, 222, 89, 88, 18, 180, 156, 52, 36, 239, 59, 19,
       1, 151, 58, 50, 215, 5, 28, 26, 234, 85, 8, 55, 253, 125, 65, 31,
       236, 44, 78, 71, 56, 196, 160, 167, 8, 215, 115, 41, 115, 80, 228,
       124, 106, 73, 35, 249, 12, 241, 233, 97, 20, 32, 187, 112, 34, 48,
       125, 99, 69, 84, 202, 102, 240, 117, 224, 250, 199, 115, 204, 53,
       112, 122, 236, 6, 234, 201, 176, 53, 204, 51, 236, 167, 0, 109,
       186, 116, 188, 50, 205, 174, 190, 219, 221, 63, 231, 175, 76, 76,
       5, 237, 230, 35, 80, 164, 235, 243, 199, 70, 139, 26, 127, 245,
       119, 14, 139, 16, 118, 171, 223, 27, 93, 59, 212, 83, 214, 127,
       118, 117, 204, 238, 4, 60, 183, 35, 244, 124, 253, 146, 238, 233,
       155, 48, 238, 243, 255, 142, 2, 107, 180, 39, 253, 194, 192, 21,
       186, 76, 137, 64, 15, 143, 49, 67, 89, 230, 210, 108, 80, 225,
       139, 43, 17, 10, 30, 219, 81, 148, 48, 154, 110, 24, 8, 128, 8,
       80, 149, 95, 238, 22, 198, 79, 121, 164, 0, 239, 2, 115, 247, 168,
       96, 120, 182, 60, 234, 89, 139, 57, 31, 241, 175, 162, 64, 57,
       162, 228, 48, 84, 28, 159, 190, 139, 102, 21, 99, 160, 134, 139,
       17, 87, 247, 35, 91, 192, 247, 233, 162, 56, 203, 146, 10, 217,
       231, 207, 27, 160, 99, 36, 114, 123, 185, 144, 80, 233, 189, 80,
       199, 235, 121, 172, 12, 174, 186, 70, 190, 137, 171, 246, 16, 31,
       107, 210, 241, 155, 217, 20, 123, 202, 84, 202, 142, 10, 181, 19,
       186, 219, 229, 178, 239, 30, 17, 72, 10, 60, 247, 104, 132, 255,
       27, 147, 145, 19, 11, 26, 247, 61, 199, 27, 111, 155, 0, 175, 187,
       1, 223, 135, 191, 112, 130, 174, 190, 54, 72, 74, 228, 245, 98,
       129, 228, 117, 110, 50, 204, 227, 216, 85, 63, 44, 166, 190, 128,
       12, 144, 57, 25, 130, 207, 7, 157, 90, 133, 44, 239, 190, 9, 74,
       229, 180, 226, 37, 64, 228, 43, 59, 133, 99, 152, 67, 127, 36, 38,
       190, 136, 24, 16, 33, 153, 60, 93, 127, 110, 18, 198, 87, 112,
       101, 136, 255, 66, 115, 119, 33, 96, 126, 240, 21, 234, 105, 161,
       25, 62, 243, 239, 33, 0, 115, 179, 96, 35, 83, 218, 133, 181, 10,
       61, 172, 166, 172, 118, 138, 199, 237, 46, 18, 203, 167, 101, 252,
       135, 197, 197, 23, 241, 148, 98, 91, 146, 60, 117, 1, 92, 154,
       254, 246, 89, 83, 240, 120, 214, 243, 29, 126, 241, 9, 27, 22,
       220, 39, 154, 231, 152, 166, 220, 39, 247, 95, 91, 112, 199, 227,
       133, 110, 207, 226, 108, 34, 216, 93, 185, 180, 70, 253, 2, 152,
       27, 46, 216, 53, 164, 232, 171, 91, 1, 36, 47, 134, 254, 17, 28,
       26, 59, 213, 92, 127, 142, 124, 229, 189, 98, 136, 105, 87, 136,
       163, 182, 173, 24, 87, 247, 73, 27, 145, 214, 109, 114, 58, 99,
       203, 32, 251, 195, 101, 125, 224, 243, 198, 34, 32, 162, 153, 170,
       252, 173, 209, 79, 27, 57, 184, 9, 150, 153, 80, 24, 157, 155, 71,
       21, 18, 42, 202, 81, 221, 156, 17, 126, 208, 10, 70, 139, 62, 207,
       106, 222, 125, 210, 207, 230, 151, 68, 220, 167, 40, 238, 183,
       196, 221, 251, 151, 199, 239, 139, 110, 255, 50, 119, 143, 139,
       55, 247, 126, 252, 23, 191, 202, 131, 146, 183, 186, 192, 186,
       165, 171, 215, 73, 234, 55, 128, 255, 237, 147, 214, 188, 147, 28,
       254, 58, 77, 139, 229, 141, 103, 43, 148, 218, 143, 94, 188, 170,
       168, 94, 182, 187, 23, 158, 189, 175, 235, 2, 81, 167, 231, 253,
       199, 118, 9, 138, 119, 226, 231, 122, 217, 44, 213, 139, 67, 16,
       207, 46, 190, 152, 133, 63, 230, 190, 12, 204, 1, 53, 255, 35, 80,
       168, 227, 127, 199, 110, 11, 10, 63, 243, 231, 174, 137, 16, 113,
       175, 203, 44, 48, 209, 66, 77, 93, 64, 88, 43, 185, 49, 72, 10,
       153, 76, 156, 152, 152, 199, 90, 74, 118, 218, 208, 31, 216, 21,
       63, 211, 143, 86, 162, 164, 248, 62, 122, 124, 143, 115, 252, 189,
       24, 119, 17, 119, 221, 42, 113, 149, 48, 87, 106, 98, 173, 26, 63,
       235, 187, 101, 65, 88, 138, 202, 179, 42, 178, 40, 186, 93, 221,
       145, 221, 159, 29, 181, 31, 174, 205, 126, 4, 221, 27, 135, 21,
       158, 43, 122, 183, 219, 85, 57, 255, 211, 14, 221, 215, 200, 253,
       21, 247, 185, 207, 85, 55, 173, 129, 174, 8, 191, 55, 0, 243, 134,
       55, 122, 8, 97, 201, 243, 29, 239, 211, 84, 18, 2, 208, 135, 59,
       26, 149, 184, 250, 159, 229, 221, 239, 159, 87, 253, 19, 29, 255,
       46, 64, 201, 27, 147, 145, 58, 11, 122, 247, 251, 223, 158, 111,
       209, 66, 165, 250, 184, 172, 30, 124, 89, 245, 80, 234, 151, 30,
