%YAML:1.0
---
descriptors: !!opencv-matrix
   rows: 139
   cols: 32
   dt: u
   data: [ 102, 170, 172, 144, 173, 57, 88, 139, 251, 255, 180, 153, 138,
       236, 87, 159, 129, 206, 237, 21, 158, 103, 235, 192, 155, 83, 93,
       191, 198, 125, 222, 70, 37, 199, 196, 5, 180, 58, 230, 185, 125,
       166, 126, 228, 195, 96, 159, 164, 91, 204, 6, 108, 181, 176, 101,
       78, 44, 190, 37, 4, 239, 252, 200, 132, 246, 32, 236, 180, 141,
       121, 212, 138, 139, 247, 134, 155, 194, 236, 95, 31, 201, 215,
       253, 19, 28, 103, 255, 160, 155, 211, 221, 63, 197, 125, 222, 86,
       150, 101, 18, 188, 19, 239, 86, 97, 189, 134, 233, 25, 111, 210,
       37, 212, 184, 185, 203, 162, 124, 135, 18, 223, 177, 212, 11, 11,
       49, 118, 47, 134, 123, 249, 144, 112, 201, 253, 80, 198, 235, 121,
       172, 8, 142, 186, 70, 190, 137, 251, 244, 80, 31, 107, 210, 241,
       155, 221, 20, 123, 202, 84, 139, 158, 206, 146, 146, 160, 187, 48,
       56, 159, 191, 117, 3, 245, 204, 166, 234, 222, 215, 31, 175, 17,
       182, 93, 145, 194, 142, 118, 158, 207, 142, 196, 173, 87, 17, 127,
       195, 69, 182, 14, 111, 183, 124, 232, 90, 228, 215, 37, 145, 101,
       62, 126, 54, 108, 233, 248, 229, 14, 236, 174, 231, 132, 108, 240,
       209, 185, 17, 9, 46, 169, 60, 143, 203, 102, 204, 236, 154, 7,
       215, 72, 51, 32, 200, 33, 126, 103, 140, 169, 87, 28, 232, 129,
       171, 208, 92, 10, 49, 91, 232, 237, 16, 186, 157, 221, 80, 207,
       155, 29, 160, 25, 174, 217, 106, 147, 201, 155, 205, 17, 126, 111,
       202, 179, 251, 209, 21, 127, 210, 12, 158, 10, 92, 61, 191, 177,
       178, 234, 50, 194, 250, 187, 59, 49, 223, 255, 65, 26, 179, 125,
       237, 19, 20, 241, 136, 66, 219, 199, 39, 71, 224, 99, 143, 3, 3,
       229, 57, 221, 116, 205, 173, 239, 94, 61, 88, 82, 180, 238, 252,
       96, 239, 59, 50, 129, 195, 56, 118, 119, 173, 20, 158, 168, 20, 8,
       133, 253, 34, 157, 56, 156, 124, 205, 185, 111, 158, 29, 92, 26,
       164, 156, 54, 36, 205, 59, 19, 1, 195, 58, 114, 223, 21, 60, 26,
       170, 85, 8, 183, 253, 223, 115, 40, 238, 60, 6, 27, 152, 4, 204,
       159, 239, 211, 95, 219, 34, 222, 213, 125, 255, 207, 3, 253, 136,
       243, 233, 171, 156, 44, 187, 52, 115, 51, 133, 234, 136, 215, 227,
       206, 103, 86, 5, 104, 3, 67, 233, 50, 0, 121, 170, 19, 29, 18,
       187, 20, 158, 57, 14, 6, 73, 245, 78, 240, 202, 86, 94, 247, 244,
       75, 176, 62, 66, 185, 142, 202, 163, 45, 238, 101, 218, 167, 255,
       175, 194, 4, 207, 162, 234, 147, 247, 95, 139, 133, 117, 37, 239,
       1, 237, 137, 227, 148, 175, 111, 167, 94, 41, 90, 0, 247, 97, 56,
       96, 217, 106, 30, 28, 83, 184, 89, 61, 237, 142, 183, 64, 152,
       218, 208, 168, 32, 185, 57, 56, 221, 237, 176, 223, 206, 53, 168,
       77, 150, 153, 64, 16, 137, 27, 75, 21, 18, 42, 218, 87, 221, 213,
       27, 126, 208, 72, 135, 227, 194, 104, 21, 154, 168, 136, 16, 142,
       142, 17, 200, 97, 180, 146, 101, 88, 194, 171, 107, 17, 67, 13,
       195, 113, 148, 48, 26, 26, 24, 24, 33, 11, 28, 149, 127, 234, 30,
       227, 83, 249, 148, 12, 221, 163, 119, 247, 40, 64, 120, 186, 159,
       226, 90, 171, 9, 159, 249, 231, 163, 213, 53, 139, 52, 98, 83,
       173, 35, 131, 176, 240, 171, 167, 124, 65, 202, 64, 180, 50, 144,
       100, 97, 207, 28, 139, 187, 154, 229, 111, 184, 54, 190, 192, 140,
       66, 179, 44, 208, 99, 59, 232, 8, 205, 19, 72, 170, 140, 161, 8,
       150, 215, 33, 16, 176, 185, 77, 98, 72, 7, 162, 28, 209, 193, 35,
       59, 16, 35, 7, 35, 80, 172, 154, 184, 152, 237, 16, 207, 174, 63,
       136, 25, 166, 215, 98, 90, 161, 179, 111, 17, 30, 79, 210, 83,
       217, 149, 27, 123, 144, 64, 135, 74, 17, 149, 95, 238, 22, 198,
       111, 121, 148, 8, 207, 66, 115, 247, 168, 96, 120, 182, 30, 234,
       89, 137, 57, 31, 241, 175, 162, 64, 48, 162, 100, 32, 24, 189, 51,
       187, 219, 193, 183, 239, 30, 81, 72, 35, 188, 247, 40, 132, 251,
       27, 147, 129, 115, 26, 26, 255, 253, 196, 31, 106, 19, 12, 167,
       250, 89, 95, 59, 100, 114, 214, 63, 119, 53, 204, 254, 228, 61,
       183, 163, 116, 126, 125, 150, 238, 233, 155, 48, 206, 243, 255,
       39, 130, 106, 242, 47, 253, 144, 40, 155, 127, 48, 238, 99, 18,
       118, 131, 98, 80, 247, 209, 1, 88, 113, 254, 108, 88, 40, 252,
       209, 46, 205, 167, 112, 64, 224, 1, 71, 42, 208, 156, 155, 244,
       26, 228, 51, 114, 180, 142, 239, 16, 118, 247, 32, 83, 161, 247,
       105, 32, 104, 207, 178, 78, 249, 165, 7, 9, 32, 96, 39, 122, 105,
       253, 107, 124, 125, 156, 255, 246, 233, 192, 236, 0, 59, 255, 21,
       112, 204, 250, 249, 204, 201, 171, 178, 239, 103, 253, 132, 8, 66,
       240, 114, 122, 88, 153, 159, 235, 155, 204, 86, 21, 166, 1, 239,
       0, 255, 183, 0, 242, 162, 183, 252, 194, 91, 9, 59, 49, 235, 229,
       2, 82, 58, 2, 161, 59, 19, 75, 34, 157, 86, 151, 175, 119, 148,
       200, 94, 227, 48, 188, 183, 100, 124, 234, 146, 205, 196, 185, 36,
       239, 118, 46, 142, 128, 39, 188, 112, 252, 199, 185, 253, 81, 234,
       124, 188, 159, 235, 251, 60, 252, 185, 60, 215, 59, 167, 211, 247,
       157, 247, 120, 255, 241, 47, 89, 117, 166, 207, 244, 202, 255, 98,
       168, 232, 180, 236, 105, 80, 15, 171, 247, 184, 185, 135, 172, 87,
       26, 137, 214, 237, 17, 30, 111, 226, 130, 223, 208, 85, 127, 197,
       236, 214, 94, 184, 44, 18, 190, 89, 245, 86, 99, 183, 14, 232, 25,
       46, 251, 33, 153, 201, 187, 195, 2, 46, 47, 10, 191, 179, 215,
       146, 59, 82, 100, 110, 130, 189, 119, 105, 237, 180, 6, 95, 184,
       17, 238, 223, 238, 211, 125, 155, 33, 94, 220, 21, 239, 233, 150,
       109, 14, 228, 239, 173, 148, 60, 251, 22, 113, 138, 133, 186, 218,
       253, 241, 249, 231, 191, 87, 92, 19, 28, 191, 62, 96, 235, 27, 51,
       129, 50, 43, 50, 247, 91, 125, 154, 111, 215, 64, 229, 243, 1, 15,
       6, 157, 48, 132, 168, 103, 62, 138, 74, 196, 180, 194, 161, 192,
       102, 43, 34, 141, 99, 152, 67, 127, 36, 38, 58, 128, 24, 16, 41,
       153, 99, 185, 186, 112, 221, 189, 84, 215, 235, 125, 188, 13, 46,
       184, 70, 180, 137, 171, 214, 16, 158, 107, 242, 241, 63, 221, 20,
       123, 202, 76, 202, 207, 153, 89, 62, 173, 46, 203, 214, 48, 196,
       224, 214, 34, 247, 28, 178, 97, 106, 165, 126, 99, 204, 189, 53,
       60, 240, 227, 106, 17, 116, 56, 61, 75, 212, 45, 157, 103, 168,
       74, 71, 50, 160, 170, 138, 72, 247, 115, 129, 83, 16, 246, 108,
       106, 121, 201, 233, 44, 225, 227, 101, 16, 32, 243, 2, 40, 18,
       185, 24, 250, 155, 197, 144, 239, 6, 17, 204, 2, 188, 247, 104,
       164, 127, 27, 147, 208, 27, 42, 90, 245, 185, 196, 27, 111, 185,
       10, 171, 171, 60, 151, 79, 238, 62, 195, 83, 120, 132, 12, 223,
       163, 83, 231, 168, 64, 126, 176, 143, 226, 56, 131, 41, 159, 251,
       231, 163, 213, 55, 171, 36, 115, 200, 136, 186, 123, 52, 172, 113,
       22, 255, 31, 103, 16, 183, 147, 32, 120, 129, 58, 108, 24, 58,
       188, 2, 55, 207, 255, 48, 65, 208, 128, 199, 42, 1, 201, 9, 235,
       180, 203, 103, 189, 70, 41, 90, 96, 247, 113, 184, 96, 80, 74, 30,
       124, 83, 184, 73, 61, 236, 141, 167, 192, 24, 154, 208, 41, 217,
       143, 33, 223, 176, 176, 47, 183, 124, 3, 206, 112, 253, 114, 144,
       241, 115, 170, 28, 137, 187, 152, 101, 127, 236, 173, 174, 192,
       132, 208, 179, 41, 41, 220, 113, 95, 221, 149, 206, 190, 85, 66,
       252, 74, 251, 120, 157, 164, 93, 202, 18, 203, 207, 186, 127, 255,
       39, 254, 148, 8, 127, 218, 250, 172, 178, 76, 18, 186, 221, 169,
       212, 71, 221, 3, 216, 27, 38, 248, 53, 141, 201, 171, 75, 1, 60,
       47, 66, 251, 177, 22, 218, 59, 213, 92, 126, 14, 3, 76, 39, 158,
       77, 181, 174, 226, 221, 66, 88, 70, 160, 168, 181, 228, 201, 106,
       50, 207, 229, 188, 118, 255, 37, 62, 218, 10, 31, 125, 113, 188,
       125, 149, 127, 238, 22, 66, 71, 121, 228, 8, 255, 34, 115, 119,
       168, 112, 122, 244, 60, 234, 89, 131, 57, 29, 243, 239, 163, 132,
       57, 162, 100, 49, 28, 183, 250, 160, 178, 170, 60, 195, 190, 172,
