%YAML:1.0
---
descriptors: !!opencv-matrix
   rows: 238
   cols: 32
   dt: u
   data: [ 90, 54, 214, 177, 162, 42, 56, 19, 189, 187, 51, 245, 141, 47,
       192, 218, 167, 21, 237, 144, 181, 213, 129, 194, 142, 247, 122,
       199, 174, 228, 139, 19, 133, 220, 29, 127, 44, 14, 119, 56, 252,
       138, 183, 64, 247, 115, 8, 115, 55, 116, 124, 106, 225, 229, 123,
       63, 227, 187, 103, 16, 72, 226, 67, 33, 130, 159, 28, 153, 138,
       165, 188, 231, 190, 22, 200, 149, 172, 167, 34, 80, 231, 35, 235,
       132, 118, 13, 3, 119, 254, 54, 94, 203, 152, 84, 173, 219, 219,
       135, 15, 189, 114, 166, 111, 51, 48, 75, 91, 212, 245, 231, 152,
       83, 118, 103, 53, 173, 177, 216, 129, 79, 236, 175, 234, 192, 172,
       224, 179, 57, 2, 12, 26, 155, 22, 227, 186, 98, 30, 3, 89, 51,
       244, 218, 32, 64, 219, 57, 3, 145, 38, 188, 72, 255, 4, 38, 186,
       67, 148, 10, 53, 130, 189, 93, 115, 223, 84, 198, 239, 240, 213,
       0, 230, 2, 115, 213, 53, 101, 120, 248, 18, 234, 233, 183, 52,
       239, 119, 168, 130, 0, 123, 187, 116, 248, 192, 144, 179, 57, 100,
       236, 225, 2, 254, 91, 114, 92, 190, 153, 80, 90, 161, 46, 102, 29,
       19, 124, 146, 81, 77, 186, 114, 72, 216, 8, 87, 171, 189, 244,
       124, 121, 203, 103, 81, 222, 51, 115, 165, 25, 95, 127, 11, 57,
       191, 223, 213, 186, 43, 86, 121, 23, 219, 203, 81, 126, 251, 113,
       226, 210, 170, 112, 45, 120, 205, 213, 208, 222, 207, 93, 180, 29,
       11, 156, 119, 185, 201, 25, 215, 85, 159, 111, 122, 144, 75, 217,
       17, 127, 211, 28, 110, 223, 85, 175, 157, 183, 168, 40, 79, 184,
       50, 178, 139, 228, 247, 99, 201, 90, 87, 199, 108, 127, 121, 64,
       203, 42, 236, 167, 111, 148, 172, 243, 1, 32, 10, 169, 50, 153,
       207, 209, 124, 71, 199, 116, 76, 15, 173, 142, 118, 36, 234, 42,
       194, 148, 86, 59, 118, 241, 183, 208, 6, 107, 54, 204, 167, 206,
       42, 156, 58, 218, 215, 247, 179, 230, 148, 79, 220, 18, 120, 254,
       38, 96, 217, 59, 147, 129, 48, 159, 50, 255, 121, 39, 154, 75,
       145, 76, 165, 235, 41, 95, 123, 127, 116, 143, 239, 246, 116, 8,
       126, 68, 113, 81, 177, 48, 126, 122, 22, 90, 227, 184, 49, 63,
       103, 143, 36, 128, 91, 155, 98, 169, 24, 189, 179, 173, 211, 199,
       167, 247, 190, 192, 74, 66, 253, 247, 97, 196, 242, 127, 179, 89,
       17, 216, 18, 254, 173, 196, 15, 72, 130, 48, 165, 187, 41, 180,
       148, 89, 253, 189, 240, 95, 255, 123, 45, 92, 190, 248, 76, 189,
       137, 10, 122, 28, 183, 104, 123, 245, 15, 90, 81, 126, 218, 76,
       203, 134, 45, 176, 148, 81, 233, 253, 112, 219, 255, 59, 36, 92,
       158, 210, 76, 190, 129, 27, 250, 24, 23, 110, 250, 83, 143, 222,
       81, 126, 218, 65, 203, 183, 90, 52, 158, 164, 59, 112, 153, 99,
       169, 245, 143, 189, 174, 39, 66, 135, 134, 53, 237, 1, 45, 75,
       177, 196, 211, 243, 90, 123, 2, 4, 47, 95, 218, 56, 190, 184, 43,
       252, 16, 71, 175, 159, 134, 57, 172, 159, 98, 219, 167, 51, 237,
       17, 34, 77, 130, 193, 211, 243, 94, 187, 130, 68, 175, 91, 196,
       165, 157, 115, 136, 45, 68, 173, 178, 51, 171, 88, 215, 99, 72,
       91, 145, 86, 104, 56, 58, 65, 219, 19, 233, 162, 85, 124, 128, 66,
       130, 34, 74, 243, 53, 154, 253, 221, 189, 207, 143, 125, 120, 63,
       172, 158, 108, 134, 207, 19, 251, 17, 83, 75, 250, 213, 61, 82,
       158, 254, 30, 28, 151, 255, 249, 77, 111, 254, 28, 6, 207, 109,
       213, 2, 214, 2, 115, 233, 48, 99, 120, 230, 63, 239, 105, 175, 55,
       175, 243, 235, 226, 24, 61, 185, 240, 40, 22, 205, 151, 156, 198,
       0, 188, 239, 190, 26, 90, 66, 124, 226, 105, 202, 103, 127, 42,
       131, 64, 213, 138, 227, 60, 34, 255, 142, 37, 112, 161, 139, 8,
       162, 131, 243, 52, 175, 233, 83, 62, 65, 91, 212, 181, 141, 80, 0,
       153, 42, 19, 29, 147, 184, 18, 149, 205, 221, 154, 64, 140, 136,
       211, 184, 193, 158, 249, 85, 176, 46, 105, 191, 126, 107, 114,
       116, 209, 34, 156, 88, 23, 78, 46, 60, 179, 220, 117, 111, 108,
       190, 119, 196, 136, 224, 225, 57, 139, 156, 147, 190, 245, 230,
       187, 247, 190, 75, 90, 86, 252, 254, 48, 72, 255, 111, 51, 141,
       177, 157, 48, 239, 93, 247, 26, 128, 136, 68, 161, 249, 45, 89,
       87, 69, 115, 218, 227, 80, 117, 232, 118, 102, 89, 23, 165, 180,
       126, 124, 150, 234, 129, 176, 49, 236, 38, 252, 163, 130, 111,
       183, 102, 245, 10, 205, 35, 189, 86, 193, 175, 230, 22, 69, 88,
       163, 181, 175, 48, 64, 106, 59, 147, 193, 3, 152, 2, 191, 237, 39,
       154, 201, 21, 12, 181, 250, 130, 248, 127, 248, 110, 141, 188,
       199, 143, 25, 112, 123, 188, 223, 116, 42, 239, 57, 127, 17, 211,
       127, 146, 241, 85, 24, 254, 234, 28, 24, 209, 187, 130, 249, 247,
       217, 234, 205, 188, 199, 175, 89, 112, 251, 188, 158, 116, 11,
       175, 59, 247, 209, 210, 126, 130, 241, 95, 24, 126, 234, 212, 12,
       167, 251, 42, 184, 177, 240, 233, 237, 177, 199, 139, 63, 188, 24,
       14, 191, 100, 158, 201, 59, 195, 16, 18, 111, 242, 241, 223, 214,
       85, 127, 210, 72, 134, 234, 215, 30, 239, 221, 38, 50, 239, 50,
       244, 226, 214, 246, 209, 166, 179, 103, 118, 228, 127, 239, 225,
       213, 165, 74, 84, 43, 235, 128, 45, 241, 113, 113, 252, 176, 157,
       116, 137, 109, 85, 152, 163, 187, 162, 24, 215, 115, 73, 27, 129,
       214, 108, 120, 58, 71, 219, 2, 219, 195, 85, 116, 192, 113, 134,
       34, 223, 92, 239, 246, 34, 2, 111, 240, 181, 194, 215, 247, 125,
       231, 177, 115, 118, 229, 125, 239, 233, 213, 173, 238, 242, 235,
       238, 128, 47, 247, 49, 121, 69, 20, 189, 101, 40, 110, 119, 56,
       236, 202, 171, 72, 247, 115, 9, 114, 148, 85, 124, 42, 65, 225,
       123, 11, 197, 190, 97, 20, 64, 242, 67, 35, 160, 255, 123, 124,
       244, 199, 231, 247, 84, 206, 252, 34, 51, 245, 160, 32, 120, 122,
       6, 74, 233, 190, 48, 47, 97, 141, 38, 8, 81, 186, 246, 249, 141,
       104, 243, 94, 115, 204, 99, 64, 120, 70, 101, 0, 190, 197, 133,
       61, 50, 104, 64, 78, 35, 236, 178, 105, 65, 190, 16, 8, 66, 165,
       103, 240, 8, 178, 147, 123, 50, 236, 49, 18, 126, 75, 126, 116,
       190, 177, 128, 108, 183, 62, 38, 24, 147, 184, 129, 115, 204, 247,
       50, 66, 234, 128, 199, 169, 89, 149, 239, 237, 178, 38, 111, 55,
       48, 66, 206, 230, 117, 55, 152, 114, 119, 247, 61, 168, 249, 153,
       181, 79, 240, 239, 170, 192, 45, 226, 163, 57, 53, 221, 75, 168,
       180, 199, 103, 247, 84, 202, 218, 102, 115, 209, 177, 96, 125,
       234, 22, 239, 233, 191, 60, 190, 168, 174, 167, 128, 61, 250, 240,
       249, 155, 220, 179, 185, 215, 230, 187, 199, 190, 79, 82, 19, 60,
       254, 32, 108, 253, 123, 179, 145, 51, 159, 48, 247, 249, 103, 158,
       194, 153, 21, 165, 251, 32, 25, 89, 101, 84, 79, 81, 55, 116, 40,
       126, 72, 179, 17, 0, 112, 76, 188, 36, 8, 73, 184, 113, 13, 197,
       233, 32, 0, 120, 136, 70, 187, 161, 153, 105, 89, 229, 249, 241,
       199, 95, 95, 124, 50, 144, 156, 246, 44, 201, 26, 22, 25, 151, 56,
       102, 209, 79, 25, 182, 230, 215, 72, 212, 255, 21, 207, 194, 157,
       162, 162, 46, 247, 54, 138, 90, 226, 105, 226, 161, 196, 127, 239,
       38, 202, 192, 216, 15, 235, 180, 166, 255, 132, 61, 240, 169, 137,
       177, 76, 119, 94, 13, 214, 199, 244, 212, 202, 230, 2, 243, 213,
       181, 229, 88, 240, 90, 234, 233, 167, 114, 46, 33, 250, 64, 16,
       91, 187, 112, 188, 0, 12, 27, 187, 22, 163, 171, 82, 22, 5, 91,
       243, 245, 202, 40, 64, 123, 57, 2, 177, 50, 144, 8, 31, 68, 167,
       171, 64, 148, 75, 53, 162, 25, 207, 34, 191, 54, 131, 143, 245,
       196, 4, 216, 231, 231, 233, 50, 64, 122, 107, 31, 231, 204, 169,
       12, 189, 224, 100, 170, 128, 117, 30, 177, 203, 81, 192, 159, 181,
       46, 10, 169, 168, 190, 176, 146, 194, 247, 234, 48, 66, 183, 101,
       125, 237, 193, 225, 15, 77, 200, 167, 239, 132, 44, 34, 33, 40,
       80, 50, 27, 169, 104, 15, 121, 80, 40, 104, 210, 237, 151, 151, 0,
       80, 182, 29, 125, 36, 0, 147, 193, 8, 213, 225, 40, 176, 32, 128,
