%YAML:1.0
---
descriptors: !!opencv-matrix
   rows: 154
   cols: 32
   dt: u
   data: [ 60, 93, 127, 110, 18, 70, 87, 112, 101, 200, 251, 64, 119,
       119, 33, 112, 254, 245, 92, 106, 233, 163, 57, 44, 241, 239, 33,
       0, 121, 187, 96, 51, 18, 221, 186, 189, 218, 133, 63, 231, 190, 7,
       236, 149, 53, 230, 34, 80, 231, 251, 219, 197, 96, 138, 114, 127,
       253, 167, 142, 11, 177, 112, 167, 250, 10, 189, 60, 250, 159, 213,
       145, 239, 143, 125, 156, 3, 172, 157, 102, 164, 137, 59, 219, 17,
       86, 43, 58, 183, 235, 221, 28, 123, 114, 12, 156, 222, 58, 140,
       163, 153, 215, 231, 174, 71, 22, 7, 74, 147, 33, 237, 54, 192,
       121, 42, 131, 29, 50, 190, 20, 191, 105, 39, 158, 65, 181, 76,
       245, 234, 0, 138, 159, 187, 160, 172, 49, 71, 190, 31, 99, 81,
       182, 226, 96, 89, 161, 59, 107, 17, 50, 220, 27, 51, 205, 167,
       122, 64, 144, 64, 167, 139, 59, 185, 16, 56, 249, 253, 84, 231,
       235, 121, 172, 8, 46, 154, 70, 180, 137, 251, 214, 80, 95, 42,
       210, 241, 191, 221, 20, 123, 91, 84, 202, 142, 54, 177, 233, 112,
       248, 225, 89, 207, 139, 245, 184, 185, 2, 206, 94, 16, 221, 155,
       215, 145, 30, 75, 238, 211, 127, 20, 157, 255, 213, 140, 214, 210,
       33, 104, 251, 245, 100, 143, 233, 80, 127, 130, 114, 66, 179, 155,
       213, 56, 126, 184, 86, 12, 138, 244, 211, 64, 71, 152, 96, 0, 109,
       136, 66, 169, 118, 170, 232, 180, 173, 121, 88, 138, 171, 247,
       156, 185, 131, 236, 87, 30, 137, 207, 253, 21, 30, 107, 226, 128,
       155, 212, 213, 191, 196, 253, 222, 86, 91, 93, 43, 236, 27, 214,
       31, 119, 133, 196, 206, 7, 57, 191, 35, 240, 236, 255, 187, 196,
       205, 139, 50, 175, 243, 253, 142, 11, 58, 190, 36, 255, 10, 133,
       186, 88, 233, 241, 189, 231, 255, 95, 125, 17, 156, 190, 62, 96,
       235, 27, 179, 141, 82, 11, 34, 215, 91, 127, 218, 207, 83, 68,
       165, 231, 5, 161, 137, 187, 180, 173, 111, 135, 78, 9, 90, 6, 247,
       225, 120, 96, 217, 10, 46, 28, 19, 184, 91, 49, 237, 158, 183, 68,
       152, 74, 208, 170, 168, 232, 28, 250, 237, 221, 80, 239, 147, 63,
       164, 25, 174, 217, 106, 145, 201, 147, 195, 17, 110, 111, 90, 181,
       203, 211, 85, 127, 82, 8, 222, 138, 210, 219, 127, 188, 82, 192,
       185, 119, 164, 68, 246, 167, 57, 159, 162, 65, 110, 177, 55, 193,
       200, 159, 54, 253, 112, 169, 234, 136, 53, 128, 37, 235, 40, 141,
       16, 122, 29, 249, 82, 195, 199, 13, 233, 8, 226, 217, 32, 148,
       200, 58, 202, 80, 30, 43, 74, 61, 171, 213, 1, 123, 210, 10, 94,
       10, 84, 191, 255, 33, 178, 234, 62, 193, 190, 189, 59, 177, 79,
       254, 72, 26, 183, 125, 237, 51, 22, 209, 137, 66, 251, 197, 47,
       247, 224, 99, 167, 67, 4, 123, 122, 69, 210, 14, 111, 113, 33,
       164, 126, 198, 89, 7, 149, 84, 62, 252, 2, 254, 208, 176, 53, 76,
       119, 173, 38, 128, 111, 163, 99, 176, 253, 178, 214, 74, 139, 61,
       66, 216, 103, 27, 165, 92, 74, 195, 204, 255, 55, 192, 236, 126,
       159, 71, 155, 113, 154, 217, 65, 127, 250, 167, 234, 53, 18, 253,
       43, 186, 22, 193, 95, 230, 31, 69, 76, 171, 167, 223, 98, 0, 251,
       251, 151, 195, 74, 26, 24, 191, 251, 213, 158, 107, 52, 26, 53,
       90, 229, 245, 61, 103, 148, 78, 103, 184, 116, 226, 111, 0, 211,
       117, 9, 113, 89, 222, 122, 106, 105, 240, 249, 46, 237, 171, 101,
       4, 98, 251, 194, 32, 253, 173, 107, 106, 148, 207, 67, 252, 81,
       64, 124, 10, 19, 93, 50, 49, 88, 206, 20, 106, 122, 58, 184, 61,
       251, 233, 129, 108, 115, 187, 118, 98, 28, 159, 95, 234, 62, 227,
       91, 248, 132, 68, 221, 163, 95, 247, 40, 64, 126, 184, 143, 226,
       56, 163, 41, 191, 251, 197, 163, 213, 55, 139, 52, 115, 61, 77,
       99, 166, 118, 243, 238, 240, 85, 192, 219, 226, 123, 248, 181,
       228, 126, 237, 22, 239, 205, 178, 44, 238, 48, 110, 165, 128, 111,
       255, 120, 165, 196, 252, 159, 254, 168, 237, 23, 174, 190, 146,
       168, 24, 246, 247, 73, 123, 145, 123, 123, 66, 107, 77, 250, 63,
       249, 150, 87, 62, 144, 113, 135, 42, 24, 157, 43, 173, 150, 227,
       187, 119, 20, 69, 74, 131, 245, 55, 32, 64, 252, 59, 19, 161, 49,
       152, 49, 31, 233, 167, 174, 64, 20, 74, 181, 250, 104, 171, 248,
       112, 253, 189, 80, 87, 235, 253, 188, 13, 46, 173, 86, 24, 137,
       170, 199, 20, 158, 107, 226, 209, 95, 221, 20, 123, 194, 204, 222,
       207, 42, 175, 225, 96, 253, 237, 93, 71, 43, 237, 184, 137, 10,
       141, 86, 16, 137, 187, 215, 21, 30, 106, 226, 145, 127, 93, 181,
       253, 197, 204, 214, 218, 40, 79, 19, 47, 116, 203, 231, 116, 236,
       200, 106, 64, 243, 193, 177, 212, 88, 106, 2, 110, 65, 184, 64,
       61, 37, 188, 38, 8, 80, 187, 103, 168, 1, 144, 57, 217, 124, 237,
       161, 99, 94, 93, 81, 82, 180, 156, 180, 32, 205, 59, 18, 9, 179,
       60, 114, 87, 69, 28, 58, 232, 16, 8, 21, 233, 252, 49, 189, 243,
       104, 100, 89, 24, 51, 249, 179, 93, 223, 159, 72, 91, 204, 149,
       125, 211, 139, 67, 219, 144, 199, 249, 251, 180, 32, 129, 6, 115,
       101, 49, 181, 99, 149, 127, 194, 152, 103, 249, 235, 72, 210, 248,
       93, 184, 216, 206, 112, 88, 159, 242, 249, 0, 143, 221, 5, 84,
       203, 107, 82, 36, 172, 54, 190, 250, 125, 245, 177, 90, 159, 95,
       181, 51, 186, 221, 111, 91, 205, 27, 167, 16, 34, 103, 42, 211,
       91, 223, 50, 191, 210, 73, 101, 243, 63, 167, 100, 5, 211, 27,
       238, 171, 117, 230, 254, 143, 67, 108, 159, 164, 126, 204, 211,
       173, 252, 178, 101, 142, 46, 94, 133, 149, 103, 236, 90, 212, 220,
       124, 158, 54, 40, 72, 87, 180, 176, 254, 166, 40, 247, 243, 67,
       91, 35, 244, 108, 66, 104, 69, 171, 42, 241, 227, 117, 24, 96,
       243, 6, 107, 10, 188, 56, 250, 191, 217, 147, 239, 159, 125, 157,
       57, 174, 221, 110, 32, 143, 59, 223, 17, 22, 41, 106, 183, 235,
       215, 56, 251, 214, 14, 157, 255, 201, 180, 170, 225, 244, 110,
       251, 19, 114, 235, 95, 18, 153, 189, 218, 100, 93, 158, 55, 185,
       185, 184, 245, 194, 207, 253, 186, 196, 166, 200, 212, 121, 19,
       13, 34, 158, 86, 150, 175, 103, 85, 192, 222, 163, 40, 172, 182,
       100, 108, 251, 147, 197, 204, 187, 36, 237, 52, 36, 154, 138, 37,
       30, 181, 252, 1, 29, 3, 61, 48, 134, 46, 55, 116, 200, 74, 228,
       241, 98, 145, 100, 116, 110, 50, 140, 229, 152, 85, 46, 164, 174,
       178, 128, 56, 160, 49, 189, 3, 77, 35, 188, 95, 215, 188, 231,
       157, 196, 200, 3, 172, 254, 55, 228, 230, 107, 155, 197, 196, 139,
       54, 239, 185, 84, 142, 11, 22, 92, 45, 206, 184, 12, 150, 254,
       201, 245, 80, 67, 151, 31, 224, 25, 46, 251, 33, 155, 201, 179,
       235, 0, 62, 111, 66, 179, 211, 243, 80, 59, 210, 77, 110, 138, 60,
       21, 79, 238, 30, 227, 91, 120, 133, 36, 223, 163, 83, 231, 41, 64,
       126, 176, 143, 226, 25, 131, 41, 157, 251, 229, 163, 213, 55, 171,
       52, 114, 59, 157, 104, 218, 219, 244, 159, 239, 159, 85, 220, 179,
       60, 254, 46, 96, 239, 251, 147, 129, 246, 11, 62, 247, 123, 109,
       158, 239, 23, 76, 173, 254, 61, 106, 234, 108, 68, 7, 255, 88, 84,
       134, 244, 135, 17, 200, 55, 8, 124, 232, 23, 239, 204, 183, 52,
       138, 114, 237, 163, 137, 109, 187, 122, 194, 190, 216, 98, 27, 7,
       209, 83, 224, 53, 196, 198, 135, 107, 204, 63, 213, 120, 232, 183,
       214, 78, 158, 126, 189, 255, 65, 129, 195, 63, 143, 124, 222, 223,
       223, 142, 182, 169, 86, 22, 176, 160, 254, 159, 109, 206, 114,
       203, 199, 161, 101, 252, 111, 237, 69, 139, 168, 250, 251, 239,
       151, 138, 119, 43, 23, 224, 200, 187, 123, 116, 236, 97, 150, 126,
       25, 98, 16, 182, 213, 40, 120, 177, 58, 78, 24, 19, 188, 50, 49,
       197, 190, 48, 64, 208, 1, 230, 42, 101, 76, 233, 239, 148, 102,
       111, 152, 118, 194, 207, 2, 209, 118, 25, 120, 89, 204, 58, 175,
       169, 180, 125, 14, 237, 174, 135, 4, 165, 243, 112, 96, 0, 179,
       217, 233, 178, 11, 189, 255, 110, 173, 120, 230, 149, 35, 200, 0,
       55, 95, 6, 112, 146, 184, 5, 85, 236, 134, 55, 228, 252, 130, 167,
