%YAML:1.0
---
descriptors: !!opencv-matrix
   rows: 151
   cols: 32
   dt: u
   data: [ 187, 222, 120, 229, 119, 94, 251, 182, 117, 237, 118, 247,
       251, 29, 150, 228, 126, 221, 183, 237, 237, 252, 117, 238, 231,
       255, 186, 131, 47, 148, 254, 255, 196, 50, 61, 240, 42, 73, 89,
       56, 175, 190, 183, 185, 223, 31, 74, 27, 167, 149, 237, 2, 120,
       69, 227, 80, 221, 211, 123, 223, 0, 32, 5, 115, 117, 204, 130,
       158, 220, 131, 70, 232, 86, 162, 232, 74, 113, 225, 41, 81, 121,
       238, 34, 42, 104, 99, 154, 63, 120, 166, 231, 108, 185, 122, 112,
       160, 56, 87, 107, 172, 54, 195, 223, 116, 132, 196, 222, 163, 83,
       205, 50, 64, 126, 245, 31, 231, 216, 179, 97, 190, 243, 237, 162,
       145, 37, 155, 244, 115, 4, 140, 134, 151, 212, 139, 166, 239, 150,
       147, 66, 18, 224, 226, 41, 73, 121, 106, 34, 18, 50, 248, 11, 127,
       45, 6, 215, 64, 144, 120, 177, 168, 17, 207, 94, 172, 190, 130,
       78, 245, 133, 8, 250, 66, 215, 83, 176, 96, 126, 229, 30, 235, 89,
       153, 5, 172, 184, 237, 174, 208, 60, 155, 168, 9, 100, 140, 152,
       158, 216, 137, 166, 232, 30, 151, 96, 24, 228, 224, 105, 88, 217,
       106, 34, 82, 114, 74, 202, 63, 61, 38, 95, 111, 144, 120, 129,
       138, 181, 115, 121, 97, 116, 11, 103, 112, 113, 164, 126, 236, 83,
       1, 145, 52, 94, 248, 6, 106, 201, 178, 101, 14, 102, 205, 37, 224,
       103, 155, 70, 177, 2, 160, 150, 157, 95, 139, 168, 200, 158, 176,
       66, 2, 236, 232, 116, 70, 179, 109, 123, 81, 2, 209, 139, 221, 13,
       50, 207, 110, 20, 42, 17, 134, 63, 153, 114, 203, 119, 151, 254,
       209, 77, 72, 255, 102, 104, 153, 183, 244, 254, 184, 151, 222,
       207, 186, 44, 248, 54, 93, 134, 131, 127, 174, 104, 189, 92, 125,
       23, 100, 171, 95, 86, 49, 161, 186, 175, 104, 79, 55, 193, 183,
       166, 244, 236, 106, 73, 67, 185, 8, 187, 209, 69, 62, 98, 242,
       134, 61, 172, 177, 177, 123, 203, 237, 145, 217, 86, 61, 101, 56,
       150, 213, 72, 156, 217, 26, 226, 16, 51, 122, 250, 17, 77, 211,
       81, 126, 210, 9, 198, 179, 138, 158, 182, 159, 125, 255, 186, 227,
       159, 79, 250, 51, 236, 238, 54, 196, 255, 123, 191, 129, 182, 255,
       107, 255, 63, 118, 218, 139, 150, 76, 37, 223, 133, 188, 247, 159,
       182, 234, 239, 191, 119, 243, 90, 82, 244, 245, 153, 111, 23, 110,
       127, 31, 179, 252, 255, 127, 108, 46, 117, 196, 236, 249, 176,
       105, 66, 172, 165, 154, 141, 233, 148, 207, 159, 183, 128, 9, 174,
       252, 68, 143, 129, 115, 235, 17, 26, 107, 202, 241, 153, 82, 223,
       123, 144, 92, 149, 78, 9, 110, 174, 212, 93, 157, 238, 214, 237,
       194, 110, 66, 189, 233, 117, 167, 164, 104, 114, 79, 193, 253,
       178, 232, 55, 89, 199, 40, 130, 253, 123, 172, 191, 87, 242, 236,
       189, 87, 222, 127, 93, 202, 254, 175, 79, 191, 183, 228, 254, 221,
       223, 173, 237, 163, 113, 206, 243, 255, 167, 159, 87, 252, 108,
       247, 185, 205, 127, 110, 24, 203, 71, 253, 244, 224, 246, 72, 115,
       69, 176, 113, 88, 228, 76, 106, 233, 171, 109, 63, 248, 201, 37,
       16, 117, 186, 194, 104, 252, 237, 255, 126, 191, 115, 222, 252,
       86, 230, 255, 139, 83, 237, 59, 64, 91, 238, 103, 110, 124, 247,
       255, 191, 123, 239, 101, 53, 247, 251, 212, 67, 198, 148, 156,
       178, 137, 253, 20, 143, 191, 251, 131, 25, 142, 254, 74, 203, 133,
       19, 232, 17, 55, 77, 219, 211, 137, 211, 95, 127, 152, 68, 137,
       23, 9, 156, 57, 249, 85, 239, 249, 119, 94, 73, 124, 18, 188, 157,
       50, 96, 217, 58, 19, 8, 51, 188, 115, 255, 103, 191, 18, 64, 82,
       8, 245, 250, 236, 98, 189, 245, 44, 77, 117, 216, 243, 190, 52,
       88, 159, 209, 65, 59, 128, 68, 110, 78, 65, 100, 251, 0, 199, 219,
       117, 60, 66, 249, 70, 161, 84, 73, 121, 98, 172, 75, 79, 252, 6,
       164, 191, 136, 83, 69, 233, 80, 50, 212, 108, 106, 72, 35, 41, 56,
       241, 201, 37, 60, 112, 187, 196, 96, 246, 236, 133, 146, 157, 38,
       6, 232, 178, 186, 137, 91, 114, 252, 77, 146, 253, 211, 93, 247,
       123, 99, 154, 127, 185, 6, 207, 126, 129, 115, 178, 18, 84, 91,
       75, 230, 82, 6, 175, 112, 52, 136, 91, 198, 85, 227, 177, 80, 118,
       237, 47, 239, 193, 145, 153, 108, 52, 172, 171, 132, 45, 179, 33,
       49, 21, 205, 239, 223, 178, 38, 239, 252, 118, 162, 93, 2, 81, 98,
       185, 104, 63, 239, 55, 239, 225, 212, 63, 126, 232, 47, 239, 196,
       181, 243, 161, 160, 68, 168, 132, 159, 152, 130, 36, 169, 190,
       147, 66, 0, 228, 226, 8, 75, 113, 111, 42, 144, 34, 216, 203, 125,
       12, 38, 223, 68, 128, 96, 33, 8, 66, 168, 148, 159, 89, 128, 168,
       168, 190, 144, 67, 3, 236, 234, 76, 194, 241, 103, 106, 209, 6,
       65, 219, 249, 13, 50, 207, 75, 0, 34, 41, 134, 216, 188, 150, 240,
       11, 252, 16, 198, 187, 82, 166, 25, 190, 191, 35, 219, 163, 179,
       253, 0, 46, 77, 146, 243, 211, 243, 82, 59, 130, 84, 47, 26, 253,
       66, 233, 76, 78, 19, 199, 88, 66, 224, 181, 206, 83, 73, 221, 50,
       120, 204, 102, 238, 201, 55, 239, 24, 114, 233, 225, 60, 127, 187,
       114, 160, 52, 132, 135, 156, 92, 131, 66, 232, 86, 176, 226, 74,
       115, 225, 33, 65, 89, 236, 34, 40, 40, 243, 15, 29, 56, 166, 231,
       44, 241, 42, 112, 128, 0, 160, 150, 156, 78, 131, 160, 73, 30,
       177, 66, 2, 228, 194, 96, 72, 121, 109, 106, 145, 2, 255, 139,
       213, 28, 34, 223, 108, 21, 40, 49, 128, 2, 32, 23, 137, 78, 129,
       168, 73, 46, 49, 194, 138, 140, 138, 112, 72, 234, 45, 123, 209,
       2, 219, 199, 208, 20, 32, 155, 104, 20, 8, 49, 128, 4, 136, 135,
       159, 217, 203, 164, 232, 190, 147, 66, 0, 228, 224, 41, 207, 249,
       102, 106, 112, 34, 209, 27, 125, 13, 50, 79, 71, 128, 42, 41, 134,
       36, 172, 132, 158, 217, 139, 166, 232, 158, 183, 64, 8, 228, 224,
       105, 89, 217, 110, 34, 16, 34, 82, 218, 61, 61, 38, 79, 111, 144,
       104, 1, 138, 2, 160, 150, 157, 77, 131, 160, 72, 190, 176, 66, 2,
       228, 194, 100, 194, 248, 109, 106, 177, 2, 241, 139, 221, 29, 34,
       207, 15, 16, 40, 49, 134, 32, 160, 150, 156, 77, 131, 160, 104,
       158, 176, 96, 10, 100, 224, 100, 82, 217, 236, 98, 49, 2, 243,
       203, 221, 29, 34, 207, 47, 17, 40, 80, 130, 66, 32, 22, 137, 79,
       3, 168, 72, 174, 160, 194, 2, 140, 136, 116, 192, 234, 29, 123,
       161, 0, 163, 131, 208, 21, 48, 11, 59, 21, 8, 33, 134, 98, 32, 70,
       205, 77, 3, 232, 72, 143, 160, 226, 11, 0, 202, 116, 66, 232, 141,
       123, 161, 0, 211, 195, 208, 21, 56, 139, 59, 21, 8, 114, 134, 98,
       32, 98, 201, 77, 1, 168, 72, 237, 32, 242, 139, 136, 138, 52, 68,
       232, 157, 123, 161, 4, 163, 199, 208, 21, 56, 138, 59, 85, 8, 99,
       134, 71, 184, 143, 157, 126, 143, 168, 232, 190, 249, 210, 230,
       244, 244, 220, 111, 118, 44, 123, 29, 131, 73, 255, 81, 28, 58,
       91, 238, 156, 32, 49, 253, 118, 235, 150, 10, 9, 153, 146, 200,
       203, 21, 168, 9, 174, 200, 102, 22, 136, 97, 234, 81, 94, 43, 202,
       241, 153, 80, 15, 123, 208, 14, 15, 14, 126, 233, 135, 170, 9,
       193, 82, 232, 143, 149, 128, 9, 110, 214, 104, 146, 200, 241, 233,
       83, 78, 11, 218, 177, 153, 208, 203, 123, 16, 15, 46, 74, 88, 189,
       147, 248, 217, 205, 16, 71, 187, 89, 168, 25, 190, 191, 96, 144,
       167, 51, 221, 16, 55, 107, 146, 227, 219, 253, 18, 107, 138, 68,
       167, 27, 122, 253, 110, 84, 203, 217, 214, 231, 201, 196, 172,
       175, 42, 172, 86, 22, 136, 243, 217, 193, 204, 107, 182, 233, 115,
       89, 196, 187, 71, 126, 222, 94, 206, 188, 190, 159, 251, 255, 182,
       239, 191, 247, 199, 17, 236, 254, 111, 207, 247, 127, 251, 147,
       118, 207, 219, 255, 255, 119, 95, 95, 146, 117, 173, 222, 49, 235,
       74, 202, 116, 133, 75, 244, 86, 8, 84, 230, 51, 203, 176, 96, 126,
       168, 22, 222, 202, 186, 44, 63, 114, 141, 162, 232, 61, 154, 112,
       169, 213, 255, 205, 181, 182, 46, 111, 191, 118, 234, 78, 246,
       247, 97, 153, 96, 55, 70, 124, 110, 241, 212, 93, 46, 236, 174,
       101, 132, 172, 241, 145, 49, 90, 185, 149, 186, 137, 213, 20, 205,
