%YAML:1.0
---
descriptors: !!opencv-matrix
   rows: 158
   cols: 32
   dt: u
   data: [ 13, 52, 245, 67, 133, 108, 99, 154, 111, 179, 111, 0, 218,
       247, 77, 126, 177, 94, 34, 26, 19, 240, 187, 224, 207, 254, 87, 4,
       226, 115, 69, 162, 228, 164, 157, 152, 205, 237, 197, 239, 222,
       63, 168, 24, 150, 248, 72, 11, 201, 2, 106, 25, 58, 111, 218, 55,
       221, 22, 221, 125, 208, 72, 214, 162, 125, 119, 40, 238, 60, 70,
       95, 152, 4, 204, 159, 175, 211, 95, 155, 32, 94, 213, 125, 239,
       205, 2, 253, 30, 243, 173, 171, 156, 44, 251, 52, 115, 0, 188, 57,
       241, 98, 109, 121, 251, 59, 255, 56, 89, 30, 191, 64, 16, 167,
       155, 119, 0, 50, 90, 186, 87, 223, 223, 113, 238, 32, 64, 7, 243,
       189, 87, 105, 175, 180, 71, 79, 184, 20, 238, 221, 229, 211, 125,
       155, 97, 94, 221, 21, 231, 233, 178, 125, 46, 244, 239, 173, 180,
       125, 251, 54, 113, 11, 221, 232, 222, 219, 208, 191, 255, 159, 69,
       92, 163, 40, 254, 166, 228, 110, 251, 147, 132, 214, 10, 126, 243,
       119, 101, 158, 139, 55, 92, 173, 222, 45, 199, 192, 5, 208, 26,
       231, 187, 125, 230, 126, 228, 195, 96, 159, 244, 91, 204, 6, 108,
       253, 176, 101, 14, 46, 62, 37, 4, 239, 253, 218, 196, 123, 185,
       144, 112, 217, 253, 80, 198, 235, 113, 172, 8, 46, 186, 70, 182,
       137, 251, 244, 16, 31, 107, 210, 241, 155, 221, 20, 123, 202, 84,
       139, 142, 33, 79, 115, 79, 116, 142, 111, 164, 109, 140, 250, 68,
       243, 226, 181, 80, 216, 232, 14, 78, 200, 186, 100, 63, 100, 172,
       36, 0, 80, 186, 96, 105, 3, 165, 49, 221, 124, 205, 173, 111, 94,
       89, 88, 82, 180, 252, 180, 96, 203, 59, 50, 129, 231, 184, 119,
       87, 165, 28, 186, 168, 20, 8, 149, 189, 213, 95, 127, 109, 176,
       206, 111, 185, 116, 204, 126, 228, 215, 101, 177, 113, 22, 100,
       125, 126, 241, 177, 45, 30, 236, 175, 37, 192, 252, 178, 230, 113,
       26, 141, 39, 250, 31, 209, 145, 231, 151, 69, 220, 139, 175, 253,
       62, 164, 202, 59, 223, 1, 110, 171, 114, 191, 251, 215, 152, 219,
       54, 12, 189, 222, 2, 148, 58, 220, 93, 228, 185, 103, 220, 77, 92,
       19, 164, 156, 54, 100, 200, 59, 147, 129, 146, 58, 50, 215, 69,
       60, 154, 75, 85, 8, 245, 254, 45, 93, 99, 94, 116, 150, 207, 240,
       117, 128, 252, 64, 251, 213, 181, 180, 92, 250, 22, 202, 201, 178,
       124, 111, 37, 190, 134, 8, 67, 243, 102, 172, 26, 95, 3, 140, 87,
       211, 174, 103, 124, 236, 90, 230, 44, 174, 183, 196, 110, 239,
       131, 193, 197, 185, 36, 236, 180, 36, 143, 130, 47, 124, 61, 220,
       240, 52, 27, 232, 56, 111, 81, 91, 168, 8, 169, 8, 151, 151, 33,
       112, 144, 145, 95, 32, 9, 7, 208, 30, 209, 129, 32, 56, 80, 0, 7,
       51, 32, 79, 51, 47, 116, 203, 103, 100, 236, 204, 106, 64, 243,
       193, 177, 84, 208, 106, 6, 110, 64, 185, 0, 63, 37, 188, 38, 0,
       80, 186, 97, 232, 192, 136, 59, 122, 52, 236, 97, 22, 254, 17,
       102, 16, 183, 209, 40, 120, 129, 58, 74, 24, 50, 188, 50, 53, 197,
       190, 48, 73, 208, 129, 198, 34, 35, 171, 250, 112, 253, 157, 84,
       87, 235, 125, 188, 13, 42, 185, 86, 16, 141, 170, 71, 28, 158,
       107, 242, 209, 127, 221, 20, 123, 195, 204, 206, 207, 98, 172,
       225, 176, 237, 233, 80, 71, 171, 255, 184, 185, 143, 173, 84, 26,
       137, 191, 245, 17, 30, 107, 226, 130, 223, 84, 157, 255, 196, 76,
       214, 90, 19, 29, 35, 156, 215, 146, 174, 103, 189, 196, 218, 167,
       40, 174, 183, 228, 236, 235, 146, 197, 197, 155, 36, 239, 52, 36,
       142, 130, 13, 28, 185, 252, 88, 116, 159, 244, 48, 110, 81, 126,
       184, 171, 34, 24, 215, 183, 32, 123, 177, 213, 93, 32, 57, 221,
       176, 14, 217, 135, 119, 52, 128, 96, 167, 50, 11, 223, 34, 190,
       219, 149, 188, 231, 190, 204, 72, 3, 172, 250, 55, 192, 228, 107,
       187, 133, 196, 139, 18, 255, 187, 119, 158, 139, 16, 116, 169,
       206, 216, 52, 27, 232, 40, 109, 81, 75, 160, 2, 161, 24, 151, 151,
       1, 121, 128, 177, 72, 40, 25, 7, 240, 30, 209, 145, 0, 56, 16, 0,
       7, 34, 144, 205, 10, 188, 154, 202, 62, 230, 188, 132, 78, 161,
       181, 231, 35, 80, 230, 123, 223, 229, 96, 137, 2, 63, 241, 165,
       47, 137, 48, 112, 47, 218, 170, 43, 70, 77, 123, 192, 123, 119,
       169, 12, 252, 165, 40, 135, 182, 85, 110, 186, 207, 248, 34, 139,
       164, 237, 118, 56, 162, 139, 23, 132, 110, 253, 209, 89, 63, 44,
       14, 219, 215, 96, 196, 192, 242, 42, 247, 28, 178, 33, 170, 181,
       76, 99, 237, 175, 53, 60, 241, 163, 106, 17, 117, 40, 45, 75, 124,
       4, 221, 229, 252, 46, 71, 59, 81, 170, 191, 26, 115, 113, 153,
       178, 25, 198, 116, 42, 121, 246, 233, 14, 251, 239, 117, 20, 227,
       250, 210, 41, 172, 182, 56, 250, 253, 229, 177, 75, 223, 95, 125,
       51, 184, 253, 110, 72, 201, 27, 183, 16, 50, 111, 42, 215, 95,
       215, 50, 107, 211, 73, 101, 243, 108, 112, 208, 98, 77, 93, 64,
       88, 35, 184, 189, 8, 10, 153, 93, 158, 24, 216, 198, 90, 11, 114,
       218, 128, 31, 217, 69, 63, 99, 175, 90, 162, 168, 188, 28, 120,
       237, 237, 81, 175, 155, 63, 36, 57, 166, 153, 74, 27, 137, 18,
       203, 16, 114, 110, 202, 55, 207, 211, 85, 127, 210, 8, 206, 139,
       244, 81, 95, 236, 42, 66, 87, 120, 161, 192, 227, 40, 87, 119, 41,
       115, 122, 245, 93, 226, 105, 163, 57, 12, 241, 161, 99, 20, 104,
       179, 38, 50, 93, 145, 30, 234, 155, 221, 82, 184, 167, 17, 175, 0,
       255, 215, 40, 240, 246, 183, 252, 194, 91, 9, 27, 53, 219, 253, 2,
       90, 58, 3, 169, 50, 60, 98, 220, 233, 168, 33, 95, 216, 2, 63,
       180, 185, 215, 227, 73, 26, 89, 220, 109, 250, 10, 70, 203, 48,
       218, 193, 229, 253, 176, 243, 46, 130, 59, 29, 58, 222, 83, 212,
       91, 119, 149, 76, 238, 6, 120, 255, 38, 240, 252, 187, 155, 200,
       237, 139, 50, 239, 243, 255, 130, 11, 59, 6, 44, 254, 248, 4, 158,
       240, 141, 98, 80, 67, 177, 151, 166, 17, 3, 187, 96, 91, 201, 182,
       233, 16, 56, 239, 195, 0, 219, 243, 208, 95, 224, 96, 238, 2, 128,
       176, 159, 186, 138, 236, 49, 203, 190, 31, 99, 17, 182, 243, 104,
       91, 161, 59, 106, 16, 50, 77, 154, 115, 221, 163, 122, 74, 144,
       65, 167, 131, 221, 221, 158, 182, 139, 86, 22, 184, 161, 250, 159,
       109, 207, 114, 203, 215, 165, 229, 236, 226, 237, 65, 155, 168,
       250, 243, 111, 151, 42, 119, 43, 23, 3, 204, 37, 223, 77, 245,
       175, 230, 223, 66, 92, 2, 176, 248, 53, 100, 201, 106, 50, 207,
       227, 188, 126, 255, 37, 62, 218, 10, 91, 93, 113, 172, 49, 79, 78,
       206, 52, 18, 78, 117, 69, 0, 223, 198, 115, 98, 177, 96, 92, 226,
       14, 238, 205, 131, 101, 175, 178, 174, 162, 144, 61, 251, 248, 13,
       24, 141, 39, 173, 148, 194, 79, 103, 132, 4, 202, 3, 247, 39, 32,
       64, 112, 182, 25, 233, 88, 153, 17, 61, 225, 228, 142, 80, 48, 10,
       181, 106, 253, 226, 222, 74, 233, 61, 82, 216, 235, 30, 181, 237,
       74, 194, 239, 191, 183, 192, 236, 126, 174, 103, 174, 113, 58,
       219, 69, 255, 251, 247, 106, 69, 93, 222, 127, 108, 48, 78, 79,
       188, 112, 202, 118, 100, 87, 87, 177, 113, 54, 244, 53, 110, 233,
       181, 41, 12, 240, 235, 101, 132, 108, 178, 102, 121, 37, 253, 189,
       103, 148, 111, 103, 188, 119, 226, 107, 64, 211, 117, 9, 112, 89,
       222, 126, 106, 105, 240, 121, 46, 237, 239, 101, 4, 232, 251, 194,
       32, 93, 149, 127, 236, 22, 70, 79, 120, 100, 72, 255, 102, 83,
       119, 168, 112, 126, 244, 60, 234, 217, 147, 61, 15, 241, 175, 162,
       196, 61, 163, 96, 49, 17, 249, 24, 232, 218, 133, 86, 255, 31, 5,
       236, 2, 54, 211, 40, 32, 255, 155, 22, 72, 94, 43, 26, 119, 187,
       132, 3, 110, 56, 10, 169, 139, 212, 252, 159, 254, 136, 237, 87,
       238, 190, 146, 160, 24, 246, 247, 97, 123, 145, 243, 121, 2, 121,
       79, 250, 123, 249, 150, 87, 62, 144, 113, 135, 42, 172, 60, 189,
       248, 205, 237, 145, 218, 158, 255, 164, 27, 154, 221, 111, 11,
       205, 91, 243, 16, 178, 102, 250, 242, 79, 223, 83, 127, 208, 89,
       69, 243, 72, 213, 29, 254, 153, 207, 21, 55, 173, 17, 174, 8, 254,
