%YAML:1.0
---
descriptors: !!opencv-matrix
   rows: 195
   cols: 32
   dt: u
   data: [ 45, 123, 121, 79, 102, 159, 183, 48, 120, 200, 117, 76, 246,
       88, 151, 36, 30, 104, 66, 79, 197, 176, 253, 47, 102, 60, 32, 26,
       79, 187, 75, 197, 5, 71, 81, 103, 244, 14, 110, 184, 124, 168,
       123, 96, 215, 99, 153, 244, 22, 76, 70, 106, 225, 176, 73, 78,
       164, 190, 39, 132, 72, 243, 67, 161, 120, 41, 241, 120, 201, 237,
       81, 87, 227, 20, 164, 8, 30, 151, 65, 60, 129, 184, 196, 24, 74,
       43, 242, 16, 211, 217, 20, 63, 114, 192, 70, 170, 254, 165, 106,
       248, 253, 244, 88, 115, 159, 93, 93, 19, 12, 190, 118, 241, 229,
       27, 151, 144, 182, 75, 170, 215, 91, 217, 154, 239, 182, 68, 252,
       199, 34, 221, 122, 92, 125, 205, 189, 231, 155, 93, 124, 11, 40,
       157, 54, 20, 236, 59, 243, 193, 194, 58, 146, 247, 119, 60, 154,
       171, 85, 24, 127, 255, 232, 140, 232, 251, 93, 244, 81, 147, 147,
       93, 252, 19, 10, 189, 54, 83, 201, 175, 181, 156, 58, 42, 242,
       183, 79, 237, 178, 73, 183, 69, 116, 242, 89, 3, 106, 141, 76,
       158, 107, 16, 101, 196, 207, 230, 155, 134, 147, 244, 118, 172,
       126, 238, 141, 147, 229, 200, 214, 109, 170, 136, 47, 135, 120,
       112, 195, 182, 253, 145, 162, 120, 61, 23, 59, 119, 54, 244, 189,
       38, 210, 127, 39, 151, 127, 157, 177, 92, 165, 194, 196, 59, 122,
       196, 140, 208, 131, 125, 35, 253, 51, 156, 125, 197, 188, 231,
       222, 89, 88, 107, 172, 252, 52, 160, 239, 123, 147, 193, 199, 43,
       166, 255, 53, 20, 158, 170, 85, 28, 181, 143, 37, 84, 109, 227,
       164, 103, 203, 152, 86, 250, 145, 246, 209, 125, 217, 43, 95, 204,
       23, 255, 169, 118, 125, 24, 77, 11, 239, 244, 253, 251, 80, 241,
       117, 116, 229, 78, 15, 119, 199, 232, 70, 226, 137, 10, 83, 124,
       93, 38, 121, 212, 120, 235, 237, 103, 127, 58, 49, 14, 197, 60,
       117, 123, 86, 116, 82, 99, 14, 188, 12, 165, 153, 79, 142, 164,
       128, 143, 133, 207, 98, 74, 238, 165, 127, 165, 24, 67, 146, 144,
       209, 33, 187, 255, 20, 40, 53, 210, 138, 156, 130, 152, 209, 246,
       60, 199, 191, 15, 194, 23, 108, 254, 38, 204, 253, 187, 187, 149,
       54, 159, 18, 215, 187, 118, 158, 195, 146, 68, 173, 206, 61, 79,
       66, 239, 84, 18, 238, 252, 85, 130, 254, 134, 107, 232, 191, 228,
       120, 236, 18, 239, 205, 179, 29, 174, 50, 237, 130, 0, 111, 191,
       120, 140, 77, 127, 187, 103, 144, 95, 127, 184, 113, 238, 63, 108,
       223, 116, 219, 52, 52, 124, 92, 110, 225, 240, 252, 42, 255, 221,
       37, 188, 106, 247, 7, 245, 64, 162, 165, 179, 252, 173, 168, 7,
       174, 185, 24, 89, 132, 140, 80, 138, 129, 15, 123, 21, 18, 120,
       202, 17, 141, 150, 63, 252, 192, 72, 215, 235, 67, 33, 46, 172,
       79, 51, 184, 79, 206, 192, 217, 15, 140, 216, 55, 74, 234, 45,
       251, 165, 148, 99, 215, 217, 212, 48, 139, 63, 93, 45, 57, 198,
       237, 176, 148, 83, 237, 61, 64, 155, 251, 251, 39, 92, 202, 248,
       95, 191, 129, 206, 108, 28, 191, 124, 219, 192, 14, 90, 85, 118,
       202, 237, 218, 5, 73, 177, 185, 224, 185, 92, 81, 29, 43, 249,
       173, 28, 159, 159, 74, 114, 151, 159, 125, 24, 219, 74, 251, 128,
       235, 253, 55, 124, 138, 130, 131, 115, 160, 189, 51, 184, 252,
       237, 186, 230, 186, 27, 248, 89, 188, 190, 100, 17, 239, 59, 83,
       17, 51, 111, 82, 127, 125, 30, 62, 232, 88, 0, 163, 187, 49, 235,
       82, 236, 62, 131, 206, 253, 69, 160, 216, 234, 113, 200, 176, 32,
       30, 237, 84, 239, 204, 163, 12, 189, 176, 168, 173, 188, 117, 186,
       248, 12, 1, 157, 63, 175, 52, 230, 43, 119, 236, 73, 90, 70, 245,
       254, 176, 96, 246, 43, 30, 140, 147, 153, 53, 127, 229, 174, 170,
       192, 28, 202, 177, 121, 51, 141, 106, 12, 250, 131, 207, 253, 21,
       64, 220, 239, 119, 224, 178, 116, 94, 234, 23, 111, 253, 187, 4,
       63, 112, 44, 37, 208, 127, 190, 184, 221, 9, 92, 123, 127, 52,
       143, 239, 246, 116, 8, 126, 100, 243, 81, 177, 32, 126, 122, 22,
       74, 227, 184, 33, 63, 101, 175, 54, 128, 91, 155, 97, 169, 248,
       56, 152, 116, 41, 77, 81, 22, 187, 171, 166, 24, 190, 179, 64,
       154, 131, 181, 236, 0, 40, 111, 209, 99, 211, 255, 112, 58, 74, 0,
       74, 43, 72, 154, 142, 187, 2, 128, 57, 19, 182, 21, 70, 165, 189,
       199, 34, 73, 102, 59, 171, 148, 18, 216, 147, 117, 205, 227, 250,
       193, 32, 0, 37, 250, 34, 93, 98, 156, 127, 212, 188, 102, 157, 72,
       220, 167, 40, 188, 55, 68, 238, 187, 151, 197, 198, 171, 18, 239,
       54, 60, 154, 155, 95, 28, 125, 223, 156, 240, 250, 250, 45, 217,
       85, 217, 215, 95, 181, 59, 31, 221, 106, 9, 171, 153, 239, 18,
       110, 103, 170, 145, 211, 211, 116, 63, 82, 152, 236, 115, 11, 255,
       19, 153, 125, 149, 188, 239, 222, 29, 88, 118, 172, 220, 112, 164,
       207, 59, 178, 129, 215, 58, 194, 247, 44, 20, 190, 235, 85, 12,
       185, 173, 245, 133, 109, 199, 148, 70, 111, 184, 116, 196, 207, 2,
       209, 116, 157, 97, 120, 196, 56, 239, 249, 178, 125, 14, 229, 175,
       167, 4, 37, 243, 116, 96, 124, 143, 248, 124, 251, 152, 85, 39,
       105, 133, 110, 40, 111, 33, 6, 86, 98, 246, 164, 24, 16, 106, 195,
       44, 126, 239, 68, 75, 227, 160, 238, 3, 19, 221, 71, 190, 115,
       146, 30, 238, 189, 65, 104, 197, 239, 230, 46, 180, 254, 235, 130,
       231, 111, 147, 30, 237, 176, 246, 10, 10, 60, 87, 171, 220, 228,
       47, 159, 244, 160, 47, 100, 23, 186, 171, 42, 88, 151, 35, 65, 26,
       129, 118, 109, 24, 56, 216, 209, 10, 237, 135, 117, 48, 128, 120,
       194, 34, 2, 173, 18, 25, 242, 209, 50, 103, 190, 5, 74, 161, 172,
       150, 162, 196, 98, 59, 138, 144, 22, 153, 132, 127, 60, 36, 26,
       203, 146, 4, 165, 207, 17, 157, 127, 238, 54, 230, 43, 113, 228,
       72, 91, 66, 245, 247, 56, 96, 118, 51, 31, 233, 217, 153, 61, 127,
       241, 173, 170, 192, 52, 130, 37, 121, 192, 180, 61, 117, 60, 237,
       117, 55, 250, 167, 38, 25, 182, 181, 64, 19, 161, 62, 105, 12, 50,
       109, 178, 31, 239, 139, 81, 114, 96, 8, 214, 106, 34, 28, 98, 156,
       127, 132, 184, 103, 157, 73, 216, 231, 44, 188, 54, 64, 238, 187,
       151, 133, 230, 43, 18, 255, 23, 60, 154, 155, 93, 12, 121, 223,
       220, 140, 142, 159, 140, 34, 7, 168, 156, 22, 142, 18, 247, 98,
       43, 67, 81, 102, 232, 43, 120, 197, 27, 63, 225, 163, 239, 21, 16,
       123, 185, 32, 8, 152, 14, 189, 73, 196, 121, 18, 182, 21, 70, 133,
       189, 199, 98, 205, 100, 63, 187, 220, 2, 216, 179, 241, 199, 225,
       250, 201, 50, 133, 45, 250, 253, 87, 41, 46, 188, 86, 159, 248,
       84, 206, 221, 229, 211, 124, 155, 96, 221, 221, 157, 231, 237, 38,
       109, 62, 243, 239, 239, 188, 125, 255, 118, 115, 100, 180, 157,
       152, 205, 237, 193, 203, 222, 51, 160, 24, 214, 248, 104, 43, 217,
       18, 106, 25, 58, 111, 218, 145, 205, 146, 221, 126, 208, 72, 214,
       162, 51, 205, 98, 12, 222, 131, 206, 237, 213, 0, 200, 138, 113,
       232, 52, 100, 90, 234, 19, 239, 120, 171, 12, 63, 122, 44, 133,
       89, 119, 186, 248, 140, 2, 239, 26, 158, 121, 213, 188, 231, 190,
       29, 220, 135, 172, 230, 35, 196, 237, 59, 202, 129, 102, 11, 130,
       255, 189, 22, 158, 43, 16, 28, 45, 222, 248, 112, 121, 242, 75,
       205, 81, 21, 191, 255, 183, 57, 63, 159, 72, 24, 167, 177, 127,
       17, 50, 111, 114, 51, 219, 207, 113, 250, 240, 8, 135, 123, 70,
       169, 164, 155, 141, 117, 188, 143, 143, 55, 138, 19, 204, 254, 94,
       206, 225, 71, 251, 145, 22, 73, 219, 241, 157, 22, 223, 127, 148,
       92, 189, 70, 72, 186, 139, 156, 77, 212, 171, 222, 154, 205, 28,
       143, 173, 230, 226, 64, 83, 106, 162, 156, 151, 75, 182, 243, 95,
       101, 191, 237, 154, 4, 45, 251, 189, 85, 107, 108, 86, 67, 75,
       112, 117, 196, 252, 143, 19, 205, 55, 16, 126, 184, 6, 238, 205,
       179, 52, 142, 243, 237, 0, 0, 103, 175, 102, 240, 52, 140, 70,
       189, 94, 3, 230, 232, 86, 162, 226, 2, 99, 232, 61, 65, 121, 236,
       42, 227, 104, 243, 79, 61, 60, 166, 135, 4, 245, 56, 112, 136,
