%YAML:1.0
---
descriptors: !!opencv-matrix
   rows: 287
   cols: 32
   dt: u
   data: [ 166, 180, 180, 250, 205, 173, 220, 207, 27, 51, 160, 25, 198,
       124, 92, 43, 141, 211, 123, 17, 62, 110, 219, 243, 139, 94, 221,
       126, 208, 89, 210, 6, 205, 92, 17, 229, 37, 95, 110, 190, 61, 234,
       118, 76, 254, 119, 1, 189, 157, 124, 214, 110, 233, 244, 113, 174,
       167, 219, 71, 22, 90, 252, 65, 185, 223, 161, 252, 85, 139, 126,
       253, 137, 123, 247, 39, 148, 75, 108, 223, 191, 183, 197, 252,
       190, 180, 116, 255, 192, 31, 251, 85, 87, 231, 117, 207, 86, 33,
       204, 231, 95, 68, 187, 238, 254, 126, 115, 114, 210, 241, 104,
       148, 173, 123, 110, 34, 138, 163, 252, 127, 255, 44, 46, 247, 4,
       221, 249, 240, 172, 48, 73, 123, 238, 84, 198, 79, 244, 20, 68,
       236, 2, 115, 215, 33, 112, 88, 250, 19, 202, 72, 179, 112, 47,
       243, 173, 128, 8, 49, 187, 100, 234, 64, 0, 239, 93, 44, 236, 225,
       3, 238, 91, 227, 25, 246, 40, 20, 91, 129, 38, 106, 12, 145, 253,
       83, 81, 69, 58, 80, 80, 192, 128, 84, 120, 141, 175, 26, 251, 252,
       141, 174, 249, 190, 24, 124, 98, 245, 243, 168, 5, 127, 123, 90,
       251, 114, 127, 138, 255, 188, 197, 175, 236, 24, 11, 171, 137, 40,
       223, 123, 111, 116, 143, 111, 246, 116, 12, 126, 68, 115, 97, 177,
       48, 62, 122, 6, 106, 227, 184, 49, 63, 103, 239, 36, 0, 123, 155,
       102, 185, 75, 189, 172, 50, 189, 189, 151, 174, 203, 247, 156,
       157, 238, 108, 94, 34, 143, 67, 253, 21, 182, 107, 255, 243, 235,
       95, 93, 127, 198, 92, 159, 95, 174, 241, 108, 120, 205, 213, 209,
       221, 207, 125, 180, 29, 10, 220, 127, 59, 201, 137, 199, 84, 142,
       103, 250, 145, 95, 217, 85, 255, 211, 28, 238, 215, 169, 180, 148,
       91, 253, 189, 112, 95, 127, 121, 101, 92, 190, 176, 44, 252, 129,
       10, 82, 24, 183, 174, 115, 215, 15, 222, 16, 114, 218, 8, 202,
       134, 171, 134, 36, 31, 253, 157, 224, 127, 95, 111, 244, 93, 234,
       232, 54, 245, 201, 162, 50, 13, 183, 190, 87, 183, 14, 126, 208,
       88, 91, 140, 218, 140, 247, 88, 182, 182, 111, 74, 244, 224, 189,
       254, 146, 47, 110, 121, 43, 91, 234, 229, 223, 103, 108, 231, 89,
       236, 208, 50, 207, 147, 13, 61, 59, 219, 48, 177, 124, 97, 24, 79,
       81, 123, 4, 44, 254, 41, 83, 21, 0, 16, 76, 156, 77, 32, 8, 187,
       81, 29, 215, 197, 33, 49, 113, 138, 70, 179, 121, 253, 94, 100,
       18, 14, 71, 126, 53, 160, 238, 44, 83, 49, 128, 49, 54, 244, 124,
       106, 121, 251, 17, 12, 250, 235, 101, 20, 107, 162, 98, 57, 216,
       201, 250, 252, 245, 196, 125, 255, 187, 91, 100, 17, 124, 255, 59,
       89, 179, 107, 55, 248, 114, 121, 146, 111, 123, 239, 118, 77, 185,
       112, 239, 250, 160, 205, 61, 218, 216, 229, 23, 239, 158, 23, 236,
       18, 182, 183, 36, 96, 201, 122, 34, 0, 114, 43, 122, 127, 127,
       182, 22, 123, 16, 88, 132, 234, 239, 22, 88, 75, 189, 62, 222, 25,
       93, 202, 247, 92, 219, 120, 191, 253, 221, 207, 158, 39, 189, 246,
       221, 142, 178, 255, 1, 22, 219, 255, 218, 21, 0, 141, 29, 235,
       220, 139, 167, 239, 174, 17, 249, 18, 157, 3, 40, 64, 106, 139,
       74, 202, 82, 170, 75, 247, 245, 160, 186, 120, 16, 11, 161, 160,
       134, 192, 151, 155, 198, 142, 188, 196, 188, 19, 66, 82, 220, 194,
       40, 75, 39, 111, 42, 67, 114, 213, 158, 225, 21, 34, 94, 66, 36,
       25, 161, 131, 94, 54, 214, 241, 171, 42, 56, 19, 173, 191, 187,
       245, 207, 63, 192, 91, 167, 151, 237, 48, 180, 220, 193, 194, 206,
       247, 127, 199, 170, 228, 143, 19, 53, 149, 75, 175, 30, 167, 202,
       248, 86, 64, 217, 198, 83, 201, 184, 64, 126, 168, 6, 127, 155,
       179, 93, 191, 184, 172, 35, 68, 61, 139, 112, 145, 84, 249, 140,
       182, 170, 136, 91, 184, 162, 252, 134, 173, 247, 231, 75, 82, 135,
       213, 125, 214, 74, 67, 203, 33, 222, 163, 239, 253, 36, 179, 6,
       91, 62, 142, 106, 170, 213, 247, 230, 235, 85, 14, 253, 3, 99,
       232, 55, 64, 121, 234, 7, 167, 126, 187, 12, 255, 59, 111, 162,
       203, 117, 79, 124, 206, 213, 111, 157, 183, 168, 40, 79, 148, 186,
       147, 139, 212, 215, 98, 201, 122, 199, 71, 108, 223, 57, 193, 203,
       34, 232, 231, 255, 212, 172, 243, 161, 33, 122, 120, 114, 238,
       111, 159, 154, 68, 169, 44, 247, 175, 14, 157, 22, 144, 238, 189,
       215, 199, 204, 187, 208, 229, 147, 121, 138, 147, 71, 31, 191,
       215, 53, 105, 234, 174, 194, 70, 111, 220, 35, 198, 120, 2, 29,
       223, 115, 48, 122, 237, 55, 206, 64, 182, 190, 226, 117, 173, 135,
       36, 97, 243, 226, 232, 249, 77, 111, 254, 12, 130, 111, 117, 245,
       194, 214, 66, 115, 243, 177, 99, 106, 228, 61, 239, 233, 139, 54,
       175, 242, 235, 238, 136, 45, 186, 112, 104, 44, 36, 174, 179, 228,
       99, 245, 210, 86, 127, 87, 51, 80, 253, 91, 11, 249, 78, 51, 147,
       52, 240, 11, 240, 79, 15, 253, 229, 133, 249, 252, 194, 134, 73,
       79, 154, 226, 193, 174, 228, 180, 10, 209, 242, 217, 194, 184, 73,
       126, 233, 55, 195, 48, 151, 14, 246, 48, 34, 234, 200, 181, 17,
       161, 128, 116, 233, 156, 127, 152, 79, 69, 172, 226, 177, 167, 8,
       215, 115, 8, 27, 129, 86, 104, 122, 122, 105, 219, 61, 233, 227,
       117, 53, 192, 51, 198, 2, 3, 156, 186, 158, 245, 230, 190, 231,
       253, 75, 90, 23, 124, 254, 54, 96, 255, 111, 51, 133, 181, 159,
       18, 239, 61, 62, 158, 130, 140, 104, 177, 223, 252, 236, 157, 114,
       141, 107, 85, 175, 242, 187, 175, 24, 215, 241, 72, 58, 137, 214,
       108, 26, 122, 103, 235, 50, 219, 215, 117, 125, 194, 120, 198, 34,
       77, 244, 177, 83, 133, 124, 111, 152, 123, 251, 103, 16, 218, 119,
       93, 254, 177, 94, 124, 26, 155, 244, 251, 162, 239, 254, 85, 4,
       194, 115, 194, 32, 252, 72, 190, 124, 141, 126, 149, 198, 217,
       158, 182, 25, 235, 189, 23, 11, 201, 247, 237, 67, 40, 231, 242,
       168, 211, 251, 95, 27, 195, 125, 118, 106, 194, 221, 22, 152, 139,
       164, 188, 231, 191, 23, 202, 149, 172, 162, 38, 68, 167, 99, 235,
       133, 118, 13, 147, 247, 176, 54, 94, 75, 152, 84, 169, 94, 208,
       252, 157, 115, 160, 236, 119, 150, 104, 63, 46, 88, 183, 51, 64,
       123, 161, 118, 108, 74, 98, 220, 241, 35, 239, 251, 116, 81, 192,
       81, 199, 43, 222, 168, 236, 49, 137, 94, 217, 139, 123, 247, 167,
       25, 203, 188, 87, 58, 163, 197, 253, 149, 156, 117, 191, 192, 219,
       251, 95, 119, 231, 101, 199, 70, 176, 132, 215, 148, 86, 34, 234,
       106, 126, 162, 195, 210, 69, 226, 176, 73, 123, 205, 34, 169, 40,
       255, 13, 79, 24, 38, 223, 68, 5, 41, 33, 8, 121, 172, 152, 118,
       157, 125, 87, 175, 114, 167, 172, 8, 243, 241, 67, 50, 217, 238,
       104, 8, 62, 106, 248, 59, 251, 239, 21, 121, 192, 122, 222, 74,
       121, 252, 152, 107, 41, 125, 86, 158, 111, 127, 45, 44, 175, 182,
       198, 186, 135, 31, 236, 2, 143, 120, 251, 49, 134, 213, 53, 55,
       218, 87, 11, 31, 172, 92, 127, 125, 116, 79, 111, 180, 53, 202,
       118, 8, 115, 85, 145, 17, 24, 252, 87, 106, 97, 244, 121, 44, 103,
       251, 101, 128, 98, 187, 86, 113, 23, 107, 100, 243, 230, 167, 126,
       196, 103, 48, 211, 227, 97, 27, 157, 105, 238, 255, 127, 215, 138,
       208, 77, 240, 54, 122, 203, 130, 37, 147, 240, 134, 250, 100, 114,
       252, 155, 115, 158, 111, 191, 134, 161, 155, 77, 239, 105, 81,
       123, 243, 203, 163, 104, 71, 206, 222, 243, 199, 223, 63, 51, 116,
       175, 2, 170, 240, 188, 248, 45, 221, 209, 222, 143, 127, 180, 61,
       158, 157, 103, 59, 205, 25, 247, 81, 206, 111, 114, 145, 203, 217,
       125, 255, 82, 28, 214, 219, 41, 173, 28, 117, 133, 31, 76, 249,
       117, 178, 228, 8, 219, 114, 18, 177, 153, 198, 80, 110, 125, 250,
       121, 29, 255, 219, 69, 53, 106, 184, 202, 132, 63, 159, 2, 14,
       254, 151, 150, 249, 86, 72, 217, 239, 98, 200, 166, 196, 252, 234,
       134, 103, 207, 187, 12, 191, 56, 4, 37, 218, 125, 111, 248, 221,
       252, 96, 187, 96, 213, 95, 112, 65, 251, 165, 103, 25, 30, 157,
       107, 152, 184, 12, 227, 124, 2, 119, 176, 2, 243, 217, 5, 45, 194,
