%YAML:1.0
---
descriptors: !!opencv-matrix
   rows: 186
   cols: 32
   dt: u
   data: [ 169, 61, 157, 252, 248, 237, 85, 31, 190, 206, 224, 77, 246,
       247, 33, 89, 212, 251, 95, 16, 43, 74, 122, 59, 229, 159, 119, 56,
       144, 112, 35, 251, 19, 215, 82, 188, 115, 154, 22, 230, 189, 67,
       104, 237, 238, 246, 42, 213, 246, 251, 134, 103, 239, 147, 22,
       239, 176, 246, 10, 139, 56, 85, 171, 223, 71, 30, 151, 76, 163,
       46, 187, 19, 168, 202, 123, 69, 220, 255, 181, 206, 246, 103, 63,
       46, 145, 176, 145, 200, 4, 254, 122, 130, 202, 103, 33, 81, 3,
       253, 53, 221, 125, 149, 173, 239, 222, 61, 88, 94, 172, 248, 244,
       164, 207, 59, 178, 141, 195, 58, 246, 247, 45, 92, 158, 234, 87,
       28, 245, 173, 34, 221, 113, 92, 125, 205, 189, 239, 206, 89, 124,
       10, 184, 156, 52, 36, 206, 59, 19, 5, 195, 58, 114, 255, 53, 60,
       154, 170, 85, 12, 247, 255, 189, 81, 123, 108, 118, 219, 211, 120,
       85, 192, 253, 206, 83, 205, 181, 48, 126, 168, 6, 110, 233, 179,
       52, 158, 114, 237, 33, 8, 127, 171, 114, 208, 44, 123, 99, 95, 81,
       198, 239, 240, 180, 140, 255, 64, 121, 215, 189, 52, 92, 252, 83,
       234, 225, 179, 56, 239, 103, 175, 162, 136, 67, 183, 102, 241,
       219, 36, 237, 145, 162, 122, 57, 134, 60, 115, 134, 146, 157, 38,
       210, 123, 103, 151, 121, 157, 49, 220, 181, 194, 213, 59, 218, 68,
       132, 212, 163, 104, 237, 176, 180, 19, 237, 61, 64, 154, 235, 251,
       183, 92, 138, 248, 95, 190, 129, 70, 236, 29, 191, 101, 219, 194,
       15, 90, 85, 118, 202, 237, 218, 5, 60, 235, 224, 115, 213, 141,
       240, 199, 115, 185, 48, 75, 40, 153, 84, 146, 169, 202, 199, 209,
       94, 122, 138, 225, 63, 213, 148, 235, 235, 4, 222, 139, 49, 223,
       66, 171, 244, 179, 230, 247, 85, 73, 250, 231, 115, 40, 190, 224,
       125, 234, 6, 181, 223, 186, 13, 255, 60, 14, 166, 192, 253, 218,
       248, 157, 5, 71, 81, 71, 244, 14, 110, 184, 124, 170, 123, 68,
       211, 35, 153, 180, 18, 76, 70, 110, 225, 176, 77, 78, 36, 190, 37,
       4, 74, 243, 75, 129, 120, 80, 252, 59, 79, 233, 81, 7, 151, 119,
       182, 61, 47, 157, 106, 88, 203, 177, 255, 17, 10, 61, 115, 179,
       95, 199, 48, 115, 243, 12, 204, 91, 24, 123, 38, 249, 3, 212, 121,
       82, 183, 21, 70, 161, 175, 199, 34, 221, 102, 189, 191, 212, 10,
       216, 51, 245, 195, 241, 10, 193, 34, 133, 44, 115, 82, 132, 148,
       191, 156, 34, 20, 175, 159, 3, 130, 83, 230, 106, 44, 65, 209,
       215, 45, 37, 56, 201, 89, 255, 168, 182, 223, 87, 152, 72, 129,
       10, 33, 177, 179, 26, 207, 173, 177, 79, 238, 85, 169, 29, 190,
       216, 110, 16, 169, 139, 106, 17, 22, 43, 154, 81, 93, 28, 22, 122,
       209, 72, 167, 202, 31, 127, 171, 71, 162, 95, 127, 184, 245, 238,
       63, 204, 223, 245, 223, 55, 54, 252, 221, 110, 201, 240, 253, 106,
       239, 93, 37, 188, 99, 247, 7, 245, 49, 79, 123, 76, 116, 135, 111,
       101, 93, 128, 122, 66, 50, 194, 180, 96, 250, 168, 6, 106, 196,
       187, 36, 127, 112, 172, 34, 0, 81, 154, 96, 136, 10, 239, 2, 154,
       89, 148, 189, 231, 190, 29, 204, 133, 172, 230, 98, 196, 237, 43,
       235, 133, 102, 11, 178, 247, 125, 53, 158, 171, 18, 20, 173, 254,
       75, 205, 47, 188, 19, 194, 31, 230, 157, 68, 206, 131, 189, 247,
       51, 64, 82, 111, 187, 77, 97, 139, 48, 239, 241, 55, 142, 17, 52,
       120, 45, 120, 71, 233, 164, 155, 77, 149, 186, 168, 207, 113, 136,
       131, 236, 220, 94, 166, 203, 83, 251, 213, 198, 75, 223, 241, 29,
       16, 207, 127, 149, 14, 29, 206, 38, 162, 236, 155, 236, 113, 152,
       239, 139, 55, 157, 187, 192, 236, 94, 14, 201, 203, 243, 145, 30,
       75, 207, 243, 30, 22, 223, 255, 149, 76, 190, 214, 34, 93, 98,
       156, 125, 132, 156, 103, 157, 72, 216, 239, 44, 156, 55, 64, 238,
       163, 151, 133, 198, 43, 18, 255, 54, 60, 154, 155, 29, 28, 121,
       223, 40, 189, 55, 187, 249, 237, 175, 231, 190, 26, 120, 65, 188,
       190, 33, 128, 205, 59, 83, 1, 99, 58, 18, 127, 109, 151, 62, 104,
       88, 72, 35, 187, 194, 189, 187, 154, 219, 197, 179, 231, 158, 93,
       72, 27, 188, 254, 108, 64, 165, 123, 27, 17, 102, 75, 186, 119,
       125, 20, 30, 107, 144, 72, 165, 219, 184, 128, 115, 88, 69, 253,
       193, 103, 221, 21, 244, 26, 58, 220, 52, 45, 200, 170, 18, 8, 42,
       47, 50, 181, 19, 217, 80, 123, 83, 8, 84, 238, 40, 236, 47, 113,
       228, 202, 125, 183, 184, 151, 110, 145, 151, 45, 16, 59, 131, 50,
       93, 25, 114, 252, 162, 4, 239, 227, 116, 65, 192, 208, 214, 234,
       124, 133, 24, 106, 189, 216, 87, 121, 227, 8, 189, 40, 215, 241,
       192, 48, 145, 182, 76, 40, 91, 43, 170, 23, 251, 253, 37, 125,
       210, 2, 206, 43, 18, 161, 214, 253, 95, 139, 232, 105, 207, 176,
       226, 2, 99, 233, 60, 196, 250, 173, 107, 169, 8, 243, 23, 221, 28,
       190, 195, 6, 117, 168, 112, 136, 252, 249, 168, 42, 93, 221, 210,
       200, 195, 236, 181, 9, 211, 153, 82, 16, 216, 228, 253, 91, 78,
       47, 216, 179, 251, 217, 129, 125, 123, 47, 94, 194, 64, 168, 159,
       117, 169, 236, 113, 7, 187, 51, 34, 24, 174, 179, 64, 27, 163, 63,
       104, 16, 18, 93, 146, 97, 205, 210, 84, 99, 192, 64, 135, 171, 98,
       176, 181, 240, 45, 109, 81, 75, 203, 181, 161, 24, 142, 249, 76,
       27, 137, 145, 121, 49, 26, 99, 218, 145, 153, 218, 81, 127, 208,
       8, 86, 2, 53, 93, 95, 110, 18, 70, 71, 112, 101, 200, 251, 70,
       115, 119, 33, 81, 126, 244, 21, 110, 201, 177, 25, 44, 243, 170,
       33, 0, 121, 187, 96, 51, 8, 185, 177, 184, 223, 173, 177, 203,
       238, 25, 168, 73, 190, 217, 72, 144, 173, 27, 67, 17, 18, 43, 210,
       83, 221, 212, 31, 110, 208, 64, 167, 163, 2, 183, 19, 156, 219,
       193, 180, 103, 190, 1, 104, 243, 44, 246, 36, 208, 255, 187, 130,
       128, 86, 26, 18, 87, 61, 38, 30, 107, 17, 64, 175, 158, 248, 12,
       44, 252, 13, 228, 65, 74, 213, 6, 192, 26, 35, 184, 33, 123, 200,
       176, 104, 129, 40, 47, 114, 138, 211, 243, 208, 27, 16, 72, 116,
       42, 185, 77, 106, 108, 87, 87, 75, 114, 117, 196, 252, 138, 19,
       141, 55, 48, 122, 168, 22, 238, 232, 179, 52, 142, 115, 237, 128,
       9, 119, 187, 102, 224, 2, 239, 2, 158, 89, 149, 188, 239, 190, 25,
       200, 197, 164, 226, 32, 68, 237, 59, 235, 132, 102, 11, 130, 247,
       53, 52, 158, 171, 16, 20, 165, 143, 230, 170, 228, 16, 173, 57,
       88, 138, 251, 255, 180, 157, 138, 136, 87, 159, 137, 196, 236, 29,
       158, 103, 239, 224, 158, 89, 85, 63, 198, 253, 94, 70, 50, 249,
       43, 186, 85, 197, 95, 238, 23, 69, 72, 139, 55, 223, 104, 48, 249,
       219, 151, 193, 79, 26, 58, 189, 251, 197, 156, 107, 48, 26, 182,
       250, 160, 205, 43, 254, 220, 197, 71, 247, 150, 4, 236, 3, 115,
       229, 50, 64, 72, 234, 3, 78, 120, 171, 122, 63, 99, 167, 132, 25,
       50, 186, 244, 234, 245, 85, 105, 111, 188, 87, 223, 184, 86, 236,
       221, 173, 211, 92, 155, 96, 222, 221, 29, 239, 237, 54, 253, 62,
       227, 237, 175, 188, 125, 251, 86, 113, 18, 97, 18, 172, 59, 141,
       18, 72, 173, 0, 233, 9, 174, 222, 37, 148, 182, 185, 203, 99, 68,
       3, 146, 221, 177, 208, 11, 59, 80, 39, 47, 135, 61, 77, 107, 108,
       86, 215, 203, 112, 85, 192, 125, 10, 115, 221, 51, 49, 122, 168,
       22, 238, 233, 179, 52, 159, 115, 205, 33, 32, 119, 171, 112, 240,
       220, 60, 186, 117, 161, 238, 115, 194, 250, 243, 46, 25, 158, 251,
       67, 26, 163, 125, 125, 83, 48, 117, 144, 98, 205, 255, 103, 53,
       200, 113, 7, 3, 16, 149, 63, 238, 22, 198, 111, 121, 244, 64, 223,
       66, 117, 247, 184, 96, 114, 182, 63, 234, 217, 153, 57, 31, 241,
       175, 162, 64, 52, 162, 37, 57, 1, 157, 26, 255, 248, 157, 174,
       247, 191, 9, 124, 64, 165, 243, 32, 100, 77, 58, 18, 8, 115, 56,
       18, 255, 173, 215, 30, 10, 88, 200, 171, 169, 217, 93, 83, 100,
       211, 214, 55, 115, 253, 198, 238, 68, 61, 183, 35, 116, 118, 253,
       128, 226, 225, 187, 48, 238, 241, 255, 7, 0, 75, 112, 167, 249,
       108, 32, 185, 225, 252, 108, 89, 26, 35, 249, 46, 24, 159, 55, 65,
