%YAML:1.0
---
descriptors: !!opencv-matrix
   rows: 178
   cols: 32
   dt: u
   data: [ 184, 91, 115, 71, 114, 202, 107, 80, 53, 236, 118, 226, 121,
       151, 163, 116, 126, 124, 23, 234, 129, 144, 32, 238, 102, 236,
       160, 128, 103, 179, 102, 249, 40, 95, 123, 107, 116, 143, 111,
       242, 116, 12, 124, 68, 115, 101, 161, 16, 62, 106, 6, 110, 224,
       184, 49, 63, 103, 207, 36, 0, 123, 155, 102, 185, 41, 184, 148,
       81, 233, 253, 80, 207, 239, 59, 164, 24, 158, 154, 68, 190, 137,
       27, 218, 16, 23, 111, 242, 209, 143, 216, 17, 126, 218, 64, 203,
       158, 35, 162, 44, 153, 252, 189, 192, 143, 223, 61, 189, 29, 162,
       232, 94, 28, 137, 2, 111, 29, 182, 106, 75, 215, 14, 30, 81, 255,
       208, 204, 218, 197, 0, 205, 27, 191, 244, 194, 175, 230, 20, 5,
       90, 227, 245, 227, 32, 64, 91, 123, 3, 145, 114, 152, 64, 63, 236,
       166, 174, 192, 148, 90, 181, 170, 32, 48, 25, 97, 112, 111, 113,
       19, 36, 41, 118, 108, 151, 23, 0, 16, 140, 148, 79, 8, 9, 152, 81,
       4, 69, 140, 48, 208, 72, 136, 6, 187, 170, 184, 177, 88, 233, 253,
       208, 199, 159, 59, 180, 24, 174, 157, 100, 174, 201, 59, 211, 16,
       19, 111, 242, 243, 31, 220, 20, 123, 210, 89, 198, 190, 90, 52,
       54, 182, 43, 112, 25, 115, 169, 247, 143, 189, 44, 55, 66, 151,
       166, 55, 237, 129, 28, 79, 243, 192, 211, 243, 90, 251, 46, 100,
       47, 95, 208, 204, 143, 188, 137, 192, 71, 166, 182, 182, 130, 0,
       183, 179, 1, 123, 225, 231, 120, 201, 106, 77, 131, 59, 249, 163,
       223, 17, 160, 113, 37, 106, 235, 180, 177, 68, 81, 92, 115, 51,
       57, 201, 110, 92, 158, 55, 70, 246, 149, 92, 245, 12, 209, 92,
       176, 195, 111, 124, 16, 70, 74, 36, 198, 119, 184, 120, 189, 57,
       13, 213, 208, 206, 199, 125, 180, 29, 26, 156, 119, 41, 201, 9,
       231, 21, 142, 111, 114, 144, 219, 217, 84, 127, 209, 28, 236, 222,
       218, 157, 96, 186, 251, 244, 24, 247, 151, 89, 220, 179, 45, 190,
       46, 240, 231, 155, 159, 149, 190, 10, 70, 247, 218, 113, 154, 235,
       190, 132, 172, 95, 42, 188, 99, 188, 86, 192, 185, 103, 156, 5,
       216, 163, 61, 158, 36, 64, 238, 187, 147, 129, 114, 187, 150, 239,
       124, 36, 190, 200, 5, 8, 183, 218, 24, 95, 247, 254, 167, 74, 87,
       119, 197, 206, 222, 102, 127, 245, 161, 198, 118, 246, 191, 111,
       201, 161, 40, 171, 243, 254, 101, 146, 118, 254, 181, 107, 8, 190,
       179, 121, 51, 254, 51, 83, 127, 75, 126, 116, 175, 167, 128, 228,
       55, 59, 134, 16, 147, 184, 49, 71, 205, 247, 50, 66, 226, 196,
       135, 249, 24, 223, 119, 62, 170, 3, 159, 245, 229, 78, 248, 227,
       127, 255, 163, 5, 62, 123, 223, 227, 232, 161, 46, 125, 240, 231,
       111, 154, 127, 242, 165, 123, 229, 115, 124, 72, 108, 29, 86, 216,
       203, 188, 180, 76, 82, 201, 87, 51, 156, 192, 102, 110, 206, 103,
       250, 17, 115, 152, 101, 127, 91, 187, 74, 199, 95, 76, 175, 246,
       5, 102, 111, 226, 181, 146, 199, 2, 121, 255, 57, 123, 105, 229,
       121, 239, 40, 195, 187, 232, 211, 235, 203, 1, 35, 113, 53, 98,
       24, 90, 122, 166, 114, 194, 123, 84, 49, 204, 95, 175, 119, 215,
       163, 112, 118, 253, 23, 231, 168, 146, 160, 46, 242, 229, 34, 129,
       36, 147, 38, 251, 83, 76, 143, 188, 10, 192, 45, 102, 188, 194,
       202, 131, 183, 166, 33, 67, 226, 103, 125, 197, 100, 205, 130, 40,
       241, 227, 126, 153, 0, 88, 33, 74, 169, 169, 235, 89, 229, 253,
       225, 207, 95, 93, 116, 16, 186, 156, 246, 172, 217, 10, 22, 24,
       147, 56, 34, 209, 79, 25, 50, 239, 215, 12, 244, 236, 117, 164,
       157, 103, 152, 110, 71, 187, 114, 163, 171, 24, 247, 115, 73, 58,
       145, 214, 104, 42, 41, 116, 217, 10, 233, 175, 85, 52, 224, 115,
       194, 34, 221, 30, 239, 197, 38, 50, 239, 48, 252, 226, 215, 246,
       89, 167, 183, 107, 118, 228, 127, 175, 161, 213, 165, 74, 84, 43,
       235, 132, 45, 225, 113, 113, 252, 164, 149, 117, 136, 110, 69,
       139, 114, 179, 162, 24, 215, 115, 73, 251, 17, 212, 108, 56, 41,
       101, 211, 8, 153, 162, 69, 28, 224, 96, 66, 34, 228, 164, 157,
       103, 136, 111, 71, 152, 98, 179, 171, 24, 215, 115, 73, 59, 17,
       212, 104, 122, 56, 96, 219, 32, 205, 139, 101, 60, 192, 115, 70,
       34, 233, 233, 85, 69, 221, 15, 70, 175, 112, 160, 160, 8, 179, 17,
       68, 49, 136, 228, 64, 106, 105, 122, 209, 61, 111, 216, 5, 116,
       66, 184, 194, 40, 67, 190, 191, 145, 162, 228, 185, 87, 191, 95,
       30, 247, 156, 190, 230, 107, 167, 55, 191, 149, 183, 93, 178, 225,
       156, 18, 254, 194, 140, 68, 173, 125, 144, 181, 127, 244, 215,
       228, 121, 119, 177, 69, 239, 19, 61, 191, 32, 17, 232, 187, 115,
       128, 50, 217, 178, 199, 91, 235, 154, 65, 97, 128, 230, 250, 9,
       104, 183, 93, 65, 222, 99, 66, 249, 64, 100, 0, 190, 212, 149,
       189, 34, 104, 208, 78, 193, 248, 182, 105, 5, 122, 64, 0, 74, 181,
       71, 244, 72, 249, 155, 103, 112, 204, 119, 149, 171, 169, 42, 72,
       190, 179, 64, 112, 148, 117, 124, 72, 83, 25, 154, 33, 237, 253,
       36, 0, 72, 18, 131, 43, 16, 221, 123, 237, 180, 199, 239, 247, 84,
       206, 126, 2, 183, 245, 160, 96, 126, 122, 22, 74, 249, 184, 48,
       63, 225, 175, 38, 0, 113, 218, 228, 249, 52, 73, 106, 238, 80,
       134, 123, 208, 53, 4, 231, 131, 119, 199, 59, 80, 124, 253, 23,
       238, 170, 150, 56, 111, 243, 173, 162, 0, 48, 147, 38, 250, 240,
       188, 157, 116, 40, 109, 80, 31, 235, 187, 162, 124, 151, 179, 64,
       58, 129, 148, 108, 16, 45, 111, 243, 18, 219, 214, 117, 62, 200,
       96, 70, 11, 17, 221, 75, 253, 180, 199, 111, 247, 84, 202, 218,
       102, 243, 245, 177, 96, 127, 234, 22, 110, 233, 184, 52, 175, 160,
       174, 167, 128, 60, 250, 240, 249, 18, 156, 171, 254, 181, 226,
       183, 231, 150, 7, 222, 50, 120, 255, 34, 96, 249, 251, 147, 145,
       58, 155, 48, 255, 251, 183, 158, 195, 148, 88, 180, 250, 219, 82,
       36, 174, 57, 118, 25, 28, 23, 237, 151, 183, 207, 31, 130, 111,
       230, 149, 253, 197, 173, 69, 123, 220, 211, 251, 218, 147, 62,
       133, 173, 119, 113, 108, 14, 156, 12, 34, 69, 238, 142, 146, 200,
       2, 118, 242, 33, 91, 249, 236, 46, 227, 76, 67, 203, 252, 144, 34,
       223, 28, 16, 121, 48, 8, 235, 117, 107, 76, 77, 244, 187, 87, 201,
       76, 253, 22, 56, 156, 54, 164, 172, 57, 250, 143, 129, 47, 178,
       255, 115, 125, 0, 42, 75, 29, 244, 254, 56, 249, 43, 186, 87, 209,
       126, 246, 19, 69, 88, 139, 55, 223, 96, 16, 255, 251, 151, 193,
       79, 26, 58, 183, 255, 197, 188, 107, 52, 24, 182, 218, 55, 159,
       66, 138, 246, 179, 150, 254, 85, 72, 248, 231, 98, 232, 183, 196,
       254, 234, 134, 119, 223, 187, 12, 191, 56, 20, 39, 194, 95, 223,
       248, 221, 24, 143, 11, 175, 180, 130, 111, 247, 20, 8, 218, 226,
       247, 103, 160, 64, 126, 126, 31, 234, 9, 153, 9, 63, 232, 166,
       174, 128, 52, 170, 180, 41, 197, 182, 157, 117, 168, 44, 84, 191,
       235, 187, 170, 125, 214, 115, 205, 59, 135, 215, 108, 48, 184, 69,
       211, 2, 205, 186, 117, 124, 200, 112, 3, 51, 2, 207, 82, 140, 210,
       128, 46, 103, 53, 5, 232, 231, 36, 163, 160, 84, 126, 187, 2, 128,
       66, 154, 132, 127, 180, 52, 158, 11, 57, 146, 166, 136, 73, 50,
       27, 165, 98, 14, 121, 19, 44, 41, 67, 97, 151, 23, 128, 88, 166,
       29, 125, 13, 1, 152, 193, 0, 212, 165, 58, 192, 44, 128, 3, 59,
       101, 164, 181, 71, 245, 126, 227, 154, 105, 107, 251, 8, 210, 116,
       157, 190, 217, 214, 110, 56, 155, 176, 249, 36, 47, 190, 5, 68,
       200, 107, 194, 180, 195, 190, 157, 179, 162, 236, 57, 151, 191,
       127, 18, 245, 188, 166, 194, 91, 167, 23, 255, 21, 179, 89, 163,
       209, 140, 146, 126, 194, 136, 64, 131, 125, 41, 82, 25, 97, 112,
       143, 97, 20, 36, 41, 119, 104, 159, 23, 128, 176, 12, 28, 70, 88,
       19, 184, 113, 5, 69, 173, 48, 192, 74, 136, 66, 185, 93, 70, 125,
       105, 176, 62, 79, 184, 101, 46, 254, 100, 211, 99, 137, 113, 87,
       212, 108, 250, 169, 176, 109, 62, 226, 239, 37, 148, 250, 241, 96,
