%YAML:1.0
---
descriptors: !!opencv-matrix
   rows: 167
   cols: 32
   dt: u
   data: [ 43, 239, 106, 78, 254, 147, 158, 253, 87, 232, 92, 234, 121,
       252, 190, 36, 30, 123, 23, 239, 245, 171, 12, 191, 122, 28, 45,
       188, 127, 191, 184, 141, 212, 160, 157, 118, 136, 109, 81, 11,
       178, 183, 163, 24, 247, 243, 72, 91, 129, 86, 104, 16, 58, 109,
       219, 34, 201, 227, 85, 120, 192, 97, 134, 34, 100, 108, 157, 117,
       136, 78, 71, 178, 242, 162, 162, 8, 215, 51, 65, 122, 1, 116, 104,
       74, 121, 252, 217, 42, 237, 175, 101, 48, 192, 113, 66, 34, 170,
       184, 177, 216, 201, 253, 208, 198, 155, 19, 180, 24, 42, 157, 100,
       174, 201, 251, 195, 16, 19, 111, 242, 243, 31, 220, 20, 123, 211,
       93, 198, 174, 229, 228, 29, 101, 12, 14, 71, 184, 114, 160, 162,
       8, 211, 83, 9, 51, 24, 196, 104, 106, 104, 118, 217, 47, 229, 170,
       101, 52, 64, 187, 66, 32, 108, 164, 157, 119, 169, 111, 69, 170,
       226, 178, 170, 24, 215, 115, 73, 59, 129, 86, 104, 42, 40, 101,
       219, 48, 201, 211, 85, 52, 192, 121, 70, 34, 220, 228, 149, 116,
       136, 111, 69, 158, 114, 179, 162, 24, 151, 51, 65, 155, 17, 214,
       108, 120, 41, 108, 211, 34, 237, 162, 85, 60, 224, 240, 130, 40,
       89, 34, 157, 165, 60, 74, 89, 57, 51, 228, 134, 4, 223, 39, 195,
       118, 55, 196, 124, 60, 8, 208, 225, 136, 206, 247, 111, 148, 166,
       224, 5, 97, 2, 251, 255, 219, 230, 201, 173, 255, 222, 125, 116,
       118, 184, 243, 236, 96, 123, 106, 51, 204, 211, 120, 42, 241, 108,
       8, 126, 228, 28, 152, 225, 233, 40, 50, 81, 97, 113, 143, 113, 19,
       36, 41, 118, 108, 191, 23, 128, 180, 14, 156, 230, 24, 1, 184, 97,
       20, 71, 221, 48, 224, 74, 136, 66, 185, 17, 221, 75, 253, 180,
       135, 111, 247, 84, 202, 218, 70, 243, 241, 177, 96, 125, 238, 22,
       238, 233, 184, 53, 190, 168, 174, 175, 128, 61, 250, 240, 185,
       221, 28, 239, 197, 46, 50, 239, 48, 244, 226, 215, 246, 217, 239,
       147, 107, 118, 228, 127, 175, 161, 245, 165, 206, 86, 43, 235,
       132, 47, 225, 113, 113, 173, 121, 119, 71, 114, 219, 235, 80, 117,
       224, 119, 224, 121, 23, 165, 180, 126, 124, 150, 234, 129, 180,
       37, 238, 102, 254, 162, 128, 103, 183, 102, 241, 37, 21, 94, 238,
       124, 163, 74, 56, 196, 72, 249, 102, 241, 242, 189, 112, 92, 224,
       30, 234, 141, 131, 94, 189, 104, 191, 163, 216, 29, 171, 120, 1,
       173, 97, 57, 101, 69, 79, 67, 56, 97, 232, 165, 8, 211, 21, 89,
       50, 216, 136, 82, 106, 73, 54, 121, 8, 199, 217, 1, 60, 74, 171,
       66, 162, 27, 178, 210, 217, 51, 190, 186, 83, 63, 73, 126, 215,
       172, 175, 182, 236, 55, 59, 135, 157, 147, 184, 49, 215, 143, 119,
       26, 194, 206, 132, 171, 253, 81, 15, 75, 5, 52, 90, 108, 39, 124,
       194, 234, 228, 163, 32, 183, 241, 114, 164, 44, 12, 205, 184, 37,
       12, 160, 110, 54, 0, 108, 240, 120, 12, 139, 207, 102, 14, 122,
       19, 111, 253, 181, 142, 252, 229, 237, 231, 178, 245, 62, 243, 95,
       238, 232, 131, 109, 127, 180, 60, 39, 128, 119, 246, 163, 237, 18,
       156, 59, 248, 151, 231, 191, 231, 182, 79, 222, 18, 112, 255, 32,
       96, 249, 251, 147, 129, 56, 159, 48, 255, 249, 167, 158, 195, 145,
       64, 180, 234, 169, 184, 144, 88, 233, 253, 80, 199, 255, 51, 164,
       24, 158, 154, 68, 190, 137, 27, 242, 16, 23, 111, 242, 241, 159,
       216, 21, 127, 218, 68, 203, 158, 59, 113, 238, 68, 71, 222, 177,
       80, 202, 228, 117, 143, 56, 156, 118, 166, 44, 188, 179, 76, 133,
       251, 182, 204, 83, 107, 81, 35, 79, 140, 127, 254, 17, 207, 11,
       175, 52, 131, 175, 247, 22, 9, 90, 231, 245, 225, 176, 64, 95,
       107, 23, 165, 195, 184, 77, 63, 232, 167, 175, 192, 52, 90, 177,
       169, 40, 178, 61, 113, 168, 109, 17, 155, 138, 63, 173, 25, 150,
       45, 74, 26, 133, 18, 233, 16, 18, 105, 251, 17, 207, 211, 113,
       125, 208, 200, 198, 242, 56, 137, 150, 184, 93, 220, 208, 230,
       207, 17, 224, 9, 46, 248, 102, 222, 200, 235, 162, 81, 14, 107,
       82, 241, 155, 243, 86, 123, 219, 12, 110, 142, 24, 93, 123, 111,
       52, 143, 127, 242, 117, 8, 126, 64, 115, 115, 161, 96, 126, 122,
       21, 106, 201, 184, 9, 63, 227, 239, 32, 128, 123, 147, 96, 169,
       101, 165, 177, 67, 213, 127, 227, 187, 107, 105, 127, 8, 210, 117,
       28, 52, 153, 198, 66, 56, 147, 184, 249, 37, 45, 158, 5, 68, 193,
       106, 214, 240, 55, 223, 98, 138, 246, 179, 134, 254, 69, 72, 248,
       231, 98, 232, 183, 196, 254, 234, 134, 119, 223, 187, 12, 191, 56,
       84, 167, 194, 95, 223, 248, 221, 88, 32, 249, 229, 52, 10, 104,
       59, 123, 169, 70, 72, 223, 35, 208, 118, 54, 204, 125, 60, 136,
       216, 193, 136, 222, 255, 113, 132, 34, 160, 0, 40, 205, 52, 189,
       83, 173, 124, 249, 27, 122, 255, 5, 24, 156, 61, 87, 43, 133, 23,
       249, 13, 179, 100, 243, 194, 71, 95, 123, 180, 194, 101, 7, 115,
       195, 182, 157, 147, 170, 236, 57, 23, 190, 127, 54, 245, 156, 54,
       194, 123, 167, 23, 255, 149, 179, 88, 163, 193, 204, 51, 126, 194,
       140, 192, 131, 121, 74, 58, 146, 176, 235, 237, 48, 71, 171, 29,
       128, 57, 172, 159, 100, 90, 167, 59, 239, 17, 18, 75, 146, 240,
       223, 84, 26, 251, 130, 4, 39, 27, 45, 113, 57, 71, 85, 15, 71, 48,
       65, 232, 237, 76, 211, 17, 17, 52, 88, 204, 80, 110, 201, 178,
       121, 12, 101, 217, 1, 52, 74, 187, 82, 160, 189, 206, 65, 251, 30,
       161, 79, 216, 86, 6, 248, 198, 243, 64, 189, 64, 91, 202, 14, 238,
       234, 38, 79, 191, 100, 142, 167, 60, 55, 219, 80, 32, 18, 50, 229,
       1, 66, 90, 184, 67, 45, 247, 242, 255, 9, 12, 150, 27, 46, 149,
       255, 165, 132, 220, 101, 192, 86, 2, 122, 133, 229, 132, 39, 85,
       244, 71, 109, 108, 40, 110, 79, 184, 97, 126, 182, 140, 211, 101,
       155, 115, 92, 196, 109, 110, 232, 99, 237, 45, 243, 235, 225, 148,
       97, 179, 70, 112, 84, 62, 157, 118, 138, 42, 21, 56, 162, 178,
       171, 104, 215, 115, 73, 91, 3, 244, 108, 34, 8, 65, 219, 0, 217,
       163, 101, 20, 224, 115, 7, 35, 187, 121, 43, 198, 13, 245, 187,
       86, 200, 204, 223, 23, 56, 156, 118, 34, 236, 61, 179, 79, 197,
       191, 178, 235, 115, 121, 138, 42, 71, 31, 253, 255, 58, 222, 106,
       170, 180, 179, 254, 255, 20, 5, 220, 167, 97, 237, 163, 64, 255,
       250, 135, 181, 158, 187, 8, 191, 250, 103, 174, 195, 183, 223,
       252, 219, 138, 157, 126, 126, 226, 252, 189, 247, 189, 87, 126,
       147, 61, 175, 46, 1, 39, 59, 243, 128, 242, 157, 50, 247, 87, 251,
       90, 75, 119, 192, 167, 251, 8, 219, 246, 89, 183, 155, 173, 247,
       118, 77, 86, 230, 249, 213, 178, 228, 119, 106, 150, 220, 195,
       184, 37, 183, 110, 255, 54, 128, 127, 156, 229, 249, 14, 225, 148,
       154, 237, 209, 188, 237, 159, 127, 149, 25, 236, 234, 110, 207,
       223, 91, 235, 82, 86, 67, 250, 245, 31, 83, 207, 255, 146, 127,
       141, 215, 152, 63, 151, 252, 118, 226, 115, 226, 255, 140, 122,
       98, 109, 255, 33, 80, 254, 255, 166, 226, 32, 251, 34, 239, 185,
       246, 103, 3, 163, 113, 39, 171, 24, 143, 71, 239, 52, 167, 79,
       246, 4, 8, 218, 102, 247, 99, 177, 64, 126, 234, 31, 238, 201,
       137, 41, 63, 232, 166, 163, 128, 52, 170, 48, 41, 66, 56, 150,
       181, 43, 168, 56, 7, 175, 147, 2, 181, 172, 166, 96, 202, 167,
       119, 233, 144, 6, 221, 147, 193, 140, 242, 222, 11, 136, 68, 169,
       30, 231, 107, 252, 64, 236, 3, 205, 204, 202, 182, 176, 170, 16,
       10, 215, 59, 234, 196, 106, 126, 196, 99, 239, 80, 22, 8, 101, 60,
       85, 248, 98, 76, 17, 221, 123, 205, 180, 199, 111, 247, 84, 200,
       218, 70, 115, 245, 176, 96, 124, 250, 22, 200, 233, 185, 53, 47,
       225, 174, 166, 0, 60, 250, 240, 121, 159, 89, 119, 71, 114, 219,
       239, 80, 117, 192, 119, 226, 121, 213, 181, 164, 126, 124, 22,
       234, 225, 180, 45, 238, 39, 254, 2, 130, 103, 183, 100, 245, 100,
       177, 57, 235, 60, 77, 81, 25, 6, 61, 185, 24, 215, 95, 72, 16,
       217, 153, 77, 114, 26, 34, 251, 17, 205, 129, 161, 124, 80, 138,
