%YAML:1.0
---
descriptors: !!opencv-matrix
   rows: 137
   cols: 32
   dt: u
   data: [ 221, 4, 239, 229, 46, 50, 233, 57, 244, 226, 215, 146, 89, 45,
       147, 107, 118, 196, 127, 172, 225, 213, 181, 202, 86, 235, 239,
       132, 167, 224, 112, 96, 52, 149, 251, 255, 254, 207, 159, 253, 94,
       201, 121, 34, 243, 252, 60, 32, 222, 123, 23, 113, 247, 170, 108,
       63, 105, 143, 45, 248, 213, 122, 213, 219, 51, 159, 98, 136, 246,
       147, 151, 255, 93, 77, 218, 231, 66, 232, 182, 196, 222, 106, 135,
       117, 221, 187, 12, 191, 56, 60, 36, 194, 95, 222, 240, 221, 161,
       239, 122, 172, 254, 147, 206, 253, 212, 224, 88, 234, 113, 232,
       178, 33, 30, 233, 86, 239, 245, 163, 12, 191, 114, 9, 45, 188,
       125, 187, 248, 141, 34, 143, 148, 222, 217, 225, 184, 239, 159,
       25, 248, 51, 44, 234, 100, 198, 201, 251, 163, 145, 54, 75, 74,
       243, 29, 54, 222, 235, 145, 76, 173, 142, 34, 239, 98, 216, 253,
       148, 188, 231, 173, 13, 222, 135, 40, 142, 54, 196, 238, 251, 251,
       213, 198, 139, 182, 247, 55, 60, 158, 203, 23, 20, 252, 223, 245,
       67, 109, 100, 40, 94, 79, 184, 97, 252, 182, 92, 211, 101, 153,
       51, 28, 196, 108, 110, 233, 103, 237, 44, 243, 235, 225, 148, 97,
       177, 70, 97, 195, 54, 221, 177, 162, 46, 57, 31, 57, 127, 50, 245,
       159, 38, 194, 123, 167, 151, 125, 133, 181, 220, 165, 194, 132,
       178, 122, 198, 140, 208, 131, 125, 168, 216, 60, 248, 45, 239, 81,
       95, 159, 91, 52, 25, 159, 29, 34, 25, 141, 17, 255, 17, 58, 109,
       83, 23, 203, 215, 112, 223, 218, 8, 94, 91, 222, 237, 146, 178,
       157, 196, 150, 227, 191, 188, 138, 11, 174, 186, 71, 194, 233,
       255, 237, 211, 110, 75, 202, 247, 187, 215, 159, 127, 2, 29, 45,
       10, 228, 160, 153, 122, 217, 205, 81, 175, 250, 49, 161, 24, 183,
       241, 64, 59, 145, 86, 104, 16, 58, 111, 218, 17, 205, 167, 21,
       125, 192, 8, 198, 42, 205, 14, 215, 79, 36, 62, 238, 16, 124, 138,
       115, 64, 251, 96, 149, 239, 122, 100, 46, 110, 161, 244, 101, 106,
       4, 250, 99, 128, 200, 251, 65, 37, 9, 157, 3, 221, 181, 151, 111,
       247, 85, 201, 222, 70, 242, 244, 178, 228, 92, 106, 30, 12, 253,
       184, 117, 255, 171, 255, 182, 130, 26, 204, 248, 125, 223, 30,
       111, 205, 38, 50, 233, 83, 244, 194, 214, 214, 217, 15, 182, 105,
       110, 164, 63, 173, 161, 149, 181, 206, 214, 43, 234, 128, 47, 168,
       113, 112, 210, 10, 191, 254, 43, 192, 25, 71, 175, 21, 192, 177,
       172, 255, 32, 90, 238, 179, 239, 144, 26, 207, 162, 225, 219, 243,
       218, 219, 144, 4, 167, 107, 44, 86, 119, 71, 114, 202, 235, 112,
       53, 196, 119, 162, 89, 87, 175, 52, 62, 124, 23, 234, 161, 180,
       45, 238, 102, 238, 34, 128, 103, 183, 103, 241, 25, 143, 99, 173,
       178, 130, 107, 115, 36, 65, 90, 230, 253, 39, 176, 96, 126, 143,
       31, 237, 155, 152, 37, 95, 236, 237, 170, 192, 55, 130, 161, 225,
       101, 71, 81, 103, 52, 14, 103, 184, 96, 170, 123, 72, 211, 113,
       137, 48, 20, 196, 100, 106, 201, 176, 201, 14, 164, 190, 37, 132,
       104, 251, 66, 33, 58, 207, 78, 170, 182, 163, 190, 255, 132, 69,
       218, 231, 97, 236, 178, 64, 254, 250, 143, 101, 188, 155, 12, 191,
       250, 101, 174, 193, 183, 222, 188, 88, 90, 137, 156, 252, 139,
       193, 28, 207, 175, 21, 164, 41, 174, 191, 96, 90, 194, 243, 237,
       144, 26, 75, 66, 241, 219, 243, 94, 123, 144, 16, 175, 11, 210,
       255, 18, 176, 25, 205, 116, 230, 191, 188, 136, 9, 174, 250, 97,
       215, 225, 251, 235, 209, 110, 75, 154, 255, 185, 214, 159, 123,
       10, 52, 175, 14, 113, 35, 74, 172, 72, 14, 98, 88, 33, 168, 235,
       206, 19, 130, 131, 208, 112, 172, 110, 236, 141, 147, 197, 72,
       212, 172, 162, 136, 41, 131, 122, 16, 56, 99, 114, 97, 82, 27,
       234, 80, 101, 164, 251, 106, 11, 10, 133, 48, 122, 140, 70, 234,
       220, 178, 101, 12, 54, 237, 160, 1, 97, 130, 102, 132, 120, 243,
       72, 140, 30, 91, 147, 120, 6, 236, 149, 174, 82, 197, 226, 128,
       120, 148, 238, 96, 75, 35, 109, 157, 240, 1, 33, 191, 119, 46, 28,
       113, 5, 20, 223, 69, 178, 42, 37, 53, 124, 171, 127, 118, 215, 51,
       136, 125, 55, 92, 54, 56, 241, 244, 49, 74, 108, 174, 118, 196,
       232, 242, 225, 161, 97, 170, 184, 18, 205, 173, 241, 71, 235, 63,
       168, 29, 174, 152, 70, 26, 141, 171, 106, 21, 150, 111, 242, 81,
       223, 24, 20, 122, 192, 72, 199, 207, 109, 103, 81, 103, 116, 15,
       238, 184, 81, 168, 123, 72, 211, 97, 157, 164, 28, 204, 20, 110,
       201, 176, 205, 14, 36, 236, 165, 132, 111, 251, 82, 161, 124, 96,
       157, 102, 137, 74, 71, 168, 33, 178, 163, 8, 83, 51, 73, 91, 49,
       196, 108, 106, 72, 195, 217, 8, 251, 235, 69, 21, 34, 243, 70, 34,
       222, 80, 60, 242, 191, 244, 93, 208, 143, 239, 151, 63, 94, 31,
       207, 235, 228, 245, 253, 215, 172, 71, 241, 182, 211, 251, 250,
       243, 62, 31, 148, 83, 101, 149, 109, 207, 148, 38, 111, 184, 100,
       196, 207, 6, 209, 112, 159, 97, 88, 196, 58, 239, 249, 178, 125,
       13, 229, 47, 163, 68, 37, 243, 112, 96, 34, 255, 113, 223, 125,
       213, 252, 255, 223, 93, 124, 102, 168, 156, 180, 164, 207, 59,
       151, 1, 198, 58, 98, 247, 47, 92, 158, 171, 86, 156, 244, 255, 26,
       220, 119, 236, 179, 226, 63, 247, 181, 5, 206, 166, 104, 247, 32,
       196, 127, 251, 155, 160, 58, 155, 48, 255, 248, 246, 158, 194,
       182, 214, 164, 107, 170, 156, 108, 249, 203, 245, 56, 255, 151,
       87, 28, 147, 40, 255, 62, 125, 239, 155, 179, 148, 182, 11, 122,
       247, 95, 95, 218, 239, 183, 197, 188, 218, 98, 207, 98, 222, 125,
       148, 188, 231, 191, 29, 216, 131, 40, 238, 52, 196, 239, 187, 223,
       129, 198, 11, 66, 247, 59, 124, 158, 155, 23, 28, 253, 206, 35,
       215, 117, 219, 254, 153, 188, 239, 95, 25, 120, 247, 168, 252,
       252, 224, 207, 155, 182, 17, 215, 58, 111, 247, 44, 30, 30, 234,
       85, 28, 197, 157, 252, 75, 109, 101, 44, 14, 77, 190, 112, 190,
       178, 92, 147, 45, 145, 123, 140, 196, 124, 110, 232, 111, 241, 42,
       241, 235, 101, 20, 96, 241, 86, 105, 29, 93, 115, 94, 22, 223,
       174, 240, 117, 200, 255, 226, 249, 220, 181, 164, 126, 248, 150,
       202, 193, 177, 44, 238, 55, 110, 162, 128, 103, 255, 97, 165, 34,
       155, 122, 220, 125, 209, 180, 119, 223, 77, 124, 167, 40, 157,
       182, 196, 206, 59, 151, 1, 198, 58, 114, 255, 119, 60, 146, 139,
       87, 140, 252, 223, 66, 184, 146, 152, 219, 229, 48, 71, 191, 5,
       200, 57, 172, 190, 100, 92, 167, 59, 235, 145, 22, 11, 146, 243,
       153, 214, 26, 123, 144, 68, 175, 15, 1, 157, 63, 206, 52, 230,
       123, 119, 204, 73, 219, 98, 244, 254, 180, 96, 246, 50, 30, 8,
       183, 185, 56, 127, 233, 172, 162, 192, 20, 10, 112, 107, 74, 162,
       142, 186, 233, 224, 57, 207, 175, 21, 192, 177, 172, 199, 104, 91,
       231, 59, 235, 145, 18, 75, 194, 209, 221, 176, 218, 203, 144, 0,
       167, 235, 59, 207, 102, 15, 182, 147, 238, 245, 84, 0, 250, 226,
       115, 104, 180, 228, 126, 234, 22, 237, 252, 187, 13, 189, 56, 44,
       167, 192, 127, 158, 240, 141, 109, 71, 81, 71, 116, 11, 110, 56,
       113, 160, 123, 76, 211, 97, 153, 180, 26, 204, 68, 110, 233, 176,
       205, 14, 36, 188, 37, 4, 111, 251, 74, 160, 82, 253, 23, 190, 155,
       197, 148, 231, 191, 149, 136, 59, 174, 254, 100, 70, 225, 187,
       235, 1, 102, 75, 146, 255, 185, 150, 30, 59, 16, 84, 167, 206, 60,
       99, 99, 104, 114, 11, 195, 112, 97, 236, 251, 239, 3, 11, 183, 16,
       124, 172, 70, 230, 201, 179, 36, 14, 176, 237, 160, 16, 111, 171,
       102, 240, 47, 94, 99, 94, 117, 148, 238, 246, 85, 74, 252, 66,
       184, 248, 181, 228, 95, 250, 150, 203, 239, 186, 102, 255, 39, 62,
       158, 136, 95, 255, 120, 141, 195, 188, 191, 243, 232, 172, 61,
       151, 191, 91, 6, 21, 188, 255, 74, 123, 167, 51, 123, 156, 183,
       77, 186, 243, 207, 255, 94, 234, 128, 192, 131, 251, 236, 124,
       189, 117, 173, 238, 101, 150, 248, 186, 166, 13, 182, 49, 65, 91,
