%YAML:1.0
---
descriptors: !!opencv-matrix
   rows: 193
   cols: 32
   dt: u
   data: [ 98, 184, 171, 148, 76, 200, 49, 7, 234, 229, 131, 139, 176,
       172, 84, 90, 192, 183, 107, 129, 86, 75, 215, 65, 85, 36, 218, 56,
       4, 8, 148, 90, 51, 159, 34, 138, 244, 183, 166, 254, 87, 77, 250,
       231, 98, 232, 182, 196, 252, 234, 134, 247, 223, 187, 13, 191, 56,
       116, 166, 194, 95, 79, 248, 221, 89, 32, 149, 229, 56, 10, 72, 27,
       43, 160, 70, 192, 223, 35, 208, 118, 54, 140, 125, 44, 9, 208,
       193, 136, 222, 247, 99, 144, 38, 160, 1, 41, 171, 184, 144, 88,
       233, 253, 144, 199, 255, 115, 164, 24, 174, 154, 70, 191, 137, 27,
       218, 16, 23, 111, 242, 241, 159, 216, 20, 123, 218, 68, 203, 158,
       20, 14, 139, 191, 180, 163, 175, 113, 20, 138, 91, 226, 245, 231,
       177, 64, 94, 122, 55, 137, 49, 180, 72, 46, 228, 166, 175, 128,
       180, 250, 177, 161, 184, 88, 189, 57, 173, 223, 81, 95, 207, 253,
       180, 29, 31, 157, 115, 25, 201, 49, 223, 21, 142, 111, 115, 16,
       203, 219, 116, 119, 208, 28, 204, 219, 11, 251, 2, 155, 251, 133,
       47, 246, 172, 76, 72, 229, 172, 194, 227, 196, 110, 107, 219, 204,
       67, 153, 147, 243, 52, 52, 190, 136, 26, 20, 171, 217, 211, 54,
       215, 177, 162, 42, 57, 23, 57, 251, 18, 245, 205, 46, 203, 95,
       167, 149, 253, 181, 181, 212, 133, 194, 148, 242, 122, 198, 172,
       228, 35, 85, 28, 5, 214, 247, 193, 126, 124, 207, 61, 183, 111,
       17, 79, 59, 10, 219, 169, 215, 235, 16, 60, 248, 25, 194, 207,
       255, 86, 71, 162, 116, 238, 130, 245, 231, 108, 103, 40, 30, 79,
       56, 225, 222, 183, 28, 211, 97, 158, 55, 28, 196, 108, 110, 232,
       103, 239, 13, 242, 251, 97, 156, 105, 179, 198, 117, 94, 9, 148,
       190, 169, 185, 22, 162, 143, 30, 168, 33, 238, 235, 33, 218, 193,
       115, 239, 67, 12, 9, 74, 187, 146, 247, 95, 27, 146, 127, 13, 10,
       168, 140, 124, 88, 253, 255, 241, 223, 223, 31, 116, 48, 42, 29,
       182, 173, 233, 58, 151, 24, 54, 237, 42, 255, 79, 219, 112, 75,
       211, 204, 236, 239, 228, 185, 157, 117, 172, 109, 85, 138, 250,
       251, 162, 88, 210, 112, 77, 27, 129, 70, 104, 82, 123, 102, 219,
       49, 205, 154, 117, 116, 192, 121, 198, 34, 16, 61, 27, 189, 18,
       225, 162, 119, 20, 128, 220, 226, 181, 247, 32, 192, 126, 123, 19,
       137, 75, 154, 18, 111, 233, 165, 158, 8, 53, 8, 165, 186, 9, 217,
       227, 91, 181, 219, 239, 182, 86, 77, 118, 230, 233, 245, 184, 236,
       127, 122, 182, 216, 227, 184, 101, 191, 47, 255, 182, 194, 247,
       156, 212, 253, 41, 177, 49, 65, 85, 79, 67, 57, 113, 233, 229, 8,
       210, 25, 92, 48, 216, 140, 82, 56, 137, 178, 249, 28, 111, 221, 5,
       116, 75, 170, 82, 162, 127, 15, 228, 78, 221, 50, 94, 170, 231,
       166, 191, 143, 74, 104, 151, 246, 121, 230, 238, 166, 188, 163,
       109, 254, 62, 126, 133, 151, 239, 247, 122, 68, 223, 92, 239, 221,
       38, 50, 235, 18, 252, 194, 214, 246, 217, 166, 183, 107, 118, 228,
       63, 175, 161, 213, 165, 202, 86, 43, 234, 128, 45, 161, 113, 113,
       220, 177, 157, 116, 169, 108, 81, 155, 226, 187, 166, 24, 215, 51,
       73, 59, 129, 212, 108, 56, 56, 71, 211, 0, 217, 211, 117, 124,
       192, 112, 6, 34, 133, 70, 221, 231, 244, 43, 111, 152, 116, 246,
       119, 220, 215, 99, 217, 121, 123, 200, 70, 126, 109, 244, 109, 42,
       236, 139, 103, 4, 236, 251, 1, 160, 29, 88, 119, 71, 115, 203,
       171, 112, 53, 228, 119, 224, 89, 23, 165, 180, 126, 124, 150, 234,
       161, 180, 45, 238, 102, 238, 32, 128, 103, 167, 102, 241, 220,
       100, 149, 118, 136, 110, 69, 159, 114, 179, 162, 24, 215, 115, 73,
       187, 17, 214, 108, 56, 41, 102, 219, 2, 253, 170, 117, 28, 226,
       240, 194, 32, 244, 73, 19, 70, 16, 74, 103, 97, 96, 32, 235, 8,
       114, 19, 128, 48, 56, 188, 68, 226, 73, 183, 161, 111, 177, 164,
       32, 0, 97, 35, 230, 32, 8, 251, 122, 221, 102, 197, 189, 254, 30,
       92, 124, 38, 189, 151, 246, 64, 127, 123, 51, 200, 194, 184, 34,
       241, 108, 9, 118, 160, 23, 152, 237, 233, 88, 126, 106, 174, 114,
       134, 123, 80, 49, 68, 79, 135, 127, 207, 59, 112, 118, 253, 151,
       239, 140, 146, 172, 46, 243, 239, 42, 1, 37, 163, 38, 121, 48,
       189, 59, 253, 148, 199, 231, 247, 84, 202, 124, 2, 183, 245, 32,
       96, 121, 122, 22, 72, 123, 184, 48, 63, 233, 175, 38, 0, 113, 218,
       228, 248, 18, 156, 187, 253, 147, 230, 191, 246, 182, 15, 206, 18,
       120, 255, 32, 96, 253, 251, 147, 129, 58, 157, 48, 255, 249, 231,
       158, 194, 161, 64, 165, 234, 80, 32, 214, 229, 48, 10, 104, 25,
       107, 160, 99, 200, 95, 3, 144, 210, 114, 140, 108, 40, 9, 216,
       197, 204, 150, 252, 35, 0, 44, 160, 96, 0, 72, 161, 131, 167, 117,
       200, 161, 23, 38, 201, 91, 193, 181, 133, 80, 196, 16, 62, 177,
       25, 19, 184, 194, 33, 205, 229, 186, 224, 142, 6, 23, 184, 203,
       190, 255, 145, 162, 124, 57, 23, 186, 127, 22, 244, 156, 38, 194,
       123, 167, 23, 255, 157, 179, 221, 165, 192, 204, 59, 122, 196,
       140, 196, 163, 121, 60, 228, 97, 169, 142, 75, 70, 232, 86, 114,
       248, 171, 115, 97, 253, 193, 89, 200, 38, 238, 74, 50, 79, 183,
       172, 207, 229, 60, 119, 190, 212, 160, 74, 58, 154, 240, 249, 237,
       56, 70, 175, 189, 32, 57, 174, 159, 65, 26, 135, 59, 239, 16, 18,
       75, 130, 240, 219, 213, 26, 251, 130, 4, 15, 27, 155, 125, 58,
       198, 15, 244, 191, 84, 200, 204, 221, 23, 56, 157, 54, 38, 172,
       127, 243, 207, 197, 175, 186, 227, 99, 121, 138, 11, 67, 95, 189,
       251, 61, 93, 87, 110, 50, 207, 71, 112, 37, 200, 251, 68, 119,
       119, 33, 17, 60, 240, 84, 110, 105, 163, 25, 61, 241, 236, 33, 16,
       113, 179, 98, 99, 86, 74, 150, 190, 41, 128, 18, 72, 143, 152,
       128, 105, 238, 226, 97, 215, 192, 229, 237, 83, 12, 75, 202, 232,
       152, 240, 79, 59, 144, 47, 41, 7, 5, 207, 29, 103, 180, 14, 103,
       189, 116, 232, 123, 68, 243, 113, 152, 112, 20, 70, 108, 110, 249,
       184, 89, 47, 237, 191, 101, 4, 72, 243, 192, 33, 32, 217, 106,
       109, 244, 75, 111, 125, 45, 200, 126, 168, 115, 77, 144, 48, 26,
       248, 87, 106, 89, 184, 49, 61, 103, 189, 36, 128, 75, 186, 198,
       186, 55, 237, 102, 219, 252, 33, 238, 232, 117, 34, 219, 131, 225,
       233, 157, 97, 121, 222, 123, 239, 252, 146, 207, 254, 62, 126,
       143, 142, 181, 243, 240, 132, 58, 169, 188, 252, 137, 245, 85, 79,
       199, 23, 164, 8, 46, 250, 34, 59, 201, 243, 233, 145, 26, 75, 66,
       177, 219, 243, 223, 123, 177, 80, 166, 46, 58, 161, 188, 58, 205,
       253, 213, 207, 207, 55, 164, 25, 174, 248, 110, 30, 137, 131, 233,
       17, 26, 107, 82, 145, 219, 211, 84, 123, 210, 76, 222, 238, 99,
       170, 184, 16, 173, 189, 80, 87, 235, 191, 180, 25, 142, 154, 70,
       27, 137, 171, 78, 21, 158, 111, 242, 80, 155, 152, 84, 123, 192,
       72, 203, 207, 102, 168, 169, 144, 236, 233, 225, 75, 158, 185,
       176, 185, 146, 140, 84, 26, 137, 155, 107, 17, 18, 111, 194, 80,
       93, 16, 61, 253, 196, 72, 214, 194, 11, 182, 185, 115, 241, 252,
       49, 158, 59, 95, 125, 116, 188, 183, 202, 190, 133, 27, 215, 20,
       151, 88, 251, 227, 207, 221, 62, 239, 202, 69, 143, 251, 89, 253,
       27, 231, 17, 206, 119, 52, 37, 136, 110, 8, 255, 87, 0, 112, 54,
       244, 92, 106, 73, 152, 113, 111, 245, 237, 38, 0, 42, 162, 35, 59,
       197, 118, 157, 101, 170, 46, 44, 159, 42, 186, 170, 120, 214, 115,
       201, 123, 135, 87, 124, 56, 113, 212, 219, 74, 172, 170, 117, 180,
       200, 112, 131, 33, 224, 176, 157, 116, 40, 77, 80, 27, 187, 187,
       166, 124, 183, 51, 192, 59, 129, 148, 108, 8, 41, 109, 243, 19,
       203, 243, 113, 126, 202, 160, 6, 43, 12, 27, 150, 181, 205, 118,
       116, 135, 183, 159, 238, 51, 206, 187, 99, 219, 201, 247, 239,
       144, 60, 203, 195, 226, 207, 247, 215, 67, 130, 116, 172, 131,
       159, 86, 197, 154, 238, 55, 174, 216, 22, 90, 81, 247, 89, 206,
       255, 239, 127, 201, 23, 255, 167, 71, 15, 242, 24, 10, 239, 236,
