%YAML:1.0
---
descriptors: !!opencv-matrix
   rows: 222
   cols: 32
   dt: u
   data: [ 192, 110, 187, 78, 96, 142, 115, 80, 252, 142, 111, 84, 118,
       195, 135, 112, 20, 44, 76, 14, 160, 183, 32, 74, 83, 175, 32, 0,
       64, 178, 103, 225, 10, 169, 65, 225, 180, 203, 233, 55, 62, 97,
       90, 192, 177, 135, 208, 32, 89, 46, 23, 157, 27, 152, 197, 21,
       204, 148, 186, 224, 12, 128, 211, 184, 98, 216, 38, 158, 125, 228,
       187, 198, 159, 93, 212, 31, 168, 221, 54, 4, 204, 243, 251, 213,
       146, 111, 82, 245, 23, 62, 218, 219, 223, 13, 251, 223, 160, 205,
       29, 222, 216, 229, 55, 231, 159, 23, 236, 18, 182, 183, 32, 97,
       201, 123, 34, 0, 114, 46, 122, 255, 229, 182, 86, 123, 16, 88,
       133, 234, 89, 125, 94, 101, 18, 10, 71, 127, 36, 160, 238, 228,
       83, 49, 128, 112, 54, 244, 108, 104, 105, 187, 85, 14, 248, 239,
       37, 16, 105, 162, 98, 41, 12, 36, 174, 179, 197, 115, 116, 194,
       87, 191, 95, 51, 77, 121, 91, 9, 185, 223, 183, 147, 62, 244, 11,
       146, 79, 71, 253, 229, 167, 95, 252, 131, 168, 188, 177, 248, 237,
       237, 241, 207, 219, 123, 52, 24, 30, 157, 100, 175, 201, 27, 243,
       16, 51, 111, 242, 210, 95, 218, 21, 127, 211, 72, 198, 178, 53,
       105, 234, 174, 194, 68, 127, 228, 49, 134, 252, 10, 61, 242, 115,
       48, 122, 237, 55, 203, 72, 150, 190, 226, 117, 173, 206, 41, 33,
       50, 230, 234, 136, 189, 127, 87, 224, 249, 181, 55, 253, 79, 126,
       48, 190, 189, 134, 49, 135, 51, 223, 0, 241, 252, 112, 111, 71,
       191, 112, 131, 70, 200, 199, 251, 53, 157, 75, 175, 22, 175, 203,
       248, 86, 64, 217, 198, 115, 193, 184, 96, 126, 232, 22, 126, 187,
       179, 29, 191, 184, 174, 35, 84, 125, 171, 112, 176, 130, 251, 254,
       217, 235, 217, 184, 67, 175, 93, 116, 191, 172, 158, 246, 15, 175,
       59, 255, 85, 214, 125, 162, 241, 95, 88, 94, 235, 212, 12, 135,
       215, 34, 156, 59, 222, 215, 247, 182, 230, 157, 7, 222, 18, 104,
       254, 36, 224, 249, 251, 147, 131, 56, 175, 50, 255, 59, 62, 154,
       75, 17, 77, 188, 238, 80, 115, 56, 172, 40, 205, 91, 56, 163, 236,
       157, 173, 247, 199, 67, 80, 22, 177, 125, 110, 72, 3, 202, 29,
       243, 209, 33, 189, 48, 162, 6, 123, 169, 180, 148, 91, 253, 189,
       112, 95, 127, 57, 109, 92, 190, 248, 12, 188, 129, 10, 82, 24,
       183, 172, 115, 247, 15, 222, 16, 114, 218, 8, 202, 142, 172, 176,
       145, 113, 233, 253, 112, 219, 255, 123, 100, 24, 158, 151, 76,
       188, 137, 27, 98, 24, 51, 118, 250, 211, 143, 220, 17, 126, 218,
       65, 131, 178, 125, 173, 144, 230, 157, 60, 70, 138, 99, 161, 174,
       8, 251, 241, 89, 246, 17, 238, 120, 122, 91, 98, 250, 42, 175,
       253, 5, 125, 138, 251, 218, 36, 8, 253, 183, 188, 207, 231, 183,
       230, 190, 201, 72, 3, 124, 254, 97, 64, 251, 123, 51, 17, 66, 219,
       146, 104, 125, 6, 111, 8, 128, 122, 37, 251, 138, 159, 54, 216,
       187, 161, 183, 231, 191, 23, 252, 177, 172, 142, 38, 92, 231, 51,
       235, 16, 114, 45, 2, 247, 185, 214, 94, 203, 146, 85, 165, 175,
       221, 205, 186, 252, 245, 196, 127, 255, 187, 91, 100, 17, 125,
       255, 59, 89, 241, 239, 23, 108, 115, 249, 154, 127, 251, 239, 118,
       13, 184, 112, 235, 202, 94, 54, 214, 241, 171, 58, 56, 19, 175,
       191, 187, 245, 143, 63, 192, 218, 167, 151, 237, 16, 180, 221,
       193, 194, 206, 247, 123, 215, 170, 228, 143, 19, 12, 189, 146,
       187, 252, 173, 170, 214, 190, 169, 88, 64, 253, 243, 97, 196, 253,
       123, 50, 217, 3, 58, 154, 243, 173, 197, 175, 108, 152, 123, 169,
       169, 54, 159, 2, 138, 221, 147, 134, 249, 86, 12, 217, 111, 98,
       200, 54, 196, 248, 234, 134, 231, 222, 187, 12, 191, 48, 4, 161,
       203, 89, 15, 248, 223, 180, 73, 123, 206, 84, 198, 79, 112, 85,
       196, 230, 2, 115, 215, 33, 112, 120, 248, 19, 234, 105, 178, 112,
       175, 115, 169, 128, 8, 115, 187, 116, 250, 114, 120, 114, 238,
       111, 151, 154, 68, 141, 45, 245, 143, 14, 157, 54, 144, 238, 253,
       215, 71, 140, 163, 216, 229, 147, 121, 152, 155, 71, 31, 174, 215,
       150, 73, 71, 186, 194, 128, 172, 228, 180, 11, 211, 242, 89, 195,
       169, 73, 126, 171, 55, 194, 112, 151, 14, 231, 48, 34, 250, 200,
       53, 49, 161, 162, 1, 238, 231, 95, 100, 187, 232, 222, 94, 115,
       114, 198, 241, 232, 149, 169, 127, 110, 54, 143, 167, 252, 111,
       249, 4, 46, 247, 128, 253, 249, 121, 172, 240, 100, 29, 101, 176,
       79, 101, 31, 116, 171, 118, 24, 151, 17, 128, 59, 128, 20, 108,
       56, 121, 252, 225, 14, 231, 235, 52, 84, 192, 208, 198, 43, 217,
       77, 111, 252, 20, 130, 111, 117, 213, 66, 214, 66, 115, 235, 177,
       97, 122, 230, 63, 235, 233, 139, 39, 175, 242, 235, 234, 136, 61,
       184, 112, 40, 149, 255, 185, 97, 240, 15, 127, 222, 127, 254, 178,
       93, 87, 59, 65, 17, 183, 221, 68, 126, 184, 246, 49, 14, 251, 203,
       37, 100, 232, 241, 227, 243, 84, 51, 213, 71, 170, 40, 38, 152,
       174, 161, 171, 237, 206, 231, 201, 222, 55, 215, 236, 118, 25, 65,
       219, 96, 184, 182, 7, 28, 138, 243, 129, 48, 90, 182, 226, 146,
       251, 241, 184, 215, 171, 127, 189, 191, 12, 206, 206, 156, 175,
       155, 215, 149, 182, 79, 174, 214, 30, 87, 159, 239, 167, 132, 175,
       215, 81, 161, 157, 246, 141, 109, 69, 143, 246, 51, 162, 24, 215,
       241, 72, 107, 137, 198, 108, 25, 123, 105, 219, 49, 201, 251, 85,
       84, 192, 88, 192, 42, 170, 240, 189, 120, 109, 221, 208, 222, 143,
       126, 180, 61, 158, 157, 103, 59, 205, 25, 255, 81, 206, 111, 114,
       144, 203, 217, 119, 255, 82, 28, 215, 219, 161, 77, 119, 94, 93,
       198, 199, 244, 213, 192, 228, 0, 115, 213, 53, 117, 88, 248, 82,
       234, 233, 167, 112, 47, 33, 186, 0, 24, 83, 187, 112, 248, 20,
       203, 175, 183, 134, 10, 175, 165, 252, 178, 146, 194, 247, 106,
       17, 75, 235, 103, 127, 195, 245, 249, 15, 44, 168, 227, 255, 144,
       165, 122, 177, 8, 24, 204, 182, 223, 13, 210, 84, 55, 197, 30,
       222, 18, 106, 251, 34, 207, 73, 118, 173, 128, 108, 233, 3, 233,
       195, 251, 214, 3, 34, 252, 124, 14, 209, 157, 71, 229, 48, 34,
       111, 55, 48, 2, 91, 246, 245, 103, 176, 99, 118, 119, 53, 173,
       177, 216, 149, 79, 228, 174, 234, 128, 44, 224, 179, 184, 195,
       179, 159, 177, 170, 172, 57, 55, 191, 127, 50, 245, 140, 182, 198,
       91, 167, 23, 253, 17, 183, 93, 131, 193, 140, 178, 126, 198, 136,
       64, 131, 93, 96, 115, 58, 172, 104, 79, 91, 120, 171, 236, 181,
       173, 151, 215, 3, 16, 150, 189, 93, 110, 72, 3, 194, 24, 211, 185,
       33, 184, 16, 163, 6, 115, 101, 165, 241, 71, 213, 126, 227, 184,
       107, 105, 107, 8, 210, 117, 28, 52, 153, 214, 106, 58, 155, 184,
       249, 47, 47, 254, 5, 84, 194, 235, 194, 112, 244, 244, 149, 118,
       137, 105, 84, 175, 179, 179, 160, 56, 199, 243, 73, 27, 129, 214,
       108, 18, 122, 111, 219, 34, 251, 210, 85, 127, 224, 112, 198, 10,
       193, 150, 13, 165, 48, 14, 106, 184, 60, 104, 218, 229, 247, 99,
       152, 83, 150, 69, 125, 236, 237, 148, 193, 15, 196, 170, 234, 148,
       44, 130, 9, 25, 22, 205, 214, 154, 198, 160, 172, 199, 190, 26,
       90, 226, 93, 226, 169, 72, 119, 123, 38, 210, 82, 215, 14, 224,
       52, 162, 255, 140, 189, 114, 161, 169, 228, 104, 157, 118, 168,
       44, 69, 152, 226, 187, 162, 88, 215, 115, 73, 27, 129, 212, 108,
       122, 56, 69, 219, 34, 201, 146, 117, 124, 192, 241, 2, 35, 197,
       167, 157, 183, 184, 8, 79, 152, 50, 187, 143, 100, 215, 99, 201,
       123, 23, 71, 124, 126, 249, 65, 203, 34, 232, 167, 111, 220, 168,
       243, 129, 33, 35, 166, 108, 25, 124, 189, 200, 11, 223, 63, 181,
       157, 194, 232, 222, 25, 201, 130, 111, 29, 190, 110, 79, 149, 14,
       26, 209, 253, 212, 140, 218, 196, 173, 56, 144, 81, 233, 189, 112,
       210, 255, 187, 36, 92, 158, 146, 69, 191, 129, 8, 110, 24, 183,
       111, 210, 208, 143, 218, 81, 126, 202, 65, 75, 135, 244, 236, 156,
       126, 136, 111, 71, 170, 242, 182, 162, 24, 215, 83, 65, 27, 129,
