%YAML:1.0
---
descriptors: !!opencv-matrix
   rows: 192
   cols: 32
   dt: u
   data: [ 79, 17, 183, 5, 163, 46, 173, 17, 44, 205, 127, 68, 220, 247,
       170, 238, 54, 4, 63, 60, 145, 144, 177, 192, 15, 126, 106, 194,
       202, 230, 161, 113, 239, 34, 164, 21, 173, 61, 192, 138, 251, 191,
       182, 29, 202, 232, 223, 159, 129, 196, 236, 29, 190, 101, 239,
       160, 142, 91, 85, 63, 194, 253, 218, 69, 89, 188, 56, 120, 25,
       253, 81, 23, 239, 65, 206, 8, 187, 253, 22, 240, 129, 186, 253, 9,
       158, 169, 115, 21, 211, 253, 16, 123, 242, 134, 206, 122, 245, 97,
       106, 102, 102, 26, 94, 56, 97, 224, 183, 203, 83, 74, 223, 51, 50,
       197, 93, 239, 204, 35, 140, 8, 242, 233, 225, 189, 45, 179, 122,
       0, 60, 93, 123, 111, 18, 134, 127, 112, 84, 200, 127, 70, 115,
       119, 33, 96, 126, 248, 22, 106, 201, 176, 57, 63, 99, 239, 38, 0,
       123, 187, 96, 179, 223, 113, 42, 230, 44, 86, 155, 216, 132, 76,
       159, 167, 223, 221, 155, 32, 254, 213, 253, 239, 207, 163, 251,
       139, 243, 233, 171, 151, 39, 255, 61, 115, 184, 80, 252, 122, 75,
       233, 81, 23, 151, 119, 183, 61, 63, 221, 106, 88, 139, 185, 239,
       17, 58, 60, 114, 50, 95, 207, 48, 123, 243, 141, 196, 115, 13, 71,
       81, 69, 244, 42, 110, 184, 124, 170, 123, 68, 211, 99, 153, 180,
       19, 76, 70, 110, 225, 176, 77, 110, 36, 190, 37, 4, 74, 243, 203,
       129, 101, 53, 113, 71, 116, 63, 98, 56, 105, 232, 103, 76, 82, 88,
       157, 181, 152, 204, 66, 110, 141, 178, 253, 44, 7, 28, 1, 52, 75,
       235, 90, 165, 189, 69, 99, 108, 87, 207, 75, 120, 21, 196, 253,
       138, 115, 205, 55, 52, 126, 168, 22, 238, 201, 179, 60, 158, 243,
       205, 1, 32, 119, 175, 98, 224, 204, 124, 186, 117, 169, 236, 247,
       146, 250, 254, 46, 29, 151, 187, 67, 59, 161, 101, 121, 74, 32,
       117, 176, 34, 199, 255, 71, 49, 200, 113, 67, 194, 195, 140, 253,
       147, 162, 60, 125, 135, 59, 115, 38, 144, 189, 38, 82, 123, 39,
       19, 123, 157, 51, 92, 165, 194, 197, 187, 94, 64, 132, 212, 131,
       104, 34, 29, 98, 156, 125, 132, 188, 103, 157, 72, 216, 231, 44,
       156, 55, 192, 238, 171, 151, 133, 226, 171, 66, 239, 52, 60, 154,
       155, 29, 12, 57, 219, 73, 221, 169, 125, 189, 212, 127, 182, 241,
       206, 110, 4, 187, 255, 23, 114, 132, 126, 253, 206, 233, 90, 179,
       239, 231, 255, 231, 136, 2, 245, 254, 251, 66, 140, 149, 158, 152,
       2, 4, 174, 158, 19, 130, 81, 244, 114, 40, 67, 209, 71, 107, 5,
       49, 73, 75, 127, 184, 54, 94, 82, 152, 40, 161, 10, 31, 127, 251,
       71, 178, 95, 127, 240, 241, 236, 127, 236, 223, 253, 151, 52, 54,
       124, 221, 111, 197, 241, 188, 106, 239, 253, 37, 184, 107, 247, 7,
       245, 147, 197, 10, 188, 85, 196, 108, 239, 181, 65, 194, 18, 49,
       211, 58, 81, 120, 139, 19, 205, 91, 155, 18, 221, 177, 233, 154,
       72, 57, 16, 184, 154, 74, 184, 145, 112, 201, 253, 20, 198, 251,
       115, 164, 24, 158, 183, 64, 191, 129, 211, 254, 16, 27, 107, 242,
       240, 155, 210, 87, 127, 202, 84, 135, 62, 50, 189, 122, 218, 222,
       225, 144, 239, 159, 69, 248, 171, 44, 252, 46, 16, 255, 187, 211,
       129, 22, 11, 58, 255, 83, 6, 154, 123, 245, 72, 183, 222, 138,
       133, 170, 88, 233, 245, 253, 247, 223, 95, 220, 19, 24, 191, 126,
       96, 235, 27, 187, 140, 178, 11, 34, 247, 91, 127, 218, 205, 151,
       196, 165, 227, 172, 38, 124, 250, 221, 245, 241, 207, 215, 93,
       189, 19, 41, 221, 111, 73, 237, 59, 131, 16, 54, 111, 58, 183, 91,
       219, 18, 123, 179, 205, 244, 211, 214, 45, 18, 186, 27, 229, 94,
       73, 175, 132, 233, 9, 47, 210, 37, 212, 176, 187, 203, 227, 14, 3,
       154, 255, 177, 212, 11, 59, 48, 39, 47, 134, 253, 117, 56, 230,
       124, 70, 95, 152, 0, 236, 151, 47, 83, 95, 155, 115, 222, 213, 93,
       227, 232, 3, 249, 12, 243, 233, 169, 188, 36, 187, 52, 115, 189,
       87, 105, 239, 180, 70, 95, 184, 21, 238, 221, 229, 215, 125, 155,
       97, 94, 221, 21, 239, 233, 182, 125, 62, 224, 239, 175, 164, 124,
       251, 54, 113, 3, 183, 39, 153, 124, 201, 172, 239, 222, 121, 88,
       118, 164, 204, 184, 32, 203, 11, 18, 1, 247, 58, 102, 215, 36, 20,
       154, 234, 84, 8, 145, 207, 124, 199, 13, 164, 188, 6, 71, 188, 16,
       168, 174, 72, 87, 97, 8, 16, 25, 198, 77, 110, 120, 131, 65, 47,
       249, 231, 37, 84, 32, 187, 210, 33, 120, 244, 187, 110, 149, 204,
       87, 125, 115, 77, 252, 8, 51, 177, 42, 48, 184, 170, 68, 24, 170,
       62, 176, 63, 251, 253, 52, 9, 226, 10, 230, 106, 252, 63, 169, 96,
       156, 205, 87, 214, 19, 172, 188, 40, 50, 221, 65, 48, 220, 250,
       213, 88, 218, 59, 240, 58, 251, 201, 165, 185, 83, 185, 214, 107,
       252, 227, 56, 106, 29, 149, 82, 216, 71, 29, 181, 56, 107, 219,
       104, 16, 220, 209, 205, 240, 122, 47, 202, 51, 251, 193, 165, 127,
       115, 10, 238, 35, 160, 169, 91, 123, 244, 171, 233, 87, 120, 1,
       113, 88, 179, 137, 148, 25, 90, 171, 6, 27, 243, 184, 64, 63, 68,
       156, 48, 64, 77, 136, 194, 168, 216, 6, 206, 164, 134, 34, 126,
       38, 184, 183, 142, 147, 79, 43, 82, 83, 163, 199, 237, 165, 60,
       205, 129, 78, 218, 231, 255, 197, 165, 225, 191, 66, 130, 239, 2,
       159, 88, 133, 172, 239, 158, 25, 88, 231, 164, 226, 33, 65, 237,
       59, 11, 132, 98, 9, 2, 255, 52, 20, 158, 170, 24, 16, 33, 159, 48,
       141, 34, 26, 221, 229, 194, 239, 215, 5, 204, 11, 34, 233, 34, 4,
       249, 170, 131, 145, 62, 43, 10, 63, 121, 6, 149, 123, 211, 78,
       254, 206, 34, 152, 6, 156, 125, 132, 184, 103, 159, 77, 208, 159,
       172, 142, 54, 69, 238, 171, 147, 133, 38, 11, 82, 221, 20, 54,
       154, 155, 29, 12, 121, 223, 58, 141, 67, 136, 215, 247, 238, 231,
       150, 5, 74, 131, 97, 236, 52, 196, 121, 170, 131, 157, 22, 187,
       20, 255, 57, 38, 142, 65, 183, 78, 248, 204, 161, 81, 233, 229,
       244, 78, 239, 29, 112, 237, 95, 54, 209, 61, 146, 96, 94, 188, 23,
       189, 185, 184, 117, 78, 109, 45, 175, 196, 229, 170, 208, 240, 57,
       77, 106, 108, 87, 247, 207, 114, 85, 132, 252, 2, 19, 221, 55, 48,
       120, 168, 22, 234, 104, 179, 52, 142, 115, 237, 128, 1, 115, 189,
       102, 226, 59, 249, 146, 80, 233, 253, 84, 199, 235, 249, 172, 8,
       14, 186, 70, 190, 137, 251, 244, 16, 31, 123, 210, 240, 155, 217,
       84, 123, 202, 84, 203, 159, 16, 189, 27, 186, 219, 197, 178, 255,
       22, 1, 76, 2, 188, 247, 40, 196, 127, 59, 147, 129, 51, 27, 26,
       255, 185, 198, 31, 107, 58, 8, 175, 187, 17, 149, 95, 238, 22,
       198, 79, 121, 180, 0, 207, 2, 115, 247, 168, 96, 122, 182, 60,
       234, 89, 153, 57, 31, 241, 175, 162, 64, 60, 162, 224, 48, 28,
       149, 95, 234, 30, 227, 91, 121, 148, 4, 221, 163, 119, 247, 40,
       64, 122, 187, 159, 226, 56, 161, 9, 159, 249, 231, 171, 69, 55,
       139, 36, 114, 48, 249, 43, 186, 86, 197, 95, 238, 22, 69, 72, 139,
       55, 223, 96, 16, 249, 219, 151, 193, 75, 26, 58, 189, 251, 197,
       188, 105, 48, 27, 182, 250, 120, 77, 158, 252, 13, 254, 214, 106,
       148, 134, 236, 3, 250, 253, 35, 195, 200, 244, 233, 96, 104, 43,
       210, 141, 243, 239, 64, 25, 83, 120, 124, 10, 253, 80, 189, 228,
       12, 78, 85, 24, 96, 250, 166, 8, 87, 55, 73, 123, 112, 212, 124,
       106, 73, 103, 243, 8, 211, 235, 97, 20, 32, 249, 84, 34, 57, 195,
       107, 200, 84, 151, 107, 116, 69, 72, 222, 66, 113, 11, 180, 96,
       120, 168, 23, 238, 201, 187, 37, 221, 115, 205, 162, 192, 55, 138,
       112, 104, 33, 223, 113, 95, 220, 213, 206, 190, 85, 66, 252, 66,
       251, 120, 149, 164, 92, 250, 22, 203, 203, 190, 127, 255, 37, 255,
       150, 8, 95, 219, 234, 172, 34, 144, 59, 154, 124, 229, 185, 67,
       222, 93, 81, 18, 164, 156, 52, 104, 239, 59, 19, 129, 183, 62, 50,
       215, 5, 54, 154, 235, 213, 8, 53, 255, 226, 160, 20, 154, 200,
       137, 32, 143, 175, 49, 97, 92, 68, 194, 108, 82, 193, 143, 98, 16,
       83, 94, 203, 87, 28, 48, 27, 110, 24, 0, 136, 0, 124, 149, 127,
       238, 150, 66, 79, 121, 100, 0, 239, 2, 83, 119, 168, 112, 114,
