%YAML:1.0
---
descriptors: !!opencv-matrix
   rows: 147
   cols: 32
   dt: u
   data: [ 174, 232, 36, 155, 77, 215, 190, 232, 159, 118, 212, 11, 236,
       204, 119, 197, 219, 89, 243, 227, 102, 119, 122, 249, 63, 82, 207,
       191, 23, 63, 61, 222, 170, 169, 30, 184, 221, 217, 176, 69, 207,
       81, 68, 19, 172, 216, 102, 195, 200, 43, 219, 81, 22, 43, 82, 245,
       95, 81, 10, 123, 154, 12, 153, 142, 10, 175, 42, 187, 247, 241,
       191, 231, 31, 77, 92, 163, 172, 237, 54, 128, 255, 107, 147, 133,
       214, 186, 42, 255, 239, 87, 159, 235, 215, 94, 181, 219, 126, 105,
       226, 38, 221, 82, 206, 228, 33, 164, 190, 139, 99, 109, 87, 150,
       88, 230, 229, 243, 76, 227, 221, 168, 186, 237, 133, 25, 103, 247,
       254, 222, 203, 242, 126, 255, 108, 208, 252, 252, 255, 91, 244,
       246, 253, 223, 222, 123, 239, 251, 127, 141, 231, 111, 230, 243,
       246, 251, 254, 168, 79, 148, 235, 217, 181, 66, 201, 236, 12, 3,
       79, 120, 87, 130, 241, 198, 115, 65, 185, 105, 122, 200, 6, 238,
       233, 39, 111, 153, 210, 170, 225, 60, 125, 187, 112, 160, 111,
       176, 245, 243, 237, 45, 233, 153, 59, 123, 177, 92, 223, 127, 92,
       27, 223, 139, 127, 28, 187, 110, 251, 243, 223, 218, 215, 124,
       218, 201, 211, 240, 54, 79, 99, 142, 94, 211, 206, 104, 133, 196,
       221, 231, 97, 204, 191, 68, 120, 232, 151, 231, 204, 131, 44, 156,
       50, 100, 171, 137, 55, 191, 124, 212, 15, 182, 233, 211, 254, 189,
       187, 152, 31, 127, 29, 255, 221, 255, 223, 44, 191, 91, 247, 191,
       183, 80, 110, 242, 78, 95, 175, 236, 159, 223, 5, 245, 143, 183,
       249, 227, 246, 174, 251, 88, 127, 253, 127, 247, 221, 127, 222,
       104, 255, 155, 23, 191, 179, 242, 109, 230, 94, 223, 187, 196,
       175, 203, 245, 241, 11, 187, 179, 249, 252, 157, 184, 247, 223,
       25, 120, 70, 188, 239, 244, 228, 207, 59, 182, 9, 147, 186, 114,
       247, 47, 222, 186, 232, 22, 216, 165, 185, 107, 254, 253, 253,
       108, 58, 252, 159, 123, 127, 124, 246, 221, 175, 222, 122, 239,
       205, 127, 29, 135, 126, 239, 209, 206, 255, 255, 172, 158, 248,
       219, 241, 95, 233, 245, 247, 174, 8, 255, 255, 127, 243, 182, 238,
       155, 43, 212, 107, 111, 199, 127, 223, 219, 107, 239, 225, 254,
       219, 255, 244, 239, 253, 243, 41, 6, 141, 18, 158, 245, 231, 183,
       230, 158, 7, 88, 19, 236, 253, 53, 64, 249, 123, 35, 67, 50, 187,
       26, 255, 57, 54, 159, 75, 148, 121, 181, 130, 38, 173, 26, 156,
       215, 231, 182, 226, 158, 142, 120, 3, 108, 250, 39, 64, 217, 123,
       131, 211, 100, 186, 26, 255, 61, 22, 143, 43, 209, 121, 173, 207,
       21, 69, 123, 175, 54, 66, 239, 184, 116, 224, 123, 66, 213, 119,
       185, 96, 122, 205, 53, 239, 201, 176, 125, 14, 229, 175, 171, 132,
       37, 179, 37, 240, 247, 221, 205, 223, 210, 34, 78, 188, 18, 162,
       203, 246, 113, 103, 153, 209, 119, 230, 53, 238, 249, 214, 125,
       63, 60, 46, 237, 132, 173, 243, 176, 112, 90, 188, 181, 176, 137,
       253, 20, 143, 171, 55, 136, 25, 174, 190, 72, 155, 129, 83, 233,
       17, 30, 75, 210, 177, 155, 211, 94, 127, 128, 68, 143, 74, 2, 169,
       146, 89, 249, 169, 185, 199, 191, 29, 108, 129, 172, 227, 102, 12,
       239, 59, 131, 16, 18, 90, 130, 241, 13, 20, 26, 107, 210, 68, 167,
       191, 4, 237, 134, 151, 212, 139, 167, 232, 190, 179, 67, 2, 228,
       224, 105, 79, 57, 110, 34, 122, 98, 240, 11, 127, 44, 38, 79, 68,
       128, 123, 49, 128, 23, 212, 79, 239, 54, 39, 107, 248, 52, 64, 95,
       198, 85, 103, 184, 96, 118, 193, 31, 238, 177, 148, 29, 255, 244,
       175, 171, 196, 61, 187, 49, 17, 162, 185, 178, 218, 255, 133, 185,
       197, 143, 29, 116, 191, 172, 223, 102, 12, 238, 59, 131, 208, 18,
       122, 154, 241, 93, 16, 14, 235, 211, 12, 175, 155, 78, 254, 185,
       147, 107, 253, 185, 222, 155, 127, 29, 253, 204, 190, 206, 174,
       135, 95, 247, 17, 183, 94, 250, 243, 79, 87, 125, 255, 158, 84,
       143, 247, 203, 95, 125, 255, 166, 156, 125, 55, 61, 203, 86, 246,
       189, 63, 148, 103, 39, 183, 63, 140, 225, 220, 119, 239, 230, 255,
       126, 128, 46, 208, 129, 121, 11, 223, 125, 71, 117, 126, 187, 178,
       121, 200, 126, 100, 188, 60, 151, 231, 166, 119, 151, 207, 165,
       184, 53, 237, 111, 121, 46, 130, 78, 183, 111, 253, 43, 159, 98,
       158, 127, 213, 190, 254, 223, 64, 92, 231, 236, 252, 182, 228,
       222, 123, 147, 71, 231, 170, 62, 255, 35, 117, 138, 235, 95, 143,
       61, 221, 10, 133, 106, 153, 215, 211, 189, 239, 31, 101, 78, 147,
       45, 46, 54, 64, 123, 139, 147, 133, 118, 185, 53, 255, 127, 119,
       158, 69, 23, 204, 253, 222, 13, 191, 59, 138, 244, 247, 119, 247,
       238, 109, 126, 100, 188, 246, 162, 112, 215, 111, 142, 26, 215,
       185, 184, 125, 232, 181, 39, 64, 152, 210, 167, 249, 106, 122,
       254, 252, 109, 116, 217, 86, 187, 223, 182, 183, 172, 191, 119,
       95, 231, 247, 255, 133, 160, 103, 178, 226, 211, 127, 250, 155,
       134, 245, 103, 123, 10, 157, 59, 255, 215, 193, 191, 247, 31, 69,
       92, 162, 188, 255, 38, 96, 255, 123, 147, 145, 115, 152, 58, 255,
       111, 247, 158, 203, 150, 8, 181, 250, 213, 215, 223, 239, 162, 2,
       111, 248, 108, 218, 123, 230, 221, 243, 233, 123, 119, 77, 63,
       238, 193, 209, 143, 104, 252, 168, 239, 132, 44, 243, 161, 161,
       61, 197, 73, 204, 30, 7, 199, 248, 199, 32, 188, 74, 115, 201,
       185, 96, 88, 192, 78, 239, 201, 35, 110, 157, 114, 141, 165, 60,
       127, 187, 112, 32, 36, 169, 150, 158, 88, 131, 166, 232, 214, 176,
       96, 2, 228, 224, 105, 65, 89, 110, 34, 98, 98, 210, 202, 61, 44,
       166, 71, 108, 144, 42, 33, 128, 26, 141, 234, 158, 214, 210, 190,
       230, 23, 133, 222, 163, 105, 239, 166, 192, 127, 255, 183, 195,
       94, 155, 12, 255, 122, 103, 191, 193, 183, 223, 188, 218, 142,
       190, 182, 145, 227, 253, 185, 199, 190, 151, 87, 49, 140, 190,
       102, 203, 167, 59, 187, 17, 54, 220, 178, 194, 15, 87, 94, 107,
       130, 68, 173, 199, 10, 190, 162, 151, 239, 240, 184, 199, 27, 127,
       88, 191, 172, 172, 94, 140, 175, 75, 179, 149, 182, 90, 166, 243,
       30, 86, 158, 235, 135, 68, 191, 223, 111, 249, 229, 243, 188, 137,
       239, 252, 127, 241, 178, 198, 253, 235, 221, 107, 111, 207, 127,
       223, 227, 121, 255, 241, 254, 218, 255, 244, 143, 187, 211, 177,
       235, 233, 116, 71, 125, 223, 254, 228, 121, 108, 246, 10, 106, 92,
       31, 181, 248, 245, 223, 227, 236, 251, 249, 253, 55, 89, 135, 51,
       71, 191, 126, 206, 56, 29, 123, 238, 151, 215, 87, 112, 149, 192,
       254, 2, 127, 255, 33, 96, 254, 251, 191, 226, 121, 187, 48, 191,
       243, 239, 162, 65, 51, 171, 100, 251, 14, 156, 147, 188, 213, 231,
       186, 226, 158, 3, 90, 2, 252, 251, 33, 192, 249, 127, 179, 195,
       51, 250, 26, 255, 237, 182, 159, 64, 152, 105, 61, 154, 75, 190,
       252, 247, 62, 185, 249, 50, 239, 249, 190, 239, 255, 255, 214,
       118, 167, 179, 255, 157, 167, 104, 239, 255, 206, 255, 187, 250,
       142, 132, 67, 125, 120, 233, 120, 42, 29, 209, 82, 232, 131, 4,
       172, 11, 47, 219, 98, 144, 200, 249, 205, 82, 78, 43, 202, 181,
       251, 197, 1, 123, 115, 14, 78, 74, 57, 148, 123, 239, 116, 182,
       91, 123, 117, 75, 255, 86, 123, 127, 190, 112, 127, 139, 23, 172,
       191, 190, 109, 255, 251, 255, 178, 192, 255, 134, 224, 241, 245,
       207, 201, 229, 182, 34, 79, 191, 80, 234, 218, 230, 83, 99, 153,
       112, 127, 198, 53, 238, 249, 210, 205, 14, 248, 175, 165, 148, 45,
       248, 208, 49, 53, 127, 108, 101, 172, 15, 79, 248, 68, 234, 190,
       206, 83, 97, 153, 3, 92, 196, 93, 110, 201, 179, 125, 46, 242,
       201, 229, 180, 109, 251, 210, 49, 90, 169, 148, 144, 139, 176, 20,
       135, 171, 181, 140, 9, 140, 170, 70, 222, 129, 103, 233, 17, 22,
       73, 194, 224, 154, 86, 95, 127, 130, 68, 143, 14, 117, 115, 213,
       69, 138, 14, 71, 152, 98, 170, 191, 72, 83, 115, 201, 62, 30, 212,
       124, 106, 201, 64, 249, 40, 225, 238, 101, 52, 107, 243, 66, 161,
