%YAML:1.0
---
descriptors: !!opencv-matrix
   rows: 231
   cols: 32
   dt: u
   data: [ 152, 236, 191, 254, 117, 194, 116, 231, 251, 158, 112, 34,
       127, 187, 33, 177, 179, 255, 55, 145, 102, 255, 136, 255, 251,
       231, 118, 1, 113, 16, 231, 171, 133, 116, 26, 101, 32, 47, 119,
       188, 116, 170, 119, 88, 215, 115, 9, 57, 181, 92, 94, 42, 225,
       244, 81, 14, 231, 207, 97, 4, 104, 243, 74, 163, 91, 152, 248,
       252, 191, 208, 92, 183, 75, 91, 156, 161, 239, 126, 254, 226, 199,
       119, 189, 145, 143, 11, 167, 229, 251, 255, 254, 219, 174, 228,
       169, 95, 64, 50, 27, 169, 104, 15, 121, 16, 36, 232, 210, 237,
       151, 23, 0, 80, 150, 61, 125, 100, 8, 147, 193, 8, 213, 241, 40,
       144, 0, 160, 6, 83, 89, 95, 183, 174, 167, 78, 71, 119, 193, 206,
       222, 102, 127, 245, 177, 199, 118, 230, 61, 110, 233, 161, 184,
       170, 241, 239, 101, 152, 118, 254, 181, 105, 205, 56, 184, 247,
       141, 109, 83, 16, 102, 250, 167, 24, 151, 217, 75, 58, 201, 216,
       92, 91, 15, 116, 251, 34, 205, 217, 37, 60, 200, 123, 80, 2, 32,
       50, 25, 97, 112, 111, 113, 19, 36, 41, 118, 108, 151, 23, 0, 16,
       172, 156, 79, 24, 9, 152, 209, 4, 71, 173, 48, 192, 104, 136, 70,
       187, 90, 77, 82, 188, 219, 192, 20, 103, 181, 4, 232, 162, 44,
       243, 32, 212, 186, 187, 131, 128, 98, 11, 2, 223, 184, 246, 30,
       11, 51, 16, 167, 138, 29, 212, 95, 107, 48, 42, 107, 152, 116, 8,
       255, 224, 211, 67, 137, 112, 126, 220, 76, 250, 187, 176, 109, 47,
       228, 239, 163, 196, 232, 179, 32, 48, 2, 241, 181, 219, 237, 141,
       173, 239, 143, 125, 24, 62, 140, 246, 252, 6, 239, 27, 123, 21,
       211, 123, 250, 209, 61, 24, 223, 238, 156, 92, 129, 253, 132, 106,
       179, 94, 112, 206, 99, 80, 121, 198, 99, 80, 182, 196, 133, 60,
       150, 104, 64, 78, 161, 246, 160, 42, 1, 190, 0, 8, 72, 161, 103,
       244, 184, 152, 46, 184, 29, 247, 80, 202, 215, 87, 229, 19, 15,
       141, 50, 200, 233, 131, 191, 149, 62, 47, 123, 183, 219, 247, 80,
       95, 243, 13, 124, 82, 16, 253, 27, 189, 147, 199, 166, 119, 182,
       128, 78, 66, 181, 247, 32, 196, 114, 123, 51, 89, 83, 216, 146,
       254, 169, 229, 15, 74, 32, 32, 161, 187, 169, 176, 148, 81, 233,
       253, 48, 207, 239, 123, 36, 28, 158, 154, 68, 191, 129, 27, 250,
       16, 23, 111, 242, 209, 143, 218, 85, 126, 202, 64, 203, 151, 74,
       122, 182, 176, 43, 236, 16, 71, 171, 159, 134, 57, 174, 159, 67,
       219, 167, 51, 237, 17, 2, 79, 130, 224, 211, 211, 94, 187, 130,
       84, 7, 123, 100, 230, 157, 117, 216, 111, 103, 158, 126, 183, 107,
       88, 215, 113, 73, 26, 145, 78, 104, 24, 58, 116, 219, 50, 237,
       135, 117, 116, 192, 121, 198, 162, 218, 25, 158, 244, 43, 72, 29,
       39, 171, 190, 134, 48, 175, 183, 66, 91, 166, 55, 253, 128, 64,
       73, 131, 192, 211, 243, 94, 155, 0, 112, 141, 11, 91, 180, 227,
       45, 179, 38, 111, 115, 49, 71, 74, 69, 125, 55, 16, 208, 55, 239,
       125, 172, 152, 153, 177, 79, 241, 239, 186, 128, 175, 230, 163,
       123, 24, 223, 118, 110, 170, 67, 159, 245, 228, 78, 248, 230, 125,
       255, 162, 33, 254, 243, 222, 227, 232, 163, 46, 63, 240, 239, 111,
       136, 125, 242, 165, 251, 95, 76, 239, 254, 7, 102, 111, 226, 181,
       210, 198, 3, 121, 111, 57, 123, 99, 229, 121, 239, 105, 197, 191,
       233, 211, 235, 203, 0, 47, 245, 49, 112, 24, 79, 227, 77, 52, 74,
       101, 191, 117, 198, 110, 228, 179, 165, 177, 116, 82, 236, 44,
       108, 201, 184, 37, 9, 226, 44, 37, 0, 118, 248, 116, 120, 90, 22,
       212, 177, 162, 42, 56, 23, 175, 59, 51, 245, 143, 47, 200, 218,
       167, 21, 237, 144, 181, 220, 193, 194, 206, 215, 122, 199, 170,
       196, 143, 19, 155, 156, 147, 188, 247, 230, 187, 215, 62, 75, 86,
       86, 124, 255, 48, 108, 255, 127, 51, 141, 179, 157, 48, 239, 249,
       231, 26, 194, 138, 64, 161, 249, 0, 141, 27, 191, 244, 163, 175,
       103, 30, 5, 90, 227, 245, 238, 32, 64, 219, 123, 3, 129, 34, 152,
       72, 63, 100, 166, 174, 128, 148, 90, 181, 139, 252, 236, 157, 116,
       169, 105, 85, 191, 243, 191, 174, 24, 215, 243, 73, 26, 129, 214,
       108, 8, 104, 103, 203, 19, 251, 215, 69, 61, 194, 240, 198, 35,
       229, 236, 157, 101, 136, 78, 71, 186, 114, 178, 170, 72, 215, 51,
       65, 50, 129, 244, 104, 106, 121, 126, 217, 42, 237, 175, 101, 52,
       192, 113, 194, 32, 116, 37, 157, 103, 152, 47, 71, 191, 114, 162,
       171, 72, 215, 115, 73, 115, 145, 214, 104, 58, 41, 224, 217, 10,
       233, 143, 101, 52, 224, 115, 194, 34, 98, 253, 113, 220, 253, 221,
       157, 239, 139, 125, 184, 47, 172, 188, 124, 134, 207, 243, 255,
       69, 195, 43, 242, 245, 63, 92, 30, 186, 95, 28, 215, 255, 170,
       184, 177, 216, 201, 253, 144, 199, 143, 59, 180, 24, 174, 253,
       100, 174, 201, 59, 227, 16, 19, 111, 242, 243, 31, 220, 23, 123,
       211, 77, 199, 174, 17, 207, 210, 189, 226, 2, 174, 231, 54, 154,
       90, 226, 125, 227, 161, 72, 127, 239, 54, 138, 64, 216, 15, 227,
       60, 166, 255, 132, 61, 240, 161, 137, 26, 156, 187, 254, 211, 230,
       191, 247, 148, 79, 222, 18, 124, 255, 32, 96, 253, 251, 19, 129,
       51, 159, 50, 255, 121, 103, 158, 194, 179, 68, 165, 251, 219, 159,
       96, 186, 187, 244, 24, 246, 151, 89, 220, 179, 45, 190, 62, 240,
       231, 155, 191, 149, 190, 11, 230, 247, 218, 117, 154, 203, 190,
       132, 188, 95, 136, 159, 63, 87, 226, 221, 181, 55, 253, 78, 118,
       184, 190, 189, 182, 37, 166, 59, 215, 9, 241, 252, 32, 111, 103,
       59, 112, 131, 66, 136, 135, 249, 212, 36, 149, 117, 136, 110, 69,
       11, 114, 179, 162, 88, 215, 115, 73, 91, 17, 212, 108, 56, 41, 69,
       211, 8, 217, 162, 69, 52, 224, 112, 194, 34, 57, 93, 127, 111, 50,
       143, 95, 240, 117, 72, 122, 64, 115, 119, 161, 48, 124, 122, 21,
       106, 233, 184, 57, 61, 227, 239, 32, 0, 123, 179, 98, 171, 41, 50,
       89, 97, 112, 143, 97, 20, 36, 41, 119, 104, 151, 23, 128, 48, 12,
       28, 70, 24, 19, 184, 97, 4, 69, 141, 48, 192, 72, 136, 66, 185,
       41, 112, 59, 97, 85, 79, 97, 16, 116, 105, 102, 8, 147, 17, 16,
       48, 216, 140, 82, 8, 137, 186, 113, 4, 71, 185, 0, 0, 72, 136, 82,
       170, 217, 249, 25, 104, 112, 142, 67, 244, 41, 8, 100, 72, 183,
       83, 0, 112, 180, 248, 84, 106, 75, 178, 144, 63, 241, 253, 32,
       104, 72, 147, 67, 43, 212, 100, 157, 117, 136, 78, 69, 184, 226,
       186, 163, 24, 215, 115, 73, 59, 129, 84, 108, 122, 104, 197, 217,
       8, 201, 235, 101, 52, 64, 115, 66, 34, 64, 50, 25, 165, 98, 14,
       121, 16, 44, 41, 83, 108, 151, 23, 0, 88, 166, 29, 125, 9, 1, 152,
       193, 0, 197, 161, 58, 128, 40, 128, 3, 51, 89, 34, 152, 229, 52,
       14, 73, 59, 58, 168, 78, 72, 223, 51, 192, 114, 54, 125, 124, 44,
       137, 216, 225, 12, 220, 239, 123, 148, 40, 160, 1, 41, 90, 149,
       231, 173, 179, 226, 123, 115, 37, 77, 223, 231, 125, 55, 144, 244,
       119, 247, 157, 169, 155, 153, 53, 207, 248, 238, 170, 192, 167,
       198, 166, 123, 131, 221, 14, 191, 219, 213, 62, 231, 158, 75, 76,
       19, 188, 254, 50, 96, 227, 107, 187, 199, 118, 137, 54, 255, 239,
       39, 190, 203, 152, 92, 169, 222, 53, 52, 28, 43, 56, 111, 82, 8,
       85, 234, 177, 120, 211, 90, 13, 57, 221, 145, 92, 178, 45, 102,
       89, 30, 146, 219, 161, 62, 216, 67, 74, 23, 229, 111, 120, 76,
       108, 29, 87, 250, 75, 238, 180, 76, 18, 73, 215, 53, 156, 196, 70,
       110, 204, 39, 235, 26, 119, 216, 101, 190, 83, 184, 66, 101, 109,
       117, 185, 103, 173, 109, 71, 156, 101, 234, 39, 8, 150, 49, 73,
       59, 145, 92, 88, 106, 73, 112, 249, 32, 229, 248, 69, 60, 72, 123,
       194, 34, 245, 195, 110, 102, 40, 14, 79, 56, 225, 222, 183, 156,
       211, 103, 158, 51, 28, 196, 108, 238, 248, 231, 235, 13, 243, 251,
       225, 148, 105, 163, 198, 113, 241, 197, 95, 238, 118, 146, 78,
       125, 196, 0, 251, 226, 113, 242, 160, 113, 118, 176, 62, 234, 233,
       171, 46, 157, 112, 171, 230, 136, 61, 170, 104, 41, 66, 58, 146,
