%YAML:1.0
---
descriptors: !!opencv-matrix
   rows: 142
   cols: 32
   dt: u
   data: [ 63, 140, 150, 150, 215, 91, 174, 233, 217, 178, 24, 10, 108,
       232, 61, 167, 251, 227, 130, 163, 116, 107, 12, 239, 186, 86, 207,
       127, 215, 126, 25, 132, 42, 143, 107, 186, 247, 211, 187, 231,
       223, 77, 92, 163, 104, 237, 54, 64, 255, 43, 151, 149, 182, 187,
       42, 255, 127, 119, 143, 203, 215, 14, 245, 251, 127, 90, 231, 228,
       103, 94, 127, 48, 41, 206, 246, 170, 91, 31, 151, 255, 126, 245,
       189, 238, 201, 214, 229, 200, 215, 251, 226, 128, 39, 183, 102,
       121, 188, 85, 117, 67, 95, 79, 199, 248, 85, 126, 245, 26, 82, 85,
       157, 53, 88, 152, 86, 234, 233, 246, 121, 63, 55, 136, 161, 180,
       115, 185, 86, 247, 164, 68, 108, 95, 100, 123, 225, 58, 85, 86,
       119, 146, 211, 69, 191, 111, 89, 220, 23, 42, 105, 244, 109, 12,
       71, 187, 240, 5, 119, 249, 84, 240, 130, 216, 53, 217, 108, 196,
       185, 142, 30, 89, 82, 114, 188, 159, 172, 109, 198, 27, 63, 193,
       195, 156, 67, 245, 132, 186, 250, 138, 28, 24, 161, 169, 113, 174,
       253, 229, 62, 43, 75, 63, 64, 235, 190, 254, 243, 35, 144, 34, 79,
       230, 92, 172, 185, 254, 229, 15, 238, 239, 177, 144, 45, 168, 80,
       105, 81, 157, 29, 101, 176, 46, 71, 183, 100, 168, 170, 76, 247,
       51, 0, 112, 148, 102, 108, 42, 217, 169, 81, 45, 233, 175, 37, 80,
       104, 226, 194, 41, 21, 14, 203, 235, 180, 170, 107, 208, 118, 170,
       123, 230, 211, 227, 153, 96, 123, 238, 46, 222, 137, 180, 77, 250,
       220, 174, 163, 196, 173, 235, 112, 160, 17, 75, 66, 13, 148, 138,
       110, 167, 116, 34, 66, 192, 227, 3, 144, 196, 120, 110, 34, 236,
       105, 152, 69, 14, 164, 166, 134, 0, 42, 176, 216, 136, 144, 141,
       71, 223, 212, 163, 235, 107, 22, 1, 219, 146, 113, 227, 160, 65,
       120, 174, 42, 188, 58, 187, 15, 255, 56, 166, 170, 64, 181, 136,
       240, 168, 47, 174, 96, 26, 127, 185, 186, 192, 223, 61, 125, 191,
       72, 200, 254, 140, 159, 171, 131, 151, 150, 54, 78, 247, 30, 92,
       25, 239, 215, 15, 91, 199, 48, 159, 127, 238, 52, 130, 70, 121,
       69, 8, 251, 103, 115, 105, 48, 64, 248, 166, 14, 226, 237, 171,
       13, 63, 250, 237, 162, 80, 61, 138, 112, 27, 100, 172, 146, 154,
       205, 225, 80, 207, 151, 159, 232, 25, 38, 249, 108, 25, 201, 170,
       99, 16, 26, 107, 202, 49, 153, 146, 213, 123, 208, 72, 246, 2, 47,
       38, 241, 65, 223, 59, 226, 216, 95, 187, 61, 94, 74, 72, 221, 172,
       123, 204, 150, 250, 147, 114, 109, 210, 30, 92, 129, 230, 255,
       239, 88, 165, 112, 174, 150, 58, 205, 169, 132, 207, 222, 179,
       232, 25, 6, 224, 96, 27, 201, 174, 106, 17, 62, 111, 218, 48, 153,
       130, 87, 127, 208, 88, 250, 142, 10, 221, 123, 255, 51, 209, 55,
       255, 31, 78, 92, 34, 188, 255, 167, 96, 215, 123, 151, 66, 99,
       136, 58, 255, 231, 255, 62, 139, 22, 28, 37, 251, 19, 151, 167,
       137, 246, 226, 175, 231, 29, 73, 91, 246, 196, 110, 188, 100, 255,
       47, 27, 181, 147, 152, 37, 199, 188, 54, 142, 194, 148, 94, 181,
       245, 139, 189, 59, 218, 245, 213, 185, 247, 159, 73, 94, 18, 188,
       222, 38, 96, 231, 59, 151, 145, 183, 153, 50, 255, 239, 221, 30,
       203, 152, 8, 165, 255, 42, 185, 162, 218, 221, 213, 185, 207, 159,
       93, 220, 31, 168, 220, 118, 4, 205, 187, 147, 149, 22, 107, 250,
       243, 127, 85, 158, 235, 151, 12, 182, 254, 250, 176, 254, 120,
       107, 249, 216, 71, 235, 91, 244, 56, 46, 158, 70, 63, 175, 179,
       230, 145, 31, 127, 146, 209, 155, 217, 82, 107, 235, 4, 239, 159,
       15, 158, 237, 83, 226, 122, 173, 183, 125, 255, 86, 244, 221, 44,
       150, 175, 39, 87, 183, 29, 181, 252, 109, 226, 46, 127, 126, 196,
       206, 213, 139, 125, 206, 176, 188, 177, 237, 253, 185, 139, 191,
       255, 21, 29, 140, 191, 90, 11, 143, 95, 251, 17, 50, 92, 250, 208,
       79, 83, 95, 111, 130, 77, 135, 211, 3, 157, 99, 159, 116, 150,
       234, 114, 124, 73, 90, 198, 241, 254, 180, 228, 126, 106, 22, 205,
       183, 152, 53, 255, 36, 62, 170, 128, 61, 135, 112, 221, 167, 121,
       227, 142, 86, 211, 238, 192, 89, 192, 208, 231, 56, 204, 247, 160,
       126, 233, 23, 231, 197, 179, 188, 234, 54, 12, 143, 170, 125, 191,
       117, 221, 123, 81, 115, 196, 103, 86, 127, 48, 97, 200, 247, 234,
       123, 31, 181, 246, 126, 212, 183, 238, 201, 178, 181, 200, 87,
       233, 224, 128, 47, 191, 118, 249, 181, 205, 79, 71, 148, 46, 230,
       180, 116, 99, 235, 84, 211, 96, 28, 97, 121, 198, 74, 106, 249,
       188, 125, 47, 173, 170, 68, 64, 105, 219, 208, 40, 131, 177, 57,
       219, 253, 221, 185, 223, 159, 121, 84, 127, 188, 222, 110, 96,
       207, 27, 183, 17, 147, 74, 250, 213, 47, 88, 62, 238, 156, 12,
       133, 255, 6, 176, 188, 209, 239, 253, 185, 83, 187, 253, 29, 191,
       156, 255, 78, 42, 175, 27, 247, 145, 146, 88, 250, 208, 79, 93,
       223, 239, 134, 68, 135, 247, 106, 179, 240, 16, 235, 249, 184,
       207, 187, 125, 60, 189, 12, 174, 206, 158, 167, 31, 247, 149, 150,
       90, 166, 209, 30, 87, 95, 239, 135, 68, 143, 223, 166, 33, 16,
       131, 237, 253, 250, 73, 15, 52, 185, 27, 142, 158, 78, 142, 234,
       155, 223, 83, 70, 39, 219, 209, 149, 16, 11, 127, 85, 79, 223,
       198, 106, 89, 103, 238, 109, 212, 222, 112, 137, 200, 156, 175,
       172, 223, 55, 130, 238, 241, 223, 199, 205, 3, 242, 233, 119, 121,
       234, 187, 23, 55, 55, 219, 251, 149, 240, 246, 189, 94, 212, 189,
       91, 239, 189, 63, 74, 125, 254, 165, 221, 214, 149, 37, 252, 99,
       248, 143, 123, 223, 213, 255, 215, 238, 222, 87, 5, 34, 153, 49,
       160, 174, 105, 26, 118, 187, 99, 64, 151, 35, 200, 88, 19, 14, 46,
       28, 19, 220, 195, 16, 204, 170, 115, 68, 136, 195, 1, 129, 95, 95,
       123, 196, 102, 27, 255, 112, 233, 232, 189, 238, 28, 223, 183, 38,
       174, 241, 87, 111, 229, 35, 44, 234, 114, 93, 171, 170, 103, 191,
       115, 245, 21, 46, 203, 235, 118, 163, 107, 208, 118, 130, 123,
       230, 115, 227, 185, 96, 123, 238, 6, 222, 137, 178, 141, 238, 252,
       174, 163, 128, 173, 235, 112, 161, 95, 127, 97, 102, 179, 86, 95,
       184, 57, 204, 95, 237, 93, 95, 159, 180, 182, 221, 245, 239, 205,
       208, 173, 238, 227, 125, 175, 135, 39, 183, 39, 117, 5, 129, 214,
       193, 196, 170, 224, 128, 100, 49, 107, 210, 145, 2, 200, 106, 107,
       12, 106, 88, 16, 176, 197, 0, 12, 164, 162, 68, 224, 139, 225,
       160, 175, 107, 226, 22, 237, 19, 214, 200, 219, 174, 180, 175, 74,
       200, 247, 175, 250, 232, 230, 103, 204, 103, 174, 232, 50, 89,
       197, 187, 103, 255, 122, 197, 206, 60, 190, 212, 235, 124, 184, 7,
       171, 223, 182, 57, 140, 190, 71, 155, 167, 119, 255, 145, 182, 79,
       178, 192, 31, 115, 95, 187, 130, 116, 143, 95, 143, 156, 253, 243,
       246, 62, 125, 182, 61, 83, 87, 246, 253, 63, 158, 111, 103, 87,
       55, 158, 181, 220, 125, 226, 110, 251, 254, 196, 175, 245, 193,
       241, 7, 191, 233, 131, 246, 131, 175, 175, 95, 229, 90, 230, 161,
       236, 214, 36, 95, 75, 23, 213, 215, 184, 109, 255, 44, 28, 191,
       228, 173, 206, 209, 253, 43, 191, 34, 27, 117, 157, 186, 123, 31,
       73, 124, 239, 172, 204, 182, 164, 157, 43, 151, 5, 247, 186, 110,
       255, 46, 95, 57, 235, 95, 142, 219, 221, 3, 191, 241, 83, 244,
       157, 187, 251, 123, 233, 124, 108, 168, 236, 222, 36, 159, 123,
       119, 29, 151, 58, 234, 255, 46, 28, 47, 234, 206, 134, 211, 253,
       9, 159, 59, 255, 244, 198, 255, 247, 127, 77, 126, 100, 188, 255,
       180, 96, 247, 107, 54, 12, 243, 184, 35, 255, 111, 255, 54, 128,
       82, 192, 229, 249, 252, 174, 140, 52, 155, 123, 22, 143, 178, 183,
       138, 153, 199, 232, 74, 154, 57, 199, 232, 51, 62, 103, 207, 55,
       184, 199, 69, 127, 225, 125, 158, 6, 116, 228, 151, 154, 73, 237,
       34, 200, 182, 19, 171, 90, 98, 226, 104, 219, 249, 230, 106, 146,
       10, 99, 218, 113, 157, 166, 211, 123, 201, 123, 42, 134, 111, 126,
       195, 64, 243, 51, 106, 216, 115, 232, 121, 236, 72, 213, 253, 188,
