%YAML:1.0
---
descriptors: !!opencv-matrix
   rows: 204
   cols: 32
   dt: u
   data: [ 168, 53, 157, 253, 248, 237, 85, 95, 190, 170, 224, 72, 182,
       247, 33, 121, 212, 187, 95, 32, 41, 74, 114, 31, 229, 159, 53, 56,
       144, 80, 134, 59, 15, 223, 35, 142, 122, 146, 63, 248, 30, 102,
       206, 231, 204, 166, 166, 228, 119, 92, 155, 239, 225, 27, 45, 255,
       52, 52, 139, 134, 30, 255, 181, 245, 10, 239, 130, 154, 89, 149,
       188, 239, 190, 29, 204, 149, 172, 230, 98, 196, 237, 43, 235, 132,
       102, 11, 242, 247, 61, 55, 158, 171, 18, 84, 165, 254, 3, 231, 49,
       155, 125, 157, 172, 239, 222, 121, 88, 90, 172, 232, 252, 164,
       239, 59, 178, 129, 215, 58, 230, 247, 45, 21, 158, 234, 86, 12,
       189, 237, 120, 80, 253, 58, 111, 249, 81, 23, 151, 127, 255, 61,
       63, 157, 106, 88, 203, 187, 255, 17, 10, 62, 114, 179, 95, 199,
       112, 91, 247, 140, 196, 123, 90, 221, 47, 188, 27, 210, 31, 230,
       157, 68, 206, 135, 61, 247, 51, 224, 194, 243, 187, 65, 97, 139,
       50, 255, 241, 55, 138, 25, 28, 124, 61, 122, 79, 21, 151, 13, 162,
       38, 173, 17, 172, 76, 127, 68, 220, 247, 175, 238, 118, 39, 127,
       172, 145, 144, 177, 72, 5, 62, 106, 130, 202, 103, 161, 113, 17,
       237, 66, 172, 158, 131, 206, 237, 199, 32, 200, 139, 99, 232, 50,
       132, 58, 238, 90, 239, 76, 43, 14, 159, 240, 108, 133, 61, 127,
       190, 248, 12, 100, 161, 189, 97, 168, 105, 68, 140, 107, 243, 160,
       105, 214, 125, 77, 59, 145, 94, 125, 80, 90, 96, 203, 17, 205, 26,
       85, 126, 192, 88, 198, 58, 13, 71, 81, 69, 244, 14, 110, 184, 125,
       170, 123, 64, 211, 99, 153, 180, 18, 76, 70, 110, 225, 176, 77,
       78, 36, 190, 37, 4, 74, 251, 75, 129, 117, 77, 78, 238, 30, 18,
       70, 232, 101, 128, 171, 10, 99, 104, 191, 243, 120, 228, 108, 227,
       205, 163, 13, 174, 178, 236, 131, 19, 109, 187, 120, 4, 33, 177,
       184, 56, 223, 173, 145, 207, 238, 85, 169, 29, 62, 216, 110, 16,
       169, 139, 75, 21, 150, 43, 250, 81, 95, 29, 20, 127, 209, 72, 167,
       206, 236, 156, 250, 251, 253, 240, 113, 18, 211, 93, 252, 51, 57,
       255, 102, 89, 201, 171, 175, 145, 58, 43, 162, 247, 79, 249, 178,
       107, 182, 77, 108, 227, 59, 123, 114, 72, 87, 253, 178, 80, 65,
       76, 124, 47, 42, 156, 167, 180, 236, 184, 150, 210, 140, 186, 116,
       172, 87, 249, 32, 139, 123, 143, 126, 223, 239, 34, 164, 23, 173,
       61, 80, 154, 251, 191, 183, 93, 202, 232, 223, 159, 129, 198, 236,
       29, 190, 101, 239, 162, 14, 90, 85, 127, 202, 253, 218, 69, 50,
       249, 43, 186, 55, 193, 95, 230, 23, 69, 88, 171, 47, 223, 99, 0,
       250, 251, 151, 195, 75, 26, 56, 191, 187, 213, 154, 171, 52, 31,
       54, 250, 189, 65, 107, 236, 86, 223, 75, 120, 21, 228, 253, 138,
       91, 205, 55, 48, 126, 168, 22, 110, 201, 179, 60, 158, 243, 205,
       1, 56, 119, 175, 102, 240, 93, 64, 189, 229, 12, 110, 71, 152,
       224, 250, 135, 10, 215, 115, 25, 107, 241, 196, 124, 238, 9, 69,
       251, 8, 211, 235, 243, 20, 40, 123, 80, 50, 205, 124, 184, 117,
       44, 46, 119, 146, 250, 254, 166, 28, 151, 185, 83, 27, 129, 100,
       125, 78, 232, 116, 240, 34, 197, 251, 103, 52, 192, 113, 71, 114,
       209, 93, 62, 212, 1, 204, 117, 39, 252, 206, 166, 16, 190, 179,
       39, 123, 162, 119, 124, 72, 100, 205, 178, 110, 243, 187, 86, 19,
       8, 80, 77, 27, 67, 233, 160, 154, 31, 149, 154, 200, 143, 112,
       136, 139, 236, 206, 95, 198, 207, 81, 251, 213, 70, 71, 222, 241,
       157, 20, 139, 251, 20, 14, 61, 70, 14, 136, 180, 186, 141, 245,
       148, 202, 143, 31, 136, 17, 174, 248, 111, 206, 201, 83, 235, 17,
       30, 107, 90, 177, 137, 214, 223, 123, 146, 93, 157, 6, 28, 95,
       115, 70, 81, 222, 175, 240, 116, 200, 255, 224, 121, 215, 189,
       164, 126, 252, 214, 234, 201, 179, 44, 238, 119, 175, 163, 128,
       67, 183, 103, 241, 102, 166, 236, 154, 237, 241, 152, 203, 155,
       183, 157, 187, 192, 236, 94, 14, 201, 215, 251, 149, 62, 79, 239,
       242, 30, 22, 223, 255, 149, 77, 222, 214, 8, 189, 22, 187, 249,
       173, 174, 247, 174, 24, 92, 64, 189, 179, 32, 132, 205, 59, 19, 9,
       115, 56, 82, 255, 237, 215, 62, 104, 90, 88, 139, 169, 34, 157,
       122, 92, 125, 213, 177, 103, 223, 77, 124, 19, 56, 157, 54, 96,
       200, 58, 147, 0, 198, 58, 114, 223, 119, 61, 146, 43, 87, 12, 252,
       255, 72, 189, 51, 186, 219, 229, 183, 231, 190, 89, 72, 3, 60,
       254, 100, 64, 231, 59, 19, 17, 114, 91, 154, 127, 125, 4, 30, 106,
       16, 64, 167, 251, 34, 221, 112, 88, 125, 205, 189, 239, 222, 89,
       124, 10, 184, 156, 54, 36, 205, 59, 147, 9, 195, 58, 114, 247,
       117, 28, 26, 170, 93, 12, 199, 255, 32, 172, 47, 113, 244, 234,
       117, 55, 176, 215, 110, 153, 151, 13, 16, 27, 1, 50, 65, 29, 50,
       248, 160, 12, 207, 131, 116, 65, 192, 128, 214, 242, 108, 184,
       145, 112, 137, 253, 20, 207, 251, 243, 164, 24, 158, 183, 64, 190,
       137, 83, 250, 16, 27, 107, 250, 240, 155, 222, 85, 127, 194, 85,
       135, 182, 34, 29, 98, 156, 125, 132, 184, 103, 157, 76, 216, 167,
       40, 140, 55, 64, 238, 187, 151, 133, 198, 171, 2, 239, 48, 60,
       154, 155, 29, 12, 121, 223, 189, 95, 107, 79, 86, 135, 207, 248,
       84, 64, 117, 198, 115, 69, 181, 97, 126, 232, 22, 238, 233, 182,
       124, 63, 102, 169, 160, 0, 127, 187, 112, 248, 180, 241, 124, 239,
       44, 95, 223, 184, 79, 120, 189, 10, 223, 93, 31, 34, 222, 85, 125,
       99, 206, 33, 249, 189, 227, 249, 165, 181, 117, 187, 86, 83, 91,
       126, 158, 179, 162, 152, 60, 151, 182, 219, 134, 181, 189, 167,
       195, 251, 39, 119, 253, 148, 119, 205, 135, 98, 202, 247, 254,
       129, 170, 208, 137, 25, 100, 176, 148, 96, 45, 111, 80, 72, 203,
       181, 161, 9, 138, 217, 84, 26, 137, 133, 105, 16, 10, 99, 218,
       144, 139, 218, 81, 127, 216, 40, 94, 2, 185, 135, 14, 185, 29,
       147, 208, 239, 151, 17, 124, 19, 107, 232, 34, 193, 217, 42, 130,
       48, 62, 169, 11, 157, 170, 195, 197, 71, 123, 12, 120, 142, 96,
       170, 185, 40, 221, 173, 144, 203, 42, 61, 184, 89, 158, 185, 64,
       24, 137, 27, 71, 21, 18, 43, 194, 81, 221, 149, 27, 127, 208, 72,
       231, 163, 3, 167, 49, 153, 124, 221, 188, 239, 222, 89, 88, 82,
       164, 204, 248, 36, 239, 11, 18, 1, 215, 58, 102, 215, 45, 22, 154,
       234, 85, 8, 145, 141, 253, 113, 59, 238, 44, 68, 95, 152, 132,
       204, 151, 171, 211, 221, 251, 99, 222, 213, 127, 239, 236, 3, 251,
       136, 243, 233, 169, 156, 36, 251, 52, 115, 8, 60, 29, 253, 185,
       207, 85, 127, 60, 170, 104, 72, 191, 55, 1, 113, 135, 59, 93, 16,
       113, 206, 114, 30, 233, 215, 118, 56, 152, 64, 135, 187, 2, 239,
       2, 158, 121, 133, 188, 239, 190, 25, 200, 213, 164, 226, 32, 68,
       237, 59, 107, 133, 102, 11, 194, 247, 60, 54, 158, 170, 24, 20,
       161, 143, 58, 225, 198, 237, 95, 2, 232, 104, 167, 160, 202, 3,
       97, 203, 49, 192, 120, 172, 123, 200, 74, 147, 135, 205, 159, 232,
       139, 5, 39, 162, 114, 138, 18, 37, 18, 184, 27, 193, 30, 104, 175,
       128, 233, 9, 174, 218, 37, 212, 182, 185, 219, 227, 70, 3, 154,
       223, 177, 212, 11, 59, 16, 39, 47, 134, 8, 132, 103, 249, 21, 187,
       168, 83, 84, 19, 90, 210, 169, 9, 176, 197, 105, 42, 179, 157,
       179, 188, 69, 151, 6, 105, 154, 64, 55, 204, 121, 168, 210, 236,
       0, 184, 29, 197, 218, 234, 143, 52, 136, 11, 172, 218, 116, 198,
       201, 219, 251, 209, 78, 79, 218, 247, 185, 84, 143, 127, 16, 12,
       61, 14, 35, 95, 123, 95, 244, 214, 238, 246, 85, 2, 252, 66, 251,
       220, 181, 164, 92, 250, 22, 202, 201, 186, 118, 255, 39, 255, 134,
       8, 87, 251, 234, 172, 34, 148, 114, 220, 125, 245, 185, 103, 222,
       77, 124, 19, 168, 156, 54, 100, 204, 59, 147, 129, 146, 58, 114,
       215, 21, 60, 154, 75, 85, 12, 245, 255, 246, 42, 236, 16, 173, 61,
       80, 138, 235, 255, 180, 25, 138, 136, 215, 159, 137, 198, 236, 21,
       142, 111, 231, 128, 154, 89, 85, 63, 198, 253, 94, 70, 246, 112,
