%YAML:1.0
---
descriptors: !!opencv-matrix
   rows: 114
   cols: 32
   dt: u
   data: [ 54, 181, 107, 234, 252, 229, 219, 113, 27, 73, 249, 95, 82,
       255, 124, 48, 254, 187, 87, 145, 159, 43, 216, 223, 59, 28, 131,
       250, 221, 74, 230, 247, 2, 221, 186, 188, 218, 132, 63, 231, 190,
       7, 236, 133, 181, 230, 35, 80, 199, 115, 123, 193, 96, 139, 114,
       127, 249, 167, 143, 11, 176, 112, 167, 250, 63, 77, 66, 166, 118,
       179, 238, 240, 85, 224, 91, 198, 121, 216, 183, 228, 122, 238, 22,
       239, 205, 179, 12, 238, 54, 126, 165, 128, 63, 255, 120, 133, 253,
       237, 121, 106, 213, 238, 67, 252, 113, 0, 236, 8, 19, 241, 21,
       113, 24, 204, 20, 120, 59, 58, 248, 31, 251, 249, 1, 108, 115,
       187, 86, 98, 43, 185, 208, 112, 217, 189, 80, 198, 235, 113, 172,
       12, 46, 186, 70, 180, 137, 251, 214, 80, 31, 58, 210, 243, 191,
       221, 20, 123, 218, 84, 202, 142, 60, 149, 95, 232, 62, 227, 83,
       120, 132, 4, 223, 162, 119, 247, 168, 64, 126, 176, 159, 234, 25,
       131, 57, 31, 251, 197, 163, 213, 55, 171, 52, 51, 40, 188, 253,
       245, 115, 239, 113, 115, 51, 127, 61, 25, 30, 63, 64, 48, 175,
       191, 119, 0, 48, 122, 186, 31, 79, 223, 113, 230, 225, 72, 70,
       243, 96, 252, 28, 120, 73, 233, 17, 166, 250, 51, 168, 24, 150,
       210, 66, 59, 129, 60, 104, 0, 70, 111, 210, 21, 205, 182, 81, 123,
       208, 0, 198, 138, 212, 188, 191, 254, 136, 237, 87, 238, 190, 150,
       160, 24, 246, 247, 104, 123, 145, 243, 121, 50, 121, 79, 250, 59,
       249, 150, 87, 62, 144, 112, 167, 170, 183, 98, 234, 76, 68, 22,
       254, 88, 113, 142, 244, 78, 49, 200, 247, 56, 120, 204, 22, 238,
       204, 183, 164, 202, 86, 45, 163, 169, 109, 187, 122, 133, 40, 175,
       16, 122, 61, 249, 82, 135, 199, 29, 168, 40, 166, 217, 32, 144,
       137, 58, 202, 80, 30, 43, 74, 63, 171, 213, 1, 123, 210, 10, 94,
       10, 208, 221, 159, 118, 170, 74, 87, 182, 176, 222, 174, 40, 247,
       119, 2, 83, 35, 246, 108, 98, 105, 73, 171, 45, 243, 227, 101, 17,
       32, 240, 134, 123, 124, 113, 121, 225, 188, 102, 95, 152, 33, 236,
       191, 108, 219, 87, 217, 112, 94, 212, 93, 238, 201, 2, 249, 142,
       227, 253, 161, 252, 38, 179, 70, 113, 252, 182, 250, 118, 57, 108,
       82, 186, 243, 190, 164, 57, 107, 221, 77, 19, 149, 212, 237, 98,
       236, 103, 200, 47, 219, 251, 33, 191, 66, 161, 70, 27, 104, 171,
       248, 80, 253, 221, 84, 87, 235, 253, 188, 9, 42, 173, 86, 16, 137,
       170, 199, 28, 158, 58, 226, 209, 95, 221, 20, 123, 195, 204, 222,
       207, 168, 188, 156, 250, 237, 237, 84, 207, 159, 63, 164, 25, 174,
       249, 98, 27, 201, 51, 227, 0, 46, 111, 90, 55, 203, 211, 80, 59,
       82, 72, 206, 138, 37, 246, 40, 105, 156, 109, 203, 152, 86, 125,
       188, 28, 211, 77, 91, 40, 221, 136, 87, 125, 155, 38, 249, 19,
       233, 221, 165, 124, 208, 187, 86, 240, 109, 89, 123, 110, 122,
       198, 91, 56, 132, 204, 253, 165, 127, 223, 163, 112, 214, 117,
       127, 103, 205, 131, 122, 56, 211, 237, 43, 152, 92, 163, 36, 115,
       226, 43, 66, 76, 114, 130, 123, 113, 161, 12, 246, 231, 40, 135,
       182, 84, 110, 170, 207, 252, 226, 139, 4, 237, 122, 56, 160, 193,
       7, 132, 110, 223, 59, 29, 58, 222, 91, 212, 91, 117, 253, 68, 238,
       6, 124, 255, 38, 244, 236, 187, 155, 204, 237, 139, 50, 239, 115,
       253, 130, 11, 59, 134, 44, 254, 0, 148, 57, 219, 116, 237, 169,
       99, 30, 29, 81, 82, 180, 158, 48, 96, 204, 59, 19, 9, 147, 188,
       114, 87, 69, 36, 58, 168, 16, 8, 5, 249, 10, 149, 186, 218, 159,
       245, 185, 255, 222, 85, 76, 19, 156, 191, 126, 96, 227, 27, 187,
       153, 146, 11, 58, 247, 91, 125, 154, 111, 147, 68, 165, 226, 93,
       153, 30, 104, 153, 189, 83, 154, 167, 57, 174, 68, 223, 211, 97,
       248, 181, 213, 108, 122, 27, 9, 27, 53, 219, 253, 33, 94, 186, 3,
       41, 3, 50, 249, 43, 186, 86, 193, 95, 230, 23, 68, 76, 139, 55,
       223, 51, 16, 248, 251, 147, 195, 74, 154, 24, 189, 243, 197, 152,
       41, 53, 27, 54, 250, 229, 101, 189, 103, 148, 79, 103, 188, 116,
       162, 107, 64, 211, 113, 9, 112, 89, 222, 106, 106, 105, 240, 249,
       46, 237, 174, 101, 4, 96, 251, 194, 160, 60, 85, 95, 110, 18, 70,
       87, 120, 133, 128, 251, 66, 87, 119, 41, 113, 126, 244, 29, 234,
       105, 163, 57, 12, 241, 234, 97, 16, 121, 187, 100, 51, 16, 77, 26,
       172, 186, 194, 62, 230, 188, 140, 202, 1, 181, 247, 35, 80, 230,
       127, 191, 197, 100, 139, 2, 47, 251, 229, 47, 137, 0, 112, 47,
       218, 124, 149, 127, 236, 54, 66, 75, 120, 68, 0, 255, 162, 83,
       119, 168, 112, 126, 244, 60, 234, 89, 147, 61, 29, 243, 175, 163,
       212, 61, 171, 100, 49, 57, 106, 234, 108, 68, 22, 255, 88, 84,
       134, 244, 7, 17, 200, 55, 40, 252, 236, 23, 239, 204, 183, 180,
       202, 114, 109, 163, 141, 109, 186, 122, 194, 59, 79, 98, 143, 85,
       177, 238, 254, 23, 196, 220, 199, 97, 232, 183, 196, 120, 234, 23,
       207, 204, 186, 127, 191, 54, 124, 142, 136, 63, 223, 248, 220, 41,
       197, 96, 95, 221, 21, 206, 189, 87, 75, 253, 78, 251, 120, 158,
       164, 89, 202, 22, 239, 255, 58, 127, 191, 46, 127, 212, 124, 127,
       222, 218, 140, 220, 183, 26, 160, 178, 139, 61, 247, 191, 173,
       186, 175, 77, 175, 104, 16, 183, 253, 239, 177, 80, 217, 129, 70,
       248, 197, 47, 229, 164, 112, 167, 51, 113, 79, 78, 206, 116, 6,
       79, 124, 68, 0, 251, 70, 115, 96, 189, 97, 126, 228, 62, 238, 205,
       179, 101, 61, 112, 168, 226, 144, 61, 187, 240, 8, 3, 13, 167,
       221, 157, 244, 164, 135, 222, 74, 202, 2, 160, 248, 53, 238, 200,
       99, 58, 9, 39, 169, 115, 239, 165, 62, 222, 26, 144, 124, 113,
       174, 45, 157, 96, 77, 253, 159, 230, 255, 95, 105, 120, 14, 74,
       248, 158, 164, 217, 206, 18, 45, 223, 58, 125, 159, 46, 126, 133,
       102, 95, 222, 218, 132, 62, 149, 40, 250, 155, 241, 159, 239, 86,
       119, 141, 19, 253, 255, 106, 96, 217, 155, 147, 147, 126, 10, 126,
       183, 251, 199, 159, 127, 151, 78, 165, 234, 24, 149, 57, 250, 159,
       229, 149, 255, 222, 85, 205, 19, 157, 253, 46, 64, 243, 27, 155,
       145, 50, 43, 122, 183, 251, 245, 158, 111, 179, 66, 165, 250, 81,
       29, 58, 254, 52, 196, 223, 117, 252, 200, 252, 1, 119, 255, 48,
       112, 236, 123, 21, 79, 232, 171, 50, 111, 243, 239, 34, 8, 64, 34,
       103, 234, 56, 249, 41, 233, 84, 197, 119, 246, 6, 65, 104, 3, 55,
       223, 96, 16, 220, 251, 19, 193, 75, 186, 90, 53, 239, 197, 164,
       104, 49, 26, 246, 250, 89, 223, 21, 31, 50, 152, 15, 182, 60, 68,
       78, 228, 255, 70, 130, 117, 6, 106, 140, 78, 235, 152, 111, 63,
       224, 231, 42, 136, 62, 134, 41, 125, 184, 107, 106, 100, 124, 159,
       75, 112, 65, 172, 180, 139, 19, 137, 151, 48, 216, 172, 87, 110,
       200, 179, 96, 190, 115, 221, 161, 185, 119, 175, 94, 160, 252,
       120, 255, 102, 160, 75, 87, 220, 112, 238, 166, 40, 87, 177, 193,
       59, 51, 244, 108, 122, 105, 247, 233, 42, 251, 203, 101, 52, 224,
       179, 70, 107, 60, 127, 123, 68, 244, 95, 215, 248, 113, 236, 254,
       108, 83, 108, 151, 49, 60, 252, 196, 106, 237, 179, 172, 46, 115,
       207, 37, 181, 99, 251, 70, 247, 201, 149, 152, 102, 153, 189, 87,
       55, 236, 107, 175, 28, 254, 115, 8, 48, 145, 178, 124, 8, 89, 56,
       123, 31, 255, 255, 52, 56, 72, 66, 203, 42, 252, 173, 220, 87,
       221, 107, 103, 239, 118, 166, 238, 24, 242, 113, 1, 181, 17, 238,
       104, 42, 120, 250, 217, 62, 189, 175, 69, 53, 226, 123, 202, 168,
       106, 176, 180, 178, 239, 109, 177, 206, 138, 63, 48, 57, 142, 156,
       72, 27, 135, 19, 235, 17, 18, 111, 218, 241, 93, 81, 93, 127, 208,
       73, 135, 235, 111, 118, 225, 70, 104, 52, 107, 152, 51, 234, 61,
       236, 72, 231, 221, 190, 87, 220, 181, 190, 137, 86, 238, 226, 22,
       94, 229, 174, 175, 247, 82, 245, 80, 77, 27, 254, 60, 200, 87, 96,
       252, 128, 249, 32, 247, 251, 32, 81, 218, 115, 93, 99, 104, 171,
       2, 47, 241, 255, 34, 24, 64, 42, 35, 43, 124, 5, 111, 236, 52, 66,
