%YAML:1.0
---
descriptors: !!opencv-matrix
   rows: 145
   cols: 32
   dt: u
   data: [ 3, 229, 19, 153, 125, 157, 172, 239, 222, 121, 88, 82, 164,
       236, 184, 36, 235, 43, 18, 9, 199, 56, 118, 215, 37, 84, 158, 234,
       84, 8, 181, 205, 239, 34, 164, 20, 173, 60, 208, 139, 251, 191,
       182, 29, 138, 232, 95, 159, 129, 198, 236, 29, 158, 101, 235, 192,
       154, 123, 85, 63, 194, 125, 218, 69, 125, 236, 105, 104, 148, 108,
       79, 153, 83, 102, 109, 8, 19, 141, 87, 113, 89, 204, 21, 126, 171,
       54, 248, 58, 251, 253, 133, 108, 246, 251, 86, 112, 248, 129, 184,
       234, 159, 213, 83, 77, 199, 45, 165, 10, 59, 159, 104, 114, 200,
       145, 255, 208, 26, 43, 251, 178, 251, 205, 133, 121, 243, 10, 230,
       170, 51, 141, 106, 136, 223, 171, 207, 111, 20, 4, 204, 131, 99,
       233, 50, 64, 90, 170, 19, 61, 56, 187, 20, 191, 121, 44, 4, 89,
       245, 206, 240, 200, 2, 239, 34, 155, 88, 149, 188, 238, 190, 25,
       72, 197, 164, 230, 32, 68, 237, 59, 43, 132, 102, 27, 194, 247,
       63, 118, 158, 171, 16, 20, 165, 158, 65, 217, 27, 235, 52, 141,
       67, 49, 102, 41, 119, 64, 183, 147, 32, 112, 212, 36, 60, 92, 219,
       28, 81, 55, 233, 189, 32, 80, 24, 138, 192, 33, 32, 189, 57, 40,
       221, 237, 145, 203, 206, 117, 168, 13, 158, 152, 70, 16, 201, 155,
       75, 17, 150, 43, 218, 83, 221, 29, 27, 126, 208, 72, 167, 194,
       223, 113, 43, 230, 46, 84, 31, 216, 132, 76, 159, 175, 219, 93,
       155, 34, 252, 213, 253, 226, 207, 131, 187, 136, 211, 233, 171,
       157, 47, 187, 60, 115, 50, 189, 121, 154, 223, 225, 177, 207, 158,
       69, 248, 43, 60, 254, 46, 16, 255, 187, 211, 145, 22, 11, 58, 247,
       127, 4, 155, 123, 213, 8, 167, 218, 127, 185, 144, 80, 137, 253,
       80, 206, 235, 123, 164, 24, 158, 178, 70, 190, 129, 219, 248, 80,
       31, 107, 242, 241, 155, 218, 85, 127, 202, 85, 139, 30, 66, 136,
       149, 190, 56, 172, 0, 142, 30, 17, 194, 69, 230, 218, 44, 88, 193,
       231, 111, 17, 10, 73, 83, 117, 156, 50, 90, 82, 24, 8, 33, 10,
       121, 237, 16, 69, 189, 159, 70, 183, 107, 168, 236, 8, 162, 176,
       132, 180, 128, 110, 76, 104, 78, 184, 240, 61, 171, 252, 5, 119,
       74, 184, 202, 12, 128, 124, 155, 245, 32, 236, 49, 118, 184, 129,
       74, 32, 181, 183, 65, 33, 166, 59, 17, 8, 1, 216, 146, 41, 237,
       129, 126, 8, 8, 16, 3, 186, 212, 124, 186, 53, 162, 234, 182, 130,
       250, 242, 46, 49, 158, 187, 67, 26, 163, 117, 125, 82, 36, 245,
       144, 98, 199, 239, 103, 39, 200, 113, 7, 19, 42, 157, 122, 220,
       95, 221, 176, 103, 158, 69, 124, 27, 40, 159, 38, 192, 206, 59,
       147, 1, 86, 58, 50, 215, 87, 61, 26, 43, 83, 12, 229, 218, 74,
       137, 144, 186, 153, 253, 20, 143, 159, 29, 136, 25, 174, 250, 106,
       202, 193, 19, 233, 17, 30, 73, 202, 179, 153, 213, 30, 123, 144,
       76, 141, 14, 146, 101, 18, 172, 27, 135, 62, 105, 169, 0, 232, 9,
       140, 210, 37, 212, 182, 185, 219, 227, 68, 3, 146, 222, 177, 212,
       11, 59, 16, 55, 47, 6, 22, 205, 46, 190, 219, 213, 30, 230, 175,
       76, 76, 7, 108, 230, 39, 80, 229, 235, 243, 199, 70, 11, 26, 255,
       249, 119, 15, 75, 24, 119, 171, 222, 59, 221, 232, 222, 219, 240,
       159, 255, 158, 85, 220, 179, 56, 254, 166, 96, 111, 251, 147, 133,
       254, 11, 62, 247, 127, 109, 158, 239, 63, 92, 173, 223, 45, 7, 64,
       5, 244, 26, 103, 187, 117, 198, 126, 196, 195, 96, 159, 244, 123,
       204, 6, 172, 245, 176, 101, 78, 44, 174, 37, 4, 239, 252, 202,
       212, 43, 189, 2, 26, 93, 189, 242, 239, 215, 17, 237, 7, 42, 232,
       46, 148, 217, 170, 130, 4, 158, 43, 94, 191, 42, 85, 16, 107, 91,
       14, 250, 158, 51, 65, 107, 200, 84, 135, 235, 112, 68, 64, 215, 2,
       113, 201, 180, 96, 120, 168, 19, 255, 203, 183, 36, 223, 114, 13,
       138, 64, 53, 138, 112, 224, 212, 239, 157, 118, 138, 104, 7, 172,
       178, 178, 170, 72, 87, 243, 73, 83, 51, 86, 104, 114, 114, 65,
       139, 35, 249, 162, 101, 124, 224, 243, 135, 35, 122, 29, 42, 254,
       83, 214, 23, 103, 149, 204, 206, 3, 56, 183, 34, 116, 232, 186,
       159, 128, 109, 139, 50, 175, 243, 255, 138, 139, 50, 12, 60, 123,
       26, 159, 60, 254, 59, 209, 21, 255, 159, 77, 220, 43, 174, 253,
       38, 100, 199, 51, 255, 1, 126, 11, 98, 191, 251, 247, 28, 251, 54,
       12, 133, 127, 41, 223, 113, 95, 221, 149, 206, 190, 87, 66, 252,
       72, 251, 120, 157, 180, 93, 218, 18, 234, 235, 190, 127, 191, 37,
       255, 148, 8, 87, 218, 250, 172, 92, 63, 219, 176, 178, 234, 54,
       194, 186, 175, 58, 49, 31, 255, 97, 26, 167, 127, 237, 19, 20,
       241, 136, 98, 217, 229, 47, 231, 224, 97, 167, 67, 193, 75, 27,
       234, 180, 141, 103, 180, 116, 8, 118, 76, 183, 211, 168, 112, 84,
       42, 6, 94, 251, 184, 112, 63, 245, 172, 32, 64, 24, 139, 192, 41,
       34, 148, 122, 219, 85, 245, 184, 103, 30, 69, 125, 19, 168, 157,
       54, 64, 252, 59, 147, 129, 22, 186, 50, 215, 71, 61, 154, 75, 81,
       12, 253, 218, 124, 205, 157, 228, 158, 102, 87, 191, 17, 170, 190,
       10, 87, 113, 9, 82, 25, 198, 109, 104, 56, 163, 73, 14, 249, 231,
       37, 84, 227, 250, 214, 33, 187, 206, 101, 79, 119, 22, 111, 184,
       121, 26, 119, 82, 121, 23, 157, 245, 126, 212, 23, 238, 232, 212,
       125, 237, 55, 122, 196, 134, 103, 181, 118, 45, 98, 230, 82, 90,
       73, 161, 120, 79, 175, 19, 232, 89, 32, 203, 108, 80, 233, 155,
       75, 144, 2, 15, 194, 211, 55, 60, 146, 42, 17, 208, 226, 142, 66,
       192, 21, 154, 72, 169, 32, 143, 30, 49, 203, 89, 246, 210, 104,
       88, 225, 143, 42, 21, 3, 92, 203, 81, 156, 32, 26, 84, 24, 8, 129,
       8, 108, 161, 184, 248, 253, 237, 81, 143, 131, 61, 164, 25, 150,
       189, 74, 26, 129, 155, 205, 16, 26, 106, 202, 17, 207, 209, 21,
       127, 144, 72, 142, 74, 31, 205, 7, 156, 219, 215, 30, 230, 143,
       192, 200, 131, 236, 254, 55, 244, 226, 235, 155, 199, 69, 139, 62,
       255, 187, 118, 143, 11, 50, 118, 169, 78, 252, 161, 184, 104, 188,
       65, 83, 216, 83, 173, 181, 56, 19, 217, 200, 49, 216, 216, 4, 120,
       58, 39, 232, 59, 251, 217, 37, 125, 80, 139, 198, 99, 232, 109,
       187, 118, 244, 207, 71, 117, 113, 234, 119, 56, 115, 181, 209, 49,
       216, 250, 22, 74, 121, 250, 232, 42, 127, 207, 116, 169, 96, 248,
       214, 107, 151, 181, 78, 163, 147, 151, 170, 193, 188, 113, 131,
       215, 77, 234, 62, 129, 255, 15, 155, 247, 181, 209, 28, 220, 186,
       73, 143, 199, 13, 7, 169, 148, 1, 157, 26, 223, 48, 157, 54, 247,
       190, 9, 76, 64, 182, 243, 168, 96, 245, 58, 26, 72, 86, 153, 58,
       125, 175, 158, 22, 106, 16, 138, 169, 143, 16, 147, 205, 233, 20,
       239, 225, 23, 103, 77, 123, 23, 179, 109, 30, 4, 120, 139, 6, 145,
       155, 184, 113, 215, 13, 220, 146, 68, 249, 136, 244, 240, 114, 42,
       172, 52, 237, 61, 80, 135, 235, 255, 180, 25, 138, 168, 87, 31,
       129, 206, 237, 21, 158, 111, 226, 192, 155, 219, 85, 127, 198,
       236, 222, 79, 130, 78, 6, 157, 88, 133, 172, 103, 190, 8, 72, 229,
       164, 226, 36, 64, 232, 43, 43, 132, 98, 152, 2, 127, 52, 54, 158,
       138, 24, 16, 33, 141, 124, 229, 252, 98, 136, 105, 87, 140, 163,
       182, 173, 9, 87, 115, 73, 26, 17, 214, 109, 114, 90, 99, 203, 48,
       251, 195, 101, 125, 224, 243, 198, 34, 61, 29, 17, 175, 189, 47,
       78, 57, 21, 168, 235, 76, 215, 115, 1, 148, 220, 172, 14, 110, 9,
       178, 81, 158, 160, 220, 5, 52, 122, 250, 66, 0, 62, 6, 134, 253,
       129, 98, 88, 74, 55, 183, 195, 19, 8, 175, 105, 218, 233, 223,
       171, 145, 60, 215, 139, 194, 147, 247, 219, 7, 177, 117, 60, 130,
       62, 20, 150, 188, 9, 226, 16, 74, 183, 23, 225, 17, 78, 255, 41,
       218, 217, 255, 233, 144, 46, 199, 146, 194, 211, 247, 218, 31,
       146, 97, 46, 2, 72, 253, 29, 254, 185, 207, 84, 55, 173, 225, 172,
       8, 190, 55, 0, 243, 134, 55, 88, 8, 97, 201, 113, 29, 227, 219,
       84, 50, 26, 80, 135, 59, 144, 207, 42, 188, 152, 133, 62, 231,
       190, 12, 220, 1, 181, 255, 34, 80, 225, 115, 127, 199, 106, 11, 2,
