%YAML:1.0
---
descriptors: !!opencv-matrix
   rows: 202
   cols: 32
   dt: u
   data: [ 2, 173, 43, 191, 56, 193, 171, 111, 22, 1, 216, 227, 181, 231,
       32, 196, 92, 59, 151, 129, 26, 154, 194, 255, 236, 180, 186, 200,
       53, 8, 181, 184, 35, 248, 184, 88, 205, 253, 208, 198, 207, 81,
       180, 28, 174, 152, 102, 172, 137, 187, 242, 17, 151, 107, 210,
       241, 27, 216, 20, 123, 219, 8, 202, 142, 120, 121, 146, 100, 201,
       84, 118, 206, 227, 187, 174, 96, 26, 179, 69, 250, 225, 222, 236,
       194, 76, 119, 154, 96, 115, 253, 86, 47, 203, 113, 234, 138, 59,
       123, 174, 134, 71, 254, 177, 80, 75, 237, 183, 175, 56, 156, 182,
       44, 44, 252, 247, 199, 133, 251, 180, 237, 83, 105, 123, 147, 79,
       15, 255, 255, 41, 33, 114, 65, 112, 27, 250, 81, 109, 32, 127,
       200, 155, 9, 148, 52, 62, 156, 70, 104, 144, 178, 101, 72, 118,
       221, 32, 0, 99, 138, 194, 165, 13, 239, 90, 160, 246, 137, 171,
       203, 186, 129, 40, 8, 189, 192, 121, 128, 155, 43, 66, 121, 3, 42,
       10, 119, 124, 141, 47, 108, 196, 138, 75, 136, 172, 88, 119, 71,
       114, 202, 251, 112, 53, 196, 119, 162, 121, 215, 175, 52, 126,
       124, 23, 234, 161, 180, 45, 238, 103, 239, 32, 128, 103, 183, 102,
       241, 98, 57, 161, 132, 89, 200, 49, 71, 42, 225, 169, 233, 48,
       158, 68, 16, 200, 191, 219, 145, 19, 27, 208, 66, 85, 4, 158, 56,
       1, 6, 150, 122, 245, 227, 109, 100, 40, 94, 79, 184, 97, 254, 183,
       156, 211, 109, 158, 51, 28, 196, 108, 238, 248, 103, 239, 45, 211,
       251, 225, 148, 97, 177, 70, 113, 211, 54, 221, 177, 162, 46, 57,
       23, 61, 123, 50, 245, 157, 38, 194, 95, 167, 23, 127, 149, 181,
       220, 165, 194, 132, 178, 122, 198, 140, 192, 131, 125, 107, 209,
       252, 94, 91, 221, 81, 61, 67, 117, 173, 13, 122, 93, 30, 246, 196,
       178, 177, 92, 159, 74, 123, 181, 91, 123, 80, 123, 50, 14, 214,
       126, 34, 143, 150, 222, 203, 241, 188, 239, 155, 31, 248, 51, 108,
       250, 36, 223, 203, 187, 163, 129, 52, 75, 74, 245, 63, 54, 222,
       107, 219, 68, 175, 143, 221, 4, 239, 197, 38, 50, 233, 49, 244,
       226, 215, 214, 89, 47, 179, 107, 118, 244, 127, 174, 161, 213,
       181, 202, 86, 107, 235, 128, 47, 224, 113, 240, 26, 249, 114, 223,
       21, 213, 127, 246, 23, 76, 124, 2, 42, 215, 55, 36, 120, 122, 151,
       200, 74, 184, 58, 255, 235, 220, 150, 171, 51, 156, 108, 255, 129,
       239, 90, 238, 254, 147, 206, 253, 223, 168, 88, 234, 121, 200,
       188, 32, 30, 233, 22, 239, 229, 35, 14, 255, 56, 13, 173, 188,
       125, 186, 217, 141, 184, 120, 188, 59, 47, 213, 208, 69, 215, 253,
       181, 55, 14, 29, 98, 9, 201, 161, 239, 17, 14, 111, 115, 176, 219,
       195, 80, 115, 243, 28, 204, 219, 37, 165, 101, 71, 213, 79, 239,
       185, 105, 229, 127, 12, 211, 101, 92, 55, 25, 206, 98, 46, 249,
       248, 249, 44, 109, 158, 69, 116, 195, 234, 214, 240, 164, 97, 232,
       67, 220, 79, 199, 157, 86, 227, 247, 26, 211, 21, 95, 44, 89, 220,
       114, 122, 105, 244, 125, 26, 111, 143, 149, 116, 249, 250, 214,
       176, 205, 38, 215, 231, 160, 46, 106, 16, 41, 138, 115, 112, 223,
       115, 201, 251, 183, 117, 124, 58, 49, 212, 137, 74, 206, 255, 103,
       128, 136, 227, 35, 33, 94, 237, 150, 176, 157, 212, 126, 134, 191,
       189, 174, 19, 143, 187, 74, 210, 225, 215, 253, 208, 90, 75, 155,
       227, 251, 247, 223, 127, 162, 85, 173, 10, 90, 11, 183, 190, 43,
       224, 29, 103, 191, 23, 200, 177, 172, 167, 32, 95, 230, 187, 239,
       129, 56, 75, 162, 253, 209, 246, 218, 155, 146, 68, 165, 123, 74,
       122, 166, 176, 107, 237, 176, 71, 175, 221, 128, 61, 172, 158, 99,
       202, 167, 51, 251, 21, 6, 73, 146, 225, 155, 86, 94, 187, 130, 84,
       45, 95, 58, 142, 42, 168, 180, 242, 182, 231, 148, 15, 222, 163,
       96, 239, 162, 64, 221, 250, 143, 177, 158, 155, 0, 255, 250, 103,
       190, 195, 149, 78, 188, 155, 97, 219, 27, 140, 120, 71, 183, 244,
       140, 76, 214, 108, 20, 148, 162, 197, 252, 116, 142, 98, 193, 175,
       48, 125, 240, 48, 42, 222, 24, 58, 33, 121, 26, 217, 115, 89, 53,
       215, 79, 230, 95, 77, 126, 34, 42, 220, 181, 228, 249, 250, 150,
       200, 203, 184, 35, 255, 35, 222, 148, 130, 115, 156, 228, 125, 85,
       108, 157, 118, 136, 238, 70, 174, 178, 186, 138, 72, 247, 243, 1,
       91, 1, 118, 104, 74, 105, 65, 219, 43, 233, 167, 117, 24, 128,
       115, 2, 40, 60, 133, 104, 111, 93, 127, 87, 188, 86, 32, 236, 10,
       115, 125, 42, 16, 88, 210, 19, 234, 58, 58, 121, 63, 103, 239,
       161, 53, 115, 251, 216, 178, 9, 157, 19, 221, 181, 215, 111, 247,
       85, 202, 222, 70, 251, 245, 176, 228, 93, 106, 30, 12, 249, 184,
       49, 191, 169, 254, 166, 128, 26, 254, 240, 253, 100, 169, 153,
       114, 217, 237, 65, 143, 122, 177, 161, 24, 182, 241, 64, 58, 145,
       86, 104, 16, 58, 106, 219, 49, 205, 135, 85, 125, 192, 0, 198, 42,
       19, 67, 93, 175, 46, 10, 190, 109, 44, 192, 219, 227, 253, 110,
       59, 64, 246, 237, 127, 231, 68, 145, 77, 220, 180, 227, 106, 129,
       53, 122, 41, 201, 26, 156, 179, 252, 147, 230, 63, 247, 182, 75,
       202, 18, 120, 247, 32, 96, 253, 251, 27, 128, 59, 157, 48, 255,
       249, 230, 154, 194, 163, 64, 165, 123, 68, 48, 157, 116, 168, 76,
       81, 155, 227, 187, 166, 24, 215, 51, 73, 59, 129, 84, 108, 56, 56,
       71, 219, 0, 203, 219, 117, 124, 200, 112, 130, 34, 236, 197, 29,
       70, 141, 95, 71, 189, 195, 244, 165, 8, 82, 117, 9, 183, 16, 214,
       232, 106, 105, 99, 251, 60, 251, 219, 69, 63, 114, 250, 214, 106,
       244, 15, 91, 76, 210, 114, 71, 226, 112, 6, 238, 40, 18, 54, 161,
       53, 120, 220, 192, 106, 121, 183, 32, 46, 177, 166, 0, 1, 97, 115,
       102, 228, 66, 56, 162, 186, 203, 225, 184, 70, 175, 85, 194, 183,
       172, 158, 102, 202, 231, 59, 251, 145, 22, 75, 134, 241, 156, 20,
       154, 235, 148, 4, 45, 95, 3, 144, 172, 154, 173, 189, 176, 79,
       223, 81, 213, 31, 236, 248, 62, 201, 205, 11, 250, 21, 150, 111,
       95, 213, 158, 87, 218, 127, 220, 12, 185, 150, 2, 255, 50, 223,
       61, 213, 221, 246, 31, 93, 124, 102, 168, 223, 182, 36, 205, 122,
       151, 200, 202, 186, 98, 245, 39, 92, 150, 171, 22, 156, 244, 255,
       186, 133, 108, 250, 219, 245, 88, 239, 159, 95, 140, 19, 8, 255,
       126, 89, 237, 155, 151, 149, 62, 11, 58, 247, 91, 91, 154, 255,
       179, 196, 190, 210, 202, 120, 186, 240, 121, 237, 56, 71, 171, 21,
       164, 25, 172, 159, 96, 26, 167, 187, 211, 16, 18, 79, 146, 241,
       223, 209, 26, 123, 146, 0, 15, 138, 181, 197, 57, 75, 157, 79,
       199, 205, 86, 103, 229, 24, 210, 85, 29, 36, 89, 220, 50, 122,
       107, 38, 121, 31, 109, 158, 133, 124, 209, 122, 212, 224, 101,
       117, 209, 103, 36, 15, 79, 56, 96, 168, 187, 72, 211, 113, 201,
       50, 30, 204, 84, 106, 201, 176, 201, 10, 165, 140, 37, 52, 105,
       251, 66, 33, 111, 215, 235, 90, 221, 85, 215, 248, 245, 70, 237,
       13, 248, 254, 63, 116, 221, 192, 154, 230, 239, 35, 126, 191, 123,
       223, 199, 30, 219, 247, 116, 118, 111, 245, 41, 67, 185, 125, 95,
       152, 95, 123, 173, 28, 218, 87, 95, 61, 149, 94, 91, 126, 179, 1,
       249, 183, 111, 93, 5, 126, 146, 219, 192, 116, 181, 68, 229, 7,
       12, 123, 198, 168, 85, 226, 131, 202, 211, 104, 221, 175, 91, 196,
       122, 111, 237, 246, 125, 142, 60, 14, 197, 20, 111, 251, 80, 100,
       50, 249, 42, 186, 86, 193, 95, 230, 19, 69, 84, 139, 55, 223, 98,
       16, 249, 251, 151, 193, 75, 26, 58, 183, 251, 197, 156, 107, 52,
       25, 182, 250, 229, 172, 153, 85, 201, 111, 69, 143, 115, 179, 167,
       24, 210, 51, 65, 155, 17, 198, 104, 58, 57, 118, 219, 2, 159, 187,
       85, 125, 194, 241, 202, 32, 38, 255, 99, 67, 219, 223, 118, 248,
       183, 228, 109, 205, 74, 205, 204, 180, 63, 248, 194, 126, 223,
       179, 58, 246, 47, 92, 5, 103, 115, 191, 206, 244, 90, 124, 182,
       184, 11, 253, 16, 71, 187, 31, 164, 25, 46, 159, 99, 159, 161,
       179, 237, 17, 46, 79, 146, 243, 147, 215, 90, 59, 146, 68, 47, 75,
