%YAML:1.0
---
descriptors: !!opencv-matrix
   rows: 172
   cols: 32
   dt: u
   data: [ 155, 95, 119, 46, 42, 3, 79, 253, 181, 142, 254, 229, 239,
       103, 177, 85, 62, 245, 223, 238, 232, 129, 45, 255, 240, 122, 111,
       128, 119, 246, 163, 125, 53, 221, 75, 237, 180, 135, 111, 247, 84,
       202, 218, 102, 115, 241, 177, 96, 125, 234, 22, 238, 233, 190, 52,
       190, 168, 174, 167, 128, 61, 250, 240, 249, 228, 36, 157, 101,
       140, 111, 65, 153, 114, 179, 163, 24, 215, 115, 73, 59, 145, 212,
       104, 58, 57, 102, 251, 2, 205, 171, 101, 124, 192, 241, 70, 34, 8,
       178, 243, 249, 51, 191, 185, 83, 127, 73, 126, 247, 172, 143, 160,
       196, 183, 27, 134, 20, 147, 184, 17, 215, 143, 247, 18, 194, 246,
       132, 173, 253, 228, 108, 157, 117, 136, 110, 71, 178, 114, 178,
       170, 8, 215, 51, 65, 122, 1, 116, 104, 74, 120, 108, 217, 42, 237,
       167, 101, 52, 192, 113, 66, 34, 117, 37, 157, 103, 136, 47, 70,
       175, 114, 178, 171, 8, 247, 115, 73, 91, 145, 214, 104, 58, 105,
       96, 219, 10, 233, 143, 69, 52, 224, 114, 194, 34, 100, 172, 157,
       119, 168, 111, 69, 170, 226, 186, 171, 24, 215, 115, 73, 27, 129,
       86, 108, 42, 40, 97, 219, 56, 201, 243, 117, 52, 192, 113, 70, 34,
       141, 121, 147, 101, 96, 110, 119, 152, 57, 170, 122, 72, 255, 51,
       9, 48, 180, 93, 84, 106, 33, 244, 153, 106, 229, 252, 101, 4, 72,
       241, 67, 171, 10, 235, 2, 155, 233, 133, 172, 199, 174, 29, 202,
       229, 172, 194, 97, 196, 228, 43, 235, 213, 82, 139, 130, 241, 180,
       52, 158, 218, 152, 84, 169, 143, 90, 22, 52, 166, 43, 240, 25, 35,
       161, 101, 143, 189, 46, 7, 2, 215, 166, 183, 237, 1, 12, 75, 241,
       165, 211, 243, 90, 251, 34, 199, 175, 87, 59, 255, 106, 110, 254,
       151, 158, 253, 87, 232, 93, 234, 121, 252, 190, 32, 30, 255, 23,
       239, 229, 179, 12, 191, 122, 12, 173, 188, 127, 191, 184, 157, 59,
       184, 239, 68, 69, 223, 177, 112, 91, 228, 118, 15, 58, 156, 118,
       166, 188, 188, 179, 12, 197, 251, 182, 201, 91, 89, 65, 35, 75,
       44, 126, 254, 58, 249, 43, 186, 215, 193, 94, 230, 27, 69, 88,
       171, 175, 223, 98, 16, 255, 251, 151, 193, 78, 26, 186, 183, 251,
       213, 158, 235, 52, 28, 183, 90, 211, 54, 215, 177, 34, 42, 56, 23,
       61, 251, 243, 245, 141, 46, 132, 219, 167, 149, 253, 181, 181,
       212, 133, 194, 156, 242, 123, 198, 172, 192, 131, 85, 100, 244,
       157, 119, 152, 111, 39, 158, 118, 187, 105, 88, 247, 113, 73, 26,
       145, 94, 104, 26, 59, 116, 219, 51, 237, 135, 117, 124, 192, 121,
       198, 162, 45, 121, 119, 71, 115, 218, 235, 80, 125, 224, 118, 226,
       89, 23, 165, 180, 126, 124, 150, 234, 129, 176, 37, 236, 103, 233,
       162, 128, 103, 183, 102, 241, 241, 147, 95, 206, 120, 82, 78, 121,
       212, 72, 243, 226, 113, 247, 160, 241, 94, 180, 62, 234, 249, 139,
       46, 141, 48, 171, 230, 136, 61, 170, 224, 57, 16, 143, 11, 175,
       52, 162, 239, 247, 84, 9, 90, 98, 245, 227, 176, 64, 126, 42, 23,
       173, 43, 152, 0, 63, 224, 166, 170, 128, 52, 218, 177, 169, 98,
       56, 173, 21, 74, 64, 173, 39, 138, 251, 146, 251, 176, 188, 84,
       107, 201, 247, 123, 129, 193, 127, 215, 64, 29, 34, 255, 144, 197,
       104, 85, 122, 253, 165, 108, 103, 56, 26, 79, 57, 225, 236, 175,
       172, 115, 99, 154, 119, 20, 196, 108, 238, 248, 195, 237, 45, 242,
       235, 101, 145, 107, 163, 234, 80, 184, 120, 60, 248, 45, 213, 209,
       93, 199, 125, 180, 29, 155, 157, 115, 9, 201, 25, 223, 17, 142,
       111, 114, 144, 203, 217, 81, 127, 209, 28, 220, 219, 216, 141, 61,
       253, 157, 205, 21, 175, 222, 53, 196, 24, 182, 53, 40, 113, 193,
       19, 233, 0, 58, 41, 115, 55, 227, 243, 80, 123, 16, 8, 133, 42,
       190, 118, 102, 1, 51, 123, 152, 72, 121, 230, 247, 191, 79, 12,
       143, 157, 54, 141, 197, 55, 228, 245, 165, 204, 146, 83, 1, 183,
       103, 181, 15, 215, 130, 223, 158, 191, 170, 128, 63, 247, 190, 78,
       94, 181, 188, 231, 162, 80, 231, 123, 239, 135, 116, 137, 206,
       123, 236, 39, 126, 137, 28, 244, 173, 219, 169, 184, 148, 81, 233,
       253, 112, 223, 235, 123, 164, 24, 158, 146, 68, 190, 133, 27, 250,
       24, 23, 111, 242, 209, 143, 216, 85, 127, 218, 64, 203, 159, 26,
       162, 114, 201, 55, 251, 122, 64, 95, 69, 127, 183, 42, 140, 182,
       228, 254, 169, 135, 20, 150, 184, 37, 215, 22, 93, 16, 195, 183,
       142, 124, 215, 9, 221, 123, 111, 52, 143, 231, 246, 116, 8, 126,
       64, 115, 113, 177, 32, 126, 122, 22, 106, 193, 184, 33, 63, 103,
       175, 36, 128, 123, 155, 96, 185, 9, 219, 163, 89, 180, 155, 173,
       151, 126, 125, 86, 246, 249, 212, 176, 228, 119, 58, 182, 28, 211,
       248, 47, 181, 44, 111, 182, 192, 222, 156, 229, 249, 27, 128, 210,
       201, 115, 191, 122, 82, 63, 73, 126, 134, 12, 142, 182, 228, 119,
       155, 150, 156, 151, 153, 53, 215, 158, 125, 26, 195, 255, 134, 41,
       213, 11, 143, 98, 12, 242, 19, 111, 125, 53, 140, 254, 231, 105,
       227, 182, 213, 126, 231, 55, 238, 224, 146, 45, 223, 54, 62, 239,
       128, 127, 246, 160, 237, 49, 221, 75, 237, 180, 199, 111, 247, 84,
       202, 218, 70, 115, 245, 177, 96, 126, 234, 30, 238, 201, 185, 52,
       63, 160, 174, 167, 128, 61, 250, 240, 249, 212, 104, 157, 118, 9,
       77, 67, 136, 162, 176, 163, 8, 247, 211, 73, 27, 128, 220, 104,
       90, 74, 71, 219, 33, 217, 193, 69, 61, 64, 51, 2, 34, 12, 104,
       247, 94, 65, 218, 97, 64, 249, 64, 101, 0, 62, 212, 167, 189, 34,
       104, 64, 78, 65, 210, 182, 105, 85, 58, 64, 9, 66, 39, 103, 244,
       18, 156, 251, 254, 183, 227, 191, 247, 182, 7, 222, 34, 112, 255,
       32, 96, 253, 251, 147, 144, 58, 159, 48, 255, 251, 167, 158, 195,
       149, 81, 180, 235, 96, 164, 152, 101, 137, 111, 69, 15, 115, 163,
       174, 24, 147, 51, 64, 30, 1, 158, 104, 24, 26, 126, 209, 2, 207,
       247, 85, 125, 194, 80, 194, 40, 18, 175, 66, 140, 218, 192, 46,
       111, 63, 5, 232, 163, 36, 162, 36, 80, 126, 187, 130, 128, 86,
       155, 134, 255, 48, 36, 158, 43, 49, 0, 167, 140, 75, 255, 2, 152,
       249, 149, 172, 207, 175, 29, 202, 245, 172, 194, 230, 212, 230,
       43, 234, 149, 215, 75, 230, 243, 60, 117, 158, 235, 26, 20, 169,
       221, 55, 159, 98, 14, 254, 179, 143, 254, 69, 72, 216, 231, 114,
       232, 182, 228, 94, 234, 150, 127, 223, 187, 44, 191, 56, 28, 47,
       194, 95, 223, 184, 221, 11, 156, 230, 223, 207, 114, 188, 175,
       223, 87, 94, 179, 232, 254, 54, 239, 227, 119, 187, 129, 180, 217,
       63, 225, 79, 127, 222, 195, 151, 100, 189, 206, 160, 158, 124, 89,
       246, 251, 177, 223, 223, 23, 116, 50, 178, 29, 54, 41, 203, 26,
       131, 16, 178, 236, 98, 215, 79, 27, 80, 71, 215, 136, 212, 235,
       45, 117, 105, 79, 84, 15, 71, 184, 64, 232, 253, 76, 243, 81, 157,
       52, 88, 204, 84, 110, 201, 178, 121, 62, 103, 140, 37, 52, 123,
       187, 82, 160, 88, 204, 28, 254, 137, 200, 21, 174, 142, 22, 236,
       25, 174, 251, 34, 91, 193, 115, 233, 2, 106, 109, 75, 53, 227,
       243, 84, 91, 16, 88, 133, 10, 16, 127, 151, 252, 118, 226, 119,
       226, 253, 140, 250, 98, 111, 255, 161, 81, 254, 255, 134, 226, 40,
       211, 32, 239, 185, 246, 111, 131, 97, 113, 39, 171, 72, 51, 25,
       161, 98, 143, 121, 17, 44, 105, 87, 108, 159, 23, 0, 88, 166, 29,
       127, 25, 1, 152, 193, 64, 197, 161, 58, 128, 40, 130, 3, 51, 195,
       190, 221, 177, 162, 236, 185, 23, 190, 127, 22, 245, 188, 38, 194,
       123, 167, 23, 255, 149, 179, 93, 163, 224, 140, 51, 122, 194, 140,
       196, 131, 125, 61, 89, 119, 71, 114, 218, 239, 80, 125, 192, 119,
       226, 89, 223, 173, 180, 126, 124, 23, 234, 193, 176, 45, 236, 39,
       254, 2, 130, 103, 183, 101, 245, 203, 12, 239, 253, 36, 182, 249,
       19, 252, 202, 86, 150, 217, 175, 179, 107, 103, 181, 63, 141, 177,
       220, 183, 206, 86, 107, 250, 128, 167, 228, 113, 241, 110, 253,
       244, 138, 237, 93, 190, 236, 143, 252, 188, 43, 204, 252, 126,
       134, 223, 223, 251, 115, 86, 99, 203, 243, 63, 87, 207, 255, 23,
