%YAML:1.0
---
descriptors: !!opencv-matrix
   rows: 198
   cols: 32
   dt: u
   data: [ 12, 239, 91, 136, 246, 137, 171, 232, 30, 5, 104, 8, 188, 193,
       121, 0, 27, 43, 2, 124, 3, 42, 26, 127, 108, 156, 15, 108, 220,
       138, 75, 168, 35, 184, 184, 24, 205, 189, 208, 215, 239, 117, 164,
       29, 174, 152, 70, 60, 141, 43, 106, 29, 158, 107, 242, 241, 31,
       24, 20, 123, 216, 72, 203, 206, 221, 22, 239, 197, 38, 50, 233,
       48, 244, 226, 215, 246, 217, 47, 182, 107, 118, 244, 127, 175,
       161, 213, 181, 202, 86, 107, 235, 128, 47, 160, 113, 112, 90, 56,
       184, 240, 169, 237, 24, 198, 171, 53, 172, 57, 140, 191, 65, 26,
       135, 59, 233, 144, 26, 75, 210, 208, 219, 213, 26, 123, 146, 5,
       15, 27, 98, 57, 225, 164, 88, 201, 144, 71, 10, 225, 168, 237, 48,
       158, 68, 16, 216, 191, 211, 17, 75, 26, 208, 90, 125, 4, 185, 58,
       13, 10, 22, 250, 223, 86, 111, 213, 38, 50, 233, 83, 252, 194,
       214, 246, 217, 7, 182, 107, 118, 180, 63, 173, 161, 213, 181, 206,
       212, 43, 234, 128, 47, 160, 49, 113, 28, 92, 119, 71, 50, 219,
       235, 112, 117, 196, 127, 162, 89, 87, 173, 36, 62, 124, 23, 106,
       161, 180, 45, 238, 103, 236, 34, 128, 103, 183, 103, 241, 213,
       230, 148, 39, 168, 42, 86, 188, 51, 186, 163, 249, 215, 99, 201,
       123, 151, 212, 108, 110, 108, 71, 203, 2, 250, 251, 101, 188, 192,
       243, 130, 1, 104, 35, 82, 65, 96, 43, 104, 81, 41, 160, 255, 72,
       11, 3, 132, 148, 50, 140, 78, 232, 8, 144, 193, 72, 86, 252, 32,
       176, 99, 130, 66, 128, 81, 34, 70, 165, 108, 10, 104, 24, 43, 164,
       194, 204, 207, 131, 129, 82, 114, 140, 108, 44, 9, 209, 197, 200,
       148, 176, 163, 20, 40, 162, 66, 8, 222, 237, 150, 176, 153, 196,
       86, 166, 191, 189, 168, 27, 142, 187, 66, 210, 225, 215, 237, 209,
       126, 75, 203, 227, 187, 247, 31, 127, 130, 85, 175, 10, 10, 223,
       98, 216, 249, 148, 188, 231, 189, 29, 220, 135, 168, 174, 182,
       196, 239, 235, 219, 197, 198, 11, 54, 247, 63, 124, 158, 203, 23,
       148, 253, 255, 34, 143, 148, 222, 203, 209, 188, 239, 159, 31,
       248, 179, 108, 238, 44, 214, 201, 179, 163, 145, 22, 75, 74, 243,
       31, 54, 222, 207, 147, 68, 175, 143, 25, 116, 187, 92, 114, 166,
       97, 80, 124, 71, 103, 20, 94, 211, 139, 125, 54, 44, 64, 60, 161,
       214, 48, 72, 81, 174, 50, 0, 192, 32, 99, 225, 239, 209, 109, 94,
       91, 253, 91, 24, 67, 117, 173, 29, 122, 93, 30, 246, 92, 210, 179,
       94, 159, 6, 127, 181, 79, 121, 0, 123, 50, 143, 214, 118, 101,
       113, 217, 103, 36, 15, 111, 48, 96, 170, 187, 72, 211, 115, 217,
       50, 30, 244, 100, 106, 201, 240, 201, 8, 229, 140, 101, 20, 105,
       251, 66, 161, 184, 88, 188, 59, 47, 223, 80, 71, 215, 125, 180,
       27, 62, 157, 98, 73, 201, 33, 239, 17, 46, 109, 115, 176, 219,
       195, 84, 115, 243, 28, 204, 90, 9, 157, 51, 205, 181, 215, 103,
       247, 85, 73, 94, 66, 251, 245, 176, 228, 89, 122, 22, 8, 251, 184,
       49, 255, 169, 255, 182, 0, 26, 206, 240, 125, 34, 219, 115, 91,
       245, 219, 196, 199, 95, 77, 250, 98, 168, 220, 180, 236, 223, 251,
       182, 81, 215, 186, 103, 247, 47, 126, 22, 195, 213, 28, 229, 109,
       53, 242, 88, 35, 50, 15, 83, 252, 115, 225, 237, 44, 71, 212, 202,
       52, 181, 204, 68, 118, 206, 242, 253, 53, 184, 220, 5, 119, 105,
       147, 202, 21, 34, 249, 34, 223, 13, 197, 255, 246, 23, 76, 124, 2,
       168, 223, 55, 36, 200, 122, 151, 200, 202, 186, 50, 253, 35, 216,
       158, 171, 19, 156, 116, 255, 204, 228, 149, 117, 136, 110, 69,
       191, 115, 179, 163, 24, 215, 115, 72, 255, 17, 212, 108, 58, 121,
       100, 219, 0, 173, 186, 85, 52, 226, 240, 194, 32, 168, 37, 29,
       105, 28, 79, 65, 57, 112, 162, 224, 24, 147, 17, 8, 49, 152, 156,
       64, 40, 121, 244, 81, 30, 229, 201, 33, 52, 64, 8, 194, 162, 84,
       109, 159, 118, 136, 110, 71, 168, 162, 170, 171, 8, 119, 115, 9,
       123, 17, 244, 108, 106, 41, 195, 249, 44, 241, 163, 101, 20, 160,
       115, 6, 32, 194, 255, 150, 178, 185, 204, 20, 231, 191, 188, 170,
       9, 174, 250, 97, 215, 193, 247, 235, 145, 110, 75, 218, 247, 187,
       246, 159, 123, 10, 20, 47, 14, 13, 93, 115, 94, 87, 255, 174, 240,
       117, 200, 255, 226, 121, 221, 181, 228, 126, 248, 150, 234, 193,
       177, 44, 238, 55, 237, 38, 128, 103, 255, 97, 181, 203, 190, 189,
       145, 162, 188, 57, 151, 190, 95, 22, 245, 189, 54, 194, 123, 167,
       23, 255, 157, 183, 77, 183, 224, 220, 59, 126, 192, 142, 196, 143,
       121, 232, 104, 186, 112, 219, 237, 88, 71, 171, 181, 164, 24, 46,
       159, 64, 26, 129, 187, 219, 144, 10, 79, 210, 208, 219, 209, 20,
       123, 194, 0, 134, 42, 109, 103, 225, 103, 116, 15, 110, 56, 81,
       168, 123, 74, 211, 105, 153, 176, 94, 204, 22, 110, 201, 178, 205,
       14, 36, 172, 165, 132, 109, 251, 82, 161, 52, 15, 91, 66, 210,
       114, 103, 226, 112, 6, 238, 8, 82, 38, 129, 117, 120, 222, 192,
       234, 120, 183, 33, 46, 241, 166, 32, 65, 97, 99, 102, 224, 37,
       181, 165, 71, 245, 95, 231, 185, 73, 233, 251, 8, 210, 124, 28,
       180, 216, 198, 114, 120, 153, 184, 121, 13, 45, 156, 5, 116, 201,
       42, 210, 244, 159, 121, 39, 246, 175, 247, 159, 208, 197, 76, 151,
       135, 248, 221, 63, 44, 254, 243, 251, 215, 206, 231, 59, 225, 243,
       89, 139, 147, 7, 159, 181, 119, 40, 221, 122, 109, 244, 207, 119,
       117, 101, 76, 126, 4, 55, 29, 18, 16, 58, 184, 87, 104, 89, 184,
       49, 15, 111, 253, 36, 64, 115, 162, 230, 251, 122, 233, 188, 252,
       139, 193, 80, 198, 175, 21, 164, 9, 46, 191, 98, 82, 234, 243,
       255, 208, 30, 11, 130, 241, 251, 245, 94, 123, 144, 0, 175, 43,
       40, 120, 186, 242, 105, 221, 85, 85, 171, 255, 165, 8, 191, 159,
       67, 58, 132, 185, 253, 16, 75, 103, 242, 160, 211, 221, 85, 59,
       202, 18, 206, 251, 153, 207, 71, 239, 52, 135, 79, 244, 148, 136,
       219, 198, 115, 99, 184, 96, 126, 228, 31, 238, 233, 153, 41, 191,
       248, 239, 167, 192, 62, 170, 240, 41, 58, 143, 78, 170, 182, 163,
       190, 247, 132, 69, 218, 231, 97, 237, 178, 64, 254, 250, 143, 101,
       188, 155, 12, 191, 250, 103, 174, 195, 183, 222, 188, 89, 197, 6,
       215, 87, 162, 46, 109, 17, 124, 138, 115, 116, 214, 115, 129, 127,
       55, 108, 110, 62, 177, 244, 169, 74, 4, 186, 99, 0, 232, 227, 193,
       33, 84, 228, 157, 103, 9, 74, 71, 168, 33, 178, 163, 8, 211, 51,
       73, 91, 49, 196, 108, 106, 72, 199, 217, 0, 217, 234, 69, 52, 160,
       242, 70, 34, 97, 189, 157, 101, 168, 45, 100, 159, 234, 184, 42,
       76, 150, 177, 65, 59, 129, 86, 104, 24, 67, 104, 211, 16, 141,
       146, 117, 60, 200, 96, 67, 57, 229, 165, 157, 85, 201, 111, 69,
       174, 115, 187, 166, 24, 214, 51, 64, 187, 145, 214, 104, 58, 57,
       126, 251, 0, 159, 187, 85, 124, 192, 241, 202, 32, 177, 239, 78,
       174, 254, 131, 206, 253, 84, 168, 88, 234, 113, 200, 180, 33, 30,
       237, 22, 239, 244, 187, 13, 255, 112, 8, 173, 188, 125, 187, 248,
       141, 109, 125, 179, 70, 225, 94, 119, 244, 120, 226, 46, 12, 222,
       117, 195, 54, 159, 110, 80, 126, 233, 242, 248, 42, 251, 223, 69,
       36, 202, 247, 66, 241, 50, 249, 58, 186, 87, 197, 95, 230, 23, 69,
       64, 139, 55, 223, 98, 0, 253, 251, 151, 193, 75, 26, 58, 181, 251,
       197, 158, 107, 52, 24, 183, 250, 103, 245, 41, 67, 157, 95, 95,
       156, 95, 127, 189, 76, 90, 125, 223, 61, 157, 216, 31, 126, 251,
       16, 121, 183, 127, 95, 5, 252, 218, 255, 208, 117, 117, 149, 109,
       207, 20, 102, 111, 184, 100, 64, 207, 130, 209, 118, 157, 96, 124,
       196, 58, 239, 249, 178, 125, 15, 229, 175, 163, 4, 45, 227, 116,
       112, 99, 238, 200, 155, 188, 9, 232, 143, 94, 53, 176, 221, 163,
       8, 222, 72, 203, 11, 110, 29, 182, 108, 207, 119, 172, 30, 190,
       252, 220, 8, 219, 140, 236, 12, 234, 248, 221, 225, 81, 66, 215,
       95, 180, 19, 61, 223, 114, 88, 201, 187, 191, 145, 58, 47, 178,
       179, 219, 253, 146, 123, 178, 13, 124, 114, 26, 220, 115, 252,
