%YAML:1.0
---
descriptors: !!opencv-matrix
   rows: 197
   cols: 32
   dt: u
   data: [ 89, 129, 157, 254, 141, 12, 69, 175, 247, 155, 162, 24, 247,
       243, 72, 251, 201, 198, 108, 25, 120, 105, 219, 49, 217, 251, 85,
       92, 208, 88, 192, 42, 74, 164, 164, 178, 173, 125, 157, 174, 219,
       247, 156, 153, 238, 108, 94, 42, 143, 195, 253, 21, 190, 105, 255,
       243, 235, 95, 95, 255, 198, 92, 151, 94, 124, 76, 255, 124, 77,
       118, 213, 162, 217, 150, 182, 9, 107, 124, 55, 59, 201, 245, 241,
       99, 168, 231, 114, 168, 83, 251, 213, 27, 211, 125, 118, 234, 169,
       84, 17, 101, 49, 31, 110, 253, 61, 234, 102, 88, 255, 19, 1, 181,
       180, 88, 86, 106, 97, 244, 113, 159, 167, 219, 5, 54, 90, 176,
       203, 185, 128, 205, 28, 171, 220, 169, 230, 231, 142, 1, 249, 26,
       191, 67, 40, 64, 107, 203, 78, 202, 82, 175, 75, 247, 244, 148,
       158, 120, 85, 91, 161, 136, 48, 143, 79, 174, 22, 130, 79, 113,
       132, 4, 218, 231, 115, 103, 176, 64, 126, 230, 15, 239, 200, 139,
       12, 61, 240, 164, 170, 128, 53, 186, 116, 104, 48, 50, 124, 105,
       24, 79, 81, 91, 7, 172, 252, 41, 19, 21, 0, 16, 140, 156, 77, 48,
       24, 187, 81, 28, 211, 193, 33, 117, 113, 138, 70, 179, 84, 51,
       145, 102, 170, 104, 6, 136, 43, 164, 171, 236, 207, 231, 205, 222,
       55, 215, 236, 114, 25, 1, 219, 98, 184, 212, 7, 62, 168, 115, 15,
       48, 84, 78, 157, 183, 168, 40, 79, 156, 58, 147, 139, 240, 215,
       99, 73, 74, 83, 199, 125, 91, 57, 64, 203, 34, 232, 231, 255, 212,
       172, 243, 129, 1, 84, 249, 204, 183, 42, 136, 91, 184, 162, 244,
       130, 173, 247, 231, 75, 82, 135, 215, 125, 87, 74, 65, 203, 33,
       238, 161, 239, 253, 36, 178, 7, 91, 131, 140, 186, 158, 245, 230,
       190, 230, 252, 75, 90, 19, 124, 254, 54, 96, 255, 107, 51, 133,
       181, 191, 18, 239, 113, 62, 158, 130, 152, 104, 161, 219, 53, 221,
       75, 171, 22, 175, 194, 216, 86, 64, 217, 198, 83, 193, 184, 96,
       126, 232, 22, 126, 187, 177, 93, 191, 188, 174, 35, 84, 125, 139,
       112, 144, 252, 224, 157, 119, 137, 121, 84, 143, 242, 179, 165,
       56, 199, 243, 73, 59, 129, 214, 236, 18, 58, 109, 203, 34, 203,
       211, 85, 127, 194, 113, 198, 34, 244, 233, 156, 111, 24, 79, 71,
       140, 226, 177, 171, 24, 215, 81, 8, 19, 128, 84, 104, 122, 90,
       237, 219, 53, 233, 161, 69, 117, 64, 51, 198, 34, 224, 165, 157,
       123, 136, 45, 69, 173, 54, 51, 161, 88, 215, 115, 72, 27, 145,
       150, 104, 56, 58, 105, 219, 23, 233, 150, 85, 124, 208, 64, 130,
       34, 50, 156, 171, 222, 213, 246, 190, 230, 149, 15, 222, 18, 104,
       254, 36, 224, 249, 251, 147, 131, 56, 159, 50, 239, 59, 54, 154,
       75, 17, 75, 180, 238, 169, 150, 36, 31, 253, 159, 224, 63, 95,
       123, 116, 92, 170, 232, 54, 181, 201, 34, 114, 13, 183, 110, 83,
       183, 15, 126, 208, 120, 90, 140, 218, 140, 172, 176, 149, 113,
       233, 253, 112, 219, 255, 123, 100, 24, 158, 151, 76, 188, 137, 26,
       242, 24, 19, 126, 122, 210, 143, 220, 17, 110, 218, 65, 131, 178,
       172, 56, 177, 240, 233, 237, 241, 207, 187, 187, 164, 24, 158,
       151, 65, 191, 137, 27, 211, 16, 51, 111, 242, 210, 95, 217, 85,
       127, 210, 72, 198, 178, 186, 148, 39, 186, 29, 245, 144, 234, 159,
       87, 209, 151, 238, 252, 62, 201, 233, 179, 187, 1, 63, 175, 50,
       247, 147, 247, 90, 91, 213, 12, 117, 118, 12, 253, 183, 188, 203,
       231, 167, 230, 190, 201, 72, 3, 252, 254, 97, 64, 247, 123, 51,
       17, 2, 219, 146, 252, 93, 134, 111, 72, 128, 114, 37, 251, 171,
       120, 53, 120, 205, 213, 208, 206, 207, 125, 180, 29, 11, 156, 119,
       171, 201, 137, 226, 212, 207, 111, 122, 144, 27, 217, 21, 127,
       211, 29, 238, 222, 13, 189, 146, 187, 252, 173, 170, 210, 190,
       153, 88, 64, 253, 243, 97, 228, 127, 123, 50, 217, 3, 58, 154,
       179, 173, 197, 47, 236, 152, 115, 169, 161, 32, 141, 249, 225,
       180, 75, 231, 183, 86, 225, 62, 10, 147, 61, 80, 32, 11, 222, 115,
       89, 88, 184, 113, 38, 109, 141, 53, 116, 197, 152, 212, 250, 32,
       37, 249, 101, 148, 107, 245, 23, 127, 229, 127, 24, 147, 61, 84,
       58, 43, 158, 113, 24, 24, 248, 241, 10, 111, 143, 20, 4, 229, 216,
       198, 250, 141, 175, 26, 251, 252, 157, 174, 249, 182, 20, 125, 82,
       229, 227, 168, 5, 123, 106, 66, 122, 114, 94, 138, 191, 188, 207,
       175, 108, 18, 139, 171, 137, 12, 252, 87, 249, 254, 143, 175, 251,
       158, 10, 120, 66, 252, 219, 48, 129, 255, 185, 23, 177, 243, 62,
       88, 255, 125, 143, 175, 236, 29, 40, 187, 161, 90, 54, 220, 245,
       171, 58, 56, 19, 175, 191, 59, 245, 143, 63, 192, 90, 167, 151,
       237, 16, 180, 220, 193, 194, 206, 247, 115, 199, 170, 196, 143,
       19, 122, 120, 114, 254, 111, 151, 154, 68, 137, 44, 245, 143, 12,
       157, 54, 148, 238, 189, 215, 199, 192, 163, 144, 229, 211, 121,
       154, 155, 7, 31, 175, 215, 52, 159, 34, 10, 221, 151, 198, 233,
       87, 76, 249, 103, 98, 200, 55, 196, 120, 234, 134, 227, 206, 187,
       12, 191, 48, 4, 165, 203, 121, 15, 248, 223, 181, 89, 123, 207,
       84, 198, 239, 240, 85, 196, 246, 2, 115, 215, 181, 116, 120, 248,
       18, 234, 233, 178, 52, 238, 119, 172, 130, 0, 39, 187, 116, 248,
       219, 77, 111, 252, 38, 130, 239, 117, 212, 64, 214, 70, 113, 235,
       176, 97, 126, 230, 63, 239, 233, 139, 39, 239, 240, 235, 234, 128,
       61, 184, 112, 104, 128, 205, 29, 217, 216, 205, 55, 239, 158, 23,
       108, 16, 182, 183, 44, 113, 201, 91, 34, 0, 114, 44, 122, 119,
       101, 182, 22, 123, 80, 88, 133, 170, 99, 180, 132, 156, 125, 205,
       184, 239, 155, 91, 92, 31, 172, 57, 30, 7, 203, 67, 211, 5, 54,
       106, 218, 253, 79, 22, 222, 239, 158, 12, 155, 223, 100, 169, 157,
       250, 173, 205, 65, 173, 231, 189, 167, 8, 214, 241, 72, 26, 129,
       198, 104, 24, 27, 105, 219, 49, 205, 243, 85, 125, 208, 10, 198,
       34, 66, 241, 156, 177, 171, 77, 20, 175, 43, 123, 8, 29, 142, 62,
       74, 154, 135, 23, 253, 21, 87, 72, 219, 49, 175, 215, 93, 127,
       136, 84, 139, 95, 138, 160, 67, 241, 116, 169, 233, 83, 62, 1, 80,
       220, 177, 143, 240, 160, 24, 58, 19, 157, 147, 184, 84, 215, 12,
       148, 186, 224, 76, 136, 83, 184, 72, 16, 151, 117, 100, 173, 225,
       18, 238, 27, 115, 92, 246, 145, 16, 58, 129, 38, 106, 25, 19, 252,
       211, 1, 69, 183, 112, 64, 200, 8, 83, 179, 249, 75, 71, 172, 54,
       2, 79, 116, 228, 132, 210, 231, 115, 65, 177, 65, 126, 228, 63,
       239, 232, 179, 5, 172, 240, 170, 226, 128, 47, 187, 112, 104, 176,
       233, 234, 238, 212, 196, 239, 245, 48, 142, 244, 2, 49, 247, 102,
       48, 120, 250, 19, 202, 72, 191, 176, 107, 117, 173, 166, 40, 113,
       58, 230, 234, 139, 156, 179, 190, 245, 230, 191, 231, 254, 79, 90,
       19, 188, 254, 48, 64, 251, 107, 51, 129, 51, 191, 50, 239, 109,
       63, 190, 130, 128, 64, 165, 235, 170, 240, 189, 120, 173, 221,
       144, 223, 207, 249, 176, 61, 158, 156, 103, 187, 205, 25, 215, 81,
       207, 111, 114, 145, 203, 217, 125, 255, 80, 28, 214, 251, 121, 53,
       76, 111, 56, 82, 95, 57, 33, 228, 175, 172, 243, 115, 154, 115,
       88, 228, 124, 234, 237, 195, 253, 46, 250, 235, 229, 145, 46, 162,
       202, 88, 124, 112, 157, 104, 11, 79, 81, 204, 115, 242, 164, 8,
       87, 85, 73, 59, 152, 212, 236, 98, 9, 103, 251, 16, 211, 243, 65,
       127, 106, 59, 6, 50, 98, 166, 108, 25, 124, 233, 200, 203, 223,
       127, 181, 185, 130, 200, 222, 27, 201, 130, 111, 21, 190, 111,
       111, 149, 14, 26, 209, 253, 213, 140, 222, 196, 141, 56, 148, 81,
       201, 253, 112, 87, 255, 59, 164, 88, 158, 147, 69, 191, 129, 27,
       250, 24, 55, 111, 242, 208, 143, 216, 85, 126, 218, 72, 203, 151,
       16, 61, 155, 189, 147, 199, 166, 119, 54, 128, 78, 66, 180, 247,
       33, 196, 114, 127, 51, 217, 1, 216, 146, 222, 185, 228, 15, 10,
       160, 96, 161, 187, 48, 37, 185, 101, 149, 111, 69, 71, 54, 161,
       235, 26, 19, 49, 64, 50, 56, 158, 96, 24, 56, 250, 81, 10, 253,
