%YAML:1.0
---
descriptors: !!opencv-matrix
   rows: 197
   cols: 32
   dt: u
   data: [ 77, 49, 185, 229, 188, 108, 89, 27, 107, 241, 175, 24, 223,
       127, 74, 122, 215, 23, 125, 28, 27, 80, 251, 128, 223, 253, 39,
       124, 138, 224, 129, 115, 35, 181, 186, 26, 223, 173, 212, 79, 239,
       85, 169, 29, 46, 216, 110, 24, 173, 139, 74, 17, 214, 43, 178,
       209, 27, 29, 20, 123, 217, 72, 131, 206, 182, 205, 70, 223, 222,
       35, 206, 236, 87, 162, 234, 146, 99, 233, 61, 65, 123, 239, 34,
       227, 120, 247, 75, 191, 56, 166, 199, 4, 245, 123, 240, 136, 11,
       237, 51, 159, 125, 213, 172, 239, 222, 25, 88, 82, 172, 252, 116,
       164, 207, 59, 162, 129, 227, 122, 114, 247, 45, 20, 158, 234, 85,
       28, 185, 173, 209, 85, 62, 245, 48, 142, 117, 55, 237, 237, 238,
       4, 183, 19, 2, 115, 164, 166, 124, 12, 232, 217, 49, 76, 227, 251,
       116, 18, 8, 80, 193, 107, 192, 238, 171, 241, 180, 141, 79, 182,
       58, 171, 134, 25, 151, 133, 80, 19, 145, 126, 125, 88, 120, 220,
       193, 34, 237, 153, 181, 240, 128, 216, 214, 42, 5, 71, 85, 103,
       240, 14, 110, 184, 104, 168, 123, 64, 215, 35, 137, 244, 22, 76,
       70, 110, 225, 144, 73, 78, 164, 190, 39, 4, 72, 243, 67, 161, 218,
       132, 20, 254, 145, 38, 20, 175, 21, 23, 195, 17, 239, 107, 40,
       193, 209, 151, 173, 32, 120, 205, 75, 191, 171, 246, 222, 83, 178,
       76, 165, 10, 239, 176, 164, 19, 237, 61, 224, 154, 251, 251, 183,
       92, 202, 232, 95, 191, 129, 198, 236, 29, 191, 108, 219, 208, 14,
       90, 85, 118, 202, 77, 218, 4, 61, 19, 75, 108, 82, 75, 67, 88, 97,
       228, 245, 175, 91, 77, 183, 144, 126, 173, 134, 230, 137, 179, 36,
       78, 178, 205, 0, 4, 127, 175, 106, 244, 194, 174, 188, 219, 235,
       176, 176, 143, 254, 63, 142, 49, 172, 226, 76, 206, 193, 23, 235,
       145, 50, 77, 203, 243, 79, 55, 223, 255, 144, 64, 173, 142, 79,
       30, 147, 28, 227, 38, 175, 19, 172, 74, 123, 69, 220, 247, 165,
       206, 214, 103, 63, 46, 145, 144, 147, 200, 4, 254, 122, 138, 202,
       103, 33, 81, 93, 127, 187, 103, 176, 95, 127, 248, 241, 238, 63,
       76, 223, 245, 219, 52, 52, 124, 92, 110, 193, 241, 184, 42, 239,
       221, 37, 188, 106, 247, 6, 245, 224, 168, 157, 114, 153, 205, 80,
       3, 191, 179, 164, 24, 182, 147, 64, 59, 129, 186, 104, 16, 58,
       111, 210, 50, 207, 147, 20, 123, 208, 8, 198, 42, 34, 93, 106,
       156, 127, 132, 188, 103, 157, 76, 216, 175, 44, 156, 55, 64, 238,
       187, 151, 133, 198, 139, 18, 239, 55, 60, 154, 155, 29, 28, 119,
       223, 24, 186, 142, 189, 3, 214, 121, 83, 182, 85, 71, 165, 189,
       199, 34, 217, 102, 61, 175, 148, 10, 216, 179, 181, 199, 227, 250,
       193, 34, 132, 45, 243, 211, 12, 47, 212, 5, 118, 105, 67, 245,
       130, 198, 18, 27, 150, 54, 111, 104, 164, 59, 173, 56, 215, 53,
       204, 209, 43, 202, 1, 37, 104, 117, 100, 34, 89, 122, 92, 125,
       213, 252, 103, 221, 77, 124, 3, 40, 156, 55, 228, 204, 187, 147,
       128, 198, 43, 50, 223, 119, 60, 146, 139, 83, 12, 124, 223, 244,
       39, 211, 228, 151, 75, 84, 99, 137, 236, 186, 111, 79, 169, 68,
       146, 178, 229, 197, 49, 124, 239, 128, 138, 187, 208, 37, 243,
       173, 44, 215, 91, 248, 77, 46, 204, 28, 214, 199, 116, 244, 140,
       214, 2, 112, 249, 183, 101, 120, 244, 59, 235, 232, 191, 50, 206,
       243, 47, 194, 1, 7, 48, 116, 42, 40, 188, 23, 186, 253, 141, 175,
       231, 190, 26, 120, 73, 188, 254, 32, 1, 205, 59, 83, 1, 115, 42,
       82, 127, 125, 22, 62, 232, 88, 72, 163, 187, 178, 137, 123, 88,
       77, 253, 209, 74, 221, 23, 244, 26, 58, 152, 52, 45, 232, 154, 18,
       8, 58, 47, 50, 215, 19, 216, 80, 123, 83, 9, 116, 230, 61, 49,
       123, 108, 118, 95, 83, 121, 5, 228, 245, 174, 91, 205, 191, 48,
       62, 168, 134, 102, 201, 179, 60, 158, 178, 205, 1, 52, 127, 175,
       86, 244, 240, 106, 109, 117, 40, 14, 69, 182, 112, 190, 178, 76,
       147, 45, 17, 123, 140, 228, 108, 108, 232, 127, 241, 42, 241, 171,
       117, 20, 96, 241, 70, 121, 8, 149, 122, 94, 227, 221, 189, 119,
       189, 71, 124, 149, 172, 175, 62, 0, 39, 59, 251, 140, 214, 173,
       50, 247, 83, 127, 90, 75, 87, 196, 167, 250, 194, 189, 59, 154,
       248, 237, 177, 231, 190, 89, 8, 89, 188, 190, 100, 80, 229, 59,
       91, 17, 51, 79, 154, 119, 125, 20, 30, 106, 144, 64, 167, 251, 89,
       90, 190, 236, 45, 92, 95, 180, 229, 78, 246, 12, 127, 231, 163,
       247, 230, 228, 236, 110, 141, 33, 179, 169, 243, 249, 96, 153, 58,
       183, 108, 123, 71, 27, 163, 141, 228, 126, 239, 17, 105, 200, 95,
       68, 252, 246, 181, 236, 182, 110, 54, 14, 145, 144, 161, 202, 5,
       60, 42, 136, 136, 231, 49, 117, 124, 173, 59, 106, 181, 233, 71,
       253, 107, 8, 253, 8, 155, 241, 73, 176, 153, 26, 84, 122, 27, 59,
       168, 55, 251, 253, 37, 125, 194, 138, 198, 35, 19, 221, 66, 188,
       83, 211, 30, 230, 189, 65, 104, 135, 111, 230, 46, 244, 254, 251,
       146, 231, 79, 155, 30, 253, 176, 246, 10, 15, 56, 55, 171, 220,
       50, 161, 198, 221, 92, 11, 232, 107, 119, 160, 226, 130, 99, 233,
       20, 64, 120, 172, 98, 168, 8, 250, 69, 93, 28, 174, 195, 68, 117,
       168, 112, 136, 127, 119, 40, 238, 60, 86, 95, 216, 68, 78, 157,
       47, 219, 93, 155, 33, 222, 209, 221, 239, 239, 35, 251, 137, 243,
       233, 171, 157, 55, 255, 52, 115, 190, 49, 125, 234, 168, 121, 89,
       216, 161, 84, 189, 189, 159, 255, 75, 59, 206, 81, 253, 210, 158,
       67, 250, 176, 203, 209, 238, 253, 180, 243, 6, 211, 96, 169, 148,
       125, 153, 235, 17, 162, 254, 55, 160, 24, 182, 179, 64, 17, 129,
       126, 104, 0, 58, 105, 194, 55, 201, 246, 80, 115, 192, 64, 7, 42,
       37, 99, 96, 7, 116, 27, 206, 184, 68, 232, 59, 236, 211, 72, 159,
       180, 88, 204, 70, 111, 205, 176, 109, 24, 38, 60, 165, 180, 109,
       191, 90, 212, 13, 71, 80, 69, 180, 58, 110, 184, 116, 162, 122,
       196, 195, 98, 157, 180, 90, 204, 6, 110, 237, 176, 69, 14, 36,
       190, 37, 4, 111, 251, 74, 132, 49, 141, 98, 14, 222, 131, 206,
       239, 84, 0, 200, 138, 115, 233, 50, 96, 122, 234, 19, 239, 124,
       187, 12, 63, 121, 12, 133, 89, 117, 154, 248, 136, 240, 12, 46,
       252, 13, 228, 65, 71, 213, 6, 196, 26, 163, 152, 49, 127, 200,
       178, 120, 137, 40, 175, 114, 138, 209, 251, 210, 27, 144, 72, 116,
       46, 2, 239, 2, 158, 121, 149, 188, 231, 190, 29, 200, 133, 172,
       230, 34, 68, 237, 59, 234, 133, 102, 11, 2, 255, 125, 54, 158,
       171, 18, 20, 165, 142, 219, 172, 236, 209, 129, 188, 124, 7, 186,
       51, 134, 144, 189, 51, 80, 123, 35, 151, 123, 157, 50, 93, 181,
       194, 223, 251, 222, 65, 134, 196, 167, 40, 189, 69, 106, 108, 87,
       87, 75, 120, 53, 196, 252, 138, 27, 205, 55, 48, 126, 168, 150,
       238, 76, 179, 52, 14, 243, 237, 0, 32, 119, 175, 102, 224, 55, 77,
       98, 135, 246, 191, 239, 244, 93, 202, 95, 135, 121, 248, 183, 100,
       126, 238, 22, 111, 197, 179, 44, 238, 54, 108, 167, 128, 47, 255,
       120, 213, 122, 141, 43, 188, 31, 210, 23, 231, 148, 76, 206, 3,
       60, 183, 35, 240, 224, 251, 191, 193, 104, 139, 34, 191, 243, 231,
       186, 155, 18, 76, 60, 107, 70, 233, 164, 154, 141, 213, 152, 207,
       143, 53, 136, 19, 172, 250, 116, 198, 233, 83, 251, 209, 86, 75,
       219, 241, 185, 22, 159, 127, 148, 12, 189, 14, 34, 157, 49, 216,
       125, 221, 185, 111, 222, 29, 120, 26, 172, 156, 52, 164, 237, 59,
       147, 1, 195, 58, 114, 215, 53, 28, 154, 234, 85, 12, 247, 255,
       220, 124, 186, 117, 161, 236, 119, 130, 250, 226, 46, 25, 158,
       187, 67, 26, 163, 125, 121, 66, 32, 117, 144, 98, 197, 255, 71,
       49, 200, 113, 7, 130, 45, 127, 99, 94, 116, 181, 238, 242, 117, 8,
       252, 66, 251, 220, 181, 164, 92, 250, 22, 202, 201, 178, 124, 239,
       35, 253, 134, 8, 71, 251, 102, 172, 34, 149, 122, 92, 125, 213,
       185, 103, 223, 69, 124, 27, 168, 156, 54, 100, 204, 59, 147, 129,
       214, 58, 114, 215, 23, 60, 154, 43, 85, 12, 253, 223, 231, 106,
