%YAML:1.0
---
descriptors: !!opencv-matrix
   rows: 148
   cols: 32
   dt: u
   data: [ 40, 205, 123, 95, 116, 143, 111, 246, 116, 12, 126, 4, 115,
       97, 177, 48, 62, 106, 6, 72, 227, 184, 49, 63, 101, 175, 36, 0,
       121, 153, 102, 249, 130, 223, 30, 152, 171, 161, 188, 231, 191,
       22, 110, 181, 172, 163, 39, 76, 231, 51, 235, 144, 114, 13, 3,
       247, 252, 182, 94, 203, 144, 84, 173, 11, 41, 148, 148, 91, 253,
       189, 240, 223, 223, 123, 108, 92, 190, 216, 126, 253, 201, 10,
       114, 24, 183, 106, 114, 247, 15, 94, 80, 122, 218, 72, 202, 142,
       249, 77, 111, 254, 12, 2, 79, 117, 213, 194, 198, 130, 115, 233,
       49, 99, 122, 228, 59, 239, 233, 207, 55, 239, 242, 235, 206, 8,
       61, 186, 112, 40, 112, 115, 122, 236, 104, 79, 91, 88, 163, 236,
       181, 173, 215, 199, 67, 16, 150, 189, 125, 110, 72, 3, 194, 24,
       211, 149, 33, 184, 0, 163, 6, 115, 53, 92, 67, 170, 150, 167, 74,
       252, 86, 72, 219, 198, 83, 197, 177, 96, 125, 236, 22, 254, 251,
       179, 61, 191, 184, 172, 163, 196, 61, 187, 112, 209, 212, 180,
       157, 118, 137, 109, 85, 152, 227, 187, 163, 24, 215, 115, 73, 27,
       129, 214, 108, 58, 56, 71, 219, 32, 219, 210, 85, 124, 224, 113,
       134, 34, 244, 236, 149, 118, 137, 109, 84, 143, 179, 179, 163, 24,
       215, 247, 73, 59, 129, 214, 108, 18, 122, 109, 203, 34, 251, 243,
       85, 127, 226, 113, 198, 34, 78, 182, 214, 241, 163, 58, 56, 19,
       175, 191, 51, 245, 143, 63, 200, 218, 167, 23, 237, 144, 54, 220,
       193, 194, 206, 247, 122, 199, 170, 196, 143, 19, 85, 4, 153, 246,
       13, 110, 65, 136, 122, 179, 163, 8, 215, 241, 73, 122, 145, 212,
       108, 42, 9, 101, 219, 2, 209, 255, 65, 52, 192, 123, 65, 34, 34,
       156, 58, 158, 215, 231, 191, 230, 148, 79, 222, 18, 120, 254, 38,
       96, 253, 251, 179, 129, 56, 191, 50, 255, 121, 47, 154, 75, 145,
       77, 180, 234, 85, 79, 157, 183, 168, 40, 79, 152, 182, 147, 139,
       244, 215, 99, 217, 106, 83, 199, 108, 223, 57, 64, 207, 34, 236,
       167, 111, 148, 172, 243, 129, 32, 173, 176, 149, 81, 233, 253,
       112, 203, 255, 59, 36, 24, 158, 151, 76, 190, 129, 27, 226, 24,
       51, 103, 242, 211, 143, 218, 17, 126, 218, 65, 139, 182, 46, 184,
       177, 248, 201, 237, 113, 207, 155, 63, 180, 24, 30, 191, 100, 175,
       201, 27, 227, 16, 18, 111, 250, 241, 95, 214, 85, 127, 210, 72,
       198, 226, 181, 77, 123, 78, 84, 198, 71, 112, 85, 192, 229, 0,
       115, 213, 49, 113, 88, 236, 18, 106, 105, 182, 120, 46, 115, 169,
       0, 0, 115, 187, 98, 184, 1, 174, 30, 251, 252, 159, 174, 239, 182,
       58, 124, 66, 229, 227, 160, 69, 127, 106, 66, 250, 114, 95, 10,
       63, 172, 199, 47, 108, 16, 139, 171, 169, 218, 184, 158, 188, 171,
       204, 52, 71, 175, 31, 134, 57, 172, 159, 98, 91, 167, 55, 237, 0,
       98, 77, 130, 193, 211, 243, 94, 187, 2, 84, 175, 91, 160, 253,
       251, 124, 244, 199, 231, 247, 84, 142, 252, 2, 48, 213, 165, 32,
       248, 250, 6, 202, 121, 191, 32, 111, 113, 141, 166, 8, 65, 58,
       246, 235, 8, 178, 147, 125, 52, 236, 161, 19, 126, 27, 114, 112,
       190, 177, 192, 232, 179, 62, 38, 24, 19, 248, 131, 3, 204, 246,
       50, 66, 200, 0, 195, 187, 208, 236, 157, 119, 184, 204, 85, 142,
       250, 186, 162, 72, 247, 243, 65, 91, 163, 118, 108, 90, 98, 77,
       139, 59, 233, 162, 117, 56, 224, 112, 7, 43, 232, 32, 149, 116, 9,
       79, 65, 11, 114, 179, 162, 24, 214, 243, 73, 219, 145, 148, 104,
       56, 41, 102, 211, 0, 157, 187, 85, 60, 192, 96, 66, 32, 210, 181,
       123, 244, 210, 228, 120, 103, 185, 71, 110, 147, 61, 191, 34, 81,
       163, 191, 245, 128, 55, 217, 178, 199, 219, 227, 154, 73, 33, 192,
       166, 218, 22, 207, 210, 189, 226, 2, 190, 231, 62, 154, 90, 226,
       125, 226, 241, 72, 127, 127, 55, 195, 80, 216, 143, 227, 188, 38,
       239, 132, 53, 242, 161, 169, 130, 173, 219, 180, 218, 4, 190, 239,
       186, 163, 88, 146, 60, 250, 96, 66, 183, 127, 123, 129, 114, 91,
       154, 235, 61, 6, 31, 174, 164, 112, 163, 139, 122, 161, 232, 170,
       255, 245, 91, 142, 11, 61, 156, 139, 111, 127, 90, 148, 151, 211,
       253, 149, 26, 74, 234, 247, 223, 223, 189, 251, 182, 135, 150,
       107, 169, 185, 233, 89, 229, 249, 241, 207, 95, 93, 124, 50, 178,
       156, 246, 44, 201, 26, 22, 25, 147, 56, 102, 209, 79, 25, 54, 239,
       215, 72, 212, 239, 195, 179, 157, 177, 170, 232, 57, 55, 187, 127,
       50, 245, 156, 182, 198, 91, 167, 23, 239, 17, 183, 77, 163, 209,
       140, 146, 126, 198, 136, 64, 131, 93, 104, 50, 27, 172, 120, 15,
       89, 88, 40, 236, 247, 237, 23, 151, 0, 80, 150, 29, 93, 36, 8,
       131, 193, 8, 209, 177, 33, 188, 0, 162, 6, 115, 112, 51, 29, 101,
       96, 15, 89, 59, 34, 168, 120, 108, 87, 55, 64, 16, 148, 157, 100,
       40, 73, 218, 209, 28, 221, 135, 33, 244, 72, 128, 2, 51, 227, 124,
       43, 84, 93, 220, 241, 98, 201, 204, 190, 14, 56, 220, 119, 164,
       168, 56, 250, 13, 199, 47, 178, 207, 19, 60, 129, 186, 75, 12,
       116, 254, 34, 141, 107, 156, 86, 193, 191, 231, 158, 69, 72, 163,
       32, 174, 38, 64, 234, 187, 147, 193, 6, 139, 54, 255, 117, 38,
       154, 203, 21, 12, 181, 218, 70, 151, 146, 250, 169, 32, 180, 143,
       63, 23, 202, 245, 204, 171, 108, 216, 215, 87, 171, 16, 22, 11,
       219, 226, 188, 182, 222, 95, 152, 82, 169, 27, 130, 208, 60, 184,
       61, 237, 24, 222, 159, 31, 144, 61, 158, 223, 32, 9, 205, 145,
       255, 17, 190, 111, 122, 183, 203, 215, 122, 255, 144, 9, 5, 115,
       24, 236, 159, 254, 119, 194, 116, 230, 251, 158, 252, 34, 126,
       187, 33, 113, 163, 255, 55, 128, 98, 223, 8, 255, 251, 231, 118,
       131, 34, 80, 111, 203, 253, 121, 223, 228, 230, 2, 103, 20, 113,
       194, 246, 98, 115, 51, 129, 123, 126, 228, 124, 250, 233, 215,
       165, 8, 242, 235, 103, 128, 47, 242, 96, 41, 246, 156, 170, 248,
       205, 229, 81, 195, 151, 87, 133, 19, 23, 159, 114, 72, 201, 187,
       187, 145, 62, 111, 122, 146, 219, 215, 146, 127, 180, 77, 244, 82,
       56, 255, 123, 124, 244, 199, 247, 247, 212, 206, 252, 34, 179,
       213, 162, 32, 92, 122, 6, 74, 200, 187, 48, 63, 227, 141, 38, 9,
       81, 250, 246, 251, 250, 189, 122, 114, 235, 221, 145, 229, 169,
       125, 181, 61, 46, 223, 78, 19, 174, 243, 221, 67, 246, 111, 250,
       163, 123, 217, 84, 123, 75, 12, 207, 223, 137, 226, 2, 217, 116,
       157, 232, 80, 94, 25, 84, 82, 179, 129, 240, 172, 88, 8, 22, 28,
       154, 188, 66, 145, 132, 152, 178, 224, 222, 136, 88, 132, 1, 182,
       211, 105, 178, 174, 50, 19, 111, 73, 126, 228, 255, 55, 128, 244,
       55, 63, 76, 24, 147, 184, 17, 79, 172, 231, 48, 192, 234, 194,
       163, 57, 10, 156, 187, 254, 183, 246, 187, 247, 159, 79, 222, 50,
       188, 255, 32, 100, 255, 123, 23, 145, 179, 159, 48, 255, 171, 247,
       158, 203, 146, 72, 165, 255, 53, 93, 75, 173, 180, 135, 79, 247,
       84, 202, 218, 70, 115, 241, 177, 96, 125, 238, 30, 238, 233, 147,
       61, 62, 176, 174, 175, 128, 61, 250, 240, 249, 102, 170, 165, 16,
       236, 233, 225, 195, 159, 191, 176, 185, 134, 140, 84, 26, 137,
       138, 111, 21, 30, 111, 226, 80, 29, 18, 113, 253, 196, 76, 215,
       194, 17, 189, 26, 255, 18, 227, 33, 111, 22, 1, 200, 34, 181, 243,
       32, 96, 122, 187, 18, 128, 91, 154, 82, 127, 233, 166, 30, 72, 57,
       72, 161, 168, 34, 184, 178, 208, 203, 253, 180, 199, 251, 115,
       164, 24, 172, 190, 100, 190, 171, 59, 250, 16, 23, 111, 178, 241,
       31, 220, 86, 123, 210, 88, 143, 158, 227, 180, 57, 92, 116, 253,
       217, 127, 88, 74, 92, 60, 182, 156, 150, 33, 158, 43, 23, 45, 231,
       46, 242, 159, 115, 25, 56, 186, 92, 8, 81, 255, 32, 48, 89, 97,
       112, 143, 97, 22, 36, 41, 118, 124, 151, 23, 128, 16, 14, 28, 70,
       8, 19, 152, 241, 23, 69, 141, 48, 192, 72, 136, 70, 187, 160, 179,
       250, 89, 246, 249, 177, 87, 95, 21, 116, 50, 190, 157, 118, 40,
       207, 58, 147, 17, 146, 188, 34, 211, 79, 29, 22, 67, 215, 200,
       213, 235, 17, 223, 202, 189, 178, 130, 110, 247, 54, 136, 218,
