%YAML:1.0
---
descriptors: !!opencv-matrix
   rows: 118
   cols: 32
   dt: u
   data: [ 221, 115, 57, 226, 58, 71, 27, 152, 4, 236, 159, 239, 215, 95,
       203, 98, 126, 213, 125, 242, 205, 3, 249, 140, 243, 201, 169, 156,
       45, 187, 52, 115, 101, 251, 252, 90, 232, 252, 244, 159, 235, 95,
       61, 124, 42, 252, 223, 59, 135, 194, 230, 22, 151, 98, 238, 113,
       62, 89, 117, 235, 219, 213, 206, 215, 118, 170, 168, 48, 173, 61,
       88, 139, 235, 255, 188, 29, 138, 232, 86, 158, 129, 206, 237, 21,
       158, 107, 226, 128, 155, 221, 85, 255, 198, 108, 222, 69, 73, 221,
       31, 111, 52, 14, 103, 180, 104, 8, 110, 72, 246, 115, 136, 114,
       144, 102, 108, 106, 81, 184, 249, 47, 229, 255, 100, 64, 72, 178,
       194, 41, 32, 185, 57, 168, 221, 237, 177, 199, 206, 53, 168, 13,
       150, 153, 64, 16, 201, 27, 67, 17, 18, 43, 218, 81, 221, 213, 26,
       126, 208, 74, 7, 234, 232, 237, 16, 186, 253, 221, 80, 207, 155,
       29, 160, 25, 174, 217, 106, 155, 201, 155, 201, 17, 126, 111, 202,
       179, 251, 209, 21, 127, 146, 12, 158, 10, 240, 112, 59, 236, 24,
       79, 83, 72, 172, 40, 161, 8, 151, 215, 33, 48, 152, 177, 93, 96,
       73, 7, 112, 30, 209, 193, 32, 58, 112, 35, 7, 34, 146, 100, 18,
       188, 11, 227, 94, 107, 189, 2, 233, 27, 110, 250, 37, 212, 248,
       185, 203, 163, 108, 135, 18, 222, 177, 214, 10, 11, 17, 118, 175,
       134, 72, 132, 187, 123, 52, 236, 113, 55, 125, 11, 103, 24, 183,
       55, 0, 120, 129, 62, 124, 24, 59, 252, 177, 39, 207, 255, 48, 64,
       192, 128, 199, 42, 42, 129, 114, 188, 87, 213, 176, 103, 29, 69,
       124, 19, 40, 158, 38, 68, 232, 59, 147, 1, 86, 186, 50, 215, 87,
       125, 154, 75, 19, 12, 237, 206, 59, 185, 144, 112, 217, 253, 80,
       198, 235, 121, 172, 12, 46, 154, 70, 182, 137, 235, 214, 80, 159,
       107, 210, 241, 155, 221, 20, 123, 218, 69, 202, 158, 84, 63, 255,
       97, 178, 250, 58, 195, 186, 183, 59, 49, 95, 254, 77, 186, 167,
       125, 237, 18, 22, 209, 168, 66, 219, 199, 47, 199, 224, 99, 167,
       3, 63, 77, 66, 134, 118, 187, 238, 240, 93, 232, 95, 74, 121, 216,
       183, 228, 126, 236, 22, 111, 197, 179, 44, 254, 54, 110, 165, 128,
       47, 255, 120, 197, 10, 187, 17, 59, 241, 169, 176, 83, 62, 29,
       121, 237, 174, 254, 68, 144, 166, 59, 199, 1, 151, 40, 10, 213,
       140, 212, 58, 235, 218, 12, 135, 147, 60, 151, 95, 234, 62, 227,
       83, 120, 132, 12, 223, 227, 83, 231, 168, 64, 126, 176, 143, 226,
       56, 131, 9, 159, 250, 231, 163, 213, 55, 171, 52, 115, 3, 144, 57,
       153, 124, 237, 185, 99, 222, 93, 81, 90, 180, 156, 52, 32, 205,
       59, 19, 1, 179, 62, 98, 87, 5, 20, 58, 234, 84, 8, 53, 251, 1, 28,
       7, 157, 120, 132, 168, 103, 158, 8, 74, 228, 180, 226, 37, 192,
       102, 43, 50, 141, 99, 152, 67, 127, 4, 38, 186, 136, 24, 0, 33,
       153, 220, 183, 250, 160, 178, 171, 61, 215, 190, 189, 186, 187,
       77, 238, 96, 16, 183, 189, 237, 177, 86, 209, 136, 82, 249, 197,
       47, 197, 228, 224, 167, 35, 41, 229, 113, 95, 221, 149, 206, 191,
       87, 75, 252, 72, 243, 104, 156, 180, 93, 218, 22, 203, 255, 58,
       127, 191, 39, 254, 148, 40, 127, 218, 218, 172, 248, 4, 158, 240,
       141, 98, 80, 71, 241, 151, 166, 16, 3, 187, 96, 91, 201, 150, 233,
       144, 56, 239, 195, 0, 219, 243, 214, 87, 163, 96, 238, 34, 88,
       125, 29, 237, 187, 207, 85, 63, 62, 160, 44, 72, 190, 55, 0, 48,
       130, 51, 92, 24, 113, 9, 81, 30, 233, 159, 55, 50, 146, 64, 135,
       59, 181, 87, 105, 229, 182, 14, 79, 184, 17, 238, 223, 238, 87,
       125, 155, 113, 94, 220, 21, 111, 233, 146, 125, 14, 228, 239, 237,
       148, 44, 251, 22, 241, 24, 157, 43, 175, 149, 231, 171, 119, 20,
       69, 75, 3, 245, 183, 32, 64, 121, 59, 19, 153, 59, 152, 49, 63,
       233, 231, 154, 64, 144, 74, 181, 250, 178, 108, 18, 152, 221, 169,
       148, 102, 221, 3, 240, 27, 38, 232, 53, 141, 233, 171, 75, 1, 46,
       47, 66, 255, 176, 22, 218, 59, 213, 92, 254, 142, 1, 161, 139,
       233, 180, 139, 103, 191, 70, 41, 90, 96, 183, 241, 248, 96, 88,
       74, 14, 92, 83, 184, 65, 53, 236, 140, 167, 196, 28, 138, 209,
       169, 105, 125, 122, 124, 125, 222, 255, 247, 249, 192, 252, 0, 57,
       253, 55, 48, 140, 251, 123, 206, 225, 171, 178, 239, 115, 255,
       132, 8, 71, 176, 118, 122, 201, 143, 32, 221, 180, 168, 111, 191,
       124, 8, 76, 112, 253, 99, 144, 100, 50, 106, 28, 168, 241, 8, 108,
       127, 228, 173, 174, 128, 30, 210, 147, 41, 88, 153, 159, 235, 139,
       207, 18, 17, 231, 17, 175, 0, 255, 215, 32, 240, 162, 55, 252, 80,
       91, 137, 59, 49, 203, 229, 2, 82, 58, 2, 169, 58, 186, 199, 97,
       73, 85, 22, 110, 253, 113, 8, 242, 66, 75, 3, 156, 245, 126, 220,
       151, 234, 233, 184, 41, 236, 63, 248, 134, 198, 119, 150, 242, 44,
       208, 48, 27, 232, 8, 109, 17, 83, 164, 40, 161, 56, 150, 151, 32,
       80, 160, 153, 77, 32, 9, 7, 144, 20, 209, 129, 34, 57, 32, 0, 7,
       35, 141, 52, 234, 225, 244, 46, 235, 23, 114, 237, 94, 22, 217,
       61, 218, 32, 63, 172, 55, 189, 185, 176, 245, 66, 109, 45, 167,
       196, 231, 224, 212, 224, 9, 191, 123, 229, 182, 78, 111, 51, 116,
       232, 126, 228, 247, 55, 145, 112, 54, 126, 28, 110, 193, 184, 53,
       46, 228, 173, 37, 128, 110, 242, 65, 121, 98, 172, 233, 180, 237,
       105, 80, 207, 171, 247, 184, 185, 130, 173, 87, 26, 137, 223, 245,
       17, 30, 111, 242, 130, 159, 212, 213, 127, 197, 108, 214, 94, 101,
       105, 191, 103, 36, 79, 103, 176, 105, 168, 39, 72, 242, 81, 201,
       50, 152, 100, 108, 122, 201, 240, 249, 40, 239, 217, 37, 48, 72,
       187, 82, 32, 58, 163, 34, 58, 29, 217, 147, 239, 215, 21, 253, 59,
       171, 205, 62, 132, 217, 154, 195, 17, 30, 43, 106, 183, 123, 213,
       16, 123, 211, 14, 252, 206, 26, 191, 48, 250, 189, 209, 16, 255,
       151, 61, 221, 59, 174, 253, 46, 132, 205, 59, 223, 17, 222, 43,
       106, 183, 235, 213, 24, 251, 86, 14, 156, 239, 196, 252, 191, 254,
       169, 237, 7, 254, 190, 250, 139, 24, 246, 247, 72, 123, 145, 119,
       123, 26, 115, 71, 251, 51, 249, 150, 87, 58, 128, 113, 135, 50,
       19, 75, 98, 141, 86, 151, 175, 119, 84, 200, 94, 162, 48, 188,
       183, 228, 108, 234, 146, 205, 196, 185, 36, 237, 54, 44, 138, 128,
       103, 188, 113, 236, 40, 149, 113, 201, 255, 79, 101, 255, 95, 125,
       60, 40, 222, 53, 140, 53, 147, 26, 87, 44, 115, 56, 113, 159, 111,
       222, 53, 118, 82, 200, 212, 251, 166, 80, 59, 218, 108, 229, 177,
       64, 222, 93, 113, 119, 148, 220, 124, 40, 205, 25, 19, 17, 147,
       54, 122, 241, 21, 24, 26, 234, 209, 9, 181, 243, 59, 218, 78, 23,
       34, 146, 124, 113, 169, 142, 246, 229, 104, 79, 166, 87, 102, 37,
       239, 206, 228, 205, 6, 205, 194, 250, 234, 147, 15, 166, 43, 223,
       2, 156, 138, 186, 157, 229, 144, 199, 158, 7, 196, 17, 164, 252,
       34, 72, 201, 59, 139, 17, 62, 143, 82, 183, 201, 23, 158, 75, 144,
       76, 189, 138, 98, 171, 187, 112, 253, 253, 80, 87, 235, 29, 184,
       25, 46, 184, 70, 16, 137, 171, 199, 21, 150, 107, 162, 209, 91,
       220, 16, 123, 194, 68, 199, 207, 40, 140, 156, 126, 105, 245, 80,
       207, 151, 31, 164, 25, 174, 251, 35, 153, 201, 186, 227, 0, 46,
       111, 74, 51, 211, 215, 80, 59, 210, 88, 110, 138, 40, 205, 67, 78,
       117, 138, 231, 244, 124, 0, 104, 192, 243, 193, 60, 212, 88, 106,
       2, 106, 75, 171, 20, 63, 52, 188, 2, 8, 91, 158, 240, 168, 85,
       157, 31, 102, 176, 206, 103, 183, 48, 136, 238, 64, 215, 115, 128,
       112, 55, 246, 108, 122, 121, 153, 185, 110, 249, 239, 37, 68, 168,
       243, 162, 33, 19, 141, 34, 188, 159, 151, 188, 103, 156, 12, 200,
       3, 172, 250, 55, 192, 232, 171, 155, 133, 100, 139, 18, 239, 179,
       101, 158, 11, 16, 92, 61, 206, 24, 77, 10, 188, 147, 198, 30, 231,
       180, 136, 202, 1, 191, 175, 35, 64, 244, 255, 189, 229, 108, 137,
       0, 46, 243, 229, 175, 137, 48, 48, 43, 202, 26, 151, 185, 250,
       159, 229, 153, 239, 159, 85, 237, 19, 29, 255, 46, 64, 217, 27,
