%YAML:1.0
---
descriptors: !!opencv-matrix
   rows: 199
   cols: 32
   dt: u
   data: [ 80, 34, 82, 165, 116, 10, 104, 16, 43, 160, 226, 76, 207, 131,
       128, 210, 50, 141, 108, 44, 8, 145, 133, 200, 148, 244, 35, 0, 40,
       130, 74, 8, 56, 195, 76, 173, 94, 11, 194, 233, 70, 48, 248, 235,
       243, 64, 153, 128, 89, 128, 238, 104, 74, 50, 79, 157, 188, 131,
       165, 53, 117, 174, 88, 136, 211, 86, 213, 177, 162, 46, 57, 23,
       61, 123, 18, 245, 157, 38, 194, 95, 167, 23, 255, 149, 181, 220,
       161, 194, 148, 242, 122, 198, 172, 212, 131, 93, 161, 239, 90,
       174, 126, 147, 206, 253, 87, 232, 88, 234, 117, 200, 190, 33, 30,
       105, 22, 239, 229, 163, 14, 191, 122, 8, 173, 188, 125, 186, 248,
       141, 74, 184, 184, 240, 169, 253, 16, 198, 171, 53, 164, 57, 142,
       191, 65, 26, 135, 187, 237, 144, 26, 75, 210, 240, 219, 213, 27,
       127, 146, 65, 15, 58, 218, 164, 106, 252, 215, 244, 121, 19, 179,
       85, 237, 19, 41, 239, 26, 82, 227, 175, 177, 148, 58, 235, 178,
       197, 91, 237, 146, 73, 167, 196, 254, 114, 101, 5, 245, 71, 213,
       110, 227, 154, 121, 173, 111, 8, 211, 97, 28, 54, 25, 198, 66, 60,
       153, 184, 249, 46, 47, 190, 5, 80, 195, 235, 198, 224, 184, 88,
       60, 59, 45, 207, 81, 93, 151, 127, 181, 29, 30, 29, 50, 25, 201,
       49, 255, 17, 62, 111, 123, 148, 219, 211, 80, 115, 208, 12, 204,
       91, 98, 185, 225, 196, 90, 205, 17, 71, 58, 225, 168, 237, 50,
       158, 68, 16, 204, 191, 219, 129, 27, 27, 208, 67, 21, 4, 152, 58,
       8, 2, 86, 251, 27, 123, 174, 199, 119, 246, 187, 84, 75, 237, 223,
       167, 120, 156, 246, 44, 174, 253, 183, 199, 133, 251, 180, 225,
       83, 105, 58, 131, 79, 159, 191, 255, 34, 143, 150, 222, 203, 209,
       188, 239, 159, 31, 248, 179, 108, 238, 36, 223, 205, 251, 163,
       145, 54, 75, 74, 241, 31, 54, 222, 203, 147, 76, 174, 142, 228,
       49, 157, 116, 168, 76, 81, 153, 227, 186, 166, 24, 215, 115, 73,
       27, 129, 84, 108, 56, 57, 69, 219, 0, 203, 219, 101, 124, 192,
       240, 2, 35, 228, 184, 157, 117, 168, 77, 5, 154, 122, 251, 160,
       93, 214, 241, 73, 27, 145, 70, 104, 80, 51, 102, 219, 51, 205,
       146, 117, 124, 200, 121, 198, 50, 205, 36, 223, 103, 160, 46, 106,
       17, 233, 170, 55, 112, 223, 115, 193, 122, 183, 116, 125, 58, 177,
       213, 137, 66, 206, 255, 103, 196, 138, 227, 107, 1, 29, 143, 83,
       239, 180, 131, 79, 245, 20, 136, 219, 198, 247, 225, 176, 64, 94,
       234, 14, 108, 249, 185, 73, 63, 232, 236, 167, 192, 52, 170, 176,
       33, 84, 236, 157, 118, 136, 106, 87, 168, 162, 178, 163, 24, 215,
       115, 73, 27, 129, 84, 108, 34, 120, 101, 139, 32, 217, 163, 101,
       124, 224, 115, 199, 35, 221, 20, 239, 197, 38, 50, 233, 51, 244,
       226, 215, 246, 89, 47, 179, 107, 118, 244, 127, 172, 225, 213,
       181, 202, 86, 107, 235, 132, 47, 224, 113, 112, 222, 237, 150,
       176, 153, 212, 118, 206, 191, 189, 174, 19, 143, 187, 74, 214,
       225, 215, 237, 208, 94, 79, 139, 227, 187, 247, 31, 127, 162, 85,
       173, 10, 35, 219, 115, 90, 181, 211, 199, 199, 95, 77, 242, 98,
       42, 220, 180, 244, 223, 251, 182, 208, 235, 184, 35, 255, 42, 126,
       148, 194, 87, 28, 228, 125, 0, 146, 123, 169, 114, 235, 187, 82,
       62, 65, 90, 247, 157, 206, 184, 64, 126, 59, 19, 145, 147, 152, 4,
       87, 76, 36, 58, 192, 157, 136, 37, 241, 236, 101, 149, 117, 137,
       47, 69, 191, 114, 187, 163, 24, 215, 115, 73, 191, 17, 214, 108,
       58, 105, 100, 219, 10, 237, 187, 117, 60, 194, 240, 194, 40, 9,
       157, 3, 221, 181, 215, 111, 247, 85, 203, 222, 70, 251, 245, 176,
       228, 125, 106, 30, 12, 249, 184, 53, 255, 169, 255, 182, 128, 30,
       252, 240, 189, 120, 120, 157, 240, 41, 77, 84, 150, 163, 250, 164,
       9, 159, 159, 67, 187, 133, 245, 253, 80, 13, 111, 210, 128, 219,
       219, 85, 63, 170, 112, 70, 91, 60, 181, 121, 234, 189, 215, 211,
       89, 71, 125, 189, 10, 91, 93, 46, 32, 221, 154, 151, 178, 155, 34,
       121, 149, 203, 221, 129, 255, 247, 138, 244, 243, 90, 11, 191,
       188, 43, 192, 25, 103, 191, 21, 196, 177, 172, 175, 34, 91, 230,
       187, 239, 129, 24, 203, 162, 225, 211, 247, 218, 155, 146, 68,
       167, 123, 108, 56, 245, 224, 237, 253, 80, 210, 139, 249, 180, 8,
       31, 159, 67, 186, 201, 209, 247, 80, 26, 107, 242, 176, 223, 221,
       17, 127, 211, 141, 78, 210, 154, 89, 107, 238, 23, 212, 95, 116,
       5, 76, 212, 131, 57, 95, 54, 228, 110, 177, 151, 197, 205, 139,
       54, 253, 115, 121, 138, 139, 55, 158, 60, 127, 181, 100, 101, 71,
       36, 91, 207, 184, 84, 226, 179, 202, 211, 104, 221, 175, 123, 196,
       118, 111, 233, 244, 109, 14, 44, 138, 229, 20, 101, 251, 80, 164,
       19, 135, 107, 169, 246, 162, 187, 115, 62, 69, 90, 167, 157, 190,
       180, 96, 119, 47, 23, 157, 147, 152, 37, 95, 108, 47, 170, 196,
       189, 130, 161, 249, 130, 50, 123, 153, 118, 201, 185, 64, 30, 65,
       81, 247, 156, 158, 244, 64, 254, 57, 23, 209, 131, 187, 6, 209,
       20, 20, 42, 234, 149, 8, 53, 243, 173, 143, 197, 63, 236, 31, 110,
       184, 54, 234, 243, 85, 211, 97, 17, 145, 221, 196, 118, 238, 253,
       246, 89, 63, 46, 255, 229, 148, 218, 253, 122, 192, 44, 90, 119,
       71, 114, 202, 235, 112, 53, 196, 119, 162, 89, 87, 173, 52, 62,
       124, 23, 234, 161, 180, 45, 238, 103, 238, 34, 128, 103, 183, 103,
       241, 25, 79, 78, 45, 54, 10, 239, 253, 100, 164, 254, 199, 115,
       107, 179, 81, 126, 236, 76, 239, 236, 177, 13, 28, 240, 233, 167,
       148, 125, 178, 240, 72, 214, 244, 159, 250, 139, 225, 23, 237,
       187, 214, 161, 57, 206, 247, 105, 123, 147, 251, 233, 18, 122, 71,
       186, 243, 249, 211, 79, 127, 144, 113, 167, 178, 34, 255, 48, 223,
       125, 213, 245, 247, 159, 77, 124, 102, 168, 223, 182, 36, 204, 58,
       151, 72, 202, 186, 98, 253, 103, 220, 150, 171, 26, 156, 116, 255,
       222, 239, 150, 178, 153, 221, 86, 234, 191, 191, 170, 9, 174, 251,
       64, 211, 233, 215, 239, 210, 110, 75, 202, 247, 187, 215, 79, 127,
       202, 85, 47, 14, 26, 156, 251, 236, 178, 226, 59, 247, 181, 5,
       206, 34, 120, 247, 160, 100, 127, 251, 155, 160, 58, 155, 48, 255,
       249, 166, 158, 194, 183, 82, 164, 123, 90, 60, 150, 184, 11, 253,
       16, 71, 191, 31, 172, 57, 174, 254, 99, 158, 163, 187, 237, 17,
       30, 79, 146, 241, 155, 247, 90, 123, 146, 68, 47, 79, 1, 157, 59,
       223, 53, 247, 107, 247, 213, 73, 222, 70, 240, 246, 182, 228, 252,
       106, 30, 140, 221, 185, 48, 255, 171, 127, 178, 194, 26, 202, 248,
       253, 51, 143, 102, 138, 182, 179, 142, 238, 69, 76, 250, 231, 98,
       232, 182, 196, 94, 234, 150, 111, 223, 187, 13, 191, 184, 60, 167,
       194, 95, 223, 248, 221, 25, 32, 247, 65, 83, 90, 49, 65, 101, 197,
       103, 16, 90, 23, 143, 188, 50, 188, 194, 60, 16, 246, 37, 76, 87,
       111, 80, 7, 227, 132, 103, 228, 175, 86, 229, 155, 236, 55, 206,
       216, 22, 250, 145, 214, 89, 76, 253, 239, 127, 201, 23, 255, 237,
       86, 111, 248, 12, 10, 239, 164, 191, 255, 48, 245, 1, 207, 125,
       79, 180, 14, 239, 189, 124, 42, 122, 68, 211, 51, 149, 113, 94,
       70, 38, 110, 241, 176, 93, 111, 36, 190, 102, 4, 88, 250, 195,
       169, 97, 35, 66, 165, 88, 10, 96, 24, 33, 160, 227, 204, 3, 131,
       128, 208, 112, 140, 110, 236, 9, 146, 213, 76, 150, 232, 161, 8,
       40, 130, 98, 16, 56, 35, 90, 65, 82, 27, 106, 80, 101, 36, 255,
       72, 11, 3, 141, 16, 122, 140, 70, 234, 24, 178, 5, 76, 118, 237,
       32, 4, 99, 131, 106, 128, 56, 226, 76, 165, 30, 75, 225, 104, 6,
       236, 182, 171, 83, 8, 210, 128, 56, 148, 206, 96, 72, 179, 77,
       157, 212, 129, 33, 181, 125, 170, 88, 89, 252, 106, 237, 101, 172,
       14, 79, 186, 113, 254, 182, 28, 147, 45, 81, 59, 141, 196, 109,
       110, 232, 102, 249, 34, 211, 235, 101, 28, 96, 241, 70, 112, 35,
       170, 184, 16, 205, 173, 208, 71, 239, 61, 184, 29, 174, 152, 70,
       26, 141, 171, 106, 21, 150, 111, 242, 209, 223, 28, 20, 123, 192,
