%YAML:1.0
---
descriptors: !!opencv-matrix
   rows: 162
   cols: 32
   dt: u
   data: [ 52, 195, 69, 141, 94, 11, 64, 233, 70, 112, 80, 239, 243, 96,
       185, 193, 88, 192, 38, 104, 75, 50, 79, 157, 188, 130, 229, 60,
       125, 186, 84, 144, 72, 49, 83, 225, 98, 46, 120, 17, 45, 41, 255,
       104, 159, 19, 128, 92, 166, 157, 127, 24, 0, 144, 193, 192, 214,
       249, 48, 128, 42, 130, 2, 41, 34, 143, 246, 222, 203, 242, 188,
       239, 159, 31, 248, 179, 104, 254, 36, 223, 201, 243, 163, 129, 52,
       218, 74, 241, 63, 118, 222, 195, 211, 84, 172, 142, 51, 159, 98,
       136, 244, 147, 151, 255, 197, 77, 248, 231, 98, 232, 182, 196,
       222, 106, 134, 117, 221, 171, 12, 191, 56, 52, 36, 194, 95, 223,
       240, 221, 202, 205, 179, 254, 155, 192, 63, 231, 190, 7, 202, 145,
       188, 231, 32, 80, 103, 115, 251, 198, 112, 137, 210, 111, 237, 39,
       142, 8, 50, 112, 165, 250, 184, 120, 189, 57, 45, 223, 81, 85,
       199, 253, 181, 61, 30, 29, 98, 27, 201, 49, 223, 17, 46, 111, 115,
       16, 219, 211, 112, 119, 242, 12, 198, 219, 9, 157, 51, 253, 181,
       199, 103, 247, 84, 202, 90, 70, 187, 245, 176, 228, 125, 106, 22,
       44, 217, 184, 48, 191, 161, 238, 166, 0, 26, 218, 240, 249, 35,
       184, 184, 88, 205, 189, 144, 199, 255, 115, 164, 28, 174, 154, 70,
       188, 137, 11, 234, 17, 23, 107, 210, 241, 159, 216, 20, 123, 218,
       80, 203, 142, 82, 9, 159, 252, 171, 224, 29, 103, 191, 150, 236,
       161, 172, 183, 37, 91, 230, 251, 253, 128, 48, 75, 162, 249, 147,
       247, 90, 155, 144, 112, 39, 123, 245, 199, 109, 108, 40, 122, 79,
       184, 97, 124, 191, 236, 83, 101, 153, 115, 92, 196, 108, 238, 233,
       227, 237, 45, 242, 235, 97, 212, 97, 179, 102, 97, 221, 22, 239,
       197, 38, 50, 233, 49, 244, 226, 215, 246, 89, 47, 179, 107, 118,
       244, 127, 174, 161, 213, 181, 202, 86, 107, 235, 132, 47, 224,
       113, 112, 2, 186, 251, 153, 118, 235, 185, 66, 62, 65, 82, 247,
       189, 222, 164, 72, 118, 57, 23, 21, 147, 184, 4, 215, 92, 36, 58,
       192, 149, 136, 37, 241, 228, 228, 149, 117, 136, 110, 69, 159,
       115, 179, 163, 88, 215, 115, 72, 219, 17, 212, 108, 58, 41, 96,
       219, 0, 173, 178, 69, 28, 224, 240, 194, 32, 156, 207, 19, 235,
       52, 131, 75, 244, 22, 8, 218, 226, 247, 195, 176, 64, 94, 104, 14,
       218, 107, 188, 72, 63, 232, 164, 167, 192, 60, 139, 48, 169, 74,
       239, 102, 93, 125, 212, 252, 55, 159, 5, 92, 179, 40, 207, 182,
       230, 238, 127, 251, 133, 214, 73, 166, 247, 39, 124, 158, 139, 23,
       148, 254, 223, 101, 113, 249, 103, 44, 15, 207, 56, 64, 168, 187,
       72, 211, 125, 221, 34, 30, 244, 125, 106, 201, 178, 249, 8, 103,
       140, 37, 52, 109, 251, 82, 33, 157, 79, 93, 109, 176, 10, 79, 186,
       116, 234, 254, 228, 211, 3, 129, 112, 127, 212, 76, 248, 233, 180,
       101, 30, 230, 239, 37, 20, 114, 241, 96, 32, 136, 143, 126, 90,
       226, 221, 189, 119, 189, 71, 118, 145, 61, 143, 182, 17, 39, 51,
       211, 140, 242, 189, 54, 247, 119, 107, 122, 193, 103, 132, 167,
       251, 26, 217, 115, 89, 181, 223, 79, 230, 95, 77, 118, 98, 42,
       220, 181, 228, 253, 250, 150, 220, 203, 184, 39, 255, 35, 254,
       148, 130, 119, 156, 228, 125, 81, 2, 214, 164, 52, 10, 104, 25,
       111, 160, 195, 76, 223, 163, 208, 210, 50, 133, 108, 172, 9, 209,
       133, 204, 148, 182, 99, 0, 44, 160, 8, 0, 222, 237, 148, 243, 157,
       220, 114, 172, 191, 181, 171, 25, 238, 251, 74, 214, 161, 215,
       235, 210, 110, 105, 219, 243, 255, 215, 87, 115, 194, 23, 143, 14,
       26, 156, 179, 252, 147, 230, 63, 247, 182, 79, 202, 18, 124, 247,
       32, 96, 253, 251, 19, 128, 59, 157, 48, 255, 249, 231, 158, 194,
       163, 64, 165, 235, 3, 142, 107, 137, 242, 162, 187, 66, 62, 69,
       90, 167, 117, 238, 182, 64, 255, 43, 19, 157, 150, 152, 37, 95,
       108, 46, 186, 192, 157, 130, 33, 216, 90, 90, 98, 142, 5, 214,
       219, 96, 137, 68, 215, 135, 105, 206, 55, 196, 252, 225, 157, 231,
       140, 135, 52, 236, 51, 121, 138, 139, 55, 183, 60, 86, 253, 100,
       233, 71, 132, 62, 79, 152, 113, 226, 167, 28, 211, 33, 221, 127,
       17, 196, 124, 110, 233, 244, 253, 10, 227, 255, 197, 20, 238, 243,
       82, 112, 35, 219, 119, 91, 244, 153, 236, 167, 95, 89, 122, 230,
       40, 220, 180, 228, 207, 187, 182, 17, 215, 184, 103, 247, 46, 62,
       150, 194, 85, 24, 244, 125, 18, 156, 255, 252, 178, 226, 55, 247,
       181, 5, 206, 34, 120, 247, 160, 68, 127, 251, 155, 160, 58, 155,
       48, 255, 249, 231, 158, 66, 183, 82, 164, 123, 218, 248, 182, 184,
       11, 253, 16, 199, 187, 31, 164, 25, 174, 159, 98, 219, 161, 179,
       237, 17, 46, 79, 146, 243, 211, 211, 90, 59, 146, 4, 175, 75, 210,
       138, 191, 190, 59, 192, 25, 103, 191, 21, 198, 177, 172, 231, 38,
       91, 238, 51, 239, 144, 18, 207, 162, 233, 219, 243, 218, 155, 144,
       4, 167, 123, 2, 223, 98, 92, 121, 148, 188, 230, 189, 76, 220,
       167, 168, 174, 183, 228, 238, 123, 219, 197, 230, 11, 54, 255, 55,
       124, 158, 139, 23, 20, 189, 223, 206, 255, 150, 176, 185, 216, 20,
       134, 191, 191, 170, 49, 142, 186, 64, 218, 201, 247, 233, 81, 126,
       75, 211, 226, 191, 247, 95, 95, 138, 84, 173, 14, 81, 35, 82, 229,
       100, 10, 104, 17, 45, 160, 235, 204, 31, 3, 128, 80, 114, 164,
       108, 204, 9, 147, 133, 192, 150, 252, 34, 0, 44, 131, 106, 0, 120,
       99, 90, 65, 112, 27, 106, 81, 105, 32, 255, 72, 11, 11, 148, 52,
       58, 140, 70, 232, 216, 178, 229, 72, 118, 249, 32, 32, 99, 130,
       202, 128, 227, 170, 184, 16, 137, 189, 80, 87, 235, 191, 176, 29,
       174, 186, 70, 26, 141, 171, 110, 21, 158, 111, 242, 80, 155, 152,
       84, 123, 192, 64, 195, 79, 245, 75, 109, 101, 168, 78, 79, 186,
       112, 254, 178, 28, 211, 45, 145, 123, 140, 196, 108, 110, 232,
       103, 241, 44, 211, 235, 101, 148, 96, 241, 70, 112, 32, 221, 122,
       109, 244, 79, 119, 125, 45, 200, 126, 12, 119, 29, 18, 16, 26,
       248, 87, 106, 89, 184, 49, 45, 103, 253, 36, 0, 105, 186, 198,
       186, 26, 32, 70, 164, 66, 2, 168, 80, 36, 160, 243, 194, 25, 11,
       145, 170, 110, 133, 127, 173, 1, 147, 149, 200, 16, 233, 234, 132,
       39, 162, 43, 160, 120, 137, 188, 252, 139, 209, 21, 231, 143, 21,
       164, 8, 190, 183, 96, 58, 202, 243, 251, 208, 26, 75, 98, 241,
       219, 247, 94, 123, 208, 16, 175, 42, 248, 121, 185, 226, 169, 205,
       85, 21, 171, 232, 180, 12, 191, 159, 67, 18, 132, 181, 221, 80,
       75, 47, 240, 130, 243, 217, 5, 59, 98, 18, 70, 123, 149, 78, 95,
       254, 52, 135, 75, 248, 148, 8, 219, 230, 115, 67, 161, 225, 126,
       224, 14, 238, 233, 133, 13, 63, 240, 239, 163, 144, 60, 187, 112,
       33, 101, 165, 179, 67, 245, 127, 227, 138, 107, 233, 235, 8, 210,
       125, 28, 190, 217, 214, 106, 56, 27, 184, 249, 36, 45, 190, 5, 68,
       193, 107, 198, 176, 0, 143, 125, 79, 180, 47, 239, 183, 124, 40,
       122, 96, 243, 35, 156, 112, 90, 70, 38, 108, 241, 184, 73, 63, 44,
       190, 38, 64, 192, 250, 193, 40, 89, 176, 187, 252, 44, 68, 249,
       27, 170, 158, 223, 33, 191, 191, 82, 122, 231, 93, 125, 133, 202,
       75, 162, 192, 219, 249, 127, 173, 4, 98, 39, 123, 77, 125, 179,
       86, 225, 110, 183, 240, 120, 234, 46, 108, 222, 117, 195, 62, 149,
       126, 84, 126, 241, 242, 184, 42, 249, 159, 101, 38, 202, 119, 7,
       115, 33, 239, 197, 31, 252, 137, 226, 190, 94, 249, 56, 236, 176,
       96, 212, 176, 9, 106, 98, 92, 183, 120, 207, 55, 44, 28, 53, 248,
       220, 154, 218, 136, 25, 79, 78, 45, 22, 2, 239, 125, 100, 228,
       254, 199, 115, 107, 179, 65, 126, 228, 30, 239, 236, 185, 5, 13,
       242, 233, 167, 144, 109, 178, 240, 72, 60, 99, 82, 96, 82, 11,
       106, 80, 97, 40, 251, 78, 11, 11, 156, 16, 122, 140, 68, 238, 200,
       179, 5, 76, 178, 237, 34, 4, 99, 130, 98, 128, 120, 98, 76, 165,
       94, 91, 225, 120, 6, 236, 182, 238, 67, 12, 146, 132, 60, 132,
       238, 97, 73, 51, 101, 156, 214, 193, 161, 181, 127, 142, 92, 89,
