%YAML:1.0
---
descriptors: !!opencv-matrix
   rows: 231
   cols: 32
   dt: u
   data: [ 239, 34, 164, 20, 173, 61, 208, 138, 219, 191, 182, 93, 138,
       232, 95, 158, 137, 198, 237, 29, 190, 103, 239, 226, 14, 90, 85,
       127, 194, 253, 218, 69, 223, 113, 46, 230, 46, 87, 27, 216, 132,
       204, 159, 175, 219, 221, 155, 34, 252, 213, 253, 239, 207, 131,
       125, 141, 243, 233, 171, 147, 47, 159, 61, 115, 111, 213, 104, 75,
       254, 95, 223, 152, 78, 236, 61, 174, 89, 93, 223, 112, 87, 220,
       247, 127, 195, 16, 253, 158, 111, 109, 45, 252, 95, 191, 86, 241,
       13, 71, 85, 71, 244, 42, 110, 184, 124, 170, 123, 68, 211, 99,
       153, 180, 19, 76, 70, 110, 225, 176, 77, 110, 36, 190, 37, 4, 74,
       243, 203, 161, 57, 205, 98, 43, 242, 147, 206, 239, 84, 96, 234,
       130, 115, 44, 182, 224, 94, 238, 18, 239, 253, 187, 5, 63, 56, 45,
       6, 80, 127, 222, 232, 140, 74, 255, 2, 158, 89, 149, 188, 239,
       190, 29, 204, 133, 172, 230, 98, 196, 237, 59, 203, 133, 102, 75,
       178, 255, 253, 23, 158, 171, 18, 20, 175, 254, 160, 53, 157, 252,
       248, 205, 85, 95, 31, 138, 96, 72, 190, 247, 33, 57, 212, 187, 87,
       40, 107, 110, 82, 95, 229, 155, 55, 56, 208, 80, 135, 187, 168,
       80, 252, 59, 79, 233, 81, 23, 151, 119, 183, 61, 63, 157, 106, 88,
       203, 185, 255, 17, 10, 60, 114, 179, 95, 207, 48, 115, 247, 157,
       196, 123, 213, 133, 111, 79, 148, 22, 239, 184, 116, 64, 199, 150,
       209, 103, 158, 97, 126, 196, 61, 239, 249, 178, 125, 79, 228, 43,
       235, 132, 45, 163, 240, 112, 99, 166, 32, 26, 253, 189, 200, 207,
       31, 63, 189, 221, 170, 232, 94, 156, 221, 139, 223, 29, 158, 43,
       206, 215, 26, 92, 153, 255, 211, 76, 218, 68, 180, 79, 239, 95,
       156, 219, 70, 231, 119, 70, 226, 133, 35, 160, 183, 113, 208, 238,
       42, 78, 110, 249, 125, 63, 226, 170, 4, 17, 112, 249, 100, 76, 44,
       113, 126, 115, 233, 121, 125, 208, 160, 92, 173, 173, 153, 223,
       203, 59, 142, 155, 197, 194, 14, 67, 250, 1, 199, 193, 224, 253,
       162, 215, 142, 211, 230, 162, 236, 155, 205, 121, 152, 142, 155,
       183, 149, 187, 192, 236, 95, 14, 201, 215, 251, 145, 62, 79, 239,
       242, 30, 22, 223, 255, 149, 125, 158, 214, 66, 129, 150, 154, 141,
       228, 148, 135, 143, 23, 139, 17, 236, 250, 108, 206, 193, 51, 235,
       17, 22, 9, 219, 241, 153, 54, 222, 91, 144, 76, 189, 6, 18, 113,
       18, 168, 123, 133, 30, 73, 171, 4, 233, 41, 142, 222, 37, 148,
       182, 57, 207, 99, 70, 3, 146, 221, 177, 212, 11, 59, 80, 54, 47,
       7, 101, 49, 81, 71, 197, 63, 98, 24, 105, 232, 99, 76, 82, 120,
       157, 189, 152, 76, 64, 110, 157, 176, 253, 44, 7, 30, 1, 52, 75,
       251, 90, 36, 74, 184, 145, 112, 233, 253, 20, 198, 251, 251, 164,
       24, 158, 183, 64, 191, 129, 115, 248, 16, 27, 75, 242, 240, 155,
       210, 87, 127, 194, 85, 143, 182, 61, 205, 107, 110, 86, 199, 207,
       248, 84, 64, 125, 134, 115, 77, 177, 113, 126, 232, 22, 238, 233,
       182, 60, 191, 115, 233, 160, 8, 127, 187, 112, 248, 131, 193, 10,
       186, 213, 196, 108, 101, 181, 65, 195, 19, 80, 219, 58, 64, 216,
       138, 19, 173, 95, 147, 16, 215, 177, 253, 138, 76, 25, 2, 248,
       146, 45, 71, 64, 5, 244, 59, 102, 187, 125, 226, 126, 196, 195,
       96, 159, 180, 27, 68, 70, 108, 245, 176, 117, 14, 46, 190, 37, 4,
       79, 248, 202, 132, 138, 141, 170, 88, 233, 245, 253, 247, 223, 95,
       220, 19, 24, 191, 62, 96, 233, 27, 187, 140, 178, 11, 34, 247, 91,
       127, 218, 239, 151, 196, 165, 227, 123, 249, 146, 80, 201, 253,
       84, 199, 235, 243, 172, 24, 174, 186, 70, 190, 137, 187, 240, 16,
       31, 107, 210, 240, 155, 216, 84, 123, 202, 84, 139, 158, 57, 77,
       107, 108, 87, 231, 207, 114, 85, 132, 252, 2, 19, 221, 55, 48,
       120, 168, 22, 234, 232, 179, 52, 142, 115, 237, 128, 1, 119, 187,
       118, 226, 112, 166, 189, 97, 26, 75, 112, 101, 235, 179, 171, 89,
       198, 249, 76, 18, 163, 149, 108, 48, 16, 53, 137, 18, 153, 148, 5,
       119, 192, 34, 199, 35, 246, 106, 236, 20, 173, 121, 80, 142, 235,
       255, 180, 153, 131, 172, 87, 31, 137, 206, 237, 21, 14, 111, 230,
       128, 155, 81, 85, 191, 198, 252, 94, 70, 253, 117, 121, 230, 108,
       70, 95, 152, 0, 236, 151, 47, 83, 95, 155, 113, 222, 213, 125,
       227, 233, 7, 249, 12, 243, 233, 169, 188, 37, 187, 52, 115, 173,
       81, 233, 65, 244, 79, 239, 61, 112, 237, 127, 62, 209, 61, 150,
       32, 62, 188, 23, 249, 185, 176, 117, 78, 109, 173, 167, 196, 231,
       178, 214, 240, 32, 185, 153, 168, 221, 173, 176, 199, 78, 57, 184,
       73, 150, 185, 64, 16, 141, 155, 67, 17, 18, 42, 210, 83, 221, 149,
       18, 126, 208, 74, 131, 171, 130, 239, 6, 159, 120, 133, 188, 239,
       190, 25, 72, 229, 164, 226, 32, 65, 237, 59, 107, 132, 98, 9, 2,
       255, 52, 54, 158, 170, 24, 16, 33, 143, 16, 149, 127, 238, 22,
       198, 111, 121, 244, 0, 223, 2, 115, 247, 168, 96, 122, 182, 62,
       234, 121, 153, 57, 31, 241, 175, 162, 64, 60, 162, 244, 48, 252,
       242, 152, 234, 25, 149, 82, 216, 135, 45, 181, 25, 106, 219, 104,
       18, 220, 209, 237, 208, 122, 47, 218, 51, 251, 209, 165, 127, 83,
       10, 238, 3, 42, 191, 2, 26, 221, 245, 146, 231, 159, 93, 252, 29,
       168, 233, 62, 132, 137, 43, 195, 21, 86, 43, 90, 183, 43, 85, 156,
       123, 91, 12, 222, 222, 162, 232, 118, 218, 73, 165, 120, 206, 175,
       22, 236, 1, 40, 195, 101, 84, 233, 154, 107, 152, 66, 15, 210,
       243, 87, 56, 144, 107, 50, 144, 102, 142, 16, 109, 99, 197, 87,
       202, 102, 244, 117, 224, 122, 199, 99, 207, 53, 116, 120, 236, 6,
       234, 201, 176, 60, 204, 119, 236, 135, 5, 111, 186, 118, 254, 1,
       207, 31, 223, 52, 155, 110, 231, 253, 12, 248, 2, 162, 226, 166,
       97, 200, 106, 14, 76, 126, 184, 102, 125, 166, 190, 118, 8, 16,
       138, 224, 140, 58, 141, 67, 136, 215, 183, 174, 231, 20, 5, 202,
       131, 97, 236, 52, 196, 123, 106, 131, 61, 16, 187, 21, 255, 59,
       110, 142, 65, 183, 206, 240, 204, 34, 152, 2, 156, 125, 132, 184,
       103, 158, 73, 208, 183, 172, 156, 54, 68, 238, 171, 151, 133, 166,
       47, 66, 223, 20, 54, 154, 155, 29, 12, 57, 219, 96, 77, 111, 61,
       176, 203, 102, 167, 124, 194, 234, 129, 243, 104, 181, 80, 226,
       230, 106, 78, 77, 184, 69, 47, 100, 46, 37, 16, 80, 122, 196, 72,
       35, 171, 168, 80, 237, 189, 88, 223, 203, 61, 188, 13, 10, 168,
       118, 156, 205, 138, 247, 28, 158, 58, 242, 240, 31, 221, 21, 127,
       211, 204, 218, 207, 51, 77, 98, 142, 116, 179, 110, 246, 93, 192,
       218, 79, 121, 232, 183, 100, 122, 234, 23, 207, 205, 154, 12, 254,
       54, 62, 173, 128, 61, 255, 120, 221, 1, 157, 26, 223, 48, 141, 38,
       247, 191, 9, 76, 64, 182, 243, 160, 101, 253, 58, 22, 8, 118, 152,
       26, 253, 167, 150, 26, 42, 26, 136, 169, 141, 28, 149, 127, 234,
       22, 227, 91, 121, 148, 4, 221, 163, 119, 255, 40, 64, 122, 187,
       159, 226, 56, 163, 9, 159, 249, 231, 163, 69, 55, 139, 36, 114,
       16, 189, 57, 186, 219, 225, 178, 239, 22, 81, 72, 50, 188, 247,
       40, 196, 255, 27, 147, 129, 51, 26, 26, 247, 189, 199, 31, 107,
       16, 10, 167, 186, 92, 60, 251, 176, 178, 234, 50, 194, 250, 162,
       122, 49, 159, 191, 97, 122, 167, 125, 237, 83, 20, 253, 136, 98,
       217, 231, 39, 7, 224, 113, 47, 3, 33, 223, 113, 95, 221, 213, 206,
       254, 85, 66, 252, 66, 243, 120, 149, 164, 93, 250, 22, 203, 203,
       190, 127, 255, 39, 255, 150, 8, 87, 219, 250, 172, 253, 80, 189,
       228, 12, 78, 85, 24, 96, 234, 166, 8, 87, 113, 73, 123, 112, 212,
       124, 106, 73, 103, 243, 8, 209, 235, 97, 20, 32, 185, 116, 34, 42,
       177, 241, 154, 223, 193, 153, 207, 30, 69, 248, 171, 56, 220, 44,
       16, 251, 155, 147, 145, 18, 43, 122, 245, 125, 4, 155, 251, 213,
       10, 183, 218, 252, 238, 24, 120, 57, 133, 82, 248, 19, 60, 181,
       125, 143, 203, 74, 17, 221, 217, 205, 114, 106, 103, 202, 55, 251,
       209, 37, 125, 82, 137, 78, 3, 252, 117, 121, 230, 236, 70, 95,
