%YAML:1.0
---
descriptors: !!opencv-matrix
   rows: 228
   cols: 32
   dt: u
   data: [ 208, 12, 253, 245, 132, 238, 253, 7, 124, 247, 98, 19, 157,
       63, 19, 75, 99, 111, 63, 128, 52, 220, 5, 226, 199, 239, 254, 1,
       177, 241, 197, 74, 3, 28, 3, 171, 118, 247, 171, 82, 30, 73, 91,
       198, 188, 222, 176, 228, 254, 43, 22, 157, 151, 152, 60, 255, 36,
       62, 186, 192, 156, 143, 49, 253, 127, 120, 243, 228, 103, 94, 125,
       80, 105, 234, 246, 175, 31, 31, 215, 191, 46, 245, 245, 207, 205,
       246, 181, 200, 87, 251, 254, 130, 111, 245, 102, 125, 173, 188,
       240, 114, 245, 125, 87, 177, 249, 110, 61, 56, 219, 125, 143, 55,
       159, 82, 212, 42, 188, 36, 120, 174, 111, 223, 37, 247, 194, 239,
       206, 247, 42, 224, 80, 136, 109, 221, 248, 72, 143, 53, 177, 11,
       140, 158, 94, 140, 202, 153, 219, 17, 6, 46, 90, 209, 31, 16, 155,
       255, 23, 12, 95, 198, 206, 179, 179, 150, 251, 240, 184, 67, 170,
       189, 21, 187, 172, 254, 70, 143, 175, 63, 243, 145, 54, 90, 170,
       193, 29, 16, 223, 239, 134, 4, 175, 199, 73, 154, 59, 236, 112,
       156, 121, 18, 107, 73, 123, 100, 191, 155, 144, 240, 198, 173, 60,
       28, 151, 152, 161, 213, 206, 253, 50, 200, 10, 128, 33, 57, 9,
       145, 58, 123, 115, 140, 57, 85, 45, 73, 119, 116, 188, 151, 170,
       53, 166, 59, 87, 12, 147, 184, 48, 69, 71, 249, 50, 194, 74, 130,
       163, 251, 194, 137, 215, 191, 206, 138, 236, 239, 191, 51, 243,
       82, 236, 234, 60, 67, 123, 239, 47, 131, 114, 125, 139, 247, 188,
       178, 223, 244, 29, 104, 129, 0, 230, 33, 118, 247, 173, 47, 252,
       41, 253, 187, 179, 26, 235, 107, 93, 47, 171, 199, 127, 58, 168,
       225, 91, 204, 143, 218, 213, 179, 231, 201, 192, 6, 177, 69, 217,
       101, 148, 46, 230, 23, 116, 195, 107, 82, 147, 17, 16, 96, 121,
       206, 42, 28, 169, 180, 113, 10, 229, 237, 146, 4, 105, 217, 240,
       32, 5, 79, 85, 71, 164, 10, 103, 188, 101, 224, 106, 68, 211, 33,
       145, 245, 80, 108, 108, 110, 201, 176, 93, 44, 228, 184, 101, 4,
       74, 242, 82, 40, 158, 173, 246, 109, 189, 62, 254, 218, 239, 185,
       190, 16, 207, 127, 156, 55, 174, 85, 93, 106, 186, 225, 169, 237,
       243, 251, 199, 151, 199, 229, 195, 135, 144, 70, 79, 165, 210, 98,
       111, 71, 49, 34, 251, 179, 25, 7, 32, 19, 111, 223, 7, 162, 56,
       150, 1, 206, 244, 197, 170, 129, 37, 249, 164, 160, 188, 6, 104,
       253, 92, 99, 89, 122, 21, 174, 253, 155, 83, 13, 51, 73, 89, 236,
       7, 46, 108, 230, 65, 142, 83, 235, 240, 157, 119, 233, 116, 194,
       14, 180, 184, 217, 253, 255, 185, 203, 31, 123, 93, 18, 156, 255,
       106, 104, 223, 27, 191, 16, 51, 252, 123, 215, 207, 223, 155, 103,
       158, 76, 149, 243, 12, 141, 186, 191, 213, 231, 183, 230, 158, 71,
       94, 19, 236, 254, 38, 64, 249, 123, 163, 128, 50, 250, 58, 255,
       109, 55, 158, 75, 144, 121, 165, 194, 29, 141, 71, 231, 148, 174,
       111, 241, 117, 224, 251, 70, 123, 99, 185, 116, 115, 230, 62, 238,
       201, 144, 61, 239, 252, 238, 167, 128, 47, 243, 96, 32, 125, 151,
       126, 237, 62, 155, 91, 248, 69, 236, 254, 239, 123, 108, 191, 112,
       126, 245, 222, 101, 141, 177, 109, 157, 250, 239, 37, 148, 125,
       171, 120, 89, 176, 6, 10, 168, 74, 99, 73, 123, 36, 4, 200, 187,
       7, 7, 40, 80, 120, 157, 135, 160, 8, 151, 65, 14, 209, 129, 170,
       141, 48, 162, 38, 162, 62, 89, 99, 142, 87, 210, 158, 96, 133,
       196, 223, 167, 105, 222, 167, 196, 126, 249, 151, 227, 76, 131,
       44, 238, 50, 101, 170, 139, 55, 63, 52, 214, 236, 32, 153, 97,
       185, 108, 67, 152, 35, 183, 37, 24, 215, 119, 73, 31, 153, 92, 73,
       122, 58, 68, 217, 0, 205, 217, 5, 60, 194, 227, 70, 34, 10, 206,
       43, 187, 119, 209, 191, 231, 31, 69, 92, 163, 172, 237, 50, 64,
       251, 123, 147, 197, 98, 190, 42, 255, 239, 87, 159, 171, 23, 30,
       189, 250, 222, 94, 190, 156, 43, 118, 156, 96, 157, 158, 199, 179,
       76, 254, 39, 111, 230, 117, 249, 163, 228, 199, 2, 200, 147, 115,
       218, 147, 19, 117, 45, 87, 3, 143, 99, 159, 116, 150, 107, 55,
       116, 73, 90, 226, 241, 254, 176, 228, 118, 238, 22, 141, 165, 152,
       37, 255, 44, 46, 170, 192, 60, 134, 112, 253, 174, 48, 250, 81,
       109, 125, 185, 64, 251, 255, 117, 25, 140, 156, 87, 59, 175, 25,
       247, 17, 150, 118, 242, 192, 95, 89, 83, 239, 199, 13, 79, 215,
       250, 88, 247, 244, 103, 94, 125, 52, 169, 206, 246, 163, 127, 31,
       151, 255, 238, 245, 253, 239, 233, 247, 245, 200, 215, 251, 254,
       147, 39, 180, 103, 127, 127, 127, 98, 4, 99, 18, 222, 112, 97,
       236, 254, 239, 73, 108, 151, 181, 126, 237, 151, 238, 205, 147,
       164, 204, 50, 89, 229, 135, 111, 182, 122, 213, 39, 181, 209, 131,
       222, 107, 162, 203, 31, 241, 41, 223, 212, 112, 76, 12, 59, 139,
       82, 49, 19, 112, 93, 82, 28, 22, 15, 118, 221, 75, 147, 148, 13,
       239, 66, 219, 246, 155, 234, 245, 127, 129, 125, 230, 105, 202,
       182, 228, 122, 232, 6, 220, 215, 184, 109, 255, 62, 237, 39, 192,
       127, 174, 235, 133, 52, 73, 98, 77, 213, 15, 230, 229, 117, 160,
       234, 10, 67, 185, 53, 144, 120, 206, 2, 234, 88, 178, 25, 238, 55,
       140, 133, 5, 99, 122, 250, 138, 5, 111, 163, 142, 212, 163, 167,
       240, 246, 132, 90, 199, 225, 233, 179, 64, 120, 106, 3, 207, 192,
       186, 142, 254, 52, 36, 175, 8, 213, 255, 51, 232, 188, 92, 135,
       174, 109, 79, 215, 252, 149, 170, 177, 77, 102, 253, 41, 135, 216,
       224, 207, 99, 104, 103, 90, 169, 241, 210, 69, 58, 90, 127, 112,
       27, 127, 178, 126, 236, 125, 93, 91, 120, 135, 236, 244, 173, 107,
       253, 247, 54, 222, 185, 255, 36, 205, 35, 242, 159, 219, 221, 161,
       191, 127, 174, 126, 255, 237, 181, 181, 71, 29, 14, 103, 57, 97,
       232, 45, 76, 210, 81, 88, 182, 144, 68, 80, 110, 209, 52, 249, 10,
       39, 248, 5, 4, 74, 163, 210, 160, 26, 221, 106, 222, 87, 214, 191,
       244, 53, 78, 222, 39, 104, 255, 55, 229, 252, 251, 183, 231, 237,
       155, 58, 255, 51, 127, 138, 139, 55, 126, 45, 223, 218, 188, 183,
       183, 169, 252, 52, 55, 187, 255, 10, 21, 174, 182, 64, 239, 167,
       119, 253, 17, 61, 92, 179, 194, 137, 242, 94, 195, 130, 68, 165,
       127, 242, 253, 118, 207, 125, 223, 246, 228, 121, 100, 240, 11,
       106, 92, 23, 149, 252, 253, 223, 227, 236, 163, 89, 255, 55, 120,
       5, 59, 71, 63, 126, 222, 137, 144, 59, 123, 33, 141, 123, 112,
       237, 89, 119, 84, 254, 215, 174, 53, 182, 59, 87, 78, 211, 176,
       56, 101, 71, 249, 50, 194, 74, 131, 235, 243, 176, 70, 90, 232,
       202, 98, 79, 95, 52, 14, 249, 240, 3, 35, 169, 89, 93, 158, 135,
       162, 56, 151, 65, 14, 240, 166, 186, 129, 49, 209, 166, 161, 133,
       70, 126, 87, 100, 11, 229, 48, 109, 158, 119, 48, 211, 1, 191, 63,
       107, 196, 6, 106, 224, 244, 109, 76, 68, 170, 115, 4, 103, 185,
       64, 161, 47, 106, 234, 196, 100, 19, 255, 208, 86, 204, 124, 167,
       25, 205, 247, 40, 126, 232, 151, 255, 196, 178, 164, 200, 86, 13,
       167, 169, 247, 191, 126, 243, 148, 206, 89, 243, 194, 98, 111,
       230, 53, 3, 242, 242, 81, 39, 137, 73, 107, 215, 6, 234, 120, 254,
       9, 226, 245, 166, 246, 197, 165, 217, 164, 168, 107, 80, 242, 228,
       103, 84, 252, 84, 97, 202, 118, 174, 107, 157, 215, 190, 126, 252,
       183, 206, 205, 178, 180, 200, 87, 249, 228, 139, 111, 190, 122,
       221, 122, 80, 243, 254, 103, 88, 125, 113, 41, 202, 247, 170, 111,
       159, 181, 255, 126, 245, 183, 203, 201, 246, 166, 200, 215, 249,
       202, 139, 39, 190, 102, 127, 100, 98, 185, 69, 104, 126, 71, 152,
       99, 186, 165, 88, 83, 119, 205, 62, 145, 212, 108, 122, 9, 102,
       233, 0, 15, 248, 101, 60, 192, 243, 70, 32, 34, 228, 251, 255,
       108, 161, 252, 206, 191, 27, 240, 112, 188, 251, 92, 88, 239, 219,
       127, 129, 226, 126, 203, 243, 22, 190, 222, 170, 84, 208, 227,
       137, 40, 164, 24, 99, 217, 173, 80, 175, 34, 53, 173, 29, 146,
       113, 72, 16, 153, 138, 192, 24, 26, 106, 218, 23, 111, 221, 21,
