%YAML:1.0
---
descriptors: !!opencv-matrix
   rows: 176
   cols: 32
   dt: u
   data: [ 45, 5, 83, 69, 245, 58, 110, 49, 117, 130, 255, 64, 75, 99,
       157, 244, 123, 206, 198, 168, 185, 178, 85, 206, 54, 254, 133, 4,
       235, 254, 234, 164, 70, 113, 218, 188, 252, 207, 118, 232, 185,
       132, 233, 9, 199, 250, 41, 80, 250, 249, 79, 98, 72, 35, 154, 204,
       249, 212, 7, 63, 80, 51, 39, 130, 46, 185, 52, 254, 157, 221, 222,
       232, 143, 68, 173, 9, 239, 253, 55, 176, 140, 251, 219, 71, 30,
       35, 122, 189, 227, 221, 9, 59, 82, 47, 79, 214, 174, 250, 50, 146,
       239, 221, 184, 192, 155, 221, 117, 63, 12, 220, 230, 136, 175, 57,
       215, 87, 150, 111, 186, 244, 95, 83, 27, 235, 87, 13, 103, 215,
       11, 254, 242, 255, 54, 147, 186, 246, 94, 202, 90, 103, 173, 234,
       182, 96, 255, 107, 23, 133, 198, 156, 36, 251, 166, 95, 186, 128,
       21, 254, 49, 201, 88, 47, 98, 165, 53, 122, 122, 35, 53, 100, 222,
       171, 143, 45, 19, 208, 50, 189, 253, 37, 12, 152, 225, 142, 255,
       245, 160, 193, 38, 228, 30, 90, 190, 116, 104, 134, 79, 123, 214,
       236, 195, 230, 189, 143, 2, 204, 95, 130, 217, 216, 211, 231, 236,
       103, 252, 190, 55, 69, 141, 191, 103, 127, 94, 214, 34, 252, 51,
       223, 117, 215, 186, 254, 31, 74, 124, 231, 172, 255, 54, 4, 255,
       123, 151, 135, 195, 190, 58, 255, 55, 54, 186, 170, 87, 14, 117,
       219, 127, 119, 104, 202, 125, 31, 94, 232, 47, 232, 189, 172, 206,
       206, 159, 244, 254, 217, 222, 110, 205, 35, 237, 223, 182, 221,
       11, 191, 126, 191, 75, 85, 63, 6, 236, 71, 53, 123, 203, 200, 25,
       230, 254, 143, 107, 108, 159, 175, 123, 204, 247, 239, 172, 242,
       109, 202, 82, 127, 193, 149, 231, 255, 94, 92, 92, 89, 86, 226,
       181, 79, 118, 224, 53, 164, 255, 43, 79, 255, 33, 208, 254, 253,
       239, 114, 124, 179, 25, 236, 251, 247, 7, 71, 235, 55, 110, 19,
       120, 184, 185, 240, 173, 253, 85, 215, 203, 251, 180, 24, 191,
       189, 99, 58, 141, 63, 253, 17, 155, 107, 242, 144, 203, 221, 117,
       63, 218, 120, 214, 251, 125, 182, 189, 254, 189, 45, 83, 158, 223,
       123, 181, 92, 254, 123, 72, 122, 197, 71, 124, 28, 187, 107, 251,
       179, 203, 223, 55, 254, 216, 73, 195, 115, 17, 18, 235, 171, 54,
       131, 107, 212, 86, 65, 94, 230, 49, 194, 184, 96, 127, 170, 22,
       156, 155, 188, 36, 255, 230, 175, 186, 192, 188, 139, 112, 249,
       94, 49, 89, 227, 51, 78, 122, 88, 45, 41, 179, 168, 143, 23, 8,
       88, 182, 149, 221, 242, 27, 17, 185, 212, 211, 241, 10, 199, 162,
       131, 39, 51, 217, 4, 221, 229, 44, 110, 109, 63, 233, 250, 254,
       16, 255, 51, 16, 115, 227, 135, 108, 168, 105, 205, 243, 202, 215,
       251, 250, 16, 12, 224, 225, 40, 53, 44, 195, 222, 196, 162, 226,
       112, 84, 130, 219, 82, 83, 227, 161, 72, 121, 236, 6, 170, 57,
       183, 14, 142, 152, 174, 227, 72, 189, 235, 112, 160, 71, 2, 234,
       227, 198, 35, 248, 89, 63, 163, 115, 210, 89, 239, 125, 8, 63,
       157, 55, 191, 145, 54, 141, 210, 28, 46, 255, 196, 173, 231, 115,
       160, 108, 121, 188, 101, 36, 78, 119, 16, 105, 238, 182, 8, 159,
       31, 67, 59, 132, 116, 125, 106, 200, 240, 241, 40, 199, 249, 97,
       144, 66, 179, 78, 99, 109, 182, 189, 113, 228, 46, 113, 151, 121,
       251, 126, 92, 159, 63, 72, 59, 133, 94, 125, 28, 145, 248, 241, 0,
       207, 251, 116, 196, 202, 192, 194, 243, 176, 249, 219, 190, 76,
       197, 123, 200, 63, 148, 240, 11, 125, 199, 105, 80, 124, 253, 39,
       193, 10, 242, 218, 241, 93, 225, 207, 44, 33, 35, 102, 250, 16,
       164, 139, 139, 84, 163, 226, 73, 86, 1, 91, 2, 121, 195, 120, 72,
       121, 138, 2, 153, 26, 176, 8, 211, 221, 135, 187, 68, 181, 74,
       112, 160, 124, 192, 124, 231, 53, 94, 119, 184, 101, 44, 247, 2,
       219, 91, 24, 112, 120, 212, 253, 106, 200, 176, 121, 173, 247,
       235, 231, 5, 103, 187, 86, 34, 236, 175, 142, 159, 220, 235, 103,
       239, 54, 167, 234, 156, 227, 224, 10, 80, 89, 238, 106, 8, 57,
       254, 95, 63, 188, 166, 87, 65, 248, 123, 252, 136, 237, 159, 143,
       159, 216, 255, 167, 255, 182, 255, 238, 124, 244, 244, 235, 255,
       121, 238, 234, 16, 51, 255, 251, 63, 60, 38, 127, 76, 216, 120,
       173, 253, 42, 50, 82, 141, 109, 75, 248, 72, 47, 172, 242, 43,
       140, 158, 4, 210, 238, 189, 239, 161, 0, 243, 195, 216, 149, 48,
       139, 187, 85, 12, 103, 131, 189, 255, 166, 63, 219, 119, 23, 254,
       54, 238, 238, 63, 99, 245, 139, 245, 125, 254, 234, 98, 253, 223,
       255, 63, 127, 231, 101, 199, 227, 126, 254, 255, 150, 194, 235,
       249, 246, 163, 233, 223, 63, 3, 210, 242, 93, 202, 184, 104, 127,
       171, 23, 153, 179, 188, 36, 215, 220, 142, 186, 196, 181, 200,
       177, 161, 205, 190, 143, 31, 136, 255, 53, 254, 182, 255, 198,
       244, 244, 246, 203, 239, 117, 118, 234, 22, 183, 77, 235, 63, 252,
       35, 119, 61, 146, 125, 173, 125, 65, 190, 142, 159, 204, 207, 167,
       236, 190, 255, 243, 118, 244, 226, 98, 195, 105, 111, 234, 131,
       115, 107, 219, 119, 60, 38, 255, 56, 136, 120, 171, 216, 237, 190,
       134, 158, 203, 127, 183, 255, 190, 255, 223, 63, 252, 246, 202,
       253, 125, 238, 234, 150, 55, 87, 251, 255, 125, 39, 255, 125, 139,
       125, 143, 115, 34, 212, 179, 207, 116, 167, 187, 254, 31, 75, 125,
       231, 252, 222, 188, 64, 255, 59, 23, 135, 195, 190, 42, 255, 54,
       62, 187, 138, 21, 142, 53, 217, 195, 157, 175, 149, 228, 100, 45,
       255, 62, 251, 142, 210, 156, 182, 242, 107, 103, 215, 127, 221,
       179, 221, 183, 226, 253, 54, 254, 196, 132, 208, 165, 125, 189,
       253, 142, 159, 223, 115, 167, 220, 86, 254, 255, 22, 72, 230, 163,
       237, 121, 238, 234, 234, 37, 247, 127, 255, 125, 35, 239, 5, 155,
       127, 253, 244, 30, 181, 246, 242, 255, 118, 254, 249, 27, 251, 95,
       183, 76, 254, 126, 229, 255, 157, 183, 179, 245, 211, 63, 214, 95,
       95, 207, 199, 175, 231, 175, 215, 43, 141, 50, 223, 125, 209, 190,
       239, 95, 0, 92, 2, 168, 248, 52, 228, 222, 59, 147, 129, 199, 186,
       94, 255, 38, 94, 154, 43, 31, 30, 185, 142, 62, 36, 228, 199, 85,
       122, 203, 200, 19, 230, 255, 143, 75, 108, 31, 15, 120, 204, 247,
       247, 172, 242, 125, 202, 83, 127, 193, 151, 231, 255, 124, 86, 63,
       55, 228, 193, 183, 122, 219, 25, 21, 230, 223, 183, 75, 109, 223,
       174, 127, 221, 181, 183, 188, 240, 253, 206, 75, 95, 205, 199,
       167, 239, 124, 118, 15, 34, 228, 33, 244, 59, 121, 27, 117, 254,
       86, 181, 137, 12, 211, 190, 55, 12, 253, 61, 181, 240, 229, 134,
       78, 95, 39, 197, 174, 165, 127, 213, 34, 34, 118, 233, 108, 11,
       248, 72, 47, 40, 242, 227, 140, 158, 148, 72, 238, 157, 255, 133,
       128, 177, 195, 208, 148, 248, 186, 178, 21, 140, 115, 153, 42, 32,
       118, 137, 109, 95, 248, 72, 47, 100, 244, 3, 142, 143, 22, 64,
       234, 157, 239, 129, 4, 179, 241, 208, 215, 249, 138, 51, 87, 12,
       119, 194, 106, 82, 255, 253, 108, 104, 249, 16, 235, 91, 182, 238,
       159, 191, 149, 123, 238, 245, 127, 137, 129, 103, 226, 192, 215,
       249, 250, 186, 199, 249, 103, 249, 75, 178, 251, 248, 236, 189,
       249, 87, 191, 91, 180, 253, 188, 159, 212, 42, 167, 59, 255, 149,
       147, 111, 162, 211, 95, 95, 186, 250, 158, 196, 163, 251, 5, 176,
       255, 241, 238, 173, 233, 91, 127, 249, 179, 126, 159, 155, 212,
       43, 111, 157, 127, 25, 147, 122, 255, 208, 158, 217, 251, 228,
       205, 136, 193, 177, 2, 73, 18, 156, 101, 165, 186, 70, 156, 132,
       122, 3, 172, 202, 33, 68, 252, 57, 130, 193, 0, 186, 18, 234, 21,
       52, 138, 10, 20, 61, 37, 142, 118, 233, 126, 174, 93, 197, 123,
       104, 175, 148, 213, 11, 110, 222, 106, 80, 248, 253, 255, 195, 78,
       51, 218, 209, 221, 177, 139, 107, 17, 46, 52, 66, 107, 123, 227,
       64, 102, 210, 191, 214, 75, 228, 124, 175, 8, 140, 247, 52, 126,
       253, 151, 213, 197, 58, 164, 192, 62, 92, 175, 239, 239, 188, 127,
       221, 7, 57, 234, 193, 214, 187, 187, 194, 43, 225, 88, 163, 29,
