%YAML:1.0
---
descriptors: !!opencv-matrix
   rows: 145
   cols: 32
   dt: u
   data: [ 195, 189, 151, 179, 226, 100, 61, 199, 62, 123, 138, 247, 188,
       54, 234, 111, 231, 87, 63, 149, 51, 223, 185, 227, 188, 54, 222,
       198, 140, 84, 165, 125, 62, 116, 104, 130, 95, 121, 214, 204, 195,
       230, 189, 143, 2, 220, 127, 134, 217, 200, 215, 99, 238, 39, 252,
       186, 55, 69, 133, 191, 119, 127, 94, 214, 122, 213, 244, 67, 179,
       82, 157, 189, 59, 119, 159, 183, 72, 126, 222, 212, 127, 149, 181,
       165, 255, 211, 125, 215, 186, 127, 223, 215, 55, 214, 174, 87, 62,
       39, 228, 161, 180, 58, 219, 57, 21, 228, 223, 183, 75, 108, 215,
       173, 127, 252, 181, 183, 188, 240, 109, 206, 10, 95, 197, 213,
       231, 239, 220, 84, 108, 59, 188, 101, 32, 78, 117, 48, 233, 238,
       182, 8, 159, 63, 3, 59, 132, 244, 125, 106, 192, 240, 241, 40,
       199, 249, 97, 144, 66, 243, 78, 99, 109, 182, 189, 113, 164, 46,
       125, 23, 121, 251, 126, 92, 223, 59, 192, 59, 149, 70, 124, 60,
       177, 252, 241, 0, 207, 251, 117, 212, 202, 224, 194, 115, 6, 73,
       18, 156, 77, 231, 186, 64, 157, 132, 91, 3, 140, 218, 37, 196,
       250, 57, 163, 195, 4, 179, 18, 220, 21, 52, 139, 11, 21, 127, 53,
       134, 174, 24, 50, 156, 69, 215, 190, 96, 156, 198, 244, 19, 204,
       254, 39, 201, 252, 249, 179, 227, 52, 183, 50, 238, 23, 55, 203,
       11, 23, 61, 61, 214, 87, 92, 102, 208, 103, 126, 254, 112, 253,
       238, 87, 167, 72, 204, 247, 239, 247, 245, 191, 175, 164, 213,
       181, 200, 31, 90, 207, 135, 39, 181, 125, 87, 176, 249, 219, 190,
       108, 197, 121, 200, 63, 212, 244, 11, 121, 223, 109, 80, 254, 253,
       183, 208, 11, 242, 250, 241, 93, 233, 207, 40, 33, 43, 102, 250,
       33, 40, 97, 232, 109, 141, 192, 82, 205, 168, 176, 76, 146, 9, 84,
       156, 200, 172, 94, 28, 137, 43, 208, 144, 151, 216, 146, 56, 88,
       8, 82, 186, 86, 160, 235, 193, 198, 32, 248, 217, 59, 179, 123,
       218, 89, 175, 253, 40, 127, 157, 55, 191, 147, 214, 141, 210, 94,
       46, 255, 228, 173, 231, 243, 160, 86, 65, 53, 174, 13, 199, 147,
       8, 142, 4, 211, 3, 239, 223, 41, 64, 216, 241, 255, 227, 74, 7,
       91, 185, 209, 242, 139, 27, 20, 59, 53, 98, 17, 82, 235, 235, 116,
       131, 235, 84, 86, 73, 214, 230, 113, 131, 184, 96, 122, 170, 23,
       156, 155, 190, 36, 247, 212, 205, 186, 192, 189, 139, 240, 249,
       125, 188, 181, 249, 189, 45, 81, 154, 95, 255, 189, 92, 223, 125,
       73, 59, 135, 71, 125, 28, 187, 101, 251, 179, 207, 223, 117, 126,
       218, 217, 199, 113, 123, 183, 179, 254, 189, 165, 95, 255, 239,
       109, 189, 76, 254, 255, 72, 246, 221, 231, 253, 13, 219, 107, 250,
       247, 249, 255, 159, 122, 82, 78, 230, 123, 125, 185, 189, 248,
       173, 253, 85, 223, 199, 251, 188, 92, 159, 253, 83, 58, 205, 154,
       253, 16, 155, 107, 242, 144, 203, 219, 245, 127, 210, 88, 214,
       115, 62, 117, 112, 77, 219, 95, 86, 121, 107, 172, 188, 11, 74,
       31, 7, 148, 254, 221, 199, 226, 72, 51, 241, 222, 51, 220, 5, 55,
       99, 190, 78, 199, 157, 221, 63, 97, 180, 207, 231, 188, 236, 112,
       182, 4, 215, 20, 145, 35, 162, 84, 92, 122, 241, 233, 57, 28, 233,
       201, 39, 84, 104, 49, 193, 112, 166, 252, 98, 154, 79, 241, 150,
       234, 159, 86, 217, 143, 104, 252, 127, 141, 217, 251, 147, 131,
       230, 103, 30, 255, 63, 22, 205, 187, 87, 127, 126, 214, 62, 121,
       50, 126, 25, 221, 222, 104, 143, 68, 173, 9, 239, 253, 54, 176,
       140, 251, 219, 71, 78, 35, 122, 189, 243, 221, 9, 59, 83, 63, 143,
       214, 10, 144, 38, 187, 125, 221, 184, 239, 31, 93, 87, 55, 172,
       255, 62, 196, 239, 27, 191, 145, 211, 186, 123, 247, 15, 117, 158,
       195, 150, 12, 189, 223, 43, 20, 97, 69, 53, 126, 232, 58, 125,
       232, 126, 230, 219, 60, 151, 228, 62, 140, 148, 45, 141, 184, 117,
       206, 6, 127, 128, 132, 111, 172, 88, 93, 131, 94, 231, 159, 118,
       130, 175, 246, 84, 74, 82, 246, 112, 230, 183, 101, 126, 106, 22,
       207, 233, 222, 36, 239, 36, 42, 254, 128, 45, 240, 112, 253, 203,
       178, 125, 248, 105, 253, 153, 87, 255, 91, 148, 253, 188, 159,
       214, 63, 135, 51, 255, 21, 247, 111, 178, 209, 219, 219, 122, 250,
       30, 132, 135, 255, 42, 92, 35, 223, 125, 145, 190, 238, 31, 72,
       92, 227, 168, 220, 165, 228, 220, 122, 147, 206, 195, 190, 110,
       255, 54, 94, 139, 170, 87, 156, 49, 253, 3, 204, 58, 158, 59, 145,
       190, 226, 158, 70, 220, 135, 172, 206, 39, 196, 238, 107, 187, 71,
       70, 139, 22, 255, 180, 54, 10, 139, 20, 125, 45, 207, 42, 112,
       102, 201, 109, 95, 248, 72, 47, 236, 244, 39, 140, 158, 22, 196,
       234, 157, 255, 197, 133, 179, 225, 208, 151, 57, 139, 179, 95, 14,
       127, 215, 35, 32, 118, 201, 108, 31, 248, 74, 111, 168, 244, 34,
       136, 158, 212, 116, 238, 157, 255, 165, 140, 243, 195, 212, 150,
       248, 139, 178, 87, 12, 115, 135, 24, 50, 231, 217, 110, 155, 232,
       95, 239, 241, 246, 246, 255, 142, 240, 110, 110, 172, 110, 156,
       131, 255, 231, 209, 150, 251, 251, 208, 239, 136, 117, 253, 205,
       188, 174, 30, 249, 253, 183, 254, 182, 255, 212, 189, 248, 245,
       203, 47, 61, 126, 251, 30, 183, 79, 251, 63, 127, 71, 119, 239,
       130, 245, 175, 247, 147, 38, 107, 251, 86, 163, 233, 94, 30, 11,
       127, 118, 57, 203, 188, 104, 127, 171, 23, 153, 179, 190, 36, 247,
       94, 79, 186, 192, 181, 201, 97, 137, 195, 253, 191, 129, 238, 100,
       189, 254, 62, 255, 158, 182, 156, 182, 250, 111, 231, 215, 63,
       157, 179, 223, 183, 227, 253, 22, 255, 198, 132, 84, 181, 125, 62,
       116, 232, 166, 95, 119, 215, 216, 23, 238, 189, 175, 64, 125, 63,
       8, 253, 209, 223, 227, 172, 103, 120, 186, 115, 95, 207, 191, 247,
       127, 94, 215, 62, 52, 228, 199, 85, 115, 219, 216, 19, 238, 255,
       143, 75, 108, 31, 15, 121, 204, 151, 231, 172, 243, 125, 234, 83,
       127, 201, 151, 231, 255, 126, 86, 43, 73, 34, 159, 125, 145, 190,
       111, 158, 0, 88, 130, 172, 220, 53, 228, 222, 59, 147, 129, 198,
       186, 102, 255, 55, 86, 154, 171, 23, 30, 57, 140, 73, 50, 240, 5,
       112, 62, 233, 26, 120, 238, 86, 228, 157, 34, 211, 254, 118, 12,
       254, 189, 133, 212, 229, 200, 70, 127, 122, 132, 142, 228, 75,
       221, 75, 82, 255, 253, 110, 40, 249, 82, 235, 219, 182, 230, 159,
       175, 213, 122, 238, 245, 127, 141, 129, 103, 231, 192, 214, 249,
       250, 184, 135, 241, 99, 249, 108, 123, 186, 101, 32, 76, 119, 20,
       105, 236, 190, 12, 159, 159, 67, 50, 148, 116, 125, 74, 200, 176,
       240, 32, 231, 253, 32, 16, 66, 243, 70, 115, 11, 59, 226, 68, 227,
       208, 190, 87, 43, 197, 94, 167, 40, 174, 246, 180, 54, 191, 183,
       149, 149, 153, 52, 192, 62, 28, 142, 131, 175, 244, 173, 223, 14,
       120, 226, 228, 231, 151, 190, 194, 59, 238, 124, 163, 8, 158, 119,
       40, 255, 237, 151, 199, 196, 178, 164, 224, 23, 93, 143, 175, 71,
       127, 127, 215, 99, 91, 235, 4, 246, 218, 255, 247, 105, 236, 126,
       239, 40, 172, 247, 52, 126, 253, 183, 213, 197, 186, 180, 204, 62,
       125, 175, 163, 111, 188, 95, 253, 3, 59, 235, 193, 242, 185, 187,
       215, 47, 229, 94, 239, 44, 190, 247, 52, 54, 255, 183, 149, 151,
       24, 164, 224, 62, 29, 62, 162, 175, 212, 135, 253, 200, 149, 189,
       245, 172, 108, 125, 55, 232, 123, 182, 16, 191, 55, 0, 123, 199,
       23, 125, 8, 49, 205, 243, 195, 199, 251, 122, 208, 8, 192, 133,
       59, 92, 113, 91, 226, 51, 79, 122, 88, 33, 32, 247, 10, 95, 31, 9,
       112, 62, 157, 221, 250, 9, 147, 25, 140, 211, 201, 34, 197, 107,
       131, 102, 19, 74, 188, 190, 252, 235, 228, 52, 103, 191, 223, 132,
       17, 172, 191, 102, 91, 165, 51, 251, 1, 50, 73, 178, 193, 211,
       243, 90, 11, 128, 68, 167, 123, 125, 185, 177, 249, 189, 189, 81,
       151, 255, 249, 188, 24, 159, 191, 65, 186, 135, 247, 125, 28, 155,
       104, 243, 147, 203, 223, 53, 126, 218, 92, 131, 115, 57, 89, 114,
       238, 85, 223, 126, 120, 97, 200, 125, 78, 127, 127, 50, 176, 252,
