%YAML:1.0
---
descriptors: !!opencv-matrix
   rows: 118
   cols: 32
   dt: u
   data: [ 90, 190, 254, 53, 139, 112, 56, 7, 171, 247, 134, 181, 44,
       174, 70, 27, 167, 119, 249, 129, 52, 77, 147, 194, 219, 119, 94,
       147, 130, 100, 175, 95, 210, 230, 140, 151, 142, 56, 20, 142, 211,
       183, 134, 187, 231, 225, 75, 79, 97, 198, 232, 151, 44, 71, 207,
       163, 250, 98, 223, 59, 166, 253, 157, 14, 199, 188, 135, 190, 217,
       255, 188, 238, 190, 243, 194, 23, 236, 254, 106, 219, 249, 111,
       251, 135, 39, 207, 219, 255, 189, 54, 223, 95, 152, 117, 187, 214,
       23, 115, 7, 173, 58, 3, 42, 120, 38, 232, 219, 231, 221, 198, 145,
       228, 126, 205, 127, 239, 205, 147, 207, 220, 180, 36, 171, 132,
       61, 183, 35, 213, 1, 113, 111, 79, 126, 31, 235, 120, 70, 232,
       254, 134, 209, 229, 158, 100, 126, 92, 126, 238, 193, 242, 111,
       92, 102, 47, 231, 128, 109, 186, 116, 241, 33, 169, 235, 85, 212,
       207, 225, 119, 118, 105, 118, 18, 51, 49, 144, 48, 121, 174, 22,
       156, 179, 248, 241, 27, 79, 175, 180, 192, 229, 200, 210, 232, 79,
       109, 226, 141, 237, 59, 254, 238, 109, 226, 218, 78, 136, 184,
       247, 228, 251, 239, 254, 103, 213, 187, 213, 234, 62, 124, 143,
       63, 207, 127, 249, 140, 237, 38, 148, 56, 104, 41, 232, 218, 187,
       187, 176, 216, 206, 225, 217, 159, 93, 196, 110, 58, 172, 103,
       202, 226, 140, 210, 91, 124, 194, 237, 3, 128, 129, 180, 53, 217,
       172, 189, 165, 151, 126, 91, 114, 80, 184, 28, 220, 237, 199, 26,
       58, 25, 243, 124, 119, 243, 13, 26, 86, 64, 208, 200, 193, 173,
       146, 158, 254, 244, 114, 162, 57, 115, 189, 15, 87, 178, 77, 255,
       162, 64, 247, 191, 175, 144, 52, 221, 32, 206, 223, 247, 186, 195,
       165, 128, 165, 163, 3, 159, 79, 191, 54, 130, 46, 183, 252, 74,
       218, 231, 245, 238, 177, 97, 102, 99, 63, 199, 229, 153, 7, 111,
       164, 38, 170, 128, 28, 240, 57, 93, 11, 221, 123, 255, 246, 219,
       253, 55, 117, 77, 94, 162, 185, 63, 182, 100, 102, 59, 151, 137,
       243, 184, 37, 255, 102, 239, 182, 129, 111, 132, 245, 251, 162,
       184, 144, 218, 111, 221, 176, 206, 159, 29, 112, 51, 172, 158,
       100, 141, 207, 27, 163, 17, 6, 110, 18, 241, 15, 16, 90, 107, 208,
       12, 141, 159, 238, 102, 132, 175, 169, 31, 78, 184, 59, 186, 177,
       76, 203, 99, 89, 159, 217, 196, 236, 106, 108, 102, 217, 154, 174,
       242, 197, 52, 74, 255, 74, 4, 108, 119, 196, 231, 13, 15, 102,
       184, 61, 170, 235, 77, 203, 105, 25, 147, 144, 196, 236, 102, 236,
       240, 217, 46, 230, 251, 101, 20, 106, 251, 90, 2, 255, 118, 132,
       39, 137, 63, 6, 184, 83, 242, 139, 205, 206, 96, 91, 223, 93, 196,
       232, 127, 237, 71, 223, 170, 188, 82, 205, 62, 138, 255, 26, 20,
       138, 156, 100, 221, 211, 242, 188, 55, 60, 71, 86, 178, 185, 63,
       182, 225, 119, 59, 147, 129, 245, 220, 53, 255, 102, 111, 250,
       195, 63, 196, 173, 219, 124, 103, 140, 47, 184, 43, 94, 184, 50,
       174, 175, 237, 199, 105, 219, 18, 149, 199, 108, 127, 44, 226,
       201, 62, 238, 247, 101, 189, 224, 243, 138, 1, 53, 65, 239, 77,
       60, 3, 239, 248, 86, 160, 222, 66, 81, 105, 181, 96, 122, 236, 58,
       234, 201, 240, 109, 29, 126, 47, 229, 4, 117, 187, 112, 32, 1, 97,
       111, 77, 126, 11, 235, 120, 100, 160, 247, 226, 209, 89, 156, 96,
       126, 220, 126, 234, 193, 178, 109, 76, 118, 45, 163, 132, 101,
       187, 113, 160, 214, 166, 236, 183, 138, 50, 92, 174, 179, 255,
       151, 245, 195, 108, 90, 139, 79, 199, 237, 183, 188, 69, 207, 166,
       138, 83, 255, 247, 172, 117, 154, 85, 11, 159, 3, 187, 246, 178,
       174, 183, 62, 67, 90, 247, 253, 106, 178, 224, 119, 107, 51, 149,
       183, 152, 13, 255, 44, 38, 190, 192, 156, 70, 185, 221, 3, 188,
       163, 153, 214, 183, 169, 111, 30, 73, 88, 198, 172, 188, 180, 164,
       255, 43, 19, 149, 183, 154, 52, 223, 44, 22, 159, 226, 157, 76,
       177, 221, 253, 238, 156, 55, 185, 61, 86, 191, 183, 63, 186, 93,
       231, 232, 74, 219, 133, 198, 236, 23, 254, 109, 203, 51, 234, 247,
       117, 93, 234, 253, 154, 9, 17, 15, 75, 173, 150, 38, 111, 55, 116,
       96, 218, 198, 115, 35, 144, 112, 118, 230, 28, 172, 173, 152, 117,
       15, 172, 239, 162, 128, 45, 226, 112, 120, 193, 134, 132, 27, 168,
       186, 132, 143, 254, 63, 178, 245, 231, 168, 214, 203, 75, 198,
       236, 29, 190, 237, 207, 51, 172, 243, 126, 209, 218, 220, 153, 13,
       42, 181, 48, 217, 223, 253, 180, 239, 31, 125, 28, 59, 172, 188,
       110, 132, 141, 27, 179, 17, 150, 42, 115, 213, 47, 87, 30, 255,
       211, 76, 157, 223, 215, 20, 237, 31, 138, 50, 156, 170, 158, 246,
       147, 215, 193, 108, 223, 171, 127, 231, 249, 167, 229, 69, 127,
       170, 10, 103, 255, 150, 237, 245, 185, 84, 244, 239, 72, 167, 152,
       27, 78, 232, 18, 174, 185, 205, 195, 105, 25, 146, 88, 198, 204,
       227, 124, 226, 205, 62, 186, 215, 165, 53, 65, 123, 154, 2, 46,
       181, 177, 194, 247, 253, 154, 219, 31, 253, 157, 127, 12, 252,
       222, 164, 191, 27, 215, 21, 151, 59, 184, 210, 59, 92, 29, 255,
       215, 78, 135, 247, 19, 31, 79, 190, 54, 134, 175, 119, 244, 72,
       218, 230, 245, 230, 176, 96, 118, 111, 62, 175, 241, 153, 53, 127,
       180, 46, 170, 128, 60, 226, 177, 121, 18, 158, 94, 189, 242, 166,
       186, 119, 188, 15, 219, 247, 109, 239, 162, 64, 255, 191, 47, 133,
       180, 157, 0, 207, 248, 166, 186, 192, 173, 128, 161, 155, 120,
       227, 216, 162, 120, 153, 82, 204, 171, 44, 181, 41, 135, 195, 74,
       16, 58, 193, 236, 80, 78, 11, 200, 17, 250, 197, 36, 253, 97, 130,
       138, 137, 194, 172, 138, 176, 97, 240, 184, 71, 187, 223, 66, 177,
       172, 190, 70, 152, 167, 63, 243, 149, 54, 222, 130, 195, 15, 54,
       218, 235, 128, 4, 175, 223, 16, 97, 7, 169, 8, 11, 104, 64, 36,
       32, 226, 194, 131, 131, 16, 80, 104, 140, 106, 204, 10, 147, 193,
       80, 148, 160, 138, 0, 32, 138, 32, 160, 186, 141, 66, 136, 213,
       147, 174, 103, 29, 5, 218, 147, 8, 46, 52, 196, 127, 155, 131,
       165, 124, 159, 4, 223, 187, 84, 138, 67, 23, 12, 188, 140, 245,
       231, 140, 165, 168, 31, 78, 184, 50, 190, 174, 205, 199, 96, 91,
       19, 157, 196, 236, 103, 236, 66, 203, 42, 234, 243, 229, 61, 136,
       249, 138, 16, 11, 143, 2, 187, 179, 178, 46, 183, 55, 75, 94, 247,
       237, 226, 178, 196, 119, 107, 183, 157, 183, 152, 13, 255, 172,
       119, 190, 192, 190, 196, 185, 221, 139, 150, 130, 185, 118, 167,
       184, 71, 30, 75, 90, 247, 172, 174, 50, 64, 247, 43, 147, 149,
       183, 156, 0, 223, 12, 54, 186, 194, 156, 12, 185, 155, 93, 174,
       156, 183, 168, 45, 124, 159, 254, 187, 162, 93, 215, 226, 90, 91,
       131, 103, 108, 29, 188, 77, 203, 32, 200, 243, 127, 61, 136, 112,
       139, 9, 213, 182, 140, 55, 140, 58, 188, 191, 254, 247, 135, 157,
       227, 104, 91, 75, 5, 199, 237, 7, 252, 101, 207, 34, 204, 99, 127,
       21, 204, 252, 217, 92, 215, 245, 172, 167, 168, 54, 142, 136, 154,
       246, 129, 157, 209, 108, 95, 75, 221, 197, 121, 247, 255, 71, 255,
       50, 235, 91, 207, 253, 156, 119, 156, 84, 215, 230, 173, 187, 140,
       102, 143, 136, 146, 247, 129, 151, 209, 108, 95, 75, 221, 71, 121,
       247, 191, 71, 255, 51, 201, 106, 207, 252, 157, 119, 181, 86, 215,
       212, 172, 183, 138, 119, 157, 175, 150, 246, 135, 151, 243, 108,
       91, 11, 13, 199, 121, 167, 253, 69, 255, 34, 234, 107, 255, 149,
       173, 125, 157, 82, 45, 253, 245, 71, 244, 95, 239, 188, 127, 234,
       122, 228, 219, 124, 157, 164, 63, 94, 54, 106, 225, 240, 125, 254,
       46, 222, 39, 196, 111, 251, 195, 245, 231, 222, 172, 191, 140, 39,
       141, 175, 150, 246, 130, 157, 243, 108, 91, 11, 141, 199, 121,
       167, 253, 77, 255, 42, 232, 35, 253, 148, 140, 252, 144, 88, 215,
       239, 172, 183, 168, 39, 31, 172, 146, 254, 137, 157, 211, 236, 91,
       10, 149, 71, 125, 247, 252, 69, 255, 34, 232, 71, 239, 189, 140,
       119, 159, 80, 245, 239, 136, 54, 152, 47, 94, 190, 50, 174, 139,
