%YAML:1.0
---
descriptors: !!opencv-matrix
   rows: 79
   cols: 32
   dt: u
   data: [ 55, 151, 237, 1, 246, 59, 239, 249, 83, 245, 31, 239, 89, 108,
       223, 174, 127, 198, 151, 189, 157, 241, 61, 198, 62, 78, 165, 228,
       239, 255, 216, 212, 253, 105, 253, 101, 228, 75, 71, 253, 65, 174,
       182, 10, 83, 61, 209, 35, 24, 228, 124, 106, 201, 240, 233, 40,
       247, 201, 229, 52, 97, 251, 214, 107, 26, 141, 2, 184, 151, 183,
       154, 103, 159, 65, 218, 135, 175, 174, 50, 192, 239, 171, 159,
       149, 30, 137, 17, 255, 186, 247, 158, 211, 191, 76, 185, 90, 160,
       137, 185, 217, 253, 225, 149, 207, 95, 91, 84, 50, 182, 153, 34,
       104, 201, 42, 51, 17, 51, 42, 98, 179, 197, 150, 154, 123, 144,
       88, 244, 235, 127, 77, 99, 38, 144, 198, 79, 176, 176, 192, 202,
       197, 81, 103, 177, 240, 116, 229, 93, 238, 233, 131, 61, 46, 185,
       47, 173, 132, 47, 247, 162, 112, 19, 14, 223, 167, 118, 162, 171,
       82, 61, 75, 91, 230, 61, 47, 177, 72, 102, 247, 23, 143, 129, 153,
       4, 234, 84, 175, 250, 128, 173, 195, 33, 241, 132, 140, 128, 147,
       212, 172, 238, 227, 184, 18, 184, 19, 253, 99, 105, 67, 121, 226,
       74, 170, 114, 35, 220, 235, 253, 6, 199, 44, 176, 122, 225, 170,
       2, 129, 2, 139, 21, 129, 162, 104, 15, 1, 91, 2, 236, 200, 60, 68,
       216, 42, 35, 193, 18, 152, 75, 253, 13, 52, 138, 75, 20, 15, 185,
       134, 9, 150, 174, 21, 75, 221, 49, 123, 182, 223, 214, 55, 169,
       247, 162, 239, 105, 162, 238, 140, 181, 89, 118, 149, 95, 67, 243,
       169, 186, 108, 60, 247, 2, 147, 144, 137, 243, 139, 188, 79, 30,
       37, 91, 183, 140, 162, 46, 192, 247, 27, 131, 1, 86, 152, 65, 213,
       36, 20, 26, 231, 148, 14, 141, 147, 10, 219, 182, 157, 125, 210,
       185, 46, 141, 12, 94, 35, 236, 126, 39, 198, 196, 117, 171, 129,
       4, 137, 99, 221, 5, 118, 218, 131, 22, 46, 61, 207, 153, 186, 174,
       29, 75, 221, 49, 255, 182, 95, 214, 55, 171, 245, 130, 230, 101,
       190, 238, 4, 167, 221, 119, 181, 95, 99, 119, 195, 58, 140, 60,
       255, 239, 87, 121, 202, 239, 125, 215, 217, 137, 110, 189, 254,
       94, 222, 239, 180, 255, 145, 151, 110, 205, 39, 184, 210, 115, 93,
       35, 190, 95, 255, 205, 117, 38, 91, 194, 141, 118, 161, 186, 210,
       28, 200, 88, 231, 45, 170, 165, 200, 110, 107, 151, 213, 134, 154,
       4, 234, 36, 4, 170, 138, 189, 221, 57, 157, 124, 77, 124, 238,
       141, 64, 87, 230, 193, 148, 172, 10, 51, 241, 33, 83, 72, 242, 41,
       74, 72, 43, 234, 169, 243, 233, 196, 57, 115, 123, 116, 42, 38,
       41, 146, 138, 221, 181, 182, 196, 142, 132, 216, 3, 172, 234, 99,
       192, 216, 107, 131, 209, 22, 11, 218, 248, 63, 20, 143, 43, 148,
       127, 189, 142, 123, 73, 99, 94, 148, 198, 79, 181, 176, 192, 206,
       0, 113, 247, 177, 116, 88, 230, 57, 206, 201, 139, 125, 45, 187,
       239, 141, 144, 39, 179, 240, 120, 0, 78, 195, 157, 198, 128, 44,
       71, 124, 130, 90, 194, 173, 162, 161, 68, 106, 239, 2, 128, 65,
       154, 132, 234, 52, 166, 222, 0, 37, 248, 161, 136, 40, 149, 50,
       201, 117, 247, 243, 103, 85, 5, 222, 2, 248, 249, 52, 96, 248, 58,
       19, 57, 154, 186, 49, 223, 111, 125, 130, 65, 151, 10, 244, 170,
       174, 90, 15, 190, 110, 130, 175, 112, 128, 142, 213, 230, 57, 239,
       177, 75, 110, 113, 19, 207, 225, 199, 162, 236, 116, 99, 238, 136,
       45, 191, 121, 241, 10, 92, 50, 153, 87, 247, 176, 71, 31, 79, 92,
       3, 172, 156, 39, 196, 249, 59, 147, 145, 38, 188, 80, 223, 39, 22,
       154, 3, 150, 92, 61, 223, 43, 249, 99, 76, 83, 212, 171, 118, 105,
       193, 124, 134, 40, 140, 182, 164, 126, 171, 147, 221, 199, 154,
       180, 237, 63, 28, 142, 235, 71, 134, 126, 252, 49, 15, 75, 188,
       22, 130, 75, 242, 132, 64, 218, 230, 49, 195, 177, 96, 126, 234,
       31, 238, 201, 139, 4, 189, 240, 173, 170, 136, 61, 171, 112, 57,
       18, 123, 230, 129, 255, 194, 189, 71, 137, 132, 152, 163, 172,
       140, 87, 10, 239, 119, 213, 145, 212, 201, 162, 200, 172, 84, 159,
       195, 133, 124, 183, 239, 168, 155, 185, 219, 191, 217, 151, 207,
       95, 7, 68, 50, 166, 185, 32, 96, 201, 58, 163, 17, 114, 168, 99,
       191, 111, 151, 30, 75, 146, 88, 213, 235, 91, 141, 7, 188, 153,
       212, 86, 231, 161, 64, 202, 9, 239, 247, 34, 211, 192, 231, 253,
       195, 124, 11, 146, 189, 187, 243, 206, 27, 2, 100, 174, 74, 88,
       159, 126, 108, 162, 14, 119, 247, 224, 132, 254, 164, 127, 179, 2,
       83, 54, 246, 237, 98, 88, 251, 145, 45, 243, 233, 100, 1, 99, 240,
       238, 43, 171, 5, 99, 207, 199, 119, 237, 99, 93, 66, 127, 130,
       121, 174, 183, 236, 126, 171, 178, 174, 133, 178, 52, 222, 23,
       126, 218, 138, 55, 255, 121, 252, 252, 123, 254, 101, 228, 11,
       119, 213, 81, 166, 182, 42, 115, 81, 129, 51, 58, 252, 108, 106,
       232, 245, 241, 42, 243, 203, 101, 49, 103, 251, 214, 43, 10, 201,
       54, 219, 85, 215, 178, 196, 79, 85, 120, 3, 40, 156, 54, 76, 232,
       59, 130, 209, 22, 184, 26, 245, 7, 30, 154, 67, 211, 31, 229, 206,
       7, 251, 105, 211, 246, 193, 187, 212, 14, 93, 28, 230, 189, 79,
       220, 32, 47, 91, 23, 223, 211, 56, 62, 245, 108, 9, 174, 224, 189,
       146, 149, 249, 191, 144, 245, 226, 173, 119, 217, 89, 79, 123,
       181, 118, 91, 125, 252, 175, 255, 149, 159, 187, 187, 103, 121,
       192, 155, 219, 235, 254, 255, 239, 244, 245, 73, 90, 250, 252, 36,
       4, 121, 20, 233, 79, 86, 37, 189, 159, 178, 122, 198, 53, 61, 77,
       196, 5, 179, 65, 195, 185, 122, 136, 12, 176, 97, 91, 132, 132,
       192, 150, 212, 42, 238, 239, 154, 163, 176, 18, 253, 227, 40, 13,
       121, 230, 10, 168, 49, 109, 138, 255, 188, 134, 223, 44, 177, 120,
       193, 136, 31, 90, 230, 182, 103, 210, 235, 80, 164, 202, 87, 166,
       89, 207, 243, 239, 110, 253, 183, 239, 137, 215, 166, 200, 208,
       99, 235, 137, 47, 167, 57, 241, 131, 30, 31, 157, 50, 162, 153,
       55, 156, 74, 80, 246, 180, 118, 162, 101, 198, 51, 30, 37, 161,
       140, 100, 223, 4, 54, 122, 202, 28, 8, 161, 125, 50, 25, 227, 140,
       77, 85, 214, 105, 143, 72, 220, 175, 106, 252, 47, 198, 216, 251,
       183, 193, 205, 43, 246, 225, 19, 116, 200, 187, 127, 46, 124, 223,
       128, 179, 185, 217, 223, 237, 181, 207, 94, 53, 68, 18, 174, 189,
       108, 104, 213, 27, 162, 17, 50, 120, 123, 215, 15, 215, 22, 119,
       146, 72, 133, 170, 133, 149, 49, 223, 244, 118, 175, 185, 93, 72,
       87, 118, 216, 124, 189, 101, 254, 95, 22, 107, 241, 184, 61, 239,
       45, 124, 175, 134, 87, 233, 245, 245, 80, 140, 10, 136, 221, 239,
       231, 231, 174, 47, 250, 14, 158, 162, 34, 192, 105, 238, 78, 137,
       89, 187, 88, 255, 189, 134, 143, 117, 209, 74, 253, 34, 147, 218,
       101, 223, 38, 212, 111, 176, 46, 124, 86, 230, 253, 86, 177, 229,
       102, 243, 62, 206, 227, 28, 45, 253, 164, 170, 234, 128, 61, 146,
       1, 125, 27, 27, 103, 220, 55, 208, 248, 71, 141, 76, 214, 230, 40,
       140, 183, 228, 110, 178, 191, 141, 143, 185, 38, 237, 146, 126,
       146, 131, 31, 140, 120, 125, 38, 232, 152, 152, 85, 213, 176, 200,
       31, 21, 116, 11, 36, 222, 111, 0, 217, 185, 131, 81, 6, 178, 74,
       217, 31, 21, 139, 111, 17, 8, 124, 206, 23, 201, 111, 250, 214,
       194, 239, 241, 132, 200, 211, 230, 89, 235, 184, 96, 126, 225, 55,
       223, 217, 139, 46, 228, 248, 237, 175, 204, 189, 163, 161, 240,
       42, 251, 59, 217, 119, 215, 179, 118, 15, 77, 124, 103, 44, 158,
       166, 132, 238, 57, 151, 81, 199, 184, 48, 253, 45, 21, 170, 226,
       31, 12, 29, 255, 10, 29, 50, 139, 149, 247, 178, 71, 15, 5, 92, 3,
       172, 190, 38, 196, 217, 59, 155, 145, 6, 184, 81, 255, 39, 22,
       154, 3, 150, 94, 189, 222, 49, 205, 105, 111, 156, 196, 79, 175,
       70, 64, 204, 0, 51, 247, 24, 112, 80, 234, 56, 204, 219, 136, 119,
       63, 235, 173, 140, 8, 57, 146, 240, 40, 120, 197, 121, 238, 159,
       73, 87, 175, 195, 37, 172, 10, 98, 117, 40, 114, 88, 214, 8, 96,
       90, 43, 104, 189, 251, 239, 20, 123, 243, 90, 196, 42, 120, 105,
