%YAML:1.0
---
descriptors: !!opencv-matrix
   rows: 81
   cols: 32
   dt: u
   data: [ 77, 67, 82, 192, 100, 156, 234, 64, 233, 0, 177, 74, 159, 10,
       189, 246, 106, 129, 78, 238, 194, 35, 68, 192, 212, 152, 170, 40,
       28, 131, 107, 132, 1, 222, 67, 255, 244, 38, 239, 254, 116, 106,
       122, 246, 241, 99, 184, 96, 127, 206, 54, 175, 161, 184, 13, 127,
       44, 46, 190, 192, 29, 251, 241, 185, 10, 169, 18, 136, 245, 213,
       186, 197, 15, 13, 120, 3, 172, 158, 102, 128, 250, 59, 147, 209,
       22, 58, 16, 253, 47, 20, 142, 235, 148, 14, 175, 207, 94, 92, 186,
       164, 11, 102, 24, 22, 58, 231, 66, 147, 157, 190, 67, 202, 167,
       245, 189, 145, 4, 85, 177, 194, 209, 231, 223, 143, 164, 113, 37,
       82, 48, 221, 123, 203, 244, 199, 239, 245, 85, 12, 254, 66, 51,
       213, 180, 100, 126, 186, 6, 232, 219, 186, 53, 255, 127, 173, 166,
       64, 119, 138, 244, 248, 202, 170, 166, 152, 143, 241, 184, 71,
       159, 23, 144, 179, 172, 174, 118, 143, 235, 51, 235, 145, 54, 77,
       162, 243, 159, 18, 218, 251, 150, 76, 189, 222, 59, 247, 107, 236,
       118, 211, 125, 119, 23, 73, 124, 230, 63, 190, 178, 96, 126, 187,
       151, 141, 203, 186, 36, 159, 250, 237, 190, 128, 63, 156, 246,
       249, 131, 31, 75, 253, 180, 133, 207, 182, 140, 72, 92, 230, 181,
       54, 177, 96, 70, 106, 23, 93, 147, 136, 118, 189, 108, 173, 170,
       200, 28, 152, 113, 121, 20, 129, 96, 225, 212, 131, 106, 233, 69,
       32, 211, 130, 89, 9, 56, 96, 122, 146, 19, 252, 88, 184, 73, 221,
       254, 202, 131, 68, 55, 138, 240, 128, 47, 28, 102, 255, 117, 183,
       251, 80, 29, 202, 84, 167, 249, 93, 183, 108, 222, 121, 151, 207,
       161, 166, 100, 239, 71, 255, 170, 131, 183, 255, 125, 245, 179,
       63, 226, 148, 246, 146, 190, 87, 48, 200, 80, 231, 57, 174, 247,
       36, 126, 233, 23, 221, 245, 222, 164, 234, 58, 8, 174, 136, 45,
       180, 123, 221, 49, 207, 107, 158, 22, 131, 203, 240, 196, 72, 216,
       198, 49, 200, 176, 96, 124, 234, 23, 207, 203, 171, 38, 189, 240,
       45, 170, 136, 61, 139, 112, 184, 255, 126, 105, 225, 175, 118,
       223, 218, 81, 254, 148, 247, 27, 29, 215, 239, 239, 212, 223, 255,
       237, 103, 245, 162, 243, 217, 165, 255, 175, 253, 252, 119, 2,
       122, 175, 148, 74, 192, 189, 198, 138, 214, 146, 167, 172, 142,
       119, 10, 239, 117, 179, 197, 196, 205, 182, 224, 21, 54, 222, 139,
       133, 116, 53, 219, 10, 129, 34, 139, 29, 177, 186, 204, 142, 5,
       88, 3, 236, 200, 122, 192, 216, 59, 187, 209, 22, 24, 10, 245, 45,
       20, 138, 107, 22, 15, 189, 198, 26, 157, 190, 250, 191, 244, 188,
       215, 159, 95, 156, 55, 44, 255, 110, 74, 239, 243, 183, 145, 190,
       77, 58, 227, 251, 87, 222, 203, 159, 84, 173, 95, 2, 29, 82, 154,
       215, 247, 186, 103, 61, 9, 120, 18, 44, 186, 36, 196, 254, 59,
       130, 129, 54, 186, 16, 255, 37, 54, 26, 67, 211, 85, 237, 159, 19,
       219, 106, 172, 116, 134, 239, 117, 20, 72, 218, 199, 113, 203,
       178, 96, 126, 168, 23, 239, 205, 155, 21, 253, 240, 109, 170, 128,
       61, 158, 240, 216, 56, 221, 123, 78, 116, 203, 231, 245, 84, 12,
       254, 98, 115, 213, 180, 116, 122, 184, 6, 106, 217, 187, 37, 63,
       115, 237, 36, 64, 119, 154, 228, 233, 0, 140, 27, 159, 20, 231,
       163, 99, 156, 5, 75, 2, 244, 250, 32, 64, 217, 59, 11, 129, 48,
       152, 25, 127, 109, 38, 138, 65, 16, 10, 53, 10, 10, 157, 34, 137,
       245, 247, 187, 119, 93, 77, 94, 3, 232, 190, 54, 228, 252, 43,
       151, 177, 150, 184, 53, 223, 111, 124, 138, 195, 151, 78, 252,
       255, 66, 185, 150, 152, 219, 209, 48, 231, 191, 21, 128, 41, 172,
       190, 98, 222, 227, 59, 235, 145, 22, 75, 130, 241, 157, 54, 94,
       123, 146, 4, 173, 15, 49, 65, 75, 77, 116, 27, 235, 113, 101, 32,
       254, 194, 115, 0, 148, 116, 122, 172, 6, 236, 201, 178, 101, 12,
       54, 173, 160, 0, 111, 138, 114, 172, 189, 99, 100, 45, 44, 11,
       203, 184, 70, 116, 177, 207, 67, 72, 159, 149, 94, 196, 78, 239,
       206, 34, 109, 29, 212, 73, 161, 188, 119, 191, 82, 197, 55, 41,
       235, 160, 182, 146, 203, 80, 135, 200, 222, 231, 89, 204, 247, 96,
       126, 237, 23, 253, 157, 139, 164, 200, 122, 77, 175, 204, 173,
       174, 48, 245, 75, 62, 246, 86, 111, 123, 249, 114, 251, 254, 30,
       45, 172, 188, 215, 175, 135, 103, 255, 5, 164, 121, 162, 232, 94,
       91, 125, 179, 198, 228, 95, 95, 166, 180, 164, 154, 255, 245, 188,
       207, 159, 95, 152, 183, 140, 252, 126, 175, 239, 91, 151, 149,
       182, 111, 58, 243, 63, 94, 223, 255, 215, 92, 189, 223, 180, 103,
       204, 39, 158, 43, 70, 249, 80, 226, 169, 207, 83, 97, 155, 18, 89,
       198, 68, 110, 232, 243, 77, 14, 250, 199, 229, 20, 101, 251, 82,
       64, 255, 126, 253, 209, 239, 127, 221, 215, 217, 254, 182, 191,
       10, 29, 215, 175, 239, 245, 255, 151, 237, 119, 245, 234, 243, 91,
       255, 183, 239, 253, 252, 127, 54, 44, 139, 132, 212, 163, 142,
       194, 150, 162, 88, 66, 33, 168, 113, 8, 89, 106, 19, 145, 0, 179,
       0, 186, 0, 4, 175, 160, 213, 121, 48, 128, 35, 249, 226, 76, 87,
       212, 186, 103, 75, 205, 124, 2, 40, 156, 246, 164, 254, 123, 147,
       221, 199, 186, 180, 237, 63, 28, 142, 235, 71, 6, 255, 254, 10,
       76, 18, 153, 245, 247, 186, 71, 31, 1, 88, 3, 172, 222, 39, 196,
       217, 59, 147, 17, 6, 184, 81, 255, 39, 86, 154, 3, 150, 92, 61,
       142, 34, 187, 106, 10, 114, 209, 187, 103, 43, 77, 124, 175, 44,
       204, 54, 0, 190, 187, 151, 133, 214, 58, 36, 223, 126, 21, 42,
       235, 69, 6, 191, 223, 31, 137, 235, 234, 150, 134, 111, 241, 164,
       65, 91, 150, 93, 227, 184, 96, 118, 227, 63, 255, 209, 153, 60,
       228, 249, 239, 174, 196, 173, 163, 161, 32, 255, 126, 237, 224,
       175, 118, 93, 222, 17, 254, 180, 255, 91, 63, 215, 239, 239, 213,
       253, 254, 237, 103, 245, 130, 243, 219, 247, 151, 175, 253, 252,
       119, 48, 81, 122, 232, 68, 87, 218, 120, 5, 236, 245, 15, 83, 30,
       63, 48, 252, 157, 23, 230, 204, 179, 112, 140, 147, 233, 162, 149,
       117, 171, 126, 211, 2, 149, 34, 201, 245, 243, 186, 103, 93, 69,
       94, 3, 236, 254, 54, 196, 250, 59, 147, 49, 150, 184, 49, 223, 47,
       30, 138, 67, 151, 78, 253, 222, 2, 132, 42, 169, 20, 227, 187, 67,
       28, 5, 91, 19, 213, 90, 58, 64, 249, 43, 19, 177, 18, 152, 17,
       223, 237, 7, 154, 65, 149, 10, 181, 202, 185, 86, 110, 231, 102,
       22, 110, 117, 85, 202, 247, 246, 115, 105, 188, 99, 126, 228, 55,
       238, 233, 183, 45, 142, 118, 235, 229, 128, 111, 250, 248, 145,
       58, 155, 160, 142, 79, 213, 150, 252, 143, 77, 220, 47, 106, 252,
       46, 228, 220, 243, 183, 71, 141, 43, 122, 251, 179, 127, 64, 187,
       123, 126, 188, 223, 2, 217, 18, 139, 213, 149, 190, 231, 30, 1,
       88, 2, 172, 216, 52, 192, 216, 59, 147, 209, 86, 186, 82, 255, 45,
       20, 142, 75, 20, 14, 185, 142, 19, 121, 97, 139, 118, 197, 171,
       117, 14, 200, 88, 226, 189, 22, 180, 36, 126, 171, 23, 221, 195,
       152, 37, 253, 45, 12, 174, 128, 53, 142, 49, 253, 27, 22, 110,
       144, 87, 211, 185, 115, 189, 78, 86, 167, 109, 253, 183, 161, 62,
       177, 151, 165, 181, 157, 36, 206, 115, 79, 186, 131, 39, 196, 61,
       255, 153, 220, 126, 226, 54, 247, 255, 114, 213, 206, 222, 166,
       57, 159, 179, 96, 110, 185, 151, 206, 233, 189, 48, 238, 251, 207,
       170, 192, 39, 139, 116, 249, 172, 212, 122, 231, 245, 94, 247,
       176, 85, 206, 119, 18, 91, 61, 63, 96, 221, 220, 183, 106, 233,
       180, 113, 142, 111, 255, 164, 5, 99, 251, 244, 243, 204, 84, 127,
       95, 180, 86, 247, 182, 84, 206, 118, 50, 88, 125, 191, 97, 95,
       124, 183, 106, 224, 244, 185, 110, 103, 175, 229, 1, 71, 248, 228,
       123, 2, 156, 162, 184, 191, 245, 188, 239, 159, 95, 152, 51, 172,
       254, 118, 8, 239, 83, 191, 145, 182, 75, 58, 243, 191, 87, 159,
       255, 148, 92, 189, 223, 42, 32, 224, 136, 85, 215, 176, 72, 31,
       37, 85, 27, 12, 12, 54, 140, 216, 153, 147, 145, 6, 186, 80, 220,
