%YAML:1.0
---
descriptors: !!opencv-matrix
   rows: 139
   cols: 32
   dt: u
   data: [ 155, 219, 110, 173, 52, 134, 238, 117, 20, 68, 214, 199, 97,
       207, 178, 65, 124, 172, 31, 239, 253, 155, 21, 223, 242, 105, 170,
       128, 61, 174, 248, 216, 176, 205, 123, 72, 212, 223, 231, 117, 85,
       12, 254, 66, 115, 213, 180, 116, 120, 184, 6, 104, 251, 187, 53,
       191, 123, 172, 32, 64, 119, 138, 244, 232, 185, 205, 111, 254, 52,
       198, 111, 247, 212, 74, 214, 66, 113, 231, 178, 97, 124, 226, 63,
       239, 233, 155, 52, 255, 240, 235, 250, 128, 61, 184, 240, 121, 25,
       217, 122, 110, 86, 134, 111, 244, 228, 64, 254, 198, 115, 195,
       178, 112, 126, 236, 6, 238, 201, 187, 60, 125, 114, 237, 162, 64,
       111, 146, 96, 184, 51, 207, 106, 158, 126, 145, 206, 252, 215, 4,
       217, 231, 97, 200, 183, 192, 126, 234, 22, 207, 206, 171, 14, 255,
       58, 12, 175, 168, 61, 190, 120, 141, 27, 203, 98, 141, 118, 147,
       238, 245, 101, 64, 222, 199, 41, 8, 182, 196, 110, 168, 23, 239,
       205, 185, 4, 255, 50, 108, 170, 128, 63, 158, 248, 220, 14, 12,
       113, 255, 119, 247, 250, 216, 95, 70, 124, 130, 249, 79, 181, 108,
       126, 249, 151, 239, 162, 180, 61, 255, 71, 223, 138, 129, 183,
       255, 84, 251, 63, 75, 98, 142, 86, 147, 234, 112, 213, 192, 213,
       231, 105, 200, 183, 228, 126, 168, 151, 239, 205, 179, 12, 223,
       50, 108, 171, 136, 127, 175, 120, 213, 10, 136, 146, 159, 85, 229,
       51, 194, 30, 13, 76, 3, 172, 214, 39, 192, 201, 123, 131, 80, 6,
       152, 90, 255, 13, 55, 154, 75, 18, 13, 61, 202, 57, 79, 99, 78,
       94, 147, 206, 120, 213, 64, 249, 238, 115, 200, 181, 228, 126,
       168, 22, 239, 201, 179, 44, 189, 50, 12, 161, 136, 127, 175, 120,
       181, 6, 149, 246, 136, 231, 246, 188, 103, 141, 17, 91, 179, 76,
       254, 62, 205, 255, 31, 151, 177, 148, 179, 16, 196, 29, 54, 218,
       199, 149, 78, 169, 215, 27, 73, 111, 197, 198, 86, 239, 118, 100,
       224, 222, 130, 89, 61, 183, 96, 126, 228, 59, 238, 193, 184, 53,
       204, 119, 47, 239, 128, 39, 242, 117, 232, 151, 35, 107, 163, 180,
       139, 235, 17, 92, 232, 83, 231, 215, 76, 188, 224, 254, 45, 31,
       125, 185, 176, 101, 142, 172, 220, 170, 208, 140, 139, 209, 113,
       25, 157, 102, 237, 87, 86, 255, 251, 85, 64, 126, 2, 89, 125, 190,
       225, 126, 220, 151, 238, 252, 186, 53, 143, 119, 239, 226, 133,
       39, 174, 124, 240, 87, 63, 217, 165, 178, 42, 46, 184, 40, 232,
       58, 231, 223, 38, 129, 242, 54, 69, 124, 231, 197, 144, 221, 78,
       188, 164, 47, 148, 44, 243, 3, 81, 75, 105, 218, 240, 230, 140,
       61, 135, 169, 146, 18, 8, 188, 147, 69, 218, 166, 127, 183, 85,
       64, 92, 130, 224, 245, 185, 94, 170, 132, 112, 171, 171, 110, 169,
       240, 231, 239, 84, 254, 153, 139, 181, 61, 139, 233, 63, 95, 174,
       175, 215, 247, 219, 214, 122, 234, 225, 111, 217, 207, 175, 167,
       246, 223, 207, 15, 143, 98, 131, 247, 251, 234, 226, 205, 196,
       159, 167, 237, 104, 190, 133, 58, 227, 159, 255, 148, 169, 44,
       236, 62, 89, 47, 193, 231, 207, 125, 212, 1, 151, 78, 77, 158, 18,
       185, 49, 68, 192, 255, 230, 209, 58, 150, 99, 110, 164, 30, 172,
       253, 168, 117, 204, 110, 169, 174, 192, 45, 162, 233, 21, 93, 239,
       144, 166, 187, 152, 22, 173, 171, 160, 136, 105, 239, 234, 64,
       210, 150, 255, 236, 99, 95, 75, 202, 171, 184, 229, 47, 63, 168,
       118, 139, 15, 38, 77, 98, 222, 220, 163, 142, 230, 214, 0, 216, 2,
       96, 232, 53, 64, 89, 234, 2, 194, 226, 171, 10, 255, 50, 46, 143,
       136, 21, 123, 112, 136, 253, 86, 109, 232, 174, 118, 95, 220, 81,
       254, 180, 247, 91, 29, 187, 239, 127, 212, 221, 254, 237, 103,
       245, 138, 242, 251, 231, 156, 175, 253, 252, 117, 180, 115, 74,
       224, 220, 39, 195, 88, 86, 237, 245, 127, 3, 201, 250, 8, 124,
       136, 6, 243, 139, 183, 120, 146, 216, 197, 161, 252, 253, 139,
       248, 209, 207, 221, 228, 86, 229, 120, 255, 191, 121, 218, 189,
       120, 216, 119, 223, 255, 183, 198, 253, 122, 245, 79, 168, 226,
       126, 127, 231, 223, 142, 247, 203, 119, 157, 45, 35, 99, 149, 143,
       67, 240, 125, 160, 170, 69, 202, 129, 81, 132, 184, 230, 72, 95,
       169, 185, 25, 238, 169, 220, 7, 86, 202, 39, 112, 62, 190, 28,
       118, 255, 245, 54, 122, 16, 93, 134, 119, 18, 73, 127, 181, 207,
       126, 245, 183, 250, 188, 244, 85, 236, 199, 251, 195, 195, 183,
       173, 124, 131, 233, 153, 146, 124, 205, 141, 118, 187, 250, 27,
       96, 28, 190, 241, 96, 114, 193, 66, 106, 76, 114, 111, 218, 51,
       223, 255, 80, 90, 90, 40, 227, 131, 6, 9, 146, 139, 237, 225, 190,
       202, 15, 128, 89, 2, 204, 226, 33, 76, 218, 123, 163, 83, 2, 178,
       10, 240, 5, 52, 139, 11, 146, 127, 37, 134, 186, 188, 98, 250,
       239, 245, 156, 215, 155, 95, 188, 63, 8, 253, 118, 173, 237, 187,
       151, 149, 183, 111, 58, 243, 27, 95, 223, 255, 223, 77, 252, 215,
       75, 18, 120, 224, 102, 8, 248, 16, 233, 72, 180, 230, 159, 15,
       212, 34, 110, 129, 23, 141, 129, 32, 100, 192, 214, 217, 170, 184,
       79, 140, 81, 153, 26, 143, 106, 140, 214, 210, 190, 103, 181, 4,
       222, 163, 41, 174, 166, 196, 110, 191, 151, 193, 92, 153, 4, 239,
       50, 103, 170, 131, 55, 132, 173, 221, 22, 24, 246, 233, 175, 126,
       250, 16, 205, 142, 251, 3, 207, 127, 55, 206, 255, 245, 191, 179,
       156, 180, 83, 194, 143, 255, 203, 195, 167, 175, 109, 7, 218, 62,
       246, 84, 107, 121, 188, 115, 249, 207, 54, 191, 108, 252, 198,
       191, 167, 119, 247, 1, 180, 235, 166, 232, 26, 91, 125, 139, 199,
       228, 175, 215, 175, 119, 65, 65, 123, 29, 110, 156, 33, 232, 52,
       236, 235, 71, 203, 181, 22, 200, 214, 126, 231, 20, 253, 251, 38,
       88, 37, 182, 126, 191, 74, 245, 94, 71, 199, 5, 146, 10, 46, 253,
       57, 166, 226, 229, 111, 103, 137, 213, 54, 205, 197, 230, 113,
       212, 133, 78, 176, 230, 79, 130, 39, 244, 35, 89, 12, 55, 120,
       101, 114, 171, 122, 51, 61, 172, 127, 231, 93, 67, 136, 16, 54,
       191, 7, 186, 208, 144, 5, 14, 102, 237, 33, 192, 111, 162, 131,
       145, 102, 42, 227, 224, 228, 35, 203, 216, 5, 135, 221, 235, 9,
       13, 245, 76, 94, 221, 151, 243, 136, 162, 101, 234, 86, 86, 171,
       173, 183, 255, 116, 225, 103, 80, 227, 212, 199, 22, 111, 117, 25,
       194, 87, 206, 88, 238, 183, 252, 126, 253, 179, 206, 201, 151,
       180, 202, 51, 111, 141, 130, 47, 254, 248, 53, 6, 59, 248, 211,
       226, 162, 187, 210, 26, 237, 87, 231, 12, 47, 199, 8, 102, 127,
       151, 211, 146, 216, 228, 224, 94, 1, 62, 227, 165, 209, 165, 243,
       170, 188, 186, 218, 239, 245, 188, 199, 159, 95, 156, 55, 140,
       254, 118, 169, 237, 251, 151, 145, 183, 111, 58, 243, 123, 95,
       223, 251, 223, 92, 189, 223, 255, 94, 252, 225, 173, 118, 93, 158,
       89, 254, 182, 191, 219, 61, 215, 239, 207, 213, 253, 183, 237,
       119, 253, 226, 243, 223, 247, 151, 175, 253, 124, 127, 183, 211,
       107, 200, 236, 3, 207, 221, 68, 72, 221, 246, 81, 223, 184, 96,
       126, 152, 23, 250, 217, 179, 45, 212, 240, 200, 175, 196, 189,
       251, 240, 177, 55, 161, 235, 128, 118, 82, 233, 81, 3, 232, 150,
       231, 81, 140, 246, 32, 126, 172, 55, 253, 157, 251, 165, 200, 90,
       13, 175, 196, 175, 172, 112, 245, 8, 228, 56, 187, 85, 199, 181,
       223, 22, 7, 92, 18, 189, 157, 58, 128, 217, 27, 147, 1, 98, 180,
       112, 191, 229, 199, 190, 33, 85, 88, 189, 170, 165, 126, 89, 75,
       122, 11, 103, 184, 100, 232, 117, 236, 215, 71, 137, 53, 30, 88,
       70, 110, 233, 52, 105, 60, 38, 137, 33, 180, 126, 187, 66, 177,
       49, 207, 99, 220, 86, 163, 202, 246, 196, 0, 216, 230, 49, 201,
       177, 64, 106, 234, 23, 200, 138, 171, 4, 191, 112, 44, 170, 136,
       53, 152, 112, 168, 68, 233, 131, 192, 212, 128, 234, 196, 170,
       128, 72, 2, 56, 130, 113, 0, 234, 233, 19, 208, 66, 26, 146, 224,
       61, 132, 143, 40, 5, 18, 35, 136, 83, 121, 105, 165, 178, 78, 175,
       53, 40, 224, 30, 230, 221, 38, 146, 98, 38, 101, 125, 239, 209,
