%YAML:1.0
---
descriptors: !!opencv-matrix
   rows: 156
   cols: 32
   dt: u
   data: [ 131, 159, 100, 170, 182, 145, 158, 253, 141, 68, 25, 167, 173,
       206, 190, 65, 214, 43, 151, 247, 246, 9, 62, 253, 170, 88, 142,
       234, 28, 143, 185, 221, 129, 216, 59, 89, 112, 197, 169, 214, 126,
       75, 116, 16, 188, 151, 165, 108, 243, 42, 18, 72, 163, 188, 51,
       127, 71, 30, 50, 0, 80, 145, 97, 249, 1, 147, 47, 204, 60, 135,
       233, 127, 132, 76, 222, 70, 48, 135, 178, 96, 252, 44, 63, 236,
       209, 139, 35, 221, 211, 57, 170, 200, 24, 136, 240, 121, 15, 149,
       0, 130, 253, 221, 254, 173, 207, 89, 153, 74, 204, 88, 126, 164,
       203, 3, 218, 113, 215, 41, 92, 221, 62, 92, 143, 126, 94, 14, 217,
       134, 3, 179, 174, 157, 252, 155, 184, 123, 223, 249, 215, 247,
       236, 232, 54, 65, 255, 239, 255, 181, 182, 251, 79, 221, 222, 87,
       255, 207, 221, 44, 185, 151, 186, 206, 98, 206, 82, 18, 30, 231,
       21, 6, 222, 167, 41, 47, 166, 81, 110, 147, 143, 199, 236, 143,
       69, 239, 242, 103, 254, 145, 55, 244, 190, 90, 157, 222, 109, 229,
       36, 6, 239, 184, 84, 230, 214, 70, 209, 53, 145, 105, 126, 204,
       22, 234, 233, 244, 125, 174, 100, 139, 231, 4, 45, 249, 112, 112,
       159, 149, 98, 161, 247, 55, 250, 90, 93, 105, 221, 87, 8, 56, 190,
       172, 255, 139, 150, 189, 191, 186, 21, 198, 30, 95, 154, 198, 223,
       77, 249, 135, 195, 221, 55, 222, 111, 213, 190, 252, 202, 90, 24,
       110, 252, 252, 61, 227, 134, 115, 247, 67, 231, 39, 186, 249, 55,
       115, 110, 186, 28, 95, 21, 223, 29, 29, 122, 126, 91, 228, 19,
       114, 212, 64, 237, 6, 124, 255, 32, 112, 254, 187, 146, 128, 49,
       139, 58, 95, 83, 239, 34, 74, 251, 99, 33, 243, 137, 200, 119,
       211, 36, 157, 236, 151, 126, 57, 114, 82, 155, 156, 180, 233, 175,
       10, 54, 141, 195, 188, 53, 245, 5, 217, 122, 192, 84, 152, 193,
       173, 126, 220, 232, 230, 143, 125, 215, 152, 19, 255, 159, 31, 91,
       124, 95, 42, 157, 215, 253, 99, 156, 99, 251, 162, 251, 95, 69,
       191, 231, 127, 212, 115, 254, 126, 254, 100, 43, 114, 91, 216,
       243, 254, 181, 169, 91, 253, 215, 191, 159, 245, 253, 243, 173,
       103, 170, 232, 211, 219, 97, 191, 231, 247, 110, 119, 3, 159, 34,
       138, 255, 153, 190, 229, 204, 72, 216, 239, 172, 12, 62, 132, 238,
       131, 219, 245, 247, 59, 68, 255, 62, 20, 142, 235, 95, 14, 185,
       223, 143, 243, 118, 161, 253, 31, 254, 245, 109, 120, 214, 231,
       207, 56, 159, 231, 238, 199, 222, 245, 253, 251, 93, 204, 190, 91,
       175, 198, 239, 252, 249, 157, 42, 245, 113, 202, 95, 213, 191,
       252, 143, 120, 188, 110, 120, 220, 236, 164, 253, 209, 215, 235,
       195, 35, 122, 253, 55, 92, 175, 190, 87, 30, 245, 255, 15, 183,
       118, 235, 183, 151, 222, 189, 95, 105, 85, 231, 109, 93, 190, 164,
       151, 27, 151, 253, 247, 184, 45, 255, 42, 223, 173, 231, 63, 142,
       217, 21, 129, 216, 119, 91, 36, 217, 172, 181, 238, 89, 115, 242,
       184, 220, 252, 229, 111, 27, 50, 155, 215, 188, 110, 245, 44, 24,
       254, 196, 93, 14, 241, 173, 21, 94, 107, 247, 116, 134, 239, 112,
       124, 200, 123, 230, 93, 238, 180, 32, 126, 233, 23, 239, 225, 178,
       36, 206, 116, 174, 170, 128, 109, 187, 115, 241, 11, 26, 202, 187,
       114, 198, 120, 23, 63, 73, 86, 245, 189, 159, 178, 88, 246, 47,
       191, 156, 167, 156, 21, 255, 70, 127, 186, 128, 158, 132, 169,
       217, 43, 63, 110, 201, 124, 159, 250, 91, 79, 104, 254, 230, 153,
       156, 150, 228, 254, 175, 127, 221, 151, 186, 247, 222, 54, 125,
       163, 192, 95, 142, 248, 213, 21, 78, 206, 253, 54, 131, 238, 114,
       20, 170, 219, 230, 81, 169, 176, 64, 126, 236, 55, 239, 233, 186,
       13, 222, 244, 174, 239, 128, 61, 186, 112, 161, 138, 87, 107, 237,
       126, 19, 255, 117, 45, 108, 214, 231, 237, 15, 182, 69, 110, 157,
       223, 239, 228, 147, 229, 207, 246, 125, 170, 128, 55, 148, 181,
       253, 90, 106, 247, 255, 58, 170, 121, 126, 55, 173, 242, 161, 239,
       239, 1, 89, 255, 247, 239, 128, 40, 217, 203, 253, 219, 247, 255,
       145, 32, 144, 37, 107, 131, 152, 183, 153, 101, 236, 184, 7, 126,
       91, 66, 117, 188, 158, 116, 104, 167, 43, 51, 21, 151, 220, 51,
       211, 12, 22, 58, 194, 156, 4, 161, 221, 136, 148, 250, 251, 114,
       230, 57, 87, 62, 71, 103, 17, 61, 159, 34, 88, 255, 59, 19, 144,
       54, 188, 48, 119, 79, 143, 50, 65, 209, 128, 165, 218, 30, 85,
       123, 236, 118, 194, 255, 112, 20, 68, 221, 167, 89, 223, 177, 96,
       126, 189, 23, 235, 233, 147, 52, 222, 118, 173, 171, 132, 61, 187,
       53, 243, 202, 181, 181, 91, 249, 221, 181, 239, 191, 63, 44, 24,
       172, 247, 76, 23, 129, 31, 235, 16, 114, 93, 251, 215, 175, 242,
       95, 127, 210, 64, 135, 235, 122, 21, 87, 236, 139, 66, 84, 107,
       161, 4, 234, 11, 79, 191, 32, 211, 248, 181, 189, 160, 88, 139,
       146, 132, 179, 241, 202, 31, 50, 100, 164, 26, 63, 37, 232, 163,
       181, 191, 90, 137, 95, 225, 191, 79, 74, 104, 95, 132, 249, 138,
       151, 53, 158, 178, 93, 246, 186, 93, 133, 119, 239, 207, 216, 70,
       129, 221, 115, 219, 236, 157, 239, 255, 236, 82, 120, 66, 185,
       216, 244, 229, 43, 58, 90, 74, 195, 60, 62, 241, 37, 24, 6, 104,
       92, 152, 193, 172, 59, 115, 99, 203, 118, 147, 235, 80, 117, 72,
       255, 230, 57, 14, 180, 228, 126, 188, 23, 252, 139, 178, 101, 204,
       54, 108, 170, 128, 111, 142, 112, 245, 218, 94, 246, 254, 47, 148,
       220, 190, 153, 14, 116, 167, 109, 239, 191, 199, 198, 243, 181,
       197, 238, 141, 182, 233, 226, 251, 254, 139, 55, 212, 108, 95, 57,
       15, 235, 239, 116, 14, 107, 88, 119, 233, 255, 198, 115, 45, 144,
       112, 126, 236, 55, 236, 137, 178, 101, 143, 246, 237, 163, 128,
       175, 170, 112, 241, 145, 216, 127, 255, 39, 198, 85, 117, 20, 77,
       214, 119, 48, 31, 162, 97, 232, 172, 63, 205, 217, 156, 113, 181,
       243, 235, 250, 130, 61, 8, 240, 123, 187, 213, 117, 216, 189, 215,
       158, 239, 95, 88, 152, 250, 76, 220, 188, 165, 159, 147, 151, 225,
       247, 43, 58, 255, 59, 94, 15, 222, 87, 140, 153, 53, 3, 191, 90,
       249, 178, 181, 185, 87, 30, 75, 124, 231, 188, 223, 238, 64, 255,
       59, 151, 148, 215, 152, 18, 211, 206, 221, 190, 194, 156, 204,
       169, 219, 175, 73, 66, 14, 93, 27, 238, 232, 85, 192, 221, 206,
       106, 200, 191, 164, 120, 232, 146, 111, 205, 179, 76, 255, 54,
       124, 133, 170, 127, 191, 120, 132, 6, 99, 230, 141, 122, 11, 186,
       232, 62, 164, 218, 167, 200, 238, 143, 64, 126, 221, 239, 231,
       128, 211, 207, 220, 252, 38, 143, 133, 7, 63, 37, 224, 190, 106,
       234, 191, 101, 209, 254, 64, 22, 198, 85, 179, 105, 205, 59, 8,
       122, 248, 147, 199, 108, 182, 106, 186, 71, 71, 137, 169, 247,
       255, 124, 210, 220, 236, 223, 118, 186, 98, 31, 238, 191, 182,
       170, 152, 111, 227, 9, 211, 51, 247, 232, 162, 120, 207, 139, 110,
       184, 166, 71, 21, 160, 240, 167, 40, 31, 251, 230, 213, 252, 24,
       111, 254, 183, 204, 246, 231, 169, 175, 215, 86, 110, 238, 127,
       220, 254, 218, 229, 232, 110, 77, 175, 172, 175, 244, 240, 221,
       249, 219, 111, 236, 46, 31, 95, 244, 68, 228, 214, 238, 123, 21,
       178, 115, 94, 244, 93, 110, 233, 143, 117, 173, 242, 235, 229,
       144, 62, 188, 208, 121, 130, 182, 181, 217, 237, 253, 185, 95, 95,
       127, 116, 52, 172, 158, 252, 109, 231, 27, 183, 24, 147, 124, 51,
       209, 13, 90, 94, 226, 210, 204, 197, 253, 163, 215, 55, 218, 239,
       149, 158, 237, 159, 122, 153, 126, 76, 220, 188, 165, 159, 19,
       223, 227, 229, 39, 106, 255, 49, 30, 79, 254, 85, 94, 129, 117,
       86, 150, 190, 179, 42, 96, 56, 138, 175, 63, 143, 179, 205, 127,
       46, 75, 231, 23, 253, 177, 54, 197, 11, 215, 207, 246, 218, 199,
       144, 67, 165, 87, 131, 212, 6, 139, 44, 145, 172, 103, 12, 115,
       90, 215, 132, 136, 182, 193, 230, 15, 59, 133, 199, 158, 215, 241,
       36, 56, 158, 138, 28, 28, 185, 221, 67, 190, 206, 189, 112, 166,
