%YAML:1.0
---
descriptors: !!opencv-matrix
   rows: 257
   cols: 32
   dt: u
   data: [ 216, 56, 31, 188, 26, 228, 25, 82, 180, 94, 134, 181, 55, 151,
       3, 91, 230, 181, 237, 144, 58, 207, 147, 76, 209, 227, 122, 155,
       160, 1, 37, 123, 104, 99, 249, 101, 224, 79, 125, 85, 97, 172, 60,
       8, 151, 53, 193, 48, 148, 188, 108, 104, 200, 186, 225, 8, 231,
       221, 37, 48, 64, 178, 70, 233, 120, 61, 248, 112, 184, 233, 85, 7,
       251, 151, 172, 56, 55, 181, 66, 26, 131, 186, 236, 16, 26, 107,
       226, 32, 219, 197, 52, 123, 226, 200, 198, 106, 139, 144, 127,
       253, 96, 172, 121, 23, 237, 89, 115, 116, 255, 219, 136, 114, 166,
       59, 118, 12, 179, 156, 162, 215, 134, 251, 58, 194, 10, 128, 3,
       171, 63, 39, 236, 199, 244, 58, 203, 89, 89, 230, 191, 159, 75,
       108, 159, 174, 123, 196, 247, 191, 188, 240, 109, 202, 94, 95,
       229, 149, 231, 239, 122, 68, 143, 122, 237, 91, 172, 29, 125, 152,
       239, 126, 21, 116, 221, 223, 223, 111, 167, 81, 127, 222, 135, 68,
       239, 240, 206, 217, 111, 252, 158, 183, 3, 245, 46, 253, 166, 88,
       219, 245, 150, 238, 159, 252, 156, 47, 8, 252, 110, 37, 221, 251,
       215, 209, 246, 107, 186, 247, 63, 30, 141, 255, 215, 93, 150, 223,
       74, 144, 183, 58, 233, 237, 177, 25, 191, 93, 115, 85, 252, 252,
       60, 124, 183, 27, 255, 21, 147, 79, 58, 213, 93, 122, 90, 202,
       218, 6, 165, 115, 149, 216, 61, 91, 46, 75, 199, 232, 236, 122,
       182, 48, 215, 85, 157, 43, 171, 80, 124, 106, 105, 229, 123, 61,
       225, 139, 103, 84, 113, 57, 197, 99, 9, 183, 16, 33, 233, 29, 164,
       191, 126, 125, 60, 124, 143, 48, 202, 164, 151, 11, 230, 28, 231,
       120, 117, 151, 110, 223, 117, 230, 90, 204, 139, 221, 10, 32, 144,
       145, 69, 253, 184, 66, 63, 23, 70, 19, 172, 158, 70, 140, 233, 27,
       131, 145, 6, 220, 19, 194, 15, 87, 218, 99, 146, 76, 61, 206, 122,
       117, 114, 108, 177, 95, 86, 121, 41, 172, 252, 9, 75, 159, 6, 148,
       158, 220, 197, 98, 76, 187, 240, 142, 179, 253, 5, 55, 99, 182,
       206, 3, 201, 30, 158, 245, 41, 188, 121, 55, 189, 223, 182, 20,
       191, 63, 2, 127, 167, 55, 253, 8, 163, 205, 243, 239, 207, 251,
       126, 146, 138, 68, 11, 123, 24, 207, 74, 252, 22, 128, 109, 119,
       212, 0, 218, 230, 57, 195, 176, 64, 110, 170, 23, 140, 200, 155,
       6, 239, 240, 175, 186, 128, 61, 152, 240, 57, 201, 148, 60, 253,
       53, 126, 121, 59, 61, 239, 214, 20, 159, 39, 18, 115, 195, 167,
       126, 140, 57, 220, 241, 223, 199, 255, 122, 144, 14, 196, 233,
       121, 90, 33, 91, 233, 51, 78, 121, 113, 45, 0, 247, 8, 159, 19, 0,
       80, 230, 149, 95, 232, 26, 155, 209, 197, 215, 249, 10, 193, 34,
       130, 39, 34, 181, 108, 202, 253, 68, 162, 239, 112, 84, 130, 213,
       82, 81, 227, 177, 104, 120, 236, 55, 138, 249, 183, 134, 234, 212,
       175, 251, 136, 189, 251, 112, 160, 111, 223, 108, 72, 251, 81,
       222, 156, 139, 126, 188, 239, 72, 92, 223, 182, 223, 212, 247,
       231, 205, 34, 238, 240, 118, 93, 229, 239, 127, 191, 222, 85, 6,
       224, 226, 147, 71, 29, 190, 200, 59, 251, 81, 155, 76, 204, 124,
       136, 191, 201, 55, 215, 210, 118, 142, 242, 31, 28, 223, 175, 197,
       127, 211, 198, 12, 108, 146, 147, 197, 167, 178, 193, 30, 163, 91,
       18, 196, 202, 107, 200, 249, 108, 130, 147, 2, 182, 24, 194, 29,
       23, 159, 71, 135, 111, 57, 128, 21, 162, 203, 235, 214, 163, 235,
       89, 86, 3, 223, 226, 81, 203, 248, 104, 125, 136, 54, 153, 154,
       182, 44, 211, 92, 142, 191, 196, 181, 202, 240, 161, 215, 92, 230,
       196, 103, 118, 122, 114, 189, 246, 23, 151, 72, 238, 247, 123,
       183, 245, 255, 167, 164, 213, 165, 202, 31, 122, 207, 135, 39,
       229, 125, 87, 111, 122, 232, 76, 110, 89, 223, 152, 75, 126, 180,
       239, 74, 12, 223, 190, 127, 196, 247, 103, 205, 38, 239, 208, 22,
       95, 97, 255, 255, 191, 94, 117, 97, 32, 65, 201, 108, 45, 225, 66,
       109, 33, 178, 8, 147, 9, 212, 58, 200, 132, 126, 29, 11, 171, 241,
       192, 213, 152, 146, 56, 76, 136, 82, 168, 134, 73, 26, 158, 69,
       133, 178, 96, 156, 132, 84, 3, 172, 218, 35, 64, 250, 57, 162, 67,
       68, 178, 2, 253, 21, 48, 139, 11, 21, 63, 61, 135, 205, 54, 191,
       101, 176, 46, 125, 51, 120, 235, 126, 84, 159, 51, 128, 57, 181,
       116, 116, 60, 177, 252, 161, 14, 239, 255, 116, 192, 202, 224,
       194, 241, 18, 164, 122, 219, 86, 163, 232, 91, 95, 3, 91, 18, 61,
       203, 184, 72, 123, 139, 23, 145, 146, 188, 8, 215, 94, 79, 186,
       196, 181, 136, 49, 128, 41, 88, 245, 69, 52, 78, 103, 190, 117,
       232, 118, 64, 211, 53, 145, 116, 122, 220, 118, 106, 233, 240,
       117, 46, 111, 238, 101, 4, 111, 185, 64, 56, 109, 115, 189, 101,
       40, 78, 119, 16, 105, 232, 191, 76, 223, 31, 67, 58, 132, 84, 125,
       74, 201, 112, 249, 0, 199, 249, 101, 52, 74, 251, 74, 115, 93, 58,
       188, 245, 173, 127, 85, 151, 123, 255, 190, 60, 159, 191, 195, 58,
       135, 231, 252, 28, 156, 125, 227, 128, 203, 251, 117, 181, 194,
       252, 199, 113, 104, 185, 184, 241, 189, 221, 81, 87, 235, 249,
       180, 29, 191, 191, 82, 186, 137, 190, 253, 24, 155, 107, 242, 176,
       203, 217, 52, 251, 202, 76, 222, 251, 149, 82, 207, 253, 38, 11,
       109, 92, 127, 218, 113, 230, 247, 75, 177, 121, 126, 233, 54, 238,
       233, 246, 110, 120, 240, 170, 231, 128, 125, 179, 99, 81, 120,
       192, 124, 229, 53, 94, 127, 189, 101, 172, 246, 10, 219, 59, 26,
       112, 120, 212, 125, 106, 200, 176, 113, 140, 247, 235, 231, 133,
       103, 186, 222, 42, 79, 124, 121, 101, 226, 63, 125, 80, 121, 170,
       54, 104, 31, 31, 197, 61, 182, 253, 215, 106, 225, 244, 176, 202,
       119, 217, 101, 166, 107, 243, 66, 163, 95, 249, 125, 133, 42, 90,
       175, 184, 40, 236, 30, 230, 221, 6, 211, 118, 38, 85, 124, 238,
       193, 16, 189, 108, 244, 137, 111, 164, 44, 179, 3, 241, 171, 186,
       34, 154, 109, 189, 184, 87, 191, 121, 212, 191, 46, 156, 198, 173,
       236, 187, 223, 1, 166, 59, 226, 213, 22, 120, 26, 251, 79, 12,
       251, 223, 138, 157, 54, 155, 245, 220, 188, 167, 191, 31, 86, 19,
       172, 62, 62, 197, 231, 27, 187, 145, 118, 220, 74, 245, 47, 83,
       222, 195, 150, 4, 173, 207, 10, 176, 176, 217, 127, 241, 184, 67,
       15, 5, 92, 163, 140, 158, 102, 8, 222, 25, 147, 145, 22, 26, 210,
       209, 79, 85, 154, 235, 150, 14, 13, 215, 43, 182, 33, 203, 127,
       149, 186, 253, 87, 89, 93, 231, 104, 221, 190, 164, 223, 26, 151,
       173, 199, 186, 126, 215, 47, 92, 155, 238, 95, 142, 181, 253, 122,
       215, 97, 76, 179, 82, 156, 175, 63, 119, 156, 191, 104, 62, 158,
       180, 255, 223, 221, 161, 238, 11, 109, 223, 58, 127, 158, 183, 55,
       84, 190, 95, 190, 87, 98, 232, 87, 211, 250, 64, 85, 64, 245, 163,
       9, 204, 54, 161, 254, 185, 151, 227, 236, 179, 4, 222, 51, 73,
       138, 139, 119, 159, 125, 215, 198, 190, 181, 186, 171, 217, 30,
       188, 251, 59, 0, 120, 236, 250, 201, 123, 135, 115, 253, 19, 230,
       79, 254, 243, 175, 82, 127, 251, 156, 84, 135, 31, 18, 188, 46,
       153, 153, 230, 189, 103, 174, 79, 158, 135, 188, 190, 54, 0, 239,
       51, 219, 133, 50, 137, 18, 223, 233, 63, 158, 210, 157, 4, 189,
       218, 59, 31, 46, 157, 245, 242, 179, 99, 188, 204, 254, 167, 124,
       230, 167, 228, 252, 175, 174, 149, 189, 155, 37, 238, 240, 39,
       170, 131, 147, 76, 60, 253, 189, 114, 81, 41, 48, 207, 67, 24, 49,
       204, 117, 252, 223, 71, 171, 28, 86, 136, 4, 126, 171, 166, 104,
       158, 202, 217, 33, 220, 122, 143, 66, 241, 40, 65, 238, 239, 85,
       86, 253, 125, 69, 5, 255, 2, 121, 125, 186, 98, 120, 158, 151,
       170, 200, 178, 125, 141, 119, 239, 242, 1, 103, 234, 244, 234, 44,
       180, 243, 76, 113, 90, 165, 75, 122, 43, 125, 120, 82, 245, 172,
       246, 120, 124, 134, 40, 115, 241, 160, 8, 53, 229, 37, 37, 211,
       104, 198, 161, 130, 168, 130, 159, 84, 163, 234, 238, 31, 131, 80,
       18, 236, 234, 56, 72, 123, 235, 23, 139, 34, 190, 10, 251, 20,
