%YAML:1.0
---
descriptors: !!opencv-matrix
   rows: 283
   cols: 32
   dt: u
   data: [ 87, 241, 109, 161, 34, 14, 175, 184, 40, 240, 26, 231, 213, 6,
       219, 114, 54, 213, 127, 255, 199, 16, 189, 68, 252, 41, 47, 164,
       44, 179, 3, 241, 134, 12, 22, 156, 77, 199, 182, 224, 156, 138,
       112, 2, 172, 242, 37, 201, 232, 105, 130, 226, 100, 191, 2, 254,
       149, 50, 202, 11, 17, 57, 61, 142, 215, 92, 102, 208, 231, 86,
       254, 112, 189, 230, 87, 167, 72, 204, 183, 235, 166, 245, 255,
       247, 228, 213, 181, 202, 23, 122, 207, 131, 39, 245, 125, 87, 111,
       114, 232, 76, 110, 80, 219, 216, 75, 254, 180, 239, 72, 204, 223,
       190, 127, 192, 247, 119, 149, 103, 238, 192, 30, 89, 225, 239,
       255, 191, 126, 245, 39, 178, 248, 201, 110, 57, 187, 88, 27, 123,
       117, 254, 93, 142, 220, 40, 191, 93, 55, 159, 147, 118, 174, 211,
       86, 127, 251, 236, 157, 239, 83, 245, 235, 59, 224, 94, 239, 249,
       220, 51, 219, 126, 181, 253, 168, 172, 214, 175, 143, 58, 247, 5,
       183, 110, 238, 243, 6, 89, 241, 187, 223, 204, 222, 213, 78, 26,
       214, 196, 35, 90, 113, 50, 169, 190, 54, 237, 142, 39, 195, 222,
       39, 116, 237, 32, 193, 85, 161, 192, 150, 243, 113, 151, 46, 165,
       13, 117, 77, 55, 208, 65, 240, 62, 41, 26, 120, 234, 127, 116,
       217, 114, 207, 254, 119, 78, 180, 60, 181, 208, 229, 202, 76, 239,
       43, 196, 142, 229, 11, 149, 2, 73, 18, 157, 79, 131, 178, 64, 188,
       128, 82, 2, 172, 210, 33, 196, 250, 41, 130, 195, 0, 179, 18, 221,
       21, 52, 11, 10, 23, 47, 57, 134, 79, 114, 235, 65, 98, 57, 249,
       83, 63, 247, 119, 255, 93, 140, 222, 120, 183, 157, 183, 183, 149,
       116, 175, 208, 94, 94, 123, 230, 239, 231, 133, 117, 7, 96, 162,
       211, 197, 247, 186, 192, 127, 163, 87, 18, 12, 222, 127, 172, 249,
       124, 146, 147, 4, 247, 186, 194, 31, 22, 159, 103, 135, 111, 57,
       150, 167, 22, 207, 157, 230, 38, 237, 31, 157, 219, 242, 246, 89,
       166, 191, 111, 127, 231, 55, 173, 177, 221, 55, 202, 22, 122, 254,
       132, 189, 252, 240, 253, 11, 182, 228, 147, 226, 123, 189, 151,
       47, 127, 29, 231, 172, 46, 222, 172, 39, 23, 151, 149, 151, 24,
       45, 241, 14, 95, 122, 231, 175, 197, 143, 221, 61, 20, 245, 103,
       52, 110, 99, 56, 117, 234, 119, 64, 211, 117, 153, 116, 123, 220,
       116, 170, 169, 240, 125, 14, 111, 238, 33, 68, 231, 171, 66, 48,
       237, 119, 121, 101, 180, 46, 119, 55, 121, 234, 62, 92, 223, 51,
       129, 59, 150, 68, 76, 46, 249, 244, 113, 10, 231, 251, 37, 132,
       200, 240, 194, 51, 77, 115, 189, 101, 44, 78, 117, 16, 105, 254,
       183, 76, 223, 23, 65, 59, 132, 212, 124, 106, 201, 112, 241, 0,
       199, 249, 101, 148, 66, 179, 70, 115, 72, 28, 190, 245, 41, 190,
       121, 55, 253, 239, 182, 29, 191, 63, 6, 123, 167, 55, 253, 5, 160,
       205, 241, 206, 207, 251, 122, 146, 138, 196, 7, 123, 124, 112, 56,
       170, 61, 143, 83, 72, 71, 140, 241, 11, 223, 218, 59, 80, 216,
       153, 95, 243, 78, 35, 91, 156, 209, 213, 171, 59, 48, 43, 118, 66,
       2, 2, 50, 155, 117, 179, 186, 68, 31, 9, 83, 19, 172, 142, 44,
       200, 252, 59, 131, 149, 22, 190, 1, 247, 148, 54, 154, 195, 148,
       13, 185, 159, 60, 117, 122, 100, 53, 95, 86, 121, 105, 172, 254,
       8, 91, 95, 15, 176, 156, 220, 213, 106, 200, 179, 113, 142, 251,
       221, 37, 21, 99, 186, 78, 123, 222, 17, 238, 197, 167, 118, 254,
       185, 113, 239, 183, 183, 73, 62, 223, 251, 255, 215, 181, 183,
       188, 241, 61, 202, 187, 255, 223, 199, 167, 245, 252, 87, 156,
       219, 106, 172, 114, 130, 123, 240, 53, 12, 126, 167, 89, 207, 178,
       80, 126, 253, 135, 231, 248, 155, 12, 111, 114, 45, 171, 205, 45,
       167, 175, 211, 123, 186, 34, 152, 125, 181, 176, 71, 159, 125,
       212, 191, 40, 156, 166, 141, 237, 187, 223, 149, 158, 43, 226,
       213, 26, 80, 152, 251, 87, 12, 254, 223, 107, 170, 244, 156, 255,
       49, 152, 239, 155, 255, 28, 191, 172, 170, 214, 142, 143, 15, 247,
       149, 150, 75, 230, 209, 14, 94, 93, 255, 150, 172, 11, 207, 93,
       249, 125, 165, 34, 94, 47, 184, 40, 252, 30, 228, 221, 22, 211,
       118, 54, 85, 124, 239, 193, 16, 237, 76, 236, 137, 47, 132, 44,
       179, 7, 117, 206, 190, 247, 211, 166, 32, 188, 151, 59, 223, 146,
       247, 136, 47, 212, 207, 231, 215, 253, 149, 179, 220, 139, 226,
       30, 122, 255, 198, 143, 212, 253, 93, 89, 148, 122, 94, 211, 240,
       49, 103, 255, 5, 111, 48, 104, 242, 46, 112, 243, 139, 162, 144,
       54, 138, 166, 215, 122, 191, 18, 75, 177, 0, 237, 79, 138, 156,
       182, 147, 247, 252, 190, 167, 63, 31, 86, 51, 172, 62, 110, 205,
       239, 91, 155, 145, 54, 252, 73, 247, 47, 118, 158, 195, 150, 92,
       189, 223, 189, 114, 25, 42, 56, 223, 67, 24, 59, 205, 117, 252,
       223, 87, 139, 124, 86, 136, 4, 126, 175, 166, 120, 30, 202, 249,
       33, 252, 122, 143, 70, 113, 170, 245, 178, 216, 251, 213, 156,
       111, 155, 255, 212, 63, 44, 252, 102, 165, 157, 123, 247, 145,
       246, 111, 178, 215, 59, 94, 157, 255, 215, 92, 159, 223, 207, 74,
       239, 123, 174, 2, 107, 152, 119, 127, 87, 246, 217, 79, 221, 107,
       55, 76, 61, 222, 142, 212, 175, 240, 78, 251, 235, 196, 175, 179,
       113, 113, 115, 159, 199, 183, 178, 2, 158, 182, 57, 233, 210, 229,
       127, 124, 150, 244, 183, 231, 61, 165, 189, 185, 45, 239, 184,
       254, 191, 210, 237, 164, 177, 93, 138, 146, 255, 251, 96, 140,
       121, 19, 253, 31, 119, 120, 191, 219, 136, 59, 167, 59, 110, 12,
       178, 220, 162, 199, 198, 251, 114, 194, 0, 128, 131, 169, 13, 247,
       112, 65, 181, 30, 124, 191, 127, 253, 63, 116, 203, 120, 222, 164,
       151, 12, 220, 60, 255, 240, 253, 214, 238, 223, 53, 230, 238, 132,
       202, 213, 120, 173, 248, 120, 186, 233, 81, 7, 179, 151, 172, 56,
       175, 183, 64, 26, 35, 186, 236, 16, 26, 107, 226, 35, 219, 231,
       52, 123, 226, 192, 199, 106, 216, 204, 31, 255, 4, 10, 108, 39,
       244, 2, 202, 80, 247, 35, 0, 83, 96, 230, 108, 10, 120, 217, 65,
       45, 225, 227, 242, 0, 32, 240, 224, 40, 43, 157, 98, 223, 87, 183,
       251, 95, 23, 77, 92, 167, 104, 223, 182, 228, 92, 42, 151, 140,
       239, 186, 126, 255, 103, 127, 138, 130, 63, 142, 120, 255, 216,
       56, 31, 252, 10, 228, 25, 82, 176, 222, 134, 49, 62, 151, 3, 91,
       165, 181, 237, 144, 42, 79, 179, 72, 211, 227, 122, 27, 160, 1,
       39, 123, 151, 166, 226, 251, 214, 163, 234, 223, 30, 3, 91, 86,
       89, 234, 188, 104, 127, 171, 23, 157, 178, 183, 12, 223, 28, 14,
       187, 196, 189, 217, 177, 128, 110, 167, 232, 193, 245, 123, 221,
       57, 27, 231, 159, 159, 75, 108, 222, 44, 63, 133, 255, 181, 188,
       227, 109, 206, 126, 95, 141, 213, 231, 238, 220, 84, 174, 39, 236,
       198, 221, 123, 202, 88, 81, 230, 189, 143, 75, 108, 159, 46, 123,
       196, 215, 255, 188, 227, 125, 234, 86, 95, 137, 151, 231, 239, 94,
       214, 28, 18, 244, 117, 42, 43, 60, 26, 189, 190, 59, 245, 207, 43,
       133, 27, 55, 85, 239, 34, 160, 244, 75, 154, 198, 247, 113, 151,
       255, 241, 7, 147, 11, 31, 46, 159, 183, 214, 190, 119, 156, 77,
       223, 167, 236, 206, 182, 229, 254, 59, 187, 133, 182, 137, 54,
       255, 103, 127, 154, 139, 22, 142, 189, 221, 110, 178, 162, 90,
       105, 253, 176, 216, 239, 89, 181, 125, 78, 220, 238, 252, 245, 26,
       255, 22, 151, 103, 186, 241, 27, 120, 17, 239, 218, 15, 111, 247,
       2, 220, 180, 155, 189, 221, 188, 175, 175, 95, 28, 35, 236, 254,
       46, 207, 231, 115, 251, 145, 118, 73, 26, 253, 175, 82, 95, 207,
       150, 84, 173, 223, 207, 114, 181, 8, 171, 117, 17, 216, 143, 254,
       180, 125, 222, 215, 203, 255, 199, 217, 238, 118, 143, 71, 251,
       208, 219, 209, 103, 254, 154, 183, 39, 119, 207, 90, 229, 115,
       172, 2, 125, 152, 127, 250, 150, 244, 217, 79, 221, 255, 247, 221,
       125, 223, 139, 212, 111, 240, 206, 251, 239, 196, 182, 183, 113,
       49, 35, 162, 244, 159, 127, 189, 184, 7, 223, 253, 81, 189, 172,
