%YAML:1.0
---
descriptors: !!opencv-matrix
   rows: 89
   cols: 32
   dt: u
   data: [ 43, 157, 106, 201, 85, 247, 235, 87, 93, 77, 94, 2, 56, 220,
       54, 100, 248, 42, 19, 185, 146, 186, 52, 223, 127, 124, 130, 192,
       151, 142, 244, 238, 153, 66, 193, 223, 70, 3, 236, 204, 86, 2, 82,
       194, 49, 202, 185, 233, 122, 202, 23, 207, 106, 244, 71, 249, 20,
       136, 242, 0, 61, 217, 112, 136, 27, 140, 35, 184, 151, 183, 152,
       103, 159, 65, 216, 151, 173, 172, 54, 192, 239, 171, 159, 149,
       159, 137, 20, 255, 185, 86, 154, 195, 191, 76, 185, 222, 34, 141,
       32, 136, 213, 193, 146, 238, 14, 13, 88, 11, 164, 156, 54, 64,
       216, 27, 147, 209, 82, 26, 72, 253, 61, 20, 138, 239, 20, 14, 53,
       139, 123, 50, 120, 100, 41, 28, 88, 17, 233, 200, 180, 237, 31,
       31, 214, 62, 134, 145, 221, 12, 205, 39, 160, 192, 210, 217, 48,
       186, 79, 132, 75, 95, 76, 168, 172, 191, 168, 195, 57, 169, 182,
       245, 7, 161, 245, 247, 75, 66, 149, 119, 249, 145, 38, 73, 203,
       61, 207, 227, 239, 233, 144, 32, 13, 82, 14, 48, 250, 241, 238,
       237, 185, 83, 43, 253, 60, 155, 157, 159, 91, 8, 175, 27, 247,
       157, 146, 118, 178, 192, 79, 221, 191, 237, 198, 197, 135, 243,
       47, 184, 229, 94, 253, 151, 200, 184, 215, 249, 112, 76, 104, 248,
       220, 167, 157, 110, 242, 29, 167, 122, 255, 253, 14, 126, 197,
       254, 223, 236, 90, 148, 22, 162, 206, 145, 234, 139, 168, 89, 38,
       53, 215, 247, 201, 135, 218, 75, 111, 141, 239, 156, 146, 219,
       207, 209, 222, 67, 251, 228, 165, 140, 165, 209, 9, 82, 119, 69,
       36, 10, 237, 50, 101, 232, 126, 228, 211, 5, 149, 117, 94, 172,
       118, 108, 201, 176, 101, 12, 166, 248, 96, 128, 111, 184, 66, 249,
       114, 74, 138, 190, 109, 132, 30, 228, 137, 14, 192, 135, 46, 227,
       35, 82, 230, 225, 173, 199, 76, 7, 138, 233, 176, 176, 202, 155,
       16, 63, 45, 75, 42, 145, 50, 202, 157, 93, 176, 105, 207, 17, 249,
       9, 174, 216, 44, 132, 248, 155, 203, 51, 94, 43, 90, 209, 153, 92,
       30, 127, 83, 14, 171, 134, 49, 29, 66, 254, 214, 135, 239, 125,
       212, 2, 217, 70, 113, 232, 176, 96, 126, 170, 22, 175, 249, 187,
       28, 159, 240, 174, 167, 128, 61, 250, 240, 128, 15, 218, 224, 155,
       242, 185, 186, 216, 31, 125, 85, 247, 12, 206, 255, 204, 255, 137,
       151, 215, 150, 20, 47, 243, 30, 93, 43, 239, 191, 159, 13, 213,
       162, 76, 26, 158, 76, 85, 188, 71, 156, 14, 80, 27, 36, 142, 39,
       73, 200, 187, 131, 131, 100, 118, 210, 203, 55, 65, 254, 43, 16,
       120, 189, 138, 171, 247, 104, 127, 37, 223, 223, 245, 85, 78, 84,
       181, 249, 109, 158, 165, 94, 106, 151, 111, 237, 188, 124, 191,
       103, 95, 172, 145, 95, 158, 222, 253, 130, 144, 16, 153, 85, 229,
       176, 67, 30, 3, 64, 19, 172, 156, 36, 200, 201, 59, 147, 17, 50,
       188, 80, 215, 13, 22, 26, 67, 144, 12, 181, 218, 59, 19, 224, 229,
       38, 22, 120, 17, 85, 104, 246, 70, 91, 41, 151, 96, 126, 133, 181,
       236, 205, 176, 53, 200, 210, 237, 162, 132, 111, 174, 120, 83, 74,
       248, 182, 87, 41, 84, 52, 143, 187, 223, 14, 37, 172, 182, 70,
       246, 133, 127, 249, 64, 198, 73, 179, 97, 175, 119, 94, 171, 130,
       116, 167, 95, 62, 120, 48, 106, 221, 255, 210, 204, 107, 164, 189,
       9, 14, 218, 103, 156, 216, 249, 199, 115, 14, 35, 88, 240, 187,
       221, 5, 127, 211, 63, 78, 135, 136, 187, 177, 217, 223, 249, 181,
       207, 94, 53, 72, 50, 174, 188, 104, 236, 195, 27, 130, 17, 18,
       120, 99, 241, 141, 213, 30, 123, 146, 72, 149, 235, 43, 4, 226,
       30, 199, 118, 190, 98, 93, 70, 125, 135, 104, 236, 183, 237, 126,
       175, 179, 167, 133, 178, 54, 200, 54, 111, 218, 139, 255, 255,
       121, 220, 95, 159, 250, 218, 255, 252, 123, 208, 171, 93, 61, 231,
       108, 255, 255, 118, 183, 243, 189, 209, 151, 1, 186, 227, 123,
       253, 175, 239, 143, 247, 77, 119, 66, 51, 247, 201, 252, 27, 248,
       91, 207, 241, 240, 238, 157, 143, 244, 96, 238, 157, 127, 249,
       147, 43, 103, 208, 222, 217, 171, 252, 150, 136, 229, 241, 127,
       30, 244, 231, 164, 59, 127, 250, 117, 238, 255, 110, 79, 111, 159,
       127, 127, 199, 204, 170, 169, 247, 109, 234, 242, 255, 247, 150,
       239, 255, 98, 117, 191, 94, 94, 244, 36, 58, 95, 242, 53, 234,
       246, 246, 95, 47, 163, 125, 127, 213, 31, 170, 233, 247, 33, 238,
       242, 251, 247, 132, 47, 249, 106, 121, 235, 87, 239, 255, 53, 86,
       93, 60, 149, 206, 94, 230, 249, 125, 191, 231, 86, 118, 189, 237,
       237, 196, 103, 175, 227, 251, 252, 131, 62, 252, 28, 125, 9, 26,
       127, 69, 36, 14, 105, 55, 109, 200, 126, 100, 187, 3, 148, 116,
       38, 44, 54, 44, 193, 188, 101, 76, 70, 249, 114, 128, 74, 128, 67,
       121, 90, 249, 190, 178, 155, 205, 48, 230, 175, 85, 136, 9, 174,
       254, 66, 82, 163, 243, 253, 81, 94, 73, 154, 241, 251, 213, 31,
       123, 128, 4, 167, 91, 3, 34, 104, 161, 110, 137, 249, 80, 175, 61,
       148, 239, 141, 139, 215, 10, 46, 129, 95, 157, 130, 99, 198, 208,
       212, 89, 186, 252, 205, 140, 9, 209, 75, 18, 211, 197, 110, 24,
       232, 80, 233, 217, 178, 230, 157, 138, 213, 234, 110, 133, 126,
       141, 133, 35, 231, 192, 150, 121, 186, 136, 77, 168, 107, 141,
       120, 157, 94, 108, 146, 134, 118, 119, 160, 132, 238, 1, 127, 235,
       34, 81, 62, 247, 237, 232, 88, 171, 144, 111, 243, 239, 100, 1,
       107, 240, 238, 26, 90, 141, 7, 188, 153, 244, 86, 231, 161, 68,
       202, 9, 111, 246, 34, 208, 224, 231, 253, 129, 126, 11, 146, 191,
       187, 247, 142, 27, 50, 100, 174, 74, 2, 16, 51, 152, 77, 197, 184,
       72, 143, 89, 81, 103, 172, 158, 117, 72, 206, 57, 191, 209, 2, 71,
       82, 213, 23, 16, 154, 235, 21, 13, 37, 247, 114, 97, 114, 225,
       109, 10, 232, 73, 105, 160, 178, 11, 11, 9, 84, 18, 234, 141, 93,
       241, 72, 179, 193, 192, 151, 216, 130, 18, 101, 136, 114, 134, 3,
       141, 38, 152, 181, 231, 185, 103, 141, 69, 218, 131, 172, 188, 54,
       100, 234, 35, 27, 149, 22, 185, 48, 255, 185, 54, 154, 195, 148,
       76, 181, 110, 32, 156, 42, 203, 116, 231, 179, 83, 92, 13, 95, 2,
       240, 220, 54, 96, 217, 58, 19, 177, 146, 184, 112, 223, 103, 15,
       170, 65, 149, 10, 117, 234, 60, 196, 130, 142, 77, 17, 134, 233,
       71, 50, 201, 3, 66, 232, 46, 196, 121, 204, 162, 226, 76, 55, 202,
       177, 50, 69, 199, 47, 51, 63, 248, 134, 61, 83, 107, 228, 102, 22,
       203, 80, 97, 232, 247, 102, 91, 9, 191, 96, 126, 140, 21, 238,
       201, 179, 53, 140, 210, 233, 162, 132, 111, 175, 112, 241, 48,
       121, 18, 78, 95, 221, 214, 228, 201, 140, 248, 14, 42, 216, 39,
       148, 232, 249, 198, 66, 78, 171, 18, 233, 51, 252, 4, 27, 75, 59,
       110, 143, 114, 201, 66, 190, 125, 192, 94, 228, 137, 4, 224, 139,
       46, 199, 35, 208, 200, 235, 151, 199, 74, 11, 66, 253, 177, 176,
       142, 59, 16, 62, 60, 202, 50, 153, 113, 74, 29, 215, 211, 105,
       207, 12, 249, 2, 42, 220, 60, 164, 216, 187, 151, 98, 90, 43, 122,
       253, 51, 156, 130, 91, 87, 14, 118, 238, 74, 209, 180, 223, 171,
       212, 60, 175, 159, 127, 70, 49, 236, 254, 110, 198, 197, 87, 187,
       1, 214, 88, 251, 241, 47, 55, 95, 195, 18, 4, 141, 95, 44, 105,
       248, 104, 245, 221, 215, 221, 67, 172, 124, 10, 59, 221, 115, 16,
       88, 250, 23, 90, 202, 50, 120, 184, 119, 221, 37, 45, 119, 255,
       222, 234, 60, 109, 112, 74, 213, 237, 211, 220, 71, 45, 252, 10,
       43, 221, 63, 52, 88, 250, 151, 122, 10, 50, 120, 189, 127, 220,
       129, 127, 247, 159, 86, 230, 66, 34, 76, 161, 106, 139, 105, 19,
       46, 61, 214, 231, 137, 131, 210, 72, 110, 141, 127, 157, 130, 210,
       199, 208, 212, 65, 251, 228, 173, 140, 33, 209, 65, 50, 199, 197,
       110, 27, 232, 81, 110, 249, 210, 230, 155, 136, 212, 235, 110,
       140, 126, 157, 133, 246, 231, 192, 22, 41, 242, 128, 109, 136,
       121, 157, 248, 105, 250, 101, 6, 78, 119, 247, 97, 164, 254, 10,
       115, 177, 3, 19, 58, 244, 236, 106, 72, 251, 177, 8, 243, 235,
