%YAML:1.0
---
descriptors: !!opencv-matrix
   rows: 179
   cols: 32
   dt: u
   data: [ 74, 159, 239, 119, 166, 254, 253, 55, 253, 206, 94, 231, 249,
       237, 150, 228, 54, 126, 181, 140, 209, 216, 164, 237, 102, 255,
       244, 128, 111, 246, 213, 125, 3, 158, 206, 149, 240, 170, 234, 55,
       60, 227, 94, 213, 177, 35, 150, 80, 111, 46, 55, 141, 181, 156, 5,
       239, 108, 62, 190, 192, 173, 164, 89, 216, 137, 147, 62, 28, 250,
       150, 189, 125, 182, 89, 86, 231, 124, 215, 170, 229, 118, 59, 187,
       237, 215, 155, 39, 221, 118, 99, 110, 202, 26, 132, 169, 253, 201,
       219, 237, 87, 230, 82, 189, 183, 118, 254, 86, 230, 185, 63, 151,
       107, 39, 118, 63, 200, 225, 216, 173, 232, 110, 43, 255, 128, 175,
       240, 213, 249, 130, 40, 166, 157, 75, 241, 185, 71, 191, 181, 198,
       179, 172, 166, 102, 79, 239, 191, 235, 144, 50, 223, 226, 209,
       159, 50, 218, 203, 135, 4, 165, 254, 34, 233, 40, 186, 252, 201,
       190, 198, 142, 93, 28, 171, 164, 141, 114, 0, 136, 123, 251, 81,
       86, 11, 234, 241, 111, 21, 158, 251, 148, 28, 151, 218, 108, 52,
       248, 195, 213, 236, 107, 82, 3, 165, 109, 27, 16, 149, 66, 84,
       111, 190, 19, 24, 0, 146, 240, 194, 93, 28, 144, 104, 166, 203,
       86, 242, 35, 13, 83, 204, 85, 183, 234, 230, 93, 1, 124, 66, 40,
       170, 181, 228, 92, 170, 146, 220, 135, 187, 36, 255, 22, 124, 146,
       139, 159, 221, 120, 172, 102, 141, 161, 186, 189, 97, 71, 175,
       135, 218, 153, 35, 244, 255, 121, 74, 217, 66, 63, 187, 90, 3, 75,
       179, 233, 222, 239, 191, 148, 123, 240, 107, 11, 221, 126, 254,
       54, 151, 223, 191, 95, 79, 86, 167, 253, 233, 190, 69, 214, 11,
       55, 143, 230, 152, 47, 255, 226, 255, 254, 130, 63, 156, 249, 93,
       255, 253, 59, 102, 242, 87, 159, 249, 153, 200, 156, 106, 120,
       253, 253, 52, 254, 247, 213, 247, 249, 131, 42, 238, 123, 93, 173,
       158, 79, 246, 166, 115, 155, 151, 98, 136, 245, 55, 250, 123, 93,
       79, 215, 215, 76, 40, 190, 196, 255, 131, 151, 173, 188, 191, 21,
       223, 186, 95, 154, 199, 159, 140, 249, 213, 3, 189, 39, 153, 149,
       215, 170, 239, 95, 217, 80, 98, 232, 124, 188, 165, 217, 123, 146,
       177, 247, 248, 109, 253, 46, 30, 143, 199, 223, 12, 249, 156, 218,
       150, 190, 183, 171, 114, 57, 175, 141, 31, 31, 179, 205, 111, 42,
       79, 231, 23, 173, 133, 54, 205, 171, 213, 207, 243, 218, 199, 134,
       77, 165, 115, 214, 221, 126, 178, 242, 228, 127, 214, 185, 95, 94,
       151, 61, 255, 59, 81, 231, 251, 55, 213, 178, 221, 178, 231, 127,
       57, 174, 201, 165, 208, 165, 251, 19, 19, 111, 173, 31, 134, 121,
       88, 143, 252, 211, 199, 121, 207, 54, 66, 124, 173, 63, 239, 138,
       144, 63, 221, 159, 105, 139, 196, 61, 47, 49, 242, 55, 194, 238,
       157, 122, 130, 235, 120, 150, 148, 213, 231, 225, 206, 191, 75,
       126, 229, 127, 255, 138, 195, 111, 221, 28, 42, 235, 140, 181,
       171, 52, 228, 155, 86, 110, 231, 166, 18, 254, 245, 21, 78, 215,
       247, 121, 47, 187, 201, 126, 199, 151, 238, 237, 149, 37, 238,
       242, 235, 254, 133, 39, 222, 252, 121, 42, 92, 106, 191, 87, 209,
       187, 103, 20, 71, 92, 179, 60, 253, 51, 64, 232, 59, 147, 129, 34,
       190, 50, 255, 103, 39, 154, 9, 215, 156, 244, 250, 29, 78, 218,
       237, 36, 59, 111, 90, 117, 134, 78, 36, 195, 131, 179, 237, 90,
       108, 38, 110, 76, 148, 101, 8, 194, 235, 97, 0, 50, 249, 104, 196,
       49, 202, 238, 157, 94, 155, 234, 248, 214, 224, 212, 206, 115,
       232, 183, 33, 123, 232, 126, 237, 173, 251, 70, 253, 94, 15, 231,
       236, 253, 169, 120, 140, 42, 189, 185, 232, 253, 247, 219, 255,
       31, 237, 188, 47, 124, 253, 119, 32, 159, 219, 215, 49, 191, 43,
       122, 222, 123, 95, 45, 255, 223, 76, 94, 251, 123, 148, 181, 198,
       253, 87, 156, 125, 27, 239, 157, 127, 76, 124, 190, 164, 159, 23,
       245, 37, 245, 111, 57, 223, 59, 95, 93, 191, 223, 110, 255, 127,
       2, 171, 44, 155, 252, 201, 181, 231, 142, 29, 88, 171, 164, 236,
       118, 0, 137, 107, 99, 85, 22, 106, 74, 117, 109, 22, 126, 235, 84,
       73, 149, 219, 148, 95, 94, 179, 166, 35, 190, 240, 156, 138, 23,
       247, 93, 105, 179, 75, 127, 97, 159, 227, 228, 181, 12, 238, 240,
       195, 239, 129, 61, 249, 185, 145, 130, 138, 134, 157, 65, 225,
       184, 71, 191, 23, 66, 147, 172, 174, 36, 76, 233, 59, 171, 145,
       54, 220, 66, 231, 13, 54, 218, 195, 128, 4, 165, 222, 149, 99,
       107, 79, 20, 11, 231, 120, 100, 160, 243, 66, 211, 72, 156, 33,
       120, 204, 94, 107, 233, 177, 109, 60, 180, 168, 167, 20, 101, 187,
       112, 32, 191, 203, 66, 94, 75, 147, 78, 248, 149, 132, 245, 198,
       105, 198, 191, 245, 126, 249, 134, 238, 236, 135, 46, 255, 50, 72,
       199, 137, 123, 183, 106, 148, 253, 97, 67, 174, 92, 3, 78, 248,
       85, 224, 211, 202, 83, 193, 185, 229, 120, 236, 30, 239, 205, 151,
       205, 159, 176, 40, 165, 188, 63, 191, 112, 36, 131, 221, 123, 223,
       244, 153, 254, 247, 237, 74, 248, 230, 185, 124, 188, 230, 238,
       243, 94, 207, 231, 62, 124, 239, 54, 124, 166, 138, 127, 218, 249,
       157, 41, 169, 234, 73, 213, 217, 227, 215, 119, 69, 124, 6, 171,
       232, 246, 164, 88, 170, 130, 216, 151, 184, 118, 181, 111, 217,
       134, 105, 231, 140, 222, 220, 250, 188, 164, 148, 203, 118, 156,
       103, 145, 238, 150, 63, 104, 62, 86, 15, 237, 247, 253, 135, 252,
       79, 243, 238, 123, 115, 223, 187, 143, 100, 190, 95, 137, 122,
       237, 119, 118, 154, 125, 181, 183, 254, 86, 231, 121, 111, 147,
       99, 39, 117, 181, 206, 225, 252, 173, 232, 110, 235, 245, 128, 39,
       182, 92, 249, 120, 246, 137, 175, 137, 77, 69, 237, 180, 79, 167,
       60, 247, 38, 11, 219, 73, 198, 238, 160, 107, 67, 235, 3, 245,
       167, 254, 57, 152, 90, 174, 120, 217, 63, 26, 146, 223, 253, 177,
       230, 252, 206, 222, 63, 190, 176, 163, 201, 163, 107, 206, 81, 53,
       169, 35, 110, 220, 7, 126, 75, 200, 73, 45, 219, 206, 250, 253,
       125, 171, 82, 93, 185, 147, 223, 23, 176, 249, 127, 222, 239, 23,
       87, 253, 162, 227, 68, 235, 153, 79, 251, 229, 159, 175, 228, 69,
       115, 157, 180, 109, 35, 135, 251, 229, 89, 84, 119, 119, 150, 211,
       76, 218, 45, 59, 12, 226, 63, 191, 244, 125, 134, 207, 195, 103,
       69, 239, 142, 221, 246, 178, 207, 126, 238, 58, 66, 30, 237, 189,
       12, 252, 163, 111, 175, 34, 81, 254, 255, 133, 226, 104, 155, 0,
       239, 179, 247, 78, 131, 49, 50, 175, 11, 130, 148, 124, 211, 194,
       114, 185, 59, 116, 115, 79, 50, 88, 55, 158, 105, 99, 31, 19, 169,
       177, 220, 61, 223, 79, 47, 250, 197, 151, 192, 189, 242, 197, 39,
       222, 209, 252, 42, 171, 72, 250, 177, 49, 242, 221, 98, 221, 171,
       55, 87, 86, 250, 179, 113, 140, 202, 12, 154, 39, 100, 197, 225,
       75, 164, 126, 190, 170, 236, 111, 118, 159, 250, 19, 238, 157, 47,
       108, 253, 215, 22, 223, 253, 245, 167, 237, 71, 249, 170, 251,
       127, 173, 191, 143, 119, 62, 91, 66, 147, 172, 159, 168, 36, 188,
       175, 142, 95, 143, 183, 236, 110, 14, 74, 199, 87, 253, 133, 22,
       201, 219, 241, 143, 51, 222, 211, 132, 64, 141, 87, 191, 255, 119,
       222, 126, 215, 223, 120, 217, 200, 116, 102, 125, 255, 181, 53,
       182, 121, 23, 239, 225, 235, 58, 239, 122, 91, 173, 202, 79, 166,
       98, 253, 11, 132, 39, 172, 85, 246, 106, 102, 253, 65, 75, 18, 92,
       254, 56, 240, 241, 44, 18, 173, 181, 149, 52, 207, 51, 126, 138,
       68, 130, 135, 113, 228, 212, 201, 126, 252, 142, 195, 23, 229,
       156, 182, 150, 34, 95, 255, 32, 67, 98, 245, 191, 99, 120, 205,
       10, 168, 249, 227, 111, 95, 53, 56, 173, 35, 32, 95, 59, 254, 188,
       195, 87, 51, 214, 138, 220, 98, 182, 247, 161, 96, 200, 122, 31,
       2, 106, 138, 98, 191, 226, 183, 162, 147, 144, 123, 116, 43, 217,
       89, 126, 92, 35, 84, 125, 53, 248, 206, 118, 2, 125, 255, 146,
       115, 38, 117, 253, 202, 224, 197, 178, 233, 243, 235, 126, 129,
       38, 176, 167, 107, 15, 63, 254, 183, 182, 159, 249, 182, 255, 238,
