%YAML:1.0
---
descriptors: !!opencv-matrix
   rows: 167
   cols: 32
   dt: u
   data: [ 91, 114, 123, 200, 122, 86, 57, 84, 172, 76, 246, 230, 28,
       150, 167, 240, 230, 149, 223, 244, 129, 135, 179, 192, 19, 161,
       170, 138, 9, 144, 39, 253, 67, 185, 182, 156, 189, 157, 150, 239,
       207, 140, 136, 13, 174, 248, 102, 134, 200, 99, 235, 69, 86, 107,
       210, 253, 185, 52, 15, 59, 88, 44, 155, 78, 30, 156, 53, 187, 189,
       215, 218, 232, 159, 127, 208, 3, 239, 255, 46, 129, 221, 179, 151,
       177, 62, 105, 91, 255, 171, 215, 207, 215, 215, 12, 29, 215, 206,
       250, 164, 191, 175, 213, 188, 156, 191, 223, 21, 247, 236, 254,
       222, 207, 167, 115, 255, 215, 247, 77, 138, 243, 142, 82, 255,
       251, 158, 52, 157, 87, 254, 245, 252, 70, 187, 115, 159, 252, 19,
       230, 255, 191, 75, 125, 151, 181, 31, 247, 245, 231, 237, 231,
       253, 175, 122, 127, 237, 151, 239, 247, 222, 119, 41, 166, 213,
       81, 244, 186, 232, 127, 127, 123, 122, 86, 153, 32, 148, 164, 123,
       14, 6, 156, 179, 248, 101, 215, 12, 190, 242, 196, 239, 200, 115,
       172, 85, 237, 172, 191, 152, 6, 111, 248, 54, 246, 203, 133, 241,
       99, 27, 83, 121, 238, 123, 238, 120, 211, 219, 63, 253, 174, 239,
       20, 184, 243, 178, 242, 188, 76, 114, 108, 85, 83, 82, 120, 85, 0,
       244, 11, 11, 25, 55, 17, 248, 140, 134, 98, 108, 183, 65, 142,
       243, 237, 32, 21, 115, 173, 122, 130, 173, 69, 65, 71, 244, 14,
       111, 184, 116, 226, 127, 68, 211, 97, 153, 180, 121, 76, 54, 238,
       225, 176, 93, 14, 108, 175, 165, 4, 111, 251, 82, 176, 167, 207,
       199, 79, 214, 59, 174, 248, 84, 162, 91, 230, 97, 96, 189, 229,
       127, 238, 38, 239, 229, 244, 109, 239, 44, 46, 231, 132, 255, 255,
       248, 165, 70, 143, 150, 151, 141, 240, 188, 167, 190, 155, 218,
       19, 236, 250, 101, 207, 225, 119, 187, 147, 54, 205, 139, 227, 63,
       114, 222, 203, 130, 85, 189, 14, 66, 141, 59, 92, 205, 196, 181,
       103, 201, 84, 232, 11, 60, 188, 54, 97, 232, 51, 115, 1, 84, 43,
       178, 245, 115, 56, 82, 43, 81, 12, 247, 202, 204, 174, 173, 176,
       172, 233, 93, 142, 186, 247, 148, 185, 151, 237, 83, 11, 131, 247,
       253, 19, 58, 77, 234, 51, 221, 195, 125, 253, 164, 249, 151, 114,
       60, 89, 126, 103, 166, 198, 255, 176, 84, 204, 119, 2, 83, 93,
       151, 96, 122, 244, 21, 234, 200, 176, 61, 44, 103, 175, 165, 129,
       103, 187, 116, 115, 89, 189, 57, 104, 185, 221, 83, 187, 103, 105,
       174, 12, 191, 215, 64, 112, 148, 154, 92, 24, 155, 9, 243, 21,
       251, 221, 37, 126, 186, 130, 67, 59, 125, 121, 56, 102, 61, 157,
       210, 112, 195, 168, 188, 12, 191, 217, 83, 176, 152, 236, 92, 127,
       201, 35, 248, 188, 251, 221, 37, 56, 74, 11, 90, 10, 189, 121,
       106, 228, 116, 31, 75, 112, 65, 232, 245, 76, 115, 73, 19, 48,
       220, 168, 85, 111, 201, 182, 112, 30, 243, 205, 161, 48, 109, 171,
       90, 243, 255, 253, 96, 102, 205, 127, 222, 252, 195, 230, 189, 15,
       75, 252, 223, 183, 253, 198, 221, 239, 236, 35, 252, 250, 251, 95,
       197, 63, 247, 255, 254, 214, 91, 48, 58, 232, 9, 180, 248, 82,
       173, 69, 132, 7, 141, 142, 86, 90, 238, 149, 251, 149, 142, 11,
       211, 192, 211, 249, 154, 122, 11, 4, 43, 156, 12, 157, 124, 123,
       180, 207, 127, 185, 126, 29, 127, 32, 255, 243, 136, 112, 87, 90,
       127, 122, 242, 176, 123, 63, 239, 255, 37, 196, 208, 203, 198,
       163, 123, 112, 40, 172, 13, 20, 89, 88, 227, 20, 172, 15, 170,
       202, 118, 82, 204, 133, 123, 173, 142, 3, 211, 209, 211, 249, 139,
       60, 27, 174, 122, 84, 56, 81, 26, 234, 85, 206, 114, 80, 37, 4,
       233, 3, 31, 27, 43, 144, 248, 153, 134, 112, 30, 178, 80, 132,
       243, 205, 34, 65, 115, 139, 110, 130, 13, 190, 143, 31, 223, 255,
       103, 222, 118, 255, 238, 182, 243, 102, 202, 236, 121, 238, 234,
       154, 167, 248, 255, 62, 127, 231, 247, 5, 227, 95, 124, 250, 98,
       180, 152, 90, 201, 245, 84, 207, 187, 31, 172, 25, 44, 255, 78,
       26, 205, 155, 235, 144, 54, 107, 210, 243, 127, 215, 20, 123, 211,
       84, 174, 139, 60, 189, 120, 233, 214, 247, 95, 218, 22, 173, 252,
       2, 89, 127, 43, 16, 123, 219, 23, 250, 26, 50, 121, 62, 127, 205,
       165, 101, 243, 251, 238, 146, 102, 107, 18, 142, 73, 65, 58, 200,
       175, 164, 224, 137, 236, 206, 101, 214, 220, 253, 235, 226, 78, 3,
       202, 249, 149, 48, 139, 63, 16, 63, 39, 134, 238, 122, 162, 156,
       233, 180, 188, 194, 171, 158, 144, 189, 44, 238, 103, 223, 239,
       247, 239, 147, 4, 71, 178, 226, 147, 113, 223, 187, 130, 117, 47,
       87, 32, 213, 123, 79, 244, 207, 239, 253, 84, 5, 127, 2, 113, 117,
       188, 96, 120, 10, 2, 106, 211, 176, 60, 63, 103, 45, 32, 64, 119,
       154, 244, 224, 3, 183, 113, 203, 244, 189, 234, 83, 126, 73, 120,
       230, 189, 138, 252, 164, 126, 11, 22, 29, 147, 184, 36, 221, 44,
       220, 170, 224, 221, 130, 195, 189, 39, 204, 193, 207, 252, 163,
       110, 222, 31, 67, 121, 242, 112, 97, 189, 116, 91, 202, 22, 14,
       187, 62, 77, 247, 52, 62, 130, 250, 189, 219, 208, 164, 149, 124,
       125, 103, 114, 43, 127, 184, 127, 250, 127, 228, 223, 119, 137,
       51, 55, 213, 127, 126, 161, 208, 109, 126, 236, 142, 103, 132,
       237, 243, 67, 241, 226, 88, 175, 222, 79, 244, 153, 66, 153, 222,
       212, 183, 44, 190, 55, 107, 236, 243, 183, 195, 165, 79, 178, 233,
       83, 115, 218, 139, 135, 117, 55, 255, 154, 143, 101, 169, 54, 139,
       111, 53, 5, 5, 94, 231, 237, 15, 176, 65, 102, 163, 31, 237, 240,
       152, 5, 221, 238, 201, 170, 192, 55, 142, 181, 105, 3, 203, 234,
       138, 244, 144, 254, 214, 109, 77, 92, 231, 41, 142, 182, 96, 238,
       107, 23, 223, 150, 186, 36, 225, 118, 125, 174, 201, 21, 151, 253,
       221, 10, 201, 99, 170, 244, 192, 235, 246, 12, 69, 92, 167, 189,
       141, 182, 96, 122, 107, 151, 213, 211, 186, 36, 237, 110, 125,
       174, 200, 23, 159, 245, 216, 126, 122, 182, 190, 105, 117, 152,
       88, 143, 254, 181, 173, 46, 222, 103, 159, 207, 241, 255, 23, 142,
       71, 170, 240, 147, 83, 123, 191, 218, 125, 47, 215, 121, 51, 106,
       69, 87, 30, 242, 81, 97, 232, 254, 110, 27, 24, 151, 48, 126, 140,
       214, 125, 141, 178, 245, 136, 86, 109, 160, 131, 111, 175, 122,
       23, 126, 50, 186, 250, 207, 253, 208, 73, 143, 61, 181, 59, 14,
       221, 110, 58, 237, 153, 239, 145, 30, 103, 250, 208, 219, 209,
       155, 255, 211, 15, 238, 215, 122, 16, 101, 69, 81, 94, 73, 22, 37,
       104, 250, 232, 59, 7, 148, 245, 104, 148, 253, 172, 9, 186, 245,
       204, 151, 250, 240, 144, 107, 132, 102, 124, 56, 117, 24, 232,
       120, 79, 86, 124, 33, 4, 228, 9, 55, 31, 35, 16, 156, 185, 199,
       98, 108, 3, 80, 31, 243, 197, 32, 57, 112, 51, 14, 154, 127, 255,
       255, 126, 191, 87, 95, 188, 27, 252, 94, 173, 127, 253, 247, 182,
       151, 255, 245, 247, 237, 193, 187, 253, 107, 255, 109, 159, 158,
       247, 222, 127, 166, 233, 148, 154, 237, 245, 182, 204, 143, 181,
       185, 27, 236, 202, 111, 139, 201, 123, 235, 83, 86, 103, 218, 241,
       63, 80, 207, 127, 144, 95, 175, 198, 16, 51, 59, 41, 52, 75, 113,
       88, 101, 108, 246, 225, 151, 20, 130, 96, 126, 156, 78, 97, 136,
       186, 101, 28, 192, 225, 32, 144, 100, 136, 52, 241, 39, 204, 197,
       219, 252, 171, 238, 136, 95, 51, 249, 210, 224, 104, 253, 236, 91,
       234, 19, 30, 182, 246, 79, 243, 46, 30, 223, 118, 149, 251, 208,
       164, 14, 60, 175, 186, 79, 224, 185, 66, 153, 223, 213, 179, 12,
       254, 119, 11, 233, 123, 179, 145, 20, 71, 178, 224, 87, 115, 218,
       171, 133, 109, 55, 247, 34, 189, 144, 155, 253, 253, 180, 231,
       222, 57, 120, 18, 172, 184, 100, 132, 201, 59, 162, 17, 22, 120,
       90, 247, 45, 22, 31, 123, 210, 92, 137, 142, 138, 154, 43, 190,
       111, 229, 185, 220, 158, 95, 81, 247, 172, 223, 110, 9, 255, 59,
       151, 195, 162, 62, 10, 243, 71, 17, 250, 171, 21, 29, 53, 219,
       174, 6, 166, 190, 207, 185, 148, 71, 159, 23, 69, 159, 108, 236,
