%YAML:1.0
---
descriptors: !!opencv-matrix
   rows: 139
   cols: 32
   dt: u
   data: [ 98, 32, 245, 97, 116, 11, 248, 10, 107, 185, 176, 105, 142,
       29, 84, 30, 174, 157, 125, 17, 146, 120, 193, 208, 158, 216, 17,
       246, 205, 132, 67, 135, 9, 34, 197, 81, 116, 155, 232, 19, 127,
       115, 114, 246, 185, 8, 148, 173, 127, 44, 54, 29, 183, 252, 69,
       213, 14, 30, 242, 192, 207, 140, 89, 157, 10, 159, 19, 90, 211,
       224, 59, 229, 191, 13, 125, 161, 108, 215, 44, 244, 183, 59, 135,
       130, 19, 155, 42, 247, 51, 180, 58, 203, 146, 3, 167, 243, 42,
       176, 60, 250, 239, 237, 177, 207, 143, 125, 181, 59, 140, 159, 78,
       12, 235, 27, 255, 17, 18, 111, 218, 241, 223, 209, 31, 127, 210,
       12, 135, 211, 221, 252, 191, 255, 250, 63, 55, 254, 119, 251, 246,
       119, 255, 255, 138, 119, 255, 254, 255, 46, 161, 247, 235, 255,
       254, 255, 119, 166, 235, 253, 161, 251, 18, 143, 106, 187, 242,
       178, 186, 103, 61, 5, 223, 179, 45, 174, 166, 64, 111, 187, 135,
       145, 54, 154, 5, 247, 126, 101, 186, 195, 181, 135, 173, 207, 143,
       188, 255, 251, 254, 239, 253, 255, 63, 251, 254, 86, 221, 255, 92,
       225, 255, 223, 127, 157, 179, 255, 251, 247, 254, 255, 255, 228,
       204, 216, 233, 241, 143, 191, 175, 159, 252, 191, 191, 250, 63,
       255, 214, 247, 253, 255, 147, 119, 127, 254, 255, 229, 181, 251,
       239, 255, 254, 123, 239, 182, 223, 252, 181, 255, 33, 14, 229, 69,
       116, 26, 233, 51, 116, 161, 114, 210, 179, 32, 148, 228, 122, 172,
       38, 140, 169, 252, 101, 14, 12, 174, 48, 192, 109, 136, 80, 172,
       177, 4, 110, 236, 92, 39, 204, 105, 85, 38, 241, 27, 83, 8, 55,
       65, 120, 140, 23, 175, 108, 183, 85, 158, 242, 235, 194, 21, 117,
       249, 120, 130, 47, 179, 112, 99, 247, 255, 250, 89, 95, 109, 125,
       239, 9, 93, 222, 32, 158, 27, 151, 53, 150, 186, 108, 149, 111,
       93, 33, 231, 247, 142, 222, 215, 47, 183, 104, 75, 252, 255, 179,
       217, 78, 109, 125, 190, 152, 92, 254, 164, 222, 10, 150, 61, 151,
       186, 108, 215, 110, 29, 35, 230, 223, 143, 223, 245, 165, 199,
       213, 71, 246, 43, 239, 188, 118, 162, 122, 230, 241, 97, 157, 69,
       127, 206, 38, 238, 241, 240, 77, 110, 44, 174, 101, 132, 237, 251,
       192, 161, 120, 173, 120, 103, 180, 78, 95, 183, 113, 168, 126, 8,
       255, 115, 128, 112, 154, 246, 76, 106, 120, 184, 249, 47, 239,
       255, 37, 16, 98, 242, 198, 41, 130, 158, 150, 157, 165, 178, 180,
       231, 156, 31, 90, 119, 236, 186, 36, 207, 233, 115, 171, 145, 52,
       220, 3, 194, 46, 54, 222, 195, 152, 92, 189, 143, 57, 165, 104,
       69, 86, 155, 227, 127, 87, 165, 124, 138, 35, 9, 150, 164, 120,
       138, 130, 168, 203, 186, 101, 159, 62, 77, 132, 97, 119, 138, 254,
       172, 137, 175, 25, 121, 36, 143, 109, 53, 124, 10, 114, 84, 183,
       0, 144, 113, 146, 10, 78, 110, 242, 188, 103, 51, 230, 185, 96,
       64, 64, 144, 195, 41, 13, 78, 195, 109, 244, 42, 111, 18, 125,
       202, 122, 244, 251, 1, 177, 124, 83, 108, 6, 30, 225, 180, 37, 42,
       100, 254, 52, 128, 214, 250, 80, 40, 41, 235, 105, 103, 116, 207,
       79, 252, 64, 236, 124, 12, 51, 77, 218, 48, 24, 236, 23, 110, 203,
       186, 236, 63, 103, 205, 165, 176, 101, 154, 214, 248, 49, 134,
       201, 255, 150, 171, 75, 191, 119, 99, 242, 214, 243, 97, 152, 120,
       93, 206, 52, 156, 187, 252, 109, 191, 206, 239, 181, 192, 237,
       200, 240, 56, 79, 120, 158, 210, 105, 156, 56, 80, 235, 153, 117,
       124, 140, 155, 69, 186, 166, 61, 254, 80, 135, 71, 146, 224, 151,
       249, 82, 235, 138, 1, 43, 135, 70, 58, 166, 156, 233, 180, 184,
       66, 171, 159, 144, 189, 172, 238, 103, 219, 239, 251, 251, 149,
       22, 75, 210, 224, 159, 112, 222, 187, 140, 117, 63, 223, 90, 191,
       190, 190, 251, 209, 180, 239, 191, 159, 152, 179, 108, 254, 110,
       218, 163, 123, 239, 17, 54, 75, 138, 243, 186, 87, 95, 255, 144,
       68, 175, 207, 45, 109, 105, 103, 244, 15, 111, 189, 81, 162, 126,
       10, 115, 121, 145, 48, 88, 238, 22, 106, 233, 178, 125, 46, 111,
       141, 165, 20, 103, 251, 210, 168, 73, 16, 249, 101, 36, 42, 105,
       18, 101, 232, 118, 228, 155, 19, 145, 120, 86, 172, 124, 44, 137,
       180, 229, 8, 198, 249, 160, 128, 238, 168, 66, 121, 168, 93, 123,
       205, 244, 78, 247, 254, 81, 206, 118, 2, 51, 61, 49, 97, 120, 254,
       23, 106, 233, 186, 49, 174, 119, 171, 52, 0, 99, 249, 228, 251,
       40, 81, 123, 107, 85, 79, 67, 112, 101, 12, 255, 8, 83, 17, 40,
       16, 88, 152, 70, 106, 72, 178, 113, 14, 119, 237, 32, 0, 99, 139,
       118, 162, 185, 64, 108, 109, 68, 127, 192, 80, 85, 162, 247, 18,
       83, 25, 151, 59, 72, 172, 23, 168, 172, 246, 117, 140, 87, 235,
       240, 1, 103, 168, 88, 130, 245, 79, 105, 237, 60, 3, 79, 248, 84,
       224, 254, 238, 83, 111, 145, 97, 126, 204, 63, 238, 233, 178, 109,
       62, 240, 235, 167, 180, 61, 187, 112, 112, 176, 4, 108, 189, 132,
       47, 205, 99, 85, 50, 243, 27, 211, 40, 23, 75, 105, 134, 31, 163,
       60, 246, 81, 140, 213, 250, 218, 16, 117, 248, 240, 130, 35, 154,
       97, 73, 116, 155, 234, 112, 93, 105, 114, 230, 241, 76, 156, 164,
       88, 136, 22, 61, 175, 184, 101, 223, 44, 14, 160, 196, 127, 142,
       82, 253, 47, 55, 105, 75, 246, 191, 187, 216, 94, 237, 125, 238,
       153, 92, 255, 164, 94, 27, 151, 125, 147, 186, 109, 254, 110, 93,
       47, 228, 223, 207, 213, 245, 6, 180, 186, 176, 237, 245, 177, 202,
       142, 191, 156, 27, 140, 223, 106, 10, 233, 27, 211, 17, 22, 119,
       186, 210, 223, 209, 155, 111, 144, 73, 45, 211, 219, 151, 99, 158,
       178, 144, 175, 121, 60, 76, 223, 230, 253, 230, 190, 228, 118,
       171, 31, 239, 243, 153, 44, 255, 180, 44, 170, 136, 55, 134, 177,
       125, 155, 151, 67, 190, 242, 146, 46, 121, 61, 72, 89, 247, 109,
       238, 186, 213, 118, 171, 23, 167, 245, 152, 46, 255, 180, 246,
       234, 192, 63, 134, 161, 245, 134, 173, 150, 155, 219, 233, 180,
       239, 191, 55, 67, 17, 236, 254, 108, 77, 227, 123, 235, 17, 50,
       89, 219, 247, 45, 22, 95, 111, 144, 76, 165, 206, 252, 52, 123,
       236, 16, 103, 75, 88, 33, 72, 249, 76, 83, 223, 41, 112, 220, 153,
       29, 234, 169, 135, 112, 159, 211, 253, 162, 24, 121, 163, 102,
       112, 194, 253, 54, 250, 233, 245, 190, 239, 159, 23, 248, 27, 236,
       254, 109, 68, 239, 251, 255, 195, 102, 79, 154, 243, 191, 118,
       159, 235, 18, 95, 165, 206, 252, 253, 253, 126, 184, 239, 87, 190,
       179, 242, 174, 24, 247, 247, 65, 123, 131, 247, 125, 82, 121, 111,
       251, 58, 235, 255, 117, 57, 224, 241, 198, 122, 252, 253, 253,
       103, 188, 111, 87, 188, 119, 238, 255, 24, 83, 125, 73, 48, 153,
       222, 124, 106, 105, 246, 249, 62, 251, 255, 101, 21, 227, 251,
       198, 115, 220, 172, 189, 187, 168, 233, 121, 143, 190, 119, 148,
       185, 191, 255, 66, 91, 163, 243, 253, 17, 58, 77, 171, 55, 223,
       199, 127, 249, 180, 81, 135, 122, 146, 219, 78, 185, 26, 130, 187,
       241, 182, 28, 214, 231, 233, 207, 178, 65, 110, 161, 159, 229,
       238, 141, 14, 253, 248, 227, 175, 197, 61, 132, 61, 89, 167, 223,
       230, 31, 246, 51, 175, 252, 86, 230, 90, 247, 97, 96, 191, 229,
       127, 238, 38, 239, 245, 240, 109, 127, 44, 46, 237, 132, 253, 255,
       240, 245, 246, 175, 134, 158, 219, 241, 148, 238, 159, 151, 152,
       183, 108, 234, 110, 207, 249, 239, 235, 151, 62, 79, 138, 255,
       186, 114, 223, 255, 158, 117, 175, 159, 40, 189, 122, 127, 244,
       238, 127, 183, 113, 11, 126, 24, 243, 115, 128, 48, 27, 254, 6, 8,
       248, 184, 113, 63, 239, 239, 52, 64, 98, 224, 198, 171, 107, 16,
       243, 197, 110, 28, 232, 80, 237, 200, 242, 98, 157, 30, 213, 238,
       110, 133, 126, 141, 197, 55, 229, 192, 20, 120, 234, 144, 79, 172,
       115, 189, 11, 156, 166, 159, 149, 246, 176, 39, 30, 79, 94, 183,
       236, 230, 166, 229, 229, 111, 170, 133, 183, 216, 55, 239, 15,
       118, 222, 195, 146, 76, 189, 223, 41, 159, 113, 203, 244, 191,
