%YAML:1.0
---
descriptors: !!opencv-matrix
   rows: 177
   cols: 32
   dt: u
   data: [ 123, 51, 233, 68, 87, 95, 240, 121, 65, 237, 191, 111, 74, 28,
       94, 176, 252, 149, 245, 161, 157, 178, 245, 128, 91, 77, 161, 183,
       239, 46, 126, 87, 161, 82, 127, 101, 36, 26, 237, 49, 100, 192,
       114, 230, 243, 13, 145, 97, 126, 164, 126, 110, 233, 180, 101, 14,
       230, 235, 226, 128, 109, 184, 80, 185, 135, 248, 241, 219, 236,
       169, 239, 216, 255, 219, 117, 100, 220, 215, 253, 44, 87, 75, 55,
       94, 131, 84, 170, 243, 76, 156, 175, 172, 158, 243, 67, 177, 74,
       184, 166, 154, 249, 209, 61, 239, 191, 23, 212, 177, 172, 239,
       110, 205, 231, 123, 251, 149, 50, 75, 250, 245, 159, 119, 223,
       235, 146, 68, 165, 255, 66, 203, 2, 190, 109, 128, 30, 228, 140,
       12, 192, 135, 238, 226, 35, 210, 228, 227, 175, 199, 76, 11, 138,
       253, 176, 52, 202, 187, 20, 63, 61, 74, 147, 77, 71, 191, 48, 130,
       110, 55, 20, 74, 218, 199, 241, 99, 177, 65, 126, 235, 63, 207,
       233, 152, 69, 111, 180, 174, 170, 128, 61, 240, 48, 25, 48, 121,
       210, 246, 87, 207, 214, 226, 225, 128, 250, 10, 46, 153, 37, 144,
       170, 253, 198, 66, 72, 235, 144, 232, 179, 244, 5, 11, 99, 59,
       102, 171, 88, 49, 27, 224, 65, 76, 121, 64, 237, 0, 226, 2, 157,
       159, 96, 112, 106, 149, 91, 192, 1, 147, 144, 192, 213, 176, 138,
       0, 9, 2, 39, 178, 42, 188, 152, 217, 93, 253, 177, 74, 31, 25, 85,
       18, 172, 157, 102, 44, 205, 59, 147, 17, 19, 126, 210, 215, 79,
       215, 26, 107, 218, 8, 31, 159, 116, 81, 25, 236, 45, 197, 83, 88,
       165, 8, 233, 8, 179, 223, 41, 112, 220, 145, 127, 226, 75, 3, 210,
       221, 209, 241, 138, 57, 24, 42, 102, 50, 25, 18, 110, 65, 69, 219,
       225, 83, 100, 109, 118, 166, 139, 140, 146, 236, 104, 172, 166, 8,
       143, 188, 229, 129, 70, 105, 178, 193, 103, 140, 92, 253, 75, 82,
       243, 205, 110, 24, 232, 80, 235, 217, 242, 230, 189, 152, 213,
       239, 110, 133, 126, 141, 133, 114, 231, 192, 150, 121, 250, 168,
       239, 184, 107, 157, 176, 201, 74, 190, 94, 129, 206, 236, 148, 0,
       216, 130, 113, 201, 56, 64, 120, 250, 2, 227, 106, 43, 14, 63,
       240, 165, 174, 9, 117, 154, 176, 136, 80, 145, 119, 127, 148, 206,
       105, 55, 127, 65, 114, 66, 115, 119, 128, 112, 118, 190, 63, 152,
       179, 184, 113, 127, 253, 238, 178, 64, 97, 128, 100, 57, 41, 181,
       99, 69, 116, 91, 225, 127, 101, 233, 124, 106, 123, 113, 156, 180,
       122, 136, 22, 60, 217, 186, 101, 222, 110, 157, 165, 4, 111, 138,
       194, 173, 46, 181, 113, 225, 245, 255, 250, 219, 95, 249, 125, 42,
       27, 93, 222, 36, 159, 27, 151, 57, 155, 186, 120, 148, 111, 221,
       165, 231, 215, 206, 214, 243, 56, 121, 123, 100, 125, 221, 211,
       112, 75, 236, 188, 13, 59, 221, 83, 48, 152, 248, 197, 74, 202,
       35, 112, 189, 243, 221, 37, 57, 99, 155, 86, 251, 8, 178, 255,
       117, 114, 218, 176, 121, 126, 160, 114, 98, 191, 222, 128, 224,
       46, 189, 238, 32, 131, 252, 231, 93, 95, 167, 51, 1, 225, 168, 37,
       169, 94, 170, 247, 156, 90, 192, 57, 104, 167, 157, 214, 163, 109,
       199, 169, 215, 118, 189, 239, 224, 2, 203, 166, 205, 154, 98, 235,
       143, 167, 166, 39, 109, 62, 180, 120, 252, 254, 87, 159, 251, 159,
       238, 188, 171, 124, 253, 191, 33, 191, 211, 215, 183, 248, 107,
       42, 223, 123, 95, 175, 191, 215, 252, 7, 251, 9, 211, 106, 223,
       102, 150, 255, 189, 84, 76, 86, 230, 249, 111, 186, 96, 118, 26,
       23, 238, 215, 152, 47, 255, 102, 111, 170, 136, 55, 158, 249, 249,
       39, 181, 113, 65, 245, 255, 227, 75, 95, 105, 125, 86, 130, 24,
       222, 164, 153, 10, 2, 57, 151, 184, 124, 213, 46, 28, 1, 102, 221,
       75, 219, 229, 85, 148, 157, 227, 162, 46, 95, 185, 110, 251, 11,
       92, 215, 114, 200, 123, 183, 87, 60, 106, 249, 84, 249, 16, 237,
       235, 103, 52, 152, 115, 129, 33, 119, 157, 255, 254, 254, 22, 222,
       248, 153, 202, 220, 230, 124, 255, 191, 98, 223, 243, 61, 227,
       229, 195, 58, 239, 122, 127, 239, 154, 141, 246, 121, 113, 2, 178,
       244, 219, 127, 201, 177, 66, 159, 61, 117, 178, 172, 157, 236, 76,
       203, 27, 231, 0, 18, 124, 226, 213, 12, 22, 82, 235, 214, 12, 69,
       239, 120, 197, 121, 207, 157, 75, 69, 175, 86, 39, 172, 26, 243,
       53, 40, 96, 89, 210, 8, 40, 106, 42, 105, 191, 233, 239, 20, 117,
       115, 90, 212, 42, 58, 157, 180, 254, 155, 245, 86, 239, 143, 23,
       236, 9, 46, 255, 34, 212, 225, 179, 221, 0, 94, 11, 90, 255, 179,
       247, 16, 59, 50, 68, 174, 90, 61, 233, 122, 236, 245, 223, 223,
       244, 65, 236, 252, 10, 91, 253, 183, 164, 92, 252, 151, 107, 200,
       178, 112, 172, 119, 237, 165, 133, 103, 190, 220, 227, 104, 173,
       122, 103, 244, 110, 119, 183, 113, 170, 126, 8, 115, 123, 144, 16,
       26, 238, 4, 106, 120, 184, 249, 47, 255, 239, 37, 0, 99, 250, 198,
       171, 33, 251, 123, 100, 116, 143, 231, 253, 64, 104, 124, 76, 51,
       93, 144, 48, 28, 186, 23, 104, 203, 186, 112, 31, 119, 141, 33,
       160, 109, 138, 86, 249, 57, 165, 106, 77, 84, 159, 227, 123, 87,
       225, 252, 78, 51, 200, 182, 164, 120, 168, 18, 60, 157, 186, 117,
       159, 62, 77, 129, 100, 127, 174, 250, 228, 159, 78, 226, 254, 183,
       146, 238, 81, 21, 202, 215, 247, 73, 239, 178, 196, 126, 232, 151,
       143, 237, 151, 36, 202, 242, 239, 174, 128, 63, 254, 184, 209, 58,
       97, 114, 224, 55, 88, 88, 89, 97, 160, 179, 11, 11, 9, 84, 144,
       234, 149, 221, 249, 204, 179, 133, 192, 211, 217, 130, 149, 103,
       142, 118, 2, 19, 203, 107, 170, 20, 134, 235, 244, 76, 76, 86, 71,
       49, 140, 54, 96, 124, 202, 23, 223, 222, 185, 60, 237, 123, 105,
       174, 192, 53, 143, 245, 248, 40, 201, 3, 158, 222, 129, 167, 237,
       150, 4, 217, 2, 112, 193, 40, 64, 120, 234, 3, 234, 74, 43, 10,
       189, 121, 4, 143, 76, 53, 26, 180, 170, 78, 122, 177, 181, 109,
       124, 63, 222, 63, 238, 222, 111, 172, 255, 195, 222, 247, 253,
       255, 131, 129, 85, 235, 226, 215, 247, 255, 175, 138, 119, 39,
       243, 38, 166, 196, 211, 209, 235, 168, 139, 63, 183, 99, 153, 200,
       111, 76, 156, 89, 158, 227, 145, 58, 216, 203, 242, 13, 150, 223,
       231, 133, 65, 214, 162, 62, 139, 99, 219, 210, 209, 234, 209, 63,
       1, 125, 226, 105, 206, 188, 244, 126, 187, 134, 210, 150, 184, 44,
       253, 62, 237, 166, 193, 247, 135, 237, 165, 39, 118, 163, 1, 116,
       191, 162, 82, 91, 239, 121, 239, 138, 204, 223, 172, 191, 8, 150,
       21, 135, 180, 252, 202, 14, 92, 33, 230, 207, 223, 83, 213, 148,
       145, 187, 249, 180, 231, 121, 219, 31, 29, 254, 18, 149, 223, 104,
       72, 249, 187, 63, 152, 26, 185, 51, 209, 221, 153, 179, 68, 144,
       200, 229, 242, 208, 166, 151, 189, 184, 11, 28, 47, 190, 182, 130,
       241, 239, 231, 0, 83, 151, 21, 236, 33, 120, 205, 195, 31, 233,
       246, 95, 23, 128, 160, 165, 3, 91, 141, 7, 188, 153, 244, 94, 231,
       161, 64, 202, 9, 111, 254, 2, 210, 225, 231, 253, 133, 125, 11,
       146, 255, 187, 247, 206, 91, 34, 116, 170, 74, 13, 149, 104, 227,
       244, 191, 251, 249, 86, 105, 93, 166, 217, 125, 186, 160, 95, 26,
       151, 252, 183, 184, 125, 159, 111, 221, 165, 228, 255, 143, 216,
       241, 13, 179, 218, 168, 252, 135, 122, 217, 31, 200, 89, 231, 221,
       235, 251, 32, 86, 9, 23, 255, 151, 2, 14, 219, 238, 29, 47, 236,
       158, 174, 57, 145, 67, 10, 161, 159, 125, 240, 186, 2, 78, 77, 88,
       35, 172, 172, 119, 200, 192, 107, 179, 21, 150, 58, 230, 227, 4,
       52, 154, 171, 148, 79, 61, 223, 58, 73, 114, 252, 221, 192, 222,
       228, 225, 132, 254, 162, 43, 223, 37, 84, 122, 251, 133, 194, 72,
       171, 2, 237, 243, 253, 134, 11, 103, 179, 102, 170, 59, 19, 107,
       137, 51, 215, 121, 80, 5, 77, 214, 231, 25, 159, 182, 100, 124,
       156, 159, 141, 141, 154, 117, 140, 215, 105, 170, 130, 63, 140,
       124, 247, 8, 162, 151, 93, 88, 143, 104, 81, 247, 177, 98, 192,
       172, 143, 32, 101, 110, 189, 106, 128, 130, 248, 55, 221, 93, 58,
