%YAML:1.0
---
descriptors: !!opencv-matrix
   rows: 174
   cols: 32
   dt: u
   data: [ 39, 177, 112, 195, 253, 125, 248, 41, 79, 125, 61, 59, 206,
       124, 94, 172, 159, 27, 223, 21, 150, 120, 127, 215, 15, 94, 21,
       127, 214, 14, 215, 215, 123, 48, 246, 108, 47, 87, 216, 25, 75,
       253, 53, 169, 79, 157, 150, 188, 150, 29, 181, 17, 142, 234, 163,
       221, 195, 251, 121, 255, 70, 140, 94, 87, 162, 197, 214, 254, 252,
       169, 84, 109, 223, 19, 249, 25, 206, 233, 60, 73, 211, 11, 127,
       36, 54, 103, 74, 151, 170, 254, 86, 94, 212, 202, 193, 133, 89,
       254, 147, 230, 185, 30, 94, 223, 43, 169, 250, 76, 255, 187, 72,
       240, 181, 207, 124, 92, 159, 250, 217, 173, 187, 255, 53, 40, 202,
       146, 202, 25, 33, 29, 87, 65, 244, 143, 239, 119, 125, 74, 122,
       100, 58, 49, 148, 52, 190, 42, 86, 44, 177, 184, 49, 94, 110, 158,
       36, 192, 75, 160, 195, 169, 183, 226, 229, 255, 156, 39, 78, 188,
       87, 186, 249, 90, 99, 105, 93, 38, 217, 206, 117, 175, 250, 246,
       219, 191, 11, 250, 197, 116, 127, 251, 208, 0, 250, 94, 142, 62,
       73, 78, 87, 220, 51, 238, 246, 63, 106, 255, 47, 91, 253, 252,
       231, 162, 108, 247, 249, 171, 243, 231, 229, 151, 107, 124, 126,
       219, 250, 184, 238, 50, 139, 249, 208, 135, 187, 87, 134, 159,
       170, 172, 86, 10, 201, 179, 251, 145, 158, 111, 246, 227, 223,
       119, 220, 251, 231, 76, 222, 94, 178, 231, 99, 77, 82, 130, 171,
       76, 53, 4, 254, 162, 105, 103, 132, 212, 126, 254, 151, 236, 32,
       146, 101, 207, 54, 44, 138, 128, 103, 150, 102, 252, 73, 48, 189,
       101, 33, 76, 113, 16, 234, 248, 38, 8, 254, 17, 73, 50, 128, 20,
       124, 88, 3, 224, 179, 65, 79, 249, 33, 6, 74, 34, 67, 51, 249,
       193, 109, 111, 4, 78, 79, 189, 116, 66, 247, 194, 115, 69, 153,
       115, 114, 212, 125, 238, 233, 180, 125, 63, 247, 235, 228, 144,
       119, 186, 212, 40, 75, 250, 54, 118, 97, 220, 253, 247, 255, 93,
       118, 53, 174, 158, 54, 213, 167, 63, 255, 5, 199, 249, 50, 245,
       187, 127, 22, 195, 74, 4, 239, 223, 133, 160, 157, 243, 236, 169,
       185, 27, 254, 51, 49, 88, 157, 225, 216, 43, 163, 11, 126, 25,
       179, 116, 235, 211, 76, 155, 127, 252, 220, 200, 195, 161, 185,
       83, 107, 78, 116, 3, 107, 120, 85, 200, 119, 230, 115, 73, 185,
       48, 126, 168, 23, 238, 233, 182, 44, 30, 118, 141, 160, 128, 127,
       187, 114, 249, 254, 88, 118, 238, 13, 86, 94, 184, 161, 174, 247,
       10, 75, 31, 39, 223, 248, 245, 253, 226, 108, 199, 249, 236, 243,
       251, 199, 31, 39, 183, 124, 70, 240, 72, 207, 254, 78, 72, 109,
       188, 185, 178, 178, 90, 91, 99, 133, 91, 106, 245, 125, 234, 104,
       71, 203, 232, 212, 170, 255, 24, 37, 241, 114, 32, 163, 40, 82,
       88, 100, 137, 240, 66, 123, 0, 240, 9, 162, 152, 20, 52, 170, 169,
       83, 65, 6, 62, 198, 241, 22, 24, 18, 59, 69, 8, 83, 142, 102, 181,
       112, 195, 253, 125, 248, 9, 95, 117, 185, 27, 206, 92, 94, 168,
       191, 155, 223, 49, 150, 114, 219, 214, 31, 92, 15, 119, 199, 15,
       223, 199, 87, 20, 107, 69, 114, 126, 235, 49, 125, 226, 79, 134,
       89, 62, 151, 116, 54, 165, 91, 175, 177, 144, 53, 206, 119, 47,
       139, 128, 47, 231, 115, 116, 212, 236, 133, 151, 148, 136, 38,
       128, 190, 147, 2, 18, 228, 226, 73, 79, 97, 106, 42, 210, 98, 84,
       139, 227, 188, 38, 223, 4, 128, 113, 161, 8, 125, 241, 149, 234,
       169, 15, 86, 216, 63, 186, 177, 76, 223, 115, 73, 184, 157, 221,
       124, 122, 75, 99, 219, 177, 185, 211, 101, 188, 218, 123, 2, 3,
       134, 132, 214, 250, 189, 171, 158, 235, 223, 19, 241, 24, 206,
       232, 44, 207, 211, 79, 106, 35, 50, 103, 10, 215, 136, 190, 71,
       126, 212, 104, 129, 132, 125, 79, 232, 140, 157, 91, 206, 173, 87,
       228, 222, 143, 99, 108, 183, 228, 120, 238, 174, 239, 204, 50,
       109, 154, 242, 109, 141, 61, 119, 254, 220, 68, 55, 77, 104, 13,
       13, 91, 206, 237, 71, 230, 190, 171, 67, 108, 151, 4, 88, 196,
       234, 238, 204, 51, 109, 191, 50, 76, 197, 53, 119, 254, 220, 68,
       182, 124, 183, 190, 105, 39, 154, 206, 155, 250, 248, 185, 110,
       255, 109, 31, 223, 253, 247, 38, 40, 199, 203, 234, 211, 254, 77,
       190, 195, 125, 38, 251, 197, 46, 156, 53, 168, 47, 64, 154, 127,
       186, 50, 92, 215, 33, 193, 27, 133, 68, 108, 126, 169, 244, 201,
       34, 204, 251, 117, 20, 200, 241, 75, 1, 116, 122, 189, 164, 138,
       104, 20, 142, 170, 254, 128, 41, 23, 254, 67, 27, 133, 213, 237,
       49, 14, 71, 194, 0, 249, 195, 109, 191, 160, 113, 7, 83, 246, 125,
       233, 6, 223, 83, 215, 204, 19, 244, 160, 175, 67, 236, 87, 19, 25,
       222, 193, 243, 174, 99, 253, 42, 123, 4, 133, 127, 229, 127, 86,
       86, 201, 190, 150, 248, 168, 140, 45, 159, 255, 27, 50, 116, 190,
       211, 224, 239, 167, 67, 110, 24, 243, 109, 139, 243, 137, 251,
       127, 206, 154, 192, 163, 169, 9, 155, 83, 69, 48, 159, 239, 119,
       124, 8, 126, 100, 190, 49, 164, 180, 38, 118, 126, 76, 209, 184,
       1, 111, 108, 190, 54, 192, 74, 128, 227, 169, 190, 191, 202, 140,
       215, 82, 79, 253, 18, 196, 236, 135, 105, 231, 38, 212, 120, 204,
       131, 238, 109, 154, 253, 143, 123, 109, 167, 133, 55, 182, 254,
       210, 146, 45, 115, 242, 176, 170, 106, 230, 249, 128, 122, 192,
       191, 139, 21, 16, 166, 251, 21, 219, 250, 184, 12, 238, 170, 220,
       6, 128, 100, 211, 99, 136, 146, 167, 99, 93, 83, 210, 168, 102,
       53, 36, 242, 146, 9, 14, 180, 229, 122, 189, 130, 224, 109, 159,
       37, 223, 55, 42, 138, 129, 101, 132, 39, 172, 210, 184, 189, 240,
       187, 229, 153, 87, 155, 251, 144, 127, 60, 191, 68, 11, 207, 183,
       255, 145, 179, 79, 210, 226, 219, 86, 254, 250, 153, 76, 167, 123,
       77, 75, 123, 101, 36, 14, 111, 56, 101, 168, 126, 100, 211, 33,
       145, 112, 22, 228, 108, 110, 201, 176, 229, 8, 230, 249, 37, 128,
       74, 187, 66, 41, 226, 184, 170, 242, 139, 253, 177, 135, 187, 95,
       148, 159, 170, 188, 86, 10, 205, 179, 255, 145, 190, 111, 242,
       227, 95, 119, 222, 251, 197, 76, 215, 95, 137, 77, 108, 211, 246,
       187, 239, 182, 92, 226, 94, 130, 189, 45, 179, 97, 39, 106, 22,
       92, 177, 184, 37, 254, 111, 15, 52, 192, 246, 217, 81, 249, 197,
       40, 253, 243, 238, 40, 249, 218, 251, 179, 177, 88, 223, 235, 213,
       59, 47, 245, 127, 155, 161, 103, 206, 224, 220, 154, 127, 172,
       205, 225, 3, 161, 35, 205, 78, 86, 213, 159, 230, 167, 221, 224,
       110, 12, 98, 232, 183, 49, 200, 238, 34, 92, 228, 250, 118, 172,
       46, 59, 69, 1, 219, 252, 216, 140, 104, 241, 189, 115, 139, 109,
       181, 191, 107, 119, 44, 9, 190, 61, 78, 58, 135, 83, 249, 80, 82,
       104, 251, 49, 239, 219, 85, 127, 210, 86, 199, 123, 249, 193, 109,
       109, 12, 14, 79, 188, 116, 50, 231, 72, 83, 113, 152, 115, 88,
       212, 124, 234, 233, 244, 125, 31, 247, 235, 229, 20, 117, 186,
       208, 32, 170, 51, 116, 233, 45, 127, 216, 25, 75, 252, 117, 169,
       15, 157, 214, 164, 134, 29, 181, 61, 150, 112, 183, 208, 195, 249,
       1, 255, 119, 141, 94, 87, 72, 222, 92, 252, 234, 193, 21, 254, 54,
       62, 116, 43, 29, 191, 96, 89, 239, 251, 103, 194, 102, 106, 203,
       117, 95, 227, 119, 237, 113, 224, 167, 139, 55, 123, 106, 12, 118,
       183, 250, 80, 105, 204, 251, 239, 90, 204, 183, 48, 190, 169, 87,
       231, 132, 179, 52, 204, 114, 60, 34, 139, 77, 183, 107, 223, 249,
       23, 229, 37, 178, 26, 92, 61, 61, 233, 91, 253, 207, 45, 154, 84,
       150, 149, 253, 37, 189, 176, 69, 142, 174, 255, 36, 214, 238, 174,
       152, 81, 244, 237, 200, 250, 252, 225, 70, 236, 195, 18, 185, 154,
       243, 227, 249, 163, 89, 194, 74, 234, 123, 99, 206, 179, 248, 216,
       135, 121, 157, 251, 250, 0, 109, 229, 233, 79, 205, 93, 71, 169,
       67, 226, 173, 8, 243, 125, 31, 54, 88, 206, 112, 110, 77, 98, 255,
       63, 111, 253, 197, 60, 123, 255, 210, 100, 77, 14, 245, 101, 36,
       58, 98, 186, 108, 66, 254, 76, 235, 96, 157, 254, 19, 70, 108, 46,
