%YAML:1.0
---
descriptors: !!opencv-matrix
   rows: 236
   cols: 32
   dt: u
   data: [ 77, 65, 87, 102, 48, 14, 107, 88, 109, 128, 107, 64, 95, 211,
       9, 48, 182, 100, 124, 110, 193, 177, 25, 76, 240, 252, 33, 4, 72,
       179, 99, 32, 18, 109, 240, 97, 23, 170, 106, 198, 99, 129, 120, 2,
       43, 43, 85, 20, 42, 235, 21, 216, 10, 184, 132, 234, 175, 220,
       132, 33, 231, 209, 66, 138, 63, 133, 195, 199, 212, 22, 238, 244,
       113, 99, 127, 198, 89, 49, 189, 244, 127, 206, 22, 254, 253, 186,
       61, 226, 62, 110, 230, 196, 239, 255, 120, 188, 215, 227, 74, 130,
       246, 18, 110, 244, 33, 168, 151, 230, 73, 138, 222, 228, 118, 205,
       156, 255, 206, 147, 172, 228, 186, 72, 175, 229, 47, 151, 170, 5,
       22, 99, 78, 69, 114, 2, 111, 120, 52, 236, 119, 231, 73, 103, 151,
       20, 126, 205, 7, 238, 192, 210, 13, 76, 126, 14, 167, 132, 47,
       182, 34, 209, 9, 108, 232, 81, 86, 251, 233, 214, 94, 226, 94,
       138, 49, 4, 215, 40, 63, 40, 18, 156, 163, 252, 53, 78, 109, 15,
       189, 160, 229, 216, 81, 232, 22, 243, 247, 71, 210, 219, 182, 233,
       238, 160, 114, 226, 108, 220, 237, 164, 54, 125, 238, 99, 197,
       177, 46, 253, 60, 0, 47, 167, 101, 187, 45, 181, 137, 207, 145,
       249, 172, 173, 109, 159, 94, 59, 112, 92, 183, 65, 209, 104, 21,
       74, 6, 28, 243, 124, 75, 51, 236, 158, 55, 52, 152, 216, 209, 169,
       186, 182, 190, 58, 233, 125, 148, 255, 23, 127, 253, 189, 110,
       253, 238, 25, 221, 155, 231, 16, 186, 111, 74, 147, 251, 211, 116,
       255, 211, 92, 166, 251, 13, 176, 176, 195, 253, 127, 240, 217,
       127, 253, 191, 62, 206, 61, 222, 172, 191, 141, 254, 58, 151, 112,
       249, 208, 223, 223, 1, 119, 206, 207, 203, 215, 11, 160, 132, 27,
       73, 157, 40, 221, 174, 21, 69, 85, 164, 198, 74, 196, 205, 11,
       234, 28, 150, 72, 218, 85, 13, 16, 154, 124, 26, 6, 139, 220, 117,
       249, 189, 186, 45, 205, 67, 220, 235, 249, 160, 8, 183, 214, 66,
       54, 128, 224, 124, 88, 139, 107, 250, 49, 153, 220, 5, 126, 192,
       27, 195, 109, 37, 172, 177, 1, 220, 175, 227, 138, 122, 251, 40,
       24, 146, 248, 92, 56, 153, 78, 66, 29, 147, 122, 248, 50, 77, 28,
       21, 124, 201, 75, 194, 224, 9, 173, 149, 249, 189, 175, 100, 159,
       94, 51, 108, 72, 191, 33, 80, 228, 135, 42, 2, 28, 211, 184, 83,
       185, 173, 223, 21, 48, 218, 216, 193, 168, 93, 185, 149, 114, 169,
       237, 69, 159, 235, 249, 170, 8, 191, 246, 72, 126, 129, 215, 108,
       24, 27, 73, 250, 49, 153, 254, 117, 126, 192, 82, 135, 45, 57,
       251, 26, 106, 53, 159, 82, 248, 111, 40, 252, 76, 127, 209, 90,
       176, 156, 200, 92, 76, 207, 187, 248, 61, 251, 221, 37, 56, 74,
       138, 202, 137, 212, 174, 133, 147, 150, 168, 38, 131, 190, 147,
       11, 82, 228, 226, 72, 74, 113, 238, 42, 146, 50, 92, 139, 227,
       188, 38, 255, 68, 128, 98, 161, 0, 253, 127, 148, 238, 169, 47,
       94, 220, 63, 186, 177, 108, 223, 243, 73, 179, 221, 213, 124, 98,
       105, 99, 219, 187, 185, 219, 103, 190, 88, 123, 195, 3, 198, 166,
       145, 182, 222, 160, 174, 139, 186, 179, 9, 210, 237, 234, 88, 66,
       51, 111, 123, 179, 50, 68, 142, 211, 172, 22, 143, 236, 132, 98,
       147, 128, 189, 205, 107, 15, 215, 218, 231, 244, 68, 68, 254, 6,
       115, 64, 187, 229, 120, 238, 194, 238, 237, 186, 125, 63, 119,
       105, 164, 1, 127, 190, 252, 252, 119, 103, 106, 138, 246, 18, 79,
       232, 225, 196, 221, 163, 65, 206, 255, 80, 126, 237, 15, 247, 220,
       131, 172, 236, 58, 40, 175, 205, 37, 183, 246, 196, 108, 173, 212,
       115, 253, 47, 70, 191, 83, 187, 185, 72, 211, 249, 88, 2, 217,
       198, 106, 26, 90, 104, 219, 179, 111, 223, 213, 124, 235, 250,
       208, 138, 253, 81, 95, 238, 47, 86, 95, 120, 177, 226, 247, 10,
       95, 119, 43, 251, 118, 213, 253, 234, 105, 199, 185, 200, 243,
       251, 231, 20, 35, 187, 110, 113, 50, 121, 122, 76, 118, 217, 246,
       118, 237, 204, 126, 175, 43, 220, 183, 32, 186, 250, 215, 66, 204,
       187, 52, 253, 115, 253, 36, 139, 103, 156, 110, 223, 162, 140,
       214, 254, 252, 171, 148, 239, 223, 19, 248, 24, 238, 249, 36, 73,
       215, 123, 110, 0, 50, 111, 74, 255, 186, 190, 87, 122, 212, 216,
       161, 143, 136, 76, 108, 81, 215, 187, 232, 54, 84, 162, 126, 130,
       185, 41, 177, 41, 43, 42, 23, 152, 160, 252, 37, 190, 111, 207,
       52, 193, 247, 220, 81, 168, 133, 164, 221, 243, 236, 169, 233, 91,
       255, 179, 49, 250, 159, 233, 216, 43, 167, 15, 126, 29, 179, 124,
       203, 210, 204, 154, 119, 244, 220, 200, 131, 161, 23, 197, 107,
       136, 212, 246, 239, 248, 117, 69, 223, 66, 81, 254, 189, 228, 121,
       236, 62, 255, 189, 147, 61, 255, 57, 46, 139, 196, 165, 183, 240,
       100, 253, 124, 254, 68, 45, 95, 87, 48, 225, 238, 175, 13, 74,
       188, 151, 182, 136, 228, 236, 110, 205, 167, 253, 138, 243, 249,
       65, 55, 107, 255, 94, 119, 250, 93, 119, 84, 43, 222, 86, 178,
       161, 204, 230, 45, 106, 223, 7, 247, 166, 245, 253, 98, 236, 205,
       178, 237, 243, 251, 64, 147, 99, 165, 110, 127, 98, 123, 99, 76,
       114, 212, 186, 82, 169, 204, 248, 237, 40, 206, 165, 148, 238,
       253, 199, 198, 199, 139, 162, 237, 50, 60, 170, 138, 77, 183, 103,
       221, 125, 237, 37, 79, 157, 95, 79, 184, 82, 224, 173, 12, 211,
       101, 27, 52, 89, 196, 120, 238, 233, 114, 253, 63, 111, 15, 133,
       116, 251, 187, 82, 112, 197, 157, 61, 251, 252, 165, 190, 182,
       254, 25, 90, 80, 244, 123, 25, 97, 133, 115, 123, 91, 51, 72, 27,
       127, 109, 187, 190, 200, 152, 83, 129, 43, 50, 40, 82, 89, 119,
       139, 248, 66, 127, 32, 224, 138, 42, 216, 20, 20, 186, 185, 83,
       17, 14, 190, 68, 222, 150, 220, 0, 51, 101, 12, 66, 142, 218, 113,
       122, 227, 39, 220, 120, 84, 237, 204, 182, 71, 169, 155, 87, 240,
       238, 177, 223, 193, 205, 7, 176, 200, 215, 249, 170, 139, 47, 150,
       111, 219, 2, 180, 186, 152, 219, 245, 184, 71, 159, 95, 85, 51,
       172, 190, 102, 140, 175, 59, 147, 145, 54, 205, 50, 211, 15, 87,
       154, 235, 144, 68, 173, 223, 35, 223, 99, 78, 118, 150, 174, 244,
       77, 72, 88, 230, 104, 200, 188, 228, 126, 106, 22, 239, 197, 187,
       44, 255, 50, 60, 174, 138, 95, 158, 248, 253, 111, 189, 209, 68,
       241, 124, 103, 187, 123, 231, 108, 12, 72, 246, 198, 244, 17, 238,
       162, 28, 149, 58, 252, 194, 62, 60, 21, 110, 195, 238, 198, 244,
       50, 201, 107, 188, 118, 201, 186, 226, 133, 64, 210, 131, 55, 157,
       48, 0, 238, 251, 151, 195, 200, 187, 0, 189, 243, 65, 138, 131,
       117, 13, 54, 250, 229, 96, 245, 86, 201, 76, 101, 141, 251, 242,
       163, 28, 242, 112, 77, 63, 129, 196, 104, 78, 229, 103, 251, 0,
       23, 186, 85, 62, 72, 112, 194, 110, 66, 42, 115, 156, 104, 137,
       120, 2, 191, 1, 112, 233, 172, 203, 180, 92, 134, 185, 127, 133,
       130, 15, 130, 241, 148, 60, 26, 170, 20, 128, 35, 13, 64, 165,
       153, 62, 152, 237, 5, 239, 190, 179, 128, 24, 244, 243, 64, 19,
       129, 54, 106, 0, 51, 75, 218, 55, 237, 38, 95, 120, 144, 64, 135,
       42, 202, 115, 122, 224, 107, 220, 249, 87, 173, 92, 54, 37, 172,
       158, 119, 238, 166, 49, 223, 211, 199, 5, 178, 192, 71, 89, 26,
       139, 14, 21, 47, 223, 178, 104, 82, 91, 87, 169, 64, 70, 127, 0,
       232, 11, 34, 136, 5, 20, 232, 171, 66, 128, 14, 190, 66, 255, 147,
       188, 16, 59, 113, 8, 106, 142, 77, 141, 17, 251, 244, 141, 239,
       184, 126, 27, 73, 64, 245, 243, 88, 96, 145, 106, 48, 90, 19, 56,
       138, 55, 237, 191, 63, 108, 152, 195, 211, 168, 47, 52, 240, 195,
       253, 127, 242, 88, 127, 253, 189, 30, 206, 92, 94, 174, 191, 141,
       222, 63, 150, 112, 249, 208, 223, 221, 7, 119, 199, 239, 223, 247,
       61, 230, 96, 43, 92, 43, 203, 248, 82, 62, 185, 207, 195, 72, 222,
       0, 89, 202, 71, 111, 238, 98, 239, 55, 104, 76, 165, 252, 117,
       191, 82, 193, 101, 116, 137, 83, 204, 45, 228, 143, 122, 243, 33,
       92, 210, 248, 93, 58, 153, 78, 96, 31, 131, 118, 250, 0, 13, 14,
