%YAML:1.0
---
descriptors: !!opencv-matrix
   rows: 246
   cols: 32
   dt: u
   data: [ 198, 167, 213, 158, 190, 160, 174, 175, 154, 178, 24, 210,
       237, 234, 220, 66, 147, 103, 121, 157, 50, 77, 142, 243, 172, 30,
       223, 236, 148, 224, 145, 8, 255, 118, 239, 101, 34, 62, 95, 88,
       113, 238, 183, 238, 91, 127, 223, 191, 62, 245, 213, 238, 169,
       246, 229, 202, 210, 219, 229, 128, 239, 247, 102, 245, 190, 190,
       167, 62, 233, 255, 246, 246, 53, 254, 246, 255, 106, 253, 38, 29,
       253, 250, 231, 66, 253, 255, 107, 239, 251, 227, 116, 243, 203,
       125, 230, 219, 203, 242, 252, 245, 43, 220, 121, 24, 163, 252, 23,
       165, 253, 223, 222, 118, 22, 53, 181, 220, 195, 84, 255, 217, 79,
       249, 161, 160, 47, 166, 69, 113, 144, 73, 70, 175, 6, 138, 102,
       101, 228, 0, 227, 130, 99, 131, 48, 64, 106, 164, 42, 206, 72,
       189, 5, 109, 176, 162, 130, 0, 37, 154, 241, 8, 205, 98, 217, 101,
       100, 14, 111, 24, 97, 138, 119, 96, 219, 65, 145, 123, 22, 204,
       108, 110, 201, 244, 237, 8, 198, 249, 97, 132, 106, 251, 66, 33,
       196, 143, 134, 151, 214, 168, 166, 132, 62, 19, 74, 210, 229, 98,
       73, 74, 113, 226, 42, 222, 50, 248, 143, 227, 172, 38, 255, 68,
       169, 123, 177, 0, 86, 41, 234, 128, 211, 210, 63, 65, 161, 196,
       205, 131, 12, 206, 119, 80, 122, 253, 145, 243, 92, 131, 180, 204,
       251, 36, 143, 75, 165, 39, 183, 214, 2, 142, 134, 29, 17, 148, 40,
       119, 180, 5, 70, 213, 169, 166, 34, 197, 100, 43, 170, 132, 166,
       220, 150, 111, 143, 230, 154, 64, 2, 132, 173, 220, 250, 188, 230,
       16, 143, 249, 144, 135, 139, 87, 134, 159, 170, 188, 86, 139, 137,
       179, 249, 145, 62, 111, 246, 227, 159, 83, 220, 251, 199, 76, 158,
       94, 5, 161, 25, 235, 244, 139, 106, 216, 94, 9, 83, 66, 183, 195,
       184, 96, 122, 10, 6, 220, 147, 184, 77, 55, 172, 140, 162, 100,
       188, 139, 225, 161, 44, 184, 249, 120, 217, 253, 80, 203, 243, 17,
       236, 24, 58, 253, 68, 62, 201, 250, 194, 16, 30, 106, 250, 51, 95,
       223, 21, 127, 211, 193, 198, 166, 252, 222, 22, 232, 61, 147, 82,
       248, 215, 61, 188, 43, 74, 249, 40, 197, 217, 240, 205, 114, 42,
       35, 74, 191, 250, 211, 5, 95, 122, 191, 124, 3, 221, 12, 223, 231,
       160, 42, 111, 182, 60, 130, 122, 192, 255, 35, 153, 91, 38, 231,
       29, 238, 96, 148, 5, 106, 230, 235, 126, 128, 164, 243, 33, 40,
       45, 177, 25, 227, 253, 109, 161, 25, 78, 121, 61, 92, 158, 89, 88,
       168, 159, 27, 94, 57, 147, 120, 251, 212, 205, 157, 63, 124, 220,
       10, 145, 177, 166, 142, 150, 222, 252, 43, 158, 238, 223, 179,
       241, 88, 238, 232, 45, 73, 215, 127, 111, 3, 50, 111, 11, 255,
       184, 190, 87, 62, 212, 121, 161, 137, 178, 254, 167, 189, 232,
       143, 180, 246, 55, 250, 242, 255, 106, 253, 166, 29, 237, 251,
       255, 4, 174, 255, 75, 247, 190, 114, 117, 242, 203, 124, 230, 223,
       27, 112, 244, 229, 39, 254, 89, 24, 107, 252, 116, 135, 127, 223,
       215, 62, 182, 189, 181, 253, 142, 244, 191, 221, 195, 217, 131,
       167, 103, 167, 71, 119, 197, 143, 196, 147, 214, 136, 38, 175,
       182, 147, 74, 214, 225, 226, 201, 198, 113, 238, 42, 158, 115, 92,
       207, 247, 44, 38, 231, 68, 169, 248, 225, 0, 119, 114, 145, 0,
       170, 45, 25, 206, 43, 251, 144, 253, 134, 134, 207, 62, 135, 209,
       92, 21, 139, 71, 255, 208, 152, 16, 31, 254, 152, 85, 131, 117,
       197, 78, 95, 255, 36, 42, 111, 144, 228, 2, 115, 194, 245, 67,
       185, 75, 114, 100, 46, 238, 225, 148, 13, 111, 228, 170, 226, 0,
       44, 179, 33, 32, 32, 168, 248, 121, 249, 205, 240, 206, 250, 57,
       96, 8, 51, 185, 68, 58, 137, 122, 66, 16, 18, 106, 218, 49, 79,
       221, 53, 123, 209, 0, 70, 138, 3, 162, 166, 31, 25, 148, 40, 23,
       182, 29, 66, 85, 168, 198, 50, 204, 196, 43, 171, 132, 150, 216,
       82, 117, 7, 118, 154, 72, 18, 132, 169, 220, 219, 112, 120, 237,
       47, 221, 121, 24, 163, 236, 117, 167, 249, 223, 214, 54, 54, 181,
       245, 239, 195, 20, 247, 217, 71, 249, 161, 169, 39, 166, 71, 243,
       11, 49, 125, 105, 45, 255, 89, 24, 207, 236, 127, 173, 159, 157,
       214, 164, 134, 61, 245, 61, 151, 160, 183, 208, 67, 249, 33, 239,
       127, 143, 92, 119, 226, 184, 174, 186, 141, 217, 176, 199, 139,
       87, 128, 189, 174, 188, 118, 11, 137, 51, 251, 17, 62, 109, 146,
       241, 155, 83, 222, 123, 197, 12, 159, 94, 61, 133, 67, 67, 244,
       31, 239, 240, 117, 64, 123, 70, 83, 113, 189, 244, 122, 200, 22,
       110, 217, 178, 125, 238, 62, 172, 164, 196, 239, 251, 112, 164,
       169, 100, 109, 71, 116, 143, 75, 48, 84, 162, 247, 72, 115, 17,
       144, 49, 88, 172, 86, 110, 233, 182, 117, 44, 103, 139, 224, 0,
       111, 138, 82, 168, 237, 196, 28, 120, 169, 125, 84, 175, 191, 90,
       180, 16, 254, 119, 11, 219, 201, 66, 236, 42, 111, 103, 123, 51,
       227, 251, 119, 31, 218, 112, 234, 146, 188, 234, 92, 218, 63, 157,
       86, 164, 159, 148, 164, 139, 111, 193, 39, 213, 71, 240, 203, 82,
       106, 109, 74, 191, 235, 211, 5, 123, 114, 158, 92, 10, 40, 180,
       249, 240, 211, 233, 177, 79, 27, 47, 125, 57, 28, 159, 72, 8, 171,
       27, 131, 16, 18, 62, 242, 211, 95, 213, 50, 111, 211, 72, 199,
       235, 32, 191, 249, 89, 252, 189, 85, 159, 95, 53, 108, 8, 162,
       165, 204, 60, 95, 154, 130, 24, 154, 58, 120, 55, 175, 222, 21,
       127, 242, 216, 198, 237, 48, 134, 76, 161, 30, 155, 217, 107, 68,
       36, 222, 135, 195, 33, 146, 133, 120, 134, 206, 173, 60, 184, 101,
       157, 254, 195, 218, 81, 119, 136, 252, 68, 104, 205, 184, 97, 189,
       204, 243, 150, 206, 169, 190, 0, 146, 185, 80, 98, 201, 102, 106,
       88, 16, 249, 241, 34, 111, 189, 52, 80, 194, 216, 208, 42, 112,
       133, 110, 236, 14, 67, 85, 111, 20, 102, 142, 139, 67, 110, 38,
       81, 249, 148, 109, 162, 76, 11, 111, 31, 243, 167, 229, 21, 49,
       42, 244, 122, 220, 48, 151, 247, 3, 108, 49, 146, 62, 219, 67, 16,
       252, 247, 73, 238, 181, 119, 249, 16, 35, 213, 155, 226, 217, 230,
       95, 2, 170, 113, 5, 51, 53, 89, 107, 78, 86, 210, 239, 240, 69,
       192, 252, 198, 113, 205, 181, 100, 126, 232, 23, 239, 201, 178,
       60, 237, 114, 44, 163, 128, 111, 187, 114, 248, 57, 217, 19, 111,
       69, 220, 55, 246, 101, 72, 246, 96, 50, 21, 36, 116, 236, 214, 86,
       66, 203, 187, 57, 63, 115, 239, 116, 2, 75, 27, 226, 59, 195, 151,
       102, 5, 236, 30, 252, 55, 169, 255, 215, 245, 201, 40, 158, 215,
       63, 199, 253, 173, 244, 221, 229, 198, 62, 123, 255, 198, 79, 164,
       251, 85, 230, 32, 230, 82, 237, 216, 112, 65, 251, 223, 183, 25,
       74, 200, 247, 191, 137, 228, 238, 28, 60, 231, 162, 192, 27, 123,
       85, 75, 195, 228, 238, 70, 40, 169, 248, 104, 255, 245, 177, 223,
       98, 29, 124, 10, 28, 187, 100, 48, 43, 154, 183, 24, 18, 58, 242,
       81, 127, 205, 39, 111, 243, 128, 231, 163, 222, 168, 158, 178,
       219, 196, 24, 65, 186, 219, 165, 25, 30, 247, 66, 27, 167, 181,
       249, 148, 62, 79, 154, 66, 219, 211, 95, 121, 136, 0, 171, 82,
       143, 33, 239, 197, 6, 82, 253, 121, 172, 230, 87, 146, 217, 255,
       159, 43, 62, 117, 123, 239, 225, 213, 181, 200, 71, 43, 239, 132,
       39, 242, 117, 240, 67, 42, 114, 236, 116, 143, 106, 0, 127, 0, 98,
       200, 191, 202, 148, 112, 182, 169, 95, 77, 128, 156, 132, 222,
       148, 188, 10, 8, 68, 128, 67, 8, 11, 147, 111, 41, 174, 151, 251,
       120, 205, 236, 223, 231, 217, 76, 190, 32, 254, 33, 255, 231, 213,
       185, 111, 221, 110, 89, 171, 198, 127, 175, 124, 213, 124, 165,
       219, 108, 152, 79, 71, 185, 162, 172, 174, 8, 115, 247, 137, 16,
       16, 246, 76, 104, 73, 43, 249, 29, 249, 237, 37, 124, 224, 162,
       70, 105, 10, 189, 178, 147, 243, 252, 185, 55, 191, 95, 94, 53,
       172, 191, 6, 204, 167, 59, 147, 21, 183, 220, 50, 247, 111, 119,
       30, 195, 138, 68, 143, 223, 117, 108, 191, 122, 169, 253, 84, 198,
       253, 91, 166, 25, 242, 254, 15, 59, 137, 227, 108, 6, 111, 103,
