%YAML:1.0
---
descriptors: !!opencv-matrix
   rows: 263
   cols: 32
   dt: u
   data: [ 2, 142, 134, 29, 18, 150, 56, 119, 188, 5, 66, 213, 173, 166,
       166, 197, 102, 59, 162, 132, 166, 152, 38, 111, 14, 102, 26, 67,
       34, 132, 173, 221, 168, 160, 56, 232, 125, 201, 145, 107, 142, 61,
       189, 59, 142, 157, 104, 16, 137, 27, 195, 17, 50, 43, 106, 149,
       223, 209, 17, 127, 208, 8, 135, 227, 57, 213, 61, 77, 52, 95, 199,
       188, 100, 72, 254, 108, 243, 124, 152, 32, 152, 64, 92, 106, 233,
       168, 117, 63, 225, 141, 32, 16, 73, 26, 210, 249, 144, 77, 71,
       143, 6, 130, 102, 101, 244, 2, 203, 18, 97, 131, 32, 65, 104, 174,
       42, 206, 104, 189, 5, 239, 180, 160, 130, 0, 37, 154, 241, 136,
       68, 48, 184, 48, 200, 100, 17, 11, 162, 191, 4, 25, 148, 183, 67,
       26, 129, 127, 121, 17, 18, 67, 178, 0, 221, 129, 127, 61, 128,
       113, 39, 226, 45, 77, 99, 67, 228, 159, 239, 149, 117, 64, 123,
       66, 83, 81, 157, 228, 126, 206, 22, 206, 217, 176, 125, 226, 37,
       172, 162, 128, 111, 219, 240, 172, 73, 189, 63, 125, 240, 206,
       125, 55, 116, 204, 126, 0, 63, 55, 130, 113, 166, 60, 127, 40,
       241, 248, 49, 78, 255, 239, 116, 128, 98, 160, 198, 107, 56, 249,
       19, 238, 91, 205, 87, 252, 175, 9, 104, 12, 62, 223, 104, 144,
       182, 251, 198, 64, 67, 43, 26, 181, 251, 221, 5, 122, 122, 18, 39,
       171, 201, 88, 159, 247, 40, 14, 61, 53, 174, 186, 146, 84, 254,
       55, 0, 107, 165, 117, 125, 0, 225, 205, 147, 64, 193, 187, 126,
       144, 136, 48, 129, 59, 147, 104, 167, 145, 87, 199, 173, 71, 86,
       226, 82, 66, 48, 156, 247, 172, 121, 169, 18, 157, 231, 213, 53,
       202, 53, 14, 159, 160, 133, 60, 145, 236, 199, 173, 213, 222, 190,
       160, 174, 175, 218, 179, 25, 210, 237, 234, 252, 66, 151, 103,
       125, 159, 178, 76, 142, 251, 172, 62, 223, 236, 156, 243, 129, 8,
       182, 236, 229, 255, 29, 103, 198, 172, 83, 178, 250, 11, 99, 121,
       93, 42, 217, 220, 53, 99, 234, 246, 219, 191, 43, 250, 197, 55,
       117, 251, 84, 46, 109, 67, 217, 101, 100, 10, 111, 184, 97, 162,
       119, 72, 211, 99, 153, 115, 82, 196, 108, 110, 201, 176, 237, 8,
       230, 249, 97, 4, 110, 179, 66, 32, 41, 191, 115, 69, 244, 219,
       227, 55, 105, 109, 126, 108, 190, 56, 150, 180, 150, 42, 86, 44,
       151, 184, 164, 93, 46, 28, 33, 226, 206, 134, 195, 253, 179, 143,
       102, 12, 118, 130, 239, 103, 244, 196, 250, 167, 97, 168, 182, 81,
       126, 239, 23, 229, 236, 187, 36, 207, 114, 42, 238, 136, 101, 164,
       242, 204, 41, 184, 249, 88, 221, 253, 241, 206, 219, 83, 180, 24,
       58, 221, 119, 188, 201, 186, 210, 24, 151, 111, 250, 243, 95, 93,
       21, 127, 211, 205, 102, 238, 236, 235, 116, 90, 189, 219, 86, 128,
       223, 132, 164, 138, 106, 201, 103, 214, 83, 240, 202, 114, 58,
       107, 122, 190, 59, 215, 5, 123, 242, 191, 220, 6, 228, 236, 213,
       255, 77, 79, 70, 141, 215, 178, 176, 26, 67, 249, 93, 11, 217,
       220, 125, 34, 106, 102, 219, 179, 47, 255, 197, 63, 119, 249, 208,
       10, 114, 133, 108, 172, 14, 83, 85, 107, 21, 230, 142, 139, 83,
       109, 58, 81, 121, 148, 109, 162, 124, 139, 111, 31, 251, 195, 229,
       85, 53, 170, 244, 66, 246, 89, 95, 236, 44, 78, 95, 184, 165, 232,
       178, 110, 95, 127, 165, 115, 254, 213, 125, 226, 233, 231, 123,
       236, 243, 250, 229, 150, 41, 187, 100, 115, 25, 65, 39, 167, 7,
       79, 207, 244, 101, 226, 223, 3, 255, 13, 25, 165, 56, 236, 95,
       111, 201, 177, 61, 172, 165, 200, 69, 144, 103, 191, 81, 248, 3,
       29, 225, 189, 234, 237, 189, 63, 31, 66, 88, 247, 189, 236, 150,
       132, 55, 43, 55, 133, 229, 24, 118, 219, 36, 126, 127, 170, 31,
       252, 131, 221, 53, 141, 83, 75, 244, 31, 238, 240, 117, 64, 123,
       66, 83, 112, 189, 228, 122, 202, 22, 234, 217, 178, 125, 236, 54,
       236, 166, 4, 111, 251, 240, 164, 180, 204, 213, 182, 221, 15, 199,
       172, 19, 179, 176, 26, 67, 112, 77, 27, 217, 215, 36, 114, 122,
       102, 91, 179, 169, 210, 69, 118, 241, 122, 192, 130, 40, 124, 251,
       101, 116, 78, 117, 55, 116, 238, 126, 0, 51, 61, 147, 48, 0, 124,
       118, 8, 224, 184, 241, 14, 111, 175, 52, 0, 98, 184, 70, 251, 24,
       249, 27, 106, 91, 197, 82, 253, 171, 65, 236, 8, 62, 215, 96, 176,
       182, 187, 223, 80, 83, 11, 154, 213, 251, 205, 5, 122, 122, 2,
       175, 171, 29, 205, 103, 39, 86, 142, 239, 224, 108, 64, 250, 7,
       89, 40, 54, 33, 122, 229, 18, 239, 213, 185, 53, 109, 117, 47,
       102, 64, 109, 58, 99, 208, 90, 185, 145, 186, 155, 228, 17, 223,
       175, 185, 136, 10, 188, 247, 64, 250, 199, 255, 253, 144, 27, 75,
       218, 241, 217, 245, 31, 123, 186, 66, 167, 59, 200, 153, 62, 125,
       112, 206, 117, 119, 116, 205, 118, 16, 63, 183, 2, 112, 164, 63,
       119, 8, 224, 184, 49, 47, 111, 239, 52, 128, 66, 128, 230, 235, 8,
       177, 158, 117, 225, 237, 117, 119, 171, 27, 103, 24, 190, 187, 64,
       26, 161, 63, 118, 8, 16, 248, 178, 67, 199, 223, 80, 99, 194, 64,
       207, 171, 213, 65, 143, 229, 140, 6, 108, 157, 230, 177, 134, 16,
       209, 243, 73, 122, 96, 196, 120, 250, 41, 209, 219, 64, 237, 233,
       199, 4, 168, 240, 224, 32, 63, 247, 65, 165, 242, 22, 110, 249,
       53, 232, 91, 231, 89, 110, 155, 180, 126, 205, 23, 239, 237, 146,
       61, 206, 38, 111, 175, 132, 47, 246, 186, 213, 36, 45, 146, 80,
       221, 181, 214, 202, 207, 161, 172, 10, 10, 251, 101, 140, 217,
       250, 130, 80, 18, 35, 26, 218, 59, 156, 5, 127, 219, 123, 234,
       134, 131, 108, 174, 213, 86, 251, 237, 71, 92, 167, 86, 18, 176,
       16, 151, 41, 40, 42, 18, 153, 160, 252, 37, 206, 101, 15, 190,
       128, 165, 88, 213, 172, 57, 166, 76, 161, 31, 27, 217, 123, 68,
       37, 214, 130, 131, 8, 146, 133, 106, 132, 206, 173, 60, 184, 101,
       157, 238, 195, 146, 85, 103, 140, 220, 196, 49, 185, 145, 251,
       177, 205, 67, 206, 127, 105, 248, 72, 183, 214, 64, 52, 153, 251,
       76, 72, 11, 170, 250, 177, 141, 220, 21, 122, 192, 2, 198, 237,
       119, 114, 149, 40, 168, 37, 25, 206, 43, 251, 176, 253, 134, 150,
       197, 30, 143, 209, 108, 21, 159, 71, 251, 208, 152, 144, 29, 254,
       216, 85, 131, 117, 58, 49, 124, 237, 47, 255, 217, 24, 203, 252,
       117, 175, 159, 221, 214, 38, 134, 189, 245, 61, 159, 112, 183,
       209, 195, 249, 129, 239, 103, 143, 94, 119, 238, 40, 230, 86, 237,
       248, 112, 1, 233, 222, 183, 25, 10, 204, 151, 191, 136, 228, 237,
       82, 28, 227, 230, 224, 23, 123, 84, 27, 199, 253, 94, 70, 159, 50,
       239, 101, 32, 62, 121, 24, 113, 238, 183, 236, 91, 63, 215, 191,
       62, 245, 245, 188, 173, 244, 229, 200, 222, 219, 229, 132, 239,
       247, 70, 117, 240, 201, 124, 108, 141, 65, 86, 237, 209, 56, 180,
       10, 35, 121, 4, 17, 200, 210, 108, 98, 120, 107, 75, 189, 251,
       217, 229, 127, 115, 56, 254, 10, 128, 178, 240, 217, 190, 185,
       177, 223, 94, 61, 84, 246, 175, 137, 236, 44, 95, 27, 134, 16,
       178, 188, 103, 151, 12, 150, 50, 234, 214, 136, 133, 189, 188, 27,
       125, 109, 40, 74, 83, 176, 229, 90, 182, 100, 251, 29, 133, 51,
       142, 112, 236, 98, 201, 165, 99, 45, 195, 251, 96, 147, 99, 171,
       70, 115, 67, 158, 51, 249, 246, 140, 188, 255, 159, 27, 210, 247,
       188, 255, 180, 65, 255, 147, 63, 133, 242, 25, 67, 215, 62, 62,
       190, 198, 148, 12, 177, 155, 223, 122, 248, 246, 42, 26, 95, 184,
       57, 238, 183, 253, 95, 71, 139, 123, 55, 213, 253, 238, 236, 71,
       237, 234, 242, 251, 229, 188, 38, 181, 6, 117, 144, 205, 79, 191,
       6, 130, 110, 229, 116, 2, 203, 210, 241, 194, 56, 65, 122, 234,
       42, 234, 104, 181, 13, 111, 164, 162, 198, 0, 37, 210, 225, 168,
       10, 138, 6, 29, 17, 148, 56, 87, 182, 21, 66, 213, 173, 134, 34,
       204, 228, 59, 171, 132, 134, 216, 23, 117, 135, 114, 26, 73, 18,
       132, 173, 220, 125, 65, 81, 69, 52, 10, 111, 56, 97, 160, 126,
       192, 219, 67, 145, 116, 122, 196, 44, 234, 201, 176, 109, 12, 230,
