%YAML:1.0
---
descriptors: !!opencv-matrix
   rows: 122
   cols: 32
   dt: u
   data: [ 254, 219, 63, 174, 233, 79, 23, 240, 149, 110, 246, 189, 106,
       253, 46, 83, 220, 213, 239, 102, 120, 175, 57, 175, 243, 243, 100,
       159, 82, 61, 100, 115, 254, 94, 183, 254, 105, 94, 151, 240, 17,
       110, 247, 63, 106, 253, 47, 219, 253, 221, 239, 34, 233, 247, 249,
       171, 243, 247, 100, 147, 67, 126, 102, 243, 250, 56, 236, 85, 139,
       253, 145, 7, 163, 127, 150, 191, 42, 188, 86, 46, 237, 183, 253,
       145, 190, 111, 242, 162, 95, 87, 220, 243, 231, 76, 222, 95, 246,
       80, 214, 172, 77, 70, 86, 232, 185, 142, 163, 11, 78, 254, 47,
       223, 248, 213, 237, 227, 108, 199, 155, 200, 147, 242, 207, 31, 0,
       55, 126, 86, 26, 176, 252, 245, 55, 222, 89, 56, 123, 220, 52,
       163, 111, 127, 222, 54, 191, 241, 181, 221, 142, 240, 62, 221,
       203, 219, 229, 199, 103, 164, 78, 87, 123, 16, 254, 236, 61, 223,
       217, 27, 219, 237, 52, 41, 79, 221, 182, 61, 150, 53, 181, 53,
       140, 224, 50, 221, 203, 251, 113, 255, 70, 140, 95, 87, 244, 72,
       223, 246, 78, 10, 109, 132, 233, 146, 178, 26, 123, 106, 21, 91,
       98, 229, 125, 234, 104, 71, 199, 232, 208, 234, 246, 16, 37, 241,
       98, 40, 38, 164, 80, 131, 237, 109, 184, 233, 15, 53, 57, 26, 206,
       120, 92, 136, 155, 27, 255, 17, 18, 120, 91, 215, 13, 22, 31, 127,
       212, 14, 199, 135, 214, 169, 148, 179, 133, 128, 102, 166, 59,
       147, 2, 18, 228, 34, 76, 207, 225, 207, 40, 210, 114, 92, 155,
       227, 189, 178, 223, 67, 128, 112, 241, 14, 166, 13, 150, 252, 253,
       171, 82, 232, 223, 146, 121, 24, 206, 233, 101, 205, 211, 121,
       111, 114, 52, 103, 74, 158, 138, 222, 69, 126, 214, 235, 65, 133,
       67, 188, 149, 181, 139, 236, 177, 7, 190, 251, 130, 117, 236, 182,
       66, 203, 135, 119, 250, 17, 55, 205, 243, 99, 141, 54, 95, 82,
       136, 68, 141, 95, 90, 218, 127, 123, 35, 205, 125, 55, 191, 125,
       119, 245, 191, 159, 22, 240, 166, 63, 255, 1, 195, 157, 179, 245,
       215, 251, 114, 194, 66, 132, 143, 123, 93, 114, 153, 165, 32, 46,
       123, 24, 104, 170, 187, 229, 223, 51, 73, 90, 54, 205, 125, 255,
       136, 212, 221, 8, 196, 233, 107, 132, 172, 243, 35, 65, 200, 152,
       149, 190, 9, 205, 21, 166, 143, 91, 160, 25, 190, 247, 98, 250,
       133, 115, 232, 0, 3, 79, 218, 51, 193, 247, 90, 59, 144, 8, 5, 91,
       201, 166, 150, 249, 172, 156, 237, 159, 190, 27, 50, 112, 175,
       243, 232, 239, 135, 115, 110, 24, 243, 237, 138, 243, 140, 251,
       127, 204, 130, 128, 139, 41, 38, 164, 48, 131, 253, 109, 184, 73,
       95, 61, 185, 27, 204, 120, 94, 136, 187, 27, 223, 49, 18, 114,
       219, 214, 157, 20, 31, 127, 212, 14, 159, 134, 226, 184, 234, 114,
       139, 249, 176, 135, 187, 87, 148, 159, 170, 188, 118, 11, 141,
       179, 255, 17, 190, 111, 246, 227, 219, 119, 220, 251, 199, 76,
       223, 94, 212, 237, 148, 151, 197, 128, 38, 165, 186, 179, 130, 82,
       228, 226, 72, 67, 225, 207, 42, 211, 114, 92, 203, 227, 189, 34,
       223, 99, 128, 51, 177, 142, 252, 113, 149, 234, 185, 15, 86, 216,
       63, 184, 177, 72, 223, 255, 73, 248, 157, 213, 125, 114, 11, 99,
       219, 186, 251, 223, 37, 190, 250, 123, 194, 51, 26, 48, 124, 237,
       47, 254, 89, 26, 235, 220, 116, 163, 79, 223, 214, 62, 166, 189,
       181, 189, 142, 228, 183, 213, 195, 249, 129, 135, 103, 133, 70,
       87, 51, 51, 106, 0, 118, 190, 250, 80, 105, 108, 254, 143, 88,
       140, 183, 48, 190, 173, 86, 229, 132, 179, 52, 204, 50, 44, 34,
       131, 77, 23, 107, 215, 198, 44, 214, 250, 189, 43, 210, 200, 223,
       178, 177, 24, 206, 232, 109, 223, 147, 103, 110, 114, 48, 103,
       138, 254, 136, 222, 71, 127, 212, 105, 9, 133, 202, 114, 124, 237,
       47, 247, 88, 26, 143, 236, 116, 161, 141, 159, 214, 246, 134, 61,
       245, 173, 198, 4, 167, 208, 67, 249, 169, 175, 55, 133, 77, 87,
       93, 249, 145, 250, 185, 204, 79, 159, 235, 25, 170, 72, 191, 243,
       64, 246, 133, 247, 108, 88, 27, 75, 250, 49, 185, 252, 37, 122,
       130, 18, 131, 41, 98, 32, 241, 245, 100, 8, 248, 0, 105, 145, 50,
       201, 143, 31, 213, 58, 174, 149, 93, 149, 130, 120, 193, 192, 142,
       216, 154, 194, 197, 160, 67, 143, 194, 190, 151, 248, 188, 172,
       185, 223, 191, 27, 56, 112, 156, 251, 228, 95, 135, 27, 127, 25,
       178, 77, 138, 211, 140, 216, 127, 238, 158, 64, 161, 169, 149,
       237, 94, 250, 206, 161, 207, 252, 194, 146, 185, 14, 89, 195, 249,
       59, 123, 195, 86, 250, 234, 103, 30, 243, 248, 201, 239, 60, 61,
       251, 227, 128, 73, 48, 253, 101, 98, 72, 113, 24, 233, 249, 54,
       40, 158, 17, 193, 58, 162, 21, 108, 16, 1, 112, 179, 0, 79, 217,
       97, 39, 202, 32, 71, 163, 2, 153, 18, 185, 219, 129, 184, 199,
       174, 25, 72, 33, 172, 146, 32, 192, 231, 59, 171, 145, 82, 11, 18,
       247, 173, 52, 26, 75, 152, 0, 169, 139, 110, 251, 173, 247, 172,
       107, 95, 156, 131, 254, 159, 169, 211, 109, 219, 74, 217, 214,
       253, 243, 27, 64, 239, 176, 238, 211, 237, 253, 132, 251, 148,
       112, 189, 79, 99, 229, 22, 26, 239, 48, 117, 232, 255, 230, 83,
       65, 149, 224, 126, 236, 30, 238, 233, 176, 109, 142, 246, 237,
       163, 132, 111, 187, 112, 177, 75, 190, 158, 248, 168, 188, 60,
       255, 190, 27, 180, 116, 175, 178, 224, 235, 167, 83, 110, 24, 243,
       77, 171, 243, 154, 251, 127, 254, 154, 64, 171, 41, 53, 91, 107,
       101, 118, 10, 111, 112, 117, 192, 254, 230, 115, 65, 145, 112,
       126, 236, 22, 238, 201, 176, 101, 46, 246, 237, 162, 128, 109,
       187, 112, 185, 114, 192, 252, 180, 87, 218, 248, 96, 59, 148, 178,
       3, 110, 78, 14, 82, 255, 177, 159, 177, 14, 247, 64, 205, 159,
       242, 203, 215, 37, 44, 125, 71, 74, 188, 146, 154, 233, 245, 176,
       199, 191, 31, 140, 17, 172, 254, 102, 222, 231, 59, 235, 17, 22,
       75, 146, 243, 159, 22, 94, 123, 146, 68, 175, 207, 90, 48, 116,
       233, 47, 119, 89, 30, 239, 236, 127, 179, 15, 159, 215, 62, 166,
       157, 245, 137, 140, 32, 167, 208, 195, 249, 144, 187, 119, 213,
       71, 87, 90, 112, 124, 237, 47, 115, 88, 31, 143, 230, 119, 179,
       15, 159, 86, 94, 166, 157, 245, 175, 204, 148, 167, 208, 195, 249,
       152, 171, 55, 149, 220, 87, 3, 184, 188, 211, 225, 253, 184, 151,
       191, 95, 84, 53, 172, 159, 70, 40, 135, 59, 151, 17, 182, 220, 50,
       247, 79, 95, 30, 227, 146, 68, 143, 223, 74, 248, 62, 244, 97,
       220, 121, 55, 191, 93, 246, 53, 172, 223, 182, 116, 167, 63, 255,
       129, 195, 217, 178, 245, 215, 255, 58, 195, 14, 132, 175, 127, 48,
       77, 14, 172, 28, 195, 71, 103, 196, 140, 250, 2, 115, 56, 49, 64,
       216, 160, 14, 233, 76, 171, 65, 28, 241, 197, 163, 17, 113, 58,
       112, 10, 204, 176, 29, 161, 185, 77, 17, 159, 171, 121, 179, 125,
       222, 31, 72, 26, 133, 19, 253, 48, 19, 65, 217, 21, 201, 209, 61,
       246, 136, 0, 135, 19, 72, 152, 153, 190, 9, 205, 18, 150, 159, 73,
       36, 8, 190, 247, 64, 248, 133, 123, 249, 0, 3, 10, 218, 51, 131,
       247, 16, 59, 154, 8, 7, 59, 5, 160, 221, 243, 236, 169, 233, 91,
       238, 51, 55, 216, 157, 163, 216, 42, 171, 11, 110, 28, 147, 124,
       239, 210, 204, 223, 127, 236, 212, 200, 193, 161, 197, 46, 223,
       243, 232, 40, 233, 82, 235, 179, 183, 216, 157, 235, 209, 27, 175,
       229, 127, 155, 161, 103, 238, 226, 220, 155, 123, 168, 196, 241,
       99, 161, 207, 255, 121, 250, 232, 172, 191, 151, 237, 27, 63, 252,
       252, 207, 220, 123, 135, 115, 255, 27, 243, 36, 234, 243, 230,
       249, 62, 216, 140, 211, 131, 57, 6, 177, 16, 131, 221, 127, 242,
       201, 63, 189, 187, 27, 206, 220, 78, 140, 187, 157, 239, 51, 22,
       115, 217, 212, 157, 20, 11, 119, 193, 15, 141, 198, 75, 176, 175,
       37, 48, 22, 121, 55, 41, 204, 86, 117, 221, 62, 150, 115, 166, 87,
       253, 157, 165, 216, 177, 64, 71, 123, 254, 130, 10, 164, 163, 125,
       73, 49, 241, 69, 98, 72, 49, 24, 105, 232, 54, 104, 158, 17, 196,
