%YAML:1.0
---
descriptors: !!opencv-matrix
   rows: 188
   cols: 32
   dt: u
   data: [ 73, 177, 189, 101, 37, 92, 113, 48, 104, 249, 38, 8, 246, 81,
       72, 50, 128, 68, 124, 88, 129, 224, 243, 1, 79, 249, 101, 18, 74,
       34, 67, 51, 236, 252, 189, 123, 233, 253, 151, 138, 202, 119, 36,
       57, 190, 125, 71, 59, 135, 115, 249, 83, 102, 108, 250, 49, 79,
       219, 85, 123, 210, 93, 207, 219, 38, 181, 112, 195, 253, 109, 248,
       105, 79, 117, 57, 27, 206, 125, 92, 8, 187, 27, 255, 17, 150, 112,
       219, 214, 15, 92, 31, 119, 214, 14, 221, 214, 212, 200, 151, 147,
       133, 0, 166, 135, 62, 51, 194, 18, 196, 162, 104, 78, 233, 70, 42,
       210, 122, 221, 137, 226, 189, 54, 222, 66, 128, 89, 177, 14, 124,
       180, 145, 234, 185, 111, 86, 216, 63, 59, 185, 88, 223, 255, 72,
       120, 157, 213, 125, 114, 59, 99, 91, 179, 251, 255, 37, 126, 216,
       123, 194, 51, 164, 132, 214, 254, 253, 171, 212, 105, 223, 19,
       113, 24, 206, 233, 60, 73, 211, 43, 106, 35, 114, 103, 74, 151,
       168, 254, 87, 126, 212, 234, 193, 129, 198, 232, 160, 190, 239,
       137, 190, 173, 155, 178, 17, 155, 237, 235, 88, 67, 183, 123, 125,
       199, 98, 68, 158, 255, 173, 82, 207, 251, 20, 55, 131, 2, 250, 94,
       174, 62, 73, 94, 87, 212, 49, 238, 246, 63, 106, 253, 47, 91, 253,
       252, 231, 98, 108, 247, 249, 171, 115, 247, 229, 159, 107, 126,
       118, 219, 88, 109, 155, 238, 25, 198, 87, 197, 164, 138, 206, 0,
       246, 247, 33, 112, 208, 127, 89, 66, 72, 131, 186, 43, 241, 245,
       14, 25, 0, 114, 167, 42, 9, 95, 87, 69, 244, 15, 239, 246, 125,
       72, 122, 100, 251, 49, 149, 180, 62, 98, 86, 44, 177, 184, 1, 95,
       44, 158, 38, 192, 75, 160, 67, 169, 62, 240, 244, 244, 55, 220,
       216, 184, 59, 148, 52, 163, 239, 127, 221, 58, 191, 241, 181, 209,
       138, 112, 190, 205, 203, 219, 207, 199, 231, 164, 71, 95, 75, 138,
       246, 26, 233, 188, 124, 199, 251, 95, 52, 21, 40, 232, 246, 223,
       167, 99, 238, 20, 182, 111, 174, 243, 30, 123, 84, 203, 211, 196,
       235, 79, 67, 107, 219, 255, 52, 168, 234, 134, 170, 129, 218, 192,
       188, 170, 85, 66, 226, 111, 29, 217, 2, 136, 128, 232, 164, 188,
       190, 136, 132, 241, 97, 40, 93, 49, 251, 69, 50, 78, 51, 48, 104,
       168, 119, 96, 94, 19, 137, 114, 54, 213, 124, 122, 193, 176, 177,
       72, 215, 169, 35, 70, 107, 162, 35, 33, 10, 188, 183, 187, 147,
       229, 185, 87, 190, 91, 90, 19, 188, 191, 32, 72, 167, 59, 155,
       145, 51, 216, 18, 247, 205, 150, 186, 194, 144, 64, 165, 251, 203,
       190, 151, 248, 236, 172, 184, 223, 191, 27, 48, 116, 156, 179,
       228, 255, 135, 27, 127, 25, 179, 77, 138, 209, 137, 250, 127, 238,
       152, 64, 161, 169, 246, 125, 233, 6, 223, 67, 215, 204, 19, 228,
       184, 139, 66, 252, 87, 26, 25, 223, 209, 243, 175, 99, 252, 186,
       123, 4, 141, 63, 229, 127, 86, 254, 71, 43, 19, 190, 252, 132,
       187, 208, 168, 136, 89, 96, 252, 211, 225, 66, 166, 123, 95, 223,
       19, 9, 138, 236, 252, 185, 46, 136, 140, 163, 33, 169, 9, 27, 82,
       69, 176, 159, 239, 55, 124, 136, 126, 100, 190, 49, 180, 228, 38,
       102, 62, 76, 193, 184, 1, 127, 44, 191, 38, 192, 74, 128, 105,
       173, 133, 162, 217, 243, 236, 169, 233, 155, 254, 51, 49, 216,
       157, 225, 216, 43, 171, 11, 126, 28, 179, 124, 207, 211, 204, 155,
       119, 252, 220, 200, 193, 161, 150, 45, 115, 242, 176, 171, 126,
       244, 253, 128, 122, 192, 255, 75, 53, 16, 166, 123, 21, 219, 184,
       184, 12, 238, 170, 220, 4, 192, 230, 211, 99, 136, 254, 81, 118,
       236, 45, 86, 94, 248, 177, 142, 246, 11, 75, 31, 39, 215, 248,
       213, 253, 226, 108, 199, 249, 206, 243, 251, 199, 31, 39, 191,
       124, 70, 240, 72, 223, 252, 14, 8, 109, 184, 249, 146, 178, 90,
       123, 107, 149, 91, 106, 229, 125, 234, 105, 71, 203, 232, 210,
       234, 255, 152, 37, 241, 98, 40, 35, 40, 115, 220, 124, 137, 248,
       70, 255, 1, 240, 40, 174, 152, 148, 60, 170, 185, 95, 1, 6, 46,
       198, 241, 148, 60, 18, 42, 84, 8, 67, 142, 26, 112, 116, 229, 39,
       250, 216, 24, 235, 180, 52, 163, 111, 223, 213, 182, 182, 189,
       181, 185, 138, 112, 182, 221, 195, 217, 137, 167, 103, 132, 71,
       95, 72, 245, 253, 99, 139, 77, 117, 191, 107, 123, 47, 24, 222,
       61, 94, 59, 167, 87, 121, 56, 211, 120, 249, 113, 239, 219, 85,
       116, 203, 82, 199, 122, 74, 112, 116, 237, 47, 82, 88, 24, 171,
       228, 116, 163, 13, 159, 214, 54, 134, 189, 245, 237, 198, 20, 183,
       209, 195, 249, 169, 175, 39, 134, 79, 87, 72, 222, 88, 254, 234,
       65, 53, 254, 54, 30, 116, 43, 61, 179, 224, 89, 103, 219, 103,
       194, 114, 110, 139, 119, 220, 167, 119, 173, 113, 240, 167, 139,
       73, 49, 249, 101, 99, 76, 49, 24, 105, 232, 54, 104, 222, 25, 201,
       50, 182, 20, 124, 104, 129, 112, 177, 65, 79, 249, 33, 6, 106, 34,
       67, 35, 212, 236, 151, 147, 196, 128, 38, 133, 58, 51, 130, 82,
       228, 226, 72, 74, 225, 207, 42, 211, 98, 220, 203, 227, 189, 38,
       223, 102, 128, 114, 161, 142, 125, 245, 149, 234, 185, 47, 86,
       216, 59, 186, 185, 72, 223, 115, 73, 248, 157, 213, 125, 114, 59,
       99, 219, 178, 251, 255, 37, 126, 218, 123, 195, 35, 236, 238, 196,
       119, 205, 47, 70, 190, 83, 187, 179, 93, 195, 105, 93, 142, 217,
       198, 110, 26, 94, 108, 219, 178, 47, 223, 197, 116, 235, 248, 216,
       128, 194, 224, 149, 190, 79, 137, 14, 173, 155, 178, 0, 26, 236,
       234, 80, 7, 179, 233, 121, 195, 98, 69, 202, 251, 189, 18, 207,
       190, 20, 114, 131, 6, 186, 124, 182, 190, 105, 7, 158, 204, 155,
       186, 240, 185, 110, 191, 45, 27, 223, 93, 255, 38, 40, 199, 203,
       170, 179, 250, 77, 186, 210, 125, 38, 219, 117, 249, 159, 190, 45,
       205, 71, 248, 239, 232, 160, 72, 254, 210, 72, 54, 128, 225, 124,
       74, 203, 99, 122, 33, 185, 216, 5, 58, 64, 50, 67, 101, 114, 96,
       241, 229, 103, 8, 248, 68, 105, 177, 178, 139, 143, 11, 85, 58,
       174, 157, 93, 221, 138, 112, 197, 192, 151, 252, 154, 134, 231,
       180, 83, 142, 205, 106, 156, 53, 40, 47, 64, 158, 126, 186, 50,
       124, 215, 33, 193, 27, 135, 68, 108, 126, 168, 244, 201, 42, 204,
       251, 117, 148, 200, 241, 74, 1, 87, 21, 111, 69, 114, 62, 239, 57,
       125, 224, 223, 134, 89, 46, 151, 116, 54, 133, 93, 173, 177, 144,
       53, 206, 54, 47, 139, 132, 45, 230, 83, 116, 35, 237, 238, 22,
       221, 157, 252, 231, 95, 167, 108, 13, 34, 168, 55, 17, 137, 234,
       66, 157, 254, 250, 118, 252, 126, 31, 20, 57, 213, 220, 218, 206,
       105, 249, 113, 111, 61, 93, 83, 188, 75, 100, 44, 12, 255, 93, 76,
       48, 150, 88, 80, 106, 195, 42, 251, 63, 239, 221, 5, 58, 90, 155,
       70, 123, 74, 186, 62, 116, 97, 220, 185, 87, 191, 93, 118, 53,
       172, 158, 38, 244, 167, 59, 255, 133, 199, 201, 178, 241, 87, 123,
       58, 203, 66, 4, 175, 255, 157, 214, 252, 248, 170, 39, 31, 218,
       150, 190, 149, 118, 93, 115, 201, 107, 247, 213, 126, 186, 169,
       71, 75, 242, 218, 203, 103, 182, 189, 241, 161, 35, 254, 88, 242,
       228, 45, 86, 94, 232, 49, 142, 246, 11, 75, 159, 39, 223, 250,
       213, 253, 226, 76, 199, 185, 200, 243, 251, 207, 159, 35, 183,
       110, 87, 241, 72, 207, 255, 108, 40, 237, 156, 249, 146, 178, 90,
       251, 235, 149, 123, 107, 229, 110, 138, 41, 103, 207, 224, 212,
       187, 243, 24, 37, 241, 99, 168, 118, 125, 237, 36, 223, 67, 151,
       239, 3, 224, 184, 171, 112, 60, 85, 51, 89, 222, 211, 241, 201,
       251, 213, 172, 121, 2, 141, 183, 101, 124, 214, 250, 38, 53, 240,
       195, 253, 127, 250, 72, 123, 189, 185, 27, 206, 92, 94, 30, 187,
       157, 223, 51, 148, 114, 217, 194, 159, 92, 7, 119, 199, 111, 95,
       199, 137, 139, 82, 77, 52, 155, 232, 39, 125, 5, 126, 0, 171, 32,
       182, 164, 42, 42, 6, 76, 212, 184, 37, 255, 174, 255, 50, 65, 70,
       140, 233, 12, 207, 111, 19, 190, 252, 128, 255, 236, 168, 128, 89,
       192, 252, 195, 185, 192, 246, 107, 31, 255, 115, 3, 10, 239, 120,
