%YAML:1.0
---
descriptors: !!opencv-matrix
   rows: 256
   cols: 32
   dt: u
   data: [ 69, 97, 81, 99, 112, 14, 99, 184, 109, 104, 111, 68, 215, 18,
       137, 116, 178, 12, 76, 110, 193, 176, 57, 12, 228, 252, 33, 4,
       104, 179, 67, 37, 198, 173, 208, 190, 254, 160, 186, 169, 187,
       147, 25, 154, 237, 235, 92, 74, 179, 123, 121, 147, 50, 68, 142,
       243, 140, 22, 207, 238, 148, 99, 129, 0, 162, 12, 183, 252, 252,
       171, 150, 239, 223, 147, 240, 24, 238, 249, 36, 109, 215, 123,
       127, 4, 48, 111, 74, 191, 170, 254, 85, 58, 212, 249, 193, 141,
       39, 149, 195, 199, 244, 22, 238, 240, 113, 99, 123, 198, 89, 34,
       157, 244, 127, 206, 22, 254, 253, 178, 125, 226, 62, 110, 230,
       196, 175, 255, 120, 188, 11, 160, 132, 155, 217, 149, 40, 61, 158,
       125, 129, 85, 228, 226, 74, 205, 197, 10, 106, 156, 150, 72, 91,
       85, 13, 23, 218, 124, 152, 6, 137, 222, 186, 247, 182, 58, 251,
       127, 148, 253, 23, 127, 253, 61, 78, 255, 46, 21, 221, 155, 215,
       52, 122, 119, 107, 147, 123, 215, 116, 255, 211, 94, 166, 251,
       105, 49, 57, 65, 53, 95, 97, 24, 104, 72, 119, 76, 150, 17, 16,
       48, 144, 12, 92, 104, 129, 176, 241, 12, 199, 185, 32, 16, 74, 34,
       67, 35, 129, 108, 233, 209, 86, 255, 233, 214, 94, 227, 94, 130,
       177, 4, 215, 45, 63, 40, 18, 157, 163, 252, 53, 74, 109, 14, 181,
       128, 229, 216, 81, 236, 234, 184, 230, 81, 139, 249, 177, 135,
       187, 87, 134, 159, 170, 188, 86, 158, 137, 179, 249, 145, 190,
       111, 246, 227, 95, 119, 220, 219, 231, 76, 222, 94, 13, 206, 145,
       249, 188, 175, 79, 159, 94, 43, 88, 84, 247, 65, 145, 232, 81,
       106, 6, 28, 163, 60, 75, 63, 236, 223, 53, 52, 154, 217, 209, 169,
       55, 236, 229, 239, 157, 39, 78, 190, 87, 178, 251, 74, 115, 121,
       93, 34, 217, 206, 117, 191, 155, 242, 219, 191, 47, 254, 213, 116,
       255, 251, 208, 0, 107, 174, 254, 26, 237, 188, 252, 199, 251, 95,
       188, 21, 40, 232, 246, 222, 167, 99, 238, 20, 182, 111, 174, 243,
       30, 127, 84, 203, 211, 196, 238, 207, 58, 160, 244, 244, 53, 218,
       216, 184, 123, 208, 52, 130, 239, 111, 221, 52, 191, 241, 53, 249,
       138, 96, 62, 205, 203, 223, 199, 215, 231, 164, 70, 7, 196, 172,
       132, 147, 150, 168, 38, 135, 58, 19, 75, 82, 228, 98, 72, 74, 97,
       206, 42, 146, 50, 220, 203, 227, 172, 38, 223, 64, 128, 82, 161,
       8, 75, 112, 124, 237, 107, 210, 89, 24, 139, 252, 85, 161, 221,
       223, 210, 114, 150, 53, 245, 236, 198, 196, 239, 157, 71, 249,
       169, 173, 54, 166, 4, 115, 45, 180, 16, 227, 253, 125, 177, 57,
       95, 123, 61, 30, 222, 56, 218, 172, 159, 10, 222, 29, 183, 120,
       123, 215, 207, 221, 55, 126, 222, 78, 217, 245, 109, 79, 123, 101,
       52, 14, 111, 184, 100, 136, 126, 104, 211, 97, 145, 113, 22, 196,
       76, 110, 233, 176, 237, 44, 230, 249, 37, 128, 104, 187, 66, 33,
       162, 140, 150, 222, 252, 171, 142, 239, 223, 147, 120, 24, 238,
       232, 53, 73, 211, 107, 106, 1, 48, 239, 10, 255, 168, 190, 87,
       122, 212, 249, 225, 136, 198, 172, 208, 190, 222, 161, 110, 137,
       186, 179, 9, 90, 236, 234, 88, 74, 51, 235, 123, 147, 50, 69, 138,
       243, 172, 22, 143, 236, 148, 99, 131, 128, 41, 163, 120, 104, 244,
       157, 122, 127, 123, 45, 124, 76, 27, 139, 222, 144, 158, 138, 134,
       28, 158, 58, 64, 23, 126, 221, 32, 237, 106, 130, 202, 129, 130,
       184, 186, 155, 107, 245, 184, 67, 191, 95, 85, 55, 172, 158, 102,
       13, 167, 59, 147, 145, 54, 92, 146, 243, 15, 87, 218, 235, 144,
       68, 175, 223, 182, 182, 180, 249, 250, 47, 148, 255, 31, 59, 249,
       251, 74, 255, 236, 29, 255, 159, 247, 52, 250, 119, 73, 215, 127,
       222, 87, 246, 209, 76, 166, 211, 253, 117, 148, 254, 169, 47, 94,
       248, 63, 186, 185, 72, 223, 123, 73, 185, 221, 215, 124, 98, 105,
       99, 219, 187, 185, 219, 103, 190, 218, 251, 194, 3, 144, 175, 88,
       104, 250, 226, 49, 207, 58, 29, 248, 57, 30, 179, 100, 81, 163,
       155, 71, 16, 50, 75, 130, 87, 249, 161, 39, 239, 208, 64, 167,
       131, 250, 92, 118, 92, 43, 222, 118, 50, 161, 198, 230, 172, 106,
       151, 135, 247, 38, 244, 236, 98, 237, 135, 178, 232, 243, 251, 64,
       3, 34, 245, 46, 127, 23, 133, 107, 206, 212, 246, 235, 121, 117,
       69, 223, 18, 81, 252, 190, 100, 121, 198, 50, 175, 185, 179, 61,
       207, 123, 47, 170, 196, 39, 131, 244, 100, 247, 67, 234, 14, 222,
       18, 206, 216, 197, 140, 241, 135, 65, 200, 255, 66, 126, 236, 46,
       255, 220, 163, 239, 232, 122, 41, 167, 201, 53, 191, 248, 68, 125,
       52, 254, 68, 169, 126, 87, 16, 225, 254, 175, 12, 74, 188, 199,
       191, 164, 228, 236, 58, 157, 229, 189, 128, 211, 249, 69, 55, 227,
       247, 78, 87, 89, 186, 151, 248, 169, 164, 61, 223, 190, 27, 144,
       84, 188, 183, 96, 203, 167, 83, 125, 17, 243, 77, 155, 243, 217,
       251, 127, 222, 152, 80, 161, 59, 119, 103, 106, 138, 246, 82, 79,
       232, 193, 196, 217, 163, 65, 202, 255, 80, 122, 237, 141, 247,
       220, 131, 172, 236, 186, 40, 143, 201, 37, 183, 254, 196, 171,
       221, 84, 91, 189, 159, 166, 231, 220, 73, 249, 86, 232, 88, 188,
       165, 200, 42, 146, 105, 247, 168, 92, 253, 38, 88, 2, 82, 95, 14,
       217, 140, 130, 45, 91, 240, 176, 161, 202, 230, 237, 128, 120,
       200, 189, 139, 21, 16, 166, 235, 23, 217, 50, 136, 4, 238, 168,
       156, 14, 200, 196, 129, 3, 137, 54, 235, 106, 77, 114, 18, 175,
       248, 36, 164, 254, 231, 105, 71, 149, 20, 126, 236, 39, 238, 200,
       146, 237, 76, 62, 8, 175, 132, 37, 178, 102, 252, 137, 12, 126,
       209, 246, 187, 249, 182, 92, 226, 94, 130, 185, 45, 179, 41, 39,
       106, 19, 28, 176, 252, 37, 254, 111, 79, 52, 193, 246, 221, 89,
       232, 98, 188, 239, 90, 205, 253, 176, 199, 187, 87, 148, 157, 172,
       188, 118, 11, 137, 179, 251, 145, 62, 111, 178, 241, 31, 118, 222,
       251, 197, 76, 150, 254, 9, 141, 148, 249, 181, 191, 102, 159, 95,
       161, 108, 68, 191, 33, 17, 236, 1, 106, 10, 28, 211, 184, 81, 187,
       172, 223, 21, 48, 154, 216, 217, 40, 252, 65, 252, 110, 141, 30,
       70, 25, 227, 168, 167, 8, 83, 65, 25, 123, 88, 228, 108, 106, 72,
       103, 203, 8, 243, 249, 229, 29, 115, 187, 222, 2, 22, 127, 242,
       212, 210, 162, 186, 194, 185, 192, 90, 227, 44, 190, 117, 16, 174,
       251, 151, 209, 132, 155, 132, 234, 59, 92, 158, 139, 165, 245, 47,
       221, 133, 164, 221, 243, 236, 41, 232, 27, 254, 179, 49, 218, 221,
       235, 216, 43, 43, 15, 126, 28, 179, 116, 207, 210, 204, 154, 119,
       116, 220, 201, 195, 161, 26, 96, 116, 236, 47, 250, 88, 24, 235,
       212, 116, 128, 79, 223, 213, 62, 182, 189, 181, 185, 138, 228,
       182, 217, 195, 249, 129, 143, 103, 133, 78, 71, 98, 123, 123, 94,
       114, 144, 186, 118, 169, 204, 248, 237, 40, 206, 181, 144, 238,
       253, 199, 198, 198, 139, 134, 237, 50, 60, 162, 138, 77, 182, 111,
       221, 13, 181, 112, 195, 253, 127, 241, 217, 127, 125, 189, 62,
       206, 124, 222, 172, 191, 139, 222, 61, 151, 112, 249, 208, 223,
       223, 3, 119, 206, 207, 207, 215, 50, 40, 114, 92, 117, 153, 240,
       66, 127, 0, 240, 138, 42, 200, 20, 52, 186, 185, 87, 65, 14, 190,
       198, 217, 150, 252, 0, 59, 103, 140, 82, 142, 69, 157, 57, 123,
       168, 165, 191, 189, 126, 26, 73, 64, 252, 251, 56, 105, 151, 123,
       51, 91, 243, 8, 154, 119, 237, 191, 111, 200, 152, 83, 131, 163,
       185, 205, 107, 15, 215, 218, 231, 245, 68, 68, 254, 6, 115, 64,
       186, 229, 120, 238, 130, 238, 237, 186, 125, 63, 118, 233, 164, 1,
       127, 190, 252, 252, 29, 223, 117, 69, 172, 223, 143, 167, 108,
       236, 190, 100, 235, 36, 149, 166, 142, 118, 124, 106, 209, 169,
       109, 172, 161, 222, 103, 146, 71, 119, 199, 253, 237, 206, 101,
       85, 52, 26, 229, 188, 253, 82, 182, 212, 227, 96, 157, 255, 35,
       68, 108, 46, 233, 228, 111, 47, 134, 250, 85, 20, 78, 181, 82, 44,
       163, 207, 98, 27, 246, 145, 174, 231, 93, 72, 88, 231, 40, 200,
