%YAML:1.0
---
descriptors: !!opencv-matrix
   rows: 147
   cols: 32
   dt: u
   data: [ 77, 177, 189, 101, 97, 92, 113, 176, 104, 217, 39, 8, 254, 49,
       73, 58, 128, 84, 120, 104, 129, 112, 185, 0, 79, 251, 68, 6, 202,
       34, 67, 59, 38, 161, 240, 195, 253, 109, 184, 9, 95, 49, 57, 27,
       206, 124, 92, 136, 159, 27, 255, 17, 150, 112, 219, 210, 143, 30,
       23, 127, 212, 78, 199, 131, 212, 137, 150, 151, 129, 2, 36, 199,
       60, 19, 194, 16, 6, 162, 96, 79, 225, 78, 42, 82, 122, 223, 153,
       226, 189, 50, 222, 71, 128, 88, 161, 14, 198, 173, 196, 182, 223,
       137, 174, 172, 187, 176, 1, 155, 237, 235, 88, 71, 179, 115, 121,
       211, 114, 64, 138, 255, 173, 18, 207, 239, 4, 39, 19, 10, 9, 143,
       87, 69, 244, 159, 239, 247, 108, 8, 126, 96, 255, 33, 148, 181,
       58, 34, 86, 44, 177, 184, 5, 95, 44, 158, 102, 192, 74, 168, 203,
       169, 164, 140, 150, 248, 252, 171, 146, 232, 223, 147, 241, 25,
       206, 249, 101, 201, 215, 121, 111, 114, 48, 103, 10, 190, 138,
       222, 71, 126, 208, 233, 193, 135, 202, 170, 230, 30, 237, 248,
       244, 199, 251, 87, 38, 177, 42, 236, 246, 223, 131, 98, 234, 20,
       54, 109, 166, 225, 10, 123, 86, 75, 198, 196, 254, 94, 62, 176,
       244, 245, 55, 220, 216, 184, 59, 221, 52, 171, 111, 127, 223, 190,
       191, 249, 181, 213, 142, 112, 62, 205, 203, 219, 207, 199, 231,
       164, 79, 87, 3, 72, 46, 186, 76, 173, 252, 96, 206, 86, 84, 15,
       228, 200, 51, 9, 136, 163, 91, 199, 228, 171, 30, 125, 213, 19,
       219, 11, 92, 15, 89, 78, 185, 70, 107, 110, 116, 3, 107, 120, 84,
       200, 117, 230, 113, 77, 185, 49, 126, 168, 22, 238, 233, 182, 44,
       30, 114, 233, 160, 128, 127, 187, 114, 249, 65, 188, 149, 181,
       137, 236, 48, 39, 190, 243, 138, 53, 228, 182, 66, 219, 193, 103,
       232, 17, 55, 201, 211, 97, 141, 182, 95, 82, 136, 68, 137, 91, 85,
       82, 217, 167, 34, 46, 123, 24, 32, 234, 243, 229, 215, 51, 203,
       90, 118, 197, 125, 230, 140, 212, 205, 8, 212, 235, 99, 132, 172,
       243, 35, 65, 97, 228, 252, 181, 172, 46, 108, 191, 122, 179, 178,
       92, 215, 32, 222, 123, 23, 198, 124, 60, 244, 84, 213, 0, 140, 58,
       117, 84, 132, 248, 209, 1, 133, 164, 221, 241, 236, 169, 233, 27,
       254, 51, 53, 216, 157, 225, 216, 43, 171, 11, 110, 28, 179, 116,
       235, 211, 204, 155, 127, 244, 220, 200, 193, 161, 124, 181, 147,
       224, 209, 228, 83, 66, 163, 193, 236, 10, 30, 147, 96, 148, 248,
       223, 201, 208, 27, 59, 144, 192, 251, 245, 135, 107, 203, 66, 102,
       130, 242, 64, 223, 244, 78, 10, 109, 48, 185, 146, 178, 154, 127,
       107, 149, 91, 98, 229, 125, 234, 104, 71, 199, 200, 210, 234, 255,
       144, 37, 241, 98, 40, 83, 23, 109, 37, 178, 42, 255, 61, 61, 232,
       127, 255, 223, 44, 150, 116, 54, 197, 125, 173, 189, 176, 101,
       206, 166, 126, 43, 132, 237, 230, 131, 85, 75, 50, 238, 29, 50,
       30, 56, 16, 40, 200, 86, 229, 253, 39, 130, 218, 166, 85, 253,
       133, 133, 208, 165, 65, 70, 115, 122, 128, 10, 164, 43, 81, 121,
       243, 154, 231, 48, 14, 94, 253, 47, 169, 254, 77, 255, 251, 10,
       80, 148, 207, 124, 110, 206, 186, 217, 61, 251, 253, 37, 228, 74,
       146, 202, 139, 9, 143, 22, 77, 52, 159, 239, 119, 124, 8, 126,
       100, 187, 33, 182, 164, 46, 38, 110, 76, 209, 184, 37, 255, 46,
       255, 38, 64, 74, 132, 235, 173, 196, 233, 150, 151, 133, 0, 38,
       229, 58, 155, 130, 82, 228, 162, 72, 79, 225, 78, 42, 210, 114,
       221, 139, 227, 189, 50, 223, 66, 136, 120, 161, 142, 108, 174,
       196, 247, 237, 47, 70, 191, 83, 187, 187, 93, 67, 105, 93, 154,
       217, 198, 102, 48, 62, 120, 219, 178, 47, 223, 245, 116, 235, 250,
       216, 128, 201, 167, 150, 249, 172, 140, 108, 191, 191, 27, 50,
       112, 175, 226, 236, 223, 135, 11, 110, 24, 115, 109, 138, 243,
       140, 250, 127, 206, 136, 192, 139, 173, 194, 237, 4, 190, 207,
       129, 46, 172, 187, 178, 1, 27, 236, 234, 89, 19, 179, 235, 123,
       227, 114, 68, 154, 255, 173, 18, 207, 187, 4, 51, 131, 134, 146,
       173, 103, 89, 83, 210, 169, 102, 52, 4, 242, 146, 41, 14, 180,
       101, 122, 191, 2, 184, 104, 158, 37, 207, 53, 42, 202, 129, 101,
       0, 39, 172, 132, 44, 150, 250, 189, 43, 146, 202, 223, 146, 184,
       24, 206, 233, 109, 207, 215, 127, 110, 50, 48, 103, 10, 254, 136,
       222, 87, 126, 208, 105, 1, 133, 209, 193, 109, 237, 12, 78, 79,
       188, 116, 114, 198, 64, 243, 103, 152, 115, 80, 196, 60, 238, 233,
       5, 125, 29, 245, 171, 231, 20, 52, 178, 112, 104, 126, 210, 246,
       254, 105, 14, 148, 224, 153, 250, 242, 173, 110, 253, 44, 83, 223,
       213, 255, 102, 104, 247, 137, 137, 243, 243, 85, 151, 83, 60, 38,
       211, 34, 32, 241, 225, 100, 8, 248, 0, 105, 145, 50, 139, 143, 11,
       85, 26, 174, 149, 95, 221, 138, 240, 193, 192, 142, 216, 154, 130,
       197, 161, 67, 140, 26, 48, 124, 229, 39, 222, 216, 24, 171, 244,
       52, 163, 111, 223, 86, 18, 190, 189, 181, 245, 142, 112, 190, 221,
       195, 217, 137, 167, 103, 166, 79, 87, 91, 112, 116, 237, 47, 214,
       88, 24, 171, 228, 116, 167, 13, 159, 214, 182, 134, 189, 181, 237,
       134, 84, 183, 209, 195, 249, 169, 175, 39, 134, 94, 95, 205, 110,
       156, 53, 32, 47, 68, 158, 127, 186, 50, 92, 215, 33, 209, 27, 135,
       68, 108, 126, 169, 244, 201, 42, 204, 251, 117, 20, 200, 241, 74,
       1, 226, 58, 185, 248, 175, 229, 152, 87, 155, 251, 144, 127, 60,
       191, 68, 10, 143, 55, 255, 17, 182, 79, 211, 242, 219, 222, 254,
       250, 152, 76, 167, 91, 195, 190, 151, 248, 252, 172, 184, 223,
       191, 155, 48, 112, 156, 255, 228, 223, 135, 27, 127, 17, 179, 77,
       138, 211, 156, 218, 127, 238, 152, 64, 161, 169, 195, 152, 151,
       181, 139, 236, 176, 7, 191, 251, 130, 117, 236, 190, 70, 203, 133,
       71, 249, 21, 55, 205, 211, 225, 141, 50, 95, 210, 136, 76, 137,
       95, 100, 249, 189, 127, 235, 205, 151, 170, 203, 243, 32, 9, 190,
       125, 77, 59, 135, 115, 249, 83, 70, 104, 250, 49, 239, 219, 85,
       59, 208, 91, 7, 218, 77, 75, 93, 101, 36, 14, 111, 188, 109, 168,
       126, 100, 215, 97, 145, 114, 22, 100, 108, 110, 201, 176, 225, 8,
       230, 249, 101, 128, 72, 179, 67, 33, 237, 98, 233, 101, 36, 11,
       75, 152, 123, 232, 183, 236, 211, 105, 209, 58, 24, 196, 108, 126,
       137, 244, 237, 42, 230, 223, 229, 180, 234, 187, 82, 97, 146, 79,
       110, 190, 38, 130, 31, 244, 148, 6, 222, 167, 109, 239, 51, 65,
       126, 229, 191, 231, 236, 129, 15, 239, 240, 99, 238, 129, 53, 247,
       61, 91, 98, 184, 171, 250, 203, 237, 177, 199, 187, 95, 144, 191,
       172, 252, 118, 11, 141, 179, 255, 17, 151, 111, 178, 241, 219, 50,
       222, 251, 221, 76, 151, 95, 154, 48, 116, 233, 47, 127, 217, 24,
       207, 172, 117, 171, 15, 157, 86, 38, 166, 157, 245, 233, 156, 36,
       183, 208, 195, 249, 129, 255, 119, 135, 85, 87, 26, 112, 124, 237,
       47, 119, 216, 24, 171, 228, 116, 131, 15, 159, 87, 18, 166, 189,
       245, 229, 140, 180, 183, 208, 195, 249, 137, 171, 103, 135, 78,
       87, 90, 112, 116, 236, 47, 86, 88, 24, 235, 228, 118, 131, 15,
       159, 86, 246, 166, 189, 181, 229, 204, 180, 150, 208, 131, 249,
       139, 171, 39, 134, 94, 87, 49, 49, 122, 41, 86, 134, 184, 113,
       108, 72, 240, 71, 153, 156, 55, 32, 254, 41, 19, 181, 149, 178,
       20, 204, 85, 45, 170, 192, 77, 2, 35, 219, 74, 186, 118, 84, 97,
       221, 185, 119, 191, 93, 118, 173, 172, 223, 182, 245, 166, 63,
       255, 129, 195, 249, 178, 245, 215, 123, 122, 195, 70, 132, 175,
       255, 220, 72, 14, 173, 12, 74, 79, 40, 116, 166, 199, 2, 211, 1,
       19, 67, 120, 196, 108, 239, 104, 231, 221, 12, 241, 227, 227, 21,
       32, 187, 120, 0, 93, 96, 156, 167, 32, 46, 107, 24, 96, 162, 195,
       64, 215, 51, 89, 122, 118, 205, 124, 239, 137, 212, 205, 8, 196,
       233, 107, 4, 172, 243, 33, 32, 69, 162, 220, 37, 172, 46, 109, 63,
       106, 183, 171, 92, 211, 32, 92, 90, 147, 6, 124, 60, 220, 244,
