%YAML:1.0
---
descriptors: !!opencv-matrix
   rows: 249
   cols: 32
   dt: u
   data: [ 22, 243, 247, 69, 114, 27, 191, 249, 63, 164, 114, 230, 73,
       198, 173, 132, 62, 93, 230, 230, 192, 241, 45, 221, 60, 6, 47,
       134, 103, 178, 167, 245, 53, 173, 229, 239, 157, 39, 74, 190, 83,
       177, 249, 74, 83, 121, 92, 34, 217, 206, 53, 187, 187, 242, 219,
       191, 171, 254, 197, 116, 247, 251, 208, 2, 184, 20, 118, 101, 197,
       114, 244, 123, 85, 6, 247, 51, 75, 57, 189, 157, 120, 156, 151,
       168, 184, 183, 49, 142, 83, 235, 192, 133, 103, 252, 252, 130, 5,
       1, 211, 100, 100, 14, 111, 88, 109, 128, 107, 64, 223, 115, 137,
       48, 182, 93, 116, 110, 1, 177, 25, 72, 193, 188, 97, 4, 72, 227,
       99, 161, 162, 140, 214, 252, 252, 171, 214, 239, 223, 19, 112, 24,
       238, 249, 36, 73, 211, 123, 123, 33, 50, 111, 74, 191, 168, 254,
       87, 58, 212, 248, 193, 141, 186, 182, 166, 58, 233, 125, 148, 255,
       23, 127, 252, 63, 106, 253, 110, 29, 253, 219, 231, 20, 62, 255,
       123, 179, 123, 247, 116, 251, 219, 92, 230, 219, 200, 176, 189,
       90, 169, 125, 17, 29, 255, 95, 53, 60, 206, 221, 78, 63, 151, 17,
       236, 48, 183, 101, 187, 209, 203, 219, 81, 127, 210, 194, 199,
       119, 198, 164, 208, 182, 222, 160, 174, 173, 187, 147, 1, 146,
       237, 234, 92, 66, 179, 107, 121, 145, 50, 68, 142, 243, 172, 22,
       223, 236, 132, 98, 129, 0, 3, 160, 132, 27, 89, 149, 40, 191, 150,
       85, 69, 21, 160, 226, 106, 196, 193, 10, 42, 156, 182, 74, 251,
       85, 13, 54, 218, 104, 154, 4, 169, 220, 117, 185, 151, 254, 169,
       205, 69, 255, 239, 121, 160, 72, 246, 246, 4, 126, 129, 243, 108,
       24, 155, 107, 122, 53, 185, 218, 87, 122, 200, 112, 195, 109, 75,
       242, 244, 245, 118, 146, 88, 56, 171, 220, 118, 229, 239, 223,
       214, 118, 150, 245, 181, 236, 142, 212, 174, 221, 206, 251, 233,
       135, 47, 166, 78, 87, 123, 50, 244, 101, 39, 223, 216, 24, 203,
       252, 52, 171, 111, 221, 214, 182, 150, 253, 181, 125, 142, 112,
       174, 221, 75, 219, 97, 231, 103, 175, 86, 87, 118, 154, 244, 247,
       118, 8, 248, 176, 121, 157, 176, 239, 111, 127, 223, 155, 191,
       241, 149, 177, 172, 112, 76, 237, 158, 222, 239, 198, 231, 164,
       67, 23, 45, 181, 16, 195, 253, 61, 241, 25, 94, 121, 61, 28, 222,
       121, 202, 172, 159, 10, 254, 56, 179, 120, 251, 212, 207, 223, 53,
       118, 218, 14, 217, 247, 40, 28, 127, 101, 112, 78, 111, 54, 117,
       10, 126, 64, 59, 53, 128, 48, 38, 126, 118, 40, 161, 184, 49, 111,
       103, 191, 32, 128, 66, 160, 70, 249, 152, 237, 28, 233, 28, 207,
       71, 255, 70, 36, 172, 0, 147, 17, 80, 0, 73, 88, 74, 88, 122, 44,
       113, 63, 233, 141, 37, 117, 114, 152, 212, 170, 32, 165, 17, 155,
       253, 233, 180, 239, 94, 121, 89, 56, 182, 184, 108, 160, 201, 26,
       114, 17, 87, 122, 74, 149, 13, 28, 22, 127, 208, 72, 221, 142,
       125, 124, 246, 68, 41, 126, 87, 80, 225, 238, 175, 12, 75, 60,
       135, 190, 168, 228, 236, 106, 141, 167, 189, 138, 211, 249, 65,
       19, 98, 255, 94, 119, 13, 9, 83, 108, 52, 14, 106, 24, 109, 128,
       107, 64, 215, 225, 177, 176, 50, 108, 68, 110, 1, 177, 17, 76,
       177, 252, 35, 4, 106, 163, 99, 32, 2, 184, 186, 154, 195, 245,
       184, 67, 159, 95, 81, 51, 172, 158, 102, 140, 167, 59, 147, 145,
       22, 205, 18, 211, 15, 87, 154, 235, 144, 68, 173, 223, 126, 177,
       123, 232, 59, 83, 91, 232, 167, 236, 247, 171, 79, 207, 174, 80,
       126, 157, 239, 242, 72, 147, 173, 212, 219, 229, 171, 255, 119,
       171, 38, 115, 110, 235, 173, 187, 172, 145, 223, 188, 135, 252,
       156, 237, 195, 236, 218, 2, 223, 202, 255, 215, 206, 99, 239, 177,
       238, 83, 237, 253, 22, 191, 214, 117, 94, 122, 158, 164, 139, 14,
       30, 172, 170, 162, 130, 141, 207, 234, 67, 218, 183, 229, 233,
       103, 76, 65, 155, 160, 185, 231, 79, 55, 168, 55, 11, 26, 57, 249,
       58, 110, 117, 157, 115, 221, 103, 8, 252, 76, 59, 219, 32, 48,
       252, 40, 86, 72, 203, 59, 56, 29, 251, 221, 33, 44, 74, 138, 234,
       187, 6, 172, 153, 184, 137, 229, 20, 79, 158, 31, 137, 25, 134,
       246, 96, 26, 193, 59, 234, 17, 18, 75, 218, 19, 137, 150, 95, 127,
       144, 64, 167, 130, 247, 195, 238, 134, 84, 18, 234, 240, 80, 133,
       247, 199, 65, 200, 190, 65, 124, 204, 54, 255, 220, 247, 173, 160,
       122, 41, 166, 196, 109, 191, 120, 196, 93, 188, 151, 254, 169,
       172, 16, 223, 175, 153, 174, 68, 254, 243, 65, 254, 165, 119, 252,
       24, 147, 73, 155, 241, 219, 255, 119, 218, 138, 80, 169, 59, 32,
       161, 17, 155, 253, 201, 180, 207, 206, 121, 57, 56, 156, 252, 236,
       160, 139, 27, 210, 17, 23, 56, 74, 213, 45, 20, 23, 127, 212, 72,
       141, 135, 91, 184, 149, 248, 169, 164, 29, 223, 190, 123, 144, 84,
       188, 183, 96, 235, 231, 119, 253, 145, 243, 79, 155, 241, 217,
       243, 127, 254, 154, 80, 161, 59, 119, 103, 106, 130, 246, 146, 78,
       224, 161, 196, 159, 163, 65, 202, 255, 80, 122, 237, 157, 247,
       220, 131, 44, 236, 186, 44, 175, 197, 37, 183, 190, 196, 50, 104,
       114, 88, 117, 155, 248, 64, 125, 32, 240, 139, 42, 136, 20, 52,
       186, 185, 87, 65, 14, 190, 68, 222, 150, 252, 0, 51, 103, 140, 82,
       142, 66, 40, 115, 56, 120, 137, 232, 2, 191, 1, 224, 201, 174,
       203, 20, 84, 166, 169, 111, 5, 2, 42, 198, 209, 148, 188, 18, 42,
       68, 128, 67, 12, 13, 181, 56, 195, 253, 125, 241, 217, 95, 125,
       61, 62, 222, 89, 218, 172, 191, 139, 254, 60, 151, 112, 251, 212,
       223, 223, 35, 119, 206, 207, 201, 247, 227, 188, 222, 90, 219,
       177, 184, 207, 219, 23, 228, 62, 40, 250, 102, 255, 239, 235, 242,
       144, 182, 79, 190, 243, 30, 91, 215, 107, 155, 68, 232, 142, 122,
       114, 244, 229, 38, 186, 216, 24, 235, 248, 50, 231, 239, 207, 215,
       146, 190, 181, 181, 181, 142, 112, 142, 221, 138, 249, 235, 134,
       103, 167, 75, 85, 37, 165, 56, 43, 220, 207, 199, 253, 86, 101,
       109, 12, 211, 113, 90, 0, 25, 10, 66, 61, 91, 56, 89, 23, 109,
       140, 37, 116, 216, 74, 210, 226, 122, 51, 116, 237, 47, 187, 216,
       24, 203, 232, 125, 171, 143, 157, 214, 38, 134, 189, 245, 53, 158,
       112, 167, 208, 194, 249, 33, 255, 103, 143, 94, 87, 91, 114, 116,
       237, 44, 146, 88, 24, 235, 216, 118, 229, 207, 207, 214, 246, 134,
       189, 181, 237, 204, 196, 167, 217, 130, 249, 169, 134, 47, 132,
       73, 85, 23, 77, 99, 156, 148, 214, 239, 244, 117, 192, 218, 198,
       113, 254, 183, 228, 120, 236, 62, 239, 237, 147, 61, 238, 49, 46,
       143, 128, 37, 247, 240, 124, 50, 123, 122, 100, 118, 217, 246,
       118, 237, 204, 126, 175, 43, 156, 183, 32, 190, 251, 215, 67, 196,
       187, 52, 237, 115, 221, 36, 139, 101, 157, 70, 223, 11, 176, 4,
       155, 73, 157, 168, 93, 142, 93, 197, 21, 164, 198, 106, 196, 205,
       11, 106, 28, 150, 73, 123, 85, 13, 16, 154, 124, 24, 6, 139, 222,
       218, 221, 119, 92, 11, 210, 87, 182, 161, 196, 230, 169, 107, 159,
       167, 247, 38, 244, 253, 226, 108, 143, 179, 237, 243, 251, 68,
       131, 35, 180, 38, 127, 197, 62, 149, 55, 169, 47, 112, 154, 255,
       251, 35, 92, 214, 51, 65, 219, 133, 103, 108, 30, 181, 244, 219,
       34, 140, 251, 113, 86, 200, 97, 11, 17, 109, 79, 93, 101, 36, 10,
       111, 184, 101, 168, 118, 204, 211, 97, 145, 115, 58, 196, 108,
       110, 233, 176, 109, 12, 230, 235, 101, 4, 108, 187, 66, 40, 34,
       161, 136, 191, 220, 169, 160, 111, 138, 177, 24, 11, 164, 170,
       104, 2, 233, 43, 35, 21, 22, 123, 130, 241, 156, 4, 158, 107, 145,
       72, 155, 138, 72, 56, 153, 97, 42, 205, 17, 23, 110, 169, 42, 104,
       150, 17, 192, 48, 135, 53, 236, 16, 1, 56, 241, 18, 205, 149, 49,
       118, 200, 8, 7, 43, 93, 185, 149, 114, 169, 205, 65, 159, 235,
       121, 170, 8, 191, 246, 72, 254, 129, 215, 124, 24, 27, 73, 250,
       49, 153, 254, 21, 126, 194, 66, 135, 109, 178, 182, 180, 59, 234,
       47, 148, 239, 31, 123, 241, 249, 74, 255, 206, 29, 221, 159, 247,
