%YAML:1.0
---
descriptors: !!opencv-matrix
   rows: 169
   cols: 32
   dt: u
   data: [ 244, 72, 223, 246, 78, 10, 109, 132, 169, 146, 179, 90, 91,
       99, 5, 91, 98, 229, 125, 234, 105, 71, 203, 232, 212, 170, 254,
       16, 37, 241, 98, 32, 38, 164, 240, 195, 253, 109, 184, 73, 95, 53,
       57, 27, 206, 93, 92, 8, 191, 27, 223, 49, 146, 122, 219, 210, 15,
       28, 31, 119, 212, 78, 221, 130, 198, 169, 4, 182, 239, 137, 190,
       173, 187, 176, 17, 139, 237, 235, 89, 67, 179, 115, 121, 243, 114,
       68, 138, 247, 173, 18, 207, 255, 4, 35, 19, 2, 164, 140, 150, 250,
       252, 171, 146, 235, 223, 147, 249, 24, 206, 249, 108, 73, 215,
       121, 111, 50, 48, 103, 10, 182, 154, 222, 71, 126, 208, 235, 129,
       135, 29, 108, 105, 65, 214, 191, 235, 214, 84, 224, 126, 130, 57,
       37, 183, 41, 63, 234, 23, 252, 161, 184, 53, 62, 111, 15, 181,
       192, 231, 217, 80, 232, 62, 184, 244, 245, 55, 220, 216, 184, 123,
       213, 52, 171, 239, 127, 223, 190, 191, 241, 181, 213, 142, 112,
       174, 205, 139, 219, 207, 199, 231, 164, 79, 95, 75, 112, 244, 237,
       43, 210, 88, 24, 139, 252, 22, 165, 237, 223, 214, 182, 150, 61,
       181, 140, 198, 68, 183, 217, 195, 249, 233, 175, 38, 166, 76, 127,
       233, 152, 28, 186, 41, 205, 20, 174, 142, 27, 160, 13, 190, 179,
       2, 91, 129, 51, 253, 0, 46, 73, 82, 53, 203, 243, 80, 59, 24, 9,
       9, 27, 254, 134, 237, 187, 168, 98, 31, 141, 150, 255, 151, 179,
       193, 111, 203, 75, 95, 215, 255, 179, 56, 71, 239, 162, 238, 231,
       255, 221, 183, 255, 180, 115, 49, 237, 74, 204, 29, 147, 206, 234,
       78, 128, 232, 10, 243, 202, 52, 96, 88, 232, 90, 236, 78, 171, 92,
       191, 187, 204, 143, 61, 17, 58, 122, 140, 246, 125, 233, 6, 223,
       67, 215, 205, 19, 228, 168, 171, 98, 252, 87, 19, 89, 255, 209,
       243, 236, 123, 253, 170, 123, 0, 133, 63, 229, 126, 214, 94, 121,
       163, 154, 231, 176, 143, 94, 253, 43, 169, 254, 77, 255, 251, 74,
       208, 148, 207, 124, 124, 223, 186, 217, 61, 251, 253, 37, 240, 74,
       130, 202, 11, 193, 162, 150, 249, 172, 188, 236, 159, 254, 27, 50,
       112, 175, 242, 232, 239, 135, 67, 110, 24, 243, 109, 138, 245,
       140, 251, 127, 206, 138, 192, 139, 45, 134, 109, 115, 242, 178,
       161, 126, 228, 189, 128, 121, 224, 253, 223, 181, 16, 182, 123,
       21, 223, 178, 136, 12, 238, 170, 220, 14, 202, 196, 147, 35, 137,
       200, 152, 149, 190, 9, 205, 21, 166, 143, 91, 160, 25, 190, 247,
       66, 91, 133, 51, 249, 0, 7, 77, 218, 49, 193, 243, 88, 123, 24, 8,
       5, 91, 147, 45, 119, 92, 91, 210, 184, 111, 116, 192, 242, 210,
       104, 30, 53, 165, 126, 191, 194, 177, 237, 255, 37, 222, 49, 34,
       139, 131, 101, 16, 47, 142, 133, 164, 221, 243, 236, 169, 233, 27,
       254, 179, 49, 88, 157, 227, 216, 43, 163, 15, 110, 28, 179, 116,
       239, 210, 204, 155, 119, 100, 220, 200, 195, 161, 141, 77, 126,
       115, 182, 155, 255, 180, 220, 226, 118, 130, 253, 125, 179, 33,
       39, 114, 151, 94, 240, 188, 44, 190, 111, 207, 101, 192, 230, 255,
       193, 233, 226, 184, 234, 122, 143, 248, 176, 135, 187, 87, 132,
       189, 170, 188, 118, 10, 141, 179, 251, 17, 190, 111, 182, 227,
       219, 119, 220, 123, 199, 76, 223, 94, 227, 154, 246, 90, 203, 180,
       48, 199, 255, 31, 164, 23, 40, 250, 102, 254, 239, 227, 234, 148,
       182, 79, 190, 243, 26, 127, 87, 107, 147, 84, 233, 207, 26, 112,
       244, 229, 39, 222, 216, 24, 235, 244, 52, 163, 111, 223, 87, 182,
       190, 189, 181, 245, 142, 112, 182, 221, 131, 217, 139, 167, 103,
       166, 79, 95, 204, 222, 88, 254, 234, 129, 22, 246, 182, 62, 244,
       233, 117, 179, 226, 89, 207, 255, 167, 194, 118, 94, 202, 113, 86,
       227, 127, 237, 48, 241, 46, 11, 6, 181, 240, 195, 255, 111, 248,
       201, 127, 189, 185, 27, 206, 124, 92, 140, 191, 155, 223, 49, 18,
       114, 217, 210, 159, 30, 11, 119, 197, 79, 207, 134, 83, 21, 111,
       69, 118, 62, 239, 57, 121, 224, 223, 134, 89, 46, 150, 112, 62,
       133, 95, 173, 177, 176, 53, 206, 118, 47, 139, 132, 45, 230, 115,
       244, 91, 112, 116, 237, 47, 82, 88, 24, 171, 228, 118, 163, 13,
       159, 214, 246, 134, 189, 181, 237, 206, 84, 183, 209, 195, 249,
       169, 175, 39, 134, 95, 87, 77, 79, 127, 101, 36, 14, 111, 188,
       109, 136, 126, 100, 255, 99, 145, 112, 22, 100, 108, 110, 201,
       176, 225, 44, 230, 249, 103, 128, 72, 178, 66, 41, 55, 123, 106,
       76, 118, 182, 250, 112, 105, 72, 252, 207, 88, 204, 183, 48, 190,
       173, 86, 231, 133, 179, 52, 76, 115, 44, 35, 139, 77, 183, 107,
       215, 212, 236, 151, 151, 129, 128, 38, 197, 122, 51, 130, 82, 228,
       226, 72, 94, 225, 78, 42, 210, 98, 220, 203, 99, 188, 38, 223,
       102, 136, 114, 163, 138, 194, 233, 5, 190, 207, 137, 62, 173, 155,
       178, 0, 26, 236, 234, 89, 147, 179, 249, 121, 227, 114, 69, 138,
       255, 189, 18, 207, 187, 20, 49, 131, 6, 73, 49, 249, 101, 99, 72,
       49, 24, 105, 248, 54, 104, 222, 25, 200, 50, 146, 20, 124, 56,
       129, 112, 177, 64, 79, 249, 33, 6, 74, 34, 67, 51, 72, 245, 253,
       99, 139, 77, 53, 191, 107, 119, 44, 29, 255, 61, 78, 58, 167, 87,
       121, 40, 195, 120, 249, 113, 239, 219, 85, 119, 202, 82, 199, 123,
       164, 12, 150, 250, 253, 43, 154, 202, 223, 178, 185, 24, 206, 233,
       101, 207, 215, 123, 110, 114, 48, 103, 10, 254, 152, 222, 71, 126,
       208, 105, 1, 133, 117, 249, 157, 174, 61, 79, 67, 252, 239, 232,
       169, 72, 222, 242, 0, 54, 144, 224, 124, 78, 201, 35, 123, 41,
       185, 220, 5, 58, 64, 50, 67, 101, 209, 193, 45, 239, 12, 78, 79,
       184, 116, 114, 198, 64, 243, 101, 152, 115, 80, 196, 60, 238, 233,
       20, 125, 61, 229, 171, 225, 20, 52, 178, 80, 104, 109, 165, 105,
       79, 205, 93, 71, 169, 67, 98, 173, 8, 115, 125, 95, 54, 89, 198,
       112, 110, 95, 98, 255, 63, 111, 95, 197, 60, 91, 255, 210, 254,
       38, 32, 241, 225, 100, 8, 248, 0, 105, 177, 50, 139, 143, 11, 85,
       58, 174, 157, 87, 221, 154, 248, 193, 192, 142, 216, 155, 162,
       197, 161, 67, 132, 204, 106, 156, 53, 40, 47, 64, 158, 126, 186,
       50, 125, 215, 33, 193, 27, 135, 68, 108, 126, 168, 244, 201, 42,
       204, 251, 117, 20, 200, 241, 74, 1, 221, 48, 156, 167, 32, 46,
       107, 24, 96, 162, 131, 84, 223, 51, 89, 122, 183, 205, 124, 255,
       137, 208, 217, 10, 196, 233, 107, 132, 172, 243, 3, 1, 72, 152,
       145, 190, 9, 205, 17, 151, 159, 73, 160, 24, 190, 247, 64, 216,
       133, 115, 253, 0, 3, 11, 218, 179, 193, 247, 80, 59, 154, 8, 7,
       59, 50, 125, 109, 5, 223, 75, 151, 239, 3, 224, 184, 175, 50, 124,
       85, 50, 89, 247, 211, 241, 233, 251, 213, 174, 125, 6, 141, 179,
       109, 124, 214, 250, 57, 235, 26, 100, 52, 143, 91, 253, 39, 172,
       254, 77, 55, 203, 2, 16, 156, 236, 76, 108, 202, 187, 201, 31,
       251, 253, 37, 244, 98, 138, 202, 201, 254, 80, 246, 228, 13, 94,
       94, 200, 185, 174, 242, 11, 79, 223, 47, 223, 250, 213, 253, 227,
       76, 215, 153, 232, 179, 250, 207, 151, 35, 55, 110, 87, 244, 66,
       223, 245, 108, 40, 237, 156, 249, 146, 178, 218, 255, 235, 221,
       123, 99, 229, 125, 138, 33, 71, 207, 226, 212, 187, 251, 156, 165,
       241, 99, 168, 6, 181, 48, 131, 253, 111, 250, 201, 63, 189, 187,
       27, 206, 124, 94, 140, 187, 157, 223, 51, 18, 113, 89, 214, 157,
       20, 11, 119, 197, 15, 221, 134, 18, 30, 107, 77, 66, 210, 173,
       103, 36, 38, 222, 134, 33, 46, 150, 96, 121, 191, 163, 161, 204,
       152, 117, 78, 117, 38, 250, 129, 101, 0, 100, 252, 196, 238, 149,
       151, 78, 136, 38, 173, 190, 186, 2, 82, 236, 226, 73, 67, 113,
       109, 42, 194, 99, 84, 138, 251, 172, 6, 239, 44, 8, 115, 161, 128,
       98, 188, 175, 250, 205, 237, 177, 199, 171, 87, 144, 157, 172,
       252, 102, 11, 173, 179, 251, 145, 23, 111, 178, 241, 219, 50, 222,
       251, 213, 76, 151, 223, 108, 235, 196, 115, 173, 47, 198, 188,
       211, 185, 178, 77, 195, 105, 89, 143, 201, 70, 236, 94, 95, 98,
