%YAML:1.0
---
descriptors: !!opencv-matrix
   rows: 203
   cols: 32
   dt: u
   data: [ 190, 126, 174, 62, 233, 127, 23, 240, 53, 238, 244, 189, 106,
       253, 47, 27, 253, 255, 231, 102, 172, 247, 123, 170, 243, 243,
       100, 155, 75, 125, 110, 211, 243, 229, 229, 255, 157, 39, 78, 191,
       87, 184, 251, 90, 115, 105, 84, 38, 217, 206, 117, 239, 248, 246,
       219, 191, 47, 250, 197, 52, 127, 251, 208, 0, 198, 236, 208, 190,
       254, 128, 174, 172, 187, 146, 17, 154, 237, 234, 93, 67, 179, 107,
       121, 211, 98, 68, 142, 251, 172, 22, 207, 172, 132, 115, 17, 0,
       212, 204, 133, 147, 132, 160, 38, 134, 62, 179, 202, 18, 228, 34,
       73, 74, 233, 207, 42, 210, 58, 92, 139, 227, 188, 38, 222, 64,
       128, 89, 177, 10, 123, 48, 244, 108, 47, 87, 216, 24, 75, 252, 53,
       169, 78, 157, 150, 60, 150, 29, 245, 21, 140, 110, 162, 220, 75,
       251, 113, 255, 87, 132, 78, 87, 234, 184, 238, 80, 141, 249, 176,
       135, 187, 87, 166, 159, 170, 188, 86, 30, 137, 179, 249, 17, 158,
       111, 246, 227, 95, 119, 220, 91, 199, 76, 222, 94, 210, 72, 215,
       246, 14, 2, 77, 180, 177, 146, 178, 154, 123, 99, 21, 91, 98, 229,
       125, 234, 105, 71, 175, 232, 242, 235, 231, 144, 39, 176, 98, 40,
       121, 188, 147, 118, 125, 29, 78, 254, 107, 233, 250, 76, 255, 179,
       72, 176, 149, 207, 124, 28, 139, 251, 217, 181, 187, 255, 53, 40,
       74, 210, 202, 57, 109, 75, 89, 101, 36, 14, 111, 188, 109, 136,
       126, 108, 211, 67, 145, 112, 22, 196, 108, 110, 201, 176, 233, 44,
       230, 253, 37, 132, 104, 179, 66, 41, 133, 164, 221, 241, 236, 169,
       249, 91, 254, 115, 49, 248, 159, 233, 216, 43, 135, 11, 126, 25,
       179, 124, 207, 210, 76, 154, 119, 244, 220, 200, 195, 161, 130,
       184, 191, 185, 110, 229, 184, 67, 190, 95, 81, 115, 188, 158, 100,
       9, 175, 59, 59, 145, 150, 77, 178, 241, 77, 16, 250, 234, 144, 64,
       167, 219, 51, 40, 114, 88, 119, 153, 240, 66, 127, 0, 240, 10, 42,
       152, 20, 52, 186, 185, 23, 65, 14, 190, 198, 217, 150, 124, 16,
       59, 103, 140, 82, 142, 252, 224, 212, 98, 9, 30, 70, 156, 225,
       186, 167, 24, 83, 67, 73, 123, 89, 196, 108, 106, 104, 103, 201,
       0, 243, 249, 229, 61, 98, 178, 194, 42, 57, 185, 154, 110, 181,
       159, 94, 253, 107, 41, 254, 76, 191, 243, 74, 176, 148, 207, 116,
       76, 143, 186, 248, 53, 219, 253, 37, 44, 202, 146, 202, 9, 9, 153,
       115, 69, 48, 143, 239, 55, 124, 72, 122, 64, 188, 51, 148, 180,
       166, 118, 118, 72, 193, 184, 49, 111, 109, 190, 38, 64, 74, 160,
       67, 185, 202, 190, 149, 248, 169, 164, 61, 255, 190, 27, 144, 116,
       156, 179, 224, 107, 167, 83, 127, 25, 243, 77, 139, 241, 201, 219,
       127, 238, 152, 64, 161, 43, 50, 169, 64, 156, 95, 139, 194, 202,
       91, 160, 160, 11, 34, 136, 85, 20, 184, 169, 66, 65, 14, 123, 192,
       255, 25, 28, 145, 59, 81, 8, 90, 142, 127, 124, 254, 68, 43, 126,
       87, 210, 233, 238, 190, 13, 106, 252, 151, 183, 166, 244, 252,
       110, 205, 99, 182, 232, 83, 121, 65, 59, 99, 247, 78, 95, 127,
       111, 232, 172, 222, 82, 78, 236, 81, 196, 204, 135, 67, 104, 191,
       84, 122, 204, 133, 255, 108, 131, 237, 142, 186, 101, 141, 13,
       183, 255, 254, 196, 178, 111, 99, 77, 82, 18, 175, 108, 52, 164,
       242, 162, 105, 6, 180, 165, 126, 253, 131, 238, 248, 159, 101,
       206, 52, 44, 143, 129, 101, 160, 103, 188, 226, 184, 238, 122,
       141, 249, 180, 135, 187, 87, 132, 191, 170, 188, 118, 10, 173,
       179, 251, 145, 54, 109, 178, 227, 91, 119, 222, 123, 197, 76, 223,
       94, 73, 254, 150, 254, 168, 188, 61, 158, 255, 27, 190, 116, 190,
       243, 224, 254, 167, 83, 108, 24, 163, 77, 139, 247, 201, 255, 127,
       218, 138, 80, 169, 41, 196, 236, 133, 151, 214, 168, 39, 172, 186,
       147, 10, 82, 228, 226, 73, 67, 113, 234, 42, 210, 98, 92, 202,
       243, 172, 38, 207, 100, 128, 115, 49, 136, 194, 228, 145, 190, 94,
       161, 174, 172, 186, 146, 0, 90, 236, 234, 89, 75, 51, 107, 123,
       211, 98, 68, 138, 251, 172, 22, 207, 172, 4, 115, 19, 128, 198,
       132, 214, 254, 189, 43, 150, 239, 223, 147, 249, 24, 206, 232, 44,
       203, 211, 111, 110, 35, 48, 103, 202, 255, 168, 190, 87, 126, 212,
       121, 137, 133, 37, 163, 105, 65, 244, 139, 239, 255, 123, 45, 124,
       236, 17, 129, 220, 52, 62, 10, 6, 60, 211, 186, 36, 87, 110, 28,
       37, 228, 215, 130, 194, 161, 182, 60, 182, 190, 233, 47, 148, 202,
       157, 250, 240, 185, 110, 255, 45, 31, 255, 255, 247, 38, 40, 231,
       139, 234, 219, 254, 85, 186, 211, 253, 38, 211, 91, 112, 116, 236,
       47, 18, 88, 24, 235, 224, 118, 167, 79, 159, 214, 246, 134, 189,
       181, 237, 204, 196, 183, 209, 130, 249, 137, 143, 39, 134, 90, 87,
       53, 249, 181, 58, 233, 205, 67, 252, 235, 89, 169, 72, 247, 242,
       64, 54, 128, 227, 124, 88, 159, 107, 250, 49, 185, 216, 71, 122,
       72, 2, 195, 229, 192, 172, 31, 60, 152, 237, 39, 239, 190, 147,
       136, 24, 244, 243, 64, 83, 129, 126, 106, 0, 51, 75, 218, 87, 237,
       38, 15, 125, 144, 112, 135, 162, 144, 141, 92, 120, 234, 195, 21,
       238, 22, 30, 240, 51, 31, 63, 36, 89, 239, 211, 103, 66, 122, 110,
       75, 119, 251, 203, 119, 207, 113, 48, 167, 139, 227, 152, 254, 90,
       203, 181, 176, 199, 251, 23, 172, 23, 40, 250, 102, 222, 231, 227,
       226, 148, 182, 79, 190, 243, 30, 94, 86, 107, 211, 84, 234, 207,
       51, 123, 122, 6, 118, 155, 250, 64, 233, 76, 254, 239, 74, 220,
       183, 48, 190, 185, 215, 99, 132, 179, 36, 204, 114, 28, 34, 139,
       69, 191, 111, 223, 109, 165, 105, 79, 221, 95, 79, 168, 67, 98,
       173, 8, 243, 117, 27, 52, 89, 198, 120, 110, 121, 98, 253, 63,
       111, 239, 133, 60, 123, 255, 210, 112, 246, 217, 99, 70, 95, 79,
       214, 228, 225, 104, 178, 111, 114, 92, 29, 49, 248, 245, 93, 227,
       201, 163, 88, 237, 51, 56, 165, 146, 109, 63, 118, 127, 246, 230,
       104, 10, 252, 25, 207, 232, 82, 245, 177, 191, 67, 72, 222, 19,
       89, 200, 199, 119, 254, 102, 239, 178, 126, 9, 165, 253, 117, 191,
       214, 196, 93, 81, 91, 101, 50, 78, 51, 56, 108, 168, 47, 96, 95,
       19, 137, 112, 54, 29, 124, 106, 193, 176, 185, 76, 215, 173, 35,
       4, 106, 163, 99, 33, 10, 152, 54, 94, 123, 212, 177, 119, 255, 93,
       230, 21, 44, 254, 38, 244, 231, 59, 251, 1, 147, 139, 178, 247,
       27, 127, 90, 75, 82, 4, 175, 255, 197, 40, 223, 243, 238, 40, 233,
       218, 251, 179, 179, 218, 159, 235, 209, 59, 47, 229, 127, 153, 35,
       103, 207, 226, 220, 154, 127, 108, 196, 241, 3, 160, 102, 144,
       192, 148, 85, 92, 248, 96, 185, 220, 176, 15, 236, 110, 95, 30,
       250, 225, 223, 241, 12, 99, 208, 201, 157, 22, 207, 135, 197, 44,
       127, 215, 62, 237, 97, 32, 222, 75, 207, 232, 18, 244, 152, 171,
       67, 77, 215, 3, 91, 204, 211, 247, 90, 114, 207, 188, 124, 3, 205,
       253, 245, 191, 214, 242, 252, 243, 94, 102, 172, 26, 70, 249, 241,
       170, 183, 120, 87, 83, 168, 83, 240, 196, 108, 106, 104, 231, 136,
       14, 242, 235, 101, 21, 106, 186, 202, 3, 62, 249, 101, 168, 207,
       67, 151, 232, 6, 112, 152, 171, 65, 253, 93, 0, 89, 217, 243, 227,
       75, 35, 95, 181, 113, 69, 205, 191, 117, 127, 118, 242, 9, 139,
       18, 69, 48, 159, 238, 55, 125, 9, 126, 68, 187, 51, 148, 228, 38,
       102, 38, 76, 209, 184, 1, 111, 38, 255, 50, 0, 74, 128, 203, 173,
       143, 107, 19, 186, 250, 148, 63, 240, 172, 136, 93, 96, 124, 211,
       233, 229, 246, 115, 31, 222, 83, 3, 138, 236, 248, 217, 46, 202,
       26, 179, 169, 161, 7, 109, 19, 250, 244, 129, 191, 228, 173, 128,
       249, 96, 124, 235, 165, 16, 182, 115, 23, 239, 113, 139, 10, 238,
       184, 28, 174, 202, 12, 147, 163, 41, 18, 46, 107, 12, 90, 83, 175,
       107, 84, 198, 216, 130, 105, 78, 54, 32, 123, 189, 130, 161, 205,
       187, 117, 95, 49, 38, 139, 137, 117, 34, 45, 220, 127, 48, 240,
       225, 119, 126, 250, 216, 123, 246, 183, 11, 207, 127, 95, 190,
       191, 221, 223, 250, 140, 247, 253, 194, 223, 221, 3, 55, 231, 247,
