%YAML:1.0
---
descriptors: !!opencv-matrix
   rows: 182
   cols: 32
   dt: u
   data: [ 165, 225, 229, 127, 221, 7, 74, 184, 87, 184, 121, 90, 67,
       105, 93, 2, 217, 206, 117, 255, 250, 246, 219, 191, 47, 251, 197,
       116, 127, 187, 208, 0, 77, 177, 189, 101, 33, 76, 113, 49, 105,
       249, 39, 8, 254, 81, 72, 50, 128, 84, 124, 72, 129, 112, 179, 0,
       79, 249, 101, 22, 74, 34, 67, 35, 232, 252, 252, 115, 233, 125,
       21, 174, 203, 119, 36, 25, 190, 61, 79, 59, 135, 83, 249, 81, 102,
       108, 251, 49, 79, 219, 84, 127, 210, 89, 143, 91, 121, 254, 154,
       247, 53, 29, 90, 246, 59, 233, 254, 76, 255, 123, 72, 176, 181,
       255, 252, 90, 207, 250, 217, 173, 255, 253, 53, 176, 106, 195, 74,
       153, 210, 239, 67, 77, 82, 146, 175, 197, 53, 4, 250, 162, 73, 38,
       132, 244, 126, 253, 147, 232, 33, 146, 229, 207, 54, 44, 143, 194,
       103, 150, 167, 244, 93, 189, 149, 250, 169, 236, 71, 222, 171,
       217, 170, 72, 191, 246, 64, 254, 133, 247, 124, 24, 27, 75, 250,
       49, 153, 254, 85, 122, 138, 81, 130, 41, 250, 184, 238, 115, 139,
       249, 176, 135, 187, 87, 134, 159, 170, 172, 86, 10, 201, 243, 249,
       145, 190, 111, 246, 227, 95, 119, 220, 219, 231, 76, 222, 94, 189,
       141, 104, 105, 150, 27, 203, 250, 84, 32, 125, 18, 91, 41, 184,
       97, 123, 206, 23, 234, 248, 184, 109, 191, 127, 239, 161, 197,
       119, 171, 220, 162, 194, 233, 244, 190, 175, 129, 158, 172, 155,
       178, 16, 155, 237, 202, 88, 67, 151, 117, 125, 199, 226, 69, 222,
       251, 173, 122, 207, 186, 20, 54, 131, 1, 133, 160, 221, 243, 236,
       41, 233, 27, 254, 51, 49, 220, 159, 225, 216, 43, 163, 11, 110,
       28, 179, 116, 203, 209, 204, 154, 119, 116, 220, 200, 193, 161,
       164, 132, 214, 252, 252, 171, 212, 105, 223, 19, 113, 88, 206,
       233, 44, 205, 211, 43, 107, 42, 54, 103, 74, 151, 170, 254, 87,
       126, 212, 234, 193, 133, 123, 48, 244, 108, 47, 87, 216, 25, 75,
       249, 53, 173, 79, 157, 150, 188, 150, 29, 181, 17, 156, 106, 179,
       221, 67, 251, 113, 255, 86, 132, 94, 87, 75, 112, 244, 108, 43,
       210, 88, 24, 187, 252, 52, 165, 125, 223, 214, 180, 150, 61, 181,
       140, 134, 68, 190, 217, 66, 249, 233, 175, 46, 164, 78, 127, 212,
       204, 151, 147, 132, 0, 38, 134, 62, 51, 194, 82, 228, 34, 73, 74,
       225, 206, 42, 210, 122, 220, 203, 226, 189, 38, 222, 70, 128, 89,
       161, 10, 39, 181, 112, 195, 253, 125, 248, 41, 95, 117, 61, 27,
       206, 124, 94, 40, 159, 27, 223, 21, 150, 112, 127, 215, 143, 92,
       23, 127, 214, 14, 213, 215, 254, 90, 142, 190, 73, 94, 87, 244,
       49, 110, 246, 63, 106, 255, 47, 83, 253, 244, 239, 102, 108, 247,
       249, 171, 243, 243, 229, 155, 123, 62, 126, 91, 153, 77, 108, 81,
       214, 187, 239, 182, 84, 162, 126, 130, 57, 41, 177, 97, 35, 106,
       23, 220, 176, 184, 37, 190, 111, 207, 181, 193, 247, 217, 80, 168,
       118, 122, 188, 164, 138, 108, 20, 143, 170, 254, 128, 45, 151,
       254, 67, 27, 133, 213, 237, 49, 76, 71, 211, 0, 249, 195, 109,
       191, 128, 112, 23, 83, 205, 106, 156, 53, 40, 15, 100, 158, 126,
       186, 50, 125, 215, 35, 193, 27, 135, 68, 108, 126, 168, 244, 203,
       40, 204, 251, 117, 20, 200, 241, 74, 9, 149, 97, 94, 218, 206, 33,
       110, 204, 198, 18, 177, 66, 93, 195, 249, 107, 123, 201, 46, 254,
       195, 71, 142, 240, 176, 201, 239, 44, 189, 251, 169, 128, 126, 50,
       239, 117, 79, 94, 249, 88, 233, 236, 182, 14, 75, 173, 87, 191,
       56, 245, 237, 177, 140, 226, 247, 200, 95, 219, 247, 129, 231, 37,
       118, 246, 246, 125, 233, 6, 223, 67, 215, 204, 19, 228, 176, 139,
       66, 252, 87, 19, 89, 222, 209, 243, 238, 107, 252, 186, 123, 0,
       133, 63, 229, 127, 86, 222, 77, 79, 121, 101, 36, 14, 111, 188,
       109, 136, 126, 68, 211, 97, 145, 112, 22, 228, 108, 110, 201, 176,
       229, 40, 230, 249, 37, 132, 104, 187, 66, 33, 9, 159, 86, 77, 112,
       158, 239, 119, 124, 8, 126, 100, 190, 51, 164, 180, 38, 54, 86,
       108, 193, 184, 1, 111, 100, 191, 50, 128, 74, 128, 235, 169, 96,
       233, 251, 124, 102, 73, 119, 254, 122, 31, 124, 40, 52, 241, 224,
       88, 51, 90, 34, 74, 66, 122, 170, 51, 85, 175, 117, 44, 80, 249,
       103, 171, 226, 184, 238, 250, 139, 253, 145, 135, 187, 95, 150,
       191, 170, 188, 86, 42, 205, 179, 255, 145, 190, 111, 242, 227, 95,
       119, 220, 251, 199, 76, 214, 95, 254, 81, 118, 236, 13, 86, 94,
       184, 33, 174, 247, 10, 75, 31, 47, 119, 248, 212, 253, 226, 108,
       199, 249, 140, 243, 251, 199, 159, 39, 183, 124, 70, 241, 64, 223,
       246, 78, 8, 109, 172, 233, 146, 178, 90, 95, 99, 149, 123, 107,
       229, 124, 234, 105, 71, 207, 224, 148, 170, 255, 28, 37, 241, 98,
       32, 58, 96, 244, 229, 39, 250, 216, 24, 235, 244, 52, 131, 111,
       223, 85, 178, 190, 189, 181, 181, 142, 112, 190, 221, 131, 217,
       139, 167, 103, 164, 79, 87, 27, 48, 116, 232, 45, 87, 216, 24, 75,
       252, 117, 169, 15, 157, 214, 172, 134, 29, 181, 13, 150, 248, 179,
       208, 195, 249, 17, 247, 87, 133, 95, 87, 91, 112, 116, 236, 47,
       210, 88, 24, 171, 224, 118, 163, 15, 159, 214, 246, 134, 189, 181,
       237, 204, 196, 167, 209, 195, 249, 169, 175, 39, 132, 94, 87, 72,
       222, 92, 254, 234, 193, 23, 254, 54, 62, 116, 43, 29, 179, 224,
       89, 239, 251, 103, 194, 118, 110, 203, 117, 94, 227, 119, 173,
       113, 240, 167, 139, 35, 40, 82, 24, 100, 137, 232, 66, 127, 0,
       240, 8, 166, 136, 20, 52, 170, 169, 115, 1, 6, 62, 198, 243, 20,
       60, 18, 58, 69, 8, 83, 142, 51, 115, 106, 4, 116, 183, 186, 80,
       104, 204, 248, 239, 120, 204, 183, 48, 190, 173, 87, 231, 132,
       163, 52, 204, 114, 60, 34, 138, 77, 183, 107, 215, 102, 177, 112,
       227, 253, 125, 248, 73, 95, 117, 185, 27, 206, 124, 94, 44, 191,
       153, 223, 49, 150, 112, 217, 214, 143, 92, 15, 247, 198, 15, 215,
       199, 212, 236, 133, 151, 196, 128, 38, 132, 62, 179, 131, 82, 228,
       226, 73, 203, 225, 239, 42, 210, 98, 92, 139, 227, 188, 38, 223,
       0, 128, 114, 161, 8, 253, 245, 149, 238, 169, 15, 86, 248, 63,
       186, 177, 76, 223, 115, 73, 184, 157, 213, 125, 106, 107, 99, 219,
       187, 249, 211, 101, 188, 90, 251, 3, 3, 93, 181, 189, 97, 131,
       111, 117, 191, 107, 255, 47, 28, 223, 63, 76, 58, 181, 215, 125,
       56, 211, 112, 249, 80, 239, 223, 85, 116, 234, 66, 199, 115, 73,
       49, 249, 101, 34, 76, 113, 24, 105, 232, 54, 104, 222, 17, 200,
       50, 178, 20, 124, 120, 129, 48, 177, 64, 71, 249, 33, 6, 74, 34,
       67, 35, 93, 113, 219, 101, 50, 78, 51, 56, 104, 168, 119, 96, 95,
       83, 137, 114, 54, 85, 124, 122, 193, 177, 185, 72, 214, 169, 35,
       70, 106, 163, 99, 33, 243, 23, 245, 37, 182, 26, 94, 61, 61, 233,
       123, 253, 207, 45, 158, 84, 150, 213, 125, 37, 189, 176, 69, 142,
       174, 255, 37, 214, 238, 174, 154, 85, 182, 124, 183, 190, 105, 39,
       158, 202, 155, 234, 240, 185, 110, 191, 45, 31, 223, 221, 247, 38,
       40, 199, 203, 234, 211, 250, 77, 186, 194, 253, 38, 219, 192, 164,
       159, 28, 216, 237, 167, 239, 190, 147, 200, 24, 180, 242, 96, 114,
       129, 127, 106, 0, 115, 79, 218, 23, 125, 38, 31, 124, 144, 112,
       135, 162, 125, 229, 233, 79, 205, 93, 79, 169, 67, 194, 237, 9,
       243, 121, 31, 54, 88, 198, 112, 110, 205, 34, 255, 63, 111, 125,
       197, 60, 123, 255, 210, 108, 102, 32, 241, 225, 116, 8, 248, 0,
       233, 161, 178, 139, 143, 11, 85, 26, 174, 221, 95, 217, 146, 112,
       192, 192, 142, 220, 159, 162, 197, 177, 83, 134, 134, 221, 156,
       215, 176, 166, 158, 174, 26, 155, 9, 80, 252, 251, 73, 171, 151,
       123, 49, 211, 114, 220, 10, 127, 41, 22, 125, 198, 128, 115, 129,
       41, 61, 79, 107, 109, 84, 10, 111, 240, 117, 224, 254, 230, 243,
       65, 145, 112, 122, 236, 22, 238, 201, 176, 101, 46, 230, 173, 34,
       128, 111, 187, 112, 184, 74, 188, 178, 152, 249, 253, 176, 71,
       191, 29, 140, 17, 172, 190, 102, 220, 227, 59, 235, 17, 22, 75,
