%YAML:1.0
---
descriptors: !!opencv-matrix
   rows: 229
   cols: 32
   dt: u
   data: [ 13, 65, 87, 110, 32, 14, 107, 88, 109, 128, 123, 64, 223, 211,
       41, 120, 182, 100, 116, 110, 129, 177, 25, 72, 193, 248, 99, 4,
       72, 179, 99, 33, 11, 162, 132, 27, 89, 149, 40, 63, 182, 21, 68,
       85, 168, 226, 42, 196, 197, 10, 170, 140, 182, 92, 114, 119, 15,
       182, 90, 104, 26, 4, 169, 220, 133, 164, 221, 241, 236, 45, 232,
       91, 62, 179, 49, 90, 159, 249, 88, 43, 167, 31, 127, 17, 51, 116,
       203, 210, 77, 218, 119, 100, 212, 200, 195, 161, 55, 133, 195,
       195, 244, 22, 238, 244, 113, 107, 123, 198, 89, 58, 156, 244, 127,
       206, 54, 254, 253, 186, 125, 226, 62, 110, 230, 196, 175, 255,
       248, 156, 13, 181, 16, 227, 253, 61, 241, 25, 95, 121, 61, 30,
       222, 121, 202, 172, 159, 10, 222, 56, 183, 112, 251, 214, 207,
       221, 55, 118, 218, 206, 203, 229, 215, 227, 106, 130, 246, 146,
       126, 228, 225, 172, 159, 167, 73, 194, 254, 244, 126, 205, 156,
       255, 204, 147, 172, 228, 186, 65, 175, 229, 39, 151, 187, 197, 22,
       99, 78, 71, 114, 2, 111, 121, 52, 236, 119, 231, 73, 103, 135, 20,
       126, 205, 7, 238, 224, 210, 13, 76, 126, 14, 167, 132, 47, 182,
       34, 209, 250, 188, 235, 112, 143, 249, 144, 135, 187, 87, 134,
       191, 170, 188, 86, 10, 205, 179, 251, 145, 190, 111, 242, 227, 95,
       119, 220, 123, 231, 76, 214, 94, 196, 172, 149, 147, 150, 136,
       102, 133, 186, 147, 11, 82, 236, 226, 72, 74, 97, 239, 42, 145,
       114, 92, 139, 227, 172, 38, 223, 68, 160, 114, 161, 8, 107, 176,
       244, 228, 61, 95, 216, 57, 91, 253, 53, 169, 79, 220, 150, 56,
       150, 181, 181, 53, 140, 106, 250, 221, 139, 219, 217, 255, 71,
       172, 84, 87, 203, 114, 116, 253, 107, 146, 120, 24, 171, 220, 87,
       165, 253, 223, 210, 246, 22, 53, 181, 204, 198, 196, 239, 157, 70,
       249, 161, 133, 38, 166, 73, 113, 186, 182, 164, 58, 233, 125, 148,
       255, 23, 127, 245, 63, 106, 253, 110, 29, 253, 155, 231, 20, 62,
       127, 123, 151, 123, 243, 116, 255, 211, 92, 230, 219, 101, 185,
       157, 30, 168, 205, 69, 188, 251, 217, 160, 8, 246, 242, 70, 127,
       129, 243, 124, 74, 155, 107, 250, 113, 153, 154, 85, 122, 200, 81,
       195, 100, 129, 175, 145, 249, 236, 173, 237, 159, 94, 51, 120, 92,
       183, 33, 209, 41, 143, 74, 34, 28, 243, 120, 75, 49, 204, 154,
       119, 116, 220, 216, 145, 169, 124, 122, 216, 34, 56, 9, 83, 152,
       35, 188, 173, 41, 87, 99, 67, 26, 151, 221, 205, 114, 10, 99, 202,
       56, 251, 197, 37, 125, 224, 179, 78, 3, 2, 184, 186, 155, 195,
       245, 184, 67, 159, 95, 81, 55, 172, 222, 102, 140, 239, 59, 147,
       145, 22, 94, 146, 211, 15, 87, 154, 235, 144, 68, 173, 215, 255,
       81, 95, 236, 44, 70, 95, 184, 165, 194, 246, 10, 95, 127, 37, 115,
       246, 213, 125, 238, 105, 199, 123, 204, 243, 251, 229, 148, 43,
       187, 96, 113, 0, 161, 136, 189, 223, 161, 164, 111, 138, 177, 72,
       3, 164, 242, 106, 130, 233, 11, 34, 145, 18, 91, 130, 241, 188, 4,
       159, 105, 152, 72, 153, 138, 50, 40, 82, 92, 119, 137, 232, 66,
       123, 0, 224, 138, 42, 200, 20, 20, 186, 185, 67, 81, 14, 186, 196,
       253, 150, 252, 0, 59, 103, 140, 66, 140, 77, 177, 48, 195, 253,
       127, 241, 25, 95, 253, 61, 28, 222, 89, 218, 172, 191, 137, 222,
       60, 151, 112, 251, 208, 207, 223, 5, 119, 206, 207, 203, 215, 9,
       165, 149, 249, 173, 175, 100, 159, 94, 179, 104, 72, 191, 177, 64,
       172, 145, 42, 34, 12, 83, 120, 83, 51, 141, 223, 85, 48, 218, 200,
       129, 168, 136, 76, 108, 81, 214, 187, 232, 54, 84, 162, 94, 130,
       185, 41, 177, 41, 35, 42, 19, 156, 176, 252, 101, 190, 111, 207,
       116, 193, 247, 220, 89, 168, 98, 188, 239, 178, 223, 249, 176,
       199, 187, 87, 144, 159, 174, 188, 118, 11, 137, 179, 251, 145,
       190, 111, 178, 241, 95, 115, 222, 251, 197, 76, 150, 222, 37, 189,
       177, 3, 212, 175, 227, 219, 122, 121, 105, 28, 146, 248, 94, 48,
       153, 74, 66, 28, 147, 58, 249, 50, 109, 28, 5, 116, 217, 75, 210,
       226, 253, 124, 254, 68, 45, 127, 86, 16, 225, 238, 191, 13, 74,
       252, 151, 182, 140, 228, 236, 110, 205, 167, 253, 136, 243, 249,
       69, 55, 99, 255, 94, 87, 250, 93, 119, 84, 43, 222, 94, 182, 161,
       204, 230, 173, 107, 159, 7, 247, 166, 245, 253, 98, 236, 205, 178,
       173, 243, 251, 68, 131, 35, 180, 110, 127, 101, 116, 177, 86, 233,
       109, 101, 142, 123, 251, 32, 28, 210, 240, 79, 58, 145, 78, 96,
       24, 33, 118, 250, 2, 93, 158, 85, 62, 200, 113, 194, 38, 91, 114,
       116, 237, 46, 146, 88, 24, 235, 216, 118, 231, 239, 223, 214, 246,
       182, 189, 181, 237, 206, 196, 167, 221, 130, 249, 169, 135, 39,
       132, 73, 85, 145, 221, 23, 95, 13, 158, 164, 229, 252, 10, 242,
       86, 251, 108, 180, 225, 200, 115, 206, 99, 237, 173, 119, 61, 163,
       251, 86, 18, 89, 24, 233, 60, 102, 123, 123, 78, 114, 144, 186,
       242, 169, 204, 248, 237, 40, 206, 165, 208, 238, 253, 199, 198,
       198, 139, 174, 237, 50, 60, 170, 138, 77, 151, 103, 221, 198, 164,
       209, 158, 222, 161, 46, 139, 186, 179, 9, 218, 236, 234, 88, 10,
       51, 75, 123, 147, 50, 69, 142, 243, 172, 22, 159, 236, 148, 99,
       131, 128, 44, 172, 213, 243, 253, 47, 70, 190, 83, 187, 184, 72,
       195, 121, 89, 10, 217, 198, 102, 26, 91, 108, 219, 179, 47, 223,
       213, 124, 251, 251, 208, 130, 130, 140, 214, 254, 253, 171, 156,
       239, 223, 147, 248, 24, 238, 232, 36, 201, 211, 123, 110, 17, 50,
       111, 10, 255, 168, 190, 87, 122, 212, 88, 129, 141, 182, 182, 180,
       59, 234, 47, 148, 255, 31, 123, 241, 249, 74, 255, 206, 29, 223,
       159, 247, 52, 190, 119, 203, 147, 62, 90, 93, 247, 209, 76, 166,
       215, 89, 185, 149, 242, 169, 205, 69, 159, 239, 249, 170, 8, 191,
       247, 72, 250, 135, 247, 124, 24, 27, 75, 250, 49, 185, 254, 53,
       122, 130, 82, 135, 41, 143, 220, 39, 211, 13, 215, 174, 236, 157,
       90, 146, 210, 200, 92, 188, 175, 205, 80, 251, 239, 225, 229, 127,
       247, 1, 90, 223, 214, 87, 29, 213, 116, 55, 205, 103, 136, 212,
       214, 239, 244, 117, 192, 218, 66, 81, 254, 189, 228, 121, 237, 62,
       255, 237, 147, 61, 254, 57, 46, 143, 196, 181, 247, 240, 100, 37,
       181, 16, 153, 255, 237, 176, 111, 223, 121, 57, 26, 150, 184, 78,
       32, 201, 10, 82, 17, 55, 56, 90, 215, 45, 28, 23, 127, 216, 76,
       217, 151, 125, 237, 169, 79, 157, 95, 79, 184, 82, 226, 173, 12,
       211, 97, 27, 52, 89, 196, 120, 110, 233, 114, 253, 63, 111, 143,
       133, 116, 251, 187, 82, 112, 197, 60, 149, 55, 168, 46, 96, 154,
       255, 251, 35, 92, 222, 114, 65, 155, 133, 70, 108, 30, 181, 244,
       219, 34, 141, 250, 113, 86, 200, 97, 3, 17, 96, 56, 153, 97, 60,
       205, 17, 23, 110, 169, 42, 104, 182, 17, 64, 48, 130, 60, 76, 16,
       1, 56, 209, 18, 205, 149, 49, 114, 216, 8, 67, 43, 253, 9, 104,
       110, 172, 30, 71, 57, 228, 128, 231, 8, 211, 115, 185, 115, 80,
       228, 124, 234, 88, 131, 249, 40, 243, 233, 229, 17, 50, 251, 244,
       32, 126, 113, 123, 234, 58, 211, 91, 120, 133, 204, 189, 170, 91,
       223, 237, 112, 126, 253, 223, 242, 73, 35, 236, 220, 242, 205,
       163, 255, 127, 171, 102, 115, 126, 235, 233, 238, 56, 65, 91, 216,
       7, 236, 156, 169, 243, 207, 203, 16, 94, 217, 255, 227, 75, 3,
       239, 185, 242, 213, 173, 189, 55, 191, 54, 115, 78, 247, 197, 251,
       170, 67, 30, 189, 7, 123, 153, 228, 217, 111, 200, 234, 95, 215,
       255, 211, 219, 67, 207, 241, 174, 215, 255, 252, 190, 251, 164,
       17, 2, 143, 46, 155, 210, 225, 184, 231, 158, 85, 88, 179, 44,
       174, 54, 64, 239, 59, 147, 145, 22, 153, 6, 247, 46, 7, 154, 195,
       21, 4, 189, 219, 120, 235, 105, 230, 60, 203, 75, 252, 3, 236,
       188, 173, 115, 205, 219, 16, 92, 232, 221, 110, 200, 42, 236, 189,
       250, 221, 165, 253, 119, 190, 86, 121, 61, 230, 96, 43, 92, 35,
       207, 248, 82, 62, 153, 207, 227, 72, 218, 0, 89, 202, 71, 111,
