%YAML:1.0
---
descriptors: !!opencv-matrix
   rows: 270
   cols: 32
   dt: u
   data: [ 2, 154, 134, 29, 17, 148, 40, 119, 180, 5, 66, 197, 173, 230,
       34, 197, 100, 59, 170, 132, 166, 216, 38, 111, 13, 102, 26, 9, 2,
       132, 45, 220, 41, 114, 108, 33, 69, 219, 97, 18, 101, 117, 118, 4,
       139, 5, 146, 172, 40, 172, 230, 92, 143, 188, 117, 0, 199, 225,
       48, 65, 107, 141, 76, 254, 237, 75, 249, 101, 36, 14, 111, 184,
       97, 170, 118, 108, 211, 97, 145, 115, 18, 228, 108, 110, 201, 180,
       237, 40, 230, 249, 97, 132, 110, 187, 66, 33, 164, 140, 182, 254,
       252, 175, 150, 239, 223, 11, 248, 56, 206, 249, 164, 105, 223,
       123, 127, 32, 50, 111, 74, 191, 58, 254, 85, 126, 208, 248, 161,
       139, 40, 180, 185, 241, 209, 237, 177, 91, 62, 107, 109, 24, 158,
       159, 104, 40, 185, 27, 3, 16, 19, 182, 48, 18, 79, 205, 16, 109,
       210, 72, 199, 243, 69, 10, 215, 247, 34, 46, 107, 16, 236, 10, 83,
       100, 253, 99, 161, 107, 38, 101, 124, 238, 129, 149, 133, 104,
       196, 170, 106, 128, 140, 227, 33, 33, 129, 135, 89, 235, 52, 139,
       107, 185, 84, 9, 115, 210, 243, 67, 184, 97, 90, 138, 14, 124,
       187, 184, 77, 63, 236, 172, 162, 64, 56, 139, 224, 160, 88, 187,
       122, 76, 115, 220, 55, 119, 169, 76, 126, 44, 47, 151, 134, 244,
       38, 190, 229, 64, 67, 155, 178, 237, 115, 253, 52, 139, 107, 148,
       175, 251, 24, 108, 210, 101, 87, 170, 108, 86, 113, 131, 120, 2,
       43, 11, 17, 148, 42, 235, 21, 152, 10, 184, 132, 234, 39, 205,
       148, 33, 231, 208, 74, 138, 97, 184, 149, 250, 172, 205, 69, 207,
       251, 123, 160, 72, 246, 246, 76, 63, 137, 243, 110, 24, 27, 107,
       250, 177, 153, 218, 85, 122, 208, 88, 195, 45, 37, 227, 153, 171,
       228, 173, 235, 220, 14, 185, 121, 78, 149, 203, 249, 8, 223, 11,
       22, 95, 3, 50, 202, 112, 28, 156, 47, 172, 221, 219, 195, 161, 31,
       119, 65, 165, 242, 18, 110, 248, 49, 224, 88, 231, 93, 102, 155,
       244, 54, 205, 23, 239, 237, 146, 109, 206, 180, 108, 175, 132, 47,
       247, 42, 245, 75, 114, 253, 228, 43, 214, 89, 24, 171, 252, 22,
       229, 253, 223, 214, 246, 150, 189, 181, 236, 199, 196, 191, 221,
       203, 251, 233, 135, 46, 164, 76, 119, 123, 48, 254, 236, 61, 95,
       217, 27, 91, 253, 117, 173, 95, 157, 150, 188, 150, 29, 181, 21,
       157, 234, 179, 157, 195, 251, 113, 255, 79, 140, 94, 87, 194, 175,
       12, 28, 185, 189, 148, 47, 143, 61, 136, 29, 166, 168, 22, 23,
       129, 35, 106, 5, 54, 41, 66, 95, 184, 16, 29, 123, 80, 76, 139,
       78, 19, 108, 171, 209, 84, 207, 237, 79, 86, 230, 86, 2, 49, 20,
       247, 44, 57, 232, 18, 157, 163, 244, 53, 218, 53, 14, 159, 160,
       181, 88, 85, 236, 73, 21, 59, 233, 145, 174, 105, 23, 45, 73, 110,
       20, 159, 55, 0, 112, 180, 62, 25, 156, 19, 152, 49, 78, 237, 253,
       18, 64, 138, 192, 161, 112, 130, 190, 190, 147, 243, 252, 185, 39,
       191, 95, 86, 53, 172, 190, 70, 204, 167, 59, 179, 145, 182, 220,
       178, 247, 15, 119, 90, 195, 138, 68, 143, 223, 5, 92, 59, 111,
       100, 140, 231, 180, 109, 66, 110, 68, 247, 81, 17, 112, 180, 120,
       18, 78, 193, 176, 57, 111, 103, 189, 4, 0, 74, 187, 67, 185, 69,
       17, 159, 231, 162, 38, 43, 25, 172, 136, 91, 68, 221, 115, 137,
       106, 118, 85, 125, 186, 145, 209, 155, 64, 205, 175, 107, 196,
       136, 227, 33, 49, 133, 195, 93, 235, 180, 139, 107, 249, 86, 56,
       115, 64, 215, 67, 184, 65, 90, 8, 14, 126, 115, 180, 77, 63, 236,
       136, 167, 68, 56, 139, 192, 160, 37, 229, 217, 227, 244, 45, 238,
       216, 78, 161, 121, 74, 149, 225, 249, 16, 91, 203, 2, 127, 3, 50,
       202, 114, 236, 140, 167, 44, 221, 251, 195, 160, 199, 17, 111,
       197, 42, 74, 173, 57, 172, 230, 151, 182, 221, 46, 151, 107, 54,
       69, 123, 239, 225, 213, 181, 72, 84, 42, 235, 132, 45, 244, 17,
       117, 87, 118, 153, 0, 186, 109, 25, 222, 47, 251, 152, 253, 134,
       150, 205, 62, 135, 89, 92, 21, 155, 71, 235, 80, 152, 148, 31,
       254, 136, 81, 3, 117, 127, 32, 228, 69, 13, 124, 69, 26, 225, 254,
       174, 8, 139, 60, 215, 191, 72, 196, 236, 108, 140, 99, 247, 128,
       151, 249, 65, 63, 227, 253, 94, 118, 222, 75, 102, 30, 58, 146,
       94, 33, 177, 204, 214, 167, 107, 110, 151, 215, 38, 229, 253, 231,
       236, 203, 165, 236, 186, 115, 237, 147, 39, 182, 46, 85, 22, 189,
       234, 32, 178, 67, 191, 215, 34, 229, 156, 175, 21, 189, 82, 2,
       191, 255, 209, 149, 22, 219, 152, 42, 250, 69, 45, 231, 237, 114,
       143, 219, 102, 48, 186, 82, 233, 173, 49, 65, 171, 159, 173, 28,
       30, 247, 111, 30, 167, 51, 235, 16, 18, 99, 186, 64, 89, 150, 85,
       122, 202, 99, 167, 179, 28, 83, 115, 69, 114, 10, 227, 112, 108,
       228, 127, 230, 95, 3, 133, 20, 54, 156, 6, 110, 192, 176, 53, 76,
       102, 237, 33, 4, 111, 171, 71, 241, 197, 175, 132, 147, 150, 168,
       38, 175, 182, 147, 74, 214, 225, 226, 201, 198, 113, 238, 42, 158,
       115, 92, 207, 255, 44, 38, 239, 68, 169, 120, 161, 0, 194, 174,
       215, 158, 190, 161, 174, 175, 222, 179, 16, 218, 237, 234, 248,
       75, 23, 111, 123, 157, 50, 77, 142, 255, 172, 54, 223, 188, 140,
       112, 129, 8, 164, 140, 214, 254, 252, 171, 158, 239, 223, 179,
       240, 88, 238, 233, 44, 73, 215, 127, 110, 16, 50, 111, 75, 255,
       184, 190, 87, 126, 212, 248, 161, 137, 108, 27, 214, 254, 173, 50,
       86, 128, 143, 150, 171, 237, 78, 233, 101, 222, 221, 244, 234,
       114, 28, 99, 202, 160, 26, 214, 69, 31, 154, 255, 108, 23, 41,
       191, 255, 101, 116, 142, 119, 55, 117, 234, 126, 68, 51, 57, 144,
       48, 164, 116, 118, 12, 225, 184, 113, 47, 111, 175, 36, 0, 98,
       184, 66, 171, 182, 190, 167, 184, 232, 175, 188, 231, 63, 251,
       240, 249, 46, 255, 164, 25, 239, 255, 255, 21, 186, 223, 131, 231,
       152, 86, 93, 242, 192, 124, 162, 219, 90, 188, 149, 186, 171, 228,
       29, 223, 175, 59, 136, 81, 188, 191, 64, 90, 229, 119, 253, 145,
       27, 75, 218, 241, 217, 247, 95, 126, 146, 80, 165, 59, 185, 115,
       109, 97, 67, 253, 112, 23, 101, 125, 118, 101, 147, 29, 130, 60,
       44, 188, 230, 80, 143, 184, 245, 0, 71, 249, 48, 195, 107, 141,
       198, 255, 109, 75, 241, 101, 100, 10, 111, 56, 97, 168, 118, 236,
       211, 97, 145, 119, 58, 228, 108, 110, 201, 176, 237, 8, 230, 248,
       97, 4, 110, 187, 66, 33, 2, 180, 187, 185, 211, 225, 185, 71, 158,
       87, 73, 179, 172, 190, 38, 8, 175, 59, 147, 145, 50, 221, 18, 215,
       77, 22, 154, 203, 148, 68, 165, 255, 57, 110, 168, 173, 60, 47,
       207, 222, 68, 172, 220, 199, 243, 73, 179, 0, 92, 232, 29, 239,
       136, 162, 69, 46, 224, 205, 165, 144, 127, 255, 80, 73, 39, 225,
       99, 2, 213, 221, 239, 236, 235, 85, 121, 143, 72, 204, 126, 128,
       185, 203, 211, 255, 215, 51, 62, 245, 63, 28, 15, 108, 93, 31,
       243, 214, 80, 73, 63, 108, 0, 66, 71, 121, 112, 138, 242, 40, 115,
       119, 41, 51, 56, 244, 116, 234, 105, 163, 33, 45, 241, 170, 100,
       0, 97, 176, 102, 42, 226, 185, 174, 58, 173, 217, 176, 199, 171,
       87, 164, 153, 174, 236, 118, 11, 171, 51, 251, 17, 54, 107, 182,
       241, 27, 83, 94, 123, 199, 76, 223, 94, 220, 49, 152, 242, 185,
       236, 89, 17, 187, 189, 135, 25, 159, 151, 73, 90, 133, 159, 125,
       16, 26, 65, 218, 0, 219, 245, 55, 125, 128, 65, 133, 3, 146, 107,
       227, 165, 38, 66, 239, 85, 20, 198, 210, 227, 49, 133, 177, 0,
       126, 236, 23, 239, 201, 156, 133, 42, 240, 38, 174, 128, 37, 184,
       53, 248, 114, 149, 111, 108, 139, 67, 85, 107, 149, 118, 143, 139,
       83, 127, 38, 81, 249, 149, 249, 162, 88, 75, 59, 29, 251, 227,
       197, 95, 49, 40, 244, 114, 221, 247, 20, 238, 172, 15, 94, 248,
       191, 184, 184, 108, 223, 242, 201, 179, 223, 209, 110, 122, 235,
       99, 203, 245, 184, 219, 111, 254, 88, 123, 139, 1, 0, 178, 49,
       155, 126, 217, 177, 223, 94, 61, 81, 242, 141, 156, 232, 172, 119,
       27, 162, 17, 150, 124, 111, 149, 12, 22, 58, 239, 182, 136, 149,
