%YAML:1.0
---
descriptors: !!opencv-matrix
   rows: 379
   cols: 32
   dt: u
   data: [ 2, 142, 150, 29, 18, 146, 56, 119, 188, 5, 66, 245, 173, 166,
       162, 196, 102, 63, 171, 132, 166, 152, 7, 79, 14, 102, 26, 131,
       34, 132, 45, 221, 104, 176, 185, 248, 233, 237, 49, 75, 191, 127,
       36, 25, 158, 159, 106, 24, 129, 155, 231, 16, 18, 79, 178, 83,
       223, 215, 18, 111, 208, 64, 135, 251, 17, 133, 223, 231, 180, 42,
       236, 191, 126, 177, 250, 208, 245, 35, 152, 99, 123, 15, 110, 40,
       48, 216, 69, 125, 236, 170, 254, 16, 140, 216, 161, 168, 173, 34,
       152, 97, 228, 47, 105, 24, 123, 187, 55, 92, 219, 3, 217, 56, 151,
       12, 68, 62, 177, 244, 105, 2, 206, 221, 37, 100, 202, 171, 66,
       161, 221, 81, 249, 102, 186, 82, 95, 184, 57, 230, 167, 184, 91,
       119, 207, 119, 54, 213, 253, 238, 104, 71, 237, 202, 250, 249,
       229, 157, 38, 183, 6, 113, 12, 79, 123, 127, 84, 142, 111, 176,
       237, 132, 111, 64, 255, 195, 25, 112, 54, 120, 66, 106, 192, 176,
       58, 109, 231, 253, 2, 0, 99, 179, 103, 32, 37, 114, 153, 234, 108,
       173, 170, 218, 42, 185, 121, 104, 148, 223, 233, 24, 223, 89, 87,
       27, 3, 114, 202, 112, 29, 156, 47, 172, 216, 91, 67, 161, 153,
       167, 68, 161, 151, 27, 238, 127, 116, 176, 222, 182, 203, 8, 146,
       133, 122, 138, 206, 253, 253, 184, 69, 159, 236, 193, 175, 196,
       127, 140, 152, 136, 211, 76, 214, 247, 130, 42, 236, 7, 125, 131,
       226, 18, 189, 34, 21, 91, 98, 167, 27, 136, 96, 220, 5, 202, 180,
       234, 222, 0, 165, 240, 227, 136, 152, 172, 56, 57, 153, 249, 80,
       175, 23, 53, 164, 153, 175, 205, 66, 144, 147, 27, 201, 17, 62,
       77, 75, 63, 235, 199, 21, 125, 242, 140, 143, 74, 189, 37, 127,
       69, 20, 79, 231, 112, 96, 196, 239, 0, 83, 85, 156, 55, 56, 228,
       64, 106, 233, 177, 61, 12, 103, 233, 33, 0, 99, 171, 70, 240, 5,
       161, 89, 251, 244, 171, 98, 217, 94, 9, 115, 82, 183, 195, 184,
       64, 90, 10, 6, 92, 147, 184, 73, 55, 140, 140, 34, 96, 152, 139,
       225, 161, 102, 106, 138, 156, 104, 96, 151, 72, 154, 134, 128,
       169, 196, 224, 97, 26, 217, 117, 105, 99, 64, 71, 202, 10, 208,
       54, 207, 57, 0, 123, 55, 10, 199, 86, 111, 76, 114, 50, 171, 112,
       236, 194, 95, 230, 89, 238, 183, 117, 54, 101, 91, 239, 229, 133,
       37, 206, 54, 46, 171, 128, 13, 167, 35, 245, 182, 172, 237, 255,
       157, 103, 210, 136, 83, 178, 249, 11, 99, 121, 93, 42, 217, 220,
       53, 115, 170, 246, 219, 191, 11, 250, 197, 119, 245, 251, 84, 6,
       72, 191, 51, 72, 242, 204, 55, 119, 43, 77, 124, 108, 60, 183,
       128, 244, 166, 59, 135, 0, 147, 152, 176, 87, 127, 181, 32, 194,
       130, 194, 135, 251, 227, 170, 254, 26, 203, 180, 180, 231, 251,
       31, 180, 21, 40, 232, 118, 159, 167, 99, 234, 21, 182, 107, 190,
       241, 26, 59, 86, 91, 211, 84, 235, 207, 41, 191, 81, 69, 244, 155,
       242, 115, 127, 105, 124, 236, 190, 48, 132, 180, 150, 42, 150, 8,
       151, 184, 36, 223, 46, 92, 48, 226, 206, 196, 203, 157, 95, 86,
       70, 38, 51, 186, 154, 32, 189, 226, 155, 237, 207, 108, 151, 85,
       182, 229, 253, 103, 173, 149, 29, 206, 144, 246, 107, 146, 109,
       119, 11, 85, 87, 119, 97, 199, 178, 86, 175, 184, 125, 232, 95,
       238, 253, 70, 157, 116, 54, 205, 21, 239, 201, 144, 253, 238, 180,
       44, 175, 164, 45, 183, 51, 117, 177, 108, 109, 77, 116, 15, 207,
       125, 84, 224, 244, 74, 19, 1, 145, 49, 88, 140, 22, 238, 233, 190,
       117, 30, 103, 139, 161, 36, 125, 186, 82, 168, 86, 114, 149, 32,
       171, 53, 16, 202, 171, 251, 128, 253, 142, 214, 205, 30, 151, 145,
       204, 49, 155, 71, 138, 208, 152, 210, 31, 254, 152, 85, 175, 23,
       53, 79, 42, 173, 60, 7, 207, 248, 68, 200, 216, 231, 243, 232,
       179, 0, 92, 236, 31, 239, 204, 163, 76, 47, 224, 173, 175, 144,
       125, 251, 112, 193, 25, 185, 19, 232, 91, 205, 87, 221, 47, 9,
       104, 12, 126, 223, 40, 180, 176, 187, 214, 64, 67, 59, 58, 253,
       251, 221, 1, 42, 122, 18, 35, 187, 146, 79, 99, 188, 214, 66, 239,
       244, 20, 198, 218, 231, 97, 239, 177, 65, 126, 253, 23, 239, 233,
       147, 132, 238, 240, 36, 239, 128, 37, 242, 54, 248, 72, 188, 62,
       117, 112, 78, 125, 183, 117, 142, 126, 0, 63, 191, 2, 113, 166,
       60, 127, 40, 160, 248, 177, 15, 231, 239, 97, 65, 98, 160, 198,
       115, 169, 20, 123, 76, 112, 207, 251, 113, 253, 10, 119, 16, 90,
       213, 164, 48, 188, 184, 86, 40, 161, 167, 48, 78, 83, 255, 32, 0,
       67, 160, 98, 177, 244, 232, 68, 254, 13, 1, 70, 237, 135, 178,
       160, 9, 99, 203, 77, 19, 217, 208, 106, 226, 74, 103, 203, 181,
       177, 210, 199, 61, 113, 59, 246, 138, 88, 180, 146, 246, 131, 236,
       118, 207, 191, 139, 238, 27, 110, 251, 104, 216, 179, 251, 237,
       16, 22, 175, 146, 227, 219, 255, 22, 27, 227, 82, 175, 11, 100,
       113, 249, 64, 236, 79, 223, 221, 43, 250, 184, 109, 86, 93, 93,
       58, 159, 213, 127, 114, 193, 99, 219, 80, 127, 156, 101, 60, 217,
       251, 70, 51, 245, 53, 27, 236, 56, 14, 87, 120, 121, 136, 233, 76,
       87, 91, 9, 48, 254, 253, 92, 106, 201, 167, 209, 14, 241, 237, 33,
       28, 120, 227, 35, 35, 2, 158, 50, 249, 252, 133, 184, 239, 159,
       91, 210, 119, 188, 255, 180, 64, 239, 147, 63, 149, 242, 155, 67,
       215, 62, 62, 191, 198, 157, 12, 177, 155, 20, 36, 144, 131, 85,
       233, 226, 194, 63, 161, 121, 3, 140, 138, 77, 12, 249, 137, 2,
       145, 2, 176, 216, 224, 157, 148, 154, 99, 129, 75, 121, 130, 5,
       77, 123, 95, 84, 204, 111, 176, 101, 0, 110, 0, 115, 69, 21, 112,
       120, 248, 2, 234, 201, 176, 45, 47, 119, 173, 132, 0, 97, 187,
       102, 168, 72, 169, 187, 116, 129, 236, 117, 71, 232, 5, 110, 8,
       190, 181, 0, 48, 160, 50, 120, 0, 18, 169, 178, 97, 227, 253, 16,
       73, 194, 64, 199, 106, 203, 133, 124, 251, 190, 176, 249, 59, 93,
       81, 93, 146, 221, 127, 190, 97, 86, 19, 159, 173, 242, 8, 127,
       215, 79, 251, 186, 205, 54, 140, 245, 99, 57, 66, 106, 110, 116,
       19, 75, 112, 69, 140, 247, 170, 123, 73, 189, 176, 120, 172, 21,
       234, 200, 183, 108, 140, 242, 233, 160, 129, 119, 171, 112, 41,
       52, 168, 188, 209, 140, 233, 145, 202, 206, 181, 176, 25, 134,
       152, 69, 10, 137, 91, 111, 17, 26, 111, 194, 16, 217, 146, 85,
       127, 208, 105, 197, 130, 69, 60, 149, 53, 40, 46, 32, 146, 254,
       251, 34, 84, 222, 50, 209, 255, 135, 103, 108, 14, 161, 212, 251,
       98, 133, 186, 83, 4, 136, 113, 3, 61, 124, 36, 120, 96, 92, 111,
       67, 216, 99, 172, 189, 8, 83, 113, 201, 18, 25, 212, 68, 122, 40,
       35, 249, 30, 91, 205, 33, 61, 227, 235, 70, 34, 136, 160, 60, 242,
       123, 201, 17, 105, 158, 61, 165, 57, 158, 213, 104, 17, 139, 25,
       203, 16, 50, 111, 106, 21, 223, 209, 17, 127, 80, 8, 135, 227, 18,
       93, 67, 204, 18, 194, 174, 103, 52, 192, 218, 226, 113, 231, 161,
       96, 126, 253, 27, 226, 105, 155, 20, 206, 176, 38, 175, 128, 45,
       240, 48, 184, 57, 167, 108, 161, 158, 91, 89, 107, 69, 228, 158,
       131, 67, 40, 146, 5, 123, 132, 206, 173, 124, 248, 101, 157, 250,
       195, 193, 85, 103, 140, 220, 70, 189, 29, 63, 101, 13, 79, 195,
       48, 229, 200, 182, 64, 211, 117, 145, 55, 8, 244, 108, 106, 233,
       161, 113, 44, 195, 251, 97, 16, 107, 171, 70, 50, 80, 157, 31,
       165, 146, 142, 94, 55, 61, 161, 202, 205, 223, 55, 0, 80, 183,
       183, 125, 149, 25, 152, 145, 14, 249, 231, 63, 80, 168, 32, 129,
       59, 216, 88, 151, 247, 11, 108, 49, 22, 190, 219, 131, 17, 252,
       247, 73, 107, 165, 119, 249, 128, 33, 197, 155, 225, 209, 243, 90,
       2, 130, 113, 37, 59, 161, 68, 109, 71, 100, 79, 231, 48, 84, 162,
       247, 10, 115, 17, 149, 49, 88, 172, 86, 106, 233, 182, 117, 28,
       103, 139, 224, 16, 119, 170, 82, 168, 144, 196, 71, 191, 198, 130,
       110, 103, 116, 3, 67, 210, 241, 226, 56, 65, 123, 174, 42, 170,
       96, 180, 5, 103, 164, 162, 214, 0, 53, 208, 225, 136, 133, 133,
       68, 187, 180, 139, 106, 233, 86, 0, 73, 210, 215, 67, 184, 64, 91,
