%YAML:1.0
---
descriptors: !!opencv-matrix
   rows: 261
   cols: 32
   dt: u
   data: [ 188, 4, 114, 236, 101, 103, 212, 121, 85, 166, 243, 27, 67,
       89, 53, 137, 248, 156, 134, 34, 44, 183, 16, 142, 147, 235, 225,
       23, 119, 255, 116, 130, 13, 181, 176, 227, 253, 61, 241, 25, 79,
       121, 61, 30, 222, 121, 202, 172, 191, 10, 254, 56, 147, 112, 251,
       214, 207, 223, 53, 116, 218, 78, 137, 243, 138, 176, 189, 88, 169,
       125, 17, 31, 255, 95, 181, 60, 206, 253, 78, 63, 151, 19, 236, 16,
       183, 109, 51, 83, 75, 219, 80, 127, 210, 72, 199, 119, 129, 175,
       145, 249, 236, 45, 237, 159, 94, 51, 56, 92, 183, 33, 216, 41, 15,
       75, 98, 13, 243, 120, 219, 115, 236, 154, 117, 116, 220, 216, 131,
       168, 162, 140, 214, 252, 252, 171, 214, 239, 223, 3, 120, 24, 238,
       233, 36, 73, 211, 123, 123, 33, 50, 111, 74, 191, 170, 254, 87,
       58, 212, 248, 193, 141, 186, 182, 166, 58, 249, 125, 148, 223, 23,
       127, 252, 63, 106, 253, 110, 29, 253, 219, 231, 16, 62, 255, 123,
       179, 123, 247, 116, 251, 211, 92, 230, 219, 176, 109, 121, 73, 84,
       79, 199, 125, 80, 164, 244, 10, 19, 17, 16, 49, 88, 156, 2, 248,
       249, 190, 117, 30, 127, 137, 37, 100, 117, 170, 230, 160, 67, 43,
       155, 244, 116, 160, 170, 134, 170, 128, 152, 224, 188, 171, 213,
       18, 134, 127, 93, 93, 2, 9, 130, 232, 132, 188, 190, 184, 140,
       209, 35, 41, 109, 79, 93, 101, 52, 10, 111, 188, 100, 160, 126,
       96, 243, 67, 153, 113, 90, 196, 76, 110, 233, 176, 109, 44, 230,
       253, 37, 0, 109, 187, 66, 33, 47, 107, 72, 133, 114, 2, 111, 121,
       49, 236, 118, 231, 121, 3, 147, 16, 62, 237, 23, 238, 196, 210,
       205, 76, 110, 47, 175, 132, 47, 182, 170, 209, 250, 184, 172, 176,
       155, 253, 144, 7, 155, 127, 150, 191, 170, 188, 86, 11, 205, 179,
       253, 145, 190, 111, 242, 227, 91, 87, 220, 251, 231, 76, 222, 95,
       188, 141, 104, 73, 212, 179, 235, 250, 86, 36, 254, 18, 81, 57,
       185, 97, 121, 206, 23, 250, 184, 184, 45, 63, 127, 15, 161, 69,
       247, 201, 124, 162, 118, 184, 244, 247, 118, 72, 248, 176, 121,
       153, 178, 171, 111, 127, 95, 155, 191, 241, 149, 177, 172, 240,
       76, 237, 158, 222, 207, 199, 231, 164, 86, 87, 57, 121, 122, 72,
       119, 219, 247, 242, 225, 204, 126, 40, 58, 152, 183, 180, 42, 168,
       214, 90, 197, 187, 52, 172, 115, 253, 4, 19, 111, 158, 74, 223,
       202, 188, 188, 53, 241, 220, 188, 39, 187, 95, 118, 53, 172, 191,
       70, 19, 167, 63, 251, 1, 54, 92, 178, 243, 79, 127, 94, 195, 194,
       68, 143, 219, 61, 82, 107, 110, 52, 23, 75, 120, 69, 72, 253, 78,
       115, 77, 187, 48, 124, 136, 21, 238, 201, 178, 124, 141, 243, 237,
       160, 128, 111, 171, 114, 113, 77, 9, 83, 108, 52, 14, 106, 104,
       105, 128, 107, 0, 215, 195, 177, 180, 50, 228, 72, 110, 1, 161,
       153, 8, 160, 252, 3, 4, 106, 179, 99, 32, 70, 214, 229, 250, 186,
       96, 159, 190, 23, 95, 217, 243, 237, 239, 232, 75, 95, 211, 191,
       179, 251, 74, 111, 247, 184, 246, 255, 220, 150, 255, 165, 113, 2,
       184, 186, 155, 99, 245, 184, 67, 190, 95, 85, 51, 172, 158, 102,
       8, 167, 59, 147, 145, 22, 205, 146, 211, 143, 85, 154, 235, 128,
       68, 173, 223, 189, 201, 74, 15, 87, 91, 231, 244, 100, 100, 230,
       142, 115, 64, 179, 165, 120, 236, 194, 238, 237, 178, 125, 47,
       116, 105, 164, 1, 111, 191, 122, 232, 111, 235, 40, 174, 108, 29,
       207, 248, 7, 236, 189, 205, 235, 233, 91, 16, 220, 236, 255, 239,
       204, 35, 235, 185, 243, 221, 173, 189, 87, 191, 94, 193, 110, 235,
       173, 187, 172, 149, 223, 188, 135, 252, 156, 237, 195, 236, 218,
       11, 221, 194, 255, 215, 206, 99, 239, 177, 238, 83, 237, 253, 22,
       191, 214, 85, 32, 56, 25, 97, 56, 205, 17, 55, 78, 169, 42, 104,
       182, 17, 192, 48, 130, 60, 204, 16, 1, 56, 209, 18, 205, 149, 49,
       114, 72, 8, 7, 43, 124, 106, 216, 102, 56, 11, 83, 152, 34, 164,
       172, 41, 87, 195, 67, 26, 151, 220, 205, 114, 10, 67, 202, 56,
       219, 197, 37, 61, 224, 179, 14, 3, 247, 195, 238, 142, 254, 18,
       207, 216, 64, 140, 247, 199, 65, 200, 190, 66, 124, 236, 38, 255,
       220, 179, 175, 192, 122, 41, 174, 205, 101, 191, 248, 197, 132,
       164, 221, 243, 236, 41, 233, 91, 254, 179, 49, 90, 157, 249, 216,
       43, 175, 15, 126, 25, 179, 116, 203, 208, 204, 154, 127, 116, 212,
       201, 195, 161, 89, 184, 151, 254, 169, 172, 21, 223, 175, 155,
       166, 68, 254, 243, 65, 254, 167, 119, 252, 24, 147, 73, 155, 241,
       217, 255, 127, 218, 138, 80, 169, 59, 246, 227, 107, 130, 246,
       210, 207, 232, 225, 196, 217, 163, 65, 202, 254, 80, 122, 237,
       143, 247, 220, 131, 172, 236, 122, 32, 175, 201, 37, 183, 246,
       196, 218, 184, 149, 248, 171, 164, 29, 223, 190, 123, 144, 116,
       188, 183, 96, 203, 231, 115, 125, 144, 243, 77, 155, 243, 217,
       243, 127, 254, 152, 64, 161, 59, 94, 122, 140, 167, 139, 28, 30,
       140, 171, 178, 130, 141, 207, 234, 67, 218, 183, 229, 233, 103,
       76, 65, 155, 32, 185, 231, 79, 63, 168, 119, 11, 26, 152, 108,
       100, 113, 215, 187, 232, 54, 84, 162, 126, 2, 57, 41, 145, 169,
       43, 170, 23, 152, 160, 252, 5, 174, 111, 207, 181, 193, 247, 220,
       80, 138, 98, 188, 239, 178, 207, 237, 176, 199, 155, 87, 144, 159,
       172, 188, 86, 11, 205, 179, 251, 145, 183, 111, 242, 225, 223, 82,
       222, 251, 197, 76, 151, 222, 197, 60, 149, 51, 169, 47, 48, 26,
       255, 251, 35, 92, 222, 114, 65, 155, 133, 70, 108, 30, 181, 116,
       219, 0, 141, 251, 113, 86, 200, 97, 11, 19, 122, 98, 244, 229, 38,
       186, 216, 24, 235, 220, 50, 163, 239, 207, 215, 178, 190, 245,
       181, 245, 142, 240, 174, 221, 138, 251, 235, 135, 103, 167, 79,
       87, 4, 188, 145, 184, 137, 237, 21, 143, 190, 19, 137, 25, 166,
       246, 64, 24, 129, 59, 234, 16, 18, 77, 218, 51, 137, 150, 95, 123,
       144, 80, 135, 178, 0, 161, 136, 183, 221, 169, 164, 111, 26, 177,
       72, 3, 164, 170, 104, 130, 233, 11, 34, 17, 22, 123, 130, 241,
       188, 4, 159, 105, 144, 72, 155, 136, 122, 49, 116, 237, 47, 251,
       216, 24, 203, 232, 127, 171, 143, 157, 214, 166, 134, 189, 245,
       125, 158, 112, 167, 208, 194, 249, 33, 239, 103, 143, 86, 87, 91,
       114, 116, 237, 46, 146, 88, 24, 235, 216, 118, 229, 239, 223, 214,
       246, 150, 189, 181, 237, 206, 196, 167, 221, 130, 249, 169, 134,
       39, 132, 69, 85, 192, 191, 216, 104, 250, 224, 48, 207, 186, 29,
       188, 121, 28, 179, 97, 80, 167, 155, 231, 16, 18, 75, 130, 83,
       122, 165, 39, 239, 144, 112, 175, 3, 102, 123, 99, 12, 114, 132,
       186, 112, 169, 76, 248, 239, 40, 206, 167, 212, 230, 253, 199,
       198, 132, 139, 170, 236, 50, 60, 170, 138, 77, 183, 102, 85, 50,
       40, 114, 88, 119, 153, 248, 64, 123, 32, 224, 138, 42, 200, 21,
       20, 186, 185, 87, 65, 14, 190, 196, 216, 150, 252, 0, 59, 103,
       140, 66, 142, 13, 177, 176, 195, 253, 127, 241, 217, 127, 125, 63,
       62, 206, 125, 218, 172, 191, 137, 254, 60, 151, 112, 251, 214,
       223, 223, 3, 119, 198, 143, 205, 247, 125, 237, 37, 71, 157, 95,
       79, 168, 82, 226, 173, 12, 83, 97, 27, 48, 89, 196, 120, 238, 233,
       114, 249, 63, 111, 207, 197, 116, 235, 251, 82, 112, 126, 177,
       123, 234, 59, 83, 91, 232, 167, 228, 247, 171, 79, 207, 170, 80,
       126, 221, 239, 242, 72, 131, 173, 220, 218, 229, 171, 255, 119,
       175, 38, 115, 41, 229, 57, 43, 156, 207, 199, 189, 86, 65, 237, 8,
       243, 81, 26, 32, 24, 10, 66, 121, 123, 168, 121, 63, 237, 141, 37,
       117, 120, 154, 210, 202, 33, 165, 16, 155, 253, 201, 180, 239,
       206, 121, 57, 56, 148, 184, 110, 36, 203, 10, 82, 17, 23, 56, 90,
       215, 45, 28, 31, 127, 152, 8, 217, 135, 253, 124, 246, 68, 41,
       126, 86, 112, 225, 238, 174, 13, 75, 188, 135, 182, 128, 228, 236,
       110, 205, 167, 245, 136, 243, 249, 65, 55, 99, 255, 78, 119, 55,
       77, 103, 204, 212, 214, 239, 244, 117, 192, 218, 66, 81, 254, 181,
