%YAML:1.0
---
descriptors: !!opencv-matrix
   rows: 150
   cols: 32
   dt: u
   data: [ 212, 201, 150, 151, 129, 6, 36, 199, 60, 19, 194, 16, 6, 162,
       96, 79, 225, 79, 40, 82, 126, 223, 137, 226, 189, 54, 222, 71,
       128, 88, 161, 14, 198, 173, 132, 182, 159, 136, 238, 173, 187,
       176, 17, 139, 237, 234, 92, 71, 163, 99, 121, 211, 98, 72, 142,
       253, 173, 82, 207, 239, 4, 118, 19, 14, 164, 13, 150, 250, 252,
       171, 146, 200, 223, 146, 249, 24, 206, 249, 101, 201, 215, 121,
       111, 114, 48, 103, 10, 190, 138, 222, 69, 126, 208, 235, 1, 131,
       243, 231, 229, 103, 156, 7, 206, 185, 83, 185, 251, 90, 67, 105,
       28, 48, 217, 238, 53, 255, 248, 242, 223, 190, 171, 250, 197, 148,
       109, 187, 210, 4, 77, 176, 189, 101, 105, 92, 113, 184, 232, 249,
       38, 8, 222, 115, 73, 58, 128, 84, 120, 24, 1, 96, 179, 0, 79, 251,
       69, 62, 202, 34, 71, 59, 230, 248, 189, 58, 233, 253, 148, 138,
       219, 94, 33, 57, 174, 252, 71, 59, 133, 115, 241, 83, 102, 110,
       250, 49, 79, 211, 85, 123, 208, 121, 135, 215, 75, 112, 244, 237,
       43, 214, 88, 25, 139, 252, 84, 165, 125, 223, 214, 182, 150, 61,
       181, 236, 198, 84, 182, 217, 67, 249, 169, 175, 46, 164, 78, 119,
       59, 48, 252, 108, 47, 87, 89, 26, 75, 253, 119, 173, 31, 157, 182,
       188, 150, 29, 181, 1, 142, 246, 51, 157, 67, 251, 49, 247, 86,
       140, 92, 119, 62, 176, 252, 245, 55, 158, 216, 184, 123, 221, 52,
       163, 111, 127, 223, 191, 191, 249, 181, 213, 142, 112, 62, 205,
       203, 219, 207, 199, 231, 164, 79, 87, 133, 164, 157, 243, 236,
       169, 169, 27, 94, 51, 49, 88, 159, 225, 216, 43, 167, 11, 110, 24,
       51, 124, 239, 211, 204, 155, 119, 100, 220, 200, 129, 161, 66,
       229, 244, 95, 254, 160, 186, 172, 223, 144, 27, 131, 232, 235, 93,
       98, 151, 119, 123, 223, 150, 97, 143, 255, 46, 62, 143, 254, 23,
       247, 209, 133, 195, 188, 151, 181, 139, 236, 176, 39, 190, 251,
       130, 245, 236, 182, 66, 203, 133, 119, 248, 21, 55, 77, 211, 195,
       141, 54, 95, 82, 136, 76, 141, 95, 3, 73, 46, 186, 77, 151, 252,
       96, 207, 86, 80, 15, 228, 200, 55, 9, 168, 163, 219, 71, 230, 43,
       30, 253, 82, 83, 219, 11, 93, 31, 121, 78, 102, 34, 169, 50, 108,
       105, 185, 138, 155, 119, 25, 185, 197, 237, 91, 10, 159, 21, 243,
       3, 130, 102, 234, 179, 93, 85, 217, 191, 197, 79, 23, 243, 254,
       230, 236, 243, 172, 98, 223, 172, 146, 255, 151, 187, 193, 239,
       219, 75, 93, 214, 237, 247, 56, 71, 239, 178, 238, 247, 239, 253,
       133, 255, 148, 115, 93, 81, 223, 69, 34, 78, 51, 48, 104, 232,
       103, 96, 94, 51, 137, 114, 54, 213, 124, 106, 193, 176, 185, 72,
       215, 169, 35, 6, 106, 163, 35, 51, 232, 152, 145, 190, 9, 205, 17,
       130, 143, 75, 160, 25, 190, 247, 98, 218, 193, 115, 232, 0, 3, 15,
       218, 179, 193, 247, 90, 59, 144, 8, 7, 27, 125, 179, 154, 231,
       176, 14, 90, 253, 43, 41, 255, 77, 255, 251, 74, 80, 156, 207,
       124, 126, 223, 186, 217, 53, 251, 253, 37, 228, 74, 130, 202, 131,
       240, 72, 207, 252, 12, 10, 109, 188, 169, 178, 178, 90, 123, 99,
       133, 91, 106, 229, 108, 234, 105, 71, 203, 232, 209, 170, 255, 24,
       37, 241, 114, 40, 250, 184, 174, 210, 139, 253, 144, 135, 155, 95,
       150, 63, 170, 188, 86, 43, 237, 179, 253, 145, 190, 111, 242, 227,
       219, 115, 220, 251, 199, 76, 214, 95, 75, 54, 231, 37, 34, 30, 56,
       55, 40, 207, 86, 245, 221, 38, 138, 210, 182, 85, 253, 133, 133,
       212, 165, 65, 70, 119, 126, 128, 10, 164, 171, 89, 26, 112, 124,
       229, 39, 222, 216, 24, 235, 244, 52, 163, 111, 223, 86, 54, 190,
       189, 181, 253, 142, 240, 182, 221, 195, 217, 137, 167, 103, 164,
       79, 87, 61, 244, 149, 234, 189, 111, 82, 216, 59, 186, 177, 72,
       223, 115, 73, 183, 221, 209, 92, 122, 43, 99, 219, 178, 187, 221,
       5, 126, 218, 251, 66, 51, 196, 233, 150, 151, 133, 0, 38, 229, 58,
       147, 130, 82, 228, 226, 72, 79, 225, 78, 42, 211, 106, 221, 139,
       227, 189, 50, 223, 66, 128, 120, 161, 142, 194, 169, 4, 190, 207,
       137, 238, 172, 187, 144, 1, 27, 236, 234, 88, 67, 179, 235, 121,
       227, 114, 68, 138, 255, 189, 18, 207, 187, 4, 51, 147, 6, 74, 112,
       124, 237, 47, 210, 88, 24, 171, 236, 117, 163, 13, 159, 214, 182,
       134, 189, 181, 237, 198, 212, 167, 209, 195, 249, 169, 175, 39,
       134, 94, 87, 164, 13, 150, 250, 189, 43, 146, 202, 223, 146, 185,
       24, 206, 233, 109, 207, 211, 127, 110, 114, 48, 103, 74, 254, 136,
       218, 71, 127, 212, 107, 1, 133, 53, 249, 147, 46, 61, 141, 71,
       248, 235, 232, 168, 72, 222, 242, 73, 54, 144, 97, 124, 110, 201,
       35, 122, 32, 185, 220, 7, 62, 64, 59, 67, 101, 201, 174, 151, 248,
       172, 156, 252, 191, 190, 27, 48, 112, 191, 242, 232, 239, 135, 83,
       126, 25, 243, 109, 138, 245, 136, 219, 127, 206, 138, 64, 171, 41,
       34, 32, 245, 229, 100, 8, 248, 0, 105, 145, 50, 203, 141, 11, 85,
       58, 174, 149, 95, 157, 138, 240, 193, 192, 143, 216, 154, 130,
       197, 161, 67, 140, 205, 110, 156, 53, 40, 47, 64, 158, 127, 186,
       50, 125, 215, 33, 209, 27, 133, 68, 108, 126, 169, 244, 201, 46,
       204, 251, 117, 20, 200, 241, 74, 1, 253, 119, 157, 224, 168, 15,
       86, 184, 59, 186, 177, 104, 223, 123, 73, 179, 149, 213, 125, 114,
       233, 67, 219, 184, 251, 219, 101, 190, 200, 243, 194, 19, 195,
       190, 151, 216, 252, 172, 184, 223, 191, 155, 56, 112, 156, 255,
       228, 222, 135, 27, 127, 17, 179, 77, 138, 211, 140, 218, 127, 238,
       152, 64, 161, 169, 182, 116, 237, 180, 139, 103, 159, 251, 146,
       242, 148, 191, 84, 127, 73, 43, 95, 213, 253, 167, 249, 71, 123,
       178, 249, 131, 237, 190, 189, 125, 180, 243, 137, 156, 19, 249,
       48, 174, 41, 23, 62, 11, 82, 116, 189, 147, 160, 228, 167, 59, 22,
       24, 179, 156, 17, 87, 205, 255, 58, 192, 26, 128, 161, 185, 83,
       23, 109, 37, 178, 10, 255, 61, 57, 226, 123, 239, 223, 44, 158,
       48, 54, 197, 125, 173, 253, 176, 101, 206, 166, 126, 105, 148,
       109, 230, 131, 85, 87, 55, 111, 197, 118, 62, 239, 57, 121, 230,
       223, 142, 89, 46, 159, 32, 62, 197, 95, 175, 225, 176, 181, 206,
       118, 47, 139, 132, 45, 226, 83, 244, 75, 248, 54, 244, 97, 220,
       249, 119, 189, 93, 118, 53, 172, 223, 182, 244, 167, 191, 255,
       133, 199, 217, 178, 245, 223, 123, 122, 195, 78, 132, 175, 127,
       246, 124, 237, 247, 142, 103, 159, 191, 22, 250, 158, 255, 211,
       63, 193, 43, 79, 215, 253, 163, 249, 71, 255, 162, 249, 195, 253,
       180, 173, 121, 148, 115, 69, 166, 157, 37, 172, 46, 109, 63, 106,
       183, 171, 92, 215, 32, 216, 90, 147, 6, 124, 60, 220, 244, 205, 2,
       204, 190, 117, 84, 196, 242, 209, 0, 93, 32, 156, 167, 160, 46,
       107, 16, 104, 170, 131, 80, 223, 51, 73, 122, 151, 197, 125, 63,
       153, 208, 201, 0, 204, 251, 107, 148, 136, 227, 11, 33, 73, 170,
       158, 248, 168, 188, 124, 255, 255, 31, 150, 116, 174, 178, 226,
       235, 167, 67, 108, 28, 247, 77, 171, 241, 136, 251, 127, 220, 152,
       64, 171, 9, 226, 184, 171, 248, 205, 237, 177, 199, 187, 95, 144,
       157, 174, 252, 118, 11, 205, 179, 255, 17, 150, 111, 178, 243,
       219, 50, 222, 251, 221, 76, 151, 95, 13, 164, 217, 241, 236, 169,
       233, 159, 110, 115, 61, 88, 157, 225, 216, 42, 171, 11, 126, 24,
       147, 124, 235, 211, 204, 223, 127, 252, 220, 200, 193, 161, 90,
       48, 117, 233, 47, 127, 89, 25, 207, 236, 119, 171, 15, 157, 214,
       172, 134, 157, 245, 185, 152, 36, 183, 208, 195, 249, 128, 191,
       119, 135, 84, 119, 26, 112, 116, 237, 47, 119, 216, 24, 139, 228,
       116, 163, 15, 159, 87, 30, 166, 189, 245, 229, 140, 176, 183, 208,
       195, 249, 137, 171, 103, 135, 78, 87, 90, 96, 124, 237, 47, 86,
       88, 24, 235, 228, 119, 131, 11, 159, 86, 146, 166, 189, 181, 231,
       204, 180, 166, 208, 131, 249, 139, 171, 39, 134, 94, 87, 96, 188,
       26, 122, 89, 205, 18, 67, 139, 201, 232, 12, 190, 215, 32, 80,
