%YAML:1.0
---
descriptors: !!opencv-matrix
   rows: 119
   cols: 32
   dt: u
   data: [ 70, 173, 132, 190, 191, 169, 190, 171, 187, 145, 25, 139, 237,
       235, 89, 71, 163, 115, 121, 211, 50, 65, 138, 253, 173, 80, 143,
       255, 148, 119, 19, 6, 243, 198, 225, 198, 94, 2, 206, 120, 17,
       162, 187, 202, 121, 107, 156, 32, 127, 213, 87, 239, 169, 227, 77,
       238, 56, 46, 175, 180, 109, 235, 242, 49, 10, 176, 252, 117, 53,
       222, 217, 56, 251, 220, 54, 161, 107, 255, 215, 63, 151, 245, 181,
       156, 142, 224, 190, 221, 203, 251, 193, 135, 103, 164, 78, 119,
       38, 161, 144, 131, 253, 109, 184, 105, 31, 49, 57, 27, 204, 120,
       76, 136, 187, 27, 235, 17, 18, 120, 91, 208, 29, 20, 31, 127, 212,
       10, 135, 131, 53, 207, 197, 190, 156, 15, 70, 168, 83, 187, 185,
       94, 67, 104, 93, 25, 217, 206, 36, 126, 59, 102, 75, 191, 185,
       158, 197, 124, 217, 250, 210, 0, 164, 4, 150, 252, 253, 171, 82,
       232, 223, 146, 97, 25, 206, 233, 117, 205, 211, 105, 107, 115, 48,
       103, 74, 158, 138, 254, 71, 127, 212, 235, 89, 128, 75, 112, 124,
       109, 43, 215, 89, 24, 143, 252, 86, 165, 221, 223, 214, 246, 150,
       61, 181, 108, 198, 68, 183, 145, 67, 249, 41, 175, 54, 132, 13,
       115, 107, 48, 247, 228, 45, 95, 217, 27, 91, 237, 53, 169, 79,
       189, 150, 61, 150, 53, 245, 37, 140, 225, 182, 221, 203, 123, 113,
       247, 70, 132, 86, 119, 254, 155, 54, 238, 249, 87, 22, 252, 157,
       76, 244, 173, 110, 223, 175, 209, 222, 213, 239, 98, 104, 47, 90,
       190, 251, 243, 68, 219, 82, 158, 230, 123, 126, 204, 250, 242,
       247, 88, 254, 228, 57, 7, 182, 27, 79, 62, 31, 91, 235, 215, 159,
       131, 124, 187, 200, 234, 255, 255, 222, 211, 231, 254, 254, 79,
       246, 80, 150, 140, 77, 70, 86, 232, 185, 142, 163, 11, 78, 254,
       47, 95, 248, 245, 237, 227, 108, 71, 155, 202, 145, 178, 207, 31,
       0, 63, 60, 70, 200, 152, 29, 190, 41, 205, 21, 174, 142, 95, 160,
       25, 190, 179, 2, 91, 133, 115, 233, 0, 99, 77, 219, 53, 193, 243,
       90, 59, 24, 9, 129, 91, 195, 184, 151, 149, 139, 252, 177, 39,
       190, 247, 130, 180, 252, 182, 70, 235, 133, 119, 250, 17, 55, 77,
       243, 65, 141, 50, 90, 82, 136, 68, 133, 95, 245, 237, 200, 234,
       236, 97, 206, 236, 195, 146, 189, 170, 83, 225, 249, 2, 89, 194,
       78, 250, 123, 103, 206, 162, 248, 201, 133, 61, 221, 251, 250, 0,
       93, 66, 216, 167, 34, 46, 107, 24, 56, 170, 211, 229, 223, 35,
       217, 90, 118, 205, 125, 239, 168, 212, 205, 10, 196, 233, 107,
       132, 172, 243, 35, 33, 49, 252, 8, 47, 29, 143, 195, 252, 86, 104,
       160, 12, 243, 73, 16, 1, 216, 204, 106, 99, 235, 111, 217, 61,
       245, 135, 129, 56, 89, 58, 80, 26, 118, 200, 248, 182, 119, 72,
       248, 224, 57, 29, 182, 11, 110, 110, 31, 91, 251, 209, 159, 193,
       44, 251, 72, 237, 223, 255, 222, 211, 229, 44, 126, 79, 74, 49,
       119, 236, 45, 127, 217, 24, 203, 252, 119, 169, 11, 221, 214, 174,
       134, 189, 245, 157, 150, 96, 179, 209, 3, 249, 1, 255, 71, 135,
       86, 119, 90, 112, 116, 237, 47, 246, 89, 24, 235, 220, 118, 163,
       75, 223, 215, 62, 166, 189, 245, 189, 142, 96, 167, 209, 195, 249,
       129, 143, 103, 133, 70, 119, 75, 112, 124, 237, 47, 215, 89, 24,
       143, 236, 86, 161, 141, 159, 214, 118, 134, 61, 245, 238, 196, 4,
       167, 208, 195, 249, 169, 175, 54, 135, 77, 87, 172, 238, 196, 247,
       205, 15, 70, 184, 83, 187, 176, 92, 195, 105, 93, 158, 217, 206,
       100, 122, 95, 116, 219, 178, 47, 223, 197, 116, 251, 251, 216,
       128, 228, 44, 150, 190, 189, 171, 210, 200, 223, 146, 161, 25,
       207, 232, 109, 219, 211, 101, 110, 115, 52, 103, 202, 190, 136,
       246, 71, 127, 208, 107, 73, 134, 108, 232, 203, 100, 112, 74, 119,
       180, 160, 224, 174, 9, 83, 183, 65, 50, 0, 244, 125, 74, 72, 218,
       241, 42, 255, 173, 101, 16, 98, 178, 70, 106, 238, 217, 118, 238,
       233, 7, 30, 232, 157, 130, 240, 169, 110, 223, 44, 215, 222, 85,
       255, 102, 120, 143, 90, 190, 243, 243, 69, 223, 82, 174, 46, 211,
       93, 81, 223, 101, 34, 78, 55, 56, 104, 104, 103, 96, 94, 51, 137,
       114, 54, 213, 124, 106, 65, 145, 185, 72, 215, 171, 98, 6, 106,
       163, 35, 35, 201, 167, 151, 249, 172, 140, 168, 175, 255, 27, 50,
       112, 175, 242, 252, 255, 167, 59, 126, 25, 243, 109, 138, 243,
       140, 251, 127, 238, 138, 64, 195, 173, 201, 174, 158, 249, 168,
       188, 56, 191, 254, 31, 182, 116, 143, 226, 226, 235, 135, 71, 110,
       28, 247, 109, 171, 247, 138, 251, 127, 222, 152, 192, 171, 45,
       226, 184, 235, 250, 205, 237, 177, 199, 187, 87, 144, 191, 172,
       252, 118, 11, 205, 179, 251, 145, 150, 111, 178, 241, 219, 50,
       222, 251, 213, 76, 183, 95, 122, 192, 244, 180, 87, 206, 249, 96,
       43, 148, 178, 3, 110, 79, 14, 82, 254, 241, 183, 209, 14, 247, 80,
       205, 223, 250, 203, 135, 103, 44, 118, 66, 122, 49, 117, 237, 47,
       223, 216, 24, 203, 232, 117, 11, 143, 157, 84, 166, 174, 189, 245,
       241, 158, 48, 182, 208, 195, 249, 137, 239, 103, 143, 95, 119, 90,
       112, 113, 104, 47, 119, 89, 24, 239, 236, 127, 163, 15, 159, 215,
       190, 134, 157, 245, 253, 132, 32, 167, 208, 67, 249, 128, 171,
       119, 151, 71, 119, 90, 112, 116, 237, 47, 87, 88, 24, 207, 100,
       118, 163, 13, 159, 214, 118, 166, 157, 245, 239, 204, 4, 183, 208,
       195, 249, 136, 171, 55, 151, 76, 87, 110, 174, 231, 158, 255, 177,
       110, 255, 159, 159, 93, 254, 104, 225, 252, 141, 127, 234, 179,
       156, 179, 126, 46, 247, 30, 94, 213, 234, 151, 236, 252, 109, 48,
       175, 26, 205, 85, 223, 230, 103, 94, 9, 248, 74, 34, 184, 36, 0,
       216, 170, 6, 0, 90, 186, 64, 191, 179, 148, 18, 51, 89, 10, 254,
       142, 74, 188, 150, 152, 185, 253, 176, 199, 175, 29, 172, 17, 172,
       190, 102, 220, 227, 59, 235, 17, 22, 75, 146, 243, 159, 20, 30,
       123, 146, 68, 175, 207, 48, 95, 30, 172, 28, 143, 199, 238, 68,
       140, 184, 102, 243, 88, 35, 64, 216, 226, 78, 97, 76, 171, 65, 61,
       241, 133, 167, 17, 120, 26, 116, 10, 93, 96, 156, 165, 32, 46, 75,
       24, 32, 162, 135, 4, 215, 35, 91, 90, 118, 197, 124, 239, 136,
       212, 205, 8, 192, 235, 107, 148, 172, 243, 43, 0, 76, 177, 28,
       161, 169, 77, 25, 159, 171, 121, 177, 125, 222, 23, 72, 154, 135,
       23, 253, 48, 19, 73, 217, 80, 201, 209, 127, 246, 136, 0, 135, 19,
       13, 160, 217, 243, 236, 169, 233, 27, 110, 51, 63, 218, 157, 161,
       216, 42, 47, 11, 110, 28, 147, 124, 239, 209, 204, 223, 119, 228,
       220, 200, 193, 161, 224, 189, 26, 122, 89, 229, 82, 66, 169, 201,
       232, 12, 54, 211, 36, 48, 216, 187, 200, 48, 59, 43, 210, 46, 251,
       253, 4, 123, 216, 10, 106, 19, 6, 181, 18, 131, 221, 111, 178,
       201, 63, 189, 187, 27, 206, 220, 78, 12, 187, 157, 239, 51, 22,
       115, 153, 214, 157, 20, 11, 119, 197, 15, 143, 198, 108, 235, 196,
       119, 141, 13, 198, 188, 211, 184, 183, 77, 195, 105, 93, 135, 217,
       70, 108, 94, 238, 96, 219, 176, 111, 218, 197, 124, 202, 255, 216,
       128, 90, 176, 188, 241, 15, 79, 120, 27, 62, 59, 146, 90, 159, 59,
       88, 74, 185, 149, 125, 177, 58, 92, 209, 147, 223, 239, 251, 247,
       176, 8, 81, 3, 73, 79, 127, 101, 164, 14, 111, 53, 109, 168, 126,
       108, 255, 35, 145, 112, 22, 228, 108, 110, 193, 176, 229, 12, 230,
       253, 39, 128, 72, 242, 194, 41, 127, 91, 96, 133, 55, 26, 238,
       184, 65, 224, 222, 230, 75, 104, 159, 228, 62, 196, 188, 239, 205,
       176, 237, 172, 38, 109, 165, 148, 47, 191, 88, 85, 109, 98, 237,
       101, 36, 27, 75, 152, 123, 232, 183, 236, 211, 105, 217, 58, 24,
       196, 108, 126, 137, 240, 233, 40, 198, 255, 229, 180, 206, 251,
       82, 97, 57, 75, 107, 101, 118, 10, 111, 244, 117, 232, 246, 230,
       115, 3, 145, 112, 126, 236, 22, 238, 201, 178, 101, 46, 246, 237,
       160, 128, 109, 187, 112, 185, 11, 156, 188, 249, 245, 189, 248,
       151, 127, 91, 126, 53, 189, 62, 22, 104, 135, 51, 191, 21, 182,
