%YAML:1.0
---
descriptors: !!opencv-matrix
   rows: 218
   cols: 32
   dt: u
   data: [ 66, 243, 148, 18, 168, 136, 164, 175, 234, 181, 168, 236, 166,
       128, 76, 22, 131, 87, 104, 17, 82, 105, 219, 97, 156, 16, 95, 127,
       192, 16, 135, 12, 5, 205, 134, 151, 213, 155, 166, 232, 222, 178,
       67, 2, 224, 224, 43, 103, 121, 110, 42, 110, 100, 208, 15, 125,
       44, 38, 207, 4, 144, 123, 49, 132, 70, 235, 133, 159, 9, 192, 162,
       168, 190, 148, 67, 7, 228, 226, 77, 66, 241, 111, 106, 195, 6, 64,
       203, 121, 140, 34, 207, 47, 128, 35, 45, 134, 109, 176, 181, 243,
       237, 173, 249, 155, 59, 119, 181, 92, 159, 123, 76, 31, 205, 139,
       127, 28, 147, 106, 251, 209, 207, 218, 95, 124, 218, 200, 211,
       240, 100, 140, 131, 158, 222, 131, 166, 235, 22, 162, 104, 90, 96,
       224, 41, 80, 121, 238, 34, 42, 112, 75, 10, 63, 60, 166, 215, 108,
       177, 120, 49, 128, 195, 137, 119, 211, 188, 141, 233, 179, 255,
       49, 182, 90, 255, 235, 244, 231, 107, 231, 127, 220, 179, 121,
       111, 245, 158, 218, 255, 244, 150, 137, 209, 40, 16, 81, 107, 236,
       86, 199, 107, 116, 4, 200, 211, 226, 81, 223, 177, 96, 126, 188,
       23, 234, 201, 147, 49, 92, 241, 172, 171, 128, 61, 187, 116, 241,
       84, 188, 221, 247, 246, 75, 239, 254, 63, 254, 183, 190, 255, 111,
       136, 75, 127, 231, 110, 250, 121, 251, 237, 239, 252, 175, 247,
       212, 229, 251, 199, 57, 107, 180, 249, 255, 121, 244, 185, 223,
       171, 91, 189, 121, 188, 255, 206, 50, 207, 27, 255, 129, 135, 75,
       234, 209, 71, 253, 186, 190, 150, 214, 199, 255, 179, 71, 239,
       245, 230, 42, 237, 127, 125, 235, 250, 246, 219, 42, 148, 123,
       127, 199, 127, 173, 185, 244, 101, 202, 180, 251, 255, 132, 237,
       248, 241, 161, 72, 221, 190, 126, 137, 220, 23, 166, 255, 157,
       142, 8, 238, 246, 99, 246, 193, 118, 232, 82, 94, 75, 250, 34,
       235, 247, 86, 95, 194, 92, 173, 46, 42, 239, 99, 159, 254, 217,
       255, 255, 95, 76, 124, 162, 169, 220, 178, 100, 122, 234, 183,
       209, 222, 186, 111, 191, 126, 205, 175, 235, 55, 156, 244, 205,
       79, 191, 252, 247, 252, 189, 254, 191, 235, 123, 156, 237, 253,
       255, 223, 62, 143, 247, 255, 223, 211, 75, 235, 241, 254, 223,
       255, 250, 142, 247, 211, 125, 75, 190, 253, 247, 188, 156, 121,
       182, 255, 127, 30, 245, 189, 255, 214, 127, 135, 115, 253, 29,
       247, 72, 239, 243, 206, 223, 127, 226, 142, 196, 7, 125, 75, 178,
       189, 188, 41, 253, 25, 27, 191, 93, 180, 125, 190, 222, 198, 190,
       135, 51, 255, 21, 135, 75, 242, 213, 207, 223, 122, 187, 30, 132,
       15, 127, 40, 141, 59, 255, 87, 247, 243, 103, 29, 69, 108, 2, 63,
       191, 34, 96, 248, 59, 147, 8, 18, 184, 48, 191, 103, 239, 18, 65,
       115, 8, 228, 234, 245, 143, 205, 151, 246, 34, 111, 191, 18, 234,
       91, 246, 113, 97, 153, 80, 117, 198, 53, 238, 249, 212, 77, 63,
       108, 46, 237, 132, 173, 251, 208, 121, 130, 174, 146, 27, 219,
       161, 177, 207, 63, 21, 108, 177, 172, 195, 110, 20, 239, 59, 131,
       144, 18, 88, 138, 247, 77, 20, 26, 107, 210, 4, 175, 142, 138,
       238, 26, 155, 241, 145, 184, 207, 30, 25, 124, 247, 172, 203, 98,
       128, 255, 43, 131, 148, 54, 30, 66, 243, 110, 21, 158, 235, 155,
       12, 171, 155, 181, 117, 109, 103, 172, 79, 199, 248, 68, 232, 189,
       238, 83, 113, 157, 35, 26, 196, 92, 106, 201, 163, 125, 44, 242,
       201, 229, 180, 109, 251, 210, 241, 138, 137, 22, 155, 93, 217,
       176, 103, 223, 81, 64, 19, 172, 216, 38, 229, 200, 59, 154, 17,
       54, 107, 66, 245, 15, 83, 26, 107, 18, 12, 157, 142, 253, 237,
       126, 103, 174, 251, 223, 248, 23, 230, 255, 139, 115, 237, 219,
       48, 95, 254, 127, 110, 252, 242, 253, 190, 126, 239, 101, 81, 231,
       251, 242, 64, 244, 242, 136, 162, 172, 43, 86, 216, 19, 250, 145,
       253, 215, 73, 91, 26, 159, 205, 109, 119, 47, 102, 203, 50, 216,
       211, 109, 188, 253, 123, 26, 147, 239, 82, 249, 112, 32, 140, 93,
       25, 59, 204, 182, 237, 255, 221, 215, 185, 150, 181, 253, 85, 207,
       101, 243, 64, 146, 123, 117, 150, 78, 180, 10, 93, 63, 247, 224,
       70, 211, 95, 87, 252, 3, 236, 61, 175, 91, 125, 223, 180, 62, 220,
       213, 126, 201, 50, 253, 156, 127, 77, 37, 181, 103, 255, 94, 119,
       22, 95, 123, 135, 114, 2, 111, 240, 124, 136, 123, 230, 85, 238,
       189, 112, 126, 253, 23, 239, 193, 145, 12, 110, 52, 44, 39, 132,
       37, 179, 33, 161, 124, 155, 220, 117, 177, 90, 112, 159, 115, 185,
       54, 32, 75, 123, 68, 154, 41, 214, 237, 208, 24, 248, 139, 33,
       239, 255, 117, 71, 227, 160, 236, 11, 149, 85, 91, 167, 22, 78,
       239, 56, 52, 224, 91, 198, 213, 119, 153, 96, 118, 205, 52, 239,
       225, 144, 61, 14, 228, 172, 171, 132, 45, 179, 33, 240, 53, 66,
       233, 108, 76, 3, 75, 88, 83, 162, 245, 206, 83, 65, 217, 42, 120,
       204, 38, 238, 137, 39, 239, 25, 208, 233, 225, 60, 125, 187, 114,
       160, 11, 222, 181, 69, 49, 94, 187, 182, 105, 77, 126, 228, 188,
       62, 150, 230, 166, 125, 150, 77, 197, 184, 181, 237, 46, 125, 38,
       130, 78, 181, 47, 253, 117, 119, 233, 229, 164, 6, 79, 184, 64,
       232, 158, 206, 83, 101, 217, 115, 94, 196, 92, 238, 201, 131, 253,
       40, 240, 169, 229, 180, 45, 251, 82, 113, 10, 156, 187, 223, 215,
       241, 191, 231, 159, 71, 92, 179, 188, 255, 38, 100, 255, 123, 147,
       129, 51, 152, 58, 255, 111, 119, 158, 139, 150, 76, 181, 251, 10,
       173, 42, 187, 247, 241, 190, 231, 31, 71, 92, 163, 172, 237, 34,
       128, 239, 123, 147, 145, 86, 152, 42, 255, 239, 87, 158, 235, 22,
       76, 189, 218, 125, 48, 233, 227, 205, 63, 202, 152, 75, 251, 181,
       94, 219, 79, 93, 186, 221, 196, 125, 62, 155, 102, 251, 144, 223,
       221, 197, 124, 243, 235, 82, 176, 5, 192, 134, 159, 28, 131, 162,
       232, 246, 176, 67, 2, 224, 224, 41, 66, 121, 108, 42, 103, 36,
       209, 143, 93, 13, 34, 207, 4, 0, 43, 49, 132, 36, 233, 134, 30,
       88, 131, 162, 232, 214, 176, 97, 8, 96, 225, 41, 85, 89, 110, 34,
       106, 98, 242, 202, 63, 60, 38, 71, 45, 208, 42, 34, 128, 32, 32,
       198, 156, 92, 3, 161, 72, 22, 160, 97, 10, 112, 192, 33, 80, 88,
       236, 98, 104, 66, 243, 203, 29, 28, 34, 193, 44, 81, 42, 112, 160,
       49, 65, 99, 76, 84, 3, 195, 120, 84, 64, 251, 70, 83, 200, 181,
       96, 120, 172, 22, 111, 201, 179, 5, 28, 48, 44, 161, 4, 125, 171,
       112, 132, 4, 168, 134, 159, 212, 131, 162, 235, 54, 147, 66, 2,
       228, 226, 104, 65, 121, 110, 34, 16, 34, 216, 11, 127, 12, 38, 95,
       76, 144, 40, 49, 138, 43, 223, 106, 158, 255, 151, 158, 254, 31,
       108, 220, 167, 44, 236, 55, 196, 223, 251, 151, 71, 230, 59, 126,
       255, 122, 95, 158, 187, 31, 31, 120, 223, 57, 134, 221, 101, 48,
       10, 103, 184, 116, 174, 126, 228, 211, 35, 129, 112, 63, 204, 108,
       46, 168, 240, 109, 15, 236, 239, 37, 4, 97, 162, 70, 225, 2, 32,
       102, 137, 78, 137, 168, 65, 238, 49, 210, 131, 136, 138, 116, 106,
       238, 157, 123, 149, 130, 187, 199, 209, 20, 40, 154, 192, 69, 8,
       33, 140, 220, 82, 107, 229, 54, 66, 91, 48, 36, 44, 211, 163, 215,
       7, 41, 64, 126, 149, 29, 227, 72, 149, 113, 142, 241, 229, 170,
       144, 37, 171, 52, 115, 249, 134, 231, 247, 238, 42, 237, 255, 125,
       243, 255, 246, 91, 42, 156, 123, 127, 199, 127, 173, 249, 255,
       237, 194, 254, 238, 254, 196, 237, 248, 241, 169, 82, 169, 178,
       152, 139, 224, 177, 71, 175, 21, 136, 187, 172, 158, 98, 80, 163,
       51, 235, 145, 18, 11, 130, 241, 185, 52, 30, 235, 128, 68, 167,
       75, 221, 74, 255, 119, 42, 26, 239, 56, 252, 190, 247, 240, 255,
       103, 145, 107, 38, 117, 125, 110, 224, 245, 237, 40, 224, 235,
       111, 144, 102, 241, 5, 105, 79, 175, 253, 247, 252, 184, 238, 183,
       239, 249, 190, 230, 253, 111, 215, 98, 239, 199, 127, 95, 211,
       120, 239, 225, 238, 255, 239, 244, 142, 252, 211, 249, 9, 243,
       179, 219, 253, 149, 248, 223, 223, 81, 120, 70, 188, 206, 124,
