%YAML:1.0
---
descriptors: !!opencv-matrix
   rows: 193
   cols: 32
   dt: u
   data: [ 94, 83, 245, 228, 161, 22, 95, 184, 121, 204, 159, 161, 89,
       127, 159, 118, 246, 213, 189, 239, 204, 193, 173, 200, 115, 251,
       238, 149, 39, 247, 244, 115, 55, 105, 137, 201, 140, 5, 206, 216,
       86, 176, 132, 206, 131, 192, 121, 40, 92, 200, 2, 254, 203, 114,
       254, 176, 161, 128, 143, 60, 189, 251, 216, 164, 81, 205, 95, 109,
       50, 14, 111, 180, 100, 0, 106, 96, 119, 51, 128, 114, 54, 228,
       108, 106, 201, 184, 5, 45, 224, 175, 36, 0, 40, 242, 64, 41, 10,
       144, 20, 155, 109, 221, 184, 72, 142, 29, 81, 17, 172, 158, 98,
       204, 206, 25, 171, 17, 6, 14, 82, 241, 7, 16, 154, 235, 22, 13,
       13, 207, 212, 180, 157, 177, 168, 108, 17, 31, 186, 255, 163, 57,
       215, 55, 72, 91, 135, 151, 109, 16, 58, 69, 219, 2, 201, 195, 117,
       117, 160, 64, 135, 115, 181, 239, 79, 255, 150, 143, 111, 253,
       118, 106, 210, 198, 243, 227, 153, 113, 127, 238, 62, 238, 235,
       216, 77, 63, 252, 175, 167, 192, 45, 187, 240, 169, 212, 65, 143,
       7, 8, 10, 38, 32, 36, 178, 227, 72, 211, 99, 9, 83, 104, 196, 106,
       234, 105, 209, 219, 40, 180, 162, 71, 0, 40, 51, 33, 0, 81, 151,
       21, 101, 176, 46, 71, 191, 100, 168, 170, 68, 215, 51, 136, 112,
       20, 70, 108, 40, 185, 168, 81, 15, 233, 174, 37, 84, 104, 194,
       194, 41, 194, 188, 148, 186, 137, 249, 16, 135, 187, 55, 136, 25,
       174, 246, 66, 155, 129, 115, 233, 17, 54, 79, 218, 115, 137, 83,
       95, 123, 144, 68, 143, 31, 155, 150, 235, 193, 242, 54, 185, 95,
       63, 107, 86, 246, 29, 15, 172, 104, 119, 159, 31, 180, 179, 148,
       53, 214, 94, 79, 186, 196, 191, 128, 161, 113, 255, 181, 112, 110,
       189, 125, 86, 121, 201, 206, 189, 61, 74, 253, 78, 183, 157, 147,
       213, 34, 252, 35, 58, 138, 123, 221, 5, 191, 211, 110, 206, 119,
       110, 91, 107, 174, 123, 212, 222, 112, 137, 204, 156, 231, 44,
       223, 55, 83, 238, 241, 223, 231, 205, 3, 178, 237, 115, 121, 170,
       155, 31, 183, 63, 219, 184, 252, 88, 60, 91, 69, 83, 232, 19, 34,
       160, 27, 119, 91, 41, 17, 218, 217, 67, 226, 106, 39, 90, 63, 243,
       201, 1, 63, 113, 57, 102, 138, 189, 77, 97, 71, 84, 91, 231, 240,
       117, 228, 104, 6, 115, 69, 149, 164, 120, 232, 2, 106, 105, 176,
       124, 46, 37, 140, 5, 0, 99, 251, 70, 252, 206, 124, 156, 180, 107,
       120, 185, 74, 187, 254, 182, 57, 172, 254, 71, 219, 163, 117, 255,
       19, 36, 71, 234, 224, 213, 115, 95, 187, 130, 117, 47, 211, 180,
       85, 109, 91, 84, 75, 199, 104, 85, 118, 231, 154, 83, 85, 156, 37,
       88, 152, 82, 106, 105, 246, 125, 31, 117, 138, 193, 20, 119, 185,
       86, 240, 188, 4, 122, 228, 214, 99, 85, 99, 21, 162, 251, 179, 83,
       61, 33, 9, 123, 151, 23, 162, 40, 247, 65, 142, 115, 235, 176, 5,
       101, 232, 228, 146, 3, 153, 67, 159, 118, 183, 106, 114, 60, 73,
       91, 199, 253, 198, 176, 228, 126, 43, 22, 221, 151, 152, 21, 255,
       36, 60, 186, 192, 28, 135, 57, 221, 222, 62, 182, 84, 169, 124,
       28, 135, 187, 255, 166, 61, 78, 191, 71, 223, 167, 215, 253, 145,
       60, 79, 178, 192, 155, 114, 95, 255, 130, 117, 175, 87, 222, 94,
       246, 252, 171, 116, 93, 18, 185, 222, 150, 53, 111, 63, 7, 223,
       231, 247, 253, 7, 172, 69, 163, 226, 211, 243, 222, 147, 166, 117,
       44, 95, 222, 249, 63, 158, 139, 88, 53, 237, 173, 222, 166, 57,
       254, 222, 110, 115, 226, 245, 255, 227, 101, 71, 170, 253, 241,
       51, 79, 59, 2, 52, 167, 95, 89, 134, 127, 109, 118, 42, 233, 123,
       120, 3, 127, 246, 95, 41, 184, 96, 55, 135, 116, 173, 177, 185,
       37, 78, 254, 239, 34, 196, 239, 162, 227, 161, 20, 253, 154, 159,
       228, 243, 182, 230, 126, 207, 222, 39, 236, 250, 39, 65, 249, 239,
       174, 194, 124, 251, 59, 239, 255, 183, 215, 3, 133, 123, 189, 223,
       42, 142, 106, 190, 247, 243, 187, 103, 159, 77, 92, 163, 104, 237,
       54, 64, 255, 187, 151, 129, 54, 187, 42, 255, 127, 119, 142, 203,
       151, 78, 181, 251, 234, 184, 254, 90, 235, 249, 176, 207, 187, 91,
       180, 56, 44, 254, 110, 185, 255, 251, 234, 144, 54, 111, 202, 243,
       31, 83, 87, 123, 211, 68, 175, 143, 246, 121, 224, 78, 205, 85,
       214, 206, 203, 244, 188, 11, 42, 156, 119, 183, 200, 243, 211, 67,
       204, 107, 186, 240, 51, 88, 197, 59, 87, 127, 126, 222, 53, 46,
       203, 211, 84, 163, 107, 208, 118, 162, 121, 198, 81, 195, 249, 88,
       123, 236, 6, 222, 9, 178, 76, 242, 28, 142, 163, 36, 173, 251,
       114, 160, 145, 205, 83, 109, 52, 10, 111, 55, 116, 2, 74, 68, 243,
       35, 144, 112, 114, 110, 12, 108, 233, 156, 69, 15, 164, 174, 34,
       0, 44, 178, 208, 40, 5, 129, 150, 193, 198, 170, 161, 129, 110,
       49, 99, 82, 213, 2, 136, 202, 107, 12, 106, 24, 19, 176, 77, 4,
       12, 160, 114, 68, 232, 11, 193, 160, 7, 247, 227, 161, 215, 34,
       174, 199, 63, 241, 90, 247, 141, 46, 252, 196, 55, 79, 55, 149,
       151, 152, 45, 226, 172, 86, 159, 198, 173, 86, 177, 221, 241, 75,
       106, 20, 164, 24, 68, 228, 249, 222, 178, 47, 34, 168, 215, 123,
       226, 228, 108, 71, 236, 239, 166, 96, 18, 40, 100, 187, 101, 181,
       122, 79, 144, 141, 22, 187, 150, 163, 162, 73, 22, 1, 219, 18, 97,
       195, 32, 64, 120, 170, 42, 176, 58, 187, 11, 255, 184, 166, 170,
       72, 53, 10, 176, 136, 116, 73, 22, 174, 29, 10, 70, 236, 37, 0,
       170, 3, 71, 67, 41, 80, 248, 196, 104, 226, 72, 163, 89, 172, 177,
       228, 143, 23, 49, 59, 240, 2, 237, 35, 33, 5, 77, 30, 79, 184, 97,
       232, 115, 76, 219, 97, 153, 191, 24, 196, 124, 110, 201, 240, 237,
       8, 135, 249, 97, 52, 74, 183, 82, 228, 237, 75, 1, 103, 52, 15,
       103, 180, 117, 232, 242, 108, 243, 1, 145, 240, 16, 228, 76, 110,
       233, 176, 109, 46, 228, 255, 37, 148, 74, 179, 82, 41, 86, 126,
       157, 133, 170, 35, 156, 239, 142, 178, 152, 226, 220, 62, 197,
       107, 239, 85, 125, 163, 96, 71, 207, 200, 184, 134, 255, 190, 20,
       114, 37, 173, 122, 80, 119, 228, 111, 94, 125, 48, 169, 78, 246,
       171, 207, 31, 183, 247, 238, 213, 255, 239, 200, 55, 243, 201,
       215, 251, 202, 147, 39, 188, 101, 127, 187, 91, 98, 20, 115, 146,
       190, 112, 241, 204, 214, 167, 105, 204, 183, 164, 126, 237, 151,
       231, 228, 159, 36, 239, 50, 127, 143, 131, 111, 183, 126, 221,
       155, 217, 246, 245, 179, 214, 63, 182, 61, 244, 86, 131, 189, 63,
       51, 225, 166, 127, 189, 207, 244, 216, 53, 236, 235, 251, 239,
       129, 38, 180, 45, 121, 184, 84, 85, 252, 91, 99, 81, 122, 23, 178,
       225, 58, 126, 83, 41, 25, 91, 153, 71, 162, 107, 102, 89, 31, 209,
       195, 81, 63, 123, 121, 102, 186, 164, 77, 103, 87, 116, 75, 231,
       160, 253, 246, 103, 144, 243, 69, 181, 191, 106, 104, 66, 106, 97,
       228, 125, 46, 37, 154, 69, 0, 71, 185, 70, 244, 44, 3, 236, 93,
       236, 122, 253, 27, 204, 223, 127, 17, 211, 45, 159, 106, 73, 86,
       63, 8, 144, 240, 231, 128, 71, 191, 244, 133, 199, 233, 212, 224,
       81, 157, 29, 100, 8, 78, 71, 181, 224, 32, 174, 72, 247, 51, 0,
       115, 0, 212, 108, 106, 89, 41, 113, 45, 225, 171, 101, 16, 104,
       178, 130, 57, 250, 245, 160, 230, 253, 85, 222, 255, 217, 238,
       188, 31, 106, 125, 62, 182, 221, 211, 213, 37, 252, 107, 120, 239,
       187, 95, 149, 191, 87, 126, 222, 95, 56, 5, 122, 236, 148, 227,
       201, 123, 84, 128, 255, 2, 83, 243, 184, 97, 120, 188, 30, 168,
       56, 179, 49, 158, 251, 239, 162, 68, 55, 202, 244, 160, 20, 221,
       190, 191, 244, 195, 255, 239, 62, 206, 223, 35, 117, 254, 35, 64,
       251, 255, 39, 195, 92, 250, 43, 255, 255, 167, 239, 129, 149, 122,
       181, 219, 54, 103, 4, 162, 60, 11, 66, 232, 61, 160, 185, 233,
       199, 64, 137, 17, 90, 137, 78, 115, 108, 163, 77, 94, 176, 150,
       47, 181, 68, 27, 10, 4, 117, 207, 79, 111, 52, 2, 79, 252, 116,
       170, 250, 206, 115, 97, 153, 112, 127, 230, 108, 110, 233, 243,
       77, 63, 248, 174, 165, 148, 109, 251, 114, 41, 100, 66, 134, 143,
