%YAML:1.0
---
descriptors: !!opencv-matrix
   rows: 165
   cols: 32
   dt: u
   data: [ 49, 219, 91, 202, 52, 135, 75, 244, 87, 12, 92, 102, 51, 195,
       176, 96, 126, 168, 6, 222, 202, 186, 40, 255, 114, 141, 162, 200,
       53, 138, 112, 169, 9, 207, 106, 95, 124, 219, 239, 254, 95, 76,
       124, 66, 43, 232, 183, 96, 118, 235, 14, 79, 230, 185, 45, 255,
       118, 127, 38, 129, 119, 223, 85, 109, 17, 205, 94, 172, 190, 134,
       78, 117, 229, 136, 254, 102, 87, 115, 176, 80, 118, 228, 30, 238,
       217, 169, 21, 44, 242, 237, 166, 144, 61, 178, 224, 9, 9, 152, 51,
       249, 125, 157, 185, 215, 159, 25, 112, 118, 188, 223, 244, 228,
       207, 59, 55, 153, 147, 56, 114, 245, 13, 223, 186, 234, 222, 8,
       161, 185, 63, 155, 114, 203, 119, 151, 254, 208, 77, 72, 255, 102,
       104, 153, 183, 244, 254, 184, 151, 222, 203, 186, 44, 232, 54,
       125, 134, 131, 127, 142, 104, 189, 219, 222, 107, 6, 99, 86, 191,
       248, 57, 238, 214, 255, 72, 60, 150, 167, 190, 213, 245, 231, 237,
       247, 189, 234, 18, 123, 237, 134, 111, 182, 62, 125, 9, 110, 174,
       212, 77, 157, 238, 246, 237, 194, 238, 74, 171, 233, 119, 166,
       172, 234, 122, 206, 197, 251, 178, 232, 55, 93, 198, 8, 66, 253,
       123, 172, 85, 91, 75, 167, 82, 6, 175, 112, 60, 200, 91, 199, 85,
       227, 49, 80, 118, 237, 63, 239, 193, 145, 29, 110, 116, 172, 171,
       132, 45, 179, 33, 17, 26, 185, 154, 240, 201, 221, 80, 71, 187,
       89, 164, 25, 62, 159, 96, 144, 165, 187, 221, 16, 94, 75, 146,
       211, 219, 213, 22, 123, 2, 4, 143, 155, 237, 98, 189, 245, 109,
       13, 117, 216, 234, 190, 180, 88, 159, 209, 73, 59, 141, 68, 110,
       94, 192, 102, 242, 0, 199, 219, 117, 60, 66, 185, 67, 163, 49,
       115, 121, 97, 116, 11, 103, 120, 96, 12, 124, 236, 51, 1, 145, 48,
       94, 216, 6, 126, 201, 178, 100, 12, 102, 141, 36, 164, 109, 138,
       70, 185, 66, 33, 22, 168, 110, 139, 184, 73, 175, 161, 194, 139,
       140, 219, 112, 66, 226, 61, 123, 21, 2, 75, 131, 209, 148, 48, 11,
       250, 20, 12, 49, 130, 252, 237, 246, 127, 174, 115, 222, 252, 87,
       230, 254, 155, 115, 237, 27, 65, 95, 238, 231, 110, 124, 246, 255,
       174, 126, 239, 101, 17, 231, 251, 240, 66, 70, 169, 165, 186, 141,
       233, 148, 239, 139, 23, 136, 9, 174, 236, 106, 143, 137, 123, 235,
       17, 18, 75, 202, 241, 185, 82, 95, 123, 144, 93, 151, 78, 20, 85,
       111, 239, 22, 66, 239, 120, 116, 196, 219, 66, 209, 119, 185, 96,
       122, 252, 53, 234, 201, 178, 61, 14, 241, 174, 227, 132, 37, 187,
       117, 240, 154, 6, 253, 245, 230, 122, 252, 87, 125, 231, 255, 242,
       205, 47, 156, 249, 127, 151, 63, 169, 177, 252, 101, 206, 246,
       255, 254, 128, 167, 212, 229, 225, 59, 222, 119, 239, 125, 87,
       251, 246, 93, 111, 247, 191, 79, 31, 182, 228, 254, 221, 191, 199,
       237, 191, 113, 238, 247, 255, 186, 131, 23, 143, 252, 255, 79,
       190, 252, 243, 188, 157, 123, 182, 255, 127, 150, 189, 255, 127,
       214, 246, 167, 115, 253, 29, 183, 88, 239, 243, 238, 223, 255,
       242, 142, 212, 87, 125, 27, 94, 126, 247, 117, 246, 123, 208, 125,
       111, 255, 167, 123, 63, 151, 228, 254, 255, 183, 207, 173, 178,
       121, 239, 215, 255, 186, 131, 47, 215, 108, 255, 109, 176, 149,
       243, 205, 45, 249, 155, 43, 123, 177, 92, 159, 51, 76, 30, 205,
       143, 127, 24, 147, 106, 251, 209, 205, 216, 95, 124, 154, 233,
       211, 240, 124, 81, 107, 236, 118, 66, 127, 116, 4, 108, 223, 162,
       81, 31, 176, 96, 126, 245, 23, 234, 201, 147, 53, 46, 241, 173,
       170, 128, 37, 187, 116, 115, 66, 160, 150, 157, 88, 138, 40, 169,
       190, 177, 66, 0, 228, 226, 72, 194, 113, 111, 106, 144, 2, 216,
       219, 93, 140, 50, 223, 68, 16, 32, 1, 8, 55, 75, 106, 168, 54, 82,
       251, 240, 69, 68, 222, 167, 19, 141, 179, 96, 126, 172, 23, 239,
       204, 187, 36, 140, 242, 237, 174, 197, 117, 186, 116, 218, 244,
       253, 161, 22, 157, 71, 134, 236, 178, 234, 169, 75, 114, 252, 77,
       243, 249, 246, 108, 231, 105, 99, 154, 127, 185, 6, 199, 62, 193,
       115, 242, 58, 124, 196, 194, 190, 220, 131, 198, 232, 18, 162,
       225, 10, 113, 225, 40, 81, 121, 236, 34, 234, 40, 243, 142, 63,
       120, 167, 231, 124, 177, 40, 112, 128, 55, 77, 106, 204, 223, 183,
       206, 238, 84, 128, 204, 2, 113, 242, 53, 228, 120, 250, 18, 234,
       92, 139, 126, 254, 59, 14, 143, 41, 53, 123, 120, 132, 217, 76,
       111, 237, 36, 46, 111, 50, 116, 194, 246, 66, 243, 51, 177, 123,
       98, 228, 125, 238, 233, 213, 53, 42, 210, 235, 226, 128, 45, 249,
       112, 40, 142, 252, 190, 158, 251, 247, 190, 239, 191, 255, 222,
       19, 236, 254, 47, 141, 255, 127, 251, 147, 118, 207, 219, 255,
       255, 87, 95, 255, 146, 125, 173, 223, 3, 142, 178, 157, 244, 221,
       188, 103, 31, 75, 88, 83, 172, 158, 38, 196, 207, 43, 147, 5, 246,
       188, 66, 223, 39, 54, 30, 11, 18, 76, 137, 205, 4, 140, 135, 151,
       213, 139, 166, 232, 62, 147, 66, 2, 228, 224, 41, 201, 249, 110,
       34, 2, 114, 216, 11, 127, 45, 38, 95, 70, 128, 120, 145, 138, 11,
       153, 182, 159, 253, 215, 188, 199, 191, 95, 86, 55, 236, 254, 38,
       236, 255, 123, 187, 149, 182, 255, 179, 247, 15, 118, 222, 203,
       158, 12, 169, 223, 253, 126, 230, 70, 238, 3, 223, 220, 227, 242,
       189, 238, 91, 205, 223, 55, 63, 204, 85, 254, 233, 103, 173, 170,
       114, 200, 165, 188, 103, 247, 242, 225, 11, 26, 114, 248, 101,
       212, 249, 87, 205, 77, 244, 247, 172, 143, 182, 228, 238, 185,
       159, 141, 135, 43, 50, 209, 214, 217, 186, 170, 30, 140, 45, 253,
       61, 96, 73, 104, 78, 3, 71, 248, 67, 178, 181, 206, 83, 65, 217,
       48, 121, 204, 68, 238, 201, 103, 237, 24, 248, 201, 229, 60, 125,
       187, 82, 160, 48, 160, 134, 156, 92, 131, 192, 232, 22, 176, 226,
       10, 97, 225, 32, 81, 89, 236, 34, 120, 104, 243, 79, 29, 88, 38,
       197, 100, 113, 40, 114, 128, 70, 237, 150, 158, 217, 139, 182,
       238, 255, 179, 194, 25, 236, 248, 79, 143, 217, 111, 234, 83, 118,
       107, 219, 255, 189, 54, 95, 127, 218, 127, 171, 142, 64, 160, 150,
       157, 79, 139, 32, 72, 190, 176, 66, 66, 228, 194, 96, 194, 113,
       109, 106, 144, 2, 217, 139, 93, 156, 34, 223, 108, 16, 32, 41,
       136, 36, 168, 132, 159, 217, 139, 160, 232, 158, 177, 64, 9, 228,
       226, 105, 67, 217, 110, 98, 80, 34, 82, 202, 125, 13, 34, 79, 111,
       144, 42, 1, 130, 95, 188, 245, 247, 174, 28, 255, 182, 111, 251,
       190, 238, 191, 47, 212, 98, 239, 215, 127, 157, 219, 107, 255,
       225, 254, 255, 255, 240, 175, 220, 211, 121, 91, 184, 245, 245,
       60, 152, 249, 178, 239, 125, 182, 239, 191, 255, 214, 118, 167,
       247, 255, 157, 135, 108, 247, 247, 222, 255, 191, 242, 174, 132,
       83, 125, 27, 34, 235, 181, 119, 167, 249, 89, 127, 236, 87, 199,
       92, 223, 183, 104, 255, 189, 55, 189, 129, 243, 170, 220, 95, 95,
       187, 134, 7, 238, 53, 243, 126, 233, 150, 170, 9, 213, 18, 232,
       139, 21, 160, 9, 110, 214, 104, 146, 200, 241, 235, 210, 78, 11,
       218, 241, 153, 208, 15, 123, 16, 14, 47, 10, 82, 188, 59, 184, 27,
       192, 17, 71, 171, 21, 168, 57, 172, 158, 102, 80, 163, 187, 219,
       145, 18, 15, 178, 243, 153, 212, 26, 123, 16, 4, 167, 255, 165,
       221, 205, 87, 244, 38, 239, 190, 86, 234, 90, 214, 113, 98, 153,
       97, 119, 110, 54, 238, 241, 220, 125, 63, 108, 175, 229, 196, 173,
       249, 208, 185, 181, 205, 121, 103, 182, 46, 79, 188, 80, 234, 255,
       78, 83, 113, 153, 112, 127, 206, 20, 110, 233, 178, 125, 46, 248,
       175, 165, 148, 45, 251, 208, 33, 45, 120, 185, 97, 45, 61, 83,
       146, 99, 187, 52, 72, 159, 145, 81, 186, 137, 76, 110, 92, 139,
       116, 243, 128, 207, 221, 53, 60, 194, 185, 66, 163, 8, 148, 59,
       249, 85, 239, 241, 119, 94, 13, 124, 18, 188, 189, 34, 96, 249,
       58, 19, 8, 50, 188, 48, 255, 79, 191, 18, 67, 210, 8, 229, 234,
       56, 29, 123, 238, 22, 214, 215, 112, 148, 192, 254, 2, 127, 255,
