%YAML:1.0
---
descriptors: !!opencv-matrix
   rows: 207
   cols: 32
   dt: u
   data: [ 56, 93, 106, 230, 116, 86, 111, 244, 100, 236, 254, 34, 113,
       63, 177, 112, 122, 252, 23, 234, 201, 179, 61, 236, 243, 237, 167,
       132, 39, 178, 116, 105, 10, 157, 43, 223, 247, 241, 191, 231, 31,
       71, 92, 163, 188, 255, 38, 100, 235, 123, 147, 129, 115, 154, 58,
       255, 103, 119, 158, 139, 23, 92, 181, 250, 10, 239, 42, 187, 247,
       209, 191, 231, 31, 79, 92, 163, 172, 237, 50, 128, 255, 123, 147,
       193, 86, 186, 42, 255, 239, 87, 158, 235, 87, 92, 181, 251, 111,
       176, 245, 243, 237, 45, 249, 27, 59, 119, 181, 28, 159, 123, 92,
       26, 205, 139, 127, 28, 147, 106, 251, 240, 207, 218, 223, 124,
       154, 200, 211, 242, 125, 67, 105, 108, 76, 3, 199, 248, 70, 160,
       245, 202, 83, 73, 185, 114, 88, 196, 38, 110, 201, 39, 111, 24,
       112, 233, 225, 60, 117, 187, 112, 32, 100, 141, 133, 158, 220, 3,
       134, 232, 86, 146, 225, 10, 112, 224, 41, 193, 89, 238, 34, 106,
       98, 99, 90, 63, 60, 38, 199, 60, 144, 122, 112, 168, 68, 169, 148,
       159, 79, 192, 162, 168, 190, 144, 75, 2, 228, 226, 77, 194, 241,
       103, 106, 210, 6, 64, 203, 125, 12, 50, 207, 15, 8, 35, 41, 134,
       50, 97, 199, 220, 92, 3, 66, 72, 87, 160, 211, 10, 114, 201, 53,
       64, 88, 236, 123, 105, 8, 243, 203, 221, 24, 42, 193, 60, 53, 42,
       112, 128, 0, 197, 137, 190, 28, 133, 76, 191, 158, 3, 200, 71,
       181, 235, 57, 64, 200, 171, 59, 141, 74, 10, 82, 251, 229, 252,
       158, 56, 28, 216, 241, 136, 13, 143, 221, 101, 176, 42, 103, 186,
       118, 174, 126, 96, 243, 99, 129, 80, 115, 222, 110, 40, 41, 240,
       105, 47, 236, 239, 37, 4, 224, 250, 67, 169, 124, 239, 236, 103,
       178, 42, 79, 188, 50, 174, 238, 172, 83, 99, 139, 80, 119, 206,
       108, 238, 248, 214, 237, 46, 254, 231, 101, 132, 162, 242, 198,
       113, 82, 184, 179, 184, 203, 192, 52, 71, 171, 21, 160, 57, 44,
       158, 102, 88, 163, 51, 203, 145, 22, 75, 146, 241, 153, 208, 30,
       59, 128, 68, 167, 95, 11, 249, 83, 255, 118, 193, 187, 244, 63,
       64, 120, 199, 61, 239, 181, 196, 126, 251, 183, 197, 195, 154, 62,
       253, 62, 124, 175, 170, 63, 135, 33, 217, 79, 255, 252, 243, 188,
       57, 255, 159, 255, 251, 191, 246, 253, 171, 222, 107, 111, 199,
       127, 159, 179, 121, 239, 243, 254, 223, 255, 244, 143, 253, 249,
       217, 187, 23, 231, 245, 230, 42, 237, 127, 125, 227, 254, 246, 91,
       47, 156, 123, 127, 215, 127, 173, 185, 244, 101, 206, 246, 255,
       247, 132, 239, 248, 241, 241, 56, 81, 107, 236, 86, 195, 91, 120,
       4, 140, 215, 163, 117, 223, 32, 64, 126, 245, 31, 234, 73, 131,
       49, 28, 241, 165, 171, 136, 53, 171, 52, 115, 67, 251, 211, 175,
       124, 137, 232, 117, 239, 73, 249, 238, 253, 218, 254, 64, 238,
       175, 127, 197, 199, 43, 206, 253, 254, 249, 175, 248, 28, 138, 41,
       137, 126, 243, 96, 101, 223, 91, 87, 252, 3, 228, 29, 175, 75, 61,
       223, 180, 62, 220, 213, 119, 204, 51, 253, 156, 123, 205, 5, 247,
       231, 255, 94, 119, 138, 137, 22, 154, 93, 217, 176, 103, 222, 81,
       84, 19, 172, 220, 38, 229, 201, 59, 147, 1, 54, 254, 2, 245, 23,
       83, 90, 75, 18, 12, 189, 142, 138, 174, 24, 187, 219, 129, 184,
       207, 30, 17, 112, 247, 172, 203, 98, 128, 255, 43, 131, 148, 54,
       30, 66, 247, 110, 21, 158, 235, 216, 12, 171, 138, 130, 171, 138,
       155, 219, 161, 184, 207, 62, 21, 108, 177, 172, 195, 110, 16, 235,
       59, 131, 148, 22, 88, 138, 243, 78, 20, 26, 235, 146, 4, 175, 138,
       11, 155, 55, 249, 125, 149, 185, 247, 223, 29, 120, 86, 188, 255,
       244, 228, 207, 59, 55, 25, 147, 58, 114, 245, 15, 223, 58, 234,
       86, 8, 165, 185, 231, 223, 205, 223, 246, 42, 110, 191, 54, 170,
       91, 247, 113, 101, 153, 81, 119, 238, 55, 254, 249, 212, 109, 63,
       44, 46, 173, 196, 173, 251, 208, 121, 142, 249, 178, 155, 237,
       221, 190, 233, 159, 126, 85, 7, 236, 206, 126, 196, 255, 89, 179,
       243, 118, 118, 122, 247, 63, 86, 143, 239, 87, 63, 189, 215, 61,
       121, 109, 99, 172, 79, 71, 248, 68, 224, 189, 78, 83, 117, 217,
       51, 30, 192, 93, 110, 201, 225, 125, 44, 227, 201, 101, 52, 109,
       251, 210, 241, 252, 207, 254, 111, 190, 115, 222, 252, 23, 230,
       255, 143, 99, 237, 27, 80, 31, 206, 127, 110, 252, 247, 127, 191,
       122, 239, 101, 21, 247, 255, 228, 66, 40, 141, 123, 253, 87, 231,
       251, 103, 29, 69, 110, 2, 61, 61, 34, 96, 216, 59, 147, 8, 18,
       184, 48, 191, 103, 239, 18, 65, 115, 8, 244, 234, 45, 79, 69, 69,
       164, 26, 103, 188, 117, 232, 126, 228, 211, 33, 149, 245, 80, 204,
       76, 110, 201, 176, 109, 44, 38, 186, 101, 4, 110, 187, 82, 109,
       236, 144, 189, 251, 173, 108, 75, 25, 87, 95, 181, 24, 210, 127,
       88, 107, 217, 148, 127, 58, 187, 103, 251, 130, 203, 251, 193, 92,
       210, 235, 212, 114, 21, 85, 91, 175, 22, 70, 239, 56, 116, 224,
       91, 198, 213, 127, 185, 96, 126, 205, 54, 239, 201, 144, 29, 78,
       228, 172, 171, 132, 45, 179, 33, 240, 92, 155, 212, 117, 177, 86,
       116, 191, 243, 189, 54, 33, 75, 59, 64, 219, 169, 246, 229, 208,
       88, 248, 139, 161, 235, 255, 245, 71, 227, 240, 238, 11, 92, 109,
       27, 190, 93, 213, 71, 232, 243, 196, 173, 8, 126, 210, 75, 244,
       176, 235, 232, 226, 75, 67, 186, 255, 185, 213, 143, 59, 50, 51,
       47, 38, 11, 104, 51, 212, 71, 159, 248, 112, 253, 192, 70, 70, 44,
       233, 117, 167, 166, 109, 51, 79, 129, 249, 178, 232, 23, 89, 75,
       8, 70, 173, 57, 236, 11, 222, 181, 5, 50, 90, 183, 182, 105, 77,
       126, 228, 172, 62, 151, 246, 167, 125, 220, 69, 199, 152, 165,
       237, 46, 125, 54, 130, 206, 181, 47, 221, 49, 65, 99, 12, 84, 7,
       195, 120, 84, 192, 251, 70, 83, 200, 189, 96, 120, 172, 22, 111,
       205, 179, 21, 12, 48, 44, 161, 4, 125, 170, 112, 132, 114, 32, 67,
       205, 92, 11, 232, 72, 165, 32, 211, 74, 64, 136, 53, 64, 248, 140,
       123, 233, 8, 179, 193, 220, 21, 40, 131, 24, 53, 10, 112, 132, 33,
       103, 115, 65, 84, 139, 239, 113, 117, 32, 124, 230, 115, 5, 148,
       52, 126, 188, 6, 250, 201, 186, 101, 14, 36, 172, 32, 64, 103,
       138, 82, 160, 191, 91, 122, 206, 118, 147, 250, 240, 77, 76, 245,
       166, 105, 218, 191, 240, 126, 232, 150, 239, 205, 179, 44, 237,
       50, 221, 162, 139, 127, 191, 120, 199, 109, 75, 84, 69, 36, 30,
       102, 53, 109, 232, 110, 76, 251, 33, 145, 244, 22, 100, 108, 110,
       201, 176, 117, 12, 166, 255, 101, 0, 74, 246, 90, 45, 237, 109,
       68, 71, 85, 30, 111, 180, 113, 160, 102, 140, 227, 105, 151, 183,
       24, 228, 108, 110, 236, 240, 237, 46, 38, 254, 5, 16, 111, 182,
       218, 12, 66, 234, 50, 152, 203, 192, 185, 199, 174, 21, 200, 163,
       172, 158, 98, 88, 231, 59, 235, 145, 66, 15, 130, 241, 249, 52,
       30, 235, 148, 20, 167, 203, 45, 77, 82, 94, 93, 221, 103, 232,
       247, 192, 236, 10, 104, 251, 39, 148, 248, 232, 66, 234, 67, 179,
       58, 255, 119, 252, 129, 43, 91, 55, 106, 134, 51, 237, 99, 223,
       126, 195, 254, 238, 23, 64, 218, 162, 121, 223, 181, 100, 122,
       250, 23, 194, 75, 186, 102, 255, 54, 126, 175, 138, 63, 158, 112,
       255, 56, 29, 123, 238, 151, 230, 87, 118, 148, 192, 254, 2, 127,
       255, 33, 96, 248, 254, 151, 226, 121, 171, 48, 191, 251, 239, 162,
       73, 59, 170, 108, 187, 122, 233, 180, 42, 9, 217, 82, 204, 171,
       21, 168, 9, 46, 218, 102, 146, 136, 241, 237, 81, 94, 11, 202,
       177, 153, 212, 13, 123, 80, 6, 14, 78, 11, 104, 42, 222, 77, 157,
       232, 112, 237, 196, 100, 14, 168, 200, 119, 167, 168, 169, 243,
       205, 132, 235, 178, 233, 87, 89, 218, 9, 74, 12, 123, 220, 174,
       248, 52, 159, 109, 85, 190, 232, 159, 254, 245, 11, 236, 222, 127,
       132, 255, 217, 251, 227, 230, 103, 123, 255, 63, 91, 207, 191, 23,
       63, 253, 214, 122, 120, 244, 117, 41, 254, 80, 6, 227, 168, 238,
       40, 10, 153, 5, 252, 132, 181, 253, 1, 136, 173, 209, 152, 147,
