%YAML:1.0
---
descriptors: !!opencv-matrix
   rows: 167
   cols: 32
   dt: u
   data: [ 10, 157, 171, 223, 247, 241, 191, 231, 31, 69, 92, 163, 188,
       255, 36, 100, 255, 123, 147, 145, 51, 154, 58, 255, 111, 119, 158,
       203, 151, 76, 181, 250, 239, 50, 166, 150, 235, 118, 189, 153,
       187, 255, 23, 255, 76, 252, 223, 175, 183, 87, 245, 183, 183, 71,
       170, 226, 91, 123, 255, 206, 143, 229, 191, 119, 37, 103, 113, 69,
       116, 11, 239, 121, 113, 32, 124, 230, 83, 5, 149, 52, 126, 220, 6,
       234, 201, 178, 101, 14, 118, 172, 36, 128, 103, 186, 102, 161, 9,
       201, 155, 171, 60, 135, 189, 191, 78, 105, 90, 66, 253, 243, 56,
       224, 245, 107, 63, 77, 195, 152, 11, 245, 229, 223, 190, 164, 28,
       26, 177, 169, 73, 75, 138, 207, 48, 146, 111, 188, 39, 4, 78, 196,
       255, 227, 179, 244, 114, 238, 60, 206, 11, 152, 165, 253, 238,
       253, 174, 128, 34, 147, 56, 104, 28, 133, 100, 115, 149, 251, 102,
       191, 85, 119, 206, 17, 227, 105, 26, 173, 89, 10, 110, 60, 62,
       184, 125, 63, 239, 207, 85, 81, 242, 204, 220, 72, 162, 191, 240,
       26, 251, 185, 176, 71, 155, 191, 124, 191, 44, 172, 102, 156, 143,
       59, 227, 17, 182, 122, 198, 243, 30, 22, 29, 187, 215, 76, 159,
       207, 61, 66, 201, 236, 76, 3, 199, 120, 86, 2, 241, 206, 83, 193,
       185, 107, 88, 200, 38, 110, 137, 39, 79, 25, 208, 235, 225, 60,
       125, 187, 112, 160, 4, 237, 134, 151, 212, 139, 166, 168, 190,
       178, 67, 2, 228, 226, 105, 79, 49, 110, 34, 122, 32, 208, 139,
       125, 172, 38, 207, 68, 128, 123, 17, 164, 100, 205, 132, 158, 220,
       131, 166, 232, 22, 146, 225, 10, 112, 224, 105, 81, 89, 234, 34,
       106, 98, 67, 74, 63, 124, 38, 199, 125, 145, 122, 112, 128, 52,
       164, 134, 158, 92, 139, 198, 232, 150, 176, 208, 10, 118, 225, 41,
       1, 121, 236, 106, 120, 40, 227, 11, 63, 184, 6, 69, 52, 193, 42,
       16, 0, 126, 107, 226, 71, 244, 82, 206, 160, 97, 132, 191, 137,
       99, 104, 215, 150, 88, 230, 253, 238, 204, 178, 237, 168, 58, 253,
       133, 145, 103, 247, 254, 76, 155, 151, 111, 243, 246, 226, 233,
       115, 63, 125, 127, 246, 221, 47, 188, 96, 127, 159, 23, 157, 179,
       184, 45, 215, 238, 239, 190, 196, 165, 202, 245, 241, 3, 190, 224,
       19, 227, 181, 188, 199, 27, 239, 24, 239, 168, 170, 215, 174, 175,
       107, 243, 149, 150, 94, 174, 242, 14, 30, 223, 235, 207, 84, 155,
       223, 59, 207, 230, 159, 214, 146, 238, 246, 23, 7, 218, 247, 105,
       236, 190, 68, 127, 238, 55, 207, 238, 251, 13, 255, 62, 111, 191,
       192, 183, 223, 248, 205, 138, 137, 30, 152, 221, 209, 176, 69,
       207, 81, 212, 19, 172, 152, 102, 195, 200, 43, 187, 81, 86, 43,
       82, 245, 31, 81, 138, 107, 26, 12, 185, 206, 162, 185, 154, 153,
       255, 133, 184, 197, 31, 29, 116, 23, 172, 219, 102, 8, 238, 59,
       131, 208, 22, 122, 154, 243, 78, 16, 158, 107, 219, 12, 175, 155,
       2, 171, 178, 219, 249, 169, 177, 199, 159, 29, 116, 185, 172, 231,
       102, 12, 238, 59, 131, 16, 18, 122, 130, 241, 13, 16, 26, 107,
       210, 12, 167, 175, 207, 184, 249, 250, 248, 221, 254, 248, 191,
       219, 181, 253, 252, 255, 223, 121, 215, 243, 255, 223, 179, 103,
       250, 255, 190, 223, 127, 250, 158, 191, 11, 241, 95, 255, 253,
       247, 172, 56, 255, 191, 127, 255, 182, 254, 251, 47, 212, 107,
       111, 215, 127, 219, 251, 107, 239, 241, 254, 219, 255, 244, 167,
       221, 247, 121, 25, 157, 58, 254, 189, 142, 86, 240, 245, 8, 252,
       4, 127, 255, 32, 112, 220, 251, 125, 106, 249, 169, 26, 63, 243,
       239, 37, 24, 122, 251, 170, 59, 118, 169, 150, 158, 27, 209, 144,
       232, 143, 145, 164, 11, 110, 210, 110, 223, 232, 233, 235, 80, 94,
       75, 202, 241, 155, 82, 223, 127, 147, 46, 47, 142, 82, 173, 149,
       178, 137, 253, 20, 135, 171, 55, 136, 9, 174, 254, 64, 155, 129,
       243, 233, 17, 30, 75, 218, 241, 153, 215, 95, 123, 144, 84, 143,
       78, 181, 117, 108, 99, 172, 15, 207, 248, 4, 232, 189, 206, 83,
       97, 159, 3, 24, 192, 95, 110, 201, 161, 125, 60, 224, 201, 229,
       180, 109, 251, 82, 240, 82, 180, 156, 176, 137, 237, 16, 143, 187,
       187, 130, 25, 142, 254, 74, 91, 129, 87, 233, 17, 30, 79, 211,
       128, 217, 211, 95, 127, 136, 64, 143, 26, 101, 112, 221, 103, 202,
       78, 71, 152, 35, 186, 165, 76, 83, 119, 73, 59, 93, 212, 124, 234,
       73, 199, 251, 40, 197, 174, 229, 52, 163, 243, 66, 161, 149, 81,
       123, 167, 54, 78, 239, 56, 52, 224, 123, 198, 215, 119, 153, 96,
       118, 205, 52, 239, 225, 176, 61, 14, 228, 172, 171, 132, 109, 179,
       33, 240, 215, 131, 235, 231, 230, 46, 107, 248, 63, 225, 215, 210,
       93, 239, 252, 120, 127, 223, 63, 254, 153, 211, 173, 194, 223,
       239, 239, 228, 165, 235, 101, 33, 139, 127, 55, 71, 113, 254, 187,
       178, 121, 200, 94, 100, 188, 60, 151, 165, 166, 127, 151, 79, 165,
       184, 61, 237, 39, 121, 34, 130, 78, 247, 7, 253, 147, 177, 253,
       251, 186, 74, 255, 121, 63, 123, 183, 242, 255, 95, 156, 50, 255,
       215, 95, 203, 251, 229, 237, 255, 254, 218, 187, 240, 109, 130,
       131, 113, 64, 191, 27, 170, 252, 238, 111, 191, 123, 79, 126, 100,
       191, 162, 242, 80, 145, 111, 14, 25, 215, 171, 170, 247, 237, 180,
       183, 232, 152, 82, 231, 219, 73, 84, 253, 255, 126, 47, 233, 94,
       127, 242, 255, 254, 255, 111, 153, 122, 127, 239, 127, 12, 161,
       242, 239, 223, 244, 255, 123, 176, 247, 250, 83, 249, 10, 143,
       170, 187, 247, 241, 191, 231, 31, 77, 92, 163, 172, 237, 50, 128,
       255, 123, 147, 133, 114, 154, 42, 255, 239, 87, 158, 235, 215, 94,
       181, 251, 85, 215, 223, 239, 178, 2, 111, 185, 60, 234, 251, 230,
       221, 99, 153, 114, 119, 207, 127, 238, 241, 209, 141, 78, 252,
       174, 239, 132, 172, 242, 161, 177, 21, 87, 109, 239, 182, 6, 111,
       184, 116, 226, 219, 198, 209, 99, 185, 97, 126, 196, 62, 238, 233,
       144, 93, 110, 228, 174, 239, 132, 61, 251, 112, 48, 53, 65, 107,
       12, 92, 131, 195, 120, 84, 192, 249, 78, 83, 200, 191, 96, 120,
       168, 22, 111, 205, 179, 36, 28, 48, 12, 161, 20, 125, 171, 112,
       196, 114, 32, 66, 205, 72, 3, 168, 72, 172, 32, 210, 194, 0, 138,
       52, 64, 248, 141, 123, 225, 8, 147, 197, 220, 20, 40, 139, 28, 21,
       10, 35, 128, 31, 118, 237, 195, 254, 49, 255, 216, 123, 255, 157,
       239, 89, 110, 223, 42, 63, 221, 119, 255, 135, 80, 239, 226, 126,
       95, 175, 236, 175, 247, 83, 245, 223, 251, 245, 247, 190, 153,
       255, 252, 255, 241, 147, 238, 255, 255, 221, 107, 111, 247, 127,
       219, 167, 97, 239, 245, 254, 219, 239, 252, 175, 187, 209, 81, 31,
       134, 255, 247, 230, 58, 239, 255, 125, 91, 255, 114, 93, 43, 190,
       123, 127, 199, 127, 191, 184, 253, 109, 226, 254, 255, 254, 196,
       167, 250, 225, 225, 170, 191, 54, 218, 253, 149, 184, 197, 159,
       29, 48, 59, 44, 206, 100, 135, 238, 59, 195, 209, 50, 111, 138,
       247, 63, 80, 14, 107, 87, 12, 231, 175, 4, 220, 19, 188, 245, 231,
       183, 226, 159, 194, 90, 2, 172, 252, 33, 96, 251, 123, 179, 195,
       35, 187, 18, 255, 185, 54, 159, 75, 144, 121, 53, 138, 75, 190,
       253, 247, 62, 185, 249, 51, 239, 253, 191, 237, 255, 255, 222,
       118, 167, 179, 253, 157, 167, 105, 239, 223, 206, 223, 187, 250,
       142, 132, 67, 125, 120, 233, 120, 170, 29, 209, 82, 232, 131, 4,
       164, 9, 47, 223, 98, 144, 200, 249, 205, 82, 78, 43, 202, 181,
       251, 197, 1, 123, 115, 14, 78, 74, 107, 54, 123, 252, 57, 253, 89,
       95, 191, 205, 189, 125, 190, 159, 182, 180, 134, 51, 255, 13, 191,
       47, 162, 223, 251, 255, 49, 250, 94, 140, 199, 119, 203, 114, 121,
       248, 43, 253, 25, 30, 191, 95, 157, 253, 189, 223, 222, 188, 151,
       27, 255, 5, 135, 71, 234, 211, 199, 217, 59, 190, 30, 213, 143,
       119, 245, 159, 203, 245, 182, 34, 111, 187, 50, 234, 90, 246, 113,
       99, 153, 113, 87, 206, 53, 172, 233, 208, 229, 30, 108, 175, 237,
       132, 173, 240, 208, 185, 57, 148, 123, 239, 52, 54, 75, 255, 117,
