%YAML:1.0
---
descriptors: !!opencv-matrix
   rows: 171
   cols: 32
   dt: u
   data: [ 253, 75, 63, 230, 44, 15, 79, 248, 225, 170, 182, 76, 83, 249,
       49, 123, 92, 228, 125, 110, 232, 227, 217, 168, 243, 235, 229, 20,
       98, 251, 82, 35, 74, 50, 188, 252, 105, 108, 49, 10, 187, 63, 53,
       57, 172, 191, 66, 90, 133, 31, 237, 17, 18, 78, 210, 209, 223,
       243, 90, 187, 144, 64, 7, 91, 73, 189, 145, 123, 189, 252, 116,
       183, 95, 201, 108, 16, 190, 240, 66, 228, 193, 106, 58, 16, 55,
       248, 243, 167, 175, 255, 20, 106, 218, 72, 201, 15, 53, 71, 99,
       140, 84, 3, 206, 120, 84, 224, 251, 198, 83, 232, 177, 100, 120,
       236, 22, 111, 201, 179, 5, 142, 48, 46, 161, 16, 125, 187, 112,
       128, 3, 91, 107, 184, 118, 133, 191, 115, 141, 72, 216, 231, 60,
       221, 180, 32, 238, 185, 23, 199, 209, 171, 38, 253, 116, 28, 170,
       202, 29, 173, 177, 249, 4, 140, 135, 183, 148, 139, 166, 235, 62,
       179, 66, 18, 244, 226, 105, 73, 121, 110, 34, 145, 50, 248, 11,
       127, 172, 38, 223, 64, 128, 104, 49, 136, 52, 140, 138, 158, 222,
       3, 38, 235, 22, 130, 224, 90, 113, 224, 41, 65, 121, 234, 2, 170,
       120, 107, 14, 63, 120, 166, 199, 108, 185, 120, 112, 128, 56, 71,
       111, 172, 62, 195, 223, 116, 4, 196, 222, 167, 83, 141, 50, 64,
       126, 228, 159, 231, 216, 163, 33, 172, 243, 237, 170, 209, 37,
       155, 244, 114, 1, 203, 27, 249, 116, 135, 238, 115, 92, 136, 88,
       102, 181, 203, 176, 96, 110, 41, 23, 207, 195, 184, 2, 127, 228,
       140, 170, 192, 28, 136, 49, 137, 1, 203, 83, 205, 118, 130, 238,
       112, 188, 0, 211, 226, 245, 130, 176, 96, 126, 45, 62, 238, 224,
       144, 4, 253, 244, 172, 170, 128, 53, 186, 97, 160, 4, 140, 134,
       151, 213, 139, 166, 232, 30, 147, 66, 2, 228, 224, 41, 201, 249,
       106, 34, 82, 50, 216, 11, 127, 45, 6, 223, 71, 144, 122, 177, 142,
       197, 19, 159, 253, 42, 142, 57, 16, 188, 200, 83, 247, 213, 87,
       169, 105, 246, 53, 63, 98, 225, 132, 115, 10, 196, 163, 106, 128,
       28, 41, 1, 51, 100, 174, 132, 158, 220, 3, 166, 232, 18, 179, 224,
       10, 224, 226, 105, 81, 89, 238, 34, 48, 34, 114, 202, 63, 60, 6,
       207, 109, 145, 120, 49, 128, 6, 224, 135, 159, 95, 139, 160, 232,
       158, 176, 66, 2, 228, 224, 108, 194, 185, 109, 98, 209, 2, 240,
       139, 253, 13, 50, 207, 79, 145, 42, 49, 134, 66, 32, 23, 141, 77,
       143, 160, 72, 238, 160, 195, 73, 196, 216, 100, 66, 200, 45, 107,
       97, 0, 227, 219, 208, 21, 48, 11, 62, 16, 10, 33, 134, 184, 185,
       190, 240, 201, 237, 81, 87, 187, 91, 164, 24, 63, 159, 64, 26,
       133, 179, 213, 16, 59, 75, 50, 19, 219, 219, 80, 123, 234, 64,
       207, 251, 181, 231, 205, 69, 182, 10, 111, 249, 119, 226, 250,
       230, 83, 97, 157, 112, 127, 204, 126, 174, 233, 242, 237, 30, 188,
       239, 229, 148, 109, 250, 114, 176, 63, 91, 115, 203, 247, 159,
       254, 213, 109, 72, 255, 102, 106, 153, 181, 244, 254, 170, 150,
       222, 207, 187, 44, 252, 54, 124, 134, 194, 255, 158, 122, 173, 70,
       172, 164, 154, 141, 233, 149, 239, 158, 183, 128, 11, 238, 236,
       126, 207, 129, 115, 235, 145, 58, 107, 202, 241, 153, 22, 95, 123,
       144, 92, 149, 78, 164, 255, 150, 127, 157, 163, 166, 238, 151,
       151, 235, 21, 226, 233, 45, 203, 217, 126, 234, 66, 122, 239, 219,
       55, 47, 246, 85, 91, 210, 251, 244, 138, 135, 221, 238, 222, 220,
       167, 239, 252, 87, 170, 95, 18, 81, 242, 181, 100, 127, 255, 55,
       251, 249, 215, 63, 255, 121, 46, 239, 196, 173, 243, 240, 164, 9,
       207, 51, 223, 20, 159, 239, 242, 95, 76, 124, 198, 255, 232, 183,
       228, 118, 235, 22, 78, 231, 184, 47, 255, 39, 255, 34, 128, 119,
       159, 1, 237, 77, 52, 159, 229, 160, 46, 121, 19, 41, 235, 47, 108,
       223, 55, 200, 122, 55, 21, 124, 60, 145, 208, 177, 64, 206, 255,
       103, 196, 136, 226, 131, 49, 85, 91, 75, 167, 82, 6, 239, 48, 36,
       232, 91, 230, 85, 99, 185, 80, 118, 237, 47, 239, 193, 145, 153,
       76, 244, 164, 171, 132, 45, 179, 33, 49, 20, 85, 111, 231, 52, 66,
       71, 56, 100, 230, 251, 227, 83, 117, 57, 99, 114, 212, 13, 234,
       201, 177, 61, 12, 225, 175, 227, 20, 101, 243, 116, 112, 209, 76,
       95, 253, 44, 74, 79, 52, 244, 234, 246, 70, 243, 51, 177, 99, 98,
       228, 124, 238, 233, 165, 101, 13, 242, 235, 226, 16, 44, 184, 96,
       40, 175, 238, 180, 159, 253, 255, 190, 236, 127, 251, 253, 25,
       238, 248, 95, 181, 223, 239, 254, 115, 182, 231, 207, 255, 190,
       87, 87, 127, 214, 127, 139, 143, 70, 169, 148, 159, 137, 128, 160,
       168, 190, 145, 67, 1, 228, 226, 76, 66, 241, 103, 106, 209, 6,
       216, 219, 121, 13, 50, 207, 75, 128, 34, 41, 142, 5, 204, 149, 23,
       208, 143, 39, 184, 54, 179, 70, 80, 244, 96, 137, 237, 17, 110,
       34, 106, 113, 216, 123, 63, 45, 38, 87, 68, 136, 122, 129, 160,
       70, 185, 156, 151, 201, 204, 55, 174, 190, 187, 74, 17, 228, 242,
       76, 91, 129, 127, 106, 83, 82, 88, 219, 113, 13, 50, 95, 106, 128,
       112, 135, 138, 151, 207, 239, 223, 214, 38, 239, 252, 118, 178,
       95, 82, 81, 242, 185, 97, 63, 207, 51, 255, 243, 208, 47, 127, 45,
       46, 239, 196, 181, 243, 241, 164, 130, 43, 54, 148, 119, 213, 188,
       71, 157, 221, 82, 179, 172, 142, 55, 207, 238, 51, 187, 149, 230,
       223, 2, 201, 22, 26, 222, 131, 135, 12, 45, 223, 129, 30, 99, 221,
       52, 182, 235, 55, 124, 65, 90, 214, 177, 34, 180, 228, 126, 106,
       54, 141, 163, 188, 117, 239, 36, 62, 186, 128, 63, 136, 113, 253,
       142, 252, 190, 159, 249, 254, 182, 239, 255, 219, 87, 49, 236,
       254, 46, 107, 247, 127, 251, 131, 118, 253, 219, 243, 237, 55, 95,
       7, 200, 117, 173, 223, 48, 33, 142, 156, 94, 3, 194, 104, 22, 160,
       227, 138, 115, 224, 0, 1, 89, 236, 98, 168, 40, 243, 207, 29, 152,
       166, 229, 28, 97, 40, 114, 0, 52, 132, 143, 156, 222, 3, 134, 235,
       22, 163, 224, 210, 113, 224, 32, 65, 121, 238, 34, 168, 40, 251,
       15, 31, 56, 166, 215, 108, 185, 104, 112, 136, 4, 168, 134, 159,
       217, 131, 160, 232, 190, 145, 66, 2, 228, 226, 105, 203, 249, 110,
       34, 80, 34, 208, 139, 125, 13, 38, 79, 71, 144, 106, 41, 130, 64,
       160, 134, 157, 89, 139, 160, 168, 190, 176, 66, 2, 228, 226, 104,
       66, 241, 109, 106, 209, 2, 209, 139, 93, 13, 34, 207, 71, 16, 34,
       41, 130, 2, 160, 150, 157, 77, 131, 160, 72, 158, 176, 66, 2, 228,
       194, 100, 194, 241, 109, 106, 177, 2, 241, 139, 221, 29, 34, 207,
       47, 16, 42, 49, 134, 56, 176, 184, 250, 109, 173, 80, 95, 219, 61,
       180, 25, 43, 217, 94, 24, 201, 186, 197, 24, 30, 107, 210, 177,
       219, 221, 16, 123, 210, 12, 214, 74, 218, 56, 146, 240, 139, 248,
       16, 198, 171, 215, 162, 25, 174, 159, 99, 219, 167, 51, 237, 16,
       14, 77, 146, 240, 219, 241, 94, 59, 162, 68, 47, 26, 161, 103,
       115, 75, 118, 139, 231, 120, 85, 96, 125, 226, 83, 5, 148, 180,
       126, 152, 6, 234, 233, 178, 109, 14, 38, 12, 32, 196, 111, 138,
       82, 165, 114, 171, 150, 26, 9, 153, 144, 200, 207, 149, 160, 9,
       238, 200, 102, 6, 200, 225, 234, 81, 94, 107, 202, 241, 152, 50,
       95, 123, 208, 46, 15, 14, 114, 169, 151, 170, 25, 193, 16, 200,
       139, 53, 128, 9, 110, 198, 104, 146, 200, 241, 235, 209, 78, 11,
       202, 241, 153, 240, 139, 123, 16, 46, 47, 78, 133, 220, 223, 87,
       214, 46, 175, 191, 94, 243, 122, 82, 241, 114, 153, 107, 51, 110,
       50, 26, 241, 220, 127, 47, 108, 46, 247, 68, 141, 249, 209, 184,
       136, 156, 59, 217, 85, 237, 177, 87, 94, 79, 124, 18, 188, 157,
       34, 96, 217, 59, 19, 24, 51, 188, 50, 247, 79, 191, 18, 67, 144,
       8, 229, 234, 56, 29, 123, 238, 22, 247, 255, 118, 212, 64, 254, 2,
       113, 255, 34, 96, 254, 250, 151, 224, 25, 171, 56, 191, 251, 237,
       162, 73, 49, 170, 116, 251, 180, 205, 187, 247, 148, 106, 71, 255,
       50, 167, 236, 18, 247, 103, 9, 17, 121, 254, 5, 170, 120, 220,
       120, 63, 249, 167, 181, 0, 161, 249, 198, 106, 9, 207, 42, 223,
