%YAML:1.0
---
descriptors: !!opencv-matrix
   rows: 154
   cols: 32
   dt: u
   data: [ 207, 187, 247, 242, 252, 139, 237, 251, 255, 253, 183, 254,
       223, 239, 252, 39, 111, 231, 127, 157, 179, 123, 47, 245, 222,
       219, 255, 228, 175, 137, 225, 113, 125, 66, 199, 204, 76, 2, 203,
       88, 64, 194, 213, 198, 81, 233, 185, 107, 120, 204, 54, 238, 137,
       195, 174, 136, 16, 233, 235, 140, 47, 187, 114, 160, 61, 64, 77,
       238, 78, 1, 71, 120, 69, 2, 245, 202, 115, 193, 185, 107, 88, 196,
       38, 110, 201, 39, 111, 25, 208, 235, 225, 60, 127, 187, 112, 160,
       10, 175, 42, 187, 247, 241, 191, 231, 31, 77, 92, 163, 172, 237,
       54, 128, 255, 107, 147, 133, 118, 186, 42, 255, 239, 87, 158, 235,
       215, 94, 189, 219, 237, 127, 181, 101, 33, 30, 103, 184, 105, 234,
       58, 76, 222, 49, 209, 183, 148, 68, 108, 110, 225, 244, 249, 46,
       229, 251, 101, 20, 74, 247, 67, 49, 21, 212, 79, 235, 22, 39, 107,
       248, 20, 74, 223, 198, 81, 71, 185, 97, 127, 196, 31, 238, 169,
       148, 29, 127, 246, 175, 171, 196, 61, 187, 49, 80, 179, 98, 106,
       45, 20, 147, 202, 120, 86, 224, 214, 231, 115, 76, 182, 32, 120,
       172, 53, 237, 237, 180, 101, 31, 162, 111, 161, 148, 125, 172,
       120, 212, 63, 207, 226, 159, 212, 151, 238, 246, 87, 67, 250, 198,
       99, 232, 190, 196, 123, 234, 22, 239, 239, 186, 13, 255, 62, 110,
       191, 192, 127, 254, 248, 140, 170, 137, 30, 154, 253, 217, 176,
       69, 143, 81, 212, 19, 172, 216, 102, 195, 200, 43, 219, 81, 22,
       43, 66, 245, 95, 81, 138, 123, 30, 12, 153, 143, 162, 185, 154,
       218, 255, 133, 176, 197, 159, 29, 116, 63, 44, 219, 102, 13, 238,
       59, 131, 208, 18, 122, 154, 241, 95, 16, 154, 107, 219, 12, 239,
       159, 51, 5, 238, 245, 198, 46, 236, 127, 125, 235, 250, 210, 95,
       43, 150, 123, 127, 199, 127, 172, 189, 248, 101, 206, 190, 239,
       247, 132, 231, 248, 225, 192, 2, 171, 146, 91, 251, 169, 177, 199,
       191, 21, 124, 149, 172, 227, 102, 12, 239, 59, 131, 16, 18, 120,
       138, 241, 13, 20, 26, 107, 210, 76, 167, 159, 20, 69, 123, 239,
       116, 66, 239, 248, 116, 196, 251, 2, 83, 103, 185, 96, 122, 252,
       39, 234, 232, 179, 45, 14, 245, 175, 167, 132, 37, 187, 117, 242,
       174, 112, 250, 83, 229, 125, 185, 208, 123, 255, 117, 59, 154,
       221, 95, 41, 191, 217, 247, 147, 130, 118, 186, 192, 95, 89, 119,
       239, 199, 245, 103, 243, 75, 190, 252, 247, 62, 157, 123, 178,
       255, 255, 30, 236, 253, 255, 214, 118, 135, 115, 253, 29, 231, 72,
       239, 255, 238, 223, 63, 242, 142, 196, 7, 125, 118, 169, 134, 142,
       25, 213, 144, 232, 143, 181, 164, 9, 110, 218, 111, 150, 200, 225,
       234, 80, 94, 75, 138, 241, 155, 82, 207, 123, 209, 46, 111, 14,
       149, 69, 123, 175, 54, 74, 239, 56, 116, 224, 91, 66, 213, 119,
       153, 96, 126, 204, 52, 238, 201, 176, 61, 14, 229, 174, 171, 132,
       37, 179, 37, 113, 212, 80, 125, 245, 40, 78, 93, 56, 228, 254,
       183, 56, 215, 23, 201, 123, 6, 212, 125, 106, 232, 197, 241, 8,
       193, 235, 101, 148, 32, 177, 4, 99, 235, 122, 254, 254, 108, 145,
       253, 214, 255, 218, 244, 246, 189, 223, 223, 59, 239, 251, 127,
       141, 231, 111, 230, 243, 214, 251, 254, 168, 79, 148, 107, 217,
       10, 254, 185, 147, 107, 253, 185, 222, 27, 127, 29, 255, 204, 190,
       198, 174, 151, 95, 247, 21, 183, 95, 250, 243, 79, 23, 125, 255,
       158, 92, 143, 247, 198, 58, 183, 144, 235, 248, 184, 67, 191, 151,
       83, 177, 140, 190, 103, 207, 167, 59, 187, 17, 54, 95, 162, 194,
       13, 18, 90, 235, 134, 117, 173, 199, 167, 53, 104, 69, 244, 31,
       239, 248, 81, 234, 255, 207, 89, 108, 159, 48, 127, 204, 87, 239,
       225, 178, 125, 206, 126, 31, 167, 164, 111, 254, 114, 213, 15, 60,
       239, 253, 252, 175, 235, 218, 191, 249, 254, 246, 255, 255, 213,
       104, 111, 239, 127, 28, 179, 248, 111, 255, 206, 255, 251, 224,
       175, 233, 113, 241, 106, 122, 246, 252, 109, 116, 249, 86, 187,
       223, 188, 191, 172, 191, 119, 94, 231, 247, 255, 133, 128, 103,
       178, 224, 87, 127, 90, 155, 134, 245, 103, 123, 10, 157, 59, 255,
       215, 199, 191, 247, 31, 69, 76, 162, 188, 255, 32, 96, 255, 123,
       147, 129, 115, 152, 58, 255, 111, 247, 158, 203, 158, 8, 165, 250,
       191, 117, 120, 64, 169, 255, 87, 87, 123, 238, 189, 61, 10, 28,
       215, 56, 143, 178, 221, 54, 189, 39, 60, 150, 243, 221, 37, 255,
       235, 213, 206, 87, 11, 179, 49, 219, 253, 157, 248, 95, 223, 81,
       253, 94, 188, 204, 124, 228, 207, 155, 250, 157, 151, 42, 122,
       213, 47, 220, 158, 104, 158, 140, 233, 188, 117, 197, 73, 206, 28,
       7, 71, 248, 199, 224, 188, 74, 115, 201, 189, 96, 88, 192, 110,
       110, 201, 35, 46, 189, 176, 140, 165, 60, 125, 187, 112, 32, 49,
       69, 107, 12, 92, 7, 195, 120, 84, 64, 249, 79, 83, 200, 183, 96,
       120, 168, 22, 111, 205, 179, 36, 28, 48, 44, 161, 4, 125, 171,
       112, 196, 15, 183, 109, 243, 246, 231, 235, 249, 63, 123, 95, 246,
       221, 127, 220, 105, 127, 219, 23, 191, 179, 240, 109, 247, 78,
       223, 175, 196, 191, 195, 245, 241, 244, 246, 245, 101, 248, 75,
       79, 184, 49, 174, 190, 168, 83, 119, 137, 19, 63, 212, 109, 106,
       104, 243, 233, 14, 253, 174, 37, 180, 97, 243, 70, 115, 79, 249,
       244, 243, 188, 137, 255, 220, 255, 177, 178, 238, 255, 234, 221,
       107, 127, 199, 127, 219, 227, 97, 239, 241, 254, 218, 239, 252,
       143, 251, 211, 145, 197, 246, 189, 87, 168, 77, 143, 156, 186,
       254, 133, 92, 213, 246, 203, 59, 21, 84, 124, 122, 227, 71, 251,
       49, 237, 131, 111, 188, 200, 115, 7, 241, 101, 108, 206, 69, 36,
       26, 110, 180, 105, 162, 54, 8, 211, 41, 223, 55, 18, 228, 124,
       110, 236, 244, 229, 46, 102, 251, 69, 53, 78, 179, 90, 4, 56, 29,
       123, 238, 23, 215, 95, 118, 149, 64, 254, 2, 127, 255, 32, 96,
       254, 251, 159, 226, 121, 187, 48, 191, 251, 239, 162, 65, 55, 170,
       36, 122, 10, 190, 160, 151, 251, 241, 184, 199, 59, 127, 88, 191,
       172, 174, 86, 140, 175, 75, 179, 149, 182, 90, 166, 243, 30, 86,
       158, 235, 143, 68, 191, 223, 14, 204, 19, 156, 245, 231, 175, 226,
       30, 6, 90, 2, 172, 250, 49, 224, 249, 123, 51, 195, 35, 187, 50,
       255, 189, 54, 143, 66, 148, 121, 53, 170, 89, 84, 252, 255, 126,
       43, 121, 127, 255, 115, 255, 246, 255, 107, 156, 123, 111, 239,
       127, 12, 161, 248, 255, 221, 254, 251, 119, 176, 255, 248, 211,
       249, 120, 233, 120, 42, 29, 217, 82, 236, 131, 4, 172, 9, 47, 223,
       98, 144, 216, 241, 205, 82, 78, 43, 202, 189, 251, 213, 1, 123,
       115, 14, 78, 74, 159, 161, 125, 251, 238, 15, 255, 121, 63, 123,
       247, 242, 221, 79, 220, 121, 127, 199, 127, 174, 251, 244, 239,
       215, 222, 223, 251, 196, 61, 163, 227, 49, 174, 120, 52, 143, 77,
       87, 190, 232, 159, 246, 244, 11, 236, 220, 119, 133, 249, 249,
       219, 227, 100, 103, 123, 254, 55, 83, 207, 63, 23, 63, 125, 214,
       117, 159, 205, 117, 178, 34, 111, 187, 50, 226, 218, 230, 113,
       103, 153, 113, 119, 206, 53, 172, 249, 208, 237, 63, 108, 175,
       237, 196, 173, 240, 112, 49, 190, 105, 100, 71, 125, 223, 254,
       228, 89, 108, 246, 10, 106, 76, 23, 181, 248, 245, 215, 227, 236,
       167, 121, 252, 55, 89, 199, 51, 87, 191, 126, 206, 31, 61, 127,
       241, 246, 191, 251, 210, 61, 248, 94, 231, 221, 255, 245, 107,
       191, 255, 127, 247, 161, 209, 189, 232, 223, 217, 235, 230, 167,
       229, 55, 241, 35, 111, 34, 158, 85, 151, 166, 96, 222, 132, 121,
       71, 236, 232, 55, 196, 248, 107, 2, 199, 198, 186, 158, 255, 52,
       52, 15, 10, 85, 127, 51, 206, 170, 191, 54, 218, 255, 145, 176,
       199, 207, 29, 48, 59, 172, 204, 100, 135, 238, 59, 195, 81, 50,
       111, 162, 247, 63, 80, 10, 107, 87, 12, 231, 255, 181, 125, 76,
       101, 140, 15, 79, 248, 68, 232, 190, 206, 83, 113, 219, 3, 92,
       196, 93, 110, 201, 163, 125, 44, 242, 201, 229, 180, 109, 251, 82,
       113, 88, 177, 156, 176, 137, 237, 20, 143, 171, 49, 136, 9, 174,
