%YAML:1.0
---
descriptors: !!opencv-matrix
   rows: 200
   cols: 32
   dt: u
   data: [ 138, 156, 61, 251, 125, 245, 145, 239, 159, 91, 84, 16, 188,
       255, 32, 165, 205, 59, 147, 1, 51, 110, 114, 247, 207, 215, 90,
       107, 154, 76, 133, 251, 33, 169, 89, 109, 50, 137, 97, 53, 100, 0,
       98, 8, 179, 1, 128, 16, 32, 170, 68, 76, 82, 184, 69, 61, 236,
       168, 36, 80, 97, 138, 194, 40, 236, 33, 156, 234, 169, 45, 65, 25,
       35, 181, 165, 24, 215, 83, 72, 27, 209, 86, 109, 56, 58, 70, 219,
       16, 201, 217, 85, 124, 130, 99, 198, 34, 54, 113, 114, 193, 93,
       111, 242, 200, 127, 160, 240, 10, 74, 92, 93, 148, 250, 221, 223,
       115, 8, 179, 217, 254, 63, 220, 3, 119, 101, 59, 82, 134, 184, 70,
       104, 44, 124, 75, 82, 88, 87, 174, 181, 187, 99, 13, 51, 25, 88,
       136, 7, 110, 108, 39, 73, 31, 115, 201, 225, 189, 119, 185, 86,
       203, 189, 65, 82, 65, 116, 15, 231, 112, 116, 136, 119, 114, 83,
       17, 189, 53, 122, 168, 22, 106, 233, 182, 101, 14, 102, 200, 32,
       132, 107, 185, 98, 161, 144, 71, 223, 229, 194, 98, 109, 71, 53,
       34, 250, 178, 53, 7, 32, 82, 110, 223, 135, 192, 104, 150, 1, 202,
       244, 192, 170, 129, 37, 217, 164, 160, 189, 67, 79, 238, 78, 3,
       71, 248, 71, 18, 245, 202, 115, 193, 185, 97, 90, 200, 38, 110,
       233, 39, 78, 61, 240, 235, 225, 60, 125, 187, 112, 160, 10, 239,
       42, 187, 119, 209, 190, 230, 31, 69, 92, 163, 172, 237, 50, 128,
       255, 107, 147, 213, 102, 186, 42, 255, 239, 87, 158, 235, 87, 30,
       189, 218, 136, 145, 58, 123, 115, 204, 185, 117, 173, 73, 119, 84,
       188, 151, 14, 17, 174, 59, 215, 0, 147, 184, 48, 69, 71, 249, 50,
       194, 74, 130, 171, 187, 100, 141, 148, 158, 221, 131, 166, 232,
       30, 178, 193, 10, 100, 226, 105, 65, 89, 234, 34, 98, 98, 67, 75,
       191, 60, 6, 207, 125, 144, 122, 48, 130, 36, 197, 10, 174, 124, 3,
       235, 105, 23, 32, 249, 11, 117, 233, 56, 64, 120, 201, 7, 227, 72,
       50, 75, 255, 116, 150, 139, 44, 117, 170, 112, 130, 114, 225, 198,
       220, 92, 131, 202, 232, 159, 176, 211, 10, 96, 232, 125, 66, 217,
       237, 107, 225, 10, 243, 203, 221, 25, 34, 205, 62, 53, 43, 80,
       128, 5, 15, 163, 158, 84, 135, 167, 224, 252, 132, 250, 70, 100,
       232, 49, 64, 120, 235, 2, 207, 192, 187, 156, 238, 52, 44, 143, 8,
       85, 123, 51, 192, 173, 188, 112, 115, 245, 125, 86, 179, 121, 110,
       61, 56, 219, 125, 143, 191, 159, 82, 213, 42, 252, 36, 120, 170,
       111, 223, 37, 247, 198, 239, 206, 247, 73, 154, 187, 236, 52, 220,
       105, 19, 111, 73, 91, 96, 191, 154, 128, 240, 230, 55, 60, 13,
       145, 24, 161, 213, 221, 253, 58, 200, 24, 128, 33, 105, 10, 253,
       50, 222, 127, 215, 191, 255, 159, 76, 220, 39, 108, 222, 54, 228,
       254, 59, 183, 195, 230, 155, 58, 255, 59, 125, 143, 235, 22, 14,
       173, 223, 75, 188, 253, 215, 188, 221, 249, 182, 255, 219, 22,
       172, 252, 255, 215, 118, 135, 115, 255, 29, 247, 72, 235, 243,
       206, 223, 127, 234, 134, 196, 79, 125, 121, 214, 111, 236, 54,
       155, 83, 56, 69, 204, 222, 238, 115, 93, 187, 112, 94, 244, 95,
       108, 237, 167, 109, 31, 250, 239, 161, 148, 125, 171, 116, 113,
       29, 221, 79, 239, 20, 230, 111, 240, 116, 138, 255, 66, 115, 115,
       185, 96, 121, 238, 30, 234, 235, 176, 121, 175, 253, 175, 167,
       128, 37, 251, 112, 169, 138, 240, 60, 185, 79, 221, 176, 111, 138,
       255, 16, 59, 172, 158, 78, 11, 143, 59, 243, 17, 70, 111, 210,
       209, 77, 81, 95, 251, 21, 12, 143, 219, 3, 24, 3, 155, 118, 247,
       170, 80, 30, 73, 91, 230, 252, 214, 180, 228, 126, 43, 23, 157,
       151, 152, 60, 255, 4, 62, 186, 192, 158, 143, 49, 221, 74, 240,
       62, 186, 105, 221, 48, 65, 175, 93, 69, 25, 46, 223, 106, 26, 164,
       25, 251, 17, 22, 75, 146, 241, 211, 209, 26, 123, 18, 4, 175, 211,
       6, 140, 178, 159, 213, 246, 190, 230, 159, 67, 90, 18, 236, 254,
       36, 96, 249, 123, 179, 195, 55, 250, 26, 255, 47, 118, 223, 75,
       148, 125, 189, 158, 17, 205, 78, 173, 20, 135, 111, 246, 84, 72,
       222, 66, 49, 18, 179, 97, 120, 228, 30, 237, 237, 153, 53, 191,
       181, 175, 175, 128, 61, 184, 120, 60, 194, 178, 166, 150, 235,
       213, 185, 99, 187, 253, 21, 187, 172, 254, 70, 143, 175, 63, 243,
       145, 150, 94, 154, 192, 29, 16, 223, 235, 135, 68, 175, 215, 100,
       172, 152, 30, 201, 173, 22, 234, 155, 154, 233, 9, 230, 240, 103,
       16, 153, 106, 226, 2, 70, 99, 218, 51, 59, 149, 5, 59, 88, 123,
       202, 130, 95, 237, 252, 247, 190, 45, 255, 255, 255, 251, 150,
       154, 253, 47, 214, 107, 111, 199, 127, 223, 187, 107, 239, 243,
       255, 223, 255, 244, 175, 253, 241, 89, 173, 177, 177, 71, 197, 14,
       103, 25, 105, 248, 43, 76, 218, 113, 92, 183, 152, 68, 112, 126,
       217, 112, 249, 0, 45, 248, 69, 36, 74, 174, 210, 36, 186, 23, 238,
       245, 198, 42, 237, 127, 125, 179, 254, 246, 75, 43, 156, 223, 127,
       215, 255, 161, 184, 245, 37, 202, 182, 235, 247, 132, 239, 248,
       247, 176, 174, 48, 250, 113, 109, 253, 184, 72, 251, 255, 53, 59,
       140, 156, 95, 43, 175, 153, 247, 17, 150, 118, 242, 192, 95, 89,
       83, 239, 199, 13, 79, 215, 254, 84, 114, 228, 151, 86, 94, 92, 49,
       38, 243, 27, 79, 31, 27, 223, 254, 213, 253, 226, 108, 151, 145,
       202, 179, 253, 130, 151, 39, 183, 238, 86, 104, 172, 152, 90, 233,
       233, 149, 238, 154, 23, 32, 25, 166, 232, 71, 152, 129, 122, 226,
       0, 50, 110, 202, 51, 79, 151, 85, 123, 208, 88, 79, 138, 159, 86,
       70, 7, 115, 18, 106, 176, 117, 78, 119, 230, 73, 70, 191, 244,
       118, 196, 150, 238, 229, 148, 45, 238, 54, 127, 162, 132, 47, 183,
       40, 85, 186, 91, 98, 70, 115, 146, 254, 112, 177, 204, 215, 231,
       105, 204, 183, 165, 126, 237, 151, 231, 228, 159, 36, 238, 118,
       121, 139, 131, 103, 166, 126, 221, 165, 86, 94, 83, 116, 47, 233,
       240, 117, 58, 119, 116, 83, 17, 175, 121, 127, 220, 6, 42, 224,
       244, 41, 76, 70, 139, 112, 4, 99, 177, 106, 161, 235, 242, 100,
       18, 235, 153, 188, 207, 251, 127, 36, 189, 8, 142, 94, 223, 167,
       75, 243, 149, 246, 94, 238, 241, 62, 26, 223, 239, 159, 20, 239,
       223, 5, 17, 252, 87, 236, 62, 253, 27, 204, 187, 63, 82, 220, 121,
       157, 111, 39, 22, 62, 42, 145, 224, 59, 192, 71, 191, 115, 132,
       218, 227, 201, 161, 61, 197, 77, 238, 94, 3, 199, 248, 199, 48,
       188, 74, 115, 193, 185, 113, 88, 192, 78, 234, 233, 35, 46, 189,
       112, 137, 165, 60, 127, 187, 80, 32, 137, 208, 27, 123, 97, 204,
       115, 116, 173, 89, 119, 84, 254, 223, 40, 49, 166, 59, 215, 2,
       211, 172, 58, 101, 199, 249, 48, 66, 74, 2, 171, 251, 186, 249,
       118, 207, 221, 223, 246, 236, 125, 100, 180, 11, 106, 92, 23, 149,
       252, 245, 223, 227, 238, 251, 121, 255, 63, 88, 135, 51, 71, 63,
       126, 222, 166, 249, 54, 159, 109, 95, 190, 236, 159, 172, 176, 11,
       108, 220, 119, 133, 252, 253, 251, 227, 100, 103, 91, 255, 63, 18,
       207, 59, 87, 63, 125, 223, 3, 155, 67, 159, 116, 150, 234, 82, 62,
       73, 90, 231, 185, 210, 182, 228, 126, 43, 23, 205, 135, 152, 6,
       255, 36, 60, 170, 192, 28, 135, 57, 221, 49, 69, 107, 12, 84, 147,
       195, 120, 84, 224, 251, 66, 83, 200, 183, 32, 120, 172, 22, 111,
       205, 179, 37, 28, 48, 44, 33, 20, 125, 170, 112, 228, 236, 97,
       149, 69, 73, 79, 67, 152, 43, 176, 165, 8, 210, 19, 73, 191, 144,
       212, 72, 122, 9, 102, 249, 0, 143, 216, 65, 52, 194, 179, 70, 32,
       218, 90, 127, 229, 38, 94, 127, 48, 169, 206, 246, 167, 95, 31,
       151, 91, 238, 245, 253, 239, 232, 245, 181, 200, 243, 251, 234,
       131, 39, 181, 116, 123, 226, 242, 223, 255, 110, 200, 253, 239,
       191, 27, 240, 246, 236, 222, 60, 91, 239, 153, 127, 129, 227, 71,
       202, 211, 148, 186, 254, 190, 29, 144, 163, 137, 61, 141, 67, 79,
       244, 150, 110, 249, 117, 200, 251, 70, 115, 224, 189, 244, 122,
       238, 54, 238, 221, 187, 45, 239, 62, 238, 167, 128, 111, 251, 248,
