%YAML:1.0
---
descriptors: !!opencv-matrix
   rows: 176
   cols: 32
   dt: u
   data: [ 10, 157, 187, 223, 215, 241, 191, 231, 159, 71, 92, 162, 188,
       255, 38, 100, 255, 123, 147, 129, 115, 152, 58, 255, 103, 119,
       158, 139, 158, 92, 181, 250, 11, 41, 119, 243, 188, 173, 249, 214,
       239, 249, 190, 78, 191, 239, 247, 44, 175, 187, 127, 221, 147,
       105, 171, 244, 222, 220, 63, 250, 214, 205, 97, 249, 11, 219, 183,
       251, 252, 157, 169, 215, 223, 29, 120, 84, 188, 158, 244, 228,
       207, 59, 54, 157, 147, 250, 114, 245, 47, 222, 190, 232, 210, 136,
       161, 253, 9, 89, 151, 191, 60, 132, 47, 158, 14, 200, 90, 70, 253,
       243, 49, 192, 244, 107, 63, 205, 131, 153, 19, 253, 229, 191, 170,
       128, 28, 91, 49, 169, 43, 190, 249, 255, 124, 245, 249, 223, 171,
       91, 252, 37, 188, 191, 221, 58, 207, 27, 255, 149, 131, 74, 234,
       209, 198, 221, 190, 174, 198, 212, 227, 251, 180, 77, 253, 101,
       180, 75, 103, 184, 116, 170, 122, 96, 243, 113, 145, 48, 122, 254,
       110, 106, 233, 240, 109, 46, 173, 174, 101, 0, 97, 251, 70, 169,
       109, 111, 177, 101, 52, 30, 71, 184, 105, 232, 62, 76, 222, 33,
       145, 183, 148, 68, 124, 110, 233, 240, 233, 46, 164, 249, 101,
       148, 74, 183, 66, 53, 235, 114, 126, 254, 108, 128, 253, 252, 253,
       90, 244, 254, 253, 203, 159, 123, 238, 243, 127, 201, 235, 111,
       198, 235, 214, 251, 254, 152, 79, 144, 99, 153, 49, 69, 107, 12,
       84, 19, 198, 120, 84, 224, 251, 70, 83, 200, 183, 96, 120, 172,
       22, 111, 205, 179, 37, 30, 112, 44, 162, 0, 125, 171, 112, 132,
       73, 77, 6, 223, 52, 190, 111, 186, 117, 64, 78, 64, 251, 97, 179,
       228, 82, 102, 56, 110, 205, 152, 45, 175, 230, 255, 134, 0, 62,
       247, 120, 108, 126, 109, 226, 71, 212, 18, 238, 160, 97, 228, 191,
       139, 67, 108, 223, 150, 122, 228, 253, 239, 204, 242, 237, 232,
       58, 109, 133, 149, 231, 247, 126, 84, 47, 255, 227, 64, 243, 223,
       239, 250, 11, 232, 92, 238, 72, 229, 247, 180, 31, 124, 147, 126,
       209, 26, 188, 254, 62, 28, 5, 246, 239, 255, 210, 245, 21, 85, 91,
       175, 54, 78, 239, 56, 52, 224, 91, 198, 213, 119, 153, 96, 118,
       205, 52, 239, 193, 176, 61, 14, 229, 173, 171, 132, 45, 243, 33,
       240, 61, 111, 255, 111, 254, 107, 94, 252, 23, 230, 255, 143, 99,
       237, 27, 17, 31, 238, 119, 110, 108, 243, 255, 191, 122, 239, 69,
       21, 231, 255, 230, 192, 82, 170, 148, 154, 139, 189, 20, 207, 251,
       191, 128, 9, 174, 250, 64, 223, 129, 115, 232, 17, 22, 75, 202,
       241, 155, 82, 95, 123, 146, 84, 143, 14, 247, 223, 205, 95, 146,
       34, 110, 191, 54, 162, 74, 246, 113, 102, 137, 113, 119, 254, 53,
       238, 249, 220, 237, 63, 44, 46, 237, 196, 173, 243, 144, 57, 181,
       223, 237, 167, 148, 47, 207, 188, 84, 234, 219, 206, 83, 108, 153,
       32, 61, 198, 124, 239, 253, 240, 109, 47, 248, 175, 165, 148, 237,
       251, 208, 49, 6, 239, 130, 159, 157, 211, 174, 226, 158, 140, 94,
       131, 236, 236, 55, 0, 217, 107, 179, 71, 70, 154, 74, 191, 188,
       116, 143, 171, 148, 127, 29, 206, 22, 253, 26, 158, 219, 231, 191,
       226, 23, 134, 124, 3, 108, 255, 35, 64, 255, 251, 131, 194, 98,
       154, 26, 255, 123, 199, 15, 75, 177, 123, 167, 195, 75, 190, 245,
       247, 190, 156, 121, 178, 255, 127, 30, 244, 253, 255, 214, 246,
       135, 115, 253, 29, 247, 72, 239, 247, 206, 255, 127, 226, 142,
       196, 7, 125, 3, 159, 243, 207, 180, 175, 239, 255, 95, 73, 122,
       230, 239, 191, 180, 228, 31, 122, 31, 140, 211, 184, 45, 255, 172,
       254, 54, 202, 255, 218, 225, 189, 5, 205, 134, 159, 212, 139, 166,
       168, 246, 146, 67, 2, 228, 224, 41, 69, 113, 110, 34, 234, 97,
       240, 11, 127, 172, 38, 199, 4, 128, 122, 49, 172, 125, 66, 77,
       236, 76, 3, 199, 120, 67, 162, 245, 202, 83, 73, 185, 107, 88,
       196, 38, 238, 201, 35, 239, 24, 82, 235, 225, 60, 117, 187, 112,
       160, 102, 169, 134, 30, 201, 149, 148, 204, 175, 17, 164, 9, 110,
       250, 110, 159, 201, 225, 235, 80, 30, 75, 138, 241, 155, 22, 95,
       123, 208, 30, 175, 14, 138, 137, 14, 154, 205, 209, 180, 69, 159,
       81, 68, 19, 172, 218, 38, 207, 200, 43, 187, 81, 118, 201, 82,
       245, 23, 83, 218, 75, 26, 12, 185, 142, 162, 234, 26, 155, 245,
       129, 188, 199, 30, 25, 116, 183, 172, 203, 102, 128, 255, 43, 131,
       149, 118, 62, 10, 243, 110, 21, 158, 235, 153, 12, 171, 155, 130,
       171, 18, 219, 211, 169, 177, 207, 63, 21, 100, 177, 172, 195, 102,
       12, 239, 59, 131, 16, 50, 218, 10, 243, 79, 20, 26, 107, 154, 4,
       175, 139, 36, 237, 128, 190, 220, 131, 38, 232, 18, 147, 97, 10,
       117, 226, 105, 81, 89, 106, 34, 114, 34, 98, 202, 63, 124, 135,
       199, 109, 144, 122, 48, 128, 4, 140, 134, 151, 148, 139, 166, 234,
       190, 147, 66, 18, 228, 226, 105, 75, 241, 110, 34, 18, 50, 216,
       11, 127, 44, 6, 223, 64, 128, 120, 161, 138, 187, 23, 239, 245,
       230, 106, 237, 127, 125, 231, 254, 246, 95, 47, 158, 95, 127, 199,
       127, 172, 185, 244, 101, 202, 246, 239, 247, 132, 239, 248, 229,
       241, 73, 77, 23, 103, 176, 142, 111, 53, 124, 200, 107, 64, 255,
       35, 145, 112, 178, 102, 124, 78, 193, 152, 61, 44, 224, 254, 100,
       0, 8, 178, 195, 57, 15, 151, 125, 239, 172, 118, 223, 121, 105,
       93, 253, 228, 223, 125, 190, 225, 222, 31, 255, 163, 157, 171,
       253, 213, 235, 249, 235, 215, 95, 230, 175, 247, 11, 178, 252,
       253, 60, 159, 248, 59, 255, 252, 118, 165, 255, 223, 222, 115,
       183, 61, 255, 29, 199, 252, 227, 221, 206, 251, 255, 231, 22, 164,
       73, 223, 48, 160, 198, 156, 94, 3, 192, 107, 94, 163, 242, 218,
       114, 232, 20, 9, 123, 237, 98, 169, 40, 255, 207, 95, 24, 6, 221,
       84, 229, 40, 114, 136, 3, 221, 59, 186, 76, 197, 188, 239, 206,
       91, 216, 75, 180, 252, 52, 32, 237, 59, 123, 129, 199, 43, 122,
       247, 53, 30, 158, 122, 93, 24, 177, 159, 137, 71, 85, 71, 180, 10,
       103, 180, 101, 168, 126, 228, 211, 33, 145, 245, 82, 108, 44, 110,
       193, 176, 205, 44, 228, 184, 101, 4, 74, 242, 64, 169, 14, 54,
       252, 227, 118, 127, 123, 216, 31, 239, 127, 175, 221, 125, 223,
       28, 23, 221, 159, 55, 161, 180, 109, 202, 70, 95, 33, 167, 190,
       255, 4, 115, 238, 242, 231, 22, 235, 84, 189, 89, 59, 255, 215,
       253, 88, 222, 223, 191, 183, 221, 253, 183, 183, 87, 239, 194, 95,
       123, 255, 206, 143, 165, 183, 119, 176, 22, 221, 101, 48, 10, 103,
       58, 116, 170, 114, 96, 243, 35, 129, 112, 127, 254, 110, 106, 105,
       248, 105, 14, 236, 174, 101, 0, 97, 240, 66, 169, 174, 232, 36,
       155, 77, 215, 190, 232, 31, 246, 212, 11, 236, 220, 127, 196, 249,
       89, 251, 231, 102, 119, 123, 251, 63, 83, 207, 63, 23, 63, 29,
       206, 56, 29, 123, 238, 23, 198, 87, 114, 148, 64, 254, 2, 127,
       255, 32, 96, 248, 251, 159, 226, 121, 171, 56, 191, 251, 239, 162,
       73, 51, 171, 100, 251, 43, 159, 234, 190, 247, 183, 190, 231, 95,
       77, 124, 167, 104, 232, 54, 64, 255, 107, 151, 133, 214, 187, 14,
       255, 126, 127, 143, 203, 215, 78, 253, 207, 104, 253, 186, 54,
       217, 220, 86, 228, 251, 149, 172, 8, 238, 244, 99, 246, 193, 250,
       232, 82, 78, 75, 186, 179, 251, 215, 23, 123, 2, 23, 46, 78, 108,
       181, 24, 59, 249, 237, 80, 141, 50, 185, 169, 25, 146, 115, 74,
       16, 153, 10, 64, 16, 31, 106, 219, 55, 239, 221, 21, 127, 216, 66,
       202, 146, 125, 112, 249, 227, 237, 63, 75, 152, 91, 251, 181, 92,
       219, 127, 93, 59, 221, 196, 125, 62, 139, 102, 249, 128, 223, 219,
       197, 124, 235, 251, 82, 48, 11, 181, 249, 251, 60, 237, 249, 223,
       175, 125, 189, 164, 188, 255, 222, 34, 239, 27, 95, 21, 147, 105,
       234, 209, 222, 221, 186, 186, 222, 198, 195, 249, 78, 164, 251,
       251, 236, 104, 253, 219, 171, 115, 191, 186, 221, 239, 220, 122,
       239, 223, 127, 154, 155, 119, 234, 209, 222, 255, 255, 252, 133,
       202, 167, 241, 27, 249, 99, 255, 84, 215, 238, 246, 127, 64, 122,
