%YAML:1.0
---
descriptors: !!opencv-matrix
   rows: 213
   cols: 32
   dt: u
   data: [ 73, 26, 59, 234, 48, 252, 120, 18, 111, 73, 91, 96, 191, 155,
       192, 240, 166, 61, 60, 29, 151, 28, 161, 213, 223, 253, 58, 200,
       24, 130, 33, 105, 202, 179, 166, 150, 251, 213, 184, 99, 171, 253,
       21, 187, 172, 254, 78, 143, 175, 63, 243, 145, 150, 79, 154, 192,
       31, 80, 223, 235, 135, 4, 191, 215, 236, 161, 152, 110, 217, 44,
       65, 153, 115, 181, 165, 24, 214, 51, 75, 26, 145, 222, 104, 56,
       58, 66, 251, 3, 223, 145, 85, 61, 162, 98, 198, 34, 189, 65, 83,
       65, 116, 15, 231, 112, 116, 8, 119, 114, 83, 17, 189, 53, 122,
       136, 6, 106, 233, 180, 101, 14, 102, 136, 32, 132, 107, 185, 96,
       161, 144, 71, 95, 231, 194, 98, 111, 87, 49, 6, 251, 242, 61, 7,
       0, 81, 110, 219, 7, 194, 120, 150, 1, 238, 244, 129, 234, 129, 37,
       217, 164, 160, 215, 222, 219, 190, 228, 121, 127, 190, 57, 206,
       242, 238, 255, 230, 195, 115, 255, 239, 126, 103, 169, 126, 239,
       239, 188, 246, 231, 200, 172, 249, 1, 125, 52, 197, 90, 174, 92,
       131, 250, 121, 23, 32, 249, 11, 119, 233, 58, 64, 122, 233, 23,
       227, 108, 51, 74, 191, 117, 134, 139, 44, 117, 171, 112, 130, 100,
       238, 152, 30, 201, 173, 22, 202, 154, 158, 169, 9, 230, 240, 103,
       16, 137, 122, 226, 2, 6, 99, 218, 51, 43, 151, 5, 59, 216, 123,
       74, 134, 5, 109, 163, 158, 84, 131, 167, 224, 252, 128, 250, 70,
       116, 248, 53, 64, 120, 235, 18, 207, 196, 179, 156, 238, 52, 60,
       143, 8, 93, 123, 51, 132, 216, 84, 114, 229, 23, 94, 126, 16, 33,
       164, 183, 27, 75, 31, 27, 214, 118, 213, 253, 234, 108, 151, 145,
       202, 243, 253, 130, 135, 39, 183, 110, 82, 6, 141, 178, 159, 213,
       230, 191, 230, 159, 3, 90, 18, 236, 254, 36, 104, 249, 123, 179,
       147, 54, 250, 58, 255, 45, 54, 223, 75, 148, 125, 181, 222, 36,
       237, 148, 158, 221, 131, 6, 232, 158, 182, 65, 10, 100, 224, 105,
       193, 217, 238, 34, 114, 98, 114, 90, 255, 61, 6, 207, 63, 144,
       122, 20, 130, 107, 122, 247, 244, 103, 92, 125, 20, 169, 206, 246,
       171, 127, 159, 215, 255, 238, 245, 245, 207, 201, 246, 166, 200,
       87, 251, 254, 130, 103, 245, 102, 127, 34, 225, 206, 220, 92, 195,
       170, 104, 158, 176, 225, 2, 96, 234, 109, 66, 217, 237, 107, 226,
       2, 211, 203, 221, 29, 42, 207, 47, 17, 34, 115, 130, 3, 152, 3,
       187, 118, 247, 106, 82, 30, 73, 91, 230, 252, 214, 176, 228, 246,
       43, 23, 157, 151, 152, 60, 255, 4, 62, 186, 192, 156, 143, 49,
       221, 159, 255, 111, 199, 254, 83, 239, 248, 55, 248, 156, 238, 89,
       110, 223, 51, 62, 223, 87, 254, 251, 83, 173, 252, 126, 73, 175,
       164, 47, 247, 242, 245, 26, 92, 126, 222, 119, 247, 191, 246, 157,
       78, 255, 167, 108, 255, 183, 228, 254, 251, 151, 163, 229, 147,
       58, 255, 119, 127, 170, 139, 31, 127, 125, 255, 29, 221, 207, 239,
       20, 166, 111, 240, 116, 138, 251, 66, 113, 115, 185, 96, 123, 238,
       31, 234, 235, 184, 57, 175, 253, 175, 167, 128, 45, 251, 112, 168,
       170, 156, 189, 186, 125, 229, 145, 239, 158, 91, 84, 19, 188, 253,
       32, 105, 201, 59, 179, 1, 51, 110, 122, 247, 79, 83, 218, 107,
       146, 76, 181, 251, 82, 180, 158, 154, 155, 225, 188, 111, 190, 87,
       137, 185, 236, 254, 110, 75, 183, 19, 251, 145, 54, 73, 139, 247,
       153, 55, 94, 235, 144, 68, 175, 95, 26, 240, 63, 186, 105, 205,
       49, 69, 175, 93, 69, 25, 174, 223, 106, 27, 164, 59, 251, 17, 22,
       11, 178, 241, 211, 209, 26, 107, 18, 4, 167, 251, 250, 21, 246,
       245, 198, 106, 109, 127, 125, 227, 254, 50, 95, 63, 156, 127, 123,
       215, 255, 161, 185, 245, 5, 202, 247, 235, 255, 132, 231, 252,
       245, 179, 47, 60, 224, 123, 185, 181, 216, 218, 175, 253, 188,
       173, 168, 254, 215, 62, 207, 251, 223, 149, 142, 75, 234, 224, 95,
       221, 159, 190, 199, 215, 99, 215, 4, 233, 134, 151, 221, 143, 167,
       168, 190, 179, 67, 2, 228, 224, 105, 67, 49, 110, 34, 114, 34,
       240, 155, 125, 45, 38, 207, 68, 128, 106, 17, 128, 17, 205, 79,
       173, 20, 135, 239, 246, 68, 72, 222, 66, 49, 24, 177, 97, 120,
       224, 30, 237, 233, 185, 53, 191, 181, 175, 175, 128, 61, 184, 120,
       188, 96, 201, 89, 109, 112, 201, 65, 55, 232, 4, 110, 40, 179, 1,
       128, 16, 2, 162, 68, 72, 74, 184, 192, 61, 236, 169, 32, 80, 96,
       138, 70, 40, 138, 220, 43, 255, 215, 193, 191, 231, 159, 71, 92,
       179, 188, 223, 33, 96, 255, 123, 147, 193, 99, 158, 50, 255, 103,
       119, 158, 139, 22, 28, 181, 250, 58, 253, 50, 158, 127, 215, 191,
       255, 159, 76, 220, 39, 108, 222, 54, 196, 254, 59, 151, 195, 230,
       187, 58, 255, 123, 117, 143, 235, 23, 14, 189, 223, 10, 239, 42,
       187, 247, 193, 191, 231, 31, 69, 92, 163, 172, 237, 50, 0, 235,
       123, 147, 213, 102, 154, 42, 255, 239, 87, 159, 235, 87, 28, 181,
       218, 187, 95, 98, 4, 119, 146, 254, 112, 225, 204, 87, 167, 105,
       204, 182, 180, 126, 237, 151, 239, 236, 151, 36, 206, 50, 126,
       137, 131, 111, 166, 126, 213, 159, 86, 70, 7, 115, 26, 106, 112,
       117, 78, 119, 230, 73, 6, 191, 244, 54, 196, 150, 238, 229, 148,
       45, 238, 54, 127, 160, 130, 111, 183, 104, 85, 220, 124, 244, 119,
       99, 126, 126, 180, 121, 246, 119, 152, 91, 63, 159, 185, 55, 221,
       149, 238, 172, 244, 125, 234, 255, 251, 117, 133, 231, 247, 78,
       115, 254, 44, 240, 115, 245, 125, 254, 176, 121, 103, 63, 24, 203,
       125, 159, 189, 191, 211, 213, 42, 188, 116, 124, 234, 175, 223,
       81, 179, 231, 239, 78, 71, 133, 70, 94, 87, 96, 63, 233, 176, 117,
       26, 119, 116, 83, 81, 175, 127, 63, 212, 6, 42, 224, 244, 41, 76,
       70, 187, 115, 4, 99, 249, 104, 161, 126, 221, 23, 190, 153, 211,
       86, 173, 133, 0, 169, 9, 110, 254, 44, 245, 208, 243, 232, 98,
       125, 3, 90, 189, 187, 240, 5, 27, 18, 63, 172, 22, 40, 172, 144,
       58, 233, 249, 151, 238, 154, 23, 40, 25, 166, 232, 71, 152, 129,
       123, 226, 0, 38, 110, 202, 51, 77, 151, 85, 123, 208, 92, 71, 202,
       175, 96, 225, 195, 108, 123, 203, 216, 83, 254, 181, 186, 81, 77,
       223, 46, 89, 216, 151, 255, 171, 118, 109, 178, 15, 95, 165, 189,
       247, 255, 86, 244, 152, 93, 62, 222, 21, 223, 244, 119, 244, 8,
       126, 2, 58, 153, 32, 197, 104, 58, 139, 8, 96, 185, 48, 191, 243,
       233, 18, 1, 115, 26, 125, 170, 189, 199, 77, 206, 92, 3, 199, 248,
       199, 0, 188, 74, 115, 201, 185, 113, 88, 192, 78, 238, 201, 35,
       110, 189, 114, 137, 165, 60, 127, 187, 112, 32, 231, 222, 212,
       222, 109, 149, 222, 236, 203, 158, 244, 46, 104, 232, 239, 151,
       205, 243, 226, 194, 102, 103, 202, 249, 54, 26, 197, 187, 91, 255,
       72, 143, 234, 202, 244, 26, 235, 153, 182, 206, 219, 95, 116, 191,
       40, 236, 103, 159, 207, 235, 226, 87, 230, 110, 238, 241, 62, 26,
       86, 43, 211, 93, 239, 207, 94, 181, 144, 186, 155, 225, 19, 169,
       47, 85, 201, 185, 204, 246, 74, 84, 183, 155, 253, 145, 30, 10,
       219, 211, 153, 247, 31, 239, 178, 70, 167, 83, 120, 241, 1, 160,
       217, 221, 84, 253, 35, 233, 136, 109, 31, 159, 74, 144, 148, 159,
       197, 117, 95, 26, 216, 21, 187, 197, 45, 254, 40, 22, 138, 83,
       235, 242, 100, 26, 235, 209, 188, 207, 251, 127, 37, 189, 8, 206,
       94, 223, 167, 139, 243, 149, 246, 94, 254, 245, 62, 89, 223, 239,
       215, 20, 239, 223, 53, 65, 107, 12, 84, 19, 195, 120, 84, 192,
       251, 78, 83, 200, 181, 32, 120, 168, 22, 111, 205, 179, 37, 28,
       48, 44, 161, 24, 125, 170, 112, 228, 142, 178, 166, 146, 235, 245,
       185, 79, 187, 127, 21, 187, 140, 222, 78, 139, 175, 27, 243, 145,
       182, 95, 154, 209, 31, 81, 223, 239, 134, 4, 191, 215, 202, 36,
       182, 156, 9, 253, 176, 75, 191, 151, 198, 25, 236, 254, 102, 207,
       193, 127, 235, 1, 54, 71, 250, 211, 159, 119, 95, 59, 146, 101,
       173, 70, 138, 188, 60, 154, 253, 253, 177, 231, 157, 94, 180, 59,
       172, 218, 38, 11, 201, 35, 219, 49, 54, 111, 82, 253, 223, 83, 90,
