%YAML:1.0
---
descriptors: !!opencv-matrix
   rows: 200
   cols: 32
   dt: u
   data: [ 42, 143, 106, 186, 255, 243, 187, 103, 223, 77, 92, 163, 104,
       236, 54, 64, 255, 43, 151, 149, 182, 187, 46, 255, 127, 119, 143,
       203, 215, 78, 245, 251, 2, 60, 188, 177, 171, 253, 53, 7, 191,
       215, 4, 157, 174, 39, 71, 27, 167, 51, 233, 20, 52, 76, 50, 240,
       207, 83, 94, 51, 128, 212, 143, 126, 123, 82, 247, 228, 111, 92,
       93, 16, 169, 206, 182, 175, 127, 31, 151, 127, 230, 245, 253, 239,
       205, 71, 247, 200, 211, 251, 234, 155, 39, 247, 103, 127, 215,
       205, 22, 188, 173, 112, 158, 233, 152, 210, 144, 49, 237, 250,
       107, 203, 215, 99, 221, 231, 116, 69, 138, 248, 184, 211, 207,
       191, 148, 116, 169, 199, 184, 253, 88, 40, 91, 69, 87, 248, 19,
       18, 160, 27, 119, 91, 41, 17, 250, 217, 71, 226, 106, 39, 90, 63,
       243, 193, 33, 63, 113, 49, 38, 139, 2, 224, 16, 155, 109, 221,
       184, 72, 142, 29, 81, 27, 172, 158, 118, 205, 206, 25, 219, 17, 6,
       10, 82, 209, 5, 16, 154, 235, 20, 13, 13, 199, 153, 65, 66, 37,
       16, 10, 110, 53, 116, 32, 66, 196, 211, 3, 144, 212, 112, 236, 34,
       236, 105, 152, 69, 14, 164, 174, 130, 0, 42, 176, 112, 136, 126,
       125, 228, 86, 205, 85, 214, 230, 203, 246, 188, 11, 42, 252, 119,
       167, 232, 226, 211, 199, 204, 107, 250, 224, 51, 88, 197, 59, 87,
       127, 126, 222, 188, 85, 101, 67, 95, 95, 199, 248, 85, 100, 245,
       26, 83, 85, 157, 37, 88, 152, 83, 234, 233, 246, 125, 31, 55, 200,
       129, 52, 119, 57, 86, 246, 189, 93, 65, 71, 85, 95, 230, 240, 85,
       224, 250, 78, 115, 108, 21, 164, 120, 232, 2, 238, 205, 178, 125,
       44, 53, 140, 133, 0, 107, 187, 116, 252, 95, 115, 105, 102, 163,
       86, 31, 184, 41, 204, 55, 165, 89, 127, 223, 116, 150, 213, 253,
       238, 141, 208, 189, 232, 227, 121, 47, 135, 6, 183, 39, 119, 188,
       20, 122, 252, 222, 98, 213, 107, 21, 162, 243, 51, 83, 61, 33, 9,
       91, 157, 23, 162, 40, 247, 81, 142, 115, 235, 113, 21, 119, 232,
       100, 130, 44, 6, 238, 93, 228, 126, 237, 50, 124, 222, 127, 145,
       211, 109, 159, 107, 89, 6, 7, 46, 168, 244, 101, 12, 71, 59, 240,
       129, 199, 233, 124, 224, 238, 62, 182, 116, 171, 124, 92, 135,
       187, 255, 166, 57, 78, 191, 71, 159, 167, 247, 253, 145, 60, 71,
       162, 192, 155, 250, 95, 187, 130, 117, 175, 87, 198, 124, 190,
       180, 107, 120, 185, 74, 187, 254, 52, 57, 172, 254, 71, 107, 163,
       117, 255, 3, 37, 69, 178, 224, 215, 115, 95, 43, 138, 117, 39,
       223, 218, 94, 246, 252, 41, 116, 92, 22, 185, 222, 150, 181, 110,
       63, 7, 223, 231, 247, 253, 131, 236, 69, 163, 226, 211, 251, 220,
       147, 166, 245, 44, 95, 106, 95, 111, 174, 107, 212, 222, 112, 137,
       204, 156, 175, 44, 223, 55, 66, 238, 241, 223, 199, 205, 3, 178,
       233, 115, 121, 170, 187, 23, 55, 63, 223, 73, 130, 222, 183, 116,
       6, 105, 62, 127, 203, 87, 198, 253, 35, 178, 112, 119, 236, 63,
       188, 161, 220, 133, 206, 206, 191, 247, 132, 172, 160, 113, 57,
       15, 121, 246, 186, 106, 196, 188, 80, 173, 216, 242, 231, 188,
       223, 103, 91, 230, 121, 191, 215, 195, 131, 146, 224, 214, 217,
       170, 138, 14, 151, 33, 219, 9, 174, 241, 71, 112, 58, 235, 58,
       127, 169, 123, 228, 255, 39, 148, 180, 54, 28, 110, 60, 145, 184,
       173, 93, 14, 255, 35, 196, 230, 162, 67, 177, 9, 163, 113, 69,
       118, 59, 234, 58, 111, 225, 127, 234, 251, 120, 148, 164, 54, 12,
       118, 40, 151, 184, 109, 157, 206, 253, 33, 196, 110, 170, 89, 165,
       109, 79, 21, 103, 48, 30, 103, 180, 104, 232, 58, 76, 251, 33,
       129, 183, 148, 100, 108, 110, 225, 240, 233, 44, 228, 235, 101,
       16, 74, 179, 67, 57, 220, 35, 215, 117, 162, 122, 57, 216, 57,
       190, 119, 240, 75, 103, 141, 59, 55, 85, 228, 114, 48, 212, 169,
       74, 94, 227, 99, 135, 227, 225, 71, 161, 89, 134, 251, 229, 118,
       42, 233, 59, 120, 67, 127, 246, 95, 41, 184, 112, 55, 133, 52,
       189, 177, 181, 37, 78, 252, 239, 50, 196, 237, 128, 227, 161, 237,
       112, 181, 71, 9, 15, 71, 24, 107, 242, 35, 76, 222, 113, 73, 191,
       145, 68, 120, 110, 193, 116, 249, 8, 133, 154, 69, 54, 202, 127,
       66, 54, 144, 141, 78, 191, 214, 130, 106, 105, 86, 1, 219, 18,
       113, 195, 32, 64, 120, 170, 34, 184, 122, 155, 15, 255, 120, 166,
       170, 72, 49, 138, 240, 136, 149, 251, 79, 255, 148, 139, 111, 252,
       118, 96, 210, 198, 243, 227, 185, 112, 127, 234, 54, 206, 235,
       216, 93, 63, 252, 174, 231, 192, 45, 179, 226, 168, 240, 229, 4,
       170, 28, 139, 70, 104, 140, 32, 169, 11, 198, 66, 40, 81, 248,
       129, 74, 99, 120, 47, 72, 95, 176, 128, 139, 121, 49, 10, 50, 130,
       224, 65, 143, 140, 76, 9, 100, 64, 44, 50, 224, 138, 166, 130, 33,
       91, 104, 201, 74, 234, 72, 167, 67, 73, 148, 32, 202, 56, 80, 122,
       32, 8, 1, 128, 148, 163, 68, 8, 224, 141, 100, 17, 67, 82, 241, 3,
       152, 224, 105, 10, 106, 24, 19, 184, 79, 33, 12, 166, 178, 64,
       232, 138, 217, 168, 234, 168, 222, 88, 235, 241, 24, 79, 187, 31,
       164, 56, 44, 254, 68, 191, 239, 187, 239, 144, 62, 79, 170, 241,
       27, 243, 95, 251, 211, 68, 175, 31, 21, 78, 203, 247, 100, 170,
       107, 208, 118, 130, 251, 230, 115, 225, 185, 96, 123, 236, 46,
       222, 137, 180, 205, 106, 220, 174, 167, 128, 173, 251, 112, 160,
       113, 167, 109, 229, 54, 43, 77, 63, 68, 234, 190, 238, 211, 35,
       208, 51, 95, 198, 124, 172, 249, 216, 229, 14, 254, 207, 229, 180,
       37, 234, 208, 41, 158, 63, 242, 116, 115, 50, 59, 64, 185, 166,
       181, 185, 79, 247, 207, 191, 54, 245, 197, 242, 160, 215, 172,
       202, 218, 195, 109, 135, 231, 245, 47, 231, 147, 133, 23, 223,
       194, 130, 172, 101, 188, 2, 211, 82, 124, 226, 48, 97, 102, 167,
       123, 170, 112, 153, 13, 223, 180, 34, 218, 192, 37, 130, 161, 168,
       31, 151, 135, 161, 183, 178, 174, 103, 45, 201, 219, 247, 204,
       126, 44, 228, 247, 47, 159, 181, 149, 153, 5, 206, 184, 118, 158,
       198, 142, 70, 177, 85, 21, 237, 219, 251, 180, 203, 231, 253, 118,
       249, 251, 98, 243, 241, 184, 96, 123, 110, 62, 90, 115, 248, 235,
       119, 253, 175, 167, 196, 245, 218, 225, 225, 252, 76, 255, 254,
       137, 104, 87, 174, 177, 150, 166, 56, 127, 119, 9, 95, 97, 246,
       237, 106, 104, 71, 234, 42, 243, 227, 101, 25, 34, 241, 166, 98,
       218, 157, 63, 158, 185, 208, 23, 237, 173, 216, 150, 169, 254,
       254, 46, 119, 238, 243, 255, 227, 125, 75, 42, 253, 251, 241, 79,
       219, 18, 36, 165, 127, 171, 173, 98, 24, 221, 213, 249, 231, 223,
       76, 252, 15, 40, 204, 118, 180, 233, 171, 147, 149, 254, 43, 54,
       255, 63, 93, 151, 235, 87, 12, 126, 222, 56, 157, 122, 110, 244,
       207, 119, 245, 68, 72, 254, 2, 123, 253, 32, 112, 120, 242, 6,
       106, 217, 187, 56, 63, 123, 237, 37, 0, 115, 170, 228, 171, 7, 89,
       67, 155, 118, 215, 234, 208, 94, 73, 91, 70, 60, 222, 181, 228,
       126, 43, 23, 223, 135, 154, 60, 255, 36, 44, 170, 192, 29, 143,
       49, 213, 131, 159, 66, 155, 112, 151, 234, 114, 60, 73, 90, 199,
       189, 194, 182, 196, 126, 43, 23, 221, 151, 152, 6, 255, 36, 60,
       170, 192, 63, 133, 57, 157, 184, 116, 85, 190, 91, 99, 83, 250,
       23, 178, 161, 120, 127, 83, 9, 25, 95, 153, 198, 162, 107, 102,
       89, 31, 209, 195, 81, 62, 123, 113, 38, 187, 181, 77, 15, 99, 148,
       126, 230, 151, 116, 67, 235, 16, 211, 32, 29, 97, 89, 198, 2, 58,
       121, 188, 121, 46, 173, 175, 148, 68, 201, 91, 240, 160, 187, 95,
       102, 6, 119, 146, 254, 112, 153, 204, 214, 231, 104, 236, 182,
       134, 126, 237, 151, 231, 228, 159, 36, 238, 50, 127, 143, 131,
       111, 183, 126, 221, 164, 84, 101, 91, 4, 75, 229, 56, 197, 246,
       183, 186, 211, 85, 157, 47, 73, 212, 127, 106, 105, 244, 125, 28,
       69, 138, 97, 20, 119, 185, 86, 240, 172, 92, 103, 87, 36, 91, 231,
       56, 253, 246, 247, 176, 211, 69, 149, 175, 75, 244, 78, 106, 105,
       244, 125, 108, 37, 218, 101, 20, 103, 185, 84, 244, 60, 233, 146,
