%YAML:1.0
---
descriptors: !!opencv-matrix
   rows: 183
   cols: 32
   dt: u
   data: [ 190, 173, 96, 71, 253, 95, 254, 236, 73, 100, 254, 11, 106,
       92, 31, 149, 250, 223, 223, 231, 236, 187, 253, 237, 63, 89, 132,
       51, 71, 191, 94, 222, 73, 154, 59, 238, 52, 252, 121, 18, 111, 73,
       91, 64, 191, 159, 192, 240, 230, 63, 124, 13, 147, 24, 163, 213,
       215, 253, 58, 200, 8, 130, 33, 121, 234, 156, 166, 158, 239, 116,
       188, 67, 155, 223, 85, 191, 172, 254, 118, 207, 239, 119, 179,
       133, 52, 75, 146, 224, 29, 51, 222, 171, 143, 108, 189, 223, 234,
       178, 162, 148, 239, 80, 184, 71, 187, 255, 17, 191, 172, 172, 94,
       143, 175, 63, 243, 149, 246, 94, 150, 193, 31, 18, 222, 235, 199,
       68, 191, 223, 190, 96, 114, 229, 125, 91, 242, 204, 127, 172, 250,
       11, 74, 92, 85, 20, 250, 253, 206, 243, 12, 179, 233, 222, 191,
       220, 135, 55, 103, 191, 70, 134, 189, 65, 77, 238, 78, 3, 199,
       248, 198, 0, 245, 202, 115, 201, 185, 97, 88, 192, 38, 111, 235,
       35, 62, 189, 242, 235, 225, 60, 127, 187, 112, 160, 142, 176, 184,
       243, 253, 239, 249, 218, 31, 123, 215, 58, 220, 223, 104, 104,
       255, 27, 191, 17, 51, 254, 123, 215, 207, 223, 155, 246, 158, 73,
       149, 243, 138, 255, 58, 219, 255, 213, 191, 255, 159, 76, 92, 39,
       172, 222, 54, 64, 255, 59, 151, 211, 242, 186, 58, 255, 127, 92,
       174, 235, 22, 12, 165, 223, 6, 204, 26, 190, 245, 231, 182, 230,
       158, 7, 94, 19, 236, 254, 35, 64, 251, 123, 131, 195, 54, 186, 26,
       255, 239, 55, 159, 75, 148, 121, 189, 138, 98, 161, 198, 220, 92,
       131, 202, 104, 159, 176, 193, 10, 96, 232, 117, 82, 217, 237, 123,
       243, 74, 211, 203, 221, 25, 42, 205, 60, 21, 42, 112, 128, 42,
       225, 112, 137, 109, 221, 216, 72, 79, 53, 177, 11, 142, 28, 86,
       140, 202, 153, 223, 81, 14, 38, 90, 209, 151, 152, 139, 127, 87,
       15, 95, 198, 3, 31, 67, 159, 116, 166, 234, 114, 60, 73, 91, 231,
       253, 254, 182, 196, 118, 43, 23, 141, 151, 152, 5, 255, 4, 62,
       186, 128, 28, 134, 57, 221, 187, 214, 107, 236, 52, 131, 75, 120,
       23, 236, 214, 231, 115, 77, 186, 96, 92, 228, 31, 239, 235, 135,
       109, 159, 242, 111, 169, 148, 61, 170, 116, 113, 29, 221, 83, 207,
       212, 166, 111, 248, 117, 194, 251, 70, 115, 115, 185, 244, 123,
       238, 30, 234, 233, 178, 109, 239, 188, 238, 167, 0, 47, 251, 112,
       185, 227, 242, 221, 222, 108, 197, 221, 253, 187, 95, 241, 254,
       252, 222, 222, 91, 206, 187, 127, 128, 227, 79, 202, 211, 182,
       186, 254, 186, 29, 144, 163, 157, 183, 181, 20, 131, 223, 47, 130,
       200, 15, 177, 169, 95, 198, 122, 76, 11, 185, 199, 74, 55, 55, 99,
       91, 214, 157, 18, 79, 126, 153, 75, 155, 150, 22, 187, 127, 240,
       190, 237, 249, 218, 191, 253, 155, 239, 158, 252, 87, 9, 175, 179,
       255, 149, 147, 107, 47, 244, 154, 88, 47, 254, 221, 141, 37, 85,
       139, 242, 255, 254, 44, 213, 93, 31, 95, 95, 215, 119, 255, 223,
       154, 105, 223, 147, 255, 135, 239, 244, 107, 193, 214, 219, 254,
       136, 14, 220, 161, 121, 31, 126, 255, 225, 118, 187, 251, 210, 43,
       253, 94, 238, 93, 143, 215, 33, 127, 221, 247, 189, 131, 240, 173,
       248, 254, 89, 175, 196, 175, 247, 35, 241, 82, 225, 17, 128, 25,
       201, 18, 174, 171, 117, 136, 9, 174, 138, 74, 134, 129, 207, 232,
       81, 79, 75, 218, 245, 185, 212, 30, 127, 0, 20, 143, 94, 10, 187,
       146, 75, 235, 189, 185, 199, 171, 29, 108, 173, 172, 199, 102,
       142, 175, 59, 227, 144, 18, 26, 154, 241, 13, 84, 30, 235, 210,
       70, 167, 223, 47, 106, 226, 192, 101, 55, 250, 216, 83, 238, 124,
       143, 9, 141, 247, 168, 127, 137, 151, 159, 132, 182, 164, 194, 94,
       77, 179, 237, 255, 255, 122, 213, 15, 27, 58, 3, 242, 190, 178,
       48, 45, 232, 95, 101, 220, 60, 135, 173, 166, 101, 222, 119, 133,
       176, 41, 236, 14, 89, 43, 194, 206, 167, 9, 87, 26, 240, 54, 186,
       75, 213, 16, 205, 175, 93, 193, 17, 44, 223, 106, 153, 160, 27,
       235, 17, 22, 75, 146, 241, 211, 209, 26, 107, 146, 4, 175, 211,
       142, 48, 187, 241, 111, 237, 185, 88, 127, 253, 117, 51, 140, 221,
       95, 11, 191, 153, 247, 17, 130, 119, 186, 192, 223, 217, 95, 239,
       199, 13, 103, 243, 175, 122, 240, 26, 235, 177, 178, 200, 219, 30,
       117, 191, 104, 234, 111, 157, 223, 235, 162, 87, 166, 102, 238,
       243, 30, 26, 87, 43, 219, 127, 107, 215, 254, 90, 254, 245, 36,
       30, 253, 48, 249, 222, 246, 183, 255, 63, 183, 91, 230, 245, 253,
       239, 232, 229, 225, 202, 210, 251, 226, 147, 39, 253, 117, 123,
       202, 176, 162, 146, 239, 244, 184, 71, 187, 95, 85, 191, 140, 206,
       94, 143, 175, 31, 243, 149, 54, 94, 154, 193, 31, 83, 222, 235,
       135, 4, 191, 215, 153, 77, 63, 247, 5, 222, 108, 119, 252, 200,
       94, 2, 253, 183, 177, 225, 96, 55, 63, 201, 225, 153, 48, 236,
       243, 235, 250, 1, 34, 186, 109, 40, 170, 156, 62, 154, 253, 249,
       176, 231, 157, 94, 132, 59, 172, 218, 38, 207, 201, 51, 219, 49,
       118, 79, 82, 255, 127, 83, 90, 123, 154, 12, 189, 207, 77, 146,
       59, 250, 53, 188, 123, 16, 233, 73, 127, 116, 191, 223, 232, 240,
       230, 59, 29, 26, 147, 144, 186, 245, 215, 253, 58, 200, 128, 131,
       33, 115, 254, 249, 102, 206, 253, 223, 222, 236, 125, 100, 244,
       11, 106, 92, 23, 149, 248, 245, 223, 227, 238, 187, 125, 253, 63,
       249, 135, 51, 103, 63, 126, 222, 166, 249, 54, 158, 205, 95, 190,
       236, 159, 236, 176, 11, 108, 220, 127, 133, 252, 249, 251, 227,
       102, 103, 90, 255, 63, 80, 207, 63, 87, 63, 127, 222, 49, 65, 107,
       12, 84, 151, 195, 120, 84, 224, 251, 66, 83, 216, 191, 32, 120,
       172, 22, 111, 205, 179, 53, 28, 48, 44, 33, 20, 125, 170, 120,
       228, 77, 191, 175, 157, 248, 255, 175, 123, 254, 255, 255, 244,
       221, 247, 202, 114, 127, 238, 254, 156, 179, 219, 255, 211, 220,
       183, 255, 236, 154, 224, 167, 241, 121, 22, 111, 236, 116, 43,
       219, 58, 69, 236, 222, 239, 83, 13, 146, 96, 126, 132, 95, 45,
       137, 183, 101, 159, 242, 239, 161, 148, 111, 174, 116, 113, 31,
       143, 226, 207, 244, 146, 238, 249, 119, 192, 255, 198, 105, 232,
       183, 228, 127, 238, 54, 223, 223, 186, 13, 255, 62, 110, 167, 128,
       239, 247, 248, 141, 228, 160, 149, 65, 73, 79, 67, 152, 51, 181,
       37, 24, 82, 83, 72, 31, 153, 212, 104, 122, 26, 116, 249, 16, 79,
       218, 65, 116, 194, 35, 70, 162, 71, 233, 232, 247, 252, 153, 239,
       252, 127, 251, 183, 138, 249, 234, 223, 123, 123, 207, 127, 223,
       227, 123, 239, 241, 254, 223, 255, 252, 141, 251, 243, 232, 100,
       164, 152, 99, 217, 45, 85, 157, 50, 183, 173, 29, 210, 81, 75, 26,
       153, 78, 96, 56, 26, 102, 219, 19, 111, 157, 21, 125, 200, 66,
       202, 130, 137, 178, 255, 255, 238, 223, 189, 249, 190, 127, 87,
       246, 221, 255, 250, 227, 127, 95, 255, 140, 247, 221, 175, 247,
       126, 251, 255, 228, 30, 172, 173, 241, 6, 140, 182, 157, 213, 231,
       191, 226, 159, 5, 90, 2, 172, 255, 35, 68, 249, 123, 179, 209, 50,
       250, 50, 255, 45, 54, 159, 67, 144, 121, 37, 234, 9, 246, 253,
       255, 238, 127, 253, 223, 127, 255, 255, 247, 221, 253, 155, 107,
       127, 223, 255, 157, 165, 247, 239, 216, 222, 255, 255, 180, 255,
       252, 245, 249, 239, 154, 255, 213, 236, 31, 253, 59, 127, 255,
       247, 252, 217, 191, 214, 251, 239, 253, 255, 142, 241, 254, 255,
       227, 94, 251, 247, 228, 78, 172, 197, 241, 89, 167, 0, 101, 144,
       62, 96, 191, 116, 9, 110, 80, 179, 35, 136, 240, 81, 142, 108, 12,
       187, 152, 197, 7, 174, 237, 52, 192, 106, 128, 200, 40, 2, 239, 2,
       159, 212, 131, 166, 230, 30, 136, 90, 226, 224, 224, 181, 196, 89,
       122, 2, 67, 66, 152, 78, 255, 44, 52, 143, 171, 28, 95, 17, 140,
       55, 107, 232, 5, 204, 27, 70, 136, 97, 228, 254, 168, 195, 8, 151,
       52, 88, 204, 228, 239, 204, 178, 237, 40, 38, 108, 165, 181, 103,
       255, 90, 196, 175, 148, 240, 247, 181, 125, 222, 59, 89, 111, 61,
