%YAML:1.0
---
descriptors: !!opencv-matrix
   rows: 225
   cols: 32
   dt: u
   data: [ 11, 219, 55, 249, 125, 149, 185, 214, 223, 25, 120, 68, 188,
       254, 244, 228, 207, 59, 55, 9, 147, 42, 114, 245, 15, 220, 186,
       234, 90, 24, 161, 185, 33, 123, 121, 69, 116, 11, 103, 113, 112,
       4, 126, 236, 83, 65, 145, 52, 126, 184, 6, 106, 201, 178, 109, 28,
       102, 141, 36, 128, 101, 186, 70, 185, 110, 113, 62, 172, 105, 221,
       178, 104, 239, 212, 221, 11, 236, 222, 106, 210, 254, 253, 235,
       99, 70, 35, 218, 221, 251, 113, 15, 63, 90, 47, 45, 87, 61, 203,
       106, 235, 118, 147, 251, 244, 69, 76, 254, 167, 27, 140, 183, 96,
       126, 169, 151, 247, 204, 187, 36, 172, 114, 237, 166, 193, 117,
       158, 124, 223, 78, 189, 190, 158, 253, 255, 190, 238, 191, 255,
       215, 59, 236, 252, 127, 79, 255, 127, 251, 211, 246, 203, 219,
       255, 255, 119, 95, 255, 134, 125, 173, 223, 181, 98, 201, 109,
       110, 35, 195, 88, 82, 170, 245, 254, 83, 65, 217, 104, 88, 204, 6,
       126, 137, 38, 237, 26, 208, 169, 161, 188, 253, 251, 112, 160, 21,
       140, 134, 151, 146, 139, 38, 168, 118, 179, 67, 2, 224, 224, 41,
       77, 121, 110, 42, 74, 114, 216, 11, 63, 44, 38, 215, 68, 160, 122,
       49, 172, 50, 32, 206, 205, 76, 3, 232, 104, 22, 176, 194, 10, 80,
       201, 53, 80, 88, 237, 115, 233, 72, 211, 203, 220, 28, 42, 205,
       52, 53, 42, 114, 128, 49, 69, 99, 12, 86, 2, 238, 120, 85, 96,
       251, 70, 83, 88, 189, 96, 120, 140, 22, 239, 205, 179, 5, 30, 48,
       44, 162, 4, 125, 187, 112, 132, 66, 32, 23, 172, 110, 11, 184, 72,
       174, 160, 194, 203, 204, 216, 117, 192, 242, 29, 123, 101, 0, 83,
       199, 208, 20, 48, 11, 46, 20, 42, 49, 128, 59, 91, 98, 74, 245,
       159, 250, 212, 127, 105, 252, 110, 8, 152, 183, 244, 254, 173,
       150, 220, 215, 187, 36, 253, 50, 125, 2, 235, 95, 158, 250, 141,
       66, 160, 148, 159, 93, 130, 168, 168, 190, 177, 66, 2, 228, 226,
       72, 194, 209, 111, 106, 144, 2, 216, 203, 253, 13, 50, 223, 68,
       16, 32, 9, 14, 2, 160, 151, 189, 95, 139, 168, 200, 190, 177, 82,
       2, 236, 232, 116, 66, 179, 109, 107, 145, 2, 249, 139, 221, 29,
       34, 95, 110, 5, 40, 49, 138, 98, 128, 207, 156, 92, 131, 200, 107,
       86, 161, 194, 90, 96, 232, 52, 89, 89, 237, 35, 169, 40, 250, 203,
       223, 24, 38, 223, 124, 181, 40, 112, 136, 48, 164, 198, 156, 28,
       3, 192, 107, 94, 163, 242, 90, 114, 232, 80, 9, 89, 236, 106, 41,
       40, 255, 207, 95, 184, 38, 213, 84, 229, 40, 114, 8, 63, 155, 115,
       202, 119, 223, 122, 80, 77, 200, 125, 102, 104, 223, 253, 244,
       126, 185, 151, 218, 203, 178, 44, 248, 31, 220, 134, 130, 127,
       174, 104, 189, 114, 32, 230, 221, 76, 139, 104, 75, 87, 177, 210,
       203, 96, 137, 84, 89, 122, 172, 123, 157, 136, 254, 199, 208, 22,
       42, 209, 64, 37, 136, 112, 136, 4, 140, 134, 151, 209, 139, 166,
       236, 190, 179, 67, 17, 228, 226, 41, 79, 241, 110, 34, 82, 114,
       216, 11, 127, 45, 38, 95, 71, 144, 123, 161, 138, 49, 249, 74,
       234, 118, 133, 75, 244, 23, 8, 220, 70, 51, 217, 176, 96, 126,
       184, 23, 218, 74, 186, 88, 191, 242, 141, 162, 232, 61, 138, 120,
       169, 3, 32, 118, 137, 106, 139, 184, 73, 238, 113, 208, 163, 140,
       156, 116, 104, 238, 29, 123, 149, 134, 187, 199, 208, 20, 56, 26,
       227, 85, 12, 35, 207, 36, 236, 132, 159, 220, 137, 166, 232, 30,
       179, 96, 26, 228, 224, 105, 81, 217, 106, 34, 115, 114, 114, 202,
       63, 44, 6, 223, 109, 144, 120, 145, 140, 3, 222, 146, 157, 87,
       159, 188, 119, 222, 7, 74, 87, 172, 154, 38, 196, 215, 43, 147, 1,
       230, 188, 18, 223, 37, 54, 30, 2, 18, 92, 185, 205, 6, 160, 150,
       157, 95, 139, 160, 232, 158, 176, 66, 3, 236, 234, 108, 70, 179,
       109, 107, 209, 2, 209, 139, 221, 13, 50, 79, 111, 21, 40, 53, 134,
       34, 160, 198, 221, 93, 3, 200, 232, 31, 176, 80, 10, 96, 232, 52,
       80, 217, 237, 99, 33, 2, 243, 203, 221, 28, 58, 197, 47, 21, 40,
       90, 140, 66, 32, 54, 140, 79, 131, 184, 72, 143, 176, 210, 139,
       204, 200, 116, 70, 234, 61, 123, 161, 2, 99, 139, 209, 21, 48, 11,
       63, 21, 12, 33, 134, 206, 255, 229, 247, 236, 122, 255, 254, 255,
       255, 182, 254, 219, 175, 212, 107, 111, 215, 127, 219, 250, 111,
       239, 243, 255, 223, 255, 252, 167, 253, 247, 105, 187, 23, 255,
       245, 230, 58, 252, 127, 125, 235, 254, 247, 95, 43, 150, 219, 127,
       199, 255, 173, 189, 248, 101, 206, 246, 255, 247, 132, 239, 252,
       233, 209, 40, 140, 59, 253, 85, 239, 241, 103, 30, 69, 108, 2,
       189, 189, 34, 96, 249, 59, 147, 0, 50, 184, 112, 191, 103, 255,
       18, 65, 83, 8, 229, 234, 157, 158, 239, 215, 246, 182, 239, 246,
       126, 255, 223, 118, 253, 231, 186, 104, 127, 239, 55, 158, 179,
       220, 46, 255, 254, 175, 255, 196, 167, 251, 181, 249, 30, 177,
       243, 234, 102, 73, 251, 88, 47, 68, 223, 167, 253, 223, 250, 64,
       126, 153, 159, 243, 66, 177, 59, 209, 214, 213, 175, 143, 55, 142,
       37, 243, 111, 113, 102, 206, 253, 95, 254, 249, 201, 236, 189,
       175, 72, 124, 191, 183, 254, 215, 223, 231, 244, 35, 124, 253, 55,
       120, 143, 191, 87, 191, 254, 119, 27, 79, 98, 223, 87, 157, 254,
       242, 93, 8, 92, 66, 107, 232, 183, 228, 126, 235, 22, 79, 229,
       184, 46, 255, 54, 127, 7, 129, 127, 255, 121, 205, 58, 223, 107,
       158, 252, 211, 247, 254, 87, 108, 222, 239, 42, 188, 183, 96, 250,
       234, 159, 199, 238, 187, 45, 255, 114, 46, 174, 147, 55, 95, 84,
       95, 82, 172, 149, 186, 141, 249, 148, 199, 155, 55, 136, 9, 174,
       252, 64, 143, 129, 243, 233, 17, 30, 75, 218, 241, 153, 82, 95,
       123, 144, 92, 149, 110, 72, 50, 184, 249, 233, 236, 49, 11, 59,
       63, 100, 57, 190, 183, 67, 90, 135, 31, 237, 16, 50, 92, 211, 67,
       207, 247, 114, 123, 144, 64, 15, 27, 253, 89, 127, 228, 44, 14,
       79, 248, 97, 232, 183, 76, 91, 121, 81, 123, 220, 196, 125, 110,
       232, 243, 249, 168, 243, 235, 229, 20, 107, 251, 82, 99, 213, 112,
       188, 244, 40, 108, 85, 26, 162, 254, 135, 57, 215, 55, 75, 123,
       133, 213, 125, 2, 44, 69, 243, 0, 209, 227, 113, 61, 168, 113, 7,
       83, 109, 120, 249, 96, 237, 108, 211, 216, 107, 232, 164, 8, 26,
       157, 87, 58, 136, 220, 117, 91, 139, 103, 242, 0, 95, 29, 5, 60,
       201, 113, 86, 242, 134, 249, 54, 219, 237, 213, 190, 232, 159,
       220, 213, 35, 236, 222, 127, 239, 255, 123, 251, 211, 198, 103,
       250, 241, 31, 26, 207, 239, 23, 63, 61, 223, 244, 253, 129, 182,
       157, 71, 135, 236, 114, 250, 169, 91, 114, 254, 109, 179, 249,
       218, 72, 227, 123, 99, 154, 127, 185, 6, 207, 62, 225, 115, 243,
       114, 120, 81, 107, 236, 54, 66, 95, 124, 4, 164, 223, 163, 87,
       159, 32, 80, 126, 253, 61, 226, 72, 147, 41, 12, 243, 225, 171,
       133, 53, 187, 52, 251, 11, 26, 114, 232, 117, 212, 249, 83, 201,
       77, 180, 102, 172, 159, 182, 228, 238, 177, 159, 149, 131, 47, 48,
       193, 214, 89, 186, 170, 30, 140, 45, 253, 218, 252, 22, 176, 11,
       220, 20, 103, 187, 147, 166, 25, 174, 159, 99, 219, 167, 51, 249,
       0, 102, 79, 146, 225, 211, 243, 94, 59, 10, 20, 15, 27, 126, 113,
       50, 206, 57, 221, 95, 104, 173, 140, 181, 11, 110, 222, 111, 180,
       252, 241, 223, 99, 76, 35, 250, 217, 179, 209, 143, 59, 83, 63,
       38, 119, 21, 128, 134, 31, 146, 3, 38, 232, 118, 145, 66, 2, 96,
       224, 105, 65, 121, 110, 34, 120, 34, 209, 143, 63, 8, 38, 71, 76,
       176, 106, 49, 0, 69, 160, 143, 157, 24, 138, 32, 232, 254, 176,
       66, 2, 228, 226, 105, 66, 113, 108, 106, 240, 6, 209, 143, 93,
       156, 34, 207, 12, 0, 34, 33, 132, 66, 32, 19, 168, 94, 3, 168, 72,
       46, 160, 194, 74, 132, 130, 16, 192, 106, 141, 107, 161, 0, 147,
       195, 216, 148, 32, 11, 44, 52, 8, 49, 128, 4, 136, 135, 159, 153,
       131, 160, 232, 182, 145, 66, 2, 228, 226, 104, 79, 121, 110, 42,
       16, 34, 217, 11, 125, 12, 34, 95, 70, 128, 40, 33, 140, 36, 140,
       134, 158, 216, 131, 166, 234, 22, 178, 64, 10, 96, 226, 41, 73,
