%YAML:1.0
---
descriptors: !!opencv-matrix
   rows: 171
   cols: 32
   dt: u
   data: [ 56, 29, 127, 238, 119, 246, 251, 114, 196, 204, 254, 2, 121,
       255, 34, 96, 126, 123, 151, 234, 137, 187, 48, 191, 123, 239, 163,
       73, 59, 43, 117, 243, 9, 156, 57, 251, 85, 237, 249, 247, 94, 73,
       124, 18, 188, 157, 50, 96, 217, 59, 19, 8, 51, 188, 112, 255, 103,
       191, 18, 64, 80, 8, 229, 250, 109, 176, 149, 243, 205, 45, 121,
       155, 43, 61, 165, 28, 159, 51, 76, 26, 141, 143, 123, 28, 19, 74,
       251, 240, 205, 216, 87, 124, 138, 73, 195, 242, 9, 152, 51, 251,
       125, 141, 249, 214, 223, 29, 112, 84, 188, 223, 244, 228, 207, 59,
       54, 9, 131, 184, 114, 245, 13, 222, 58, 106, 82, 8, 161, 185, 116,
       204, 131, 190, 222, 3, 6, 232, 22, 162, 193, 74, 115, 225, 41, 65,
       89, 238, 34, 170, 105, 99, 15, 63, 184, 134, 231, 124, 185, 122,
       112, 128, 48, 161, 199, 188, 28, 3, 194, 104, 86, 162, 242, 202,
       115, 224, 0, 0, 89, 236, 106, 105, 40, 243, 207, 31, 184, 166,
       237, 92, 101, 40, 114, 128, 63, 91, 114, 202, 247, 159, 238, 212,
       77, 72, 255, 102, 104, 153, 183, 244, 126, 168, 151, 222, 207,
       186, 44, 252, 54, 92, 134, 131, 127, 158, 120, 189, 244, 140, 129,
       158, 222, 3, 6, 235, 22, 162, 200, 218, 113, 224, 41, 65, 121,
       234, 34, 170, 121, 107, 15, 63, 56, 6, 199, 124, 177, 120, 112,
       128, 209, 76, 79, 237, 36, 14, 77, 54, 244, 202, 246, 66, 243, 51,
       177, 97, 112, 228, 124, 238, 233, 181, 101, 47, 240, 235, 226, 16,
       61, 184, 112, 40, 115, 32, 103, 153, 110, 139, 104, 75, 119, 49,
       210, 203, 97, 137, 148, 73, 106, 172, 123, 157, 138, 218, 199,
       209, 22, 42, 219, 224, 37, 136, 112, 136, 21, 85, 111, 167, 6, 66,
       111, 48, 116, 224, 91, 66, 209, 119, 185, 96, 122, 244, 61, 235,
       201, 144, 61, 12, 225, 175, 235, 132, 37, 179, 53, 240, 85, 91,
       75, 167, 82, 6, 239, 112, 36, 200, 219, 199, 85, 227, 177, 80,
       118, 237, 47, 239, 193, 145, 25, 108, 244, 172, 171, 132, 45, 179,
       33, 49, 34, 160, 196, 157, 92, 3, 192, 232, 31, 176, 208, 11, 98,
       232, 116, 64, 217, 237, 99, 113, 10, 243, 203, 221, 28, 18, 197,
       125, 21, 40, 80, 2, 34, 32, 102, 205, 76, 11, 120, 72, 7, 160,
       208, 3, 64, 137, 116, 64, 216, 140, 123, 205, 10, 211, 195, 208,
       23, 56, 139, 179, 53, 140, 112, 134, 148, 239, 88, 239, 152, 46,
       71, 254, 48, 174, 189, 16, 247, 115, 9, 18, 59, 246, 77, 234, 120,
       165, 8, 47, 233, 231, 167, 52, 225, 243, 199, 226, 77, 249, 185,
       99, 169, 157, 87, 157, 235, 249, 60, 76, 190, 117, 66, 50, 134,
       115, 124, 88, 147, 40, 250, 49, 239, 221, 37, 126, 202, 146, 131,
       59, 252, 205, 247, 111, 190, 115, 222, 252, 87, 166, 255, 155, 83,
       237, 31, 64, 91, 206, 111, 110, 120, 243, 255, 191, 122, 239, 101,
       93, 231, 251, 244, 66, 15, 184, 239, 251, 110, 165, 187, 216, 159,
       250, 85, 231, 253, 255, 255, 40, 127, 249, 127, 159, 131, 85, 175,
       243, 94, 95, 255, 172, 159, 239, 49, 241, 161, 115, 123, 103, 116,
       139, 103, 112, 96, 4, 125, 236, 115, 65, 152, 52, 94, 252, 6, 126,
       201, 178, 101, 45, 102, 237, 32, 192, 111, 138, 70, 177, 102, 33,
       26, 220, 73, 205, 50, 72, 143, 144, 193, 9, 196, 219, 101, 82,
       208, 125, 107, 98, 6, 67, 218, 221, 23, 48, 11, 63, 16, 43, 39,
       134, 214, 172, 149, 158, 139, 240, 20, 207, 158, 151, 136, 25,
       236, 246, 104, 223, 193, 115, 233, 17, 54, 75, 218, 243, 185, 114,
       223, 123, 144, 84, 167, 14, 82, 172, 181, 154, 141, 225, 148, 175,
       158, 151, 128, 27, 174, 252, 68, 207, 129, 115, 235, 17, 58, 107,
       202, 241, 185, 22, 223, 123, 144, 92, 149, 110, 135, 188, 167,
       159, 236, 237, 39, 254, 255, 251, 90, 119, 244, 245, 217, 207,
       117, 110, 123, 159, 179, 93, 251, 255, 44, 54, 87, 238, 158, 245,
       177, 253, 71, 190, 150, 30, 168, 189, 188, 239, 254, 187, 130,
       228, 228, 234, 204, 251, 229, 247, 234, 147, 183, 73, 207, 113,
       188, 50, 95, 250, 152, 113, 171, 29, 133, 252, 255, 127, 248, 239,
       183, 255, 246, 251, 122, 176, 241, 254, 236, 107, 255, 127, 122,
       18, 247, 220, 255, 51, 109, 174, 127, 196, 193, 113, 229, 249, 18,
       15, 66, 189, 246, 130, 190, 103, 141, 132, 90, 231, 45, 138, 183,
       68, 110, 235, 135, 209, 214, 184, 4, 239, 126, 100, 170, 129, 63,
       141, 45, 221, 83, 32, 114, 200, 75, 19, 184, 72, 173, 32, 242,
       139, 8, 158, 52, 100, 238, 157, 251, 225, 132, 131, 231, 208, 23,
       56, 138, 187, 23, 142, 39, 134, 171, 84, 242, 216, 127, 247, 248,
       75, 223, 79, 245, 183, 44, 222, 62, 236, 255, 187, 151, 145, 166,
       183, 54, 223, 23, 126, 154, 235, 215, 77, 253, 215, 5, 140, 149,
       23, 216, 143, 39, 168, 222, 179, 67, 64, 244, 242, 201, 239, 17,
       102, 106, 122, 113, 216, 123, 125, 45, 22, 87, 68, 136, 122, 129,
       172, 138, 156, 54, 158, 125, 255, 186, 226, 159, 74, 220, 51, 236,
       254, 54, 228, 255, 251, 191, 129, 166, 175, 106, 255, 191, 127,
       158, 139, 150, 76, 61, 223, 2, 96, 150, 157, 79, 139, 168, 72,
       191, 176, 66, 2, 236, 200, 116, 66, 178, 109, 107, 113, 2, 241,
       139, 221, 28, 50, 79, 14, 5, 34, 49, 134, 244, 237, 133, 150, 157,
       36, 134, 236, 186, 250, 169, 91, 114, 252, 77, 211, 249, 210, 76,
       247, 123, 99, 154, 127, 185, 6, 207, 126, 129, 115, 243, 18, 55,
       236, 10, 220, 221, 247, 143, 238, 150, 194, 200, 2, 49, 250, 55,
       32, 121, 235, 18, 238, 109, 15, 118, 191, 57, 14, 143, 41, 145,
       121, 184, 140, 4, 140, 150, 151, 213, 139, 164, 224, 190, 179, 66,
       2, 228, 224, 41, 207, 121, 102, 34, 82, 48, 248, 27, 109, 45, 50,
       95, 66, 128, 122, 33, 142, 68, 168, 148, 159, 153, 138, 32, 168,
       190, 177, 66, 0, 228, 226, 72, 74, 81, 111, 106, 144, 2, 216, 203,
       125, 13, 50, 223, 101, 144, 32, 1, 2, 252, 108, 252, 102, 12, 111,
       67, 152, 211, 182, 181, 8, 83, 65, 217, 59, 89, 212, 108, 106,
       168, 103, 255, 10, 211, 203, 97, 52, 231, 251, 86, 32, 206, 255,
       190, 158, 185, 255, 183, 239, 191, 191, 239, 25, 236, 254, 47, 91,
       217, 127, 235, 19, 118, 207, 251, 255, 191, 247, 95, 127, 144,
       125, 167, 223, 59, 18, 121, 225, 118, 30, 251, 80, 77, 108, 246,
       230, 159, 31, 150, 100, 126, 153, 151, 237, 141, 178, 101, 204,
       214, 249, 170, 128, 47, 143, 121, 245, 49, 69, 99, 12, 92, 6, 199,
       120, 84, 224, 251, 70, 83, 200, 177, 100, 120, 236, 22, 239, 201,
       179, 5, 30, 48, 44, 161, 20, 125, 187, 112, 164, 32, 32, 135, 157,
       92, 131, 224, 106, 86, 177, 66, 90, 96, 224, 48, 73, 121, 172, 34,
       137, 8, 250, 199, 29, 28, 34, 219, 100, 53, 8, 112, 136, 222, 20,
       180, 183, 171, 112, 156, 10, 158, 247, 131, 179, 204, 126, 15,
       203, 199, 87, 249, 147, 36, 69, 155, 224, 131, 115, 219, 151, 134,
       117, 61, 87, 98, 32, 71, 137, 78, 139, 232, 67, 110, 49, 210, 194,
       33, 136, 52, 73, 104, 140, 123, 157, 2, 218, 199, 209, 20, 40,
       154, 0, 37, 8, 112, 136, 4, 168, 134, 151, 89, 139, 160, 168, 190,
       145, 66, 2, 228, 226, 105, 195, 241, 110, 106, 80, 34, 208, 155,
       125, 13, 34, 79, 71, 128, 42, 41, 134, 36, 136, 133, 158, 217,
       139, 164, 232, 158, 179, 64, 8, 228, 226, 105, 73, 217, 106, 34,
       80, 34, 82, 90, 61, 13, 6, 79, 110, 144, 106, 1, 130, 2, 96, 103,
       201, 78, 137, 168, 64, 172, 49, 210, 131, 161, 138, 116, 74, 106,
       137, 123, 133, 2, 155, 199, 209, 20, 40, 154, 128, 5, 136, 113,
       140, 64, 160, 134, 157, 77, 139, 160, 232, 190, 176, 66, 2, 228,
       226, 104, 194, 241, 109, 106, 81, 2, 209, 155, 93, 13, 34, 207, 7,
       0, 32, 9, 130, 32, 160, 134, 157, 77, 131, 160, 72, 158, 176, 224,
       10, 100, 224, 100, 66, 217, 237, 106, 113, 2, 115, 219, 221, 29,
       34, 207, 63, 17, 42, 80, 130, 98, 32, 70, 200, 77, 3, 232, 72,
       143, 160, 194, 11, 0, 136, 116, 64, 232, 141, 123, 225, 0, 131,
       195, 208, 21, 56, 139, 59, 21, 10, 112, 134, 71, 169, 149, 31,
