%YAML:1.0
---
descriptors: !!opencv-matrix
   rows: 187
   cols: 32
   dt: u
   data: [ 174, 249, 102, 143, 205, 87, 190, 232, 31, 244, 213, 11, 104,
       220, 118, 133, 248, 217, 211, 227, 100, 119, 123, 252, 63, 88,
       207, 191, 87, 63, 221, 222, 198, 48, 191, 116, 233, 124, 113, 66,
       171, 255, 39, 25, 14, 191, 79, 31, 167, 87, 237, 20, 20, 87, 186,
       192, 219, 83, 85, 63, 130, 101, 7, 87, 175, 173, 102, 71, 253,
       223, 250, 224, 121, 228, 246, 10, 106, 92, 159, 181, 254, 255,
       215, 103, 236, 179, 125, 253, 63, 89, 133, 51, 71, 191, 94, 204,
       138, 156, 53, 223, 253, 245, 145, 175, 159, 91, 68, 16, 188, 255,
       32, 109, 205, 59, 179, 1, 51, 108, 122, 247, 207, 247, 90, 106,
       154, 72, 165, 187, 73, 152, 187, 238, 52, 252, 121, 19, 106, 73,
       91, 104, 191, 159, 192, 240, 230, 63, 124, 13, 147, 24, 179, 65,
       221, 253, 58, 200, 8, 130, 33, 121, 15, 62, 191, 152, 124, 253,
       187, 210, 190, 239, 222, 126, 188, 254, 243, 104, 175, 111, 255,
       31, 163, 237, 162, 242, 220, 23, 59, 184, 140, 121, 37, 241, 177,
       208, 107, 76, 84, 207, 195, 120, 87, 236, 246, 206, 115, 77, 183,
       48, 92, 228, 94, 108, 233, 167, 109, 31, 114, 175, 161, 148, 125,
       170, 116, 112, 191, 22, 235, 227, 246, 114, 235, 216, 127, 255,
       127, 246, 89, 111, 253, 104, 127, 223, 55, 255, 187, 242, 237,
       230, 94, 207, 175, 196, 167, 219, 244, 241, 31, 118, 237, 211,
       238, 115, 255, 216, 27, 254, 21, 238, 89, 239, 223, 42, 63, 221,
       127, 255, 231, 84, 175, 234, 126, 79, 239, 172, 175, 247, 208,
       245, 61, 221, 195, 207, 214, 178, 110, 252, 117, 66, 251, 198,
       113, 99, 189, 228, 127, 238, 22, 238, 233, 178, 125, 255, 62, 174,
       167, 128, 63, 251, 240, 189, 10, 240, 182, 186, 121, 221, 48, 68,
       191, 93, 65, 25, 174, 223, 106, 152, 164, 59, 255, 17, 22, 77,
       146, 245, 219, 209, 26, 107, 2, 4, 143, 211, 15, 187, 127, 242,
       254, 253, 251, 251, 175, 253, 159, 255, 221, 253, 246, 167, 175,
       243, 255, 221, 179, 107, 175, 244, 222, 89, 47, 254, 207, 141,
       165, 113, 65, 79, 95, 71, 180, 10, 103, 53, 108, 160, 111, 68,
       247, 35, 129, 112, 18, 110, 76, 110, 225, 176, 237, 46, 230, 188,
       37, 0, 42, 242, 195, 41, 3, 159, 99, 159, 116, 182, 234, 114, 124,
       73, 91, 231, 249, 238, 182, 228, 118, 47, 23, 141, 151, 152, 37,
       255, 38, 62, 186, 128, 62, 134, 57, 221, 207, 55, 125, 245, 172,
       31, 253, 57, 127, 254, 183, 252, 251, 127, 222, 171, 222, 215,
       255, 190, 249, 244, 127, 206, 254, 219, 247, 148, 207, 236, 196,
       113, 3, 28, 35, 159, 116, 247, 171, 82, 94, 73, 91, 230, 252, 222,
       180, 228, 254, 43, 23, 143, 151, 152, 60, 255, 4, 62, 186, 192,
       28, 143, 49, 253, 9, 141, 75, 111, 144, 138, 111, 54, 60, 0, 106,
       196, 179, 35, 128, 112, 34, 110, 106, 12, 113, 152, 117, 47, 236,
       237, 54, 0, 40, 192, 161, 40, 175, 191, 255, 245, 188, 62, 255,
       123, 63, 253, 246, 244, 219, 63, 150, 183, 206, 245, 255, 238,
       185, 249, 241, 236, 230, 251, 239, 148, 206, 229, 230, 241, 170,
       184, 180, 152, 75, 249, 176, 70, 155, 127, 16, 187, 172, 156, 102,
       139, 143, 59, 243, 17, 38, 111, 242, 243, 31, 83, 92, 187, 85, 12,
       143, 223, 6, 141, 183, 159, 213, 230, 190, 230, 159, 71, 90, 19,
       236, 254, 36, 64, 249, 123, 51, 195, 50, 218, 26, 255, 45, 54,
       223, 75, 148, 121, 181, 206, 94, 180, 158, 186, 171, 101, 26, 200,
       190, 91, 137, 61, 222, 254, 74, 91, 183, 209, 253, 51, 54, 71,
       155, 115, 217, 215, 123, 255, 136, 99, 47, 83, 107, 156, 251, 255,
       118, 63, 123, 190, 123, 234, 126, 238, 255, 255, 151, 114, 119,
       255, 63, 12, 165, 252, 247, 235, 254, 255, 243, 176, 47, 252, 91,
       249, 203, 246, 255, 254, 44, 221, 125, 23, 255, 95, 215, 245, 255,
       223, 186, 97, 215, 147, 255, 141, 235, 244, 107, 199, 246, 251,
       126, 130, 14, 204, 161, 121, 190, 105, 114, 129, 93, 107, 242,
       200, 127, 164, 248, 10, 74, 200, 93, 148, 250, 253, 207, 243, 8,
       179, 201, 250, 191, 156, 135, 55, 231, 127, 78, 134, 173, 92, 248,
       115, 115, 126, 123, 182, 121, 111, 119, 184, 219, 63, 143, 189,
       23, 87, 213, 46, 160, 244, 125, 174, 79, 223, 116, 133, 230, 245,
       79, 121, 189, 115, 108, 67, 172, 15, 207, 248, 4, 164, 189, 207,
       83, 65, 221, 1, 92, 192, 87, 110, 200, 227, 125, 60, 226, 137,
       229, 180, 125, 251, 210, 240, 190, 53, 112, 99, 231, 125, 222, 18,
       105, 166, 61, 25, 143, 29, 87, 52, 174, 155, 213, 99, 252, 52,
       245, 226, 167, 221, 1, 183, 103, 223, 206, 199, 31, 126, 254, 225,
       118, 187, 251, 210, 63, 255, 95, 231, 157, 15, 215, 40, 63, 253,
       191, 189, 131, 240, 173, 192, 222, 219, 175, 132, 175, 247, 49,
       245, 34, 241, 112, 137, 109, 205, 240, 72, 15, 61, 177, 11, 142,
       28, 70, 28, 234, 145, 207, 209, 6, 34, 91, 209, 157, 16, 27, 127,
       87, 15, 95, 198, 245, 112, 221, 87, 202, 78, 71, 152, 51, 178,
       165, 72, 83, 119, 201, 63, 95, 220, 116, 234, 105, 214, 249, 40,
       119, 170, 229, 52, 35, 243, 66, 177, 234, 52, 150, 184, 233, 109,
       176, 79, 191, 63, 243, 27, 140, 190, 102, 219, 233, 159, 251, 1,
       52, 79, 211, 210, 149, 243, 218, 127, 146, 77, 175, 130, 206, 246,
       180, 209, 235, 253, 189, 159, 155, 255, 21, 253, 204, 252, 206,
       142, 151, 95, 247, 145, 247, 92, 234, 210, 14, 87, 253, 255, 207,
       100, 143, 247, 10, 239, 43, 187, 247, 209, 191, 231, 31, 77, 92,
       163, 172, 237, 50, 192, 255, 123, 147, 213, 86, 154, 42, 255, 239,
       87, 158, 235, 23, 30, 181, 251, 40, 157, 123, 111, 116, 207, 247,
       243, 84, 72, 127, 6, 123, 125, 32, 96, 126, 250, 151, 106, 209,
       186, 56, 63, 111, 239, 32, 64, 123, 138, 224, 251, 174, 53, 112,
       163, 237, 125, 222, 75, 15, 62, 185, 27, 142, 28, 87, 134, 235,
       147, 223, 51, 94, 55, 89, 210, 181, 16, 139, 55, 87, 95, 223, 198,
       134, 150, 191, 242, 50, 160, 59, 49, 188, 75, 91, 244, 252, 247,
       168, 112, 183, 27, 63, 162, 179, 149, 40, 103, 204, 182, 58, 194,
       140, 195, 165, 113, 219, 85, 127, 183, 162, 198, 61, 117, 188,
       194, 90, 231, 253, 183, 160, 227, 182, 119, 189, 197, 225, 153,
       48, 238, 241, 235, 254, 128, 44, 242, 161, 121, 36, 224, 134, 190,
       88, 3, 162, 232, 22, 176, 96, 10, 103, 224, 105, 17, 89, 108, 34,
       114, 98, 114, 203, 63, 28, 135, 71, 108, 177, 43, 18, 128, 207,
       212, 253, 255, 174, 12, 255, 189, 191, 91, 87, 246, 253, 127, 156,
       99, 119, 83, 127, 238, 243, 212, 239, 247, 238, 255, 255, 192,
       190, 211, 129, 113, 119, 119, 108, 71, 206, 23, 207, 248, 65, 234,
       157, 207, 81, 108, 223, 35, 92, 196, 87, 239, 205, 99, 253, 174,
       62, 73, 237, 188, 111, 255, 88, 213, 53, 207, 98, 14, 212, 151,
       238, 252, 85, 192, 254, 206, 99, 232, 191, 228, 126, 238, 22, 239,
       205, 187, 13, 191, 58, 46, 165, 128, 127, 255, 248, 140, 124, 117,
       121, 70, 222, 95, 71, 248, 65, 238, 189, 106, 83, 125, 221, 54,
       60, 212, 212, 234, 233, 114, 253, 174, 127, 205, 165, 188, 103,
       251, 214, 245, 92, 240, 152, 170, 235, 101, 91, 216, 50, 59, 161,
       29, 95, 247, 73, 216, 183, 221, 255, 114, 19, 71, 155, 50, 221,
       199, 37, 236, 186, 179, 47, 211, 27, 89, 227, 205, 118, 147, 234,
       89, 95, 192, 92, 230, 121, 202, 189, 228, 126, 233, 55, 205, 135,
       178, 47, 223, 62, 126, 171, 136, 63, 174, 121, 181, 87, 251, 245,
       191, 190, 153, 252, 248, 191, 240, 176, 239, 255, 238, 223, 27,
       255, 251, 127, 215, 135, 99, 255, 253, 190, 218, 111, 254, 159,
       191, 3, 85, 88, 151, 255, 247, 246, 42, 239, 255, 125, 183, 255,
       182, 221, 47, 156, 107, 127, 215, 127, 153, 240, 249, 237, 226,
       254, 255, 254, 196, 229, 250, 229, 233, 99, 188, 224, 26, 235,
       189, 186, 202, 123, 91, 105, 188, 40, 248, 222, 252, 151, 107,
       178, 151, 151, 94, 254, 243, 30, 62, 154, 235, 223, 71, 91, 223,
       206, 176, 166, 158, 239, 116, 184, 67, 155, 223, 81, 179, 140,
