%YAML:1.0
---
descriptors: !!opencv-matrix
   rows: 195
   cols: 32
   dt: u
   data: [ 229, 229, 128, 6, 221, 45, 199, 239, 194, 178, 168, 8, 210,
       121, 93, 135, 153, 198, 72, 126, 121, 99, 216, 46, 57, 30, 69, 60,
       203, 122, 210, 162, 10, 151, 48, 155, 245, 253, 184, 207, 31, 29,
       92, 49, 172, 254, 46, 68, 205, 27, 147, 145, 54, 152, 115, 247,
       175, 245, 154, 75, 146, 76, 189, 223, 110, 180, 176, 210, 237,
       253, 180, 207, 155, 63, 61, 57, 140, 190, 78, 142, 143, 27, 243,
       17, 22, 122, 250, 243, 31, 87, 93, 255, 210, 76, 143, 223, 206,
       52, 182, 52, 233, 124, 92, 131, 187, 255, 166, 61, 14, 191, 71,
       159, 167, 215, 253, 145, 60, 71, 146, 194, 155, 115, 93, 223, 130,
       117, 175, 87, 206, 56, 191, 148, 107, 121, 184, 202, 187, 250,
       180, 57, 140, 254, 71, 159, 167, 125, 255, 19, 39, 71, 234, 226,
       23, 83, 91, 175, 130, 117, 47, 215, 42, 143, 107, 186, 247, 243,
       187, 231, 159, 77, 92, 163, 108, 237, 54, 64, 255, 123, 151, 149,
       178, 187, 42, 255, 127, 119, 143, 203, 215, 78, 245, 251, 32, 171,
       188, 123, 217, 201, 85, 199, 102, 53, 44, 40, 166, 49, 64, 16,
       136, 26, 194, 16, 26, 58, 106, 53, 111, 209, 20, 115, 208, 90,
       198, 170, 3, 25, 67, 159, 118, 215, 42, 112, 62, 73, 91, 199, 252,
       222, 180, 228, 118, 43, 23, 157, 151, 152, 52, 255, 36, 62, 186,
       192, 156, 134, 49, 221, 127, 112, 243, 228, 111, 124, 249, 80, 41,
       206, 246, 171, 95, 31, 215, 190, 254, 213, 245, 207, 141, 118,
       242, 192, 215, 251, 239, 139, 231, 247, 103, 127, 9, 2, 117, 75,
       112, 139, 107, 50, 47, 45, 127, 228, 159, 7, 148, 116, 110, 45,
       126, 12, 129, 152, 97, 93, 70, 253, 178, 192, 78, 131, 65, 249,
       95, 119, 241, 103, 177, 126, 95, 24, 57, 206, 127, 169, 95, 127,
       159, 116, 150, 85, 253, 238, 172, 208, 237, 202, 227, 255, 37,
       135, 102, 247, 6, 113, 188, 124, 88, 172, 91, 67, 87, 232, 147, 2,
       160, 27, 119, 223, 41, 17, 218, 185, 87, 226, 106, 39, 90, 31,
       241, 197, 129, 63, 113, 57, 38, 130, 176, 68, 108, 93, 92, 75,
       199, 40, 85, 102, 247, 186, 83, 69, 158, 37, 88, 156, 67, 106,
       104, 246, 125, 31, 103, 139, 193, 53, 119, 185, 86, 240, 188, 4,
       122, 229, 198, 98, 93, 71, 21, 162, 242, 179, 83, 61, 41, 9, 251,
       151, 135, 163, 104, 247, 65, 142, 115, 231, 240, 133, 101, 248,
       228, 130, 36, 70, 108, 95, 100, 58, 225, 50, 84, 94, 119, 18, 211,
       45, 191, 111, 73, 206, 39, 46, 168, 244, 101, 12, 71, 59, 240,
       129, 87, 249, 92, 224, 133, 70, 117, 87, 100, 43, 237, 184, 93,
       190, 119, 80, 211, 8, 189, 111, 75, 68, 46, 46, 225, 244, 109,
       204, 4, 58, 115, 4, 86, 249, 81, 229, 232, 166, 156, 113, 137, 41,
       84, 143, 186, 55, 164, 25, 142, 163, 74, 27, 129, 23, 232, 16, 50,
       108, 195, 51, 207, 195, 85, 127, 192, 64, 143, 10, 24, 24, 86,
       124, 3, 201, 48, 103, 237, 0, 234, 8, 46, 144, 32, 144, 162, 178,
       202, 0, 1, 185, 18, 109, 145, 226, 16, 3, 99, 0, 103, 10, 57, 87,
       123, 237, 52, 151, 206, 121, 84, 72, 250, 230, 115, 73, 177, 96,
       126, 168, 22, 236, 237, 179, 117, 159, 242, 239, 162, 128, 127,
       170, 112, 153, 77, 75, 21, 103, 52, 15, 102, 180, 116, 232, 114,
       100, 211, 1, 145, 240, 144, 100, 108, 110, 233, 176, 73, 46, 228,
       255, 37, 144, 74, 179, 64, 9, 25, 39, 239, 229, 166, 10, 109, 125,
       117, 232, 222, 238, 115, 105, 152, 35, 62, 230, 125, 172, 217,
       241, 165, 136, 246, 233, 229, 144, 45, 248, 209, 57, 89, 6, 111,
       109, 182, 42, 233, 127, 97, 105, 255, 230, 89, 43, 184, 98, 127,
       133, 116, 173, 185, 185, 37, 206, 250, 239, 98, 196, 109, 226,
       227, 177, 119, 173, 198, 151, 215, 30, 254, 236, 63, 255, 250,
       171, 110, 110, 159, 127, 255, 207, 254, 247, 253, 251, 237, 239,
       188, 190, 255, 214, 229, 127, 243, 221, 22, 159, 239, 191, 228,
       197, 255, 247, 62, 239, 90, 39, 125, 255, 49, 64, 251, 255, 55,
       195, 243, 248, 11, 255, 125, 167, 255, 128, 173, 251, 245, 219,
       170, 240, 178, 154, 105, 253, 176, 206, 154, 31, 116, 25, 140,
       222, 111, 136, 173, 25, 147, 17, 22, 126, 146, 243, 15, 81, 26,
       111, 210, 13, 15, 215, 2, 176, 16, 153, 109, 221, 184, 72, 143,
       21, 81, 27, 172, 158, 102, 207, 207, 25, 155, 17, 6, 42, 82, 209,
       7, 80, 154, 235, 22, 12, 29, 198, 118, 121, 224, 90, 205, 85, 222,
       204, 203, 246, 188, 11, 42, 220, 119, 191, 200, 243, 219, 71, 206,
       107, 190, 240, 59, 88, 205, 63, 87, 127, 254, 94, 130, 144, 57,
       217, 109, 221, 177, 66, 31, 61, 85, 18, 172, 158, 96, 108, 201,
       57, 179, 17, 2, 60, 115, 209, 207, 209, 26, 107, 146, 8, 21, 239,
       81, 205, 95, 229, 178, 10, 79, 53, 36, 128, 170, 96, 87, 51, 128,
       115, 54, 212, 108, 234, 105, 145, 17, 13, 240, 170, 102, 0, 40,
       178, 161, 41, 107, 150, 252, 124, 191, 118, 95, 191, 219, 255, 62,
       181, 121, 125, 190, 117, 151, 119, 181, 32, 181, 200, 63, 191,
       107, 127, 117, 215, 255, 228, 212, 95, 35, 253, 123, 174, 126,
       203, 251, 240, 159, 232, 248, 239, 125, 223, 180, 32, 254, 249,
       87, 247, 195, 179, 92, 255, 118, 60, 175, 170, 93, 174, 99, 217,
       42, 233, 115, 72, 85, 217, 106, 103, 115, 161, 252, 10, 42, 153,
       116, 244, 120, 186, 151, 216, 90, 186, 160, 255, 63, 93, 132, 107,
       115, 142, 254, 174, 238, 188, 190, 126, 251, 249, 188, 207, 251,
       155, 164, 56, 108, 254, 78, 191, 175, 251, 235, 144, 54, 79, 170,
       243, 31, 243, 95, 127, 211, 84, 175, 15, 39, 114, 234, 65, 102,
       49, 251, 216, 75, 236, 124, 174, 24, 140, 255, 44, 126, 204, 151,
       254, 133, 50, 172, 192, 94, 29, 165, 172, 207, 191, 122, 245, 3,
       29, 235, 165, 242, 110, 191, 23, 60, 239, 94, 231, 157, 46, 147,
       104, 39, 239, 55, 157, 145, 152, 53, 202, 108, 47, 190, 128, 173,
       240, 129, 249, 139, 221, 126, 220, 119, 196, 189, 247, 189, 75,
       126, 50, 188, 191, 54, 97, 230, 123, 191, 193, 227, 157, 34, 255,
       119, 127, 126, 130, 28, 148, 169, 251, 60, 157, 122, 234, 87, 227,
       251, 248, 22, 69, 125, 35, 121, 223, 42, 64, 126, 186, 151, 208,
       26, 186, 56, 191, 123, 207, 161, 193, 247, 139, 100, 243, 7, 217,
       3, 155, 116, 183, 234, 208, 94, 73, 88, 199, 188, 222, 181, 228,
       254, 41, 23, 223, 151, 152, 54, 255, 36, 60, 170, 192, 28, 143,
       57, 213, 107, 81, 234, 196, 103, 84, 127, 112, 105, 200, 126, 174,
       89, 29, 159, 182, 126, 220, 183, 238, 205, 50, 181, 200, 118, 121,
       224, 136, 111, 182, 122, 245, 187, 95, 98, 4, 115, 146, 254, 112,
       241, 204, 214, 167, 105, 204, 183, 164, 126, 237, 151, 231, 228,
       159, 36, 239, 114, 125, 143, 131, 111, 183, 126, 221, 159, 94, 66,
       15, 115, 146, 238, 112, 117, 198, 87, 231, 73, 194, 183, 213, 118,
       236, 134, 238, 229, 149, 37, 238, 54, 107, 162, 129, 111, 183,
       121, 213, 181, 205, 95, 99, 148, 110, 230, 164, 116, 65, 235, 16,
       211, 48, 24, 112, 121, 198, 78, 126, 121, 188, 121, 46, 173, 170,
       100, 68, 105, 91, 240, 32, 184, 20, 85, 189, 74, 99, 85, 106, 23,
       162, 185, 58, 119, 119, 1, 25, 91, 153, 199, 162, 105, 102, 89,
       31, 209, 194, 209, 63, 113, 97, 38, 162, 93, 131, 29, 101, 176,
       14, 67, 49, 100, 168, 171, 76, 215, 51, 128, 112, 20, 68, 76, 124,
       153, 184, 65, 14, 233, 172, 37, 84, 104, 162, 194, 33, 219, 151,
       127, 237, 166, 38, 237, 55, 121, 73, 250, 246, 157, 43, 144, 99,
       118, 135, 125, 173, 241, 249, 165, 205, 246, 235, 250, 192, 45,
       192, 161, 57, 57, 21, 111, 233, 246, 99, 233, 123, 84, 65, 255,
       242, 81, 255, 184, 97, 126, 140, 62, 168, 185, 179, 53, 220, 250,
       235, 162, 196, 189, 200, 240, 241, 122, 213, 224, 100, 189, 93,
       214, 255, 203, 239, 188, 63, 106, 125, 254, 182, 221, 211, 213,
       33, 252, 107, 120, 143, 59, 95, 213, 191, 215, 126, 222, 95, 20,
       253, 235, 191, 244, 197, 239, 240, 54, 200, 91, 102, 125, 255, 48,
       64, 122, 255, 55, 202, 195, 184, 186, 255, 253, 175, 175, 128,
