%YAML:1.0
---
descriptors: !!opencv-matrix
   rows: 176
   cols: 32
   dt: u
   data: [ 41, 181, 57, 103, 48, 79, 119, 48, 105, 108, 127, 12, 223, 63,
       2, 48, 180, 20, 85, 106, 193, 240, 57, 13, 231, 253, 32, 16, 66,
       162, 70, 251, 88, 184, 30, 240, 137, 253, 80, 87, 171, 91, 164,
       25, 190, 159, 98, 155, 161, 179, 221, 16, 30, 75, 146, 209, 219,
       211, 80, 123, 194, 68, 143, 91, 255, 86, 235, 4, 103, 86, 191,
       248, 57, 238, 214, 255, 88, 220, 191, 167, 190, 221, 247, 239,
       229, 215, 189, 202, 114, 121, 239, 134, 79, 182, 63, 117, 177,
       229, 127, 109, 20, 203, 71, 125, 68, 0, 254, 74, 115, 81, 184, 49,
       120, 186, 76, 104, 251, 171, 109, 31, 250, 201, 37, 80, 113, 138,
       226, 40, 75, 110, 174, 212, 77, 157, 238, 246, 233, 194, 238, 78,
       186, 233, 119, 166, 172, 234, 90, 205, 193, 239, 178, 232, 55, 93,
       198, 8, 66, 189, 123, 172, 124, 196, 138, 190, 220, 131, 198, 232,
       18, 162, 224, 10, 113, 225, 41, 81, 89, 238, 34, 234, 96, 99, 206,
       63, 124, 167, 231, 124, 177, 122, 112, 160, 53, 69, 99, 76, 84, 3,
       230, 120, 84, 64, 251, 66, 83, 72, 181, 96, 120, 204, 22, 111,
       205, 179, 53, 14, 48, 172, 33, 4, 125, 187, 112, 164, 51, 32, 111,
       237, 76, 11, 104, 72, 103, 160, 210, 74, 83, 137, 52, 80, 120,
       140, 127, 173, 136, 243, 199, 28, 20, 42, 129, 36, 37, 136, 112,
       128, 53, 217, 90, 234, 52, 135, 74, 212, 7, 72, 220, 102, 115,
       209, 160, 96, 126, 168, 23, 220, 79, 171, 24, 191, 250, 205, 166,
       200, 61, 138, 120, 153, 4, 140, 135, 151, 149, 139, 164, 232, 190,
       147, 66, 2, 228, 226, 105, 203, 113, 110, 34, 144, 34, 248, 11,
       125, 173, 38, 223, 68, 128, 120, 49, 136, 70, 160, 150, 159, 28,
       138, 40, 168, 190, 177, 66, 2, 228, 226, 105, 203, 113, 111, 106,
       144, 34, 208, 203, 125, 12, 34, 207, 69, 144, 32, 9, 0, 59, 94,
       118, 255, 109, 247, 255, 214, 93, 111, 246, 183, 73, 31, 182, 236,
       239, 223, 191, 207, 173, 191, 117, 230, 247, 255, 186, 131, 55,
       221, 253, 255, 8, 140, 59, 253, 85, 253, 241, 103, 94, 69, 108,
       18, 188, 191, 34, 96, 249, 59, 147, 9, 18, 184, 114, 255, 103,
       255, 18, 65, 83, 8, 229, 234, 63, 155, 114, 203, 119, 151, 122,
       80, 77, 72, 255, 102, 104, 159, 191, 244, 126, 184, 151, 222, 203,
       186, 44, 232, 54, 92, 134, 131, 127, 142, 104, 189, 66, 32, 118,
       140, 75, 131, 184, 72, 239, 160, 210, 139, 204, 202, 116, 66, 238,
       61, 123, 225, 6, 227, 135, 213, 21, 48, 11, 59, 21, 4, 33, 134,
       223, 255, 253, 247, 172, 62, 255, 254, 255, 255, 190, 254, 219,
       47, 212, 111, 111, 199, 127, 223, 251, 111, 239, 226, 254, 219,
       255, 252, 175, 253, 243, 121, 79, 190, 252, 247, 188, 157, 127,
       182, 255, 123, 158, 237, 255, 255, 215, 119, 135, 115, 253, 31,
       247, 88, 239, 247, 238, 255, 255, 242, 142, 212, 71, 125, 59, 91,
       106, 76, 245, 159, 254, 76, 111, 108, 252, 238, 10, 216, 183, 244,
       254, 169, 150, 228, 220, 187, 100, 221, 50, 125, 130, 235, 95,
       159, 250, 197, 217, 92, 111, 253, 36, 38, 109, 54, 244, 194, 214,
       70, 243, 51, 177, 107, 102, 228, 61, 238, 169, 149, 53, 142, 210,
       235, 234, 128, 44, 249, 112, 57, 253, 123, 111, 101, 36, 14, 79,
       248, 97, 232, 183, 76, 83, 45, 219, 123, 124, 196, 125, 238, 201,
       243, 253, 8, 243, 235, 229, 148, 111, 187, 82, 113, 77, 157, 145,
       91, 185, 253, 80, 143, 91, 89, 108, 24, 190, 180, 70, 252, 129,
       107, 186, 16, 55, 104, 243, 179, 175, 255, 20, 123, 218, 76, 201,
       95, 20, 85, 107, 239, 52, 66, 111, 56, 116, 196, 219, 194, 211,
       119, 185, 96, 122, 252, 61, 234, 233, 176, 61, 14, 225, 175, 227,
       132, 37, 187, 116, 240, 71, 190, 150, 63, 234, 169, 180, 239, 254,
       187, 138, 244, 228, 250, 200, 123, 167, 127, 106, 145, 183, 205,
       207, 115, 44, 50, 127, 254, 220, 112, 163, 141, 196, 50, 188, 240,
       40, 77, 57, 27, 170, 191, 183, 185, 159, 159, 74, 91, 135, 149,
       237, 0, 32, 69, 227, 80, 215, 243, 123, 255, 128, 32, 7, 115, 109,
       176, 181, 243, 205, 45, 249, 155, 43, 127, 181, 92, 159, 115, 72,
       30, 205, 155, 127, 28, 147, 106, 251, 209, 205, 218, 31, 124, 154,
       200, 211, 240, 54, 109, 66, 204, 223, 243, 78, 234, 23, 128, 204,
       2, 1, 241, 53, 228, 120, 248, 19, 238, 72, 171, 124, 254, 63, 14,
       133, 29, 55, 251, 120, 164, 66, 172, 180, 186, 141, 249, 148, 207,
       171, 55, 128, 25, 174, 188, 70, 139, 137, 211, 233, 17, 30, 107,
       202, 241, 153, 82, 95, 123, 208, 84, 135, 78, 149, 199, 239, 94,
       212, 38, 111, 252, 114, 170, 95, 82, 113, 243, 185, 49, 63, 238,
       55, 239, 248, 212, 45, 111, 248, 47, 239, 132, 173, 243, 242, 160,
       74, 180, 156, 176, 137, 253, 16, 143, 191, 219, 128, 25, 142, 254,
       74, 203, 129, 83, 232, 17, 55, 79, 210, 241, 137, 211, 95, 127,
       152, 80, 141, 26, 48, 83, 106, 172, 54, 195, 223, 116, 132, 68,
       254, 167, 83, 205, 50, 64, 126, 233, 31, 231, 216, 179, 36, 159,
       243, 237, 170, 145, 117, 155, 244, 115, 11, 153, 49, 217, 121,
       133, 185, 215, 31, 29, 120, 84, 188, 255, 100, 100, 207, 59, 55,
       152, 147, 250, 114, 245, 13, 222, 30, 234, 90, 8, 165, 251, 253,
       126, 238, 70, 238, 18, 207, 252, 241, 226, 181, 238, 91, 197, 223,
       55, 63, 196, 93, 238, 233, 103, 188, 42, 114, 43, 229, 188, 111,
       243, 242, 248, 130, 51, 182, 149, 103, 197, 184, 71, 189, 157, 82,
       179, 172, 142, 38, 75, 238, 59, 187, 145, 102, 221, 2, 201, 21,
       18, 222, 131, 4, 76, 45, 223, 56, 223, 114, 236, 119, 86, 95, 248,
       5, 204, 254, 167, 75, 253, 55, 68, 254, 252, 151, 227, 200, 179,
       32, 236, 243, 253, 166, 135, 119, 190, 116, 219, 81, 32, 135, 156,
       78, 3, 160, 72, 94, 176, 67, 66, 100, 192, 97, 192, 120, 109, 106,
       241, 7, 243, 143, 221, 156, 34, 203, 44, 53, 40, 49, 132, 48, 32,
       143, 156, 92, 131, 192, 104, 86, 160, 226, 10, 83, 224, 32, 0,
       121, 236, 106, 56, 40, 243, 143, 29, 24, 134, 101, 52, 97, 40, 80,
       0, 13, 220, 171, 254, 244, 227, 239, 248, 31, 207, 95, 34, 253,
       255, 187, 96, 255, 106, 55, 94, 162, 255, 42, 255, 254, 255, 175,
       192, 150, 251, 117, 243, 27, 48, 239, 189, 119, 231, 185, 89, 191,
       234, 87, 39, 92, 223, 118, 104, 255, 173, 55, 189, 145, 211, 59,
       216, 95, 79, 187, 134, 143, 110, 49, 243, 3, 162, 143, 29, 122,
       143, 169, 120, 190, 185, 210, 228, 244, 226, 204, 107, 119, 61,
       106, 157, 131, 217, 199, 93, 12, 38, 123, 196, 136, 32, 1, 157,
       122, 233, 151, 170, 9, 193, 82, 200, 143, 21, 168, 9, 110, 215,
       104, 210, 200, 249, 235, 80, 78, 11, 218, 177, 155, 209, 143, 123,
       16, 14, 47, 10, 122, 249, 232, 100, 27, 221, 87, 55, 195, 236,
       188, 173, 42, 189, 150, 180, 140, 247, 213, 64, 205, 43, 240, 191,
       251, 221, 5, 187, 107, 182, 206, 127, 206, 148, 189, 187, 169,
       237, 53, 159, 191, 255, 134, 17, 252, 255, 74, 107, 133, 87, 251,
       17, 51, 77, 123, 243, 207, 211, 95, 83, 136, 88, 141, 123, 165,
       221, 205, 119, 244, 38, 111, 191, 114, 234, 90, 246, 113, 97, 153,
       113, 119, 110, 52, 172, 249, 212, 125, 63, 108, 175, 229, 196,
       173, 248, 208, 185, 11, 26, 66, 181, 50, 186, 56, 115, 60, 73, 82,
       247, 189, 166, 178, 192, 118, 47, 151, 157, 181, 156, 5, 206, 132,
       127, 186, 192, 174, 132, 41, 157, 74, 185, 149, 186, 137, 221, 20,
       143, 175, 53, 136, 9, 174, 246, 64, 218, 129, 115, 232, 17, 22,
       75, 218, 241, 153, 214, 95, 123, 144, 86, 141, 30, 188, 189, 252,
       253, 158, 15, 196, 251, 86, 162, 250, 207, 83, 233, 25, 64, 95,
       254, 103, 40, 249, 242, 223, 159, 127, 239, 101, 20, 239, 248,
       112, 178, 45, 120, 185, 101, 45, 61, 115, 146, 107, 186, 180, 72,
       159, 145, 81, 58, 129, 76, 110, 88, 139, 116, 243, 128, 199, 221,
       53, 60, 202, 249, 66, 163, 21, 84, 75, 165, 50, 74, 111, 56, 52,
       224, 83, 230, 215, 23, 153, 97, 54, 77, 29, 238, 233, 144, 45, 12,
