%YAML:1.0
---
descriptors: !!opencv-matrix
   rows: 201
   cols: 32
   dt: u
   data: [ 105, 148, 172, 61, 253, 63, 96, 159, 127, 123, 62, 93, 214,
       56, 90, 184, 145, 6, 127, 13, 181, 112, 219, 19, 199, 127, 241,
       180, 216, 76, 218, 73, 204, 178, 188, 240, 40, 72, 57, 57, 174,
       190, 183, 185, 223, 151, 74, 91, 167, 149, 237, 2, 112, 69, 235,
       64, 221, 211, 123, 221, 0, 32, 7, 115, 110, 176, 245, 243, 237,
       45, 89, 152, 43, 255, 189, 92, 223, 123, 92, 26, 223, 223, 127,
       152, 155, 98, 251, 208, 207, 217, 211, 124, 154, 203, 214, 240,
       21, 204, 135, 159, 150, 139, 166, 232, 214, 178, 67, 66, 224, 226,
       41, 111, 121, 110, 34, 234, 37, 208, 15, 127, 172, 38, 207, 4,
       145, 122, 49, 172, 116, 160, 199, 188, 92, 3, 194, 104, 86, 162,
       242, 74, 83, 224, 16, 0, 57, 236, 106, 168, 40, 243, 207, 31, 184,
       134, 229, 92, 101, 40, 82, 0, 66, 32, 71, 173, 110, 11, 168, 72,
       174, 160, 195, 195, 204, 200, 116, 194, 242, 45, 123, 101, 0, 211,
       135, 208, 20, 48, 139, 26, 28, 10, 57, 128, 4, 140, 151, 151, 150,
       139, 166, 232, 158, 147, 66, 2, 228, 224, 41, 73, 121, 110, 34,
       16, 50, 248, 11, 127, 172, 38, 95, 68, 144, 104, 49, 136, 100,
       140, 130, 158, 220, 131, 166, 234, 18, 130, 192, 26, 96, 224, 105,
       81, 121, 238, 34, 186, 112, 75, 138, 63, 60, 6, 199, 108, 177,
       120, 112, 128, 78, 185, 182, 190, 169, 223, 183, 232, 238, 252,
       198, 41, 204, 250, 107, 75, 254, 117, 235, 115, 6, 227, 155, 241,
       255, 115, 79, 59, 74, 63, 47, 87, 121, 205, 94, 236, 190, 130, 78,
       245, 229, 136, 254, 70, 83, 83, 176, 80, 118, 228, 30, 238, 89,
       153, 5, 44, 242, 237, 166, 128, 62, 178, 224, 9, 223, 253, 237,
       243, 238, 44, 255, 254, 191, 251, 182, 214, 221, 175, 215, 107,
       111, 199, 127, 223, 187, 111, 239, 227, 254, 223, 255, 252, 167,
       253, 247, 249, 253, 237, 239, 86, 206, 18, 207, 248, 113, 226,
       182, 206, 115, 105, 157, 179, 63, 228, 116, 238, 233, 231, 189,
       46, 114, 239, 229, 180, 111, 243, 242, 244, 207, 190, 249, 250,
       174, 249, 254, 248, 191, 251, 181, 255, 255, 255, 221, 43, 255,
       243, 255, 71, 179, 99, 234, 251, 254, 223, 127, 250, 222, 253,
       131, 241, 154, 23, 254, 245, 230, 122, 253, 127, 125, 235, 255,
       246, 221, 47, 156, 89, 127, 135, 63, 173, 177, 244, 101, 206, 254,
       255, 255, 196, 175, 252, 229, 241, 79, 189, 252, 247, 188, 189,
       127, 178, 239, 254, 190, 237, 255, 255, 215, 55, 167, 243, 253,
       143, 255, 73, 255, 241, 250, 219, 255, 186, 142, 245, 199, 125,
       78, 242, 255, 222, 238, 249, 185, 89, 159, 219, 213, 231, 252,
       222, 254, 106, 255, 185, 255, 149, 131, 71, 174, 209, 94, 95, 255,
       174, 159, 174, 37, 247, 123, 84, 115, 237, 117, 95, 251, 126, 93,
       233, 254, 191, 95, 63, 182, 228, 254, 221, 191, 141, 173, 255,
       113, 238, 255, 255, 190, 211, 7, 140, 252, 255, 130, 57, 182, 149,
       103, 215, 188, 71, 189, 157, 82, 179, 172, 142, 118, 203, 238, 59,
       187, 145, 102, 221, 2, 201, 23, 18, 222, 131, 5, 76, 173, 223, 49,
       217, 90, 234, 52, 135, 75, 212, 135, 9, 248, 70, 115, 211, 160,
       64, 92, 168, 30, 216, 95, 139, 88, 191, 186, 205, 165, 208, 61,
       138, 104, 25, 123, 111, 228, 4, 139, 89, 86, 230, 193, 230, 172,
       175, 42, 172, 87, 151, 136, 230, 205, 102, 204, 107, 230, 168,
       243, 89, 197, 59, 103, 254, 94, 94, 98, 169, 135, 186, 139, 193,
       28, 239, 159, 151, 128, 9, 236, 246, 104, 159, 201, 243, 251, 17,
       18, 75, 202, 241, 185, 118, 223, 123, 144, 125, 183, 78, 47, 91,
       114, 202, 247, 159, 126, 208, 77, 72, 255, 110, 72, 153, 181, 244,
       126, 185, 151, 218, 203, 186, 44, 252, 54, 124, 134, 131, 127,
       158, 106, 189, 231, 238, 207, 215, 232, 166, 174, 191, 62, 187,
       74, 214, 112, 230, 221, 107, 87, 110, 59, 158, 179, 220, 239, 127,
       44, 46, 255, 196, 140, 241, 208, 189, 66, 168, 164, 154, 141, 233,
       148, 239, 155, 151, 128, 9, 174, 236, 70, 143, 137, 243, 235, 17,
       30, 107, 202, 241, 153, 22, 95, 123, 144, 92, 151, 78, 174, 239,
       106, 191, 254, 201, 239, 236, 182, 238, 218, 139, 237, 237, 123,
       0, 123, 239, 239, 103, 226, 119, 175, 255, 255, 103, 47, 169, 119,
       255, 119, 233, 174, 219, 246, 219, 237, 245, 189, 207, 31, 95,
       116, 183, 136, 254, 118, 205, 255, 219, 183, 145, 182, 250, 58,
       241, 31, 90, 222, 239, 151, 92, 253, 255, 252, 239, 247, 255, 254,
       107, 222, 252, 87, 230, 255, 155, 99, 237, 31, 1, 95, 238, 103,
       110, 108, 247, 223, 191, 122, 239, 69, 21, 103, 255, 230, 202,
       204, 52, 156, 178, 169, 109, 20, 15, 191, 251, 129, 29, 142, 250,
       74, 75, 133, 19, 253, 17, 54, 77, 219, 194, 201, 211, 95, 127,
       152, 68, 137, 19, 85, 89, 75, 167, 82, 6, 239, 112, 52, 200, 91,
       199, 85, 227, 57, 64, 118, 237, 63, 239, 193, 144, 29, 76, 244,
       172, 171, 132, 45, 179, 33, 49, 217, 76, 127, 237, 36, 46, 109,
       54, 244, 194, 214, 70, 243, 35, 177, 123, 98, 228, 61, 238, 169,
       149, 101, 46, 210, 235, 226, 128, 44, 249, 112, 121, 9, 110, 166,
       212, 93, 156, 238, 246, 237, 130, 110, 70, 173, 233, 119, 167,
       164, 104, 123, 79, 193, 237, 178, 232, 55, 89, 71, 8, 67, 253,
       123, 172, 112, 169, 248, 116, 141, 200, 84, 71, 227, 189, 168, 41,
       43, 169, 68, 18, 136, 247, 229, 0, 94, 107, 194, 1, 179, 241, 84,
       59, 97, 80, 230, 15, 185, 197, 125, 109, 28, 143, 71, 125, 116,
       36, 247, 74, 115, 1, 144, 113, 120, 180, 76, 106, 233, 175, 125,
       31, 243, 235, 96, 16, 113, 136, 228, 40, 58, 95, 114, 174, 127,
       19, 95, 253, 5, 204, 254, 175, 107, 204, 55, 68, 254, 253, 159,
       103, 204, 179, 33, 236, 242, 252, 135, 151, 127, 190, 244, 95,
       218, 56, 146, 248, 11, 252, 16, 198, 187, 214, 166, 25, 174, 159,
       99, 219, 167, 51, 237, 16, 46, 79, 146, 241, 219, 209, 94, 59,
       130, 68, 47, 26, 21, 128, 143, 159, 30, 3, 34, 232, 86, 144, 67,
       66, 112, 224, 40, 97, 121, 108, 42, 224, 102, 209, 143, 63, 24,
       38, 199, 12, 177, 40, 49, 0, 4, 136, 134, 159, 216, 131, 32, 232,
       182, 147, 66, 2, 228, 224, 105, 77, 113, 110, 42, 16, 34, 216, 11,
       125, 12, 38, 95, 68, 144, 40, 33, 0, 32, 160, 135, 156, 92, 131,
       160, 235, 22, 177, 64, 10, 96, 224, 32, 73, 121, 236, 34, 184, 32,
       250, 143, 29, 28, 38, 215, 100, 177, 40, 50, 136, 49, 235, 91,
       202, 116, 133, 75, 244, 86, 12, 116, 102, 51, 195, 180, 64, 94,
       168, 6, 222, 202, 186, 106, 63, 126, 141, 162, 232, 53, 154, 112,
       169, 96, 160, 150, 157, 93, 131, 160, 72, 158, 176, 194, 10, 100,
       224, 100, 66, 217, 109, 106, 33, 2, 243, 203, 221, 29, 34, 207,
       63, 16, 40, 80, 130, 114, 32, 34, 200, 75, 3, 184, 72, 237, 32,
       242, 139, 136, 138, 52, 100, 238, 157, 123, 161, 12, 163, 197,
       208, 149, 56, 138, 58, 21, 8, 35, 134, 114, 32, 114, 232, 77, 11,
       240, 72, 237, 32, 242, 11, 2, 137, 52, 64, 232, 156, 107, 33, 8,
       163, 199, 216, 151, 56, 2, 59, 117, 138, 114, 134, 11, 163, 127,
       251, 254, 185, 185, 89, 175, 89, 93, 226, 253, 223, 252, 104, 254,
       59, 127, 29, 151, 19, 170, 213, 222, 89, 171, 234, 159, 202, 161,
       161, 75, 184, 252, 245, 60, 216, 249, 178, 239, 121, 182, 239,
       191, 255, 214, 118, 167, 179, 253, 157, 167, 104, 231, 255, 206,
       255, 251, 250, 142, 132, 83, 125, 5, 186, 159, 61, 122, 137, 168,
       232, 190, 249, 194, 229, 244, 226, 200, 73, 214, 45, 106, 149,
       135, 216, 199, 81, 140, 38, 127, 236, 152, 32, 35, 153, 8, 148,
       59, 249, 85, 237, 241, 71, 94, 13, 92, 18, 188, 159, 34, 96, 249,
       59, 19, 24, 50, 188, 50, 255, 71, 159, 18, 67, 210, 8, 229, 234,
       56, 29, 123, 238, 23, 215, 87, 116, 148, 64, 254, 2, 127, 255, 32,
       96, 250, 251, 151, 226, 89, 171, 58, 189, 251, 237, 162, 73, 51,
       43, 108, 251, 114, 235, 182, 186, 13, 217, 146, 204, 203, 149,
       160, 9, 174, 200, 102, 150, 136, 225, 235, 81, 30, 43, 202, 241,
