%YAML:1.0
---
descriptors: !!opencv-matrix
   rows: 211
   cols: 32
   dt: u
   data: [ 229, 229, 128, 70, 221, 45, 199, 237, 139, 182, 184, 24, 82,
       120, 93, 151, 153, 198, 72, 127, 120, 99, 216, 46, 185, 30, 69,
       60, 193, 123, 210, 34, 56, 157, 123, 111, 245, 207, 86, 247, 69,
       8, 124, 2, 123, 125, 32, 80, 248, 242, 151, 106, 217, 186, 25, 63,
       111, 237, 36, 64, 115, 186, 230, 171, 42, 143, 107, 186, 247, 243,
       187, 231, 159, 77, 92, 163, 108, 237, 54, 64, 255, 123, 151, 133,
       178, 187, 42, 255, 127, 119, 143, 203, 215, 78, 181, 251, 3, 153,
       3, 187, 54, 231, 171, 81, 30, 73, 91, 198, 188, 222, 176, 228,
       254, 43, 23, 157, 151, 152, 60, 255, 12, 60, 170, 192, 28, 143,
       49, 253, 189, 105, 81, 71, 84, 91, 231, 240, 117, 228, 120, 70,
       115, 64, 149, 164, 120, 232, 2, 106, 105, 176, 125, 44, 38, 140,
       133, 4, 103, 187, 70, 236, 129, 197, 111, 227, 148, 190, 230, 151,
       126, 81, 123, 82, 211, 8, 148, 224, 121, 206, 46, 94, 251, 188,
       125, 175, 173, 233, 182, 68, 109, 219, 208, 172, 176, 68, 108, 93,
       92, 75, 199, 56, 85, 102, 247, 186, 83, 69, 158, 37, 88, 152, 83,
       106, 104, 246, 125, 31, 119, 139, 193, 53, 119, 185, 84, 240, 188,
       4, 122, 229, 198, 99, 93, 99, 21, 162, 243, 179, 83, 61, 41, 9,
       123, 151, 151, 161, 120, 247, 65, 142, 115, 231, 240, 133, 101,
       248, 228, 130, 172, 70, 110, 95, 100, 122, 237, 58, 84, 94, 119,
       146, 211, 45, 191, 107, 73, 206, 39, 46, 168, 244, 101, 12, 71,
       59, 240, 129, 119, 249, 92, 224, 165, 70, 117, 95, 100, 43, 237,
       186, 93, 126, 119, 18, 211, 0, 189, 111, 73, 196, 14, 46, 225,
       244, 109, 204, 4, 186, 115, 4, 87, 249, 84, 228, 104, 166, 156,
       49, 137, 41, 84, 143, 187, 55, 32, 25, 174, 163, 72, 155, 129, 91,
       233, 16, 54, 76, 203, 49, 207, 211, 85, 127, 194, 64, 142, 10, 2,
       160, 16, 153, 109, 221, 184, 72, 143, 21, 177, 27, 172, 146, 110,
       206, 203, 25, 203, 16, 22, 14, 219, 209, 15, 16, 154, 127, 146,
       12, 13, 142, 116, 193, 29, 175, 24, 10, 98, 168, 44, 32, 227, 64,
       211, 99, 8, 83, 120, 196, 106, 98, 104, 177, 217, 45, 181, 162,
       194, 84, 40, 59, 64, 0, 25, 39, 239, 229, 166, 10, 109, 125, 117,
       232, 222, 238, 115, 105, 152, 35, 126, 230, 126, 172, 249, 241,
       37, 136, 246, 201, 229, 144, 45, 250, 208, 49, 17, 15, 67, 37,
       176, 10, 110, 55, 116, 1, 98, 192, 243, 35, 144, 116, 114, 108,
       44, 60, 169, 152, 69, 14, 164, 174, 182, 0, 44, 128, 208, 40, 89,
       6, 111, 109, 54, 42, 233, 127, 105, 73, 127, 246, 95, 107, 152,
       98, 62, 133, 116, 173, 177, 177, 165, 206, 254, 239, 34, 196, 237,
       226, 227, 225, 209, 73, 95, 229, 34, 10, 79, 52, 164, 128, 162,
       224, 215, 51, 129, 115, 38, 245, 124, 234, 105, 197, 1, 44, 224,
       170, 102, 144, 40, 179, 3, 41, 240, 197, 76, 174, 76, 11, 198,
       105, 140, 34, 169, 139, 198, 99, 40, 81, 72, 129, 78, 227, 104,
       35, 73, 95, 176, 130, 202, 25, 17, 58, 114, 130, 73, 64, 218, 165,
       116, 10, 105, 20, 127, 233, 87, 68, 157, 3, 146, 112, 118, 141,
       63, 157, 137, 220, 197, 222, 204, 255, 178, 192, 44, 128, 40, 25,
       238, 172, 254, 126, 235, 241, 60, 239, 187, 155, 164, 57, 108,
       254, 78, 187, 239, 251, 235, 144, 54, 79, 170, 243, 31, 243, 95,
       127, 211, 116, 175, 143, 53, 207, 75, 127, 180, 142, 103, 188,
       118, 168, 251, 102, 115, 225, 153, 112, 127, 238, 110, 126, 251,
       248, 77, 63, 248, 174, 165, 192, 109, 251, 240, 41, 35, 255, 123,
       238, 126, 199, 251, 240, 143, 200, 248, 239, 124, 222, 182, 32,
       254, 249, 87, 231, 199, 179, 124, 223, 126, 60, 175, 254, 117,
       170, 115, 217, 15, 15, 235, 193, 244, 50, 239, 215, 124, 207, 95,
       246, 153, 47, 183, 104, 127, 78, 23, 189, 145, 184, 37, 226, 110,
       47, 190, 196, 143, 251, 240, 241, 223, 127, 115, 102, 51, 86, 95,
       176, 121, 236, 63, 161, 125, 127, 159, 116, 182, 213, 253, 234,
       236, 208, 173, 238, 227, 253, 37, 131, 102, 183, 38, 115, 43, 158,
       254, 125, 177, 247, 25, 191, 87, 253, 94, 181, 121, 253, 178, 45,
       151, 126, 181, 60, 181, 216, 63, 159, 75, 127, 117, 215, 174, 228,
       220, 95, 130, 16, 57, 219, 125, 253, 177, 70, 31, 93, 81, 18, 172,
       158, 36, 104, 201, 59, 179, 17, 22, 60, 114, 241, 199, 208, 154,
       107, 144, 9, 53, 255, 14, 248, 178, 186, 223, 245, 176, 206, 30,
       23, 116, 19, 12, 220, 111, 136, 233, 25, 131, 145, 22, 62, 26,
       243, 31, 85, 26, 111, 211, 13, 173, 215, 223, 119, 117, 102, 179,
       95, 95, 48, 121, 232, 63, 168, 95, 93, 159, 180, 182, 245, 245,
       110, 237, 208, 173, 174, 235, 251, 37, 167, 103, 183, 7, 119, 5,
       224, 151, 225, 198, 169, 160, 136, 110, 49, 107, 82, 149, 131,
       200, 72, 107, 12, 34, 88, 19, 240, 205, 16, 12, 128, 55, 68, 232,
       139, 193, 160, 255, 117, 113, 103, 115, 95, 95, 184, 121, 234, 53,
       172, 95, 125, 159, 181, 150, 84, 213, 110, 229, 116, 253, 158,
       103, 219, 101, 183, 111, 191, 78, 119, 88, 166, 149, 50, 169, 233,
       20, 239, 171, 179, 136, 121, 142, 184, 72, 146, 129, 151, 236, 17,
       30, 107, 202, 53, 184, 214, 29, 127, 192, 68, 143, 15, 109, 48,
       177, 67, 229, 111, 65, 24, 107, 235, 43, 8, 218, 17, 89, 62, 145,
       76, 112, 56, 1, 244, 249, 0, 77, 158, 21, 118, 202, 123, 82, 38,
       220, 124, 255, 125, 59, 122, 183, 130, 234, 63, 188, 48, 155, 183,
       133, 251, 99, 245, 236, 226, 33, 97, 172, 96, 118, 225, 103, 151,
       227, 241, 39, 163, 77, 75, 81, 103, 180, 15, 103, 180, 117, 232,
       114, 100, 211, 1, 145, 240, 16, 108, 76, 110, 233, 176, 77, 46,
       228, 255, 37, 16, 74, 179, 82, 41, 238, 52, 182, 148, 233, 124,
       92, 131, 187, 255, 166, 61, 14, 191, 71, 159, 167, 215, 253, 17,
       60, 71, 146, 194, 155, 115, 95, 255, 130, 117, 143, 87, 136, 244,
       46, 127, 105, 196, 125, 189, 182, 95, 85, 181, 253, 215, 10, 217,
       199, 59, 255, 140, 226, 220, 250, 23, 103, 235, 254, 169, 18, 148,
       174, 251, 32, 163, 188, 123, 248, 201, 85, 199, 46, 53, 44, 56,
       166, 49, 72, 16, 137, 26, 194, 16, 18, 58, 107, 49, 111, 145, 20,
       123, 208, 74, 198, 171, 155, 15, 198, 5, 139, 59, 142, 239, 85,
       230, 236, 158, 106, 98, 167, 135, 59, 230, 226, 174, 116, 251, 45,
       238, 58, 94, 85, 55, 103, 254, 137, 204, 56, 157, 123, 238, 118,
       247, 251, 240, 6, 69, 127, 2, 121, 253, 32, 96, 126, 58, 151, 232,
       19, 185, 57, 191, 123, 239, 160, 65, 119, 139, 100, 243, 111, 113,
       226, 196, 103, 92, 254, 88, 97, 192, 252, 14, 89, 157, 247, 190,
       126, 220, 183, 238, 205, 50, 180, 192, 86, 125, 165, 137, 111,
       190, 122, 253, 187, 95, 98, 4, 115, 146, 254, 112, 241, 204, 86,
       167, 105, 204, 183, 165, 126, 236, 151, 239, 228, 159, 36, 238,
       50, 127, 143, 131, 111, 183, 126, 221, 181, 205, 79, 67, 148, 110,
       230, 167, 116, 67, 235, 16, 211, 49, 28, 112, 121, 198, 74, 126,
       121, 188, 121, 46, 173, 174, 4, 64, 233, 91, 208, 32, 165, 76,
       119, 87, 52, 75, 231, 32, 253, 246, 119, 176, 211, 69, 183, 63,
       11, 228, 70, 110, 105, 244, 109, 110, 100, 154, 101, 0, 99, 185,
       70, 244, 133, 141, 79, 243, 148, 174, 230, 183, 124, 67, 107, 82,
       211, 104, 25, 97, 121, 206, 42, 62, 255, 244, 125, 166, 237, 239,
       135, 68, 232, 219, 208, 32, 109, 60, 240, 119, 181, 126, 90, 152,
       121, 255, 61, 56, 219, 125, 159, 189, 151, 215, 213, 126, 172,
       244, 125, 174, 79, 223, 117, 183, 231, 247, 78, 119, 74, 172, 150,
       30, 137, 249, 148, 239, 158, 183, 128, 25, 172, 224, 98, 207, 129,
       35, 232, 1, 54, 79, 154, 243, 152, 114, 95, 123, 146, 76, 143, 30,
       89, 147, 21, 101, 176, 14, 71, 53, 96, 168, 171, 76, 215, 51, 128,
       112, 20, 70, 76, 108, 153, 184, 17, 14, 233, 174, 37, 84, 232,
       162, 194, 33, 123, 149, 240, 102, 189, 95, 214, 189, 217, 239,
       189, 61, 74, 125, 62, 182, 221, 211, 213, 37, 252, 107, 248, 159,
