%YAML:1.0
---
descriptors: !!opencv-matrix
   rows: 152
   cols: 32
   dt: u
   data: [ 116, 134, 128, 188, 220, 15, 206, 235, 146, 162, 184, 203, 99,
       104, 57, 194, 217, 213, 75, 161, 120, 99, 200, 158, 249, 134, 205,
       60, 149, 104, 88, 0, 127, 80, 251, 101, 102, 86, 255, 80, 97, 202,
       119, 230, 91, 31, 223, 190, 126, 220, 183, 238, 201, 182, 181,
       200, 87, 237, 228, 132, 111, 183, 122, 241, 127, 90, 255, 237,
       102, 86, 127, 112, 41, 234, 246, 162, 91, 31, 181, 246, 126, 213,
       181, 238, 201, 150, 181, 200, 247, 235, 226, 128, 39, 191, 118,
       113, 62, 95, 98, 4, 115, 210, 191, 244, 129, 236, 94, 167, 105,
       238, 183, 164, 126, 247, 151, 231, 196, 155, 36, 236, 122, 111,
       175, 131, 39, 183, 63, 223, 206, 58, 254, 252, 111, 108, 185, 210,
       155, 223, 84, 55, 188, 191, 119, 75, 231, 125, 255, 149, 162, 85,
       162, 224, 87, 123, 250, 171, 151, 125, 37, 251, 14, 56, 187, 209,
       235, 245, 185, 83, 171, 223, 29, 61, 140, 255, 87, 46, 239, 59,
       247, 145, 146, 83, 250, 224, 95, 95, 223, 239, 134, 101, 167, 247,
       170, 177, 49, 216, 255, 221, 185, 207, 143, 93, 20, 63, 172, 156,
       126, 165, 207, 27, 151, 17, 183, 106, 242, 213, 63, 81, 30, 255,
       214, 12, 149, 255, 170, 185, 184, 24, 255, 221, 145, 207, 155,
       125, 52, 191, 44, 140, 78, 133, 141, 27, 195, 17, 182, 107, 242,
       241, 63, 81, 28, 251, 215, 12, 223, 223, 49, 199, 69, 71, 20, 26,
       230, 180, 116, 2, 115, 210, 243, 32, 148, 225, 105, 198, 14, 110,
       249, 184, 109, 47, 44, 174, 118, 4, 109, 234, 208, 172, 189, 93,
       97, 69, 213, 223, 230, 240, 117, 232, 248, 78, 115, 84, 149, 164,
       120, 248, 22, 106, 233, 178, 125, 46, 61, 140, 165, 4, 107, 59,
       86, 245, 188, 20, 126, 245, 198, 98, 212, 99, 81, 162, 243, 51,
       83, 61, 33, 9, 91, 183, 23, 162, 44, 246, 81, 142, 119, 235, 81,
       21, 103, 232, 100, 130, 32, 140, 59, 250, 93, 197, 179, 199, 222,
       13, 104, 0, 176, 152, 36, 64, 201, 59, 2, 17, 2, 46, 114, 63, 101,
       151, 146, 43, 80, 8, 116, 138, 85, 13, 87, 101, 52, 42, 103, 178,
       100, 160, 106, 64, 211, 35, 129, 112, 50, 228, 76, 106, 105, 176,
       5, 46, 228, 174, 33, 0, 104, 243, 64, 32, 85, 13, 95, 231, 50, 10,
       79, 48, 100, 128, 235, 64, 87, 51, 129, 113, 54, 244, 108, 106,
       73, 144, 13, 44, 240, 174, 35, 0, 40, 163, 33, 32, 64, 96, 19,
       156, 72, 35, 96, 76, 60, 34, 226, 10, 38, 131, 33, 89, 120, 169,
       106, 202, 74, 167, 65, 89, 148, 162, 26, 8, 80, 80, 33, 8, 10,
       189, 50, 218, 253, 213, 185, 199, 159, 77, 94, 50, 172, 222, 38,
       228, 231, 59, 147, 145, 19, 154, 50, 247, 47, 85, 30, 203, 146,
       12, 173, 239, 36, 32, 22, 141, 222, 43, 160, 65, 108, 33, 99, 18,
       213, 162, 0, 75, 122, 12, 74, 40, 48, 240, 69, 4, 20, 162, 67, 68,
       192, 41, 195, 160, 206, 60, 190, 240, 235, 125, 184, 130, 187,
       255, 182, 57, 140, 190, 71, 155, 167, 119, 253, 17, 53, 71, 178,
       192, 31, 91, 95, 191, 202, 117, 143, 87, 206, 60, 247, 116, 171,
       116, 28, 3, 185, 223, 150, 185, 236, 190, 71, 251, 167, 247, 253,
       131, 164, 71, 179, 194, 147, 123, 94, 155, 134, 116, 175, 95, 143,
       122, 122, 224, 102, 157, 251, 208, 237, 248, 55, 102, 156, 155,
       247, 62, 166, 57, 95, 95, 194, 53, 170, 192, 86, 217, 43, 174, 71,
       187, 97, 225, 40, 162, 225, 240, 109, 237, 249, 95, 27, 255, 116,
       25, 47, 141, 86, 25, 137, 170, 183, 20, 146, 126, 250, 145, 95,
       217, 85, 237, 211, 76, 214, 251, 18, 5, 18, 168, 157, 227, 176,
       99, 157, 0, 217, 3, 100, 249, 32, 196, 216, 187, 139, 177, 56,
       187, 0, 223, 185, 244, 138, 75, 21, 74, 188, 130, 248, 184, 254,
       120, 235, 249, 80, 71, 235, 91, 180, 56, 15, 159, 70, 191, 175,
       147, 252, 144, 62, 111, 146, 209, 155, 219, 80, 107, 227, 68, 238,
       31, 153, 3, 71, 229, 116, 10, 109, 49, 53, 198, 214, 230, 115, 99,
       153, 85, 126, 172, 31, 238, 233, 148, 101, 204, 246, 234, 226,
       128, 47, 168, 112, 120, 15, 158, 253, 183, 178, 50, 189, 183, 61,
       95, 82, 245, 252, 46, 140, 235, 167, 87, 191, 21, 177, 220, 41,
       238, 174, 127, 126, 198, 134, 245, 165, 121, 217, 71, 87, 197, 38,
       58, 236, 55, 61, 130, 127, 242, 217, 7, 148, 227, 118, 245, 62,
       238, 225, 212, 165, 206, 166, 233, 234, 128, 39, 241, 225, 49, 53,
       70, 245, 69, 22, 58, 238, 176, 117, 226, 126, 226, 83, 40, 157,
       190, 127, 212, 110, 170, 173, 240, 101, 12, 150, 238, 101, 132,
       239, 243, 74, 37, 39, 253, 225, 131, 247, 131, 175, 175, 95, 117,
       90, 231, 140, 184, 252, 100, 219, 79, 19, 149, 215, 186, 253, 247,
       44, 28, 159, 230, 157, 94, 241, 221, 0, 29, 11, 252, 84, 135, 169,
       119, 20, 136, 90, 66, 181, 135, 48, 64, 124, 59, 19, 141, 97, 154,
       16, 94, 117, 132, 187, 136, 25, 0, 33, 184, 42, 169, 106, 152, 93,
       213, 249, 207, 155, 85, 252, 27, 40, 204, 118, 148, 201, 171, 147,
       149, 158, 107, 242, 247, 95, 93, 154, 107, 87, 12, 246, 222, 53,
       165, 113, 65, 212, 95, 226, 251, 70, 224, 248, 74, 83, 120, 221,
       164, 56, 152, 70, 120, 159, 178, 124, 28, 45, 204, 37, 100, 243,
       234, 66, 164, 84, 164, 151, 151, 79, 169, 96, 202, 190, 51, 235,
       90, 198, 227, 72, 223, 105, 230, 106, 154, 50, 121, 203, 96, 157,
       162, 211, 24, 225, 107, 33, 0, 244, 175, 140, 54, 139, 123, 22,
       207, 243, 183, 138, 25, 70, 232, 74, 155, 161, 199, 232, 19, 124,
       111, 207, 50, 186, 71, 85, 63, 225, 124, 142, 14, 10, 173, 34,
       187, 183, 241, 190, 231, 159, 69, 92, 163, 172, 237, 54, 128, 251,
       123, 147, 209, 118, 155, 42, 255, 191, 87, 158, 235, 150, 78, 189,
       222, 252, 162, 212, 148, 93, 15, 200, 232, 19, 177, 160, 27, 98,
       105, 108, 149, 89, 204, 162, 176, 42, 118, 91, 159, 25, 150, 197,
       125, 83, 40, 90, 0, 7, 157, 99, 223, 116, 215, 235, 242, 87, 73,
       95, 66, 113, 244, 180, 100, 126, 122, 22, 203, 147, 184, 60, 255,
       37, 46, 170, 192, 63, 143, 117, 245, 19, 159, 67, 159, 116, 150,
       234, 118, 116, 72, 90, 198, 121, 234, 182, 224, 126, 238, 23, 207,
       237, 152, 37, 255, 36, 46, 170, 128, 45, 135, 120, 221, 63, 81,
       234, 76, 102, 22, 239, 120, 97, 200, 124, 6, 89, 221, 183, 180,
       126, 236, 151, 238, 201, 179, 180, 200, 118, 45, 167, 136, 111,
       187, 122, 245, 88, 182, 156, 177, 187, 237, 16, 135, 171, 63, 174,
       57, 143, 179, 74, 26, 135, 23, 237, 16, 26, 73, 194, 17, 203, 215,
       85, 127, 128, 64, 143, 3, 181, 205, 77, 103, 148, 46, 230, 180,
       116, 67, 107, 86, 243, 32, 24, 97, 105, 198, 10, 110, 249, 180,
       125, 47, 165, 170, 70, 64, 105, 219, 208, 32, 164, 92, 103, 87,
       116, 75, 231, 176, 253, 254, 247, 248, 211, 85, 149, 63, 11, 244,
       86, 106, 225, 244, 125, 110, 101, 154, 101, 148, 71, 185, 86, 244,
       40, 20, 254, 245, 228, 98, 213, 7, 85, 187, 246, 51, 83, 61, 40,
       11, 201, 215, 55, 161, 56, 242, 65, 136, 71, 251, 244, 17, 225,
       248, 228, 130, 4, 1, 237, 95, 172, 122, 237, 27, 206, 223, 63, 16,
       208, 101, 159, 110, 65, 86, 126, 10, 145, 225, 107, 192, 71, 63,
       243, 21, 210, 251, 85, 241, 1, 163, 153, 185, 160, 173, 105, 19,
       62, 41, 123, 64, 149, 131, 200, 104, 23, 10, 38, 24, 19, 152, 67,
       17, 204, 141, 50, 228, 152, 194, 131, 161, 138, 189, 62, 154, 125,
       213, 185, 247, 159, 93, 84, 55, 172, 222, 38, 225, 239, 59, 151,
       145, 247, 79, 50, 247, 127, 91, 190, 235, 30, 12, 173, 223, 95,
       119, 105, 103, 179, 86, 95, 184, 57, 204, 127, 228, 93, 127, 159,
       244, 182, 221, 213, 239, 237, 146, 173, 206, 235, 127, 175, 135,
       6, 247, 47, 117, 106, 186, 150, 152, 235, 177, 56, 199, 171, 31,
       164, 189, 44, 166, 70, 222, 167, 163, 235, 148, 22, 75, 130, 241,
       30, 119, 94, 251, 138, 68, 175, 95, 234, 176, 254, 120, 107, 253,
       113, 87, 235, 95, 116, 57, 47, 159, 70, 27, 175, 179, 247, 144,
       22, 126, 178, 209, 95, 217, 80, 107, 235, 132, 238, 219, 110, 90,
