%YAML:1.0
---
descriptors: !!opencv-matrix
   rows: 148
   cols: 32
   dt: u
   data: [ 59, 91, 106, 201, 245, 155, 254, 196, 109, 76, 252, 167, 11,
       136, 183, 228, 254, 172, 151, 246, 206, 187, 36, 252, 50, 125,
       162, 195, 127, 158, 250, 207, 63, 155, 114, 203, 119, 151, 254,
       208, 109, 72, 255, 102, 104, 153, 183, 244, 126, 184, 151, 222,
       195, 186, 44, 232, 54, 93, 134, 131, 127, 174, 104, 189, 4, 140,
       134, 151, 145, 139, 38, 237, 22, 179, 66, 18, 228, 226, 41, 73,
       113, 110, 34, 18, 50, 216, 11, 127, 44, 38, 223, 68, 144, 120,
       161, 136, 120, 179, 252, 100, 143, 88, 84, 55, 227, 149, 172, 41,
       35, 185, 64, 18, 160, 183, 237, 0, 92, 107, 146, 1, 91, 233, 84,
       59, 227, 224, 206, 11, 4, 140, 134, 151, 197, 139, 166, 224, 158,
       179, 67, 2, 228, 226, 45, 207, 249, 110, 34, 18, 112, 216, 27,
       125, 45, 54, 223, 67, 144, 122, 177, 142, 34, 160, 196, 156, 92,
       3, 64, 232, 31, 176, 192, 11, 96, 233, 116, 88, 217, 237, 35, 241,
       10, 242, 203, 221, 28, 50, 197, 125, 21, 40, 112, 2, 189, 123,
       121, 65, 116, 11, 103, 240, 112, 164, 126, 236, 83, 5, 149, 52,
       126, 216, 6, 106, 201, 178, 109, 14, 100, 141, 37, 100, 103, 186,
       70, 177, 20, 85, 111, 229, 20, 66, 111, 56, 100, 226, 219, 66,
       211, 119, 153, 96, 114, 212, 61, 234, 201, 177, 61, 14, 241, 175,
       227, 132, 37, 179, 116, 112, 236, 96, 157, 117, 172, 77, 69, 152,
       119, 186, 52, 88, 215, 193, 89, 59, 129, 220, 108, 122, 105, 116,
       219, 0, 199, 219, 117, 60, 66, 249, 86, 32, 212, 77, 121, 226,
       172, 75, 71, 188, 68, 166, 191, 8, 83, 71, 233, 48, 18, 208, 108,
       106, 72, 35, 41, 62, 241, 137, 37, 60, 116, 251, 196, 32, 49, 203,
       90, 234, 54, 135, 74, 212, 7, 12, 252, 102, 113, 195, 162, 64,
       126, 168, 22, 220, 202, 155, 40, 191, 250, 141, 166, 192, 57, 138,
       120, 137, 222, 239, 103, 190, 252, 219, 239, 236, 191, 238, 222,
       163, 237, 236, 187, 196, 127, 255, 255, 231, 98, 211, 174, 255,
       252, 103, 175, 169, 39, 255, 183, 249, 231, 156, 207, 215, 236,
       38, 174, 191, 30, 243, 90, 214, 112, 230, 221, 107, 87, 110, 51,
       30, 241, 220, 255, 111, 44, 46, 255, 196, 140, 249, 208, 185, 70,
       169, 164, 26, 137, 169, 149, 239, 222, 23, 136, 9, 238, 232, 118,
       15, 137, 99, 235, 17, 30, 107, 202, 241, 185, 22, 95, 123, 208,
       84, 135, 78, 151, 221, 238, 222, 210, 167, 239, 252, 86, 162, 95,
       82, 113, 242, 189, 48, 127, 255, 55, 235, 248, 214, 47, 126, 121,
       14, 239, 196, 181, 243, 176, 172, 74, 48, 188, 252, 233, 108, 49,
       2, 187, 63, 133, 29, 174, 191, 66, 90, 133, 23, 235, 17, 18, 79,
       210, 193, 223, 243, 90, 59, 144, 77, 15, 91, 15, 242, 238, 255,
       110, 147, 251, 216, 191, 246, 85, 231, 253, 254, 255, 41, 255,
       249, 255, 215, 166, 87, 175, 241, 94, 95, 239, 164, 159, 175, 59,
       245, 155, 94, 104, 231, 117, 94, 251, 54, 125, 236, 126, 247, 251,
       63, 146, 228, 126, 255, 183, 207, 237, 252, 117, 238, 231, 255,
       250, 129, 47, 135, 126, 255, 11, 206, 176, 157, 118, 157, 188, 23,
       223, 67, 92, 210, 172, 200, 38, 228, 207, 43, 146, 5, 230, 188,
       98, 223, 38, 62, 30, 11, 22, 220, 137, 205, 69, 183, 153, 97, 162,
       46, 121, 19, 40, 235, 47, 108, 221, 55, 200, 122, 183, 21, 125,
       56, 145, 208, 177, 64, 207, 253, 103, 228, 136, 226, 131, 113, 66,
       32, 38, 137, 111, 139, 184, 72, 175, 160, 210, 139, 204, 216, 116,
       70, 226, 29, 123, 101, 4, 211, 135, 208, 21, 56, 11, 59, 20, 12,
       49, 134, 139, 156, 182, 158, 125, 246, 184, 107, 159, 79, 215, 55,
       236, 254, 54, 237, 255, 251, 191, 129, 183, 255, 50, 255, 31, 127,
       218, 195, 158, 12, 45, 223, 2, 161, 150, 157, 95, 139, 160, 200,
       254, 176, 82, 2, 236, 232, 116, 66, 187, 109, 107, 209, 2, 241,
       139, 221, 13, 50, 79, 15, 85, 42, 49, 134, 66, 168, 150, 159, 73,
       128, 168, 168, 190, 144, 67, 3, 228, 234, 76, 194, 241, 103, 106,
       209, 6, 65, 219, 249, 13, 50, 207, 75, 0, 34, 41, 134, 100, 140,
       128, 158, 216, 137, 166, 232, 22, 147, 64, 27, 228, 226, 105, 81,
       89, 106, 34, 114, 114, 66, 74, 63, 60, 6, 95, 109, 144, 120, 153,
       138, 100, 172, 131, 158, 222, 3, 166, 235, 18, 162, 96, 202, 113,
       224, 105, 81, 121, 238, 34, 170, 112, 107, 142, 63, 60, 6, 199,
       108, 177, 120, 112, 128, 120, 188, 184, 120, 205, 157, 80, 223,
       203, 61, 164, 25, 171, 221, 2, 16, 201, 170, 229, 16, 158, 107,
       210, 145, 219, 217, 20, 123, 210, 12, 222, 74, 64, 160, 135, 157,
       74, 139, 32, 104, 190, 176, 66, 66, 228, 226, 96, 66, 113, 108,
       106, 224, 2, 209, 143, 93, 156, 34, 207, 44, 32, 34, 1, 128, 90,
       184, 150, 248, 139, 252, 16, 198, 171, 83, 166, 25, 174, 191, 98,
       218, 163, 179, 237, 16, 30, 77, 146, 241, 219, 211, 90, 59, 162,
       68, 47, 26, 4, 136, 134, 159, 217, 131, 32, 232, 182, 147, 66, 2,
       228, 226, 105, 75, 113, 110, 42, 16, 34, 216, 139, 125, 12, 38,
       95, 68, 144, 104, 33, 136, 4, 136, 134, 159, 217, 139, 164, 168,
       190, 147, 66, 2, 228, 226, 40, 207, 241, 110, 106, 80, 34, 209,
       11, 125, 13, 34, 79, 71, 144, 42, 33, 134, 36, 168, 132, 159, 217,
       131, 166, 232, 154, 179, 97, 9, 228, 226, 105, 89, 89, 110, 34,
       16, 34, 82, 202, 61, 45, 38, 79, 108, 144, 106, 43, 130, 78, 249,
       182, 159, 233, 221, 183, 172, 191, 157, 69, 1, 236, 255, 75, 207,
       151, 127, 251, 83, 6, 73, 219, 241, 239, 119, 95, 43, 146, 55,
       175, 223, 2, 160, 150, 157, 79, 131, 160, 72, 190, 176, 66, 2,
       228, 194, 96, 194, 240, 109, 106, 209, 2, 209, 139, 221, 13, 34,
       203, 15, 16, 40, 49, 134, 98, 32, 70, 204, 77, 3, 232, 72, 143,
       160, 226, 11, 64, 200, 116, 82, 232, 141, 107, 160, 0, 227, 195,
       208, 20, 56, 139, 63, 21, 10, 114, 134, 71, 184, 175, 157, 110,
       141, 161, 120, 254, 249, 210, 102, 244, 244, 220, 111, 118, 44,
       123, 29, 131, 89, 247, 81, 28, 62, 123, 238, 140, 160, 49, 253,
       118, 235, 150, 26, 9, 153, 146, 200, 203, 21, 160, 9, 174, 200,
       110, 22, 200, 225, 235, 81, 78, 43, 202, 241, 152, 80, 15, 123,
       80, 14, 47, 14, 126, 233, 151, 170, 9, 193, 82, 232, 175, 149,
       161, 9, 110, 214, 96, 146, 200, 241, 233, 210, 78, 11, 218, 241,
       153, 212, 139, 123, 16, 15, 46, 10, 122, 107, 238, 20, 79, 217,
       150, 102, 201, 196, 164, 175, 42, 172, 119, 151, 136, 227, 235,
       71, 204, 107, 166, 232, 50, 88, 69, 59, 103, 124, 94, 78, 133,
       255, 141, 151, 178, 43, 111, 191, 118, 235, 74, 244, 247, 97, 153,
       101, 55, 102, 60, 110, 241, 208, 77, 63, 236, 46, 101, 132, 172,
       243, 129, 57, 72, 13, 93, 101, 48, 78, 81, 55, 104, 168, 190, 40,
       183, 51, 128, 82, 2, 182, 108, 40, 89, 137, 97, 14, 243, 255, 52,
       16, 64, 192, 70, 41, 109, 167, 227, 65, 214, 43, 107, 83, 99, 225,
       127, 238, 19, 33, 220, 52, 62, 140, 22, 190, 153, 178, 237, 66,
       124, 12, 37, 228, 239, 227, 210, 177, 251, 87, 250, 236, 125, 95,
       222, 127, 93, 238, 254, 175, 79, 63, 182, 244, 254, 221, 223, 173,
       236, 235, 101, 206, 243, 255, 167, 159, 87, 252, 124, 223, 74,
       185, 149, 178, 137, 253, 20, 143, 175, 53, 136, 9, 174, 182, 72,
       219, 129, 83, 233, 17, 23, 75, 218, 241, 153, 215, 95, 127, 144,
       84, 143, 30, 9, 207, 43, 255, 84, 159, 239, 242, 95, 76, 92, 70,
       253, 239, 51, 224, 126, 235, 23, 207, 227, 184, 46, 255, 247, 255,
       34, 128, 23, 255, 53, 233, 149, 205, 239, 255, 156, 3, 79, 252,
       214, 170, 223, 66, 81, 99, 185, 99, 123, 230, 125, 235, 248, 243,
       45, 63, 248, 239, 231, 148, 181, 243, 240, 161, 85, 68, 125, 167,
       50, 74, 107, 56, 36, 224, 219, 224, 215, 23, 153, 115, 54, 212,
       93, 238, 233, 148, 45, 12, 229, 175, 43, 132, 36, 179, 37, 113,
       212, 67, 44, 165, 40, 14, 77, 56, 36, 190, 151, 21, 215, 39, 11,
       91, 116, 196, 109, 111, 104, 197, 65, 12, 241, 227, 99, 148, 32,
       177, 38, 115, 35, 104, 174, 212, 93, 157, 233, 246, 233, 196, 228,
