%YAML:1.0
---
descriptors: !!opencv-matrix
   rows: 219
   cols: 32
   dt: u
   data: [ 9, 19, 115, 105, 112, 191, 233, 51, 109, 45, 127, 228, 191,
       13, 148, 176, 6, 61, 78, 44, 145, 184, 101, 93, 198, 253, 34, 192,
       86, 139, 65, 241, 46, 182, 240, 211, 233, 253, 244, 207, 27, 63,
       61, 57, 14, 191, 78, 156, 159, 159, 231, 16, 22, 122, 202, 243,
       15, 94, 21, 247, 194, 76, 206, 223, 42, 180, 184, 91, 253, 253,
       176, 207, 95, 125, 60, 57, 140, 188, 78, 152, 155, 27, 195, 17,
       22, 122, 123, 215, 79, 87, 31, 127, 211, 76, 207, 223, 206, 188,
       150, 48, 169, 124, 124, 135, 187, 251, 34, 29, 142, 190, 70, 155,
       167, 223, 253, 17, 54, 93, 155, 226, 159, 211, 95, 239, 138, 117,
       143, 87, 3, 157, 99, 159, 116, 134, 235, 119, 124, 73, 90, 66,
       249, 252, 176, 224, 118, 42, 22, 141, 167, 152, 37, 255, 44, 46,
       186, 192, 61, 142, 113, 109, 3, 137, 66, 159, 114, 134, 234, 118,
       62, 73, 90, 199, 189, 194, 182, 196, 118, 43, 23, 157, 135, 152,
       5, 255, 36, 46, 186, 128, 60, 134, 57, 157, 127, 112, 243, 228,
       103, 92, 125, 80, 105, 250, 182, 175, 91, 31, 215, 191, 62, 213,
       245, 238, 201, 118, 247, 192, 87, 249, 229, 138, 111, 247, 102,
       117, 77, 75, 21, 103, 52, 14, 103, 180, 124, 232, 114, 68, 215,
       35, 129, 240, 150, 100, 108, 110, 225, 176, 41, 46, 228, 191, 37,
       0, 74, 179, 66, 41, 220, 252, 245, 77, 27, 114, 151, 138, 242, 82,
       172, 48, 155, 55, 133, 247, 75, 213, 236, 226, 123, 101, 251, 115,
       231, 235, 103, 23, 251, 113, 103, 51, 49, 131, 239, 99, 148, 30,
       226, 55, 116, 97, 235, 82, 211, 32, 156, 97, 120, 134, 10, 60,
       185, 184, 117, 44, 173, 239, 208, 64, 233, 171, 208, 40, 188, 81,
       118, 237, 21, 86, 90, 112, 101, 132, 255, 3, 75, 31, 51, 212, 248,
       212, 189, 226, 76, 179, 49, 142, 179, 237, 131, 23, 39, 175, 124,
       66, 238, 120, 252, 146, 107, 112, 56, 202, 187, 255, 164, 185,
       140, 222, 79, 219, 183, 253, 255, 147, 38, 71, 234, 226, 87, 19,
       91, 191, 130, 117, 47, 87, 173, 109, 83, 67, 116, 203, 231, 112,
       117, 164, 115, 16, 83, 65, 149, 181, 120, 232, 6, 106, 105, 176,
       100, 46, 36, 136, 36, 0, 103, 185, 66, 164, 4, 133, 7, 154, 148,
       162, 34, 232, 212, 1, 203, 2, 65, 226, 40, 64, 120, 106, 42, 250,
       58, 147, 15, 253, 56, 38, 143, 64, 148, 11, 176, 128, 172, 6, 110,
       113, 228, 50, 252, 19, 21, 142, 247, 147, 67, 45, 151, 73, 89,
       142, 151, 174, 184, 246, 101, 142, 71, 235, 240, 133, 231, 253,
       252, 194, 42, 176, 24, 249, 125, 221, 176, 75, 31, 57, 84, 27,
       140, 159, 104, 8, 205, 25, 147, 17, 50, 56, 82, 213, 207, 215,
       155, 111, 144, 8, 21, 147, 40, 238, 184, 123, 89, 233, 85, 71,
       122, 55, 45, 56, 166, 179, 66, 24, 137, 58, 194, 16, 2, 122, 202,
       49, 199, 199, 20, 59, 208, 88, 198, 170, 213, 207, 79, 223, 102,
       138, 103, 248, 116, 130, 242, 230, 243, 224, 177, 97, 122, 236,
       46, 238, 233, 182, 207, 63, 180, 170, 231, 0, 45, 187, 112, 160,
       133, 239, 95, 239, 126, 139, 235, 252, 158, 136, 122, 198, 253,
       195, 185, 96, 126, 104, 94, 238, 225, 176, 79, 255, 252, 136, 175,
       128, 124, 187, 97, 169, 5, 33, 201, 99, 52, 11, 99, 16, 102, 161,
       107, 64, 211, 1, 217, 112, 26, 76, 2, 92, 9, 176, 77, 8, 236, 140,
       37, 36, 232, 171, 80, 160, 53, 239, 79, 127, 180, 139, 111, 252,
       118, 160, 250, 230, 115, 97, 145, 112, 123, 238, 46, 254, 251,
       248, 77, 63, 252, 174, 165, 128, 45, 179, 240, 40, 118, 69, 252,
       230, 172, 34, 78, 168, 57, 162, 187, 131, 199, 107, 25, 83, 250,
       213, 61, 227, 56, 227, 201, 238, 178, 186, 207, 20, 165, 243, 226,
       2, 100, 69, 142, 143, 200, 32, 44, 104, 172, 146, 227, 66, 212,
       34, 9, 75, 104, 197, 106, 162, 104, 83, 203, 72, 180, 162, 206,
       12, 128, 123, 33, 0, 95, 22, 111, 204, 118, 50, 107, 123, 101, 72,
       255, 230, 89, 111, 188, 113, 126, 165, 63, 172, 185, 147, 37, 222,
       118, 239, 171, 192, 175, 226, 112, 113, 81, 77, 95, 229, 50, 10,
       111, 52, 36, 160, 234, 66, 87, 51, 128, 112, 54, 212, 92, 234, 73,
       152, 1, 12, 224, 174, 34, 0, 40, 242, 33, 40, 126, 255, 230, 151,
       223, 30, 254, 236, 63, 247, 247, 191, 110, 110, 15, 223, 255, 223,
       255, 215, 252, 251, 223, 237, 190, 246, 223, 215, 239, 127, 255,
       215, 191, 23, 223, 245, 230, 58, 238, 255, 125, 235, 250, 118,
       223, 58, 148, 251, 127, 215, 255, 161, 253, 254, 229, 202, 190,
       255, 255, 132, 239, 249, 235, 149, 116, 77, 23, 173, 24, 75, 102,
       236, 36, 32, 234, 10, 198, 2, 9, 80, 120, 196, 106, 226, 72, 147,
       89, 60, 177, 166, 7, 20, 32, 59, 160, 2, 43, 77, 99, 77, 117, 215,
       239, 119, 93, 64, 124, 2, 56, 156, 180, 164, 126, 186, 19, 140,
       229, 186, 52, 255, 39, 28, 130, 128, 87, 140, 114, 252, 157, 98,
       239, 229, 38, 11, 109, 89, 117, 234, 150, 238, 115, 73, 251, 43,
       126, 228, 127, 238, 233, 247, 37, 138, 242, 203, 231, 148, 47,
       250, 112, 97, 43, 237, 98, 73, 85, 215, 239, 103, 85, 64, 124, 10,
       57, 152, 54, 164, 120, 168, 18, 237, 235, 186, 52, 255, 55, 92,
       131, 40, 127, 140, 122, 236, 3, 253, 123, 255, 126, 139, 187, 244,
       158, 72, 120, 230, 253, 223, 181, 32, 254, 121, 23, 239, 195, 187,
       74, 255, 116, 141, 175, 168, 93, 186, 35, 185, 109, 149, 184, 119,
       181, 126, 87, 185, 113, 223, 61, 60, 219, 125, 158, 189, 149, 82,
       148, 58, 189, 112, 120, 174, 107, 223, 101, 247, 194, 239, 222,
       119, 200, 242, 254, 127, 105, 213, 61, 223, 182, 95, 117, 181,
       189, 223, 74, 251, 199, 59, 255, 140, 227, 79, 250, 147, 71, 251,
       254, 169, 58, 148, 174, 251, 203, 190, 134, 149, 155, 176, 188,
       167, 190, 223, 138, 181, 172, 166, 194, 207, 167, 103, 249, 149,
       246, 205, 167, 227, 172, 50, 94, 147, 142, 84, 169, 95, 171, 141,
       34, 154, 253, 213, 191, 231, 159, 77, 220, 7, 44, 254, 54, 228,
       207, 43, 147, 213, 246, 11, 58, 255, 59, 124, 142, 203, 23, 14,
       181, 222, 214, 197, 86, 170, 62, 162, 126, 232, 173, 16, 219, 179,
       76, 126, 44, 65, 246, 215, 159, 231, 48, 129, 11, 253, 188, 248,
       203, 198, 53, 99, 161, 17, 93, 188, 255, 108, 235, 94, 55, 250,
       251, 95, 252, 60, 94, 255, 142, 182, 183, 93, 245, 98, 245, 79,
       187, 225, 211, 255, 97, 143, 107, 101, 239, 247, 127, 123, 98, 6,
       119, 18, 254, 112, 65, 236, 95, 175, 73, 108, 183, 181, 126, 236,
       151, 239, 204, 146, 172, 204, 58, 89, 197, 135, 111, 183, 122,
       213, 74, 190, 240, 19, 250, 184, 184, 143, 59, 253, 30, 253, 172,
       174, 198, 158, 167, 95, 253, 149, 150, 88, 175, 243, 14, 85, 63,
       239, 142, 196, 143, 93, 73, 141, 69, 111, 176, 14, 111, 63, 116,
       64, 107, 196, 243, 35, 144, 112, 18, 110, 104, 14, 233, 152, 189,
       47, 236, 175, 36, 0, 104, 194, 65, 40, 88, 121, 179, 68, 3, 94,
       85, 55, 97, 192, 110, 8, 30, 55, 64, 182, 34, 244, 232, 8, 73,
       249, 177, 72, 179, 255, 85, 7, 98, 96, 111, 42, 212, 90, 159, 246,
       42, 78, 77, 16, 160, 154, 163, 108, 215, 119, 193, 123, 6, 245,
       125, 106, 73, 69, 155, 8, 209, 171, 101, 148, 40, 243, 6, 49, 6,
       123, 197, 161, 170, 99, 191, 158, 6, 190, 152, 231, 209, 47, 193,
       75, 79, 85, 255, 211, 128, 64, 79, 176, 68, 6, 239, 180, 188, 251,
       21, 241, 100, 35, 128, 143, 200, 40, 38, 232, 160, 162, 235, 226,
       197, 227, 201, 91, 120, 196, 106, 234, 72, 67, 207, 98, 180, 38,
       238, 28, 160, 123, 162, 128, 10, 143, 106, 186, 247, 243, 187,
       231, 159, 69, 92, 163, 172, 237, 50, 64, 251, 123, 147, 149, 50,
       187, 42, 255, 255, 119, 159, 203, 151, 78, 181, 251, 171, 189, 96,
       152, 253, 213, 218, 239, 223, 93, 220, 27, 168, 220, 54, 164, 217,
       170, 151, 21, 254, 43, 118, 255, 43, 95, 158, 251, 87, 12, 252,
       222, 13, 227, 208, 99, 196, 139, 99, 136, 118, 177, 107, 224, 211,
       193, 201, 204, 51, 72, 98, 90, 82, 240, 207, 48, 140, 129, 39,
