%YAML:1.0
---
descriptors: !!opencv-matrix
   rows: 181
   cols: 32
   dt: u
   data: [ 190, 97, 98, 129, 93, 127, 254, 204, 61, 236, 250, 11, 74, 92,
       95, 156, 254, 253, 223, 243, 12, 179, 201, 206, 189, 28, 135, 183,
       103, 127, 78, 222, 203, 214, 255, 254, 236, 157, 125, 31, 127, 95,
       215, 252, 255, 223, 190, 105, 215, 147, 191, 157, 227, 118, 107,
       195, 246, 255, 118, 138, 78, 220, 161, 113, 82, 171, 148, 154,
       137, 185, 20, 207, 171, 29, 140, 9, 174, 248, 70, 223, 129, 115,
       233, 17, 30, 75, 138, 241, 187, 82, 93, 123, 146, 84, 143, 14,
       107, 158, 255, 255, 116, 63, 121, 190, 123, 234, 126, 238, 255,
       239, 151, 114, 119, 239, 63, 12, 181, 248, 247, 235, 254, 255,
       251, 184, 47, 236, 83, 249, 175, 191, 239, 245, 188, 62, 255, 123,
       189, 253, 246, 244, 219, 47, 150, 179, 206, 245, 255, 238, 249,
       249, 225, 237, 238, 251, 239, 132, 206, 229, 230, 241, 207, 83,
       237, 246, 236, 31, 253, 61, 127, 254, 183, 254, 251, 255, 223,
       251, 127, 247, 255, 175, 249, 119, 239, 222, 222, 219, 247, 244,
       127, 188, 228, 121, 189, 67, 71, 238, 78, 3, 199, 248, 70, 0, 245,
       202, 115, 201, 185, 97, 88, 200, 38, 110, 201, 35, 111, 189, 240,
       235, 225, 60, 125, 187, 112, 160, 203, 151, 253, 255, 238, 221,
       253, 255, 255, 127, 119, 254, 253, 255, 254, 247, 127, 223, 191,
       140, 243, 124, 255, 215, 254, 251, 255, 228, 63, 204, 197, 241,
       73, 186, 187, 254, 52, 188, 121, 51, 233, 73, 91, 92, 191, 158,
       64, 240, 166, 63, 124, 29, 159, 26, 160, 197, 223, 253, 58, 200,
       8, 130, 35, 105, 60, 199, 26, 175, 124, 71, 254, 121, 23, 32, 253,
       11, 119, 249, 42, 64, 122, 217, 7, 99, 78, 178, 91, 159, 247, 199,
       171, 45, 117, 171, 252, 130, 73, 183, 239, 255, 234, 255, 253,
       251, 254, 223, 223, 244, 221, 255, 154, 114, 127, 223, 255, 140,
       179, 219, 239, 211, 254, 255, 255, 204, 174, 198, 167, 241, 15,
       118, 237, 195, 246, 61, 255, 216, 59, 255, 29, 255, 89, 110, 223,
       46, 63, 205, 119, 255, 167, 84, 175, 226, 126, 95, 239, 172, 175,
       247, 211, 245, 53, 207, 98, 14, 246, 147, 238, 246, 85, 194, 254,
       230, 99, 232, 183, 228, 127, 238, 22, 111, 237, 187, 12, 175, 58,
       46, 165, 128, 127, 255, 248, 141, 235, 242, 251, 222, 108, 213,
       189, 252, 191, 95, 244, 244, 188, 223, 158, 107, 207, 59, 255,
       141, 231, 111, 242, 243, 118, 123, 254, 168, 95, 148, 239, 249,
       79, 255, 253, 247, 174, 40, 255, 190, 255, 251, 178, 246, 249, 47,
       213, 107, 111, 215, 127, 223, 251, 107, 239, 241, 254, 251, 255,
       244, 173, 249, 243, 121, 147, 21, 255, 245, 230, 42, 237, 127,
       125, 235, 255, 246, 223, 63, 148, 123, 123, 199, 127, 173, 185,
       252, 101, 206, 254, 255, 255, 196, 239, 248, 225, 241, 212, 115,
       156, 178, 168, 77, 95, 216, 163, 190, 165, 45, 87, 215, 75, 27,
       183, 213, 125, 114, 74, 71, 155, 112, 219, 131, 109, 253, 168,
       243, 174, 19, 142, 48, 250, 243, 231, 253, 185, 218, 127, 255,
       117, 59, 158, 221, 95, 40, 191, 25, 215, 17, 146, 116, 186, 208,
       95, 91, 127, 239, 199, 77, 87, 243, 111, 222, 253, 253, 126, 62,
       253, 222, 31, 127, 252, 247, 221, 255, 223, 106, 127, 221, 191,
       141, 167, 118, 255, 243, 254, 255, 255, 164, 191, 253, 223, 241,
       252, 215, 254, 102, 178, 70, 95, 184, 51, 174, 191, 173, 83, 119,
       11, 80, 55, 214, 125, 238, 104, 195, 233, 62, 251, 239, 101, 148,
       163, 242, 230, 115, 1, 79, 23, 71, 52, 10, 103, 53, 108, 168, 110,
       100, 247, 35, 129, 117, 82, 100, 76, 110, 201, 176, 101, 46, 228,
       184, 37, 0, 74, 178, 192, 41, 109, 114, 177, 101, 37, 30, 70, 184,
       105, 234, 51, 76, 222, 113, 89, 183, 148, 68, 108, 110, 193, 116,
       249, 8, 141, 251, 101, 52, 74, 255, 66, 37, 8, 173, 82, 106, 241,
       163, 238, 231, 63, 33, 120, 128, 189, 171, 48, 4, 27, 107, 23,
       140, 82, 185, 13, 255, 106, 220, 38, 232, 214, 214, 227, 136, 125,
       117, 97, 70, 221, 95, 79, 252, 65, 234, 188, 74, 83, 125, 213,
       183, 88, 220, 85, 238, 201, 114, 253, 174, 127, 201, 229, 188,
       111, 255, 86, 245, 10, 187, 178, 73, 233, 189, 177, 207, 175, 29,
       108, 141, 172, 207, 102, 140, 174, 59, 227, 16, 18, 26, 186, 241,
       15, 84, 26, 107, 210, 70, 135, 255, 50, 185, 179, 155, 211, 221,
       191, 238, 62, 109, 92, 3, 44, 254, 103, 32, 255, 123, 179, 209,
       19, 187, 186, 251, 61, 20, 31, 235, 209, 29, 39, 255, 116, 113,
       252, 102, 174, 79, 87, 216, 131, 190, 181, 43, 82, 255, 79, 27,
       30, 212, 109, 122, 72, 99, 251, 48, 251, 137, 101, 63, 115, 251,
       198, 115, 218, 90, 255, 252, 46, 90, 125, 20, 249, 94, 246, 179,
       239, 191, 183, 123, 230, 245, 253, 231, 232, 229, 163, 202, 210,
       251, 254, 147, 39, 245, 117, 127, 79, 126, 255, 225, 118, 59, 251,
       210, 47, 254, 95, 239, 93, 143, 215, 42, 47, 253, 223, 191, 131,
       116, 173, 200, 246, 221, 175, 164, 175, 247, 3, 241, 142, 56, 183,
       145, 235, 248, 177, 67, 190, 215, 87, 49, 140, 190, 103, 235, 163,
       59, 243, 17, 54, 220, 162, 194, 13, 19, 94, 107, 134, 85, 141,
       199, 15, 127, 54, 135, 52, 190, 178, 144, 45, 236, 94, 101, 172,
       92, 151, 196, 166, 97, 222, 87, 133, 176, 49, 236, 166, 121, 35,
       130, 202, 247, 9, 93, 222, 126, 254, 244, 45, 116, 121, 18, 249,
       222, 182, 181, 44, 191, 215, 95, 231, 245, 253, 135, 168, 103,
       162, 194, 211, 251, 250, 139, 134, 245, 103, 115, 10, 221, 43,
       255, 247, 193, 191, 231, 31, 69, 92, 163, 188, 255, 34, 100, 250,
       59, 147, 193, 115, 154, 58, 255, 111, 119, 158, 203, 23, 12, 181,
       250, 10, 239, 42, 187, 247, 209, 191, 231, 31, 77, 92, 163, 172,
       237, 50, 192, 251, 107, 131, 213, 114, 186, 42, 255, 239, 87, 159,
       235, 215, 14, 189, 219, 247, 23, 232, 7, 222, 23, 223, 184, 81,
       238, 159, 239, 83, 108, 159, 32, 95, 196, 85, 239, 237, 179, 253,
       174, 126, 111, 173, 148, 111, 255, 90, 85, 4, 224, 135, 151, 29,
       139, 166, 232, 246, 176, 67, 2, 224, 224, 105, 67, 113, 108, 106,
       115, 96, 209, 143, 125, 13, 34, 207, 5, 128, 42, 49, 132, 36, 137,
       132, 158, 217, 131, 38, 232, 150, 178, 96, 10, 96, 225, 105, 81,
       89, 110, 34, 98, 34, 82, 90, 63, 60, 38, 69, 109, 144, 106, 8,
       130, 203, 213, 253, 255, 182, 156, 255, 189, 63, 91, 95, 246, 253,
       127, 158, 103, 55, 83, 63, 142, 243, 212, 127, 255, 238, 255, 254,
       128, 62, 214, 129, 121, 177, 86, 109, 76, 116, 91, 195, 120, 84,
       236, 254, 238, 115, 93, 182, 32, 92, 164, 86, 44, 233, 167, 101,
       31, 114, 239, 161, 148, 125, 170, 116, 113, 95, 251, 237, 229,
       190, 19, 239, 216, 59, 250, 148, 238, 89, 111, 223, 42, 63, 205,
       127, 255, 195, 83, 175, 234, 254, 207, 239, 180, 175, 247, 243,
       241, 63, 118, 239, 227, 246, 98, 239, 216, 119, 251, 255, 230, 89,
       111, 253, 107, 127, 206, 55, 255, 171, 243, 173, 226, 126, 207,
       239, 196, 167, 251, 112, 241, 26, 143, 226, 174, 214, 210, 174,
       230, 23, 133, 218, 163, 97, 236, 183, 196, 127, 239, 167, 199, 78,
       155, 12, 255, 58, 103, 175, 129, 183, 223, 252, 220, 138, 178,
       160, 145, 107, 241, 184, 207, 155, 127, 84, 191, 172, 142, 94,
       142, 175, 27, 243, 149, 54, 94, 146, 211, 15, 87, 222, 235, 135,
       4, 159, 223, 142, 58, 190, 145, 203, 252, 185, 71, 190, 151, 70,
       19, 140, 190, 103, 203, 167, 59, 163, 17, 54, 220, 178, 226, 79,
       83, 94, 107, 130, 68, 173, 227, 170, 190, 50, 218, 255, 245, 176,
       199, 219, 15, 176, 59, 172, 220, 102, 165, 239, 187, 202, 17, 54,
       111, 32, 255, 59, 81, 14, 123, 211, 76, 239, 143, 79, 251, 244,
       247, 190, 137, 255, 220, 191, 241, 180, 238, 253, 239, 223, 111,
       127, 199, 127, 223, 227, 97, 239, 241, 254, 218, 239, 252, 175,
       255, 211, 241, 25, 151, 231, 247, 246, 42, 237, 255, 125, 243,
       255, 246, 89, 47, 156, 123, 127, 199, 127, 189, 249, 251, 237,
       226, 254, 239, 246, 196, 231, 250, 241, 233, 6, 157, 147, 157,
