%YAML:1.0
---
descriptors: !!opencv-matrix
   rows: 177
   cols: 32
   dt: u
   data: [ 149, 239, 204, 59, 160, 170, 110, 156, 54, 218, 255, 245, 243,
       227, 155, 88, 127, 238, 125, 222, 250, 212, 207, 42, 238, 239,
       231, 128, 173, 243, 248, 1, 33, 103, 123, 69, 116, 11, 231, 120,
       116, 36, 126, 234, 115, 69, 149, 52, 126, 216, 6, 106, 201, 178,
       101, 14, 101, 140, 36, 128, 101, 186, 86, 161, 48, 224, 206, 220,
       92, 3, 72, 232, 22, 176, 226, 74, 80, 224, 52, 80, 89, 236, 99,
       252, 104, 211, 203, 93, 24, 34, 205, 52, 37, 42, 112, 136, 49, 69,
       99, 13, 86, 3, 198, 120, 84, 192, 251, 70, 83, 72, 183, 96, 120,
       204, 22, 239, 205, 179, 69, 30, 112, 172, 160, 20, 125, 187, 112,
       132, 53, 67, 98, 172, 86, 2, 239, 120, 85, 196, 251, 199, 83, 200,
       183, 64, 120, 236, 6, 239, 204, 179, 5, 140, 48, 44, 162, 4, 125,
       191, 112, 196, 4, 172, 134, 151, 213, 139, 166, 235, 190, 147, 66,
       66, 228, 224, 105, 11, 57, 110, 34, 144, 50, 248, 11, 127, 172, 6,
       223, 64, 129, 104, 57, 136, 100, 140, 139, 158, 222, 35, 166, 235,
       22, 162, 192, 218, 97, 224, 41, 65, 121, 238, 34, 170, 112, 111,
       10, 63, 60, 134, 199, 108, 177, 120, 48, 128, 2, 160, 150, 157,
       31, 139, 168, 107, 190, 177, 66, 2, 236, 232, 116, 74, 51, 109,
       107, 17, 2, 249, 139, 221, 12, 34, 95, 108, 5, 40, 17, 128, 36,
       140, 148, 158, 220, 139, 166, 232, 158, 179, 96, 10, 100, 224,
       105, 73, 217, 234, 34, 16, 50, 90, 74, 127, 60, 6, 95, 111, 144,
       120, 16, 138, 8, 156, 59, 249, 85, 205, 241, 103, 94, 69, 108, 18,
       189, 159, 50, 96, 249, 58, 19, 8, 51, 184, 112, 255, 103, 255, 18,
       65, 82, 8, 229, 234, 199, 172, 253, 251, 238, 169, 255, 254, 255,
       255, 147, 214, 253, 238, 220, 107, 239, 243, 127, 159, 179, 109,
       239, 243, 254, 223, 255, 252, 149, 217, 209, 241, 218, 251, 252,
       247, 238, 26, 255, 254, 255, 251, 182, 222, 223, 175, 215, 107,
       111, 215, 127, 219, 251, 111, 239, 226, 254, 223, 255, 252, 167,
       249, 243, 169, 107, 179, 251, 216, 124, 153, 249, 81, 175, 89,
       253, 230, 253, 223, 252, 96, 238, 185, 127, 157, 151, 27, 162,
       213, 222, 121, 43, 202, 30, 138, 97, 241, 79, 190, 253, 247, 188,
       189, 123, 182, 239, 127, 158, 237, 255, 127, 215, 119, 135, 243,
       253, 29, 183, 72, 239, 247, 238, 255, 255, 186, 134, 212, 87, 125,
       102, 169, 142, 94, 153, 149, 148, 205, 222, 51, 161, 9, 234, 250,
       110, 223, 201, 107, 234, 16, 22, 75, 138, 241, 59, 54, 95, 127,
       208, 60, 235, 142, 118, 169, 135, 190, 203, 193, 22, 236, 191, 21,
       128, 137, 238, 230, 104, 223, 193, 247, 251, 67, 30, 75, 202, 241,
       185, 118, 223, 123, 144, 52, 183, 206, 74, 48, 188, 248, 105, 109,
       48, 2, 187, 63, 133, 29, 142, 191, 66, 90, 133, 23, 233, 17, 18,
       79, 210, 209, 223, 243, 90, 123, 144, 77, 15, 83, 196, 178, 188,
       240, 40, 73, 57, 27, 170, 191, 183, 185, 159, 151, 74, 91, 167,
       149, 237, 0, 32, 69, 227, 80, 215, 243, 123, 255, 128, 32, 7, 115,
       66, 172, 165, 154, 141, 233, 148, 231, 159, 151, 128, 9, 174, 252,
       70, 207, 129, 115, 235, 17, 58, 107, 202, 241, 153, 82, 223, 123,
       144, 92, 151, 78, 212, 123, 253, 228, 58, 66, 89, 24, 165, 188,
       167, 161, 223, 23, 1, 91, 102, 213, 125, 242, 40, 65, 233, 76,
       209, 225, 239, 149, 32, 179, 39, 115, 149, 221, 239, 222, 212, 39,
       111, 252, 86, 226, 95, 66, 113, 242, 189, 49, 127, 254, 55, 235,
       249, 211, 45, 110, 121, 47, 239, 128, 173, 243, 240, 161, 77, 176,
       149, 243, 221, 45, 233, 155, 59, 125, 177, 92, 159, 115, 88, 31,
       205, 138, 123, 28, 147, 106, 251, 241, 205, 216, 23, 124, 154,
       200, 211, 224, 55, 77, 74, 220, 223, 247, 206, 238, 23, 128, 204,
       2, 112, 244, 53, 164, 120, 234, 18, 234, 76, 139, 118, 255, 59,
       14, 133, 41, 51, 121, 120, 172, 120, 81, 107, 236, 86, 195, 95,
       124, 4, 196, 223, 163, 81, 223, 48, 64, 126, 245, 63, 226, 72,
       147, 113, 30, 243, 237, 163, 129, 53, 187, 244, 115, 85, 81, 75,
       167, 86, 70, 239, 112, 52, 200, 91, 199, 85, 103, 177, 64, 118,
       237, 63, 239, 193, 144, 29, 78, 116, 172, 171, 132, 45, 179, 49,
       241, 52, 83, 107, 172, 54, 195, 223, 124, 68, 68, 222, 167, 83,
       205, 50, 64, 126, 173, 31, 239, 216, 163, 37, 142, 243, 173, 170,
       145, 117, 155, 244, 115, 11, 108, 183, 212, 85, 156, 238, 246,
       237, 130, 110, 70, 189, 169, 117, 167, 166, 105, 83, 79, 193, 255,
       178, 232, 55, 89, 70, 8, 67, 253, 107, 172, 219, 214, 102, 6, 51,
       22, 255, 124, 113, 206, 215, 231, 88, 60, 150, 167, 190, 213, 245,
       231, 237, 245, 189, 206, 50, 123, 236, 134, 111, 182, 46, 85, 253,
       237, 234, 86, 206, 18, 206, 252, 241, 226, 181, 222, 91, 233, 253,
       179, 62, 236, 221, 238, 233, 103, 172, 42, 114, 235, 229, 188,
       111, 243, 250, 244, 107, 112, 250, 224, 116, 45, 121, 91, 43, 73,
       124, 47, 31, 221, 119, 16, 191, 153, 23, 29, 138, 50, 146, 192,
       87, 221, 33, 172, 239, 158, 114, 219, 174, 217, 246, 219, 237,
       245, 188, 207, 159, 95, 116, 55, 172, 254, 126, 237, 239, 123,
       183, 213, 183, 250, 122, 243, 31, 126, 222, 203, 151, 93, 253,
       255, 70, 169, 148, 159, 75, 129, 160, 168, 190, 144, 195, 1, 228,
       226, 76, 194, 241, 103, 106, 209, 6, 65, 219, 113, 13, 50, 79, 75,
       0, 34, 41, 6, 61, 98, 73, 105, 78, 3, 71, 216, 86, 178, 181, 238,
       83, 65, 217, 57, 121, 204, 102, 238, 201, 103, 237, 24, 218, 201,
       225, 60, 127, 187, 114, 160, 34, 32, 103, 201, 78, 11, 169, 73,
       108, 32, 242, 194, 145, 138, 20, 64, 106, 157, 123, 137, 128, 177,
       197, 208, 20, 40, 138, 48, 85, 8, 33, 136, 48, 40, 207, 156, 94,
       3, 192, 107, 22, 161, 242, 154, 115, 224, 64, 9, 121, 236, 98,
       136, 8, 254, 199, 29, 24, 2, 213, 20, 97, 40, 114, 8, 4, 168, 134,
       159, 89, 139, 160, 168, 190, 144, 66, 0, 228, 224, 105, 195, 241,
       110, 98, 81, 34, 208, 139, 125, 13, 34, 79, 71, 128, 40, 41, 134,
       3, 32, 103, 201, 78, 137, 168, 66, 174, 49, 210, 131, 128, 138,
       116, 106, 238, 141, 123, 149, 130, 155, 199, 209, 20, 40, 154,
       208, 5, 136, 113, 140, 141, 222, 227, 254, 244, 143, 239, 248, 30,
       202, 126, 118, 255, 237, 179, 96, 251, 106, 55, 94, 243, 255, 42,
       255, 254, 255, 175, 200, 150, 251, 241, 241, 3, 186, 143, 61, 122,
       143, 169, 120, 190, 249, 66, 229, 244, 226, 200, 91, 244, 61, 106,
       213, 135, 217, 199, 93, 140, 38, 123, 228, 152, 32, 3, 153, 114,
       235, 182, 42, 25, 153, 146, 204, 203, 21, 168, 9, 174, 200, 102,
       150, 200, 225, 233, 81, 94, 43, 202, 177, 185, 208, 13, 123, 208,
       14, 15, 14, 126, 233, 151, 170, 25, 193, 18, 232, 171, 149, 160,
       9, 110, 214, 104, 146, 200, 241, 233, 210, 78, 11, 218, 241, 153,
       208, 143, 123, 16, 15, 46, 10, 90, 184, 158, 240, 43, 252, 16,
       198, 171, 154, 166, 9, 174, 191, 99, 218, 165, 179, 253, 16, 44,
       77, 146, 240, 219, 211, 82, 123, 138, 68, 47, 27, 112, 13, 93,
       101, 48, 78, 65, 55, 96, 168, 190, 72, 183, 51, 128, 112, 2, 182,
       76, 40, 105, 169, 113, 14, 227, 175, 48, 20, 72, 192, 66, 57, 126,
       123, 50, 142, 41, 221, 154, 200, 143, 236, 165, 9, 238, 214, 111,
       150, 220, 245, 239, 98, 78, 3, 250, 241, 179, 241, 139, 63, 82,
       63, 47, 247, 74, 177, 157, 176, 137, 253, 20, 143, 171, 113, 136,
       9, 174, 190, 72, 250, 129, 83, 233, 17, 22, 73, 218, 241, 153,
       215, 95, 127, 144, 68, 141, 30, 218, 188, 19, 248, 139, 237, 48,
       71, 187, 87, 160, 25, 46, 159, 96, 88, 163, 187, 217, 17, 50, 79,
       146, 243, 153, 210, 26, 123, 130, 68, 167, 95, 45, 104, 185, 101,
       45, 29, 85, 146, 107, 186, 180, 72, 159, 145, 65, 58, 128, 76,
       108, 90, 201, 100, 243, 0, 199, 217, 117, 60, 202, 185, 66, 161,
       202, 156, 191, 247, 137, 253, 53, 143, 191, 223, 134, 17, 252,
       255, 106, 75, 193, 119, 251, 16, 51, 77, 123, 243, 207, 243, 95,
