%YAML:1.0
---
descriptors: !!opencv-matrix
   rows: 224
   cols: 32
   dt: u
   data: [ 47, 182, 150, 157, 253, 95, 190, 234, 127, 251, 244, 27, 206,
       248, 94, 244, 253, 205, 254, 161, 164, 247, 223, 223, 191, 115,
       79, 127, 215, 44, 43, 134, 11, 143, 125, 203, 180, 159, 235, 185,
       13, 72, 94, 196, 253, 15, 184, 97, 22, 19, 31, 253, 179, 152, 53,
       253, 111, 217, 42, 192, 30, 139, 129, 57, 33, 127, 123, 69, 116,
       11, 103, 240, 96, 12, 126, 236, 115, 1, 145, 52, 126, 216, 6, 106,
       201, 178, 101, 44, 118, 141, 36, 128, 101, 187, 70, 177, 21, 204,
       135, 159, 150, 155, 39, 232, 86, 179, 67, 66, 114, 224, 169, 101,
       121, 238, 34, 234, 114, 208, 47, 63, 188, 38, 199, 4, 177, 122,
       16, 164, 249, 207, 94, 172, 52, 2, 79, 181, 100, 0, 242, 70, 83,
       35, 162, 81, 114, 196, 44, 238, 104, 187, 5, 44, 242, 235, 228, 4,
       40, 178, 232, 8, 196, 178, 188, 241, 40, 72, 121, 25, 174, 190,
       183, 185, 223, 183, 74, 91, 167, 149, 237, 130, 112, 68, 203, 64,
       221, 211, 127, 221, 0, 160, 7, 115, 49, 69, 99, 44, 86, 2, 198,
       120, 116, 192, 251, 198, 83, 72, 181, 96, 120, 236, 22, 111, 205,
       179, 69, 14, 48, 44, 33, 4, 109, 187, 112, 132, 2, 96, 71, 173,
       110, 3, 168, 72, 46, 160, 210, 195, 204, 136, 116, 192, 250, 13,
       123, 101, 0, 211, 199, 216, 20, 56, 139, 168, 20, 168, 49, 128,
       17, 207, 94, 172, 178, 130, 78, 245, 197, 128, 250, 70, 87, 3,
       176, 64, 122, 229, 14, 234, 93, 137, 5, 172, 184, 237, 166, 208,
       56, 139, 168, 8, 4, 140, 135, 151, 212, 139, 166, 233, 158, 179,
       66, 18, 228, 226, 41, 73, 121, 110, 34, 18, 112, 216, 11, 127,
       172, 6, 223, 68, 128, 120, 177, 136, 116, 140, 130, 158, 222, 35,
       166, 235, 18, 130, 232, 218, 113, 226, 41, 64, 121, 234, 2, 170,
       120, 67, 142, 63, 60, 166, 199, 108, 177, 120, 48, 128, 63, 203,
       106, 233, 52, 18, 255, 208, 69, 76, 254, 167, 27, 140, 183, 96,
       126, 141, 151, 255, 204, 187, 37, 238, 242, 237, 174, 197, 125,
       158, 124, 223, 63, 91, 115, 203, 247, 159, 238, 209, 111, 72, 255,
       110, 106, 157, 181, 244, 126, 186, 151, 222, 203, 187, 44, 248,
       55, 92, 134, 130, 255, 158, 104, 189, 133, 223, 59, 251, 52, 135,
       239, 113, 92, 136, 83, 102, 181, 202, 176, 96, 254, 57, 22, 207,
       227, 152, 8, 127, 228, 142, 174, 192, 28, 154, 33, 161, 112, 128,
       199, 156, 92, 3, 72, 107, 87, 163, 210, 90, 113, 232, 48, 72, 91,
       237, 34, 169, 40, 250, 207, 223, 28, 38, 221, 92, 181, 40, 112, 8,
       114, 32, 231, 205, 110, 131, 104, 75, 87, 177, 210, 203, 112, 137,
       84, 88, 122, 172, 115, 157, 138, 218, 199, 209, 22, 42, 209, 128,
       37, 136, 112, 136, 3, 32, 118, 73, 106, 147, 184, 67, 239, 33,
       242, 163, 136, 142, 244, 104, 238, 189, 123, 149, 134, 187, 231,
       208, 22, 56, 154, 194, 85, 140, 33, 140, 120, 184, 190, 240, 73,
       252, 80, 87, 171, 91, 164, 25, 191, 191, 64, 154, 167, 179, 221,
       16, 23, 75, 146, 145, 219, 251, 80, 123, 234, 64, 143, 219, 2,
       160, 150, 157, 79, 139, 168, 72, 190, 176, 67, 2, 236, 232, 116,
       66, 179, 109, 107, 81, 2, 241, 155, 221, 12, 50, 79, 78, 4, 42,
       49, 134, 98, 32, 102, 205, 76, 3, 104, 72, 15, 176, 208, 11, 64,
       201, 116, 72, 216, 156, 123, 193, 10, 83, 195, 209, 23, 56, 139,
       175, 21, 136, 112, 134, 177, 207, 109, 111, 16, 143, 71, 253, 84,
       224, 246, 74, 115, 65, 184, 113, 120, 224, 76, 106, 235, 175, 125,
       63, 248, 201, 37, 80, 117, 138, 208, 40, 217, 76, 111, 237, 44,
       42, 111, 50, 244, 234, 246, 70, 115, 33, 177, 123, 98, 228, 124,
       238, 233, 181, 37, 14, 210, 235, 226, 144, 45, 249, 112, 40, 66,
       224, 151, 159, 13, 143, 160, 136, 175, 176, 195, 64, 228, 240, 76,
       198, 145, 101, 106, 81, 3, 97, 219, 253, 29, 54, 79, 58, 24, 43,
       17, 36, 253, 81, 127, 228, 44, 14, 79, 248, 225, 232, 182, 76, 83,
       249, 49, 123, 220, 228, 125, 110, 232, 227, 249, 168, 243, 251,
       229, 20, 107, 187, 82, 66, 173, 98, 189, 245, 45, 13, 117, 216,
       202, 190, 52, 88, 159, 209, 73, 59, 137, 76, 110, 94, 192, 118,
       250, 0, 199, 219, 117, 60, 194, 249, 66, 163, 67, 250, 150, 30,
       234, 185, 180, 239, 254, 91, 128, 237, 228, 250, 108, 91, 199,
       123, 234, 145, 183, 75, 206, 113, 60, 54, 95, 251, 152, 80, 169,
       31, 78, 62, 155, 161, 162, 110, 57, 19, 168, 239, 14, 237, 157,
       55, 64, 90, 167, 53, 253, 16, 17, 216, 145, 64, 205, 215, 127,
       230, 136, 224, 135, 115, 207, 52, 156, 178, 169, 253, 16, 15, 190,
       219, 131, 29, 158, 250, 74, 203, 133, 19, 236, 17, 55, 77, 219,
       210, 205, 211, 95, 127, 152, 68, 137, 19, 70, 168, 166, 154, 205,
       233, 148, 207, 223, 149, 128, 11, 236, 232, 126, 143, 201, 251,
       235, 17, 22, 107, 202, 241, 153, 22, 95, 123, 208, 92, 151, 78,
       56, 29, 123, 254, 61, 247, 215, 114, 213, 72, 252, 2, 127, 255,
       33, 96, 252, 123, 151, 226, 73, 187, 58, 189, 251, 239, 35, 73,
       123, 171, 101, 243, 9, 207, 59, 255, 94, 143, 255, 242, 95, 12,
       124, 70, 125, 233, 179, 96, 126, 235, 22, 79, 226, 184, 47, 255,
       119, 239, 34, 0, 119, 218, 33, 233, 142, 239, 238, 158, 252, 203,
       239, 236, 151, 254, 222, 163, 104, 237, 253, 64, 121, 254, 255,
       103, 114, 243, 138, 255, 126, 38, 175, 237, 103, 255, 244, 216,
       164, 254, 150, 127, 221, 163, 166, 239, 151, 183, 233, 29, 194,
       233, 109, 195, 217, 126, 234, 114, 122, 111, 219, 179, 47, 246,
       85, 127, 210, 251, 252, 130, 187, 87, 242, 237, 61, 95, 223, 127,
       93, 206, 254, 175, 91, 191, 183, 228, 254, 221, 223, 173, 237,
       163, 113, 206, 243, 255, 167, 151, 87, 252, 252, 255, 130, 222,
       146, 157, 119, 151, 180, 87, 223, 67, 72, 87, 172, 154, 38, 196,
       207, 59, 147, 1, 230, 188, 18, 223, 39, 54, 30, 11, 18, 92, 185,
       143, 77, 185, 189, 115, 189, 189, 125, 151, 107, 121, 61, 76, 190,
       63, 74, 58, 133, 67, 124, 28, 147, 104, 251, 241, 239, 219, 117,
       124, 202, 211, 195, 105, 124, 229, 131, 190, 220, 3, 70, 232, 18,
       162, 224, 74, 115, 224, 105, 81, 89, 238, 34, 174, 104, 99, 143,
       63, 248, 135, 231, 124, 177, 120, 112, 128, 68, 168, 149, 159,
       216, 130, 36, 168, 190, 179, 66, 64, 228, 226, 73, 203, 113, 111,
       42, 144, 34, 216, 203, 125, 140, 34, 223, 68, 128, 96, 33, 8, 138,
       158, 182, 158, 125, 255, 186, 226, 159, 79, 211, 55, 236, 254, 54,
       196, 255, 251, 191, 129, 182, 255, 107, 255, 191, 118, 218, 139,
       150, 76, 45, 223, 251, 147, 122, 229, 117, 95, 255, 119, 93, 109,
       247, 55, 91, 61, 150, 228, 254, 157, 183, 141, 253, 190, 117, 206,
       247, 255, 242, 195, 111, 172, 252, 255, 175, 112, 239, 213, 111,
       247, 251, 216, 191, 250, 212, 231, 92, 222, 255, 41, 255, 253,
       247, 239, 165, 215, 174, 218, 95, 91, 239, 174, 31, 167, 123, 247,
       5, 204, 149, 23, 136, 143, 39, 172, 190, 179, 67, 64, 244, 242,
       201, 239, 145, 110, 106, 90, 115, 216, 251, 121, 45, 22, 95, 66,
       136, 122, 129, 172, 15, 250, 238, 251, 110, 165, 251, 216, 191,
       250, 85, 231, 253, 254, 255, 40, 255, 253, 255, 159, 167, 87, 190,
       243, 94, 31, 239, 172, 157, 239, 35, 241, 14, 114, 251, 218, 254,
       185, 185, 89, 159, 253, 213, 231, 252, 222, 255, 106, 255, 57,
       255, 151, 131, 71, 170, 209, 94, 95, 43, 174, 159, 239, 37, 247,
       21, 205, 239, 223, 244, 38, 239, 252, 118, 162, 93, 2, 113, 226,
       185, 40, 59, 239, 55, 239, 249, 212, 62, 110, 248, 175, 239, 132,
       181, 243, 241, 160, 203, 172, 132, 183, 233, 188, 60, 135, 186,
       251, 130, 29, 172, 182, 66, 219, 129, 103, 249, 21, 55, 76, 211,
       162, 141, 115, 223, 123, 138, 84, 155, 94, 58, 95, 106, 236, 117,
       82, 95, 252, 5, 204, 254, 167, 75, 221, 55, 192, 254, 221, 151,
       227, 204, 179, 33, 172, 179, 253, 166, 135, 119, 190, 124, 223,
       21, 196, 143, 29, 30, 11, 34, 232, 86, 176, 66, 66, 115, 224, 169,
       101, 121, 236, 34, 232, 42, 241, 47, 29, 56, 38, 199, 4, 177, 42,
