%YAML:1.0
---
descriptors: !!opencv-matrix
   rows: 151
   cols: 32
   dt: u
   data: [ 222, 62, 254, 116, 171, 112, 28, 7, 187, 223, 182, 189, 110,
       255, 199, 223, 167, 247, 253, 131, 172, 71, 163, 194, 155, 123,
       94, 155, 130, 244, 175, 95, 139, 188, 182, 155, 241, 254, 57, 199,
       63, 95, 118, 181, 172, 239, 182, 125, 183, 43, 135, 29, 183, 220,
       42, 247, 206, 122, 94, 199, 154, 196, 173, 215, 42, 175, 35, 187,
       247, 241, 191, 231, 159, 77, 92, 171, 236, 237, 50, 132, 255, 107,
       151, 197, 114, 154, 42, 255, 191, 87, 143, 235, 23, 78, 183, 251,
       135, 218, 253, 179, 230, 6, 189, 182, 63, 127, 86, 247, 221, 62,
       210, 107, 231, 87, 63, 213, 179, 220, 63, 224, 76, 59, 254, 194,
       140, 213, 145, 249, 3, 153, 3, 159, 118, 247, 170, 112, 28, 73,
       91, 198, 252, 254, 176, 228, 126, 43, 23, 207, 151, 152, 60, 255,
       4, 44, 170, 192, 29, 143, 49, 253, 39, 122, 227, 130, 102, 83,
       239, 208, 75, 228, 249, 239, 72, 204, 247, 44, 126, 233, 23, 255,
       197, 179, 172, 232, 54, 28, 175, 174, 239, 191, 112, 213, 127, 90,
       231, 228, 103, 86, 127, 48, 33, 206, 246, 230, 91, 31, 151, 255,
       126, 245, 181, 238, 201, 214, 229, 200, 215, 251, 226, 128, 39,
       183, 102, 113, 62, 95, 98, 70, 243, 18, 191, 244, 129, 236, 94,
       167, 105, 236, 183, 164, 126, 229, 151, 231, 196, 155, 164, 236,
       58, 125, 175, 131, 103, 183, 126, 221, 177, 199, 109, 71, 20, 26,
       230, 180, 116, 64, 115, 210, 243, 0, 148, 229, 120, 198, 14, 110,
       233, 188, 109, 47, 44, 174, 118, 0, 109, 139, 208, 172, 184, 244,
       88, 108, 90, 71, 87, 248, 23, 30, 180, 27, 114, 91, 41, 17, 253,
       152, 7, 234, 106, 39, 90, 31, 115, 201, 33, 61, 113, 185, 102,
       139, 14, 48, 188, 209, 235, 245, 185, 83, 187, 255, 21, 189, 140,
       255, 71, 15, 175, 59, 247, 145, 146, 78, 250, 224, 79, 91, 223,
       239, 134, 101, 135, 247, 29, 93, 251, 165, 242, 38, 191, 183, 60,
       239, 94, 231, 157, 47, 147, 96, 119, 223, 55, 189, 145, 152, 53,
       202, 236, 175, 190, 196, 173, 240, 161, 249, 116, 225, 150, 254,
       205, 79, 86, 232, 227, 176, 225, 8, 66, 251, 105, 26, 248, 252,
       107, 98, 88, 227, 154, 160, 187, 210, 197, 63, 227, 59, 118, 130,
       192, 204, 134, 159, 141, 168, 36, 167, 190, 147, 194, 19, 166,
       162, 0, 207, 97, 230, 106, 132, 98, 221, 195, 239, 180, 34, 222,
       1, 2, 92, 185, 12, 126, 123, 106, 238, 107, 212, 191, 112, 137,
       204, 157, 175, 12, 223, 119, 3, 238, 241, 215, 227, 196, 3, 186,
       232, 115, 81, 203, 171, 7, 55, 39, 247, 81, 157, 29, 101, 176, 46,
       71, 183, 100, 40, 170, 68, 247, 51, 0, 112, 20, 102, 108, 40, 217,
       136, 81, 47, 233, 175, 36, 16, 232, 226, 192, 41, 60, 13, 30, 250,
       29, 167, 82, 115, 149, 12, 221, 3, 117, 251, 33, 64, 216, 178,
       143, 48, 58, 171, 18, 159, 243, 231, 130, 73, 183, 106, 112, 2,
       65, 134, 157, 117, 176, 46, 98, 63, 116, 171, 107, 84, 215, 35,
       152, 80, 17, 78, 108, 44, 185, 220, 201, 15, 236, 175, 53, 68,
       232, 224, 192, 33, 149, 205, 251, 255, 182, 139, 111, 252, 118,
       97, 218, 194, 243, 243, 185, 96, 127, 238, 62, 74, 251, 252, 109,
       63, 252, 175, 183, 192, 60, 155, 176, 185, 17, 73, 67, 37, 148,
       138, 110, 183, 116, 32, 74, 192, 211, 3, 144, 196, 112, 108, 34,
       236, 97, 152, 69, 46, 164, 174, 134, 0, 42, 146, 248, 136, 203,
       190, 135, 191, 187, 160, 44, 167, 190, 91, 130, 245, 172, 230, 64,
       239, 167, 111, 232, 149, 119, 77, 143, 243, 172, 50, 95, 218, 138,
       68, 163, 125, 61, 55, 210, 69, 243, 122, 99, 80, 107, 232, 189,
       236, 10, 97, 215, 180, 63, 236, 196, 62, 129, 179, 172, 202, 22,
       93, 33, 166, 239, 231, 106, 181, 144, 141, 71, 155, 214, 163, 235,
       239, 86, 1, 219, 210, 113, 227, 176, 64, 120, 174, 42, 184, 57,
       187, 15, 255, 60, 166, 171, 64, 181, 136, 240, 168, 49, 159, 95,
       238, 52, 131, 66, 121, 69, 8, 251, 231, 115, 105, 48, 64, 248,
       166, 14, 102, 237, 171, 13, 63, 250, 237, 162, 80, 125, 138, 112,
       25, 44, 37, 249, 99, 211, 107, 119, 200, 115, 183, 61, 56, 83,
       247, 73, 56, 57, 218, 194, 114, 59, 242, 104, 34, 127, 205, 37,
       101, 227, 251, 198, 162, 192, 72, 10, 189, 72, 41, 100, 68, 52, 2,
       226, 138, 182, 130, 33, 89, 120, 169, 74, 202, 74, 167, 67, 121,
       148, 160, 218, 24, 16, 121, 33, 136, 1, 129, 134, 167, 68, 11, 96,
       39, 100, 49, 75, 82, 177, 35, 152, 234, 104, 14, 106, 8, 19, 248,
       69, 33, 140, 166, 242, 64, 168, 138, 216, 168, 3, 135, 7, 143,
       244, 226, 175, 103, 29, 73, 91, 246, 196, 102, 188, 100, 254, 35,
       59, 181, 179, 152, 39, 207, 60, 54, 142, 194, 156, 94, 177, 245,
       214, 172, 158, 62, 137, 249, 20, 206, 186, 183, 132, 25, 230, 252,
       75, 27, 129, 119, 233, 17, 62, 79, 138, 51, 219, 211, 93, 127,
       128, 117, 143, 74, 203, 83, 235, 69, 34, 90, 47, 53, 105, 236, 22,
       228, 253, 23, 210, 119, 54, 116, 125, 238, 193, 220, 165, 72, 230,
       57, 101, 128, 14, 178, 131, 125, 124, 128, 132, 180, 93, 15, 72,
       232, 19, 176, 160, 11, 98, 97, 24, 149, 89, 196, 32, 177, 40, 99,
       90, 157, 153, 22, 197, 125, 147, 40, 90, 0, 42, 143, 106, 186,
       119, 211, 187, 231, 159, 77, 92, 163, 104, 237, 54, 64, 255, 187,
       151, 129, 178, 187, 42, 255, 127, 119, 143, 203, 23, 142, 189,
       251, 39, 89, 99, 138, 86, 215, 175, 208, 30, 200, 88, 230, 56,
       220, 245, 228, 126, 233, 19, 215, 199, 183, 60, 254, 52, 12, 175,
       170, 157, 63, 117, 245, 123, 81, 115, 228, 103, 82, 127, 112, 97,
       200, 254, 170, 123, 31, 151, 246, 126, 244, 183, 238, 201, 178,
       181, 200, 87, 249, 224, 128, 39, 174, 118, 125, 155, 95, 102, 29,
       51, 146, 190, 112, 253, 198, 214, 231, 105, 204, 183, 197, 118,
       237, 134, 231, 228, 157, 36, 239, 50, 107, 170, 131, 47, 181, 45,
       221, 6, 178, 190, 211, 239, 253, 185, 83, 187, 255, 29, 191, 140,
       191, 70, 10, 175, 27, 247, 145, 146, 88, 186, 192, 95, 95, 223,
       239, 134, 69, 135, 247, 234, 177, 184, 24, 255, 221, 177, 207,
       155, 125, 52, 61, 44, 156, 94, 133, 175, 27, 199, 17, 182, 107,
       186, 247, 127, 81, 28, 255, 215, 12, 207, 223, 126, 95, 107, 204,
       123, 214, 223, 112, 161, 204, 188, 175, 104, 79, 183, 54, 238,
       245, 221, 231, 201, 131, 48, 238, 115, 127, 168, 155, 103, 183,
       118, 119, 50, 239, 107, 14, 116, 209, 239, 224, 81, 76, 248, 175,
       33, 204, 183, 16, 122, 232, 135, 231, 236, 51, 44, 255, 118, 13,
       168, 169, 117, 191, 118, 220, 53, 46, 203, 239, 246, 163, 107,
       208, 118, 128, 251, 230, 115, 225, 185, 96, 123, 238, 46, 158,
       153, 178, 205, 126, 252, 174, 163, 192, 237, 235, 112, 160, 159,
       55, 119, 65, 243, 91, 124, 113, 121, 236, 119, 252, 72, 28, 158,
       181, 62, 156, 214, 180, 245, 240, 173, 204, 62, 89, 37, 230, 111,
       166, 206, 245, 241, 219, 111, 46, 42, 10, 79, 125, 228, 76, 246,
       238, 119, 69, 184, 115, 126, 244, 125, 111, 233, 39, 239, 45, 240,
       171, 99, 152, 125, 186, 37, 121, 17, 151, 95, 237, 54, 131, 71,
       121, 69, 72, 250, 231, 115, 109, 176, 65, 126, 132, 14, 231, 249,
       185, 69, 29, 242, 239, 162, 208, 61, 138, 240, 81, 213, 91, 95,
       101, 34, 10, 79, 176, 96, 128, 98, 224, 87, 51, 129, 115, 54, 212,
       124, 106, 233, 212, 129, 44, 244, 171, 101, 4, 40, 179, 66, 33,
       239, 58, 120, 96, 43, 127, 155, 16, 203, 252, 53, 109, 158, 29,
       215, 190, 135, 53, 213, 51, 149, 96, 248, 144, 75, 89, 41, 247,
       207, 167, 31, 119, 3, 191, 241, 83, 244, 157, 186, 243, 127, 233,
       120, 108, 168, 252, 214, 36, 159, 107, 87, 29, 215, 58, 234, 255,
       46, 28, 175, 234, 204, 134, 211, 253, 138, 189, 63, 186, 253, 213,
       185, 247, 159, 89, 84, 19, 188, 223, 98, 97, 207, 59, 151, 145,
       242, 218, 50, 247, 239, 219, 190, 235, 150, 12, 173, 251, 135,
       158, 237, 87, 230, 58, 253, 183, 125, 123, 87, 246, 217, 60, 220,
