%YAML:1.0
---
descriptors: !!opencv-matrix
   rows: 4
   cols: 32
   dt: u
   data: [ 6, 164, 144, 131, 221, 111, 184, 73, 62, 183, 185, 27, 204,
       122, 76, 8, 187, 159, 74, 49, 50, 115, 217, 210, 157, 22, 31, 119,
       148, 75, 135, 134, 125, 71, 192, 69, 48, 26, 110, 186, 117, 168,
       126, 228, 83, 96, 157, 244, 54, 204, 44, 110, 201, 176, 101, 12,
       166, 238, 37, 132, 111, 242, 88, 5, 189, 97, 105, 103, 116, 75,
       67, 112, 113, 224, 245, 72, 83, 81, 145, 48, 88, 236, 4, 106, 201,
       178, 109, 30, 246, 205, 33, 52, 101, 187, 86, 224, 66, 148, 23,
       186, 27, 228, 49, 67, 191, 93, 139, 17, 172, 247, 104, 78, 229,
       51, 251, 16, 50, 73, 146, 247, 153, 246, 26, 75, 144, 4, 165, 115 ]
keypoints: !!opencv-matrix
   rows: 4
   cols: 2
   dt: d
   data: [ 1.0512000274658203e+02, 2.3040000915527344e+02,
       2.0217602539062500e+02, 2.4192002868652344e+02,
       1.2026881408691406e+02, 1.6588803100585938e+02,
       1.6174084472656250e+02, 1.6422915649414062e+02 ]
