%YAML:1.0
---
descriptors: !!opencv-matrix
   rows: 12
   cols: 32
   dt: u
   data: [ 246, 76, 214, 158, 77, 106, 246, 200, 185, 182, 242, 11, 78,
       250, 47, 95, 249, 245, 239, 227, 108, 103, 219, 234, 145, 50, 203,
       31, 1, 127, 127, 6, 125, 71, 196, 71, 52, 30, 78, 184, 113, 234,
       251, 236, 83, 97, 153, 244, 22, 196, 108, 110, 233, 176, 77, 14,
       42, 239, 37, 148, 111, 243, 82, 5, 198, 236, 148, 151, 13, 136,
       166, 169, 190, 178, 1, 18, 236, 226, 77, 207, 241, 235, 106, 211,
       98, 69, 154, 251, 189, 22, 207, 43, 0, 112, 169, 6, 69, 99, 56,
       101, 52, 31, 103, 56, 109, 172, 127, 8, 223, 82, 137, 116, 144,
       204, 76, 106, 201, 176, 249, 76, 229, 189, 39, 52, 64, 178, 67,
       33, 5, 167, 217, 225, 236, 169, 233, 155, 110, 49, 187, 88, 159,
       163, 216, 40, 187, 11, 110, 29, 19, 56, 203, 211, 204, 157, 63,
       116, 220, 202, 193, 161, 66, 224, 150, 156, 79, 131, 168, 232,
       190, 178, 64, 2, 236, 226, 105, 207, 51, 109, 106, 163, 98, 65,
       138, 217, 156, 6, 207, 47, 0, 48, 43, 134, 50, 32, 214, 172, 107,
       11, 184, 72, 175, 176, 240, 139, 12, 142, 37, 154, 254, 157, 127,
       33, 4, 195, 131, 192, 144, 240, 75, 191, 21, 44, 35, 135, 143, 17,
       122, 225, 102, 25, 251, 80, 45, 108, 119, 175, 29, 31, 158, 120,
       166, 145, 223, 239, 196, 145, 53, 192, 70, 217, 168, 130, 39, 135,
       71, 215, 165, 77, 105, 77, 84, 75, 231, 248, 85, 224, 244, 74,
       115, 81, 149, 53, 88, 236, 22, 110, 233, 182, 101, 30, 118, 136,
       37, 0, 119, 186, 114, 224, 82, 189, 23, 254, 19, 204, 52, 103,
       189, 9, 42, 16, 190, 183, 32, 244, 164, 51, 234, 0, 115, 137, 146,
       199, 177, 241, 30, 27, 0, 0, 167, 43, 177, 101, 101, 77, 84, 75,
       199, 121, 85, 228, 244, 74, 115, 21, 149, 53, 88, 172, 86, 106,
       233, 182, 101, 31, 37, 8, 33, 20, 119, 186, 86, 232, 82, 245, 19,
       222, 11, 192, 52, 103, 191, 21, 234, 48, 172, 246, 32, 215, 162,
       51, 235, 128, 98, 75, 178, 245, 177, 176, 30, 11, 16, 0, 167, 59 ]
keypoints: !!opencv-matrix
   rows: 12
   cols: 2
   dt: d
   data: [ 8.5200004577636719e+01, 2.3760000610351562e+02,
       1.8576000976562500e+02, 2.3904000854492188e+02,
       1.2960000610351562e+02, 1.7136000061035156e+02,
       1.0224000549316406e+02, 1.6416000366210938e+02,
       1.5724801635742188e+02, 2.4364802551269531e+02,
       1.2787200927734375e+02, 1.7107202148437500e+02,
       1.2960000610351562e+02, 1.6588801574707031e+02,
       3.0896643066406250e+02, 1.0990081787109375e+02,
       1.0202114105224609e+02, 1.6422915649414062e+02,
       1.5427587890625000e+02, 1.7169412231445312e+02,
       1.0450946807861328e+02, 1.6422915649414062e+02,
       1.5228521728515625e+02, 1.7020114135742188e+02 ]
