%YAML:1.0
---
descriptors: !!opencv-matrix
   rows: 2
   cols: 32
   dt: u
   data: [ 74, 184, 188, 122, 169, 249, 17, 143, 187, 55, 164, 57, 174,
       255, 66, 27, 131, 115, 237, 16, 50, 75, 202, 113, 219, 211, 85,
       123, 210, 64, 143, 11, 66, 148, 23, 250, 57, 228, 56, 66, 191, 29,
       193, 81, 172, 215, 104, 200, 165, 27, 251, 16, 51, 13, 146, 247,
       153, 247, 26, 75, 144, 0, 173, 51 ]
keypoints: !!opencv-matrix
   rows: 2
   cols: 2
   dt: d
   data: [ 1.9152000427246094e+02, 2.3760000610351562e+02,
       1.0450946807861328e+02, 1.5925251770019531e+02 ]
