%YAML:1.0
---
descriptors: !!opencv-matrix
   rows: 224
   cols: 32
   dt: u
   data: [ 86, 156, 183, 149, 229, 102, 189, 231, 60, 31, 218, 51, 196,
       62, 36, 75, 239, 215, 59, 145, 52, 219, 51, 226, 189, 54, 222,
       198, 128, 120, 165, 127, 155, 172, 109, 177, 215, 247, 232, 247,
       93, 115, 23, 147, 25, 12, 86, 41, 47, 139, 19, 157, 247, 252, 53,
       247, 127, 75, 222, 196, 175, 140, 177, 222, 17, 140, 207, 225,
       150, 191, 233, 215, 118, 115, 78, 150, 145, 11, 112, 104, 111,
       138, 10, 157, 155, 188, 53, 210, 207, 207, 146, 68, 173, 200, 241,
       168, 189, 29, 111, 250, 157, 166, 75, 113, 149, 192, 199, 22, 81,
       255, 48, 97, 76, 162, 27, 190, 185, 143, 114, 158, 219, 235, 202,
       72, 63, 169, 112, 112, 5, 67, 90, 235, 96, 15, 239, 120, 44, 8,
       117, 229, 213, 99, 169, 25, 254, 9, 7, 238, 128, 176, 8, 89, 68,
       159, 98, 132, 217, 179, 225, 145, 6, 169, 191, 247, 238, 200, 177,
       224, 170, 249, 17, 42, 244, 255, 77, 43, 171, 115, 119, 81, 2, 89,
       170, 225, 13, 18, 255, 235, 132, 34, 23, 235, 7, 94, 235, 201,
       182, 35, 239, 222, 86, 74, 92, 230, 17, 213, 255, 108, 127, 200,
       23, 255, 195, 150, 45, 210, 100, 13, 175, 172, 189, 251, 112, 241,
       152, 90, 62, 252, 44, 201, 157, 244, 156, 14, 150, 59, 247, 157,
       51, 1, 174, 49, 127, 67, 232, 37, 3, 63, 243, 195, 122, 153, 84,
       184, 37, 91, 15, 46, 254, 244, 246, 178, 222, 146, 157, 210, 94,
       195, 157, 237, 247, 42, 159, 125, 183, 247, 176, 225, 38, 226, 74,
       255, 239, 204, 207, 253, 17, 209, 13, 89, 183, 85, 36, 14, 239,
       180, 253, 72, 118, 96, 223, 181, 177, 108, 38, 116, 126, 74, 193,
       185, 49, 104, 101, 190, 98, 128, 66, 177, 193, 33, 10, 57, 54,
       137, 97, 252, 184, 6, 173, 93, 127, 17, 140, 142, 82, 206, 174,
       27, 255, 145, 22, 152, 115, 192, 71, 113, 26, 195, 198, 69, 47,
       215, 38, 249, 54, 138, 109, 213, 186, 232, 143, 188, 217, 11, 236,
       222, 111, 2, 248, 121, 147, 243, 70, 115, 218, 253, 63, 16, 143,
       171, 21, 63, 61, 198, 9, 18, 88, 233, 110, 33, 248, 92, 46, 89,
       244, 226, 189, 131, 233, 106, 126, 137, 31, 184, 131, 51, 135,
       209, 214, 201, 186, 172, 191, 136, 33, 153, 220, 135, 110, 101,
       134, 30, 109, 57, 96, 52, 255, 2, 91, 59, 154, 115, 54, 132, 125,
       170, 248, 209, 189, 76, 247, 235, 227, 197, 103, 162, 238, 32, 62,
       240, 242, 205, 109, 95, 254, 200, 123, 174, 241, 43, 74, 220, 95,
       148, 254, 221, 247, 227, 204, 119, 217, 226, 23, 60, 7, 191, 71,
       63, 110, 151, 92, 57, 218, 229, 50, 110, 123, 18, 40, 173, 191,
       33, 223, 55, 67, 82, 182, 245, 125, 88, 16, 153, 145, 64, 207,
       237, 35, 129, 160, 227, 47, 83, 24, 124, 150, 254, 91, 237, 86,
       114, 175, 2, 172, 13, 63, 255, 33, 144, 167, 243, 205, 2, 14, 107,
       154, 189, 243, 247, 22, 59, 122, 86, 39, 155, 2, 114, 106, 169,
       110, 209, 184, 80, 140, 76, 214, 167, 140, 140, 246, 136, 238,
       137, 223, 213, 134, 167, 247, 208, 214, 1, 170, 201, 77, 15, 61,
       211, 122, 219, 122, 236, 127, 209, 147, 199, 139, 77, 252, 43, 46,
       156, 38, 48, 206, 147, 215, 65, 222, 43, 224, 179, 251, 245, 172,
       251, 87, 30, 182, 251, 194, 248, 147, 178, 41, 221, 16, 132, 171,
       253, 144, 25, 142, 158, 68, 134, 164, 117, 253, 81, 86, 77, 178,
       226, 185, 212, 30, 251, 2, 28, 135, 95, 15, 186, 183, 219, 215,
       180, 171, 149, 255, 25, 83, 82, 252, 210, 220, 236, 229, 122, 58,
       25, 147, 216, 187, 243, 13, 62, 158, 194, 138, 71, 177, 165, 146,
       205, 70, 158, 87, 208, 188, 101, 181, 68, 91, 167, 104, 238, 166,
       65, 106, 171, 151, 197, 100, 155, 6, 239, 50, 32, 186, 131, 53, 6,
       189, 223, 163, 55, 233, 199, 102, 39, 239, 113, 80, 234, 93, 254,
       241, 36, 220, 36, 95, 238, 55, 143, 209, 254, 237, 234, 76, 14,
       255, 160, 45, 235, 80, 249, 248, 33, 189, 247, 137, 79, 85, 56,
       115, 166, 166, 9, 247, 83, 65, 27, 144, 247, 105, 122, 104, 87,
       219, 40, 251, 203, 69, 49, 96, 177, 70, 98, 36, 134, 117, 225,
       205, 107, 71, 153, 87, 55, 45, 26, 195, 97, 88, 15, 89, 192, 66,
       58, 90, 116, 125, 145, 77, 154, 69, 117, 242, 249, 212, 226, 222,
       29, 255, 244, 211, 246, 181, 211, 185, 202, 246, 35, 28, 191, 39,
       119, 231, 247, 151, 145, 49, 219, 176, 238, 251, 251, 79, 131,
       175, 116, 167, 251, 218, 94, 190, 190, 11, 100, 156, 86, 148, 14,
       222, 51, 255, 255, 35, 74, 236, 245, 253, 131, 44, 167, 18, 170,
       211, 231, 250, 155, 240, 121, 45, 91, 22, 91, 110, 188, 198, 166,
       191, 114, 149, 196, 222, 231, 45, 239, 51, 73, 110, 251, 179, 199,
       192, 155, 54, 236, 114, 97, 202, 137, 55, 253, 53, 209, 21, 17,
       94, 169, 50, 31, 120, 120, 44, 64, 99, 68, 223, 83, 41, 249, 54,
       9, 30, 174, 149, 144, 25, 92, 194, 207, 34, 4, 184, 162, 41, 128,
       49, 201, 121, 255, 28, 197, 195, 244, 69, 4, 244, 2, 51, 81, 177,
       96, 72, 184, 22, 74, 203, 170, 119, 189, 245, 173, 162, 24, 117,
       155, 116, 168, 147, 76, 15, 190, 19, 134, 42, 230, 149, 0, 194,
       135, 61, 239, 49, 65, 108, 251, 27, 205, 98, 143, 18, 255, 177,
       46, 218, 8, 49, 1, 49, 216, 7, 95, 67, 191, 114, 130, 175, 112,
       52, 200, 90, 231, 117, 198, 177, 96, 118, 105, 19, 239, 229, 144,
       52, 110, 36, 38, 170, 128, 45, 179, 33, 217, 70, 185, 148, 159,
       255, 196, 186, 172, 158, 153, 10, 1, 236, 254, 104, 66, 151, 123,
       59, 81, 18, 73, 155, 241, 13, 22, 31, 107, 144, 54, 161, 143, 20,
       21, 28, 171, 60, 95, 114, 232, 30, 172, 215, 3, 215, 90, 43, 65,
       250, 93, 207, 115, 60, 209, 89, 28, 251, 227, 171, 85, 48, 11, 45,
       3, 3, 223, 10, 157, 114, 144, 188, 230, 62, 73, 90, 231, 172, 138,
       50, 192, 230, 107, 179, 197, 199, 152, 6, 255, 102, 55, 186, 131,
       28, 20, 57, 223, 14, 133, 166, 219, 149, 246, 188, 195, 159, 19,
       70, 18, 204, 254, 47, 236, 249, 31, 179, 145, 118, 216, 48, 198,
       15, 119, 158, 71, 150, 76, 181, 230, 10, 169, 224, 209, 231, 221,
       188, 39, 91, 119, 84, 147, 136, 60, 214, 172, 175, 63, 179, 149,
       214, 248, 247, 227, 47, 95, 222, 227, 199, 140, 223, 222, 6, 217,
       170, 158, 203, 192, 190, 238, 138, 84, 88, 163, 172, 254, 96, 64,
       239, 123, 179, 195, 86, 11, 154, 241, 61, 52, 222, 235, 21, 87,
       181, 218, 185, 86, 45, 233, 44, 3, 205, 63, 84, 74, 242, 116, 147,
       15, 144, 105, 220, 128, 95, 42, 249, 164, 97, 10, 228, 139, 246,
       148, 124, 248, 240, 113, 161, 223, 107, 75, 116, 131, 239, 244,
       85, 72, 124, 206, 51, 1, 181, 53, 122, 168, 22, 238, 233, 186,
       101, 63, 118, 8, 160, 128, 127, 154, 114, 249, 82, 189, 190, 254,
       139, 212, 53, 103, 187, 23, 172, 25, 172, 191, 36, 80, 163, 179,
       249, 0, 82, 75, 178, 225, 243, 247, 94, 27, 0, 64, 167, 90, 58,
       114, 230, 173, 47, 127, 152, 72, 143, 238, 212, 175, 140, 140,
       119, 142, 206, 185, 255, 133, 140, 167, 119, 192, 151, 85, 218,
       187, 215, 125, 61, 215, 60, 141, 203, 233, 214, 170, 110, 211,
       117, 1, 123, 210, 91, 107, 184, 88, 123, 238, 55, 218, 24, 176,
       13, 162, 254, 239, 167, 197, 183, 251, 248, 128, 0, 199, 17, 155,
       208, 205, 109, 191, 111, 81, 79, 80, 181, 199, 72, 116, 69, 154,
       42, 152, 211, 56, 219, 119, 237, 150, 150, 64, 210, 154, 132, 40,
       88, 69, 221, 239, 132, 74, 109, 45, 32, 130, 235, 2, 247, 35, 9,
       91, 114, 198, 44, 170, 72, 212, 193, 10, 244, 231, 246, 0, 36,
       242, 224, 40, 166, 253, 239, 187, 205, 109, 119, 252, 151, 86, 17,
       151, 227, 237, 121, 11, 233, 219, 243, 243, 120, 118, 122, 160,
       111, 194, 199, 47, 181, 123, 244, 210, 1, 157, 31, 189, 147, 228,
       53, 55, 252, 9, 74, 84, 188, 55, 32, 96, 231, 51, 59, 8, 115, 152,
       19, 127, 233, 167, 58, 66, 24, 64, 161, 43, 10, 114, 104, 171,
       109, 117, 184, 88, 132, 76, 221, 167, 157, 141, 219, 192, 238,
       137, 223, 213, 134, 50, 231, 144, 214, 69, 170, 169, 63, 143, 61,
