%YAML:1.0
---
descriptors: !!opencv-matrix
   rows: 188
   cols: 32
   dt: u
   data: [ 74, 151, 49, 251, 178, 228, 57, 63, 63, 77, 127, 244, 220, 87,
       168, 116, 215, 27, 191, 144, 147, 152, 113, 87, 237, 244, 58, 194,
       154, 130, 165, 121, 190, 29, 110, 250, 156, 166, 91, 113, 149,
       196, 215, 19, 113, 239, 51, 97, 108, 186, 27, 179, 56, 139, 18,
       158, 219, 235, 138, 72, 181, 233, 112, 80, 248, 248, 17, 250, 75,
       205, 85, 229, 179, 82, 165, 24, 63, 223, 64, 112, 129, 185, 245,
       2, 107, 39, 218, 179, 243, 209, 5, 123, 114, 16, 134, 178, 155,
       181, 110, 177, 151, 183, 248, 247, 117, 119, 86, 151, 9, 12, 118,
       169, 47, 139, 147, 157, 182, 252, 53, 214, 95, 75, 218, 197, 175,
       196, 185, 220, 35, 13, 106, 95, 93, 213, 182, 96, 95, 68, 125, 2,
       104, 232, 55, 36, 88, 122, 146, 75, 38, 186, 126, 255, 39, 28, 2,
       43, 87, 47, 124, 204, 7, 188, 165, 155, 244, 188, 169, 151, 255,
       89, 83, 212, 156, 238, 220, 236, 197, 11, 62, 157, 151, 216, 255,
       241, 12, 62, 158, 194, 142, 197, 145, 253, 27, 95, 230, 132, 215,
       18, 188, 119, 173, 228, 222, 231, 9, 170, 183, 134, 110, 229, 183,
       229, 197, 155, 20, 202, 54, 88, 207, 131, 175, 244, 57, 221, 53,
       222, 109, 233, 126, 35, 75, 218, 83, 105, 248, 238, 83, 45, 189,
       48, 127, 200, 20, 236, 155, 178, 109, 159, 250, 239, 161, 212,
       253, 235, 112, 241, 63, 95, 191, 244, 241, 190, 127, 214, 185,
       206, 126, 100, 30, 191, 183, 122, 231, 127, 181, 76, 241, 189,
       176, 234, 243, 255, 116, 130, 194, 253, 97, 121, 140, 216, 255,
       123, 195, 236, 244, 214, 54, 83, 103, 22, 28, 223, 105, 105, 239,
       27, 51, 154, 34, 244, 122, 99, 71, 139, 118, 66, 241, 81, 229,
       179, 207, 59, 203, 229, 56, 70, 105, 81, 160, 200, 86, 229, 125,
       199, 195, 178, 22, 124, 181, 252, 209, 213, 178, 10, 72, 173, 175,
       128, 14, 164, 63, 241, 253, 244, 184, 164, 153, 31, 83, 184, 115,
       164, 165, 9, 223, 122, 74, 50, 151, 253, 252, 115, 236, 71, 251,
       154, 251, 215, 5, 63, 160, 35, 6, 66, 236, 117, 24, 99, 224, 79,
       118, 53, 49, 72, 255, 9, 223, 29, 3, 17, 144, 220, 221, 106, 105,
       176, 217, 14, 231, 233, 36, 21, 104, 242, 206, 83, 26, 214, 113,
       238, 37, 95, 223, 253, 93, 78, 181, 231, 239, 93, 190, 5, 191, 81,
       159, 111, 232, 37, 59, 255, 243, 223, 103, 151, 119, 254, 229,
       123, 130, 157, 6, 221, 83, 144, 58, 230, 157, 1, 68, 131, 172,
       231, 33, 197, 238, 123, 147, 197, 98, 138, 18, 255, 37, 54, 154,
       138, 22, 5, 41, 218, 217, 185, 63, 112, 9, 220, 85, 119, 235, 205,
       36, 24, 191, 159, 66, 176, 165, 179, 220, 8, 199, 77, 178, 19,
       235, 251, 52, 2, 64, 0, 135, 107, 152, 94, 62, 188, 44, 133, 157,
       246, 156, 14, 212, 183, 189, 159, 51, 1, 175, 49, 215, 131, 236,
       175, 18, 191, 243, 199, 250, 153, 20, 152, 45, 219, 198, 156, 190,
       189, 236, 102, 189, 231, 158, 223, 210, 19, 212, 190, 38, 75, 231,
       87, 59, 145, 48, 221, 51, 224, 93, 50, 222, 198, 144, 72, 181, 91,
       23, 94, 233, 201, 182, 50, 239, 222, 86, 202, 220, 230, 17, 6,
       247, 100, 127, 200, 23, 189, 203, 146, 109, 90, 52, 12, 175, 132,
       189, 243, 48, 245, 33, 49, 149, 217, 237, 47, 228, 7, 76, 179, 64,
       80, 148, 176, 101, 75, 193, 46, 34, 24, 17, 248, 83, 0, 5, 154,
       94, 10, 152, 120, 209, 162, 37, 248, 136, 27, 201, 212, 129, 204,
       250, 117, 165, 28, 144, 214, 78, 58, 201, 78, 234, 80, 23, 79,
       250, 49, 77, 161, 159, 127, 216, 113, 207, 246, 220, 21, 250, 108,
       184, 98, 95, 25, 57, 142, 253, 48, 95, 215, 163, 90, 86, 244, 141,
       58, 56, 131, 160, 10, 219, 255, 39, 9, 178, 227, 230, 99, 220,
       176, 63, 186, 11, 237, 83, 216, 187, 31, 165, 29, 126, 247, 74,
       26, 181, 211, 253, 50, 58, 67, 186, 113, 217, 211, 71, 127, 178,
       71, 39, 115, 248, 188, 188, 182, 142, 29, 93, 191, 146, 230, 158,
       31, 255, 125, 66, 34, 143, 247, 253, 5, 253, 107, 249, 162, 251,
       231, 125, 59, 172, 248, 156, 91, 198, 12, 208, 156, 253, 120, 244,
       67, 187, 7, 184, 29, 174, 170, 7, 95, 235, 231, 207, 149, 54, 111,
       210, 226, 159, 54, 90, 11, 214, 101, 175, 70, 138, 107, 183, 175,
       110, 227, 177, 76, 142, 189, 89, 34, 188, 159, 224, 42, 162, 95,
       127, 211, 2, 217, 139, 241, 196, 0, 187, 235, 4, 19, 183, 235,
       182, 221, 175, 178, 223, 109, 150, 228, 133, 94, 153, 159, 246,
       125, 41, 3, 237, 211, 223, 99, 253, 39, 88, 170, 249, 214, 206,
       186, 184, 123, 182, 211, 38, 225, 52, 154, 93, 221, 144, 232, 143,
       29, 173, 11, 206, 254, 110, 67, 217, 25, 251, 97, 6, 99, 90, 213,
       31, 81, 75, 127, 82, 14, 157, 198, 115, 178, 233, 231, 215, 221,
       250, 210, 11, 105, 248, 111, 58, 189, 94, 48, 253, 255, 215, 145,
       159, 59, 248, 247, 95, 94, 186, 243, 237, 14, 246, 255, 115, 58,
       237, 126, 239, 254, 80, 22, 189, 123, 178, 127, 90, 61, 22, 122,
       237, 247, 255, 149, 159, 239, 243, 228, 95, 122, 240, 147, 225,
       92, 246, 119, 143, 132, 100, 219, 231, 253, 188, 167, 223, 87, 23,
       19, 236, 124, 62, 173, 175, 123, 147, 135, 246, 252, 62, 247, 47,
       90, 223, 195, 215, 92, 157, 198, 65, 148, 189, 117, 40, 78, 253,
       58, 252, 218, 118, 80, 215, 53, 144, 59, 165, 70, 124, 44, 177,
       252, 179, 79, 199, 191, 114, 68, 72, 160, 67, 241, 11, 223, 14,
       189, 18, 128, 58, 230, 60, 65, 74, 231, 173, 138, 51, 192, 102,
       107, 187, 197, 231, 152, 7, 255, 228, 39, 186, 129, 60, 20, 57,
       91, 118, 113, 122, 204, 109, 95, 246, 232, 91, 174, 240, 11, 74,
       220, 127, 144, 254, 221, 247, 227, 204, 55, 218, 218, 55, 125,
       135, 63, 85, 63, 126, 215, 39, 150, 105, 215, 100, 57, 239, 176,
       88, 234, 93, 254, 241, 100, 220, 36, 95, 238, 54, 47, 145, 182,
       236, 167, 12, 30, 250, 224, 13, 235, 82, 245, 107, 201, 230, 191,
       5, 152, 248, 132, 141, 21, 70, 135, 169, 232, 50, 202, 200, 227,
       187, 69, 30, 152, 214, 161, 198, 115, 218, 67, 174, 158, 216, 94,
       154, 92, 186, 190, 47, 181, 92, 86, 149, 14, 220, 55, 191, 255,
       35, 136, 237, 241, 191, 133, 44, 135, 18, 171, 243, 231, 250, 155,
       186, 125, 41, 91, 205, 63, 158, 113, 162, 44, 125, 151, 56, 190,
       46, 85, 222, 51, 75, 91, 167, 71, 125, 62, 49, 217, 145, 98, 236,
       175, 127, 132, 136, 240, 139, 59, 19, 63, 233, 203, 182, 35, 239,
       95, 86, 232, 221, 230, 241, 4, 245, 100, 127, 170, 23, 191, 201,
       146, 109, 218, 108, 12, 175, 164, 189, 250, 240, 253, 252, 160,
       156, 246, 137, 108, 85, 142, 178, 59, 167, 24, 215, 243, 72, 91,
       193, 214, 124, 2, 58, 71, 251, 33, 219, 251, 81, 125, 128, 121,
       198, 34, 12, 158, 156, 30, 233, 173, 182, 254, 158, 27, 116, 245,
       252, 227, 238, 11, 135, 107, 238, 22, 178, 105, 74, 113, 108, 22,
       119, 255, 216, 125, 137, 155, 13, 116, 92, 233, 232, 7, 127, 216,
       63, 58, 244, 100, 221, 83, 137, 25, 55, 89, 87, 254, 97, 135, 25,
       126, 254, 159, 239, 228, 186, 243, 43, 177, 81, 137, 207, 255,
       132, 98, 109, 151, 116, 83, 214, 146, 241, 163, 176, 75, 105, 238,
       46, 140, 25, 216, 229, 97, 212, 235, 254, 64, 165, 240, 240, 104,
       119, 206, 194, 158, 223, 146, 142, 236, 146, 198, 153, 239, 96,
       232, 191, 132, 217, 230, 145, 247, 252, 67, 14, 191, 58, 78, 207,
       254, 159, 127, 248, 212, 134, 91, 98, 156, 199, 134, 189, 102,
       157, 196, 218, 135, 40, 239, 55, 69, 254, 171, 179, 197, 196, 155,
       22, 232, 48, 48, 206, 139, 31, 124, 61, 210, 94, 29, 126, 244,
       211, 218, 180, 227, 185, 234, 182, 163, 92, 255, 39, 111, 231,
       245, 223, 177, 116, 221, 48, 206, 251, 247, 127, 135, 47, 116, 47,
       215, 24, 147, 237, 237, 37, 86, 221, 57, 71, 110, 94, 230, 255,
       125, 186, 228, 54, 253, 189, 173, 201, 176, 49, 157, 195, 255,
       227, 133, 118, 172, 53, 113, 64, 152, 191, 149, 172, 230, 173,
       163, 62, 95, 214, 19, 180, 183, 96, 75, 231, 87, 59, 153, 50, 217,
