%YAML:1.0
---
descriptors: !!opencv-matrix
   rows: 391
   cols: 32
   dt: u
   data: [ 88, 120, 150, 190, 171, 229, 17, 71, 171, 18, 168, 8, 46, 255,
       32, 152, 227, 179, 205, 144, 11, 43, 154, 249, 211, 247, 18, 59,
       154, 86, 175, 27, 54, 81, 98, 236, 101, 87, 222, 120, 65, 204,
       245, 139, 107, 125, 63, 181, 254, 240, 215, 231, 204, 163, 124,
       204, 51, 124, 129, 187, 103, 191, 126, 87, 221, 22, 255, 245, 164,
       42, 105, 146, 248, 242, 118, 246, 215, 167, 241, 123, 119, 100,
       61, 124, 169, 213, 229, 10, 206, 235, 247, 132, 172, 249, 112,
       121, 100, 179, 251, 204, 252, 203, 67, 217, 95, 232, 120, 236,
       115, 245, 164, 100, 86, 124, 55, 122, 211, 171, 235, 159, 42, 188,
       37, 190, 92, 186, 212, 113, 184, 201, 58, 252, 29, 213, 213, 103,
       215, 4, 196, 2, 48, 217, 34, 96, 200, 184, 162, 8, 74, 47, 50,
       159, 115, 233, 130, 59, 51, 8, 252, 170, 187, 76, 239, 189, 66,
       118, 173, 118, 149, 66, 214, 151, 57, 62, 181, 105, 110, 187, 19,
       141, 233, 159, 52, 202, 19, 107, 218, 128, 63, 212, 33, 248, 43,
       114, 40, 169, 111, 127, 184, 88, 140, 76, 220, 167, 137, 140, 183,
       136, 238, 137, 223, 197, 132, 35, 119, 208, 22, 105, 170, 187, 93,
       15, 127, 223, 45, 122, 233, 73, 236, 85, 255, 216, 82, 234, 84,
       238, 81, 221, 247, 42, 127, 88, 183, 238, 193, 118, 239, 146, 94,
       15, 229, 172, 255, 251, 116, 241, 145, 8, 95, 184, 66, 134, 56,
       66, 181, 0, 98, 129, 31, 159, 33, 217, 166, 185, 179, 148, 4, 159,
       18, 88, 211, 225, 18, 67, 97, 128, 43, 202, 162, 112, 252, 209,
       75, 243, 185, 86, 22, 247, 247, 146, 17, 159, 38, 105, 109, 188,
       179, 144, 35, 220, 243, 214, 87, 43, 250, 193, 191, 137, 180, 250,
       122, 17, 107, 236, 218, 195, 89, 73, 135, 68, 205, 171, 81, 207,
       40, 96, 88, 185, 147, 161, 25, 3, 118, 157, 243, 229, 137, 185,
       53, 170, 52, 114, 6, 177, 43, 107, 245, 213, 187, 217, 76, 77,
       125, 7, 128, 220, 126, 32, 220, 27, 19, 209, 150, 184, 126, 209,
       79, 92, 138, 207, 213, 15, 245, 215, 109, 114, 140, 39, 140, 31,
       70, 168, 122, 166, 163, 77, 199, 104, 27, 154, 216, 196, 232, 102,
       172, 240, 217, 26, 166, 215, 69, 52, 200, 123, 90, 20, 3, 147, 51,
       239, 180, 135, 171, 49, 14, 73, 91, 102, 245, 157, 176, 96, 222,
       59, 31, 137, 211, 152, 97, 159, 165, 172, 170, 192, 28, 138, 177,
       113, 117, 227, 8, 39, 172, 30, 79, 184, 98, 236, 202, 205, 199,
       104, 27, 80, 220, 196, 108, 103, 204, 18, 221, 56, 252, 165, 47,
       53, 8, 187, 27, 84, 101, 119, 12, 37, 136, 31, 70, 184, 50, 238,
       166, 77, 199, 104, 91, 19, 157, 196, 108, 111, 237, 82, 249, 28,
       174, 243, 77, 52, 72, 122, 154, 84, 119, 228, 173, 167, 140, 103,
       207, 168, 6, 230, 139, 143, 211, 108, 90, 98, 93, 199, 121, 231,
       221, 65, 255, 32, 233, 103, 239, 180, 45, 251, 144, 80, 27, 50,
       111, 173, 98, 162, 41, 87, 45, 74, 214, 231, 185, 135, 243, 89,
       110, 189, 191, 141, 137, 158, 231, 192, 214, 105, 186, 128, 47,
       132, 51, 249, 6, 168, 176, 155, 205, 81, 190, 207, 31, 151, 65,
       19, 204, 254, 110, 140, 217, 91, 147, 147, 54, 124, 91, 243, 47,
       22, 159, 111, 150, 125, 189, 198, 245, 12, 172, 183, 140, 14, 205,
       186, 22, 247, 134, 157, 243, 108, 83, 107, 205, 199, 121, 149,
       189, 205, 255, 42, 201, 103, 253, 20, 140, 120, 24, 88, 62, 114,
       230, 137, 111, 115, 184, 74, 143, 111, 221, 167, 140, 204, 63,
       140, 254, 153, 223, 149, 134, 167, 119, 216, 19, 87, 155, 179,
       215, 77, 61, 215, 129, 148, 191, 252, 122, 39, 112, 123, 214, 219,
       112, 119, 116, 247, 160, 105, 255, 57, 55, 168, 163, 254, 26, 95,
       95, 175, 115, 134, 249, 160, 97, 147, 243, 106, 172, 53, 136, 13,
       92, 143, 162, 254, 128, 141, 179, 172, 83, 27, 133, 229, 125, 181,
       204, 79, 215, 8, 248, 67, 255, 253, 136, 116, 158, 94, 87, 41,
       172, 181, 140, 94, 201, 157, 130, 245, 134, 141, 211, 44, 83, 75,
       141, 197, 121, 213, 157, 201, 255, 32, 201, 227, 221, 21, 168,
       172, 156, 84, 225, 106, 136, 52, 12, 191, 84, 135, 190, 246, 162,
       77, 135, 40, 67, 26, 136, 164, 236, 4, 140, 107, 209, 56, 162,
       209, 80, 49, 200, 120, 90, 28, 80, 235, 136, 37, 8, 140, 91, 20,
       226, 229, 142, 141, 183, 136, 82, 82, 196, 229, 108, 85, 222, 11,
       215, 32, 248, 165, 175, 121, 8, 2, 27, 88, 155, 165, 111, 161,
       149, 247, 233, 87, 85, 225, 222, 19, 25, 8, 86, 41, 105, 143, 19,
       189, 191, 251, 53, 198, 95, 73, 158, 196, 239, 196, 240, 252, 250,
       249, 145, 176, 169, 221, 24, 196, 171, 232, 176, 41, 142, 158, 70,
       182, 204, 253, 253, 81, 78, 79, 242, 226, 153, 209, 159, 251, 2,
       28, 135, 95, 38, 105, 54, 138, 109, 213, 186, 200, 142, 180, 81,
       11, 236, 222, 111, 128, 216, 121, 179, 83, 70, 115, 218, 240, 31,
       16, 143, 43, 20, 63, 29, 198, 92, 148, 156, 247, 9, 108, 69, 160,
       182, 51, 143, 24, 247, 119, 8, 111, 205, 214, 249, 138, 121, 69,
       219, 163, 211, 227, 223, 16, 10, 107, 136, 50, 162, 173, 163, 190,
       205, 229, 157, 231, 151, 87, 200, 155, 32, 237, 114, 4, 201, 58,
       147, 129, 122, 43, 58, 183, 153, 86, 156, 123, 81, 76, 180, 250,
       201, 234, 55, 58, 173, 141, 245, 117, 254, 126, 177, 93, 174, 200,
       86, 139, 137, 33, 111, 29, 246, 109, 250, 241, 221, 219, 94, 122,
       80, 12, 199, 203, 128, 128, 223, 241, 36, 170, 96, 3, 62, 17, 90,
       208, 183, 11, 16, 72, 227, 11, 63, 16, 19, 152, 65, 81, 132, 184,
       50, 192, 140, 200, 65, 136, 1, 96, 97, 1, 76, 217, 160, 64, 108,
       81, 243, 66, 128, 8, 148, 42, 232, 9, 90, 21, 135, 184, 85, 192,
       4, 24, 154, 2, 77, 8, 89, 132, 154, 79, 70, 220, 118, 130, 174,
       119, 245, 8, 214, 227, 41, 139, 182, 197, 110, 251, 151, 192, 224,
       187, 4, 237, 50, 42, 186, 129, 63, 156, 121, 141, 92, 48, 222,
       228, 162, 110, 91, 17, 33, 252, 183, 56, 223, 23, 195, 91, 166,
       245, 125, 50, 24, 83, 184, 0, 219, 249, 101, 244, 162, 227, 14,
       115, 52, 31, 90, 234, 116, 143, 91, 120, 1, 12, 253, 15, 115, 203,
       50, 16, 252, 184, 7, 106, 94, 178, 88, 31, 243, 201, 161, 57, 121,
       171, 102, 147, 56, 126, 120, 232, 116, 143, 83, 216, 87, 44, 124,
       14, 51, 93, 179, 16, 124, 152, 23, 106, 138, 50, 120, 63, 119,
       205, 33, 173, 115, 155, 126, 187, 70, 249, 148, 159, 169, 196,
       188, 175, 159, 159, 18, 33, 236, 254, 107, 207, 135, 119, 251,
       147, 118, 73, 155, 241, 45, 50, 95, 235, 144, 116, 173, 159, 17,
       140, 77, 227, 148, 175, 105, 23, 100, 113, 78, 150, 145, 35, 48,
       96, 111, 130, 26, 156, 155, 184, 53, 247, 205, 207, 146, 64, 189,
       200, 112, 40, 182, 189, 47, 186, 155, 245, 147, 242, 134, 89, 156,
       111, 60, 220, 100, 32, 237, 59, 151, 209, 179, 43, 58, 181, 123,
       65, 185, 251, 217, 15, 53, 255, 11, 48, 251, 225, 108, 165, 185,
       86, 237, 73, 255, 116, 157, 159, 210, 106, 238, 9, 95, 153, 131,
       186, 113, 192, 199, 253, 186, 128, 198, 193, 167, 249, 134, 1,
       150, 154, 149, 166, 174, 197, 20, 67, 195, 18, 204, 234, 41, 72,
       249, 78, 59, 146, 123, 213, 25, 230, 153, 182, 158, 68, 148, 89,
       176, 0, 113, 222, 238, 254, 46, 130, 79, 252, 215, 74, 212, 230,
       113, 239, 187, 96, 127, 234, 62, 142, 233, 171, 46, 191, 242, 239,
       247, 136, 61, 248, 112, 121, 111, 92, 227, 193, 246, 48, 107, 18,
       57, 203, 126, 230, 57, 39, 213, 244, 119, 238, 55, 156, 129, 146,
       229, 226, 22, 188, 182, 128, 175, 243, 114, 245, 130, 33, 224,
       213, 199, 179, 252, 103, 123, 231, 84, 146, 136, 44, 212, 43, 175,
       63, 51, 141, 176, 252, 231, 199, 15, 26, 218, 227, 199, 132, 215,
       206, 149, 67, 110, 39, 28, 75, 254, 248, 100, 104, 255, 226, 211,
       88, 155, 35, 126, 205, 92, 227, 205, 177, 77, 8, 224, 169, 39,
       148, 109, 187, 105, 9, 6, 201, 170, 158, 75, 208, 190, 236, 154,
       87, 89, 163, 172, 238, 126, 132, 251, 123, 179, 195, 66, 18, 142,
