%YAML:1.0
---
descriptors: !!opencv-matrix
   rows: 359
   cols: 32
   dt: u
   data: [ 56, 217, 122, 254, 92, 215, 211, 240, 197, 4, 252, 3, 115,
       221, 51, 64, 88, 184, 31, 106, 202, 163, 120, 189, 115, 237, 161,
       25, 119, 139, 124, 106, 198, 140, 148, 147, 237, 244, 188, 166,
       190, 159, 26, 17, 236, 254, 110, 207, 135, 119, 187, 145, 54, 77,
       155, 243, 13, 54, 223, 207, 146, 84, 173, 143, 241, 105, 173, 37,
       172, 79, 93, 43, 162, 246, 128, 13, 183, 172, 83, 19, 129, 69,
       125, 61, 236, 75, 243, 8, 233, 193, 253, 60, 8, 96, 22, 90, 1,
       141, 109, 249, 182, 233, 233, 167, 236, 81, 110, 146, 189, 35, 48,
       97, 35, 43, 26, 156, 51, 184, 54, 245, 204, 221, 26, 64, 244, 128,
       129, 168, 155, 223, 71, 156, 54, 146, 174, 119, 181, 68, 210, 231,
       41, 174, 182, 229, 110, 235, 158, 199, 229, 153, 36, 239, 178,
       106, 186, 128, 63, 156, 185, 93, 46, 18, 230, 169, 111, 115, 184,
       74, 15, 93, 220, 167, 200, 204, 63, 140, 254, 153, 255, 149, 142,
       163, 115, 209, 23, 85, 154, 151, 215, 79, 125, 215, 113, 113, 169,
       172, 24, 5, 89, 24, 2, 228, 129, 141, 211, 78, 91, 18, 220, 133,
       121, 245, 204, 2, 247, 24, 217, 129, 169, 188, 52, 163, 22, 82,
       23, 122, 218, 71, 226, 16, 172, 212, 123, 226, 118, 230, 57, 138,
       215, 252, 55, 207, 54, 222, 199, 246, 133, 226, 22, 13, 54, 164,
       239, 247, 107, 157, 81, 172, 172, 181, 140, 102, 77, 142, 146,
       247, 130, 153, 243, 108, 82, 106, 201, 231, 121, 157, 188, 79,
       255, 34, 201, 231, 253, 60, 132, 120, 144, 90, 250, 249, 16, 176,
       169, 221, 16, 228, 139, 248, 176, 41, 143, 158, 66, 151, 204, 253,
       253, 83, 94, 75, 242, 176, 187, 209, 143, 255, 10, 28, 143, 95,
       17, 207, 91, 111, 54, 14, 238, 53, 100, 64, 122, 198, 243, 106,
       144, 112, 118, 237, 20, 234, 197, 176, 101, 45, 228, 237, 170,
       128, 45, 178, 235, 137, 125, 161, 169, 166, 156, 70, 79, 168, 2,
       228, 139, 141, 211, 109, 91, 66, 85, 198, 121, 255, 73, 2, 251,
       32, 233, 165, 141, 60, 128, 251, 148, 114, 109, 53, 173, 39, 172,
       47, 95, 57, 54, 246, 139, 13, 215, 108, 90, 3, 149, 101, 121, 119,
       253, 64, 249, 24, 237, 99, 237, 60, 136, 127, 150, 114, 239, 174,
       240, 90, 239, 189, 148, 200, 219, 27, 53, 56, 106, 248, 254, 188,
       143, 42, 226, 23, 182, 111, 174, 243, 30, 90, 85, 123, 223, 221,
       219, 141, 17, 211, 55, 239, 52, 134, 107, 53, 68, 105, 219, 102,
       245, 23, 184, 100, 118, 52, 31, 173, 217, 153, 97, 157, 224, 172,
       170, 192, 60, 138, 241, 121, 117, 222, 207, 254, 62, 130, 79, 249,
       215, 74, 208, 230, 113, 235, 185, 96, 127, 230, 63, 174, 233, 131,
       46, 191, 242, 239, 239, 140, 61, 248, 112, 57, 154, 115, 246, 253,
       43, 82, 57, 81, 53, 92, 214, 183, 143, 151, 130, 223, 102, 157,
       255, 192, 42, 221, 243, 192, 215, 241, 250, 131, 34, 132, 45, 83,
       127, 83, 233, 70, 236, 84, 206, 248, 65, 232, 253, 110, 91, 124,
       223, 182, 92, 204, 180, 238, 205, 50, 238, 162, 58, 221, 229, 190,
       127, 255, 90, 245, 217, 184, 185, 120, 169, 236, 81, 215, 227, 89,
       180, 28, 63, 215, 64, 59, 165, 179, 253, 24, 147, 111, 178, 49,
       219, 249, 116, 104, 234, 192, 227, 187, 19, 11, 83, 154, 118, 162,
       171, 64, 204, 1, 121, 226, 93, 203, 181, 96, 126, 185, 22, 217,
       145, 187, 4, 254, 48, 172, 170, 200, 245, 139, 33, 161, 43, 50,
       102, 168, 127, 215, 184, 72, 140, 204, 213, 167, 141, 204, 182,
       136, 238, 169, 223, 181, 134, 171, 103, 141, 22, 89, 170, 203, 95,
       14, 125, 215, 135, 157, 30, 155, 190, 135, 190, 173, 158, 10, 154,
       115, 244, 122, 52, 65, 255, 115, 63, 227, 117, 141, 73, 255, 172,
       54, 223, 210, 156, 43, 177, 11, 143, 94, 6, 149, 39, 54, 188, 34,
       253, 222, 86, 247, 236, 10, 183, 239, 231, 101, 190, 175, 229,
       197, 37, 206, 4, 50, 218, 130, 142, 101, 57, 85, 134, 181, 19,
       155, 246, 135, 170, 236, 31, 169, 80, 119, 228, 248, 61, 0, 255,
       91, 19, 241, 179, 248, 73, 255, 44, 22, 159, 198, 221, 88, 177,
       159, 131, 137, 38, 174, 149, 147, 146, 236, 76, 64, 81, 135, 224,
       88, 191, 97, 216, 35, 18, 103, 247, 184, 44, 253, 32, 58, 138,
       210, 93, 15, 121, 220, 139, 169, 232, 213, 230, 185, 189, 119, 91,
       97, 84, 155, 157, 44, 214, 41, 47, 31, 55, 141, 150, 252, 231,
       195, 78, 91, 250, 224, 167, 132, 147, 221, 223, 114, 228, 167,
       174, 50, 158, 40, 18, 246, 151, 239, 235, 40, 223, 139, 95, 197,
       253, 231, 236, 71, 239, 136, 186, 227, 239, 151, 175, 254, 25, 69,
       0, 0, 31, 185, 52, 168, 104, 3, 62, 17, 90, 81, 181, 130, 52, 73,
       195, 11, 63, 21, 19, 216, 81, 81, 133, 186, 186, 64, 156, 200, 1,
       169, 48, 145, 90, 168, 52, 205, 82, 113, 45, 12, 249, 13, 119,
       223, 42, 80, 248, 185, 5, 98, 92, 35, 80, 29, 243, 205, 32, 121,
       121, 138, 230, 19, 125, 247, 224, 68, 255, 83, 71, 248, 65, 234,
       189, 174, 91, 108, 215, 182, 95, 196, 212, 110, 237, 115, 237,
       142, 58, 207, 165, 180, 111, 254, 90, 245, 77, 7, 108, 45, 160,
       26, 110, 184, 116, 238, 211, 229, 223, 106, 155, 216, 83, 133,
       236, 231, 253, 144, 205, 30, 198, 247, 231, 149, 44, 243, 72, 81,
       173, 117, 117, 71, 116, 78, 227, 56, 113, 232, 119, 72, 211, 81,
       157, 53, 88, 220, 70, 106, 233, 176, 121, 12, 39, 184, 33, 4, 67,
       187, 86, 161, 96, 243, 243, 206, 124, 203, 67, 188, 95, 225, 120,
       238, 246, 245, 169, 32, 94, 254, 55, 112, 139, 163, 235, 63, 40,
       190, 37, 254, 92, 187, 212, 113, 43, 18, 240, 73, 125, 93, 249,
       80, 75, 109, 116, 174, 8, 158, 215, 252, 126, 136, 214, 92, 135,
       54, 244, 208, 22, 121, 146, 235, 95, 140, 74, 253, 159, 223, 198,
       158, 143, 50, 158, 252, 157, 218, 145, 247, 76, 232, 255, 207,
       119, 199, 253, 231, 253, 199, 14, 234, 178, 99, 207, 159, 63, 255,
       185, 213, 61, 103, 107, 97, 116, 143, 111, 240, 64, 72, 124, 238,
       83, 73, 153, 48, 126, 168, 22, 238, 201, 178, 100, 61, 118, 205,
       160, 132, 111, 155, 114, 177, 189, 74, 107, 110, 118, 19, 75, 120,
       85, 96, 253, 238, 115, 13, 181, 48, 126, 168, 22, 238, 201, 178,
       109, 28, 114, 205, 161, 176, 127, 171, 114, 241, 185, 22, 105,
       108, 54, 19, 203, 120, 65, 200, 245, 238, 19, 13, 149, 49, 126,
       168, 20, 239, 201, 183, 100, 158, 242, 233, 162, 156, 127, 170,
       114, 241, 155, 189, 111, 161, 150, 183, 233, 247, 117, 113, 150,
       151, 25, 12, 86, 33, 111, 131, 19, 157, 191, 184, 53, 246, 127,
       73, 158, 196, 175, 132, 241, 252, 24, 189, 187, 250, 159, 253,
       209, 71, 255, 81, 188, 24, 190, 255, 106, 40, 171, 187, 223, 17,
       27, 43, 178, 243, 219, 213, 22, 123, 210, 72, 135, 123, 45, 70,
       121, 236, 108, 43, 93, 91, 77, 234, 188, 108, 146, 57, 181, 120,
       222, 168, 94, 44, 137, 51, 96, 158, 214, 223, 161, 188, 222, 248,
       80, 113, 2, 149, 40, 139, 242, 243, 185, 105, 12, 69, 77, 135,
       204, 78, 62, 96, 255, 59, 147, 133, 150, 154, 60, 223, 101, 53,
       154, 195, 21, 6, 165, 246, 241, 51, 107, 232, 110, 57, 105, 82,
       205, 104, 246, 254, 27, 143, 183, 123, 110, 132, 95, 237, 169, 55,
       228, 208, 214, 233, 170, 188, 61, 137, 112, 113, 72, 221, 56, 185,
       116, 172, 121, 23, 116, 73, 126, 0, 183, 19, 32, 113, 230, 187,
       23, 24, 130, 152, 16, 29, 231, 235, 50, 0, 48, 208, 160, 11, 74,
       155, 63, 249, 228, 200, 185, 23, 239, 93, 87, 116, 188, 143, 194,
       104, 230, 43, 63, 28, 211, 152, 227, 209, 198, 249, 122, 192, 6,
       136, 133, 241, 139, 248, 123, 233, 108, 153, 237, 87, 173, 89,
       246, 228, 189, 159, 208, 99, 238, 41, 94, 204, 195, 158, 230, 209,
       198, 249, 186, 200, 78, 144, 225, 185, 10, 30, 121, 225, 42, 233,
       181, 87, 173, 79, 124, 246, 172, 63, 196, 10, 166, 51, 206, 1,
       145, 185, 160, 194, 198, 213, 58, 163, 239, 192, 135, 251, 19, 91,
       59, 238, 20, 159, 239, 244, 229, 192, 246, 78, 251, 13, 23, 32,
