%YAML:1.0
---
descriptors: !!opencv-matrix
   rows: 266
   cols: 32
   dt: u
   data: [ 31, 255, 120, 65, 243, 59, 191, 222, 59, 164, 60, 175, 13, 14,
       215, 180, 55, 219, 199, 84, 150, 56, 165, 254, 126, 221, 63, 231,
       231, 149, 143, 253, 87, 169, 172, 53, 141, 30, 140, 141, 130, 243,
       130, 141, 247, 108, 83, 107, 133, 103, 121, 29, 157, 233, 255, 32,
       173, 115, 223, 20, 140, 124, 153, 92, 62, 114, 230, 137, 111, 115,
       184, 74, 143, 127, 223, 167, 140, 140, 55, 142, 238, 153, 223,
       149, 140, 183, 71, 208, 23, 87, 154, 179, 215, 77, 61, 215, 119,
       52, 172, 183, 140, 15, 207, 190, 22, 246, 134, 159, 211, 108, 83,
       10, 221, 231, 121, 183, 253, 229, 255, 42, 232, 103, 253, 148,
       141, 252, 216, 80, 155, 165, 110, 161, 149, 54, 233, 87, 85, 241,
       214, 151, 25, 60, 118, 41, 105, 139, 19, 189, 191, 255, 53, 198,
       91, 75, 154, 196, 175, 204, 248, 252, 6, 172, 128, 155, 213, 81,
       190, 206, 31, 147, 73, 19, 236, 254, 110, 204, 249, 91, 147, 147,
       54, 84, 91, 243, 47, 22, 159, 111, 150, 127, 189, 134, 84, 61,
       251, 100, 226, 108, 127, 16, 41, 236, 126, 40, 159, 151, 193, 80,
       54, 125, 93, 122, 65, 18, 176, 106, 247, 237, 33, 168, 32, 243,
       39, 115, 6, 220, 148, 151, 189, 228, 188, 166, 158, 155, 83, 49,
       236, 254, 104, 207, 167, 115, 187, 17, 50, 220, 27, 241, 45, 18,
       95, 195, 144, 113, 173, 15, 32, 61, 104, 101, 180, 107, 127, 50,
       49, 196, 254, 141, 243, 37, 18, 16, 26, 230, 85, 110, 40, 184,
       241, 46, 231, 175, 36, 17, 102, 226, 86, 242, 54, 116, 154, 138,
       125, 245, 178, 200, 30, 237, 221, 11, 221, 252, 107, 128, 253,
       217, 151, 115, 6, 51, 122, 159, 187, 197, 175, 127, 149, 91, 61,
       195, 17, 142, 77, 225, 150, 171, 105, 23, 110, 113, 74, 150, 153,
       3, 176, 104, 103, 130, 26, 156, 147, 184, 117, 247, 205, 207, 146,
       64, 189, 200, 241, 40, 3, 31, 115, 138, 114, 163, 187, 112, 28,
       65, 121, 230, 61, 207, 164, 112, 126, 187, 23, 180, 145, 154, 4,
       254, 116, 44, 170, 200, 189, 131, 33, 177, 28, 199, 52, 187, 152,
       200, 63, 188, 230, 81, 255, 163, 255, 223, 74, 96, 127, 219, 110,
       227, 206, 176, 207, 53, 237, 230, 47, 73, 113, 154, 165, 11, 37,
       22, 105, 204, 124, 43, 75, 88, 73, 232, 188, 236, 83, 109, 191,
       48, 222, 168, 6, 46, 169, 35, 96, 158, 118, 221, 161, 188, 93,
       235, 82, 241, 56, 120, 120, 234, 100, 205, 91, 208, 83, 44, 116,
       14, 51, 157, 99, 16, 92, 152, 23, 202, 202, 54, 120, 57, 87, 205,
       176, 45, 115, 155, 110, 187, 155, 76, 107, 236, 67, 214, 237, 119,
       53, 66, 196, 146, 57, 150, 50, 101, 110, 169, 19, 173, 233, 159,
       52, 207, 243, 105, 218, 128, 63, 212, 176, 248, 73, 217, 183, 84,
       36, 142, 111, 180, 237, 12, 118, 96, 159, 181, 176, 100, 38, 116,
       62, 74, 209, 184, 49, 224, 101, 184, 98, 128, 66, 177, 65, 41, 46,
       240, 242, 206, 109, 95, 254, 200, 27, 174, 253, 43, 202, 220, 95,
       132, 255, 221, 215, 227, 76, 55, 248, 210, 53, 93, 15, 175, 87,
       127, 110, 215, 3, 155, 51, 239, 52, 135, 234, 49, 30, 9, 91, 102,
       245, 223, 176, 224, 254, 59, 63, 137, 211, 152, 113, 223, 165,
       172, 170, 192, 20, 138, 177, 169, 86, 157, 183, 210, 183, 118,
       190, 231, 60, 63, 202, 51, 204, 190, 36, 107, 239, 215, 191, 176,
       60, 219, 145, 226, 187, 54, 222, 67, 128, 93, 165, 31, 57, 90,
       123, 111, 118, 27, 75, 120, 69, 232, 253, 238, 115, 1, 177, 48,
       126, 172, 22, 238, 201, 178, 101, 60, 114, 205, 161, 128, 127,
       171, 114, 249, 53, 111, 203, 79, 16, 221, 238, 240, 236, 200, 239,
       192, 241, 230, 149, 112, 252, 248, 66, 202, 197, 146, 124, 43, 55,
       237, 167, 1, 65, 115, 106, 164, 110, 112, 248, 194, 109, 125, 114,
       216, 139, 237, 61, 11, 8, 245, 79, 150, 217, 216, 211, 24, 2, 35,
       250, 192, 95, 93, 5, 47, 211, 255, 94, 246, 97, 159, 57, 248, 253,
       189, 67, 63, 207, 105, 189, 92, 150, 157, 116, 112, 205, 170, 126,
       12, 155, 43, 242, 151, 255, 253, 145, 120, 26, 8, 210, 114, 93,
       91, 126, 229, 46, 11, 239, 112, 140, 236, 151, 238, 223, 141, 179,
       98, 110, 229, 127, 111, 193, 177, 109, 152, 246, 233, 171, 144,
       60, 187, 89, 113, 60, 13, 74, 235, 196, 114, 70, 83, 117, 3, 251,
       18, 83, 41, 49, 88, 121, 142, 6, 130, 28, 178, 89, 134, 211, 239,
       226, 65, 191, 235, 248, 130, 6, 164, 154, 155, 246, 131, 190, 239,
       31, 187, 89, 114, 196, 248, 252, 36, 255, 91, 23, 179, 242, 240,
       73, 255, 44, 22, 143, 230, 221, 122, 185, 135, 221, 225, 202, 178,
       176, 194, 122, 53, 49, 201, 167, 61, 215, 215, 74, 82, 242, 239,
       125, 158, 93, 222, 193, 34, 250, 233, 167, 193, 40, 130, 170, 91,
       193, 121, 63, 244, 116, 140, 249, 246, 237, 200, 22, 100, 188,
       159, 177, 97, 166, 103, 127, 77, 161, 173, 162, 255, 238, 251,
       186, 130, 14, 145, 33, 121, 221, 49, 113, 194, 103, 91, 107, 88,
       101, 104, 181, 238, 223, 23, 217, 182, 62, 148, 222, 238, 201, 51,
       169, 192, 150, 217, 33, 244, 111, 175, 35, 113, 6, 220, 58, 159,
       85, 247, 178, 226, 31, 69, 92, 3, 236, 254, 54, 196, 249, 123,
       131, 17, 38, 184, 58, 255, 47, 54, 138, 75, 149, 11, 53, 222, 122,
       219, 120, 170, 62, 209, 157, 119, 9, 77, 220, 175, 174, 157, 6, 0,
       206, 155, 215, 65, 202, 43, 224, 247, 242, 245, 42, 251, 86, 156,
       151, 251, 146, 207, 70, 158, 118, 144, 188, 103, 181, 4, 214, 167,
       41, 170, 166, 69, 106, 163, 183, 196, 108, 155, 4, 255, 50, 34,
       186, 131, 63, 156, 249, 205, 6, 248, 150, 159, 157, 196, 189, 172,
       158, 155, 2, 1, 236, 250, 104, 74, 167, 115, 59, 83, 54, 72, 155,
       241, 45, 22, 95, 78, 144, 115, 165, 15, 114, 121, 154, 254, 43,
       193, 22, 228, 171, 85, 172, 40, 175, 215, 35, 18, 238, 241, 205,
       192, 31, 11, 154, 249, 179, 213, 15, 59, 242, 18, 39, 27, 17, 140,
       77, 243, 151, 237, 105, 135, 110, 113, 10, 18, 181, 35, 112, 104,
       97, 131, 26, 156, 19, 152, 49, 247, 237, 142, 150, 64, 177, 72,
       209, 40, 2, 161, 166, 177, 211, 151, 60, 79, 47, 241, 74, 131, 44,
       158, 126, 104, 231, 31, 187, 145, 86, 217, 51, 209, 191, 95, 223,
       198, 150, 4, 165, 206, 10, 168, 226, 211, 247, 220, 188, 167, 123,
       95, 86, 151, 172, 172, 214, 172, 175, 59, 179, 157, 246, 248, 182,
       231, 47, 127, 158, 227, 199, 132, 223, 223, 38, 221, 170, 142,
       219, 192, 190, 238, 138, 5, 88, 163, 44, 254, 103, 64, 239, 251,
       147, 195, 82, 11, 154, 241, 61, 52, 142, 235, 21, 86, 181, 223, 9,
       154, 109, 217, 100, 248, 249, 23, 77, 93, 126, 182, 169, 12, 150,
       233, 110, 42, 183, 137, 151, 188, 103, 213, 70, 121, 186, 193, 95,
       140, 253, 253, 130, 23, 123, 225, 114, 248, 185, 87, 45, 77, 126,
       255, 173, 47, 134, 0, 46, 187, 151, 145, 179, 186, 36, 198, 246,
       245, 58, 195, 237, 192, 167, 249, 10, 49, 56, 171, 253, 236, 185,
       19, 173, 93, 61, 177, 156, 159, 94, 106, 206, 27, 223, 145, 147,
       40, 242, 224, 79, 89, 42, 234, 150, 7, 165, 243, 184, 220, 50,
       248, 29, 209, 208, 103, 215, 4, 196, 19, 42, 153, 34, 197, 72,
       186, 139, 0, 110, 175, 18, 191, 243, 225, 146, 59, 51, 12, 252,
       138, 27, 112, 100, 171, 45, 125, 184, 88, 14, 109, 223, 167, 157,
       156, 91, 160, 238, 9, 223, 133, 134, 176, 103, 144, 199, 93, 170,
       161, 119, 15, 29, 215, 161, 59, 233, 199, 230, 23, 239, 125, 82,
       234, 93, 238, 241, 37, 215, 36, 127, 238, 55, 143, 193, 254, 237,
       202, 116, 15, 255, 160, 63, 250, 208, 249, 191, 255, 226, 158,
       246, 114, 191, 252, 83, 222, 221, 247, 73, 236, 191, 173, 127,
       255, 151, 247, 245, 215, 174, 238, 62, 103, 239, 237, 175, 247,
       191, 245, 33, 241, 113, 73, 68, 79, 239, 253, 77, 64, 120, 66, 17,
       133, 244, 164, 92, 24, 18, 106, 195, 186, 116, 221, 37, 28, 133,
       44, 119, 154, 112, 236, 39, 115, 233, 138, 244, 141, 186, 216, 94,
       73, 217, 111, 212, 220, 253, 32, 222, 137, 23, 247, 131, 50, 76,
