%YAML:1.0
---
descriptors: !!opencv-matrix
   rows: 226
   cols: 32
   dt: u
   data: [ 223, 94, 229, 151, 143, 50, 142, 248, 223, 242, 146, 246, 72,
       108, 223, 239, 127, 197, 250, 239, 229, 71, 239, 234, 48, 42, 207,
       182, 191, 253, 56, 85, 222, 247, 164, 163, 169, 17, 30, 173, 27,
       255, 157, 189, 207, 110, 202, 151, 215, 197, 253, 247, 190, 67,
       207, 243, 186, 211, 239, 255, 158, 55, 159, 87, 134, 143, 14, 155,
       188, 135, 190, 171, 159, 10, 154, 115, 228, 122, 52, 65, 247, 115,
       63, 231, 244, 141, 73, 255, 170, 54, 223, 211, 156, 43, 185, 143,
       139, 28, 230, 215, 231, 114, 189, 183, 121, 215, 86, 182, 72, 62,
       183, 239, 103, 127, 179, 172, 181, 220, 53, 238, 7, 122, 222, 131,
       143, 244, 253, 253, 159, 86, 229, 155, 175, 55, 191, 200, 159, 94,
       145, 183, 73, 108, 191, 207, 255, 193, 255, 247, 166, 101, 47,
       247, 146, 90, 207, 215, 223, 255, 53, 215, 11, 182, 38, 184, 109,
       213, 184, 107, 204, 220, 212, 167, 173, 204, 246, 129, 239, 41,
       255, 181, 133, 251, 118, 220, 158, 83, 251, 203, 223, 12, 61, 223,
       43, 49, 102, 73, 101, 183, 248, 81, 237, 73, 191, 230, 136, 156,
       150, 166, 206, 145, 223, 221, 159, 161, 119, 208, 6, 93, 138, 211,
       79, 135, 123, 149, 23, 75, 83, 234, 82, 163, 187, 80, 140, 1, 249,
       226, 89, 142, 180, 96, 126, 185, 23, 252, 145, 187, 4, 254, 48,
       172, 170, 200, 253, 139, 33, 161, 155, 76, 230, 188, 67, 246, 189,
       103, 149, 66, 214, 151, 57, 174, 55, 235, 110, 177, 147, 133, 237,
       159, 52, 202, 17, 107, 218, 128, 61, 212, 33, 220, 134, 191, 17,
       139, 244, 167, 174, 254, 31, 169, 90, 118, 228, 126, 60, 68, 255,
       123, 23, 243, 243, 184, 89, 255, 44, 22, 143, 194, 156, 91, 177,
       189, 253, 247, 233, 68, 254, 19, 207, 248, 83, 234, 189, 238, 91,
       104, 215, 183, 95, 196, 214, 238, 237, 115, 237, 142, 58, 79, 165,
       188, 239, 255, 90, 213, 127, 87, 105, 70, 236, 22, 206, 248, 65,
       232, 189, 110, 91, 252, 223, 182, 94, 204, 52, 238, 205, 50, 255,
       160, 50, 217, 229, 190, 127, 251, 88, 117, 5, 177, 43, 107, 180,
       213, 187, 249, 78, 88, 121, 70, 144, 220, 124, 32, 252, 25, 23,
       219, 147, 56, 63, 209, 77, 25, 170, 204, 221, 11, 245, 247, 154,
       50, 182, 253, 43, 82, 57, 25, 53, 220, 214, 179, 175, 215, 3, 207,
       102, 149, 255, 240, 42, 205, 227, 202, 215, 243, 250, 131, 166,
       164, 45, 115, 232, 56, 189, 112, 237, 253, 81, 87, 235, 123, 180,
       24, 178, 189, 68, 58, 201, 178, 255, 16, 59, 107, 242, 16, 223,
       219, 112, 251, 194, 72, 214, 123, 14, 164, 176, 155, 253, 241,
       190, 207, 31, 87, 77, 19, 236, 254, 127, 196, 251, 91, 147, 147,
       54, 218, 107, 243, 47, 86, 159, 111, 150, 95, 189, 198, 234, 122,
       188, 126, 105, 92, 149, 54, 139, 222, 180, 61, 46, 189, 87, 191,
       135, 247, 253, 5, 229, 111, 242, 241, 83, 123, 88, 187, 67, 116,
       30, 95, 165, 117, 125, 71, 116, 79, 103, 56, 97, 232, 247, 72,
       210, 85, 137, 53, 24, 220, 70, 106, 233, 246, 249, 12, 101, 152,
       33, 20, 67, 187, 86, 241, 56, 37, 120, 101, 228, 127, 84, 63, 113,
       170, 254, 24, 147, 57, 31, 57, 216, 132, 196, 34, 188, 178, 241,
       14, 247, 223, 112, 21, 195, 249, 222, 130, 90, 153, 182, 254, 235,
       246, 184, 113, 143, 93, 223, 163, 108, 191, 38, 196, 230, 183,
       191, 129, 148, 139, 179, 252, 219, 247, 250, 203, 151, 7, 45, 115,
       56, 201, 122, 238, 28, 215, 82, 124, 197, 4, 252, 2, 123, 221, 50,
       224, 88, 248, 143, 106, 200, 171, 122, 191, 243, 237, 163, 89,
       119, 186, 124, 74, 109, 115, 57, 103, 116, 15, 119, 56, 121, 232,
       127, 76, 215, 117, 153, 48, 148, 92, 84, 106, 193, 176, 249, 14,
       231, 253, 33, 132, 72, 179, 66, 243, 208, 76, 127, 95, 78, 75,
       229, 248, 116, 34, 246, 98, 243, 181, 145, 107, 122, 220, 110,
       106, 233, 247, 231, 42, 119, 171, 99, 0, 101, 248, 116, 168, 89,
       188, 57, 242, 189, 237, 81, 71, 223, 113, 172, 24, 190, 157, 98,
       56, 129, 187, 254, 16, 27, 105, 242, 247, 219, 221, 17, 123, 218,
       72, 197, 122, 142, 249, 178, 154, 109, 213, 186, 200, 159, 188,
       85, 3, 204, 223, 111, 76, 254, 121, 179, 211, 6, 118, 218, 241,
       31, 80, 203, 239, 22, 63, 61, 215, 254, 84, 98, 204, 109, 87, 223,
       104, 137, 238, 180, 139, 104, 220, 55, 183, 254, 245, 223, 231,
       232, 39, 116, 220, 51, 89, 137, 187, 87, 191, 118, 247, 2, 157,
       26, 219, 151, 199, 190, 231, 30, 73, 94, 19, 188, 255, 32, 64,
       247, 123, 147, 145, 115, 152, 18, 255, 239, 119, 158, 67, 144, 76,
       165, 155, 96, 104, 189, 228, 109, 79, 65, 14, 3, 240, 164, 8, 150,
       151, 65, 58, 136, 188, 121, 24, 11, 74, 243, 0, 207, 153, 81, 124,
       64, 48, 70, 234, 11, 27, 63, 249, 228, 201, 185, 19, 237, 89, 87,
       116, 188, 159, 176, 105, 230, 59, 63, 29, 147, 184, 98, 209, 198,
       249, 122, 194, 140, 136, 133, 249, 189, 54, 105, 236, 22, 11, 75,
       80, 69, 224, 245, 238, 115, 9, 181, 112, 126, 168, 23, 238, 201,
       182, 100, 156, 210, 205, 161, 176, 63, 171, 114, 49, 17, 37, 82,
       12, 82, 155, 102, 104, 117, 0, 235, 224, 111, 211, 167, 212, 50,
       172, 194, 238, 69, 147, 13, 95, 50, 164, 1, 2, 107, 166, 107, 132,
       58, 165, 249, 248, 249, 241, 217, 79, 155, 31, 189, 57, 15, 255,
       108, 24, 207, 155, 135, 144, 26, 43, 234, 211, 219, 213, 23, 127,
       243, 76, 230, 227, 92, 168, 129, 186, 169, 97, 82, 138, 175, 63,
       136, 57, 206, 243, 73, 218, 193, 195, 237, 82, 26, 67, 203, 48,
       153, 213, 79, 127, 144, 117, 134, 66, 92, 117, 121, 101, 50, 78,
       127, 184, 49, 236, 239, 236, 215, 23, 137, 112, 54, 221, 125, 234,
       201, 144, 249, 46, 247, 173, 33, 132, 32, 179, 6, 113, 177, 249,
       43, 236, 29, 213, 223, 245, 101, 72, 252, 12, 179, 159, 18, 48,
       216, 226, 93, 111, 201, 171, 112, 191, 243, 253, 134, 24, 88, 26,
       242, 122, 93, 89, 59, 231, 5, 14, 123, 80, 44, 228, 239, 14, 223,
       79, 59, 114, 244, 253, 127, 239, 137, 147, 249, 168, 215, 233,
       139, 20, 58, 59, 93, 114, 206, 254, 182, 151, 162, 180, 190, 183,
       191, 255, 31, 183, 236, 238, 230, 207, 167, 119, 175, 151, 182,
       93, 171, 243, 174, 119, 95, 231, 142, 245, 173, 221, 191, 119,
       236, 69, 254, 27, 207, 248, 81, 238, 191, 239, 83, 108, 159, 167,
       127, 196, 220, 239, 237, 243, 109, 142, 62, 79, 229, 180, 103,
       255, 90, 213, 27, 51, 36, 169, 47, 215, 184, 105, 95, 220, 212,
       167, 175, 156, 54, 165, 254, 41, 191, 181, 140, 250, 119, 212,
       143, 91, 218, 203, 87, 12, 61, 223, 6, 132, 173, 181, 162, 106,
       61, 135, 62, 247, 82, 147, 221, 55, 88, 75, 167, 87, 59, 149, 48,
       220, 41, 226, 205, 179, 222, 199, 132, 112, 149, 99, 159, 255,
       230, 150, 246, 114, 191, 252, 83, 210, 221, 247, 105, 238, 255,
       165, 127, 251, 151, 231, 245, 215, 46, 239, 58, 70, 239, 195, 175,
       247, 191, 213, 191, 243, 102, 154, 254, 3, 223, 216, 159, 94, 149,
       255, 75, 205, 255, 15, 127, 201, 199, 255, 190, 103, 46, 247, 250,
       8, 175, 254, 255, 191, 245, 245, 218, 82, 246, 220, 107, 214, 120,
       89, 55, 78, 214, 183, 12, 151, 162, 221, 126, 189, 191, 128, 234,
       223, 179, 195, 215, 243, 218, 135, 54, 164, 44, 119, 55, 99, 233,
       170, 252, 1, 206, 216, 70, 65, 217, 238, 83, 201, 249, 32, 94,
       200, 23, 255, 139, 35, 76, 186, 116, 13, 175, 172, 253, 251, 114,
       225, 17, 211, 83, 203, 52, 135, 235, 57, 68, 73, 219, 102, 211,
       193, 184, 100, 92, 136, 30, 236, 219, 184, 105, 189, 228, 172,
       162, 192, 60, 138, 240, 49, 209, 77, 95, 111, 52, 10, 111, 52,
       100, 64, 246, 68, 243, 99, 144, 115, 118, 228, 60, 238, 233, 176,
       101, 45, 228, 235, 226, 128, 109, 178, 97, 41, 14, 172, 160, 155,
       221, 211, 186, 206, 31, 247, 192, 19, 140, 254, 119, 140, 249, 91,
       147, 209, 54, 126, 123, 243, 63, 86, 159, 111, 147, 109, 189, 206,
       46, 250, 228, 137, 125, 247, 152, 202, 143, 117, 221, 167, 200,
