%YAML:1.0
---
descriptors: !!opencv-matrix
   rows: 410
   cols: 32
   dt: u
   data: [ 85, 166, 8, 163, 152, 30, 78, 184, 110, 108, 138, 141, 199,
       104, 26, 80, 213, 207, 108, 103, 206, 178, 221, 61, 232, 247, 47,
       53, 72, 250, 154, 84, 236, 85, 81, 79, 112, 79, 103, 184, 117,
       168, 119, 104, 211, 87, 137, 116, 80, 220, 78, 106, 105, 176, 121,
       46, 231, 236, 33, 20, 98, 179, 70, 49, 243, 127, 172, 37, 136, 13,
       93, 15, 162, 254, 128, 141, 163, 172, 83, 27, 141, 229, 125, 181,
       236, 75, 247, 24, 248, 65, 239, 253, 136, 116, 150, 90, 193, 45,
       23, 86, 49, 220, 36, 39, 237, 73, 98, 16, 172, 178, 32, 247, 160,
       51, 234, 8, 103, 201, 178, 109, 165, 48, 86, 10, 66, 68, 171, 172,
       92, 57, 254, 228, 226, 110, 91, 16, 33, 254, 183, 56, 223, 23,
       195, 91, 166, 245, 125, 50, 24, 215, 184, 0, 219, 233, 101, 244,
       162, 227, 6, 115, 88, 188, 187, 248, 155, 237, 145, 71, 251, 211,
       188, 24, 190, 189, 100, 58, 171, 187, 237, 17, 27, 111, 178, 242,
       219, 215, 22, 123, 211, 64, 167, 122, 129, 148, 191, 252, 122, 38,
       248, 122, 86, 219, 112, 118, 116, 247, 32, 105, 255, 57, 55, 168,
       163, 254, 27, 95, 79, 143, 119, 196, 249, 160, 97, 179, 17, 8, 91,
       184, 82, 134, 56, 67, 189, 0, 98, 129, 31, 159, 33, 217, 166, 185,
       179, 148, 5, 155, 18, 72, 147, 225, 10, 66, 32, 128, 43, 194, 73,
       201, 243, 69, 117, 152, 111, 180, 237, 72, 114, 66, 187, 161, 180,
       228, 38, 228, 62, 76, 209, 184, 39, 224, 36, 120, 36, 0, 110, 189,
       193, 109, 54, 145, 105, 235, 180, 199, 219, 185, 23, 77, 251, 39,
       91, 93, 190, 96, 254, 155, 21, 243, 191, 178, 125, 159, 235, 253,
       161, 198, 191, 139, 244, 83, 117, 55, 140, 167, 136, 31, 70, 184,
       50, 238, 131, 77, 199, 104, 91, 19, 220, 196, 108, 103, 236, 82,
       217, 60, 238, 243, 101, 53, 8, 123, 26, 84, 9, 89, 30, 248, 32,
       134, 127, 243, 172, 10, 118, 0, 63, 115, 32, 121, 164, 113, 85,
       74, 112, 137, 16, 109, 227, 255, 114, 128, 0, 177, 171, 163, 178,
       173, 163, 190, 157, 193, 143, 103, 151, 71, 200, 147, 32, 237, 50,
       0, 249, 187, 147, 133, 122, 171, 58, 191, 177, 70, 154, 57, 85,
       78, 180, 250, 45, 122, 232, 73, 236, 85, 255, 216, 86, 234, 84,
       238, 89, 221, 247, 40, 127, 88, 23, 238, 193, 118, 255, 146, 94,
       79, 229, 172, 255, 251, 112, 241, 70, 249, 148, 159, 233, 132,
       188, 175, 158, 159, 16, 33, 236, 254, 108, 207, 135, 119, 251,
       147, 118, 73, 139, 241, 45, 50, 95, 235, 144, 116, 173, 159, 154,
       79, 70, 220, 118, 146, 188, 119, 245, 0, 254, 227, 41, 171, 166,
       197, 110, 187, 134, 192, 228, 187, 4, 237, 114, 42, 170, 129, 63,
       156, 105, 141, 43, 50, 108, 169, 111, 95, 184, 72, 14, 76, 220,
       167, 141, 140, 54, 138, 238, 9, 223, 197, 134, 163, 119, 145, 22,
       65, 186, 171, 95, 15, 61, 223, 150, 143, 30, 155, 180, 135, 190,
       239, 31, 11, 218, 115, 228, 106, 61, 65, 255, 123, 31, 179, 246,
       169, 73, 255, 168, 22, 159, 210, 156, 90, 177, 143, 1, 142, 77,
       243, 150, 169, 105, 151, 110, 113, 14, 214, 189, 11, 80, 104, 39,
       139, 27, 157, 147, 156, 117, 247, 205, 207, 154, 64, 188, 200,
       209, 40, 60, 31, 88, 234, 116, 173, 82, 120, 21, 12, 125, 15, 115,
       89, 51, 16, 248, 184, 7, 106, 30, 50, 8, 61, 243, 205, 33, 41,
       121, 139, 110, 147, 134, 239, 191, 179, 230, 232, 183, 231, 186,
       63, 25, 51, 180, 255, 109, 43, 171, 123, 119, 19, 114, 93, 170,
       227, 109, 22, 254, 235, 132, 83, 151, 235, 201, 234, 55, 58, 45,
       141, 245, 101, 254, 62, 177, 93, 238, 200, 118, 203, 141, 33, 110,
       21, 246, 109, 250, 241, 221, 219, 86, 122, 80, 12, 199, 203, 155,
       181, 111, 161, 149, 118, 233, 119, 85, 225, 214, 151, 25, 13, 118,
       33, 125, 143, 19, 189, 189, 251, 53, 198, 123, 73, 154, 196, 175,
       140, 240, 240, 199, 127, 172, 167, 172, 23, 94, 184, 18, 246, 137,
       141, 211, 108, 95, 43, 149, 69, 121, 247, 236, 71, 255, 58, 233,
       27, 207, 188, 140, 119, 18, 84, 87, 197, 173, 167, 136, 79, 143,
       172, 6, 230, 139, 143, 243, 108, 90, 66, 93, 199, 121, 231, 221,
       67, 255, 40, 233, 103, 237, 148, 45, 255, 144, 80, 1, 33, 65, 1,
       76, 217, 160, 64, 108, 113, 211, 78, 128, 24, 148, 171, 232, 137,
       74, 209, 135, 178, 85, 192, 20, 24, 154, 2, 77, 8, 121, 140, 38,
       201, 170, 190, 75, 192, 190, 228, 154, 87, 88, 163, 172, 239, 126,
       132, 235, 123, 179, 195, 66, 18, 142, 241, 53, 52, 206, 171, 21,
       127, 189, 210, 187, 76, 239, 253, 66, 86, 173, 119, 21, 67, 198,
       151, 57, 46, 55, 107, 110, 179, 19, 141, 233, 159, 52, 203, 83,
       107, 218, 128, 63, 212, 33, 248, 250, 249, 50, 242, 45, 221, 90,
       224, 171, 236, 176, 9, 47, 159, 66, 144, 128, 249, 213, 67, 79,
       15, 154, 181, 147, 209, 153, 187, 2, 15, 94, 91, 112, 252, 24,
       162, 52, 157, 82, 218, 35, 109, 184, 13, 47, 223, 107, 16, 252,
       153, 68, 82, 14, 42, 216, 183, 187, 221, 1, 127, 120, 27, 106, 27,
       158, 103, 243, 3, 243, 251, 189, 213, 123, 253, 127, 171, 77, 205,
       255, 189, 54, 191, 151, 177, 150, 241, 172, 204, 126, 89, 37, 231,
       231, 246, 175, 197, 184, 201, 58, 252, 93, 197, 213, 99, 215, 12,
       196, 2, 50, 217, 96, 64, 200, 184, 171, 0, 74, 47, 18, 159, 243,
       233, 130, 123, 51, 8, 252, 138, 252, 241, 185, 232, 185, 70, 87,
       216, 163, 252, 165, 45, 95, 215, 75, 90, 213, 213, 253, 242, 94,
       67, 251, 16, 251, 225, 167, 253, 176, 115, 38, 83, 6, 168, 176,
       155, 215, 81, 190, 207, 31, 183, 73, 19, 204, 250, 110, 204, 249,
       91, 147, 147, 54, 116, 91, 243, 47, 22, 159, 111, 150, 95, 189,
       134, 58, 114, 230, 137, 47, 115, 184, 74, 143, 125, 221, 167, 140,
       140, 63, 140, 254, 25, 223, 149, 134, 167, 115, 208, 19, 87, 154,
       187, 215, 15, 61, 215, 87, 176, 172, 165, 12, 7, 89, 41, 2, 246,
       128, 141, 211, 108, 91, 2, 221, 197, 121, 181, 140, 67, 255, 24,
       201, 69, 239, 188, 156, 36, 22, 82, 242, 249, 147, 176, 41, 221,
       16, 196, 171, 248, 176, 41, 142, 158, 70, 182, 196, 245, 253, 80,
       79, 79, 210, 226, 155, 212, 159, 255, 2, 28, 143, 95, 128, 0, 93,
       249, 52, 168, 104, 19, 126, 17, 90, 208, 181, 3, 16, 104, 99, 11,
       63, 28, 18, 152, 65, 81, 132, 184, 58, 192, 140, 192, 81, 136,
       241, 68, 172, 183, 140, 46, 205, 190, 150, 247, 130, 157, 243,
       108, 90, 75, 205, 231, 121, 133, 173, 205, 255, 42, 201, 35, 253,
       20, 140, 120, 144, 88, 90, 121, 146, 190, 43, 229, 21, 71, 171,
       16, 168, 8, 46, 255, 32, 152, 226, 187, 205, 128, 11, 75, 154,
       249, 211, 243, 82, 59, 26, 70, 175, 27, 250, 216, 100, 94, 41, 92,
       85, 191, 235, 126, 180, 189, 42, 157, 86, 191, 133, 244, 253, 0,
       236, 79, 246, 181, 243, 251, 85, 187, 99, 180, 78, 95, 82, 96, 27,
       140, 27, 213, 27, 76, 175, 68, 132, 137, 174, 198, 35, 116, 200,
       185, 200, 192, 78, 3, 178, 89, 177, 48, 10, 59, 16, 22, 47, 126,
       149, 103, 120, 39, 60, 75, 255, 248, 100, 224, 251, 226, 211, 88,
       155, 35, 126, 205, 92, 227, 205, 179, 77, 8, 224, 169, 39, 20,
       109, 187, 105, 25, 154, 115, 52, 225, 43, 208, 57, 85, 165, 93,
       151, 178, 157, 23, 130, 199, 102, 157, 223, 208, 106, 137, 241,
       192, 215, 241, 170, 131, 38, 132, 165, 123, 111, 94, 227, 193,
       246, 32, 107, 18, 57, 203, 122, 230, 57, 39, 213, 244, 119, 254,
       23, 156, 129, 154, 229, 226, 30, 188, 166, 128, 175, 243, 114,
       181, 94, 17, 182, 168, 187, 247, 184, 72, 143, 13, 223, 35, 204,
       254, 34, 204, 230, 53, 191, 145, 20, 11, 51, 212, 155, 245, 139,
       203, 150, 7, 45, 87, 37, 53, 245, 71, 160, 31, 230, 48, 108, 232,
       123, 76, 243, 56, 157, 183, 30, 110, 68, 110, 221, 240, 125, 40,
       46, 218, 101, 16, 73, 243, 74, 181, 189, 52, 105, 108, 52, 7, 75,
       120, 65, 224, 245, 206, 83, 73, 146, 48, 126, 168, 20, 238, 201,
       167, 116, 159, 242, 201, 161, 188, 127, 170, 114, 241, 105, 157,
