%YAML:1.0
---
descriptors: !!opencv-matrix
   rows: 32
   cols: 32
   dt: u
   data: [ 71, 177, 147, 192, 187, 94, 37, 13, 235, 233, 139, 68, 220,
       246, 204, 118, 182, 21, 120, 48, 147, 1, 177, 192, 185, 60, 15,
       86, 136, 2, 163, 53, 45, 119, 81, 65, 240, 27, 103, 251, 99, 186,
       60, 104, 19, 241, 205, 181, 27, 88, 70, 122, 65, 162, 96, 24, 46,
       201, 37, 60, 107, 248, 66, 161, 11, 91, 239, 5, 50, 22, 47, 180,
       108, 204, 94, 230, 249, 38, 147, 98, 54, 119, 61, 239, 193, 216,
       53, 108, 110, 43, 239, 128, 175, 243, 33, 121, 65, 61, 189, 101,
       172, 238, 101, 55, 106, 225, 46, 8, 182, 57, 16, 50, 129, 102,
       120, 9, 145, 248, 241, 14, 237, 190, 84, 16, 192, 96, 215, 106,
       162, 212, 25, 184, 253, 205, 117, 239, 31, 55, 104, 25, 142, 223,
       104, 81, 217, 155, 147, 1, 114, 30, 90, 215, 255, 215, 20, 127,
       16, 8, 134, 202, 2, 169, 27, 248, 155, 193, 53, 103, 174, 21, 232,
       48, 172, 151, 96, 80, 231, 59, 235, 144, 82, 11, 162, 117, 253,
       149, 26, 107, 16, 0, 165, 171, 126, 69, 58, 238, 29, 215, 94, 236,
       7, 140, 221, 11, 239, 221, 59, 64, 248, 249, 159, 243, 76, 35,
       216, 158, 243, 245, 143, 59, 51, 59, 188, 66, 246, 172, 148, 178,
       169, 237, 84, 239, 187, 187, 168, 25, 238, 242, 76, 159, 137, 243,
       236, 17, 126, 79, 218, 243, 185, 214, 95, 127, 144, 68, 143, 14,
       190, 9, 242, 239, 245, 94, 126, 121, 53, 140, 255, 35, 107, 255,
       43, 212, 250, 249, 223, 226, 92, 179, 8, 239, 243, 255, 167, 131,
       243, 255, 110, 195, 62, 55, 114, 78, 244, 155, 246, 121, 61, 140,
       251, 111, 106, 249, 175, 148, 254, 253, 199, 98, 220, 179, 8, 206,
       186, 253, 37, 139, 71, 175, 110, 135, 236, 176, 189, 250, 141, 77,
       85, 141, 219, 127, 165, 24, 222, 125, 72, 59, 137, 147, 249, 16,
       58, 110, 251, 145, 203, 219, 85, 127, 210, 8, 198, 114, 198, 239,
       195, 147, 210, 168, 174, 231, 62, 19, 202, 211, 237, 102, 152, 93,
       119, 255, 107, 156, 242, 220, 207, 243, 188, 38, 223, 192, 165,
       240, 167, 140, 48, 141, 29, 253, 57, 237, 215, 238, 28, 7, 232, 0,
       191, 55, 33, 80, 201, 123, 3, 64, 42, 136, 115, 63, 229, 247, 82,
       10, 80, 73, 101, 234, 167, 93, 99, 95, 212, 215, 239, 244, 85,
       194, 123, 70, 120, 240, 181, 228, 120, 106, 18, 238, 225, 180, 60,
       255, 37, 62, 135, 0, 95, 251, 240, 252, 34, 189, 56, 218, 221,
       237, 180, 239, 222, 21, 120, 27, 172, 248, 118, 0, 201, 59, 131,
       17, 54, 43, 82, 247, 127, 23, 30, 123, 209, 76, 221, 138, 0, 164,
       17, 185, 249, 233, 177, 79, 158, 53, 41, 24, 140, 151, 104, 8,
       139, 27, 202, 17, 50, 47, 74, 215, 77, 148, 27, 127, 208, 8, 133,
       162, 98, 236, 148, 184, 57, 141, 80, 239, 191, 187, 160, 25, 174,
       242, 68, 150, 129, 249, 238, 17, 94, 79, 218, 243, 153, 214, 93,
       123, 208, 12, 139, 15, 181, 141, 198, 191, 148, 43, 231, 239, 118,
       99, 250, 82, 83, 96, 56, 104, 121, 206, 42, 27, 249, 252, 77, 46,
       124, 46, 247, 68, 253, 248, 240, 136, 236, 177, 189, 96, 237, 93,
       81, 152, 203, 249, 165, 24, 222, 221, 72, 59, 137, 212, 253, 114,
       27, 103, 251, 144, 223, 217, 69, 127, 218, 41, 198, 50, 244, 249,
       156, 118, 137, 77, 86, 136, 170, 182, 164, 9, 246, 251, 67, 27,
       129, 244, 233, 66, 72, 99, 219, 48, 219, 211, 69, 63, 192, 121,
       78, 2, 177, 64, 79, 109, 4, 11, 231, 56, 116, 162, 242, 74, 115,
       104, 144, 97, 120, 228, 110, 234, 233, 180, 69, 15, 244, 171, 225,
       0, 109, 186, 88, 8, 217, 76, 238, 173, 4, 123, 106, 56, 116, 230,
       246, 135, 243, 108, 19, 107, 122, 228, 238, 239, 237, 180, 125,
       43, 214, 231, 99, 5, 117, 251, 124, 88, 132, 164, 17, 211, 217,
       237, 176, 75, 158, 51, 161, 24, 142, 215, 72, 8, 137, 27, 202, 16,
       50, 111, 90, 215, 157, 150, 27, 127, 208, 73, 133, 162, 18, 207,
       47, 187, 150, 131, 239, 247, 20, 5, 90, 151, 253, 111, 56, 65,
       127, 187, 31, 141, 114, 152, 9, 255, 237, 167, 190, 192, 53, 128,
       181, 232, 35, 173, 106, 90, 93, 245, 222, 239, 223, 22, 252, 11,
       40, 248, 54, 32, 201, 234, 147, 131, 230, 43, 62, 255, 63, 31,
       151, 107, 85, 78, 124, 206, 212, 232, 156, 50, 168, 77, 21, 140,
       186, 191, 164, 25, 214, 247, 75, 27, 129, 87, 109, 82, 106, 69,
       219, 32, 219, 211, 85, 127, 128, 113, 143, 10, 162, 205, 43, 186,
       221, 228, 191, 231, 158, 95, 216, 19, 172, 255, 52, 64, 201, 123,
       147, 133, 114, 15, 82, 247, 125, 22, 158, 235, 149, 92, 181, 234,
       53, 140, 135, 31, 212, 11, 231, 239, 118, 179, 234, 82, 115, 224,
       184, 97, 121, 206, 42, 24, 123, 250, 79, 63, 60, 38, 117, 68, 249,
       248, 240, 168, 45, 217, 149, 30, 205, 159, 198, 188, 199, 216, 40,
       76, 98, 248, 61, 134, 153, 98, 98, 110, 221, 106, 90, 61, 47, 94,
       69, 58, 219, 127, 218, 142, 49, 168, 135, 29, 222, 11, 99, 238,
       118, 177, 226, 66, 115, 161, 160, 96, 121, 206, 42, 88, 59, 250,
       79, 63, 60, 38, 119, 68, 241, 168, 240, 168, 109, 107, 237, 103,
       172, 15, 79, 184, 104, 224, 63, 204, 211, 33, 145, 179, 30, 68,
       124, 110, 201, 240, 253, 44, 236, 223, 229, 180, 110, 251, 82, 49,
       17, 200, 203, 117, 22, 139, 99, 182, 118, 161, 98, 194, 243, 33,
       128, 96, 121, 238, 34, 200, 41, 252, 101, 63, 108, 174, 181, 64,
       225, 169, 112, 168 ]
keypoints: !!opencv-matrix
   rows: 32
   cols: 2
   dt: d
   data: [ 355., 130., 99., 146., 41., 158., 35., 187.,
       7.0800003051757812e+01, 2.3520001220703125e+02,
       1.4520001220703125e+02, 1.1520000457763672e+02,
       1.2000000762939453e+02, 1.2120000457763672e+02,
       3.0360000610351562e+02, 1.8360000610351562e+02,
       1.2240000152587891e+02, 1.3440000915527344e+02,
       1.2240000152587891e+02, 1.3104000854492188e+02,
       6.7680000305175781e+01, 1.5984001159667969e+02,
       1.4112001037597656e+02, 1.7136000061035156e+02, 72.,
       2.3184001159667969e+02, 1.1376000213623047e+02,
       1.1520000457763672e+02, 1.2960000610351562e+02,
       2.2636802673339844e+02, 1.3824002075195312e+02,
       2.2809602355957031e+02, 3.0412802124023438e+02,
       1.8662402343750000e+02, 1.4515200805664062e+02,
       1.7971202087402344e+02, 6.7392005920410156e+01,
       1.6070401000976562e+02, 8.6400009155273438e+01,
       2.3155201721191406e+02, 3.0689285278320312e+02,
       2.3224322509765625e+02, 2.0321282958984375e+02,
       2.2809603881835938e+02, 1.3893121337890625e+02,
       2.2809603881835938e+02, 3.1311364746093750e+02,
       1.0368001556396484e+02, 1.2234241485595703e+02,
       2.1980163574218750e+02, 9.3312011718750000e+01,
       2.3431683349609375e+02, 1.3063682556152344e+02,
       2.1772802734375000e+02, 1.4681091308593750e+02,
       1.8164739990234375e+02, 1.4631326293945312e+02,
       1.1645340728759766e+02, 1.4631326293945312e+02,
       1.8214508056640625e+02, 2.7948818969726562e+02,
       1.1824500274658203e+02, 1.4691046142578125e+02,
       1.8632545471191406e+02 ]
