%YAML:1.0
---
descriptors: !!opencv-matrix
   rows: 28
   cols: 32
   dt: u
   data: [ 142, 142, 102, 216, 203, 240, 184, 235, 191, 23, 221, 179,
       108, 238, 230, 204, 103, 187, 171, 145, 54, 79, 174, 215, 26, 118,
       219, 207, 151, 68, 173, 215, 0, 141, 25, 253, 189, 193, 85, 167,
       94, 89, 88, 48, 180, 243, 32, 96, 201, 42, 18, 0, 123, 186, 98,
       183, 237, 159, 154, 107, 16, 72, 212, 170, 198, 206, 230, 154,
       235, 242, 188, 207, 191, 31, 211, 179, 72, 238, 166, 207, 239,
       127, 171, 145, 54, 207, 143, 247, 62, 114, 223, 207, 151, 85, 173,
       207, 174, 142, 102, 153, 221, 183, 174, 255, 159, 159, 90, 215,
       72, 234, 182, 205, 221, 111, 179, 151, 180, 222, 79, 255, 46, 50,
       223, 195, 159, 221, 184, 212, 112, 173, 156, 62, 141, 253, 212,
       239, 239, 187, 184, 9, 34, 248, 86, 27, 137, 227, 236, 17, 30,
       107, 202, 49, 187, 219, 85, 123, 209, 88, 202, 14, 128, 147, 25,
       249, 191, 237, 49, 239, 94, 29, 80, 48, 166, 149, 40, 96, 213, 27,
       130, 16, 50, 56, 99, 183, 205, 150, 18, 123, 16, 8, 133, 171, 46,
       108, 98, 82, 69, 241, 242, 192, 83, 3, 125, 10, 104, 217, 125,
       188, 121, 234, 147, 218, 10, 54, 138, 243, 31, 92, 129, 43, 247,
       223, 126, 134, 89, 49, 157, 39, 162, 126, 56, 29, 34, 249, 47,
       237, 223, 55, 203, 218, 38, 71, 252, 28, 1, 208, 217, 0, 204, 231,
       61, 180, 170, 246, 11, 121, 95, 22, 238, 80, 211, 254, 185, 82,
       249, 103, 255, 191, 74, 44, 190, 93, 183, 149, 253, 181, 180, 241,
       53, 204, 83, 127, 16, 199, 239, 197, 111, 87, 212, 159, 46, 170,
       158, 143, 87, 252, 148, 108, 222, 39, 119, 105, 58, 65, 120, 230,
       111, 103, 120, 169, 121, 61, 249, 35, 39, 85, 117, 31, 180, 114,
       60, 44, 250, 108, 85, 247, 122, 80, 101, 134, 125, 11, 91, 205,
       51, 16, 120, 188, 151, 234, 12, 179, 16, 138, 115, 237, 161, 9,
       231, 255, 126, 194, 220, 72, 190, 254, 13, 246, 87, 64, 180, 142,
       199, 17, 254, 243, 35, 219, 200, 112, 235, 194, 40, 199, 18, 42,
       211, 243, 218, 27, 18, 113, 44, 66, 45, 124, 249, 97, 252, 127,
       91, 152, 71, 249, 191, 76, 219, 29, 89, 56, 221, 212, 127, 122,
       139, 52, 121, 178, 79, 221, 37, 244, 251, 251, 82, 179, 177, 4, 7,
       29, 156, 43, 231, 79, 116, 35, 235, 82, 83, 160, 48, 105, 121,
       142, 106, 41, 57, 181, 69, 30, 52, 38, 18, 64, 249, 201, 240, 160,
       10, 174, 162, 154, 243, 241, 186, 198, 31, 13, 92, 163, 172, 238,
       102, 212, 255, 187, 131, 145, 22, 154, 130, 255, 63, 85, 158, 235,
       151, 68, 175, 223, 122, 94, 212, 206, 47, 91, 86, 188, 129, 54,
       180, 170, 111, 125, 139, 191, 207, 212, 252, 99, 236, 103, 111,
       185, 178, 243, 85, 191, 118, 255, 28, 15, 82, 139, 198, 151, 210,
       10, 236, 231, 60, 51, 194, 210, 200, 34, 16, 221, 123, 207, 110,
       149, 124, 218, 197, 226, 188, 38, 222, 64, 169, 80, 171, 140, 45,
       124, 249, 97, 52, 63, 207, 156, 86, 234, 190, 76, 147, 25, 209,
       40, 93, 204, 95, 126, 169, 116, 249, 58, 111, 205, 165, 180, 239,
       251, 80, 49, 124, 229, 144, 160, 153, 111, 86, 207, 19, 181, 169,
       25, 79, 250, 72, 154, 153, 215, 236, 49, 30, 67, 217, 146, 185,
       215, 5, 127, 242, 110, 142, 6, 181, 77, 67, 14, 220, 79, 198, 236,
       81, 226, 233, 10, 83, 120, 61, 53, 89, 204, 0, 107, 109, 167, 92,
       46, 177, 174, 5, 28, 121, 123, 242, 132, 49, 30, 110, 204, 118,
       182, 107, 114, 212, 73, 254, 230, 113, 234, 183, 96, 126, 174, 62,
       172, 173, 187, 37, 255, 82, 175, 162, 192, 61, 139, 120, 9, 47,
       210, 240, 206, 231, 61, 190, 223, 91, 107, 125, 255, 12, 188, 254,
       188, 255, 219, 183, 135, 199, 54, 238, 243, 54, 95, 254, 174, 95,
       254, 219, 213, 8, 157, 63, 253, 29, 231, 177, 246, 188, 73, 74, 2,
       252, 255, 32, 97, 228, 51, 59, 1, 51, 185, 51, 253, 233, 243, 26,
       66, 144, 72, 37, 59, 171, 191, 99, 81, 246, 211, 254, 245, 93,
       196, 116, 230, 40, 156, 182, 165, 126, 170, 151, 253, 247, 190,
       36, 255, 46, 88, 166, 195, 103, 132, 254, 221, 42, 191, 108, 29,
       234, 177, 185, 254, 187, 93, 92, 239, 172, 172, 214, 157, 175, 91,
       247, 133, 151, 122, 230, 245, 94, 83, 250, 235, 223, 196, 191,
       223, 53, 141, 199, 93, 146, 171, 103, 246, 116, 35, 106, 82, 83,
       33, 129, 96, 121, 238, 34, 218, 57, 184, 69, 62, 44, 166, 52, 68,
       225, 249, 240, 168, 21, 87, 107, 233, 182, 162, 239, 247, 116, 73,
       218, 230, 113, 235, 177, 96, 126, 174, 31, 189, 185, 185, 37, 158,
       248, 175, 166, 192, 189, 218, 240, 249, 107, 177, 173, 89, 217,
       221, 89, 159, 95, 125, 84, 28, 152, 60, 222, 189, 205, 158, 254,
       156, 155, 122, 243, 213, 47, 91, 148, 238, 218, 196, 220, 124 ]
keypoints: !!opencv-matrix
   rows: 28
   cols: 2
   dt: d
   data: [ 229., 119., 276., 231., 2.2800001525878906e+02,
       1.1880000305175781e+02, 2.3040000915527344e+02,
       1.1760000610351562e+02, 2.3040000915527344e+02,
       1.6680000305175781e+02, 2.7504000854492188e+02,
       2.3040000915527344e+02, 2.6064001464843750e+02,
       2.2608000183105469e+02, 1.5696000671386719e+02,
       1.8720001220703125e+02, 1.8288000488281250e+02,
       1.6560000610351562e+02, 3.3696002197265625e+02,
       2.3328001403808594e+02, 1.8489601135253906e+02,
       2.3673602294921875e+02, 2.2118402099609375e+02,
       2.3500802612304688e+02, 1.9353601074218750e+02,
       1.5724801635742188e+02, 2.7578884887695312e+02,
       1.8662402343750000e+02, 2.2602243041992188e+02,
       1.2026881408691406e+02, 1.7003521728515625e+02,
       1.7832962036132812e+02, 2.6956802368164062e+02,
       1.7625602722167969e+02, 1.9284483337402344e+02,
       1.5759362792968750e+02, 2.4053762817382812e+02,
       2.3431683349609375e+02, 2.6873861694335938e+02,
       1.2192771148681641e+02, 1.3685763549804688e+02,
       1.5676419067382812e+02, 1.6422915649414062e+02,
       1.6422915649414062e+02, 2.1200491333007812e+02,
       1.2541136169433594e+02, 2.3290681457519531e+02,
       1.5228521728515625e+02, 1.5228521728515625e+02,
       1.8214508056640625e+02, 2.7769659423828125e+02,
       1.8811703491210938e+02, 1.3974409484863281e+02,
       1.5766000366210938e+02, 1.7557591247558594e+02,
       1.8274227905273438e+02 ]
