%YAML:1.0
---
descriptors: !!opencv-matrix
   rows: 22
   cols: 32
   dt: u
   data: [ 254, 184, 148, 178, 169, 237, 88, 207, 171, 187, 160, 25, 143,
       247, 73, 158, 197, 211, 236, 16, 30, 79, 202, 176, 155, 210, 95,
       127, 210, 84, 143, 7, 1, 188, 17, 73, 244, 253, 97, 26, 123, 73,
       124, 92, 182, 49, 212, 180, 149, 26, 22, 24, 147, 56, 242, 87, 15,
       60, 48, 110, 202, 192, 195, 181, 181, 76, 111, 79, 6, 27, 230,
       248, 84, 226, 243, 194, 115, 72, 157, 225, 120, 228, 110, 239,
       237, 180, 109, 47, 54, 170, 229, 4, 125, 187, 120, 36, 144, 139,
       61, 189, 50, 203, 17, 39, 62, 45, 82, 177, 183, 23, 160, 65, 38,
       51, 109, 0, 114, 156, 97, 29, 201, 231, 58, 145, 52, 128, 133,
       107, 114, 253, 148, 186, 169, 237, 86, 206, 139, 57, 185, 9, 174,
       219, 100, 154, 201, 243, 238, 82, 94, 107, 218, 241, 187, 208, 21,
       127, 210, 91, 142, 14, 233, 110, 220, 101, 52, 47, 79, 182, 113,
       170, 254, 108, 179, 33, 145, 48, 6, 228, 108, 110, 233, 252, 193,
       46, 230, 239, 101, 144, 104, 241, 74, 41, 77, 94, 140, 189, 173,
       54, 77, 190, 4, 94, 158, 84, 211, 35, 27, 207, 197, 70, 236, 46,
       249, 196, 121, 40, 229, 243, 247, 148, 154, 249, 248, 113, 81,
       195, 138, 161, 150, 6, 61, 151, 106, 189, 74, 215, 149, 42, 82,
       74, 231, 199, 45, 213, 150, 216, 133, 96, 252, 39, 254, 196, 172,
       80, 169, 75, 120, 236, 144, 178, 169, 237, 84, 207, 175, 187, 168,
       25, 174, 246, 64, 158, 129, 211, 236, 16, 30, 79, 218, 179, 187,
       215, 21, 127, 208, 85, 143, 15, 219, 71, 107, 229, 50, 18, 111,
       49, 41, 132, 126, 199, 89, 7, 145, 81, 118, 165, 61, 238, 192,
       144, 165, 204, 246, 233, 170, 128, 39, 162, 99, 113, 3, 143, 106,
       203, 182, 147, 170, 231, 78, 65, 89, 230, 177, 72, 182, 160, 254,
       43, 150, 245, 215, 184, 109, 255, 46, 77, 174, 193, 93, 10, 249,
       156, 11, 131, 123, 197, 114, 18, 111, 53, 45, 4, 126, 230, 217,
       39, 148, 116, 54, 133, 23, 238, 193, 152, 37, 204, 102, 237, 170,
       128, 39, 162, 161, 249, 47, 55, 234, 91, 246, 179, 191, 215, 95,
       105, 124, 247, 57, 188, 190, 44, 190, 91, 151, 221, 183, 186, 36,
       242, 110, 93, 62, 234, 255, 221, 243, 253, 122, 188, 146, 254, 11,
       221, 82, 226, 179, 151, 168, 9, 111, 255, 104, 144, 171, 251, 253,
       16, 14, 111, 154, 183, 219, 215, 85, 59, 243, 70, 46, 90, 169,
       208, 191, 100, 116, 207, 97, 182, 116, 233, 50, 92, 87, 49, 32,
       48, 152, 116, 20, 120, 105, 252, 48, 14, 237, 207, 53, 68, 104, 8,
       66, 251, 49, 76, 203, 109, 4, 10, 102, 52, 116, 130, 250, 194,
       115, 33, 145, 112, 120, 236, 110, 106, 73, 176, 229, 14, 244, 175,
       224, 0, 101, 186, 80, 40, 205, 80, 153, 179, 36, 252, 105, 152,
       127, 75, 87, 84, 255, 85, 219, 236, 151, 64, 124, 28, 163, 100,
       251, 35, 196, 255, 50, 200, 202, 149, 1, 113, 122, 173, 144, 178,
       185, 173, 82, 230, 171, 185, 168, 9, 174, 178, 64, 150, 129, 251,
       204, 17, 30, 75, 218, 181, 185, 212, 29, 123, 192, 86, 143, 14,
       209, 206, 95, 255, 46, 10, 111, 183, 252, 18, 210, 246, 253, 107,
       184, 99, 103, 231, 127, 174, 225, 197, 45, 239, 244, 235, 254,
       144, 60, 240, 225, 57, 205, 158, 93, 83, 178, 186, 62, 183, 253,
       146, 6, 214, 237, 99, 133, 239, 39, 119, 234, 26, 245, 236, 63,
       238, 174, 191, 87, 67, 174, 241, 137, 13, 7, 55, 190, 179, 182,
       173, 187, 83, 222, 233, 91, 255, 253, 252, 250, 40, 191, 107, 95,
       21, 151, 248, 47, 228, 108, 95, 62, 226, 204, 206, 145, 213, 26,
       220, 138, 189, 17, 196, 157, 238, 54, 67, 100, 1, 189, 255, 35,
       105, 221, 123, 147, 128, 111, 218, 50, 251, 227, 247, 222, 9, 155,
       84, 45, 218 ]
keypoints: !!opencv-matrix
   rows: 22
   cols: 2
   dt: d
   data: [ 101., 176., 208., 144., 96., 2.2800001525878906e+02,
       2.0880000305175781e+02, 1.2840000915527344e+02,
       1.0320000457763672e+02, 1.7880000305175781e+02,
       1.1040000152587891e+02, 1.1400000762939453e+02,
       2.1240000915527344e+02, 1.0080000305175781e+02,
       1.3560000610351562e+02, 1.3920001220703125e+02,
       1.0080000305175781e+02, 1.7712001037597656e+02,
       1.0512000274658203e+02, 2.3184001159667969e+02,
       1.2614401245117188e+02, 8.9856010437011719e+01,
       1.0886401367187500e+02, 2.3328002929687500e+02,
       1.6761601257324219e+02, 9.6768005371093750e+01,
       1.0540801239013672e+02, 1.7107202148437500e+02,
       1.4688002014160156e+02, 1.1577600860595703e+02,
       9.5385612487792969e+01, 2.2602243041992188e+02,
       2.1980163574218750e+02, 9.9532814025878906e+01,
       9.7044502258300781e+01, 1.7915908813476562e+02,
       1.5676419067382812e+02, 8.9579544067382812e+01,
       1.7169412231445312e+02, 1.4432260131835938e+02,
       1.3257772827148438e+02, 1.1107863616943359e+02,
       2.0424136352539062e+02, 1.3616090393066406e+02 ]
