%YAML:1.0
---
descriptors: !!opencv-matrix
   rows: 64
   cols: 32
   dt: u
   data: [ 252, 184, 148, 178, 169, 237, 84, 207, 187, 187, 160, 25, 143,
       255, 73, 155, 129, 211, 237, 16, 62, 79, 218, 178, 155, 211, 95,
       127, 208, 84, 143, 2, 68, 184, 155, 240, 202, 205, 177, 67, 174,
       249, 160, 8, 150, 159, 96, 56, 163, 57, 123, 17, 19, 107, 146, 80,
       221, 150, 31, 126, 200, 8, 7, 179, 252, 252, 254, 122, 137, 253,
       87, 206, 243, 23, 172, 25, 47, 253, 67, 27, 129, 243, 237, 18, 62,
       111, 186, 179, 251, 223, 85, 123, 226, 85, 206, 74, 45, 46, 252,
       119, 228, 47, 87, 82, 80, 170, 117, 92, 123, 49, 145, 57, 29, 238,
       20, 46, 169, 244, 121, 10, 71, 207, 117, 32, 235, 249, 82, 161,
       72, 134, 31, 116, 32, 236, 113, 55, 173, 31, 174, 57, 191, 167, 0,
       83, 135, 183, 237, 0, 24, 137, 194, 5, 207, 241, 112, 209, 128,
       192, 134, 107, 200, 120, 191, 118, 41, 205, 117, 87, 251, 191, 38,
       24, 190, 219, 65, 27, 161, 51, 236, 16, 98, 109, 178, 98, 195,
       219, 84, 59, 194, 80, 199, 171, 173, 173, 188, 123, 221, 253, 84,
       191, 247, 127, 188, 24, 251, 249, 94, 185, 201, 202, 110, 28, 254,
       110, 251, 183, 239, 223, 213, 125, 210, 76, 202, 202, 124, 65, 86,
       100, 53, 26, 78, 248, 101, 160, 254, 2, 75, 65, 185, 244, 122,
       212, 204, 234, 72, 179, 77, 140, 242, 233, 129, 21, 103, 191, 120,
       32, 2, 157, 43, 187, 215, 227, 185, 103, 30, 69, 88, 179, 188,
       255, 32, 64, 251, 59, 147, 129, 50, 152, 18, 255, 237, 54, 154,
       203, 148, 72, 181, 250, 125, 65, 83, 76, 109, 82, 70, 104, 225,
       224, 237, 8, 75, 240, 189, 244, 88, 228, 236, 106, 77, 163, 252,
       142, 51, 253, 129, 31, 75, 175, 122, 36, 93, 83, 238, 5, 2, 62,
       111, 184, 101, 230, 78, 135, 75, 103, 155, 255, 118, 196, 168,
       238, 141, 208, 181, 168, 70, 235, 195, 5, 47, 247, 124, 84, 81,
       227, 138, 161, 146, 6, 61, 151, 106, 189, 74, 215, 149, 42, 82,
       66, 231, 199, 45, 213, 214, 216, 133, 96, 252, 39, 254, 196, 172,
       80, 169, 75, 232, 253, 172, 255, 189, 253, 86, 191, 23, 63, 188,
       25, 235, 253, 90, 144, 217, 218, 253, 17, 126, 110, 219, 183, 235,
       223, 245, 127, 210, 92, 222, 91, 43, 55, 249, 76, 123, 119, 153,
       91, 75, 233, 124, 111, 24, 189, 214, 52, 158, 187, 215, 21, 151,
       59, 240, 223, 91, 93, 33, 254, 215, 206, 86, 255, 95, 153, 133,
       183, 141, 6, 12, 163, 142, 242, 138, 69, 245, 119, 81, 74, 193,
       119, 121, 159, 73, 201, 219, 40, 201, 167, 207, 20, 136, 114, 17,
       58, 181, 62, 27, 182, 228, 47, 71, 114, 57, 238, 57, 125, 198, 40,
       161, 25, 189, 239, 70, 38, 185, 247, 8, 110, 144, 150, 101, 178,
       200, 121, 67, 21, 105, 238, 92, 101, 52, 46, 111, 54, 121, 170,
       126, 108, 179, 35, 144, 113, 6, 228, 108, 14, 233, 252, 225, 46,
       230, 255, 116, 128, 104, 240, 66, 41, 238, 253, 180, 190, 189,
       245, 86, 238, 159, 191, 188, 25, 238, 254, 79, 151, 217, 243, 253,
       195, 110, 75, 219, 191, 187, 215, 221, 63, 146, 126, 158, 94, 157,
       79, 110, 239, 54, 2, 239, 180, 117, 138, 254, 226, 121, 107, 149,
       97, 118, 228, 21, 238, 224, 144, 45, 238, 118, 239, 239, 128, 39,
       179, 240, 33, 177, 77, 79, 109, 6, 26, 198, 120, 84, 226, 250, 66,
       115, 104, 145, 225, 120, 228, 110, 235, 237, 178, 101, 15, 180,
       171, 229, 4, 109, 250, 120, 44, 218, 157, 54, 253, 173, 86, 92,
       179, 181, 94, 214, 55, 239, 127, 34, 195, 229, 247, 253, 227, 252,
       221, 249, 237, 243, 243, 235, 147, 38, 124, 189, 83, 200, 124,
       254, 246, 42, 124, 121, 150, 187, 255, 182, 185, 255, 247, 67, 91,
       167, 247, 253, 144, 32, 69, 179, 98, 223, 251, 119, 185, 162, 241,
       15, 123, 254, 253, 180, 190, 189, 247, 86, 238, 147, 174, 184, 25,
       234, 255, 111, 150, 217, 243, 253, 227, 126, 111, 218, 191, 187,
       255, 197, 59, 82, 127, 238, 94, 185, 143, 79, 238, 150, 2, 79,
       247, 117, 1, 250, 230, 115, 171, 176, 64, 122, 198, 31, 234, 248,
       187, 5, 191, 242, 239, 166, 192, 55, 154, 240, 40, 11, 13, 106,
       165, 182, 2, 111, 53, 45, 64, 95, 199, 221, 11, 178, 96, 118, 173,
       31, 239, 209, 152, 21, 204, 230, 109, 170, 128, 46, 134, 177, 89,
       43, 55, 123, 72, 246, 183, 187, 87, 91, 105, 125, 253, 24, 189,
       182, 36, 158, 59, 151, 21, 151, 186, 36, 222, 110, 93, 56, 226,
       223, 207, 214, 255, 47, 191, 235, 75, 243, 253, 179, 215, 115, 77,
       125, 191, 40, 252, 254, 180, 253, 250, 151, 214, 151, 186, 124,
       226, 127, 93, 36, 227, 235, 223, 254, 247, 83, 31, 158, 188, 162,
       236, 52, 39, 172, 202, 202, 229, 238, 190, 34, 194, 230, 119, 236,
       5, 213, 137, 147, 105, 144, 247, 122, 131, 8, 100, 169, 95, 89,
       249, 135, 164, 61, 196, 67, 32, 163, 232, 143, 8, 255, 243, 64,
       230, 128, 100, 253, 75, 73, 201, 219, 168, 217, 245, 143, 17, 10,
       39, 25, 58, 216, 188, 151, 250, 139, 224, 21, 199, 187, 83, 236,
       48, 60, 247, 96, 123, 163, 243, 249, 144, 51, 79, 186, 227, 219,
       243, 94, 75, 162, 80, 167, 59, 197, 228, 149, 127, 232, 45, 77,
       191, 114, 187, 40, 88, 215, 115, 201, 191, 21, 86, 108, 58, 51,
       68, 203, 51, 173, 154, 117, 124, 210, 240, 131, 40, 200, 184, 158,
       190, 169, 236, 117, 135, 187, 95, 166, 21, 190, 247, 74, 91, 165,
       119, 109, 4, 114, 77, 146, 99, 211, 243, 122, 219, 8, 64, 135, 91,
       227, 227, 97, 131, 116, 159, 237, 53, 104, 232, 83, 254, 145, 204,
       220, 164, 22, 172, 22, 191, 209, 150, 228, 206, 44, 24, 175, 228,
       12, 142, 211, 245, 64, 60, 158, 114, 139, 237, 49, 71, 175, 159,
       173, 29, 174, 255, 67, 27, 161, 51, 235, 16, 50, 105, 154, 96,
       219, 215, 86, 123, 200, 65, 175, 27, 37, 81, 255, 101, 228, 143,
       117, 21, 118, 233, 119, 76, 83, 249, 88, 56, 156, 60, 54, 56, 145,
       240, 49, 0, 111, 207, 101, 64, 232, 170, 210, 163, 124, 189, 144,
       242, 153, 237, 86, 231, 187, 185, 169, 9, 174, 251, 64, 145, 137,
       251, 205, 16, 30, 107, 218, 189, 187, 221, 21, 123, 210, 79, 206,
       10, 154, 143, 15, 175, 146, 226, 111, 119, 20, 5, 218, 243, 101,
       103, 160, 64, 118, 178, 159, 172, 122, 153, 33, 255, 249, 231,
       170, 193, 52, 138, 180, 121, 19, 143, 106, 171, 182, 147, 186,
       231, 78, 65, 89, 231, 177, 72, 182, 160, 254, 43, 22, 245, 215,
       184, 77, 253, 46, 77, 174, 193, 125, 10, 249, 157, 185, 143, 79,
       238, 150, 2, 79, 241, 117, 2, 251, 246, 115, 43, 176, 65, 122,
       198, 63, 238, 249, 191, 13, 191, 242, 235, 162, 192, 61, 170, 240,
       40, 93, 95, 86, 229, 118, 6, 239, 176, 125, 138, 126, 230, 249,
       107, 145, 196, 126, 229, 55, 238, 225, 180, 69, 206, 100, 239,
       239, 128, 47, 242, 113, 57, 49, 77, 205, 101, 6, 10, 102, 116,
       116, 162, 250, 74, 115, 32, 145, 96, 120, 236, 110, 234, 237, 178,
       101, 10, 244, 175, 229, 16, 101, 250, 88, 40, 232, 180, 252, 251,
       189, 255, 84, 191, 63, 191, 61, 57, 223, 125, 74, 155, 151, 95,
       253, 16, 62, 124, 219, 151, 239, 223, 117, 119, 210, 204, 206, 83,
       89, 249, 0, 163, 53, 136, 107, 184, 103, 72, 142, 101, 255, 83,
       218, 228, 114, 238, 92, 223, 207, 152, 205, 253, 236, 116, 175,
       192, 46, 135, 57, 29, 169, 240, 251, 117, 116, 206, 97, 21, 118,
       201, 114, 84, 87, 217, 104, 48, 188, 60, 54, 88, 241, 252, 48, 12,
       109, 137, 36, 68, 104, 136, 192, 187, 218, 156, 182, 191, 173, 86,
       124, 167, 189, 126, 214, 55, 239, 126, 34, 203, 229, 247, 253,
       163, 124, 221, 243, 175, 147, 243, 223, 147, 34, 124, 189, 87, 92,
       126, 190, 254, 42, 252, 25, 214, 187, 159, 180, 61, 191, 255, 195,
       91, 167, 247, 253, 16, 170, 71, 186, 224, 211, 251, 118, 187, 130,
       241, 47, 123, 47, 183, 99, 73, 213, 191, 170, 67, 93, 65, 121,
       214, 8, 248, 188, 172, 125, 10, 146, 189, 151, 178, 116, 194, 14,
       92, 130, 70, 223, 205, 250, 180, 26, 188, 253, 87, 139, 121, 53,
       231, 111, 246, 174, 163, 46, 62, 103, 127, 167, 211, 255, 2, 214,
