%YAML:1.0
---
descriptors: !!opencv-matrix
   rows: 36
   cols: 32
   dt: u
   data: [ 252, 110, 252, 101, 52, 11, 79, 190, 113, 170, 190, 108, 243,
       97, 145, 51, 26, 196, 108, 110, 232, 244, 201, 46, 230, 239, 101,
       148, 104, 248, 66, 41, 68, 184, 155, 240, 248, 205, 177, 195, 174,
       249, 32, 8, 148, 151, 96, 40, 161, 57, 123, 17, 19, 105, 146, 80,
       221, 134, 63, 126, 200, 8, 135, 179, 118, 168, 148, 178, 169, 237,
       92, 207, 171, 187, 160, 25, 142, 247, 73, 158, 197, 211, 237, 16,
       30, 75, 202, 176, 153, 210, 95, 127, 210, 85, 143, 6, 252, 252,
       250, 122, 137, 253, 86, 222, 243, 119, 172, 25, 43, 249, 71, 27,
       129, 243, 237, 82, 126, 111, 218, 179, 251, 223, 85, 123, 226, 85,
       206, 90, 124, 65, 118, 108, 21, 18, 70, 248, 101, 128, 238, 2, 75,
       65, 189, 212, 120, 196, 204, 234, 72, 163, 77, 140, 242, 237, 133,
       21, 99, 191, 120, 32, 114, 64, 82, 234, 77, 45, 248, 73, 45, 0,
       185, 11, 14, 27, 108, 16, 234, 145, 79, 177, 10, 39, 80, 208, 149,
       144, 138, 127, 81, 11, 103, 130, 92, 71, 123, 229, 50, 82, 107,
       56, 33, 196, 127, 226, 89, 71, 145, 112, 118, 245, 189, 234, 201,
       144, 165, 206, 246, 237, 171, 129, 39, 163, 39, 113, 57, 135, 79,
       236, 148, 2, 79, 127, 85, 1, 250, 194, 83, 169, 176, 64, 120, 174,
       14, 236, 249, 187, 5, 157, 178, 237, 166, 192, 119, 138, 240, 40,
       181, 76, 109, 111, 6, 26, 230, 184, 84, 226, 243, 194, 115, 72,
       153, 225, 120, 228, 110, 239, 237, 182, 109, 47, 180, 171, 229,
       20, 125, 187, 120, 36, 125, 65, 66, 76, 109, 82, 70, 104, 225,
       192, 237, 8, 75, 240, 189, 244, 88, 228, 244, 106, 77, 163, 244,
       142, 50, 253, 129, 31, 123, 175, 122, 4, 43, 183, 250, 72, 123,
       183, 153, 91, 91, 233, 124, 237, 56, 253, 246, 52, 159, 59, 151,
       53, 151, 59, 166, 223, 91, 93, 33, 254, 223, 206, 86, 255, 77,
       153, 141, 181, 141, 6, 79, 190, 142, 176, 138, 69, 245, 99, 81,
       74, 193, 119, 121, 221, 72, 201, 219, 40, 233, 191, 223, 20, 136,
       114, 17, 42, 93, 13, 239, 101, 5, 118, 110, 186, 229, 196, 206,
       135, 83, 39, 51, 118, 112, 228, 121, 238, 140, 145, 181, 8, 243,
       233, 195, 5, 39, 247, 116, 84, 188, 113, 248, 101, 180, 95, 95,
       157, 87, 172, 190, 10, 83, 61, 211, 44, 92, 220, 181, 122, 200,
       242, 125, 138, 235, 205, 165, 181, 231, 250, 92, 233, 35, 175, 97,
       201, 247, 155, 174, 255, 95, 65, 124, 230, 168, 200, 180, 164,
       126, 42, 146, 188, 211, 186, 108, 255, 46, 92, 134, 226, 95, 142,
       241, 173, 189, 125, 232, 101, 180, 95, 79, 27, 86, 238, 222, 26,
       211, 29, 211, 36, 94, 236, 61, 252, 233, 244, 245, 138, 239, 205,
       165, 176, 103, 248, 84, 105, 93, 249, 136, 179, 16, 140, 106, 180,
       118, 233, 74, 197, 253, 42, 82, 96, 115, 239, 60, 215, 207, 216,
       221, 33, 236, 229, 175, 192, 44, 23, 169, 26, 157, 181, 62, 0,
       131, 127, 53, 255, 237, 254, 62, 60, 222, 183, 106, 175, 55, 22,
       222, 56, 245, 117, 176, 130, 251, 217, 71, 111, 202, 124, 141,
       247, 9, 145, 159, 181, 164, 47, 229, 55, 172, 251, 27, 68, 223,
       33, 10, 139, 165, 70, 110, 45, 145, 248, 49, 4, 205, 223, 126, 16,
       200, 106, 137, 241, 89, 249, 150, 164, 29, 78, 67, 180, 174, 224,
       142, 4, 254, 179, 64, 198, 128, 100, 121, 88, 73, 73, 147, 168,
       233, 247, 143, 16, 138, 38, 25, 58, 83, 31, 158, 188, 162, 228,
       52, 39, 172, 74, 202, 229, 238, 190, 34, 210, 230, 119, 237, 5,
       85, 137, 147, 233, 144, 247, 122, 131, 8, 100, 169, 95, 95, 121,
       129, 164, 112, 92, 94, 152, 43, 232, 218, 237, 223, 246, 203, 240,
       150, 221, 253, 101, 205, 18, 245, 40, 186, 253, 45, 186, 46, 183,
       10, 85, 214, 239, 58, 200, 139, 241, 159, 205, 134, 20, 140, 170,
       12, 199, 105, 197, 125, 219, 203, 242, 106, 7, 174, 243, 179, 193,
       15, 63, 19, 123, 165, 102, 75, 67, 123, 69, 114, 26, 111, 53, 45,
       68, 126, 230, 217, 47, 148, 116, 54, 133, 23, 238, 193, 152, 37,
       204, 102, 237, 162, 128, 39, 162, 35, 121, 185, 143, 79, 238, 150,
       2, 111, 247, 85, 0, 250, 246, 115, 41, 176, 97, 122, 198, 30, 238,
       249, 187, 5, 191, 242, 239, 162, 196, 61, 138, 240, 40, 66, 192,
       26, 152, 255, 204, 188, 237, 189, 31, 145, 18, 204, 250, 40, 65,
       243, 17, 143, 33, 114, 13, 24, 213, 189, 182, 95, 79, 16, 8, 165,
       2, 122, 237, 144, 178, 185, 173, 86, 207, 187, 187, 168, 25, 174,
       186, 64, 150, 129, 211, 236, 16, 62, 75, 218, 179, 185, 212, 29,
       127, 210, 84, 142, 14, 47, 181, 99, 73, 213, 189, 234, 219, 125,
       73, 121, 86, 8, 232, 252, 172, 125, 138, 146, 188, 151, 178, 52,
       195, 15, 28, 130, 102, 223, 205, 250, 180, 153, 135, 104, 171,
       150, 163, 250, 255, 86, 65, 223, 183, 243, 104, 58, 64, 127, 139,
       22, 245, 190, 184, 77, 191, 236, 205, 174, 197, 253, 138, 249,
       154, 77, 94, 187, 60, 44, 127, 231, 150, 213, 238, 254, 109, 235,
       44, 179, 72, 15, 228, 110, 71, 133, 165, 101, 170, 70, 255, 116,
       144, 251, 253, 69, 125, 156, 135, 108, 171, 150, 131, 79, 253, 20,
       5, 223, 247, 115, 97, 184, 65, 127, 130, 31, 238, 250, 186, 77,
       191, 248, 199, 190, 196, 61, 138, 180, 104, 209, 206, 95, 255, 46,
       10, 111, 191, 252, 82, 210, 246, 253, 107, 176, 99, 103, 231, 127,
       174, 225, 205, 45, 239, 244, 235, 254, 144, 60, 240, 225, 40, 229,
       113, 237, 67, 100, 94, 111, 152, 121, 250, 119, 228, 211, 85, 221,
       123, 94, 204, 118, 110, 201, 240, 253, 0, 198, 249, 229, 132, 109,
       251, 82, 241, 37, 52, 237, 115, 188, 111, 105, 152, 108, 251, 55,
       84, 211, 125, 157, 59, 151, 0, 93, 60, 179, 244, 127, 30, 207,
       155, 113, 196, 204, 131, 83, 241, 7, 55, 190, 179, 182, 173, 187,
       83, 222, 233, 95, 255, 253, 252, 250, 40, 191, 107, 95, 21, 151,
       248, 47, 224, 108, 95, 62, 226, 204, 207, 209, 213, 10, 122, 119,
       180, 111, 193, 185, 80, 236, 196, 214, 162, 60, 159, 115, 166, 46,
       57, 251, 211, 129, 171, 182, 232, 85, 65, 171, 139, 7, 39, 39,
       251 ]
keypoints: !!opencv-matrix
   rows: 36
   cols: 2
   dt: d
   data: [ 103., 115., 202., 128., 93., 177., 99., 172., 183., 127.,
       2.3160000610351562e+02, 2.4000001525878906e+02,
       9.7200004577636719e+01, 2.3400001525878906e+02,
       1.4880000305175781e+02, 8.7600006103515625e+01,
       8.7600006103515625e+01, 2.2920001220703125e+02,
       1.2000000762939453e+02, 1.2840000915527344e+02,
       1.5960000610351562e+02, 9.4800003051757812e+01,
       2.0520001220703125e+02, 1.0560000610351562e+02,
       1.7424000549316406e+02, 1.2816000366210938e+02,
       2.0880000305175781e+02, 8.7840003967285156e+01,
       1.1952000427246094e+02, 8.9280006408691406e+01,
       2.0880000305175781e+02, 9.0720001220703125e+01,
       1.2816000366210938e+02, 1.3968000793457031e+02,
       1.7712001037597656e+02, 1.0080000305175781e+02,
       2.1024000549316406e+02, 1.0080000305175781e+02,
       2.0592001342773438e+02, 1.0512000274658203e+02,
       2.0160000610351562e+02, 1.2960000610351562e+02,
       1.2672000122070312e+02, 1.6127999877929688e+02,
       1.6127999877929688e+02, 1.4256001281738281e+02,
       1.0022400665283203e+02, 2.3500802612304688e+02,
       1.4860801696777344e+02, 8.8128005981445312e+01,
       1.9008001708984375e+02, 8.8128005981445312e+01,
       9.1584007263183594e+01, 1.7971202087402344e+02,
       1.2268801116943359e+02, 1.1404801177978516e+02,
       1.1819521331787109e+02, 8.9164810180664062e+01,
       1.9491842651367188e+02, 1.0990081787109375e+02,
       1.1446274566650391e+02, 8.9579544067382812e+01,
       1.4929924011230469e+02, 8.9579544067382812e+01,
       2.1200491333007812e+02, 9.5551513671875000e+01,
       2.0603295898437500e+02, 1.0152348327636719e+02,
       1.2541136169433594e+02, 1.1107863616943359e+02,
       1.8632545471191406e+02, 1.5407681274414062e+02 ]
