%YAML:1.0
---
descriptors: !!opencv-matrix
   rows: 32
   cols: 32
   dt: u
   data: [ 164, 205, 28, 251, 188, 235, 134, 168, 222, 26, 17, 48, 214,
       209, 169, 73, 219, 114, 79, 115, 122, 101, 74, 63, 233, 131, 111,
       245, 208, 123, 149, 163, 83, 32, 237, 165, 14, 70, 89, 47, 6, 228,
       134, 143, 247, 46, 82, 66, 78, 245, 121, 133, 221, 72, 247, 136,
       207, 235, 219, 144, 44, 40, 20, 90, 34, 143, 42, 191, 214, 225,
       185, 103, 92, 69, 90, 179, 164, 236, 54, 64, 248, 43, 131, 133,
       246, 186, 38, 255, 109, 55, 154, 195, 21, 76, 181, 202, 93, 94,
       238, 7, 3, 54, 111, 176, 164, 198, 206, 135, 81, 102, 187, 231,
       116, 228, 234, 238, 205, 145, 61, 8, 119, 111, 195, 4, 47, 247,
       60, 116, 127, 65, 82, 76, 109, 82, 70, 104, 225, 192, 237, 8, 74,
       208, 189, 246, 88, 228, 228, 106, 77, 35, 254, 140, 50, 252, 129,
       31, 91, 175, 122, 4, 246, 173, 148, 178, 169, 237, 84, 207, 191,
       187, 168, 25, 142, 246, 72, 159, 133, 211, 236, 16, 126, 79, 218,
       242, 185, 210, 95, 127, 208, 84, 143, 14, 124, 189, 182, 114, 153,
       253, 86, 231, 187, 151, 172, 25, 47, 253, 70, 147, 137, 243, 253,
       19, 126, 107, 154, 183, 251, 223, 85, 123, 195, 84, 206, 90, 105,
       238, 92, 101, 52, 14, 111, 182, 113, 170, 254, 108, 179, 35, 128,
       48, 22, 228, 108, 108, 233, 252, 193, 14, 230, 239, 37, 144, 104,
       176, 66, 41, 164, 30, 215, 181, 228, 47, 102, 146, 57, 234, 122,
       237, 167, 41, 133, 153, 191, 239, 4, 102, 169, 244, 0, 42, 132,
       214, 113, 130, 204, 249, 75, 153, 89, 185, 58, 110, 113, 220, 114,
       113, 233, 73, 109, 12, 62, 219, 34, 176, 164, 59, 212, 66, 87,
       171, 56, 37, 243, 253, 32, 11, 74, 3, 235, 219, 40, 36, 35, 243,
       112, 237, 105, 51, 49, 75, 123, 121, 191, 183, 128, 16, 149, 186,
       23, 12, 58, 156, 64, 7, 197, 190, 184, 224, 130, 192, 6, 249, 245,
       76, 109, 109, 4, 26, 230, 184, 116, 162, 242, 194, 243, 104, 145,
       225, 122, 228, 110, 235, 237, 180, 109, 46, 244, 235, 225, 4, 109,
       187, 120, 40, 184, 113, 248, 229, 53, 95, 87, 93, 87, 172, 190,
       10, 91, 61, 83, 144, 92, 252, 213, 106, 232, 242, 125, 138, 243,
       207, 165, 181, 231, 250, 92, 91, 43, 175, 65, 201, 247, 155, 239,
       255, 95, 65, 124, 198, 168, 201, 180, 164, 126, 42, 18, 188, 211,
       186, 108, 255, 44, 28, 134, 226, 95, 142, 241, 173, 185, 117, 233,
       229, 180, 95, 79, 31, 84, 238, 222, 18, 83, 29, 147, 101, 124,
       252, 29, 238, 233, 244, 245, 142, 231, 233, 165, 144, 39, 248,
       212, 121, 144, 143, 47, 169, 150, 130, 239, 127, 20, 5, 218, 167,
       245, 99, 50, 64, 126, 163, 31, 173, 250, 153, 5, 191, 240, 229,
       170, 192, 53, 138, 181, 75, 35, 143, 73, 203, 244, 155, 170, 239,
       78, 65, 121, 230, 169, 8, 180, 164, 122, 42, 146, 221, 151, 184,
       108, 255, 46, 77, 174, 224, 221, 142, 249, 172, 184, 157, 111,
       239, 150, 2, 111, 243, 117, 2, 246, 214, 115, 43, 176, 65, 120,
       198, 31, 234, 249, 191, 29, 191, 242, 239, 162, 192, 63, 136, 240,
       56, 73, 19, 155, 167, 52, 28, 107, 55, 45, 237, 30, 236, 255, 167,
       210, 230, 22, 102, 60, 12, 145, 152, 241, 131, 206, 253, 52, 144,
       10, 206, 201, 125, 73, 47, 31, 119, 176, 172, 126, 51, 253, 138,
       127, 76, 191, 179, 129, 113, 134, 103, 108, 14, 161, 184, 128, 46,
       231, 255, 48, 128, 74, 227, 67, 9, 123, 88, 163, 158, 49, 196, 79,
       33, 21, 78, 199, 4, 242, 246, 179, 116, 208, 238, 61, 207, 201,
       143, 122, 43, 241, 54, 138, 136, 16, 38, 180, 126, 43, 53, 234,
       75, 246, 179, 255, 223, 95, 65, 124, 247, 25, 252, 191, 44, 62,
       91, 151, 221, 183, 184, 36, 254, 102, 93, 190, 234, 255, 221, 211,
       253, 47, 191, 97, 19, 245, 219, 230, 113, 223, 232, 121, 236, 138,
       212, 244, 164, 8, 42, 198, 94, 215, 184, 124, 254, 47, 92, 5, 250,
       94, 14, 214, 245, 188, 121, 236, 225, 190, 87, 223, 221, 18, 252,
       148, 26, 25, 29, 211, 43, 126, 220, 213, 253, 250, 254, 253, 206,
       255, 201, 175, 245, 231, 189, 254, 225, 148, 135, 78, 187, 150,
       131, 79, 253, 20, 1, 223, 247, 115, 97, 184, 65, 127, 130, 31,
       238, 250, 187, 77, 191, 248, 203, 190, 196, 61, 138, 240, 40, 39,
       62, 232, 61, 236, 63, 218, 219, 95, 111, 252, 253, 138, 168, 215,
       40, 223, 139, 215, 23, 143, 38, 231, 210, 70, 95, 191, 190, 221,
       253, 90, 213, 43, 191, 104, 187, 247, 189, 186, 214, 15, 109, 92,
       175, 173, 104, 55, 0, 142, 43, 151, 85, 150, 184, 87, 189, 110,
       93, 60, 243, 223, 223, 153, 223, 149, 135, 76, 235, 150, 35, 75,
       184, 22, 49, 223, 246, 211, 99, 184, 65, 127, 194, 63, 238, 250,
       152, 77, 191, 252, 207, 239, 212, 61, 171, 112, 32, 207, 54, 119,
       94, 106, 180, 123, 248, 185, 91, 117, 252, 124, 247, 143, 255,
       119, 215, 247, 174, 161, 86, 174, 231, 86, 126, 114, 142, 174,
       199, 38, 253, 7, 55, 250, 179, 246, 171, 187, 83, 126, 233, 95,
       255, 253, 252, 250, 32, 191, 107, 95, 29, 151, 249, 45, 236, 108,
       95, 63, 224, 204, 203, 209, 213, 94, 246, 230, 246, 173, 78, 95,
       190, 179, 255, 151, 255, 206, 173, 91, 79, 159, 198, 253, 175,
       184, 251, 185, 234, 251, 255, 253, 178, 174, 255, 212, 91, 237,
       180, 189, 103, 172, 63, 69, 185, 127, 251, 119, 124, 210, 113,
       153, 59, 217, 78, 124, 46, 233, 244, 249, 14, 207, 251, 101, 148,
       202, 250, 82, 49 ]
keypoints: !!opencv-matrix
   rows: 32
   cols: 2
   dt: d
   data: [ 254., 103., 259., 108., 162., 91., 2.2440000915527344e+02,
       1.2960000610351562e+02, 1.7160000610351562e+02,
       1.3080000305175781e+02, 1.4520001220703125e+02,
       1.7880000305175781e+02, 150., 174., 1.5360000610351562e+02,
       1.1640000152587891e+02, 2.2680000305175781e+02,
       1.0320000457763672e+02, 1.7280000305175781e+02,
       1.1520000457763672e+02, 2.5776000976562500e+02,
       1.1232000732421875e+02, 1.4256001281738281e+02,
       2.2896000671386719e+02, 2.5776000976562500e+02,
       8.9280006408691406e+01, 1.6992001342773438e+02,
       9.0720001220703125e+01, 2.5776000976562500e+02,
       9.3600006103515625e+01, 1.6243202209472656e+02,
       9.1584007263183594e+01, 1.6934400939941406e+02,
       9.1584007263183594e+01, 1.9699201965332031e+02,
       9.1584007263183594e+01, 2.5574401855468750e+02,
       1.0368000793457031e+02, 1.5206401062011719e+02,
       1.1577600860595703e+02, 2.2464001464843750e+02,
       1.3132801818847656e+02, 2.0908801269531250e+02,
       9.8496009826660156e+01, 1.7107202148437500e+02,
       1.3305601501464844e+02, 2.4468482971191406e+02,
       9.7459213256835938e+01, 1.6422915649414062e+02,
       9.2067863464355469e+01, 1.7418243408203125e+02,
       1.1446274566650391e+02, 1.6920579528808594e+02,
       1.3436930847167969e+02, 1.6422915649414062e+02,
       9.2565528869628906e+01, 1.9110302734375000e+02,
       1.1048143768310547e+02, 1.7557591247558594e+02,
       1.1107863616943359e+02, 2.0424136352539062e+02,
       1.3257772827148438e+02, 1.2541136169433594e+02,
       1.1466181945800781e+02 ]
