%YAML:1.0
---
descriptors: !!opencv-matrix
   rows: 23
   cols: 32
   dt: u
   data: [ 181, 205, 111, 109, 6, 27, 230, 248, 84, 194, 250, 202, 115,
       104, 157, 225, 120, 228, 110, 239, 237, 178, 109, 47, 54, 171,
       229, 4, 109, 251, 120, 44, 254, 172, 148, 178, 169, 237, 84, 207,
       187, 187, 160, 25, 142, 255, 76, 159, 141, 211, 237, 16, 62, 79,
       218, 178, 155, 214, 85, 127, 146, 84, 142, 22, 169, 252, 148, 251,
       253, 189, 116, 191, 255, 27, 188, 92, 191, 251, 78, 180, 141, 186,
       126, 8, 255, 108, 250, 183, 175, 223, 117, 254, 218, 216, 202,
       175, 232, 106, 189, 115, 41, 237, 81, 22, 255, 191, 166, 56, 163,
       155, 65, 27, 137, 116, 236, 16, 42, 109, 226, 32, 207, 219, 117,
       113, 194, 216, 70, 43, 81, 227, 142, 161, 150, 6, 61, 151, 42,
       189, 202, 215, 149, 42, 82, 74, 231, 199, 45, 149, 150, 216, 133,
       64, 252, 39, 254, 196, 172, 80, 169, 75, 109, 65, 83, 76, 109, 90,
       70, 40, 225, 192, 239, 40, 75, 240, 173, 244, 216, 228, 236, 106,
       77, 163, 228, 138, 50, 252, 129, 31, 91, 175, 122, 36, 35, 175,
       115, 203, 244, 139, 239, 255, 95, 73, 124, 230, 40, 193, 188, 36,
       126, 170, 18, 92, 211, 186, 100, 255, 46, 28, 134, 232, 127, 142,
       240, 189, 2, 156, 19, 251, 147, 230, 57, 119, 28, 3, 74, 22, 188,
       247, 32, 96, 247, 59, 155, 128, 51, 152, 16, 255, 237, 166, 154,
       66, 152, 72, 165, 187, 27, 7, 106, 173, 246, 2, 111, 55, 61, 68,
       94, 231, 157, 39, 178, 80, 118, 141, 31, 172, 208, 152, 37, 206,
       230, 237, 170, 132, 46, 230, 161, 241, 221, 68, 132, 188, 137, 98,
       76, 174, 176, 146, 130, 17, 215, 115, 89, 219, 113, 197, 121, 235,
       104, 71, 219, 2, 241, 235, 207, 29, 160, 113, 176, 2, 86, 125,
       246, 158, 219, 87, 190, 232, 191, 166, 237, 11, 204, 254, 47, 151,
       255, 245, 239, 227, 108, 195, 218, 254, 187, 118, 79, 63, 7, 119,
       175, 214, 124, 184, 242, 250, 137, 253, 82, 202, 187, 23, 173, 25,
       47, 255, 70, 154, 137, 251, 253, 82, 30, 111, 154, 179, 219, 223,
       85, 123, 242, 71, 206, 90, 234, 253, 164, 190, 189, 127, 214, 174,
       31, 183, 188, 153, 238, 126, 70, 213, 217, 223, 255, 195, 126,
       106, 219, 191, 187, 214, 221, 59, 150, 93, 158, 94, 203, 176, 159,
       190, 169, 236, 120, 183, 187, 95, 130, 53, 159, 183, 74, 91, 167,
       7, 253, 5, 54, 77, 146, 97, 203, 241, 122, 219, 136, 68, 139, 91,
       84, 189, 159, 186, 139, 233, 49, 203, 191, 87, 169, 57, 254, 247,
       106, 91, 163, 115, 235, 16, 22, 75, 154, 113, 217, 178, 95, 91,
       192, 65, 167, 82, 47, 63, 235, 91, 246, 183, 191, 214, 95, 105,
       124, 247, 24, 188, 190, 36, 223, 91, 151, 93, 183, 186, 36, 242,
       110, 93, 62, 226, 215, 221, 243, 253, 206, 60, 190, 242, 233, 188,
       120, 18, 187, 159, 189, 56, 191, 255, 195, 251, 167, 247, 253,
       152, 50, 71, 170, 226, 223, 223, 127, 251, 130, 197, 43, 35, 153,
       135, 104, 171, 150, 163, 251, 255, 86, 69, 221, 183, 241, 104, 58,
       0, 127, 139, 23, 181, 190, 184, 77, 191, 236, 77, 174, 197, 253,
       206, 249, 203, 14, 177, 188, 242, 251, 253, 121, 219, 175, 61,
       189, 56, 158, 255, 78, 58, 175, 155, 255, 16, 150, 75, 186, 209,
       223, 223, 119, 255, 210, 200, 207, 243, 76, 165, 188, 243, 189,
       253, 124, 187, 255, 255, 191, 25, 143, 255, 74, 155, 163, 159,
       237, 16, 54, 120, 251, 211, 207, 223, 87, 127, 194, 196, 207, 195,
       62, 123, 192, 206, 253, 65, 71, 204, 19, 140, 252, 170, 42, 247,
       239, 212, 88, 218, 134, 250, 91, 2, 234, 184, 56, 244, 133, 190,
       179, 255, 214, 253, 124, 211, 248, 234, 218, 113, 91, 158, 19, 53,
       173, 139, 107, 239, 90, 80, 87, 219, 173, 195, 142, 66, 255, 51,
       95, 101, 189, 253, 181, 211, 132, 75, 78, 185, 186, 240, 249, 253,
       120, 211, 171, 157, 188, 57, 189, 223, 66, 26, 167, 187, 255, 16,
       22, 75, 178, 241, 219, 221, 63, 251, 130, 197, 175, 219 ]
keypoints: !!opencv-matrix
   rows: 23
   cols: 2
   dt: d
   data: [ 36., 229., 43., 176., 290., 93., 315., 236., 78.,
       1.3920001220703125e+02, 7.0800003051757812e+01,
       1.2840000915527344e+02, 72., 8.7600006103515625e+01,
       6.2400001525878906e+01, 8.8800003051757812e+01,
       4.4400001525878906e+01, 2.3040000915527344e+02, 324.,
       2.2920001220703125e+02, 300., 8.5200004577636719e+01,
       4.7520000457763672e+01, 1.7136000061035156e+02,
       2.9808001708984375e+02, 8.9280006408691406e+01,
       3.2112002563476562e+02, 2.3760000610351562e+02,
       3.1449603271484375e+02, 2.3673602294921875e+02,
       1.1232000732421875e+02, 9.6768005371093750e+01,
       2.8512002563476562e+02, 1.0022400665283203e+02,
       7.0502410888671875e+01, 8.9164810180664062e+01,
       2.8200964355468750e+02, 9.5385612487792969e+01,
       2.9030404663085938e+02, 9.5385612487792969e+01,
       7.9626258850097656e+01, 1.4432260131835938e+02,
       8.7091217041015625e+01, 1.3188099670410156e+02,
       2.8068255615234375e+02, 9.8537498474121094e+01 ]
