%YAML:1.0
---
descriptors: !!opencv-matrix
   rows: 259
   cols: 32
   dt: u
   data: [ 216, 137, 156, 190, 9, 109, 16, 138, 142, 55, 132, 25, 175,
       163, 107, 202, 129, 211, 237, 64, 42, 105, 154, 49, 209, 243, 90,
       63, 144, 77, 13, 26, 231, 167, 224, 66, 219, 25, 178, 205, 187,
       181, 173, 174, 8, 236, 207, 150, 63, 206, 194, 80, 54, 107, 172,
       226, 62, 84, 5, 255, 231, 230, 142, 205, 17, 92, 75, 254, 52, 167,
       107, 242, 148, 8, 222, 230, 113, 247, 177, 96, 126, 186, 31, 138,
       171, 187, 24, 255, 241, 239, 162, 128, 61, 219, 112, 185, 89, 124,
       159, 181, 129, 14, 117, 55, 184, 138, 34, 12, 246, 179, 65, 91,
       161, 102, 108, 28, 97, 221, 144, 10, 233, 231, 117, 0, 168, 112,
       131, 42, 43, 223, 74, 140, 117, 149, 174, 247, 205, 72, 88, 231,
       40, 136, 182, 192, 238, 171, 147, 197, 199, 170, 22, 253, 54, 60,
       158, 139, 31, 158, 184, 221, 188, 181, 56, 107, 253, 127, 82, 153,
       83, 61, 189, 25, 203, 125, 94, 185, 217, 154, 149, 48, 190, 98,
       121, 151, 203, 223, 129, 127, 243, 207, 222, 210, 126, 188, 236,
       216, 223, 85, 147, 234, 139, 254, 188, 191, 10, 252, 119, 62, 173,
       209, 223, 17, 190, 107, 186, 243, 91, 95, 157, 255, 215, 109, 94,
       223, 222, 63, 234, 100, 163, 118, 159, 243, 169, 238, 191, 175,
       74, 253, 247, 55, 183, 245, 221, 231, 252, 211, 188, 202, 123,
       127, 205, 183, 231, 247, 47, 87, 126, 174, 228, 22, 95, 249, 210,
       98, 203, 245, 173, 191, 42, 172, 86, 150, 137, 166, 233, 23, 188,
       111, 238, 202, 31, 95, 129, 123, 231, 111, 94, 214, 126, 118, 242,
       103, 21, 70, 242, 232, 121, 160, 251, 79, 75, 249, 93, 146, 248,
       237, 245, 243, 204, 247, 217, 234, 187, 252, 143, 7, 111, 39, 126,
       150, 43, 89, 99, 204, 84, 215, 239, 244, 85, 72, 88, 194, 56, 212,
       181, 228, 120, 232, 18, 207, 201, 186, 52, 253, 48, 60, 130, 136,
       95, 191, 112, 252, 127, 29, 102, 70, 19, 118, 94, 112, 161, 198,
       143, 135, 73, 238, 55, 247, 190, 229, 253, 239, 253, 131, 188,
       206, 51, 127, 201, 131, 47, 231, 122, 86, 235, 163, 210, 68, 97,
       30, 112, 103, 251, 185, 119, 92, 10, 168, 222, 183, 164, 142, 230,
       44, 213, 251, 162, 192, 30, 120, 80, 239, 74, 132, 202, 5, 179,
       105, 27, 190, 80, 132, 126, 114, 181, 132, 232, 69, 61, 203, 33,
       208, 236, 235, 23, 198, 109, 139, 18, 111, 177, 229, 170, 8, 32,
       51, 34, 200, 54, 249, 16, 162, 121, 205, 82, 236, 171, 188, 160,
       9, 142, 222, 110, 144, 217, 249, 205, 211, 78, 11, 218, 181, 185,
       212, 141, 127, 16, 6, 6, 142, 53, 203, 167, 190, 156, 131, 167,
       236, 214, 149, 219, 199, 99, 233, 58, 64, 88, 110, 35, 111, 236,
       251, 31, 188, 168, 34, 69, 0, 245, 191, 112, 200, 91, 4, 103, 133,
       19, 118, 105, 58, 37, 96, 207, 134, 73, 54, 154, 245, 118, 132,
       185, 172, 189, 145, 53, 204, 179, 127, 202, 196, 47, 230, 56, 116,
       34, 180, 186, 233, 245, 231, 179, 207, 94, 15, 124, 2, 168, 253,
       126, 0, 249, 59, 147, 17, 146, 186, 48, 255, 109, 95, 159, 74,
       213, 74, 245, 235, 41, 52, 19, 237, 113, 175, 111, 83, 53, 74,
       105, 64, 63, 87, 33, 180, 92, 40, 23, 46, 41, 144, 112, 159, 229,
       222, 0, 0, 50, 240, 66, 224, 187, 71, 96, 12, 86, 27, 206, 105,
       89, 98, 249, 206, 107, 72, 151, 181, 30, 173, 86, 239, 236, 182,
       77, 159, 178, 88, 1, 52, 127, 254, 90, 132, 133, 62, 151, 247, 32,
       166, 107, 18, 252, 200, 82, 100, 189, 211, 161, 251, 102, 125, 30,
       222, 161, 212, 161, 106, 132, 186, 42, 128, 136, 241, 33, 169, 92,
       114, 148, 37, 42, 46, 45, 156, 58, 186, 2, 237, 223, 35, 73, 91,
       55, 85, 109, 36, 193, 85, 137, 0, 204, 163, 109, 180, 168, 240, 3,
       17, 250, 252, 228, 84, 91, 244, 144, 198, 187, 247, 180, 191, 42,
       188, 86, 190, 233, 247, 251, 129, 174, 111, 246, 227, 31, 87, 216,
       187, 199, 5, 86, 95, 34, 159, 58, 216, 245, 149, 178, 231, 94, 13,
       124, 51, 32, 216, 108, 0, 217, 58, 131, 17, 82, 186, 2, 247, 127,
       29, 150, 107, 81, 8, 252, 142, 210, 126, 159, 180, 162, 226, 53,
       230, 172, 142, 138, 161, 173, 182, 161, 91, 167, 119, 237, 209,
       101, 205, 130, 106, 184, 163, 126, 131, 44, 112, 37, 91, 42, 188,
       179, 249, 245, 231, 179, 223, 95, 79, 92, 22, 188, 253, 118, 32,
       253, 59, 135, 17, 179, 190, 114, 255, 63, 94, 151, 110, 215, 72,
       181, 251, 164, 207, 167, 159, 30, 131, 166, 232, 134, 148, 219,
       199, 98, 233, 57, 194, 88, 102, 107, 111, 232, 183, 11, 191, 184,
       38, 69, 20, 117, 63, 48, 224, 0, 159, 25, 249, 189, 201, 17, 175,
       94, 13, 72, 48, 166, 177, 32, 96, 209, 26, 138, 0, 114, 184, 99,
       55, 237, 151, 18, 123, 16, 8, 213, 171, 181, 77, 15, 190, 80, 134,
       111, 112, 181, 196, 224, 5, 53, 199, 33, 81, 232, 233, 94, 198,
       105, 207, 50, 111, 241, 161, 170, 8, 48, 177, 38, 234, 228, 161,
       232, 90, 217, 121, 83, 136, 211, 245, 165, 153, 66, 229, 95, 30,
       25, 206, 224, 92, 62, 98, 254, 51, 111, 16, 5, 125, 211, 111, 222,
       214, 233, 173, 152, 101, 213, 31, 96, 31, 115, 176, 102, 8, 147,
       145, 65, 181, 16, 140, 72, 56, 59, 126, 209, 14, 190, 233, 5, 108,
       106, 136, 218, 40, 210, 122, 222, 244, 50, 192, 178, 98, 188, 140,
       146, 179, 45, 191, 33, 11, 166, 247, 237, 193, 36, 205, 130, 236,
       218, 227, 126, 139, 101, 33, 47, 11, 208, 67, 223, 236, 34, 192,
       61, 101, 164, 132, 250, 161, 117, 215, 32, 80, 54, 185, 237, 192,
       74, 153, 130, 77, 240, 225, 46, 137, 36, 178, 167, 43, 250, 88,
       238, 124, 21, 214, 90, 178, 177, 196, 198, 7, 107, 95, 55, 245,
       204, 245, 189, 205, 236, 207, 116, 239, 211, 127, 216, 11, 39,
       181, 124, 94, 223, 122, 254, 85, 35, 218, 115, 16, 113, 238, 119,
       181, 75, 221, 135, 253, 54, 253, 245, 118, 173, 244, 189, 142,
       210, 251, 97, 135, 111, 165, 14, 119, 107, 151, 84, 89, 223, 189,
       176, 231, 123, 25, 124, 30, 40, 56, 86, 181, 167, 11, 162, 20,
       150, 56, 55, 245, 30, 88, 80, 111, 219, 12, 235, 143, 108, 59,
       185, 97, 184, 73, 65, 151, 98, 173, 168, 40, 151, 51, 65, 56, 200,
       222, 108, 80, 26, 42, 227, 16, 237, 148, 37, 125, 192, 51, 198,
       35, 117, 232, 156, 62, 140, 175, 212, 238, 250, 187, 224, 8, 227,
       248, 23, 91, 201, 231, 108, 19, 30, 107, 206, 53, 185, 178, 87,
       123, 209, 121, 234, 14, 60, 233, 80, 106, 89, 205, 82, 232, 3,
       160, 185, 9, 47, 219, 104, 144, 216, 249, 197, 114, 78, 43, 88,
       189, 251, 221, 5, 127, 114, 143, 70, 138, 236, 172, 149, 80, 233,
       111, 69, 154, 179, 186, 32, 88, 134, 49, 65, 223, 1, 212, 108,
       122, 56, 100, 219, 48, 253, 242, 85, 126, 210, 249, 198, 35, 173,
       86, 205, 47, 242, 15, 238, 248, 22, 224, 123, 231, 121, 111, 185,
       128, 62, 72, 19, 238, 165, 176, 13, 126, 110, 15, 37, 132, 239,
       251, 72, 209, 60, 65, 98, 236, 85, 215, 82, 112, 69, 132, 253, 3,
       91, 221, 51, 208, 120, 184, 135, 234, 76, 179, 48, 140, 243, 237,
       128, 9, 119, 175, 124, 130, 41, 236, 72, 65, 77, 159, 96, 190, 98,
       178, 108, 8, 146, 1, 210, 181, 73, 140, 66, 44, 207, 218, 245, 21,
       110, 139, 197, 100, 106, 136, 90, 132, 255, 122, 247, 117, 51,
       222, 91, 16, 123, 238, 55, 191, 91, 61, 215, 61, 183, 253, 245,
       103, 172, 212, 189, 206, 219, 123, 65, 151, 103, 165, 86, 119, 56,
       217, 114, 236, 119, 223, 86, 229, 205, 36, 254, 11, 107, 253, 38,
       196, 250, 184, 151, 66, 76, 187, 48, 191, 179, 253, 128, 19, 119,
       158, 252, 202, 26, 52, 96, 229, 23, 127, 122, 88, 101, 160, 123,
       15, 75, 89, 25, 144, 58, 157, 213, 161, 140, 176, 81, 140, 215,
       221, 1, 135, 111, 166, 94, 146, 26, 52, 112, 101, 19, 126, 120,
       88, 105, 224, 123, 3, 75, 27, 21, 144, 190, 157, 213, 161, 140,
       176, 149, 204, 215, 237, 131, 135, 111, 166, 111, 150, 127, 251,
       178, 54, 219, 244, 82, 212, 171, 221, 189, 61, 106, 252, 79, 190,
       189, 255, 245, 211, 158, 99, 186, 226, 59, 93, 5, 251, 227, 119,
