%YAML:1.0
---
descriptors: !!opencv-matrix
   rows: 38
   cols: 32
   dt: u
   data: [ 64, 185, 191, 117, 161, 204, 53, 39, 232, 205, 110, 8, 182,
       185, 2, 50, 160, 55, 121, 1, 80, 249, 178, 44, 229, 255, 86, 3,
       64, 64, 135, 107, 32, 141, 25, 187, 189, 201, 21, 167, 94, 25, 88,
       48, 182, 179, 32, 96, 201, 42, 18, 0, 114, 56, 99, 183, 237, 150,
       30, 107, 16, 72, 212, 171, 88, 156, 221, 122, 186, 224, 21, 239,
       179, 27, 248, 176, 61, 247, 8, 120, 207, 155, 236, 144, 59, 11,
       202, 115, 251, 247, 118, 111, 184, 208, 167, 59, 35, 217, 104,
       141, 85, 149, 174, 239, 76, 72, 92, 198, 168, 152, 182, 228, 216,
       42, 146, 205, 199, 186, 116, 253, 38, 60, 142, 139, 93, 30, 249,
       220, 142, 238, 246, 152, 251, 210, 188, 231, 191, 151, 214, 179,
       76, 238, 230, 207, 239, 119, 239, 147, 118, 207, 142, 246, 58,
       115, 223, 203, 151, 85, 173, 215, 0, 147, 25, 251, 61, 205, 49,
       239, 94, 29, 64, 48, 166, 145, 104, 64, 197, 27, 162, 16, 18, 56,
       114, 183, 205, 150, 18, 111, 16, 8, 133, 171, 32, 133, 57, 184,
       221, 205, 85, 239, 143, 53, 168, 25, 182, 150, 42, 81, 201, 155,
       75, 1, 122, 10, 114, 55, 237, 145, 152, 125, 16, 8, 148, 234, 210,
       38, 66, 149, 146, 106, 44, 79, 61, 163, 242, 178, 141, 38, 4, 221,
       127, 159, 239, 160, 56, 221, 197, 206, 180, 166, 219, 133, 161,
       80, 175, 132, 56, 233, 88, 106, 84, 207, 87, 252, 0, 164, 252, 8,
       51, 81, 0, 16, 24, 248, 70, 106, 74, 186, 120, 61, 127, 141, 37,
       57, 115, 155, 78, 170, 16, 149, 27, 248, 147, 228, 17, 103, 175,
       1, 104, 16, 62, 151, 32, 112, 163, 187, 208, 16, 19, 11, 18, 87,
       153, 245, 18, 75, 152, 0, 167, 186, 165, 205, 115, 95, 213, 198,
       239, 247, 93, 130, 126, 2, 120, 244, 181, 36, 121, 122, 2, 218,
       241, 188, 60, 239, 45, 62, 135, 0, 211, 251, 244, 236, 62, 54, 82,
       88, 121, 187, 82, 112, 189, 140, 249, 125, 74, 251, 174, 156, 254,
       185, 199, 32, 156, 179, 0, 206, 154, 254, 33, 203, 235, 239, 110,
       151, 21, 157, 91, 231, 54, 66, 239, 248, 100, 64, 255, 230, 113,
       61, 185, 96, 126, 206, 22, 238, 201, 176, 61, 47, 116, 173, 166,
       132, 109, 235, 112, 249, 57, 142, 67, 204, 52, 182, 107, 118, 85,
       72, 254, 198, 115, 227, 176, 228, 126, 238, 30, 172, 233, 187, 37,
       159, 186, 239, 162, 192, 63, 170, 120, 169, 109, 35, 209, 67, 242,
       27, 67, 93, 99, 173, 125, 236, 91, 1, 201, 180, 54, 158, 70, 120,
       147, 50, 237, 28, 126, 140, 37, 244, 226, 138, 198, 161, 23, 1,
       231, 133, 147, 86, 111, 185, 37, 225, 206, 198, 221, 38, 154, 230,
       54, 71, 120, 237, 145, 153, 53, 200, 172, 124, 143, 4, 174, 247,
       161, 116, 33, 220, 183, 95, 213, 245, 167, 231, 95, 195, 120, 66,
       168, 252, 180, 228, 217, 122, 34, 11, 211, 184, 126, 255, 45, 62,
       22, 10, 211, 90, 245, 172, 160, 185, 56, 250, 205, 205, 181, 207,
       222, 21, 112, 27, 164, 216, 116, 9, 201, 59, 131, 17, 114, 46, 90,
       181, 125, 17, 30, 107, 81, 8, 213, 138, 248, 165, 208, 51, 157,
       93, 84, 143, 51, 181, 170, 25, 207, 57, 72, 146, 137, 223, 233,
       16, 94, 124, 219, 163, 175, 213, 21, 119, 227, 76, 222, 10, 220,
       219, 46, 174, 142, 79, 87, 253, 84, 236, 214, 175, 115, 101, 58,
       65, 120, 228, 111, 231, 248, 191, 125, 63, 249, 227, 229, 212, 53,
       186, 180, 115, 60, 32, 250, 108, 85, 82, 254, 80, 101, 134, 255,
       3, 91, 157, 51, 16, 122, 188, 151, 234, 152, 179, 0, 202, 119,
       237, 162, 1, 231, 255, 118, 194, 177, 4, 7, 31, 156, 43, 231, 79,
       86, 35, 235, 82, 83, 32, 48, 104, 121, 142, 42, 43, 57, 252, 77,
       63, 52, 38, 50, 64, 249, 89, 240, 160, 0, 133, 29, 251, 253, 237,
       177, 207, 222, 49, 73, 24, 180, 213, 104, 105, 201, 27, 34, 16,
       18, 56, 122, 213, 205, 144, 19, 111, 208, 72, 133, 162, 131, 78,
       19, 188, 176, 175, 110, 230, 189, 10, 120, 108, 166, 130, 165,
       212, 244, 107, 6, 69, 105, 158, 0, 239, 176, 180, 58, 130, 8, 17,
       35, 141, 3, 158, 162, 159, 221, 181, 190, 239, 31, 79, 88, 135,
       172, 232, 118, 196, 217, 107, 179, 21, 150, 154, 87, 243, 46, 54,
       158, 203, 158, 94, 185, 222, 251, 215, 84, 255, 47, 91, 85, 189,
       5, 62, 182, 184, 239, 125, 139, 191, 31, 212, 252, 99, 108, 103,
       107, 189, 226, 243, 101, 151, 118, 254, 156, 79, 124, 229, 144,
       160, 153, 111, 84, 207, 19, 181, 169, 25, 79, 250, 74, 154, 145,
       215, 236, 48, 30, 75, 219, 146, 187, 215, 21, 127, 242, 78, 142,
       2, 49, 14, 78, 204, 52, 183, 234, 114, 85, 73, 254, 70, 113, 171,
       182, 228, 126, 174, 30, 172, 169, 187, 37, 255, 178, 239, 162,
       128, 63, 202, 120, 173, 2, 238, 186, 185, 115, 225, 186, 199, 30,
       5, 120, 163, 172, 223, 38, 64, 223, 59, 147, 145, 6, 154, 226,
       255, 111, 85, 158, 235, 149, 4, 167, 219, 234, 191, 234, 22, 235,
       217, 181, 247, 251, 95, 124, 255, 40, 236, 222, 23, 175, 251, 231,
       135, 246, 106, 174, 245, 126, 83, 124, 235, 71, 76, 159, 223, 235,
       187, 224, 28, 238, 80, 253, 191, 123, 95, 116, 255, 104, 236, 222,
       191, 255, 206, 182, 199, 247, 110, 238, 227, 62, 123, 244, 175,
       95, 244, 254, 221, 49, 30, 110, 207, 116, 183, 235, 114, 84, 73,
       222, 70, 113, 186, 182, 96, 126, 170, 30, 188, 189, 187, 53, 255,
       242, 175, 162, 192, 189, 203, 120, 137, 39, 251, 107, 75, 244,
       205, 238, 244, 125, 72, 120, 231, 51, 220, 180, 48, 126, 186, 23,
       223, 211, 186, 124, 253, 102, 220, 166, 192, 125, 155, 246, 253,
       106, 189, 165, 190, 205, 245, 149, 103, 139, 253, 156, 47, 172,
       188, 102, 134, 204, 115, 255, 1, 91, 43, 250, 249, 251, 85, 158,
       187, 27, 78, 191, 255, 17, 21, 107, 239, 182, 166, 235, 118, 116,
       73, 250, 102, 113, 107, 179, 96, 126, 174, 30, 252, 185, 187, 53,
       159, 252, 175, 162, 192, 189, 203, 112, 217, 171, 189, 164, 127,
       189, 244, 95, 190, 151, 93, 204, 21, 171, 127, 19, 247, 201, 98,
       253, 220, 175, 200, 123, 191, 235, 251, 156, 19, 154, 85, 218,
       126, 171, 207, 103, 153, 214, 147, 188, 231, 93, 64, 84, 231, 40,
       204, 182, 165, 126, 171, 147, 229, 245, 190, 36, 253, 62, 90, 222,
       195, 127, 140, 249, 221, 43, 191, 234, 214, 244, 21, 255, 255, 91,
       207, 124, 199, 57, 237, 254, 32, 127, 235, 55, 141, 209, 190, 166,
       243, 127, 95, 190, 232, 207, 254, 242, 217 ]
