%YAML:1.0
---
descriptors: !!opencv-matrix
   rows: 34
   cols: 32
   dt: u
   data: [ 80, 185, 30, 254, 162, 194, 53, 231, 184, 1, 74, 33, 189, 187,
       0, 81, 162, 119, 121, 193, 82, 217, 146, 109, 241, 231, 126, 3,
       40, 16, 167, 27, 113, 173, 156, 62, 141, 253, 212, 239, 254, 187,
       184, 9, 226, 248, 86, 27, 201, 227, 108, 17, 30, 107, 202, 49,
       187, 223, 117, 123, 209, 88, 218, 14, 43, 191, 120, 77, 253, 159,
       91, 123, 111, 173, 253, 44, 42, 57, 150, 180, 207, 174, 246, 28,
       158, 186, 97, 221, 126, 223, 49, 243, 219, 142, 202, 237, 35, 171,
       121, 65, 124, 219, 251, 123, 111, 237, 252, 45, 43, 12, 150, 52,
       254, 174, 71, 28, 158, 186, 225, 253, 94, 221, 48, 243, 215, 142,
       70, 255, 29, 23, 103, 231, 52, 98, 111, 120, 100, 236, 223, 230,
       89, 39, 153, 101, 118, 196, 31, 239, 233, 145, 45, 236, 240, 174,
       171, 132, 47, 243, 116, 113, 43, 252, 183, 95, 213, 253, 164, 231,
       95, 195, 120, 66, 168, 252, 180, 172, 217, 122, 162, 25, 215, 184,
       119, 255, 47, 30, 86, 10, 219, 92, 249, 172, 25, 149, 87, 236, 54,
       135, 107, 118, 213, 72, 222, 102, 121, 243, 176, 228, 126, 168,
       30, 168, 233, 187, 53, 159, 250, 239, 162, 192, 63, 138, 112, 185,
       128, 154, 25, 251, 189, 173, 49, 239, 94, 29, 64, 16, 166, 151,
       40, 72, 213, 27, 130, 16, 50, 60, 123, 183, 205, 150, 18, 99, 144,
       8, 133, 171, 38, 106, 210, 90, 69, 185, 114, 200, 123, 134, 120,
       11, 106, 201, 125, 156, 249, 232, 131, 114, 14, 54, 154, 251, 31,
       220, 133, 47, 243, 255, 126, 134, 34, 174, 170, 154, 243, 241,
       186, 199, 31, 13, 92, 163, 172, 238, 102, 64, 223, 59, 131, 145,
       22, 154, 194, 243, 63, 21, 158, 235, 148, 70, 173, 223, 123, 249,
       105, 74, 255, 221, 223, 220, 107, 77, 188, 170, 59, 220, 222, 180,
       62, 217, 215, 221, 223, 43, 172, 245, 63, 93, 173, 253, 119, 150,
       206, 253, 59, 20, 87, 204, 54, 179, 106, 118, 213, 73, 254, 230,
       121, 243, 180, 228, 126, 174, 62, 172, 169, 187, 53, 255, 146,
       239, 178, 128, 63, 138, 120, 61, 177, 4, 7, 13, 28, 35, 224, 107,
       118, 162, 203, 82, 82, 160, 48, 64, 120, 46, 106, 40, 41, 183, 71,
       30, 52, 38, 17, 0, 121, 105, 240, 160, 129, 5, 3, 157, 212, 43,
       228, 71, 116, 35, 219, 82, 144, 34, 48, 73, 121, 142, 42, 169, 49,
       187, 69, 238, 52, 38, 210, 0, 237, 89, 241, 128, 49, 28, 94, 204,
       118, 179, 106, 114, 213, 73, 254, 230, 113, 234, 182, 96, 126,
       174, 62, 172, 173, 187, 36, 255, 114, 175, 162, 192, 61, 139, 120,
       13, 106, 191, 110, 30, 235, 217, 181, 255, 187, 93, 124, 253, 40,
       236, 222, 151, 175, 219, 231, 133, 246, 107, 174, 245, 94, 83,
       124, 235, 71, 4, 143, 223, 11, 188, 178, 137, 117, 253, 178, 198,
       95, 105, 88, 34, 172, 248, 118, 164, 249, 43, 178, 17, 151, 56,
       26, 243, 47, 20, 26, 111, 218, 78, 153, 142, 107, 77, 71, 220,
       125, 214, 78, 182, 213, 192, 254, 194, 233, 52, 181, 228, 94, 228,
       158, 236, 237, 170, 117, 238, 38, 126, 134, 130, 63, 188, 120,
       124, 150, 201, 134, 147, 208, 138, 238, 229, 63, 17, 235, 211,
       106, 34, 12, 212, 121, 207, 42, 213, 94, 219, 77, 225, 188, 34,
       222, 66, 169, 18, 235, 12, 57, 207, 89, 237, 52, 3, 79, 124, 86,
       160, 252, 230, 243, 67, 176, 96, 126, 236, 14, 238, 201, 186, 109,
       31, 252, 205, 165, 148, 61, 170, 96, 168, 39, 251, 123, 203, 246,
       221, 255, 245, 89, 76, 124, 230, 57, 221, 183, 52, 126, 250, 23,
       222, 215, 186, 124, 255, 110, 221, 167, 170, 127, 186, 230, 253,
       2, 188, 185, 185, 219, 225, 177, 207, 30, 71, 72, 179, 172, 158,
       100, 0, 235, 27, 147, 145, 18, 30, 82, 247, 237, 87, 154, 107,
       145, 0, 165, 250, 11, 189, 178, 152, 247, 249, 178, 199, 223, 73,
       88, 35, 172, 184, 102, 164, 171, 43, 146, 17, 23, 184, 146, 247,
       46, 84, 30, 107, 222, 76, 153, 143, 45, 141, 7, 46, 221, 159, 198,
       253, 197, 136, 104, 77, 98, 249, 61, 148, 216, 226, 130, 111, 220,
       171, 90, 61, 43, 255, 69, 28, 251, 127, 218, 134, 171, 255, 99,
       89, 246, 211, 254, 247, 89, 196, 116, 230, 40, 140, 182, 181, 126,
       171, 151, 253, 247, 186, 36, 255, 62, 92, 134, 194, 103, 140, 246,
       253, 47, 159, 235, 210, 228, 53, 255, 255, 91, 239, 124, 222, 89,
       239, 254, 56, 255, 203, 55, 143, 213, 62, 190, 242, 127, 95, 247,
       232, 255, 254, 250, 253, 182, 239, 134, 147, 209, 139, 102, 230,
       63, 19, 226, 83, 98, 162, 100, 213, 249, 207, 34, 215, 126, 223,
       203, 231, 188, 50, 222, 66, 137, 85, 250, 140, 53, 141, 71, 93,
       146, 171, 103, 182, 116, 35, 106, 210, 83, 33, 128, 112, 121, 238,
       34, 202, 121, 184, 69, 46, 44, 166, 52, 64, 225, 249, 240, 168,
       162, 175, 99, 218, 213, 209, 170, 231, 31, 5, 120, 130, 40, 204,
       52, 132, 248, 187, 130, 209, 54, 186, 52, 255, 63, 20, 142, 107,
       87, 12, 245, 236, 217, 124, 191, 244, 51, 78, 125, 119, 185, 202,
       246, 92, 255, 63, 1, 123, 182, 247, 221, 34, 233, 221, 176, 239,
       243, 251, 94, 18, 106, 240, 131, 59, 17, 23, 107, 239, 182, 166,
       239, 247, 116, 73, 250, 230, 115, 235, 184, 96, 126, 174, 30, 253,
       185, 185, 37, 159, 248, 175, 166, 192, 189, 218, 240, 249, 175,
       151, 233, 88, 236, 53, 239, 219, 91, 219, 253, 126, 89, 109, 222,
       45, 223, 202, 55, 190, 187, 114, 239, 194, 126, 95, 247, 236, 223,
       236, 242, 245, 111, 60, 253, 117, 237, 62, 89, 146, 219, 251, 190,
       92, 90, 61, 215, 126, 205, 246, 125, 28, 185, 253, 249, 234, 79,
       255, 245, 214, 202, 237, 82, 115, 43, 253, 99, 72, 118, 215, 127,
       114, 93, 64, 124, 198, 57, 13, 183, 180, 126, 168, 151, 236, 237,
       186, 52, 255, 54, 93, 128, 128, 127, 140, 122, 253 ]
keypoints: !!opencv-matrix
   rows: 34
   cols: 2
   dt: d
   data: [ 180., 192., 2.4720001220703125e+02, 168.,
       1.4256001281738281e+02, 2.1456001281738281e+02,
       1.4169601440429688e+02, 2.1427201843261719e+02,
       2.6092803955078125e+02, 2.1254402160644531e+02,
       2.5228802490234375e+02, 1.2096001434326172e+02,
       1.5724801635742188e+02, 1.5724801635742188e+02,
       2.9203201293945312e+02, 2.3155201721191406e+02,
       2.7302401733398438e+02, 2.2809602355957031e+02,
       2.4261123657226562e+02, 1.2026881408691406e+02,
       2.5090563964843750e+02, 1.5344642639160156e+02,
       1.5759362792968750e+02, 1.5759362792968750e+02,
       2.9445123291015625e+02, 1.8662402343750000e+02,
       2.9030404663085938e+02, 1.8662402343750000e+02,
       1.5676419067382812e+02, 1.5676419067382812e+02,
       1.7169412231445312e+02, 1.8662403869628906e+02,
       2.5380870056152344e+02, 1.2192771148681641e+02,
       2.6127365112304688e+02, 2.1399557495117188e+02,
       2.8615686035156250e+02, 1.7667076110839844e+02,
       1.2939266967773438e+02, 2.1897221374511719e+02,
       1.4929924011230469e+02, 2.1399557495117188e+02,
       2.3887878417968750e+02, 1.1943939208984375e+02,
       2.5380871582031250e+02, 1.1943939208984375e+02,
       2.8366854858398438e+02, 1.2242537689208984e+02,
       2.5082272338867188e+02, 1.5228521728515625e+02,
       1.8513105773925781e+02, 1.6422915649414062e+02,
       2.8665454101562500e+02, 1.7318711853027344e+02,
       2.9561248779296875e+02, 1.8811703491210938e+02,
       2.5798910522460938e+02, 1.3616090393066406e+02,
       2.1499090576171875e+02, 1.5049363708496094e+02,
       1.5766000366210938e+02, 1.5766000366210938e+02,
       1.8632545471191406e+02, 1.6482637023925781e+02,
       2.0065818786621094e+02, 1.6840954589843750e+02,
       2.5440591430664062e+02, 1.6840954589843750e+02 ]
