%YAML:1.0
---
descriptors: !!opencv-matrix
   rows: 34
   cols: 32
   dt: u
   data: [ 175, 104, 193, 147, 205, 31, 234, 204, 87, 240, 97, 206, 195,
       72, 209, 141, 89, 204, 50, 127, 135, 118, 223, 176, 12, 90, 197,
       52, 255, 191, 90, 148, 86, 7, 174, 180, 160, 98, 21, 65, 169, 135,
       139, 179, 71, 239, 107, 90, 243, 229, 237, 177, 28, 195, 130, 64,
       216, 166, 207, 31, 164, 99, 180, 66, 248, 253, 254, 122, 153, 253,
       86, 239, 243, 23, 172, 25, 47, 253, 78, 18, 137, 243, 237, 18,
       126, 107, 218, 179, 251, 223, 85, 123, 226, 87, 206, 74, 2, 143,
       43, 191, 214, 227, 185, 103, 28, 69, 90, 179, 164, 236, 54, 64,
       252, 59, 147, 133, 54, 186, 34, 255, 109, 54, 154, 195, 21, 76,
       181, 218, 68, 176, 155, 241, 248, 205, 177, 209, 174, 249, 33, 72,
       148, 151, 96, 40, 161, 57, 123, 17, 19, 105, 154, 80, 221, 132,
       63, 126, 200, 10, 7, 179, 114, 32, 18, 136, 77, 41, 160, 70, 173,
       33, 184, 11, 142, 138, 100, 222, 232, 129, 202, 145, 14, 39, 128,
       208, 149, 16, 154, 59, 81, 8, 47, 142, 181, 204, 109, 111, 4, 26,
       230, 184, 84, 162, 242, 194, 83, 72, 157, 161, 122, 228, 110, 239,
       237, 180, 109, 47, 52, 171, 101, 4, 109, 187, 120, 36, 124, 189,
       246, 122, 153, 253, 86, 231, 187, 23, 172, 25, 47, 253, 70, 147,
       137, 243, 237, 18, 126, 107, 154, 183, 251, 223, 85, 123, 227, 84,
       206, 90, 2, 143, 43, 187, 150, 227, 187, 103, 28, 69, 88, 163,
       164, 237, 50, 64, 252, 59, 3, 133, 86, 184, 0, 255, 237, 39, 186,
       193, 21, 74, 181, 234, 125, 65, 83, 76, 109, 82, 66, 40, 225, 192,
       239, 8, 75, 208, 173, 244, 88, 228, 188, 106, 77, 163, 244, 140,
       50, 253, 129, 31, 90, 175, 122, 36, 93, 78, 206, 7, 2, 54, 111,
       176, 228, 198, 206, 135, 81, 102, 187, 230, 116, 228, 234, 238,
       197, 145, 61, 14, 118, 39, 195, 4, 47, 247, 56, 116, 89, 92, 83,
       237, 18, 130, 107, 112, 125, 192, 110, 230, 125, 83, 161, 112,
       118, 253, 30, 238, 225, 148, 53, 79, 244, 237, 34, 128, 47, 179,
       33, 57, 254, 173, 148, 176, 169, 237, 84, 207, 187, 191, 168, 25,
       142, 178, 64, 159, 129, 215, 236, 16, 62, 79, 218, 178, 185, 210,
       85, 127, 194, 84, 143, 14, 77, 27, 133, 173, 169, 30, 77, 183, 45,
       254, 30, 68, 223, 39, 195, 254, 197, 100, 236, 60, 217, 152, 241,
       136, 239, 255, 117, 148, 154, 254, 136, 125, 188, 81, 252, 101,
       52, 95, 95, 89, 87, 172, 190, 10, 91, 61, 211, 32, 88, 252, 149,
       106, 232, 242, 125, 138, 243, 207, 165, 181, 231, 250, 92, 123,
       35, 175, 67, 203, 215, 147, 238, 231, 95, 65, 120, 198, 40, 200,
       180, 164, 127, 42, 146, 156, 147, 186, 108, 255, 46, 92, 134, 226,
       223, 142, 241, 172, 16, 143, 43, 171, 150, 226, 187, 119, 20, 5,
       90, 163, 245, 239, 50, 64, 122, 43, 23, 133, 26, 153, 33, 255,
       233, 37, 170, 192, 53, 74, 181, 235, 199, 171, 35, 195, 244, 158,
       239, 49, 104, 232, 83, 204, 145, 204, 212, 164, 158, 44, 94, 127,
       209, 188, 236, 206, 44, 24, 175, 232, 12, 138, 211, 245, 72, 51,
       147, 167, 52, 172, 177, 23, 172, 137, 27, 101, 190, 185, 80, 66,
       132, 55, 125, 5, 146, 169, 147, 3, 205, 245, 58, 208, 8, 10, 145,
       27, 105, 47, 28, 117, 48, 174, 122, 54, 121, 170, 126, 76, 191,
       35, 129, 112, 134, 230, 108, 76, 169, 184, 193, 46, 230, 255, 48,
       128, 74, 241, 74, 9, 184, 53, 252, 101, 52, 95, 95, 63, 87, 174,
       190, 26, 83, 61, 147, 51, 92, 212, 93, 104, 232, 246, 117, 142,
       243, 235, 165, 145, 103, 248, 92, 123, 11, 7, 123, 197, 114, 26,
       59, 51, 45, 192, 126, 230, 221, 39, 164, 116, 54, 181, 22, 236,
       209, 152, 37, 204, 102, 237, 42, 192, 47, 162, 33, 121, 112, 237,
       144, 178, 185, 205, 86, 239, 175, 185, 168, 9, 174, 242, 64, 150,
       129, 243, 236, 82, 94, 107, 218, 179, 185, 212, 21, 127, 208, 94,
       143, 14, 49, 78, 207, 101, 4, 10, 103, 52, 116, 162, 250, 194,
       243, 33, 145, 112, 122, 236, 108, 110, 73, 176, 101, 14, 228, 239,
       96, 0, 101, 250, 80, 40, 209, 149, 31, 252, 176, 142, 53, 117,
       253, 136, 123, 116, 254, 243, 32, 113, 182, 55, 124, 0, 241, 233,
       146, 78, 241, 250, 102, 138, 8, 96, 163, 35, 144, 135, 78, 235,
       150, 131, 79, 253, 20, 1, 223, 246, 115, 99, 184, 65, 123, 130,
       31, 254, 120, 155, 77, 191, 248, 239, 190, 196, 61, 138, 240, 40,
       209, 206, 95, 191, 46, 10, 239, 191, 252, 82, 210, 214, 253, 107,
       176, 99, 102, 231, 127, 239, 225, 197, 13, 237, 240, 235, 238,
       144, 60, 240, 161, 40, 205, 80, 233, 83, 36, 92, 107, 152, 127,
       75, 87, 212, 243, 85, 219, 120, 23, 140, 62, 30, 171, 180, 253,
       67, 199, 255, 176, 196, 230, 147, 84, 113, 39, 58, 232, 61, 252,
       63, 155, 219, 95, 127, 252, 253, 138, 168, 215, 40, 223, 139, 215,
       21, 175, 102, 103, 210, 70, 31, 255, 190, 221, 253, 90, 223, 207,
       22, 119, 222, 106, 244, 121, 248, 185, 95, 117, 252, 124, 247,
       175, 255, 119, 215, 247, 174, 161, 87, 170, 247, 86, 126, 114,
       142, 174, 199, 38, 117, 103, 18, 243, 94, 227, 124, 178, 88, 123,
       91, 119, 124, 104, 254, 239, 254, 183, 223, 246, 18, 151, 119,
       170, 226, 23, 126, 112, 202, 203, 231, 239, 245, 7, 55, 190, 179,
       246, 175, 187, 83, 222, 233, 91, 255, 255, 252, 250, 32, 191, 43,
       95, 29, 151, 249, 45, 232, 236, 95, 62, 224, 204, 207, 145, 209,
       2, 147, 45, 179, 188, 143, 125, 181, 30, 125, 219, 229, 213, 39,
       184, 65, 222, 63, 63, 77, 217, 152, 105, 149, 236, 155, 254, 212,
       20, 138, 149, 249, 90, 121, 115, 140, 79, 192, 187, 64, 236, 196,
       210, 167, 60, 222, 117, 162, 110, 177, 219, 195, 192, 15, 182,
       237, 81, 32, 138, 139, 5, 7, 55, 251 ]
keypoints: !!opencv-matrix
   rows: 34
   cols: 2
   dt: d
   data: [ 207., 139., 169., 139., 141., 172., 152., 89., 242., 128.,
       2.8080001831054688e+02, 2.4120001220703125e+02, 132.,
       2.2800001525878906e+02, 1.4040000915527344e+02,
       1.7160000610351562e+02, 1.5240000915527344e+02,
       8.8800003051757812e+01, 1.6080000305175781e+02,
       1.2960000610351562e+02, 2.1480000305175781e+02,
       1.2840000915527344e+02, 1.4520001220703125e+02,
       2.3280000305175781e+02, 1.3391999816894531e+02,
       1.7712001037597656e+02, 2.4480000305175781e+02,
       1.0080000305175781e+02, 2.4768000793457031e+02,
       8.7840003967285156e+01, 1.5984001159667969e+02,
       8.9280006408691406e+01, 1.5263999938964844e+02,
       8.9280006408691406e+01, 1.8288000488281250e+02,
       1.2096000671386719e+02, 2.4912001037597656e+02,
       1.0512000274658203e+02, 144., 1.1376000213623047e+02,
       2.4710401916503906e+02, 8.8128005981445312e+01,
       1.4860801696777344e+02, 2.3328002929687500e+02,
       1.3478401184082031e+02, 1.7971202087402344e+02,
       1.3063682556152344e+02, 2.2602243041992188e+02,
       1.4307841491699219e+02, 1.1404801940917969e+02,
       1.5427587890625000e+02, 8.9579544067382812e+01,
       1.8911236572265625e+02, 8.9579544067382812e+01,
       2.5132037353515625e+02, 9.7044502258300781e+01,
       1.6422915649414062e+02, 1.1197442626953125e+02,
       1.8214508056640625e+02, 1.1048143768310547e+02,
       1.7617309570312500e+02, 1.1645340728759766e+02,
       1.6482637023925781e+02, 1.1107863616943359e+02,
       1.5407681274414062e+02, 1.1466181945800781e+02,
       2.2932363891601562e+02, 1.5407681274414062e+02 ]
