%YAML:1.0
---
descriptors: !!opencv-matrix
   rows: 40
   cols: 32
   dt: u
   data: [ 92, 28, 191, 190, 11, 224, 82, 0, 161, 134, 203, 139, 103,
       247, 35, 90, 224, 245, 233, 66, 12, 199, 154, 170, 211, 231, 74,
       27, 162, 127, 36, 82, 246, 189, 148, 178, 169, 237, 22, 239, 187,
       187, 168, 25, 238, 242, 76, 159, 137, 211, 236, 17, 126, 79, 218,
       243, 185, 214, 95, 127, 144, 68, 135, 14, 86, 99, 170, 164, 176,
       2, 61, 79, 168, 133, 202, 163, 7, 174, 106, 90, 242, 133, 109,
       181, 28, 219, 129, 64, 248, 36, 190, 197, 132, 112, 181, 67, 30,
       185, 54, 234, 75, 212, 18, 224, 175, 93, 237, 41, 78, 255, 42,
       212, 182, 187, 221, 66, 22, 3, 26, 245, 211, 245, 75, 79, 210, 39,
       175, 83, 162, 237, 114, 216, 221, 213, 182, 207, 223, 5, 248, 19,
       8, 216, 100, 128, 217, 187, 131, 81, 86, 59, 18, 247, 63, 28, 150,
       107, 215, 28, 252, 142, 3, 143, 138, 175, 212, 144, 190, 103, 94,
       65, 88, 135, 161, 234, 54, 64, 249, 43, 146, 133, 214, 186, 4,
       255, 46, 37, 186, 195, 157, 74, 185, 142, 60, 109, 122, 238, 116,
       195, 87, 248, 23, 140, 253, 43, 127, 221, 163, 80, 216, 249, 135,
       99, 74, 179, 104, 159, 242, 237, 165, 189, 119, 251, 244, 67, 48,
       203, 40, 79, 44, 125, 71, 238, 71, 108, 252, 9, 35, 1, 183, 84,
       216, 66, 46, 78, 206, 43, 107, 61, 83, 29, 32, 57, 82, 219, 84,
       110, 17, 135, 107, 171, 180, 163, 235, 255, 86, 73, 218, 231, 113,
       235, 184, 64, 127, 170, 23, 189, 155, 187, 13, 191, 248, 175, 190,
       192, 189, 202, 240, 249, 62, 23, 114, 238, 244, 18, 122, 120, 189,
       140, 251, 231, 110, 251, 175, 212, 254, 249, 207, 226, 204, 179,
       8, 207, 182, 253, 167, 135, 63, 191, 110, 151, 130, 171, 31, 249,
       155, 193, 57, 103, 174, 21, 64, 145, 172, 135, 96, 65, 229, 59,
       235, 144, 82, 9, 34, 117, 237, 145, 26, 107, 16, 0, 165, 234, 165,
       93, 99, 79, 212, 135, 239, 244, 85, 194, 127, 70, 112, 244, 181,
       36, 120, 106, 18, 238, 225, 182, 60, 255, 37, 62, 135, 0, 127,
       251, 112, 188, 177, 76, 79, 109, 4, 11, 230, 48, 116, 162, 242,
       202, 243, 104, 148, 97, 120, 228, 110, 234, 237, 180, 101, 15,
       228, 171, 225, 0, 109, 186, 120, 136, 56, 137, 185, 255, 153, 237,
       81, 238, 30, 5, 100, 0, 183, 183, 33, 112, 201, 123, 38, 64, 26,
       56, 115, 63, 197, 231, 50, 9, 208, 9, 69, 234, 128, 164, 17, 184,
       249, 233, 177, 79, 158, 53, 41, 24, 140, 151, 104, 8, 139, 27,
       202, 16, 50, 14, 74, 215, 13, 148, 27, 127, 144, 8, 133, 162, 114,
       236, 148, 184, 57, 141, 80, 239, 191, 187, 160, 25, 174, 242, 68,
       150, 129, 249, 238, 17, 126, 79, 218, 247, 153, 214, 95, 123, 208,
       12, 139, 15, 181, 141, 135, 63, 148, 43, 231, 239, 118, 35, 234,
       82, 83, 96, 184, 105, 121, 206, 42, 43, 249, 252, 77, 46, 60, 46,
       119, 68, 253, 248, 240, 136, 75, 105, 200, 37, 242, 126, 126, 159,
       35, 233, 124, 237, 61, 55, 211, 58, 54, 207, 87, 156, 135, 144,
       229, 72, 102, 45, 173, 160, 172, 246, 138, 217, 7, 20, 99, 140,
       126, 167, 123, 120, 45, 192, 251, 231, 221, 238, 191, 228, 126,
       173, 95, 239, 133, 147, 125, 222, 180, 60, 171, 140, 62, 175, 33,
       117, 219, 66, 111, 229, 38, 18, 111, 48, 41, 70, 86, 199, 217, 11,
       147, 81, 118, 229, 61, 238, 192, 148, 165, 204, 246, 233, 234,
       128, 47, 182, 113, 73, 116, 249, 188, 102, 141, 77, 87, 174, 170,
       190, 172, 9, 247, 251, 67, 19, 129, 214, 109, 66, 72, 107, 219,
       49, 251, 217, 69, 63, 64, 123, 78, 10, 185, 206, 73, 249, 180,
       131, 203, 255, 22, 3, 208, 246, 179, 195, 176, 96, 127, 170, 23,
       156, 251, 190, 69, 191, 236, 207, 183, 196, 189, 136, 240, 169,
       134, 164, 17, 155, 217, 237, 176, 75, 158, 55, 169, 24, 140, 150,
       72, 41, 137, 27, 202, 16, 50, 111, 90, 215, 141, 150, 27, 127,
       208, 72, 133, 162, 18, 207, 47, 187, 150, 131, 239, 247, 20, 5,
       90, 151, 189, 79, 48, 64, 127, 187, 31, 157, 114, 152, 9, 255,
       237, 167, 190, 192, 53, 128, 181, 232, 17, 221, 95, 255, 18, 194,
       109, 55, 188, 1, 106, 226, 125, 55, 160, 97, 102, 183, 62, 136,
       113, 153, 51, 255, 245, 239, 254, 192, 60, 144, 161, 57, 2, 238,
       170, 190, 243, 128, 190, 230, 191, 141, 94, 167, 172, 238, 99, 64,
       255, 251, 167, 149, 86, 154, 130, 235, 254, 117, 158, 139, 148,
       87, 173, 219, 39, 205, 99, 95, 213, 247, 166, 238, 93, 66, 90, 66,
       232, 248, 181, 228, 121, 106, 18, 203, 195, 184, 127, 255, 37, 62,
       135, 2, 95, 127, 113, 172, 72, 196, 184, 186, 11, 240, 19, 190,
       154, 127, 12, 57, 221, 247, 106, 112, 3, 91, 189, 128, 6, 73, 174,
       115, 251, 229, 62, 255, 178, 82, 141, 107, 47, 31, 224, 90, 253,
       61, 202, 216, 93, 201, 253, 126, 72, 232, 191, 188, 93, 202, 150,
       28, 157, 34, 127, 226, 30, 94, 129, 250, 223, 255, 122, 213, 60,
       11, 106, 207, 86, 163, 235, 120, 20, 132, 127, 162, 113, 227, 179,
       64, 126, 248, 7, 238, 0, 178, 13, 61, 118, 175, 161, 129, 119,
       171, 116, 160, 66, 234, 150, 146, 57, 173, 16, 198, 175, 185, 136,
       73, 174, 242, 64, 150, 161, 107, 110, 17, 6, 75, 154, 117, 153,
       22, 31, 123, 192, 6, 3, 15, 61, 1, 66, 175, 86, 191, 106, 112, 21,
       128, 123, 199, 91, 233, 187, 208, 126, 173, 23, 175, 141, 178, 28,
       156, 242, 239, 163, 132, 255, 175, 106, 144, 26, 134, 104, 161,
       246, 243, 249, 255, 7, 127, 156, 167, 73, 175, 254, 0, 127, 139,
       151, 181, 150, 25, 45, 215, 126, 71, 191, 229, 183, 198, 245, 223,
       23, 68, 99, 204, 84, 231, 235, 65, 85, 198, 251, 2, 89, 223, 53,
       100, 120, 173, 27, 171, 137, 147, 52, 206, 245, 44, 139, 8, 53,
       235, 116, 224, 208, 143, 79, 255, 146, 130, 111, 57, 52, 0, 223,
       226, 241, 231, 168, 96, 118, 247, 63, 234, 121, 137, 47, 255, 241,
       239, 234, 128, 53, 162, 165, 40, 52, 11, 106, 78, 86, 195, 171,
       96, 214, 4, 252, 130, 97, 229, 181, 4, 122, 250, 2, 202, 8, 187,
       44, 255, 113, 44, 131, 1, 119, 171, 116, 168, 81, 213, 95, 238,
       178, 10, 63, 245, 189, 74, 126, 228, 253, 243, 168, 113, 54, 255,
       62, 234, 225, 153, 48, 109, 240, 238, 126, 128, 44, 146, 163, 57,
       109, 34, 205, 167, 52, 15, 107, 184, 118, 232, 247, 236, 211, 97,
       217, 114, 93, 196, 126, 254, 201, 242, 205, 8, 236, 175, 231, 180,
       205, 187, 114, 49, 66, 239, 128, 19, 189, 157, 134, 175, 94, 61,
       8, 13, 174, 168, 94, 132, 129, 66, 232, 21, 214, 40, 203, 179, 44,
       22, 29, 127, 218, 92, 219, 14, 109, 107, 237, 103, 172, 15, 79,
       184, 108, 232, 55, 204, 211, 33, 209, 51, 30, 68, 124, 110, 201,
       240, 253, 40, 236, 223, 101, 180, 78, 251, 82, 49 ]
