%YAML:1.0
---
descriptors: !!opencv-matrix
   rows: 27
   cols: 32
   dt: u
   data: [ 65, 185, 191, 117, 32, 204, 117, 55, 232, 201, 110, 8, 182,
       189, 2, 50, 128, 55, 121, 9, 213, 249, 178, 109, 229, 189, 84, 0,
       64, 0, 131, 107, 80, 188, 19, 248, 147, 236, 17, 71, 191, 1, 104,
       24, 190, 179, 32, 112, 163, 59, 216, 16, 19, 11, 18, 87, 153, 245,
       18, 74, 152, 0, 167, 59, 57, 15, 107, 238, 180, 163, 239, 119, 84,
       8, 222, 230, 113, 235, 177, 96, 126, 234, 30, 172, 185, 179, 45,
       191, 240, 239, 162, 128, 191, 250, 240, 161, 0, 147, 25, 251, 61,
       201, 49, 175, 94, 29, 72, 48, 182, 183, 40, 96, 211, 27, 162, 0,
       18, 56, 99, 183, 205, 150, 18, 107, 16, 8, 133, 235, 127, 28, 111,
       198, 119, 86, 251, 112, 169, 206, 223, 167, 104, 108, 183, 119,
       254, 245, 255, 231, 237, 131, 180, 238, 115, 127, 203, 131, 39,
       167, 116, 119, 116, 169, 156, 62, 141, 221, 212, 237, 238, 177,
       168, 9, 98, 248, 70, 18, 136, 227, 104, 81, 94, 107, 218, 49, 155,
       223, 85, 127, 209, 26, 202, 14, 224, 123, 151, 84, 233, 159, 100,
       182, 235, 184, 38, 108, 142, 177, 69, 223, 129, 116, 238, 88, 65,
       121, 144, 232, 63, 210, 85, 50, 202, 120, 74, 61, 255, 92, 103,
       222, 127, 246, 251, 112, 169, 206, 223, 135, 120, 254, 55, 118,
       238, 245, 255, 231, 173, 135, 180, 238, 83, 127, 138, 139, 7, 167,
       118, 119, 62, 54, 114, 92, 117, 187, 210, 120, 157, 140, 253, 109,
       74, 249, 175, 148, 222, 188, 199, 50, 188, 179, 66, 206, 26, 254,
       33, 219, 195, 239, 110, 135, 44, 159, 88, 190, 246, 155, 86, 249,
       23, 142, 125, 235, 111, 249, 163, 208, 223, 251, 135, 35, 108,
       182, 72, 159, 250, 199, 45, 173, 116, 234, 140, 131, 37, 204, 243,
       95, 213, 247, 167, 230, 95, 194, 123, 66, 232, 252, 181, 228, 217,
       122, 18, 138, 195, 184, 126, 239, 47, 62, 150, 2, 211, 127, 240,
       172, 110, 56, 226, 90, 77, 253, 176, 66, 171, 95, 189, 141, 40,
       220, 119, 190, 201, 243, 243, 147, 134, 103, 186, 241, 23, 86,
       218, 187, 215, 77, 95, 222, 34, 142, 233, 185, 252, 163, 235, 223,
       86, 75, 216, 246, 177, 201, 176, 96, 93, 170, 23, 157, 187, 190,
       109, 255, 236, 142, 190, 192, 149, 136, 240, 233, 61, 157, 107,
       231, 54, 110, 239, 248, 100, 108, 255, 166, 91, 53, 187, 100, 126,
       220, 23, 238, 217, 176, 61, 13, 117, 173, 163, 132, 103, 235, 116,
       241, 220, 72, 190, 126, 9, 212, 86, 224, 181, 142, 230, 9, 246,
       211, 35, 91, 200, 240, 237, 66, 104, 71, 218, 40, 243, 243, 198,
       27, 0, 49, 108, 10, 128, 132, 25, 251, 249, 237, 176, 207, 206,
       49, 41, 24, 156, 215, 104, 104, 137, 27, 194, 16, 50, 56, 90, 215,
       141, 148, 23, 111, 144, 72, 133, 162, 34, 189, 61, 250, 221, 237,
       181, 239, 206, 31, 216, 27, 164, 253, 116, 0, 201, 27, 147, 17,
       82, 42, 90, 247, 125, 20, 30, 123, 209, 72, 213, 234, 11, 159,
       162, 159, 221, 181, 190, 239, 31, 69, 88, 199, 172, 232, 54, 192,
       221, 107, 179, 149, 214, 152, 87, 243, 46, 118, 158, 139, 158, 94,
       185, 222, 253, 213, 84, 126, 175, 91, 85, 189, 133, 126, 183, 56,
       111, 113, 138, 183, 19, 214, 252, 106, 124, 101, 107, 157, 242,
       219, 101, 151, 118, 254, 216, 67, 87, 21, 138, 134, 146, 182, 106,
       81, 53, 192, 207, 199, 221, 226, 59, 96, 118, 237, 17, 191, 173,
       144, 156, 206, 186, 108, 143, 8, 172, 231, 56, 84, 234, 183, 239,
       150, 234, 241, 189, 87, 139, 255, 28, 255, 172, 188, 230, 10, 175,
       55, 247, 17, 182, 75, 166, 194, 126, 17, 127, 171, 199, 68, 135,
       223, 106, 183, 110, 26, 251, 249, 177, 239, 235, 93, 124, 253, 40,
       236, 222, 19, 175, 123, 231, 5, 182, 107, 174, 245, 94, 87, 124,
       235, 199, 76, 159, 223, 45, 203, 132, 62, 205, 159, 198, 252, 199,
       152, 104, 77, 98, 105, 53, 134, 136, 98, 226, 79, 212, 107, 90,
       189, 47, 95, 69, 59, 219, 127, 218, 142, 171, 254, 226, 215, 71,
       183, 174, 246, 95, 226, 84, 151, 104, 172, 183, 165, 127, 234,
       147, 143, 229, 254, 52, 235, 38, 94, 223, 130, 207, 252, 120, 220,
       189, 60, 53, 113, 189, 191, 83, 186, 95, 250, 190, 92, 219, 57,
       85, 185, 157, 100, 93, 62, 185, 116, 121, 190, 207, 219, 101, 244,
       218, 253, 80, 115, 47, 223, 250, 196, 230, 25, 254, 243, 91, 111,
       124, 239, 28, 252, 246, 32, 191, 255, 183, 135, 213, 58, 172, 242,
       126, 93, 175, 175, 221, 255, 219, 213, 129, 237, 195, 157, 214,
       171, 166, 230, 126, 160, 74, 66, 177, 130, 145, 228, 121, 110, 42,
       216, 99, 252, 69, 127, 44, 38, 151, 64, 57, 25, 241, 168 ]
keypoints: !!opencv-matrix
   rows: 27
   cols: 2
   dt: d
   data: [ 121., 193., 2.1360000610351562e+02, 1.2120000457763672e+02,
       7.3200004577636719e+01, 156., 2.1720001220703125e+02,
       2.3160000610351562e+02, 1.2720000457763672e+02,
       1.6440000915527344e+02, 1.7280000305175781e+02,
       1.6680000305175781e+02, 1.1520000457763672e+02,
       1.8720001220703125e+02, 1.2672000122070312e+02,
       1.6416000366210938e+02, 1.9296000671386719e+02,
       1.3824000549316406e+02, 1.9008001708984375e+02,
       1.2787200927734375e+02, 1.8316801452636719e+02,
       1.2096001434326172e+02, 1.0022400665283203e+02,
       1.6588801574707031e+02, 1.5724801635742188e+02,
       1.2614401245117188e+02, 1.8662402343750000e+02,
       2.1600001525878906e+02, 1.5966722106933594e+02,
       2.3431683349609375e+02, 2.1565443420410156e+02,
       2.3016963195800781e+02, 2.0736003112792969e+02,
       2.2809603881835938e+02, 1.7832962036132812e+02,
       1.1612161254882812e+02, 1.0575361633300781e+02,
       1.7832962036132812e+02, 1.2026881408691406e+02,
       1.9284483337402344e+02, 8.2944015502929688e+01,
       1.8040322875976562e+02, 8.7091217041015625e+01,
       1.8662403869628906e+02, 2.1499090576171875e+02,
       1.1943939208984375e+02, 2.8068255615234375e+02,
       1.5527120971679688e+02, 1.3138333129882812e+02,
       1.5825720214843750e+02, 1.0152348327636719e+02,
       1.6422915649414062e+02, 2.1499090576171875e+02,
       1.8274227905273438e+02 ]
