%YAML:1.0
---
descriptors: !!opencv-matrix
   rows: 32
   cols: 32
   dt: u
   data: [ 254, 188, 148, 178, 169, 237, 92, 207, 187, 187, 160, 57, 143,
       247, 72, 159, 197, 211, 236, 144, 62, 79, 202, 178, 155, 210, 93,
       127, 210, 85, 142, 3, 181, 77, 101, 79, 6, 27, 230, 248, 84, 226,
       250, 194, 115, 104, 157, 161, 120, 228, 110, 239, 237, 180, 109,
       47, 52, 171, 101, 4, 125, 251, 112, 36, 124, 188, 254, 122, 137,
       253, 85, 207, 243, 63, 165, 25, 47, 253, 66, 27, 129, 243, 253,
       18, 62, 111, 186, 179, 219, 223, 85, 123, 234, 85, 206, 90, 110,
       237, 196, 158, 221, 241, 158, 238, 159, 182, 156, 171, 232, 254,
       87, 134, 89, 243, 251, 227, 110, 75, 223, 191, 190, 86, 207, 59,
       23, 127, 156, 222, 222, 117, 246, 142, 155, 83, 158, 236, 191,
       166, 191, 171, 76, 254, 47, 214, 127, 213, 255, 227, 108, 195,
       221, 254, 187, 119, 207, 159, 39, 119, 175, 70, 33, 235, 123, 234,
       244, 141, 111, 253, 87, 73, 124, 102, 183, 195, 176, 112, 94, 170,
       22, 76, 219, 58, 96, 255, 126, 157, 166, 232, 60, 154, 240, 185,
       30, 7, 75, 237, 114, 34, 111, 113, 60, 4, 95, 231, 77, 71, 177,
       80, 118, 189, 31, 174, 224, 144, 37, 206, 244, 237, 170, 128, 53,
       231, 37, 241, 73, 138, 158, 55, 164, 190, 124, 151, 252, 27, 118,
       68, 183, 40, 19, 123, 133, 231, 108, 29, 156, 248, 209, 32, 238,
       255, 118, 65, 200, 208, 201, 9, 2, 157, 27, 251, 147, 227, 59,
       103, 28, 1, 74, 50, 188, 247, 32, 96, 247, 59, 155, 128, 51, 152,
       16, 255, 237, 166, 154, 66, 152, 72, 165, 186, 254, 125, 54, 142,
       155, 83, 158, 232, 191, 166, 191, 139, 204, 254, 47, 215, 255,
       245, 239, 227, 108, 67, 219, 254, 251, 119, 207, 63, 7, 119, 175,
       70, 246, 253, 182, 190, 221, 211, 94, 236, 159, 134, 189, 9, 238,
       254, 47, 151, 217, 245, 239, 227, 108, 67, 219, 254, 251, 246,
       207, 59, 19, 127, 174, 198, 35, 175, 97, 201, 245, 147, 170, 231,
       94, 65, 120, 230, 169, 200, 180, 160, 254, 43, 146, 149, 215, 186,
       108, 255, 46, 93, 174, 226, 93, 14, 249, 157, 234, 253, 180, 190,
       189, 125, 86, 174, 31, 183, 188, 25, 238, 126, 78, 148, 217, 211,
       255, 67, 126, 74, 219, 191, 187, 215, 221, 63, 146, 124, 158, 94,
       72, 60, 158, 114, 137, 237, 48, 71, 191, 159, 175, 29, 174, 247,
       75, 27, 161, 51, 235, 16, 50, 105, 154, 113, 219, 211, 84, 123,
       200, 65, 143, 27, 237, 166, 252, 115, 249, 249, 112, 155, 255,
       191, 61, 56, 223, 251, 202, 187, 135, 31, 238, 24, 182, 124, 235,
       147, 206, 223, 117, 119, 194, 192, 207, 195, 126, 172, 144, 178,
       185, 253, 84, 207, 187, 187, 168, 25, 142, 186, 64, 154, 137, 211,
       236, 16, 30, 75, 218, 178, 155, 215, 29, 127, 210, 84, 142, 14,
       146, 143, 79, 236, 146, 194, 47, 39, 20, 1, 206, 179, 117, 103,
       160, 65, 118, 178, 159, 160, 121, 153, 33, 255, 249, 231, 170,
       193, 52, 130, 180, 121, 185, 143, 79, 238, 150, 2, 111, 243, 117,
       0, 250, 242, 115, 43, 176, 97, 126, 198, 31, 238, 249, 191, 13,
       191, 242, 239, 162, 192, 61, 138, 240, 40, 84, 189, 159, 186, 139,
       237, 49, 203, 191, 87, 169, 57, 190, 247, 106, 27, 163, 115, 235,
       16, 54, 75, 154, 113, 217, 210, 95, 123, 192, 65, 167, 82, 242,
       64, 86, 188, 111, 75, 88, 104, 175, 180, 178, 11, 78, 202, 125,
       215, 250, 229, 239, 99, 104, 231, 219, 221, 148, 242, 203, 31, 52,
       40, 78, 6, 218, 220, 182, 189, 13, 94, 84, 167, 189, 94, 198, 19,
       239, 255, 34, 223, 227, 245, 237, 162, 108, 205, 243, 227, 147,
       243, 222, 19, 34, 124, 173, 94, 41, 251, 120, 69, 114, 15, 127,
       249, 33, 236, 124, 237, 57, 7, 151, 20, 62, 236, 87, 108, 193,
       154, 117, 77, 102, 140, 37, 164, 111, 178, 66, 249, 145, 143, 79,
       253, 150, 130, 239, 119, 117, 2, 242, 246, 115, 107, 176, 97, 127,
       162, 31, 174, 249, 188, 5, 223, 244, 235, 238, 128, 61, 168, 241,
       48, 218, 220, 182, 191, 13, 126, 116, 167, 191, 126, 198, 17, 239,
       254, 6, 223, 225, 247, 237, 131, 108, 205, 243, 227, 151, 243,
       222, 19, 2, 124, 173, 94, 242, 253, 253, 247, 189, 239, 84, 175,
       31, 55, 184, 25, 239, 125, 74, 25, 219, 223, 253, 1, 126, 126,
       219, 191, 239, 215, 85, 119, 208, 88, 214, 90, 153, 135, 108, 171,
       150, 163, 251, 255, 86, 65, 223, 183, 243, 104, 58, 64, 127, 139,
       23, 245, 190, 184, 77, 191, 236, 77, 174, 197, 253, 143, 249, 219,
       210, 0, 86, 140, 111, 75, 248, 104, 45, 162, 242, 171, 78, 138,
       133, 223, 250, 133, 239, 161, 68, 231, 199, 216, 148, 178, 203,
       31, 21, 44, 111, 7, 205, 223, 87, 87, 163, 190, 63, 183, 189, 150,
       106, 244, 237, 99, 165, 199, 39, 119, 174, 106, 241, 252, 63, 254,
       46, 251, 119, 66, 206, 245, 161, 61, 209, 206, 95, 255, 46, 10,
       111, 191, 252, 82, 214, 246, 253, 99, 176, 99, 103, 231, 127, 174,
       233, 197, 45, 239, 244, 235, 238, 144, 60, 240, 225, 41, 76, 188,
       254, 243, 169, 252, 120, 147, 191, 255, 190, 17, 175, 255, 66, 91,
       167, 255, 253, 16, 30, 105, 218, 224, 207, 255, 87, 107, 194, 197,
       143, 83, 218, 220, 182, 191, 173, 124, 116, 135, 191, 23, 150, 17,
       239, 254, 66, 91, 227, 247, 253, 129, 108, 77, 211, 227, 215, 243,
       222, 27, 162, 124, 173, 94, 11, 166, 109, 249, 118, 187, 249, 254,
       31, 113, 124, 215, 153, 12, 188, 33, 95, 155, 23, 189, 163, 252,
       101, 223, 78, 91, 186, 196, 255, 204, 81, 253 ]
keypoints: !!opencv-matrix
   rows: 32
   cols: 2
   dt: d
   data: [ 51., 175., 45., 227., 57., 170., 306., 89., 307., 84., 80.,
       86., 54., 229., 111., 157., 7.0800003051757812e+01,
       8.6400001525878906e+01, 3.0720001220703125e+02, 84.,
       3.0816000366210938e+02, 8.3520004272460938e+01,
       7.9200004577636719e+01, 8.6400001525878906e+01,
       3.0672000122070312e+02, 8.7840003967285156e+01, 324.,
       2.3328001403808594e+02, 2.9808001708984375e+02,
       9.3600006103515625e+01, 5.0400001525878906e+01,
       1.7568000793457031e+02, 7.0848007202148438e+01,
       8.6400009155273438e+01, 1.0886401367187500e+02,
       8.6400009155273438e+01, 3.2313601684570312e+02,
       2.3500802612304688e+02, 3.1104003906250000e+02,
       1.9353601074218750e+02, 3.0067202758789062e+02,
       1.0540801239013672e+02, 8.1216011047363281e+01,
       1.5897601318359375e+02, 1.0990081787109375e+02,
       8.7091209411621094e+01, 3.0274563598632812e+02,
       1.0575361633300781e+02, 3.0481924438476562e+02,
       8.7091209411621094e+01, 7.8796813964843750e+01,
       8.7091209411621094e+01, 3.1104003906250000e+02,
       1.9491842651367188e+02, 1.2441603088378906e+02,
       1.4183427429199219e+02, 1.0948610687255859e+02,
       8.7091217041015625e+01, 2.9859848022460938e+02,
       9.7044502258300781e+01, 3.0108679199218750e+02,
       1.0699778747558594e+02, 1.2192771148681641e+02,
       9.4556182861328125e+01 ]
