%YAML:1.0
---
descriptors: !!opencv-matrix
   rows: 83
   cols: 32
   dt: u
   data: [ 252, 65, 118, 238, 15, 86, 94, 248, 177, 166, 231, 10, 91, 55,
       35, 219, 112, 212, 237, 234, 104, 199, 185, 204, 243, 235, 199,
       21, 35, 191, 116, 34, 133, 164, 221, 241, 236, 41, 233, 27, 254,
       179, 179, 88, 157, 163, 216, 43, 43, 15, 110, 28, 51, 116, 207,
       210, 204, 154, 119, 100, 204, 201, 131, 160, 77, 32, 153, 231,
       242, 46, 104, 25, 58, 179, 107, 80, 221, 51, 72, 250, 183, 95,
       116, 56, 19, 208, 153, 66, 207, 239, 55, 68, 168, 227, 139, 161,
       132, 253, 21, 187, 153, 133, 166, 236, 158, 17, 160, 74, 180, 210,
       40, 197, 220, 123, 74, 81, 115, 11, 90, 253, 173, 144, 15, 126,
       24, 26, 129, 136, 124, 117, 120, 101, 180, 79, 87, 188, 96, 164,
       190, 8, 211, 53, 3, 48, 24, 212, 76, 106, 104, 176, 249, 14, 231,
       237, 37, 20, 97, 250, 70, 98, 181, 207, 93, 255, 4, 139, 70, 176,
       221, 58, 179, 122, 211, 97, 177, 123, 106, 228, 14, 106, 233, 244,
       77, 189, 228, 235, 101, 20, 125, 251, 208, 32, 34, 184, 151, 184,
       106, 143, 184, 99, 191, 59, 242, 249, 44, 191, 164, 9, 239, 187,
       255, 1, 58, 219, 66, 213, 156, 18, 95, 234, 192, 12, 35, 185, 5,
       49, 123, 161, 86, 194, 185, 81, 228, 192, 120, 99, 213, 220, 57,
       32, 254, 61, 19, 177, 129, 178, 20, 12, 229, 140, 171, 164, 77,
       34, 35, 179, 242, 32, 213, 229, 102, 74, 232, 64, 105, 176, 178,
       26, 15, 11, 85, 27, 170, 149, 93, 177, 8, 246, 197, 192, 151, 216,
       219, 38, 101, 160, 98, 2, 202, 38, 222, 21, 235, 56, 176, 3, 187,
       31, 22, 181, 140, 170, 198, 223, 167, 23, 239, 17, 52, 77, 135,
       192, 22, 115, 122, 131, 166, 68, 175, 7, 40, 171, 152, 91, 217,
       221, 87, 165, 239, 29, 108, 8, 162, 242, 6, 48, 200, 170, 194, 80,
       30, 42, 106, 61, 111, 221, 20, 123, 210, 2, 206, 134, 253, 65, 73,
       100, 52, 31, 75, 56, 69, 232, 247, 76, 211, 13, 147, 240, 88, 196,
       92, 110, 205, 178, 117, 30, 243, 237, 161, 148, 114, 171, 90, 96,
       34, 178, 215, 185, 106, 137, 184, 67, 190, 17, 210, 243, 188, 159,
       160, 72, 238, 57, 255, 149, 3, 218, 66, 213, 156, 50, 122, 202, 4,
       8, 35, 185, 74, 188, 151, 178, 49, 236, 48, 7, 191, 91, 114, 57,
       190, 191, 32, 216, 135, 59, 255, 17, 51, 221, 146, 195, 205, 247,
       26, 195, 138, 68, 135, 59, 1, 203, 127, 101, 116, 10, 111, 180,
       109, 200, 126, 100, 243, 99, 144, 116, 86, 228, 4, 110, 193, 184,
       101, 45, 230, 190, 37, 128, 108, 178, 66, 41, 1, 130, 151, 157,
       58, 139, 184, 99, 190, 177, 242, 64, 172, 162, 160, 207, 231, 37,
       110, 40, 49, 251, 195, 221, 152, 178, 91, 82, 152, 40, 33, 141,
       109, 79, 121, 103, 52, 10, 111, 188, 105, 232, 126, 108, 243, 97,
       145, 115, 18, 228, 76, 110, 201, 176, 237, 44, 230, 249, 101, 128,
       110, 179, 66, 105, 124, 94, 221, 101, 41, 46, 79, 24, 35, 238,
       190, 76, 255, 39, 1, 30, 52, 212, 236, 106, 9, 82, 217, 8, 215,
       247, 97, 180, 234, 243, 6, 121, 3, 182, 134, 145, 195, 188, 188,
       7, 187, 19, 74, 213, 172, 170, 86, 206, 167, 47, 163, 149, 183,
       216, 150, 194, 14, 118, 222, 66, 138, 196, 171, 156, 108, 227, 52,
       69, 173, 31, 214, 184, 203, 184, 190, 8, 195, 105, 93, 151, 137,
       196, 236, 106, 216, 99, 203, 156, 255, 217, 69, 125, 74, 175, 90,
       6, 129, 174, 199, 157, 222, 163, 109, 255, 62, 179, 66, 246, 253,
       227, 128, 65, 115, 111, 42, 156, 51, 216, 143, 255, 108, 166, 255,
       96, 188, 224, 161, 168, 136, 192, 121, 89, 176, 219, 81, 191, 118,
       61, 102, 16, 179, 23, 136, 112, 19, 26, 44, 24, 114, 252, 97, 55,
       239, 223, 52, 117, 114, 136, 196, 40, 120, 53, 120, 101, 180, 79,
       71, 61, 96, 172, 254, 8, 243, 53, 129, 48, 24, 212, 68, 106, 72,
       178, 249, 12, 231, 239, 37, 20, 99, 250, 70, 43, 109, 37, 251, 65,
       244, 123, 103, 144, 97, 168, 62, 104, 211, 49, 209, 180, 26, 220,
       84, 120, 153, 242, 229, 8, 111, 157, 37, 100, 227, 243, 66, 33,
       209, 88, 157, 118, 40, 108, 85, 156, 240, 250, 166, 24, 119, 243,
       73, 123, 1, 244, 124, 106, 105, 101, 187, 34, 209, 171, 117, 24,
       104, 241, 66, 34, 125, 94, 221, 251, 170, 35, 94, 158, 23, 242,
       188, 254, 211, 51, 201, 91, 79, 199, 124, 190, 249, 70, 77, 50,
       238, 207, 247, 180, 189, 249, 136, 1, 193, 168, 157, 184, 168,
       173, 96, 150, 254, 27, 162, 88, 182, 163, 64, 91, 129, 38, 110,
       24, 51, 109, 210, 113, 157, 178, 114, 120, 200, 64, 195, 41, 87,
       201, 109, 167, 54, 14, 239, 168, 40, 240, 131, 130, 221, 62, 29,
       99, 38, 213, 121, 239, 225, 209, 61, 108, 253, 42, 207, 20, 5,
       179, 1, 104, 94, 75, 227, 78, 82, 82, 175, 224, 177, 132, 254,
       226, 105, 231, 165, 246, 118, 253, 133, 226, 64, 131, 166, 234,
       50, 164, 174, 139, 39, 243, 39, 237, 58, 253, 96, 229, 87, 223,
       183, 55, 5, 228, 222, 175, 171, 61, 18, 164, 44, 190, 215, 193,
       233, 184, 245, 175, 231, 197, 156, 147, 111, 28, 158, 254, 247,
       75, 99, 5, 22, 10, 206, 184, 97, 224, 218, 239, 115, 72, 149, 98,
       126, 228, 92, 239, 205, 179, 205, 238, 52, 40, 165, 148, 109, 187,
       114, 92, 105, 107, 109, 101, 100, 10, 111, 188, 97, 224, 114, 236,
       243, 97, 145, 51, 26, 236, 68, 110, 201, 176, 237, 44, 230, 249,
       101, 0, 110, 178, 82, 40, 1, 207, 123, 77, 52, 10, 111, 188, 101,
       64, 126, 196, 243, 65, 148, 116, 114, 108, 28, 110, 193, 184, 101,
       79, 38, 252, 34, 128, 111, 186, 64, 44, 252, 99, 96, 236, 61, 21,
       74, 88, 67, 168, 177, 73, 131, 200, 89, 178, 216, 196, 221, 243,
       206, 39, 219, 152, 147, 221, 129, 189, 123, 175, 90, 2, 3, 2, 215,
       153, 122, 139, 185, 83, 190, 17, 194, 210, 188, 135, 128, 73, 110,
       57, 123, 157, 3, 216, 71, 213, 196, 50, 218, 192, 28, 136, 1, 169,
       193, 18, 151, 149, 42, 142, 176, 51, 188, 59, 242, 112, 188, 50,
       128, 239, 231, 55, 110, 0, 49, 221, 67, 197, 140, 242, 122, 194,
       138, 0, 33, 45, 124, 225, 120, 102, 61, 31, 86, 184, 67, 168, 189,
       8, 219, 73, 217, 178, 152, 196, 236, 122, 204, 35, 201, 28, 251,
       221, 37, 125, 98, 187, 90, 2, 73, 188, 151, 181, 57, 237, 112, 39,
       255, 171, 170, 28, 191, 178, 64, 242, 131, 39, 124, 8, 51, 216,
       211, 195, 141, 255, 18, 114, 136, 64, 131, 43, 17, 162, 135, 157,
       28, 7, 105, 123, 54, 179, 66, 214, 125, 227, 8, 109, 113, 142, 42,
       140, 51, 216, 23, 223, 29, 38, 215, 0, 187, 128, 33, 168, 57, 221,
       49, 125, 17, 142, 71, 182, 119, 73, 254, 68, 59, 53, 0, 244, 84,
       246, 60, 72, 235, 184, 113, 63, 227, 255, 48, 82, 122, 144, 192,
       57, 93, 92, 111, 103, 21, 30, 106, 48, 117, 200, 239, 68, 91, 96,
       151, 244, 52, 228, 124, 110, 237, 145, 53, 14, 226, 239, 33, 16,
       107, 183, 120, 53, 208, 168, 150, 184, 168, 168, 72, 135, 175, 19,
       162, 216, 167, 162, 64, 91, 131, 39, 104, 20, 50, 77, 130, 113,
       144, 178, 90, 120, 128, 64, 131, 8, 33, 95, 103, 79, 116, 139,
       235, 112, 109, 72, 126, 228, 243, 69, 181, 52, 94, 40, 86, 110,
       225, 176, 101, 29, 102, 158, 32, 128, 95, 138, 82, 249, 33, 186,
       123, 235, 116, 143, 123, 112, 101, 76, 125, 68, 56, 215, 160, 48,
       126, 56, 22, 110, 195, 186, 48, 253, 71, 157, 32, 192, 83, 139,
       98, 241, 90, 248, 187, 250, 11, 245, 185, 198, 143, 89, 132, 35,
       188, 223, 96, 104, 231, 51, 251, 209, 3, 11, 186, 241, 219, 213,
       26, 251, 154, 7, 37, 251, 54, 48, 112, 225, 103, 79, 250, 72, 41,
       36, 177, 11, 142, 30, 87, 148, 234, 157, 223, 227, 92, 51, 208,
       208, 151, 216, 138, 127, 117, 15, 127, 134, 10, 248, 191, 186, 79,
       209, 185, 196, 143, 85, 149, 163, 172, 223, 110, 14, 239, 51, 251,
       209, 2, 75, 186, 241, 223, 85, 158, 251, 151, 30, 165, 251, 163,
       123, 247, 69, 116, 26, 224, 86, 121, 232, 118, 100, 10, 24, 150,
       183, 46, 172, 86, 72, 133, 248, 165, 200, 22, 56, 48, 130, 79,
       132, 122, 141, 105, 73, 111, 101, 100, 10, 111, 188, 96, 224, 118,
