%YAML:1.0
---
descriptors: !!opencv-matrix
   rows: 10
   cols: 32
   dt: u
   data: [ 104, 184, 188, 122, 137, 221, 16, 143, 139, 63, 164, 57, 174,
       255, 66, 27, 129, 115, 233, 16, 18, 79, 218, 49, 219, 211, 93,
       123, 210, 4, 143, 11, 34, 160, 86, 168, 107, 3, 152, 104, 191,
       160, 240, 137, 78, 222, 44, 145, 222, 29, 255, 101, 68, 195, 2,
       220, 154, 218, 11, 191, 84, 12, 43, 135, 109, 99, 56, 103, 52, 31,
       99, 56, 109, 172, 255, 8, 223, 83, 137, 116, 18, 204, 108, 106,
       200, 176, 233, 12, 229, 189, 35, 52, 64, 179, 67, 33, 70, 160,
       134, 158, 27, 137, 162, 232, 190, 144, 129, 3, 236, 226, 105, 199,
       241, 105, 234, 243, 102, 65, 138, 253, 188, 6, 207, 111, 128, 38,
       43, 134, 74, 188, 63, 246, 49, 236, 49, 55, 189, 9, 122, 49, 190,
       191, 32, 112, 132, 59, 221, 1, 51, 136, 18, 199, 207, 247, 26,
       203, 2, 64, 135, 59, 50, 32, 86, 172, 43, 3, 152, 72, 13, 160,
       240, 139, 15, 159, 36, 144, 254, 157, 255, 33, 12, 163, 67, 212,
       146, 216, 11, 191, 85, 40, 43, 131, 61, 99, 120, 103, 116, 31, 99,
       184, 101, 172, 255, 8, 223, 67, 155, 52, 26, 204, 76, 106, 201,
       178, 105, 12, 247, 253, 33, 20, 99, 171, 70, 161, 74, 149, 19,
       250, 155, 228, 48, 103, 189, 25, 201, 17, 172, 255, 32, 80, 165,
       59, 251, 1, 18, 11, 18, 247, 209, 247, 26, 75, 16, 4, 165, 59,
       203, 144, 150, 250, 57, 188, 56, 130, 191, 27, 3, 20, 156, 214,
       104, 236, 165, 19, 249, 20, 55, 77, 146, 211, 137, 247, 90, 74,
       152, 1, 41, 22, 66, 177, 23, 222, 11, 192, 53, 103, 174, 23, 224,
       177, 172, 214, 40, 211, 227, 51, 235, 128, 82, 75, 162, 245, 177,
       178, 90, 11, 16, 0, 167, 123 ]
keypoints: !!opencv-matrix
   rows: 10
   cols: 2
   dt: d
   data: [ 1.9008000183105469e+02, 2.4048001098632812e+02,
       8.9280006408691406e+01, 1.6272000122070312e+02,
       6.0480003356933594e+01, 1.6127999877929688e+02,
       8.8128005981445312e+01, 1.6934400939941406e+02,
       1.1232000732421875e+02, 1.6243202209472656e+02,
       8.9856010437011719e+01, 1.6243202209472656e+02,
       6.0480007171630859e+01, 1.6070401000976562e+02,
       1.1197441864013672e+02, 1.6174082946777344e+02,
       9.5551513671875000e+01, 1.6124317932128906e+02,
       1.1107863616943359e+02, 1.6840954589843750e+02 ]
