%YAML:1.0
---
descriptors: !!opencv-matrix
   rows: 174
   cols: 32
   dt: u
   data: [ 168, 188, 219, 121, 226, 232, 97, 19, 114, 11, 116, 112, 51,
       183, 192, 120, 55, 62, 38, 24, 51, 254, 160, 19, 79, 239, 112,
       232, 224, 192, 230, 169, 252, 112, 252, 227, 41, 111, 83, 152, 35,
       186, 165, 24, 223, 95, 75, 59, 157, 212, 253, 114, 40, 70, 249,
       48, 207, 219, 101, 61, 226, 243, 70, 115, 226, 172, 150, 220, 221,
       253, 180, 231, 191, 23, 234, 25, 172, 254, 102, 216, 233, 251,
       251, 1, 54, 239, 146, 243, 187, 246, 94, 59, 146, 92, 239, 142,
       234, 164, 180, 250, 201, 245, 84, 239, 159, 31, 164, 25, 174, 253,
       110, 159, 201, 147, 235, 17, 62, 111, 210, 243, 155, 211, 94, 123,
       210, 76, 175, 142, 220, 187, 90, 172, 178, 142, 86, 241, 61, 8,
       190, 237, 255, 83, 0, 208, 182, 247, 204, 112, 127, 139, 17, 47,
       250, 229, 38, 209, 40, 130, 171, 19, 192, 170, 175, 54, 170, 232,
       189, 135, 190, 95, 130, 181, 181, 238, 82, 75, 167, 103, 107, 149,
       178, 77, 175, 33, 93, 34, 126, 249, 132, 64, 167, 251, 118, 237,
       115, 238, 252, 11, 238, 252, 63, 160, 251, 202, 123, 235, 169, 80,
       123, 255, 127, 234, 72, 179, 137, 255, 190, 254, 167, 188, 53,
       251, 242, 168, 91, 204, 134, 175, 185, 178, 42, 143, 174, 3, 202,
       128, 253, 246, 176, 228, 247, 119, 253, 141, 27, 139, 235, 247,
       184, 247, 159, 218, 156, 86, 161, 44, 93, 77, 239, 71, 150, 126,
       111, 191, 112, 224, 110, 130, 115, 101, 151, 48, 50, 238, 52, 238,
       201, 144, 189, 46, 115, 239, 165, 0, 103, 243, 226, 104, 55, 205,
       99, 206, 214, 131, 238, 252, 87, 128, 248, 194, 113, 232, 181, 32,
       122, 234, 23, 239, 203, 186, 12, 255, 62, 12, 167, 168, 117, 251,
       240, 168, 55, 205, 98, 158, 214, 131, 238, 230, 86, 0, 88, 130,
       97, 232, 53, 64, 121, 234, 19, 207, 242, 186, 12, 255, 60, 46,
       143, 136, 245, 255, 240, 136, 83, 140, 174, 223, 157, 182, 196,
       175, 238, 151, 206, 6, 225, 226, 62, 230, 97, 230, 232, 136, 60,
       201, 255, 239, 171, 239, 223, 27, 178, 118, 249, 14, 2, 141, 2,
       159, 215, 178, 174, 231, 28, 0, 90, 130, 104, 234, 52, 196, 121,
       107, 147, 195, 114, 154, 14, 255, 44, 38, 142, 194, 21, 94, 177,
       140, 244, 111, 157, 167, 172, 14, 78, 188, 56, 190, 179, 93, 215,
       99, 9, 19, 149, 197, 77, 110, 108, 102, 201, 46, 236, 211, 101,
       52, 192, 243, 194, 1, 38, 225, 165, 163, 157, 15, 206, 168, 87,
       244, 169, 13, 195, 108, 93, 128, 217, 72, 107, 127, 207, 98, 91,
       158, 175, 222, 133, 124, 217, 63, 86, 244, 28, 117, 115, 103, 19,
       15, 191, 120, 116, 128, 123, 3, 95, 221, 57, 32, 62, 93, 21, 227,
       192, 240, 29, 14, 241, 239, 43, 4, 103, 51, 35, 163, 45, 103, 37,
       103, 61, 31, 206, 184, 87, 164, 185, 77, 195, 104, 95, 128, 216,
       76, 75, 111, 204, 112, 121, 158, 239, 221, 133, 52, 95, 63, 82,
       198, 41, 237, 58, 126, 253, 221, 117, 183, 233, 69, 108, 9, 186,
       253, 22, 48, 136, 106, 211, 76, 198, 168, 242, 61, 103, 221, 20,
       57, 66, 156, 206, 218, 92, 85, 19, 238, 19, 70, 118, 120, 181,
       128, 239, 0, 223, 247, 41, 244, 50, 253, 252, 234, 73, 131, 155,
       206, 243, 253, 7, 15, 42, 179, 43, 34, 109, 101, 120, 71, 117, 31,
       103, 184, 121, 168, 127, 76, 218, 88, 159, 180, 152, 204, 70, 110,
       205, 176, 249, 14, 39, 253, 5, 22, 74, 187, 90, 164, 248, 157, 28,
       126, 169, 44, 84, 191, 131, 26, 164, 24, 127, 115, 8, 83, 133,
       214, 237, 42, 120, 111, 219, 61, 243, 251, 85, 57, 122, 248, 202,
       11, 69, 181, 221, 65, 178, 46, 47, 185, 104, 225, 43, 116, 213,
       51, 200, 115, 23, 84, 120, 58, 177, 208, 253, 78, 108, 174, 39,
       68, 136, 227, 131, 49, 114, 50, 125, 80, 40, 220, 80, 17, 171,
       253, 181, 108, 14, 159, 196, 58, 134, 149, 236, 16, 143, 67, 178,
       64, 219, 216, 17, 251, 226, 128, 70, 119, 21, 135, 20, 35, 184,
       15, 70, 189, 127, 57, 187, 92, 215, 114, 136, 209, 151, 71, 108,
       46, 191, 104, 73, 63, 168, 222, 53, 246, 88, 10, 200, 13, 96, 168,
       253, 88, 202, 233, 113, 87, 170, 29, 44, 40, 52, 183, 64, 27, 1,
       178, 106, 24, 18, 75, 162, 113, 93, 162, 113, 104, 192, 192, 134,
       107, 246, 253, 188, 58, 171, 253, 151, 236, 155, 255, 173, 57,
       110, 252, 79, 27, 133, 115, 237, 83, 118, 75, 250, 243, 187, 86,
       93, 127, 208, 119, 135, 95, 37, 117, 16, 71, 85, 31, 230, 184,
       124, 232, 107, 76, 210, 112, 29, 52, 176, 76, 66, 110, 229, 176,
       89, 46, 39, 190, 5, 20, 72, 187, 74, 132, 229, 239, 255, 255, 254,
       43, 111, 252, 127, 162, 255, 254, 221, 235, 189, 113, 127, 207,
       127, 234, 241, 247, 207, 254, 254, 255, 239, 188, 181, 251, 209,
       129, 109, 103, 224, 71, 244, 31, 102, 184, 121, 234, 111, 76, 211,
       96, 159, 180, 152, 204, 100, 110, 237, 240, 253, 46, 110, 223, 5,
       20, 74, 251, 90, 132, 171, 174, 239, 255, 236, 168, 237, 223, 191,
       91, 246, 246, 185, 235, 212, 123, 111, 239, 127, 141, 179, 223,
       239, 243, 126, 251, 255, 200, 141, 208, 243, 185, 240, 172, 190,
       120, 171, 236, 81, 199, 186, 23, 164, 24, 63, 255, 64, 27, 163,
       183, 125, 16, 58, 111, 178, 51, 219, 235, 116, 121, 224, 64, 198,
       43, 216, 182, 156, 118, 169, 92, 84, 191, 187, 255, 167, 61, 239,
       247, 74, 159, 167, 215, 236, 16, 126, 77, 251, 35, 251, 243, 85,
       123, 226, 244, 143, 83, 208, 168, 59, 240, 10, 233, 17, 71, 170,
       23, 160, 24, 182, 151, 64, 27, 163, 51, 89, 16, 18, 79, 162, 49,
       209, 129, 122, 123, 128, 0, 167, 170, 240, 136, 158, 252, 168,
       233, 81, 7, 166, 63, 162, 24, 247, 183, 64, 91, 129, 182, 108, 16,
       58, 109, 195, 33, 217, 227, 112, 89, 224, 64, 196, 43, 252, 244,
       252, 118, 169, 125, 85, 191, 179, 255, 165, 189, 111, 245, 202,
       187, 135, 215, 236, 16, 190, 79, 251, 34, 219, 219, 117, 127, 226,
       244, 206, 91, 244, 172, 157, 242, 172, 237, 68, 143, 255, 187,
       162, 24, 215, 243, 64, 27, 129, 247, 108, 16, 62, 111, 219, 51,
       185, 214, 85, 125, 208, 72, 194, 10, 157, 108, 157, 247, 152, 46,
       71, 184, 118, 170, 163, 80, 247, 243, 73, 43, 217, 94, 104, 106,
       41, 240, 217, 46, 233, 239, 103, 20, 192, 115, 163, 160, 93, 69,
       85, 103, 137, 79, 71, 168, 117, 178, 171, 8, 211, 115, 9, 119, 17,
       212, 104, 106, 105, 240, 217, 44, 237, 235, 69, 20, 106, 243, 192,
       32, 44, 225, 57, 107, 93, 77, 71, 168, 71, 32, 45, 8, 243, 81, 73,
       48, 24, 216, 66, 106, 75, 34, 91, 61, 239, 157, 5, 60, 82, 59, 70,
       162, 221, 60, 157, 246, 173, 108, 85, 159, 242, 251, 167, 24, 215,
       245, 73, 59, 129, 215, 124, 16, 59, 101, 251, 34, 219, 203, 117,
       61, 192, 113, 134, 114, 240, 168, 188, 48, 138, 233, 17, 143, 186,
       63, 164, 57, 183, 183, 66, 27, 129, 55, 236, 16, 58, 79, 194, 49,
       217, 195, 117, 121, 192, 64, 143, 10, 13, 117, 49, 71, 244, 79,
       103, 184, 121, 232, 111, 72, 222, 113, 221, 180, 148, 92, 80, 106,
       193, 240, 249, 110, 47, 223, 5, 4, 74, 243, 66, 160, 83, 16, 199,
       133, 34, 106, 45, 50, 45, 194, 70, 196, 221, 38, 130, 127, 38,
       101, 120, 172, 161, 208, 53, 76, 132, 50, 74, 128, 46, 164, 1,
       116, 148, 181, 254, 253, 188, 111, 255, 251, 62, 230, 246, 18,
       247, 255, 90, 67, 255, 223, 127, 163, 120, 244, 251, 31, 249, 239,
       239, 132, 181, 104, 229, 98, 77, 113, 56, 101, 112, 15, 115, 24,
       104, 232, 110, 12, 215, 17, 9, 48, 22, 92, 68, 106, 65, 176, 241,
       12, 103, 185, 33, 4, 72, 179, 67, 178, 124, 117, 125, 231, 168,
       78, 87, 184, 32, 238, 191, 8, 215, 119, 73, 51, 30, 212, 125, 106,
       201, 210, 249, 44, 247, 233, 101, 180, 96, 251, 70, 115, 255, 180,
       253, 114, 187, 125, 81, 187, 187, 123, 173, 24, 94, 255, 78, 63,
       135, 215, 253, 16, 187, 111, 251, 243, 219, 219, 85, 127, 227, 69,
       198, 115, 234, 188, 182, 184, 205, 237, 212, 231, 255, 23, 168,
       25, 174, 190, 102, 91, 201, 187, 251, 17, 62, 111, 210, 243, 155,
