%YAML:1.0
---
descriptors: !!opencv-matrix
   rows: 33
   cols: 32
   dt: u
   data: [ 45, 101, 0, 5, 116, 31, 102, 56, 125, 224, 107, 76, 211, 32,
       31, 180, 144, 76, 64, 110, 197, 176, 93, 12, 38, 188, 5, 4, 74,
       187, 90, 132, 236, 117, 57, 111, 189, 79, 71, 188, 115, 172, 173,
       8, 214, 117, 73, 48, 153, 220, 108, 106, 105, 98, 249, 62, 239,
       255, 5, 60, 66, 123, 198, 98, 76, 247, 253, 103, 168, 78, 127,
       188, 59, 255, 55, 173, 223, 119, 203, 19, 151, 95, 109, 126, 225,
       208, 249, 42, 239, 255, 101, 180, 200, 243, 135, 115, 248, 180,
       156, 117, 57, 46, 81, 59, 243, 187, 166, 28, 191, 179, 66, 27,
       129, 166, 108, 24, 58, 253, 211, 7, 219, 251, 113, 81, 202, 192,
       75, 11, 249, 248, 214, 80, 73, 221, 80, 198, 235, 83, 164, 24, 46,
       179, 68, 191, 161, 178, 236, 0, 47, 111, 178, 241, 155, 219, 84,
       59, 202, 68, 202, 14, 248, 188, 158, 118, 169, 237, 81, 151, 179,
       31, 166, 57, 55, 243, 66, 27, 131, 246, 237, 16, 58, 111, 194, 51,
       219, 227, 112, 121, 224, 64, 206, 11, 208, 168, 158, 248, 138,
       232, 81, 151, 178, 23, 166, 57, 183, 151, 66, 91, 163, 183, 109,
       16, 58, 77, 130, 51, 217, 227, 112, 121, 160, 192, 167, 107, 236,
       103, 156, 39, 172, 15, 86, 184, 51, 170, 191, 77, 207, 107, 75,
       147, 145, 196, 236, 110, 108, 241, 201, 42, 238, 219, 101, 53, 66,
       251, 202, 3, 216, 156, 191, 246, 170, 236, 85, 151, 178, 31, 166,
       56, 247, 183, 64, 91, 39, 247, 109, 16, 56, 77, 171, 35, 217, 227,
       116, 89, 160, 192, 134, 107, 252, 176, 189, 112, 169, 109, 81, 31,
       226, 251, 165, 24, 215, 247, 72, 59, 129, 214, 124, 16, 59, 111,
       251, 16, 219, 203, 117, 125, 224, 64, 198, 114, 68, 245, 253, 103,
       176, 14, 127, 184, 58, 234, 63, 233, 223, 119, 201, 19, 151, 93,
       125, 126, 96, 208, 201, 46, 239, 223, 101, 180, 0, 243, 7, 115,
       77, 231, 220, 99, 160, 122, 103, 136, 114, 183, 175, 152, 203, 99,
       218, 91, 19, 198, 236, 126, 126, 84, 237, 34, 238, 239, 101, 85,
       162, 243, 206, 96, 253, 46, 140, 183, 172, 62, 94, 159, 187, 186,
       154, 221, 199, 104, 219, 155, 145, 198, 237, 63, 252, 69, 207, 42,
       234, 243, 253, 181, 136, 253, 218, 1, 216, 188, 156, 118, 137,
       236, 84, 159, 243, 251, 164, 24, 191, 243, 64, 27, 129, 215, 236,
       16, 63, 79, 218, 51, 219, 235, 117, 121, 232, 64, 138, 26, 248,
       190, 158, 54, 171, 169, 80, 199, 179, 63, 164, 57, 47, 243, 66,
       27, 167, 183, 237, 16, 62, 79, 130, 35, 219, 227, 116, 123, 224,
       64, 142, 11, 216, 170, 158, 180, 170, 168, 80, 151, 178, 31, 166,
       189, 167, 227, 66, 91, 167, 247, 237, 16, 62, 79, 131, 51, 219,
       227, 125, 89, 160, 64, 175, 75, 253, 52, 156, 182, 173, 61, 84,
       159, 250, 251, 130, 93, 215, 184, 91, 155, 129, 71, 124, 21, 189,
       101, 219, 34, 139, 219, 85, 60, 136, 125, 155, 2, 252, 241, 253,
       114, 168, 77, 81, 152, 227, 189, 165, 24, 87, 215, 73, 59, 2, 212,
       108, 90, 26, 99, 250, 48, 219, 217, 117, 125, 226, 177, 70, 99,
       101, 113, 17, 71, 85, 15, 102, 184, 105, 224, 107, 76, 214, 81,
       13, 180, 144, 76, 80, 106, 193, 176, 217, 8, 39, 188, 1, 20, 74,
       59, 66, 34, 207, 54, 148, 181, 172, 62, 68, 159, 123, 250, 138,
       125, 206, 104, 219, 191, 151, 71, 124, 61, 189, 100, 207, 130,
       172, 222, 93, 182, 142, 124, 155, 69, 124, 176, 158, 118, 9, 237,
       81, 24, 163, 181, 165, 29, 127, 247, 72, 26, 133, 247, 109, 18,
       26, 67, 154, 33, 219, 243, 81, 120, 234, 3, 6, 50, 254, 111, 132,
       183, 169, 27, 78, 136, 51, 178, 131, 237, 203, 104, 223, 159, 145,
       199, 236, 247, 108, 69, 207, 170, 184, 82, 205, 183, 142, 127,
       154, 20, 133, 112, 157, 119, 4, 111, 101, 152, 118, 242, 99, 88,
       211, 81, 73, 59, 17, 76, 120, 90, 41, 244, 251, 32, 197, 139, 117,
       36, 232, 249, 80, 32, 76, 97, 217, 103, 112, 75, 107, 184, 41,
       160, 103, 8, 223, 99, 201, 16, 18, 221, 124, 106, 65, 208, 201,
       76, 236, 157, 37, 4, 96, 179, 67, 160, 92, 103, 237, 103, 146, 74,
       71, 184, 112, 174, 175, 168, 83, 119, 203, 114, 113, 212, 108,
       250, 72, 208, 233, 42, 253, 231, 229, 21, 160, 243, 230, 99, 103,
       32, 233, 80, 204, 113, 161, 202, 226, 247, 161, 26, 144, 252, 95,
       58, 201, 206, 122, 145, 30, 103, 238, 64, 91, 11, 223, 125, 197,
       113, 254, 198, 213, 188, 149, 50, 173, 125, 4, 143, 251, 251, 130,
       88, 222, 248, 77, 175, 129, 71, 120, 17, 55, 109, 219, 162, 153,
       210, 93, 126, 200, 124, 147, 14, 216, 180, 156, 49, 169, 109, 84,
       143, 187, 63, 172, 57, 142, 183, 74, 27, 167, 151, 237, 16, 54,
       77, 203, 83, 219, 211, 85, 127, 194, 64, 143, 27, 244, 101, 133,
       38, 139, 75, 71, 232, 51, 166, 163, 8, 67, 98, 73, 23, 249, 212,
       104, 98, 104, 103, 249, 42, 185, 226, 69, 63, 97, 123, 70, 102,
       254, 237, 132, 183, 137, 122, 86, 172, 179, 246, 139, 185, 239,
       108, 91, 155, 145, 199, 237, 231, 124, 71, 207, 170, 186, 195,
       205, 63, 166, 119, 158, 94, 252, 239, 204, 55, 184, 43, 70, 188,
       49, 174, 171, 173, 239, 99, 11, 147, 153, 230, 236, 102, 108, 227,
       203, 46, 250, 247, 101, 49, 234, 247, 202, 2, 214, 188, 149, 118,
       171, 233, 20, 207, 187, 159, 160, 56, 174, 246, 72, 191, 131, 247,
       236, 16, 59, 79, 234, 51, 153, 210, 85, 123, 192, 81, 135, 47,
       230, 108, 157, 190, 8, 108, 20, 142, 187, 146, 160, 25, 230, 243,
       69, 91, 129, 247, 104, 2, 40, 71, 218, 99, 145, 178, 85, 58, 208,
       113, 3, 10 ]
keypoints: !!opencv-matrix
   rows: 33
   cols: 2
   dt: d
   data: [ 308., 36., 244., 50., 91., 67., 63., 89., 46., 99., 357.,
       111., 353., 112., 318., 193., 46., 242., 1.2600000762939453e+02,
       5.4000003814697266e+01, 9.1200004577636719e+01,
       6.7200004577636719e+01, 9.4800003051757812e+01,
       7.5600006103515625e+01, 7.0800003051757812e+01,
       9.1200004577636719e+01, 2.9520001220703125e+02,
       1.1160000610351562e+02, 3.5640002441406250e+02,
       1.1160000610351562e+02, 3.5280001831054688e+02,
       1.1280000305175781e+02, 294., 1.1880000305175781e+02,
       6.4800003051757812e+01, 1.2360000610351562e+02,
       4.3200000762939453e+01, 2.2080000305175781e+02, 72.,
       9.0720001220703125e+01, 1.1088000488281250e+02,
       9.5040000915527344e+01, 3.1248001098632812e+02,
       1.8864001464843750e+02, 2.4480000305175781e+02,
       2.0304000854492188e+02, 9.1584007263183594e+01,
       6.7392005920410156e+01, 9.1584007263183594e+01,
       7.4304008483886719e+01, 9.5040008544921875e+01,
       9.1584007263183594e+01, 2.9376004028320312e+02,
       1.2268801116943359e+02, 2.6265603637695312e+02,
       1.6588801574707031e+02, 2.3500802612304688e+02,
       2.0908801269531250e+02, 3.1104003906250000e+02,
       1.8662402343750000e+02, 3.1726083374023438e+02,
       1.9077122497558594e+02, 2.9611013793945312e+02,
       1.1197442626953125e+02, 2.5132037353515625e+02,
       1.9906564331054688e+02 ]
