%YAML:1.0
---
descriptors: !!opencv-matrix
   rows: 344
   cols: 32
   dt: u
   data: [ 116, 231, 140, 167, 188, 26, 78, 184, 50, 236, 155, 237, 195,
       104, 219, 66, 157, 197, 237, 247, 236, 80, 205, 10, 236, 231, 237,
       181, 172, 251, 154, 81, 252, 188, 255, 112, 169, 253, 81, 158,
       243, 191, 164, 24, 31, 247, 64, 190, 161, 246, 236, 24, 59, 111,
       186, 35, 219, 223, 85, 127, 226, 193, 206, 35, 124, 99, 8, 160,
       56, 13, 82, 24, 160, 172, 181, 205, 151, 131, 83, 18, 136, 132,
       205, 108, 76, 35, 192, 8, 210, 193, 33, 61, 106, 174, 90, 3, 100,
       103, 8, 167, 48, 15, 78, 184, 52, 172, 239, 205, 199, 99, 27, 80,
       28, 204, 77, 110, 108, 144, 201, 14, 238, 245, 37, 149, 64, 178,
       90, 64, 237, 117, 25, 103, 177, 79, 103, 184, 121, 234, 47, 8,
       222, 113, 9, 48, 144, 84, 108, 106, 97, 240, 249, 46, 239, 223,
       37, 52, 74, 243, 67, 35, 112, 160, 216, 112, 10, 233, 81, 87, 162,
       55, 164, 25, 55, 167, 64, 26, 1, 178, 109, 16, 26, 79, 162, 19,
       217, 135, 112, 121, 224, 64, 134, 106, 45, 125, 16, 71, 244, 31,
       230, 184, 105, 232, 127, 76, 210, 112, 29, 180, 152, 76, 68, 110,
       201, 176, 249, 44, 39, 156, 37, 52, 74, 187, 90, 165, 225, 189,
       254, 82, 250, 253, 245, 247, 251, 255, 124, 60, 62, 248, 230, 50,
       175, 235, 118, 16, 183, 123, 186, 119, 126, 31, 117, 235, 201, 64,
       203, 223, 237, 117, 149, 119, 233, 63, 103, 188, 123, 250, 103,
       24, 222, 115, 73, 63, 149, 220, 126, 106, 233, 244, 249, 234, 239,
       251, 69, 38, 202, 243, 194, 49, 104, 56, 184, 101, 105, 108, 113,
       26, 107, 174, 46, 12, 158, 51, 65, 58, 129, 84, 108, 24, 1, 112,
       241, 0, 207, 253, 117, 48, 202, 224, 70, 35, 237, 238, 180, 119,
       237, 157, 87, 182, 251, 254, 190, 28, 238, 249, 87, 191, 133, 230,
       236, 94, 236, 111, 250, 162, 239, 255, 85, 123, 202, 245, 202, 69,
       77, 185, 191, 101, 177, 206, 127, 179, 187, 236, 110, 13, 223,
       247, 2, 82, 183, 245, 253, 76, 209, 216, 249, 204, 239, 255, 69,
       0, 66, 228, 135, 115, 244, 188, 191, 118, 252, 237, 213, 223, 251,
       251, 184, 125, 247, 253, 64, 50, 143, 255, 125, 17, 187, 107, 250,
       51, 251, 223, 117, 254, 200, 64, 199, 123, 236, 172, 245, 82, 205,
       237, 101, 143, 123, 183, 36, 24, 10, 225, 220, 63, 9, 206, 98, 24,
       50, 126, 254, 115, 95, 26, 85, 125, 195, 216, 214, 236, 246, 100,
       204, 246, 172, 58, 95, 136, 179, 182, 135, 153, 195, 105, 91, 31,
       19, 196, 253, 106, 104, 71, 203, 162, 210, 251, 197, 189, 166,
       253, 86, 2, 216, 140, 159, 124, 137, 108, 69, 183, 163, 151, 166,
       24, 247, 163, 64, 95, 65, 246, 108, 8, 56, 77, 243, 35, 217, 227,
       116, 89, 162, 240, 228, 106, 246, 100, 205, 182, 142, 96, 87, 200,
       147, 182, 161, 187, 66, 231, 79, 91, 217, 213, 109, 242, 40, 71,
       219, 98, 217, 130, 207, 63, 177, 123, 118, 66, 205, 141, 22, 190,
       236, 170, 238, 169, 188, 146, 227, 84, 245, 227, 41, 211, 83, 102,
       106, 110, 116, 199, 91, 63, 172, 162, 207, 24, 28, 121, 249, 0,
       252, 124, 156, 254, 141, 100, 86, 206, 147, 154, 164, 25, 98, 251,
       73, 219, 201, 246, 233, 114, 104, 103, 218, 162, 251, 243, 85, 63,
       194, 121, 254, 2, 224, 184, 191, 82, 105, 253, 177, 71, 234, 31,
       164, 24, 182, 156, 68, 59, 129, 51, 104, 16, 50, 111, 242, 81, 95,
       155, 80, 123, 192, 8, 71, 235, 252, 252, 189, 118, 168, 79, 85,
       184, 242, 186, 166, 24, 215, 113, 73, 59, 145, 212, 108, 106, 105,
       101, 251, 42, 251, 219, 101, 52, 72, 241, 70, 35, 66, 250, 159,
       176, 40, 141, 56, 82, 170, 89, 160, 253, 180, 151, 64, 27, 167,
       49, 125, 21, 147, 79, 146, 97, 153, 144, 122, 250, 128, 0, 7, 123,
       15, 183, 225, 67, 243, 59, 235, 217, 123, 247, 63, 252, 72, 124,
       222, 188, 55, 15, 210, 62, 183, 112, 253, 194, 14, 30, 21, 230,
       207, 231, 195, 245, 137, 190, 157, 219, 181, 244, 101, 159, 86,
       91, 76, 84, 244, 115, 218, 236, 193, 74, 60, 28, 179, 92, 235, 51,
       111, 191, 54, 200, 138, 208, 216, 105, 88, 48, 25, 228, 40, 92,
       89, 16, 161, 96, 166, 8, 159, 23, 64, 118, 6, 149, 236, 40, 11, 1,
       241, 4, 211, 249, 0, 24, 42, 128, 7, 48, 197, 205, 30, 190, 220,
       175, 102, 175, 220, 130, 202, 86, 247, 99, 33, 193, 89, 226, 106,
       106, 100, 203, 91, 63, 236, 167, 207, 24, 24, 122, 249, 10, 71,
       255, 189, 199, 168, 14, 47, 190, 174, 249, 158, 228, 212, 247,
       217, 114, 38, 87, 127, 127, 147, 193, 239, 97, 237, 60, 111, 196,
       140, 243, 131, 113, 169, 143, 18, 222, 181, 151, 70, 255, 87, 138,
       236, 85, 235, 227, 43, 212, 89, 234, 38, 12, 122, 186, 90, 191,
       106, 255, 133, 8, 90, 220, 248, 8, 159, 158, 150, 183, 170, 178,
       188, 199, 190, 147, 130, 247, 236, 250, 224, 203, 167, 119, 255,
       145, 55, 205, 155, 243, 152, 243, 95, 195, 140, 68, 169, 23, 101,
       97, 120, 71, 112, 27, 79, 184, 105, 168, 127, 8, 223, 83, 157,
       180, 146, 196, 68, 110, 72, 176, 237, 76, 167, 221, 37, 52, 98,
       179, 74, 36, 161, 206, 26, 94, 148, 151, 86, 252, 86, 15, 237, 84,
       243, 224, 44, 96, 221, 234, 10, 202, 250, 174, 90, 63, 107, 239,
       53, 88, 24, 219, 232, 168, 240, 186, 254, 114, 170, 237, 81, 215,
       162, 95, 164, 61, 55, 247, 66, 27, 7, 178, 109, 16, 58, 79, 178,
       49, 219, 195, 117, 249, 232, 192, 134, 123, 101, 119, 16, 71, 112,
       31, 102, 184, 105, 232, 123, 76, 210, 80, 157, 180, 148, 76, 68,
       110, 193, 176, 217, 14, 36, 188, 37, 4, 74, 179, 74, 133, 255,
       102, 164, 183, 173, 62, 92, 152, 163, 250, 147, 89, 207, 125, 91,
       187, 133, 197, 253, 127, 172, 69, 203, 160, 203, 219, 253, 188,
       134, 253, 90, 67, 208, 168, 191, 112, 137, 236, 81, 7, 171, 23,
       164, 24, 182, 191, 64, 59, 129, 51, 121, 16, 58, 79, 178, 49, 219,
       251, 80, 123, 192, 64, 135, 42, 128, 174, 154, 187, 252, 169, 177,
       231, 222, 23, 120, 49, 165, 235, 34, 73, 195, 43, 34, 16, 54, 120,
       74, 55, 76, 167, 55, 105, 144, 72, 141, 139, 244, 136, 156, 255,
       136, 47, 84, 175, 150, 179, 162, 24, 247, 243, 64, 91, 193, 118,
       104, 8, 56, 109, 219, 49, 201, 171, 117, 92, 152, 104, 128, 10,
       69, 241, 145, 99, 49, 79, 99, 152, 106, 232, 35, 8, 214, 23, 72,
       48, 144, 84, 104, 122, 1, 48, 249, 0, 237, 184, 5, 116, 72, 51,
       66, 34, 104, 165, 57, 101, 144, 79, 77, 63, 96, 33, 111, 8, 211,
       55, 8, 48, 144, 158, 76, 40, 88, 184, 241, 12, 231, 253, 32, 84,
       64, 130, 198, 42, 109, 167, 156, 37, 168, 47, 86, 186, 59, 174,
       187, 77, 207, 107, 72, 211, 145, 198, 236, 46, 124, 96, 201, 10,
       238, 255, 101, 53, 66, 246, 202, 1, 64, 105, 27, 101, 16, 206,
       111, 54, 96, 160, 234, 72, 183, 19, 1, 48, 144, 253, 72, 72, 73,
       184, 209, 44, 229, 173, 5, 16, 104, 178, 66, 40, 254, 111, 132,
       183, 139, 50, 6, 140, 147, 246, 131, 255, 203, 104, 75, 159, 209,
       199, 237, 247, 124, 71, 207, 170, 184, 98, 205, 191, 175, 127,
       155, 86, 180, 173, 127, 71, 208, 74, 103, 248, 112, 166, 110, 18,
       115, 101, 9, 49, 121, 254, 2, 234, 120, 246, 121, 46, 125, 175,
       133, 4, 97, 243, 230, 226, 45, 113, 57, 103, 117, 79, 71, 184,
       105, 232, 111, 8, 210, 117, 9, 48, 144, 92, 84, 106, 201, 176,
       249, 12, 231, 253, 37, 52, 64, 187, 70, 242, 253, 110, 148, 180,
       45, 44, 84, 150, 235, 154, 162, 93, 239, 235, 65, 219, 193, 229,
       108, 14, 44, 103, 219, 32, 211, 251, 113, 24, 136, 113, 74, 9,
       199, 54, 133, 167, 173, 62, 66, 152, 123, 251, 147, 125, 206, 104,
       217, 175, 149, 69, 124, 63, 189, 100, 223, 130, 140, 90, 77, 246,
       140, 127, 27, 85, 116, 119, 173, 167, 138, 66, 87, 184, 34, 254,
       135, 175, 87, 119, 75, 91, 85, 213, 253, 226, 104, 67, 233, 8,
       249, 163, 237, 181, 160, 115, 6, 115, 64, 33, 121, 103, 48, 78,
       123, 57, 96, 160, 107, 8, 215, 23, 0, 48, 144, 21, 89, 104, 73,
       176, 217, 12, 229, 253, 1, 84, 64, 162, 66, 34, 92, 253, 184, 246,
