%YAML:1.0
---
descriptors: !!opencv-matrix
   rows: 221
   cols: 32
   dt: u
   data: [ 60, 73, 114, 238, 93, 215, 86, 232, 197, 132, 237, 11, 107,
       221, 39, 144, 216, 248, 223, 226, 76, 35, 120, 189, 243, 221, 129,
       59, 115, 191, 126, 66, 100, 101, 69, 7, 93, 95, 71, 168, 113, 228,
       233, 9, 67, 96, 31, 148, 24, 204, 96, 110, 77, 242, 253, 28, 55,
       6, 133, 53, 99, 63, 94, 196, 62, 65, 114, 236, 13, 95, 210, 72,
       165, 132, 241, 11, 75, 217, 63, 213, 248, 189, 223, 227, 76, 35,
       90, 220, 147, 217, 131, 63, 115, 63, 126, 6, 254, 0, 114, 168, 13,
       95, 88, 72, 173, 164, 243, 11, 78, 218, 47, 221, 248, 149, 239,
       227, 12, 167, 144, 200, 147, 240, 203, 63, 115, 47, 127, 6, 114,
       32, 82, 232, 77, 127, 248, 72, 45, 37, 241, 27, 14, 154, 46, 220,
       248, 157, 255, 177, 12, 183, 209, 208, 151, 248, 154, 95, 147, 13,
       110, 134, 121, 99, 90, 224, 60, 141, 74, 80, 237, 40, 183, 76,
       191, 131, 82, 80, 38, 164, 76, 110, 206, 35, 192, 8, 210, 233, 34,
       56, 106, 130, 75, 0, 90, 1, 50, 172, 93, 95, 248, 111, 45, 5, 250,
       27, 14, 158, 38, 212, 234, 157, 223, 161, 92, 171, 81, 204, 151,
       244, 154, 31, 23, 12, 237, 142, 116, 105, 57, 229, 28, 203, 83,
       192, 230, 172, 175, 10, 87, 211, 65, 16, 56, 244, 77, 106, 72, 51,
       233, 28, 241, 133, 33, 53, 112, 59, 70, 98, 218, 184, 150, 240,
       41, 173, 80, 71, 171, 19, 160, 25, 191, 155, 64, 155, 129, 179,
       253, 16, 58, 79, 210, 209, 219, 211, 82, 123, 200, 64, 131, 10,
       114, 73, 122, 237, 93, 95, 250, 106, 45, 132, 254, 11, 10, 155,
       37, 208, 250, 221, 223, 224, 76, 187, 81, 204, 183, 253, 139, 3,
       55, 60, 110, 142, 52, 97, 122, 236, 84, 79, 127, 104, 109, 164,
       250, 11, 83, 219, 55, 16, 250, 221, 23, 227, 76, 179, 81, 158,
       247, 237, 163, 45, 117, 187, 118, 130, 52, 69, 107, 236, 84, 79,
       235, 120, 116, 164, 121, 10, 83, 213, 57, 80, 120, 220, 23, 234,
       200, 178, 88, 14, 117, 173, 163, 4, 117, 187, 118, 224, 52, 189,
       251, 239, 244, 143, 239, 254, 126, 232, 252, 66, 115, 255, 177,
       16, 126, 254, 23, 254, 155, 186, 249, 63, 253, 237, 167, 160, 245,
       251, 242, 249, 124, 253, 250, 239, 236, 239, 127, 254, 46, 235,
       248, 11, 255, 255, 121, 80, 255, 255, 63, 195, 202, 58, 219, 251,
       253, 175, 175, 173, 181, 122, 231, 219, 200, 180, 188, 241, 169,
       124, 85, 159, 251, 59, 174, 24, 158, 191, 72, 59, 133, 87, 253,
       24, 186, 109, 243, 194, 219, 223, 87, 127, 130, 64, 135, 59, 206,
       245, 246, 191, 255, 95, 254, 232, 63, 174, 251, 43, 78, 254, 47,
       215, 255, 221, 255, 227, 228, 243, 219, 254, 191, 254, 207, 191,
       151, 127, 127, 215, 42, 173, 50, 154, 219, 245, 144, 103, 159, 21,
       140, 27, 44, 254, 102, 140, 201, 59, 235, 17, 54, 75, 18, 247, 27,
       87, 30, 123, 146, 76, 173, 206, 10, 125, 182, 253, 253, 215, 254,
       230, 189, 236, 254, 15, 172, 190, 55, 228, 236, 255, 255, 193,
       236, 251, 242, 238, 183, 255, 143, 131, 67, 61, 111, 223, 10, 189,
       54, 250, 221, 253, 149, 103, 159, 93, 236, 25, 172, 191, 102, 196,
       193, 59, 251, 17, 54, 107, 242, 247, 143, 215, 26, 123, 210, 76,
       135, 254, 129, 168, 159, 249, 196, 175, 233, 215, 254, 59, 98, 82,
       191, 163, 48, 105, 97, 46, 58, 28, 179, 252, 147, 247, 205, 187,
       86, 64, 152, 200, 209, 168, 146, 140, 154, 188, 219, 225, 180,
       231, 158, 7, 202, 179, 44, 239, 34, 64, 233, 59, 163, 145, 54,
       159, 2, 255, 249, 167, 158, 75, 177, 76, 173, 138, 129, 174, 221,
       249, 102, 171, 105, 82, 126, 123, 114, 246, 183, 227, 144, 105,
       119, 46, 62, 28, 179, 252, 199, 247, 204, 239, 115, 192, 188, 200,
       81, 169, 129, 234, 223, 249, 108, 139, 233, 215, 254, 83, 114,
       212, 189, 227, 144, 105, 111, 43, 126, 28, 179, 252, 119, 243,
       204, 187, 254, 192, 140, 136, 225, 169, 53, 79, 79, 79, 54, 2,
       239, 252, 116, 192, 122, 230, 115, 64, 177, 96, 126, 236, 22, 238,
       233, 176, 45, 47, 116, 44, 167, 132, 125, 187, 112, 57, 129, 166,
       223, 249, 244, 171, 233, 83, 126, 123, 115, 244, 253, 227, 208,
       105, 111, 42, 126, 28, 179, 252, 103, 211, 204, 251, 242, 192,
       204, 200, 193, 169, 53, 255, 123, 239, 182, 139, 111, 252, 102,
       232, 255, 230, 243, 239, 184, 112, 126, 239, 23, 239, 219, 178,
       237, 63, 254, 237, 167, 164, 125, 251, 226, 241, 150, 237, 198,
       159, 221, 43, 254, 232, 191, 182, 243, 19, 236, 234, 47, 91, 251,
       239, 255, 243, 118, 243, 203, 255, 172, 182, 207, 231, 181, 127,
       213, 194, 61, 255, 251, 239, 252, 43, 239, 252, 111, 232, 255,
       238, 251, 239, 221, 112, 127, 255, 127, 255, 219, 178, 239, 255,
       254, 255, 167, 236, 189, 251, 243, 241, 47, 255, 253, 255, 252,
       63, 255, 252, 127, 234, 252, 238, 249, 239, 223, 112, 255, 239,
       127, 255, 235, 242, 239, 255, 254, 255, 175, 172, 223, 251, 226,
       249, 47, 252, 252, 255, 252, 191, 255, 255, 127, 251, 255, 190,
       253, 239, 222, 105, 255, 255, 127, 159, 186, 254, 235, 255, 255,
       255, 255, 236, 215, 253, 226, 249, 246, 237, 246, 190, 223, 111,
       126, 232, 159, 190, 123, 27, 110, 255, 47, 215, 179, 255, 247,
       243, 96, 247, 155, 255, 187, 254, 205, 175, 151, 127, 213, 198,
       98, 180, 148, 185, 169, 237, 20, 143, 155, 63, 168, 25, 166, 178,
       72, 158, 129, 19, 232, 16, 54, 73, 218, 115, 173, 150, 92, 127,
       208, 72, 143, 15, 255, 191, 247, 255, 238, 191, 255, 255, 63, 255,
       254, 190, 127, 255, 254, 121, 255, 255, 255, 159, 179, 127, 239,
       247, 254, 255, 255, 254, 191, 253, 241, 253, 159, 188, 254, 255,
       188, 63, 255, 255, 255, 251, 255, 182, 255, 255, 222, 107, 255,
       255, 255, 159, 191, 239, 235, 243, 255, 255, 255, 222, 239, 253,
       235, 209, 124, 125, 28, 230, 174, 46, 87, 184, 160, 174, 191, 9,
       215, 119, 9, 19, 22, 215, 125, 106, 72, 67, 217, 44, 251, 225,
       101, 188, 32, 251, 134, 115, 23, 239, 255, 239, 190, 34, 239, 248,
       127, 226, 251, 198, 221, 235, 157, 32, 127, 239, 127, 239, 233,
       243, 237, 238, 246, 255, 175, 132, 109, 251, 227, 161, 170, 237,
       182, 220, 221, 253, 180, 231, 159, 23, 236, 17, 172, 254, 38, 65,
       233, 123, 235, 1, 118, 111, 178, 255, 123, 119, 94, 107, 146, 92,
       245, 206, 230, 238, 212, 223, 252, 43, 111, 255, 63, 179, 251,
       242, 253, 235, 220, 91, 127, 207, 127, 170, 178, 247, 207, 255,
       254, 190, 255, 180, 181, 251, 243, 161, 183, 236, 206, 255, 188,
       35, 238, 254, 191, 187, 251, 246, 217, 234, 221, 27, 251, 239,
       127, 207, 171, 247, 207, 251, 188, 255, 239, 180, 205, 251, 227,
       128, 54, 117, 122, 239, 253, 95, 254, 248, 61, 172, 255, 11, 75,
       127, 31, 80, 254, 221, 223, 227, 204, 179, 249, 206, 255, 253,
       175, 135, 117, 59, 110, 211, 62, 80, 114, 238, 61, 95, 254, 248,
       61, 172, 247, 11, 203, 125, 31, 196, 254, 221, 255, 227, 204, 179,
       249, 206, 183, 255, 143, 151, 103, 63, 111, 215, 52, 85, 123, 239,
       116, 79, 111, 248, 54, 164, 123, 66, 83, 247, 57, 80, 126, 220,
       23, 234, 72, 178, 121, 63, 245, 237, 167, 36, 53, 187, 116, 224,
       149, 124, 159, 119, 148, 174, 102, 178, 116, 162, 107, 84, 83,
       115, 1, 81, 113, 238, 40, 234, 105, 244, 25, 46, 237, 174, 231, 4,
       233, 115, 224, 2, 126, 81, 114, 174, 125, 95, 126, 232, 29, 236,
       251, 11, 78, 255, 63, 212, 254, 253, 255, 227, 108, 179, 219, 254,
       183, 255, 143, 183, 23, 63, 126, 215, 252, 38, 236, 116, 141, 121,
       85, 170, 211, 182, 165, 152, 75, 105, 75, 159, 9, 214, 237, 42,
       120, 103, 218, 162, 219, 251, 213, 61, 227, 253, 222, 34, 208, 77,
       31, 95, 145, 202, 39, 166, 52, 130, 234, 0, 246, 54, 33, 113, 240,
       126, 40, 64, 105, 153, 49, 46, 185, 166, 86, 0, 0, 113, 36, 42,
       237, 98, 189, 103, 168, 15, 71, 152, 107, 186, 39, 72, 215, 81,
       201, 63, 145, 84, 108, 122, 232, 116, 233, 0, 199, 219, 101, 52,
       194, 243, 70, 33, 181, 132, 253, 119, 176, 110, 79, 191, 112, 243,
