%YAML:1.0
---
descriptors: !!opencv-matrix
   rows: 291
   cols: 32
   dt: u
   data: [ 200, 186, 158, 113, 162, 174, 121, 23, 54, 31, 118, 245, 247,
       167, 130, 91, 39, 63, 109, 28, 178, 220, 3, 51, 206, 227, 112,
       192, 168, 192, 131, 57, 77, 189, 153, 99, 177, 111, 119, 184, 115,
       170, 239, 8, 223, 115, 73, 48, 149, 222, 124, 122, 57, 240, 249,
       46, 239, 223, 101, 116, 202, 243, 194, 51, 45, 231, 96, 75, 253,
       31, 207, 252, 87, 238, 125, 202, 99, 233, 223, 52, 93, 202, 23,
       126, 250, 50, 109, 191, 127, 93, 165, 252, 119, 255, 218, 237,
       101, 117, 17, 103, 16, 79, 103, 184, 120, 232, 107, 72, 214, 113,
       9, 48, 144, 92, 68, 106, 65, 176, 249, 14, 229, 188, 37, 20, 72,
       115, 66, 163, 209, 190, 150, 188, 169, 188, 68, 183, 251, 27, 170,
       92, 174, 162, 64, 219, 165, 231, 108, 21, 191, 75, 130, 99, 184,
       246, 86, 122, 200, 68, 139, 13, 237, 253, 148, 87, 233, 190, 118,
       188, 251, 250, 166, 28, 222, 112, 79, 191, 129, 118, 232, 122,
       101, 97, 251, 236, 175, 251, 69, 118, 202, 117, 203, 22, 116, 241,
       149, 230, 155, 70, 23, 168, 34, 164, 139, 8, 86, 247, 73, 82, 145,
       212, 233, 98, 72, 67, 251, 40, 249, 166, 69, 63, 128, 115, 6, 98,
       96, 34, 188, 101, 48, 15, 97, 59, 104, 172, 118, 9, 215, 35, 10,
       16, 144, 4, 108, 44, 8, 176, 193, 12, 199, 191, 33, 20, 64, 160,
       70, 35, 92, 115, 90, 39, 114, 26, 63, 248, 57, 228, 111, 173, 79,
       103, 11, 16, 54, 253, 197, 230, 100, 208, 153, 78, 246, 229, 37,
       133, 46, 183, 15, 211, 236, 238, 152, 119, 232, 45, 119, 191, 50,
       175, 126, 25, 247, 227, 75, 24, 145, 238, 100, 30, 50, 126, 203,
       35, 127, 191, 117, 41, 192, 240, 206, 43, 240, 186, 252, 114, 168,
       237, 81, 87, 178, 191, 164, 61, 55, 247, 66, 27, 5, 246, 109, 16,
       58, 79, 178, 33, 219, 131, 117, 249, 232, 192, 134, 123, 241, 188,
       189, 112, 169, 237, 81, 151, 251, 179, 164, 24, 183, 189, 68, 59,
       133, 183, 124, 24, 58, 111, 242, 51, 219, 219, 85, 122, 192, 200,
       198, 106, 100, 253, 185, 103, 48, 79, 119, 188, 122, 232, 106, 72,
       215, 127, 1, 48, 148, 125, 117, 98, 201, 240, 249, 46, 239, 253,
       37, 52, 64, 179, 71, 51, 216, 40, 189, 116, 137, 252, 89, 23, 179,
       183, 166, 24, 191, 183, 64, 123, 129, 182, 125, 24, 58, 77, 243,
       0, 219, 251, 80, 121, 130, 192, 198, 42, 68, 241, 157, 239, 56,
       79, 71, 184, 70, 184, 165, 8, 215, 83, 73, 114, 144, 84, 108, 106,
       73, 96, 251, 57, 237, 249, 37, 60, 24, 59, 4, 50, 109, 117, 57,
       103, 117, 79, 103, 184, 105, 232, 111, 8, 211, 117, 9, 48, 144,
       84, 92, 106, 201, 176, 249, 12, 231, 253, 37, 52, 64, 187, 70,
       114, 112, 16, 189, 109, 8, 79, 81, 57, 230, 176, 166, 8, 247, 51,
       1, 123, 192, 20, 104, 40, 73, 97, 243, 24, 193, 235, 117, 20, 24,
       40, 68, 58, 120, 169, 158, 112, 138, 233, 80, 215, 162, 55, 164,
       57, 55, 163, 66, 27, 161, 247, 237, 16, 26, 75, 130, 49, 219, 195,
       116, 121, 224, 64, 142, 10, 65, 105, 25, 101, 56, 79, 114, 16,
       106, 160, 170, 72, 151, 31, 65, 48, 150, 125, 125, 98, 73, 184,
       209, 8, 229, 189, 33, 48, 64, 178, 67, 42, 108, 52, 185, 101, 185,
       79, 83, 56, 107, 172, 174, 8, 223, 115, 65, 48, 145, 92, 108, 122,
       73, 116, 249, 10, 239, 221, 37, 52, 66, 162, 70, 35, 248, 186,
       255, 116, 169, 252, 81, 23, 171, 63, 180, 56, 63, 183, 192, 63,
       167, 183, 237, 16, 58, 79, 242, 145, 219, 251, 112, 251, 226, 192,
       134, 123, 240, 184, 253, 116, 169, 253, 81, 87, 235, 251, 176,
       120, 58, 189, 68, 63, 141, 178, 108, 16, 191, 111, 242, 49, 219,
       219, 117, 59, 192, 72, 198, 127, 236, 241, 157, 103, 169, 78, 119,
       184, 122, 232, 167, 8, 214, 119, 73, 51, 144, 116, 108, 122, 97,
       240, 251, 40, 239, 251, 101, 20, 66, 243, 70, 35, 113, 188, 253,
       116, 168, 253, 85, 159, 251, 255, 188, 125, 191, 255, 70, 58, 135,
       247, 125, 20, 191, 111, 250, 51, 251, 223, 117, 251, 200, 240,
       199, 123, 104, 188, 211, 70, 243, 232, 119, 247, 107, 139, 124,
       104, 62, 247, 196, 52, 51, 254, 100, 24, 19, 58, 168, 99, 127,
       190, 53, 106, 226, 210, 198, 171, 207, 180, 133, 177, 141, 61, 68,
       143, 251, 251, 130, 93, 206, 120, 91, 191, 129, 71, 120, 21, 191,
       69, 219, 130, 137, 218, 93, 126, 136, 125, 218, 20, 100, 81, 156,
       110, 40, 15, 87, 184, 86, 168, 163, 8, 211, 115, 1, 82, 209, 244,
       108, 106, 72, 97, 219, 29, 227, 239, 101, 20, 24, 187, 64, 2, 32,
       121, 57, 101, 112, 79, 86, 56, 104, 168, 58, 72, 215, 29, 1, 48,
       150, 93, 85, 106, 193, 176, 209, 12, 229, 221, 33, 48, 64, 178,
       67, 43, 252, 125, 188, 102, 168, 110, 87, 152, 243, 186, 166, 8,
       215, 243, 65, 51, 145, 246, 108, 106, 57, 97, 249, 42, 251, 251,
       101, 52, 202, 243, 70, 51, 96, 50, 189, 80, 41, 221, 81, 19, 235,
       61, 164, 56, 182, 149, 68, 59, 132, 180, 236, 16, 27, 111, 242,
       81, 155, 217, 80, 123, 194, 0, 70, 47, 252, 74, 149, 182, 45, 44,
       68, 152, 169, 186, 178, 92, 207, 226, 65, 219, 201, 228, 108, 46,
       44, 103, 203, 162, 144, 243, 113, 28, 200, 249, 74, 1, 246, 102,
       132, 151, 138, 58, 140, 136, 18, 247, 131, 191, 192, 226, 223,
       143, 91, 199, 233, 183, 60, 71, 207, 162, 152, 18, 207, 191, 165,
       125, 159, 84, 220, 38, 220, 103, 170, 42, 127, 185, 58, 174, 255,
       233, 223, 103, 139, 27, 55, 213, 237, 34, 56, 208, 201, 10, 238,
       227, 101, 149, 160, 243, 15, 3, 89, 188, 158, 48, 153, 189, 80,
       87, 251, 27, 166, 29, 190, 187, 66, 154, 161, 167, 232, 16, 62,
       109, 146, 35, 219, 255, 84, 123, 202, 64, 139, 11, 113, 205, 19,
       172, 149, 38, 70, 255, 117, 200, 234, 70, 115, 114, 32, 244, 248,
       230, 12, 236, 121, 155, 25, 47, 185, 238, 133, 16, 57, 122, 240,
       12, 49, 221, 94, 94, 213, 150, 70, 247, 212, 0, 238, 68, 115, 227,
       36, 208, 93, 234, 138, 238, 123, 171, 24, 63, 123, 239, 132, 0,
       89, 218, 232, 8, 197, 188, 157, 247, 184, 47, 111, 190, 190, 187,
       186, 84, 247, 115, 129, 123, 135, 119, 124, 10, 179, 237, 91, 63,
       233, 191, 119, 20, 136, 113, 129, 41, 237, 52, 189, 115, 173, 111,
       83, 152, 123, 251, 55, 24, 222, 125, 75, 59, 145, 84, 124, 58, 33,
       116, 249, 34, 207, 219, 101, 52, 202, 123, 70, 115, 246, 231, 140,
       167, 172, 26, 78, 184, 18, 254, 155, 237, 195, 104, 219, 194, 221,
       197, 237, 231, 252, 64, 205, 10, 172, 231, 237, 181, 172, 254,
       152, 85, 53, 249, 107, 238, 86, 195, 239, 252, 84, 128, 253, 98,
       115, 217, 188, 32, 122, 232, 22, 234, 235, 187, 44, 63, 122, 173,
       167, 128, 125, 186, 242, 169, 125, 99, 140, 160, 40, 29, 80, 24,
       171, 188, 167, 77, 135, 131, 82, 82, 132, 132, 237, 77, 204, 3,
       195, 0, 210, 241, 33, 61, 72, 167, 90, 3, 205, 52, 181, 179, 173,
       47, 80, 152, 123, 251, 147, 125, 223, 120, 217, 175, 151, 71, 125,
       55, 181, 100, 219, 130, 140, 218, 125, 246, 142, 239, 211, 5, 183,
       198, 236, 63, 206, 39, 207, 232, 82, 246, 209, 147, 81, 108, 191,
       43, 93, 198, 51, 191, 188, 118, 109, 58, 120, 11, 239, 244, 245,
       249, 240, 196, 124, 205, 154, 110, 145, 70, 87, 232, 48, 164, 239,
       9, 115, 247, 43, 80, 120, 252, 105, 98, 104, 147, 249, 46, 249,
       231, 133, 29, 32, 123, 102, 98, 104, 39, 136, 167, 48, 11, 78, 57,
       48, 174, 255, 205, 231, 99, 27, 80, 25, 204, 236, 46, 108, 210,
       205, 15, 238, 247, 37, 149, 64, 242, 90, 1, 48, 174, 200, 97, 144,
       171, 82, 159, 54, 165, 254, 177, 247, 33, 2, 16, 91, 170, 77, 48,
       62, 184, 65, 31, 234, 197, 37, 81, 224, 202, 206, 10, 252, 112,
       188, 242, 45, 125, 81, 152, 155, 254, 181, 25, 223, 221, 75, 59,
       141, 212, 253, 82, 42, 103, 251, 128, 219, 219, 85, 63, 194, 253,
       86, 115, 84, 113, 93, 103, 19, 94, 127, 184, 33, 224, 239, 8, 223,
       87, 9, 116, 54, 212, 252, 234, 73, 208, 249, 12, 247, 255, 5, 21,
       34, 179, 6, 48, 118, 124, 151, 246, 141, 100, 70, 202, 179, 147,
