%YAML:1.0
---
descriptors: !!opencv-matrix
   rows: 227
   cols: 32
   dt: u
   data: [ 255, 231, 140, 167, 184, 27, 14, 168, 50, 238, 155, 237, 195,
       104, 219, 146, 29, 197, 237, 231, 236, 66, 205, 10, 188, 231, 237,
       181, 44, 247, 26, 21, 248, 189, 189, 118, 168, 108, 87, 191, 179,
       191, 175, 56, 119, 247, 64, 51, 3, 246, 108, 10, 57, 107, 251, 43,
       251, 235, 117, 56, 224, 240, 134, 43, 244, 229, 188, 166, 139, 98,
       87, 168, 146, 182, 135, 11, 87, 119, 75, 91, 81, 213, 233, 226,
       104, 67, 219, 8, 249, 163, 205, 63, 160, 115, 134, 98, 252, 236,
       140, 182, 138, 98, 21, 175, 146, 182, 134, 155, 71, 103, 75, 91,
       65, 247, 237, 163, 124, 71, 203, 34, 249, 227, 253, 61, 160, 113,
       158, 66, 69, 117, 25, 103, 176, 78, 103, 184, 120, 232, 107, 72,
       214, 115, 9, 48, 144, 84, 108, 106, 65, 240, 249, 46, 229, 190,
       37, 4, 72, 243, 67, 33, 240, 188, 252, 114, 136, 237, 81, 215,
       178, 63, 164, 24, 55, 183, 64, 27, 1, 246, 109, 16, 58, 111, 242,
       49, 217, 163, 116, 121, 224, 192, 134, 107, 248, 188, 189, 112,
       169, 253, 81, 215, 251, 191, 164, 24, 191, 191, 68, 59, 133, 182,
       236, 16, 58, 111, 242, 51, 219, 219, 85, 123, 226, 200, 198, 123,
       252, 188, 188, 116, 169, 125, 85, 158, 243, 187, 164, 24, 223,
       247, 65, 59, 129, 246, 236, 24, 58, 111, 250, 34, 219, 251, 117,
       125, 226, 240, 198, 35, 216, 172, 189, 116, 169, 252, 89, 23, 179,
       183, 166, 24, 191, 183, 64, 59, 133, 183, 253, 24, 58, 79, 242, 0,
       219, 251, 84, 121, 226, 192, 134, 106, 108, 117, 57, 103, 113, 79,
       119, 184, 121, 172, 47, 72, 222, 115, 9, 48, 148, 92, 108, 106,
       73, 240, 249, 46, 231, 221, 37, 52, 66, 179, 70, 35, 109, 113, 57,
       103, 117, 79, 71, 184, 105, 172, 111, 8, 223, 81, 9, 52, 152, 92,
       68, 106, 73, 176, 249, 30, 231, 221, 5, 52, 66, 187, 70, 162, 121,
       188, 188, 118, 185, 253, 81, 223, 251, 255, 188, 28, 187, 253, 70,
       58, 165, 231, 252, 24, 191, 111, 250, 51, 219, 223, 117, 123, 202,
       64, 202, 91, 205, 189, 157, 247, 184, 14, 127, 185, 58, 186, 47,
       24, 215, 115, 73, 51, 151, 87, 125, 122, 121, 208, 249, 42, 237,
       255, 101, 20, 128, 243, 131, 35, 109, 231, 128, 170, 189, 189, 71,
       140, 11, 181, 169, 13, 238, 224, 94, 148, 153, 202, 232, 94, 30,
       98, 219, 177, 172, 212, 5, 126, 210, 95, 218, 68, 213, 113, 89,
       101, 114, 78, 107, 56, 112, 232, 115, 108, 215, 87, 137, 112, 54,
       220, 20, 106, 201, 180, 121, 14, 228, 168, 33, 4, 104, 179, 66,
       49, 248, 184, 189, 112, 169, 253, 81, 87, 235, 127, 180, 56, 46,
       149, 196, 63, 133, 178, 236, 16, 187, 111, 242, 145, 219, 217, 80,
       123, 226, 8, 198, 127, 92, 117, 221, 103, 19, 94, 127, 184, 57,
       160, 111, 200, 223, 119, 9, 246, 54, 221, 236, 106, 73, 208, 249,
       206, 167, 255, 5, 4, 34, 243, 7, 48, 165, 118, 81, 71, 116, 15,
       99, 56, 112, 232, 115, 108, 83, 81, 153, 49, 30, 204, 22, 110,
       233, 180, 109, 14, 36, 136, 33, 132, 109, 187, 66, 161, 229, 117,
       124, 103, 60, 91, 86, 184, 121, 232, 183, 40, 211, 120, 143, 51,
       146, 212, 124, 106, 237, 240, 253, 12, 166, 251, 37, 54, 104, 187,
       74, 7, 252, 124, 188, 119, 168, 110, 87, 152, 123, 186, 167, 24,
       215, 115, 73, 59, 145, 212, 108, 122, 41, 228, 249, 42, 255, 219,
       101, 52, 234, 241, 70, 51, 216, 178, 191, 112, 41, 252, 81, 23,
       163, 127, 181, 61, 159, 151, 74, 159, 135, 151, 237, 16, 26, 79,
       178, 145, 219, 241, 112, 251, 162, 128, 134, 123, 254, 36, 172,
       180, 139, 96, 20, 138, 146, 182, 130, 187, 79, 111, 75, 219, 193,
       215, 233, 179, 60, 71, 203, 2, 219, 195, 221, 61, 164, 117, 150,
       66, 205, 52, 172, 179, 173, 63, 82, 152, 123, 251, 147, 125, 223,
       120, 219, 187, 151, 71, 125, 55, 189, 68, 251, 130, 206, 223, 125,
       246, 142, 127, 219, 83, 252, 156, 23, 254, 157, 230, 86, 175, 149,
       146, 170, 16, 119, 247, 40, 211, 209, 246, 233, 34, 120, 207, 91,
       191, 251, 227, 85, 27, 50, 120, 244, 10, 249, 188, 158, 52, 169,
       189, 80, 23, 243, 59, 166, 93, 191, 179, 66, 155, 133, 167, 236,
       28, 62, 109, 210, 19, 219, 251, 116, 121, 202, 64, 202, 11, 57,
       221, 82, 78, 209, 183, 70, 246, 213, 0, 238, 68, 122, 243, 36,
       212, 92, 250, 130, 234, 105, 139, 24, 191, 59, 255, 132, 0, 59,
       218, 232, 24, 112, 249, 121, 100, 184, 205, 87, 183, 233, 232,
       184, 72, 55, 189, 64, 50, 134, 247, 92, 104, 219, 43, 240, 45,
       251, 253, 37, 120, 96, 130, 198, 59, 253, 201, 99, 238, 90, 70,
       79, 252, 17, 228, 133, 138, 89, 103, 57, 84, 54, 212, 25, 238,
       105, 3, 189, 46, 241, 238, 197, 44, 39, 183, 164, 112, 240, 148,
       156, 127, 140, 46, 80, 59, 246, 179, 163, 24, 243, 115, 8, 91,
       193, 214, 108, 32, 56, 237, 91, 31, 203, 235, 117, 84, 184, 104,
       192, 10, 199, 180, 133, 17, 141, 61, 4, 143, 251, 251, 130, 92,
       198, 112, 93, 191, 129, 70, 120, 29, 191, 109, 219, 162, 141, 90,
       93, 126, 136, 125, 211, 20, 100, 145, 157, 237, 8, 15, 67, 184,
       70, 184, 167, 8, 214, 113, 73, 115, 209, 84, 104, 122, 11, 96,
       251, 29, 205, 155, 69, 60, 144, 43, 0, 34, 220, 96, 253, 103, 34,
       74, 119, 152, 51, 166, 247, 168, 95, 119, 137, 59, 51, 212, 108,
       106, 96, 244, 233, 10, 215, 227, 101, 21, 227, 243, 7, 99, 124,
       77, 142, 174, 157, 74, 87, 168, 36, 164, 238, 11, 99, 99, 3, 82,
       112, 228, 104, 226, 72, 147, 217, 46, 249, 231, 197, 21, 32, 123,
       108, 66, 100, 213, 156, 239, 188, 15, 87, 188, 86, 168, 175, 8,
       215, 113, 9, 83, 209, 84, 108, 106, 104, 225, 219, 63, 235, 255,
       101, 28, 16, 251, 192, 35, 101, 113, 57, 101, 48, 79, 119, 56,
       105, 232, 126, 72, 215, 61, 5, 48, 150, 84, 92, 106, 193, 176,
       249, 12, 231, 253, 37, 20, 72, 179, 70, 51, 77, 97, 121, 101, 48,
       78, 127, 56, 105, 232, 111, 8, 223, 55, 137, 112, 150, 92, 125,
       106, 193, 176, 249, 12, 239, 253, 37, 4, 64, 162, 67, 49, 248,
       180, 188, 248, 169, 253, 81, 143, 155, 63, 164, 25, 190, 191, 74,
       27, 129, 147, 253, 16, 58, 111, 250, 147, 219, 219, 84, 127, 210,
       72, 207, 122, 60, 174, 216, 119, 146, 235, 87, 207, 50, 167, 236,
       155, 243, 233, 74, 16, 89, 222, 199, 16, 122, 190, 201, 59, 235,
       199, 53, 117, 225, 120, 206, 130, 13, 253, 151, 71, 209, 14, 103,
       253, 118, 136, 106, 68, 216, 243, 137, 228, 113, 110, 106, 106,
       225, 240, 25, 110, 173, 254, 7, 4, 10, 242, 161, 164, 73, 157,
       149, 95, 249, 173, 39, 183, 254, 27, 106, 68, 244, 243, 1, 245,
       133, 106, 106, 10, 115, 72, 219, 63, 109, 190, 87, 8, 154, 241,
       129, 40, 145, 206, 152, 191, 156, 175, 70, 166, 30, 3, 200, 87,
       246, 226, 49, 64, 89, 235, 42, 15, 126, 172, 91, 127, 236, 166,
       158, 80, 184, 91, 153, 10, 45, 229, 144, 66, 221, 95, 70, 168, 83,
       164, 169, 8, 194, 96, 93, 182, 153, 76, 64, 126, 76, 98, 219, 62,
       47, 158, 5, 61, 82, 123, 90, 134, 248, 188, 190, 254, 141, 237,
       85, 231, 255, 151, 172, 25, 174, 255, 100, 91, 201, 243, 251, 16,
       58, 111, 186, 243, 251, 251, 87, 59, 210, 88, 230, 106, 118, 36,
       151, 178, 205, 110, 102, 201, 187, 179, 171, 27, 74, 242, 77, 223,
       249, 215, 104, 179, 56, 83, 219, 194, 157, 182, 207, 126, 161,
       115, 246, 38, 234, 188, 188, 250, 141, 237, 85, 199, 159, 31, 164,
       25, 174, 255, 98, 91, 201, 115, 251, 16, 58, 111, 250, 179, 219,
       219, 84, 123, 210, 72, 230, 74, 45, 101, 16, 71, 85, 31, 70, 168,
       113, 160, 235, 8, 210, 113, 29, 180, 216, 204, 64, 106, 233, 178,
       217, 46, 37, 190, 5, 52, 75, 123, 90, 164, 89, 35, 140, 176, 41,
       157, 80, 24, 175, 184, 163, 77, 143, 130, 66, 218, 128, 165, 236,
       85, 142, 67, 211, 0, 218, 241, 97, 57, 8, 6, 75, 3, 237, 124, 189,
       115, 45, 111, 83, 152, 251, 250, 167, 24, 222, 117, 73, 59, 145,
       84, 124, 58, 33, 100, 251, 34, 207, 219, 101, 52, 202, 123, 70,
