%YAML:1.0
---
descriptors: !!opencv-matrix
   rows: 199
   cols: 32
   dt: u
   data: [ 56, 73, 114, 236, 93, 223, 86, 100, 69, 132, 236, 9, 43, 221,
       55, 144, 216, 184, 151, 96, 76, 171, 80, 189, 243, 221, 128, 59,
       115, 190, 126, 202, 60, 65, 114, 236, 93, 215, 86, 104, 197, 132,
       252, 11, 75, 221, 55, 208, 248, 249, 223, 226, 76, 163, 80, 156,
       243, 253, 129, 59, 115, 63, 126, 130, 116, 101, 65, 7, 85, 91, 70,
       168, 117, 228, 235, 8, 195, 96, 31, 148, 24, 204, 64, 110, 77,
       176, 125, 12, 37, 142, 133, 21, 99, 191, 90, 196, 177, 207, 81,
       207, 116, 138, 111, 253, 84, 0, 248, 230, 115, 67, 180, 112, 126,
       238, 22, 238, 235, 186, 109, 189, 46, 232, 167, 192, 61, 138, 242,
       169, 17, 185, 251, 235, 180, 175, 251, 223, 46, 233, 250, 100,
       255, 255, 208, 48, 255, 255, 127, 157, 155, 186, 235, 115, 238,
       221, 175, 192, 205, 194, 227, 249, 83, 152, 255, 255, 238, 168,
       253, 223, 255, 243, 210, 242, 255, 255, 244, 106, 103, 255, 127,
       17, 179, 253, 239, 243, 220, 255, 255, 200, 188, 216, 209, 41,
       134, 172, 255, 251, 236, 161, 253, 223, 191, 219, 246, 179, 253,
       239, 212, 75, 239, 247, 127, 157, 178, 207, 203, 243, 222, 251,
       255, 200, 135, 208, 227, 217, 231, 140, 255, 255, 236, 170, 108,
       255, 127, 179, 218, 90, 253, 235, 249, 123, 123, 239, 127, 143,
       243, 254, 207, 243, 254, 254, 255, 168, 180, 248, 240, 40, 18, 0,
       114, 225, 119, 127, 248, 67, 45, 37, 243, 19, 142, 26, 52, 204,
       234, 157, 223, 145, 28, 187, 81, 196, 151, 252, 154, 67, 135, 12,
       125, 142, 114, 1, 114, 237, 95, 95, 248, 111, 45, 165, 250, 11,
       14, 31, 52, 212, 234, 157, 255, 161, 76, 187, 81, 204, 151, 248,
       154, 7, 39, 12, 237, 142, 122, 73, 114, 237, 125, 94, 252, 111,
       45, 164, 250, 3, 10, 27, 55, 212, 234, 157, 255, 161, 76, 187,
       209, 204, 183, 248, 138, 23, 119, 172, 110, 142, 118, 97, 114,
       237, 125, 95, 250, 106, 45, 160, 250, 11, 11, 31, 53, 208, 250,
       221, 159, 227, 76, 179, 209, 204, 183, 253, 139, 151, 55, 61, 126,
       134, 52, 97, 122, 236, 84, 79, 250, 104, 109, 164, 255, 3, 83,
       223, 61, 16, 250, 221, 23, 227, 204, 178, 89, 222, 247, 237, 171,
       5, 117, 187, 126, 130, 220, 176, 191, 240, 169, 124, 89, 23, 187,
       255, 151, 24, 159, 191, 72, 123, 167, 23, 253, 17, 59, 77, 243,
       128, 219, 251, 127, 254, 130, 64, 135, 115, 52, 69, 122, 237, 84,
       79, 235, 120, 100, 164, 127, 10, 83, 95, 57, 112, 122, 220, 23,
       234, 200, 178, 89, 14, 245, 173, 163, 132, 117, 171, 118, 162,
       221, 212, 125, 255, 44, 79, 77, 184, 252, 186, 183, 112, 247, 87,
       136, 107, 102, 213, 124, 106, 233, 229, 123, 47, 225, 235, 119,
       148, 36, 185, 101, 113, 221, 20, 189, 245, 172, 108, 89, 27, 251,
       187, 183, 56, 223, 119, 193, 123, 199, 247, 124, 26, 185, 101,
       251, 2, 195, 251, 115, 144, 128, 225, 5, 51, 73, 188, 188, 241,
       185, 124, 85, 191, 251, 123, 174, 24, 158, 191, 72, 59, 133, 87,
       125, 24, 179, 105, 243, 227, 239, 223, 87, 126, 130, 64, 135, 59,
       37, 69, 75, 207, 84, 199, 239, 120, 84, 128, 123, 66, 81, 85, 185,
       96, 122, 252, 18, 234, 193, 178, 61, 30, 117, 172, 163, 4, 117,
       171, 112, 160, 37, 77, 67, 207, 84, 135, 238, 248, 84, 192, 123,
       70, 113, 64, 185, 228, 120, 104, 18, 238, 193, 176, 61, 63, 36,
       44, 167, 128, 125, 187, 112, 164, 165, 4, 221, 119, 194, 106, 111,
       191, 112, 242, 103, 16, 83, 119, 153, 123, 55, 214, 52, 58, 57,
       212, 125, 42, 109, 171, 117, 4, 224, 241, 194, 160, 102, 237, 187,
       126, 217, 197, 71, 224, 163, 132, 232, 8, 98, 251, 101, 16, 201,
       250, 97, 194, 90, 107, 218, 123, 123, 158, 133, 59, 65, 115, 230,
       170, 130, 172, 182, 216, 201, 229, 176, 71, 191, 23, 224, 17, 172,
       191, 36, 9, 233, 59, 235, 145, 50, 239, 18, 247, 155, 50, 222, 75,
       208, 68, 167, 138, 42, 249, 54, 252, 93, 220, 252, 231, 191, 31,
       230, 1, 172, 190, 38, 84, 201, 59, 251, 1, 98, 219, 178, 255, 231,
       255, 222, 59, 18, 28, 247, 206, 236, 253, 180, 243, 173, 253, 118,
       190, 255, 191, 190, 25, 239, 249, 79, 159, 201, 118, 255, 82, 122,
       108, 219, 179, 239, 223, 85, 127, 130, 223, 222, 78, 130, 172,
       158, 184, 211, 228, 181, 199, 158, 23, 64, 19, 44, 183, 32, 73,
       225, 59, 163, 17, 50, 207, 146, 247, 217, 183, 94, 75, 144, 72,
       165, 234, 129, 174, 223, 249, 238, 169, 233, 83, 126, 83, 114,
       246, 189, 227, 208, 121, 111, 174, 62, 28, 179, 252, 231, 243,
       220, 175, 242, 192, 189, 200, 113, 169, 21, 207, 67, 79, 246, 2,
       239, 252, 116, 200, 90, 230, 113, 96, 181, 96, 126, 236, 22, 238,
       233, 177, 45, 63, 52, 44, 167, 128, 61, 187, 240, 169, 129, 174,
       207, 249, 236, 169, 233, 83, 254, 19, 243, 246, 189, 235, 208,
       105, 111, 171, 127, 156, 179, 252, 199, 211, 204, 255, 250, 192,
       173, 192, 225, 169, 53, 207, 107, 239, 180, 203, 111, 252, 116,
       232, 255, 230, 115, 103, 185, 112, 126, 238, 23, 238, 201, 178,
       109, 63, 248, 173, 167, 128, 61, 187, 240, 249, 53, 255, 123, 239,
       244, 139, 255, 252, 102, 236, 255, 102, 243, 235, 155, 96, 126,
       239, 23, 239, 200, 178, 237, 63, 254, 237, 167, 132, 109, 251,
       226, 241, 174, 254, 254, 255, 252, 235, 255, 255, 191, 255, 254,
       183, 255, 239, 223, 75, 255, 239, 255, 147, 250, 239, 235, 255,
       254, 255, 255, 253, 213, 248, 231, 219, 126, 85, 114, 238, 125,
       95, 126, 232, 29, 172, 251, 11, 78, 254, 63, 212, 254, 221, 255,
       227, 76, 179, 217, 222, 183, 254, 143, 183, 23, 127, 124, 86, 143,
       190, 246, 255, 252, 63, 255, 254, 191, 251, 255, 246, 239, 238,
       223, 239, 255, 239, 255, 159, 191, 255, 239, 255, 190, 255, 255,
       220, 207, 245, 235, 213, 54, 117, 122, 238, 252, 71, 254, 232, 61,
       140, 253, 11, 211, 253, 63, 64, 250, 253, 95, 227, 204, 163, 217,
       222, 247, 221, 175, 141, 117, 187, 110, 195, 138, 253, 183, 252,
       157, 245, 255, 231, 255, 211, 238, 16, 190, 255, 117, 47, 233,
       251, 123, 147, 123, 239, 178, 239, 255, 251, 223, 11, 202, 117,
       231, 250, 151, 231, 254, 239, 188, 35, 239, 248, 127, 226, 251,
       234, 223, 235, 157, 49, 127, 207, 127, 234, 249, 243, 239, 238,
       254, 254, 239, 140, 229, 243, 227, 225, 130, 205, 150, 152, 219,
       241, 180, 231, 159, 23, 236, 19, 44, 238, 38, 65, 233, 59, 235,
       129, 118, 75, 18, 247, 123, 119, 94, 75, 210, 92, 173, 206, 21,
       205, 89, 239, 52, 15, 79, 252, 100, 224, 255, 66, 243, 67, 185,
       112, 122, 236, 28, 238, 201, 176, 109, 63, 240, 237, 167, 132, 60,
       187, 112, 40, 37, 69, 107, 207, 116, 7, 239, 248, 84, 200, 121,
       66, 81, 243, 185, 96, 122, 232, 22, 234, 193, 178, 45, 126, 116,
       172, 167, 132, 125, 187, 112, 161, 238, 252, 246, 191, 255, 127,
       254, 232, 63, 238, 246, 59, 236, 254, 23, 215, 255, 255, 255, 163,
       228, 247, 235, 254, 191, 127, 207, 191, 151, 253, 127, 215, 252,
       253, 156, 126, 153, 239, 86, 236, 147, 190, 173, 25, 102, 249,
       107, 25, 153, 250, 225, 114, 120, 99, 154, 63, 251, 199, 69, 63,
       243, 123, 206, 2, 247, 118, 106, 174, 30, 18, 95, 248, 145, 196,
       158, 175, 99, 204, 187, 65, 126, 229, 221, 231, 236, 199, 172,
       174, 242, 97, 173, 153, 37, 191, 52, 87, 214, 186, 156, 180, 170,
       32, 28, 143, 146, 191, 146, 253, 238, 174, 66, 219, 167, 247, 237,
       129, 60, 79, 203, 2, 216, 227, 255, 191, 160, 116, 175, 27, 45,
       160, 197, 69, 141, 31, 96, 153, 83, 251, 34, 76, 218, 49, 221,
       175, 25, 68, 112, 60, 153, 240, 253, 128, 15, 90, 69, 100, 203,
       252, 80, 164, 220, 48, 189, 247, 168, 108, 85, 158, 190, 191, 167,
       24, 215, 247, 73, 91, 129, 86, 125, 10, 41, 69, 251, 34, 201, 243,
       117, 28, 128, 113, 135, 115, 116, 237, 249, 100, 236, 79, 71, 184,
       67, 162, 172, 8, 83, 113, 73, 50, 25, 214, 68, 106, 105, 98, 248,
       42, 251, 205, 101, 60, 96, 251, 198, 34, 121, 99, 90, 232, 52,
