%YAML:1.0
---
descriptors: !!opencv-matrix
   rows: 32
   cols: 32
   dt: u
   data: [ 197, 174, 133, 23, 236, 46, 228, 191, 126, 187, 123, 84, 243,
       96, 217, 75, 1, 102, 110, 28, 176, 252, 207, 34, 12, 62, 117, 128,
       200, 249, 211, 169, 228, 89, 21, 126, 9, 204, 71, 184, 192, 200,
       225, 72, 246, 119, 33, 115, 192, 116, 104, 106, 105, 99, 250, 61,
       225, 186, 69, 24, 88, 59, 68, 50, 197, 174, 133, 19, 232, 169, 45,
       143, 254, 187, 67, 92, 244, 226, 208, 91, 1, 110, 106, 28, 51,
       204, 207, 115, 140, 54, 119, 104, 136, 192, 131, 136, 181, 204,
       213, 55, 150, 43, 103, 175, 118, 163, 234, 210, 243, 97, 136, 64,
       121, 206, 32, 42, 121, 252, 77, 47, 172, 166, 101, 4, 233, 251,
       208, 40, 202, 181, 188, 80, 233, 253, 189, 159, 187, 127, 164,
       189, 142, 190, 78, 191, 167, 31, 253, 16, 182, 79, 242, 211, 95,
       95, 85, 255, 194, 68, 143, 215, 208, 56, 191, 184, 168, 237, 17,
       215, 170, 31, 128, 25, 151, 183, 64, 91, 161, 19, 125, 17, 58, 79,
       146, 32, 217, 163, 126, 120, 192, 64, 135, 123, 116, 33, 113, 69,
       16, 74, 99, 24, 96, 160, 99, 72, 83, 23, 137, 52, 48, 212, 96,
       106, 9, 176, 225, 12, 5, 168, 32, 4, 97, 163, 70, 32, 244, 72,
       198, 6, 78, 10, 70, 172, 112, 162, 227, 138, 67, 96, 9, 91, 120,
       196, 104, 234, 104, 247, 205, 106, 180, 162, 199, 20, 97, 51, 106,
       0, 125, 125, 93, 102, 140, 78, 71, 188, 96, 232, 173, 76, 83, 113,
       217, 51, 24, 196, 124, 110, 201, 99, 249, 40, 243, 233, 101, 52,
       105, 251, 82, 32, 116, 97, 72, 103, 17, 75, 87, 40, 33, 164, 239,
       137, 67, 65, 11, 16, 88, 220, 201, 98, 72, 178, 217, 46, 247, 229,
       5, 21, 97, 187, 70, 34, 248, 172, 158, 118, 168, 236, 85, 183,
       178, 159, 164, 24, 55, 247, 66, 27, 129, 246, 109, 8, 58, 111,
       218, 51, 219, 235, 117, 121, 224, 192, 198, 42, 212, 52, 157, 240,
       168, 108, 81, 18, 182, 251, 162, 24, 151, 183, 65, 123, 163, 215,
       108, 16, 43, 69, 243, 0, 209, 227, 113, 52, 160, 65, 7, 51, 252,
       168, 189, 118, 172, 237, 85, 151, 242, 159, 164, 24, 179, 243, 73,
       59, 137, 246, 108, 24, 58, 111, 250, 48, 219, 203, 117, 121, 224,
       88, 198, 106, 244, 73, 6, 22, 73, 74, 70, 236, 112, 166, 227, 10,
       66, 96, 9, 211, 120, 228, 104, 226, 104, 231, 223, 42, 176, 162,
       197, 29, 97, 51, 234, 0, 173, 174, 172, 87, 180, 63, 111, 191,
       118, 255, 127, 92, 243, 97, 155, 43, 21, 110, 116, 46, 253, 252,
       237, 46, 110, 127, 117, 68, 202, 249, 210, 65, 69, 175, 157, 83,
       248, 174, 101, 159, 118, 187, 106, 84, 247, 224, 208, 120, 21,
       110, 110, 28, 179, 252, 239, 55, 108, 174, 119, 192, 200, 208,
       195, 169, 149, 207, 76, 39, 148, 42, 103, 189, 116, 162, 239, 212,
       243, 97, 153, 80, 113, 238, 44, 238, 121, 240, 77, 47, 236, 239,
       165, 4, 109, 243, 216, 0, 73, 244, 145, 65, 161, 46, 117, 159,
       123, 187, 46, 84, 222, 51, 72, 190, 149, 95, 120, 56, 179, 220,
       241, 66, 239, 255, 85, 102, 202, 80, 195, 59, 60, 101, 51, 110,
       89, 79, 23, 232, 115, 164, 237, 8, 66, 213, 41, 52, 216, 220, 192,
       98, 72, 179, 249, 30, 243, 228, 5, 63, 83, 59, 70, 226, 125, 255,
       228, 71, 178, 123, 79, 252, 115, 238, 255, 236, 107, 109, 159, 52,
       63, 238, 228, 238, 253, 242, 237, 46, 190, 239, 101, 133, 231,
       247, 230, 117, 244, 201, 22, 62, 137, 78, 70, 237, 241, 180, 163,
       9, 98, 96, 45, 211, 248, 230, 104, 98, 104, 99, 219, 45, 177, 162,
       69, 31, 65, 59, 238, 6, 13, 167, 64, 3, 180, 59, 102, 41, 118,
       183, 47, 152, 195, 96, 218, 220, 19, 140, 44, 62, 60, 240, 77, 22,
       174, 142, 37, 100, 231, 235, 216, 4, 244, 205, 22, 46, 153, 79,
       70, 236, 165, 188, 171, 11, 98, 98, 46, 211, 248, 230, 232, 98,
       124, 235, 27, 45, 185, 162, 69, 31, 97, 123, 236, 6, 140, 37, 196,
       3, 212, 123, 98, 136, 118, 182, 43, 154, 195, 96, 91, 137, 57,
       204, 106, 126, 52, 244, 93, 54, 140, 135, 69, 101, 229, 235, 92,
       128, 157, 221, 221, 127, 176, 174, 103, 188, 118, 235, 111, 84,
       243, 113, 152, 113, 19, 110, 36, 126, 249, 248, 125, 63, 236, 239,
       101, 64, 232, 243, 192, 41, 253, 113, 245, 70, 173, 95, 71, 152,
       225, 250, 181, 72, 83, 81, 205, 191, 24, 212, 124, 106, 201, 103,
       251, 40, 243, 217, 101, 60, 107, 251, 66, 33, 77, 39, 220, 71,
       240, 58, 106, 25, 121, 170, 47, 116, 223, 98, 201, 254, 179, 70,
       108, 62, 181, 208, 237, 74, 142, 255, 103, 4, 202, 227, 75, 37,
       13, 252, 176, 83, 249, 157, 246, 190, 123, 122, 60, 76, 190, 48,
       87, 180, 133, 74, 70, 94, 231, 120, 251, 63, 47, 223, 21, 118, 90,
       83, 75, 141, 31, 119, 124, 7, 210, 30, 175, 184, 57, 224, 127,
       199, 221, 110, 31, 196, 54, 205, 243, 111, 229, 144, 253, 238,
       102, 111, 15, 4, 111, 247, 11, 213, 125, 117, 125, 102, 172, 30,
       71, 184, 97, 226, 191, 76, 83, 121, 221, 55, 24, 196, 124, 110,
       201, 99, 253, 44, 179, 249, 101, 60, 107, 251, 82, 53, 252, 236,
       140, 182, 139, 105, 86, 172, 182, 182, 143, 153, 231, 233, 75, 27,
       217, 199, 233, 99, 108, 71, 203, 59, 250, 231, 205, 61, 160, 123,
       158, 2, 118, 230, 196, 166, 138, 115, 86, 168, 51, 182, 137, 169,
       199, 98, 75, 155, 155, 215, 237, 243, 126, 67, 207, 51, 184, 199,
       237, 189, 160, 119, 142, 2 ]
keypoints: !!opencv-matrix
   rows: 32
   cols: 2
   dt: d
   data: [ 350., 78., 297., 80., 141., 86., 49., 101., 34., 123., 53.,
       185., 335., 232., 2.9760000610351562e+02, 7.4400001525878906e+01,
       1.4520001220703125e+02, 8.7600006103515625e+01,
       3.1440002441406250e+02, 156., 4.5600002288818359e+01,
       1.8480000305175781e+02, 2.5440000915527344e+02,
       2.5440000915527344e+02, 2.5560000610351562e+02,
       2.6160000610351562e+02, 2.9808001708984375e+02,
       7.3440002441406250e+01, 3.4992001342773438e+02,
       8.0639999389648438e+01, 1.4112001037597656e+02,
       8.6400001525878906e+01, 4.8960002899169922e+01,
       9.3600006103515625e+01, 3.1680001831054688e+02,
       1.4976000976562500e+02, 3.1536001586914062e+02,
       1.5552000427246094e+02, 3.3264001464843750e+02,
       1.7856001281738281e+02, 2.9721603393554688e+02,
       7.2576004028320312e+01, 2.9721603393554688e+02,
       8.1216011047363281e+01, 2.9859844970703125e+02,
       7.0502410888671875e+01, 3.0067202758789062e+02,
       8.2944015502929688e+01, 1.4100482177734375e+02,
       8.7091209411621094e+01, 1.4722561645507812e+02,
       8.9164810180664062e+01, 3.1933444213867188e+02,
       1.4929922485351562e+02, 3.1518725585937500e+02,
       1.5552001953125000e+02, 3.3177606201171875e+02,
       1.7832962036132812e+02, 1.4681091308593750e+02,
       8.9579544067382812e+01, 2.3887878417968750e+02,
       1.5228521728515625e+02, 2.2215727233886719e+02,
       1.6840954589843750e+02 ]
