%YAML:1.0
---
descriptors: !!opencv-matrix
   rows: 332
   cols: 32
   dt: u
   data: [ 216, 79, 94, 36, 162, 66, 31, 246, 160, 134, 174, 169, 111,
       167, 3, 83, 38, 245, 237, 226, 104, 139, 128, 46, 240, 225, 101,
       145, 33, 242, 39, 107, 126, 162, 132, 180, 41, 29, 72, 24, 163,
       253, 131, 205, 207, 168, 82, 223, 133, 197, 237, 213, 156, 67,
       207, 144, 154, 211, 221, 253, 142, 172, 26, 84, 119, 231, 140,
       167, 188, 30, 78, 184, 50, 238, 155, 237, 195, 104, 218, 194, 149,
       196, 237, 231, 252, 208, 205, 14, 236, 103, 237, 181, 12, 255,
       154, 81, 231, 191, 255, 22, 252, 191, 247, 247, 251, 254, 190,
       125, 114, 252, 247, 51, 175, 111, 126, 14, 245, 123, 190, 126,
       126, 30, 117, 190, 201, 112, 195, 223, 109, 245, 185, 87, 233,
       127, 103, 156, 123, 234, 109, 24, 222, 243, 73, 52, 145, 222, 126,
       122, 123, 114, 251, 114, 239, 255, 5, 44, 202, 243, 194, 176, 193,
       253, 151, 21, 168, 140, 36, 183, 250, 187, 162, 92, 182, 178, 64,
       95, 129, 103, 104, 29, 247, 109, 146, 99, 172, 58, 87, 122, 200,
       112, 131, 13, 244, 190, 189, 246, 136, 98, 85, 191, 179, 191, 132,
       57, 118, 247, 65, 91, 133, 215, 109, 130, 56, 79, 235, 50, 217,
       162, 221, 63, 160, 113, 134, 123, 101, 99, 16, 71, 116, 31, 102,
       184, 105, 168, 127, 76, 214, 64, 157, 180, 148, 76, 68, 110, 197,
       176, 201, 14, 38, 188, 37, 4, 74, 179, 75, 133, 244, 189, 187,
       118, 252, 237, 87, 223, 251, 251, 186, 125, 247, 253, 84, 58, 143,
       255, 125, 17, 191, 107, 250, 51, 251, 223, 117, 250, 200, 112,
       199, 123, 77, 61, 250, 101, 177, 158, 127, 49, 59, 236, 174, 13,
       255, 119, 3, 114, 183, 253, 253, 60, 152, 216, 249, 140, 239, 255,
       5, 48, 194, 230, 135, 115, 236, 174, 244, 83, 253, 105, 101, 159,
       115, 183, 37, 24, 218, 225, 220, 63, 25, 206, 98, 24, 178, 126,
       238, 115, 111, 26, 85, 109, 195, 248, 214, 232, 112, 189, 63, 112,
       136, 237, 81, 103, 235, 53, 168, 24, 55, 191, 64, 51, 129, 179,
       125, 16, 26, 107, 242, 21, 219, 217, 84, 123, 192, 72, 198, 42,
       125, 249, 29, 111, 184, 79, 71, 188, 102, 168, 166, 8, 215, 83, 9,
       115, 144, 212, 108, 106, 73, 97, 249, 61, 233, 249, 37, 60, 16,
       187, 6, 34, 81, 48, 189, 101, 8, 15, 65, 56, 230, 176, 166, 8,
       215, 19, 65, 114, 128, 20, 104, 104, 9, 97, 241, 24, 201, 139, 97,
       52, 0, 40, 68, 34, 85, 113, 249, 103, 16, 94, 123, 184, 97, 224,
       167, 8, 211, 87, 9, 114, 54, 213, 108, 234, 205, 211, 249, 12,
       223, 233, 5, 20, 104, 179, 70, 48, 109, 113, 57, 103, 49, 79, 103,
       184, 105, 232, 111, 8, 214, 119, 9, 48, 144, 92, 124, 106, 73,
       176, 249, 44, 231, 253, 5, 20, 66, 179, 70, 114, 224, 184, 189,
       80, 105, 253, 17, 71, 234, 29, 164, 24, 182, 159, 68, 59, 129, 51,
       234, 16, 50, 111, 242, 81, 95, 155, 80, 123, 192, 0, 71, 107, 194,
       186, 159, 176, 40, 141, 56, 22, 170, 251, 160, 253, 180, 135, 64,
       27, 167, 53, 125, 21, 147, 79, 146, 97, 157, 176, 122, 248, 136,
       0, 7, 121, 97, 105, 25, 101, 48, 207, 74, 52, 104, 160, 106, 72,
       183, 17, 64, 48, 150, 253, 80, 72, 73, 184, 209, 44, 229, 157, 5,
       48, 72, 178, 66, 40, 12, 142, 189, 121, 184, 175, 71, 191, 86, 63,
       44, 24, 247, 115, 136, 121, 21, 90, 108, 58, 122, 232, 107, 63,
       237, 159, 117, 116, 208, 249, 192, 33, 112, 185, 222, 96, 170,
       232, 81, 23, 162, 29, 172, 41, 55, 183, 66, 18, 34, 183, 109, 16,
       26, 11, 130, 17, 217, 229, 32, 121, 224, 130, 134, 107, 88, 48,
       25, 96, 41, 220, 89, 17, 169, 0, 166, 8, 191, 151, 64, 118, 134,
       149, 252, 8, 11, 1, 243, 1, 211, 249, 0, 56, 34, 128, 7, 56, 242,
       184, 255, 116, 41, 252, 81, 87, 187, 31, 180, 121, 46, 159, 68,
       63, 167, 183, 253, 16, 186, 79, 178, 81, 219, 250, 80, 250, 194,
       192, 134, 123, 56, 156, 156, 253, 184, 175, 85, 191, 86, 187, 174,
       20, 247, 115, 0, 113, 209, 118, 108, 40, 120, 232, 123, 63, 235,
       239, 117, 84, 176, 200, 192, 43, 100, 98, 56, 103, 48, 15, 99, 56,
       96, 172, 119, 8, 211, 65, 137, 16, 16, 92, 76, 110, 72, 244, 233,
       8, 231, 189, 33, 20, 64, 179, 70, 33, 113, 121, 121, 101, 52, 79,
       118, 188, 105, 232, 250, 108, 255, 93, 149, 48, 182, 253, 93, 99,
       205, 176, 249, 46, 247, 253, 37, 178, 76, 178, 67, 123, 77, 97,
       80, 71, 49, 30, 95, 184, 105, 168, 127, 8, 223, 83, 139, 180, 146,
       196, 76, 110, 72, 176, 233, 204, 167, 253, 37, 22, 66, 179, 74,
       37, 183, 126, 68, 151, 142, 27, 134, 232, 149, 182, 179, 255, 195,
       64, 143, 143, 125, 197, 238, 231, 237, 231, 77, 136, 176, 194,
       207, 22, 109, 61, 88, 20, 67, 166, 136, 219, 176, 180, 172, 159,
       126, 27, 94, 84, 224, 226, 222, 236, 213, 74, 46, 156, 183, 220,
       235, 227, 14, 62, 254, 202, 138, 208, 169, 13, 116, 119, 173, 166,
       138, 74, 87, 184, 32, 238, 143, 175, 215, 119, 75, 83, 21, 212,
       109, 226, 104, 66, 249, 8, 249, 167, 237, 149, 160, 115, 22, 115,
       77, 49, 57, 97, 48, 78, 115, 24, 104, 168, 38, 72, 215, 23, 73,
       112, 148, 28, 124, 120, 3, 208, 241, 8, 197, 249, 33, 52, 64, 130,
       7, 51, 194, 188, 151, 244, 169, 237, 48, 7, 187, 27, 34, 24, 174,
       182, 64, 191, 161, 51, 232, 16, 51, 77, 178, 83, 153, 242, 94,
       123, 128, 64, 135, 46, 205, 180, 133, 177, 173, 61, 68, 139, 123,
       251, 130, 93, 207, 56, 83, 187, 129, 70, 120, 61, 191, 100, 219,
       130, 141, 219, 93, 126, 138, 125, 219, 20, 84, 109, 187, 118, 152,
       238, 95, 224, 187, 128, 171, 8, 247, 247, 97, 50, 176, 255, 125,
       90, 8, 195, 186, 42, 251, 253, 5, 56, 192, 115, 70, 34, 211, 54,
       156, 181, 168, 46, 92, 63, 187, 251, 178, 221, 223, 34, 64, 219,
       135, 199, 125, 36, 189, 77, 211, 2, 138, 243, 127, 150, 136, 100,
       139, 21, 100, 193, 156, 111, 24, 15, 71, 184, 70, 176, 175, 8,
       215, 113, 73, 82, 144, 68, 104, 122, 72, 96, 219, 25, 239, 191,
       69, 60, 80, 187, 64, 34, 254, 110, 132, 182, 139, 114, 22, 136,
       147, 246, 139, 191, 203, 108, 75, 207, 209, 199, 237, 243, 124,
       71, 207, 162, 184, 98, 205, 191, 167, 127, 158, 86, 180, 109, 127,
       71, 212, 79, 103, 232, 116, 226, 239, 2, 82, 117, 13, 53, 121,
       254, 66, 234, 105, 242, 121, 126, 125, 174, 5, 4, 225, 251, 230,
       160, 252, 180, 189, 114, 169, 237, 81, 159, 187, 63, 165, 24, 158,
       191, 72, 59, 129, 151, 237, 16, 58, 111, 251, 19, 219, 219, 85,
       127, 194, 72, 199, 114, 211, 140, 142, 183, 147, 190, 188, 231,
       188, 215, 202, 23, 173, 170, 51, 203, 227, 103, 232, 133, 52, 205,
       151, 239, 185, 99, 94, 3, 136, 116, 169, 78, 214, 190, 158, 190,
       170, 184, 60, 230, 191, 147, 211, 247, 236, 250, 35, 203, 167,
       119, 255, 147, 54, 205, 154, 255, 250, 243, 95, 211, 140, 113,
       169, 27, 253, 116, 253, 247, 44, 127, 91, 152, 123, 250, 183, 124,
       223, 95, 219, 59, 183, 213, 125, 106, 169, 100, 251, 170, 199,
       251, 99, 180, 74, 227, 71, 115, 182, 117, 254, 239, 253, 95, 255,
       232, 61, 238, 255, 11, 203, 253, 31, 69, 255, 221, 255, 227, 232,
       243, 249, 238, 191, 254, 207, 151, 119, 127, 239, 87, 54, 245,
       246, 143, 255, 127, 255, 232, 63, 238, 255, 11, 78, 254, 63, 112,
       255, 223, 255, 227, 236, 243, 249, 255, 191, 182, 143, 183, 23,
       127, 246, 215, 201, 188, 189, 241, 168, 108, 125, 151, 186, 251,
       150, 56, 159, 63, 72, 123, 135, 87, 125, 17, 179, 76, 251, 99,
       207, 219, 126, 246, 128, 80, 135, 123, 252, 188, 156, 246, 136,
       173, 85, 158, 178, 191, 166, 24, 215, 243, 67, 91, 129, 247, 109,
       16, 58, 111, 219, 34, 219, 235, 117, 61, 224, 112, 206, 43, 33,
       173, 129, 129, 212, 175, 230, 231, 86, 161, 104, 78, 178, 176, 64,
       128, 57, 42, 2, 28, 19, 186, 80, 31, 173, 12, 21, 96, 217, 72,
       210, 136, 109, 113, 177, 71, 237, 95, 87, 152, 75, 250, 61, 40,
       218, 121, 205, 190, 153, 84, 100, 122, 9, 114, 249, 32, 111, 221,
       101, 55, 194, 123, 70, 39, 237, 124, 189, 115, 173, 111, 115, 152,
