%YAML:1.0
---
descriptors: !!opencv-matrix
   rows: 138
   cols: 32
   dt: u
   data: [ 248, 158, 126, 124, 155, 106, 85, 55, 177, 31, 166, 185, 127,
       39, 2, 91, 39, 246, 237, 32, 56, 79, 161, 47, 251, 227, 116, 81,
       162, 224, 134, 123, 92, 117, 113, 103, 19, 75, 55, 232, 121, 160,
       111, 40, 95, 119, 9, 52, 50, 220, 104, 98, 97, 240, 185, 110, 245,
       238, 5, 7, 99, 51, 7, 50, 212, 111, 140, 183, 168, 43, 70, 168,
       62, 166, 139, 253, 199, 98, 201, 219, 147, 231, 108, 119, 108,
       215, 205, 46, 188, 134, 111, 52, 136, 115, 139, 0, 222, 254, 156,
       178, 169, 180, 30, 158, 187, 255, 141, 61, 238, 255, 75, 219, 133,
       87, 253, 87, 62, 79, 154, 163, 251, 247, 93, 255, 138, 119, 143,
       83, 65, 231, 148, 131, 188, 45, 108, 173, 127, 59, 185, 88, 206,
       34, 200, 150, 151, 15, 110, 28, 51, 88, 203, 119, 172, 150, 127,
       116, 218, 90, 137, 45, 101, 239, 154, 158, 252, 145, 174, 228,
       254, 140, 253, 76, 228, 226, 183, 212, 201, 106, 110, 78, 68, 107,
       206, 255, 184, 54, 7, 57, 24, 251, 107, 141, 212, 172, 157, 246,
       136, 232, 69, 143, 178, 179, 168, 24, 215, 243, 64, 59, 129, 247,
       108, 16, 58, 111, 219, 35, 217, 162, 117, 120, 224, 112, 135, 34,
       87, 229, 229, 135, 155, 118, 175, 172, 30, 227, 143, 130, 88, 230,
       223, 230, 55, 71, 121, 255, 179, 65, 191, 250, 56, 46, 143, 124,
       135, 247, 177, 116, 208, 156, 149, 116, 136, 236, 84, 135, 178,
       179, 162, 24, 247, 179, 64, 91, 129, 247, 108, 16, 58, 77, 211,
       35, 217, 162, 117, 92, 200, 96, 131, 10, 45, 103, 64, 7, 116, 31,
       230, 184, 125, 172, 123, 205, 195, 64, 159, 148, 24, 76, 70, 110,
       204, 176, 77, 46, 38, 28, 37, 52, 79, 191, 90, 132, 244, 236, 157,
       118, 184, 15, 87, 188, 114, 178, 163, 24, 215, 115, 73, 83, 145,
       214, 108, 106, 104, 102, 201, 43, 249, 171, 101, 60, 96, 243, 198,
       34, 37, 185, 146, 128, 221, 143, 198, 206, 95, 161, 168, 76, 2,
       240, 109, 148, 217, 234, 2, 86, 31, 59, 216, 178, 57, 156, 5, 126,
       217, 123, 218, 134, 100, 225, 25, 99, 56, 15, 71, 168, 98, 168,
       41, 8, 214, 115, 72, 16, 144, 76, 72, 106, 74, 48, 217, 29, 237,
       156, 37, 52, 80, 27, 66, 34, 96, 105, 243, 100, 83, 200, 104, 198,
       107, 164, 234, 8, 43, 143, 85, 52, 42, 253, 98, 200, 72, 186, 162,
       200, 63, 220, 20, 43, 97, 176, 70, 170, 244, 68, 237, 183, 138,
       106, 71, 184, 176, 246, 135, 185, 215, 103, 75, 91, 19, 214, 109,
       162, 104, 69, 233, 42, 241, 227, 237, 21, 164, 241, 148, 114, 64,
       76, 142, 181, 206, 136, 52, 39, 188, 134, 194, 3, 165, 162, 35,
       91, 97, 231, 106, 129, 100, 221, 134, 106, 244, 167, 222, 1, 160,
       112, 169, 10, 216, 252, 156, 126, 168, 173, 85, 158, 182, 191,
       166, 28, 247, 243, 64, 123, 129, 247, 108, 24, 42, 109, 251, 51,
       219, 235, 117, 56, 224, 80, 134, 43, 252, 253, 189, 118, 168, 111,
       87, 190, 179, 254, 174, 24, 87, 119, 73, 59, 145, 214, 108, 90,
       121, 99, 251, 50, 251, 203, 101, 124, 224, 243, 198, 99, 252, 176,
       189, 114, 137, 109, 81, 153, 226, 251, 165, 24, 215, 247, 72, 59,
       129, 214, 125, 24, 59, 103, 251, 16, 219, 203, 117, 125, 224, 96,
       198, 50, 236, 164, 156, 115, 137, 109, 81, 143, 187, 183, 165, 25,
       206, 183, 72, 27, 129, 87, 232, 16, 58, 77, 219, 18, 203, 211, 85,
       127, 192, 64, 143, 98, 216, 188, 191, 120, 171, 237, 80, 23, 167,
       19, 164, 24, 191, 183, 64, 91, 163, 179, 237, 16, 58, 79, 146, 49,
       219, 227, 112, 121, 226, 192, 174, 59, 80, 184, 191, 112, 8, 204,
       81, 18, 162, 181, 164, 8, 55, 151, 64, 26, 33, 180, 109, 16, 10,
       75, 178, 0, 217, 161, 113, 121, 224, 128, 6, 106, 104, 178, 189,
       119, 232, 108, 85, 191, 171, 191, 182, 120, 159, 247, 200, 59,
       135, 214, 108, 24, 58, 75, 235, 33, 223, 243, 117, 252, 194, 208,
       135, 115, 124, 101, 185, 231, 188, 79, 87, 248, 119, 172, 255, 8,
       215, 127, 9, 16, 216, 220, 109, 106, 104, 243, 233, 14, 243, 239,
       37, 53, 96, 187, 70, 99, 108, 101, 120, 231, 116, 15, 94, 184,
       113, 168, 255, 8, 211, 123, 25, 48, 216, 220, 95, 106, 104, 178,
       217, 14, 255, 253, 37, 52, 97, 187, 66, 130, 66, 15, 158, 181,
       151, 186, 188, 167, 191, 135, 74, 199, 173, 170, 55, 194, 231,
       103, 235, 149, 52, 217, 134, 234, 190, 119, 222, 3, 128, 116, 169,
       14, 188, 70, 104, 103, 100, 11, 79, 248, 112, 166, 255, 138, 83,
       97, 153, 17, 122, 204, 4, 238, 232, 182, 109, 14, 242, 235, 229,
       4, 101, 251, 86, 224, 135, 182, 236, 145, 254, 50, 184, 27, 95,
       243, 153, 247, 200, 110, 222, 107, 223, 15, 187, 181, 183, 92,
       255, 215, 14, 95, 223, 231, 157, 204, 185, 213, 37, 255, 8, 171,
       220, 149, 206, 253, 86, 97, 120, 78, 243, 192, 89, 160, 220, 202,
       18, 255, 223, 58, 94, 55, 172, 205, 175, 124, 217, 155, 218, 144,
       129, 184, 159, 249, 168, 173, 41, 159, 190, 59, 178, 84, 183, 243,
       64, 107, 167, 119, 127, 24, 179, 205, 219, 51, 205, 187, 127, 208,
       152, 64, 129, 41, 201, 156, 159, 255, 168, 238, 117, 159, 190,
       155, 134, 16, 255, 243, 0, 123, 133, 118, 124, 24, 51, 205, 251,
       35, 205, 235, 119, 80, 136, 96, 129, 59, 216, 188, 159, 246, 169,
       252, 85, 151, 179, 251, 166, 24, 191, 247, 64, 123, 161, 119, 125,
       24, 59, 77, 251, 35, 219, 251, 119, 120, 170, 192, 135, 59, 89,
       188, 150, 188, 169, 173, 84, 23, 251, 27, 168, 93, 191, 179, 64,
       154, 133, 167, 236, 4, 62, 107, 210, 51, 155, 255, 116, 122, 202,
       64, 139, 11, 197, 164, 181, 83, 141, 109, 133, 143, 218, 251, 129,
       24, 214, 112, 76, 47, 129, 86, 120, 27, 51, 109, 251, 51, 141, 18,
       85, 126, 208, 121, 215, 38, 124, 112, 189, 102, 136, 77, 87, 152,
       227, 188, 165, 8, 215, 119, 73, 59, 145, 212, 108, 122, 10, 99,
       251, 32, 219, 233, 101, 60, 224, 243, 70, 34, 69, 53, 21, 99, 16,
       110, 99, 56, 124, 233, 107, 72, 214, 55, 8, 112, 144, 84, 120, 56,
       1, 208, 249, 30, 237, 190, 1, 68, 136, 3, 67, 48, 230, 236, 198,
       159, 252, 43, 238, 239, 63, 179, 243, 18, 236, 234, 29, 89, 123,
       239, 127, 163, 50, 255, 203, 255, 188, 190, 223, 132, 149, 121,
       243, 128, 252, 205, 206, 126, 148, 38, 71, 246, 53, 134, 239, 17,
       115, 99, 43, 81, 121, 230, 37, 170, 120, 255, 25, 47, 243, 239,
       229, 1, 97, 243, 230, 2, 141, 140, 255, 87, 226, 106, 111, 190,
       126, 243, 111, 208, 253, 119, 153, 127, 55, 126, 122, 10, 241,
       252, 45, 111, 110, 46, 119, 0, 230, 241, 165, 225, 205, 239, 132,
       183, 184, 43, 110, 188, 58, 174, 139, 205, 199, 98, 203, 211, 145,
       239, 108, 111, 109, 212, 205, 46, 172, 247, 111, 20, 136, 115,
       139, 64, 252, 70, 196, 166, 172, 74, 70, 168, 49, 182, 179, 237,
       203, 99, 9, 219, 89, 197, 236, 98, 108, 103, 201, 42, 178, 227,
       229, 21, 106, 251, 206, 0, 116, 231, 148, 163, 189, 59, 70, 141,
       63, 61, 185, 56, 207, 98, 202, 158, 153, 207, 236, 118, 30, 98,
       203, 242, 188, 214, 21, 127, 210, 223, 202, 4, 208, 173, 159, 242,
       168, 233, 69, 183, 182, 191, 170, 56, 247, 243, 64, 27, 1, 246,
       108, 24, 58, 73, 203, 35, 249, 166, 117, 116, 160, 80, 135, 42,
       44, 103, 96, 7, 244, 27, 198, 184, 113, 236, 255, 237, 195, 96,
       159, 148, 88, 204, 198, 110, 236, 178, 237, 46, 46, 86, 165, 149,
       103, 255, 94, 212, 105, 169, 216, 80, 205, 157, 112, 87, 227, 177,
       108, 12, 42, 160, 214, 190, 0, 174, 226, 28, 150, 122, 182, 129,
       30, 217, 20, 107, 235, 132, 202, 140, 80, 32, 157, 100, 8, 72, 65,
       2, 162, 177, 162, 24, 151, 19, 64, 27, 0, 148, 104, 24, 8, 109,
       211, 0, 209, 161, 112, 28, 96, 32, 70, 34, 116, 236, 156, 118,
       168, 47, 71, 188, 242, 186, 171, 72, 215, 115, 73, 83, 17, 246,
       108, 106, 104, 99, 203, 47, 233, 175, 101, 52, 96, 243, 198, 34,
       221, 180, 149, 177, 141, 125, 68, 139, 251, 251, 130, 88, 222,
       184, 89, 187, 129, 70, 120, 29, 63, 101, 219, 2, 137, 219, 85,
