%YAML:1.0
---
descriptors: !!opencv-matrix
   rows: 53
   cols: 32
   dt: u
   data: [ 245, 142, 203, 190, 222, 35, 70, 255, 82, 162, 232, 218, 115,
       225, 185, 64, 123, 238, 34, 170, 120, 103, 142, 63, 248, 166, 167,
       44, 189, 250, 240, 136, 177, 172, 197, 181, 158, 35, 206, 239, 86,
       162, 242, 218, 115, 97, 144, 1, 123, 198, 106, 172, 56, 255, 77,
       31, 184, 142, 229, 20, 253, 232, 114, 168, 1, 207, 91, 221, 116,
       130, 239, 247, 92, 64, 90, 230, 181, 227, 176, 100, 126, 40, 22,
       206, 225, 152, 37, 255, 164, 172, 170, 128, 20, 184, 161, 169, 80,
       91, 31, 252, 62, 196, 27, 242, 140, 12, 218, 98, 183, 159, 33, 96,
       230, 243, 61, 195, 72, 137, 51, 45, 241, 224, 170, 136, 48, 49,
       37, 59, 51, 40, 239, 221, 110, 163, 232, 95, 55, 49, 242, 243,
       113, 143, 148, 120, 126, 175, 55, 156, 139, 222, 199, 209, 22, 42,
       251, 192, 173, 136, 112, 152, 244, 140, 131, 158, 220, 3, 70, 235,
       214, 130, 224, 90, 113, 224, 41, 65, 89, 234, 34, 170, 121, 103,
       206, 63, 56, 166, 199, 124, 177, 120, 112, 128, 68, 168, 148, 159,
       26, 130, 168, 168, 190, 145, 66, 2, 228, 226, 72, 75, 113, 111,
       106, 145, 34, 216, 203, 125, 12, 34, 223, 68, 128, 32, 33, 136,
       100, 140, 153, 190, 218, 207, 167, 232, 22, 147, 64, 26, 117, 227,
       105, 81, 81, 110, 34, 34, 115, 82, 218, 63, 125, 135, 111, 108,
       144, 120, 161, 130, 2, 0, 115, 193, 110, 137, 232, 82, 237, 9,
       242, 98, 157, 159, 244, 110, 106, 129, 95, 153, 130, 59, 101, 192,
       215, 216, 186, 184, 87, 136, 117, 254, 2, 186, 18, 152, 107, 165,
       184, 71, 143, 29, 0, 191, 172, 142, 102, 15, 239, 59, 203, 145,
       22, 79, 2, 209, 29, 80, 154, 235, 144, 12, 165, 223, 104, 180,
       189, 113, 141, 253, 85, 135, 251, 59, 44, 24, 158, 189, 64, 59,
       129, 86, 232, 16, 50, 121, 243, 49, 239, 219, 85, 119, 194, 88,
       199, 106, 253, 121, 189, 100, 172, 14, 71, 185, 242, 250, 180, 92,
       87, 81, 217, 59, 149, 196, 124, 110, 233, 103, 251, 10, 243, 203,
       101, 60, 72, 185, 194, 33, 1, 170, 223, 245, 182, 14, 41, 191, 62,
       185, 90, 198, 245, 35, 200, 107, 55, 95, 62, 156, 147, 216, 175,
       101, 204, 175, 247, 196, 172, 192, 161, 185, 37, 16, 255, 245,
       228, 38, 185, 81, 220, 219, 243, 82, 93, 252, 60, 107, 255, 245,
       51, 185, 177, 241, 51, 200, 93, 43, 255, 196, 205, 104, 241, 179,
       218, 188, 190, 184, 203, 248, 49, 71, 191, 23, 228, 49, 172, 190,
       102, 221, 163, 59, 251, 16, 54, 79, 178, 243, 155, 211, 90, 107,
       146, 68, 175, 223, 142, 252, 190, 190, 249, 247, 182, 239, 223,
       219, 220, 51, 236, 250, 47, 207, 253, 119, 251, 131, 118, 239,
       219, 255, 254, 119, 95, 155, 218, 125, 169, 143, 81, 205, 215,
       231, 118, 10, 110, 244, 125, 128, 250, 98, 255, 107, 188, 96, 122,
       231, 63, 234, 168, 249, 13, 237, 252, 238, 239, 128, 37, 187, 225,
       40, 37, 38, 130, 155, 206, 41, 160, 194, 188, 179, 243, 211, 198,
       226, 73, 91, 105, 206, 106, 48, 48, 181, 207, 194, 220, 38, 246,
       52, 241, 105, 39, 128, 161, 236, 7, 27, 74, 3, 38, 236, 118, 34,
       194, 66, 224, 176, 161, 101, 120, 46, 106, 78, 100, 223, 207, 50,
       117, 32, 7, 40, 48, 56, 32, 172, 52, 69, 90, 236, 85, 135, 246,
       105, 85, 128, 249, 3, 66, 201, 60, 0, 248, 184, 131, 226, 72, 179,
       24, 222, 115, 237, 131, 7, 119, 171, 120, 130, 116, 65, 91, 174,
       113, 71, 86, 104, 37, 140, 251, 11, 75, 215, 47, 80, 248, 221,
       142, 98, 72, 179, 185, 204, 179, 252, 129, 31, 33, 187, 102, 66,
       139, 58, 146, 153, 110, 181, 184, 83, 143, 93, 84, 54, 172, 154,
       226, 172, 239, 57, 151, 145, 131, 30, 162, 209, 7, 217, 58, 234,
       154, 12, 41, 223, 130, 178, 25, 218, 111, 165, 184, 68, 138, 59,
       25, 114, 156, 159, 100, 43, 175, 59, 19, 131, 147, 79, 138, 241,
       29, 16, 250, 234, 152, 11, 33, 155, 58, 0, 112, 229, 87, 118, 248,
       19, 73, 37, 177, 18, 47, 31, 22, 0, 238, 153, 151, 145, 142, 182,
       112, 205, 151, 221, 138, 195, 103, 140, 116, 198, 20, 128, 142,
       149, 214, 139, 38, 232, 54, 147, 66, 2, 97, 224, 105, 73, 121,
       238, 34, 176, 34, 220, 15, 63, 60, 38, 215, 69, 177, 104, 49, 128,
       0, 160, 134, 157, 94, 3, 160, 72, 30, 176, 66, 2, 101, 224, 96,
       73, 51, 109, 106, 145, 2, 253, 143, 93, 12, 34, 223, 108, 53, 40,
       57, 128, 66, 32, 2, 136, 104, 137, 184, 64, 46, 32, 210, 139, 132,
       138, 84, 74, 238, 157, 123, 5, 0, 19, 195, 208, 148, 48, 138, 186,
       20, 8, 35, 128, 7, 138, 134, 159, 93, 155, 160, 168, 254, 177, 67,
       70, 228, 224, 239, 238, 113, 108, 106, 88, 7, 208, 143, 125, 12,
       50, 79, 70, 152, 42, 57, 132, 66, 32, 19, 136, 79, 11, 168, 72,
       175, 32, 194, 74, 140, 136, 116, 198, 234, 13, 123, 97, 1, 147,
       131, 208, 20, 48, 11, 58, 28, 10, 57, 132, 66, 184, 22, 185, 203,
       129, 48, 71, 174, 25, 64, 81, 172, 146, 96, 202, 225, 59, 235,
       145, 18, 73, 130, 209, 141, 16, 26, 107, 144, 0, 169, 138, 134,
       206, 133, 179, 209, 46, 62, 167, 56, 23, 75, 151, 204, 46, 28, 73,
       177, 71, 17, 39, 48, 220, 57, 238, 45, 22, 222, 131, 132, 117,
       149, 114, 141, 93, 123, 101, 52, 94, 127, 56, 125, 204, 126, 164,
       223, 125, 151, 112, 150, 125, 85, 110, 225, 176, 113, 206, 231,
       255, 33, 128, 100, 179, 71, 243, 112, 205, 67, 239, 246, 130, 238,
       236, 127, 0, 250, 194, 121, 235, 188, 80, 122, 239, 55, 234, 74,
       178, 207, 255, 62, 238, 175, 128, 53, 186, 240, 128, 28, 204, 19,
       187, 149, 199, 39, 231, 22, 9, 202, 2, 253, 243, 32, 64, 217, 106,
       11, 152, 122, 153, 9, 191, 233, 199, 175, 64, 178, 90, 180, 42,
       32, 205, 16, 222, 93, 221, 150, 230, 223, 15, 248, 2, 162, 248,
       37, 196, 201, 122, 130, 64, 110, 171, 122, 191, 43, 54, 22, 27,
       82, 25, 124, 142, 18, 82, 115, 224, 102, 192, 249, 80, 13, 76,
       114, 231, 13, 31, 180, 68, 238, 185, 23, 193, 201, 184, 4, 196,
       146, 216, 170, 130, 63, 140, 117, 125, 58, 17, 96, 225, 23, 86,
       250, 120, 69, 40, 247, 3, 11, 31, 20, 96, 126, 157, 151, 226, 204,
       176, 117, 204, 215, 217, 162, 133, 119, 142, 120, 135, 52, 16, 83,
       161, 69, 70, 123, 64, 109, 236, 242, 103, 11, 14, 39, 208, 248,
       141, 142, 226, 13, 179, 97, 200, 145, 248, 163, 22, 41, 43, 118,
       213, 172, 70, 110, 84, 100, 50, 253, 56, 84, 182, 119, 18, 209,
       105, 191, 107, 89, 220, 23, 170, 232, 246, 109, 14, 71, 171, 245,
       133, 231, 249, 124, 160, 182, 77, 80, 242, 165, 34, 222, 135, 25,
       2, 58, 19, 79, 43, 61, 9, 235, 211, 21, 227, 120, 180, 8, 226,
       163, 222, 158, 131, 165, 209, 240, 2, 198, 77, 83, 178, 236, 161,
       190, 196, 139, 17, 185, 122, 204, 202, 125, 10, 206, 83, 23, 223,
       82, 3, 10, 224, 52, 24, 78, 250, 148, 91, 163, 129, 54, 143, 99,
       203, 214, 129, 238, 238, 119, 2, 120, 202, 107, 235, 60, 208, 123,
       238, 23, 168, 202, 186, 140, 255, 62, 46, 135, 200, 117, 154, 240,
       136, 24, 204, 18, 254, 149, 231, 70, 247, 23, 11, 206, 2, 239,
       243, 32, 196, 89, 122, 131, 152, 106, 153, 8, 191, 233, 231, 135,
       64, 178, 94, 184, 42, 11, 18, 115, 216, 110, 241, 185, 83, 143,
       93, 52, 55, 140, 159, 246, 44, 238, 25, 151, 157, 135, 15, 34,
       208, 86, 89, 154, 235, 150, 140, 37, 253, 38, 86, 106, 206, 118,
       198, 191, 120, 84, 68, 221, 166, 113, 204, 191, 100, 126, 184, 7,
       235, 200, 163, 60, 223, 113, 45, 171, 136, 117, 187, 116, 241,
       182, 135, 208, 179, 149, 38, 204, 175, 25, 139, 56, 95, 206, 42,
       28, 9, 249, 195, 5, 161, 124, 254, 73, 234, 169, 158, 223, 134,
       217, 120, 216, 14, 244, 205, 82, 242, 148, 40, 206, 167, 121, 3,
       187, 26, 206, 106, 125, 3, 251, 195, 4, 227, 112, 39, 8, 226, 184,
       158, 135, 89, 197, 123, 241, 2, 248, 71, 107, 238, 4, 70, 79, 252,
       21, 6, 247, 135, 83, 231, 57, 65, 120, 228, 23, 238, 104, 147, 57,
       136, 243, 233, 162, 128, 53, 186, 116, 114, 109, 113, 57, 103, 52,
