%YAML:1.0
---
descriptors: !!opencv-matrix
   rows: 141
   cols: 32
   dt: u
   data: [ 127, 112, 249, 229, 103, 126, 251, 24, 105, 250, 183, 186,
       223, 127, 223, 62, 191, 213, 253, 191, 141, 118, 253, 192, 215,
       219, 235, 182, 231, 247, 71, 119, 171, 18, 101, 69, 112, 30, 233,
       59, 125, 236, 118, 228, 153, 14, 151, 245, 62, 141, 247, 173, 165,
       148, 245, 204, 70, 121, 171, 132, 111, 164, 102, 245, 223, 88,
       111, 229, 38, 94, 127, 176, 41, 238, 182, 166, 91, 31, 151, 251,
       102, 245, 253, 238, 233, 212, 181, 232, 247, 235, 235, 132, 39,
       181, 116, 117, 139, 18, 109, 37, 98, 95, 233, 27, 61, 236, 86,
       255, 155, 12, 150, 173, 62, 141, 255, 173, 165, 180, 101, 204, 70,
       123, 105, 132, 111, 172, 27, 245, 43, 217, 122, 218, 95, 213, 187,
       228, 223, 77, 116, 7, 40, 222, 38, 96, 254, 123, 147, 211, 198,
       186, 58, 253, 119, 95, 155, 171, 87, 30, 125, 223, 253, 123, 213,
       102, 40, 24, 70, 188, 233, 186, 162, 108, 243, 96, 221, 183, 128,
       228, 108, 106, 205, 99, 207, 40, 178, 249, 101, 60, 74, 179, 74,
       13, 121, 207, 73, 102, 48, 10, 71, 188, 97, 168, 190, 72, 115, 97,
       145, 50, 56, 228, 76, 110, 200, 171, 237, 47, 242, 237, 37, 16,
       99, 178, 66, 40, 215, 245, 110, 166, 164, 36, 254, 228, 60, 79,
       219, 167, 117, 234, 191, 67, 254, 199, 127, 231, 238, 243, 157,
       111, 242, 175, 238, 128, 13, 219, 249, 219, 69, 7, 153, 103, 176,
       46, 102, 59, 116, 171, 107, 68, 215, 35, 137, 112, 21, 70, 108,
       44, 185, 152, 73, 14, 236, 175, 53, 84, 200, 226, 192, 33, 193,
       110, 204, 53, 0, 42, 100, 34, 116, 178, 98, 208, 243, 33, 129, 91,
       19, 236, 104, 46, 104, 244, 197, 14, 196, 162, 117, 0, 104, 225,
       64, 8, 42, 199, 26, 170, 253, 199, 242, 237, 15, 45, 89, 11, 108,
       221, 58, 0, 217, 139, 147, 115, 86, 59, 74, 247, 127, 21, 143,
       239, 85, 14, 252, 195, 44, 25, 252, 87, 237, 126, 245, 27, 198,
       187, 127, 2, 218, 117, 157, 107, 73, 86, 242, 8, 144, 240, 123, 0,
       71, 175, 113, 5, 195, 233, 220, 163, 52, 128, 2, 170, 204, 32,
       226, 235, 21, 7, 235, 19, 3, 163, 56, 80, 121, 138, 35, 130, 26,
       179, 65, 119, 149, 166, 146, 77, 241, 75, 240, 130, 66, 249, 189,
       67, 184, 220, 177, 148, 238, 253, 142, 0, 148, 149, 212, 102, 4,
       86, 123, 89, 211, 105, 243, 96, 109, 61, 30, 125, 128, 18, 133,
       123, 68, 101, 150, 133, 88, 11, 110, 200, 52, 162, 235, 194, 197,
       163, 9, 80, 120, 196, 106, 234, 96, 215, 201, 74, 180, 166, 143,
       4, 8, 115, 33, 0, 80, 57, 187, 182, 10, 68, 95, 128, 162, 196,
       130, 129, 119, 255, 67, 18, 164, 247, 125, 195, 8, 67, 186, 41,
       209, 161, 44, 25, 160, 115, 38, 122, 42, 185, 107, 72, 211, 213,
       182, 231, 11, 69, 124, 139, 40, 156, 126, 180, 184, 187, 147, 209,
       87, 58, 48, 247, 127, 85, 140, 107, 215, 14, 254, 254, 229, 180,
       181, 67, 188, 111, 97, 153, 126, 123, 43, 24, 214, 49, 200, 189,
       145, 30, 104, 58, 51, 244, 121, 18, 141, 158, 17, 118, 200, 75,
       198, 33, 153, 149, 31, 237, 178, 166, 98, 119, 116, 11, 126, 84,
       255, 51, 160, 113, 247, 31, 22, 168, 185, 156, 17, 79, 239, 239,
       50, 64, 104, 192, 161, 185, 48, 233, 126, 243, 125, 217, 80, 102,
       175, 37, 236, 9, 47, 139, 2, 16, 234, 179, 195, 0, 78, 187, 82,
       61, 255, 215, 16, 115, 97, 154, 238, 138, 43, 125, 34, 28, 111,
       221, 188, 103, 217, 206, 88, 139, 172, 188, 54, 164, 142, 59, 147,
       5, 196, 186, 182, 207, 39, 126, 30, 171, 87, 92, 159, 223, 121,
       25, 110, 204, 100, 22, 111, 112, 69, 204, 254, 6, 81, 251, 183,
       96, 120, 164, 63, 238, 216, 179, 53, 140, 83, 239, 226, 128, 63,
       187, 112, 113, 42, 58, 62, 244, 109, 215, 185, 115, 169, 204, 246,
       47, 44, 159, 54, 144, 206, 189, 215, 133, 132, 143, 176, 205, 83,
       95, 218, 139, 71, 36, 63, 223, 27, 241, 105, 205, 54, 82, 235,
       112, 72, 72, 214, 230, 25, 14, 150, 96, 126, 141, 29, 237, 197,
       144, 181, 205, 118, 109, 170, 132, 45, 166, 113, 221, 122, 249,
       18, 168, 25, 213, 82, 232, 167, 140, 170, 11, 46, 223, 98, 208,
       248, 245, 205, 242, 78, 3, 154, 213, 187, 245, 135, 127, 2, 6, 46,
       26, 106, 153, 148, 190, 137, 197, 146, 205, 143, 29, 136, 41, 174,
       253, 98, 198, 200, 115, 235, 81, 26, 11, 218, 177, 153, 212, 31,
       123, 146, 14, 141, 91, 157, 17, 107, 231, 118, 86, 127, 56, 101,
       236, 87, 166, 89, 79, 154, 101, 126, 212, 23, 238, 193, 144, 45,
       204, 118, 233, 171, 132, 39, 166, 116, 241, 58, 201, 230, 252, 23,
       208, 250, 100, 229, 132, 246, 3, 43, 235, 52, 192, 106, 253, 171,
       193, 76, 171, 134, 237, 243, 231, 158, 11, 103, 62, 126, 142, 58,
       75, 98, 46, 109, 217, 222, 102, 131, 76, 252, 175, 43, 204, 183,
       148, 140, 170, 215, 69, 206, 43, 102, 185, 114, 125, 128, 187,
       119, 158, 94, 223, 133, 165, 29, 131, 220, 11, 166, 232, 108, 160,
       107, 26, 213, 96, 152, 64, 122, 204, 106, 106, 32, 242, 205, 78,
       60, 128, 39, 100, 68, 59, 243, 160, 188, 104, 24, 250, 205, 253,
       82, 200, 195, 63, 165, 25, 3, 217, 105, 153, 201, 184, 198, 114,
       26, 35, 90, 176, 219, 209, 5, 127, 211, 123, 94, 130, 39, 235,
       202, 26, 127, 145, 170, 232, 202, 72, 89, 231, 104, 200, 255, 160,
       254, 105, 146, 215, 198, 42, 142, 253, 62, 93, 143, 235, 93, 31,
       123, 141, 130, 153, 146, 153, 237, 197, 184, 71, 158, 25, 80, 18,
       172, 158, 100, 204, 230, 59, 179, 145, 18, 92, 146, 209, 13, 48,
       90, 75, 144, 12, 165, 159, 144, 8, 95, 253, 6, 194, 232, 114, 220,
       18, 210, 242, 253, 75, 176, 73, 107, 160, 46, 137, 33, 253, 7,
       223, 132, 227, 250, 128, 61, 136, 113, 40, 107, 187, 244, 217,
       108, 153, 248, 83, 239, 121, 246, 239, 172, 141, 214, 239, 238,
       157, 255, 157, 151, 251, 227, 209, 158, 121, 250, 250, 223, 140,
       99, 253, 155, 18, 109, 101, 102, 62, 249, 27, 125, 111, 118, 246,
       153, 28, 150, 253, 46, 141, 255, 173, 149, 188, 117, 192, 70, 121,
       250, 132, 111, 132, 127, 245, 89, 149, 29, 101, 176, 14, 71, 189,
       100, 169, 170, 76, 215, 51, 8, 114, 20, 70, 108, 104, 217, 169,
       17, 13, 233, 173, 37, 84, 104, 162, 194, 41, 5, 163, 153, 227,
       180, 141, 107, 25, 118, 169, 123, 64, 151, 131, 200, 96, 22, 10,
       6, 24, 19, 184, 137, 16, 236, 141, 39, 100, 136, 130, 195, 161,
       193, 124, 151, 87, 0, 126, 102, 148, 120, 226, 34, 72, 246, 16,
       197, 191, 32, 116, 104, 74, 229, 244, 241, 42, 5, 170, 69, 0, 72,
       113, 67, 44, 56, 233, 122, 234, 81, 205, 83, 231, 38, 45, 232, 9,
       51, 153, 40, 16, 248, 186, 71, 0, 90, 58, 80, 53, 255, 197, 36,
       105, 113, 26, 198, 138, 120, 249, 24, 234, 185, 221, 18, 159, 11,
       45, 172, 9, 190, 159, 66, 144, 132, 155, 221, 81, 94, 42, 210, 53,
       251, 213, 4, 123, 82, 10, 143, 91, 208, 211, 126, 172, 46, 2, 95,
       57, 164, 94, 147, 247, 87, 111, 186, 83, 238, 213, 125, 231, 232,
       231, 99, 13, 240, 227, 226, 144, 61, 184, 116, 83, 149, 142, 125,
       215, 182, 154, 238, 176, 124, 194, 122, 210, 251, 104, 157, 225,
       51, 226, 6, 47, 245, 248, 45, 239, 172, 239, 103, 64, 237, 248,
       217, 164, 42, 157, 170, 157, 119, 212, 184, 103, 157, 77, 94, 167,
       172, 172, 54, 192, 206, 59, 147, 5, 214, 154, 18, 239, 7, 117,
       154, 139, 7, 12, 189, 223, 83, 83, 114, 169, 111, 24, 248, 64,
       109, 104, 243, 231, 142, 14, 150, 214, 238, 149, 255, 229, 140,
       179, 197, 192, 150, 249, 170, 147, 47, 142, 105, 85, 6, 28, 186,
       187, 119, 225, 184, 74, 30, 71, 81, 51, 172, 222, 111, 72, 255,
       57, 147, 145, 6, 148, 26, 211, 77, 23, 154, 235, 148, 13, 53, 215,
       254, 88, 255, 245, 102, 122, 255, 80, 233, 174, 246, 35, 77, 191,
       181, 123, 230, 245, 255, 235, 128, 245, 160, 232, 215, 251, 235,
       131, 39, 245, 119, 247, 16, 75, 66, 143, 6, 2, 238, 100, 4, 0,
       194, 194, 101, 3, 33, 64, 122, 224, 10, 238, 72, 145, 5, 111, 180,
