%YAML:1.0
---
descriptors: !!opencv-matrix
   rows: 134
   cols: 32
   dt: u
   data: [ 0, 157, 106, 207, 118, 231, 171, 112, 86, 76, 95, 34, 112,
       253, 182, 100, 126, 122, 23, 234, 195, 184, 60, 255, 103, 47, 162,
       128, 117, 139, 116, 249, 3, 221, 66, 159, 244, 150, 238, 247, 52,
       200, 90, 231, 249, 234, 183, 228, 126, 106, 55, 205, 229, 152, 21,
       255, 36, 46, 174, 128, 61, 212, 120, 221, 123, 82, 235, 69, 102,
       82, 255, 116, 97, 202, 119, 230, 121, 15, 151, 246, 126, 252, 183,
       238, 205, 182, 165, 200, 118, 125, 230, 128, 111, 183, 122, 249,
       58, 95, 98, 132, 115, 210, 191, 116, 49, 236, 94, 231, 105, 238,
       183, 132, 62, 247, 151, 231, 196, 155, 36, 236, 62, 111, 175, 131,
       39, 182, 63, 221, 78, 58, 190, 240, 239, 244, 185, 82, 171, 223,
       157, 55, 140, 255, 87, 26, 239, 123, 255, 149, 150, 71, 186, 224,
       95, 95, 219, 235, 135, 101, 39, 215, 177, 197, 85, 71, 148, 59,
       230, 246, 100, 35, 251, 82, 19, 40, 148, 224, 104, 198, 6, 106,
       249, 188, 109, 46, 54, 237, 48, 68, 109, 219, 208, 172, 184, 252,
       124, 124, 75, 103, 84, 248, 83, 190, 244, 26, 115, 91, 35, 25,
       253, 216, 7, 170, 108, 118, 121, 31, 83, 203, 113, 45, 115, 249,
       110, 139, 133, 205, 249, 211, 182, 58, 238, 183, 125, 51, 123, 82,
       217, 56, 221, 237, 123, 206, 6, 154, 243, 252, 109, 230, 46, 207,
       246, 68, 237, 217, 209, 172, 44, 20, 254, 117, 228, 114, 252, 23,
       85, 147, 247, 178, 81, 61, 143, 43, 91, 190, 183, 160, 60, 242,
       117, 136, 71, 235, 244, 1, 231, 249, 236, 146, 81, 221, 31, 101,
       48, 14, 71, 180, 100, 136, 234, 68, 247, 51, 128, 112, 48, 228,
       108, 106, 217, 185, 17, 45, 233, 239, 36, 80, 104, 162, 192, 41,
       17, 143, 27, 101, 176, 174, 103, 183, 116, 9, 106, 68, 247, 35,
       128, 112, 54, 110, 108, 40, 185, 184, 1, 47, 232, 175, 36, 64,
       232, 194, 129, 41, 21, 77, 3, 239, 18, 6, 111, 180, 36, 0, 203,
       66, 247, 99, 33, 64, 112, 236, 24, 234, 73, 153, 25, 46, 225, 164,
       175, 0, 32, 179, 33, 32, 112, 229, 130, 186, 221, 193, 68, 207,
       151, 21, 232, 27, 34, 225, 104, 16, 217, 234, 106, 16, 90, 107,
       202, 51, 185, 4, 149, 127, 209, 90, 246, 138, 192, 106, 15, 189,
       88, 139, 32, 204, 54, 0, 226, 64, 245, 130, 1, 80, 104, 172, 106,
       200, 42, 215, 195, 127, 148, 166, 147, 16, 0, 16, 33, 136, 223,
       119, 107, 34, 178, 118, 63, 176, 33, 76, 127, 229, 93, 86, 139,
       116, 54, 213, 252, 230, 165, 144, 173, 110, 226, 229, 42, 134, 42,
       247, 39, 117, 2, 29, 23, 190, 29, 231, 178, 99, 206, 0, 91, 2,
       172, 248, 32, 64, 200, 51, 130, 1, 19, 169, 18, 223, 161, 52, 138,
       2, 20, 74, 53, 142, 31, 95, 195, 132, 178, 146, 174, 115, 188,
       194, 90, 231, 77, 238, 183, 196, 118, 237, 191, 229, 245, 145, 4,
       206, 56, 102, 175, 128, 173, 244, 57, 85, 116, 164, 134, 182, 95,
       233, 98, 202, 175, 179, 171, 27, 98, 227, 72, 94, 105, 229, 106,
       144, 56, 99, 203, 226, 157, 166, 211, 91, 225, 107, 98, 2, 1, 4,
       13, 165, 196, 43, 228, 47, 100, 51, 75, 82, 241, 35, 152, 107, 89,
       14, 106, 40, 49, 248, 69, 12, 140, 162, 246, 0, 168, 200, 209,
       168, 56, 159, 126, 239, 52, 195, 86, 252, 68, 12, 251, 39, 115,
       125, 58, 64, 88, 186, 15, 99, 252, 187, 9, 191, 250, 237, 162, 81,
       125, 138, 252, 91, 234, 160, 233, 240, 237, 253, 249, 219, 155,
       255, 52, 59, 27, 141, 86, 25, 205, 154, 247, 16, 27, 126, 234,
       144, 95, 217, 245, 253, 210, 140, 86, 251, 3, 151, 131, 155, 247,
       243, 174, 111, 31, 73, 91, 246, 236, 254, 188, 228, 223, 43, 19,
       149, 183, 152, 127, 223, 44, 118, 154, 194, 158, 78, 177, 245, 10,
       221, 58, 255, 255, 209, 191, 231, 31, 77, 92, 35, 172, 255, 38,
       96, 231, 59, 151, 1, 102, 152, 58, 255, 111, 119, 30, 139, 22, 28,
       173, 255, 14, 158, 189, 183, 170, 244, 177, 183, 191, 127, 22,
       245, 236, 255, 198, 202, 167, 119, 237, 145, 182, 92, 171, 243,
       206, 215, 127, 199, 138, 68, 133, 91, 36, 125, 251, 83, 198, 106,
       167, 202, 122, 243, 45, 24, 82, 245, 77, 62, 57, 94, 82, 122, 49,
       246, 184, 98, 109, 142, 69, 100, 193, 115, 199, 162, 90, 232, 247,
       87, 43, 90, 105, 32, 171, 240, 162, 8, 123, 119, 197, 246, 38,
       244, 252, 200, 9, 205, 171, 104, 159, 254, 85, 18, 34, 162, 6,
       124, 232, 169, 232, 101, 180, 75, 69, 55, 99, 173, 190, 8, 147,
       45, 210, 48, 8, 190, 76, 8, 216, 184, 229, 10, 239, 221, 36, 48,
       102, 168, 214, 104, 42, 185, 42, 216, 93, 213, 184, 207, 159, 93,
       220, 23, 168, 206, 118, 132, 237, 187, 147, 149, 150, 43, 242,
       243, 95, 93, 158, 235, 151, 12, 191, 254, 42, 143, 106, 190, 119,
       211, 187, 231, 159, 69, 92, 163, 108, 237, 54, 64, 251, 59, 151,
       133, 166, 186, 42, 255, 119, 119, 139, 139, 87, 14, 189, 251, 38,
       88, 107, 218, 86, 195, 171, 208, 94, 204, 92, 162, 112, 220, 183,
       100, 126, 120, 23, 223, 131, 178, 46, 254, 117, 44, 171, 136, 245,
       187, 117, 245, 59, 81, 234, 76, 102, 22, 239, 120, 97, 192, 127,
       166, 121, 205, 183, 164, 126, 236, 151, 238, 201, 179, 180, 200,
       118, 45, 167, 128, 111, 186, 122, 245, 56, 52, 93, 255, 75, 39,
       85, 122, 17, 54, 241, 29, 126, 123, 1, 25, 221, 217, 71, 162, 40,
       118, 89, 29, 213, 203, 113, 54, 121, 121, 102, 155, 44, 17, 254,
       245, 236, 98, 213, 7, 17, 187, 250, 51, 83, 61, 9, 11, 201, 215,
       55, 144, 24, 250, 83, 160, 79, 251, 244, 69, 231, 248, 228, 130,
       76, 3, 252, 93, 237, 126, 253, 31, 238, 223, 127, 17, 216, 109,
       62, 106, 65, 22, 235, 28, 144, 248, 227, 192, 79, 63, 116, 21,
       194, 248, 252, 227, 130, 177, 49, 210, 255, 221, 185, 127, 159,
       121, 21, 63, 140, 222, 110, 173, 175, 27, 223, 21, 247, 111, 58,
       213, 31, 88, 31, 255, 150, 12, 135, 247, 110, 179, 226, 16, 235,
       240, 184, 71, 171, 253, 29, 191, 12, 254, 222, 190, 167, 31, 255,
       145, 150, 75, 166, 192, 30, 81, 223, 239, 135, 68, 191, 215, 254,
       122, 122, 206, 107, 212, 158, 112, 137, 200, 181, 175, 56, 223,
       55, 55, 238, 241, 223, 231, 200, 7, 178, 232, 115, 89, 235, 171,
       15, 183, 47, 215, 177, 98, 107, 105, 116, 31, 234, 80, 68, 96,
       241, 70, 19, 8, 150, 160, 126, 140, 22, 237, 141, 182, 117, 158,
       86, 77, 162, 164, 109, 139, 122, 148, 41, 164, 17, 185, 253, 77,
       161, 175, 14, 121, 92, 24, 190, 53, 200, 166, 201, 26, 82, 9, 51,
       106, 227, 151, 173, 215, 20, 124, 82, 8, 147, 233, 175, 106, 226,
       64, 237, 51, 218, 200, 219, 186, 181, 110, 72, 200, 255, 174, 249,
       236, 150, 255, 140, 103, 174, 194, 30, 92, 197, 191, 223, 255,
       122, 133, 85, 77, 87, 69, 18, 10, 103, 176, 101, 160, 106, 64, 83,
       99, 153, 116, 50, 228, 108, 110, 105, 177, 5, 46, 180, 174, 33, 4,
       104, 179, 96, 32, 129, 163, 153, 233, 224, 173, 105, 27, 126, 57,
       123, 80, 149, 131, 200, 80, 215, 11, 46, 28, 19, 152, 203, 19,
       204, 140, 50, 68, 152, 192, 129, 161, 197, 34, 156, 179, 108, 41,
       104, 8, 174, 179, 67, 80, 213, 195, 73, 75, 35, 4, 106, 24, 2, 84,
       207, 64, 204, 128, 123, 36, 136, 137, 1, 0, 100, 34, 192, 170,
       120, 41, 130, 72, 106, 169, 185, 233, 135, 194, 205, 16, 218, 141,
       78, 17, 14, 35, 204, 82, 188, 148, 43, 253, 212, 11, 75, 133, 43,
       191, 225, 145, 247, 211, 174, 207, 95, 241, 88, 247, 172, 172,
       222, 164, 95, 75, 147, 149, 247, 250, 125, 247, 44, 94, 159, 230,
       255, 76, 177, 223, 250, 176, 116, 80, 203, 221, 145, 89, 139, 253,
       181, 189, 10, 157, 78, 191, 141, 149, 213, 17, 158, 103, 250, 144,
       91, 89, 85, 255, 231, 12, 222, 215, 43, 27, 97, 9, 117, 253, 225,
       16, 79, 109, 92, 236, 170, 28, 151, 164, 12, 42, 215, 77, 147, 56,
       116, 245, 7, 28, 0, 242, 223, 143, 92, 245, 117, 70, 199, 69, 70,
       42, 234, 50, 101, 226, 250, 226, 83, 40, 149, 126, 126, 196, 110,
       170, 141, 180, 229, 74, 20, 174, 229, 132, 237, 243, 106, 5, 79,
