%YAML:1.0
---
descriptors: !!opencv-matrix
   rows: 128
   cols: 32
   dt: u
   data: [ 147, 85, 127, 254, 34, 68, 127, 125, 60, 70, 95, 130, 125,
       214, 186, 97, 118, 179, 63, 175, 225, 149, 63, 223, 241, 171, 122,
       128, 52, 146, 165, 121, 116, 117, 253, 70, 238, 79, 87, 248, 67,
       190, 189, 42, 83, 117, 205, 55, 92, 212, 108, 106, 200, 99, 251,
       40, 251, 200, 101, 60, 99, 251, 198, 99, 73, 207, 134, 239, 180,
       154, 111, 191, 101, 1, 78, 0, 251, 97, 186, 228, 83, 70, 60, 44,
       88, 152, 109, 189, 238, 255, 246, 68, 182, 254, 216, 40, 253, 66,
       69, 236, 108, 2, 207, 120, 64, 130, 245, 238, 83, 73, 185, 107,
       88, 196, 38, 238, 201, 39, 239, 136, 80, 233, 227, 156, 125, 187,
       112, 160, 4, 207, 135, 151, 213, 139, 167, 224, 158, 178, 75, 2,
       224, 226, 41, 79, 121, 102, 34, 74, 112, 248, 11, 127, 44, 6, 207,
       4, 144, 123, 149, 164, 201, 123, 255, 255, 108, 221, 253, 220,
       255, 204, 246, 236, 255, 207, 215, 119, 110, 253, 255, 206, 227,
       107, 238, 249, 246, 249, 231, 168, 78, 181, 103, 249, 121, 93, 89,
       101, 176, 94, 79, 191, 97, 234, 238, 72, 19, 55, 129, 112, 6, 148,
       124, 40, 233, 152, 117, 14, 227, 239, 37, 20, 106, 240, 194, 57,
       70, 123, 46, 142, 121, 6, 191, 121, 175, 236, 223, 167, 236, 255,
       39, 66, 254, 237, 255, 230, 65, 3, 219, 220, 245, 60, 143, 154,
       24, 63, 35, 211, 133, 237, 87, 65, 228, 42, 103, 136, 116, 18,
       106, 64, 211, 97, 153, 121, 83, 78, 106, 122, 99, 180, 207, 34,
       44, 168, 39, 4, 200, 251, 192, 160, 44, 176, 185, 67, 249, 109,
       209, 152, 95, 189, 37, 24, 210, 213, 76, 56, 153, 24, 106, 24, 18,
       114, 251, 16, 79, 153, 21, 125, 208, 11, 198, 226, 66, 103, 195,
       158, 68, 138, 228, 103, 60, 134, 90, 195, 224, 232, 61, 196, 120,
       238, 43, 205, 64, 187, 135, 239, 52, 38, 214, 137, 5, 94, 247,
       204, 232, 172, 28, 58, 201, 233, 16, 231, 179, 31, 168, 57, 174,
       251, 66, 27, 129, 59, 233, 16, 62, 79, 202, 55, 203, 215, 85, 123,
       208, 64, 142, 10, 212, 96, 157, 118, 10, 104, 81, 152, 224, 178,
       167, 24, 87, 247, 73, 59, 33, 212, 108, 26, 9, 103, 171, 32, 209,
       195, 117, 60, 224, 241, 6, 42, 93, 221, 85, 111, 48, 110, 67, 184,
       101, 104, 175, 64, 215, 119, 137, 118, 51, 212, 124, 106, 9, 145,
       89, 60, 233, 238, 33, 84, 58, 179, 64, 49, 47, 180, 249, 225, 253,
       255, 251, 219, 95, 235, 221, 30, 221, 221, 254, 108, 223, 155,
       255, 29, 179, 190, 121, 214, 223, 223, 191, 246, 158, 141, 213,
       243, 138, 189, 55, 26, 155, 251, 219, 231, 239, 85, 152, 169, 238,
       252, 58, 167, 174, 243, 222, 241, 183, 233, 46, 253, 185, 82, 15,
       83, 247, 70, 167, 94, 122, 240, 112, 203, 253, 217, 249, 237, 111,
       125, 244, 10, 175, 158, 222, 244, 235, 139, 223, 216, 90, 63, 122,
       245, 191, 252, 150, 247, 87, 142, 231, 255, 19, 77, 227, 132, 214,
       214, 173, 230, 240, 232, 26, 194, 41, 190, 181, 38, 46, 239, 23,
       205, 229, 217, 36, 238, 56, 78, 191, 128, 37, 116, 49, 253, 4,
       193, 134, 159, 28, 139, 162, 232, 182, 176, 66, 2, 228, 226, 41,
       71, 121, 108, 42, 224, 96, 209, 139, 125, 44, 38, 79, 4, 128, 42,
       49, 164, 36, 161, 135, 190, 92, 131, 166, 232, 86, 176, 96, 10,
       100, 224, 105, 81, 89, 110, 34, 96, 102, 114, 207, 63, 60, 38, 71,
       108, 144, 42, 50, 128, 49, 65, 99, 76, 86, 3, 227, 120, 84, 192,
       251, 78, 83, 72, 191, 96, 120, 136, 22, 111, 205, 179, 37, 28, 48,
       44, 161, 4, 125, 171, 112, 132, 10, 175, 42, 187, 247, 241, 191,
       231, 159, 69, 92, 163, 172, 237, 50, 0, 255, 123, 147, 149, 114,
       155, 42, 255, 239, 87, 158, 235, 151, 94, 181, 219, 203, 95, 245,
       255, 246, 156, 253, 183, 61, 74, 94, 246, 253, 63, 151, 231, 103,
       115, 63, 141, 227, 220, 231, 239, 166, 127, 254, 128, 46, 214,
       129, 121, 177, 98, 107, 77, 20, 95, 203, 88, 86, 236, 246, 199,
       83, 140, 150, 32, 88, 172, 23, 109, 201, 182, 101, 31, 66, 109,
       161, 208, 125, 140, 118, 244, 31, 118, 237, 195, 246, 57, 239,
       216, 123, 251, 29, 238, 89, 110, 223, 42, 63, 217, 87, 255, 167,
       80, 175, 242, 126, 79, 175, 164, 175, 247, 243, 245, 47, 229, 99,
       201, 246, 39, 239, 223, 127, 2, 126, 194, 89, 221, 188, 100, 127,
       217, 55, 235, 195, 178, 45, 211, 118, 44, 175, 132, 247, 251, 242,
       161, 230, 125, 118, 200, 124, 219, 122, 210, 127, 104, 250, 235,
       171, 95, 149, 244, 254, 189, 255, 241, 234, 182, 101, 223, 182,
       252, 131, 147, 103, 156, 118, 85, 43, 188, 99, 218, 247, 241, 184,
       223, 95, 65, 124, 254, 40, 252, 246, 172, 127, 154, 151, 149, 151,
       58, 110, 247, 30, 92, 154, 234, 223, 204, 252, 253, 155, 154, 239,
       247, 52, 186, 233, 55, 124, 73, 86, 246, 249, 46, 178, 108, 119,
       47, 31, 141, 177, 156, 101, 207, 196, 255, 186, 192, 172, 128, 81,
       249, 252, 102, 137, 230, 104, 110, 91, 152, 50, 191, 173, 25, 215,
       119, 73, 27, 149, 220, 125, 58, 42, 70, 235, 2, 223, 231, 101,
       189, 160, 243, 70, 115, 25, 150, 123, 238, 118, 182, 123, 127,
       117, 75, 255, 246, 123, 111, 190, 112, 127, 139, 23, 172, 185,
       186, 37, 255, 250, 255, 178, 192, 255, 134, 235, 249, 36, 165, 23,
       137, 212, 199, 239, 121, 23, 129, 91, 18, 85, 211, 40, 68, 121,
       184, 19, 184, 120, 178, 25, 222, 253, 134, 143, 68, 183, 138, 176,
       160, 46, 165, 99, 227, 214, 103, 233, 121, 95, 241, 219, 147, 89,
       157, 124, 32, 127, 159, 23, 185, 176, 251, 29, 214, 93, 14, 143,
       228, 229, 142, 245, 226, 52, 37, 154, 186, 220, 167, 227, 89, 22,
       128, 249, 19, 87, 233, 57, 72, 120, 186, 7, 185, 58, 243, 26, 142,
       221, 132, 171, 108, 245, 107, 112, 162, 174, 48, 251, 243, 229,
       125, 249, 216, 127, 255, 117, 26, 158, 221, 95, 45, 255, 153, 183,
       159, 163, 246, 250, 194, 95, 89, 127, 175, 199, 253, 103, 243, 15,
       179, 248, 65, 243, 126, 249, 25, 59, 249, 61, 189, 156, 30, 222,
       188, 55, 31, 215, 188, 183, 80, 253, 208, 78, 93, 39, 230, 239,
       198, 143, 245, 106, 179, 145, 33, 249, 221, 49, 159, 59, 125, 52,
       61, 142, 23, 74, 156, 133, 27, 197, 16, 215, 88, 248, 212, 111,
       209, 21, 255, 138, 4, 143, 223, 45, 116, 49, 67, 53, 63, 226, 16,
       104, 232, 58, 76, 218, 24, 213, 172, 144, 76, 80, 120, 133, 240,
       245, 10, 15, 220, 5, 34, 203, 123, 91, 189, 124, 114, 152, 162,
       232, 47, 91, 216, 50, 187, 165, 109, 95, 199, 75, 24, 55, 221,
       237, 122, 10, 71, 203, 50, 218, 199, 101, 253, 168, 179, 10, 19,
       206, 60, 252, 255, 238, 123, 125, 91, 191, 250, 247, 191, 255,
       239, 151, 123, 111, 247, 127, 143, 177, 119, 255, 248, 215, 251,
       251, 144, 239, 237, 103, 211, 237, 113, 81, 79, 97, 30, 102, 56,
       121, 106, 103, 76, 218, 114, 156, 247, 16, 76, 116, 106, 193, 244,
       249, 66, 39, 248, 65, 6, 74, 163, 74, 181, 65, 143, 93, 69, 48,
       14, 111, 55, 100, 136, 122, 64, 243, 35, 144, 112, 22, 198, 76,
       110, 201, 184, 101, 14, 164, 174, 36, 128, 104, 242, 67, 9, 120,
       161, 152, 242, 153, 141, 80, 239, 163, 53, 172, 25, 47, 131, 72,
       146, 129, 155, 201, 16, 90, 107, 218, 53, 251, 213, 21, 127, 242,
       0, 142, 10, 178, 202, 134, 188, 141, 133, 68, 239, 151, 190, 160,
       89, 34, 232, 36, 159, 201, 226, 238, 0, 110, 111, 66, 177, 153,
       210, 213, 59, 81, 60, 246, 142, 142, 182, 178, 177, 227, 245, 185,
       199, 191, 151, 85, 49, 140, 190, 102, 139, 167, 59, 179, 17, 54,
       92, 178, 194, 79, 83, 94, 235, 134, 68, 175, 231, 99, 57, 58, 143,
       93, 221, 155, 104, 15, 104, 252, 15, 190, 158, 55, 64, 236, 253,
       255, 199, 143, 187, 121, 253, 247, 53, 138, 179, 29, 15, 63, 223,
       63, 199, 98, 14, 215, 147, 198, 232, 85, 132, 255, 199, 75, 232,
       191, 196, 120, 236, 130, 238, 204, 179, 12, 255, 50, 110, 133, 15,
       127, 191, 120, 132, 170, 173, 62, 154, 221, 221, 176, 197, 207,
       81, 148, 27, 172, 152, 102, 71, 200, 35, 219, 81, 54, 47, 82, 247,
