%YAML:1.0
---
descriptors: !!opencv-matrix
   rows: 164
   cols: 32
   dt: u
   data: [ 11, 26, 122, 232, 101, 212, 249, 83, 201, 77, 20, 39, 45, 159,
       182, 108, 238, 177, 151, 133, 134, 47, 50, 192, 210, 89, 186, 171,
       30, 140, 45, 95, 4, 140, 135, 151, 214, 139, 166, 235, 222, 179,
       66, 82, 228, 226, 41, 73, 121, 110, 34, 162, 48, 248, 11, 127, 44,
       38, 223, 68, 145, 120, 145, 136, 244, 140, 139, 190, 222, 35, 70,
       235, 18, 162, 232, 90, 113, 224, 105, 64, 121, 238, 34, 170, 120,
       111, 142, 63, 56, 166, 231, 108, 177, 120, 112, 128, 90, 186, 86,
       148, 43, 224, 57, 71, 175, 151, 130, 179, 172, 134, 162, 223, 39,
       51, 239, 144, 50, 201, 34, 245, 152, 50, 90, 195, 166, 69, 165,
       111, 2, 160, 151, 157, 30, 139, 168, 235, 158, 177, 66, 66, 228,
       232, 120, 74, 51, 109, 107, 17, 2, 217, 143, 221, 12, 34, 223, 68,
       148, 40, 17, 136, 112, 164, 199, 156, 158, 3, 206, 107, 86, 163,
       178, 90, 115, 232, 16, 1, 123, 228, 106, 169, 56, 255, 77, 31,
       184, 166, 213, 84, 253, 168, 82, 8, 4, 140, 134, 151, 197, 139,
       166, 224, 158, 179, 66, 2, 228, 226, 41, 207, 121, 106, 34, 18,
       112, 248, 27, 127, 45, 6, 95, 66, 128, 122, 161, 140, 70, 169,
       148, 159, 9, 128, 168, 168, 190, 145, 66, 1, 228, 226, 77, 66,
       241, 111, 106, 209, 6, 64, 203, 113, 13, 50, 207, 111, 128, 34,
       41, 134, 66, 32, 55, 141, 110, 139, 184, 72, 175, 160, 194, 139,
       204, 216, 116, 70, 230, 61, 123, 5, 2, 211, 131, 209, 21, 56, 11,
       186, 20, 14, 49, 135, 107, 55, 239, 252, 238, 157, 189, 127, 139,
       250, 92, 239, 188, 254, 247, 35, 175, 187, 247, 133, 213, 75, 182,
       208, 126, 89, 255, 170, 159, 252, 135, 253, 72, 188, 149, 178,
       169, 237, 84, 143, 171, 191, 168, 9, 174, 183, 72, 155, 133, 87,
       237, 16, 30, 75, 218, 49, 155, 211, 85, 127, 130, 84, 135, 91,
       220, 54, 157, 181, 168, 124, 92, 27, 186, 251, 131, 121, 223, 55,
       73, 219, 167, 215, 253, 17, 61, 69, 203, 2, 207, 227, 125, 149,
       160, 112, 143, 83, 117, 87, 213, 101, 214, 10, 206, 184, 113, 226,
       250, 239, 83, 121, 157, 17, 62, 196, 116, 110, 233, 242, 85, 14,
       54, 174, 101, 148, 109, 251, 82, 17, 142, 111, 103, 158, 236, 249,
       175, 232, 175, 254, 223, 163, 236, 236, 253, 198, 123, 255, 255,
       231, 226, 243, 175, 251, 62, 116, 175, 137, 7, 255, 53, 248, 78,
       181, 156, 243, 184, 107, 90, 169, 63, 185, 139, 56, 222, 247, 72,
       123, 149, 87, 253, 48, 51, 73, 219, 180, 207, 215, 223, 247, 136,
       107, 141, 19, 212, 89, 14, 167, 38, 66, 95, 48, 164, 206, 211,
       167, 215, 119, 35, 67, 118, 245, 125, 231, 104, 197, 9, 12, 241,
       227, 235, 144, 44, 179, 37, 83, 222, 162, 237, 190, 138, 96, 27,
       136, 162, 23, 133, 187, 231, 103, 75, 91, 115, 213, 237, 247, 42,
       71, 203, 161, 216, 227, 239, 189, 180, 115, 53, 114, 236, 44, 252,
       117, 172, 126, 83, 18, 251, 186, 183, 24, 211, 125, 215, 59, 1,
       244, 108, 26, 184, 228, 251, 42, 199, 251, 97, 53, 194, 233, 90,
       34, 35, 245, 106, 202, 245, 223, 254, 109, 95, 109, 249, 31, 64,
       204, 62, 32, 253, 139, 151, 37, 215, 187, 56, 215, 63, 93, 135,
       111, 93, 14, 250, 214, 115, 203, 106, 78, 118, 150, 254, 117, 105,
       72, 250, 231, 113, 204, 182, 112, 254, 237, 53, 231, 205, 187,
       164, 109, 114, 45, 164, 128, 109, 178, 250, 93, 70, 37, 174, 254,
       217, 55, 26, 200, 191, 191, 237, 141, 236, 238, 79, 90, 221, 127,
       235, 148, 30, 67, 251, 243, 159, 247, 203, 191, 144, 99, 47, 210,
       126, 51, 232, 226, 253, 60, 91, 89, 43, 165, 189, 143, 79, 207,
       94, 218, 255, 159, 255, 156, 154, 122, 249, 192, 223, 221, 143,
       253, 167, 143, 246, 114, 10, 159, 182, 223, 253, 183, 186, 246,
       159, 77, 220, 167, 236, 254, 54, 196, 255, 123, 191, 133, 182,
       251, 58, 255, 63, 127, 159, 203, 151, 79, 253, 223, 227, 88, 227,
       220, 111, 52, 121, 214, 57, 202, 118, 231, 40, 191, 183, 126, 126,
       253, 55, 206, 161, 86, 166, 234, 22, 62, 210, 138, 175, 245, 98,
       253, 79, 25, 247, 244, 231, 122, 188, 66, 239, 251, 251, 162, 204,
       190, 117, 234, 167, 247, 255, 131, 133, 241, 160, 192, 151, 127,
       75, 131, 134, 117, 45, 199, 33, 106, 235, 222, 100, 224, 235, 222,
       90, 194, 124, 234, 48, 225, 245, 120, 123, 110, 34, 206, 131, 246,
       174, 107, 84, 46, 183, 168, 21, 251, 118, 249, 61, 121, 226, 230,
       119, 87, 255, 216, 67, 236, 125, 170, 123, 253, 255, 180, 126,
       252, 151, 250, 200, 178, 253, 136, 127, 205, 165, 173, 103, 255,
       118, 243, 12, 106, 170, 179, 70, 161, 187, 194, 30, 174, 80, 167,
       181, 200, 115, 8, 255, 105, 19, 215, 130, 250, 142, 250, 92, 5,
       191, 169, 149, 121, 113, 155, 41, 217, 57, 217, 125, 221, 145,
       254, 94, 89, 124, 0, 180, 157, 36, 100, 201, 58, 18, 72, 195, 40,
       114, 253, 103, 62, 154, 106, 26, 24, 209, 235, 104, 157, 150, 92,
       157, 246, 22, 175, 215, 143, 236, 24, 194, 240, 38, 244, 217, 126,
       234, 16, 62, 235, 242, 38, 43, 246, 20, 91, 210, 88, 236, 14, 88,
       29, 119, 236, 19, 70, 95, 56, 37, 64, 238, 34, 127, 119, 32, 112,
       118, 245, 61, 234, 73, 155, 49, 157, 243, 237, 163, 16, 58, 162,
       36, 50, 125, 93, 95, 228, 60, 78, 79, 184, 165, 232, 191, 66, 83,
       119, 169, 243, 116, 212, 124, 106, 105, 129, 57, 172, 251, 235,
       165, 20, 42, 187, 112, 49, 3, 156, 35, 223, 213, 213, 173, 231,
       95, 75, 72, 22, 188, 190, 52, 228, 237, 59, 19, 141, 227, 152, 50,
       255, 45, 126, 154, 10, 24, 76, 177, 252, 40, 165, 41, 153, 253,
       221, 192, 175, 95, 121, 252, 24, 178, 168, 126, 164, 201, 10, 34,
       29, 127, 42, 114, 151, 111, 95, 148, 125, 82, 72, 220, 206, 40,
       221, 59, 126, 220, 205, 183, 245, 212, 76, 124, 3, 245, 253, 49,
       113, 220, 123, 51, 75, 225, 170, 58, 63, 117, 239, 110, 8, 81,
       122, 231, 251, 9, 79, 115, 223, 246, 146, 239, 115, 93, 4, 95,
       226, 237, 232, 183, 228, 94, 106, 6, 79, 228, 184, 109, 255, 38,
       127, 167, 128, 54, 254, 113, 237, 160, 180, 185, 217, 253, 237,
       177, 15, 91, 123, 61, 24, 188, 189, 76, 44, 137, 26, 115, 16, 19,
       120, 243, 211, 77, 30, 22, 126, 210, 72, 215, 235, 48, 132, 135,
       188, 92, 131, 66, 232, 22, 176, 194, 74, 115, 225, 32, 65, 89,
       236, 34, 40, 40, 243, 15, 31, 120, 166, 229, 116, 177, 40, 112,
       168, 53, 65, 67, 76, 84, 2, 198, 120, 84, 224, 251, 66, 83, 192,
       177, 244, 120, 236, 22, 238, 201, 179, 5, 30, 48, 172, 161, 20,
       125, 187, 120, 164, 34, 32, 79, 201, 76, 11, 233, 67, 46, 32, 210,
       194, 17, 137, 52, 64, 104, 140, 123, 141, 0, 185, 69, 208, 20, 40,
       138, 0, 53, 136, 112, 168, 64, 160, 134, 157, 26, 130, 160, 171,
       190, 177, 66, 2, 228, 226, 96, 194, 113, 109, 106, 144, 2, 217,
       139, 93, 12, 34, 223, 76, 8, 32, 33, 8, 64, 160, 135, 157, 14,
       131, 168, 73, 30, 177, 66, 66, 228, 194, 112, 72, 115, 109, 106,
       145, 2, 221, 143, 213, 28, 34, 223, 108, 20, 40, 49, 136, 112, 32,
       207, 189, 94, 35, 64, 107, 86, 161, 226, 90, 115, 224, 16, 9, 121,
       236, 98, 136, 41, 254, 199, 29, 28, 166, 213, 84, 237, 40, 114,
       136, 36, 168, 132, 158, 217, 131, 166, 232, 146, 179, 96, 10, 100,
       226, 105, 89, 89, 110, 34, 48, 34, 82, 218, 61, 61, 38, 207, 109,
       144, 104, 49, 130, 2, 32, 150, 157, 78, 131, 160, 72, 190, 176,
       66, 2, 228, 192, 96, 194, 50, 109, 106, 161, 2, 241, 139, 221, 28,
       34, 75, 12, 21, 40, 49, 128, 112, 0, 18, 160, 111, 141, 240, 64,
       173, 0, 179, 42, 142, 154, 100, 80, 238, 145, 78, 81, 8, 35, 64,
       192, 149, 144, 138, 123, 81, 10, 99, 131, 121, 29, 121, 101, 240,
       78, 125, 55, 113, 238, 126, 44, 59, 61, 134, 48, 38, 182, 85, 40,
       232, 184, 113, 14, 103, 239, 52, 128, 103, 192, 198, 123, 129,
       150, 207, 53, 50, 10, 41, 59, 54, 234, 90, 245, 177, 37, 144, 64,
       95, 142, 53, 172, 185, 216, 69, 14, 76, 38, 249, 132, 173, 224,
