%YAML:1.0
---
descriptors: !!opencv-matrix
   rows: 15
   cols: 32
   dt: u
   data: [ 11, 149, 43, 235, 241, 150, 251, 119, 30, 65, 93, 6, 185, 127,
       62, 96, 255, 59, 19, 141, 211, 152, 57, 255, 111, 127, 154, 192,
       30, 134, 177, 248, 48, 160, 134, 156, 88, 195, 128, 106, 22, 177,
       224, 2, 96, 224, 32, 65, 121, 236, 34, 184, 42, 251, 27, 29, 25,
       38, 215, 100, 49, 40, 52, 168, 114, 96, 2, 168, 76, 9, 160, 64,
       44, 32, 224, 11, 134, 2, 48, 80, 232, 141, 75, 225, 8, 35, 197,
       192, 148, 48, 138, 56, 81, 10, 35, 128, 125, 215, 253, 231, 158,
       23, 31, 191, 82, 234, 158, 110, 89, 127, 137, 99, 95, 215, 189,
       239, 233, 210, 249, 174, 255, 207, 239, 180, 63, 251, 184, 115,
       11, 18, 49, 232, 37, 212, 217, 16, 201, 77, 148, 103, 189, 29,
       182, 108, 238, 145, 151, 133, 135, 35, 48, 192, 211, 217, 186,
       139, 31, 140, 61, 119, 130, 56, 51, 216, 109, 245, 185, 87, 143,
       93, 144, 183, 172, 158, 118, 42, 207, 59, 151, 145, 151, 47, 178,
       209, 31, 80, 154, 251, 158, 12, 53, 255, 0, 32, 149, 185, 100,
       169, 232, 75, 126, 49, 114, 82, 157, 131, 96, 72, 99, 41, 42, 156,
       19, 252, 83, 209, 204, 151, 122, 64, 156, 136, 33, 136, 177, 65,
       110, 229, 20, 66, 227, 96, 100, 0, 242, 2, 83, 9, 177, 97, 120,
       132, 14, 235, 72, 183, 5, 140, 208, 169, 162, 5, 101, 171, 112, 0,
       27, 149, 107, 237, 118, 86, 239, 117, 101, 64, 126, 162, 121, 63,
       182, 96, 126, 156, 23, 239, 217, 184, 53, 205, 119, 237, 170, 128,
       55, 170, 244, 249, 131, 138, 247, 249, 110, 168, 249, 87, 239, 19,
       112, 246, 189, 139, 244, 75, 231, 51, 63, 149, 179, 124, 6, 241,
       134, 216, 122, 202, 156, 136, 161, 169, 173, 38, 237, 101, 172,
       63, 205, 27, 83, 250, 182, 92, 147, 41, 209, 43, 217, 196, 116,
       44, 185, 118, 125, 146, 79, 219, 245, 180, 223, 249, 208, 160, 75,
       16, 113, 232, 36, 20, 216, 16, 201, 72, 181, 35, 141, 31, 182,
       110, 198, 145, 151, 13, 132, 39, 50, 192, 194, 217, 154, 154, 22,
       140, 113, 127, 75, 16, 114, 224, 100, 148, 249, 19, 233, 89, 20,
       243, 156, 159, 246, 110, 166, 145, 151, 149, 150, 41, 32, 193,
       214, 216, 186, 202, 22, 132, 33, 93, 169, 60, 191, 115, 197, 239,
       117, 151, 249, 243, 38, 28, 158, 57, 68, 59, 161, 102, 112, 28,
       49, 252, 48, 162, 207, 219, 85, 114, 202, 88, 211, 42, 214, 142,
       222, 190, 234, 160, 29, 231, 185, 23, 164, 181, 109, 231, 43, 91,
       231, 247, 173, 150, 122, 79, 170, 107, 249, 227, 254, 139, 177,
       117, 167, 123 ]
keypoints: !!opencv-matrix
   rows: 15
   cols: 2
   dt: d
   data: [ 169., 66., 191., 79., 287., 89., 45., 217., 216., 245., 247.,
       248., 240., 254., 1.6320001220703125e+02, 84.,
       7.5600006103515625e+01, 2.3760000610351562e+02,
       5.6400001525878906e+01, 2.4000001525878906e+02,
       1.6704000854492188e+02, 7.0560005187988281e+01,
       2.1600001525878906e+02, 2.4480000305175781e+02,
       2.6064001464843750e+02, 2.4768000793457031e+02,
       1.6796162414550781e+02, 7.0502410888671875e+01,
       1.6588803100585938e+02, 8.0870414733886719e+01 ]
