%YAML:1.0
---
descriptors: !!opencv-matrix
   rows: 38
   cols: 32
   dt: u
   data: [ 66, 140, 150, 159, 137, 38, 172, 39, 190, 19, 74, 17, 236, 98,
       36, 79, 225, 103, 42, 129, 48, 220, 19, 119, 13, 54, 90, 66, 144,
       96, 161, 12, 234, 60, 186, 188, 201, 253, 16, 202, 191, 251, 164,
       25, 142, 255, 99, 123, 201, 255, 235, 1, 44, 111, 210, 242, 219,
       243, 87, 59, 210, 109, 47, 138, 60, 221, 107, 190, 52, 215, 223,
       244, 213, 204, 253, 7, 125, 253, 51, 65, 222, 235, 23, 111, 232,
       187, 122, 191, 177, 255, 167, 136, 119, 191, 116, 249, 142, 220,
       180, 151, 229, 191, 190, 174, 31, 191, 86, 23, 236, 250, 111, 207,
       147, 107, 179, 87, 118, 220, 123, 255, 47, 86, 223, 199, 150, 125,
       157, 223, 234, 184, 254, 24, 203, 253, 185, 199, 171, 87, 244, 59,
       44, 222, 118, 27, 175, 179, 243, 145, 182, 127, 178, 241, 95, 89,
       90, 235, 197, 4, 231, 223, 98, 56, 250, 208, 109, 173, 248, 87,
       235, 89, 176, 123, 60, 157, 244, 58, 238, 185, 215, 149, 135, 43,
       130, 192, 23, 88, 154, 170, 223, 132, 115, 223, 130, 184, 187,
       217, 237, 229, 185, 87, 159, 91, 80, 119, 188, 158, 100, 107, 239,
       59, 151, 145, 179, 95, 146, 243, 13, 24, 122, 234, 152, 72, 165,
       187, 49, 32, 135, 28, 90, 3, 0, 105, 22, 161, 195, 202, 115, 224,
       136, 93, 120, 140, 34, 40, 9, 211, 207, 29, 24, 162, 225, 20, 105,
       42, 114, 168, 204, 180, 188, 113, 169, 110, 121, 31, 187, 191,
       183, 24, 223, 63, 72, 91, 135, 23, 253, 24, 56, 101, 243, 2, 207,
       251, 117, 213, 194, 224, 199, 115, 68, 201, 150, 31, 153, 132,
       174, 165, 174, 17, 75, 0, 228, 226, 72, 66, 225, 111, 104, 210,
       82, 216, 139, 101, 45, 50, 206, 65, 128, 51, 161, 10, 18, 253, 18,
       170, 187, 133, 30, 236, 175, 0, 152, 137, 238, 246, 40, 208, 254,
       251, 207, 226, 90, 11, 26, 253, 185, 148, 143, 251, 16, 34, 163,
       27, 60, 73, 122, 110, 93, 82, 86, 240, 69, 128, 244, 2, 83, 217,
       49, 144, 88, 252, 134, 106, 72, 163, 88, 172, 115, 233, 165, 25,
       119, 187, 124, 138, 54, 253, 98, 170, 247, 195, 222, 204, 31, 204,
       248, 175, 110, 204, 63, 16, 254, 235, 151, 247, 206, 179, 88, 255,
       186, 124, 143, 187, 117, 30, 254, 215, 51, 223, 106, 254, 246,
       130, 239, 247, 85, 72, 222, 230, 113, 235, 182, 64, 126, 234, 23,
       206, 251, 187, 44, 255, 122, 175, 174, 192, 61, 154, 240, 217, 10,
       157, 50, 187, 245, 247, 191, 231, 31, 79, 92, 131, 236, 255, 38,
       68, 255, 123, 151, 145, 246, 154, 58, 255, 239, 119, 158, 195,
       151, 94, 189, 223, 108, 116, 253, 242, 173, 125, 81, 152, 219,
       251, 181, 60, 222, 221, 75, 58, 143, 213, 253, 18, 171, 103, 251,
       162, 219, 223, 117, 254, 202, 253, 70, 115, 170, 184, 179, 250,
       207, 197, 185, 71, 191, 95, 84, 51, 172, 223, 100, 9, 239, 59,
       179, 145, 51, 127, 178, 241, 95, 81, 218, 235, 215, 12, 167, 251,
       23, 94, 66, 158, 114, 146, 174, 112, 53, 206, 91, 231, 77, 238,
       183, 196, 118, 237, 183, 239, 229, 145, 12, 222, 48, 38, 171, 132,
       63, 247, 41, 213, 137, 170, 178, 249, 100, 183, 249, 87, 95, 121,
       84, 118, 188, 155, 182, 237, 255, 43, 54, 28, 151, 252, 99, 241,
       206, 219, 123, 194, 158, 140, 169, 237, 31, 87, 107, 197, 118, 82,
       239, 120, 116, 236, 95, 166, 89, 47, 191, 100, 126, 204, 23, 239,
       193, 144, 37, 206, 118, 47, 170, 132, 39, 179, 117, 241, 58, 87,
       98, 236, 117, 83, 94, 120, 85, 236, 255, 167, 75, 140, 55, 192,
       254, 157, 151, 231, 204, 179, 1, 206, 178, 253, 162, 135, 127,
       190, 124, 215, 35, 34, 113, 193, 108, 141, 249, 83, 137, 89, 176,
       206, 156, 14, 212, 138, 238, 1, 87, 157, 147, 42, 194, 192, 22,
       24, 186, 232, 205, 140, 115, 169, 61, 81, 107, 238, 52, 86, 95,
       248, 197, 200, 255, 102, 91, 221, 185, 96, 126, 252, 23, 238, 201,
       179, 44, 172, 243, 237, 163, 128, 127, 187, 116, 241, 76, 176,
       180, 112, 169, 124, 89, 31, 171, 255, 183, 28, 222, 191, 74, 191,
       135, 151, 253, 24, 154, 109, 243, 192, 219, 251, 117, 255, 194,
       196, 199, 115, 158, 93, 54, 254, 173, 214, 255, 236, 157, 204,
       215, 3, 109, 253, 63, 67, 252, 245, 191, 227, 236, 227, 123, 236,
       243, 251, 207, 131, 23, 63, 117, 211, 138, 170, 170, 186, 239,
       241, 185, 199, 158, 71, 84, 179, 172, 204, 118, 72, 255, 43, 179,
       149, 54, 62, 170, 243, 95, 119, 158, 235, 149, 76, 189, 223, 23,
       95, 99, 142, 118, 150, 239, 112, 53, 200, 219, 231, 89, 238, 183,
       228, 126, 237, 55, 239, 237, 145, 45, 206, 48, 46, 175, 128, 47,
       247, 56, 213, 70, 237, 18, 138, 152, 129, 14, 236, 174, 128, 136,
       9, 228, 242, 40, 80, 242, 235, 74, 227, 82, 11, 138, 253, 184, 20,
       143, 122, 16, 51, 163, 10, 56, 205, 82, 174, 209, 139, 86, 236,
       133, 0, 248, 9, 111, 251, 32, 212, 250, 251, 134, 226, 88, 171, 8,
       191, 179, 245, 5, 91, 115, 62, 226, 138, 54, 237, 66, 170, 247,
       195, 222, 238, 21, 132, 248, 171, 111, 253, 52, 16, 254, 251, 151,
       231, 92, 187, 8, 191, 187, 213, 133, 235, 117, 190, 254, 218, 3,
       141, 99, 159, 212, 214, 239, 247, 116, 64, 90, 198, 241, 252, 180,
       228, 120, 234, 22, 173, 253, 152, 61, 255, 44, 46, 174, 128, 61,
       246, 240, 252, 220, 48, 188, 246, 173, 124, 89, 27, 171, 255, 183,
       60, 223, 247, 203, 255, 135, 87, 253, 26, 185, 69, 251, 192, 219,
       251, 119, 158, 138, 229, 135, 115, 42, 181, 250, 217, 253, 209,
       251, 255, 31, 77, 220, 179, 236, 255, 190, 228, 255, 27, 151, 145,
       182, 186, 107, 255, 127, 95, 159, 239, 151, 12, 189, 255, 239, 48,
       248, 82, 237, 125, 121, 27, 251, 255, 181, 24, 154, 253, 222, 190,
       143, 151, 255, 28, 191, 103, 250, 194, 95, 217, 85, 127, 195, 228,
       206, 247, 94, 112, 254, 231, 43, 126, 127, 216, 43, 254, 183, 11,
       207, 255, 95, 122, 255, 213, 255, 243, 140, 215, 185, 232, 223,
       223, 207, 167, 167, 247, 47, 119, 49, 205, 67, 223, 86, 135, 239,
       246, 84, 64, 90, 70, 113, 251, 176, 96, 120, 234, 22, 204, 235,
       186, 60, 255, 117, 46, 166, 128, 61, 154, 240, 168, 255, 52, 254,
       244, 237, 124, 89, 19, 251, 255, 183, 24, 31, 255, 87, 127, 167,
       247, 253, 28, 185, 103, 186, 194, 223, 251, 81, 127, 194, 229,
       206, 119, 214, 88, 182, 238, 109, 78, 190, 232, 173, 142, 210, 3,
       206, 254, 47, 66, 252, 245, 255, 227, 76, 231, 219, 232, 179, 114,
       207, 31, 0, 63, 53, 86 ]
