%YAML:1.0
---
descriptors: !!opencv-matrix
   rows: 29
   cols: 32
   dt: u
   data: [ 11, 180, 170, 235, 245, 151, 251, 91, 95, 71, 93, 2, 185, 221,
       126, 32, 221, 27, 19, 157, 151, 188, 60, 211, 111, 93, 154, 224,
       159, 142, 249, 242, 81, 132, 207, 60, 22, 35, 99, 123, 86, 162,
       66, 82, 115, 97, 160, 65, 113, 228, 40, 168, 41, 253, 13, 31, 248,
       231, 117, 4, 169, 232, 112, 8, 53, 132, 143, 60, 90, 3, 7, 235,
       18, 162, 224, 202, 115, 225, 32, 81, 89, 236, 32, 40, 40, 207,
       159, 31, 120, 166, 101, 124, 249, 40, 80, 168, 4, 160, 134, 157,
       88, 131, 32, 232, 182, 145, 66, 2, 244, 226, 104, 72, 121, 108,
       34, 80, 2, 208, 139, 29, 12, 34, 71, 68, 128, 40, 33, 128, 32,
       160, 134, 156, 89, 195, 160, 232, 150, 176, 64, 2, 96, 226, 104,
       208, 89, 108, 34, 112, 2, 210, 139, 29, 29, 34, 199, 45, 16, 42,
       60, 130, 60, 253, 122, 238, 255, 95, 86, 253, 193, 172, 188, 11,
       123, 253, 33, 48, 250, 251, 149, 98, 92, 35, 24, 188, 251, 221, 5,
       59, 119, 250, 228, 139, 60, 150, 234, 235, 181, 179, 122, 219,
       119, 77, 255, 167, 107, 237, 58, 208, 127, 170, 151, 148, 158,
       186, 45, 191, 250, 223, 161, 193, 191, 206, 252, 83, 138, 154,
       150, 186, 106, 241, 176, 71, 159, 29, 82, 179, 172, 218, 162, 204,
       227, 59, 175, 17, 22, 223, 6, 241, 150, 115, 122, 203, 182, 12,
       45, 207, 43, 50, 114, 200, 111, 213, 152, 83, 139, 92, 180, 175,
       12, 158, 118, 38, 238, 185, 151, 149, 199, 43, 178, 209, 83, 89,
       154, 187, 31, 12, 127, 223, 121, 6, 205, 101, 22, 34, 67, 59, 116,
       163, 226, 214, 115, 33, 144, 112, 121, 228, 44, 168, 57, 254, 69,
       14, 248, 239, 241, 64, 233, 168, 112, 40, 177, 0, 79, 229, 6, 66,
       105, 96, 100, 128, 226, 2, 83, 1, 145, 97, 120, 132, 10, 234, 72,
       182, 101, 12, 212, 169, 226, 1, 101, 171, 112, 32, 1, 0, 73, 209,
       108, 137, 232, 67, 236, 17, 176, 194, 149, 138, 244, 74, 106, 1,
       90, 157, 2, 62, 70, 192, 4, 24, 186, 40, 20, 136, 97, 168, 66,
       157, 150, 159, 137, 116, 180, 143, 174, 23, 138, 17, 236, 246, 70,
       206, 129, 119, 249, 145, 22, 73, 219, 227, 141, 50, 94, 91, 128,
       116, 173, 78, 124, 253, 18, 174, 187, 205, 86, 237, 171, 140, 168,
       41, 111, 250, 97, 144, 186, 251, 205, 98, 94, 11, 26, 189, 187,
       213, 15, 59, 80, 114, 175, 11, 27, 16, 122, 225, 38, 22, 249, 16,
       105, 72, 86, 162, 25, 31, 151, 96, 126, 153, 151, 236, 129, 144,
       37, 200, 199, 249, 170, 129, 39, 167, 125, 113, 229, 174, 165, 17,
       172, 63, 237, 151, 90, 251, 22, 92, 147, 40, 215, 175, 129, 70,
       124, 29, 181, 252, 253, 50, 13, 26, 245, 244, 200, 220, 210, 117,
       193, 6, 222, 53, 36, 42, 104, 23, 124, 143, 114, 212, 151, 35,
       144, 91, 2, 38, 108, 28, 176, 252, 5, 66, 198, 251, 114, 0, 200,
       192, 75, 9, 58, 189, 18, 174, 185, 205, 86, 237, 171, 132, 168, 9,
       111, 242, 32, 148, 186, 251, 204, 98, 94, 11, 26, 255, 185, 212,
       13, 59, 80, 118, 174, 10, 56, 141, 122, 110, 245, 223, 87, 253,
       85, 140, 253, 10, 123, 249, 32, 32, 122, 250, 135, 106, 120, 186,
       24, 191, 123, 239, 37, 1, 119, 234, 228, 139, 138, 158, 194, 155,
       114, 182, 186, 214, 63, 7, 82, 247, 237, 206, 166, 204, 127, 59,
       135, 149, 182, 156, 4, 255, 20, 118, 186, 194, 159, 133, 41, 157,
       27, 18, 112, 224, 39, 84, 217, 16, 9, 76, 86, 167, 25, 31, 182,
       164, 238, 145, 149, 205, 133, 144, 36, 192, 67, 121, 170, 131, 55,
       140, 125, 127, 66, 173, 146, 154, 153, 220, 150, 175, 174, 149,
       138, 1, 172, 246, 68, 198, 129, 119, 233, 83, 86, 73, 155, 241,
       185, 52, 15, 123, 128, 86, 143, 14, 60, 188, 250, 235, 247, 243,
       122, 222, 23, 13, 125, 163, 123, 221, 59, 192, 127, 186, 151, 184,
       26, 178, 24, 191, 123, 207, 165, 193, 247, 223, 124, 211, 3, 156,
       99, 139, 118, 246, 235, 246, 124, 73, 90, 70, 248, 246, 180, 228,
       127, 42, 18, 189, 183, 152, 60, 255, 45, 62, 170, 192, 157, 207,
       113, 245, 3, 158, 66, 155, 114, 182, 170, 214, 63, 67, 90, 215,
       237, 206, 182, 196, 119, 43, 151, 157, 183, 156, 28, 255, 44, 62,
       154, 192, 158, 135, 41, 157, 31, 16, 112, 224, 39, 80, 218, 16,
       73, 72, 53, 163, 143, 31, 182, 36, 174, 145, 149, 239, 140, 160,
       36, 192, 195, 217, 170, 135, 55, 143, 85, 87, 26, 18, 114, 224,
       102, 16, 248, 16, 105, 4, 118, 231, 141, 15, 180, 64, 238, 145,
       151, 205, 128, 176, 4, 192, 150, 249, 138, 130, 47, 132, 105, 5,
       40, 157, 122, 95, 212, 255, 247, 246, 84, 4, 126, 2, 114, 249,
       166, 64, 89, 122, 2, 74, 50, 184, 120, 63, 111, 175, 36, 65, 115,
       202, 252, 170, 11, 76, 3, 155, 245, 215, 234, 198, 31, 75, 90,
       215, 252, 222, 183, 228, 255, 43, 19, 157, 167, 158, 28, 255, 60,
       126, 158, 194, 159, 29, 57, 220 ]
keypoints: !!opencv-matrix
   rows: 29
   cols: 2
   dt: d
   data: [ 63., 61., 78., 72., 85., 72., 213., 80., 287., 84., 306., 92.,
       314., 95., 305., 103., 130., 241., 78., 72.,
       5.6400001525878906e+01, 78., 8.2800003051757812e+01,
       7.9200004577636719e+01, 3.0720001220703125e+02,
       8.0400001525878906e+01, 306., 8.8800003051757812e+01,
       1.4160000610351562e+02, 2.4120001220703125e+02,
       5.7600002288818359e+01, 6.6240005493164062e+01,
       5.6160003662109375e+01, 7.4880004882812500e+01,
       3.0672000122070312e+02, 8.7840003967285156e+01,
       3.0527999877929688e+02, 9.2160003662109375e+01,
       3.0527999877929688e+02, 1.0368000793457031e+02,
       1.3536000061035156e+02, 2.3760000610351562e+02,
       3.0585601806640625e+02, 8.1216011047363281e+01,
       3.1276803588867188e+02, 9.5040008544921875e+01,
       3.0585601806640625e+02, 1.0022400665283203e+02,
       3.0412802124023438e+02, 1.0368000793457031e+02,
       9.8496009826660156e+01, 2.3846401977539062e+02,
       1.3996801757812500e+02, 2.4192002868652344e+02,
       3.0108679199218750e+02, 9.2067863464355469e+01,
       3.0606344604492188e+02, 1.0450946807861328e+02 ]
