%YAML:1.0
---
descriptors: !!opencv-matrix
   rows: 42
   cols: 32
   dt: u
   data: [ 16, 162, 134, 156, 24, 3, 32, 232, 22, 176, 194, 198, 67, 224,
       43, 73, 121, 236, 42, 184, 42, 209, 15, 29, 216, 38, 245, 4, 185,
       40, 48, 8, 130, 156, 151, 155, 183, 230, 188, 167, 30, 87, 74,
       178, 236, 118, 32, 205, 231, 119, 187, 145, 50, 220, 27, 247, 45,
       54, 222, 195, 148, 77, 181, 127, 134, 148, 243, 252, 236, 228,
       252, 251, 159, 90, 216, 243, 92, 255, 188, 99, 255, 243, 63, 181,
       248, 67, 58, 206, 127, 126, 239, 206, 151, 236, 244, 87, 2, 20,
       231, 252, 124, 39, 152, 91, 159, 219, 208, 247, 28, 189, 52, 105,
       239, 157, 63, 161, 171, 207, 50, 223, 27, 62, 251, 158, 149, 232,
       117, 247, 130, 148, 175, 153, 237, 245, 185, 87, 159, 95, 150, 55,
       172, 190, 118, 107, 239, 51, 191, 145, 182, 77, 115, 211, 79, 91,
       218, 203, 149, 76, 181, 87, 74, 152, 182, 188, 237, 245, 152, 202,
       143, 95, 148, 55, 172, 254, 102, 207, 239, 115, 191, 17, 182, 79,
       50, 241, 155, 115, 218, 251, 150, 76, 189, 95, 23, 87, 99, 199,
       118, 26, 239, 120, 100, 224, 95, 230, 89, 78, 191, 100, 126, 204,
       23, 239, 201, 145, 45, 206, 52, 44, 171, 132, 47, 183, 112, 245,
       58, 87, 98, 228, 53, 86, 90, 112, 37, 204, 255, 167, 75, 157, 63,
       212, 254, 221, 151, 227, 204, 179, 1, 142, 179, 253, 170, 131,
       103, 175, 124, 83, 62, 69, 98, 229, 87, 18, 254, 112, 85, 160,
       254, 131, 75, 15, 61, 244, 126, 221, 151, 239, 204, 178, 29, 206,
       243, 221, 139, 133, 103, 190, 120, 134, 181, 221, 235, 254, 252,
       33, 79, 252, 210, 218, 189, 126, 113, 251, 233, 3, 125, 234, 22,
       238, 249, 103, 42, 175, 250, 207, 231, 252, 189, 251, 240, 185,
       114, 32, 82, 137, 74, 9, 168, 64, 44, 32, 226, 10, 6, 2, 32, 80,
       106, 129, 74, 128, 8, 19, 65, 192, 148, 128, 138, 56, 33, 8, 35,
       128, 70, 253, 146, 174, 251, 193, 30, 237, 175, 9, 201, 169, 236,
       246, 40, 80, 246, 251, 223, 242, 66, 11, 138, 253, 185, 180, 143,
       187, 144, 114, 175, 155, 19, 141, 99, 143, 214, 150, 239, 246, 52,
       64, 90, 198, 121, 102, 182, 228, 126, 239, 23, 175, 237, 152, 61,
       239, 60, 46, 174, 192, 45, 246, 177, 252, 204, 52, 157, 113, 168,
       110, 125, 31, 187, 255, 183, 24, 223, 55, 72, 123, 135, 23, 124,
       24, 49, 229, 243, 2, 207, 251, 117, 213, 194, 224, 199, 115, 175,
       180, 252, 243, 253, 125, 249, 155, 27, 255, 189, 191, 207, 127,
       222, 191, 191, 155, 255, 21, 183, 102, 251, 210, 223, 223, 127,
       255, 222, 205, 207, 247, 131, 22, 191, 217, 124, 39, 185, 83, 31,
       27, 210, 114, 156, 191, 52, 105, 239, 151, 63, 145, 177, 255, 67,
       214, 29, 58, 250, 194, 157, 72, 49, 185, 138, 156, 183, 185, 237,
       228, 185, 23, 158, 91, 82, 119, 188, 191, 112, 75, 239, 59, 191,
       145, 179, 92, 18, 211, 77, 55, 250, 202, 156, 72, 181, 251, 142,
       222, 164, 147, 237, 255, 188, 175, 31, 255, 86, 151, 236, 236,
       127, 205, 215, 107, 187, 23, 182, 252, 123, 254, 47, 87, 223, 199,
       150, 125, 157, 223, 123, 184, 112, 112, 161, 221, 81, 183, 233,
       93, 52, 61, 31, 61, 214, 182, 135, 19, 213, 21, 159, 40, 178, 161,
       203, 217, 116, 251, 206, 132, 206, 127, 251, 154, 224, 122, 45,
       221, 209, 208, 195, 92, 180, 45, 42, 221, 246, 182, 205, 178, 213,
       7, 207, 35, 250, 161, 211, 89, 180, 187, 95, 220, 94, 127, 91, 16,
       240, 96, 163, 124, 93, 23, 105, 95, 54, 181, 159, 63, 150, 126,
       167, 151, 253, 156, 181, 8, 165, 194, 195, 253, 48, 131, 166, 212,
       135, 119, 31, 81, 114, 229, 119, 82, 123, 48, 101, 196, 119, 162,
       89, 31, 183, 100, 118, 149, 151, 238, 200, 176, 37, 204, 103, 249,
       162, 133, 39, 191, 116, 113, 10, 184, 187, 249, 237, 229, 185, 87,
       158, 91, 80, 118, 188, 159, 96, 8, 239, 59, 147, 145, 147, 94,
       146, 241, 77, 21, 154, 234, 152, 72, 165, 251, 59, 83, 98, 237,
       55, 87, 250, 120, 125, 76, 255, 231, 75, 14, 183, 212, 254, 157,
       151, 231, 205, 179, 53, 206, 178, 253, 138, 135, 127, 175, 124,
       215, 61, 81, 122, 238, 116, 86, 223, 112, 197, 136, 255, 2, 83,
       221, 189, 96, 120, 252, 23, 234, 200, 163, 60, 140, 243, 237, 163,
       137, 103, 187, 116, 179, 60, 69, 122, 236, 87, 86, 126, 248, 85,
       132, 254, 2, 91, 249, 63, 96, 120, 220, 151, 234, 72, 179, 17,
       142, 243, 237, 163, 5, 103, 187, 124, 130, 6, 205, 134, 159, 189,
       161, 62, 172, 142, 21, 74, 131, 236, 246, 105, 64, 247, 127, 59,
       211, 82, 216, 75, 245, 45, 54, 143, 199, 148, 123, 181, 11, 55,
       127, 98, 174, 245, 175, 222, 204, 95, 236, 248, 175, 110, 252, 55,
       16, 255, 239, 151, 247, 140, 179, 204, 254, 184, 116, 143, 187,
       221, 127, 126, 223, 49, 159, 107, 254, 182, 131, 238, 247, 85, 73,
       218, 230, 113, 239, 180, 96, 127, 234, 23, 207, 251, 187, 108,
       255, 250, 239, 167, 192, 61, 202, 240, 249, 170, 189, 180, 254,
       237, 245, 29, 239, 155, 95, 188, 27, 236, 255, 110, 131, 201, 91,
       247, 1, 118, 111, 250, 243, 251, 219, 95, 123, 146, 92, 135, 251,
       23, 86, 99, 197, 118, 82, 239, 120, 125, 232, 95, 230, 89, 30,
       189, 100, 126, 205, 23, 239, 129, 144, 37, 206, 52, 46, 171, 132,
       47, 183, 117, 245, 204, 182, 188, 113, 169, 124, 85, 31, 235, 255,
       183, 28, 223, 191, 74, 251, 133, 87, 253, 24, 187, 69, 243, 0,
       203, 251, 117, 245, 194, 192, 207, 115, 220, 54, 188, 241, 168,
       110, 93, 27, 187, 255, 183, 52, 223, 119, 74, 123, 135, 23, 125,
       24, 177, 69, 251, 66, 203, 251, 119, 220, 194, 224, 135, 115, 78,
       180, 244, 243, 239, 127, 249, 216, 63, 255, 189, 191, 207, 127,
       222, 63, 191, 151, 255, 181, 182, 114, 251, 210, 223, 223, 127,
       247, 199, 207, 207, 247, 139, 158, 150, 217, 177, 188, 56, 23, 31,
       31, 86, 54, 172, 190, 166, 237, 231, 59, 191, 16, 182, 220, 50,
       211, 143, 255, 90, 195, 154, 76, 169, 159, 123, 152, 120, 112, 37,
       221, 217, 146, 203, 92, 52, 173, 43, 221, 214, 180, 143, 51, 149,
       5, 143, 42, 114, 241, 195, 217, 56, 187, 95, 140, 92, 95, 53, 69,
       107, 198, 116, 6, 239, 240, 100, 232, 223, 198, 81, 237, 189, 100,
       126, 236, 22, 238, 201, 179, 45, 236, 112, 173, 167, 132, 47, 179,
       112, 240, 50, 205, 82, 174, 211, 131, 86, 236, 133, 0, 248, 9,
       111, 242, 32, 212, 250, 251, 6, 226, 92, 171, 24, 255, 185, 212,
       5, 27, 113, 59, 226, 142, 50, 239, 66, 174, 246, 131, 222, 239,
       31, 36, 248, 235, 111, 236, 52, 16, 254, 235, 23, 231, 94, 187, 8,
       255, 184, 244, 143, 163, 117, 94, 246, 207, 49, 223, 99, 222, 244,
       135, 239, 246, 87, 64, 88, 230, 113, 237, 176, 96, 126, 234, 23,
       206, 235, 186, 44, 255, 124, 46, 166, 128, 61, 154, 240, 249, 78,
       177, 240, 227, 253, 127, 251, 216, 47, 253, 191, 59, 206, 127, 95,
       188, 191, 223, 255, 179, 150, 114, 249, 240, 223, 221, 143, 247,
       199, 239, 79, 215, 126, 88, 250, 238, 109, 86, 127, 236, 41, 238,
       246, 11, 78, 255, 63, 214, 254, 221, 255, 227, 76, 231, 249, 234,
       247, 255, 207, 159, 7, 63, 110, 215 ]
