%YAML:1.0
---
descriptors: !!opencv-matrix
   rows: 29
   cols: 32
   dt: u
   data: [ 11, 145, 43, 139, 213, 245, 251, 251, 31, 65, 93, 23, 156,
       220, 62, 96, 253, 27, 19, 141, 147, 154, 60, 247, 79, 93, 154,
       230, 159, 14, 181, 246, 32, 160, 134, 156, 88, 131, 0, 106, 22,
       176, 226, 10, 98, 224, 32, 17, 89, 236, 34, 40, 32, 251, 11, 29,
       24, 34, 87, 36, 97, 40, 48, 136, 0, 160, 135, 157, 93, 203, 161,
       104, 190, 176, 66, 2, 228, 224, 104, 66, 57, 108, 98, 112, 2, 240,
       139, 93, 13, 34, 79, 77, 16, 42, 37, 130, 50, 0, 82, 128, 68, 8,
       248, 64, 41, 0, 176, 11, 14, 26, 37, 80, 234, 145, 15, 225, 8, 51,
       64, 192, 149, 152, 138, 19, 69, 8, 115, 134, 159, 191, 189, 199,
       238, 39, 31, 251, 5, 250, 157, 110, 124, 119, 200, 35, 239, 87,
       119, 174, 241, 83, 235, 238, 254, 201, 239, 188, 10, 251, 161,
       177, 98, 129, 112, 228, 102, 8, 248, 33, 201, 0, 184, 138, 141,
       10, 60, 0, 234, 129, 23, 161, 192, 34, 68, 197, 20, 216, 138, 190,
       69, 138, 81, 129, 195, 32, 241, 240, 110, 168, 249, 87, 203, 19,
       48, 218, 157, 139, 212, 43, 239, 147, 95, 153, 147, 108, 198, 209,
       158, 152, 250, 232, 220, 200, 131, 169, 32, 64, 10, 169, 76, 73,
       161, 68, 44, 4, 240, 2, 164, 130, 97, 192, 104, 136, 74, 192, 0,
       179, 81, 192, 149, 128, 130, 32, 113, 26, 121, 136, 130, 56, 58,
       216, 111, 213, 185, 83, 143, 93, 148, 183, 44, 158, 118, 42, 238,
       59, 151, 145, 150, 47, 178, 209, 83, 80, 154, 251, 151, 12, 53,
       255, 27, 16, 106, 225, 54, 26, 121, 17, 109, 104, 118, 230, 25,
       31, 151, 228, 110, 149, 151, 173, 137, 176, 101, 204, 198, 249,
       170, 128, 47, 140, 124, 113, 2, 160, 148, 185, 124, 168, 232, 15,
       126, 17, 114, 147, 173, 130, 96, 72, 99, 11, 42, 148, 18, 92, 199,
       209, 140, 214, 122, 192, 156, 8, 161, 136, 24, 0, 143, 61, 18, 3,
       64, 123, 22, 161, 66, 66, 83, 160, 0, 73, 120, 236, 32, 136, 8,
       216, 135, 12, 200, 227, 241, 4, 97, 40, 112, 40, 64, 32, 135, 28,
       73, 195, 160, 8, 142, 144, 67, 0, 228, 208, 104, 198, 208, 100,
       234, 64, 2, 65, 155, 93, 13, 34, 75, 42, 16, 42, 33, 132, 148,
       205, 204, 254, 158, 34, 207, 253, 22, 162, 189, 18, 115, 235, 169,
       33, 123, 230, 46, 234, 120, 231, 106, 255, 250, 143, 231, 92, 181,
       251, 224, 32, 249, 159, 253, 247, 158, 38, 95, 191, 80, 234, 223,
       126, 243, 127, 136, 99, 95, 247, 125, 234, 249, 220, 249, 175,
       239, 239, 239, 144, 45, 248, 144, 123, 27, 149, 107, 237, 118, 82,
       255, 117, 101, 68, 126, 162, 121, 63, 182, 96, 126, 157, 151, 238,
       217, 184, 53, 205, 119, 237, 170, 128, 39, 170, 244, 249, 107, 16,
       113, 224, 101, 148, 88, 16, 201, 72, 20, 103, 158, 29, 182, 110,
       206, 49, 149, 5, 141, 38, 32, 192, 211, 217, 186, 154, 22, 140,
       84, 119, 91, 18, 115, 225, 38, 152, 248, 19, 105, 73, 86, 231,
       157, 31, 182, 100, 230, 145, 151, 157, 149, 184, 36, 192, 198,
       249, 186, 130, 47, 132, 113, 117, 173, 38, 173, 229, 236, 63, 205,
       31, 83, 251, 52, 92, 211, 41, 209, 43, 201, 198, 117, 61, 185,
       116, 125, 146, 79, 219, 245, 52, 222, 249, 208, 160, 225, 38, 229,
       5, 164, 59, 237, 19, 80, 234, 146, 220, 147, 32, 151, 63, 8, 164,
       124, 45, 189, 244, 229, 10, 132, 26, 241, 176, 237, 236, 82, 100,
       57, 0, 205, 53, 18, 138, 65, 19, 118, 161, 230, 194, 83, 1, 128,
       88, 112, 172, 44, 136, 8, 248, 69, 13, 192, 239, 240, 64, 105,
       136, 80, 40, 176, 2, 78, 37, 4, 10, 97, 112, 100, 36, 242, 199, 3,
       1, 147, 81, 120, 132, 14, 44, 168, 180, 69, 12, 212, 171, 96, 0,
       109, 168, 112, 8, 176, 66, 107, 236, 20, 66, 195, 96, 68, 4, 243,
       34, 83, 137, 177, 65, 120, 132, 14, 235, 72, 183, 5, 140, 240,
       161, 162, 1, 101, 171, 116, 34, 213, 239, 205, 167, 254, 43, 238,
       252, 80, 226, 251, 254, 115, 99, 153, 16, 127, 230, 110, 238, 249,
       242, 205, 175, 252, 239, 231, 144, 237, 251, 242, 145, 34, 50, 50,
       248, 109, 181, 153, 87, 139, 89, 144, 123, 60, 159, 116, 42, 206,
       187, 151, 149, 130, 47, 50, 209, 87, 89, 186, 250, 151, 12, 55,
       251, 75, 144, 114, 224, 100, 148, 249, 23, 233, 89, 20, 243, 157,
       31, 182, 106, 166, 145, 159, 149, 131, 41, 36, 192, 150, 217, 186,
       202, 30, 132, 33, 125, 193, 46, 191, 85, 164, 62, 229, 23, 248,
       235, 118, 92, 146, 41, 148, 63, 160, 38, 124, 13, 177, 252, 177,
       0, 71, 59, 116, 0, 200, 200, 211, 105, 220, 172, 255, 118, 227,
       232, 181, 199, 251, 147, 54, 56, 110, 255, 68, 59, 167, 243, 228,
       144, 50, 239, 170, 99, 91, 227, 84, 75, 227, 112, 167, 43, 254,
       238, 202, 254, 234, 160, 31, 239, 187, 151, 172, 189, 109, 231,
       43, 91, 103, 247, 197, 166, 56, 79, 138, 107, 250, 231, 255, 171,
       160, 117, 167, 123 ]
keypoints: !!opencv-matrix
   rows: 29
   cols: 2
   dt: d
   data: [ 179., 67., 203., 80., 332., 87., 230., 88., 63., 203., 39.,
       241., 60., 242., 42., 244., 261., 249., 274., 250., 255., 255.,
       1.9680000305175781e+02, 7.9200004577636719e+01, 264.,
       8.2800003051757812e+01, 2.0280000305175781e+02,
       1.0800000762939453e+02, 6.1200000762939453e+01,
       2.1840000915527344e+02, 8.8800003051757812e+01,
       2.3880000305175781e+02, 2.2920001220703125e+02,
       2.4600001525878906e+02, 2.7360000610351562e+02,
       2.4960000610351562e+02, 1.7856001281738281e+02,
       7.0560005187988281e+01, 1.7568000793457031e+02,
       7.4880004882812500e+01, 1.9584001159667969e+02,
       7.9200004577636719e+01, 1.7568000793457031e+02,
       8.2080001831054688e+01, 1.7568000793457031e+02,
       8.4960006713867188e+01, 6.6240005493164062e+01,
       1.7136000061035156e+02, 2.6208001708984375e+02,
       2.4768000793457031e+02, 2.7360000610351562e+02,
       2.4912001037597656e+02, 1.7625601196289062e+02,
       7.6032005310058594e+01, 1.7625602722167969e+02,
       7.6723213195800781e+01, 1.7625602722167969e+02,
       8.0870414733886719e+01 ]
