%YAML:1.0
---
descriptors: !!opencv-matrix
   rows: 90
   cols: 32
   dt: u
   data: [ 125, 115, 123, 36, 52, 90, 67, 48, 97, 192, 247, 100, 83, 129,
       145, 112, 88, 236, 12, 122, 201, 163, 228, 12, 242, 233, 39, 8,
       104, 186, 114, 96, 2, 73, 18, 149, 69, 137, 116, 70, 173, 128,
       106, 11, 172, 147, 101, 196, 160, 42, 171, 0, 68, 153, 146, 224,
       21, 144, 154, 35, 2, 28, 93, 138, 82, 64, 82, 130, 71, 29, 250,
       64, 45, 4, 161, 139, 142, 30, 47, 213, 250, 145, 219, 226, 68, 35,
       17, 192, 179, 16, 10, 59, 15, 31, 47, 150, 33, 141, 69, 79, 157,
       22, 70, 45, 69, 16, 234, 70, 112, 114, 180, 247, 72, 198, 58, 234,
       121, 171, 125, 61, 38, 186, 194, 80, 25, 170, 240, 44, 171, 133,
       112, 90, 253, 221, 212, 111, 223, 113, 49, 24, 10, 152, 110, 180,
       137, 154, 210, 16, 247, 47, 126, 215, 63, 92, 21, 127, 219, 12,
       222, 142, 120, 0, 218, 117, 21, 250, 73, 34, 53, 161, 230, 146,
       107, 19, 4, 92, 114, 172, 44, 152, 40, 220, 117, 143, 211, 255,
       144, 81, 39, 128, 108, 8, 172, 76, 119, 222, 77, 233, 199, 114,
       221, 14, 117, 26, 42, 213, 53, 165, 72, 250, 131, 74, 98, 46, 106,
       255, 55, 122, 0, 59, 87, 253, 116, 174, 54, 64, 2, 136, 78, 67,
       162, 64, 12, 36, 233, 131, 6, 146, 37, 80, 248, 132, 74, 103, 68,
       131, 1, 64, 16, 36, 138, 19, 17, 43, 114, 132, 1, 122, 82, 249,
       36, 136, 104, 18, 126, 16, 98, 196, 149, 131, 240, 73, 6, 40, 46,
       92, 195, 152, 23, 81, 196, 152, 50, 64, 28, 128, 105, 145, 183,
       165, 105, 139, 212, 135, 202, 233, 86, 161, 121, 91, 81, 72, 60,
       0, 125, 138, 19, 189, 187, 186, 92, 159, 61, 14, 165, 100, 253,
       138, 210, 160, 37, 51, 224, 67, 212, 191, 234, 216, 87, 101, 125,
       198, 1, 72, 223, 44, 124, 138, 18, 188, 151, 242, 124, 204, 14,
       88, 129, 100, 255, 207, 90, 212, 102, 63, 113, 132, 250, 3, 175,
       255, 8, 226, 152, 238, 92, 119, 193, 38, 127, 213, 23, 227, 225,
       11, 220, 206, 60, 4, 239, 188, 45, 242, 39, 249, 82, 147, 58, 186,
       187, 196, 29, 225, 189, 77, 193, 167, 76, 255, 46, 80, 247, 179,
       157, 129, 84, 11, 26, 215, 219, 247, 26, 203, 16, 6, 167, 83, 82,
       249, 57, 186, 27, 197, 19, 166, 139, 113, 140, 41, 190, 222, 66,
       48, 133, 123, 221, 211, 79, 75, 250, 55, 251, 213, 27, 123, 16, 1,
       7, 123, 89, 142, 42, 184, 52, 249, 88, 39, 244, 69, 198, 157, 167,
       172, 146, 80, 195, 163, 236, 5, 190, 189, 53, 63, 242, 231, 48,
       73, 164, 132, 142, 90, 94, 249, 153, 168, 155, 68, 27, 200, 3,
       240, 136, 11, 157, 222, 65, 122, 247, 221, 253, 241, 27, 67, 251,
       160, 153, 229, 143, 127, 184, 39, 39, 83, 205, 172, 238, 191, 252,
       59, 238, 255, 127, 251, 223, 223, 255, 232, 155, 97, 123, 239,
       127, 175, 245, 254, 207, 255, 254, 127, 255, 196, 158, 252, 249,
       133, 124, 189, 153, 122, 249, 237, 87, 251, 171, 59, 173, 8, 254,
       255, 72, 16, 133, 187, 221, 16, 26, 107, 218, 181, 251, 223, 21,
       123, 194, 66, 134, 43, 58, 73, 18, 172, 29, 215, 84, 110, 149,
       132, 224, 11, 10, 153, 39, 148, 200, 184, 199, 33, 76, 43, 18,
       158, 179, 212, 128, 63, 83, 60, 126, 70, 52, 1, 123, 170, 86, 79,
       223, 64, 72, 4, 233, 11, 87, 138, 61, 16, 248, 153, 3, 227, 72,
       179, 16, 72, 241, 141, 128, 4, 97, 187, 118, 194, 86, 48, 58, 136,
       42, 52, 26, 75, 47, 69, 200, 167, 12, 214, 98, 88, 247, 153, 191,
       149, 6, 3, 130, 208, 146, 53, 154, 207, 148, 70, 47, 87, 82, 136,
       30, 184, 157, 224, 144, 39, 140, 29, 134, 17, 166, 186, 34, 74,
       193, 51, 233, 1, 26, 11, 194, 181, 193, 242, 218, 91, 144, 8, 189,
       10, 93, 149, 89, 103, 176, 62, 83, 184, 101, 108, 175, 100, 223,
       115, 139, 116, 22, 198, 92, 62, 153, 129, 121, 31, 234, 253, 33,
       84, 42, 227, 64, 97, 56, 0, 71, 249, 5, 251, 80, 2, 53, 17, 230,
       18, 11, 147, 0, 93, 104, 156, 170, 152, 10, 188, 115, 145, 199,
       249, 144, 3, 35, 136, 116, 42, 225, 115, 233, 7, 100, 91, 207, 53,
       64, 230, 183, 237, 243, 36, 215, 51, 28, 228, 100, 110, 205, 240,
       245, 8, 102, 25, 229, 176, 77, 186, 214, 125, 182, 4, 18, 172,
       205, 103, 214, 106, 145, 142, 241, 27, 66, 232, 45, 148, 216, 237,
       135, 34, 108, 167, 16, 142, 179, 246, 0, 31, 81, 125, 124, 134,
       39, 45, 38, 137, 220, 179, 170, 194, 78, 225, 216, 131, 128, 140,
       181, 44, 236, 232, 91, 213, 150, 187, 103, 246, 28, 28, 143, 254,
       213, 77, 113, 212, 88, 160, 24, 184, 13, 237, 17, 11, 134, 63,
       141, 25, 151, 151, 104, 88, 129, 25, 239, 16, 10, 5, 91, 17, 195,
       209, 16, 127, 144, 72, 5, 34, 250, 41, 166, 248, 157, 209, 212,
       71, 211, 189, 160, 24, 42, 184, 100, 159, 201, 179, 235, 145, 60,
       107, 130, 208, 187, 210, 214, 123, 210, 28, 246, 14, 20, 132, 190,
       241, 173, 107, 253, 239, 174, 150, 168, 16, 223, 122, 41, 11, 163,
       83, 74, 35, 112, 225, 42, 30, 233, 195, 95, 53, 148, 120, 133,
       170, 52, 65, 106, 172, 95, 83, 87, 104, 133, 132, 253, 11, 67,
       137, 47, 16, 248, 204, 135, 103, 76, 163, 16, 140, 243, 245, 0,
       31, 113, 63, 124, 198, 40, 75, 106, 69, 100, 91, 247, 53, 64, 172,
       118, 169, 243, 5, 183, 32, 88, 180, 135, 106, 72, 176, 97, 12,
       103, 217, 36, 1, 67, 186, 84, 250, 28, 190, 239, 245, 182, 106,
       111, 251, 119, 174, 254, 226, 243, 229, 145, 96, 127, 254, 126,
       184, 248, 250, 239, 190, 254, 239, 247, 132, 165, 248, 116, 105,
       74, 249, 188, 242, 141, 217, 150, 175, 139, 245, 140, 9, 190, 255,
       78, 194, 193, 87, 249, 80, 90, 75, 250, 241, 251, 215, 31, 127,
       130, 90, 141, 90, 158, 156, 252, 247, 181, 118, 255, 187, 87, 223,
       127, 18, 73, 127, 58, 79, 253, 211, 183, 178, 190, 244, 57, 239,
       191, 223, 223, 199, 167, 255, 252, 215, 60, 220, 244, 231, 229,
       90, 246, 246, 81, 255, 246, 51, 107, 61, 87, 139, 239, 214, 183,
       195, 232, 254, 73, 234, 127, 255, 245, 131, 231, 253, 252, 219,
       43, 191, 99, 136, 119, 145, 170, 127, 79, 73, 92, 230, 40, 204,
       182, 164, 126, 170, 146, 157, 151, 186, 36, 255, 62, 28, 138, 234,
       95, 142, 248, 221, 203, 164, 144, 148, 124, 37, 184, 111, 154,
       163, 144, 26, 188, 35, 192, 138, 207, 71, 83, 173, 48, 94, 208,
       206, 92, 159, 255, 248, 134, 200, 163, 169, 27, 18, 89, 225, 102,
       92, 233, 80, 109, 76, 246, 102, 159, 10, 214, 246, 106, 129, 31,
       153, 139, 176, 117, 192, 150, 217, 170, 128, 111, 136, 117, 241,
       221, 224, 189, 122, 168, 108, 87, 220, 179, 27, 165, 24, 95, 247,
       73, 59, 183, 213, 253, 122, 58, 103, 170, 49, 219, 235, 101, 124,
       242, 243, 35, 35, 192, 172, 157, 178, 138, 229, 25, 135, 186, 63,
       0, 25, 180, 183, 64, 91, 163, 83, 121, 145, 50, 76, 194, 115, 205,
       131, 126, 127, 128, 64, 133, 43, 50, 45, 58, 252, 29, 221, 84,
       103, 143, 133, 232, 25, 166, 152, 38, 16, 200, 187, 201, 1, 76,
       43, 82, 156, 179, 213, 16, 59, 80, 8, 238, 14, 106, 77, 18, 158,
       93, 205, 180, 102, 173, 5, 234, 25, 172, 154, 36, 132, 232, 51,
       202, 1, 70, 171, 18, 229, 179, 52, 26, 59, 66, 28, 175, 142, 196,
       184, 189, 242, 219, 228, 51, 152, 187, 144, 37, 24, 252, 215, 73,
       27, 181, 121, 89, 146, 51, 68, 186, 98, 205, 145, 143, 126, 128,
       3, 7, 51, 101, 149, 93, 78, 120, 30, 71, 184, 225, 120, 191, 108,
       82, 114, 142, 115, 132, 198, 108, 106, 217, 11, 121, 45, 115, 187,
       37, 20, 72, 163, 74, 53, 48, 48, 90, 105, 77, 237, 112, 64, 229,
       49, 230, 58, 18, 147, 108, 122, 232, 156, 106, 16, 10, 179, 211,
       16, 87, 233, 16, 59, 113, 8, 104, 130, 60, 181, 188, 48, 157, 253,
       144, 74, 207, 249, 185, 25, 158, 248, 94, 187, 137, 147, 221, 17,
       63, 107, 90, 180, 219, 219, 49, 127, 201, 77, 91, 151, 248, 123,
       186, 165, 77, 79, 215, 101, 128, 174, 182, 43, 119, 157, 65, 19,
       168, 244, 229, 99, 72, 243, 128, 8, 241, 193, 229, 49, 97, 122,
       214, 170, 1, 91, 211, 73, 52, 138, 107, 151, 124, 65, 106, 196,
