%YAML:1.0
---
descriptors: !!opencv-matrix
   rows: 28
   cols: 32
   dt: u
   data: [ 184, 252, 56, 114, 25, 205, 83, 254, 179, 60, 180, 24, 63,
       215, 72, 17, 149, 153, 213, 90, 106, 111, 250, 55, 251, 217, 37,
       125, 98, 128, 70, 187, 0, 160, 134, 157, 89, 207, 161, 168, 182,
       180, 66, 0, 228, 224, 104, 74, 113, 108, 34, 48, 3, 208, 155, 29,
       13, 34, 79, 68, 16, 40, 37, 128, 48, 67, 106, 109, 20, 19, 194,
       104, 68, 0, 250, 2, 67, 8, 181, 96, 120, 140, 6, 106, 76, 179,
       101, 12, 48, 169, 32, 17, 117, 171, 124, 132, 53, 65, 106, 172,
       20, 66, 239, 104, 68, 192, 195, 130, 83, 8, 59, 96, 120, 140, 18,
       239, 77, 179, 21, 140, 240, 109, 130, 4, 101, 191, 112, 192, 254,
       221, 237, 247, 143, 115, 31, 188, 22, 242, 151, 190, 209, 127, 75,
       99, 95, 215, 189, 226, 121, 70, 251, 186, 251, 195, 207, 181, 61,
       123, 148, 114, 54, 1, 102, 229, 109, 87, 250, 120, 77, 224, 245,
       139, 201, 77, 60, 99, 254, 209, 95, 235, 200, 51, 93, 204, 151,
       217, 143, 191, 63, 175, 112, 135, 94, 85, 94, 143, 29, 94, 238,
       232, 173, 236, 255, 7, 206, 206, 47, 212, 122, 197, 238, 227, 76,
       177, 153, 206, 181, 183, 139, 3, 45, 63, 109, 86, 98, 152, 24,
       248, 108, 133, 185, 71, 139, 25, 176, 58, 188, 159, 116, 11, 238,
       177, 95, 145, 130, 111, 194, 209, 20, 25, 218, 250, 29, 8, 123,
       137, 98, 0, 124, 224, 100, 136, 232, 0, 233, 0, 176, 74, 155, 11,
       20, 19, 234, 161, 31, 73, 136, 40, 66, 192, 150, 216, 138, 152,
       69, 136, 83, 0, 131, 128, 244, 241, 102, 168, 248, 3, 239, 19,
       114, 82, 173, 139, 116, 75, 111, 171, 31, 153, 146, 124, 6, 209,
       142, 216, 218, 192, 183, 136, 97, 169, 97, 32, 69, 173, 76, 11,
       232, 72, 127, 160, 243, 75, 207, 202, 0, 209, 120, 141, 110, 164,
       13, 247, 215, 221, 148, 146, 139, 60, 125, 40, 122, 128, 34, 184,
       59, 216, 111, 245, 152, 67, 139, 93, 148, 191, 44, 158, 118, 42,
       239, 187, 147, 145, 150, 107, 178, 209, 23, 88, 154, 251, 151, 12,
       53, 223, 11, 19, 105, 193, 100, 92, 249, 16, 73, 76, 87, 167, 153,
       31, 150, 228, 78, 145, 151, 237, 129, 176, 101, 192, 70, 217, 170,
       128, 47, 134, 84, 241, 181, 65, 107, 172, 21, 66, 195, 104, 212,
       192, 243, 2, 83, 217, 51, 65, 120, 172, 2, 235, 72, 183, 4, 142,
       240, 41, 130, 5, 117, 59, 112, 194, 189, 237, 206, 182, 222, 35,
       78, 252, 18, 162, 153, 222, 115, 232, 169, 1, 123, 230, 38, 238,
       249, 231, 14, 174, 248, 207, 231, 60, 173, 251, 176, 144, 94, 65,
       122, 229, 55, 78, 127, 120, 45, 132, 247, 135, 79, 79, 63, 80,
       254, 221, 159, 226, 200, 177, 61, 204, 183, 249, 139, 135, 39,
       183, 109, 71, 8, 184, 26, 153, 109, 221, 169, 95, 142, 93, 116,
       22, 188, 142, 98, 106, 107, 41, 202, 152, 7, 63, 246, 209, 87, 17,
       186, 41, 30, 12, 45, 250, 34, 50, 59, 216, 111, 245, 184, 87, 143,
       89, 144, 127, 60, 158, 118, 42, 239, 177, 151, 149, 131, 47, 50,
       209, 23, 24, 186, 250, 221, 12, 37, 255, 241, 38, 101, 37, 12, 59,
       200, 50, 80, 226, 146, 206, 115, 40, 151, 175, 24, 164, 124, 173,
       173, 246, 229, 12, 148, 74, 225, 176, 109, 236, 82, 116, 190, 4,
       127, 247, 229, 127, 125, 255, 29, 254, 255, 19, 79, 127, 63, 105,
       255, 223, 151, 35, 56, 246, 121, 254, 251, 219, 223, 135, 183,
       125, 252, 243, 248, 92, 253, 245, 172, 107, 93, 183, 23, 234, 150,
       170, 155, 63, 129, 107, 207, 247, 253, 0, 233, 205, 241, 138, 255,
       251, 253, 148, 174, 248, 132, 123, 25, 133, 104, 237, 118, 90,
       255, 53, 101, 68, 126, 130, 123, 29, 182, 224, 126, 190, 151, 237,
       216, 184, 101, 205, 103, 237, 162, 128, 55, 142, 244, 233, 90, 18,
       254, 160, 47, 93, 249, 88, 175, 252, 183, 102, 142, 14, 214, 207,
       238, 149, 255, 145, 133, 97, 179, 192, 211, 249, 106, 151, 78, 12,
       45, 83, 75, 18, 112, 224, 36, 20, 216, 17, 137, 88, 52, 163, 12,
       31, 246, 110, 198, 17, 149, 13, 132, 47, 34, 192, 210, 217, 218,
       139, 22, 140, 97, 95, 161, 2, 78, 37, 4, 42, 96, 19, 100, 66, 115,
       213, 147, 0, 146, 89, 106, 164, 46, 44, 173, 180, 69, 12, 196,
       171, 114, 0, 109, 136, 88, 8, 42, 58, 114, 152, 109, 221, 249, 82,
       203, 93, 180, 46, 172, 142, 246, 174, 238, 145, 223, 153, 131, 47,
       242, 209, 213, 89, 186, 251, 30, 12, 125, 251, 19, 54, 209, 193,
       118, 189, 234, 83, 111, 73, 249, 102, 141, 138, 244, 228, 127,
       139, 159, 157, 155, 58, 228, 210, 158, 220, 170, 232, 191, 206,
       241, 245, 218, 142, 223, 122, 195, 224, 29, 231, 177, 23, 230,
       177, 45, 247, 36, 91, 103, 179, 165, 144, 50, 79, 34, 99, 211,
       227, 222, 203, 179, 80, 167, 123 ]
keypoints: !!opencv-matrix
   rows: 28
   cols: 2
   dt: d
   data: [ 35., 43., 303., 83., 214., 84., 213., 86., 114., 219., 49.,
       240., 35., 242., 75., 242., 98., 243., 117., 244., 166., 249.,
       305., 249., 332., 250., 2.1360000610351562e+02,
       8.6400001525878906e+01, 2.2800001525878906e+02,
       1.0800000762939453e+02, 3.7200000762939453e+01,
       2.3880000305175781e+02, 7.6800003051757812e+01,
       2.4480000305175781e+02, 3.0480001831054688e+02,
       2.4960000610351562e+02, 2.1456001281738281e+02,
       7.6319999694824219e+01, 1.5696000671386719e+02,
       1.6848001098632812e+02, 1.1376000213623047e+02,
       2.1744000244140625e+02, 1.3104000854492188e+02,
       2.3904000854492188e+02, 5.7600002288818359e+01,
       2.4048001098632812e+02, 2.7360000610351562e+02,
       2.4624000549316406e+02, 2.1427201843261719e+02,
       8.2944007873535156e+01, 7.6032005310058594e+01,
       2.4192002868652344e+02, 1.1577600860595703e+02,
       2.4364802551269531e+02, 2.1565443420410156e+02,
       8.2944015502929688e+01 ]
