%YAML:1.0
---
descriptors: !!opencv-matrix
   rows: 216
   cols: 32
   dt: u
   data: [ 241, 77, 75, 77, 196, 2, 111, 117, 113, 162, 238, 66, 115, 35,
       177, 112, 122, 228, 52, 238, 233, 179, 165, 46, 118, 174, 230, 0,
       111, 250, 240, 40, 188, 253, 120, 104, 115, 95, 86, 248, 97, 12,
       252, 9, 31, 95, 10, 144, 190, 153, 197, 106, 218, 50, 24, 61, 243,
       201, 33, 109, 115, 179, 78, 195, 86, 182, 148, 16, 185, 173, 17,
       218, 239, 63, 157, 124, 142, 210, 205, 30, 133, 153, 76, 16, 154,
       71, 202, 80, 152, 150, 59, 254, 152, 65, 135, 55, 163, 136, 30,
       154, 93, 229, 176, 71, 158, 29, 96, 17, 164, 216, 34, 72, 201, 43,
       34, 17, 54, 110, 82, 245, 5, 50, 218, 107, 216, 8, 177, 202, 248,
       173, 59, 100, 48, 205, 91, 119, 241, 140, 172, 8, 63, 151, 64, 48,
       144, 184, 76, 72, 74, 47, 176, 31, 243, 253, 32, 56, 98, 128, 70,
       42, 60, 83, 83, 164, 20, 11, 66, 120, 5, 168, 251, 239, 67, 9, 41,
       128, 120, 140, 6, 225, 29, 179, 65, 140, 178, 193, 161, 20, 111,
       171, 112, 17, 184, 124, 127, 228, 48, 79, 85, 114, 48, 174, 230,
       24, 23, 23, 1, 49, 162, 180, 93, 72, 104, 253, 49, 46, 243, 235,
       48, 17, 96, 160, 70, 123, 53, 49, 121, 78, 219, 198, 87, 89, 97,
       192, 229, 8, 82, 87, 9, 60, 92, 188, 81, 122, 25, 226, 249, 14,
       91, 173, 1, 88, 227, 163, 226, 178, 215, 94, 239, 141, 186, 18,
       175, 182, 172, 234, 214, 230, 220, 166, 183, 102, 102, 229, 127,
       239, 225, 157, 165, 234, 180, 54, 239, 132, 12, 241, 49, 125, 69,
       50, 248, 101, 224, 44, 105, 24, 106, 187, 55, 92, 215, 247, 201,
       122, 23, 93, 124, 58, 145, 80, 249, 64, 205, 185, 99, 164, 128,
       227, 71, 177, 252, 120, 254, 118, 77, 77, 84, 208, 251, 178, 166,
       24, 95, 221, 67, 59, 173, 245, 252, 114, 108, 103, 218, 168, 211,
       219, 69, 63, 227, 121, 78, 2, 122, 52, 172, 116, 139, 125, 145,
       87, 147, 255, 150, 63, 10, 60, 70, 175, 141, 183, 253, 145, 189,
       239, 243, 130, 211, 123, 216, 179, 203, 76, 158, 95, 92, 184, 151,
       190, 139, 228, 17, 223, 191, 153, 131, 92, 254, 247, 96, 90, 165,
       119, 253, 17, 51, 79, 154, 241, 217, 247, 95, 122, 138, 65, 167,
       51, 10, 63, 122, 249, 242, 232, 123, 22, 249, 204, 124, 132, 189,
       175, 151, 144, 166, 251, 133, 216, 163, 184, 180, 110, 236, 253,
       62, 129, 236, 193, 47, 249, 32, 57, 127, 117, 112, 206, 253, 55,
       124, 204, 118, 0, 182, 53, 128, 48, 38, 62, 102, 72, 193, 184,
       177, 108, 103, 191, 48, 0, 64, 128, 71, 249, 32, 176, 52, 187,
       109, 237, 144, 79, 142, 25, 97, 25, 180, 216, 104, 10, 201, 27,
       107, 17, 18, 110, 210, 145, 133, 16, 90, 127, 208, 8, 149, 170,
       88, 237, 19, 108, 57, 205, 87, 119, 169, 12, 168, 8, 191, 147, 0,
       81, 128, 179, 77, 40, 74, 43, 128, 29, 241, 249, 32, 56, 64, 128,
       198, 42, 125, 67, 101, 101, 36, 10, 111, 48, 97, 224, 247, 204,
       211, 97, 153, 119, 122, 196, 108, 110, 201, 176, 109, 12, 230,
       233, 101, 0, 111, 187, 82, 32, 172, 111, 125, 101, 44, 15, 79,
       184, 112, 170, 178, 72, 211, 113, 129, 49, 30, 196, 108, 110, 233,
       244, 201, 46, 231, 154, 101, 20, 64, 179, 66, 169, 69, 48, 152,
       99, 224, 46, 121, 25, 58, 187, 103, 84, 213, 115, 73, 122, 183,
       93, 125, 56, 145, 208, 153, 64, 207, 169, 119, 100, 136, 227, 3,
       163, 95, 127, 239, 133, 186, 62, 175, 182, 168, 228, 222, 228,
       221, 38, 211, 118, 102, 245, 125, 255, 193, 217, 181, 236, 246,
       45, 175, 132, 140, 247, 35, 125, 217, 151, 21, 111, 177, 94, 119,
       57, 105, 76, 239, 108, 222, 119, 138, 181, 182, 151, 204, 226,
       249, 184, 49, 93, 166, 248, 0, 70, 74, 134, 167, 85, 120, 141, 62,
       110, 185, 238, 87, 183, 225, 12, 174, 8, 123, 115, 2, 114, 192,
       246, 109, 106, 120, 171, 106, 61, 251, 255, 96, 25, 98, 226, 230,
       43, 60, 65, 83, 236, 84, 6, 66, 112, 229, 192, 251, 199, 83, 201,
       45, 80, 220, 172, 6, 102, 205, 179, 16, 142, 114, 237, 32, 0, 127,
       170, 96, 146, 53, 83, 89, 44, 74, 3, 67, 104, 1, 96, 241, 238, 19,
       2, 172, 112, 252, 140, 4, 238, 73, 179, 65, 8, 144, 232, 160, 20,
       121, 139, 98, 176, 56, 157, 61, 254, 29, 207, 86, 179, 196, 72,
       236, 8, 255, 125, 32, 240, 192, 114, 221, 106, 75, 41, 122, 63,
       227, 237, 33, 24, 90, 10, 196, 59, 90, 184, 149, 186, 139, 228,
       29, 159, 143, 123, 128, 86, 188, 183, 64, 203, 197, 87, 253, 145,
       155, 75, 219, 241, 217, 243, 95, 126, 154, 80, 161, 59, 102, 43,
       161, 0, 205, 123, 194, 200, 83, 242, 168, 73, 66, 232, 93, 158,
       153, 204, 96, 119, 142, 114, 222, 48, 31, 22, 5, 127, 193, 127,
       94, 198, 222, 15, 110, 116, 187, 242, 90, 33, 177, 204, 215, 175,
       75, 110, 135, 95, 166, 245, 253, 227, 188, 195, 167, 236, 210,
       243, 233, 147, 39, 229, 46, 87, 216, 60, 127, 244, 163, 237, 117,
       118, 177, 150, 166, 57, 63, 183, 3, 91, 163, 179, 253, 0, 104,
       223, 178, 40, 211, 227, 112, 19, 96, 208, 71, 123, 45, 177, 217,
       131, 253, 61, 224, 89, 78, 249, 53, 94, 158, 24, 220, 174, 155,
       11, 222, 57, 147, 112, 249, 208, 13, 217, 63, 116, 206, 15, 219,
       177, 104, 132, 121, 101, 48, 110, 99, 178, 112, 14, 126, 24, 243,
       119, 136, 48, 19, 86, 76, 40, 41, 188, 113, 47, 231, 255, 32, 64,
       192, 162, 70, 97, 56, 241, 115, 232, 91, 205, 83, 93, 35, 32, 236,
       10, 63, 215, 104, 176, 254, 185, 215, 64, 91, 43, 50, 145, 251,
       205, 1, 62, 123, 10, 38, 187, 2, 143, 98, 156, 215, 176, 188, 103,
       157, 5, 92, 167, 40, 168, 182, 196, 238, 43, 131, 133, 214, 155,
       6, 255, 62, 20, 158, 203, 23, 76, 189, 206, 244, 81, 95, 236, 108,
       78, 71, 56, 173, 202, 242, 110, 95, 119, 165, 115, 254, 213, 125,
       226, 233, 199, 51, 204, 177, 250, 227, 144, 41, 187, 96, 113, 125,
       112, 145, 228, 45, 77, 84, 156, 131, 186, 177, 72, 223, 23, 65,
       187, 132, 212, 108, 106, 73, 103, 218, 0, 211, 217, 101, 60, 66,
       187, 70, 33, 203, 181, 63, 71, 185, 94, 123, 57, 105, 204, 239, 4,
       222, 118, 158, 183, 148, 87, 252, 110, 249, 201, 245, 77, 239,
       249, 2, 196, 74, 166, 39, 117, 120, 161, 89, 108, 48, 207, 67, 56,
       34, 168, 172, 72, 115, 215, 128, 48, 16, 188, 76, 120, 11, 163,
       241, 31, 249, 173, 33, 116, 96, 162, 70, 32, 27, 133, 110, 205,
       86, 82, 239, 127, 116, 64, 222, 130, 113, 55, 182, 96, 122, 134,
       23, 173, 249, 184, 53, 207, 119, 47, 174, 128, 39, 130, 240, 232,
       162, 176, 176, 216, 205, 253, 144, 79, 203, 55, 160, 25, 142, 156,
       108, 159, 201, 147, 227, 17, 18, 111, 210, 209, 31, 16, 80, 127,
       209, 72, 199, 174, 16, 149, 253, 189, 180, 78, 122, 55, 52, 9,
       242, 83, 247, 31, 0, 81, 247, 223, 61, 161, 57, 216, 81, 15, 235,
       231, 250, 192, 32, 128, 164, 35, 13, 148, 245, 229, 162, 110, 61,
       159, 30, 243, 10, 146, 221, 55, 0, 107, 39, 87, 59, 152, 145, 208,
       61, 64, 109, 162, 95, 4, 180, 240, 133, 112, 204, 114, 184, 115,
       234, 173, 185, 216, 58, 246, 53, 221, 159, 159, 75, 27, 167, 93,
       245, 87, 162, 84, 250, 98, 207, 201, 63, 238, 196, 17, 7, 243,
       203, 109, 110, 213, 190, 186, 191, 246, 252, 228, 222, 160, 185,
       167, 151, 115, 38, 247, 125, 237, 225, 217, 181, 238, 254, 41,
       238, 128, 6, 244, 163, 120, 112, 57, 26, 232, 106, 200, 85, 119,
       169, 4, 168, 40, 167, 147, 0, 80, 162, 179, 76, 64, 66, 11, 130,
       125, 241, 241, 32, 59, 96, 2, 167, 43, 246, 32, 190, 98, 109, 46,
       216, 76, 105, 187, 179, 24, 90, 153, 92, 59, 153, 213, 117, 57,
       56, 247, 209, 194, 219, 219, 81, 119, 193, 67, 82, 2, 228, 105,
       254, 118, 237, 73, 197, 197, 203, 182, 176, 8, 99, 201, 69, 27,
       136, 240, 102, 74, 72, 103, 202, 40, 115, 153, 69, 57, 67, 249,
       214, 170, 162, 36, 241, 193, 228, 107, 248, 7, 123, 179, 48, 24,
       142, 40, 84, 26, 171, 159, 87, 17, 50, 120, 193, 194, 141, 158,
       31, 118, 197, 72, 67, 138, 211, 127, 127, 149, 178, 190, 63, 246,
