%YAML:1.0
---
descriptors: !!opencv-matrix
   rows: 196
   cols: 32
   dt: u
   data: [ 16, 156, 185, 251, 48, 207, 87, 183, 22, 11, 198, 16, 179,
       215, 160, 112, 213, 58, 29, 8, 58, 140, 115, 63, 227, 175, 48,
       144, 16, 216, 164, 107, 241, 77, 79, 205, 212, 34, 111, 231, 117,
       162, 238, 130, 115, 35, 177, 117, 120, 230, 58, 238, 105, 191, 37,
       174, 244, 174, 198, 0, 103, 248, 240, 40, 1, 172, 153, 185, 236,
       173, 165, 143, 94, 51, 104, 88, 182, 185, 80, 41, 143, 11, 50, 29,
       83, 120, 90, 49, 205, 152, 85, 116, 216, 72, 129, 168, 16, 110,
       211, 229, 84, 232, 105, 214, 113, 133, 120, 0, 187, 171, 81, 16,
       42, 239, 4, 200, 10, 186, 192, 234, 167, 252, 178, 32, 231, 208,
       102, 168, 245, 65, 103, 204, 13, 2, 198, 109, 197, 32, 242, 2, 67,
       40, 52, 103, 120, 196, 108, 235, 108, 163, 5, 141, 177, 234, 194,
       18, 113, 58, 240, 4, 165, 67, 221, 101, 36, 15, 110, 184, 109,
       184, 178, 72, 215, 33, 145, 51, 146, 68, 108, 110, 233, 244, 65,
       8, 229, 186, 101, 20, 104, 177, 66, 33, 250, 56, 236, 245, 139,
       125, 144, 71, 147, 255, 146, 187, 42, 188, 86, 10, 237, 183, 253,
       145, 188, 111, 243, 130, 219, 87, 220, 251, 231, 76, 150, 95, 248,
       240, 18, 178, 59, 205, 80, 69, 187, 12, 161, 9, 46, 223, 74, 17,
       186, 185, 221, 83, 78, 7, 154, 245, 179, 209, 26, 123, 80, 6, 15,
       27, 198, 174, 243, 182, 190, 161, 158, 175, 154, 179, 16, 216,
       237, 234, 116, 2, 151, 119, 125, 157, 178, 77, 142, 243, 168, 30,
       223, 252, 132, 241, 129, 41, 166, 142, 151, 254, 252, 131, 198,
       239, 223, 131, 240, 80, 230, 249, 52, 65, 219, 107, 47, 43, 48,
       239, 10, 191, 168, 190, 71, 30, 212, 248, 240, 137, 32, 233, 111,
       79, 116, 203, 231, 244, 101, 68, 126, 168, 243, 69, 148, 52, 24,
       104, 70, 110, 193, 184, 109, 61, 103, 158, 32, 0, 83, 154, 198,
       232, 247, 114, 252, 66, 186, 124, 153, 216, 171, 253, 181, 189,
       30, 220, 223, 58, 134, 213, 253, 81, 143, 103, 234, 64, 91, 25,
       45, 255, 197, 243, 79, 83, 242, 164, 133, 255, 157, 39, 68, 175,
       83, 187, 241, 90, 243, 121, 92, 27, 217, 206, 117, 17, 58, 126,
       219, 151, 141, 250, 213, 116, 209, 72, 208, 42, 49, 83, 83, 228,
       68, 11, 66, 120, 37, 160, 250, 207, 67, 9, 37, 80, 252, 140, 6,
       102, 77, 179, 17, 136, 146, 232, 128, 22, 105, 171, 112, 148, 47,
       98, 64, 133, 114, 6, 106, 120, 37, 232, 118, 231, 89, 3, 155, 148,
       126, 204, 23, 238, 205, 146, 77, 204, 70, 111, 171, 132, 47, 183,
       122, 209, 125, 124, 246, 68, 45, 127, 87, 88, 225, 238, 191, 12,
       74, 252, 215, 191, 140, 228, 236, 110, 141, 103, 253, 138, 211,
       121, 65, 63, 99, 255, 94, 119, 50, 104, 80, 204, 95, 139, 202, 64,
       127, 160, 240, 10, 42, 136, 21, 148, 186, 185, 71, 209, 12, 187,
       192, 222, 151, 220, 129, 59, 101, 8, 82, 134, 73, 74, 149, 101,
       44, 14, 101, 50, 108, 170, 50, 76, 215, 51, 129, 250, 132, 68,
       108, 110, 193, 244, 209, 8, 197, 187, 97, 20, 72, 243, 67, 41, 60,
       83, 83, 236, 85, 6, 66, 96, 5, 0, 251, 7, 67, 139, 44, 80, 248,
       140, 6, 226, 77, 179, 16, 140, 178, 237, 130, 4, 59, 170, 112,
       144, 114, 169, 242, 248, 221, 221, 210, 199, 251, 45, 248, 11, 42,
       189, 118, 16, 249, 187, 199, 145, 158, 59, 210, 247, 123, 92, 20,
       123, 231, 14, 246, 206, 99, 176, 244, 200, 61, 22, 216, 27, 91,
       121, 53, 57, 14, 157, 222, 188, 151, 149, 245, 21, 150, 105, 187,
       213, 27, 122, 89, 246, 214, 140, 218, 87, 96, 173, 121, 101, 176,
       110, 103, 55, 112, 172, 126, 8, 243, 55, 130, 48, 18, 246, 76, 40,
       56, 184, 241, 14, 239, 239, 37, 64, 96, 226, 198, 104, 41, 201,
       99, 73, 116, 203, 231, 244, 109, 64, 250, 232, 179, 21, 148, 180,
       26, 88, 70, 106, 195, 184, 101, 63, 36, 156, 36, 80, 87, 154, 198,
       236, 250, 93, 118, 84, 43, 218, 87, 182, 161, 206, 166, 169, 107,
       159, 135, 247, 38, 244, 253, 66, 236, 207, 178, 237, 243, 251, 68,
       155, 35, 181, 46, 127, 56, 0, 78, 233, 69, 90, 201, 64, 45, 4,
       246, 2, 143, 26, 55, 232, 234, 129, 223, 241, 12, 179, 113, 196,
       151, 249, 138, 81, 119, 9, 125, 130, 216, 188, 149, 249, 171, 228,
       29, 223, 174, 187, 144, 82, 156, 183, 64, 203, 231, 87, 253, 145,
       115, 79, 219, 241, 217, 211, 127, 254, 152, 64, 161, 59, 89, 184,
       149, 254, 139, 228, 21, 223, 191, 27, 162, 84, 190, 179, 64, 255,
       167, 119, 252, 24, 3, 77, 155, 241, 153, 247, 127, 90, 138, 80,
       161, 43, 37, 81, 202, 79, 244, 31, 206, 248, 85, 201, 245, 78, 83,
       120, 191, 180, 88, 204, 22, 238, 253, 178, 125, 138, 54, 111, 228,
       132, 255, 251, 250, 149, 121, 185, 155, 106, 29, 157, 82, 253,
       111, 41, 236, 76, 126, 211, 76, 176, 176, 92, 124, 72, 159, 59,
       250, 149, 187, 253, 1, 126, 74, 2, 202, 11, 213, 215, 93, 97, 178,
       15, 47, 184, 100, 56, 59, 108, 211, 113, 152, 113, 55, 213, 124,
       106, 241, 176, 77, 31, 172, 170, 37, 212, 108, 163, 129, 33, 124,
       178, 152, 170, 185, 45, 82, 136, 163, 189, 169, 41, 207, 239, 75,
       26, 137, 213, 237, 48, 30, 67, 203, 16, 219, 213, 37, 127, 224,
       35, 14, 3, 233, 101, 185, 68, 93, 78, 71, 127, 113, 224, 228, 8,
       50, 145, 5, 55, 152, 236, 80, 104, 105, 235, 240, 12, 123, 184, 5,
       60, 75, 176, 198, 170, 226, 160, 252, 208, 237, 249, 144, 207,
       203, 63, 181, 57, 14, 157, 76, 31, 139, 147, 227, 17, 18, 111,
       234, 209, 95, 217, 81, 127, 211, 76, 207, 135, 25, 77, 106, 197,
       86, 86, 239, 119, 116, 192, 94, 130, 121, 61, 182, 96, 122, 238,
       23, 237, 233, 184, 53, 207, 119, 47, 166, 128, 39, 146, 244, 232,
       49, 68, 117, 79, 93, 95, 195, 112, 69, 224, 225, 10, 83, 21, 148,
       165, 88, 188, 2, 106, 233, 190, 125, 190, 53, 142, 1, 16, 115,
       139, 80, 236, 129, 163, 213, 155, 232, 41, 169, 143, 30, 51, 17,
       216, 221, 98, 200, 201, 23, 11, 106, 28, 51, 92, 207, 209, 12,
       146, 127, 252, 148, 200, 129, 160, 86, 199, 133, 254, 156, 96,
       143, 188, 22, 31, 217, 211, 225, 239, 184, 203, 95, 211, 191, 247,
       250, 66, 111, 247, 169, 246, 255, 220, 149, 255, 165, 113, 188,
       249, 18, 232, 105, 205, 86, 248, 57, 28, 176, 9, 47, 223, 72, 145,
       190, 153, 197, 98, 78, 103, 146, 181, 243, 217, 33, 127, 114, 5,
       174, 3, 201, 88, 149, 101, 32, 46, 100, 22, 232, 168, 42, 76, 246,
       51, 1, 246, 132, 100, 108, 10, 1, 240, 209, 8, 133, 255, 96, 0,
       74, 240, 67, 41, 47, 49, 240, 193, 237, 63, 249, 89, 111, 253,
       181, 30, 206, 28, 223, 62, 191, 141, 222, 63, 150, 114, 249, 208,
       223, 221, 7, 118, 198, 239, 91, 247, 68, 112, 159, 84, 72, 108,
       33, 88, 226, 186, 166, 24, 214, 247, 65, 122, 1, 92, 106, 26, 1,
       103, 187, 0, 85, 169, 117, 60, 192, 113, 7, 163, 24, 128, 185,
       121, 176, 203, 81, 159, 119, 63, 102, 16, 187, 23, 136, 116, 17,
       26, 12, 24, 58, 156, 99, 55, 239, 223, 48, 113, 178, 128, 196, 40,
       124, 93, 23, 238, 61, 207, 86, 48, 197, 200, 171, 72, 126, 255,
       33, 243, 192, 244, 124, 98, 105, 35, 90, 189, 243, 249, 65, 26,
       90, 43, 96, 51, 53, 89, 95, 69, 146, 142, 55, 180, 100, 168, 250,
       100, 83, 51, 133, 48, 62, 244, 68, 194, 201, 178, 121, 44, 118,
       175, 37, 2, 105, 243, 98, 171, 242, 0, 87, 228, 13, 70, 72, 40,
       41, 166, 242, 11, 75, 27, 5, 223, 248, 149, 109, 162, 104, 247,
       209, 200, 147, 250, 194, 23, 37, 32, 118, 6, 197, 175, 197, 151,
       150, 162, 102, 190, 190, 178, 74, 214, 241, 226, 201, 64, 113,
       238, 42, 190, 115, 220, 143, 127, 172, 166, 231, 100, 169, 242,
       225, 168, 196, 140, 215, 158, 254, 171, 156, 235, 158, 179, 242,
       216, 239, 227, 160, 73, 215, 111, 110, 40, 48, 239, 79, 255, 156,
       190, 119, 120, 220, 232, 161, 129, 108, 160, 213, 241, 237, 47,
       192, 155, 83, 187, 179, 24, 195, 121, 88, 11, 137, 70, 108, 16,
       26, 96, 219, 145, 79, 219, 209, 124, 194, 233, 208, 2, 32, 141,
       120, 95, 108, 233, 215, 254, 71, 28, 124, 42, 178, 177, 167, 68,
