%YAML:1.0
---
descriptors: !!opencv-matrix
   rows: 204
   cols: 32
   dt: u
   data: [ 162, 253, 16, 139, 245, 213, 190, 239, 31, 13, 88, 3, 172,
       220, 38, 132, 216, 59, 147, 81, 118, 186, 88, 255, 47, 20, 142,
       107, 87, 14, 189, 222, 18, 151, 107, 111, 178, 240, 125, 55, 173,
       77, 95, 229, 61, 254, 190, 113, 182, 59, 149, 165, 151, 152, 38,
       221, 238, 121, 42, 194, 53, 134, 165, 253, 31, 199, 6, 159, 183,
       147, 174, 237, 223, 83, 216, 230, 232, 104, 190, 228, 255, 66,
       158, 231, 247, 161, 13, 255, 170, 126, 143, 214, 159, 126, 185,
       157, 152, 237, 30, 173, 18, 198, 111, 125, 36, 12, 214, 3, 247, 3,
       0, 65, 122, 163, 93, 233, 104, 153, 17, 61, 241, 129, 174, 128,
       33, 130, 165, 10, 177, 73, 47, 246, 77, 205, 231, 230, 197, 136,
       162, 10, 50, 249, 53, 51, 200, 226, 106, 207, 104, 175, 16, 237,
       241, 186, 198, 25, 73, 56, 114, 170, 34, 250, 112, 218, 123, 221,
       154, 224, 139, 104, 188, 47, 44, 220, 87, 180, 175, 187, 215, 195,
       199, 47, 234, 247, 63, 92, 9, 187, 95, 135, 15, 223, 73, 21, 47,
       69, 52, 94, 237, 55, 104, 201, 95, 68, 255, 52, 150, 117, 180, 38,
       116, 45, 241, 184, 181, 76, 101, 61, 226, 128, 78, 194, 243, 253,
       249, 73, 88, 77, 70, 30, 102, 180, 121, 226, 118, 78, 115, 120,
       181, 245, 120, 236, 54, 106, 205, 178, 213, 171, 54, 235, 224, 0,
       127, 186, 90, 140, 66, 159, 16, 185, 251, 137, 184, 239, 142, 17,
       88, 239, 172, 139, 98, 192, 167, 43, 235, 20, 86, 8, 67, 247, 188,
       20, 30, 251, 24, 12, 9, 27, 242, 88, 22, 190, 105, 196, 80, 230,
       173, 90, 224, 13, 46, 158, 35, 223, 200, 243, 255, 65, 109, 207,
       82, 237, 147, 242, 210, 27, 8, 20, 46, 94, 45, 159, 105, 75, 244,
       191, 227, 59, 76, 77, 125, 236, 211, 108, 158, 180, 30, 42, 22,
       63, 151, 176, 125, 31, 102, 61, 32, 196, 223, 206, 218, 245, 242,
       217, 55, 184, 45, 221, 84, 231, 223, 93, 224, 25, 174, 222, 38,
       213, 193, 187, 207, 1, 110, 15, 114, 245, 177, 240, 94, 123, 16,
       28, 167, 126, 184, 249, 120, 109, 116, 223, 127, 119, 117, 108,
       118, 142, 187, 29, 146, 33, 110, 186, 151, 76, 234, 184, 116, 191,
       119, 201, 32, 161, 103, 152, 86, 251, 155, 242, 234, 255, 118,
       147, 235, 81, 31, 106, 87, 215, 125, 207, 191, 40, 127, 171, 23,
       143, 227, 149, 44, 219, 86, 79, 187, 164, 55, 142, 49, 249, 17,
       207, 67, 141, 54, 131, 238, 125, 84, 8, 88, 230, 49, 192, 176, 96,
       122, 42, 6, 238, 195, 184, 4, 189, 160, 168, 170, 128, 61, 154,
       240, 169, 36, 54, 115, 69, 246, 43, 235, 91, 85, 239, 125, 246,
       80, 37, 149, 36, 127, 252, 22, 188, 177, 182, 101, 206, 36, 14,
       161, 128, 255, 235, 118, 245, 223, 79, 230, 142, 207, 54, 142,
       252, 149, 194, 222, 199, 105, 238, 63, 198, 124, 227, 179, 239,
       236, 131, 30, 235, 50, 38, 207, 136, 63, 247, 56, 28, 37, 151,
       119, 77, 246, 35, 175, 123, 92, 232, 121, 230, 81, 97, 181, 164,
       126, 24, 22, 234, 241, 178, 109, 223, 44, 14, 165, 132, 127, 235,
       240, 181, 25, 91, 99, 237, 166, 2, 109, 87, 53, 206, 222, 230, 51,
       167, 179, 101, 126, 238, 63, 206, 201, 153, 37, 232, 240, 233,
       190, 128, 63, 248, 240, 249, 143, 190, 198, 187, 132, 180, 108,
       159, 31, 151, 82, 215, 233, 234, 114, 201, 111, 239, 63, 157, 254,
       220, 223, 243, 172, 123, 223, 192, 189, 220, 249, 28, 212, 207,
       142, 190, 154, 128, 94, 191, 164, 4, 206, 167, 229, 235, 43, 66,
       246, 231, 173, 231, 124, 193, 139, 111, 250, 231, 238, 129, 44,
       114, 169, 10, 175, 51, 228, 5, 244, 62, 236, 19, 121, 234, 122,
       214, 27, 40, 151, 191, 126, 239, 22, 189, 181, 248, 85, 200, 14,
       90, 231, 128, 239, 228, 90, 213, 209, 159, 127, 245, 182, 10, 109,
       191, 116, 203, 214, 246, 247, 111, 144, 99, 119, 103, 125, 172,
       185, 216, 109, 47, 234, 235, 255, 208, 172, 224, 225, 121, 208,
       223, 63, 185, 168, 143, 29, 183, 174, 91, 150, 117, 247, 151, 2,
       99, 167, 51, 253, 1, 251, 141, 35, 53, 225, 227, 126, 208, 24, 16,
       165, 123, 194, 237, 164, 150, 221, 156, 20, 175, 251, 189, 128,
       25, 238, 226, 76, 215, 129, 199, 232, 145, 122, 79, 203, 241, 189,
       50, 95, 127, 128, 84, 141, 14, 56, 249, 248, 106, 249, 205, 83,
       221, 227, 13, 172, 8, 63, 223, 74, 16, 130, 187, 205, 80, 90, 43,
       250, 49, 251, 221, 36, 123, 242, 18, 206, 235, 45, 169, 81, 73,
       86, 223, 226, 80, 111, 104, 248, 66, 27, 152, 180, 180, 106, 168,
       22, 88, 151, 186, 117, 221, 62, 92, 35, 96, 127, 138, 122, 133,
       34, 61, 50, 217, 245, 231, 186, 71, 95, 205, 120, 3, 172, 156, 54,
       132, 206, 59, 151, 21, 182, 186, 16, 254, 45, 28, 10, 235, 213,
       12, 93, 223, 42, 116, 114, 203, 117, 207, 250, 65, 63, 108, 253,
       139, 42, 221, 62, 148, 254, 185, 215, 18, 42, 182, 72, 255, 55,
       220, 128, 163, 119, 142, 102, 223, 42, 28, 98, 204, 125, 182, 250,
       98, 93, 78, 218, 163, 104, 252, 182, 224, 254, 173, 179, 165, 164,
       191, 38, 207, 54, 63, 138, 139, 23, 46, 112, 199, 56, 249, 120,
       104, 249, 205, 87, 253, 99, 12, 172, 8, 63, 223, 66, 16, 186, 154,
       197, 88, 90, 42, 248, 53, 251, 205, 37, 125, 115, 138, 206, 235,
       50, 90, 240, 139, 122, 177, 154, 206, 14, 13, 208, 231, 44, 142,
       231, 76, 222, 89, 135, 213, 134, 11, 71, 241, 28, 52, 186, 251,
       149, 31, 45, 223, 216, 220, 191, 190, 42, 236, 29, 182, 174, 91,
       150, 117, 255, 191, 3, 123, 167, 247, 253, 65, 235, 77, 179, 51,
       211, 227, 122, 147, 56, 80, 5, 123, 106, 63, 120, 104, 242, 242,
       91, 27, 39, 140, 92, 168, 59, 31, 199, 116, 22, 191, 157, 144,
       154, 10, 229, 220, 234, 253, 32, 203, 182, 198, 46, 121, 217, 222,
       191, 245, 168, 78, 93, 183, 172, 254, 150, 116, 255, 127, 130,
       107, 199, 119, 125, 47, 249, 205, 235, 45, 234, 235, 255, 148, 12,
       240, 133, 121, 165, 18, 227, 77, 246, 11, 239, 83, 125, 235, 114,
       246, 81, 37, 149, 60, 126, 204, 22, 156, 177, 182, 101, 206, 4,
       62, 182, 128, 239, 248, 242, 245, 169, 53, 241, 69, 244, 110, 239,
       19, 113, 234, 250, 118, 179, 29, 149, 36, 126, 190, 86, 40, 169,
       180, 245, 10, 36, 172, 37, 128, 239, 248, 82, 249, 26, 226, 118,
       216, 234, 210, 60, 205, 175, 21, 231, 178, 77, 215, 236, 252, 119,
       189, 251, 176, 66, 195, 174, 209, 210, 225, 223, 207, 55, 150,
       175, 167, 166, 93, 50, 158, 245, 245, 182, 232, 31, 76, 121, 3,
       108, 252, 39, 196, 253, 123, 147, 83, 38, 178, 122, 255, 55, 118,
       143, 43, 211, 127, 61, 215, 222, 138, 199, 254, 219, 208, 56, 105,
       183, 149, 211, 179, 105, 231, 168, 204, 123, 251, 175, 144, 58,
       207, 138, 255, 154, 230, 223, 201, 183, 167, 172, 102, 114, 142,
       198, 158, 251, 240, 30, 230, 151, 7, 208, 179, 105, 230, 170, 196,
       107, 251, 175, 195, 58, 203, 14, 255, 184, 38, 254, 203, 183, 69,
       180, 110, 2, 188, 180, 153, 219, 245, 176, 207, 159, 23, 76, 19,
       140, 190, 102, 205, 233, 27, 139, 145, 54, 77, 18, 211, 15, 86,
       90, 107, 146, 68, 173, 198, 66, 153, 182, 152, 221, 252, 176, 231,
       175, 29, 74, 17, 172, 254, 38, 204, 225, 51, 171, 17, 22, 137, 50,
       245, 31, 54, 90, 75, 144, 4, 173, 78, 154, 94, 110, 212, 34, 176,
       63, 246, 188, 142, 94, 247, 173, 231, 163, 207, 103, 127, 175,
       202, 224, 221, 38, 234, 240, 99, 254, 129, 38, 245, 37, 249, 155,
       158, 198, 187, 168, 182, 108, 151, 175, 151, 134, 213, 237, 234,
       22, 223, 103, 111, 237, 157, 182, 205, 95, 243, 138, 243, 223,
       208, 142, 212, 169, 220, 50, 189, 52, 186, 189, 253, 144, 107,
       143, 61, 189, 27, 174, 222, 110, 133, 205, 187, 199, 17, 30, 107,
       122, 245, 155, 208, 26, 123, 211, 12, 143, 215, 237, 180, 173,
       229, 172, 110, 77, 184, 83, 250, 135, 94, 211, 53, 89, 123, 81,
       196, 125, 58, 249, 86, 251, 130, 205, 219, 229, 116, 142, 249, 80,
       48, 18, 181, 48, 186, 185, 253, 144, 207, 175, 61, 168, 25, 174,
