%YAML:1.0
---
descriptors: !!opencv-matrix
   rows: 233
   cols: 32
   dt: u
   data: [ 47, 182, 233, 75, 252, 127, 159, 153, 19, 127, 149, 255, 217,
       125, 222, 164, 95, 28, 213, 63, 187, 86, 237, 147, 78, 95, 169,
       244, 159, 239, 214, 245, 122, 249, 186, 250, 185, 221, 17, 207,
       171, 29, 172, 41, 174, 223, 106, 18, 140, 187, 205, 80, 26, 75,
       170, 241, 219, 213, 31, 123, 210, 22, 167, 107, 146, 220, 63, 190,
       47, 197, 189, 252, 142, 95, 148, 191, 252, 222, 42, 67, 239, 115,
       255, 195, 231, 79, 58, 245, 243, 211, 250, 187, 28, 92, 53, 251,
       201, 222, 63, 255, 56, 142, 61, 182, 236, 90, 150, 116, 255, 51,
       128, 107, 231, 119, 125, 236, 225, 205, 43, 237, 226, 251, 126,
       144, 8, 208, 33, 57, 161, 145, 115, 77, 246, 223, 231, 117, 93,
       105, 119, 118, 114, 52, 156, 52, 126, 190, 22, 232, 241, 186, 117,
       223, 45, 30, 36, 194, 127, 136, 246, 253, 35, 213, 99, 77, 116,
       31, 239, 125, 92, 234, 248, 102, 114, 120, 180, 36, 126, 232, 22,
       110, 225, 186, 109, 223, 52, 14, 165, 128, 93, 186, 240, 189, 154,
       207, 246, 254, 211, 192, 190, 231, 183, 21, 218, 163, 109, 239,
       33, 65, 111, 251, 175, 195, 98, 203, 14, 253, 242, 227, 222, 139,
       53, 116, 165, 11, 53, 75, 123, 79, 116, 135, 103, 112, 68, 136,
       119, 70, 115, 65, 177, 96, 120, 232, 6, 110, 201, 178, 44, 63, 98,
       173, 32, 0, 125, 187, 96, 160, 32, 221, 89, 203, 212, 135, 103,
       253, 4, 40, 124, 106, 115, 81, 176, 48, 92, 218, 23, 106, 75, 186,
       120, 63, 127, 140, 165, 236, 125, 154, 242, 169, 90, 185, 58, 186,
       59, 220, 178, 230, 175, 69, 110, 1, 172, 223, 102, 208, 166, 59,
       251, 65, 86, 9, 146, 241, 243, 245, 26, 11, 2, 6, 47, 91, 41, 175,
       122, 109, 244, 159, 123, 127, 115, 13, 124, 8, 51, 153, 150, 48,
       127, 186, 6, 24, 146, 186, 96, 31, 119, 205, 48, 97, 115, 136,
       238, 233, 57, 69, 67, 77, 84, 91, 230, 113, 101, 96, 250, 66, 83,
       24, 180, 228, 120, 140, 6, 234, 205, 178, 101, 140, 54, 236, 162,
       0, 127, 170, 120, 164, 254, 76, 246, 158, 87, 82, 218, 224, 217,
       198, 247, 159, 74, 108, 55, 159, 255, 229, 151, 231, 236, 231, 44,
       238, 154, 127, 207, 155, 231, 255, 126, 86, 74, 135, 39, 151, 185,
       233, 184, 39, 175, 77, 27, 225, 236, 174, 54, 198, 166, 51, 255,
       21, 18, 137, 2, 245, 173, 54, 30, 195, 134, 70, 133, 127, 79, 19,
       167, 133, 227, 126, 173, 31, 40, 255, 159, 246, 221, 38, 154, 254,
       55, 7, 255, 188, 149, 208, 229, 192, 204, 39, 254, 196, 142, 228,
       169, 113, 139, 241, 96, 216, 255, 221, 254, 237, 207, 92, 20, 175,
       168, 222, 246, 164, 174, 57, 215, 197, 246, 43, 118, 255, 63, 25,
       143, 251, 87, 28, 223, 223, 171, 253, 114, 74, 123, 221, 154, 252,
       221, 76, 244, 173, 42, 156, 182, 181, 206, 219, 215, 71, 239, 175,
       116, 255, 51, 89, 0, 251, 87, 141, 110, 255, 168, 239, 104, 99,
       116, 137, 78, 190, 87, 40, 116, 104, 179, 25, 208, 17, 152, 138,
       87, 200, 234, 62, 65, 63, 110, 217, 176, 249, 95, 152, 214, 139,
       75, 151, 119, 231, 116, 42, 253, 55, 169, 200, 123, 237, 253, 63,
       148, 115, 166, 183, 117, 173, 209, 152, 161, 205, 100, 251, 110,
       128, 14, 230, 163, 121, 153, 204, 235, 243, 20, 163, 235, 214,
       119, 67, 222, 82, 121, 203, 185, 96, 121, 234, 23, 220, 171, 191,
       44, 255, 250, 207, 183, 196, 191, 219, 113, 168, 159, 96, 235,
       255, 70, 161, 235, 88, 31, 98, 85, 210, 61, 207, 181, 40, 127,
       139, 23, 143, 227, 246, 46, 251, 86, 79, 251, 164, 183, 253, 51,
       224, 138, 237, 178, 159, 164, 226, 63, 231, 61, 142, 86, 50, 172,
       254, 102, 64, 251, 107, 151, 130, 112, 216, 34, 235, 109, 22, 223,
       139, 4, 120, 181, 227, 25, 207, 111, 252, 182, 130, 111, 247, 213,
       194, 222, 230, 57, 171, 176, 96, 110, 226, 62, 206, 233, 171, 36,
       239, 242, 239, 166, 136, 63, 184, 240, 57, 159, 107, 251, 255, 70,
       129, 185, 88, 31, 98, 85, 215, 61, 239, 245, 105, 126, 123, 55,
       223, 163, 212, 46, 243, 86, 73, 251, 168, 191, 189, 33, 241, 191,
       124, 242, 229, 103, 122, 219, 208, 105, 238, 182, 171, 75, 29,
       215, 191, 174, 245, 213, 255, 172, 246, 252, 232, 223, 217, 237,
       151, 231, 247, 86, 215, 175, 81, 235, 28, 110, 25, 189, 89, 25,
       208, 116, 255, 89, 204, 191, 107, 126, 185, 183, 231, 165, 118,
       166, 192, 86, 121, 106, 138, 127, 172, 103, 221, 134, 220, 34,
       159, 231, 198, 191, 224, 189, 74, 87, 179, 236, 255, 50, 9, 255,
       127, 183, 135, 224, 246, 138, 247, 63, 118, 203, 207, 135, 52,
       183, 195, 166, 93, 19, 158, 247, 245, 190, 225, 31, 74, 121, 99,
       236, 252, 33, 196, 222, 123, 147, 67, 117, 186, 90, 255, 63, 118,
       143, 235, 95, 127, 185, 151, 239, 115, 110, 148, 126, 80, 185, 81,
       201, 220, 119, 239, 8, 204, 247, 127, 238, 181, 183, 103, 197,
       119, 246, 192, 86, 121, 239, 143, 111, 172, 117, 213, 57, 223,
       107, 254, 126, 129, 207, 253, 212, 72, 252, 230, 115, 201, 188,
       32, 126, 234, 23, 239, 201, 171, 46, 191, 114, 237, 174, 136, 125,
       154, 240, 185, 143, 122, 127, 250, 110, 144, 185, 80, 141, 208,
       85, 231, 189, 223, 247, 43, 238, 121, 183, 215, 193, 71, 230, 224,
       94, 89, 235, 170, 31, 191, 51, 241, 105, 250, 59, 98, 117, 157,
       115, 254, 123, 109, 124, 12, 63, 155, 106, 48, 181, 219, 22, 92,
       195, 58, 168, 183, 127, 221, 52, 236, 202, 146, 202, 251, 94, 6,
       236, 20, 143, 121, 209, 11, 207, 247, 191, 175, 75, 172, 95, 206,
       169, 199, 237, 148, 156, 97, 175, 128, 211, 127, 209, 159, 231,
       109, 92, 86, 139, 123, 253, 181, 178, 220, 191, 23, 61, 77, 86,
       229, 188, 94, 151, 109, 134, 59, 157, 125, 167, 148, 53, 207, 230,
       123, 62, 130, 142, 148, 133, 125, 23, 116, 102, 196, 119, 119,
       254, 88, 127, 238, 87, 183, 72, 222, 191, 165, 127, 205, 151, 239,
       228, 215, 61, 222, 55, 95, 143, 135, 39, 191, 252, 85, 111, 126,
       123, 196, 110, 151, 191, 240, 137, 234, 189, 239, 92, 255, 247,
       50, 238, 241, 223, 231, 193, 35, 172, 220, 114, 89, 239, 190, 15,
       191, 39, 247, 58, 247, 105, 99, 179, 87, 95, 61, 97, 204, 191,
       229, 91, 125, 222, 164, 151, 148, 213, 180, 221, 176, 125, 142,
       107, 223, 37, 199, 239, 134, 254, 119, 9, 115, 127, 235, 110, 185,
       233, 80, 239, 81, 127, 230, 157, 207, 248, 106, 110, 41, 127, 222,
       131, 48, 174, 209, 86, 217, 170, 164, 62, 219, 97, 241, 31, 19,
       110, 237, 182, 83, 255, 80, 149, 204, 214, 167, 93, 239, 183, 100,
       126, 253, 191, 239, 141, 179, 37, 204, 246, 111, 171, 134, 183,
       191, 117, 245, 43, 91, 99, 222, 100, 149, 255, 117, 93, 78, 116,
       238, 57, 237, 182, 180, 254, 171, 151, 207, 197, 186, 38, 239,
       118, 125, 178, 136, 95, 158, 242, 253, 95, 83, 111, 228, 50, 82,
       127, 248, 45, 204, 223, 231, 93, 31, 186, 96, 118, 213, 191, 247,
       209, 145, 37, 204, 250, 233, 175, 196, 47, 183, 37, 113, 133, 175,
       255, 251, 238, 169, 237, 215, 255, 83, 187, 246, 189, 239, 240,
       107, 111, 227, 127, 159, 243, 109, 238, 243, 252, 219, 255, 200,
       148, 217, 161, 233, 187, 159, 111, 217, 253, 247, 251, 223, 87,
       77, 220, 183, 121, 94, 190, 228, 255, 154, 151, 188, 191, 186,
       119, 255, 127, 95, 162, 199, 191, 204, 124, 255, 2, 128, 214, 157,
       116, 11, 232, 105, 159, 128, 160, 66, 180, 234, 52, 65, 250, 161,
       106, 161, 2, 75, 66, 221, 156, 30, 219, 44, 149, 40, 113, 136,
       197, 122, 192, 81, 246, 59, 106, 216, 127, 251, 242, 246, 91, 2,
       213, 253, 63, 204, 94, 254, 175, 244, 77, 210, 30, 142, 167, 228,
       239, 177, 104, 21, 181, 89, 99, 206, 116, 146, 207, 112, 84, 200,
       89, 230, 113, 220, 181, 228, 126, 232, 22, 239, 201, 178, 60, 174,
       48, 44, 174, 136, 61, 191, 112, 245, 60, 83, 106, 100, 118, 86,
       235, 120, 68, 236, 247, 38, 83, 157, 187, 96, 126, 220, 151, 234,
       201, 179, 37, 140, 114, 237, 160, 133, 111, 171, 124, 241, 136,
