%YAML:1.0
---
descriptors: !!opencv-matrix
   rows: 175
   cols: 32
   dt: u
   data: [ 129, 142, 27, 121, 48, 174, 104, 23, 124, 11, 118, 112, 191,
       147, 160, 244, 167, 43, 46, 24, 51, 156, 1, 95, 140, 255, 50, 192,
       200, 128, 137, 169, 171, 54, 175, 177, 164, 175, 109, 23, 156,
       235, 22, 221, 149, 39, 82, 43, 197, 38, 31, 157, 185, 220, 96,
       162, 205, 91, 255, 176, 142, 220, 208, 249, 31, 252, 234, 238,
       117, 247, 254, 208, 215, 206, 223, 3, 121, 254, 191, 164, 255,
       233, 151, 175, 199, 179, 60, 223, 115, 93, 175, 143, 103, 255,
       127, 255, 220, 207, 185, 236, 168, 73, 87, 222, 22, 46, 168, 41,
       151, 183, 97, 80, 81, 219, 47, 66, 88, 11, 234, 50, 249, 197, 103,
       60, 48, 249, 132, 107, 137, 62, 171, 245, 36, 45, 237, 19, 220,
       234, 86, 126, 183, 173, 144, 35, 14, 238, 95, 13, 169, 252, 229,
       170, 196, 57, 248, 144, 76, 232, 80, 121, 134, 141, 148, 155, 201,
       228, 182, 175, 158, 23, 74, 19, 236, 242, 44, 207, 201, 83, 170,
       147, 54, 73, 91, 227, 45, 114, 223, 79, 144, 113, 173, 134, 193,
       210, 119, 199, 36, 70, 109, 53, 100, 75, 114, 214, 249, 55, 152,
       229, 102, 22, 62, 136, 225, 156, 117, 225, 164, 170, 250, 128, 44,
       144, 225, 57, 44, 229, 83, 74, 241, 223, 99, 248, 101, 8, 109, 0,
       91, 87, 169, 180, 120, 216, 6, 122, 11, 178, 56, 127, 59, 141, 37,
       76, 115, 155, 102, 160, 236, 241, 233, 193, 253, 93, 231, 253,
       107, 252, 180, 10, 82, 125, 93, 50, 217, 220, 87, 127, 219, 122,
       251, 208, 127, 25, 133, 60, 231, 186, 214, 250, 169, 221, 27, 127,
       112, 205, 115, 240, 244, 72, 96, 64, 62, 215, 33, 49, 166, 121,
       82, 74, 97, 188, 48, 127, 229, 169, 32, 0, 120, 19, 98, 171, 60,
       95, 120, 239, 115, 31, 94, 112, 53, 36, 109, 135, 111, 31, 3, 145,
       190, 185, 135, 98, 108, 178, 89, 191, 231, 197, 1, 35, 119, 183,
       15, 210, 8, 146, 126, 89, 98, 201, 177, 55, 61, 23, 119, 177, 140,
       151, 174, 92, 103, 27, 167, 0, 50, 188, 35, 87, 71, 247, 114, 195,
       82, 128, 165, 227, 144, 217, 27, 171, 50, 199, 43, 240, 52, 72,
       208, 98, 247, 215, 32, 96, 126, 249, 23, 242, 75, 137, 56, 61,
       241, 165, 170, 128, 56, 3, 37, 251, 22, 141, 98, 146, 215, 151,
       186, 229, 149, 5, 91, 3, 104, 200, 60, 132, 120, 171, 147, 243,
       62, 185, 24, 255, 57, 4, 143, 67, 229, 15, 253, 134, 220, 84, 87,
       236, 34, 6, 99, 48, 164, 202, 243, 102, 119, 87, 161, 81, 54, 180,
       44, 234, 233, 149, 49, 13, 209, 234, 99, 0, 40, 163, 33, 49, 200,
       184, 171, 248, 205, 173, 233, 71, 138, 83, 164, 30, 190, 141, 112,
       43, 201, 162, 91, 156, 51, 111, 242, 209, 223, 217, 210, 120, 208,
       72, 241, 250, 88, 112, 187, 238, 41, 108, 93, 29, 163, 218, 188,
       76, 191, 215, 65, 122, 230, 189, 253, 0, 139, 67, 242, 9, 211,
       253, 114, 186, 170, 114, 39, 59, 236, 124, 213, 245, 172, 15, 68,
       23, 147, 178, 176, 92, 223, 49, 65, 159, 207, 244, 108, 42, 105,
       118, 217, 136, 167, 219, 117, 48, 202, 248, 74, 41, 169, 209, 101,
       73, 148, 223, 230, 117, 92, 64, 114, 66, 243, 28, 180, 165, 120,
       136, 22, 105, 255, 184, 117, 157, 46, 8, 166, 68, 127, 138, 208,
       172, 47, 254, 225, 220, 110, 80, 238, 252, 155, 218, 92, 239, 105,
       238, 245, 246, 127, 248, 183, 206, 195, 70, 174, 251, 38, 94, 239,
       172, 55, 255, 86, 253, 120, 113, 59, 172, 57, 221, 18, 72, 174,
       76, 177, 9, 111, 222, 107, 176, 250, 177, 220, 99, 78, 35, 242,
       153, 209, 209, 11, 59, 112, 47, 47, 87, 234, 56, 183, 245, 173,
       109, 245, 23, 187, 251, 50, 25, 190, 189, 85, 42, 129, 119, 125,
       17, 176, 237, 179, 130, 207, 223, 85, 50, 194, 124, 215, 43, 7,
       142, 106, 155, 52, 144, 250, 186, 95, 71, 94, 167, 232, 232, 191,
       100, 255, 107, 63, 189, 167, 148, 46, 223, 46, 63, 143, 199, 156,
       238, 121, 93, 78, 62, 225, 195, 254, 122, 251, 154, 43, 111, 31,
       234, 9, 47, 213, 246, 55, 215, 223, 189, 147, 26, 237, 210, 30,
       125, 171, 244, 167, 231, 71, 245, 11, 118, 236, 213, 36, 50, 252,
       18, 237, 219, 31, 247, 221, 47, 151, 42, 167, 85, 253, 173, 165,
       197, 39, 194, 70, 127, 254, 132, 175, 245, 105, 85, 44, 241, 176,
       251, 221, 95, 214, 220, 87, 61, 245, 26, 218, 221, 106, 236, 217,
       218, 179, 90, 27, 114, 123, 180, 255, 223, 151, 127, 210, 31, 220,
       226, 29, 51, 235, 163, 228, 39, 233, 93, 126, 252, 115, 231, 89,
       137, 251, 105, 126, 142, 23, 221, 155, 248, 45, 192, 220, 201,
       182, 196, 237, 138, 241, 249, 124, 121, 187, 224, 153, 237, 83,
       86, 163, 201, 172, 12, 159, 159, 65, 58, 166, 189, 221, 80, 25,
       11, 178, 0, 219, 221, 33, 122, 170, 147, 38, 115, 228, 233, 248,
       66, 156, 13, 67, 172, 67, 180, 172, 8, 210, 193, 87, 18, 89, 212,
       104, 122, 74, 106, 217, 50, 123, 157, 133, 125, 192, 187, 86, 34,
       7, 183, 232, 193, 246, 61, 251, 91, 104, 237, 93, 110, 29, 122,
       222, 34, 191, 131, 87, 189, 151, 59, 172, 207, 126, 13, 171, 228,
       237, 198, 243, 213, 153, 83, 102, 205, 118, 18, 235, 120, 117,
       200, 215, 230, 83, 8, 179, 229, 126, 132, 30, 239, 237, 178, 5,
       204, 118, 106, 226, 128, 111, 171, 120, 21, 91, 157, 89, 238, 222,
       32, 191, 255, 8, 72, 152, 230, 253, 63, 176, 225, 126, 211, 31,
       169, 241, 43, 28, 223, 244, 237, 174, 252, 61, 234, 161, 185, 43,
       68, 68, 141, 76, 54, 236, 120, 85, 194, 223, 198, 81, 33, 177,
       237, 88, 132, 50, 175, 237, 182, 85, 204, 4, 42, 210, 4, 63, 252,
       120, 140, 57, 17, 98, 105, 54, 123, 235, 122, 85, 108, 254, 166,
       27, 13, 182, 228, 126, 140, 159, 44, 137, 185, 37, 157, 210, 237,
       163, 197, 127, 140, 124, 243, 41, 157, 125, 65, 177, 223, 125, 55,
       109, 105, 126, 12, 187, 29, 150, 53, 134, 14, 84, 12, 223, 184,
       117, 221, 111, 251, 52, 194, 74, 132, 194, 253, 6, 221, 148, 151,
       205, 109, 180, 175, 158, 183, 152, 19, 204, 248, 110, 143, 201,
       87, 234, 17, 54, 105, 91, 242, 45, 22, 95, 119, 144, 125, 157,
       142, 114, 93, 102, 196, 82, 2, 190, 102, 177, 130, 218, 163, 121,
       111, 181, 83, 126, 247, 213, 231, 224, 203, 132, 238, 56, 46, 142,
       136, 37, 244, 35, 217, 131, 190, 175, 243, 164, 237, 121, 214,
       191, 95, 22, 93, 181, 231, 112, 27, 165, 98, 127, 28, 179, 93, 50,
       163, 207, 219, 254, 240, 136, 204, 209, 121, 153, 188, 191, 186,
       229, 236, 241, 215, 248, 91, 84, 23, 190, 253, 114, 43, 167, 51,
       95, 29, 183, 111, 178, 225, 219, 123, 126, 74, 204, 68, 179, 251,
       195, 156, 173, 123, 184, 236, 93, 151, 190, 123, 54, 84, 241, 119,
       66, 122, 197, 123, 125, 156, 187, 28, 251, 51, 205, 251, 254, 208,
       152, 192, 131, 113, 83, 95, 111, 140, 114, 146, 110, 182, 57, 68,
       222, 231, 105, 46, 183, 81, 118, 229, 157, 239, 237, 153, 37, 239,
       50, 46, 170, 128, 47, 182, 120, 93, 31, 60, 106, 238, 117, 247,
       251, 82, 149, 200, 221, 38, 121, 255, 183, 32, 255, 235, 151, 175,
       143, 179, 60, 255, 115, 95, 171, 128, 183, 239, 117, 243, 92, 255,
       145, 232, 184, 204, 71, 158, 39, 44, 138, 105, 135, 199, 65, 84,
       21, 223, 109, 90, 74, 3, 217, 51, 251, 244, 5, 60, 178, 243, 132,
       43, 195, 93, 111, 78, 102, 18, 239, 48, 233, 192, 119, 230, 121,
       44, 183, 103, 118, 228, 54, 238, 197, 177, 165, 236, 54, 58, 226,
       128, 111, 187, 112, 125, 179, 254, 104, 78, 118, 219, 219, 248,
       85, 76, 116, 175, 51, 77, 183, 49, 126, 232, 23, 111, 238, 182,
       108, 255, 118, 9, 161, 171, 125, 155, 94, 255, 251, 245, 109, 101,
       125, 95, 205, 63, 121, 234, 180, 14, 155, 29, 150, 49, 186, 196,
       85, 109, 233, 126, 117, 159, 119, 219, 213, 244, 111, 156, 210,
       254, 100, 232, 192, 196, 109, 17, 66, 232, 83, 166, 241, 10, 67,
       233, 125, 148, 89, 204, 38, 72, 76, 119, 206, 130, 26, 222, 133,
       61, 119, 170, 94, 140, 52, 207, 238, 191, 148, 2, 239, 176, 20,
       71, 211, 135, 227, 109, 187, 65, 93, 230, 7, 239, 236, 176, 77,
