%YAML:1.0
---
descriptors: !!opencv-matrix
   rows: 210
   cols: 32
   dt: u
   data: [ 120, 176, 255, 252, 118, 203, 209, 107, 127, 237, 246, 59, 30,
       61, 6, 48, 187, 157, 119, 49, 62, 255, 97, 223, 219, 255, 113,
       215, 245, 136, 71, 123, 226, 34, 70, 152, 72, 0, 232, 73, 166,
       180, 211, 223, 160, 131, 118, 91, 108, 172, 123, 140, 0, 95, 199,
       208, 20, 56, 218, 232, 29, 132, 50, 216, 245, 166, 158, 186, 172,
       45, 90, 216, 187, 31, 181, 89, 199, 227, 74, 27, 179, 75, 109, 30,
       62, 71, 138, 49, 218, 211, 127, 255, 152, 211, 203, 1, 86, 247,
       236, 164, 186, 66, 30, 168, 50, 214, 155, 175, 199, 111, 75, 2,
       95, 213, 237, 247, 110, 67, 207, 2, 250, 199, 239, 255, 173, 119,
       174, 83, 210, 166, 204, 55, 168, 40, 192, 141, 214, 183, 151, 255,
       227, 232, 222, 75, 83, 102, 236, 7, 188, 103, 207, 33, 154, 35,
       245, 217, 236, 107, 188, 94, 183, 150, 236, 159, 138, 51, 156,
       189, 30, 246, 151, 247, 97, 104, 155, 11, 63, 199, 239, 167, 188,
       197, 95, 42, 72, 3, 255, 149, 173, 122, 152, 95, 167, 61, 197, 69,
       223, 47, 207, 127, 23, 226, 250, 206, 83, 53, 149, 38, 93, 198,
       119, 172, 249, 250, 125, 142, 46, 14, 229, 148, 239, 254, 82, 253,
       251, 191, 229, 133, 223, 18, 190, 191, 95, 234, 154, 254, 72, 44,
       214, 230, 127, 215, 254, 161, 253, 107, 207, 207, 62, 46, 175,
       247, 175, 236, 248, 29, 170, 88, 34, 186, 77, 209, 180, 230, 159,
       70, 196, 131, 172, 157, 55, 201, 200, 123, 179, 195, 70, 191, 82,
       249, 85, 81, 218, 11, 23, 29, 125, 218, 199, 246, 132, 31, 141,
       55, 76, 156, 139, 255, 149, 223, 200, 232, 223, 175, 5, 198, 248,
       159, 247, 69, 255, 210, 42, 114, 205, 190, 159, 246, 152, 84, 215,
       239, 172, 30, 171, 48, 158, 142, 187, 246, 141, 183, 72, 236, 223,
       79, 165, 199, 233, 247, 246, 77, 175, 242, 186, 50, 207, 255, 149,
       247, 156, 92, 23, 24, 51, 94, 73, 212, 115, 80, 237, 72, 117, 0,
       126, 222, 39, 52, 164, 59, 86, 70, 135, 39, 58, 255, 19, 252, 0,
       10, 90, 39, 103, 247, 122, 2, 106, 248, 123, 241, 152, 74, 135,
       12, 148, 163, 9, 207, 166, 196, 254, 185, 143, 161, 14, 3, 130,
       221, 83, 85, 139, 191, 55, 140, 44, 211, 33, 191, 117, 65, 116,
       191, 239, 119, 85, 172, 126, 198, 113, 36, 148, 164, 126, 186, 6,
       174, 241, 186, 117, 223, 44, 14, 33, 128, 111, 202, 208, 253, 210,
       148, 189, 191, 171, 120, 144, 11, 190, 31, 147, 49, 204, 254, 72,
       203, 131, 23, 253, 17, 52, 109, 235, 211, 139, 115, 126, 215, 128,
       68, 133, 103, 81, 161, 156, 184, 172, 157, 80, 207, 171, 25, 152,
       92, 143, 160, 72, 254, 163, 131, 252, 17, 30, 43, 146, 177, 152,
       213, 94, 127, 152, 0, 139, 13, 108, 118, 156, 119, 168, 47, 85,
       56, 171, 186, 191, 45, 222, 125, 75, 27, 133, 84, 236, 34, 200,
       101, 219, 24, 207, 219, 117, 55, 66, 251, 78, 19, 75, 174, 132,
       21, 173, 58, 132, 175, 218, 247, 128, 213, 235, 104, 214, 143,
       129, 102, 236, 45, 189, 73, 239, 234, 172, 95, 223, 180, 142, 116,
       219, 92, 105, 175, 101, 101, 180, 91, 231, 55, 96, 224, 122, 204,
       243, 45, 144, 163, 8, 230, 116, 45, 249, 248, 245, 14, 236, 249,
       229, 144, 103, 234, 210, 248, 223, 94, 119, 190, 38, 144, 190,
       244, 237, 202, 210, 230, 109, 140, 183, 229, 110, 241, 190, 199,
       229, 173, 45, 238, 178, 107, 110, 139, 127, 183, 41, 93, 142, 170,
       160, 155, 141, 245, 180, 207, 159, 87, 132, 147, 172, 236, 126,
       142, 201, 67, 235, 21, 22, 77, 202, 243, 143, 87, 223, 123, 150,
       92, 157, 222, 210, 188, 150, 184, 169, 253, 20, 207, 186, 31, 128,
       57, 172, 250, 98, 219, 161, 243, 249, 17, 54, 79, 138, 243, 155,
       210, 95, 123, 144, 84, 167, 75, 36, 221, 120, 254, 126, 205, 223,
       248, 142, 72, 125, 15, 247, 253, 47, 32, 94, 120, 23, 106, 200,
       34, 122, 61, 99, 141, 37, 184, 121, 187, 76, 243, 8, 227, 35, 225,
       53, 135, 235, 244, 6, 9, 90, 66, 185, 199, 248, 196, 92, 90, 151,
       124, 203, 184, 8, 189, 237, 220, 175, 196, 2, 142, 245, 168, 224,
       121, 233, 84, 204, 77, 245, 53, 83, 254, 244, 10, 242, 189, 87,
       43, 72, 246, 119, 75, 233, 118, 246, 32, 119, 57, 117, 57, 69,
       248, 214, 251, 26, 157, 115, 233, 242, 162, 59, 123, 53, 65, 88,
       134, 29, 119, 32, 112, 118, 155, 151, 160, 147, 154, 53, 223, 238,
       231, 138, 202, 191, 194, 165, 177, 142, 95, 110, 187, 239, 183,
       127, 214, 159, 14, 223, 183, 237, 235, 51, 200, 239, 239, 191,
       199, 242, 151, 27, 247, 246, 119, 174, 139, 158, 223, 177, 211,
       106, 143, 58, 42, 253, 217, 242, 231, 235, 77, 253, 41, 46, 236,
       254, 144, 232, 43, 199, 21, 22, 43, 170, 247, 126, 125, 2, 235,
       215, 142, 255, 207, 49, 253, 121, 108, 124, 207, 223, 250, 78,
       236, 124, 14, 115, 253, 183, 32, 158, 120, 23, 110, 195, 43, 122,
       61, 115, 141, 37, 188, 121, 187, 69, 243, 82, 143, 206, 238, 242,
       2, 111, 231, 49, 132, 238, 160, 125, 103, 128, 16, 126, 255, 53,
       232, 89, 154, 128, 111, 250, 167, 238, 136, 37, 242, 170, 169,
       194, 150, 188, 181, 168, 108, 181, 159, 190, 31, 130, 117, 228,
       190, 72, 75, 133, 87, 105, 17, 178, 77, 211, 99, 205, 50, 126,
       210, 136, 64, 133, 27, 244, 228, 236, 75, 141, 31, 70, 184, 83,
       178, 165, 8, 67, 113, 221, 191, 89, 212, 108, 122, 105, 102, 253,
       62, 187, 203, 197, 125, 247, 251, 90, 32, 3, 154, 99, 89, 100,
       191, 168, 87, 127, 73, 122, 230, 168, 140, 180, 172, 126, 42, 22,
       157, 147, 184, 119, 243, 4, 30, 178, 192, 223, 142, 209, 189, 35,
       158, 97, 69, 116, 151, 170, 115, 85, 232, 122, 230, 233, 44, 180,
       164, 127, 170, 22, 173, 149, 184, 101, 223, 44, 30, 163, 192, 127,
       142, 208, 189, 2, 223, 108, 250, 190, 177, 222, 191, 159, 62, 28,
       167, 237, 233, 182, 192, 135, 99, 181, 199, 246, 8, 14, 191, 42,
       223, 237, 251, 60, 222, 217, 95, 41, 189, 109, 101, 52, 111, 101,
       55, 97, 238, 126, 76, 179, 37, 144, 39, 8, 102, 124, 44, 249, 248,
       245, 14, 239, 253, 112, 0, 110, 232, 214, 248, 115, 34, 140, 53,
       9, 159, 72, 19, 162, 189, 130, 205, 167, 128, 66, 154, 140, 164,
       236, 13, 140, 91, 199, 13, 154, 243, 121, 241, 8, 12, 26, 92, 0,
       139, 22, 169, 151, 195, 181, 111, 78, 4, 90, 2, 172, 137, 32, 0,
       106, 59, 130, 81, 82, 184, 3, 221, 45, 128, 30, 67, 85, 8, 165,
       138, 66, 159, 2, 251, 157, 164, 226, 163, 142, 9, 202, 66, 228,
       243, 32, 192, 192, 35, 171, 1, 82, 9, 80, 255, 173, 52, 138, 91,
       24, 10, 249, 10, 73, 163, 140, 49, 141, 157, 32, 159, 238, 241,
       130, 93, 231, 136, 90, 202, 133, 71, 232, 21, 159, 105, 215, 33,
       136, 247, 31, 80, 136, 4, 217, 76, 221, 102, 220, 119, 50, 14,
       126, 184, 56, 186, 183, 253, 223, 99, 139, 91, 55, 197, 125, 238,
       232, 212, 201, 46, 238, 235, 103, 148, 44, 243, 11, 3, 179, 15,
       76, 141, 126, 3, 202, 122, 23, 224, 208, 207, 25, 11, 179, 195,
       110, 205, 31, 239, 173, 47, 77, 254, 180, 40, 171, 188, 61, 173,
       57, 153, 85, 38, 140, 184, 40, 61, 88, 10, 238, 190, 131, 77, 135,
       200, 83, 91, 197, 197, 236, 7, 140, 71, 219, 16, 208, 243, 123,
       57, 136, 115, 11, 0, 225, 42, 140, 21, 56, 31, 64, 39, 60, 163,
       162, 221, 167, 34, 22, 155, 137, 166, 236, 4, 189, 252, 209, 12,
       136, 247, 208, 114, 200, 12, 90, 28, 172, 121, 248, 241, 236, 77,
       93, 221, 23, 182, 52, 24, 159, 151, 67, 57, 27, 216, 215, 90, 66,
       118, 251, 18, 207, 201, 117, 45, 98, 248, 198, 234, 89, 56, 22,
       185, 5, 191, 96, 7, 111, 25, 98, 93, 174, 0, 0, 220, 128, 39, 232,
       28, 31, 253, 211, 213, 144, 240, 82, 82, 202, 4, 203, 28, 87, 187,
       172, 183, 172, 30, 140, 191, 154, 247, 134, 205, 227, 108, 86,
       175, 197, 230, 249, 29, 156, 73, 255, 168, 138, 87, 223, 54, 140,
       124, 217, 92, 81, 251, 152, 168, 57, 157, 82, 212, 234, 25, 128,
       77, 191, 130, 66, 210, 132, 1, 236, 84, 223, 11, 210, 49, 186,
