%YAML:1.0
---
descriptors: !!opencv-matrix
   rows: 278
   cols: 32
   dt: u
   data: [ 215, 166, 204, 23, 168, 58, 98, 136, 246, 183, 147, 253, 227,
       232, 222, 75, 19, 198, 108, 7, 188, 225, 207, 33, 142, 35, 117,
       209, 236, 251, 216, 21, 39, 37, 239, 207, 204, 127, 238, 123, 126,
       243, 223, 82, 216, 250, 156, 238, 121, 254, 122, 170, 177, 242,
       253, 223, 63, 47, 247, 132, 141, 250, 250, 164, 23, 24, 59, 126,
       69, 205, 113, 112, 233, 76, 109, 8, 126, 223, 39, 52, 164, 57, 87,
       11, 131, 163, 50, 237, 211, 252, 2, 10, 64, 34, 39, 247, 18, 207,
       26, 220, 146, 192, 62, 103, 132, 0, 202, 227, 161, 142, 32, 64,
       110, 187, 139, 192, 88, 139, 2, 253, 241, 228, 154, 201, 20, 8,
       165, 56, 40, 181, 56, 250, 253, 253, 184, 251, 223, 125, 189, 25,
       142, 252, 90, 40, 205, 19, 255, 17, 182, 107, 122, 215, 207, 95,
       187, 255, 210, 12, 213, 199, 194, 188, 183, 216, 169, 237, 145,
       207, 186, 31, 136, 24, 190, 243, 68, 91, 129, 115, 123, 17, 50,
       79, 210, 113, 217, 146, 95, 123, 144, 64, 135, 43, 113, 171, 152,
       184, 168, 153, 92, 199, 170, 25, 144, 76, 167, 162, 64, 210, 130,
       163, 124, 80, 30, 11, 194, 17, 186, 213, 62, 249, 152, 16, 139,
       13, 0, 137, 55, 249, 246, 203, 180, 99, 94, 49, 80, 35, 150, 25,
       32, 129, 251, 59, 19, 49, 82, 184, 0, 221, 45, 22, 15, 103, 85, 8,
       149, 130, 89, 48, 134, 164, 37, 14, 64, 11, 111, 177, 226, 93,
       143, 128, 0, 218, 128, 172, 108, 21, 29, 249, 211, 80, 144, 242,
       80, 80, 72, 12, 90, 8, 81, 171, 140, 177, 172, 185, 32, 23, 238,
       185, 138, 253, 231, 168, 214, 218, 165, 199, 236, 21, 158, 73,
       199, 37, 140, 71, 177, 113, 140, 68, 153, 13, 62, 237, 121, 44,
       219, 219, 95, 248, 11, 228, 188, 137, 111, 207, 67, 148, 154, 249,
       215, 102, 79, 35, 248, 61, 251, 197, 5, 191, 115, 183, 14, 210,
       247, 6, 20, 29, 40, 60, 152, 8, 254, 58, 179, 253, 199, 170, 206,
       223, 199, 133, 236, 53, 174, 101, 207, 18, 128, 243, 122, 157,
       216, 100, 11, 5, 106, 139, 34, 142, 253, 156, 246, 229, 233, 13,
       124, 11, 46, 232, 62, 132, 168, 42, 231, 69, 214, 43, 162, 245,
       55, 125, 6, 235, 83, 30, 255, 207, 227, 54, 128, 21, 57, 63, 100,
       63, 187, 226, 138, 221, 130, 32, 214, 151, 77, 68, 232, 45, 189,
       79, 213, 154, 140, 118, 221, 62, 138, 236, 90, 156, 233, 55, 205,
       229, 164, 27, 109, 55, 48, 170, 126, 236, 243, 33, 144, 183, 30,
       246, 124, 108, 217, 248, 229, 8, 228, 251, 229, 144, 46, 232, 210,
       57, 126, 49, 180, 160, 137, 108, 88, 9, 131, 253, 141, 9, 79, 255,
       75, 90, 196, 213, 253, 145, 26, 67, 218, 128, 219, 245, 221, 255,
       130, 127, 158, 83, 37, 221, 120, 126, 90, 221, 215, 248, 206, 76,
       125, 14, 243, 221, 63, 32, 222, 123, 22, 110, 199, 34, 122, 61,
       99, 205, 37, 57, 121, 187, 77, 243, 115, 158, 228, 133, 159, 18,
       158, 63, 95, 235, 154, 247, 74, 44, 215, 230, 255, 199, 253, 165,
       189, 249, 205, 206, 62, 126, 255, 151, 175, 108, 120, 95, 33, 21,
       97, 69, 84, 79, 227, 121, 101, 232, 250, 102, 83, 21, 148, 52,
       124, 156, 22, 234, 201, 186, 117, 14, 37, 44, 160, 128, 103, 170,
       86, 245, 51, 22, 229, 5, 158, 50, 206, 63, 95, 234, 218, 247, 75,
       44, 149, 166, 127, 198, 254, 165, 189, 248, 109, 206, 62, 110,
       253, 134, 239, 236, 88, 125, 55, 42, 230, 29, 95, 19, 168, 232,
       94, 226, 82, 199, 64, 232, 191, 164, 123, 108, 178, 173, 165, 242,
       127, 157, 22, 46, 205, 130, 223, 172, 120, 220, 213, 202, 140, 29,
       168, 58, 132, 154, 254, 55, 146, 253, 199, 192, 211, 207, 75, 68,
       236, 116, 190, 101, 207, 51, 140, 115, 79, 213, 205, 245, 217, 20,
       214, 215, 140, 178, 138, 65, 159, 168, 186, 255, 151, 191, 197,
       238, 75, 75, 247, 215, 237, 243, 126, 71, 175, 50, 250, 7, 255,
       255, 164, 115, 175, 83, 94, 49, 148, 188, 137, 100, 16, 73, 171,
       189, 137, 9, 142, 255, 72, 218, 197, 215, 253, 145, 30, 67, 218,
       192, 155, 245, 91, 127, 154, 103, 173, 19, 214, 247, 140, 167,
       170, 66, 30, 184, 146, 254, 155, 167, 197, 111, 75, 11, 183, 213,
       237, 247, 254, 69, 207, 2, 250, 231, 239, 223, 172, 119, 47, 83,
       70, 185, 150, 190, 155, 192, 190, 232, 190, 150, 128, 163, 236,
       246, 105, 75, 231, 123, 251, 211, 22, 73, 154, 241, 57, 54, 223,
       203, 144, 53, 173, 219, 213, 166, 158, 186, 172, 41, 106, 168,
       254, 31, 151, 93, 231, 226, 138, 27, 51, 198, 108, 62, 62, 69,
       207, 49, 152, 243, 111, 253, 136, 193, 27, 5, 159, 215, 236, 151,
       138, 19, 158, 184, 158, 246, 27, 231, 97, 108, 159, 3, 63, 71,
       251, 231, 228, 193, 127, 251, 110, 7, 239, 151, 189, 119, 152, 87,
       109, 103, 77, 103, 180, 14, 103, 189, 49, 230, 254, 204, 211, 97,
       145, 18, 30, 198, 125, 110, 233, 240, 237, 46, 238, 239, 37, 20,
       109, 250, 210, 120, 56, 159, 51, 235, 117, 167, 195, 83, 87, 13,
       249, 98, 235, 249, 32, 196, 216, 59, 151, 17, 26, 186, 88, 191,
       237, 220, 138, 192, 247, 78, 117, 171, 116, 103, 142, 166, 154,
       98, 23, 236, 178, 174, 143, 173, 199, 231, 75, 83, 210, 231, 237,
       103, 124, 67, 139, 47, 248, 227, 239, 187, 36, 119, 174, 83, 105,
       143, 35, 229, 36, 14, 111, 55, 120, 232, 90, 76, 243, 33, 144,
       163, 150, 102, 124, 111, 241, 248, 229, 45, 228, 249, 100, 128,
       78, 232, 210, 185, 159, 154, 118, 242, 227, 147, 188, 243, 223,
       126, 87, 247, 77, 253, 182, 229, 167, 49, 191, 199, 244, 157, 46,
       255, 90, 95, 127, 199, 31, 173, 173, 87, 231, 244, 132, 23, 141,
       63, 78, 189, 243, 242, 131, 221, 194, 96, 90, 183, 221, 70, 120,
       47, 237, 69, 221, 170, 172, 26, 197, 54, 10, 255, 218, 20, 116,
       207, 206, 175, 144, 10, 102, 236, 49, 140, 235, 43, 71, 99, 11,
       80, 248, 199, 237, 98, 108, 147, 137, 46, 250, 231, 237, 149, 33,
       243, 158, 0, 77, 95, 68, 11, 184, 186, 142, 168, 124, 34, 219,
       229, 207, 104, 143, 197, 95, 70, 234, 111, 245, 178, 205, 254,
       172, 55, 47, 149, 207, 215, 249, 5, 114, 185, 178, 248, 107, 201,
       144, 64, 139, 21, 177, 41, 46, 223, 100, 146, 206, 177, 239, 81,
       10, 43, 210, 209, 155, 208, 11, 123, 80, 14, 7, 26, 10, 158, 58,
       249, 113, 253, 184, 39, 63, 45, 126, 57, 172, 62, 6, 208, 167, 51,
       207, 1, 54, 188, 113, 223, 207, 247, 26, 195, 82, 4, 143, 95, 116,
       199, 140, 175, 176, 11, 126, 184, 52, 172, 222, 237, 231, 98, 139,
       80, 250, 197, 109, 231, 76, 146, 205, 46, 246, 231, 175, 149, 40,
       179, 11, 1, 85, 191, 140, 175, 152, 30, 94, 188, 118, 228, 206,
       205, 199, 104, 26, 80, 93, 207, 109, 103, 252, 163, 221, 62, 248,
       231, 111, 61, 136, 255, 152, 84, 247, 190, 172, 51, 141, 53, 205,
       143, 218, 255, 129, 29, 195, 232, 95, 123, 205, 199, 121, 191,
       189, 71, 255, 50, 175, 91, 223, 124, 136, 125, 218, 86, 87, 213,
       236, 175, 156, 7, 159, 172, 150, 246, 143, 143, 241, 108, 90, 67,
       29, 199, 121, 231, 237, 65, 255, 43, 249, 47, 207, 60, 29, 255,
       153, 80, 197, 166, 140, 53, 172, 60, 110, 154, 118, 243, 130, 93,
       211, 104, 90, 91, 149, 68, 104, 103, 191, 197, 223, 35, 204, 227,
       101, 84, 200, 225, 217, 80, 245, 132, 172, 53, 140, 62, 207, 186,
       18, 247, 135, 157, 211, 108, 90, 11, 93, 199, 121, 167, 189, 196,
       255, 42, 204, 99, 253, 148, 140, 249, 152, 80, 117, 34, 140, 168,
       8, 60, 88, 26, 238, 191, 139, 77, 135, 170, 90, 90, 197, 135, 108,
       21, 156, 67, 195, 0, 216, 247, 122, 125, 136, 67, 11, 4, 116, 103,
       136, 174, 184, 11, 87, 184, 2, 172, 173, 173, 199, 109, 75, 18,
       220, 205, 109, 102, 76, 66, 201, 30, 250, 229, 37, 189, 160, 251,
       14, 83, 81, 163, 140, 49, 140, 188, 72, 23, 238, 241, 130, 77,
       135, 136, 82, 218, 133, 199, 232, 21, 159, 105, 215, 1, 136, 229,
       63, 121, 136, 68, 155, 92, 83, 187, 172, 183, 140, 30, 76, 191,
       202, 245, 134, 221, 231, 108, 82, 235, 133, 230, 249, 21, 157, 73,
