%YAML:1.0
---
descriptors: !!opencv-matrix
   rows: 143
   cols: 32
   dt: u
   data: [ 61, 95, 123, 97, 52, 15, 103, 240, 101, 236, 126, 102, 83, 17,
       177, 48, 62, 252, 4, 106, 201, 176, 53, 12, 243, 205, 37, 4, 111,
       187, 102, 249, 43, 104, 162, 20, 69, 148, 252, 71, 251, 199, 68,
       7, 40, 136, 119, 140, 233, 43, 147, 133, 198, 255, 182, 195, 119,
       93, 158, 43, 79, 84, 251, 206, 137, 20, 247, 213, 52, 238, 233,
       51, 125, 73, 118, 116, 189, 55, 148, 100, 70, 62, 62, 8, 161, 188,
       117, 206, 71, 254, 50, 192, 198, 128, 65, 249, 49, 5, 66, 72, 84,
       19, 234, 97, 69, 64, 250, 78, 83, 8, 180, 244, 120, 140, 6, 238,
       221, 186, 101, 206, 54, 44, 162, 68, 127, 142, 120, 132, 169, 85,
       125, 69, 180, 14, 239, 51, 117, 238, 254, 76, 211, 49, 149, 49,
       94, 244, 126, 104, 233, 176, 101, 14, 103, 175, 101, 128, 111,
       248, 82, 185, 209, 27, 61, 249, 40, 172, 25, 23, 172, 89, 146,
       244, 191, 151, 192, 106, 166, 51, 125, 12, 147, 141, 99, 33, 192,
       233, 58, 144, 8, 128, 129, 121, 81, 2, 79, 237, 30, 130, 104, 89,
       230, 1, 210, 230, 81, 139, 176, 98, 98, 164, 110, 156, 145, 181,
       7, 68, 148, 169, 171, 192, 45, 136, 113, 0, 35, 183, 99, 77, 246,
       203, 239, 119, 85, 109, 120, 254, 113, 37, 180, 36, 127, 186, 22,
       172, 241, 186, 101, 255, 44, 30, 180, 192, 127, 138, 246, 253, 67,
       107, 50, 157, 82, 145, 56, 102, 174, 196, 90, 135, 172, 166, 7,
       64, 38, 251, 251, 197, 198, 152, 166, 237, 180, 52, 30, 138, 48,
       20, 37, 221, 92, 217, 25, 170, 28, 193, 70, 232, 6, 32, 137, 10,
       247, 211, 41, 64, 218, 249, 27, 243, 75, 3, 90, 191, 185, 229,
       143, 56, 48, 27, 145, 42, 32, 172, 242, 201, 214, 163, 178, 79,
       94, 3, 120, 2, 32, 200, 52, 0, 91, 43, 2, 17, 146, 190, 4, 223,
       45, 30, 146, 96, 213, 74, 241, 136, 29, 22, 239, 119, 230, 54,
       123, 176, 245, 218, 95, 246, 89, 127, 187, 111, 127, 244, 191,
       190, 165, 245, 61, 140, 78, 235, 231, 132, 175, 231, 120, 241, 75,
       145, 54, 190, 61, 140, 177, 119, 237, 77, 206, 69, 174, 248, 50,
       196, 164, 35, 251, 5, 214, 41, 146, 245, 185, 116, 26, 74, 10, 6,
       161, 95, 87, 19, 198, 165, 163, 42, 56, 17, 41, 249, 155, 231,
       205, 110, 207, 222, 183, 135, 253, 181, 149, 209, 133, 192, 158,
       246, 223, 198, 142, 231, 171, 87, 168, 243, 88, 104, 252, 137, 86,
       253, 83, 9, 240, 104, 19, 145, 136, 16, 88, 154, 7, 104, 122, 42,
       64, 55, 110, 216, 36, 253, 114, 152, 198, 139, 155, 234, 234, 243,
       84, 163, 235, 218, 118, 43, 87, 214, 57, 203, 249, 96, 121, 202,
       23, 159, 171, 255, 45, 255, 94, 207, 191, 164, 191, 153, 112, 168,
       154, 106, 105, 253, 70, 129, 237, 90, 123, 170, 84, 250, 57, 207,
       213, 41, 63, 169, 55, 201, 227, 126, 174, 219, 86, 79, 251, 168,
       101, 148, 115, 168, 47, 49, 225, 67, 245, 127, 235, 88, 107, 233,
       121, 76, 88, 20, 221, 180, 25, 78, 22, 60, 147, 178, 253, 194, 15,
       28, 133, 228, 207, 231, 82, 244, 89, 156, 111, 101, 49, 126, 91,
       55, 49, 203, 246, 117, 59, 61, 150, 240, 36, 246, 253, 160, 189,
       156, 117, 15, 203, 239, 176, 208, 239, 132, 118, 123, 234, 124,
       100, 222, 111, 212, 190, 230, 169, 222, 92, 175, 44, 30, 23, 135,
       174, 243, 247, 199, 230, 111, 178, 237, 55, 122, 222, 139, 7, 53,
       63, 223, 238, 124, 240, 212, 111, 253, 190, 130, 137, 254, 182,
       171, 172, 254, 87, 175, 175, 245, 255, 71, 164, 103, 250, 234, 23,
       91, 203, 187, 71, 125, 15, 95, 223, 30, 246, 86, 35, 118, 26, 80,
       229, 206, 183, 173, 74, 238, 167, 255, 174, 245, 236, 226, 172,
       199, 184, 234, 146, 251, 65, 155, 202, 247, 108, 87, 14, 157, 186,
       159, 245, 213, 190, 226, 31, 74, 125, 39, 172, 254, 39, 132, 223,
       123, 147, 67, 215, 186, 122, 251, 103, 119, 11, 171, 87, 127, 45,
       223, 91, 248, 184, 250, 57, 221, 83, 212, 171, 93, 188, 13, 190,
       223, 98, 16, 167, 251, 253, 80, 14, 47, 186, 247, 219, 221, 23,
       123, 82, 6, 39, 91, 122, 254, 96, 88, 95, 209, 216, 3, 83, 69,
       188, 191, 43, 140, 150, 180, 75, 162, 213, 149, 158, 47, 118, 183,
       115, 93, 144, 219, 119, 140, 254, 86, 126, 20, 238, 20, 143, 121,
       145, 138, 207, 119, 175, 159, 74, 172, 95, 78, 169, 215, 253, 133,
       156, 97, 183, 128, 211, 123, 209, 159, 231, 109, 92, 86, 171, 211,
       109, 93, 122, 222, 189, 188, 218, 124, 20, 244, 120, 61, 158, 247,
       6, 94, 151, 108, 229, 216, 124, 157, 102, 121, 100, 183, 30, 148,
       156, 253, 58, 247, 104, 65, 187, 87, 95, 191, 97, 237, 190, 173,
       75, 61, 222, 180, 151, 150, 245, 180, 223, 136, 125, 141, 235,
       221, 37, 247, 111, 134, 206, 119, 54, 23, 118, 204, 253, 119, 250,
       104, 13, 204, 249, 47, 72, 254, 63, 148, 254, 249, 151, 241, 60,
       179, 121, 222, 55, 126, 131, 143, 215, 127, 124, 215, 32, 48, 114,
       137, 109, 95, 248, 72, 109, 32, 242, 2, 140, 158, 36, 208, 238,
       157, 238, 224, 8, 179, 209, 212, 151, 56, 138, 50, 87, 12, 123,
       134, 139, 24, 55, 241, 32, 254, 185, 23, 125, 91, 83, 116, 188,
       30, 148, 233, 167, 63, 63, 29, 179, 220, 49, 199, 135, 251, 122,
       192, 138, 128, 129, 253, 193, 34, 95, 161, 108, 137, 233, 83, 239,
       49, 240, 254, 157, 139, 240, 123, 110, 161, 127, 157, 131, 127,
       230, 192, 212, 152, 186, 168, 29, 136, 97, 168, 16, 0, 207, 197,
       14, 43, 233, 82, 175, 177, 242, 106, 159, 27, 192, 107, 106, 149,
       110, 136, 9, 251, 67, 192, 148, 144, 250, 32, 109, 136, 97, 168,
       207, 118, 187, 210, 105, 124, 155, 54, 169, 236, 156, 237, 188,
       158, 223, 175, 198, 117, 183, 95, 133, 79, 160, 226, 91, 125, 126,
       250, 142, 183, 15, 125, 190, 221, 18, 135, 221, 127, 254, 224, 61,
       174, 255, 11, 206, 126, 43, 197, 251, 211, 207, 226, 124, 51, 89,
       238, 191, 22, 143, 127, 87, 127, 239, 215, 169, 123, 105, 237,
       124, 219, 75, 220, 67, 236, 252, 168, 51, 29, 147, 176, 94, 248,
       214, 122, 203, 186, 100, 63, 126, 205, 165, 177, 119, 154, 94,
       233, 191, 76, 98, 190, 215, 62, 206, 112, 25, 194, 245, 158, 75,
       109, 183, 189, 127, 225, 151, 239, 237, 231, 124, 206, 179, 251,
       195, 152, 255, 255, 122, 244, 1, 34, 77, 189, 108, 137, 233, 83,
       238, 17, 242, 230, 157, 139, 208, 106, 110, 141, 110, 156, 131,
       250, 199, 209, 212, 184, 250, 192, 60, 136, 97, 169, 51, 200, 75,
       216, 76, 129, 205, 255, 134, 0, 208, 194, 49, 200, 184, 96, 76,
       138, 22, 205, 203, 47, 6, 189, 112, 168, 250, 136, 53, 152, 240,
       168, 51, 7, 106, 140, 84, 147, 234, 120, 85, 76, 252, 199, 65,
       200, 191, 64, 120, 168, 7, 237, 140, 179, 36, 206, 114, 108, 162,
       193, 119, 142, 120, 198, 3, 105, 38, 157, 114, 144, 184, 38, 172,
       192, 82, 131, 173, 142, 179, 96, 102, 123, 187, 197, 198, 152,
       166, 253, 36, 50, 154, 136, 20, 20, 33, 221, 234, 0, 80, 209, 110,
       8, 232, 81, 237, 17, 180, 26, 143, 11, 244, 79, 106, 129, 95, 153,
       2, 55, 64, 192, 214, 89, 250, 232, 71, 136, 97, 168, 2, 140, 2,
       155, 149, 183, 186, 71, 31, 3, 88, 18, 236, 202, 52, 196, 249, 43,
       147, 145, 54, 156, 16, 255, 45, 54, 154, 194, 150, 76, 177, 142,
       139, 186, 250, 247, 182, 135, 59, 115, 63, 203, 86, 118, 61, 239,
       162, 72, 127, 235, 55, 152, 179, 220, 48, 239, 222, 223, 191, 192,
       175, 129, 161, 249, 159, 74, 235, 251, 70, 129, 233, 88, 63, 192,
       87, 246, 189, 203, 241, 105, 126, 171, 55, 221, 195, 220, 47, 243,
       222, 205, 186, 192, 63, 169, 49, 240, 147, 113, 235, 221, 110, 17,
       185, 92, 25, 208, 116, 247, 25, 140, 254, 41, 126, 185, 183, 205,
       197, 126, 166, 192, 86, 121, 250, 168, 127, 140, 115, 253, 239,
       95, 123, 238, 236, 133, 223, 85, 137, 91, 181, 254, 28, 255, 252,
       43, 238, 243, 215, 199, 243, 39, 234, 227, 242, 121, 234, 186, 31,
       221, 163, 241, 142, 190, 163, 191, 245, 198, 186, 114, 63, 206,
       85, 247, 236, 255, 50, 64, 255, 123, 151, 135, 178, 190, 12, 255,
