%YAML:1.0
---
descriptors: !!opencv-matrix
   rows: 168
   cols: 32
   dt: u
   data: [ 2, 150, 90, 89, 50, 138, 57, 119, 60, 31, 119, 181, 140, 167,
       174, 80, 247, 27, 135, 0, 50, 156, 1, 87, 70, 247, 50, 195, 82,
       128, 173, 147, 106, 34, 225, 193, 78, 91, 161, 74, 23, 235, 178,
       234, 9, 144, 196, 188, 63, 156, 246, 144, 129, 126, 229, 146, 28,
       78, 177, 246, 255, 172, 84, 253, 61, 72, 107, 202, 86, 211, 203,
       112, 84, 68, 245, 230, 83, 205, 187, 96, 126, 168, 22, 238, 201,
       167, 108, 159, 82, 13, 163, 140, 63, 171, 112, 241, 38, 178, 160,
       136, 109, 20, 144, 200, 91, 60, 213, 175, 12, 200, 127, 140, 221,
       137, 135, 181, 198, 103, 202, 211, 154, 84, 11, 239, 95, 46, 59,
       199, 60, 221, 121, 237, 116, 79, 127, 249, 86, 108, 125, 34, 83,
       85, 179, 16, 126, 216, 23, 234, 202, 178, 105, 31, 119, 141, 165,
       165, 119, 251, 116, 243, 49, 135, 107, 250, 182, 131, 107, 255,
       86, 65, 222, 230, 113, 227, 176, 96, 127, 170, 23, 172, 251, 155,
       44, 255, 248, 239, 175, 192, 61, 138, 240, 249, 150, 216, 89, 234,
       27, 197, 27, 248, 134, 16, 129, 6, 124, 215, 41, 96, 127, 217,
       155, 226, 107, 7, 27, 253, 241, 129, 139, 46, 57, 3, 37, 59, 34,
       156, 138, 154, 209, 227, 154, 71, 150, 77, 217, 179, 32, 254, 32,
       64, 217, 187, 147, 145, 26, 139, 2, 255, 105, 22, 154, 203, 145,
       78, 180, 219, 50, 251, 105, 74, 219, 215, 151, 253, 7, 236, 180,
       239, 114, 221, 206, 33, 156, 248, 215, 103, 207, 43, 120, 61, 123,
       9, 173, 255, 115, 30, 214, 255, 201, 223, 245, 255, 186, 2, 30,
       183, 87, 250, 186, 246, 255, 63, 128, 115, 7, 223, 172, 131, 249,
       254, 125, 239, 238, 231, 119, 130, 255, 240, 165, 57, 46, 189,
       178, 154, 245, 247, 182, 200, 31, 13, 93, 3, 236, 252, 55, 205,
       217, 123, 131, 211, 54, 242, 122, 255, 63, 87, 143, 107, 151, 127,
       189, 214, 32, 233, 26, 186, 216, 205, 179, 231, 142, 85, 104, 9,
       180, 210, 98, 64, 200, 43, 2, 81, 86, 11, 218, 53, 109, 4, 30,
       107, 144, 10, 167, 218, 188, 120, 219, 224, 203, 249, 115, 192,
       163, 176, 36, 40, 63, 147, 65, 58, 162, 249, 230, 80, 2, 103, 178,
       160, 219, 217, 5, 123, 226, 27, 70, 171, 90, 202, 23, 252, 171,
       144, 29, 231, 189, 23, 228, 161, 172, 167, 33, 223, 231, 179, 239,
       128, 74, 75, 34, 209, 209, 247, 218, 139, 18, 84, 167, 107, 183,
       54, 205, 229, 162, 35, 203, 16, 20, 234, 215, 238, 81, 103, 157,
       43, 126, 213, 55, 238, 169, 214, 237, 202, 86, 139, 233, 148, 173,
       235, 48, 241, 81, 148, 156, 172, 28, 111, 80, 43, 94, 235, 154, 2,
       247, 56, 50, 98, 209, 166, 124, 33, 61, 233, 83, 143, 249, 239,
       127, 17, 152, 104, 89, 26, 153, 90, 111, 5, 36, 10, 111, 52, 117,
       198, 86, 231, 243, 37, 183, 117, 126, 228, 63, 239, 233, 180, 101,
       44, 102, 107, 226, 128, 111, 191, 116, 121, 247, 94, 239, 229, 38,
       42, 235, 16, 48, 234, 214, 231, 83, 45, 149, 9, 126, 228, 125,
       239, 169, 148, 229, 170, 198, 235, 233, 128, 45, 251, 82, 121, 48,
       183, 99, 73, 213, 219, 199, 237, 68, 76, 252, 110, 98, 232, 182,
       164, 120, 170, 130, 96, 223, 187, 124, 61, 59, 4, 37, 115, 123,
       14, 254, 254, 46, 57, 242, 222, 221, 215, 254, 200, 95, 172, 245,
       11, 72, 252, 119, 156, 248, 253, 151, 243, 204, 115, 218, 218, 63,
       127, 199, 47, 215, 127, 126, 215, 181, 126, 237, 229, 4, 11, 79,
       176, 81, 234, 210, 238, 115, 45, 145, 35, 126, 236, 23, 239, 233,
       246, 229, 174, 182, 235, 233, 144, 45, 187, 80, 249, 245, 86, 121,
       235, 156, 35, 75, 24, 86, 232, 157, 238, 83, 85, 241, 104, 94,
       212, 62, 254, 201, 38, 109, 158, 252, 170, 165, 188, 189, 251,
       112, 49, 48, 185, 26, 106, 211, 197, 19, 215, 39, 13, 108, 9, 52,
       215, 98, 16, 92, 186, 151, 208, 26, 26, 82, 61, 127, 133, 36, 234,
       179, 2, 166, 251, 37, 97, 109, 69, 116, 14, 99, 24, 101, 224, 127,
       64, 211, 69, 157, 116, 90, 140, 118, 106, 137, 176, 117, 8, 103,
       172, 161, 4, 103, 187, 66, 224, 33, 174, 235, 249, 244, 179, 235,
       210, 87, 193, 252, 230, 49, 136, 244, 40, 95, 234, 22, 157, 155,
       186, 228, 246, 94, 205, 183, 232, 253, 137, 242, 181, 3, 223, 59,
       255, 116, 133, 191, 246, 30, 73, 88, 70, 188, 223, 176, 96, 199,
       123, 23, 77, 227, 24, 34, 255, 101, 62, 186, 138, 28, 152, 49,
       251, 77, 20, 189, 125, 173, 110, 113, 27, 236, 218, 127, 68, 255,
       123, 1, 123, 165, 52, 124, 40, 145, 240, 115, 8, 199, 235, 113,
       16, 234, 225, 66, 51, 113, 2, 107, 229, 38, 10, 105, 51, 100, 232,
       254, 230, 19, 1, 144, 112, 122, 164, 30, 172, 201, 178, 101, 12,
       212, 173, 160, 128, 109, 168, 112, 41, 61, 84, 99, 101, 36, 95,
       230, 56, 100, 234, 250, 78, 83, 24, 149, 224, 126, 196, 126, 238,
       205, 182, 117, 14, 182, 239, 225, 132, 109, 187, 112, 53, 3, 95,
       27, 253, 112, 128, 191, 246, 190, 72, 90, 230, 189, 239, 177, 96,
       238, 123, 63, 201, 195, 152, 2, 255, 100, 190, 186, 136, 28, 145,
       33, 185, 197, 122, 189, 245, 40, 108, 93, 18, 250, 254, 54, 92,
       151, 55, 67, 123, 134, 85, 125, 8, 233, 68, 243, 0, 193, 171, 119,
       148, 8, 241, 7, 115, 91, 177, 50, 74, 59, 253, 19, 112, 239, 65,
       237, 40, 174, 215, 170, 244, 86, 186, 206, 8, 139, 11, 122, 213,
       147, 85, 2, 123, 90, 134, 47, 119, 242, 176, 190, 252, 26, 86,
       152, 72, 186, 254, 165, 185, 93, 190, 70, 91, 183, 213, 253, 160,
       44, 71, 187, 218, 219, 227, 251, 255, 1, 32, 47, 83, 37, 224, 185,
       235, 253, 237, 145, 204, 206, 57, 177, 24, 150, 217, 104, 42, 201,
       24, 90, 16, 19, 35, 250, 145, 207, 217, 17, 127, 208, 11, 213,
       162, 49, 144, 57, 105, 29, 205, 83, 201, 79, 113, 161, 24, 150,
       89, 12, 48, 216, 128, 76, 50, 27, 35, 123, 21, 211, 217, 1, 126,
       88, 10, 210, 34, 184, 120, 123, 98, 71, 221, 247, 84, 104, 128,
       180, 8, 58, 221, 69, 49, 58, 184, 210, 122, 65, 103, 176, 40, 123,
       201, 37, 57, 107, 26, 70, 170, 180, 88, 124, 79, 68, 71, 255, 240,
       116, 46, 246, 2, 115, 23, 35, 49, 124, 240, 23, 234, 104, 182, 57,
       127, 119, 171, 97, 0, 115, 179, 102, 250, 217, 150, 213, 101, 160,
       34, 77, 191, 117, 123, 242, 244, 217, 39, 152, 125, 95, 213, 124,
       172, 249, 210, 101, 206, 172, 218, 246, 196, 239, 212, 162, 61,
       49, 183, 35, 74, 240, 223, 151, 255, 70, 77, 252, 237, 98, 252,
       174, 52, 220, 122, 194, 100, 159, 187, 60, 61, 58, 20, 37, 250,
       91, 14, 246, 255, 34, 159, 42, 170, 188, 163, 147, 255, 142, 77,
       217, 231, 166, 252, 162, 64, 221, 58, 147, 21, 158, 139, 74, 191,
       232, 21, 171, 219, 148, 78, 180, 219, 31, 159, 67, 158, 244, 182,
       238, 251, 85, 72, 218, 230, 121, 232, 191, 228, 126, 234, 30, 239,
       207, 179, 31, 255, 50, 110, 174, 128, 63, 223, 248, 157, 30, 143,
       234, 190, 242, 160, 47, 242, 181, 13, 222, 231, 105, 239, 187, 64,
       126, 235, 167, 199, 154, 155, 14, 255, 250, 103, 174, 137, 183,
       199, 165, 249, 39, 54, 235, 65, 190, 55, 171, 217, 95, 237, 125,
       230, 80, 236, 255, 172, 95, 4, 150, 61, 151, 240, 109, 216, 14,
       30, 37, 198, 205, 239, 120, 213, 105, 59, 58, 76, 61, 221, 151,
       105, 238, 236, 172, 13, 186, 204, 23, 48, 148, 41, 223, 101, 132,
       43, 116, 31, 115, 13, 33, 57, 88, 14, 95, 91, 28, 21, 114, 110,
       247, 252, 250, 121, 61, 76, 127, 39, 111, 255, 63, 240, 254, 187,
       151, 166, 150, 178, 56, 207, 119, 237, 43, 131, 247, 231, 111,
       211, 94, 181, 50, 142, 115, 244, 62, 233, 191, 76, 223, 3, 108,
       254, 47, 212, 246, 253, 191, 227, 6, 147, 186, 223, 179, 117, 139,
       143, 6, 103, 47, 215, 1, 156, 123, 113, 52, 174, 105, 55, 124, 75,
       126, 116, 191, 39, 144, 112, 135, 46, 62, 12, 179, 188, 97, 79,
       204, 255, 50, 192, 200, 128, 195, 121, 185, 207, 111, 254, 14,
       129, 79, 246, 212, 74, 212, 198, 49, 227, 184, 97, 110, 226, 63,
       204, 235, 15, 38, 191, 240, 235, 254, 136, 61, 152, 240, 57, 14,
