%YAML:1.0
---
descriptors: !!opencv-matrix
   rows: 264
   cols: 32
   dt: u
   data: [ 111, 124, 227, 206, 126, 114, 207, 216, 67, 226, 221, 234,
       121, 247, 253, 180, 95, 252, 23, 238, 129, 19, 254, 250, 55, 60,
       173, 172, 183, 255, 118, 245, 46, 125, 241, 206, 246, 98, 107,
       216, 19, 132, 125, 170, 121, 247, 253, 116, 127, 248, 23, 250,
       139, 50, 190, 251, 95, 156, 167, 172, 183, 251, 118, 225, 72, 17,
       249, 225, 176, 252, 89, 23, 63, 109, 94, 48, 191, 23, 192, 116,
       134, 55, 125, 24, 147, 152, 177, 210, 207, 253, 50, 194, 134, 192,
       133, 121, 41, 220, 63, 93, 97, 223, 247, 182, 125, 74, 126, 108,
       58, 28, 150, 181, 140, 50, 214, 78, 237, 188, 113, 191, 103, 255,
       112, 146, 91, 148, 202, 125, 171, 245, 105, 69, 124, 95, 239, 127,
       73, 232, 52, 72, 187, 29, 212, 51, 142, 236, 87, 109, 233, 126,
       244, 207, 111, 89, 37, 184, 111, 188, 210, 253, 173, 241, 233,
       225, 236, 77, 237, 253, 107, 248, 180, 74, 155, 93, 213, 51, 57,
       200, 86, 121, 203, 126, 255, 144, 127, 217, 165, 52, 71, 184, 214,
       248, 146, 248, 126, 218, 106, 208, 189, 231, 174, 20, 214, 163,
       45, 222, 239, 113, 102, 59, 251, 195, 70, 79, 166, 245, 242, 97,
       94, 139, 53, 20, 45, 255, 57, 95, 99, 77, 92, 31, 198, 120, 69,
       232, 250, 78, 115, 24, 149, 244, 124, 236, 86, 239, 205, 183, 101,
       14, 50, 174, 161, 148, 127, 187, 122, 189, 189, 248, 97, 227, 221,
       223, 195, 220, 87, 121, 244, 26, 219, 93, 219, 172, 89, 216, 150,
       120, 187, 118, 125, 183, 255, 207, 165, 116, 247, 157, 212, 240,
       2, 180, 146, 154, 211, 245, 176, 71, 190, 31, 97, 17, 172, 254,
       110, 140, 233, 59, 131, 17, 54, 222, 18, 211, 15, 22, 26, 107,
       208, 68, 175, 214, 144, 207, 79, 191, 6, 128, 111, 117, 132, 2,
       90, 198, 241, 195, 168, 65, 114, 34, 46, 238, 105, 156, 7, 189,
       224, 163, 234, 0, 52, 154, 176, 40, 2, 156, 20, 157, 189, 239,
       184, 39, 158, 31, 74, 17, 172, 62, 32, 201, 201, 63, 187, 145, 50,
       216, 83, 221, 13, 50, 218, 67, 144, 76, 149, 218, 0, 141, 10, 159,
       20, 164, 165, 39, 44, 5, 74, 3, 180, 34, 32, 64, 224, 43, 3, 1,
       80, 152, 1, 207, 101, 36, 186, 1, 4, 72, 177, 138, 177, 0, 79,
       233, 20, 2, 233, 48, 116, 64, 242, 66, 83, 18, 176, 97, 120, 132,
       62, 172, 185, 180, 101, 204, 212, 170, 162, 68, 125, 168, 112, 32,
       184, 249, 122, 233, 114, 205, 123, 119, 57, 9, 116, 42, 63, 159,
       160, 48, 166, 187, 151, 64, 202, 186, 48, 255, 247, 221, 50, 131,
       119, 128, 231, 171, 135, 142, 138, 187, 50, 146, 122, 232, 191,
       95, 87, 183, 237, 234, 186, 64, 247, 41, 191, 149, 166, 156, 14,
       255, 206, 119, 191, 193, 156, 166, 57, 221, 2, 143, 26, 159, 82,
       160, 185, 39, 188, 5, 74, 131, 172, 166, 32, 64, 166, 59, 19, 133,
       18, 152, 0, 207, 101, 52, 154, 193, 4, 0, 165, 138, 43, 21, 97,
       71, 55, 243, 171, 51, 85, 225, 95, 226, 248, 52, 148, 228, 94, 62,
       154, 168, 177, 184, 101, 222, 46, 14, 160, 192, 111, 206, 84, 253,
       38, 244, 118, 138, 125, 215, 186, 233, 159, 143, 249, 11, 72, 220,
       62, 132, 249, 253, 131, 179, 50, 183, 26, 223, 61, 62, 143, 79,
       85, 47, 119, 247, 202, 220, 55, 218, 169, 253, 53, 231, 191, 95,
       196, 16, 190, 246, 38, 111, 193, 51, 251, 16, 115, 77, 250, 247,
       255, 114, 94, 91, 146, 92, 133, 126, 166, 84, 102, 202, 125, 247,
       254, 105, 223, 106, 251, 147, 104, 220, 63, 192, 251, 189, 147,
       227, 230, 183, 28, 223, 55, 30, 143, 143, 85, 127, 252, 134, 79,
       184, 179, 190, 193, 252, 127, 199, 191, 87, 234, 21, 252, 254,
       103, 254, 233, 235, 250, 149, 23, 91, 186, 227, 159, 255, 222, 10,
       138, 117, 167, 254, 254, 107, 228, 16, 205, 89, 212, 205, 195,
       246, 180, 143, 10, 136, 87, 159, 232, 204, 231, 247, 204, 103,
       254, 192, 18, 88, 197, 63, 103, 61, 126, 198, 102, 249, 96, 206,
       125, 152, 250, 160, 171, 64, 249, 171, 168, 220, 183, 228, 238,
       241, 223, 199, 198, 43, 206, 253, 54, 60, 138, 171, 93, 135, 123,
       207, 154, 159, 113, 239, 174, 64, 175, 125, 8, 72, 92, 230, 189,
       47, 176, 230, 110, 179, 31, 237, 209, 9, 165, 221, 244, 233, 238,
       168, 55, 190, 161, 249, 46, 188, 188, 250, 253, 245, 149, 239,
       155, 31, 181, 27, 236, 252, 110, 15, 205, 251, 235, 19, 50, 107,
       250, 245, 249, 83, 223, 127, 209, 93, 175, 239, 207, 123, 117,
       229, 103, 90, 191, 57, 123, 126, 118, 254, 237, 124, 151, 173, 54,
       93, 183, 111, 229, 116, 245, 220, 14, 123, 107, 230, 111, 172, 25,
       245, 106, 57, 48, 126, 105, 221, 155, 88, 139, 76, 189, 45, 238,
       221, 78, 52, 148, 57, 221, 67, 198, 35, 250, 157, 195, 217, 9,
       187, 90, 38, 15, 247, 94, 122, 187, 180, 42, 96, 57, 66, 184, 142,
       210, 163, 45, 174, 99, 10, 167, 245, 253, 147, 0, 197, 130, 234,
       209, 103, 126, 139, 164, 117, 39, 75, 2, 237, 16, 139, 213, 135,
       190, 239, 14, 5, 88, 2, 172, 106, 44, 132, 216, 27, 131, 209, 82,
       184, 88, 253, 45, 20, 142, 99, 22, 30, 181, 142, 75, 23, 117, 213,
       114, 223, 189, 53, 45, 204, 118, 229, 252, 31, 151, 231, 6, 53,
       247, 45, 181, 240, 117, 204, 102, 59, 32, 130, 46, 244, 9, 125,
       35, 173, 96, 11, 85, 221, 190, 239, 78, 68, 88, 135, 40, 204, 182,
       164, 216, 43, 147, 69, 198, 186, 124, 255, 45, 28, 143, 235, 85,
       14, 213, 222, 114, 151, 121, 255, 178, 226, 223, 55, 57, 75, 219,
       247, 241, 63, 148, 112, 215, 183, 149, 161, 249, 154, 101, 255,
       234, 63, 186, 192, 189, 192, 180, 121, 153, 211, 99, 163, 164, 3,
       237, 253, 54, 124, 86, 230, 25, 143, 240, 65, 126, 142, 31, 205,
       219, 216, 13, 209, 244, 201, 238, 196, 63, 154, 240, 249, 11, 27,
       121, 189, 50, 254, 185, 51, 61, 76, 94, 245, 189, 14, 134, 228,
       134, 57, 149, 13, 149, 152, 116, 211, 230, 253, 58, 130, 62, 196,
       133, 245, 23, 183, 104, 193, 254, 59, 250, 251, 105, 105, 125,
       238, 89, 62, 158, 32, 63, 147, 87, 185, 151, 58, 45, 221, 62, 77,
       171, 228, 237, 195, 219, 149, 5, 57, 151, 209, 237, 237, 225, 150,
       206, 249, 34, 12, 150, 181, 65, 10, 129, 102, 106, 28, 19, 121,
       242, 240, 141, 154, 87, 118, 200, 89, 209, 178, 152, 93, 95, 175,
       50, 198, 239, 112, 36, 204, 242, 135, 247, 87, 33, 33, 126, 241,
       95, 238, 105, 185, 57, 45, 241, 161, 175, 128, 37, 179, 37, 251,
       10, 133, 18, 155, 213, 214, 190, 231, 61, 5, 74, 19, 172, 126, 46,
       196, 243, 27, 147, 145, 86, 152, 17, 255, 47, 118, 158, 67, 146,
       4, 173, 206, 149, 77, 106, 79, 86, 30, 239, 112, 84, 192, 127,
       198, 113, 109, 183, 96, 126, 236, 22, 238, 225, 176, 53, 78, 118,
       45, 167, 128, 109, 251, 120, 240, 47, 54, 241, 67, 178, 251, 219,
       146, 31, 239, 125, 244, 139, 46, 199, 188, 95, 27, 150, 28, 183,
       180, 109, 210, 14, 221, 49, 230, 255, 197, 78, 245, 2, 79, 14,
       174, 88, 160, 62, 230, 140, 4, 200, 135, 172, 238, 51, 66, 236,
       99, 187, 197, 4, 11, 150, 233, 244, 52, 138, 139, 28, 86, 57, 218,
       153, 79, 70, 207, 50, 22, 110, 48, 53, 136, 214, 230, 121, 3, 177,
       245, 118, 244, 28, 238, 237, 148, 101, 238, 182, 235, 162, 128,
       47, 179, 40, 13, 75, 143, 104, 219, 242, 144, 171, 55, 124, 65,
       78, 194, 189, 103, 150, 96, 55, 59, 51, 156, 211, 152, 167, 119,
       110, 45, 186, 200, 38, 130, 163, 249, 159, 2, 235, 173, 230, 243,
       187, 88, 31, 110, 85, 215, 93, 237, 191, 44, 63, 249, 151, 191,
       167, 183, 44, 219, 86, 111, 187, 164, 255, 255, 49, 241, 229, 106,
       206, 69, 96, 22, 110, 56, 113, 170, 247, 196, 81, 98, 159, 255,
       126, 196, 116, 238, 237, 246, 205, 72, 22, 233, 227, 132, 111,
       179, 106, 133, 61, 69, 99, 108, 87, 22, 111, 112, 117, 192, 253,
       2, 75, 92, 183, 180, 126, 232, 150, 238, 205, 178, 52, 142, 115,
       237, 129, 1, 119, 191, 106, 228, 161, 133, 69, 9, 148, 159, 230,
       117, 77, 96, 82, 70, 211, 8, 180, 165, 120, 130, 22, 255, 245,
