%YAML:1.0
---
descriptors: !!opencv-matrix
   rows: 178
   cols: 32
   dt: u
   data: [ 97, 5, 125, 69, 180, 10, 111, 51, 117, 234, 126, 200, 211, 37,
       149, 53, 126, 230, 124, 44, 233, 184, 101, 14, 229, 238, 101, 128,
       101, 248, 86, 249, 58, 161, 58, 250, 11, 209, 17, 73, 139, 21,
       181, 43, 46, 223, 110, 18, 234, 177, 223, 144, 90, 11, 42, 209,
       219, 209, 26, 123, 19, 10, 167, 107, 90, 185, 187, 250, 155, 201,
       17, 207, 171, 21, 165, 40, 174, 223, 106, 58, 163, 179, 253, 16,
       26, 75, 186, 241, 219, 213, 30, 123, 144, 0, 167, 107, 209, 26,
       63, 251, 168, 172, 61, 151, 172, 91, 158, 116, 151, 151, 192, 107,
       166, 55, 125, 16, 155, 9, 163, 32, 194, 233, 58, 208, 8, 144, 161,
       57, 35, 23, 106, 140, 126, 147, 238, 121, 197, 72, 217, 239, 99,
       232, 182, 0, 94, 168, 22, 103, 220, 163, 4, 159, 112, 44, 169,
       184, 125, 174, 122, 133, 51, 23, 98, 12, 116, 19, 194, 120, 85,
       72, 254, 231, 74, 136, 182, 112, 120, 140, 22, 239, 157, 187, 5,
       206, 50, 46, 160, 196, 127, 142, 120, 133, 145, 2, 207, 237, 30,
       130, 104, 89, 102, 0, 242, 198, 113, 195, 176, 96, 120, 164, 46,
       140, 137, 183, 7, 93, 212, 171, 227, 128, 61, 138, 112, 32, 90,
       189, 191, 254, 91, 196, 53, 103, 191, 65, 238, 2, 124, 255, 32,
       112, 166, 59, 251, 0, 67, 203, 178, 255, 243, 247, 31, 11, 42, 0,
       167, 122, 3, 205, 110, 159, 52, 144, 237, 182, 254, 81, 94, 131,
       189, 174, 182, 100, 103, 107, 51, 205, 198, 216, 118, 245, 110,
       63, 190, 128, 22, 148, 181, 236, 83, 237, 231, 157, 148, 146, 173,
       247, 54, 81, 94, 131, 57, 190, 182, 100, 99, 111, 59, 141, 203,
       216, 231, 237, 127, 46, 254, 128, 5, 212, 241, 248, 92, 249, 25,
       170, 28, 193, 70, 232, 6, 0, 200, 10, 247, 223, 41, 96, 220, 249,
       31, 227, 75, 3, 88, 189, 249, 197, 143, 120, 60, 27, 17, 34, 105,
       251, 56, 236, 116, 157, 83, 246, 107, 44, 124, 12, 191, 153, 146,
       48, 140, 236, 198, 72, 218, 58, 224, 61, 255, 253, 32, 248, 98,
       136, 78, 105, 173, 249, 109, 73, 124, 211, 251, 252, 86, 204, 244,
       166, 81, 93, 183, 32, 88, 168, 151, 254, 233, 182, 125, 63, 127,
       9, 165, 197, 119, 154, 118, 251, 75, 151, 54, 190, 189, 140, 177,
       119, 175, 93, 91, 69, 174, 232, 58, 196, 167, 35, 255, 13, 214,
       169, 18, 245, 233, 118, 26, 74, 10, 6, 161, 95, 87, 19, 199, 133,
       162, 34, 60, 25, 41, 203, 155, 231, 205, 110, 223, 222, 183, 133,
       127, 181, 149, 209, 135, 192, 148, 118, 203, 134, 140, 231, 163,
       213, 170, 249, 116, 222, 63, 209, 222, 236, 223, 125, 148, 171,
       236, 220, 191, 164, 142, 115, 223, 199, 230, 45, 126, 255, 35, 88,
       141, 187, 87, 159, 95, 95, 168, 227, 80, 104, 116, 137, 70, 252,
       81, 9, 244, 104, 35, 145, 172, 20, 88, 154, 7, 120, 122, 190, 64,
       55, 106, 216, 180, 253, 91, 152, 198, 139, 130, 12, 2, 158, 21,
       182, 42, 67, 31, 11, 82, 18, 236, 218, 48, 228, 217, 43, 155, 145,
       54, 156, 16, 255, 37, 54, 154, 194, 144, 12, 177, 142, 2, 12, 162,
       153, 85, 231, 170, 71, 94, 67, 82, 18, 160, 216, 52, 76, 217, 58,
       19, 145, 178, 190, 21, 223, 45, 22, 154, 195, 149, 76, 181, 238,
       45, 53, 225, 67, 245, 127, 234, 89, 123, 233, 125, 76, 80, 28,
       220, 180, 89, 140, 18, 190, 147, 178, 125, 208, 15, 28, 133, 228,
       207, 143, 210, 180, 32, 172, 242, 201, 213, 235, 178, 79, 95, 7,
       120, 3, 32, 217, 52, 0, 249, 58, 131, 17, 146, 190, 0, 223, 47,
       30, 146, 99, 213, 74, 244, 138, 90, 156, 99, 117, 49, 254, 89, 54,
       49, 75, 246, 245, 59, 63, 150, 240, 164, 182, 253, 128, 189, 156,
       49, 143, 195, 239, 176, 192, 239, 132, 118, 123, 202, 124, 100,
       215, 111, 212, 190, 230, 169, 222, 212, 175, 172, 30, 23, 135,
       174, 243, 247, 199, 230, 111, 178, 237, 55, 123, 222, 139, 7, 21,
       63, 223, 238, 92, 242, 214, 111, 253, 190, 130, 169, 238, 182,
       175, 172, 252, 87, 175, 167, 245, 255, 71, 164, 103, 250, 234, 23,
       89, 73, 187, 71, 253, 31, 87, 223, 30, 242, 86, 51, 118, 18, 80,
       249, 206, 191, 173, 74, 254, 167, 255, 230, 245, 236, 102, 172,
       231, 174, 234, 210, 123, 65, 155, 198, 247, 108, 87, 127, 52, 240,
       98, 239, 119, 219, 216, 155, 238, 181, 189, 74, 125, 223, 190,
       223, 209, 213, 243, 188, 103, 120, 206, 27, 95, 205, 255, 199,
       231, 94, 87, 171, 19, 105, 157, 110, 153, 185, 81, 27, 89, 117,
       247, 29, 204, 254, 41, 126, 185, 183, 133, 133, 114, 230, 192, 86,
       121, 250, 170, 127, 140, 19, 221, 89, 248, 56, 250, 57, 221, 83,
       240, 171, 77, 188, 13, 62, 223, 98, 48, 164, 249, 221, 82, 142,
       47, 186, 247, 219, 221, 35, 123, 90, 7, 7, 91, 122, 20, 238, 52,
       11, 117, 145, 26, 143, 255, 158, 191, 74, 188, 87, 47, 173, 215,
       253, 133, 140, 97, 183, 128, 211, 91, 217, 155, 227, 125, 92, 95,
       171, 87, 109, 77, 114, 94, 191, 29, 219, 124, 86, 245, 121, 61,
       150, 243, 134, 30, 151, 108, 165, 216, 109, 159, 102, 121, 160,
       148, 158, 132, 28, 249, 59, 182, 105, 97, 179, 87, 91, 59, 97,
       237, 63, 237, 107, 61, 222, 180, 151, 23, 213, 36, 157, 152, 241,
       141, 203, 223, 36, 215, 111, 134, 206, 119, 60, 125, 123, 101, 52,
       143, 103, 116, 100, 172, 254, 38, 83, 85, 177, 48, 62, 252, 4,
       234, 201, 178, 48, 12, 243, 205, 37, 4, 107, 179, 102, 249, 51,
       91, 74, 164, 114, 130, 110, 117, 33, 200, 126, 231, 49, 131, 162,
       80, 118, 172, 23, 238, 201, 155, 4, 76, 114, 37, 166, 128, 47,
       162, 42, 217, 106, 191, 39, 156, 109, 240, 185, 103, 137, 93, 220,
       175, 168, 188, 150, 135, 200, 187, 179, 133, 212, 74, 246, 197, 7,
       113, 218, 235, 7, 76, 246, 255, 254, 150, 105, 69, 51, 126, 89,
       154, 49, 109, 22, 247, 91, 29, 151, 100, 183, 157, 149, 53, 189,
       220, 245, 198, 218, 253, 49, 215, 175, 228, 92, 119, 26, 175, 106,
       133, 118, 147, 170, 103, 5, 173, 222, 163, 41, 172, 182, 132, 126,
       171, 135, 149, 140, 155, 4, 255, 58, 69, 174, 195, 39, 142, 60,
       204, 54, 53, 242, 140, 117, 127, 86, 107, 29, 236, 253, 43, 78,
       190, 38, 148, 254, 221, 223, 163, 76, 179, 80, 202, 179, 60, 135,
       191, 95, 126, 110, 215, 143, 123, 241, 149, 106, 157, 187, 148,
       155, 248, 84, 237, 188, 214, 199, 191, 134, 125, 183, 94, 209, 84,
       254, 192, 6, 88, 45, 174, 158, 180, 3, 245, 15, 115, 123, 233,
       238, 153, 233, 85, 108, 73, 255, 230, 157, 143, 248, 96, 110, 137,
       95, 223, 209, 48, 102, 208, 214, 221, 170, 236, 62, 155, 241, 241,
       40, 32, 70, 173, 109, 91, 248, 72, 45, 36, 244, 3, 140, 143, 3,
       200, 234, 157, 238, 128, 0, 179, 193, 208, 149, 113, 154, 51, 87,
       12, 119, 202, 139, 122, 63, 30, 40, 84, 185, 60, 168, 220, 20,
       229, 252, 254, 183, 175, 135, 113, 253, 111, 229, 69, 178, 237,
       194, 123, 111, 154, 14, 180, 15, 253, 182, 85, 82, 130, 205, 127,
       254, 66, 61, 2, 185, 27, 206, 90, 46, 212, 251, 211, 206, 227,
       108, 39, 89, 238, 181, 20, 142, 59, 87, 127, 255, 134, 203, 114,
       187, 156, 105, 124, 153, 54, 169, 92, 180, 236, 188, 158, 207,
       175, 230, 117, 183, 77, 133, 79, 162, 224, 211, 121, 122, 186,
       142, 181, 47, 125, 250, 235, 104, 34, 61, 209, 82, 204, 235, 117,
       140, 173, 43, 140, 86, 18, 130, 195, 237, 85, 222, 11, 238, 179,
       250, 85, 140, 255, 39, 6, 222, 78, 123, 240, 114, 100, 61, 95, 90,
       120, 193, 232, 180, 40, 11, 221, 247, 180, 30, 180, 212, 104, 205,
       35, 48, 156, 250, 221, 1, 255, 110, 174, 74, 21, 79, 179, 98, 201,
       111, 25, 250, 248, 239, 248, 247, 238, 200, 238, 254, 231, 111,
       205, 255, 239, 133, 51, 239, 216, 62, 124, 207, 175, 127, 191,
       107, 213, 49, 223, 123, 77, 246, 3, 175, 255, 92, 232, 120, 226,
       113, 124, 180, 36, 126, 250, 22, 234, 241, 186, 45, 95, 60, 14,
       167, 132, 125, 186, 241, 189, 17, 0, 87, 137, 102, 139, 232, 83,
       47, 1, 242, 238, 191, 11, 144, 204, 106, 129, 110, 137, 3, 51, 71,
