%YAML:1.0
---
descriptors: !!opencv-matrix
   rows: 125
   cols: 32
   dt: u
   data: [ 161, 5, 125, 101, 244, 74, 111, 51, 117, 230, 254, 200, 211,
       37, 145, 49, 90, 228, 100, 40, 233, 184, 101, 14, 230, 175, 101,
       128, 103, 248, 70, 233, 122, 185, 57, 248, 153, 205, 17, 199, 171,
       29, 164, 8, 174, 159, 64, 18, 129, 187, 239, 80, 26, 43, 242, 241,
       219, 213, 22, 123, 210, 0, 135, 106, 33, 183, 107, 79, 244, 143,
       239, 119, 85, 232, 125, 206, 112, 37, 148, 36, 124, 174, 22, 172,
       249, 186, 117, 223, 125, 30, 165, 192, 109, 138, 242, 253, 131,
       197, 174, 156, 252, 50, 173, 111, 222, 198, 222, 183, 121, 238,
       182, 101, 127, 171, 59, 173, 245, 203, 103, 223, 60, 46, 207, 204,
       157, 252, 185, 220, 218, 189, 63, 254, 91, 192, 55, 101, 188, 192,
       102, 34, 252, 247, 32, 98, 166, 115, 251, 129, 97, 203, 178, 239,
       249, 231, 15, 11, 40, 32, 165, 123, 60, 249, 89, 170, 94, 135, 87,
       252, 22, 32, 220, 106, 119, 211, 41, 80, 94, 217, 23, 235, 75, 18,
       88, 61, 249, 197, 165, 124, 52, 155, 48, 35, 189, 89, 79, 236, 6,
       194, 111, 112, 165, 66, 247, 246, 83, 143, 176, 105, 120, 176, 31,
       234, 201, 183, 20, 140, 210, 235, 226, 128, 63, 171, 240, 48, 57,
       191, 120, 108, 119, 159, 90, 119, 113, 173, 252, 14, 59, 57, 150,
       176, 254, 190, 134, 44, 204, 186, 96, 159, 119, 205, 32, 99, 99,
       138, 234, 239, 127, 87, 97, 78, 124, 80, 207, 220, 65, 64, 253,
       238, 123, 77, 157, 52, 94, 208, 21, 239, 201, 34, 236, 237, 114,
       124, 160, 184, 119, 255, 118, 245, 71, 18, 143, 133, 226, 38, 173,
       81, 44, 251, 219, 247, 220, 38, 219, 107, 63, 135, 127, 191, 145,
       209, 165, 64, 148, 38, 235, 132, 140, 119, 163, 245, 130, 249,
       116, 218, 127, 213, 222, 252, 223, 92, 20, 175, 232, 220, 254,
       164, 158, 243, 223, 195, 230, 41, 62, 255, 43, 88, 141, 255, 87,
       156, 223, 95, 168, 255, 75, 126, 117, 201, 67, 244, 85, 76, 244,
       108, 58, 129, 163, 148, 72, 232, 198, 74, 107, 63, 104, 63, 114,
       133, 32, 40, 123, 139, 110, 249, 45, 161, 225, 65, 244, 111, 107,
       89, 115, 233, 61, 24, 83, 85, 220, 52, 25, 140, 23, 188, 155, 50,
       237, 18, 111, 28, 165, 228, 231, 130, 214, 225, 155, 106, 227,
       255, 102, 177, 249, 88, 31, 226, 84, 222, 57, 206, 245, 41, 63,
       185, 23, 141, 163, 118, 46, 251, 86, 79, 251, 168, 255, 236, 115,
       229, 91, 158, 251, 117, 50, 174, 91, 51, 53, 73, 118, 245, 59, 63,
       148, 112, 39, 183, 253, 12, 185, 156, 37, 111, 194, 255, 48, 194,
       238, 132, 34, 121, 234, 92, 242, 214, 111, 253, 190, 130, 169,
       206, 182, 171, 44, 252, 87, 175, 166, 241, 255, 199, 164, 231,
       178, 234, 55, 120, 202, 187, 71, 117, 15, 223, 127, 60, 240, 224,
       239, 118, 218, 208, 89, 238, 181, 171, 78, 125, 215, 191, 223,
       245, 213, 247, 188, 103, 252, 234, 155, 223, 205, 191, 199, 255,
       94, 87, 250, 249, 121, 186, 27, 193, 27, 228, 131, 116, 132, 171,
       47, 159, 98, 19, 174, 219, 221, 211, 74, 79, 186, 181, 251, 193,
       140, 251, 119, 22, 6, 122, 185, 207, 107, 254, 126, 129, 207, 244,
       213, 72, 252, 238, 51, 205, 181, 33, 110, 234, 23, 207, 233, 171,
       46, 191, 114, 205, 166, 168, 125, 186, 242, 249, 89, 248, 56, 250,
       57, 221, 83, 246, 235, 93, 164, 12, 190, 223, 98, 114, 167, 251,
       253, 80, 79, 111, 186, 245, 219, 221, 23, 123, 82, 6, 15, 75, 30,
       114, 255, 101, 38, 82, 249, 88, 121, 252, 119, 230, 89, 223, 221,
       187, 182, 221, 181, 243, 137, 244, 161, 200, 211, 251, 239, 134,
       239, 183, 119, 243, 9, 51, 111, 235, 110, 185, 233, 80, 237, 89,
       119, 230, 185, 143, 249, 107, 110, 139, 127, 156, 131, 176, 231,
       208, 214, 249, 242, 128, 62, 139, 97, 241, 33, 255, 107, 77, 246,
       7, 239, 253, 84, 232, 248, 230, 81, 100, 181, 36, 126, 248, 22,
       238, 225, 186, 109, 95, 52, 14, 165, 132, 125, 186, 240, 185, 10,
       153, 150, 187, 131, 220, 52, 231, 175, 85, 78, 35, 172, 190, 38,
       214, 166, 59, 251, 145, 87, 217, 50, 245, 191, 247, 94, 67, 42, 4,
       173, 222, 61, 223, 123, 234, 124, 151, 223, 248, 69, 72, 253, 238,
       123, 221, 183, 48, 254, 248, 151, 238, 235, 35, 40, 255, 114, 221,
       165, 184, 127, 155, 102, 249, 74, 139, 55, 158, 117, 156, 61, 55,
       173, 13, 94, 69, 172, 175, 50, 198, 166, 39, 255, 5, 210, 153,
       162, 253, 181, 116, 26, 203, 2, 6, 165, 127, 121, 5, 98, 12, 21,
       19, 198, 121, 69, 64, 254, 78, 66, 40, 182, 228, 120, 132, 94,
       111, 205, 163, 5, 206, 50, 45, 2, 20, 127, 174, 120, 20, 3, 205,
       236, 149, 246, 146, 173, 55, 92, 99, 94, 211, 184, 44, 150, 100,
       111, 62, 51, 141, 245, 248, 101, 239, 46, 63, 190, 192, 39, 220,
       249, 253, 50, 0, 82, 128, 101, 76, 248, 64, 45, 4, 178, 11, 174,
       30, 53, 64, 234, 177, 223, 225, 64, 179, 80, 200, 151, 241, 138,
       131, 101, 10, 101, 130, 17, 204, 107, 250, 86, 163, 235, 210, 119,
       67, 218, 214, 113, 235, 185, 96, 123, 170, 22, 188, 171, 191, 45,
       255, 248, 206, 183, 132, 189, 139, 112, 248, 138, 158, 178, 223,
       244, 182, 190, 242, 29, 207, 94, 118, 172, 238, 182, 96, 255, 123,
       151, 131, 183, 188, 34, 239, 174, 255, 190, 131, 150, 205, 189,
       205, 46, 28, 50, 191, 245, 247, 186, 226, 31, 74, 125, 39, 236,
       252, 55, 68, 223, 123, 147, 67, 145, 186, 90, 255, 63, 127, 143,
       203, 223, 127, 61, 211, 187, 86, 109, 121, 42, 223, 157, 60, 157,
       126, 180, 245, 123, 29, 159, 107, 135, 21, 221, 55, 229, 229, 51,
       158, 67, 251, 112, 215, 95, 133, 86, 255, 187, 211, 108, 90, 123,
       213, 153, 95, 133, 77, 220, 183, 40, 221, 190, 164, 206, 187, 151,
       133, 239, 138, 118, 253, 115, 121, 186, 203, 63, 140, 188, 255,
       126, 17, 168, 46, 141, 112, 149, 11, 139, 245, 159, 143, 10, 188,
       127, 74, 233, 183, 253, 145, 30, 43, 243, 192, 219, 117, 222, 187,
       199, 111, 220, 86, 110, 56, 242, 210, 231, 255, 250, 208, 153,
       238, 183, 171, 140, 253, 87, 190, 142, 245, 215, 83, 132, 247,
       248, 234, 31, 94, 207, 243, 167, 239, 95, 215, 206, 92, 242, 222,
       111, 252, 186, 194, 169, 206, 244, 171, 172, 254, 23, 143, 174,
       243, 255, 199, 164, 111, 178, 234, 23, 123, 218, 171, 71, 119, 15,
       223, 74, 157, 55, 182, 105, 236, 185, 51, 169, 72, 191, 237, 252,
       255, 132, 215, 166, 55, 253, 35, 209, 9, 176, 237, 51, 113, 106,
       218, 78, 70, 167, 115, 168, 247, 120, 97, 118, 11, 122, 252, 123,
       57, 52, 110, 31, 25, 200, 17, 55, 156, 23, 112, 226, 188, 73, 23,
       126, 201, 37, 229, 111, 154, 198, 139, 169, 254, 96, 95, 113, 217,
       211, 246, 21, 76, 244, 236, 187, 21, 135, 181, 78, 202, 134, 78,
       239, 190, 116, 191, 102, 217, 48, 163, 91, 159, 78, 253, 138, 252,
       100, 216, 127, 213, 222, 254, 207, 124, 20, 175, 40, 220, 118,
       165, 175, 241, 223, 227, 230, 45, 126, 253, 63, 24, 143, 251, 95,
       156, 93, 95, 137, 75, 199, 197, 228, 26, 108, 87, 109, 242, 114,
       230, 185, 130, 213, 255, 98, 236, 62, 206, 197, 248, 199, 192, 38,
       168, 230, 128, 47, 240, 249, 141, 138, 209, 50, 153, 237, 87, 188,
       239, 29, 95, 86, 183, 140, 190, 46, 197, 255, 27, 179, 129, 244,
       254, 114, 211, 47, 114, 222, 207, 30, 28, 173, 223, 79, 179, 165,
       129, 163, 94, 189, 157, 46, 253, 30, 246, 157, 54, 218, 238, 38,
       71, 255, 156, 151, 216, 245, 192, 238, 109, 190, 196, 142, 214,
       173, 245, 70, 130, 164, 155, 60, 184, 250, 10, 175, 29, 159, 241,
       239, 237, 218, 204, 215, 19, 255, 21, 154, 33, 79, 247, 142, 118,
       186, 221, 150, 143, 157, 69, 63, 12, 230, 158, 205, 118, 222, 104,
       153, 198, 253, 11, 106, 108, 55, 159, 255, 229, 223, 167, 172,
       231, 124, 238, 179, 123, 207, 155, 215, 127, 110, 198, 61, 199,
       104, 204, 254, 3, 207, 248, 67, 40, 253, 234, 83, 105, 188, 32,
       126, 204, 23, 235, 221, 35, 109, 191, 114, 239, 165, 252, 127,
       187, 242, 129, 185, 126, 121, 73, 126, 223, 203, 254, 84, 232,
