%YAML:1.0
---
descriptors: !!opencv-matrix
   rows: 244
   cols: 32
   dt: u
   data: [ 43, 185, 112, 74, 123, 221, 219, 248, 139, 200, 189, 41, 238,
       220, 223, 52, 142, 57, 215, 67, 198, 35, 250, 253, 75, 92, 1, 187,
       87, 143, 79, 247, 254, 123, 228, 0, 205, 93, 212, 204, 203, 254,
       180, 175, 10, 204, 87, 159, 105, 200, 231, 247, 206, 103, 238,
       208, 19, 88, 197, 191, 103, 61, 126, 214, 154, 207, 97, 239, 238,
       0, 239, 127, 44, 74, 92, 230, 189, 47, 176, 227, 110, 223, 23,
       174, 241, 24, 165, 207, 244, 233, 238, 168, 55, 250, 165, 249,
       181, 6, 236, 159, 172, 34, 205, 186, 84, 246, 213, 246, 83, 105,
       159, 107, 123, 198, 62, 239, 185, 230, 109, 174, 112, 42, 229,
       156, 253, 249, 240, 97, 10, 237, 16, 139, 213, 215, 190, 239, 30,
       5, 88, 3, 172, 220, 116, 132, 216, 59, 147, 209, 86, 184, 88, 255,
       45, 20, 143, 103, 23, 14, 189, 206, 35, 237, 98, 139, 213, 213,
       190, 239, 94, 68, 88, 139, 40, 220, 54, 164, 216, 43, 147, 215,
       214, 186, 124, 255, 45, 28, 143, 235, 85, 30, 221, 222, 173, 75,
       205, 105, 236, 11, 77, 191, 70, 248, 188, 237, 147, 41, 209, 25,
       89, 192, 6, 124, 237, 42, 109, 24, 106, 201, 229, 252, 253, 248,
       208, 216, 10, 181, 49, 218, 153, 237, 144, 207, 175, 61, 185, 25,
       142, 255, 108, 140, 139, 27, 219, 17, 18, 43, 90, 241, 155, 213,
       26, 127, 210, 68, 135, 19, 152, 221, 28, 173, 18, 207, 127, 125,
       36, 68, 214, 39, 247, 87, 2, 65, 110, 179, 93, 233, 106, 137, 113,
       61, 225, 193, 170, 0, 48, 128, 37, 90, 33, 167, 108, 69, 52, 47,
       201, 55, 80, 169, 191, 92, 179, 41, 212, 35, 72, 38, 84, 12, 249,
       250, 225, 14, 110, 159, 240, 176, 76, 200, 88, 169, 10, 157, 18,
       155, 247, 214, 190, 231, 61, 5, 94, 19, 172, 254, 38, 196, 243,
       59, 155, 129, 118, 152, 17, 255, 47, 118, 158, 195, 18, 4, 173,
       142, 14, 180, 147, 147, 185, 252, 176, 202, 171, 249, 169, 21,
       140, 222, 72, 154, 163, 31, 235, 17, 23, 77, 154, 243, 143, 116,
       31, 126, 138, 69, 139, 215, 25, 65, 93, 237, 12, 11, 73, 24, 6,
       160, 75, 66, 147, 3, 0, 112, 98, 140, 44, 236, 9, 144, 211, 29,
       198, 233, 161, 4, 56, 138, 64, 0, 138, 172, 150, 151, 101, 244,
       188, 103, 159, 159, 91, 19, 236, 254, 102, 197, 249, 123, 179,
       129, 52, 252, 138, 235, 63, 86, 219, 43, 6, 111, 189, 207, 160,
       97, 27, 165, 92, 201, 162, 64, 226, 128, 187, 10, 117, 216, 97, 2,
       232, 45, 106, 99, 66, 163, 130, 9, 21, 225, 171, 56, 65, 43, 119,
       162, 2, 128, 132, 156, 89, 6, 184, 74, 30, 149, 64, 131, 172, 130,
       38, 200, 220, 61, 187, 161, 6, 95, 83, 221, 28, 55, 218, 207, 16,
       12, 57, 142, 72, 17, 187, 225, 177, 252, 89, 23, 63, 77, 94, 48,
       191, 23, 192, 116, 134, 183, 125, 24, 147, 152, 177, 210, 207,
       253, 48, 210, 130, 192, 133, 123, 238, 156, 102, 222, 247, 244,
       186, 200, 187, 93, 83, 51, 108, 254, 62, 204, 255, 255, 179, 245,
       182, 243, 154, 253, 53, 126, 218, 203, 151, 87, 63, 215, 104, 21,
       255, 229, 252, 108, 125, 51, 105, 236, 190, 40, 255, 55, 134, 114,
       102, 246, 125, 168, 153, 122, 241, 204, 255, 255, 117, 192, 194,
       224, 70, 121, 233, 253, 121, 69, 124, 95, 253, 55, 121, 232, 52,
       120, 187, 29, 212, 51, 158, 220, 86, 109, 225, 124, 244, 207, 110,
       217, 117, 184, 79, 184, 210, 253, 47, 191, 225, 195, 246, 187,
       251, 147, 107, 109, 61, 255, 13, 47, 220, 180, 55, 155, 215, 189,
       151, 152, 109, 254, 110, 92, 171, 230, 191, 199, 215, 245, 230,
       212, 102, 218, 125, 247, 186, 200, 223, 6, 219, 151, 72, 204, 63,
       196, 255, 189, 179, 179, 182, 183, 30, 223, 63, 62, 143, 143, 213,
       127, 124, 215, 163, 124, 105, 213, 100, 31, 205, 118, 89, 234,
       116, 238, 187, 12, 215, 41, 158, 236, 23, 111, 237, 126, 245, 191,
       102, 91, 241, 184, 95, 253, 82, 253, 41, 158, 124, 101, 116, 175,
       123, 50, 117, 78, 126, 108, 243, 53, 146, 48, 30, 164, 86, 44,
       249, 184, 113, 15, 230, 239, 32, 128, 106, 232, 66, 241, 73, 21,
       63, 71, 180, 94, 237, 55, 104, 232, 127, 68, 252, 61, 150, 117,
       164, 54, 124, 44, 209, 184, 177, 76, 103, 61, 114, 128, 66, 194,
       211, 121, 82, 113, 22, 136, 79, 192, 184, 64, 175, 5, 249, 35, 12,
       154, 36, 84, 238, 189, 167, 193, 6, 43, 130, 209, 17, 48, 26, 11,
       21, 7, 39, 143, 170, 72, 62, 188, 77, 148, 92, 230, 173, 26, 230,
       0, 174, 154, 39, 255, 200, 179, 223, 65, 108, 207, 82, 237, 211,
       242, 218, 27, 10, 20, 43, 14, 25, 148, 63, 90, 27, 244, 49, 234,
       252, 81, 237, 16, 28, 182, 44, 113, 227, 19, 130, 144, 51, 43, 50,
       87, 91, 239, 18, 79, 210, 0, 37, 103, 105, 72, 211, 69, 100, 94,
       110, 48, 121, 202, 114, 64, 91, 162, 149, 246, 82, 236, 52, 106,
       205, 246, 244, 202, 38, 254, 231, 128, 111, 242, 106, 165, 33,
       244, 225, 67, 244, 15, 239, 245, 117, 107, 126, 246, 81, 53, 156,
       52, 127, 206, 22, 188, 241, 190, 125, 110, 126, 14, 180, 196, 239,
       154, 242, 249, 24, 30, 46, 189, 54, 230, 189, 118, 52, 206, 222,
       231, 247, 63, 51, 64, 239, 119, 63, 133, 168, 153, 17, 15, 192,
       167, 250, 128, 60, 104, 53, 91, 79, 54, 249, 193, 180, 52, 251,
       154, 107, 201, 30, 229, 156, 190, 223, 170, 183, 87, 255, 157,
       151, 33, 183, 194, 14, 93, 186, 206, 142, 231, 121, 117, 189, 69,
       239, 77, 86, 110, 255, 112, 84, 198, 127, 199, 81, 109, 191, 97,
       126, 164, 23, 238, 224, 176, 53, 206, 119, 47, 161, 132, 103, 251,
       116, 240, 146, 140, 15, 191, 22, 160, 44, 39, 148, 3, 202, 82,
       124, 98, 40, 65, 99, 163, 59, 128, 121, 141, 3, 255, 144, 166,
       218, 128, 53, 64, 161, 8, 25, 141, 106, 201, 214, 247, 251, 247,
       84, 69, 94, 130, 185, 127, 178, 96, 126, 186, 23, 156, 147, 184,
       37, 255, 111, 237, 162, 192, 183, 138, 245, 232, 9, 217, 19, 255,
       21, 143, 111, 244, 132, 64, 74, 68, 183, 215, 48, 228, 204, 42,
       26, 78, 75, 168, 81, 63, 225, 253, 130, 0, 26, 26, 112, 184, 16,
       143, 6, 190, 21, 134, 228, 103, 212, 8, 218, 3, 35, 233, 48, 192,
       104, 170, 3, 137, 92, 187, 0, 239, 177, 102, 138, 1, 51, 14, 248,
       138, 153, 211, 107, 163, 166, 7, 237, 253, 116, 104, 215, 230, 87,
       137, 186, 97, 126, 142, 63, 207, 217, 185, 45, 149, 240, 201, 174,
       196, 61, 154, 241, 249, 34, 169, 57, 218, 218, 201, 177, 207, 142,
       53, 44, 139, 36, 159, 110, 32, 175, 155, 131, 16, 22, 26, 234,
       245, 127, 148, 30, 127, 209, 8, 135, 234, 10, 156, 23, 184, 155,
       229, 16, 231, 158, 83, 200, 17, 172, 183, 32, 73, 225, 59, 187,
       128, 51, 203, 18, 247, 201, 247, 218, 75, 144, 64, 165, 218, 25,
       151, 51, 171, 51, 252, 51, 119, 236, 77, 95, 53, 189, 246, 170,
       100, 35, 43, 142, 0, 183, 152, 48, 127, 239, 245, 50, 203, 170,
       70, 165, 255, 160, 140, 150, 251, 205, 173, 100, 199, 223, 59,
       240, 26, 182, 243, 96, 91, 201, 226, 110, 16, 58, 111, 90, 243,
       221, 214, 214, 122, 144, 88, 240, 170, 230, 98, 252, 158, 111, 81,
       153, 200, 155, 246, 21, 185, 236, 206, 223, 15, 143, 105, 247, 71,
       134, 103, 174, 241, 94, 90, 91, 191, 70, 189, 15, 199, 62, 69,
       122, 224, 53, 94, 222, 112, 93, 76, 255, 10, 27, 28, 183, 96, 254,
       153, 151, 111, 236, 179, 52, 206, 243, 221, 42, 145, 71, 159, 93,
       211, 25, 211, 71, 233, 166, 3, 109, 253, 53, 120, 214, 230, 57,
       135, 176, 229, 126, 142, 63, 206, 201, 153, 37, 209, 240, 233,
       238, 132, 63, 186, 240, 249, 61, 216, 113, 235, 181, 127, 75, 248,
       71, 121, 252, 74, 219, 125, 216, 164, 93, 216, 150, 120, 155, 50,
       127, 181, 239, 205, 165, 244, 247, 143, 212, 241, 198, 90, 148,
       153, 173, 113, 148, 143, 142, 187, 146, 117, 204, 184, 69, 207,
       207, 87, 239, 145, 182, 103, 203, 242, 138, 82, 95, 191, 216, 125,
       141, 31, 33, 249, 57, 235, 223, 205, 179, 239, 78, 65, 104, 2,
       180, 157, 32, 32, 200, 59, 18, 85, 83, 42, 114, 53, 109, 140, 22,
