%YAML:1.0
---
descriptors: !!opencv-matrix
   rows: 226
   cols: 32
   dt: u
   data: [ 30, 222, 62, 187, 191, 247, 191, 254, 159, 76, 222, 167, 237,
       222, 191, 229, 255, 59, 159, 247, 191, 169, 123, 253, 251, 215,
       170, 211, 158, 31, 189, 247, 155, 159, 111, 253, 188, 247, 249,
       127, 85, 73, 222, 247, 121, 255, 190, 101, 254, 187, 191, 133,
       253, 154, 119, 223, 247, 251, 250, 194, 63, 140, 180, 255, 162,
       224, 114, 74, 117, 221, 250, 64, 123, 76, 125, 11, 43, 221, 62,
       148, 250, 186, 135, 74, 206, 190, 120, 255, 55, 221, 0, 35, 115,
       142, 102, 255, 53, 65, 97, 69, 116, 14, 231, 48, 101, 192, 126,
       70, 211, 5, 149, 116, 122, 220, 70, 106, 201, 176, 117, 12, 37,
       172, 160, 0, 103, 187, 66, 176, 11, 94, 102, 156, 125, 210, 251,
       120, 157, 78, 214, 163, 104, 206, 181, 228, 126, 185, 183, 239,
       165, 151, 54, 238, 55, 127, 138, 139, 23, 189, 53, 253, 56, 249,
       184, 234, 249, 221, 81, 205, 171, 29, 172, 8, 47, 223, 66, 18,
       138, 187, 205, 80, 30, 43, 250, 177, 251, 221, 21, 123, 242, 2,
       142, 203, 189, 147, 98, 40, 213, 159, 198, 121, 101, 4, 229, 71,
       75, 200, 62, 192, 124, 168, 2, 111, 220, 179, 20, 157, 114, 105,
       0, 68, 127, 174, 248, 196, 98, 106, 91, 220, 90, 193, 121, 100,
       63, 5, 96, 168, 44, 199, 96, 80, 126, 185, 163, 192, 2, 26, 130,
       241, 23, 32, 154, 169, 16, 128, 38, 168, 37, 185, 115, 73, 87,
       219, 226, 67, 111, 96, 120, 74, 26, 152, 148, 180, 106, 188, 66,
       88, 135, 186, 117, 93, 31, 60, 1, 98, 91, 136, 66, 164, 120, 173,
       243, 69, 80, 234, 99, 242, 51, 165, 110, 8, 51, 39, 129, 84, 41,
       254, 101, 152, 24, 154, 225, 61, 125, 174, 53, 64, 227, 161, 102,
       232, 43, 181, 227, 97, 247, 143, 253, 247, 105, 109, 126, 135, 57,
       45, 22, 48, 62, 155, 23, 189, 210, 184, 52, 205, 127, 92, 172,
       196, 103, 196, 214, 251, 216, 28, 191, 188, 40, 236, 29, 146, 174,
       90, 134, 53, 191, 255, 35, 91, 231, 115, 253, 65, 107, 77, 179,
       35, 211, 227, 126, 147, 56, 81, 37, 123, 3, 159, 83, 169, 246,
       163, 186, 247, 30, 65, 90, 230, 189, 238, 176, 224, 127, 43, 22,
       157, 147, 152, 53, 255, 172, 174, 186, 192, 188, 202, 161, 217,
       155, 240, 235, 255, 118, 131, 239, 219, 23, 98, 84, 246, 57, 206,
       189, 32, 127, 171, 23, 141, 227, 191, 60, 219, 86, 79, 191, 164,
       191, 222, 115, 249, 130, 173, 146, 159, 101, 231, 190, 231, 31,
       142, 91, 19, 172, 254, 102, 196, 249, 107, 147, 131, 112, 250, 10,
       235, 45, 22, 223, 131, 22, 108, 165, 135, 245, 105, 210, 14, 75,
       144, 82, 104, 233, 4, 225, 13, 106, 218, 47, 215, 250, 237, 224,
       226, 76, 35, 158, 73, 18, 56, 2, 11, 75, 39, 106, 134, 189, 78,
       122, 78, 85, 94, 227, 112, 229, 196, 247, 2, 75, 72, 191, 245,
       122, 228, 6, 110, 236, 183, 44, 206, 18, 249, 0, 1, 103, 167, 106,
       228, 97, 122, 251, 101, 100, 46, 235, 18, 104, 232, 126, 100, 151,
       29, 209, 62, 62, 76, 54, 77, 129, 176, 245, 72, 100, 252, 34, 128,
       204, 251, 83, 241, 63, 115, 96, 193, 246, 27, 238, 213, 5, 168,
       222, 238, 73, 8, 149, 164, 126, 156, 151, 253, 221, 178, 69, 206,
       62, 77, 175, 228, 175, 191, 218, 149, 12, 217, 48, 251, 245, 221,
       51, 206, 159, 21, 116, 0, 142, 215, 110, 204, 219, 91, 166, 80,
       22, 56, 122, 245, 175, 209, 6, 111, 146, 29, 141, 231, 53, 93,
       115, 77, 244, 71, 231, 248, 84, 104, 120, 70, 115, 113, 189, 36,
       122, 72, 6, 106, 233, 178, 61, 63, 36, 142, 35, 4, 127, 187, 112,
       165, 161, 207, 115, 79, 54, 131, 175, 252, 68, 8, 120, 230, 113,
       65, 188, 101, 126, 104, 2, 238, 225, 176, 45, 125, 36, 40, 162,
       128, 93, 155, 112, 169, 11, 133, 22, 185, 145, 244, 56, 103, 189,
       25, 74, 16, 172, 179, 34, 207, 225, 35, 187, 4, 50, 201, 19, 213,
       205, 243, 90, 67, 146, 68, 169, 10, 39, 255, 97, 75, 246, 135,
       175, 253, 94, 8, 121, 230, 112, 193, 188, 36, 126, 90, 18, 234,
       227, 186, 108, 255, 44, 12, 167, 236, 95, 154, 240, 173, 49, 95,
       79, 236, 54, 163, 207, 116, 4, 64, 218, 230, 49, 7, 177, 96, 126,
       160, 22, 238, 137, 161, 37, 172, 240, 172, 162, 128, 61, 187, 112,
       57, 180, 75, 250, 109, 228, 46, 239, 152, 244, 14, 254, 98, 211,
       233, 185, 122, 126, 212, 119, 234, 232, 180, 103, 42, 118, 175,
       163, 132, 101, 249, 86, 161, 75, 123, 241, 151, 106, 221, 61, 180,
       63, 238, 84, 237, 189, 62, 215, 181, 134, 127, 183, 79, 197, 88,
       255, 224, 102, 89, 124, 162, 14, 245, 135, 253, 70, 185, 177, 210,
       251, 233, 177, 195, 170, 181, 45, 57, 188, 247, 72, 30, 167, 59,
       107, 16, 18, 75, 250, 115, 77, 20, 31, 106, 128, 65, 135, 227,
       178, 223, 126, 94, 125, 213, 212, 230, 223, 76, 244, 43, 42, 253,
       55, 181, 204, 243, 151, 64, 238, 43, 102, 253, 115, 123, 208, 59,
       87, 156, 124, 223, 130, 245, 19, 218, 125, 221, 164, 239, 223, 89,
       144, 80, 172, 220, 108, 165, 201, 27, 218, 1, 99, 47, 122, 245,
       189, 16, 30, 122, 82, 12, 165, 174, 169, 233, 105, 69, 116, 159,
       239, 118, 88, 104, 116, 204, 179, 1, 148, 48, 94, 170, 22, 76,
       233, 190, 116, 63, 102, 141, 34, 160, 111, 136, 82, 248, 94, 92,
       238, 116, 11, 113, 145, 26, 135, 255, 159, 175, 75, 188, 87, 10,
       173, 215, 253, 129, 140, 101, 255, 128, 211, 123, 217, 159, 231,
       125, 124, 86, 90, 149, 51, 174, 59, 192, 25, 7, 175, 13, 207, 33,
       172, 191, 34, 212, 198, 183, 253, 145, 26, 139, 210, 197, 249,
       245, 154, 219, 130, 6, 165, 123, 203, 220, 22, 154, 29, 157, 164,
       230, 222, 90, 194, 13, 172, 218, 55, 193, 192, 43, 122, 69, 103,
       143, 82, 255, 54, 56, 154, 26, 24, 28, 57, 158, 61, 215, 105, 73,
       254, 19, 207, 185, 69, 236, 190, 230, 83, 109, 191, 228, 94, 196,
       23, 254, 201, 34, 109, 156, 126, 77, 165, 196, 127, 191, 116, 117,
       222, 90, 134, 156, 73, 165, 188, 66, 189, 158, 242, 87, 172, 226,
       39, 223, 236, 227, 239, 199, 172, 207, 18, 232, 148, 50, 218, 10,
       136, 117, 43, 6, 238, 177, 113, 80, 251, 213, 25, 93, 171, 125,
       181, 61, 28, 223, 78, 52, 173, 155, 215, 145, 147, 75, 186, 213,
       127, 89, 21, 255, 235, 132, 166, 247, 239, 107, 228, 64, 239, 88,
       252, 141, 235, 244, 182, 143, 73, 202, 223, 255, 38, 197, 255,
       255, 198, 67, 239, 192, 54, 89, 207, 191, 39, 247, 254, 69, 10,
       195, 66, 136, 253, 217, 126, 103, 31, 13, 218, 179, 44, 174, 110,
       212, 254, 191, 135, 145, 86, 187, 129, 215, 62, 52, 158, 235, 22,
       12, 189, 223, 131, 217, 5, 185, 186, 137, 168, 167, 30, 80, 80,
       231, 172, 134, 160, 196, 166, 43, 58, 149, 215, 24, 71, 253, 172,
       16, 30, 234, 28, 12, 129, 221, 187, 250, 96, 94, 125, 221, 91,
       248, 211, 76, 181, 173, 42, 220, 215, 180, 140, 184, 213, 199,
       239, 46, 254, 255, 243, 89, 161, 187, 119, 143, 94, 255, 170, 177,
       114, 216, 245, 215, 180, 109, 93, 76, 113, 3, 40, 220, 54, 148,
       252, 185, 147, 225, 246, 190, 16, 223, 63, 94, 134, 75, 87, 12,
       254, 223, 219, 158, 21, 164, 48, 62, 91, 55, 49, 234, 158, 252,
       255, 55, 130, 182, 23, 183, 221, 45, 185, 141, 229, 143, 186, 247,
       41, 146, 46, 164, 11, 125, 217, 83, 127, 77, 162, 94, 253, 53,
       120, 206, 119, 34, 125, 61, 150, 115, 54, 116, 181, 106, 225, 184,
       165, 77, 103, 235, 102, 128, 103, 178, 231, 249, 75, 150, 55, 47,
       50, 254, 187, 51, 172, 77, 95, 245, 253, 62, 130, 116, 167, 55,
       221, 5, 181, 137, 37, 239, 238, 119, 58, 194, 142, 134, 5, 127,
       162, 26, 18, 188, 125, 129, 176, 102, 141, 12, 208, 239, 172, 137,
       36, 193, 204, 59, 143, 65, 104, 175, 66, 253, 208, 16, 154, 155,
       28, 12, 61, 155, 170, 217, 54, 159, 221, 215, 190, 229, 159, 4,
       84, 3, 236, 222, 38, 197, 223, 123, 131, 195, 118, 188, 122, 255,
       47, 87, 223, 3, 23, 60, 189, 223, 17, 215, 115, 236, 246, 130,
       111, 127, 85, 73, 250, 230, 121, 239, 188, 96, 126, 186, 31, 168,
       251, 187, 45, 223, 186, 239, 174, 192, 63, 154, 240, 185, 27, 214,
