%YAML:1.0
---
descriptors: !!opencv-matrix
   rows: 239
   cols: 32
   dt: u
   data: [ 69, 120, 151, 182, 168, 12, 38, 180, 170, 186, 178, 72, 254,
       243, 65, 122, 135, 117, 124, 74, 65, 65, 218, 104, 253, 178, 127,
       184, 136, 115, 3, 59, 41, 219, 10, 174, 246, 144, 174, 247, 16,
       73, 92, 238, 181, 232, 178, 228, 126, 111, 146, 237, 245, 58, 132,
       191, 252, 103, 190, 233, 63, 142, 187, 157, 241, 211, 99, 79, 228,
       82, 110, 253, 113, 74, 247, 230, 115, 103, 188, 244, 126, 220, 52,
       238, 217, 151, 253, 191, 50, 239, 226, 132, 63, 186, 240, 185,
       132, 116, 31, 53, 42, 77, 181, 232, 232, 186, 161, 116, 215, 242,
       73, 11, 167, 81, 104, 34, 97, 101, 154, 12, 193, 130, 119, 60, 72,
       113, 7, 147, 218, 32, 47, 168, 9, 228, 89, 7, 172, 117, 130, 153,
       151, 151, 66, 90, 192, 149, 253, 148, 10, 15, 243, 0, 209, 225,
       186, 217, 0, 4, 166, 122, 90, 164, 114, 142, 119, 222, 122, 236,
       173, 15, 223, 3, 108, 222, 47, 212, 243, 223, 255, 227, 70, 151,
       154, 239, 183, 116, 154, 15, 2, 7, 47, 94, 18, 178, 215, 153, 90,
       193, 176, 99, 175, 113, 210, 227, 172, 150, 228, 207, 110, 189,
       235, 145, 19, 219, 135, 209, 156, 34, 218, 195, 173, 4, 37, 255,
       62, 60, 114, 239, 117, 253, 126, 105, 61, 6, 127, 9, 111, 254, 15,
       148, 254, 187, 215, 2, 28, 176, 121, 239, 183, 255, 2, 131, 99,
       231, 111, 215, 61, 159, 123, 248, 182, 151, 239, 255, 87, 73, 220,
       230, 115, 253, 180, 96, 127, 250, 23, 184, 251, 187, 44, 255, 250,
       207, 175, 200, 191, 202, 240, 177, 179, 134, 231, 189, 78, 163,
       169, 91, 22, 231, 210, 215, 97, 172, 178, 73, 127, 175, 59, 149,
       188, 216, 103, 158, 92, 38, 251, 192, 181, 140, 116, 248, 142, 73,
       108, 223, 77, 214, 253, 240, 245, 150, 85, 2, 121, 121, 151, 111,
       104, 250, 243, 203, 224, 248, 127, 253, 103, 107, 199, 129, 55,
       177, 124, 234, 1, 32, 238, 25, 68, 187, 224, 83, 126, 83, 118,
       214, 145, 136, 150, 41, 107, 172, 114, 157, 183, 252, 103, 193,
       14, 46, 242, 64, 237, 140, 121, 196, 9, 155, 167, 153, 21, 223,
       160, 255, 94, 113, 70, 199, 249, 52, 58, 228, 113, 14, 178, 141,
       151, 216, 61, 157, 79, 103, 219, 68, 27, 140, 217, 220, 33, 79,
       72, 7, 180, 14, 238, 53, 116, 232, 250, 198, 211, 40, 149, 128,
       126, 236, 86, 111, 237, 176, 69, 14, 36, 44, 164, 128, 109, 250,
       216, 141, 2, 2, 0, 184, 124, 129, 184, 79, 141, 5, 208, 199, 172,
       142, 52, 64, 206, 33, 155, 133, 38, 11, 66, 221, 148, 52, 154,
       251, 28, 140, 57, 157, 221, 74, 221, 165, 44, 42, 78, 24, 112,
       162, 146, 230, 247, 99, 145, 91, 118, 197, 108, 238, 233, 197,
       197, 42, 210, 227, 235, 148, 44, 241, 33, 0, 185, 122, 89, 232,
       124, 135, 66, 248, 85, 104, 244, 110, 115, 83, 177, 176, 92, 168,
       6, 110, 233, 38, 120, 63, 243, 205, 161, 188, 123, 187, 114, 185,
       2, 168, 144, 155, 223, 205, 176, 207, 158, 53, 64, 27, 140, 222,
       108, 8, 171, 27, 227, 17, 22, 120, 90, 241, 13, 20, 31, 111, 208,
       12, 133, 142, 40, 50, 121, 96, 112, 207, 121, 83, 115, 237, 124,
       76, 19, 151, 194, 48, 182, 152, 6, 28, 155, 190, 240, 30, 95, 205,
       48, 232, 232, 128, 70, 251, 35, 134, 97, 73, 118, 147, 234, 121,
       85, 104, 120, 230, 113, 72, 188, 164, 94, 168, 22, 173, 165, 186,
       101, 159, 46, 94, 161, 196, 127, 142, 80, 181, 208, 87, 255, 229,
       34, 2, 125, 55, 32, 202, 214, 244, 247, 55, 129, 83, 102, 245,
       125, 238, 232, 212, 225, 8, 246, 171, 238, 128, 36, 240, 37, 121,
       53, 198, 204, 235, 252, 35, 79, 152, 86, 190, 189, 206, 211, 97,
       219, 91, 91, 192, 110, 254, 170, 98, 79, 55, 238, 143, 229, 188,
       253, 251, 112, 160, 109, 79, 109, 37, 164, 63, 111, 190, 101, 234,
       254, 236, 211, 41, 151, 176, 95, 198, 124, 111, 205, 184, 229, 14,
       230, 127, 101, 148, 111, 250, 210, 105, 146, 139, 43, 187, 34,
       128, 184, 103, 158, 29, 88, 183, 173, 174, 50, 65, 238, 59, 135,
       133, 82, 153, 6, 241, 194, 33, 250, 201, 53, 4, 181, 219, 136,
       186, 191, 122, 36, 233, 113, 215, 255, 31, 118, 56, 174, 215, 104,
       120, 131, 26, 238, 16, 18, 124, 34, 113, 207, 211, 50, 75, 208,
       128, 199, 107, 124, 207, 124, 102, 183, 90, 95, 184, 161, 172,
       191, 42, 91, 119, 155, 86, 50, 212, 221, 106, 72, 161, 41, 174,
       243, 237, 101, 149, 99, 247, 78, 99, 2, 154, 12, 137, 90, 132,
       168, 43, 142, 29, 90, 231, 172, 198, 42, 196, 228, 11, 171, 133,
       7, 24, 195, 215, 132, 36, 170, 194, 28, 4, 29, 221, 77, 54, 252,
       242, 233, 125, 185, 218, 251, 255, 52, 188, 141, 255, 195, 175,
       15, 82, 254, 152, 183, 71, 190, 224, 95, 219, 119, 239, 206, 229,
       15, 245, 71, 251, 189, 31, 170, 221, 181, 191, 170, 125, 21, 109,
       236, 246, 206, 14, 135, 115, 237, 17, 215, 72, 251, 113, 44, 18,
       127, 254, 136, 102, 135, 127, 3, 221, 59, 251, 125, 133, 189, 246,
       158, 25, 88, 102, 188, 255, 52, 96, 207, 59, 55, 133, 195, 26, 82,
       247, 109, 31, 190, 234, 28, 24, 177, 187, 10, 185, 176, 155, 219,
       213, 182, 230, 159, 21, 76, 3, 172, 254, 102, 196, 215, 123, 179,
       81, 22, 136, 122, 245, 47, 87, 158, 107, 146, 30, 173, 223, 6,
       153, 50, 155, 245, 247, 186, 232, 31, 77, 89, 35, 236, 222, 44,
       196, 221, 123, 147, 211, 22, 184, 90, 253, 15, 86, 139, 227, 150,
       15, 53, 215, 71, 251, 189, 31, 184, 221, 53, 158, 170, 249, 28,
       109, 252, 246, 202, 42, 135, 115, 253, 85, 147, 72, 250, 113, 140,
       22, 125, 250, 152, 52, 135, 253, 120, 245, 50, 254, 25, 221, 84,
       238, 161, 4, 172, 9, 175, 255, 10, 144, 200, 187, 205, 64, 110,
       43, 210, 191, 243, 253, 20, 59, 98, 86, 206, 74, 73, 134, 255,
       237, 164, 170, 121, 55, 126, 73, 94, 228, 255, 35, 144, 96, 247,
       39, 61, 156, 219, 152, 163, 23, 204, 239, 190, 192, 172, 192, 161,
       57, 198, 158, 150, 190, 183, 36, 180, 231, 157, 95, 218, 183, 236,
       170, 35, 207, 231, 119, 171, 131, 53, 205, 26, 234, 184, 54, 222,
       203, 156, 125, 185, 31, 82, 172, 147, 168, 151, 164, 178, 71, 27,
       1, 72, 23, 174, 141, 96, 196, 247, 59, 130, 21, 55, 186, 144, 247,
       185, 116, 26, 107, 134, 14, 169, 158, 218, 40, 47, 243, 9, 232,
       88, 7, 175, 17, 194, 17, 167, 151, 64, 90, 224, 191, 253, 144, 10,
       76, 195, 33, 213, 241, 218, 219, 160, 64, 183, 42, 40, 170, 184,
       217, 87, 252, 49, 71, 27, 53, 100, 18, 44, 131, 98, 92, 121, 62,
       130, 16, 18, 222, 240, 145, 79, 245, 18, 99, 179, 8, 199, 234, 33,
       74, 109, 77, 108, 3, 207, 248, 68, 76, 124, 230, 115, 65, 181, 96,
       94, 200, 6, 238, 201, 178, 101, 61, 102, 170, 225, 132, 125, 187,
       112, 233, 41, 7, 66, 5, 244, 15, 238, 49, 116, 168, 219, 199, 227,
       104, 158, 196, 124, 206, 6, 239, 252, 176, 69, 14, 36, 46, 165,
       128, 109, 174, 248, 133, 179, 219, 11, 191, 118, 146, 174, 245,
       82, 73, 80, 230, 181, 72, 178, 96, 126, 40, 22, 237, 231, 186, 36,
       191, 238, 38, 174, 224, 61, 140, 187, 221, 11, 168, 55, 217, 109,
       253, 169, 71, 206, 89, 88, 130, 188, 140, 116, 172, 239, 59, 147,
       149, 147, 188, 54, 241, 13, 16, 26, 232, 223, 12, 161, 252, 78,
       156, 50, 154, 93, 246, 186, 232, 191, 12, 219, 3, 204, 254, 46,
       196, 249, 253, 235, 227, 70, 135, 154, 223, 59, 118, 139, 79, 18,
       39, 45, 198, 94, 180, 114, 142, 87, 246, 186, 232, 61, 14, 255, 3,
       76, 254, 47, 212, 251, 253, 239, 163, 6, 147, 152, 223, 179, 116,
       11, 15, 3, 103, 47, 198, 51, 143, 74, 190, 151, 147, 86, 231, 151,
       0, 216, 231, 108, 234, 36, 192, 219, 235, 134, 71, 110, 137, 14,
       255, 162, 119, 134, 3, 60, 94, 184, 142, 73, 143, 251, 101, 52,
       190, 105, 55, 125, 233, 126, 100, 191, 40, 144, 112, 151, 166,
       126, 12, 149, 184, 101, 79, 238, 255, 50, 128, 204, 200, 192, 105,
       201, 222, 63, 255, 48, 142, 125, 53, 172, 88, 118, 68, 255, 87, 0,
       115, 166, 53, 125, 106, 227, 205, 51, 125, 231, 235, 118, 192, 8,
