%YAML:1.0
---
descriptors: !!opencv-matrix
   rows: 233
   cols: 32
   dt: u
   data: [ 75, 146, 190, 252, 44, 6, 25, 59, 187, 222, 148, 37, 252, 255,
       98, 82, 151, 17, 125, 37, 228, 73, 154, 223, 202, 223, 127, 191,
       28, 160, 9, 91, 43, 121, 115, 222, 101, 222, 255, 117, 121, 202,
       116, 78, 56, 253, 181, 180, 254, 251, 151, 202, 193, 178, 176,
       232, 119, 255, 182, 138, 79, 254, 226, 255, 139, 20, 63, 209, 48,
       252, 185, 19, 125, 91, 87, 112, 188, 31, 132, 109, 135, 63, 63,
       24, 179, 220, 49, 215, 197, 250, 122, 194, 130, 128, 133, 121, 95,
       211, 255, 230, 34, 90, 59, 240, 45, 76, 247, 230, 93, 223, 174,
       114, 118, 213, 255, 226, 197, 145, 173, 237, 210, 233, 42, 135,
       46, 183, 39, 113, 122, 221, 123, 254, 109, 212, 127, 244, 153, 78,
       245, 43, 122, 255, 46, 113, 254, 251, 151, 226, 217, 43, 58, 237,
       119, 255, 226, 139, 119, 159, 230, 251, 126, 159, 59, 186, 191,
       221, 95, 253, 159, 77, 157, 171, 79, 255, 42, 81, 239, 179, 223,
       99, 190, 43, 122, 253, 243, 209, 42, 251, 55, 15, 164, 115, 129,
       22, 255, 213, 52, 174, 121, 51, 125, 73, 118, 116, 189, 55, 144,
       112, 70, 60, 55, 8, 161, 188, 113, 207, 71, 191, 50, 192, 202,
       128, 97, 185, 186, 124, 107, 86, 87, 214, 253, 116, 121, 206, 246,
       191, 107, 61, 183, 53, 126, 254, 151, 231, 237, 254, 52, 238, 119,
       251, 230, 131, 111, 252, 126, 255, 155, 159, 111, 217, 255, 247,
       249, 91, 87, 77, 222, 182, 121, 222, 190, 100, 255, 186, 159, 156,
       191, 185, 119, 223, 95, 255, 170, 195, 191, 204, 124, 247, 161, 5,
       125, 101, 244, 78, 109, 51, 117, 234, 126, 64, 147, 37, 145, 113,
       118, 174, 86, 44, 225, 184, 97, 14, 230, 175, 36, 128, 106, 224,
       66, 185, 120, 185, 186, 250, 185, 221, 81, 199, 171, 29, 172, 41,
       46, 223, 98, 16, 136, 187, 205, 80, 26, 11, 234, 241, 251, 213,
       23, 123, 210, 6, 135, 107, 65, 22, 55, 197, 36, 46, 125, 51, 109,
       74, 122, 100, 191, 63, 149, 115, 166, 53, 124, 44, 193, 184, 49,
       202, 199, 186, 114, 128, 10, 224, 97, 121, 218, 28, 191, 255, 41,
       236, 29, 178, 174, 90, 150, 117, 253, 119, 1, 107, 231, 119, 253,
       131, 161, 205, 51, 237, 193, 243, 122, 146, 152, 113, 37, 123,
       209, 222, 191, 253, 44, 10, 109, 183, 236, 91, 150, 116, 255, 35,
       144, 99, 231, 103, 124, 44, 225, 205, 97, 237, 238, 251, 254, 144,
       12, 240, 129, 57, 109, 88, 251, 101, 100, 14, 105, 50, 96, 238,
       118, 108, 211, 37, 145, 59, 22, 108, 118, 110, 129, 244, 245, 8,
       199, 251, 97, 128, 110, 185, 82, 249, 161, 209, 113, 77, 118, 95,
       231, 125, 93, 106, 113, 118, 82, 60, 156, 36, 126, 156, 22, 234,
       241, 186, 117, 207, 37, 30, 36, 194, 127, 168, 214, 253, 154, 125,
       251, 252, 235, 208, 181, 101, 173, 198, 198, 163, 124, 255, 103,
       115, 38, 121, 251, 226, 97, 195, 178, 200, 243, 193, 79, 139, 38,
       116, 165, 255, 45, 124, 249, 101, 52, 111, 75, 26, 119, 234, 191,
       108, 211, 61, 209, 56, 31, 204, 125, 62, 169, 244, 233, 14, 198,
       207, 37, 180, 239, 251, 82, 113, 154, 201, 254, 254, 218, 208,
       188, 231, 183, 22, 214, 163, 109, 239, 165, 73, 111, 251, 175,
       194, 110, 203, 14, 253, 242, 227, 254, 139, 55, 244, 165, 139, 53,
       69, 121, 111, 52, 15, 199, 248, 84, 72, 125, 70, 115, 81, 185, 96,
       92, 200, 6, 110, 233, 178, 125, 63, 99, 175, 33, 4, 125, 187, 112,
       225, 90, 185, 58, 254, 51, 220, 50, 228, 175, 69, 76, 33, 172,
       223, 102, 84, 166, 59, 251, 64, 82, 9, 146, 241, 251, 245, 26, 75,
       18, 6, 45, 91, 56, 175, 120, 105, 244, 223, 121, 119, 115, 13,
       124, 8, 59, 157, 134, 48, 127, 186, 6, 24, 210, 186, 96, 31, 127,
       237, 32, 105, 115, 130, 110, 233, 63, 211, 235, 78, 118, 82, 207,
       248, 65, 64, 253, 230, 121, 77, 191, 52, 126, 216, 23, 238, 201,
       178, 172, 235, 114, 109, 165, 140, 127, 255, 246, 245, 185, 233,
       105, 73, 116, 223, 207, 117, 86, 232, 244, 78, 179, 21, 150, 48,
       94, 168, 22, 236, 235, 190, 117, 63, 118, 137, 164, 176, 127, 136,
       242, 249, 127, 203, 104, 104, 108, 23, 79, 184, 65, 108, 189, 238,
       91, 77, 151, 52, 94, 196, 21, 238, 201, 38, 109, 189, 114, 239,
       229, 252, 127, 191, 82, 113, 10, 135, 167, 147, 181, 249, 184, 39,
       174, 93, 27, 179, 236, 238, 190, 206, 163, 51, 255, 21, 18, 217,
       3, 245, 12, 86, 222, 195, 134, 70, 133, 255, 223, 54, 102, 197,
       39, 50, 92, 112, 117, 198, 255, 183, 75, 93, 151, 239, 127, 189,
       189, 175, 172, 244, 229, 200, 18, 251, 195, 135, 47, 247, 120, 85,
       79, 23, 231, 197, 227, 122, 61, 23, 40, 251, 95, 246, 221, 39,
       154, 255, 55, 135, 255, 188, 149, 208, 37, 192, 86, 111, 254, 133,
       174, 244, 175, 245, 199, 234, 244, 152, 237, 53, 153, 200, 219,
       95, 148, 189, 140, 206, 255, 95, 199, 73, 255, 215, 134, 103, 174,
       241, 26, 90, 219, 255, 151, 149, 43, 197, 138, 155, 50, 155, 247,
       215, 188, 231, 31, 93, 94, 55, 140, 158, 102, 196, 255, 27, 179,
       213, 214, 186, 98, 245, 47, 20, 158, 199, 150, 12, 189, 223, 27,
       232, 235, 211, 84, 179, 239, 217, 87, 203, 223, 66, 121, 235, 252,
       96, 127, 202, 23, 159, 235, 183, 44, 255, 126, 207, 191, 228, 39,
       155, 112, 233, 143, 251, 162, 147, 245, 149, 188, 197, 31, 125,
       94, 167, 172, 156, 118, 196, 239, 27, 147, 213, 214, 250, 59, 245,
       63, 16, 159, 227, 159, 14, 253, 223, 155, 240, 235, 255, 102, 145,
       239, 217, 31, 98, 85, 246, 57, 207, 253, 40, 127, 171, 23, 141,
       227, 190, 172, 243, 86, 79, 187, 164, 63, 254, 115, 224, 131, 253,
       178, 159, 37, 246, 62, 231, 31, 206, 83, 51, 172, 250, 102, 65,
       249, 107, 179, 134, 116, 218, 40, 235, 47, 30, 159, 131, 6, 124,
       177, 199, 171, 253, 98, 72, 123, 213, 154, 246, 205, 76, 244, 173,
       44, 156, 190, 181, 142, 91, 215, 71, 230, 175, 116, 253, 59, 88,
       28, 251, 87, 140, 239, 255, 232, 251, 24, 250, 124, 201, 75, 188,
       83, 44, 176, 108, 187, 217, 209, 144, 136, 169, 85, 75, 235, 46,
       202, 63, 228, 217, 164, 185, 90, 19, 90, 11, 142, 252, 34, 158,
       231, 210, 186, 224, 59, 91, 87, 179, 108, 254, 58, 141, 255, 125,
       179, 135, 164, 214, 170, 247, 31, 119, 219, 207, 143, 45, 63, 223,
       254, 120, 242, 245, 103, 254, 250, 208, 169, 238, 246, 143, 107,
       127, 87, 191, 174, 245, 213, 255, 172, 246, 180, 232, 151, 217,
       207, 131, 239, 247, 126, 95, 143, 123, 127, 186, 110, 144, 189,
       113, 137, 216, 93, 231, 188, 223, 247, 39, 238, 121, 247, 199,
       193, 75, 234, 224, 86, 89, 235, 170, 15, 175, 55, 241, 59, 207,
       107, 234, 254, 147, 207, 253, 213, 72, 252, 238, 123, 236, 190,
       32, 126, 235, 23, 239, 251, 43, 46, 255, 122, 205, 175, 248, 127,
       154, 240, 253, 250, 249, 105, 186, 91, 209, 91, 236, 131, 117,
       132, 171, 47, 159, 98, 16, 170, 217, 213, 211, 78, 79, 186, 181,
       251, 193, 157, 251, 119, 4, 54, 122, 39, 116, 238, 192, 119, 87,
       254, 88, 127, 238, 87, 183, 72, 222, 191, 37, 127, 205, 151, 239,
       228, 215, 61, 222, 55, 30, 139, 135, 167, 191, 252, 85, 139, 146,
       241, 165, 103, 30, 189, 59, 123, 254, 119, 247, 205, 14, 198, 239,
       39, 77, 183, 39, 149, 244, 245, 193, 4, 122, 122, 166, 111, 236,
       11, 213, 159, 84, 98, 193, 119, 90, 254, 113, 117, 238, 126, 150,
       73, 61, 151, 228, 127, 157, 151, 239, 236, 180, 181, 202, 119,
       253, 143, 133, 39, 246, 254, 245, 58, 183, 104, 97, 179, 214, 95,
       55, 97, 237, 191, 165, 91, 29, 222, 180, 21, 214, 213, 244, 221,
       184, 245, 140, 107, 223, 53, 215, 239, 134, 238, 127, 114, 32, 18,
       172, 13, 129, 64, 72, 143, 128, 168, 11, 38, 203, 100, 82, 232,
       169, 106, 97, 14, 35, 130, 209, 145, 176, 11, 63, 81, 10, 96, 6,
       130, 184, 191, 152, 203, 245, 185, 71, 159, 95, 20, 27, 44, 158,
       102, 11, 239, 59, 147, 145, 22, 79, 50, 241, 95, 16, 218, 235,
       145, 12, 165, 223, 48, 32, 70, 141, 76, 11, 232, 72, 110, 161,
