%YAML:1.0
---
descriptors: !!opencv-matrix
   rows: 170
   cols: 32
   dt: u
   data: [ 105, 56, 97, 100, 101, 94, 105, 23, 121, 204, 118, 140, 139,
       29, 151, 188, 202, 172, 151, 12, 141, 190, 245, 200, 215, 255, 48,
       137, 79, 140, 86, 253, 31, 29, 110, 237, 62, 86, 255, 120, 157,
       204, 222, 167, 93, 255, 183, 97, 126, 245, 191, 239, 132, 147, 55,
       204, 243, 235, 171, 135, 55, 191, 125, 245, 43, 79, 98, 206, 108,
       157, 255, 125, 93, 78, 124, 111, 56, 205, 190, 180, 254, 171, 151,
       79, 199, 178, 102, 255, 118, 125, 162, 168, 95, 158, 246, 253, 57,
       65, 99, 77, 86, 91, 230, 116, 69, 96, 250, 66, 115, 24, 149, 228,
       120, 204, 22, 235, 205, 176, 117, 140, 54, 104, 160, 0, 111, 190,
       120, 188, 139, 28, 183, 251, 49, 252, 185, 23, 125, 91, 87, 112,
       188, 158, 132, 109, 135, 59, 63, 25, 179, 220, 50, 247, 135, 251,
       122, 194, 138, 64, 133, 255, 107, 149, 122, 202, 253, 157, 223,
       252, 223, 88, 253, 110, 60, 223, 46, 245, 255, 147, 223, 98, 247,
       43, 122, 247, 247, 217, 35, 254, 26, 15, 168, 255, 95, 209, 123,
       228, 50, 90, 123, 248, 41, 104, 247, 230, 95, 31, 186, 240, 54,
       221, 255, 238, 201, 145, 189, 200, 242, 253, 47, 132, 47, 179, 39,
       113, 129, 16, 255, 213, 52, 238, 121, 19, 125, 73, 118, 112, 189,
       23, 148, 108, 230, 61, 63, 8, 161, 188, 33, 207, 71, 254, 242,
       192, 198, 128, 69, 233, 225, 6, 125, 101, 116, 74, 109, 51, 117,
       174, 126, 112, 147, 35, 144, 113, 122, 188, 70, 40, 233, 184, 97,
       14, 231, 191, 48, 0, 103, 224, 70, 233, 122, 249, 58, 250, 185,
       221, 81, 205, 171, 29, 172, 41, 174, 223, 98, 16, 161, 187, 205,
       80, 26, 11, 186, 241, 219, 213, 28, 123, 210, 6, 167, 107, 154,
       218, 63, 191, 47, 197, 189, 252, 142, 90, 148, 119, 252, 222, 43,
       75, 231, 115, 255, 199, 227, 71, 58, 241, 195, 243, 250, 186, 24,
       93, 53, 251, 145, 142, 107, 250, 150, 131, 235, 247, 119, 67, 222,
       242, 121, 235, 184, 96, 125, 238, 30, 188, 171, 189, 44, 255, 250,
       207, 183, 196, 53, 139, 240, 232, 177, 245, 115, 71, 246, 79, 231,
       125, 85, 104, 119, 118, 114, 53, 148, 52, 126, 158, 22, 104, 241,
       186, 117, 223, 53, 30, 36, 192, 127, 138, 242, 253, 210, 117, 127,
       252, 107, 208, 189, 101, 173, 194, 222, 163, 124, 255, 38, 115,
       102, 121, 251, 161, 96, 195, 166, 203, 243, 225, 79, 139, 36, 118,
       165, 251, 189, 17, 111, 236, 6, 2, 79, 112, 228, 64, 247, 230, 83,
       147, 176, 97, 126, 164, 62, 238, 217, 179, 52, 140, 210, 233, 226,
       128, 61, 171, 240, 49, 63, 87, 235, 78, 118, 114, 219, 216, 65,
       200, 253, 238, 121, 77, 159, 180, 126, 220, 151, 239, 141, 178,
       236, 232, 114, 109, 161, 136, 103, 255, 118, 245, 185, 121, 105,
       73, 124, 223, 203, 252, 86, 232, 244, 78, 51, 149, 151, 32, 94,
       232, 22, 238, 235, 62, 117, 63, 115, 137, 165, 188, 127, 153, 114,
       249, 31, 54, 102, 117, 39, 54, 124, 18, 117, 198, 95, 246, 73,
       111, 151, 239, 127, 188, 189, 175, 173, 244, 245, 202, 6, 251,
       195, 129, 47, 245, 124, 245, 79, 19, 167, 133, 227, 118, 173, 23,
       40, 255, 95, 246, 221, 39, 154, 254, 55, 7, 255, 188, 149, 208,
       229, 192, 198, 111, 254, 132, 134, 244, 171, 245, 7, 162, 176,
       154, 111, 181, 184, 202, 143, 95, 145, 55, 140, 218, 255, 106,
       231, 9, 255, 149, 150, 71, 170, 241, 26, 88, 123, 255, 149, 5, 43,
       199, 139, 145, 50, 153, 245, 215, 188, 239, 31, 93, 94, 55, 140,
       190, 110, 196, 254, 91, 179, 213, 214, 186, 114, 245, 47, 117,
       158, 199, 150, 12, 189, 223, 171, 241, 96, 88, 127, 213, 222, 254,
       159, 237, 20, 175, 172, 220, 214, 164, 190, 187, 215, 213, 198,
       43, 54, 255, 63, 24, 143, 251, 87, 156, 223, 223, 222, 92, 242,
       222, 111, 220, 254, 166, 169, 206, 250, 163, 236, 255, 55, 199,
       166, 241, 255, 195, 228, 135, 146, 235, 51, 125, 206, 155, 39,
       247, 125, 95, 58, 117, 242, 197, 117, 86, 254, 95, 117, 236, 255,
       35, 74, 63, 62, 212, 254, 220, 151, 162, 236, 179, 185, 206, 51,
       252, 135, 135, 103, 254, 252, 215, 27, 223, 111, 190, 242, 146,
       175, 247, 181, 72, 222, 231, 125, 175, 178, 96, 102, 251, 55, 205,
       225, 155, 36, 239, 242, 111, 190, 128, 63, 150, 177, 249, 185,
       207, 107, 252, 182, 130, 111, 247, 213, 72, 222, 230, 49, 235,
       180, 97, 110, 234, 31, 204, 233, 139, 36, 239, 242, 239, 174, 136,
       63, 248, 240, 185, 190, 60, 240, 247, 111, 246, 218, 208, 233,
       238, 183, 139, 73, 111, 215, 187, 174, 245, 213, 251, 172, 242,
       248, 234, 151, 222, 203, 147, 231, 247, 126, 87, 59, 223, 107,
       206, 124, 147, 207, 252, 85, 72, 252, 231, 121, 236, 190, 96, 126,
       234, 23, 237, 239, 171, 47, 255, 122, 109, 175, 136, 127, 158,
       240, 253, 250, 249, 105, 162, 91, 193, 91, 204, 131, 117, 132,
       169, 47, 157, 74, 16, 168, 219, 213, 209, 78, 79, 186, 183, 251,
       193, 157, 255, 119, 4, 150, 122, 59, 255, 105, 73, 254, 151, 223,
       255, 87, 104, 252, 238, 59, 29, 150, 52, 94, 218, 151, 252, 203,
       186, 108, 191, 122, 205, 165, 246, 127, 158, 210, 253, 111, 178,
       233, 11, 172, 127, 155, 153, 19, 125, 149, 253, 216, 92, 222, 174,
       223, 92, 253, 63, 159, 84, 253, 144, 78, 95, 169, 244, 158, 239,
       214, 245, 187, 16, 104, 229, 118, 22, 249, 16, 97, 200, 119, 102,
       59, 29, 150, 36, 126, 141, 21, 237, 137, 180, 53, 205, 214, 217,
       162, 128, 111, 174, 112, 241, 2, 128, 215, 149, 116, 10, 232, 105,
       255, 146, 160, 194, 229, 234, 61, 67, 123, 161, 106, 165, 34, 67,
       66, 205, 156, 22, 223, 14, 132, 168, 113, 132, 60, 81, 106, 100,
       118, 86, 235, 120, 68, 204, 247, 38, 81, 29, 187, 96, 126, 220,
       23, 234, 201, 179, 53, 140, 115, 237, 162, 132, 111, 171, 116,
       243, 34, 185, 107, 80, 245, 205, 177, 87, 91, 77, 116, 61, 56,
       157, 246, 52, 140, 58, 151, 17, 215, 58, 178, 215, 79, 28, 52,
       235, 211, 12, 214, 255, 57, 21, 66, 229, 20, 18, 238, 112, 85, 64,
       250, 70, 91, 24, 182, 228, 122, 140, 22, 239, 205, 176, 21, 142,
       54, 236, 162, 128, 111, 174, 120, 148, 151, 112, 234, 251, 70,
       151, 235, 88, 31, 106, 85, 246, 25, 207, 252, 40, 127, 169, 55,
       223, 243, 182, 44, 211, 86, 79, 187, 228, 125, 141, 115, 224, 38,
       93, 51, 158, 245, 231, 186, 224, 31, 200, 121, 175, 236, 252, 63,
       132, 223, 123, 147, 87, 135, 186, 90, 255, 61, 62, 143, 234, 215,
       127, 37, 215, 15, 106, 255, 251, 102, 161, 233, 84, 239, 208, 119,
       230, 189, 207, 241, 105, 110, 41, 55, 223, 131, 244, 38, 224, 214,
       217, 250, 136, 63, 241, 33, 241, 75, 58, 251, 246, 110, 180, 191,
       208, 137, 202, 157, 239, 156, 255, 255, 42, 238, 117, 215, 231,
       133, 35, 170, 224, 86, 89, 234, 174, 143, 255, 35, 251, 139, 113,
       226, 197, 103, 86, 255, 254, 119, 239, 214, 182, 8, 188, 182, 165,
       126, 204, 151, 237, 229, 246, 53, 202, 119, 123, 215, 135, 111,
       252, 254, 245, 139, 27, 97, 213, 99, 220, 189, 182, 59, 220, 118,
       228, 189, 110, 151, 253, 38, 123, 183, 77, 229, 216, 246, 220, 6,
       121, 110, 130, 30, 180, 3, 253, 11, 218, 126, 220, 106, 215, 185,
       119, 157, 76, 86, 165, 188, 191, 182, 33, 134, 51, 183, 13, 229,
       24, 54, 253, 70, 95, 122, 131, 22, 180, 45, 127, 43, 150, 104,
       218, 123, 85, 153, 125, 27, 93, 213, 191, 120, 93, 254, 164, 222,
       155, 151, 157, 151, 2, 255, 213, 75, 93, 186, 235, 31, 134, 173,
       255, 126, 49, 170, 170, 143, 112, 157, 79, 139, 245, 157, 175, 15,
       188, 127, 74, 232, 215, 253, 145, 30, 43, 186, 192, 219, 117, 158,
       251, 197, 110, 181, 86, 41, 242, 123, 97, 116, 221, 251, 247, 123,
       77, 124, 108, 59, 149, 222, 52, 63, 136, 22, 92, 211, 62, 160,
       245, 111, 221, 52, 236, 74, 142, 198, 249, 57, 223, 107, 234, 254,
       129, 207, 253, 213, 72, 252, 230, 115, 237, 184, 32, 126, 234, 23,
       239, 235, 43, 46, 191, 242, 205, 174, 248, 125, 154, 240, 249, 59,
