%YAML:1.0
---
descriptors: !!opencv-matrix
   rows: 161
   cols: 32
   dt: u
   data: [ 195, 96, 70, 153, 104, 0, 232, 76, 46, 148, 67, 215, 160, 131,
       114, 91, 108, 141, 123, 140, 2, 95, 199, 208, 84, 40, 218, 232,
       28, 132, 48, 216, 199, 239, 228, 30, 140, 48, 158, 140, 207, 246,
       157, 247, 72, 236, 223, 207, 109, 198, 249, 247, 181, 69, 191,
       242, 58, 50, 207, 255, 159, 247, 152, 84, 37, 64, 203, 235, 68,
       47, 109, 88, 87, 163, 119, 2, 83, 131, 121, 104, 125, 220, 50,
       170, 11, 246, 93, 128, 87, 143, 211, 4, 187, 251, 112, 160, 227,
       182, 132, 5, 220, 31, 36, 59, 251, 226, 138, 220, 194, 160, 66,
       247, 21, 68, 232, 45, 237, 220, 213, 142, 172, 62, 205, 54, 10,
       108, 90, 156, 250, 180, 236, 24, 201, 244, 153, 79, 179, 95, 189,
       159, 40, 190, 86, 31, 205, 155, 215, 149, 190, 79, 246, 195, 91,
       91, 218, 251, 199, 68, 254, 214, 73, 161, 150, 184, 173, 188, 28,
       71, 235, 25, 136, 76, 143, 162, 80, 222, 163, 3, 252, 25, 23, 75,
       146, 209, 152, 213, 94, 122, 136, 64, 139, 13, 2, 137, 55, 241,
       150, 203, 176, 99, 92, 33, 88, 162, 140, 25, 52, 1, 186, 59, 131,
       97, 82, 184, 0, 221, 44, 18, 11, 71, 85, 8, 181, 138, 55, 214,
       236, 31, 138, 23, 158, 248, 151, 214, 157, 231, 96, 108, 159, 131,
       127, 99, 251, 231, 236, 193, 95, 239, 42, 6, 207, 151, 189, 119,
       24, 221, 170, 200, 34, 158, 77, 209, 182, 198, 223, 68, 64, 131,
       172, 204, 55, 200, 200, 235, 131, 71, 102, 46, 86, 255, 23, 85,
       154, 11, 87, 29, 125, 222, 212, 166, 14, 186, 168, 41, 74, 220,
       186, 31, 149, 221, 199, 227, 202, 25, 147, 6, 109, 30, 62, 67,
       206, 55, 152, 243, 111, 253, 136, 195, 155, 1, 220, 103, 204, 103,
       168, 14, 127, 152, 48, 186, 183, 93, 215, 99, 219, 27, 53, 212,
       125, 250, 232, 197, 201, 42, 254, 227, 237, 181, 168, 243, 142,
       19, 118, 159, 128, 137, 157, 51, 198, 207, 23, 59, 216, 106, 66,
       120, 241, 206, 249, 210, 183, 243, 155, 34, 75, 178, 60, 70, 239,
       207, 223, 127, 248, 5, 71, 186, 172, 151, 141, 31, 140, 191, 218,
       247, 134, 141, 227, 108, 214, 175, 197, 198, 249, 13, 157, 73,
       255, 185, 142, 87, 223, 54, 140, 124, 217, 92, 73, 179, 140, 53,
       141, 156, 164, 31, 234, 241, 130, 93, 227, 168, 86, 202, 133, 71,
       232, 21, 159, 233, 215, 1, 140, 247, 95, 112, 200, 4, 217, 92, 85,
       34, 140, 188, 136, 60, 88, 27, 234, 59, 139, 77, 135, 232, 90,
       218, 197, 199, 108, 21, 142, 65, 219, 0, 152, 247, 91, 93, 136,
       67, 11, 4, 217, 56, 6, 185, 13, 156, 64, 7, 239, 25, 226, 93, 174,
       130, 0, 222, 160, 175, 236, 21, 31, 189, 147, 209, 144, 240, 82,
       66, 74, 4, 203, 28, 89, 251, 152, 176, 185, 157, 16, 150, 234, 17,
       128, 77, 191, 130, 66, 146, 132, 1, 236, 85, 223, 11, 146, 113,
       184, 209, 30, 120, 8, 0, 139, 12, 87, 130, 172, 53, 141, 62, 140,
       175, 206, 247, 138, 157, 195, 108, 95, 171, 141, 71, 249, 149,
       157, 233, 255, 136, 137, 115, 223, 21, 204, 124, 153, 92, 215,
       190, 172, 157, 140, 23, 142, 171, 154, 246, 128, 157, 193, 236,
       87, 75, 213, 199, 249, 181, 253, 79, 255, 146, 168, 31, 223, 253,
       140, 116, 155, 92, 67, 98, 66, 137, 72, 161, 168, 70, 44, 35, 194,
       207, 129, 131, 112, 88, 107, 136, 107, 140, 2, 22, 199, 82, 20,
       36, 154, 232, 29, 139, 177, 128, 209, 111, 136, 49, 168, 10, 76,
       143, 126, 190, 130, 237, 135, 40, 211, 91, 193, 230, 108, 21, 236,
       108, 199, 26, 184, 243, 127, 61, 200, 240, 139, 88, 123, 190, 192,
       149, 94, 23, 154, 126, 91, 233, 210, 239, 105, 40, 214, 197, 127,
       205, 191, 165, 173, 122, 205, 207, 30, 110, 187, 254, 47, 140,
       120, 157, 86, 247, 173, 166, 170, 65, 31, 184, 18, 254, 145, 239,
       213, 110, 91, 27, 151, 213, 125, 247, 236, 67, 239, 18, 248, 135,
       239, 189, 188, 115, 21, 83, 245, 150, 172, 53, 140, 63, 143, 186,
       22, 247, 135, 221, 211, 108, 218, 11, 29, 198, 121, 167, 189, 197,
       255, 42, 204, 99, 237, 148, 141, 249, 152, 80, 170, 193, 32, 152,
       77, 221, 180, 239, 143, 93, 244, 27, 172, 220, 126, 129, 201, 155,
       131, 1, 86, 47, 82, 245, 127, 81, 30, 123, 83, 12, 221, 222, 243,
       15, 76, 172, 126, 3, 202, 114, 23, 224, 208, 207, 41, 11, 179,
       195, 110, 237, 31, 207, 237, 63, 69, 254, 182, 40, 170, 176, 61,
       189, 56, 25, 213, 238, 156, 168, 172, 45, 70, 186, 62, 63, 162,
       93, 215, 98, 75, 27, 147, 197, 108, 126, 62, 69, 203, 54, 216,
       243, 103, 124, 136, 241, 139, 1, 3, 186, 227, 91, 116, 143, 235,
       87, 126, 73, 124, 228, 184, 20, 180, 172, 127, 42, 22, 156, 147,
       184, 37, 247, 4, 30, 178, 192, 223, 130, 227, 253, 87, 213, 236,
       175, 140, 55, 159, 168, 150, 246, 143, 135, 241, 108, 95, 67, 93,
       197, 121, 231, 237, 65, 255, 42, 232, 47, 207, 20, 141, 127, 57,
       80, 231, 244, 172, 23, 141, 23, 143, 143, 90, 247, 132, 29, 193,
       108, 95, 43, 221, 71, 249, 159, 255, 79, 255, 50, 171, 91, 223,
       60, 152, 125, 216, 84, 116, 103, 76, 167, 184, 11, 87, 184, 52,
       172, 255, 173, 71, 99, 139, 16, 58, 204, 109, 98, 108, 208, 205,
       14, 252, 199, 37, 149, 32, 243, 198, 195, 82, 139, 239, 108, 242,
       162, 106, 183, 39, 1, 106, 225, 121, 231, 32, 80, 118, 255, 53,
       200, 26, 155, 131, 109, 126, 174, 174, 192, 177, 130, 164, 57, 41,
       189, 125, 69, 36, 95, 109, 55, 120, 236, 126, 108, 179, 53, 148,
       35, 14, 126, 124, 44, 217, 248, 245, 12, 231, 249, 100, 144, 78,
       232, 214, 121, 253, 100, 236, 79, 140, 31, 78, 184, 83, 178, 165,
       8, 195, 97, 221, 191, 89, 196, 124, 126, 233, 102, 253, 188, 191,
       219, 197, 60, 255, 251, 90, 36, 194, 150, 156, 189, 168, 236, 52,
       143, 190, 63, 130, 117, 196, 183, 72, 75, 135, 87, 233, 17, 50,
       77, 219, 99, 205, 50, 127, 223, 136, 64, 133, 27, 74, 95, 123,
       108, 58, 209, 63, 62, 205, 204, 94, 163, 125, 255, 183, 100, 38,
       127, 253, 231, 192, 137, 166, 255, 98, 125, 169, 169, 55, 182, 37,
       125, 253, 37, 77, 103, 148, 47, 71, 184, 113, 226, 255, 72, 243,
       97, 153, 48, 56, 198, 124, 110, 233, 240, 249, 46, 239, 239, 37,
       20, 97, 251, 82, 104, 196, 22, 157, 181, 160, 46, 37, 191, 188,
       251, 66, 117, 247, 119, 137, 75, 135, 87, 109, 0, 177, 220, 219,
       42, 196, 162, 127, 0, 136, 112, 129, 57, 244, 99, 12, 165, 40, 15,
       76, 184, 132, 188, 162, 221, 199, 10, 27, 83, 200, 197, 108, 103,
       108, 103, 73, 8, 226, 193, 101, 53, 120, 185, 10, 8, 61, 253, 121,
       108, 120, 207, 223, 250, 78, 236, 60, 14, 115, 255, 39, 48, 30,
       251, 87, 106, 195, 43, 120, 61, 123, 141, 37, 188, 121, 187, 70,
       243, 47, 125, 99, 64, 240, 255, 79, 214, 117, 234, 28, 200, 18,
       213, 209, 188, 31, 254, 85, 126, 233, 146, 60, 62, 186, 28, 37,
       240, 238, 255, 154, 189, 17, 189, 115, 72, 243, 217, 50, 103, 237,
       65, 110, 96, 62, 214, 164, 244, 54, 187, 6, 81, 151, 187, 52, 127,
       57, 28, 6, 74, 242, 6, 171, 189, 138, 154, 18, 184, 125, 209, 146,
       106, 159, 13, 208, 51, 46, 218, 36, 196, 216, 185, 135, 1, 14,
       191, 26, 247, 155, 213, 26, 107, 18, 12, 45, 159, 2, 151, 18, 168,
       189, 165, 16, 103, 140, 13, 202, 103, 172, 242, 32, 192, 240, 43,
       139, 17, 22, 9, 16, 223, 185, 244, 138, 91, 24, 10, 185, 27, 186,
       3, 106, 184, 91, 209, 184, 75, 151, 4, 220, 179, 41, 207, 34, 64,
       254, 185, 147, 193, 22, 19, 34, 221, 115, 193, 139, 171, 55, 12,
       60, 210, 130, 29, 59, 222, 91, 213, 179, 65, 222, 68, 229, 2, 60,
       223, 39, 101, 238, 59, 147, 131, 35, 47, 58, 253, 115, 48, 10, 43,
       17, 2, 39, 243, 3, 187, 99, 75, 100, 153, 234, 85, 95, 73, 112,
       230, 169, 136, 244, 164, 126, 170, 22, 221, 151, 188, 117, 243,
       12, 28, 186, 192, 223, 142, 249, 157, 163, 26, 76, 189, 108, 131,
       236, 114, 21, 226, 242, 199, 185, 47, 147, 73, 78, 239, 55, 207,
       237, 158, 85, 236, 148, 250, 250, 128, 61, 173, 57, 153, 89, 248,
