%YAML:1.0
---
descriptors: !!opencv-matrix
   rows: 210
   cols: 32
   dt: u
   data: [ 188, 24, 122, 110, 67, 239, 87, 112, 244, 130, 229, 0, 127,
       215, 33, 49, 250, 184, 211, 106, 41, 167, 24, 61, 83, 233, 96, 9,
       123, 187, 110, 178, 94, 149, 114, 142, 119, 244, 126, 232, 45, 68,
       255, 3, 108, 222, 47, 212, 246, 255, 255, 227, 6, 147, 186, 255,
       183, 53, 10, 131, 6, 87, 47, 223, 240, 52, 59, 104, 75, 109, 145,
       67, 228, 38, 164, 26, 18, 157, 36, 57, 232, 144, 202, 16, 56, 47,
       112, 2, 81, 129, 16, 123, 81, 72, 230, 162, 62, 61, 114, 230, 247,
       252, 254, 97, 61, 196, 127, 11, 111, 254, 15, 148, 190, 251, 151,
       130, 28, 178, 56, 239, 183, 253, 138, 131, 227, 119, 79, 215, 53,
       79, 64, 5, 180, 10, 238, 180, 117, 168, 250, 231, 195, 40, 149,
       68, 94, 236, 22, 239, 204, 176, 69, 14, 36, 44, 167, 132, 109,
       254, 120, 141, 43, 185, 235, 249, 244, 185, 233, 214, 95, 201,
       124, 230, 185, 157, 244, 40, 93, 187, 23, 157, 147, 250, 230, 215,
       78, 93, 190, 232, 207, 136, 242, 249, 57, 159, 107, 232, 182, 167,
       235, 255, 87, 73, 222, 230, 113, 227, 180, 96, 127, 170, 23, 188,
       251, 187, 44, 255, 250, 207, 175, 192, 191, 138, 240, 177, 182,
       232, 160, 154, 77, 213, 146, 200, 155, 21, 165, 11, 78, 200, 126,
       158, 217, 201, 195, 211, 78, 103, 250, 209, 155, 80, 15, 127, 83,
       14, 62, 198, 109, 72, 211, 197, 100, 14, 103, 20, 105, 234, 110,
       100, 87, 51, 129, 126, 86, 108, 60, 110, 201, 212, 225, 10, 228,
       190, 101, 4, 10, 243, 66, 33, 125, 79, 101, 37, 172, 63, 79, 190,
       101, 234, 190, 237, 211, 109, 159, 50, 28, 230, 124, 111, 217,
       178, 237, 46, 246, 127, 229, 148, 111, 255, 210, 97, 46, 89, 150,
       155, 253, 215, 182, 200, 159, 140, 93, 3, 236, 252, 47, 140, 217,
       123, 131, 211, 54, 178, 90, 255, 63, 86, 143, 107, 151, 127, 189,
       134, 40, 149, 49, 251, 253, 237, 81, 175, 95, 25, 169, 24, 190,
       121, 44, 112, 217, 154, 150, 16, 27, 42, 91, 151, 175, 223, 20,
       127, 210, 8, 214, 170, 53, 230, 76, 234, 252, 35, 79, 248, 86, 58,
       189, 239, 83, 97, 251, 25, 91, 200, 78, 254, 234, 102, 79, 55,
       250, 143, 229, 252, 253, 251, 120, 0, 125, 221, 101, 71, 181, 94,
       79, 184, 113, 200, 255, 72, 91, 117, 157, 244, 16, 212, 92, 106,
       249, 176, 125, 174, 105, 255, 37, 148, 99, 247, 214, 116, 10, 176,
       181, 217, 201, 253, 177, 207, 175, 29, 228, 16, 172, 135, 96, 75,
       197, 27, 235, 16, 18, 77, 242, 241, 207, 209, 94, 107, 146, 0,
       167, 234, 126, 119, 112, 70, 233, 89, 87, 252, 129, 188, 189, 40,
       74, 127, 207, 151, 14, 212, 197, 106, 72, 99, 234, 232, 114, 217,
       101, 191, 99, 255, 206, 179, 124, 117, 113, 70, 237, 92, 71, 252,
       65, 236, 189, 42, 74, 117, 221, 183, 88, 212, 244, 106, 201, 99,
       232, 236, 51, 217, 69, 190, 103, 255, 214, 229, 66, 187, 148, 179,
       168, 169, 48, 151, 171, 125, 26, 253, 172, 54, 202, 158, 135, 87,
       237, 17, 151, 72, 203, 241, 140, 86, 127, 246, 136, 68, 143, 93,
       25, 141, 85, 173, 18, 139, 111, 55, 100, 0, 234, 64, 247, 35, 0,
       97, 50, 163, 78, 108, 105, 168, 21, 29, 228, 136, 34, 16, 112,
       130, 1, 40, 200, 30, 190, 245, 40, 46, 121, 23, 237, 159, 182, 20,
       190, 55, 3, 123, 167, 55, 125, 8, 160, 205, 179, 66, 199, 251,
       114, 130, 130, 192, 37, 123, 77, 28, 191, 117, 40, 111, 113, 18,
       236, 122, 255, 68, 246, 55, 1, 123, 165, 52, 124, 10, 129, 241,
       51, 9, 199, 171, 113, 16, 72, 225, 67, 123, 61, 23, 122, 236, 116,
       23, 74, 120, 101, 72, 253, 70, 91, 91, 185, 49, 120, 136, 22, 238,
       205, 179, 49, 156, 210, 233, 161, 140, 127, 171, 122, 161, 5, 4,
       227, 71, 198, 102, 239, 219, 116, 227, 91, 210, 81, 101, 189, 108,
       127, 222, 50, 174, 153, 176, 61, 74, 37, 46, 247, 132, 237, 251,
       240, 176, 200, 62, 190, 117, 44, 46, 121, 19, 233, 158, 54, 48,
       159, 47, 131, 123, 135, 52, 109, 8, 176, 237, 227, 66, 199, 251,
       114, 144, 192, 224, 71, 115, 248, 245, 50, 126, 25, 221, 84, 255,
       177, 4, 172, 9, 127, 255, 10, 145, 216, 187, 221, 0, 110, 43, 242,
       191, 243, 253, 20, 59, 98, 86, 206, 74, 2, 144, 20, 155, 221, 205,
       176, 239, 158, 53, 65, 17, 172, 214, 108, 64, 201, 27, 235, 16,
       86, 40, 90, 245, 13, 22, 31, 127, 144, 8, 141, 142, 1, 145, 121,
       105, 118, 173, 185, 90, 78, 65, 121, 130, 189, 28, 60, 32, 254,
       25, 19, 209, 130, 184, 87, 85, 69, 13, 42, 100, 93, 138, 33, 177,
       41, 44, 106, 72, 85, 191, 234, 107, 95, 64, 124, 10, 19, 136, 182,
       160, 216, 168, 18, 61, 158, 186, 116, 223, 22, 93, 129, 105, 87,
       141, 122, 196, 65, 131, 153, 233, 164, 170, 105, 55, 110, 9, 90,
       224, 247, 35, 144, 112, 119, 39, 60, 28, 154, 152, 199, 21, 204,
       255, 186, 192, 156, 194, 129, 41, 34, 161, 32, 88, 221, 149, 180,
       103, 202, 49, 177, 26, 168, 152, 252, 160, 201, 27, 211, 17, 210,
       107, 246, 213, 61, 28, 158, 255, 85, 12, 223, 174, 66, 178, 247,
       152, 91, 193, 184, 65, 175, 117, 210, 163, 172, 158, 228, 207,
       106, 185, 239, 145, 2, 91, 135, 209, 156, 16, 218, 235, 181, 4,
       37, 255, 130, 86, 150, 188, 167, 162, 180, 103, 156, 31, 218, 247,
       172, 234, 34, 201, 207, 115, 175, 1, 116, 207, 18, 235, 176, 118,
       222, 139, 156, 124, 185, 31, 51, 134, 236, 157, 70, 35, 169, 123,
       22, 247, 218, 247, 65, 236, 190, 73, 127, 142, 183, 149, 190, 254,
       103, 159, 92, 46, 251, 196, 189, 204, 116, 212, 208, 78, 237, 5,
       36, 10, 111, 180, 116, 198, 114, 231, 243, 37, 149, 113, 126, 228,
       46, 238, 233, 180, 101, 40, 100, 162, 230, 128, 101, 251, 84, 121,
       194, 254, 0, 143, 74, 128, 42, 14, 143, 13, 216, 231, 172, 130, 8,
       196, 100, 155, 239, 192, 66, 12, 203, 247, 180, 36, 170, 139, 57,
       0, 45, 159, 104, 142, 152, 236, 245, 176, 83, 143, 83, 7, 76, 50,
       174, 243, 99, 196, 211, 94, 166, 16, 62, 26, 226, 130, 235, 245,
       150, 79, 178, 236, 252, 15, 56, 250, 58, 42, 75, 221, 82, 98, 163,
       68, 237, 141, 47, 207, 34, 144, 156, 185, 195, 0, 78, 43, 90, 61,
       211, 213, 0, 123, 114, 142, 78, 218, 34, 160, 18, 141, 93, 215,
       178, 74, 159, 37, 242, 11, 172, 154, 102, 196, 248, 189, 235, 129,
       6, 191, 211, 223, 21, 52, 155, 47, 17, 12, 61, 142, 200, 204, 111,
       123, 52, 202, 105, 182, 188, 87, 114, 240, 247, 77, 152, 112, 163,
       110, 125, 13, 227, 188, 187, 127, 236, 247, 54, 192, 68, 144, 215,
       121, 237, 39, 233, 167, 52, 46, 111, 16, 48, 234, 91, 237, 215,
       109, 153, 3, 92, 204, 93, 111, 233, 208, 237, 10, 228, 169, 169,
       148, 44, 251, 82, 112, 129, 151, 89, 165, 114, 11, 121, 51, 60,
       97, 123, 245, 151, 47, 128, 48, 54, 31, 23, 12, 245, 152, 117, 95,
       198, 141, 34, 196, 109, 128, 131, 209, 15, 157, 10, 143, 245, 182,
       174, 234, 95, 72, 90, 231, 236, 248, 191, 228, 254, 107, 146, 197,
       215, 186, 30, 255, 46, 127, 143, 139, 159, 127, 185, 149, 33, 239,
       98, 143, 116, 175, 226, 242, 94, 72, 120, 71, 243, 200, 183, 132,
       88, 106, 2, 95, 134, 186, 94, 191, 36, 28, 37, 40, 221, 223, 88,
       140, 27, 13, 14, 190, 147, 182, 62, 103, 180, 130, 202, 135, 109,
       234, 35, 208, 99, 235, 171, 135, 44, 141, 20, 255, 177, 103, 158,
       1, 189, 117, 169, 26, 2, 240, 16, 154, 95, 205, 176, 204, 142, 53,
       129, 27, 140, 220, 104, 8, 233, 27, 203, 81, 22, 107, 90, 245, 29,
       16, 27, 127, 80, 11, 133, 134, 47, 157, 115, 79, 245, 247, 175,
       235, 95, 72, 122, 70, 232, 252, 189, 228, 95, 122, 18, 234, 195,
       176, 125, 255, 37, 126, 7, 194, 87, 255, 245, 245, 10, 143, 170,
       158, 243, 176, 191, 230, 63, 13, 94, 163, 172, 238, 38, 68, 254,
       251, 167, 197, 22, 154, 162, 255, 63, 119, 158, 139, 150, 87, 173,
       223, 185, 155, 107, 249, 182, 131, 203, 255, 87, 201, 212, 246,
       51, 205, 176, 96, 127, 170, 23, 220, 187, 187, 103, 191, 250, 207,
       191, 200, 189, 136, 240, 249, 188, 56, 251, 112, 127, 249, 113,
