%YAML:1.0
---
descriptors: !!opencv-matrix
   rows: 273
   cols: 32
   dt: u
   data: [ 72, 21, 185, 225, 164, 236, 121, 23, 47, 77, 95, 48, 159, 191,
       210, 104, 167, 63, 189, 25, 155, 152, 179, 195, 195, 253, 58, 192,
       134, 192, 133, 123, 233, 245, 121, 101, 124, 95, 239, 63, 107,
       232, 52, 72, 187, 29, 212, 51, 158, 204, 86, 104, 249, 120, 245,
       206, 111, 217, 37, 252, 103, 160, 214, 249, 80, 177, 187, 224,
       155, 233, 17, 77, 170, 209, 169, 40, 158, 159, 74, 122, 162, 151,
       253, 144, 27, 75, 178, 80, 217, 197, 30, 127, 160, 2, 167, 91,
       206, 20, 230, 222, 255, 246, 186, 104, 187, 31, 87, 147, 108, 254,
       63, 205, 255, 255, 179, 179, 182, 179, 186, 255, 53, 62, 218, 203,
       151, 87, 63, 199, 154, 248, 126, 250, 75, 192, 181, 199, 174, 84,
       70, 163, 44, 222, 99, 99, 166, 59, 251, 195, 70, 207, 162, 245,
       243, 225, 30, 11, 53, 20, 165, 235, 39, 207, 110, 90, 244, 182,
       254, 248, 221, 76, 94, 166, 104, 236, 191, 100, 127, 66, 54, 239,
       247, 177, 45, 255, 46, 62, 167, 199, 215, 254, 249, 213, 130, 180,
       146, 154, 219, 229, 176, 67, 191, 31, 97, 17, 172, 254, 102, 76,
       233, 59, 147, 145, 54, 94, 146, 211, 13, 22, 26, 107, 208, 68,
       167, 215, 2, 140, 20, 189, 189, 175, 56, 39, 158, 31, 90, 17, 172,
       58, 36, 73, 201, 59, 187, 145, 54, 216, 83, 215, 13, 54, 218, 67,
       144, 76, 149, 138, 33, 173, 113, 72, 244, 207, 203, 115, 85, 104,
       252, 74, 19, 49, 148, 52, 88, 172, 6, 56, 155, 186, 117, 223, 63,
       156, 1, 100, 119, 138, 114, 172, 145, 0, 79, 229, 6, 42, 105, 59,
       116, 66, 242, 86, 83, 0, 176, 97, 122, 132, 46, 172, 169, 180, 5,
       76, 212, 170, 226, 4, 109, 168, 112, 32, 177, 6, 79, 109, 4, 10,
       97, 51, 116, 34, 242, 66, 19, 1, 144, 113, 120, 132, 14, 168, 233,
       182, 101, 14, 212, 171, 96, 4, 109, 160, 96, 40, 27, 246, 226,
       198, 119, 215, 254, 209, 87, 111, 93, 167, 105, 254, 191, 36, 127,
       233, 151, 167, 142, 179, 60, 255, 58, 93, 175, 167, 39, 239, 61,
       221, 174, 188, 185, 250, 253, 253, 149, 207, 159, 63, 189, 27,
       140, 255, 110, 9, 205, 155, 195, 17, 54, 111, 122, 247, 59, 87,
       94, 127, 209, 92, 135, 235, 15, 250, 240, 165, 231, 28, 189, 154,
       123, 238, 86, 230, 205, 60, 150, 173, 55, 77, 183, 175, 231, 240,
       253, 201, 166, 123, 107, 198, 111, 229, 155, 245, 158, 180, 177,
       250, 185, 253, 49, 207, 191, 123, 173, 24, 156, 222, 72, 45, 131,
       27, 219, 17, 51, 79, 250, 243, 217, 212, 27, 127, 146, 65, 135,
       243, 110, 84, 102, 170, 125, 247, 186, 232, 223, 15, 123, 15, 104,
       220, 63, 196, 251, 189, 179, 179, 180, 183, 26, 223, 63, 127, 139,
       143, 215, 127, 124, 215, 38, 221, 50, 154, 125, 247, 178, 232,
       157, 205, 125, 3, 108, 254, 47, 197, 217, 249, 131, 115, 36, 51,
       122, 255, 61, 54, 207, 75, 211, 63, 127, 215, 114, 97, 82, 236,
       77, 192, 90, 64, 173, 0, 235, 11, 106, 219, 37, 84, 248, 181, 239,
       226, 74, 35, 210, 221, 147, 248, 131, 27, 49, 59, 124, 2, 75, 28,
       183, 222, 193, 244, 125, 198, 189, 95, 234, 21, 188, 255, 37, 223,
       233, 227, 251, 130, 53, 207, 50, 227, 151, 254, 222, 10, 138, 117,
       167, 126, 254, 107, 228, 16, 205, 89, 212, 204, 195, 246, 180,
       143, 10, 136, 87, 159, 232, 196, 231, 247, 206, 103, 254, 192, 23,
       88, 197, 63, 103, 61, 126, 198, 79, 55, 248, 226, 246, 185, 251,
       146, 239, 233, 31, 237, 157, 191, 215, 96, 183, 23, 255, 157, 151,
       24, 173, 208, 78, 93, 169, 238, 142, 199, 89, 85, 66, 194, 158,
       188, 75, 64, 61, 103, 184, 23, 196, 177, 172, 166, 40, 91, 231,
       55, 171, 130, 96, 79, 162, 209, 245, 179, 222, 139, 16, 112, 167,
       235, 182, 52, 226, 197, 247, 87, 254, 72, 95, 238, 247, 51, 72,
       188, 191, 164, 254, 221, 151, 227, 236, 183, 53, 218, 19, 94, 135,
       135, 103, 255, 254, 199, 94, 58, 186, 180, 34, 224, 185, 66, 186,
       166, 154, 163, 45, 175, 67, 10, 167, 117, 237, 145, 4, 213, 130,
       226, 216, 103, 123, 131, 164, 117, 39, 83, 35, 237, 96, 139, 213,
       213, 190, 239, 78, 68, 88, 11, 40, 220, 54, 164, 216, 43, 147,
       197, 198, 186, 124, 255, 47, 28, 143, 235, 85, 14, 223, 222, 114,
       150, 121, 255, 178, 226, 159, 55, 57, 67, 219, 247, 245, 63, 148,
       113, 215, 183, 21, 161, 241, 152, 101, 255, 234, 47, 186, 208, 53,
       192, 181, 121, 96, 139, 144, 137, 221, 132, 236, 71, 74, 161, 200,
       2, 132, 138, 112, 192, 200, 46, 51, 153, 210, 58, 209, 208, 45,
       60, 142, 108, 145, 8, 248, 136, 53, 69, 90, 172, 82, 2, 94, 104,
       49, 0, 249, 138, 87, 94, 43, 48, 254, 153, 23, 226, 77, 179, 16,
       142, 243, 237, 34, 133, 53, 123, 106, 130, 16, 237, 59, 235, 182,
       194, 191, 253, 54, 77, 216, 163, 181, 191, 168, 64, 250, 223, 23,
       225, 94, 154, 169, 63, 248, 229, 174, 237, 52, 26, 183, 251, 75,
       91, 112, 211, 226, 223, 189, 53, 61, 236, 86, 229, 253, 30, 215,
       255, 134, 55, 255, 4, 197, 248, 245, 196, 102, 123, 118, 130, 14,
       212, 137, 125, 69, 57, 159, 209, 221, 237, 225, 198, 238, 241, 34,
       12, 158, 179, 97, 14, 161, 102, 106, 92, 17, 121, 178, 224, 157,
       154, 87, 114, 200, 41, 81, 242, 152, 221, 125, 175, 50, 195, 79,
       244, 180, 204, 246, 162, 247, 87, 33, 97, 126, 241, 95, 234, 104,
       133, 57, 45, 241, 225, 175, 128, 48, 179, 37, 123, 151, 95, 235,
       207, 86, 30, 239, 112, 84, 198, 87, 230, 83, 100, 183, 109, 126,
       236, 54, 239, 233, 181, 53, 202, 116, 46, 175, 128, 109, 187, 112,
       117, 22, 165, 98, 208, 215, 215, 186, 225, 221, 4, 90, 3, 104,
       200, 62, 165, 186, 171, 147, 241, 246, 185, 52, 223, 59, 28, 139,
       195, 71, 14, 125, 134, 40, 140, 26, 252, 21, 195, 66, 111, 214, 9,
       204, 50, 34, 177, 32, 228, 217, 58, 138, 24, 58, 191, 0, 159, 249,
       247, 146, 67, 146, 8, 252, 170, 111, 183, 225, 65, 246, 122, 251,
       154, 107, 109, 61, 239, 9, 47, 212, 180, 55, 159, 215, 157, 147,
       24, 237, 223, 94, 92, 171, 244, 183, 199, 87, 245, 32, 104, 82,
       130, 93, 141, 178, 64, 206, 168, 185, 74, 96, 216, 117, 2, 232,
       189, 106, 99, 70, 35, 154, 205, 29, 20, 139, 59, 65, 43, 118, 130,
       61, 69, 99, 108, 87, 86, 111, 112, 117, 192, 127, 130, 91, 95,
       183, 240, 126, 236, 150, 238, 237, 178, 53, 142, 115, 239, 160,
       128, 119, 247, 96, 244, 26, 141, 118, 232, 213, 247, 250, 99, 149,
       4, 222, 3, 41, 127, 50, 192, 232, 179, 147, 177, 62, 186, 16, 223,
       107, 255, 138, 67, 183, 12, 124, 194, 79, 54, 248, 227, 38, 184,
       250, 22, 111, 203, 31, 229, 253, 191, 215, 170, 183, 87, 253, 157,
       135, 97, 167, 194, 78, 95, 190, 130, 142, 215, 89, 85, 114, 97,
       114, 136, 95, 15, 208, 73, 15, 32, 203, 11, 14, 136, 116, 132,
       232, 157, 235, 81, 78, 51, 211, 208, 53, 16, 137, 59, 69, 14, 84,
       14, 102, 241, 244, 145, 245, 46, 253, 151, 63, 55, 178, 61, 142,
       62, 78, 90, 239, 215, 255, 16, 146, 248, 113, 192, 255, 30, 86,
       198, 196, 84, 199, 123, 73, 21, 61, 71, 52, 30, 233, 55, 104, 105,
       95, 68, 252, 61, 150, 116, 132, 38, 52, 45, 209, 184, 113, 79,
       103, 63, 50, 128, 74, 194, 211, 121, 72, 34, 236, 83, 237, 253,
       241, 3, 239, 127, 127, 57, 138, 136, 214, 159, 139, 2, 238, 14,
       150, 116, 103, 208, 70, 91, 80, 191, 194, 205, 95, 205, 145, 179,
       123, 225, 230, 90, 189, 125, 124, 233, 119, 230, 57, 156, 254, 97,
       126, 155, 22, 255, 215, 248, 61, 192, 126, 201, 174, 196, 109,
       138, 249, 249, 111, 124, 227, 206, 126, 114, 79, 216, 3, 234, 93,
       234, 89, 247, 253, 246, 95, 252, 55, 234, 201, 3, 190, 250, 51,
       60, 165, 188, 183, 255, 118, 245, 61, 248, 113, 227, 221, 223, 75,
       220, 87, 117, 244, 26, 219, 85, 216, 172, 121, 218, 150, 120, 187,
       118, 121, 183, 255, 223, 165, 117, 247, 159, 214, 240, 58, 69, 98,
       236, 87, 87, 222, 125, 69, 4, 252, 139, 73, 29, 55, 164, 126, 145,
       151, 235, 232, 163, 52, 206, 115, 237, 138, 153, 119, 191, 255,
