%YAML:1.0
---
descriptors: !!opencv-matrix
   rows: 251
   cols: 32
   dt: u
   data: [ 244, 239, 142, 182, 168, 11, 87, 236, 178, 166, 138, 175, 103,
       225, 74, 83, 241, 198, 109, 231, 124, 67, 201, 47, 248, 231, 237,
       253, 36, 114, 150, 91, 239, 46, 132, 23, 173, 63, 204, 186, 215,
       242, 135, 92, 202, 104, 223, 175, 141, 70, 120, 47, 189, 100, 127,
       170, 44, 90, 215, 52, 142, 253, 216, 84, 197, 162, 156, 186, 168,
       61, 88, 157, 254, 27, 129, 92, 231, 226, 200, 219, 151, 194, 108,
       30, 182, 69, 207, 51, 154, 243, 119, 252, 136, 193, 139, 5, 214,
       151, 172, 182, 138, 80, 158, 152, 178, 255, 159, 191, 197, 238,
       203, 11, 119, 215, 253, 247, 254, 67, 239, 51, 250, 7, 239, 191,
       172, 247, 191, 81, 213, 238, 140, 9, 172, 58, 140, 142, 126, 186,
       130, 92, 199, 34, 211, 207, 65, 196, 108, 124, 46, 101, 199, 0,
       172, 243, 239, 21, 200, 125, 89, 4, 247, 50, 236, 159, 138, 19,
       156, 168, 158, 246, 131, 247, 97, 236, 95, 11, 47, 199, 249, 231,
       172, 69, 95, 10, 216, 3, 223, 159, 173, 117, 57, 86, 87, 175, 132,
       181, 173, 50, 12, 191, 178, 254, 130, 229, 227, 104, 210, 207, 69,
       199, 237, 5, 173, 73, 207, 169, 168, 83, 255, 215, 140, 108, 152,
       93, 104, 50, 150, 173, 37, 15, 112, 26, 47, 168, 98, 109, 143,
       139, 0, 210, 132, 172, 236, 20, 8, 176, 211, 144, 198, 241, 16,
       18, 42, 140, 74, 10, 113, 163, 136, 160, 188, 141, 84, 205, 170,
       13, 188, 77, 135, 163, 74, 80, 162, 131, 125, 81, 30, 11, 194, 16,
       250, 213, 44, 253, 164, 130, 219, 3, 8, 205, 27, 123, 117, 204,
       117, 246, 191, 29, 108, 1, 62, 179, 32, 80, 161, 59, 135, 72, 66,
       40, 18, 247, 231, 253, 16, 9, 82, 144, 231, 171, 56, 109, 120, 69,
       93, 95, 85, 102, 87, 165, 174, 8, 42, 49, 6, 180, 200, 190, 194,
       72, 72, 186, 113, 190, 119, 223, 21, 51, 115, 156, 206, 238, 7,
       15, 166, 141, 204, 55, 239, 107, 127, 231, 255, 206, 192, 234,
       183, 110, 123, 239, 127, 173, 156, 251, 239, 223, 156, 62, 223,
       150, 149, 111, 245, 228, 33, 174, 238, 223, 220, 63, 167, 250,
       126, 182, 254, 30, 240, 233, 183, 79, 121, 238, 106, 174, 160,
       243, 239, 255, 126, 46, 215, 52, 213, 249, 120, 204, 18, 143, 122,
       254, 182, 208, 61, 119, 148, 12, 222, 162, 33, 143, 160, 64, 108,
       187, 143, 192, 218, 139, 34, 189, 243, 229, 186, 201, 53, 136,
       164, 43, 10, 140, 254, 253, 23, 234, 121, 35, 61, 71, 78, 19, 189,
       63, 50, 96, 227, 59, 187, 129, 54, 188, 113, 207, 199, 255, 26,
       67, 182, 12, 5, 122, 19, 201, 78, 181, 22, 130, 110, 117, 180,
       192, 210, 199, 189, 195, 178, 65, 106, 173, 63, 207, 205, 153, 4,
       237, 244, 107, 170, 128, 45, 172, 57, 152, 16, 143, 74, 207, 86,
       130, 239, 119, 52, 0, 126, 198, 113, 195, 160, 64, 126, 170, 19,
       206, 250, 185, 52, 127, 119, 173, 162, 0, 117, 138, 224, 136, 206,
       255, 150, 146, 203, 253, 180, 199, 175, 159, 141, 57, 172, 246,
       111, 159, 173, 115, 235, 146, 50, 79, 154, 224, 153, 18, 95, 123,
       146, 117, 175, 87, 2, 253, 57, 219, 221, 197, 151, 236, 95, 113,
       73, 25, 228, 222, 108, 32, 221, 27, 51, 82, 103, 106, 122, 247,
       47, 30, 31, 127, 16, 26, 133, 222, 238, 239, 150, 146, 203, 241,
       158, 236, 139, 183, 169, 27, 236, 238, 111, 143, 171, 243, 235,
       211, 118, 71, 154, 241, 189, 18, 79, 127, 130, 127, 175, 198, 32,
       65, 121, 101, 116, 14, 111, 57, 96, 168, 126, 72, 243, 19, 144,
       48, 18, 220, 6, 104, 201, 184, 241, 12, 239, 173, 33, 132, 105,
       162, 66, 169, 251, 116, 224, 239, 125, 60, 126, 156, 27, 115, 253,
       159, 105, 111, 31, 126, 127, 221, 191, 167, 174, 114, 253, 211,
       183, 253, 138, 190, 183, 254, 86, 220, 167, 207, 64, 139, 212,
       183, 142, 236, 86, 80, 89, 199, 96, 200, 191, 132, 89, 74, 19,
       255, 247, 34, 78, 191, 46, 28, 143, 236, 95, 223, 248, 148, 35,
       98, 230, 29, 77, 147, 168, 72, 86, 245, 214, 199, 96, 200, 182,
       172, 220, 44, 242, 157, 142, 243, 231, 157, 14, 58, 203, 174, 93,
       12, 120, 220, 35, 98, 110, 141, 76, 147, 184, 72, 150, 244, 210,
       231, 104, 140, 183, 201, 236, 173, 251, 213, 134, 215, 199, 209,
       20, 32, 139, 137, 29, 12, 120, 220, 2, 148, 30, 155, 129, 228, 60,
       39, 188, 27, 74, 16, 172, 182, 32, 77, 229, 51, 187, 128, 50, 216,
       19, 245, 5, 50, 218, 67, 144, 64, 165, 26, 73, 191, 35, 229, 52,
       46, 237, 55, 121, 201, 94, 68, 191, 61, 144, 167, 134, 110, 116,
       45, 177, 248, 181, 143, 228, 255, 98, 192, 78, 232, 211, 249, 202,
       245, 217, 239, 116, 44, 250, 220, 27, 41, 248, 106, 189, 187, 217,
       66, 254, 95, 31, 249, 130, 19, 200, 243, 244, 253, 174, 188, 180,
       251, 83, 169, 117, 202, 239, 231, 70, 2, 111, 240, 85, 234, 247,
       230, 91, 107, 180, 112, 126, 228, 63, 238, 201, 182, 109, 204,
       246, 239, 231, 132, 61, 186, 240, 49, 90, 145, 191, 245, 169, 116,
       21, 15, 139, 121, 135, 33, 156, 191, 74, 106, 193, 87, 249, 145,
       22, 73, 243, 192, 219, 243, 222, 159, 130, 64, 165, 115, 235, 118,
       224, 239, 124, 112, 89, 156, 27, 95, 125, 188, 105, 111, 159, 247,
       222, 223, 149, 172, 175, 82, 239, 203, 102, 253, 162, 183, 190,
       246, 94, 253, 149, 92, 61, 255, 46, 15, 251, 184, 204, 122, 183,
       86, 255, 95, 41, 107, 167, 81, 127, 110, 161, 101, 123, 253, 199,
       219, 115, 148, 24, 187, 1, 121, 53, 206, 107, 224, 214, 139, 239,
       243, 125, 234, 250, 238, 27, 233, 180, 112, 123, 236, 54, 207,
       217, 187, 36, 238, 250, 206, 167, 192, 109, 171, 240, 225, 41, 71,
       249, 239, 116, 44, 111, 152, 104, 200, 124, 64, 191, 99, 145, 112,
       94, 202, 23, 110, 137, 50, 224, 105, 230, 253, 162, 168, 188, 251,
       67, 169, 102, 235, 6, 140, 93, 129, 130, 104, 142, 188, 128, 79,
       96, 192, 111, 198, 248, 236, 107, 213, 70, 3, 138, 221, 24, 32,
       139, 126, 25, 47, 113, 198, 106, 141, 40, 168, 189, 198, 95, 163,
       135, 45, 154, 1, 149, 143, 50, 64, 200, 179, 31, 229, 90, 11, 64,
       189, 253, 181, 170, 253, 16, 10, 180, 66, 65, 255, 17, 150, 56,
       148, 39, 182, 186, 126, 24, 228, 172, 226, 198, 197, 135, 99, 236,
       70, 231, 73, 170, 127, 172, 18, 63, 170, 10, 148, 131, 93, 3, 191,
       11, 213, 52, 190, 105, 51, 57, 73, 94, 68, 183, 181, 144, 33, 164,
       46, 117, 12, 181, 184, 176, 239, 135, 190, 112, 192, 8, 200, 91,
       253, 81, 227, 24, 160, 52, 141, 82, 212, 42, 45, 168, 77, 151,
       131, 66, 16, 150, 201, 76, 85, 222, 11, 208, 49, 250, 209, 38,
       125, 8, 130, 139, 10, 113, 34, 26, 168, 8, 15, 96, 18, 164, 8,
       226, 77, 135, 131, 66, 208, 204, 140, 204, 4, 12, 171, 209, 16,
       214, 233, 48, 89, 72, 136, 74, 10, 116, 34, 136, 174, 8, 40, 90,
       24, 230, 166, 175, 141, 199, 106, 91, 90, 217, 197, 108, 39, 140,
       35, 207, 0, 210, 231, 115, 61, 200, 243, 10, 0, 69, 35, 140, 37,
       140, 60, 136, 9, 230, 245, 139, 205, 199, 168, 90, 74, 132, 199,
       232, 21, 158, 97, 223, 0, 200, 229, 63, 93, 200, 110, 153, 80,
       241, 67, 239, 239, 38, 2, 111, 252, 100, 226, 243, 230, 115, 75,
       185, 114, 126, 196, 63, 238, 201, 183, 109, 168, 242, 233, 231,
       128, 45, 187, 112, 41, 84, 16, 189, 239, 11, 108, 17, 24, 142,
       249, 191, 4, 222, 255, 73, 106, 166, 85, 125, 34, 129, 1, 251,
       192, 211, 255, 107, 30, 152, 99, 5, 115, 113, 34, 140, 53, 24, 31,
       72, 43, 58, 236, 128, 205, 135, 42, 82, 27, 148, 197, 108, 37,
       172, 75, 213, 28, 152, 227, 125, 177, 8, 36, 10, 92, 237, 118,
       237, 205, 124, 53, 111, 152, 117, 216, 159, 222, 83, 101, 155, 47,
       28, 192, 127, 254, 171, 98, 111, 77, 247, 203, 229, 140, 175, 251,
       240, 113, 112, 111, 76, 167, 48, 11, 103, 184, 48, 174, 254, 173,
       231, 99, 131, 17, 26, 237, 109, 102, 108, 208, 201, 46, 228, 231,
       103, 145, 40, 243, 71, 75, 69, 36, 172, 39, 12, 46, 137, 10, 134,
       247, 139, 141, 211, 108, 91, 74, 141, 197, 121, 133, 141, 65, 223,
