%YAML:1.0
---
descriptors: !!opencv-matrix
   rows: 196
   cols: 32
   dt: u
   data: [ 56, 149, 90, 238, 212, 206, 86, 121, 101, 13, 255, 7, 115,
       121, 56, 80, 248, 130, 7, 106, 90, 187, 25, 191, 115, 237, 32, 69,
       123, 138, 252, 147, 214, 22, 181, 31, 169, 120, 176, 10, 238, 255,
       147, 112, 206, 126, 140, 235, 135, 87, 252, 17, 180, 69, 107, 242,
       137, 243, 127, 215, 210, 101, 37, 103, 134, 150, 188, 215, 172,
       107, 180, 187, 252, 186, 151, 48, 214, 124, 140, 107, 167, 87,
       108, 3, 181, 229, 107, 100, 206, 178, 127, 147, 132, 121, 157, 55,
       2, 131, 23, 153, 150, 131, 168, 111, 28, 5, 88, 131, 164, 110, 36,
       1, 254, 59, 3, 161, 114, 184, 0, 221, 44, 22, 154, 66, 85, 8, 165,
       142, 40, 141, 98, 235, 213, 239, 226, 238, 86, 9, 121, 2, 115,
       217, 60, 0, 216, 58, 19, 113, 154, 186, 88, 191, 109, 156, 129,
       97, 213, 10, 244, 138, 50, 159, 17, 138, 189, 199, 199, 255, 71,
       73, 248, 102, 230, 241, 160, 132, 88, 170, 134, 104, 91, 171, 89,
       255, 168, 212, 1, 122, 91, 142, 176, 189, 41, 77, 99, 77, 117,
       159, 238, 119, 85, 72, 124, 76, 58, 40, 180, 180, 92, 170, 22, 44,
       205, 186, 116, 159, 38, 124, 132, 40, 95, 158, 250, 156, 11, 191,
       90, 184, 245, 156, 248, 63, 191, 89, 60, 117, 173, 139, 118, 192,
       199, 43, 151, 149, 150, 8, 18, 215, 206, 221, 190, 205, 158, 132,
       201, 155, 147, 242, 111, 145, 54, 3, 237, 255, 62, 123, 82, 247,
       25, 142, 188, 97, 127, 143, 23, 205, 243, 220, 37, 215, 188, 10,
       254, 196, 45, 144, 177, 253, 60, 244, 24, 232, 221, 231, 82, 218,
       87, 41, 252, 7, 83, 219, 105, 24, 253, 216, 3, 56, 10, 34, 89,
       183, 123, 205, 5, 125, 251, 219, 104, 146, 27, 205, 106, 171, 93,
       141, 238, 245, 197, 66, 222, 7, 57, 24, 58, 64, 106, 138, 159,
       111, 254, 187, 85, 247, 246, 109, 138, 193, 63, 158, 248, 204,
       125, 120, 221, 101, 52, 31, 99, 186, 119, 232, 118, 76, 155, 49,
       211, 187, 164, 204, 124, 104, 169, 248, 241, 44, 174, 223, 101,
       68, 232, 185, 74, 33, 91, 93, 115, 252, 22, 150, 254, 119, 253,
       200, 94, 231, 61, 127, 183, 229, 102, 247, 159, 239, 229, 153, 52,
       239, 246, 111, 174, 128, 47, 246, 41, 93, 124, 141, 237, 103, 148,
       106, 111, 184, 116, 166, 255, 136, 243, 97, 153, 16, 123, 254,
       108, 234, 105, 178, 253, 46, 238, 239, 165, 148, 109, 251, 214,
       48, 59, 213, 113, 202, 181, 151, 222, 253, 93, 104, 184, 106, 88,
       92, 188, 160, 159, 27, 151, 113, 247, 170, 121, 255, 58, 95, 173,
       214, 95, 142, 216, 149, 212, 103, 236, 231, 136, 14, 95, 184, 48,
       174, 143, 13, 87, 99, 91, 83, 52, 196, 125, 234, 232, 208, 217,
       10, 251, 227, 237, 149, 168, 243, 14, 0, 252, 96, 253, 246, 109,
       107, 244, 64, 80, 186, 181, 26, 91, 60, 85, 59, 233, 213, 119, 3,
       73, 118, 200, 128, 85, 203, 113, 189, 101, 121, 82, 162, 2, 62,
       168, 153, 186, 185, 152, 199, 30, 255, 24, 253, 172, 172, 87, 8,
       143, 43, 215, 21, 150, 78, 198, 242, 140, 22, 62, 251, 220, 92,
       159, 223, 70, 182, 152, 216, 232, 41, 184, 90, 139, 23, 185, 237,
       141, 199, 236, 74, 135, 17, 111, 150, 18, 7, 142, 208, 156, 22,
       94, 252, 148, 202, 37, 181, 62, 38, 34, 184, 85, 183, 210, 64,
       159, 5, 221, 31, 79, 200, 62, 140, 249, 169, 135, 181, 46, 179,
       26, 157, 147, 87, 139, 11, 151, 111, 124, 198, 10, 157, 18, 186,
       151, 229, 178, 103, 140, 9, 74, 3, 172, 251, 40, 192, 240, 43,
       155, 17, 18, 9, 18, 223, 189, 116, 138, 75, 24, 74, 185, 11, 35,
       157, 17, 203, 253, 191, 130, 239, 143, 97, 125, 198, 238, 244,
       164, 164, 222, 42, 130, 92, 147, 168, 120, 255, 44, 28, 5, 114,
       94, 143, 200, 188, 59, 16, 229, 141, 86, 23, 200, 120, 87, 232,
       208, 230, 112, 60, 148, 165, 124, 236, 150, 237, 173, 250, 117,
       204, 28, 110, 251, 130, 127, 172, 120, 213, 44, 120, 252, 245,
       110, 233, 244, 82, 65, 250, 245, 42, 23, 61, 193, 59, 234, 253,
       247, 3, 72, 118, 192, 160, 86, 195, 113, 163, 229, 249, 94, 131,
       90, 18, 206, 165, 50, 18, 184, 120, 31, 188, 211, 231, 77, 142,
       166, 203, 254, 213, 173, 165, 140, 215, 131, 220, 154, 227, 251,
       199, 45, 164, 45, 81, 11, 132, 27, 251, 209, 230, 56, 103, 61, 73,
       123, 18, 125, 255, 32, 112, 247, 59, 19, 144, 18, 152, 48, 223,
       111, 255, 186, 193, 146, 130, 161, 170, 155, 95, 30, 190, 61, 148,
       92, 246, 141, 88, 20, 5, 172, 155, 35, 83, 166, 99, 157, 69, 230,
       9, 18, 253, 243, 251, 90, 139, 26, 21, 41, 27, 29, 161, 130, 192,
       181, 159, 106, 213, 133, 129, 143, 66, 143, 195, 248, 228, 121,
       136, 26, 120, 91, 185, 24, 132, 171, 220, 135, 68, 138, 142, 248,
       164, 7, 30, 194, 159, 240, 166, 170, 82, 60, 203, 91, 247, 237,
       238, 183, 204, 119, 107, 23, 159, 165, 208, 20, 234, 12, 62, 186,
       128, 140, 229, 57, 213, 128, 168, 150, 154, 93, 237, 97, 78, 159,
       149, 192, 16, 228, 195, 96, 76, 201, 42, 106, 16, 50, 109, 218,
       255, 157, 22, 147, 122, 16, 8, 17, 10, 3, 253, 17, 184, 189, 213,
       156, 247, 159, 89, 152, 116, 172, 158, 100, 228, 199, 59, 159, 17,
       247, 9, 50, 247, 171, 92, 30, 250, 24, 4, 169, 223, 56, 197, 123,
       78, 116, 70, 239, 249, 100, 0, 239, 2, 115, 105, 56, 192, 88, 246,
       3, 106, 217, 179, 57, 47, 115, 237, 130, 0, 99, 170, 240, 160,
       132, 30, 157, 247, 160, 46, 181, 191, 186, 251, 34, 117, 215, 119,
       1, 75, 133, 87, 109, 0, 177, 220, 219, 42, 205, 163, 127, 4, 136,
       112, 133, 59, 218, 248, 186, 250, 203, 209, 185, 199, 159, 31,
       148, 187, 172, 223, 102, 11, 171, 187, 255, 145, 50, 79, 146, 241,
       211, 81, 90, 251, 150, 12, 165, 251, 253, 101, 220, 98, 139, 87,
       87, 248, 83, 182, 173, 10, 83, 113, 73, 183, 89, 212, 252, 250,
       105, 99, 253, 58, 251, 203, 197, 61, 243, 251, 106, 32, 194, 147,
       188, 85, 168, 108, 181, 159, 190, 191, 130, 116, 196, 191, 78, 75,
       133, 87, 233, 17, 178, 73, 211, 64, 207, 50, 127, 215, 200, 96,
       133, 115, 171, 18, 71, 165, 69, 158, 232, 17, 101, 104, 82, 231,
       217, 24, 151, 236, 108, 140, 182, 149, 141, 180, 85, 196, 6, 120,
       170, 192, 111, 140, 120, 213, 43, 175, 96, 93, 245, 159, 238, 119,
       95, 73, 120, 76, 170, 168, 182, 164, 216, 42, 150, 13, 215, 186,
       116, 191, 38, 92, 16, 138, 95, 142, 218, 141, 35, 19, 103, 65,
       116, 151, 234, 121, 69, 232, 120, 198, 65, 8, 180, 164, 124, 168,
       22, 239, 197, 184, 117, 220, 46, 24, 163, 192, 127, 142, 112, 189,
       57, 181, 121, 101, 254, 91, 215, 127, 71, 232, 188, 42, 59, 61,
       148, 32, 158, 158, 215, 41, 217, 58, 105, 159, 127, 221, 37, 182,
       127, 202, 214, 123, 147, 221, 110, 191, 159, 23, 118, 253, 23, 90,
       91, 119, 99, 124, 62, 97, 125, 234, 191, 230, 252, 148, 127, 191,
       247, 235, 231, 135, 63, 126, 240, 215, 250, 224, 160, 186, 141,
       221, 152, 206, 155, 247, 129, 27, 174, 204, 126, 139, 201, 219,
       185, 17, 126, 79, 218, 179, 155, 209, 223, 127, 146, 28, 157, 222,
       61, 73, 106, 69, 20, 22, 206, 244, 68, 224, 238, 2, 83, 9, 179,
       96, 120, 236, 18, 234, 205, 179, 85, 42, 114, 237, 165, 4, 111,
       187, 120, 136, 13, 86, 111, 250, 100, 134, 239, 248, 164, 200,
       123, 198, 89, 207, 185, 96, 126, 233, 23, 239, 193, 179, 14, 236,
       117, 139, 175, 136, 61, 179, 97, 177, 133, 237, 23, 75, 205, 221,
       230, 239, 238, 82, 120, 82, 184, 248, 125, 224, 233, 75, 106, 187,
       247, 58, 126, 243, 45, 28, 6, 108, 217, 90, 249, 140, 154, 198,
       105, 255, 54, 146, 127, 191, 21, 7, 94, 247, 233, 239, 190, 65,
       119, 223, 189, 174, 226, 156, 39, 255, 102, 239, 186, 129, 55,
       148, 180, 249, 72, 181, 57, 248, 186, 233, 17, 79, 190, 21, 204,
       153, 191, 183, 104, 80, 199, 27, 205, 16, 26, 11, 210, 23, 219,
       213, 26, 123, 144, 0, 135, 91, 18, 157, 19, 57, 146, 194, 49, 167,
       188, 65, 74, 161, 180, 150, 32, 112, 166, 59, 42, 144, 83, 153,
