%YAML:1.0
---
descriptors: !!opencv-matrix
   rows: 216
   cols: 32
   dt: u
   data: [ 226, 252, 61, 250, 120, 237, 81, 94, 155, 121, 176, 121, 182,
       223, 0, 48, 141, 177, 85, 0, 43, 15, 122, 63, 209, 214, 56, 250,
       208, 8, 6, 123, 66, 178, 0, 141, 90, 132, 169, 11, 142, 13, 80,
       231, 172, 134, 42, 196, 228, 141, 235, 133, 3, 8, 211, 215, 20,
       52, 170, 142, 24, 4, 57, 215, 124, 112, 57, 224, 45, 77, 83, 88,
       227, 168, 181, 8, 31, 223, 73, 58, 156, 181, 125, 114, 137, 103,
       243, 200, 211, 249, 1, 126, 107, 163, 70, 51, 217, 74, 221, 165,
       46, 10, 78, 184, 52, 162, 210, 230, 255, 43, 145, 91, 114, 229,
       125, 239, 237, 197, 197, 10, 208, 227, 235, 148, 44, 240, 33, 9,
       85, 88, 151, 182, 40, 76, 21, 180, 170, 186, 162, 72, 254, 243,
       65, 123, 135, 117, 125, 66, 65, 65, 218, 104, 217, 178, 127, 58,
       136, 115, 3, 43, 27, 207, 71, 172, 178, 130, 110, 228, 52, 192,
       218, 231, 77, 226, 161, 208, 118, 239, 191, 231, 253, 153, 13,
       238, 184, 231, 175, 128, 47, 247, 169, 25, 2, 168, 150, 153, 203,
       201, 176, 207, 158, 53, 64, 27, 140, 158, 110, 136, 171, 27, 227,
       17, 22, 92, 154, 241, 13, 22, 95, 111, 144, 12, 141, 142, 113,
       192, 126, 239, 36, 2, 78, 249, 85, 2, 247, 2, 115, 123, 60, 113,
       120, 196, 46, 234, 232, 179, 9, 173, 178, 235, 230, 68, 53, 186,
       240, 8, 10, 180, 182, 146, 225, 244, 188, 199, 191, 31, 204, 17,
       140, 254, 110, 142, 205, 123, 179, 145, 54, 222, 242, 227, 15, 87,
       222, 239, 130, 68, 173, 207, 61, 159, 122, 234, 182, 151, 239,
       251, 87, 73, 222, 230, 123, 205, 190, 96, 127, 170, 31, 157, 251,
       187, 44, 255, 250, 207, 175, 192, 191, 202, 240, 241, 35, 213, 1,
       137, 213, 215, 174, 239, 79, 97, 88, 70, 168, 8, 52, 228, 216, 11,
       146, 229, 215, 186, 85, 221, 173, 20, 142, 102, 25, 14, 185, 156,
       126, 60, 114, 103, 117, 125, 126, 65, 125, 206, 127, 11, 239, 126,
       31, 148, 250, 191, 247, 2, 156, 176, 121, 239, 183, 253, 130, 131,
       199, 231, 79, 215, 197, 43, 191, 39, 36, 14, 103, 48, 120, 206,
       123, 77, 247, 225, 145, 18, 148, 102, 108, 79, 193, 240, 161, 42,
       229, 168, 97, 128, 64, 243, 83, 97, 53, 205, 108, 174, 158, 3, 71,
       248, 70, 224, 152, 199, 83, 97, 57, 64, 120, 192, 29, 239, 201,
       35, 93, 61, 248, 141, 165, 60, 61, 251, 240, 48, 33, 32, 238, 25,
       68, 187, 232, 83, 126, 115, 118, 214, 145, 8, 150, 109, 123, 172,
       54, 157, 167, 252, 103, 193, 14, 46, 242, 64, 237, 136, 120, 204,
       46, 173, 96, 235, 127, 215, 254, 249, 95, 228, 124, 138, 233, 237,
       252, 32, 31, 107, 23, 251, 210, 168, 126, 255, 111, 221, 175, 237,
       119, 174, 85, 195, 1, 0, 223, 237, 92, 11, 232, 123, 127, 177,
       242, 82, 159, 3, 176, 121, 122, 141, 110, 152, 41, 254, 71, 220,
       220, 154, 251, 84, 253, 136, 97, 168, 41, 22, 106, 73, 116, 255,
       241, 83, 93, 77, 126, 118, 24, 156, 182, 52, 124, 140, 134, 28,
       149, 190, 53, 222, 86, 61, 178, 199, 223, 140, 126, 245, 155, 206,
       74, 145, 55, 146, 122, 230, 119, 5, 198, 151, 45, 130, 242, 196,
       115, 170, 138, 156, 230, 157, 21, 255, 186, 197, 150, 65, 46, 140,
       57, 12, 12, 205, 6, 251, 221, 129, 175, 236, 158, 17, 73, 18, 229,
       227, 40, 196, 121, 107, 42, 203, 82, 216, 90, 183, 44, 231, 158,
       40, 18, 91, 185, 168, 18, 178, 231, 145, 74, 193, 168, 67, 190,
       117, 210, 231, 173, 134, 228, 79, 110, 181, 239, 145, 2, 219, 199,
       209, 156, 34, 218, 195, 165, 132, 37, 253, 10, 252, 178, 153, 127,
       253, 184, 198, 31, 95, 92, 35, 172, 222, 103, 204, 239, 59, 147,
       17, 6, 152, 58, 241, 31, 84, 30, 171, 150, 92, 45, 223, 53, 198,
       204, 235, 252, 35, 79, 152, 86, 190, 189, 238, 211, 97, 219, 89,
       91, 196, 110, 254, 170, 98, 77, 63, 238, 143, 229, 188, 189, 251,
       112, 224, 74, 56, 150, 188, 235, 176, 184, 70, 171, 159, 208, 189,
       172, 191, 103, 154, 239, 123, 251, 149, 18, 75, 194, 224, 159,
       112, 222, 171, 130, 117, 39, 219, 3, 95, 103, 133, 166, 146, 173,
       37, 76, 194, 90, 230, 233, 76, 180, 229, 254, 33, 50, 239, 213,
       184, 53, 204, 36, 58, 202, 194, 13, 46, 177, 252, 129, 218, 63,
       113, 32, 143, 117, 180, 252, 222, 118, 124, 246, 23, 128, 113,
       166, 52, 124, 106, 225, 237, 51, 124, 229, 187, 100, 192, 72, 144,
       67, 123, 166, 97, 226, 204, 77, 85, 250, 72, 95, 228, 241, 11,
       104, 252, 55, 132, 248, 249, 179, 243, 196, 247, 154, 200, 23, 24,
       207, 171, 87, 62, 127, 198, 35, 151, 97, 73, 118, 151, 235, 121,
       85, 104, 248, 230, 113, 92, 188, 164, 92, 168, 22, 237, 233, 186,
       101, 159, 36, 12, 161, 196, 127, 142, 112, 245, 6, 89, 146, 154,
       213, 245, 182, 200, 159, 5, 81, 3, 236, 254, 39, 140, 217, 123,
       147, 83, 54, 178, 90, 255, 61, 22, 143, 43, 151, 95, 61, 214, 46,
       176, 50, 216, 239, 217, 176, 201, 207, 61, 181, 58, 142, 219, 110,
       141, 235, 57, 203, 17, 18, 107, 138, 209, 159, 209, 23, 127, 210,
       12, 143, 135, 189, 88, 89, 232, 60, 135, 67, 248, 85, 232, 244,
       76, 51, 81, 161, 176, 92, 184, 20, 234, 201, 38, 120, 191, 243,
       221, 161, 188, 123, 187, 98, 57, 10, 143, 38, 159, 249, 178, 188,
       230, 189, 14, 94, 167, 172, 174, 39, 197, 239, 127, 163, 133, 244,
       223, 2, 239, 54, 118, 218, 139, 22, 84, 181, 223, 2, 143, 10, 187,
       182, 163, 187, 103, 30, 13, 90, 247, 173, 199, 34, 64, 255, 43,
       131, 148, 50, 152, 0, 255, 236, 167, 186, 192, 148, 72, 165, 219,
       230, 114, 210, 146, 105, 25, 124, 220, 171, 254, 177, 253, 10,
       207, 111, 159, 206, 245, 239, 210, 205, 103, 218, 224, 22, 88,
       197, 191, 79, 189, 110, 87, 6, 153, 34, 155, 253, 211, 186, 97,
       31, 13, 93, 3, 204, 222, 62, 196, 248, 59, 179, 195, 22, 186, 26,
       245, 15, 52, 139, 203, 22, 15, 189, 135, 81, 150, 127, 253, 164,
       174, 105, 23, 118, 91, 214, 244, 247, 47, 144, 105, 103, 39, 62,
       156, 157, 252, 103, 31, 206, 235, 122, 192, 188, 192, 161, 121, 1,
       141, 50, 212, 245, 141, 229, 55, 253, 73, 126, 16, 182, 184, 54,
       100, 160, 42, 22, 9, 211, 185, 50, 207, 101, 60, 22, 2, 10, 136,
       209, 173, 52, 201, 94, 239, 36, 18, 110, 241, 5, 34, 251, 98, 83,
       107, 188, 64, 122, 213, 46, 226, 72, 183, 73, 189, 242, 235, 231,
       132, 53, 186, 240, 1, 51, 143, 11, 190, 150, 179, 22, 227, 223, 0,
       216, 231, 100, 234, 37, 192, 218, 235, 6, 195, 110, 139, 14, 191,
       178, 118, 142, 139, 60, 74, 56, 142, 10, 168, 146, 184, 87, 188,
       176, 71, 27, 1, 64, 19, 174, 153, 98, 204, 247, 59, 131, 21, 54,
       126, 146, 243, 143, 247, 26, 107, 154, 12, 185, 158, 41, 135, 66,
       5, 244, 31, 238, 125, 116, 136, 219, 199, 243, 104, 158, 192, 124,
       206, 6, 239, 221, 176, 69, 14, 36, 46, 165, 128, 111, 174, 248,
       141, 2, 205, 2, 155, 213, 217, 182, 239, 31, 5, 88, 35, 172, 252,
       46, 196, 249, 59, 147, 17, 86, 184, 10, 247, 45, 22, 158, 107, 22,
       28, 157, 142, 40, 186, 177, 217, 77, 220, 177, 71, 202, 53, 100,
       18, 8, 151, 102, 126, 236, 28, 162, 16, 18, 126, 178, 209, 71, 49,
       18, 107, 83, 12, 71, 234, 77, 54, 252, 240, 105, 124, 249, 218,
       235, 255, 189, 188, 141, 255, 203, 191, 143, 86, 255, 28, 135, 99,
       254, 192, 207, 223, 119, 191, 206, 245, 15, 247, 11, 144, 10, 145,
       125, 149, 169, 19, 142, 89, 198, 7, 180, 212, 114, 228, 204, 41,
       251, 29, 135, 8, 115, 213, 13, 21, 155, 104, 24, 12, 57, 220, 85,
       95, 70, 237, 54, 6, 110, 248, 100, 136, 218, 230, 113, 97, 177,
       97, 126, 228, 62, 238, 233, 177, 21, 44, 116, 175, 231, 132, 45,
       187, 112, 17, 2, 233, 22, 154, 75, 201, 176, 206, 142, 53, 0, 27,
       172, 158, 96, 8, 233, 59, 235, 81, 22, 75, 154, 241, 29, 16, 27,
       127, 144, 13, 141, 142, 9, 24, 154, 184, 49, 165, 120, 18, 190,
       75, 66, 21, 188, 159, 35, 72, 229, 43, 63, 149, 183, 28, 18, 115,
       199, 247, 58, 202, 152, 65, 41, 91, 6, 170, 156, 187, 235, 233,
