%YAML:1.0
---
descriptors: !!opencv-matrix
   rows: 226
   cols: 32
   dt: u
   data: [ 125, 120, 221, 101, 60, 31, 103, 186, 119, 248, 246, 76, 155,
       49, 209, 187, 32, 204, 124, 120, 169, 120, 245, 56, 236, 239, 101,
       36, 234, 177, 74, 33, 8, 219, 122, 245, 52, 140, 125, 182, 181,
       13, 126, 231, 175, 15, 147, 64, 102, 251, 149, 193, 238, 184, 96,
       167, 230, 253, 186, 129, 102, 156, 77, 91, 37, 52, 232, 187, 85,
       47, 105, 90, 87, 99, 125, 23, 19, 35, 123, 104, 121, 138, 19, 156,
       42, 242, 113, 146, 95, 143, 144, 100, 177, 201, 112, 194, 2, 171,
       22, 201, 214, 131, 184, 111, 30, 5, 88, 163, 164, 137, 36, 1, 254,
       59, 131, 241, 82, 184, 2, 221, 44, 16, 154, 67, 85, 8, 181, 138,
       58, 159, 106, 171, 246, 147, 255, 247, 21, 13, 124, 167, 43, 41,
       182, 16, 126, 234, 151, 205, 254, 186, 44, 255, 126, 77, 164, 129,
       247, 222, 244, 203, 56, 141, 49, 235, 149, 247, 194, 255, 87, 9,
       248, 66, 234, 249, 48, 132, 88, 186, 135, 25, 26, 170, 73, 191,
       171, 220, 131, 123, 247, 14, 244, 170, 102, 142, 132, 24, 141, 51,
       148, 207, 151, 191, 152, 58, 66, 184, 117, 142, 201, 215, 243, 17,
       28, 111, 203, 178, 58, 87, 221, 255, 223, 124, 184, 15, 252, 230,
       228, 79, 189, 3, 71, 184, 23, 178, 181, 248, 91, 101, 221, 183,
       95, 208, 253, 250, 234, 102, 207, 191, 251, 219, 101, 252, 247,
       255, 122, 32, 70, 148, 181, 23, 169, 122, 48, 11, 174, 187, 147,
       113, 206, 118, 140, 255, 135, 23, 237, 16, 48, 69, 107, 208, 137,
       114, 127, 215, 128, 101, 133, 103, 171, 172, 102, 154, 205, 181,
       188, 199, 219, 83, 208, 159, 40, 200, 118, 157, 201, 171, 211,
       149, 182, 79, 86, 241, 30, 88, 158, 235, 223, 68, 251, 222, 202,
       255, 127, 76, 42, 211, 31, 190, 231, 236, 94, 163, 121, 207, 183,
       99, 38, 127, 253, 238, 196, 13, 175, 255, 98, 121, 45, 169, 54,
       182, 13, 125, 2, 234, 160, 155, 157, 213, 176, 207, 142, 87, 140,
       147, 172, 236, 122, 142, 201, 75, 171, 21, 22, 109, 218, 243, 141,
       22, 158, 127, 150, 76, 189, 206, 155, 254, 97, 147, 118, 147, 239,
       246, 62, 123, 86, 246, 189, 14, 144, 97, 63, 203, 23, 205, 231,
       220, 37, 255, 46, 15, 190, 192, 47, 148, 177, 249, 11, 183, 106,
       77, 246, 182, 185, 127, 95, 77, 92, 230, 184, 188, 182, 164, 126,
       58, 151, 141, 151, 184, 36, 223, 110, 63, 186, 192, 223, 206, 249,
       253, 149, 70, 221, 115, 162, 10, 237, 188, 56, 178, 99, 212, 215,
       67, 137, 27, 55, 76, 4, 62, 225, 244, 93, 42, 228, 171, 127, 4,
       233, 241, 67, 129, 128, 40, 186, 248, 13, 229, 89, 78, 158, 133,
       192, 19, 180, 219, 96, 72, 216, 57, 91, 145, 10, 75, 210, 211,
       213, 149, 154, 89, 16, 8, 53, 138, 91, 31, 106, 236, 114, 150,
       127, 119, 189, 204, 94, 231, 61, 47, 183, 245, 102, 239, 151, 207,
       225, 153, 36, 239, 246, 237, 174, 128, 47, 244, 169, 93, 40, 141,
       50, 235, 213, 239, 194, 239, 86, 9, 249, 3, 123, 217, 52, 0, 216,
       59, 19, 113, 26, 186, 88, 191, 109, 221, 129, 97, 211, 14, 212,
       138, 80, 47, 11, 254, 178, 32, 79, 231, 176, 130, 202, 224, 117,
       227, 129, 211, 126, 247, 76, 234, 121, 139, 128, 111, 176, 166,
       238, 8, 32, 240, 162, 40, 172, 248, 152, 248, 232, 5, 87, 216, 22,
       182, 164, 24, 31, 219, 107, 24, 221, 89, 3, 90, 106, 102, 218, 18,
       219, 221, 69, 125, 218, 249, 110, 146, 41, 197, 110, 111, 116, 78,
       239, 53, 100, 12, 127, 2, 115, 121, 186, 96, 120, 230, 23, 234,
       200, 185, 49, 175, 103, 173, 166, 128, 103, 186, 244, 168, 23, 94,
       119, 83, 230, 131, 191, 240, 237, 204, 119, 230, 25, 207, 183,
       101, 110, 249, 23, 238, 241, 189, 44, 236, 118, 10, 175, 192, 111,
       183, 97, 245, 76, 217, 254, 254, 46, 208, 178, 224, 206, 220, 87,
       34, 253, 255, 107, 98, 227, 117, 255, 210, 70, 225, 170, 225, 203,
       227, 103, 203, 52, 43, 45, 3, 100, 180, 149, 115, 137, 47, 20,
       154, 175, 187, 169, 77, 222, 127, 73, 27, 133, 87, 237, 34, 15,
       64, 219, 17, 143, 211, 81, 54, 216, 123, 7, 19, 212, 103, 204,
       103, 176, 14, 79, 184, 48, 174, 175, 8, 215, 99, 201, 115, 53,
       213, 125, 234, 104, 208, 233, 42, 251, 235, 229, 149, 160, 243, 6,
       33, 8, 217, 19, 177, 175, 207, 183, 230, 142, 112, 10, 3, 156,
       147, 96, 64, 225, 99, 59, 81, 83, 25, 16, 245, 237, 132, 143, 118,
       56, 25, 145, 58, 222, 82, 247, 247, 110, 66, 125, 240, 189, 190,
       247, 242, 79, 47, 169, 91, 231, 213, 239, 130, 104, 213, 235, 192,
       215, 243, 255, 135, 167, 177, 37, 99, 102, 100, 211, 202, 77, 37,
       99, 64, 27, 166, 233, 74, 8, 131, 101, 220, 88, 188, 195, 26, 0,
       55, 208, 202, 23, 28, 144, 58, 147, 95, 70, 172, 25, 13, 191, 245,
       149, 239, 127, 182, 156, 234, 14, 2, 181, 55, 51, 104, 225, 119,
       59, 12, 49, 152, 48, 190, 195, 239, 251, 16, 144, 121, 5, 104,
       184, 176, 124, 241, 38, 219, 81, 19, 127, 125, 118, 51, 59, 157,
       198, 121, 190, 189, 183, 16, 158, 252, 97, 209, 207, 219, 49, 195,
       103, 136, 108, 123, 43, 143, 104, 28, 93, 153, 222, 111, 87, 76,
       124, 143, 40, 232, 183, 132, 249, 171, 147, 141, 230, 170, 70,
       255, 118, 95, 141, 171, 127, 204, 250, 222, 7, 12, 14, 191, 160,
       164, 188, 2, 173, 202, 94, 229, 172, 234, 179, 203, 231, 107, 191,
       151, 133, 197, 3, 232, 198, 115, 250, 131, 156, 245, 57, 31, 194,
       146, 189, 85, 168, 108, 181, 159, 190, 127, 130, 116, 212, 247,
       78, 91, 135, 87, 233, 16, 176, 77, 243, 65, 205, 50, 95, 214, 136,
       64, 133, 115, 106, 143, 120, 10, 255, 181, 210, 199, 79, 77, 189,
       11, 46, 216, 118, 208, 253, 171, 135, 149, 150, 43, 42, 247, 123,
       93, 6, 255, 211, 14, 237, 71, 252, 101, 252, 98, 141, 83, 71, 200,
       83, 182, 165, 10, 67, 99, 75, 63, 89, 212, 236, 250, 110, 99, 255,
       50, 251, 203, 197, 125, 243, 251, 110, 98, 59, 50, 225, 141, 118,
       23, 200, 120, 87, 232, 208, 239, 120, 56, 150, 165, 252, 237, 22,
       173, 173, 250, 125, 223, 156, 14, 251, 182, 127, 44, 122, 221,
       254, 183, 170, 180, 219, 54, 158, 107, 153, 142, 157, 191, 76,
       252, 103, 138, 221, 247, 245, 161, 188, 111, 186, 202, 59, 95,
       221, 191, 203, 100, 190, 87, 146, 18, 254, 229, 42, 18, 56, 89,
       14, 188, 211, 247, 77, 142, 230, 74, 230, 253, 173, 161, 12, 213,
       131, 220, 210, 227, 251, 135, 37, 168, 45, 83, 121, 181, 121, 101,
       254, 91, 215, 127, 87, 233, 188, 106, 123, 61, 212, 36, 158, 158,
       247, 105, 217, 58, 105, 159, 127, 221, 37, 183, 127, 202, 214,
       107, 7, 94, 103, 202, 102, 131, 239, 240, 229, 200, 123, 231, 249,
       207, 189, 100, 126, 105, 23, 238, 193, 177, 14, 252, 100, 28, 239,
       128, 45, 179, 97, 177, 164, 237, 185, 89, 205, 109, 101, 255, 147,
       190, 60, 8, 146, 245, 73, 63, 89, 218, 98, 122, 74, 98, 250, 16,
       111, 152, 101, 60, 211, 248, 198, 162, 2, 149, 18, 186, 159, 229,
       178, 103, 140, 9, 74, 2, 236, 250, 32, 192, 224, 35, 139, 17, 18,
       9, 18, 223, 189, 212, 138, 75, 24, 10, 189, 10, 218, 77, 19, 190,
       191, 201, 55, 230, 157, 194, 218, 170, 189, 183, 161, 197, 34,
       243, 159, 193, 97, 13, 6, 255, 240, 96, 14, 187, 54, 92, 37, 43,
       222, 82, 214, 247, 38, 38, 120, 88, 63, 190, 215, 247, 77, 207,
       235, 219, 255, 213, 239, 134, 168, 215, 155, 194, 214, 243, 251,
       134, 175, 165, 45, 17, 18, 123, 170, 146, 244, 193, 182, 71, 222,
       140, 221, 99, 32, 216, 119, 0, 232, 187, 23, 209, 206, 163, 0,
       234, 186, 21, 174, 171, 133, 90, 125, 139, 50, 207, 238, 76, 156,
       90, 213, 239, 237, 85, 254, 11, 34, 40, 55, 82, 232, 194, 110,
       100, 222, 171, 55, 237, 115, 62, 84, 19, 229, 90, 252, 78, 42,
       179, 164, 152, 205, 181, 184, 207, 203, 87, 144, 159, 44, 200,
       118, 143, 201, 171, 195, 21, 150, 107, 214, 209, 31, 81, 154, 251,
       151, 76, 255, 206, 3, 216, 51, 218, 63, 213, 185, 230, 207, 93,
       24, 82, 188, 158, 100, 228, 231, 59, 159, 17, 195, 11, 50, 247,
