%YAML:1.0
---
descriptors: !!opencv-matrix
   rows: 274
   cols: 32
   dt: u
   data: [ 147, 134, 231, 153, 70, 163, 169, 67, 22, 115, 218, 215, 209,
       172, 176, 201, 125, 142, 59, 157, 187, 220, 71, 211, 28, 38, 251,
       192, 181, 204, 52, 240, 35, 244, 233, 79, 98, 20, 239, 253, 114,
       75, 125, 246, 121, 254, 158, 112, 127, 223, 23, 142, 195, 150,
       236, 67, 118, 47, 190, 168, 109, 242, 226, 253, 1, 253, 27, 104,
       112, 172, 99, 222, 108, 8, 120, 68, 190, 243, 129, 48, 180, 10,
       70, 124, 147, 184, 16, 125, 109, 188, 34, 72, 200, 131, 99, 169,
       129, 36, 238, 25, 68, 187, 225, 83, 118, 115, 118, 150, 179, 168,
       214, 41, 121, 172, 34, 157, 167, 252, 103, 66, 12, 42, 242, 0,
       237, 200, 112, 204, 82, 178, 199, 153, 74, 192, 184, 75, 182, 113,
       210, 247, 132, 166, 108, 79, 111, 157, 235, 145, 51, 219, 199,
       209, 156, 38, 218, 202, 189, 0, 37, 151, 253, 73, 77, 172, 158, 3,
       79, 252, 70, 224, 156, 238, 83, 65, 185, 97, 120, 196, 94, 239,
       73, 35, 93, 29, 240, 201, 165, 60, 61, 187, 112, 32, 116, 48, 245,
       224, 45, 205, 81, 88, 235, 184, 177, 8, 94, 221, 77, 58, 140, 245,
       125, 83, 154, 99, 218, 192, 219, 216, 1, 126, 224, 35, 70, 51,
       104, 185, 184, 250, 185, 233, 81, 143, 131, 13, 172, 41, 166, 183,
       66, 16, 129, 58, 205, 16, 26, 42, 202, 49, 235, 213, 52, 123, 208,
       8, 198, 43, 66, 187, 148, 144, 251, 153, 188, 239, 187, 61, 144,
       255, 172, 174, 206, 134, 167, 27, 239, 149, 183, 73, 138, 245,
       188, 22, 126, 255, 140, 76, 139, 159, 120, 233, 58, 106, 93, 221,
       83, 228, 211, 12, 236, 8, 51, 217, 98, 16, 216, 184, 197, 106, 74,
       43, 168, 63, 251, 205, 37, 121, 115, 26, 126, 42, 123, 255, 235,
       108, 187, 87, 95, 191, 83, 237, 254, 173, 107, 253, 214, 180, 149,
       255, 245, 4, 205, 251, 251, 175, 123, 127, 53, 187, 111, 182, 222,
       127, 62, 105, 228, 138, 237, 81, 222, 200, 143, 252, 189, 171, 74,
       220, 127, 31, 223, 217, 247, 247, 206, 99, 202, 240, 59, 88, 207,
       255, 215, 127, 246, 215, 6, 188, 148, 155, 217, 237, 177, 239,
       158, 63, 73, 17, 164, 242, 104, 73, 193, 59, 234, 17, 50, 72, 90,
       119, 13, 22, 95, 111, 144, 73, 133, 130, 68, 88, 149, 182, 168,
       236, 21, 180, 170, 186, 162, 72, 254, 247, 65, 91, 135, 119, 125,
       3, 65, 71, 218, 96, 221, 178, 127, 58, 136, 113, 3, 59, 162, 187,
       148, 158, 123, 137, 148, 231, 155, 89, 176, 253, 172, 236, 228,
       133, 143, 59, 239, 1, 247, 111, 202, 255, 60, 18, 63, 187, 92, 12,
       139, 159, 208, 221, 127, 175, 52, 70, 79, 53, 164, 76, 211, 34,
       247, 87, 184, 67, 116, 244, 61, 234, 104, 137, 113, 45, 241, 227,
       230, 144, 52, 186, 180, 123, 169, 159, 75, 29, 83, 217, 97, 118,
       116, 77, 110, 30, 51, 160, 162, 244, 120, 170, 162, 8, 39, 186,
       119, 63, 84, 165, 50, 9, 122, 12, 124, 248, 37, 77, 115, 71, 116,
       27, 238, 252, 97, 160, 123, 74, 83, 113, 157, 180, 126, 220, 22,
       106, 201, 178, 109, 44, 38, 236, 37, 4, 103, 187, 66, 160, 241,
       214, 111, 79, 6, 66, 239, 61, 112, 66, 247, 246, 113, 111, 158,
       99, 127, 196, 61, 174, 233, 165, 45, 79, 114, 175, 246, 132, 109,
       242, 240, 240, 189, 141, 111, 224, 212, 147, 79, 240, 85, 96, 246,
       158, 83, 13, 178, 113, 120, 164, 23, 238, 249, 191, 45, 190, 250,
       207, 161, 196, 119, 169, 240, 112, 79, 192, 148, 146, 77, 29, 248,
       172, 223, 121, 181, 12, 206, 250, 254, 255, 205, 193, 250, 93,
       151, 107, 251, 241, 159, 90, 223, 127, 218, 45, 105, 20, 53, 231,
       96, 14, 31, 27, 198, 232, 71, 36, 189, 139, 67, 200, 190, 164, 88,
       200, 206, 110, 206, 35, 109, 191, 58, 76, 133, 61, 119, 191, 88,
       68, 181, 197, 111, 236, 68, 2, 79, 121, 81, 66, 245, 214, 115,
       109, 188, 113, 124, 196, 23, 238, 249, 167, 45, 15, 114, 171, 228,
       132, 117, 170, 242, 240, 152, 185, 190, 248, 203, 241, 17, 199,
       187, 113, 164, 57, 28, 159, 106, 59, 161, 155, 241, 144, 59, 75,
       178, 213, 219, 195, 94, 111, 178, 64, 167, 114, 2, 135, 2, 174,
       87, 194, 186, 103, 4, 5, 91, 163, 108, 238, 40, 64, 250, 59, 131,
       161, 18, 154, 0, 223, 45, 52, 138, 203, 21, 14, 181, 210, 33, 79,
       67, 7, 116, 30, 238, 180, 116, 200, 122, 199, 243, 40, 149, 192,
       126, 236, 22, 239, 237, 176, 69, 46, 36, 46, 166, 128, 109, 190,
       88, 141, 39, 231, 96, 139, 221, 181, 174, 236, 95, 81, 121, 207,
       232, 200, 255, 164, 93, 74, 146, 255, 247, 34, 78, 247, 46, 28,
       143, 254, 223, 223, 216, 148, 130, 146, 186, 155, 102, 236, 184,
       66, 188, 95, 83, 183, 172, 222, 46, 73, 231, 57, 179, 17, 178,
       220, 2, 193, 4, 50, 90, 195, 132, 5, 37, 211, 2, 160, 148, 155,
       77, 197, 176, 207, 158, 21, 65, 17, 172, 242, 104, 204, 201, 27,
       235, 0, 6, 78, 90, 241, 13, 18, 90, 107, 144, 12, 45, 142, 57,
       249, 104, 236, 124, 139, 78, 124, 65, 232, 252, 239, 51, 77, 146,
       16, 94, 168, 23, 111, 203, 50, 84, 29, 242, 205, 161, 184, 127,
       154, 90, 216, 35, 159, 97, 73, 118, 147, 235, 249, 69, 104, 120,
       226, 112, 76, 188, 36, 126, 186, 18, 238, 195, 186, 108, 255, 52,
       12, 161, 228, 119, 138, 114, 253, 43, 226, 228, 157, 125, 147,
       200, 233, 87, 249, 84, 207, 105, 232, 246, 164, 221, 232, 183,
       189, 140, 242, 79, 157, 14, 91, 207, 173, 95, 172, 120, 204, 130,
       141, 10, 158, 213, 130, 190, 231, 157, 134, 74, 131, 164, 234, 38,
       64, 232, 107, 19, 193, 118, 154, 10, 239, 47, 54, 158, 11, 16, 96,
       189, 142, 77, 118, 248, 117, 109, 124, 249, 90, 251, 255, 61, 189,
       159, 191, 219, 190, 143, 86, 252, 24, 135, 118, 254, 194, 223,
       219, 87, 175, 238, 245, 79, 247, 221, 78, 222, 164, 44, 42, 94,
       24, 176, 162, 150, 240, 223, 99, 209, 91, 182, 197, 125, 238, 168,
       69, 129, 10, 210, 235, 107, 148, 172, 241, 41, 1, 53, 201, 255,
       238, 36, 2, 111, 249, 68, 202, 247, 70, 83, 105, 189, 64, 122,
       196, 62, 238, 201, 183, 13, 189, 242, 235, 231, 132, 125, 186,
       240, 1, 2, 153, 182, 222, 203, 192, 189, 230, 191, 21, 66, 179,
       108, 255, 46, 75, 231, 115, 187, 209, 50, 201, 58, 245, 107, 114,
       222, 67, 150, 84, 165, 218, 2, 141, 11, 158, 214, 129, 166, 231,
       222, 0, 88, 67, 228, 232, 52, 64, 217, 107, 10, 67, 119, 168, 78,
       255, 36, 54, 142, 10, 20, 90, 177, 140, 6, 205, 20, 155, 151, 151,
       190, 237, 158, 17, 89, 35, 236, 252, 46, 192, 221, 123, 147, 83,
       118, 184, 11, 253, 45, 23, 143, 71, 21, 31, 189, 142, 121, 31,
       237, 101, 54, 62, 107, 63, 103, 237, 254, 230, 251, 45, 150, 112,
       118, 246, 125, 173, 153, 184, 229, 14, 238, 239, 161, 144, 239,
       230, 80, 121, 138, 189, 178, 155, 215, 221, 188, 231, 31, 5, 92,
       19, 172, 254, 102, 196, 255, 59, 147, 145, 118, 184, 82, 247, 47,
       22, 30, 107, 146, 76, 189, 222, 49, 83, 105, 101, 118, 15, 111,
       125, 32, 236, 254, 238, 115, 21, 146, 48, 126, 252, 87, 238, 201,
       178, 101, 12, 118, 173, 165, 144, 109, 186, 82, 249, 24, 221, 51,
       254, 91, 196, 87, 242, 189, 12, 233, 1, 62, 223, 33, 80, 166, 251,
       195, 194, 66, 43, 26, 255, 243, 247, 18, 11, 114, 19, 39, 219, 49,
       205, 107, 238, 212, 134, 111, 252, 119, 72, 254, 6, 115, 235, 57,
       112, 120, 238, 30, 238, 105, 187, 57, 255, 243, 175, 167, 0, 57,
       250, 240, 168, 37, 163, 65, 75, 244, 139, 239, 153, 127, 9, 121,
       236, 211, 64, 156, 180, 26, 10, 6, 92, 211, 176, 76, 95, 44, 188,
       37, 204, 90, 138, 195, 165, 177, 196, 109, 239, 108, 42, 207, 255,
       64, 98, 251, 194, 83, 111, 185, 115, 122, 196, 55, 238, 233, 179,
       109, 15, 242, 235, 231, 148, 117, 250, 242, 240, 109, 176, 241,
       67, 245, 121, 97, 139, 123, 123, 41, 56, 26, 53, 204, 188, 17, 28,
       66, 24, 19, 112, 249, 18, 15, 156, 5, 118, 210, 106, 198, 167, 92,
       220, 188, 187, 171, 45, 25, 184, 143, 127, 149, 29, 223, 127, 74,
       75, 167, 83, 253, 19, 178, 69, 251, 241, 205, 211, 127, 254, 144,
