%YAML:1.0
---
descriptors: !!opencv-matrix
   rows: 247
   cols: 32
   dt: u
   data: [ 104, 163, 232, 66, 253, 89, 243, 207, 107, 125, 61, 41, 142,
       136, 222, 20, 153, 138, 198, 21, 214, 58, 234, 224, 126, 93, 52,
       255, 194, 142, 207, 205, 124, 126, 241, 206, 126, 98, 79, 216, 19,
       174, 253, 234, 115, 247, 253, 52, 94, 252, 21, 234, 137, 83, 232,
       170, 115, 172, 165, 188, 167, 251, 86, 241, 171, 252, 105, 213,
       108, 95, 205, 62, 89, 234, 52, 110, 187, 28, 214, 33, 158, 236,
       87, 111, 229, 126, 245, 239, 110, 91, 117, 184, 79, 184, 82, 253,
       86, 123, 234, 178, 234, 192, 187, 192, 171, 148, 156, 175, 172,
       223, 103, 26, 230, 251, 223, 215, 6, 67, 138, 224, 219, 81, 175,
       187, 132, 55, 39, 83, 33, 253, 233, 67, 244, 15, 239, 253, 119,
       105, 118, 214, 115, 21, 156, 52, 127, 206, 22, 156, 243, 190, 125,
       111, 126, 14, 180, 196, 111, 154, 242, 249, 61, 216, 113, 235,
       245, 95, 75, 248, 71, 121, 252, 74, 219, 125, 152, 228, 93, 200,
       150, 122, 155, 50, 127, 181, 239, 221, 167, 244, 247, 159, 212,
       241, 26, 137, 255, 190, 147, 192, 188, 231, 190, 21, 195, 179,
       109, 239, 32, 73, 103, 251, 171, 145, 50, 203, 10, 245, 251, 227,
       222, 75, 181, 4, 165, 202, 130, 218, 46, 189, 46, 131, 189, 247,
       158, 94, 86, 247, 164, 172, 179, 73, 239, 51, 191, 133, 228, 205,
       35, 221, 206, 51, 126, 195, 20, 12, 53, 219, 53, 93, 65, 79, 116,
       71, 207, 252, 84, 72, 249, 198, 115, 81, 189, 100, 126, 200, 22,
       238, 233, 178, 125, 63, 52, 174, 161, 132, 125, 187, 112, 185, 10,
       252, 146, 159, 109, 244, 62, 230, 159, 159, 94, 51, 236, 246, 102,
       197, 251, 123, 163, 130, 38, 254, 138, 239, 63, 86, 223, 11, 22,
       127, 45, 207, 130, 180, 178, 154, 219, 245, 176, 67, 159, 23, 97,
       17, 172, 222, 110, 76, 233, 59, 147, 145, 54, 94, 18, 243, 13, 22,
       26, 107, 208, 68, 175, 214, 2, 148, 150, 157, 189, 254, 184, 39,
       188, 31, 74, 17, 172, 190, 38, 73, 193, 59, 187, 17, 54, 216, 83,
       213, 15, 118, 218, 67, 144, 76, 189, 155, 33, 173, 113, 76, 116,
       203, 199, 251, 83, 228, 252, 74, 18, 177, 148, 52, 88, 174, 6,
       104, 219, 186, 116, 223, 63, 156, 5, 44, 119, 234, 246, 172, 206,
       28, 230, 158, 127, 230, 186, 72, 187, 31, 81, 51, 108, 254, 61,
       140, 255, 127, 179, 177, 162, 183, 154, 255, 53, 126, 218, 139,
       151, 119, 63, 199, 110, 212, 102, 154, 125, 199, 186, 233, 158,
       79, 123, 3, 104, 220, 63, 196, 255, 189, 179, 163, 164, 183, 26,
       223, 61, 62, 139, 143, 85, 95, 125, 215, 231, 80, 230, 158, 255,
       87, 254, 73, 127, 206, 243, 179, 72, 220, 191, 248, 254, 241, 183,
       167, 230, 151, 61, 218, 55, 62, 159, 135, 149, 247, 245, 215, 222,
       148, 151, 250, 139, 225, 22, 253, 151, 19, 129, 50, 125, 247, 104,
       251, 239, 243, 187, 146, 59, 71, 26, 243, 155, 195, 223, 123, 186,
       65, 164, 50, 7, 142, 138, 155, 48, 144, 58, 232, 191, 87, 87, 183,
       236, 234, 191, 192, 247, 43, 159, 149, 166, 149, 14, 255, 142,
       119, 143, 195, 156, 166, 57, 93, 159, 144, 224, 197, 167, 94, 252,
       248, 61, 238, 118, 167, 201, 30, 223, 173, 127, 221, 183, 239,
       245, 244, 253, 194, 87, 127, 207, 135, 111, 237, 15, 245, 158, 21,
       98, 197, 231, 126, 254, 112, 117, 238, 118, 178, 73, 63, 151, 237,
       126, 221, 151, 235, 232, 246, 37, 206, 247, 223, 198, 135, 39,
       253, 126, 247, 166, 122, 167, 154, 109, 209, 153, 200, 155, 255,
       149, 191, 12, 204, 255, 15, 207, 121, 211, 87, 38, 103, 170, 240,
       30, 16, 91, 255, 214, 61, 23, 215, 47, 215, 233, 79, 243, 87, 191,
       255, 90, 108, 124, 231, 88, 188, 254, 36, 31, 30, 151, 172, 213,
       152, 60, 157, 111, 77, 175, 231, 95, 246, 223, 247, 230, 226, 236,
       158, 110, 81, 185, 200, 155, 246, 20, 185, 236, 204, 223, 15, 135,
       73, 247, 71, 166, 103, 174, 241, 94, 90, 95, 191, 71, 181, 7, 199,
       234, 88, 22, 252, 73, 212, 124, 198, 237, 26, 226, 4, 46, 155, 37,
       223, 232, 163, 239, 192, 104, 207, 18, 237, 211, 250, 218, 11, 74,
       20, 106, 142, 23, 70, 71, 132, 84, 146, 238, 112, 117, 194, 219,
       198, 73, 234, 185, 228, 126, 237, 30, 239, 173, 151, 5, 206, 176,
       110, 171, 132, 45, 183, 57, 196, 107, 177, 48, 78, 105, 221, 218,
       216, 139, 92, 188, 45, 110, 221, 215, 180, 158, 57, 213, 67, 135,
       35, 250, 253, 91, 89, 1, 187, 90, 166, 15, 247, 94, 58, 178, 180,
       162, 224, 187, 66, 184, 166, 26, 163, 141, 175, 67, 10, 167, 117,
       237, 147, 4, 213, 134, 226, 216, 70, 123, 131, 164, 117, 39, 67,
       2, 173, 0, 139, 213, 135, 190, 239, 14, 1, 88, 3, 172, 218, 44,
       132, 216, 27, 131, 241, 82, 184, 88, 255, 45, 20, 142, 103, 20,
       14, 189, 142, 35, 237, 96, 139, 213, 213, 190, 239, 94, 68, 88,
       131, 40, 204, 54, 164, 216, 43, 147, 213, 198, 186, 124, 255, 45,
       28, 143, 235, 85, 30, 213, 222, 98, 151, 123, 255, 178, 226, 159,
       55, 56, 79, 219, 245, 245, 62, 156, 113, 215, 183, 53, 165, 241,
       154, 101, 239, 102, 63, 250, 192, 21, 192, 165, 121, 207, 112,
       105, 65, 104, 119, 219, 152, 91, 250, 20, 230, 217, 78, 223, 109,
       87, 77, 23, 255, 177, 84, 237, 210, 78, 89, 235, 244, 191, 183,
       81, 245, 8, 149, 26, 171, 19, 240, 51, 99, 236, 77, 79, 52, 173,
       242, 42, 68, 99, 59, 138, 144, 19, 137, 48, 127, 236, 229, 58, 75,
       154, 2, 173, 241, 126, 65, 96, 226, 199, 80, 254, 64, 37, 68, 185,
       139, 9, 15, 127, 212, 238, 145, 159, 231, 142, 3, 116, 194, 55,
       92, 138, 155, 183, 223, 124, 214, 34, 183, 177, 202, 241, 237,
       178, 83, 27, 73, 121, 109, 156, 157, 100, 24, 157, 187, 135, 17,
       147, 58, 82, 243, 31, 148, 48, 234, 216, 75, 199, 179, 79, 54,
       251, 195, 164, 52, 250, 18, 239, 203, 31, 229, 188, 238, 223, 170,
       167, 87, 255, 157, 151, 33, 183, 194, 14, 93, 190, 138, 142, 231,
       105, 117, 60, 69, 69, 237, 86, 66, 75, 120, 5, 0, 249, 194, 91,
       95, 57, 112, 126, 157, 23, 239, 41, 146, 113, 142, 179, 237, 224,
       132, 53, 251, 116, 224, 21, 81, 123, 224, 178, 2, 15, 112, 40, 32,
       191, 162, 23, 23, 161, 112, 126, 149, 31, 234, 200, 147, 33, 78,
       241, 132, 42, 132, 160, 211, 39, 33, 33, 167, 24, 233, 244, 169,
       178, 67, 94, 1, 121, 104, 182, 152, 160, 0, 158, 59, 6, 21, 18,
       186, 64, 29, 172, 156, 48, 104, 220, 138, 147, 137, 18, 97, 114,
       232, 111, 77, 250, 64, 237, 36, 251, 3, 12, 157, 52, 2, 174, 21,
       223, 227, 212, 163, 16, 192, 147, 216, 10, 187, 71, 15, 237, 131,
       79, 55, 248, 194, 246, 185, 123, 146, 43, 237, 31, 237, 156, 191,
       223, 48, 151, 59, 223, 29, 151, 8, 172, 194, 78, 93, 45, 254, 142,
       199, 11, 85, 109, 92, 243, 69, 100, 110, 103, 18, 121, 202, 126,
       96, 91, 179, 133, 254, 82, 124, 36, 42, 193, 246, 176, 10, 103,
       253, 100, 4, 226, 243, 70, 241, 47, 54, 240, 131, 240, 255, 51,
       210, 27, 239, 61, 253, 142, 245, 207, 60, 151, 26, 151, 20, 183,
       152, 40, 246, 202, 93, 49, 246, 206, 207, 7, 245, 56, 143, 30,
       218, 93, 177, 210, 238, 197, 13, 236, 2, 98, 248, 46, 96, 248,
       170, 130, 0, 62, 171, 3, 191, 123, 231, 146, 75, 17, 10, 124, 142,
       47, 183, 225, 193, 246, 251, 251, 147, 107, 109, 61, 239, 25, 47,
       220, 180, 55, 159, 215, 189, 147, 152, 237, 214, 126, 93, 171,
       228, 191, 199, 215, 245, 73, 21, 47, 71, 52, 30, 253, 55, 104,
       233, 95, 68, 252, 61, 150, 100, 164, 54, 60, 44, 209, 184, 241,
       76, 103, 61, 50, 128, 74, 194, 211, 121, 2, 141, 16, 139, 213,
       151, 182, 239, 31, 5, 88, 3, 172, 122, 44, 196, 217, 27, 131, 241,
       86, 184, 88, 255, 45, 20, 142, 103, 18, 14, 189, 142, 34, 141, 32,
       139, 213, 215, 190, 239, 95, 69, 88, 131, 168, 252, 54, 132, 216,
       59, 147, 213, 214, 186, 84, 255, 45, 28, 142, 227, 87, 14, 253,
       222, 162, 141, 50, 136, 213, 215, 186, 99, 29, 4, 248, 3, 44, 220,
       54, 132, 248, 59, 131, 241, 118, 187, 16, 223, 45, 16, 138, 67,
