%YAML:1.0
---
descriptors: !!opencv-matrix
   rows: 161
   cols: 32
   dt: u
   data: [ 245, 126, 109, 165, 36, 11, 203, 176, 81, 234, 210, 239, 243,
       45, 145, 35, 94, 228, 117, 239, 233, 182, 229, 174, 212, 235, 233,
       144, 45, 187, 82, 249, 32, 191, 56, 26, 190, 169, 146, 230, 142,
       77, 120, 237, 166, 252, 34, 0, 159, 58, 195, 21, 150, 170, 74, 63,
       40, 20, 33, 123, 220, 79, 149, 219, 245, 86, 77, 235, 190, 35, 75,
       24, 87, 248, 183, 230, 211, 71, 185, 104, 95, 148, 62, 254, 169,
       38, 109, 30, 252, 174, 229, 188, 189, 187, 112, 49, 16, 233, 24,
       186, 84, 129, 35, 204, 14, 5, 104, 3, 183, 195, 34, 64, 216, 106,
       2, 82, 66, 154, 90, 61, 233, 165, 38, 105, 48, 10, 33, 138, 8,
       233, 19, 171, 84, 193, 167, 228, 84, 0, 104, 66, 177, 211, 49, 96,
       120, 40, 2, 202, 67, 186, 24, 63, 229, 132, 162, 8, 113, 26, 117,
       168, 177, 19, 79, 109, 70, 78, 228, 61, 116, 74, 247, 230, 115,
       21, 180, 113, 126, 164, 6, 168, 233, 182, 117, 29, 116, 171, 226,
       0, 125, 170, 240, 185, 194, 217, 190, 190, 235, 84, 60, 167, 169,
       94, 198, 57, 172, 190, 70, 219, 231, 119, 255, 129, 244, 79, 179,
       224, 55, 115, 94, 139, 0, 20, 173, 95, 34, 175, 33, 155, 93, 193,
       186, 239, 30, 69, 88, 139, 160, 204, 54, 0, 217, 43, 147, 133,
       118, 58, 78, 191, 45, 22, 159, 171, 85, 14, 150, 222, 184, 93,
       122, 239, 83, 23, 122, 112, 53, 68, 101, 135, 125, 95, 35, 209,
       126, 249, 151, 226, 108, 150, 24, 255, 247, 233, 138, 1, 59, 179,
       46, 218, 139, 66, 230, 91, 96, 158, 232, 16, 63, 85, 119, 212,
       137, 2, 156, 221, 118, 12, 63, 156, 147, 252, 119, 213, 6, 122,
       242, 192, 239, 133, 82, 244, 34, 158, 25, 187, 184, 233, 146, 174,
       158, 15, 88, 169, 180, 252, 32, 64, 199, 59, 147, 17, 50, 12, 74,
       191, 108, 22, 56, 251, 148, 72, 148, 155, 137, 90, 239, 133, 36,
       42, 107, 18, 116, 198, 118, 231, 251, 38, 183, 87, 118, 228, 46,
       108, 161, 180, 37, 202, 196, 123, 226, 128, 47, 253, 112, 125, 46,
       29, 50, 154, 245, 247, 190, 201, 31, 77, 93, 19, 236, 252, 63,
       197, 249, 123, 147, 243, 54, 242, 58, 255, 63, 87, 143, 235, 151,
       127, 189, 199, 253, 111, 221, 101, 142, 11, 79, 252, 82, 170, 180,
       110, 83, 97, 217, 51, 123, 196, 108, 110, 233, 114, 237, 26, 250,
       203, 101, 180, 125, 251, 82, 33, 227, 172, 234, 154, 207, 241,
       249, 207, 155, 87, 84, 155, 40, 252, 118, 9, 233, 171, 179, 149,
       182, 126, 62, 243, 95, 91, 216, 107, 151, 76, 252, 222, 111, 57,
       168, 72, 205, 253, 83, 26, 219, 229, 172, 13, 130, 173, 87, 28,
       201, 44, 251, 92, 158, 107, 242, 178, 223, 95, 21, 127, 218, 109,
       86, 118, 53, 93, 123, 79, 244, 199, 239, 248, 84, 76, 127, 102,
       113, 117, 189, 100, 126, 250, 22, 238, 225, 178, 125, 127, 117,
       174, 166, 192, 127, 155, 116, 249, 60, 221, 120, 237, 116, 95, 95,
       249, 23, 108, 125, 35, 115, 95, 163, 112, 126, 216, 151, 250, 74,
       178, 121, 63, 119, 237, 161, 165, 119, 187, 118, 211, 74, 189,
       178, 158, 119, 252, 122, 228, 175, 77, 223, 39, 236, 254, 46, 214,
       246, 255, 255, 195, 198, 153, 186, 229, 183, 117, 26, 139, 14, 7,
       45, 223, 30, 61, 114, 254, 243, 252, 126, 97, 61, 76, 125, 41,
       108, 255, 7, 148, 182, 251, 215, 66, 150, 57, 58, 255, 183, 253,
       2, 139, 6, 231, 111, 199, 113, 2, 107, 229, 22, 10, 105, 51, 100,
       224, 254, 230, 19, 1, 145, 112, 122, 132, 30, 172, 137, 184, 101,
       12, 212, 173, 160, 128, 109, 168, 112, 41, 248, 253, 58, 126, 25,
       221, 85, 246, 241, 196, 172, 9, 63, 223, 2, 16, 128, 250, 221, 64,
       106, 43, 242, 63, 243, 221, 20, 59, 98, 18, 206, 90, 61, 84, 107,
       109, 100, 95, 199, 120, 68, 234, 250, 106, 83, 28, 149, 160, 126,
       196, 118, 238, 201, 182, 117, 14, 54, 239, 225, 144, 109, 187,
       112, 53, 6, 226, 136, 155, 127, 209, 186, 200, 159, 29, 213, 191,
       140, 206, 110, 8, 255, 75, 139, 215, 22, 70, 234, 243, 142, 85,
       159, 239, 148, 15, 189, 215, 81, 148, 156, 165, 60, 79, 208, 43,
       94, 235, 154, 23, 247, 56, 50, 64, 211, 39, 126, 37, 61, 169, 81,
       159, 216, 239, 127, 86, 188, 40, 89, 27, 82, 171, 180, 215, 169,
       152, 180, 143, 239, 157, 138, 33, 236, 250, 72, 206, 129, 87, 233,
       81, 22, 73, 203, 225, 235, 242, 95, 87, 130, 84, 141, 15, 249,
       167, 221, 101, 150, 47, 79, 123, 112, 170, 254, 106, 115, 33, 144,
       48, 63, 198, 124, 168, 249, 186, 197, 14, 252, 143, 165, 180, 109,
       232, 82, 41, 57, 21, 98, 233, 55, 114, 123, 119, 69, 100, 254,
       166, 27, 29, 178, 228, 126, 140, 159, 236, 157, 185, 37, 140, 242,
       237, 162, 197, 55, 142, 124, 245, 249, 222, 111, 254, 46, 144, 79,
       246, 213, 74, 212, 230, 49, 231, 176, 97, 110, 226, 63, 206, 235,
       143, 38, 191, 242, 235, 254, 136, 63, 152, 112, 121, 74, 184, 189,
       240, 43, 237, 57, 194, 171, 121, 180, 8, 156, 159, 64, 58, 167,
       145, 255, 208, 19, 73, 178, 240, 223, 209, 27, 255, 154, 1, 7, 59,
       47, 181, 40, 11, 247, 253, 179, 215, 86, 109, 125, 175, 152, 188,
       254, 36, 157, 10, 146, 21, 151, 186, 124, 183, 111, 93, 45, 230,
       223, 14, 223, 247, 78, 120, 159, 244, 41, 228, 49, 3, 175, 219,
       134, 32, 156, 151, 97, 107, 231, 53, 255, 144, 1, 197, 178, 192,
       213, 243, 218, 147, 136, 48, 37, 59, 82, 22, 206, 37, 18, 46, 188,
       23, 44, 194, 126, 199, 117, 47, 39, 82, 54, 231, 47, 172, 132,
       157, 21, 74, 118, 175, 50, 129, 109, 226, 41, 152, 94, 181, 114,
       142, 119, 246, 186, 232, 191, 76, 223, 131, 108, 254, 47, 228,
       247, 223, 191, 227, 134, 147, 186, 255, 183, 117, 139, 143, 22,
       71, 45, 215, 124, 97, 82, 172, 25, 223, 82, 120, 165, 12, 173, 9,
       111, 215, 35, 212, 216, 185, 204, 98, 76, 35, 72, 157, 243, 213,
       1, 59, 114, 175, 46, 2, 121, 47, 77, 101, 188, 11, 71, 255, 82,
       162, 188, 234, 19, 33, 209, 51, 122, 196, 108, 108, 233, 242, 229,
       30, 254, 207, 101, 52, 101, 248, 210, 40, 245, 166, 237, 107, 172,
       47, 71, 152, 82, 250, 181, 236, 211, 105, 219, 59, 95, 196, 108,
       126, 185, 102, 239, 50, 202, 139, 101, 252, 253, 251, 82, 97, 57,
       84, 99, 77, 100, 95, 238, 120, 117, 234, 254, 110, 83, 56, 145,
       228, 126, 204, 22, 238, 201, 182, 117, 14, 54, 174, 161, 132, 111,
       250, 112, 181, 181, 101, 67, 69, 212, 11, 103, 121, 100, 224, 251,
       74, 83, 65, 153, 48, 122, 140, 94, 238, 233, 179, 101, 14, 180,
       140, 165, 20, 109, 186, 242, 160, 2, 154, 184, 219, 254, 224, 185,
       206, 111, 21, 92, 50, 172, 159, 172, 76, 231, 27, 135, 144, 18,
       24, 42, 241, 71, 181, 58, 203, 150, 129, 37, 235, 184, 76, 122,
       110, 65, 199, 127, 240, 181, 36, 231, 1, 121, 223, 43, 17, 120,
       249, 151, 234, 104, 183, 56, 127, 243, 235, 160, 1, 115, 147, 110,
       250, 133, 208, 51, 91, 52, 158, 234, 152, 126, 75, 115, 84, 222,
       80, 188, 252, 183, 8, 22, 28, 167, 180, 61, 95, 12, 62, 50, 196,
       218, 133, 105, 37, 14, 220, 54, 155, 253, 215, 186, 232, 159, 220,
       93, 3, 204, 252, 63, 197, 251, 121, 147, 243, 118, 243, 58, 255,
       47, 87, 207, 195, 151, 127, 189, 215, 3, 173, 57, 59, 154, 137,
       187, 181, 14, 225, 25, 205, 253, 108, 18, 32, 54, 123, 83, 93,
       211, 8, 79, 125, 236, 5, 45, 248, 124, 138, 131, 217, 137, 10,
       255, 173, 36, 46, 105, 22, 124, 202, 118, 101, 191, 39, 179, 123,
       102, 37, 63, 12, 165, 188, 37, 200, 198, 123, 114, 128, 14, 228,
       97, 121, 231, 30, 239, 229, 164, 42, 233, 18, 60, 202, 86, 228,
       147, 45, 145, 123, 110, 100, 125, 45, 185, 180, 165, 74, 198, 123,
       227, 128, 173, 237, 82, 113, 175, 54, 237, 229, 164, 43, 109, 25,
       16, 234, 119, 254, 209, 39, 152, 59, 94, 132, 127, 188, 185, 212,
       229, 138, 198, 203, 239, 212, 173, 234, 208, 49, 69, 158, 253,
       107, 184, 102, 77, 158, 54, 123, 184, 244, 251, 55, 144, 123, 79,
       215, 124, 156, 185, 124, 237, 114, 237, 191, 118, 240, 216, 209,
