%YAML:1.0
---
descriptors: !!opencv-matrix
   rows: 209
   cols: 32
   dt: u
   data: [ 2, 160, 144, 155, 219, 205, 176, 207, 158, 53, 64, 27, 140,
       214, 108, 76, 235, 27, 227, 17, 18, 120, 218, 241, 13, 20, 31,
       111, 144, 12, 133, 206, 69, 120, 151, 182, 168, 12, 54, 180, 170,
       186, 178, 72, 254, 243, 65, 122, 133, 117, 124, 74, 65, 65, 218,
       104, 217, 178, 111, 58, 136, 115, 3, 43, 221, 70, 207, 173, 46,
       10, 78, 184, 116, 162, 146, 230, 215, 99, 129, 91, 114, 228, 108,
       238, 233, 197, 205, 8, 240, 227, 227, 148, 44, 243, 32, 0, 218,
       48, 47, 168, 9, 228, 89, 2, 164, 113, 134, 145, 149, 151, 64, 90,
       224, 149, 125, 148, 10, 7, 243, 0, 209, 225, 186, 217, 32, 4, 38,
       114, 49, 79, 74, 7, 244, 10, 238, 53, 117, 168, 122, 231, 195, 40,
       151, 68, 126, 236, 22, 239, 204, 176, 69, 14, 36, 44, 167, 128,
       109, 254, 216, 141, 53, 193, 77, 174, 158, 3, 79, 248, 6, 64, 156,
       199, 83, 65, 57, 64, 88, 192, 29, 238, 73, 35, 95, 61, 240, 169,
       165, 60, 61, 187, 240, 48, 43, 195, 98, 11, 118, 147, 170, 120,
       94, 96, 81, 230, 105, 72, 191, 164, 126, 40, 146, 237, 135, 178,
       77, 221, 6, 14, 171, 192, 95, 142, 120, 149, 33, 52, 121, 97, 116,
       207, 113, 91, 113, 233, 124, 108, 19, 21, 146, 48, 60, 152, 6, 24,
       155, 186, 96, 30, 95, 141, 48, 224, 120, 128, 70, 249, 33, 30,
       107, 73, 116, 255, 225, 91, 93, 77, 252, 110, 2, 136, 182, 36,
       216, 136, 6, 61, 157, 186, 100, 222, 22, 60, 178, 199, 221, 136,
       118, 213, 127, 117, 117, 70, 253, 94, 79, 188, 65, 236, 189, 42,
       107, 124, 159, 183, 90, 214, 212, 106, 201, 35, 236, 232, 51, 249,
       197, 187, 103, 255, 222, 101, 177, 148, 76, 189, 52, 143, 232, 55,
       84, 97, 210, 87, 247, 40, 146, 64, 123, 166, 63, 45, 253, 156, 85,
       159, 236, 111, 184, 208, 61, 140, 216, 217, 64, 239, 239, 119, 36,
       74, 111, 182, 40, 194, 122, 232, 247, 101, 144, 51, 2, 118, 109,
       111, 105, 248, 229, 47, 228, 178, 100, 144, 68, 250, 215, 120,
       143, 73, 110, 223, 77, 214, 237, 248, 237, 212, 87, 2, 121, 255,
       183, 111, 106, 96, 123, 203, 224, 229, 63, 233, 71, 43, 207, 129,
       55, 183, 117, 236, 15, 221, 100, 234, 255, 211, 159, 253, 135, 69,
       93, 162, 253, 253, 187, 228, 94, 123, 159, 255, 194, 41, 127, 189,
       111, 221, 175, 249, 55, 158, 157, 249, 56, 205, 112, 243, 213,
       209, 118, 230, 87, 149, 250, 3, 107, 249, 100, 129, 249, 250, 167,
       210, 110, 122, 27, 189, 127, 223, 135, 67, 119, 31, 252, 138, 14,
       205, 110, 238, 95, 215, 222, 252, 223, 4, 93, 10, 249, 253, 63,
       160, 30, 123, 151, 235, 198, 178, 62, 253, 119, 221, 169, 169,
       119, 191, 221, 162, 53, 198, 204, 235, 252, 35, 79, 216, 86, 182,
       189, 206, 83, 97, 219, 90, 91, 196, 110, 254, 170, 98, 77, 59,
       252, 143, 229, 188, 253, 251, 80, 160, 3, 159, 226, 141, 246, 17,
       62, 247, 85, 75, 92, 231, 165, 226, 242, 100, 127, 106, 23, 173,
       245, 26, 132, 255, 190, 116, 158, 235, 190, 236, 187, 221, 136,
       186, 191, 120, 169, 237, 113, 215, 191, 29, 100, 61, 143, 135, 96,
       89, 135, 155, 236, 16, 18, 124, 178, 113, 199, 241, 112, 107, 210,
       128, 135, 115, 10, 188, 178, 155, 119, 253, 184, 199, 31, 95, 94,
       35, 172, 254, 103, 204, 247, 59, 147, 145, 6, 216, 50, 241, 15,
       85, 158, 163, 150, 92, 45, 223, 2, 149, 0, 203, 181, 135, 190,
       237, 28, 9, 91, 35, 204, 111, 40, 64, 220, 19, 147, 225, 114, 152,
       73, 223, 45, 54, 138, 198, 20, 10, 177, 147, 241, 211, 75, 207,
       102, 82, 110, 253, 113, 74, 247, 230, 115, 99, 188, 244, 126, 220,
       52, 234, 201, 159, 173, 175, 178, 235, 226, 128, 45, 186, 248,
       185, 81, 141, 26, 239, 151, 166, 110, 167, 68, 1, 74, 2, 245, 115,
       32, 225, 241, 39, 58, 172, 113, 152, 17, 127, 233, 175, 206, 64,
       56, 98, 169, 10, 14, 109, 146, 154, 221, 213, 182, 200, 159, 148,
       88, 3, 236, 252, 47, 140, 217, 123, 147, 211, 38, 242, 26, 255,
       61, 22, 143, 43, 151, 127, 61, 206, 174, 96, 226, 222, 93, 215,
       186, 104, 223, 132, 120, 11, 104, 252, 119, 132, 248, 249, 147,
       243, 196, 247, 158, 202, 63, 28, 143, 171, 87, 127, 126, 198, 198,
       158, 150, 190, 181, 34, 182, 231, 157, 31, 210, 247, 236, 170, 34,
       207, 229, 119, 175, 147, 52, 205, 11, 226, 184, 54, 222, 203, 156,
       125, 185, 31, 74, 178, 189, 250, 201, 253, 177, 79, 175, 29, 164,
       25, 172, 215, 72, 26, 197, 27, 235, 16, 18, 75, 242, 241, 223,
       209, 26, 123, 146, 0, 167, 234, 206, 56, 166, 156, 235, 240, 184,
       66, 171, 223, 144, 189, 172, 254, 103, 159, 239, 123, 255, 149,
       22, 79, 194, 224, 158, 112, 222, 171, 142, 117, 47, 223, 204, 62,
       252, 117, 168, 46, 121, 19, 233, 190, 182, 60, 159, 39, 131, 91,
       135, 116, 109, 8, 160, 229, 243, 10, 199, 251, 114, 144, 192, 224,
       71, 113, 100, 120, 189, 114, 168, 109, 23, 152, 250, 191, 165, 56,
       246, 245, 77, 59, 145, 86, 108, 82, 34, 101, 186, 50, 203, 159,
       117, 63, 192, 115, 71, 99, 14, 153, 18, 155, 245, 181, 186, 200,
       31, 12, 93, 3, 236, 252, 63, 196, 221, 123, 179, 211, 22, 186, 90,
       255, 15, 86, 139, 203, 150, 47, 61, 198, 18, 142, 43, 187, 34,
       224, 184, 103, 158, 85, 88, 179, 173, 175, 32, 65, 239, 59, 147,
       129, 18, 153, 2, 245, 201, 161, 250, 203, 53, 0, 165, 251, 137,
       208, 58, 185, 52, 141, 232, 23, 126, 73, 82, 84, 191, 24, 58, 104,
       199, 3, 63, 13, 183, 188, 81, 151, 196, 255, 58, 192, 28, 8, 217,
       24, 32, 189, 122, 201, 244, 231, 231, 254, 22, 172, 124, 2, 112,
       245, 183, 4, 125, 250, 19, 106, 82, 186, 120, 127, 111, 14, 165,
       100, 119, 251, 116, 249, 47, 157, 115, 79, 245, 247, 175, 235, 95,
       76, 120, 66, 232, 252, 189, 228, 93, 122, 18, 235, 211, 184, 127,
       255, 45, 62, 135, 2, 87, 127, 245, 245, 53, 7, 66, 5, 244, 11,
       238, 113, 117, 168, 219, 199, 99, 104, 158, 196, 124, 206, 6, 239,
       252, 176, 69, 142, 52, 46, 164, 128, 111, 254, 248, 133, 64, 58,
       243, 85, 112, 170, 105, 18, 59, 13, 118, 240, 189, 167, 128, 92,
       55, 62, 39, 24, 178, 216, 160, 103, 77, 190, 50, 192, 134, 193, 7,
       225, 10, 143, 162, 158, 241, 176, 190, 230, 63, 13, 92, 167, 172,
       238, 38, 196, 255, 123, 163, 133, 150, 154, 34, 247, 62, 117, 158,
       139, 150, 71, 173, 223, 185, 155, 235, 249, 182, 151, 203, 255,
       87, 201, 220, 246, 51, 141, 178, 96, 127, 170, 23, 221, 187, 186,
       103, 191, 254, 207, 191, 200, 191, 136, 240, 249, 198, 73, 238,
       223, 77, 212, 253, 232, 238, 156, 215, 2, 240, 251, 55, 107, 104,
       116, 123, 203, 192, 101, 191, 233, 87, 43, 207, 137, 21, 177, 125,
       226, 127, 223, 246, 70, 253, 90, 222, 244, 201, 238, 190, 42, 74,
       124, 159, 182, 254, 246, 212, 234, 236, 163, 236, 238, 58, 127,
       133, 151, 103, 255, 222, 103, 73, 24, 154, 184, 112, 164, 57, 18,
       190, 79, 70, 21, 188, 187, 34, 72, 231, 43, 63, 21, 182, 156, 18,
       115, 205, 183, 58, 201, 136, 193, 41, 91, 30, 52, 242, 238, 117,
       254, 122, 120, 125, 12, 123, 3, 111, 254, 63, 144, 251, 187, 151,
       163, 158, 178, 56, 207, 55, 255, 3, 143, 231, 239, 111, 211, 230,
       123, 82, 70, 235, 157, 190, 228, 171, 244, 185, 239, 72, 206, 111,
       151, 174, 245, 243, 102, 197, 83, 158, 224, 54, 24, 69, 191, 79,
       255, 202, 213, 90, 32, 173, 241, 137, 232, 88, 7, 167, 17, 194,
       17, 159, 151, 64, 91, 192, 159, 253, 144, 26, 92, 211, 81, 199,
       241, 218, 203, 160, 0, 182, 34, 9, 142, 255, 109, 52, 190, 105,
       55, 125, 73, 126, 100, 191, 58, 144, 112, 135, 38, 126, 12, 149,
       184, 101, 79, 238, 255, 50, 128, 202, 192, 193, 109, 2, 232, 18,
       154, 91, 205, 176, 204, 142, 53, 1, 27, 172, 214, 104, 0, 169, 27,
       235, 81, 22, 73, 26, 245, 29, 16, 27, 127, 144, 13, 141, 142, 117,
       239, 233, 229, 172, 43, 79, 152, 70, 166, 188, 238, 83, 97, 217,
       2, 91, 196, 110, 238, 201, 50, 237, 56, 252, 207, 165, 180, 245,
