%YAML:1.0
---
descriptors: !!opencv-matrix
   rows: 192
   cols: 32
   dt: u
   data: [ 91, 29, 122, 245, 114, 150, 126, 119, 189, 200, 94, 231, 61,
       175, 182, 228, 102, 247, 149, 143, 193, 153, 52, 238, 242, 111,
       174, 128, 47, 246, 169, 93, 162, 177, 48, 218, 221, 213, 144, 111,
       207, 125, 189, 27, 10, 156, 126, 140, 201, 147, 211, 17, 126, 43,
       122, 215, 59, 92, 144, 127, 211, 12, 220, 214, 186, 95, 88, 181,
       54, 138, 90, 182, 37, 45, 254, 231, 175, 11, 128, 80, 110, 255,
       141, 197, 232, 184, 65, 239, 166, 245, 176, 147, 103, 152, 4, 79,
       3, 185, 19, 152, 253, 148, 248, 119, 207, 217, 56, 116, 172, 158,
       100, 240, 135, 59, 151, 21, 215, 9, 18, 215, 171, 220, 30, 234,
       26, 132, 169, 159, 235, 168, 226, 152, 205, 176, 184, 207, 219,
       19, 144, 159, 40, 232, 118, 206, 201, 239, 147, 149, 150, 111,
       198, 227, 30, 124, 158, 235, 223, 76, 251, 142, 171, 238, 238, 26,
       235, 189, 184, 199, 159, 85, 180, 159, 40, 236, 118, 143, 175,
       163, 211, 149, 182, 107, 22, 241, 30, 91, 94, 251, 223, 92, 187,
       222, 172, 232, 152, 248, 201, 77, 92, 204, 23, 182, 36, 25, 159,
       219, 75, 24, 217, 89, 195, 90, 74, 70, 218, 49, 207, 217, 85, 61,
       210, 241, 206, 130, 6, 234, 160, 155, 157, 213, 176, 207, 159, 87,
       140, 147, 140, 236, 126, 142, 201, 107, 171, 21, 22, 109, 218,
       243, 143, 86, 159, 127, 150, 76, 189, 206, 82, 143, 11, 190, 178,
       34, 78, 247, 49, 130, 202, 224, 117, 231, 160, 81, 119, 247, 29,
       174, 104, 139, 128, 111, 176, 166, 238, 136, 36, 240, 163, 41,
       255, 163, 226, 7, 224, 62, 252, 221, 115, 247, 183, 189, 74, 40,
       223, 159, 63, 205, 228, 191, 188, 119, 141, 64, 62, 88, 69, 166,
       239, 246, 234, 196, 59, 50, 230, 165, 71, 18, 184, 88, 7, 236,
       247, 231, 73, 137, 182, 206, 126, 173, 183, 197, 132, 210, 199,
       204, 86, 107, 235, 131, 111, 174, 120, 215, 56, 141, 49, 235, 149,
       231, 194, 255, 87, 9, 221, 66, 235, 249, 48, 196, 88, 186, 151,
       25, 26, 170, 72, 191, 233, 220, 130, 73, 247, 14, 244, 170, 103,
       29, 102, 78, 77, 20, 254, 72, 201, 192, 221, 131, 40, 252, 183,
       231, 200, 224, 179, 239, 173, 35, 118, 236, 51, 122, 202, 11, 95,
       191, 120, 196, 128, 40, 56, 253, 109, 237, 176, 78, 158, 29, 208,
       19, 180, 218, 97, 72, 216, 59, 235, 17, 6, 107, 218, 243, 199,
       245, 155, 123, 144, 8, 29, 138, 120, 184, 248, 244, 126, 75, 209,
       123, 123, 237, 182, 59, 94, 61, 6, 56, 191, 149, 119, 0, 60, 239,
       225, 223, 223, 255, 117, 247, 229, 168, 206, 123, 186, 184, 124,
       121, 37, 255, 113, 23, 63, 125, 118, 49, 187, 157, 214, 120, 167,
       189, 181, 16, 142, 188, 99, 209, 199, 251, 48, 195, 247, 136, 76,
       123, 7, 95, 110, 82, 226, 147, 191, 240, 237, 206, 119, 230, 121,
       207, 183, 37, 110, 241, 23, 238, 209, 183, 46, 236, 118, 10, 239,
       128, 111, 183, 105, 245, 103, 73, 238, 135, 236, 82, 126, 165,
       193, 244, 158, 131, 64, 44, 215, 82, 106, 230, 251, 207, 220, 219,
       239, 224, 126, 63, 197, 213, 167, 255, 252, 94, 1, 13, 191, 253,
       149, 239, 127, 150, 158, 111, 14, 2, 181, 55, 51, 104, 229, 115,
       59, 12, 48, 152, 48, 190, 199, 175, 186, 16, 144, 121, 133, 106,
       3, 217, 51, 218, 123, 213, 153, 230, 143, 89, 152, 18, 60, 158,
       100, 228, 229, 59, 155, 129, 195, 11, 50, 247, 57, 20, 158, 250,
       18, 20, 165, 255, 13, 133, 115, 139, 213, 221, 230, 229, 77, 65,
       223, 74, 138, 88, 190, 228, 249, 130, 138, 249, 255, 58, 124, 255,
       60, 93, 134, 71, 95, 14, 249, 132, 56, 197, 123, 238, 116, 78,
       231, 121, 100, 0, 111, 2, 115, 113, 56, 224, 120, 246, 51, 106,
       201, 177, 57, 47, 115, 237, 134, 0, 103, 186, 244, 168, 198, 146,
       189, 221, 168, 108, 181, 159, 190, 127, 130, 117, 196, 247, 76,
       75, 135, 87, 235, 16, 176, 77, 211, 64, 77, 51, 127, 214, 136, 96,
       133, 115, 164, 229, 185, 89, 205, 109, 197, 255, 195, 190, 60, 8,
       146, 245, 77, 63, 89, 218, 98, 122, 106, 114, 250, 16, 111, 152,
       69, 60, 211, 120, 198, 162, 253, 101, 252, 98, 141, 87, 87, 200,
       83, 182, 165, 10, 83, 113, 75, 63, 89, 196, 236, 250, 110, 99,
       251, 178, 251, 203, 197, 125, 243, 251, 110, 102, 122, 127, 127,
       238, 42, 147, 222, 62, 143, 236, 94, 231, 105, 207, 183, 64, 150,
       255, 181, 199, 204, 155, 167, 253, 98, 121, 169, 153, 55, 247, 37,
       121, 11, 135, 100, 235, 183, 151, 255, 189, 31, 68, 94, 199, 233,
       75, 190, 196, 119, 139, 55, 237, 246, 152, 31, 255, 110, 127, 170,
       196, 63, 142, 216, 93, 46, 53, 184, 235, 253, 253, 210, 207, 95,
       125, 189, 27, 10, 125, 126, 44, 221, 27, 151, 49, 190, 98, 122,
       146, 75, 221, 5, 127, 211, 79, 220, 214, 42, 159, 24, 219, 117,
       179, 210, 255, 95, 33, 220, 102, 170, 249, 164, 196, 217, 58, 130,
       16, 158, 186, 89, 255, 46, 21, 128, 115, 222, 207, 248, 142, 57,
       149, 121, 101, 254, 91, 223, 127, 87, 232, 252, 106, 123, 61, 150,
       32, 158, 158, 87, 41, 217, 58, 109, 157, 126, 205, 37, 180, 127,
       202, 210, 125, 218, 207, 51, 188, 182, 193, 191, 230, 156, 142,
       154, 171, 173, 238, 161, 197, 34, 243, 143, 193, 96, 9, 6, 255,
       240, 0, 46, 187, 55, 92, 37, 107, 7, 28, 14, 187, 164, 166, 60,
       18, 188, 218, 86, 229, 236, 218, 179, 201, 199, 99, 191, 151, 197,
       197, 7, 232, 198, 115, 250, 130, 156, 117, 57, 23, 91, 133, 18,
       185, 147, 180, 58, 175, 63, 85, 206, 135, 77, 230, 110, 244, 247,
       159, 185, 148, 22, 25, 181, 245, 187, 253, 155, 71, 186, 69, 169,
       86, 253, 77, 205, 103, 148, 78, 103, 184, 117, 226, 239, 76, 211,
       101, 153, 48, 121, 238, 108, 110, 233, 244, 253, 46, 255, 239, 37,
       4, 105, 251, 210, 112, 222, 82, 214, 245, 46, 38, 120, 88, 63,
       190, 215, 247, 77, 75, 235, 91, 255, 213, 239, 166, 168, 213, 155,
       194, 214, 243, 251, 134, 47, 165, 45, 17, 187, 221, 101, 159, 23,
       14, 198, 188, 94, 98, 218, 199, 115, 124, 62, 225, 124, 198, 191,
       231, 237, 165, 93, 255, 176, 39, 175, 148, 125, 126, 248, 92, 154,
       224, 160, 186, 141, 245, 144, 206, 155, 119, 129, 27, 174, 204,
       126, 140, 201, 203, 185, 21, 62, 79, 218, 243, 155, 87, 159, 127,
       146, 92, 157, 94, 43, 178, 100, 145, 109, 183, 184, 115, 141, 77,
       85, 247, 172, 10, 182, 140, 238, 35, 151, 149, 182, 190, 66, 213,
       134, 95, 218, 195, 223, 12, 57, 159, 7, 90, 99, 206, 102, 130,
       239, 240, 237, 202, 123, 231, 89, 206, 189, 100, 126, 225, 55,
       239, 193, 161, 46, 236, 100, 60, 175, 136, 125, 243, 97, 181, 138,
       186, 152, 184, 235, 225, 184, 223, 139, 91, 148, 247, 172, 191,
       102, 202, 207, 27, 159, 145, 183, 79, 194, 241, 222, 81, 186, 251,
       158, 76, 189, 223, 218, 153, 190, 248, 139, 209, 157, 71, 143, 29,
       148, 187, 44, 255, 102, 75, 171, 179, 255, 145, 18, 79, 178, 241,
       219, 209, 218, 251, 150, 12, 165, 122, 130, 156, 62, 218, 75, 213,
       177, 226, 142, 86, 132, 50, 60, 223, 38, 103, 239, 51, 155, 192,
       98, 15, 50, 255, 87, 17, 218, 43, 19, 9, 37, 251, 2, 157, 18, 170,
       181, 165, 48, 99, 142, 9, 201, 39, 172, 242, 32, 64, 209, 59, 138,
       17, 23, 11, 18, 223, 185, 244, 10, 75, 152, 78, 169, 27, 126, 156,
       174, 254, 185, 52, 158, 251, 139, 207, 156, 39, 104, 252, 63, 146,
       221, 243, 253, 167, 220, 3, 58, 239, 187, 127, 205, 155, 143, 118,
       62, 95, 164, 16, 183, 217, 173, 115, 225, 74, 94, 185, 243, 50,
       144, 154, 237, 237, 217, 12, 62, 24, 27, 245, 121, 208, 29, 218,
       243, 70, 223, 73, 116, 167, 42, 180, 96, 153, 127, 249, 184, 111,
       31, 125, 221, 191, 168, 236, 62, 132, 219, 139, 215, 133, 182, 58,
       127, 215, 30, 87, 155, 255, 223, 12, 159, 223, 34, 158, 32, 219,
       245, 181, 186, 198, 95, 5, 92, 18, 168, 216, 54, 100, 217, 58,
       147, 17, 182, 190, 122, 255, 47, 30, 158, 115, 150, 95, 220, 142,
       218, 18, 220, 181, 18, 54, 88, 19, 53, 173, 210, 247, 207, 15,
