%YAML:1.0
---
descriptors: !!opencv-matrix
   rows: 274
   cols: 32
   dt: u
   data: [ 127, 118, 227, 206, 126, 99, 75, 216, 67, 172, 253, 234, 113,
       245, 253, 180, 94, 252, 23, 234, 137, 19, 238, 170, 51, 172, 165,
       188, 183, 251, 118, 241, 74, 17, 187, 233, 176, 236, 121, 23, 47,
       77, 95, 48, 191, 151, 192, 124, 135, 23, 189, 28, 146, 152, 177,
       210, 199, 253, 58, 192, 134, 192, 133, 123, 233, 253, 127, 89,
       112, 223, 247, 183, 121, 72, 118, 124, 186, 29, 150, 181, 134,
       178, 212, 72, 231, 188, 113, 191, 103, 249, 52, 210, 74, 148, 194,
       125, 72, 17, 253, 229, 116, 110, 121, 51, 41, 237, 190, 8, 223,
       55, 128, 114, 246, 150, 125, 40, 8, 216, 241, 205, 223, 255, 242,
       208, 166, 160, 70, 121, 61, 208, 113, 235, 253, 95, 107, 188, 87,
       125, 252, 74, 219, 85, 216, 172, 93, 216, 150, 248, 155, 50, 125,
       181, 239, 223, 165, 116, 247, 159, 212, 241, 130, 202, 46, 185,
       46, 137, 185, 246, 158, 95, 212, 247, 164, 205, 178, 11, 239, 123,
       239, 213, 230, 205, 34, 253, 206, 19, 255, 195, 20, 152, 53, 219,
       130, 180, 178, 154, 211, 245, 176, 71, 159, 23, 97, 19, 140, 254,
       110, 204, 233, 27, 147, 145, 54, 94, 18, 215, 13, 22, 26, 111,
       146, 68, 175, 214, 38, 161, 234, 162, 214, 225, 123, 73, 3, 229,
       217, 11, 17, 157, 94, 16, 251, 159, 23, 145, 158, 50, 217, 194,
       95, 13, 171, 237, 165, 202, 246, 226, 145, 203, 27, 173, 38, 135,
       206, 253, 84, 8, 80, 70, 183, 67, 176, 97, 126, 40, 22, 239, 235,
       188, 5, 191, 224, 137, 170, 128, 60, 152, 177, 137, 75, 94, 241,
       85, 43, 116, 189, 18, 171, 251, 31, 245, 156, 191, 215, 238, 135,
       117, 253, 135, 133, 69, 179, 194, 67, 127, 254, 146, 142, 245, 39,
       247, 142, 28, 102, 222, 247, 244, 186, 224, 186, 29, 91, 19, 108,
       254, 60, 201, 255, 255, 179, 177, 246, 243, 154, 253, 53, 118,
       202, 203, 151, 95, 191, 215, 111, 80, 230, 216, 255, 246, 190,
       201, 191, 222, 123, 163, 76, 222, 63, 248, 255, 177, 255, 181,
       182, 147, 63, 222, 31, 62, 143, 207, 149, 102, 245, 215, 110, 20,
       102, 218, 125, 231, 186, 232, 223, 13, 251, 3, 104, 220, 63, 197,
       255, 189, 179, 177, 182, 183, 30, 223, 63, 62, 139, 143, 215, 127,
       124, 215, 152, 249, 115, 104, 119, 205, 123, 119, 57, 76, 116, 41,
       191, 159, 32, 16, 166, 187, 7, 68, 234, 186, 176, 255, 255, 221,
       38, 234, 98, 132, 199, 219, 135, 142, 138, 155, 48, 146, 58, 224,
       191, 87, 86, 183, 237, 234, 250, 64, 247, 107, 191, 149, 166, 156,
       14, 255, 238, 119, 159, 195, 156, 134, 57, 221, 202, 159, 121,
       239, 238, 66, 191, 119, 136, 74, 252, 230, 253, 47, 144, 162, 110,
       247, 31, 173, 241, 10, 228, 207, 244, 237, 174, 136, 61, 250, 165,
       249, 193, 140, 90, 249, 176, 172, 105, 23, 252, 73, 118, 244, 183,
       3, 160, 121, 98, 42, 14, 156, 51, 156, 64, 119, 198, 185, 50, 192,
       184, 136, 233, 41, 15, 122, 240, 129, 231, 28, 189, 154, 123, 127,
       92, 231, 205, 28, 159, 173, 55, 77, 183, 239, 199, 244, 253, 225,
       166, 123, 111, 166, 239, 245, 155, 245, 62, 86, 98, 229, 231, 86,
       252, 124, 117, 110, 118, 50, 73, 63, 151, 237, 126, 221, 183, 170,
       248, 246, 165, 202, 119, 255, 194, 199, 231, 189, 126, 215, 203,
       91, 117, 209, 226, 218, 189, 183, 45, 254, 118, 230, 253, 30, 215,
       255, 39, 119, 191, 29, 197, 216, 117, 232, 102, 123, 119, 130, 14,
       180, 141, 253, 254, 123, 226, 0, 205, 93, 212, 204, 203, 252, 180,
       175, 10, 204, 119, 159, 232, 200, 199, 247, 206, 103, 238, 192,
       19, 88, 197, 191, 103, 61, 126, 214, 109, 84, 211, 199, 100, 110,
       103, 16, 57, 238, 127, 104, 95, 183, 161, 126, 86, 124, 36, 42, 1,
       240, 185, 10, 69, 188, 96, 0, 98, 243, 102, 113, 246, 97, 82, 136,
       77, 133, 218, 72, 139, 128, 249, 11, 12, 218, 101, 214, 216, 185,
       231, 243, 14, 35, 130, 208, 145, 112, 139, 63, 21, 15, 126, 134,
       42, 141, 118, 169, 213, 247, 242, 99, 21, 4, 222, 3, 13, 63, 50,
       196, 232, 187, 147, 177, 62, 186, 16, 223, 239, 253, 139, 67, 183,
       12, 124, 206, 73, 21, 61, 71, 36, 94, 237, 55, 104, 232, 95, 68,
       184, 61, 150, 117, 132, 46, 116, 13, 193, 184, 241, 76, 103, 57,
       242, 128, 78, 194, 211, 249, 114, 65, 86, 172, 77, 140, 120, 8,
       175, 0, 235, 11, 142, 138, 36, 82, 232, 181, 111, 193, 10, 35,
       211, 213, 149, 176, 138, 27, 17, 10, 101, 2, 94, 58, 178, 176,
       163, 98, 187, 66, 174, 167, 27, 163, 205, 175, 67, 10, 183, 119,
       237, 145, 16, 209, 130, 226, 216, 70, 59, 199, 164, 103, 37, 83,
       98, 151, 121, 254, 246, 194, 159, 55, 24, 78, 219, 247, 253, 63,
       148, 80, 223, 183, 149, 165, 241, 138, 101, 207, 116, 191, 186,
       208, 21, 194, 167, 121, 47, 54, 225, 65, 242, 187, 123, 146, 43,
       237, 61, 237, 141, 47, 223, 180, 55, 155, 151, 157, 151, 152, 108,
       214, 78, 93, 41, 246, 151, 199, 70, 245, 32, 201, 147, 217, 245,
       196, 170, 199, 78, 1, 72, 2, 164, 186, 100, 96, 200, 106, 34, 88,
       83, 184, 210, 243, 45, 188, 158, 98, 24, 8, 240, 174, 34, 96, 82,
       164, 93, 141, 226, 64, 235, 136, 249, 74, 32, 216, 101, 18, 232,
       185, 66, 98, 70, 39, 146, 205, 21, 152, 131, 43, 65, 43, 118, 134,
       19, 183, 108, 193, 254, 179, 250, 123, 105, 105, 125, 238, 93, 56,
       158, 32, 46, 147, 87, 185, 151, 58, 45, 221, 126, 77, 171, 236,
       237, 194, 235, 149, 124, 69, 98, 100, 21, 94, 214, 112, 97, 100,
       255, 11, 75, 25, 63, 244, 120, 204, 157, 235, 236, 179, 53, 142,
       179, 253, 128, 17, 103, 191, 126, 70, 152, 205, 60, 173, 50, 207,
       123, 124, 52, 4, 214, 3, 247, 87, 2, 97, 110, 177, 93, 234, 104,
       136, 113, 61, 225, 193, 170, 128, 48, 128, 37, 106, 146, 141, 98,
       193, 215, 195, 186, 97, 221, 4, 120, 3, 40, 220, 54, 133, 186,
       187, 147, 241, 246, 187, 16, 223, 63, 24, 142, 195, 71, 12, 253,
       142, 79, 54, 251, 213, 36, 52, 248, 18, 239, 203, 31, 229, 188,
       191, 215, 170, 183, 87, 253, 157, 135, 97, 167, 194, 6, 127, 186,
       134, 142, 247, 105, 93, 32, 172, 216, 233, 118, 171, 232, 66, 94,
       33, 120, 138, 133, 139, 52, 0, 59, 43, 2, 24, 22, 186, 68, 215,
       14, 156, 18, 101, 213, 202, 75, 128, 18, 131, 210, 254, 67, 192,
       28, 111, 15, 5, 216, 163, 44, 143, 40, 80, 238, 187, 167, 128, 90,
       11, 2, 245, 241, 246, 154, 139, 53, 0, 165, 139, 51, 65, 123, 76,
       39, 86, 95, 112, 109, 192, 255, 2, 11, 28, 182, 244, 126, 157,
       149, 238, 205, 178, 53, 206, 179, 252, 130, 135, 231, 247, 238,
       228, 93, 79, 222, 69, 226, 26, 55, 181, 105, 164, 126, 228, 79,
       50, 135, 115, 38, 231, 100, 110, 196, 248, 165, 108, 118, 235,
       102, 128, 111, 242, 235, 13, 40, 132, 26, 218, 29, 243, 82, 239,
       215, 13, 221, 18, 98, 241, 46, 64, 217, 170, 138, 16, 62, 171, 10,
       191, 251, 247, 146, 91, 146, 10, 252, 14, 189, 85, 98, 76, 68, 31,
       206, 120, 85, 234, 254, 78, 115, 72, 183, 244, 92, 236, 118, 239,
       205, 183, 93, 14, 50, 238, 229, 20, 111, 187, 120, 149, 239, 114,
       233, 1, 104, 55, 139, 152, 26, 250, 20, 228, 217, 110, 223, 111,
       87, 77, 127, 255, 161, 82, 253, 144, 78, 91, 239, 244, 158, 245,
       3, 245, 153, 211, 99, 235, 164, 3, 237, 253, 54, 124, 214, 230,
       153, 143, 176, 65, 126, 140, 31, 207, 203, 152, 45, 209, 244, 233,
       238, 132, 63, 152, 241, 249, 203, 30, 39, 150, 43, 84, 61, 176,
       157, 94, 150, 247, 252, 29, 179, 239, 167, 117, 255, 239, 229, 77,
       55, 254, 87, 123, 250, 210, 14, 133, 53, 127, 53, 221, 97, 79,
       244, 15, 239, 253, 84, 232, 120, 102, 113, 117, 180, 36, 126, 202,
       22, 238, 201, 186, 125, 63, 124, 140, 165, 132, 127, 250, 240,
       185, 26, 137, 255, 254, 211, 192, 188, 231, 190, 21, 195, 179,
       109, 239, 32, 73, 231, 251, 171, 145, 114, 207, 138, 253, 251,
       227, 222, 75, 181, 4, 165, 202, 10, 156, 23, 186, 203, 229, 52,
       103, 158, 83, 200, 17, 44, 191, 32, 73, 225, 59, 171, 129, 55, 75,
