%YAML:1.0
---
descriptors: !!opencv-matrix
   rows: 169
   cols: 32
   dt: u
   data: [ 119, 36, 225, 196, 100, 61, 74, 59, 3, 160, 222, 206, 115,
       249, 221, 180, 88, 236, 117, 141, 137, 50, 229, 130, 190, 92, 133,
       188, 175, 238, 82, 36, 16, 217, 123, 171, 22, 193, 51, 200, 30,
       65, 88, 34, 53, 214, 32, 96, 250, 249, 23, 209, 67, 154, 58, 61,
       249, 165, 174, 104, 53, 10, 37, 250, 72, 52, 185, 229, 40, 108,
       105, 19, 44, 46, 94, 48, 157, 55, 208, 106, 39, 29, 125, 137, 129,
       28, 243, 194, 197, 247, 250, 128, 38, 224, 37, 105, 167, 52, 229,
       225, 228, 39, 105, 23, 21, 235, 146, 254, 145, 23, 216, 63, 94,
       132, 31, 188, 185, 212, 117, 138, 196, 218, 253, 244, 172, 236,
       208, 241, 251, 245, 105, 69, 125, 95, 215, 61, 99, 224, 188, 10,
       91, 93, 222, 54, 58, 196, 93, 125, 253, 106, 253, 158, 127, 93, 5,
       126, 103, 174, 214, 246, 161, 56, 233, 229, 36, 43, 203, 50, 85,
       234, 214, 238, 147, 61, 145, 35, 78, 236, 95, 109, 169, 246, 245,
       138, 196, 24, 225, 176, 109, 169, 80, 49, 245, 106, 237, 105, 172,
       59, 79, 152, 82, 246, 181, 239, 83, 97, 219, 27, 89, 196, 108,
       255, 169, 102, 237, 24, 254, 203, 229, 188, 253, 251, 82, 96, 152,
       89, 51, 239, 52, 135, 235, 112, 100, 8, 209, 70, 247, 211, 49, 64,
       126, 57, 31, 238, 203, 161, 24, 61, 225, 168, 170, 128, 61, 131,
       33, 185, 129, 128, 27, 125, 48, 174, 104, 23, 124, 9, 114, 112,
       191, 19, 128, 112, 135, 46, 14, 24, 179, 156, 1, 95, 206, 255, 50,
       192, 200, 128, 193, 41, 138, 146, 126, 89, 98, 137, 177, 99, 61,
       23, 119, 177, 141, 135, 46, 92, 103, 25, 167, 0, 18, 188, 3, 87,
       71, 247, 114, 195, 242, 128, 165, 163, 108, 177, 249, 227, 205,
       93, 215, 205, 75, 252, 189, 10, 90, 253, 93, 50, 217, 222, 247,
       115, 91, 114, 251, 192, 127, 89, 5, 127, 199, 122, 214, 226, 161,
       168, 175, 249, 205, 237, 97, 199, 199, 83, 228, 18, 178, 152, 114,
       107, 233, 170, 58, 156, 19, 127, 242, 177, 199, 217, 218, 104,
       153, 8, 240, 254, 124, 113, 251, 224, 139, 228, 93, 87, 163, 205,
       172, 13, 31, 151, 65, 58, 134, 253, 221, 208, 9, 11, 242, 0, 243,
       205, 36, 187, 170, 115, 166, 123, 89, 122, 185, 254, 40, 44, 89,
       154, 171, 252, 190, 108, 191, 183, 65, 122, 167, 245, 125, 28,
       139, 65, 187, 33, 211, 253, 50, 184, 128, 243, 3, 123, 33, 93,
       126, 95, 116, 207, 239, 112, 124, 72, 126, 68, 242, 17, 183, 52,
       8, 104, 22, 78, 229, 176, 16, 127, 102, 62, 32, 0, 91, 187, 74,
       152, 237, 122, 149, 241, 172, 111, 68, 150, 211, 186, 178, 120,
       219, 51, 193, 187, 205, 244, 110, 26, 41, 118, 203, 146, 198, 219,
       117, 52, 202, 249, 66, 41, 8, 158, 144, 185, 57, 201, 144, 71, 30,
       29, 72, 49, 166, 147, 32, 64, 201, 59, 131, 17, 50, 44, 66, 55,
       237, 215, 26, 123, 144, 8, 133, 139, 133, 72, 183, 91, 32, 158,
       104, 16, 126, 89, 115, 80, 157, 211, 181, 252, 182, 24, 38, 24,
       131, 180, 39, 112, 4, 184, 50, 192, 216, 129, 97, 161, 232, 49,
       191, 117, 173, 108, 245, 23, 251, 234, 50, 88, 254, 189, 81, 43,
       129, 118, 125, 24, 161, 229, 243, 138, 207, 251, 117, 48, 194,
       248, 214, 123, 6, 141, 148, 155, 205, 164, 182, 175, 158, 23, 73,
       19, 236, 242, 108, 203, 201, 83, 170, 147, 54, 74, 219, 243, 45,
       54, 223, 79, 144, 121, 173, 142, 120, 238, 185, 244, 112, 205, 83,
       242, 19, 172, 228, 41, 55, 183, 97, 17, 125, 253, 133, 96, 104,
       90, 224, 62, 251, 197, 101, 57, 50, 168, 6, 107, 10, 141, 22, 232,
       213, 247, 178, 103, 157, 5, 94, 3, 140, 191, 34, 192, 233, 59,
       147, 177, 20, 184, 16, 220, 107, 245, 138, 71, 150, 14, 189, 130,
       117, 75, 208, 207, 204, 37, 206, 222, 71, 161, 184, 74, 211, 225,
       121, 106, 89, 204, 50, 94, 136, 50, 223, 176, 61, 140, 135, 60,
       253, 251, 80, 128, 34, 131, 42, 188, 85, 133, 187, 111, 94, 69,
       88, 135, 160, 200, 54, 0, 216, 42, 131, 5, 198, 186, 68, 159, 52,
       22, 154, 139, 85, 14, 245, 206, 229, 74, 109, 65, 44, 15, 195,
       152, 82, 234, 182, 76, 211, 1, 213, 63, 88, 196, 116, 126, 169,
       118, 237, 58, 109, 185, 225, 52, 216, 187, 80, 97, 11, 118, 252,
       87, 36, 62, 252, 150, 237, 219, 31, 245, 221, 127, 159, 174, 167,
       85, 253, 173, 167, 228, 47, 234, 70, 127, 254, 134, 206, 245, 121,
       85, 49, 2, 75, 237, 86, 2, 105, 120, 68, 192, 243, 198, 83, 1,
       177, 96, 120, 172, 22, 236, 137, 183, 37, 12, 80, 168, 162, 128,
       109, 171, 112, 160, 78, 190, 225, 195, 254, 120, 251, 154, 43,
       111, 31, 235, 137, 47, 215, 246, 55, 215, 223, 157, 147, 24, 237,
       242, 94, 125, 171, 252, 167, 231, 71, 245, 3, 144, 127, 187, 23,
       255, 184, 2, 126, 65, 83, 82, 249, 24, 20, 232, 111, 183, 250,
       145, 183, 252, 85, 215, 141, 127, 26, 66, 205, 12, 25, 4, 44, 241,
       176, 251, 253, 125, 211, 204, 95, 189, 53, 26, 206, 221, 106, 172,
       217, 90, 243, 82, 18, 114, 251, 176, 255, 223, 23, 127, 210, 31,
       220, 226, 49, 237, 106, 75, 85, 219, 199, 237, 85, 69, 252, 136,
       35, 76, 190, 52, 88, 170, 130, 92, 238, 186, 124, 63, 38, 92, 132,
       81, 119, 158, 222, 220, 7, 183, 232, 193, 246, 61, 187, 91, 105,
       237, 29, 110, 61, 126, 222, 34, 191, 131, 87, 189, 151, 58, 188,
       207, 126, 13, 171, 236, 237, 198, 251, 213, 11, 159, 104, 155,
       246, 181, 187, 255, 142, 93, 93, 231, 188, 204, 254, 96, 223, 59,
       151, 157, 215, 24, 62, 247, 110, 93, 171, 230, 30, 142, 153, 253,
       195, 156, 237, 243, 168, 36, 77, 183, 54, 123, 54, 244, 177, 55,
       208, 123, 77, 151, 125, 156, 185, 92, 249, 114, 205, 171, 254,
       244, 152, 192, 131, 121, 2, 146, 222, 57, 114, 170, 57, 87, 63,
       29, 127, 181, 141, 167, 42, 80, 55, 27, 167, 132, 18, 152, 1, 87,
       198, 247, 50, 195, 226, 128, 173, 147, 59, 183, 97, 75, 215, 223,
       151, 253, 87, 109, 125, 111, 10, 220, 222, 164, 156, 26, 151, 85,
       223, 186, 124, 181, 47, 77, 5, 231, 243, 14, 214, 247, 248, 121,
       59, 96, 241, 205, 95, 85, 33, 200, 188, 12, 31, 159, 65, 48, 180,
       185, 213, 88, 137, 11, 240, 2, 251, 221, 36, 248, 234, 146, 230,
       123, 153, 205, 110, 181, 6, 2, 109, 237, 116, 146, 214, 3, 113,
       107, 50, 99, 113, 229, 61, 239, 108, 221, 13, 205, 248, 235, 239,
       5, 37, 176, 121, 10, 35, 156, 175, 225, 164, 47, 105, 151, 61,
       123, 26, 220, 145, 39, 208, 59, 141, 7, 127, 29, 187, 220, 113,
       128, 143, 218, 254, 196, 140, 204, 208, 121, 57, 86, 99, 77, 100,
       31, 238, 120, 117, 234, 254, 78, 83, 88, 149, 244, 126, 204, 86,
       238, 233, 182, 117, 14, 54, 174, 161, 148, 111, 186, 112, 181,
       229, 30, 109, 237, 60, 47, 73, 27, 86, 232, 182, 236, 211, 53,
       209, 121, 92, 164, 62, 60, 169, 54, 225, 30, 206, 171, 229, 180,
       188, 169, 80, 49, 219, 28, 191, 48, 231, 244, 121, 87, 249, 91,
       118, 87, 60, 190, 118, 123, 167, 35, 61, 29, 181, 237, 178, 224,
       91, 251, 118, 194, 138, 68, 225, 223, 21, 204, 146, 167, 52, 142,
       106, 248, 238, 225, 75, 69, 255, 242, 113, 96, 179, 109, 121, 127,
       129, 177, 155, 46, 141, 255, 15, 4, 136, 43, 1, 8, 178, 108, 107,
       78, 86, 195, 219, 248, 85, 68, 245, 139, 51, 204, 183, 49, 126,
       168, 23, 239, 237, 39, 108, 255, 115, 9, 129, 185, 117, 171, 118,
       254, 113, 109, 109, 101, 158, 11, 71, 255, 66, 226, 184, 238, 83,
       33, 209, 51, 89, 196, 124, 236, 233, 122, 245, 30, 250, 142, 229,
       52, 109, 248, 210, 120, 133, 66, 151, 91, 52, 158, 232, 16, 126,
       73, 115, 84, 223, 64, 189, 252, 183, 8, 38, 24, 163, 180, 45, 95,
       4, 190, 50, 64, 216, 129, 73, 37, 186, 69, 19, 172, 27, 83, 30,
       104, 49, 134, 249, 185, 14, 158, 33, 149, 218, 157, 133, 227, 108,
       131, 0, 206, 179, 244, 10, 31, 114, 119, 174, 22, 181, 42, 221,
       101, 36, 43, 67, 90, 112, 170, 246, 104, 19, 17, 145, 59, 90, 244,
       76, 106, 169, 254, 225, 8, 214, 138, 97, 148, 105, 241, 66, 33,
