%YAML:1.0
---
descriptors: !!opencv-matrix
   rows: 144
   cols: 32
   dt: u
   data: [ 10, 171, 162, 25, 117, 157, 240, 71, 255, 77, 84, 5, 174, 140,
       54, 132, 168, 43, 131, 21, 150, 184, 34, 247, 15, 93, 18, 67, 82,
       12, 223, 207, 137, 22, 255, 213, 52, 238, 105, 51, 125, 73, 118,
       112, 189, 55, 148, 116, 102, 63, 62, 8, 161, 188, 97, 206, 197,
       255, 50, 192, 198, 128, 65, 185, 90, 169, 187, 250, 139, 249, 17,
       207, 171, 21, 173, 41, 174, 223, 106, 26, 163, 155, 207, 16, 26,
       75, 170, 241, 219, 213, 30, 123, 146, 0, 167, 107, 209, 91, 31,
       249, 40, 140, 89, 22, 172, 89, 150, 116, 159, 23, 128, 123, 166,
       55, 125, 84, 155, 141, 163, 49, 192, 249, 58, 208, 8, 128, 161,
       57, 113, 69, 106, 12, 124, 19, 198, 105, 65, 72, 248, 207, 67,
       200, 182, 160, 120, 172, 22, 103, 205, 179, 68, 140, 50, 45, 162,
       153, 125, 46, 122, 149, 51, 133, 124, 221, 148, 23, 236, 119, 87,
       99, 254, 18, 49, 41, 180, 97, 73, 174, 55, 137, 252, 186, 101,
       159, 63, 111, 214, 208, 247, 200, 240, 142, 11, 205, 227, 221,
       116, 157, 236, 183, 223, 89, 94, 18, 168, 169, 182, 100, 195, 43,
       23, 13, 231, 184, 38, 247, 110, 127, 62, 192, 86, 156, 241, 237,
       11, 205, 238, 221, 148, 146, 236, 55, 22, 65, 94, 150, 185, 46,
       182, 101, 109, 174, 59, 141, 239, 216, 117, 255, 46, 47, 222, 128,
       55, 220, 176, 108, 33, 205, 83, 79, 212, 147, 166, 244, 76, 64,
       120, 66, 240, 104, 180, 228, 120, 106, 2, 235, 229, 184, 36, 255,
       36, 44, 134, 0, 95, 154, 241, 172, 124, 217, 25, 170, 30, 133, 94,
       248, 6, 0, 200, 10, 247, 223, 41, 192, 222, 249, 31, 227, 75, 3,
       88, 191, 241, 197, 175, 124, 60, 27, 48, 50, 74, 155, 50, 158,
       117, 140, 61, 119, 173, 13, 78, 69, 172, 175, 50, 198, 164, 35,
       251, 5, 194, 137, 146, 237, 181, 116, 26, 11, 2, 6, 165, 91, 71,
       19, 199, 133, 162, 98, 173, 81, 45, 235, 219, 231, 220, 110, 159,
       78, 183, 133, 127, 181, 149, 209, 133, 192, 148, 54, 219, 134,
       140, 103, 163, 213, 2, 140, 2, 159, 21, 166, 58, 103, 31, 3, 74,
       19, 236, 226, 36, 196, 217, 43, 179, 144, 54, 156, 24, 255, 45,
       54, 154, 195, 150, 14, 161, 142, 217, 30, 111, 101, 48, 62, 89,
       54, 113, 233, 246, 244, 27, 61, 148, 240, 54, 180, 253, 172, 185,
       156, 33, 143, 226, 239, 176, 192, 239, 164, 114, 123, 202, 120,
       102, 215, 111, 220, 254, 230, 169, 222, 84, 175, 44, 30, 23, 135,
       174, 243, 255, 195, 228, 111, 178, 237, 55, 123, 222, 139, 7, 21,
       63, 223, 145, 190, 235, 243, 116, 131, 235, 219, 119, 227, 223,
       246, 57, 203, 248, 96, 127, 203, 23, 156, 171, 191, 45, 255, 254,
       207, 191, 196, 189, 138, 113, 185, 223, 26, 246, 86, 35, 242, 18,
       80, 233, 206, 183, 173, 74, 254, 167, 255, 166, 245, 237, 102,
       172, 231, 172, 232, 82, 123, 65, 159, 207, 247, 108, 87, 155, 34,
       233, 253, 78, 145, 249, 88, 27, 75, 85, 255, 61, 206, 244, 41, 63,
       185, 55, 141, 163, 246, 174, 211, 86, 75, 251, 168, 63, 140, 19,
       229, 110, 58, 226, 116, 111, 254, 219, 144, 137, 238, 181, 173,
       14, 189, 215, 191, 142, 245, 213, 119, 172, 103, 248, 232, 19,
       123, 73, 187, 199, 253, 94, 87, 221, 58, 182, 102, 39, 250, 115,
       80, 225, 238, 247, 38, 79, 209, 163, 255, 178, 228, 236, 122, 141,
       245, 168, 168, 210, 233, 97, 131, 171, 247, 110, 87, 63, 48, 240,
       226, 239, 119, 218, 216, 11, 254, 181, 191, 78, 125, 223, 190,
       223, 209, 213, 243, 156, 103, 250, 192, 91, 93, 205, 255, 199,
       175, 94, 87, 155, 74, 251, 255, 86, 137, 233, 90, 63, 66, 87, 246,
       61, 203, 181, 104, 127, 171, 55, 157, 163, 220, 47, 251, 214, 207,
       187, 192, 189, 136, 33, 185, 250, 249, 41, 178, 27, 209, 83, 204,
       139, 117, 132, 169, 47, 159, 98, 18, 174, 211, 221, 209, 78, 15,
       186, 183, 251, 209, 140, 251, 115, 22, 6, 122, 10, 159, 178, 255,
       180, 147, 191, 242, 28, 142, 92, 38, 188, 254, 162, 96, 254, 123,
       23, 195, 242, 184, 106, 239, 231, 255, 190, 130, 22, 253, 53, 251,
       238, 114, 111, 144, 108, 112, 185, 86, 233, 126, 149, 255, 8, 156,
       254, 63, 239, 149, 247, 167, 229, 103, 166, 192, 86, 89, 250, 239,
       207, 84, 126, 215, 135, 92, 107, 190, 245, 230, 191, 242, 188,
       202, 89, 183, 188, 254, 55, 64, 255, 123, 183, 199, 161, 190, 174,
       239, 125, 127, 238, 202, 133, 109, 177, 243, 60, 125, 122, 100,
       116, 207, 127, 112, 97, 140, 254, 36, 115, 85, 163, 48, 62, 252,
       4, 234, 201, 179, 56, 46, 243, 205, 37, 0, 105, 179, 102, 187, 32,
       93, 123, 204, 118, 198, 239, 117, 52, 12, 126, 162, 49, 215, 181,
       112, 126, 184, 23, 234, 193, 154, 52, 95, 119, 172, 162, 128, 53,
       130, 102, 249, 42, 219, 122, 251, 253, 213, 190, 207, 159, 95,
       252, 167, 44, 254, 126, 224, 255, 59, 151, 195, 198, 35, 58, 241,
       119, 93, 159, 175, 87, 95, 253, 223, 139, 191, 51, 204, 125, 149,
       184, 119, 141, 72, 88, 70, 172, 138, 180, 228, 206, 57, 151, 13,
       199, 11, 48, 223, 38, 124, 170, 170, 30, 140, 41, 221, 199, 90,
       245, 145, 98, 29, 188, 18, 61, 254, 86, 245, 157, 14, 215, 189, 7,
       29, 183, 14, 229, 84, 103, 192, 6, 122, 107, 194, 14, 181, 9, 245,
       62, 84, 114, 172, 117, 95, 94, 105, 29, 236, 253, 11, 78, 158, 39,
       212, 250, 221, 151, 227, 76, 179, 81, 202, 179, 252, 131, 159,
       119, 46, 126, 215, 139, 28, 55, 241, 176, 254, 185, 23, 125, 91,
       83, 116, 188, 30, 144, 233, 135, 63, 63, 25, 179, 220, 49, 199,
       135, 255, 122, 194, 138, 192, 129, 121, 17, 34, 111, 225, 78, 137,
       233, 82, 239, 49, 242, 238, 159, 11, 192, 106, 110, 169, 110, 140,
       131, 251, 103, 209, 212, 201, 186, 32, 101, 136, 97, 169, 94, 20,
       238, 54, 11, 116, 145, 154, 143, 95, 150, 183, 74, 252, 127, 43,
       173, 211, 253, 129, 140, 101, 191, 161, 211, 123, 217, 159, 247,
       125, 116, 87, 58, 255, 100, 88, 189, 209, 89, 15, 67, 85, 180,
       175, 43, 12, 214, 189, 74, 138, 213, 84, 222, 42, 247, 181, 122,
       89, 148, 251, 119, 157, 222, 94, 218, 141, 254, 254, 147, 240, 55,
       231, 190, 23, 206, 179, 45, 247, 32, 96, 99, 251, 187, 128, 50,
       217, 14, 255, 251, 231, 222, 139, 183, 80, 165, 42, 10, 144, 50,
       155, 237, 253, 185, 69, 175, 93, 61, 19, 140, 222, 110, 204, 239,
       59, 223, 129, 22, 1, 186, 209, 135, 80, 154, 235, 22, 14, 237,
       215, 92, 179, 248, 97, 242, 88, 57, 29, 107, 173, 63, 184, 223,
       31, 202, 48, 55, 159, 205, 48, 146, 24, 168, 64, 254, 197, 37,
       231, 166, 130, 143, 99, 168, 123, 104, 237, 124, 219, 95, 252, 67,
       236, 252, 168, 51, 157, 147, 176, 94, 252, 214, 104, 203, 186,
       228, 63, 119, 205, 165, 185, 119, 186, 94, 249, 189, 121, 107, 73,
       124, 199, 239, 248, 86, 236, 244, 166, 83, 221, 183, 32, 120, 232,
       86, 238, 235, 183, 125, 127, 119, 9, 165, 184, 119, 187, 118, 249,
       0, 223, 50, 216, 245, 133, 190, 247, 223, 9, 124, 80, 172, 187,
       36, 0, 175, 43, 6, 9, 242, 168, 2, 255, 43, 158, 54, 74, 82, 16,
       225, 139, 51, 7, 106, 172, 84, 147, 202, 120, 213, 68, 248, 239,
       99, 200, 183, 0, 88, 168, 7, 109, 220, 179, 12, 159, 114, 44, 169,
       136, 125, 174, 122, 196, 139, 32, 194, 249, 76, 169, 168, 83, 236,
       17, 242, 82, 157, 138, 240, 107, 106, 139, 78, 153, 18, 62, 199,
       192, 148, 145, 186, 224, 253, 136, 33, 136, 3, 91, 87, 157, 114,
       144, 57, 38, 172, 68, 82, 231, 173, 134, 163, 64, 102, 123, 187,
       196, 199, 152, 166, 253, 164, 48, 186, 138, 28, 148, 41, 221, 2,
       140, 2, 155, 85, 247, 170, 79, 31, 3, 88, 18, 236, 218, 52, 68,
       249, 43, 19, 145, 54, 156, 24, 255, 45, 54, 154, 195, 149, 76,
       177, 142, 245, 69, 67, 161, 77, 15, 234, 72, 109, 160, 251, 74,
       91, 10, 29, 82, 122, 133, 78, 239, 73, 183, 93, 200, 181, 152,
       131, 20, 101, 43, 114, 128, 34, 164, 162, 201, 213, 227, 162, 79,
       94, 7, 120, 2, 160, 200, 52, 0, 217, 42, 3, 17, 178, 190, 8, 223,
