%YAML:1.0
---
descriptors: !!opencv-matrix
   rows: 247
   cols: 32
   dt: u
   data: [ 72, 17, 248, 225, 180, 252, 121, 23, 63, 109, 94, 48, 159, 55,
       194, 116, 134, 159, 253, 28, 147, 152, 177, 194, 207, 253, 178,
       192, 134, 192, 133, 121, 202, 157, 113, 239, 254, 64, 191, 253,
       136, 64, 92, 230, 189, 63, 144, 226, 110, 83, 159, 239, 209, 10,
       228, 207, 244, 233, 174, 172, 63, 186, 161, 185, 171, 245, 109,
       69, 124, 95, 239, 63, 75, 232, 52, 90, 187, 29, 212, 55, 142, 204,
       87, 109, 233, 110, 245, 223, 111, 89, 37, 188, 71, 172, 210, 253,
       173, 241, 249, 225, 236, 77, 237, 253, 75, 252, 180, 74, 155, 29,
       213, 51, 63, 216, 86, 121, 251, 122, 253, 208, 127, 217, 165, 180,
       103, 184, 214, 233, 154, 248, 126, 218, 106, 208, 183, 198, 175,
       84, 198, 163, 108, 222, 231, 113, 102, 123, 251, 195, 70, 207,
       166, 245, 114, 97, 30, 139, 53, 20, 45, 223, 41, 247, 249, 103,
       118, 75, 107, 117, 96, 237, 127, 174, 83, 37, 154, 48, 62, 156, 6,
       44, 153, 186, 229, 14, 127, 141, 32, 228, 101, 138, 198, 241, 54,
       173, 66, 146, 215, 199, 178, 229, 133, 5, 249, 3, 104, 200, 62,
       132, 248, 171, 131, 243, 86, 187, 24, 236, 57, 4, 142, 67, 69, 15,
       254, 134, 2, 180, 154, 152, 211, 229, 176, 71, 190, 23, 104, 19,
       172, 190, 110, 8, 233, 27, 147, 145, 54, 26, 18, 215, 13, 22, 26,
       107, 208, 64, 175, 146, 81, 120, 155, 254, 9, 236, 21, 147, 171,
       91, 174, 12, 190, 247, 97, 122, 165, 247, 253, 2, 11, 79, 186,
       225, 211, 245, 90, 58, 136, 82, 35, 59, 17, 207, 30, 237, 38, 135,
       207, 127, 20, 8, 216, 70, 181, 73, 176, 97, 126, 42, 23, 239, 201,
       168, 1, 157, 224, 139, 234, 128, 61, 152, 177, 137, 26, 244, 226,
       230, 117, 215, 254, 208, 87, 75, 223, 35, 121, 255, 63, 160, 255,
       249, 151, 163, 206, 179, 60, 223, 115, 95, 175, 142, 39, 254, 118,
       223, 27, 204, 106, 242, 116, 179, 239, 246, 247, 69, 222, 130,
       121, 239, 183, 96, 127, 235, 23, 152, 170, 155, 44, 255, 122, 239,
       175, 128, 183, 218, 244, 232, 49, 173, 115, 72, 244, 143, 207,
       115, 77, 108, 252, 74, 18, 33, 180, 52, 88, 172, 6, 44, 217, 186,
       117, 223, 61, 28, 1, 116, 111, 138, 210, 172, 38, 137, 132, 147,
       205, 103, 180, 175, 143, 183, 26, 3, 204, 120, 125, 142, 201, 71,
       179, 81, 18, 120, 91, 240, 45, 22, 223, 119, 149, 127, 157, 142,
       145, 193, 127, 231, 38, 14, 109, 53, 100, 67, 115, 82, 243, 1,
       184, 97, 122, 132, 62, 174, 201, 180, 37, 205, 228, 169, 242, 0,
       109, 138, 241, 40, 14, 156, 2, 158, 245, 246, 186, 224, 158, 7,
       89, 51, 108, 254, 63, 197, 255, 127, 179, 161, 36, 246, 154, 255,
       53, 54, 203, 235, 149, 47, 61, 223, 14, 84, 102, 218, 127, 246,
       184, 72, 155, 93, 83, 147, 108, 222, 62, 192, 255, 189, 179, 181,
       180, 243, 154, 223, 63, 62, 218, 203, 151, 95, 127, 215, 177, 64,
       127, 109, 36, 14, 109, 53, 100, 34, 247, 64, 243, 3, 152, 113,
       122, 132, 46, 172, 201, 180, 101, 12, 228, 233, 98, 0, 109, 154,
       224, 40, 62, 69, 98, 224, 77, 85, 254, 64, 69, 100, 237, 11, 9,
       29, 55, 165, 232, 149, 219, 227, 76, 179, 113, 136, 119, 221, 138,
       19, 119, 31, 126, 214, 6, 201, 132, 191, 153, 192, 174, 172, 30,
       145, 72, 3, 237, 242, 108, 206, 217, 95, 179, 211, 82, 90, 91,
       241, 173, 246, 223, 207, 144, 83, 173, 142, 103, 80, 230, 152,
       255, 119, 250, 77, 255, 204, 215, 163, 72, 220, 191, 232, 254,
       145, 183, 181, 166, 147, 61, 222, 31, 30, 159, 199, 151, 229, 125,
       215, 230, 84, 230, 200, 125, 247, 250, 73, 223, 207, 251, 191, 72,
       222, 63, 196, 255, 189, 179, 177, 182, 183, 28, 223, 55, 62, 139,
       143, 215, 126, 124, 215, 9, 135, 99, 71, 180, 251, 235, 53, 69,
       109, 127, 226, 249, 37, 156, 228, 94, 62, 150, 172, 145, 184, 101,
       207, 102, 60, 160, 192, 103, 142, 212, 253, 147, 112, 226, 197,
       247, 87, 250, 90, 127, 111, 247, 151, 8, 190, 254, 236, 126, 205,
       159, 141, 164, 183, 53, 194, 23, 92, 151, 135, 167, 255, 252, 215,
       255, 107, 228, 16, 205, 25, 252, 205, 195, 246, 180, 143, 10, 136,
       215, 159, 106, 196, 198, 255, 204, 103, 230, 192, 54, 88, 197, 63,
       231, 253, 122, 204, 103, 233, 96, 222, 127, 152, 250, 32, 235, 64,
       241, 143, 172, 204, 55, 244, 238, 241, 255, 199, 198, 42, 238,
       253, 23, 60, 138, 139, 87, 135, 123, 79, 42, 57, 48, 110, 105,
       221, 155, 120, 139, 204, 189, 45, 252, 221, 110, 52, 140, 57, 223,
       65, 198, 35, 250, 157, 67, 221, 9, 187, 90, 39, 7, 243, 35, 49,
       106, 168, 92, 159, 234, 88, 94, 104, 244, 79, 49, 216, 182, 160,
       126, 169, 23, 221, 143, 178, 212, 221, 22, 93, 163, 232, 93, 138,
       122, 213, 203, 95, 117, 213, 235, 223, 189, 54, 173, 254, 86, 237,
       252, 158, 215, 239, 134, 119, 247, 78, 197, 88, 246, 224, 102, 91,
       125, 162, 14, 180, 13, 125, 94, 58, 186, 180, 130, 32, 187, 66,
       186, 134, 26, 183, 13, 174, 67, 10, 167, 245, 237, 211, 20, 213,
       130, 226, 216, 199, 127, 139, 165, 117, 39, 83, 242, 151, 121,
       239, 182, 226, 159, 55, 57, 66, 251, 247, 117, 63, 156, 113, 215,
       183, 21, 161, 185, 152, 101, 207, 106, 63, 186, 192, 61, 194, 180,
       121, 97, 11, 192, 200, 221, 4, 200, 95, 66, 161, 200, 78, 0, 170,
       117, 68, 216, 142, 2, 156, 154, 26, 211, 144, 61, 172, 143, 124,
       153, 232, 248, 140, 153, 243, 107, 179, 164, 135, 237, 253, 118,
       236, 215, 231, 87, 137, 250, 65, 126, 138, 63, 223, 219, 248, 45,
       148, 252, 201, 191, 196, 45, 154, 241, 249, 33, 97, 21, 67, 4,
       207, 97, 16, 100, 89, 99, 64, 147, 17, 25, 248, 72, 136, 114, 88,
       139, 176, 119, 1, 5, 184, 16, 64, 73, 137, 82, 160, 16, 203, 107,
       239, 54, 195, 171, 248, 22, 76, 217, 226, 113, 199, 184, 96, 126,
       184, 7, 234, 203, 154, 46, 63, 240, 164, 171, 136, 53, 138, 36,
       249, 3, 183, 108, 193, 254, 59, 251, 123, 105, 105, 61, 238, 89,
       56, 158, 32, 46, 131, 87, 189, 151, 59, 45, 221, 126, 77, 175,
       228, 237, 194, 251, 213, 144, 85, 95, 237, 50, 66, 43, 120, 164,
       200, 211, 226, 245, 119, 161, 97, 118, 181, 62, 234, 105, 129, 37,
       76, 240, 171, 235, 128, 37, 162, 37, 113, 160, 221, 29, 94, 77,
       205, 215, 190, 207, 25, 44, 8, 178, 209, 36, 52, 201, 122, 66, 72,
       99, 44, 122, 63, 101, 152, 16, 58, 90, 24, 70, 186, 57, 69, 42,
       76, 93, 95, 87, 104, 85, 196, 236, 10, 83, 29, 63, 180, 216, 156,
       146, 106, 72, 163, 112, 142, 243, 253, 128, 27, 115, 62, 126, 230,
       18, 65, 22, 172, 13, 135, 208, 72, 143, 144, 225, 3, 78, 218, 36,
       66, 248, 177, 235, 225, 14, 167, 19, 221, 145, 240, 139, 31, 17,
       14, 125, 6, 217, 85, 31, 165, 54, 70, 107, 48, 36, 224, 211, 102,
       223, 87, 161, 97, 118, 181, 60, 238, 233, 149, 17, 76, 240, 227,
       106, 128, 44, 162, 33, 49, 41, 142, 126, 101, 116, 175, 123, 51,
       117, 238, 127, 84, 251, 61, 146, 48, 30, 166, 86, 44, 241, 184,
       113, 14, 110, 255, 32, 128, 106, 232, 66, 241, 67, 21, 47, 71,
       180, 222, 237, 55, 104, 105, 95, 68, 252, 54, 150, 117, 132, 38,
       124, 13, 241, 152, 113, 111, 101, 63, 122, 128, 72, 134, 211, 125,
       192, 124, 183, 176, 199, 233, 181, 198, 251, 179, 58, 58, 62, 188,
       101, 42, 163, 127, 251, 17, 2, 233, 178, 224, 221, 16, 85, 123,
       192, 88, 7, 235, 63, 5, 115, 64, 119, 127, 218, 80, 121, 96, 253,
       139, 15, 28, 183, 180, 62, 153, 151, 111, 140, 179, 52, 206, 243,
       92, 0, 183, 103, 223, 91, 215, 46, 141, 18, 232, 213, 247, 250,
       99, 149, 4, 94, 3, 41, 127, 50, 192, 216, 179, 147, 177, 62, 186,
       16, 159, 171, 255, 130, 67, 150, 140, 124, 70, 153, 145, 22, 191,
       51, 156, 52, 37, 173, 28, 207, 32, 190, 211, 160, 213, 162, 51,
       236, 0, 83, 201, 3, 93, 160, 241, 106, 3, 10, 0, 169, 11, 188,
       240, 112, 235, 253, 95, 83, 252, 87, 61, 244, 26, 75, 125, 218,
       236, 89, 218, 134, 120, 186, 118, 125, 183, 255, 207, 53, 117,
