%YAML:1.0
---
descriptors: !!opencv-matrix
   rows: 186
   cols: 32
   dt: u
   data: [ 23, 215, 67, 133, 54, 22, 238, 117, 37, 200, 91, 231, 89, 6,
       182, 228, 126, 173, 23, 239, 205, 145, 53, 204, 50, 44, 170, 196,
       47, 182, 185, 213, 1, 205, 11, 222, 212, 131, 167, 230, 222, 0,
       88, 66, 240, 224, 180, 96, 88, 106, 2, 75, 115, 186, 14, 255, 36,
       38, 175, 8, 21, 123, 177, 172, 61, 92, 98, 228, 86, 219, 127, 114,
       125, 236, 126, 174, 59, 239, 183, 116, 126, 237, 23, 206, 205,
       186, 36, 236, 246, 237, 167, 224, 111, 175, 112, 241, 70, 249,
       190, 158, 27, 192, 186, 200, 175, 148, 132, 163, 236, 222, 107,
       66, 230, 113, 251, 211, 70, 67, 138, 241, 219, 113, 15, 235, 16,
       39, 45, 91, 2, 136, 150, 159, 77, 229, 184, 75, 158, 23, 65, 19,
       172, 250, 32, 201, 233, 59, 179, 1, 34, 124, 90, 243, 13, 22, 90,
       107, 144, 8, 45, 138, 221, 70, 222, 164, 44, 42, 74, 152, 248,
       130, 182, 208, 255, 99, 25, 91, 114, 229, 125, 238, 44, 69, 135,
       10, 210, 235, 227, 136, 172, 241, 33, 8, 94, 220, 118, 226, 39,
       219, 254, 241, 77, 110, 183, 175, 207, 92, 190, 0, 183, 149, 255,
       39, 196, 53, 41, 215, 179, 223, 111, 247, 71, 190, 133, 87, 70,
       234, 158, 146, 203, 233, 190, 204, 158, 183, 5, 155, 204, 234,
       111, 10, 235, 91, 235, 211, 22, 71, 138, 241, 29, 18, 95, 111,
       144, 127, 141, 198, 130, 176, 190, 211, 101, 188, 184, 2, 255, 29,
       83, 48, 172, 154, 76, 107, 198, 57, 179, 17, 146, 220, 210, 193,
       7, 24, 90, 195, 132, 0, 37, 135, 1, 95, 67, 7, 116, 14, 238, 180,
       124, 200, 122, 68, 243, 40, 149, 228, 126, 108, 22, 111, 229, 176,
       93, 110, 36, 60, 38, 128, 77, 186, 80, 157, 103, 83, 62, 128, 238,
       100, 191, 192, 137, 95, 152, 175, 140, 62, 127, 43, 206, 81, 215,
       231, 133, 35, 34, 224, 55, 24, 206, 175, 205, 127, 183, 215, 175,
       239, 96, 155, 213, 181, 206, 222, 87, 11, 88, 223, 41, 72, 255,
       164, 93, 202, 146, 223, 254, 62, 92, 183, 46, 92, 143, 236, 223,
       223, 248, 148, 18, 207, 107, 222, 118, 144, 175, 119, 148, 12,
       222, 227, 33, 143, 182, 64, 110, 187, 151, 204, 248, 139, 38, 255,
       115, 229, 186, 137, 53, 136, 180, 249, 17, 159, 99, 207, 54, 147,
       175, 247, 68, 72, 90, 230, 241, 108, 180, 224, 126, 42, 30, 237,
       195, 184, 101, 191, 172, 44, 174, 192, 61, 10, 177, 253, 254, 127,
       224, 102, 253, 91, 214, 248, 203, 238, 189, 171, 74, 252, 223,
       182, 223, 196, 221, 103, 236, 103, 236, 234, 251, 95, 69, 191,
       231, 255, 94, 199, 160, 217, 122, 72, 86, 199, 251, 216, 84, 12,
       116, 34, 16, 151, 163, 32, 122, 184, 19, 234, 66, 178, 56, 127,
       119, 141, 162, 133, 115, 187, 100, 235, 82, 179, 18, 136, 59, 144,
       26, 224, 15, 44, 153, 231, 140, 142, 46, 196, 254, 185, 143, 241,
       14, 3, 136, 221, 184, 52, 139, 255, 18, 6, 45, 23, 2, 148, 62,
       187, 131, 228, 188, 103, 188, 95, 74, 19, 172, 254, 38, 73, 229,
       51, 187, 129, 54, 221, 50, 245, 37, 50, 218, 67, 152, 84, 165,
       222, 213, 170, 156, 184, 168, 60, 72, 154, 234, 51, 160, 93, 151,
       98, 90, 155, 133, 197, 108, 60, 190, 71, 219, 17, 154, 251, 103,
       124, 136, 97, 139, 0, 236, 110, 156, 55, 168, 47, 87, 188, 50,
       190, 174, 205, 199, 97, 75, 91, 149, 198, 108, 110, 108, 244, 201,
       42, 238, 227, 101, 53, 224, 251, 10, 3, 247, 117, 102, 202, 239,
       85, 158, 232, 203, 212, 189, 43, 74, 220, 127, 39, 254, 209, 215,
       227, 206, 99, 190, 240, 51, 88, 205, 191, 119, 127, 246, 215, 10,
       178, 240, 145, 243, 185, 176, 159, 31, 63, 80, 253, 140, 138, 206,
       141, 135, 27, 167, 17, 150, 124, 67, 211, 14, 22, 58, 239, 150,
       76, 141, 143, 169, 106, 92, 101, 100, 11, 105, 56, 117, 160, 118,
       216, 83, 1, 145, 49, 26, 172, 70, 110, 233, 244, 69, 14, 70, 139,
       97, 4, 109, 184, 90, 137, 212, 167, 172, 183, 172, 42, 94, 184,
       50, 254, 155, 245, 231, 104, 219, 67, 213, 199, 109, 247, 236, 81,
       205, 42, 232, 231, 239, 149, 172, 247, 28, 83, 197, 166, 140, 53,
       140, 60, 104, 154, 238, 243, 131, 93, 195, 104, 90, 219, 133, 198,
       104, 63, 191, 101, 223, 1, 140, 227, 85, 84, 200, 101, 218, 20,
       151, 159, 236, 183, 138, 39, 158, 188, 22, 246, 146, 247, 241,
       108, 30, 3, 31, 199, 121, 231, 188, 197, 127, 58, 236, 7, 239,
       149, 189, 125, 153, 82, 2, 149, 18, 139, 151, 226, 186, 105, 28,
       5, 91, 179, 236, 126, 40, 64, 254, 27, 147, 161, 18, 144, 9, 223,
       45, 54, 138, 195, 21, 14, 165, 151, 231, 236, 172, 23, 205, 54,
       205, 174, 219, 255, 134, 29, 192, 236, 94, 111, 205, 198, 121,
       159, 173, 79, 255, 242, 31, 58, 221, 60, 159, 124, 216, 92, 215,
       246, 172, 183, 168, 52, 31, 152, 50, 247, 137, 157, 193, 238, 91,
       74, 149, 199, 125, 247, 190, 69, 255, 50, 234, 71, 239, 189, 156,
       243, 158, 82, 244, 111, 140, 166, 168, 47, 94, 152, 18, 190, 173,
       157, 199, 99, 75, 27, 149, 197, 109, 119, 108, 71, 201, 42, 250,
       199, 109, 189, 160, 251, 138, 65, 6, 148, 26, 155, 211, 230, 186,
       73, 60, 13, 91, 19, 236, 254, 40, 64, 247, 27, 147, 145, 50, 152,
       25, 247, 13, 55, 154, 195, 144, 71, 165, 211, 100, 55, 140, 103,
       236, 47, 86, 184, 51, 174, 175, 77, 195, 97, 75, 17, 153, 204,
       109, 98, 120, 114, 217, 42, 238, 247, 101, 53, 232, 251, 218, 2,
       9, 205, 3, 191, 208, 130, 174, 230, 60, 66, 74, 66, 245, 226, 32,
       224, 112, 107, 2, 207, 97, 152, 14, 63, 36, 38, 174, 0, 24, 114,
       177, 136, 243, 250, 132, 23, 137, 189, 76, 159, 251, 255, 134, 93,
       227, 224, 87, 223, 205, 198, 232, 13, 175, 77, 223, 161, 158, 122,
       213, 62, 138, 253, 154, 92, 217, 188, 151, 59, 169, 188, 64, 151,
       254, 243, 162, 92, 190, 242, 64, 251, 129, 111, 104, 29, 63, 109,
       211, 115, 152, 250, 87, 90, 200, 68, 139, 28, 2, 224, 148, 154,
       77, 197, 176, 204, 142, 21, 193, 27, 172, 218, 104, 74, 200, 27,
       251, 81, 6, 103, 218, 241, 13, 16, 218, 107, 16, 11, 173, 142,
       154, 223, 110, 190, 20, 148, 255, 119, 132, 68, 214, 135, 105,
       207, 182, 193, 108, 162, 159, 205, 232, 139, 54, 253, 242, 105,
       238, 136, 61, 156, 240, 217, 241, 106, 140, 161, 172, 31, 76, 151,
       230, 182, 162, 77, 135, 32, 83, 91, 193, 228, 108, 29, 236, 110,
       209, 16, 232, 243, 117, 21, 200, 248, 90, 8, 8, 221, 26, 120, 121,
       212, 125, 246, 191, 25, 108, 16, 190, 183, 32, 244, 161, 123, 215,
       72, 98, 9, 50, 247, 227, 255, 18, 75, 82, 144, 239, 171, 90, 200,
       158, 186, 139, 208, 28, 231, 171, 23, 133, 177, 172, 191, 98, 91,
       231, 51, 233, 129, 30, 79, 138, 241, 219, 243, 222, 123, 146, 84,
       175, 74, 85, 35, 140, 39, 172, 57, 148, 9, 238, 245, 139, 237,
       199, 104, 222, 202, 129, 199, 236, 55, 157, 227, 207, 0, 152, 39,
       239, 85, 204, 239, 153, 84, 154, 208, 187, 144, 83, 245, 184, 215,
       191, 95, 214, 215, 28, 158, 38, 200, 167, 155, 147, 129, 183, 157,
       48, 211, 83, 71, 154, 199, 187, 4, 173, 215, 113, 34, 140, 37, 56,
       31, 88, 58, 50, 172, 162, 205, 199, 34, 66, 19, 148, 132, 236, 37,
       156, 218, 197, 12, 222, 231, 117, 181, 72, 168, 26, 89, 86, 254,
       172, 182, 168, 16, 30, 188, 178, 254, 146, 237, 193, 110, 219, 75,
       151, 199, 253, 247, 252, 67, 239, 48, 250, 103, 255, 189, 132,
       119, 150, 93, 57, 125, 234, 231, 116, 48, 255, 88, 97, 200, 254,
       230, 123, 109, 191, 112, 126, 235, 23, 236, 205, 178, 117, 236,
       246, 237, 162, 136, 239, 159, 114, 217, 87, 180, 172, 54, 138, 55,
       156, 168, 134, 246, 131, 135, 241, 108, 91, 11, 173, 197, 249,
       247, 141, 69, 255, 0, 216, 3, 223, 29, 205, 119, 25, 86, 87, 171,
       172, 183, 184, 90, 28, 175, 2, 247, 142, 231, 199, 44, 218, 75,
       199, 199, 253, 181, 157, 72, 239, 44, 170, 103, 223, 213, 172,
       254, 157, 92, 181, 27, 111, 225, 54, 139, 251, 240, 69, 232, 255,
       226, 91, 205, 181, 32, 126, 252, 23, 235, 201, 179, 45, 140, 250,
