%YAML:1.0
---
descriptors: !!opencv-matrix
   rows: 184
   cols: 32
   dt: u
   data: [ 67, 162, 140, 21, 172, 56, 160, 11, 238, 255, 155, 205, 194,
       168, 222, 203, 133, 198, 236, 29, 159, 232, 199, 0, 140, 59, 255,
       83, 136, 204, 89, 21, 83, 163, 152, 168, 172, 141, 72, 199, 171,
       25, 184, 76, 143, 162, 88, 146, 130, 131, 108, 29, 22, 11, 194,
       81, 152, 213, 62, 250, 136, 2, 139, 13, 108, 105, 89, 101, 52, 15,
       111, 60, 96, 232, 126, 72, 215, 17, 145, 48, 18, 204, 69, 110,
       201, 176, 209, 12, 231, 233, 37, 4, 106, 178, 66, 41, 215, 239,
       172, 158, 172, 48, 158, 140, 159, 246, 157, 247, 192, 236, 223,
       15, 253, 199, 233, 247, 188, 69, 239, 242, 170, 18, 207, 255, 157,
       247, 184, 92, 177, 103, 79, 231, 246, 35, 233, 220, 53, 193, 249,
       230, 123, 107, 189, 1, 126, 203, 23, 253, 171, 243, 13, 204, 254,
       201, 166, 132, 237, 218, 114, 153, 117, 74, 107, 240, 230, 139,
       239, 113, 121, 226, 251, 238, 91, 233, 244, 120, 127, 236, 54,
       206, 217, 179, 172, 232, 150, 239, 167, 196, 109, 171, 242, 161,
       177, 71, 205, 239, 94, 10, 201, 220, 93, 65, 252, 230, 127, 107,
       189, 115, 126, 207, 31, 237, 235, 51, 109, 201, 244, 169, 174,
       148, 61, 218, 112, 185, 109, 92, 109, 105, 252, 47, 79, 156, 66,
       248, 188, 76, 211, 37, 209, 123, 93, 196, 124, 126, 169, 54, 125,
       60, 126, 171, 229, 244, 253, 251, 82, 113, 18, 207, 123, 252, 22,
       192, 62, 103, 132, 4, 218, 163, 33, 143, 32, 64, 110, 187, 143,
       193, 88, 139, 4, 253, 243, 229, 186, 129, 53, 136, 180, 57, 212,
       166, 158, 186, 172, 173, 72, 153, 190, 27, 147, 253, 199, 195,
       202, 91, 151, 6, 108, 30, 62, 69, 206, 51, 152, 243, 127, 253,
       136, 193, 155, 1, 41, 191, 131, 229, 36, 30, 110, 55, 56, 234, 94,
       236, 243, 37, 144, 167, 30, 110, 117, 109, 217, 216, 229, 173,
       230, 255, 236, 128, 14, 232, 210, 249, 46, 245, 48, 250, 221, 221,
       214, 236, 143, 117, 172, 25, 202, 221, 126, 164, 217, 219, 211,
       83, 94, 99, 122, 247, 127, 95, 13, 127, 211, 95, 222, 246, 60,
       231, 16, 46, 123, 75, 79, 248, 6, 228, 141, 141, 111, 195, 75,
       148, 22, 72, 196, 110, 67, 3, 74, 29, 248, 197, 37, 61, 50, 183,
       14, 224, 185, 221, 198, 214, 197, 95, 68, 247, 81, 202, 124, 222,
       123, 117, 163, 167, 25, 230, 150, 46, 253, 254, 116, 174, 106,
       203, 117, 0, 107, 252, 216, 220, 23, 39, 238, 223, 204, 55, 175,
       107, 255, 167, 223, 22, 208, 234, 158, 110, 121, 238, 126, 175,
       180, 251, 127, 222, 60, 62, 223, 132, 141, 234, 241, 228, 60, 99,
       81, 44, 122, 11, 71, 104, 7, 164, 249, 201, 70, 193, 9, 148, 30,
       232, 71, 110, 72, 162, 72, 29, 184, 132, 37, 60, 113, 187, 2, 161,
       70, 205, 150, 158, 155, 196, 62, 167, 190, 23, 66, 147, 236, 246,
       96, 75, 231, 123, 187, 211, 114, 201, 154, 225, 173, 54, 222, 203,
       144, 84, 165, 91, 56, 205, 58, 238, 244, 195, 119, 236, 150, 8,
       254, 34, 243, 249, 168, 96, 217, 250, 31, 98, 106, 187, 104, 63,
       251, 231, 167, 201, 80, 26, 244, 171, 37, 36, 206, 95, 220, 55,
       230, 250, 246, 178, 255, 22, 112, 249, 191, 107, 121, 238, 122,
       46, 181, 243, 255, 255, 126, 47, 231, 13, 221, 235, 120, 132, 210,
       78, 78, 188, 14, 134, 190, 230, 132, 6, 210, 135, 37, 203, 51, 67,
       110, 225, 63, 231, 104, 143, 18, 239, 176, 163, 202, 128, 61, 57,
       49, 88, 66, 176, 150, 156, 75, 192, 184, 200, 142, 148, 192, 163,
       236, 206, 99, 66, 246, 121, 251, 209, 2, 67, 138, 221, 157, 34,
       203, 203, 20, 38, 37, 219, 155, 88, 71, 181, 38, 158, 104, 116,
       181, 194, 210, 247, 249, 210, 179, 227, 110, 228, 63, 207, 237,
       221, 5, 236, 150, 107, 234, 128, 47, 180, 57, 93, 194, 150, 188,
       29, 168, 106, 181, 159, 190, 95, 162, 117, 236, 127, 142, 75, 135,
       87, 235, 17, 176, 77, 75, 83, 140, 114, 95, 211, 200, 64, 133, 59,
       57, 85, 113, 69, 116, 79, 231, 52, 101, 44, 126, 66, 211, 21, 149,
       52, 120, 156, 22, 106, 201, 176, 113, 14, 101, 172, 32, 0, 99,
       186, 86, 249, 35, 227, 228, 154, 109, 145, 152, 72, 206, 244, 145,
       175, 224, 204, 254, 2, 204, 233, 251, 213, 198, 107, 207, 209, 12,
       16, 203, 255, 85, 46, 92, 222, 134, 148, 16, 155, 23, 227, 178,
       200, 30, 5, 89, 51, 204, 222, 46, 196, 223, 27, 147, 145, 22, 180,
       90, 247, 13, 20, 154, 67, 148, 15, 45, 151, 89, 188, 158, 55, 169,
       188, 68, 150, 191, 251, 170, 93, 238, 242, 67, 219, 129, 231, 236,
       12, 191, 109, 219, 35, 155, 251, 85, 18, 200, 84, 202, 14, 245,
       174, 140, 55, 136, 61, 76, 159, 178, 255, 135, 93, 199, 232, 91,
       155, 141, 198, 236, 15, 189, 79, 219, 50, 186, 243, 93, 61, 200,
       125, 154, 84, 116, 103, 72, 167, 176, 11, 119, 184, 48, 172, 235,
       173, 199, 99, 11, 16, 50, 204, 77, 102, 108, 208, 205, 14, 254,
       231, 37, 149, 32, 243, 30, 67, 47, 253, 184, 210, 221, 221, 223,
       217, 219, 253, 188, 12, 250, 253, 95, 60, 157, 219, 215, 91, 254,
       99, 250, 243, 251, 223, 5, 127, 211, 95, 222, 254, 85, 247, 172,
       39, 152, 11, 95, 184, 50, 228, 139, 141, 215, 108, 91, 66, 84,
       199, 109, 231, 236, 194, 221, 46, 248, 39, 239, 181, 44, 251, 27,
       82, 231, 190, 172, 55, 172, 61, 220, 143, 154, 247, 133, 157, 211,
       236, 95, 11, 141, 199, 249, 23, 189, 71, 255, 50, 171, 91, 221,
       60, 136, 125, 218, 84, 87, 245, 172, 167, 136, 7, 159, 188, 22,
       246, 139, 143, 241, 108, 91, 66, 93, 199, 121, 247, 237, 65, 255,
       42, 249, 39, 239, 188, 141, 127, 181, 82, 213, 174, 156, 184, 168,
       45, 88, 154, 254, 63, 164, 93, 151, 34, 74, 91, 133, 197, 108, 62,
       190, 69, 219, 51, 216, 227, 119, 124, 152, 225, 139, 1, 136, 133,
       115, 89, 213, 220, 117, 167, 255, 21, 110, 16, 155, 151, 36, 244,
       73, 26, 130, 24, 115, 188, 50, 215, 111, 253, 20, 65, 210, 192,
       199, 170, 229, 172, 172, 53, 140, 62, 204, 186, 86, 247, 130, 157,
       211, 44, 83, 75, 205, 68, 121, 229, 189, 197, 255, 34, 204, 99,
       255, 20, 140, 121, 152, 80, 215, 215, 172, 167, 174, 6, 95, 184,
       18, 246, 139, 143, 215, 108, 91, 75, 85, 197, 125, 247, 236, 65,
       253, 10, 248, 39, 207, 245, 172, 251, 20, 80, 33, 189, 251, 69,
       36, 14, 109, 55, 121, 234, 126, 76, 179, 53, 144, 35, 22, 110,
       124, 44, 249, 248, 241, 15, 231, 191, 116, 144, 76, 232, 210, 249,
       92, 91, 152, 230, 40, 104, 83, 152, 34, 172, 191, 41, 87, 119, 75,
       90, 182, 212, 237, 66, 8, 3, 201, 32, 211, 229, 33, 189, 160, 243,
       6, 67, 209, 106, 140, 189, 168, 142, 76, 151, 190, 254, 130, 93,
       135, 168, 83, 91, 197, 228, 108, 21, 236, 77, 215, 2, 232, 243,
       255, 53, 200, 112, 155, 92, 89, 251, 152, 170, 60, 157, 66, 220,
       238, 49, 128, 76, 143, 130, 90, 144, 128, 69, 72, 93, 215, 9, 218,
       49, 184, 245, 14, 120, 8, 2, 139, 12, 217, 48, 22, 40, 13, 189,
       96, 23, 237, 89, 226, 92, 143, 130, 2, 218, 160, 173, 236, 28, 15,
       189, 147, 0, 144, 249, 18, 18, 74, 4, 75, 28, 85, 35, 136, 38,
       140, 60, 72, 10, 238, 251, 139, 77, 135, 168, 91, 90, 133, 198,
       104, 29, 143, 97, 223, 0, 128, 245, 91, 29, 200, 75, 27, 84, 116,
       103, 8, 39, 152, 15, 86, 184, 50, 164, 175, 141, 211, 72, 11, 16,
       156, 204, 204, 102, 76, 210, 217, 62, 238, 197, 37, 53, 104, 187,
       90, 82, 227, 190, 140, 53, 61, 189, 64, 39, 126, 227, 162, 93,
       166, 40, 22, 155, 129, 38, 232, 5, 189, 252, 213, 23, 142, 247,
       80, 114, 200, 12, 219, 92, 103, 190, 173, 181, 140, 7, 204, 171,
       154, 246, 128, 157, 209, 108, 87, 43, 221, 71, 121, 189, 237, 65,
       255, 2, 235, 27, 207, 124, 140, 124, 16, 84, 119, 32, 172, 53,
       140, 119, 205, 139, 198, 247, 143, 13, 211, 108, 91, 42, 205, 199,
       121, 149, 157, 65, 255, 0, 201, 99, 221, 21, 140, 124, 24, 84,
       163, 9, 65, 29, 109, 220, 196, 103, 204, 72, 120, 98, 176, 152,
       180, 240, 200, 42, 22, 204, 71, 10, 102, 173, 39, 57, 162, 137,
