%YAML:1.0
---
descriptors: !!opencv-matrix
   rows: 177
   cols: 32
   dt: u
   data: [ 24, 221, 51, 254, 91, 196, 87, 246, 191, 12, 108, 1, 60, 223,
       33, 208, 166, 123, 215, 66, 66, 11, 50, 255, 243, 253, 18, 11, 82,
       21, 39, 251, 82, 121, 18, 188, 11, 192, 184, 200, 175, 148, 128,
       163, 108, 222, 103, 66, 230, 117, 235, 193, 70, 67, 138, 209, 145,
       48, 11, 187, 20, 39, 47, 83, 3, 128, 142, 157, 28, 3, 168, 107,
       94, 225, 66, 71, 192, 168, 114, 233, 216, 45, 58, 141, 13, 250,
       87, 221, 12, 38, 219, 5, 141, 44, 56, 140, 130, 150, 146, 155,
       115, 228, 184, 67, 60, 15, 83, 179, 172, 222, 40, 72, 247, 59,
       147, 145, 50, 156, 18, 199, 5, 54, 154, 195, 144, 76, 37, 211,
       181, 197, 109, 237, 70, 2, 79, 249, 81, 98, 255, 214, 83, 47, 188,
       113, 127, 196, 21, 174, 253, 183, 109, 159, 114, 235, 229, 148,
       117, 186, 244, 240, 222, 230, 236, 167, 138, 98, 30, 168, 178,
       191, 155, 183, 199, 110, 75, 11, 219, 197, 253, 247, 124, 69, 207,
       34, 232, 199, 239, 213, 164, 247, 188, 83, 213, 166, 150, 186,
       172, 188, 120, 221, 251, 27, 129, 92, 239, 194, 72, 159, 167, 3,
       108, 25, 190, 71, 222, 49, 154, 243, 94, 120, 136, 194, 139, 5,
       35, 167, 64, 139, 213, 181, 186, 73, 95, 101, 121, 135, 200, 200,
       126, 0, 221, 11, 147, 149, 150, 58, 77, 215, 46, 28, 154, 238,
       223, 14, 248, 214, 161, 103, 121, 101, 116, 15, 111, 56, 97, 168,
       126, 64, 211, 1, 145, 49, 94, 204, 22, 110, 233, 176, 101, 12,
       102, 169, 33, 132, 111, 186, 66, 169, 247, 254, 236, 95, 141, 22,
       204, 159, 83, 250, 148, 223, 192, 232, 223, 239, 77, 198, 252,
       159, 255, 71, 255, 114, 30, 58, 221, 180, 255, 244, 216, 84, 175,
       239, 64, 10, 213, 181, 206, 204, 87, 1, 217, 223, 224, 200, 190,
       132, 217, 202, 146, 223, 255, 46, 92, 183, 46, 93, 142, 236, 223,
       223, 248, 156, 130, 136, 146, 159, 77, 229, 56, 67, 30, 23, 65,
       19, 172, 242, 32, 72, 225, 59, 163, 16, 50, 220, 27, 243, 13, 54,
       90, 11, 144, 72, 45, 138, 36, 200, 122, 73, 116, 199, 227, 208,
       92, 77, 116, 2, 16, 211, 166, 36, 120, 56, 2, 106, 66, 178, 32,
       127, 103, 156, 34, 68, 83, 155, 100, 227, 1, 95, 67, 71, 116, 14,
       238, 180, 124, 232, 122, 68, 243, 40, 149, 164, 126, 108, 22, 111,
       229, 176, 125, 110, 36, 60, 38, 128, 77, 186, 83, 157, 138, 162,
       144, 153, 253, 249, 176, 207, 31, 63, 16, 121, 140, 184, 198, 140,
       131, 27, 167, 17, 54, 124, 66, 211, 14, 86, 125, 239, 150, 76,
       141, 143, 162, 221, 123, 222, 94, 197, 191, 236, 31, 70, 217, 7,
       112, 254, 47, 96, 220, 251, 19, 195, 103, 143, 122, 255, 51, 62,
       154, 27, 17, 91, 53, 223, 163, 254, 147, 30, 122, 153, 176, 127,
       222, 93, 240, 253, 164, 236, 230, 133, 207, 43, 198, 5, 231, 111,
       238, 127, 44, 18, 63, 250, 92, 12, 131, 221, 153, 128, 63, 253,
       21, 207, 97, 119, 125, 99, 230, 18, 191, 55, 32, 112, 224, 61, 59,
       8, 49, 189, 49, 223, 223, 255, 18, 64, 18, 8, 101, 234, 23, 209,
       67, 133, 118, 22, 238, 244, 36, 104, 90, 231, 89, 14, 189, 228,
       118, 197, 23, 239, 197, 144, 53, 204, 52, 40, 170, 132, 45, 183,
       97, 125, 6, 235, 156, 154, 203, 249, 182, 204, 158, 53, 161, 155,
       204, 238, 111, 15, 235, 91, 235, 83, 22, 67, 154, 241, 31, 18, 95,
       127, 144, 95, 143, 198, 38, 245, 40, 152, 93, 221, 215, 232, 31,
       87, 252, 139, 98, 253, 126, 4, 217, 218, 147, 99, 75, 50, 122,
       247, 63, 20, 137, 63, 87, 29, 222, 254, 61, 7, 103, 65, 150, 19,
       236, 122, 84, 224, 242, 230, 83, 8, 180, 229, 126, 132, 22, 237,
       253, 186, 101, 140, 62, 106, 227, 196, 127, 172, 120, 37, 2, 156,
       54, 154, 131, 244, 188, 103, 188, 95, 74, 19, 172, 254, 46, 75,
       225, 59, 187, 129, 54, 217, 18, 245, 37, 50, 90, 67, 144, 84, 165,
       222, 254, 110, 224, 230, 255, 91, 222, 232, 219, 166, 189, 187,
       74, 253, 95, 183, 255, 245, 223, 99, 236, 103, 234, 238, 59, 94,
       197, 191, 247, 255, 94, 199, 160, 89, 115, 89, 118, 195, 163, 208,
       93, 12, 116, 34, 48, 209, 165, 36, 122, 56, 2, 74, 226, 188, 32,
       255, 101, 28, 34, 0, 83, 153, 101, 235, 255, 92, 228, 101, 53, 91,
       223, 248, 113, 238, 247, 187, 75, 125, 151, 189, 127, 236, 245,
       238, 236, 246, 109, 142, 251, 255, 197, 151, 103, 255, 126, 119,
       189, 239, 72, 74, 215, 159, 198, 248, 87, 160, 253, 10, 67, 200,
       255, 164, 25, 200, 66, 126, 238, 51, 108, 63, 58, 205, 133, 125,
       123, 159, 90, 132, 227, 190, 140, 23, 137, 189, 76, 191, 251, 247,
       134, 221, 227, 224, 94, 159, 13, 198, 232, 12, 191, 79, 255, 33,
       158, 90, 213, 126, 138, 229, 218, 84, 166, 255, 158, 146, 203,
       233, 182, 204, 139, 183, 169, 27, 204, 238, 111, 10, 249, 251,
       235, 83, 86, 71, 154, 241, 189, 16, 79, 127, 144, 127, 175, 222,
       92, 248, 189, 179, 139, 111, 157, 152, 138, 254, 153, 15, 223, 93,
       73, 11, 167, 85, 253, 115, 66, 65, 251, 176, 219, 211, 109, 246,
       152, 123, 5, 115, 212, 110, 204, 183, 168, 11, 111, 184, 62, 174,
       166, 173, 215, 99, 131, 27, 147, 197, 109, 110, 108, 212, 201, 42,
       252, 231, 47, 149, 160, 243, 11, 65, 123, 125, 96, 68, 189, 95,
       222, 230, 201, 238, 188, 10, 42, 60, 23, 54, 201, 230, 221, 111,
       236, 43, 245, 238, 251, 223, 133, 59, 103, 252, 222, 94, 70, 145,
       189, 186, 171, 109, 145, 136, 142, 87, 141, 1, 220, 247, 74, 74,
       199, 83, 251, 17, 18, 65, 219, 209, 201, 147, 95, 127, 152, 107,
       133, 115, 153, 91, 107, 197, 102, 86, 237, 112, 100, 236, 86, 230,
       121, 29, 151, 97, 126, 148, 23, 238, 193, 144, 37, 204, 119, 105,
       234, 132, 39, 178, 116, 249, 231, 172, 172, 23, 205, 54, 205, 143,
       219, 255, 135, 29, 64, 236, 223, 43, 205, 198, 249, 159, 255, 79,
       255, 226, 31, 26, 221, 188, 141, 124, 218, 92, 147, 207, 110, 190,
       60, 148, 255, 245, 148, 76, 214, 135, 169, 203, 178, 65, 108, 162,
       159, 207, 232, 139, 18, 253, 226, 235, 254, 136, 61, 156, 240,
       217, 183, 214, 172, 191, 136, 39, 158, 188, 22, 246, 147, 151,
       241, 108, 30, 11, 93, 199, 121, 167, 253, 196, 127, 58, 234, 3,
       255, 149, 61, 125, 152, 80, 3, 130, 231, 153, 70, 171, 233, 19,
       54, 115, 82, 215, 241, 36, 144, 201, 125, 172, 59, 157, 179, 216,
       71, 213, 12, 34, 251, 192, 165, 140, 112, 248, 249, 211, 110, 239,
       46, 2, 79, 252, 68, 104, 247, 230, 115, 77, 184, 96, 126, 196, 63,
       238, 201, 183, 109, 141, 242, 233, 231, 132, 61, 186, 240, 89,
       213, 162, 156, 184, 172, 45, 88, 155, 234, 27, 161, 93, 215, 234,
       90, 27, 133, 131, 108, 63, 190, 71, 219, 17, 218, 211, 119, 125,
       200, 73, 139, 0, 213, 166, 140, 53, 172, 44, 72, 154, 182, 243,
       131, 221, 195, 232, 90, 91, 133, 199, 104, 55, 191, 69, 223, 33,
       136, 163, 255, 117, 136, 97, 218, 80, 41, 133, 49, 235, 221, 221,
       212, 237, 95, 65, 120, 66, 170, 88, 60, 164, 216, 11, 146, 81,
       255, 42, 127, 181, 47, 93, 6, 122, 91, 14, 216, 140, 161, 67, 92,
       69, 116, 10, 107, 49, 97, 160, 118, 64, 179, 1, 144, 49, 122, 172,
       70, 104, 233, 184, 69, 12, 102, 169, 32, 0, 111, 168, 66, 168, 33,
       143, 75, 223, 86, 131, 167, 119, 84, 0, 90, 226, 113, 225, 176,
       96, 120, 42, 2, 168, 227, 186, 36, 63, 100, 46, 171, 0, 29, 42,
       113, 168, 229, 36, 173, 55, 140, 63, 140, 171, 86, 243, 131, 157,
       211, 108, 91, 11, 205, 199, 121, 183, 189, 196, 255, 34, 204, 107,
       255, 20, 140, 125, 153, 84, 48, 223, 123, 238, 246, 203, 119, 255,
       87, 132, 254, 226, 119, 253, 168, 96, 127, 254, 135, 98, 106, 187,
       41, 191, 254, 231, 39, 133, 117, 250, 244, 171, 215, 246, 168,
       166, 168, 53, 30, 152, 50, 254, 129, 157, 199, 238, 91, 75, 149,
       197, 125, 247, 238, 69, 239, 50, 234, 67, 239, 189, 156, 243, 159,
       80, 138, 190, 208, 145, 240, 185, 184, 151, 31, 63, 80, 245, 172,
       170, 198, 140, 135, 27, 135, 21, 182, 92, 67, 243, 14, 86, 62,
