%YAML:1.0
---
descriptors: !!opencv-matrix
   rows: 225
   cols: 32
   dt: u
   data: [ 73, 49, 185, 225, 176, 252, 89, 23, 63, 73, 30, 116, 191, 23,
       192, 116, 134, 55, 125, 152, 147, 152, 177, 194, 203, 253, 50,
       210, 130, 192, 133, 123, 105, 88, 125, 93, 109, 223, 213, 182,
       125, 90, 116, 108, 186, 60, 151, 61, 204, 96, 118, 78, 237, 190,
       114, 189, 103, 251, 112, 154, 91, 253, 90, 253, 81, 159, 253, 255,
       180, 46, 105, 191, 60, 219, 222, 214, 247, 111, 144, 99, 119, 71,
       61, 173, 185, 216, 125, 45, 236, 239, 255, 192, 172, 224, 161,
       121, 37, 246, 233, 65, 244, 15, 239, 247, 117, 233, 118, 246, 83,
       53, 156, 52, 127, 206, 22, 188, 241, 190, 125, 78, 126, 46, 180,
       196, 239, 136, 242, 249, 29, 135, 106, 1, 246, 159, 226, 123, 117,
       236, 126, 79, 83, 105, 158, 148, 62, 172, 70, 109, 152, 184, 37,
       92, 190, 111, 33, 196, 111, 172, 219, 229, 2, 148, 54, 155, 181,
       252, 184, 39, 189, 31, 74, 17, 172, 190, 38, 205, 193, 51, 187,
       17, 54, 152, 19, 215, 13, 54, 218, 67, 144, 76, 157, 223, 130,
       247, 98, 194, 215, 215, 190, 101, 45, 76, 121, 131, 40, 156, 54,
       5, 190, 187, 147, 161, 246, 187, 16, 223, 63, 24, 142, 195, 69,
       14, 255, 222, 135, 222, 238, 187, 178, 144, 62, 162, 191, 87, 87,
       183, 237, 238, 59, 64, 247, 107, 191, 151, 246, 156, 15, 247, 238,
       118, 158, 195, 188, 198, 189, 95, 43, 223, 103, 75, 119, 147, 175,
       253, 93, 68, 124, 230, 105, 76, 190, 164, 127, 24, 146, 226, 231,
       184, 46, 255, 38, 94, 135, 198, 95, 158, 253, 253, 18, 181, 56,
       250, 187, 237, 144, 203, 143, 57, 185, 57, 142, 253, 108, 136,
       139, 27, 223, 17, 18, 43, 90, 245, 155, 212, 26, 127, 208, 76,
       141, 3, 146, 209, 54, 186, 141, 205, 84, 103, 143, 25, 196, 19,
       174, 222, 32, 69, 201, 187, 159, 1, 122, 11, 82, 213, 177, 208,
       222, 123, 16, 12, 189, 26, 42, 97, 114, 232, 125, 157, 248, 72,
       173, 36, 249, 11, 9, 155, 53, 132, 232, 185, 215, 225, 68, 51,
       144, 220, 23, 217, 138, 47, 87, 15, 127, 134, 149, 87, 235, 69,
       22, 78, 239, 48, 84, 194, 95, 230, 81, 101, 183, 108, 126, 172,
       23, 238, 249, 180, 53, 78, 119, 46, 162, 128, 229, 251, 116, 241,
       71, 177, 242, 145, 245, 44, 253, 223, 59, 215, 126, 23, 140, 186,
       94, 78, 239, 207, 127, 157, 150, 248, 211, 192, 127, 30, 94, 110,
       207, 84, 227, 205, 234, 122, 54, 156, 77, 156, 84, 102, 249, 14,
       228, 93, 174, 130, 4, 223, 200, 179, 206, 1, 108, 79, 210, 237,
       181, 50, 218, 59, 26, 20, 42, 14, 234, 72, 22, 188, 77, 148, 92,
       198, 173, 30, 230, 0, 174, 154, 39, 255, 200, 179, 255, 64, 40,
       207, 82, 233, 147, 250, 218, 11, 2, 20, 110, 174, 180, 78, 229,
       158, 174, 35, 199, 248, 87, 246, 217, 191, 67, 109, 191, 77, 91,
       200, 7, 111, 169, 103, 111, 191, 112, 10, 229, 188, 247, 253, 116,
       117, 47, 249, 112, 74, 127, 157, 218, 248, 143, 108, 189, 45, 172,
       220, 215, 180, 142, 57, 215, 71, 198, 43, 122, 253, 3, 92, 9, 187,
       95, 142, 71, 223, 53, 69, 106, 109, 86, 94, 127, 112, 117, 198,
       123, 131, 91, 28, 191, 112, 254, 173, 21, 231, 236, 178, 53, 142,
       243, 237, 160, 132, 117, 251, 118, 214, 0, 201, 147, 218, 87, 197,
       178, 236, 31, 1, 122, 2, 108, 255, 108, 196, 251, 90, 162, 80, 82,
       184, 27, 245, 47, 150, 150, 75, 146, 10, 189, 142, 34, 173, 96,
       203, 213, 213, 190, 239, 95, 68, 88, 139, 40, 220, 54, 164, 216,
       59, 147, 213, 214, 186, 124, 255, 47, 28, 143, 235, 87, 14, 223,
       222, 7, 67, 63, 218, 100, 217, 248, 192, 239, 81, 113, 112, 140,
       136, 245, 107, 226, 9, 50, 81, 135, 224, 38, 209, 4, 24, 82, 79,
       212, 9, 105, 133, 58, 141, 118, 233, 149, 247, 250, 243, 21, 12,
       222, 3, 41, 47, 50, 197, 232, 186, 151, 177, 62, 186, 17, 191,
       191, 253, 130, 195, 183, 141, 124, 202, 225, 90, 209, 77, 100, 92,
       110, 52, 121, 202, 118, 74, 123, 98, 149, 254, 114, 244, 36, 106,
       193, 180, 244, 202, 54, 250, 231, 8, 107, 186, 90, 173, 24, 157,
       92, 173, 18, 195, 107, 125, 36, 4, 254, 131, 245, 23, 2, 1, 110,
       179, 95, 233, 122, 153, 1, 125, 229, 141, 170, 192, 53, 130, 165,
       170, 161, 47, 125, 101, 52, 15, 197, 55, 76, 170, 62, 78, 179, 57,
       212, 35, 10, 38, 118, 12, 233, 248, 101, 14, 110, 141, 117, 48,
       109, 232, 80, 169, 10, 141, 54, 139, 213, 214, 190, 231, 61, 5,
       90, 3, 172, 126, 46, 196, 249, 59, 131, 129, 86, 152, 17, 255, 47,
       116, 158, 67, 22, 14, 189, 206, 130, 141, 54, 155, 213, 246, 190,
       231, 61, 5, 90, 19, 172, 254, 38, 196, 251, 59, 155, 129, 118,
       152, 17, 255, 47, 118, 158, 195, 22, 4, 173, 206, 73, 21, 47, 71,
       180, 14, 233, 55, 104, 233, 95, 68, 252, 60, 150, 101, 164, 38,
       52, 45, 241, 184, 49, 76, 101, 61, 242, 128, 74, 194, 211, 125,
       58, 96, 82, 232, 29, 197, 82, 72, 135, 40, 185, 11, 107, 217, 111,
       68, 248, 185, 207, 98, 78, 39, 216, 221, 147, 217, 129, 63, 115,
       14, 124, 6, 2, 0, 132, 156, 105, 3, 168, 74, 30, 161, 193, 195,
       140, 130, 36, 205, 200, 29, 187, 129, 0, 95, 83, 221, 20, 50, 218,
       142, 20, 12, 49, 142, 46, 183, 105, 193, 246, 187, 251, 155, 43,
       109, 61, 255, 25, 46, 222, 52, 63, 159, 215, 189, 179, 24, 109,
       214, 126, 93, 175, 228, 191, 198, 215, 245, 41, 158, 126, 101,
       116, 111, 107, 50, 117, 204, 126, 76, 243, 53, 146, 48, 30, 166,
       86, 44, 249, 184, 97, 15, 111, 239, 32, 128, 106, 232, 66, 249,
       26, 140, 151, 186, 155, 224, 29, 231, 151, 23, 192, 147, 44, 183,
       32, 73, 233, 187, 171, 129, 58, 203, 18, 247, 153, 246, 218, 75,
       144, 68, 165, 250, 26, 139, 199, 190, 147, 192, 61, 227, 183, 21,
       195, 147, 109, 239, 32, 73, 103, 251, 171, 144, 58, 201, 10, 255,
       217, 231, 222, 75, 183, 4, 165, 74, 137, 142, 247, 211, 180, 187,
       232, 159, 126, 49, 114, 242, 251, 68, 156, 236, 127, 62, 126, 24,
       179, 252, 111, 247, 140, 190, 54, 192, 238, 136, 193, 173, 59, 84,
       122, 228, 118, 94, 223, 112, 93, 108, 125, 138, 27, 60, 183, 48,
       254, 157, 151, 239, 236, 178, 52, 206, 243, 237, 232, 133, 103,
       255, 124, 241, 124, 55, 241, 68, 246, 34, 75, 216, 19, 172, 125,
       234, 113, 231, 237, 52, 94, 220, 23, 250, 136, 82, 232, 42, 125,
       140, 165, 188, 167, 251, 70, 241, 152, 89, 95, 124, 34, 218, 54,
       230, 245, 192, 246, 32, 63, 240, 165, 113, 42, 244, 108, 66, 105,
       187, 52, 110, 243, 235, 100, 3, 107, 176, 107, 57, 154, 185, 63,
       184, 155, 213, 21, 247, 191, 93, 132, 17, 172, 151, 98, 85, 165,
       59, 157, 144, 114, 75, 50, 245, 251, 209, 30, 251, 18, 4, 165,
       123, 202, 181, 59, 81, 176, 220, 121, 23, 187, 89, 54, 124, 190,
       159, 132, 117, 134, 63, 221, 24, 243, 200, 176, 245, 239, 249, 54,
       194, 130, 128, 135, 123, 41, 217, 125, 93, 100, 157, 245, 183,
       105, 106, 118, 108, 186, 60, 150, 52, 142, 42, 118, 76, 197, 184,
       115, 245, 102, 127, 116, 162, 94, 156, 194, 253, 186, 123, 234,
       172, 122, 130, 159, 92, 1, 196, 220, 167, 61, 207, 243, 0, 126,
       249, 151, 229, 198, 135, 166, 234, 112, 69, 174, 170, 61, 182, 55,
       219, 41, 248, 113, 85, 100, 159, 237, 183, 121, 234, 116, 108,
       187, 25, 212, 177, 142, 206, 119, 77, 193, 124, 245, 253, 102, 91,
       116, 240, 79, 156, 210, 253, 46, 252, 242, 222, 117, 183, 186,
       216, 223, 140, 253, 34, 104, 221, 55, 0, 223, 249, 151, 179, 130,
       179, 120, 255, 123, 253, 143, 235, 87, 47, 117, 243, 161, 179,
       225, 81, 244, 15, 239, 215, 127, 233, 114, 246, 81, 21, 156, 52,
       127, 204, 22, 188, 243, 188, 117, 206, 44, 46, 181, 196, 239, 168,
       210, 177, 237, 49, 241, 101, 228, 94, 237, 55, 123, 234, 246, 88,
       155, 61, 209, 190, 127, 220, 246, 120, 249, 250, 245, 130, 127,
       221, 101, 180, 231, 252, 214, 249, 61, 244, 104, 201, 245, 23,
       238, 223, 87, 235, 252, 206, 27, 201, 255, 164, 127, 136, 150,
       188, 207, 54, 125, 183, 126, 205, 165, 244, 255, 220, 216, 221,
