%YAML:1.0
---
descriptors: !!opencv-matrix
   rows: 197
   cols: 32
   dt: u
   data: [ 152, 120, 147, 252, 25, 207, 21, 87, 150, 170, 224, 72, 182,
       151, 33, 112, 220, 57, 91, 0, 105, 207, 82, 26, 241, 196, 62, 58,
       24, 8, 37, 187, 95, 13, 71, 174, 146, 178, 46, 99, 188, 192, 203,
       135, 109, 234, 177, 192, 114, 231, 168, 231, 61, 153, 29, 254,
       184, 102, 143, 64, 61, 230, 169, 20, 249, 211, 75, 207, 100, 22,
       110, 253, 113, 74, 247, 230, 115, 98, 188, 240, 126, 204, 52, 238,
       217, 150, 253, 191, 178, 235, 226, 128, 63, 186, 248, 189, 90, 40,
       175, 177, 9, 196, 121, 7, 171, 85, 198, 145, 191, 151, 66, 91,
       228, 191, 253, 148, 10, 220, 243, 65, 199, 241, 218, 195, 160, 4,
       167, 122, 74, 149, 82, 142, 119, 254, 122, 224, 173, 4, 219, 3,
       236, 254, 47, 214, 247, 223, 239, 227, 6, 147, 154, 239, 183, 116,
       10, 15, 2, 71, 45, 78, 126, 53, 114, 238, 247, 252, 126, 105, 61,
       12, 127, 11, 111, 255, 47, 212, 190, 187, 151, 34, 20, 144, 24,
       239, 183, 253, 10, 131, 227, 231, 111, 199, 63, 191, 235, 248,
       246, 167, 235, 255, 23, 205, 220, 246, 115, 237, 182, 96, 127,
       170, 23, 157, 187, 187, 44, 255, 250, 207, 191, 232, 191, 204,
       240, 241, 37, 79, 67, 7, 52, 30, 238, 52, 116, 232, 122, 70, 211,
       40, 149, 160, 92, 236, 86, 111, 205, 176, 69, 14, 36, 44, 165,
       128, 109, 186, 88, 141, 58, 207, 66, 191, 151, 147, 230, 231, 23,
       0, 88, 226, 111, 233, 32, 196, 88, 106, 134, 67, 111, 184, 14,
       191, 162, 230, 134, 2, 63, 222, 184, 140, 46, 77, 106, 238, 255,
       215, 222, 249, 207, 4, 92, 10, 249, 221, 191, 160, 30, 121, 151,
       235, 198, 178, 62, 253, 103, 221, 133, 169, 119, 191, 221, 226,
       60, 205, 112, 251, 213, 209, 118, 228, 87, 60, 252, 3, 107, 249,
       100, 128, 249, 250, 135, 194, 110, 122, 11, 255, 127, 223, 133,
       99, 115, 223, 252, 138, 10, 15, 34, 159, 243, 178, 190, 247, 189,
       14, 94, 167, 236, 238, 39, 196, 239, 123, 167, 135, 148, 153, 2,
       255, 54, 118, 158, 131, 150, 87, 173, 223, 126, 125, 112, 70, 237,
       88, 71, 248, 193, 236, 189, 42, 74, 125, 223, 183, 88, 212, 196,
       234, 201, 99, 236, 232, 51, 217, 69, 191, 103, 255, 222, 229, 11,
       221, 110, 222, 254, 212, 127, 180, 207, 80, 94, 130, 249, 255,
       190, 225, 70, 115, 191, 207, 214, 8, 126, 253, 103, 105, 174, 201,
       55, 158, 253, 125, 33, 48, 121, 65, 116, 239, 121, 83, 113, 233,
       116, 108, 51, 23, 146, 48, 22, 152, 6, 24, 139, 186, 112, 94, 79,
       141, 48, 224, 104, 136, 70, 249, 41, 50, 99, 65, 116, 159, 225,
       89, 95, 104, 112, 102, 17, 20, 180, 164, 94, 168, 22, 60, 131,
       176, 101, 220, 6, 28, 161, 196, 127, 140, 82, 245, 2, 160, 148,
       155, 223, 205, 176, 207, 158, 53, 64, 19, 140, 254, 104, 72, 169,
       27, 227, 17, 22, 120, 91, 241, 13, 22, 31, 111, 208, 8, 141, 142,
       189, 122, 89, 232, 124, 135, 67, 248, 81, 232, 244, 110, 115, 83,
       177, 176, 92, 168, 22, 110, 201, 38, 72, 63, 243, 205, 33, 188,
       123, 187, 114, 185, 64, 206, 63, 63, 52, 202, 107, 182, 252, 71,
       114, 241, 247, 229, 176, 80, 163, 38, 108, 12, 227, 188, 171, 127,
       236, 255, 118, 64, 68, 146, 199, 121, 53, 198, 204, 235, 188, 35,
       79, 216, 70, 62, 189, 239, 83, 97, 219, 91, 95, 192, 110, 254,
       170, 98, 79, 53, 250, 143, 229, 188, 189, 251, 80, 161, 10, 252,
       178, 153, 119, 247, 184, 198, 31, 127, 92, 35, 172, 254, 102, 204,
       239, 59, 147, 145, 6, 248, 58, 241, 15, 85, 30, 171, 150, 92, 45,
       223, 166, 32, 226, 204, 93, 87, 186, 104, 91, 140, 241, 11, 72,
       252, 55, 164, 248, 253, 147, 243, 196, 247, 154, 202, 31, 60, 143,
       171, 87, 46, 126, 134, 238, 115, 210, 198, 233, 89, 84, 88, 163,
       190, 181, 237, 10, 159, 207, 159, 206, 209, 239, 98, 204, 99, 202,
       224, 18, 216, 69, 191, 107, 255, 78, 87, 124, 205, 116, 103, 183,
       78, 95, 188, 97, 172, 190, 42, 91, 119, 155, 116, 54, 212, 93,
       106, 248, 161, 41, 174, 251, 239, 37, 148, 99, 247, 70, 113, 33,
       32, 236, 145, 100, 187, 224, 83, 94, 115, 118, 215, 145, 168, 214,
       107, 106, 140, 122, 157, 167, 248, 103, 209, 14, 47, 242, 68, 253,
       140, 121, 196, 81, 157, 31, 239, 151, 166, 62, 167, 20, 1, 74, 2,
       245, 115, 32, 224, 243, 119, 51, 168, 121, 152, 17, 191, 169, 239,
       142, 64, 56, 74, 169, 10, 125, 65, 78, 174, 14, 67, 79, 248, 68,
       64, 129, 199, 115, 67, 57, 81, 120, 192, 61, 238, 73, 3, 95, 61,
       240, 169, 229, 156, 61, 187, 112, 0, 43, 187, 234, 249, 244, 189,
       233, 215, 87, 233, 124, 230, 185, 156, 246, 40, 95, 171, 23, 157,
       159, 250, 244, 242, 78, 93, 191, 232, 223, 140, 242, 221, 43, 189,
       178, 220, 213, 253, 241, 198, 187, 205, 110, 6, 44, 191, 102, 124,
       161, 123, 179, 16, 146, 187, 178, 227, 95, 127, 22, 74, 194, 76,
       231, 251, 49, 159, 167, 205, 60, 39, 199, 119, 68, 168, 254, 70,
       242, 57, 180, 36, 220, 166, 62, 173, 217, 186, 97, 140, 105, 158,
       165, 146, 67, 106, 240, 233, 46, 176, 50, 216, 111, 217, 176, 236,
       143, 61, 181, 59, 140, 221, 110, 143, 235, 153, 223, 17, 22, 111,
       10, 209, 95, 209, 31, 127, 146, 12, 205, 199, 18, 138, 42, 186,
       90, 224, 185, 103, 142, 85, 84, 179, 173, 175, 34, 64, 239, 59,
       147, 145, 50, 27, 2, 245, 221, 39, 186, 235, 181, 4, 165, 219,
       110, 233, 184, 186, 201, 213, 146, 200, 139, 21, 164, 9, 14, 220,
       110, 146, 201, 219, 227, 83, 94, 107, 250, 241, 59, 209, 5, 127,
       211, 47, 254, 214, 248, 245, 50, 126, 25, 221, 84, 254, 177, 68,
       172, 9, 47, 255, 3, 145, 216, 187, 221, 64, 110, 11, 242, 191,
       243, 253, 20, 59, 98, 86, 78, 90, 200, 22, 190, 117, 168, 46, 121,
       23, 169, 190, 54, 52, 159, 39, 131, 123, 135, 55, 109, 8, 176,
       237, 243, 66, 199, 251, 114, 144, 194, 224, 71, 115, 201, 155,
       187, 255, 176, 142, 123, 21, 62, 73, 118, 116, 183, 183, 128, 112,
       166, 63, 125, 92, 179, 152, 161, 127, 238, 185, 34, 192, 152, 128,
       161, 57, 217, 74, 221, 165, 44, 10, 76, 56, 116, 162, 146, 246,
       247, 35, 145, 123, 114, 229, 124, 238, 233, 197, 197, 10, 210,
       235, 235, 144, 44, 248, 32, 8, 2, 232, 22, 155, 91, 205, 176, 206,
       142, 53, 0, 27, 140, 222, 108, 8, 233, 59, 235, 17, 22, 91, 26,
       245, 29, 16, 27, 127, 208, 12, 133, 142, 245, 151, 75, 239, 228,
       22, 110, 253, 116, 106, 255, 230, 83, 104, 188, 113, 126, 206, 52,
       238, 253, 179, 45, 63, 246, 235, 227, 196, 61, 186, 248, 145, 14,
       92, 150, 155, 93, 215, 178, 232, 159, 156, 89, 3, 236, 222, 47,
       132, 217, 121, 163, 115, 70, 183, 26, 255, 45, 22, 143, 43, 150,
       47, 61, 198, 9, 142, 191, 117, 52, 190, 105, 55, 125, 73, 126,
       100, 191, 50, 144, 112, 167, 38, 126, 28, 149, 184, 101, 95, 238,
       255, 50, 192, 200, 192, 193, 109, 94, 21, 82, 142, 87, 246, 186,
       104, 61, 12, 251, 3, 108, 254, 47, 212, 247, 189, 191, 163, 6,
       147, 154, 223, 179, 116, 139, 15, 147, 103, 47, 199, 51, 187, 106,
       8, 127, 147, 152, 75, 207, 77, 252, 175, 40, 200, 182, 164, 254,
       169, 151, 149, 134, 171, 166, 221, 26, 28, 131, 203, 95, 14, 122,
       223, 117, 239, 233, 229, 172, 43, 79, 156, 70, 166, 188, 238, 211,
       97, 217, 2, 89, 196, 108, 238, 201, 50, 237, 56, 252, 207, 165,
       180, 245, 251, 80, 32, 185, 155, 107, 249, 182, 135, 235, 255, 23,
       73, 212, 246, 51, 205, 176, 96, 127, 170, 23, 220, 187, 187, 103,
       191, 250, 207, 191, 192, 191, 136, 240, 249, 47, 157, 115, 79,
       245, 247, 167, 233, 95, 72, 120, 66, 232, 252, 189, 228, 89, 122,
       18, 235, 195, 184, 127, 255, 37, 62, 135, 2, 87, 127, 241, 244,
       230, 123, 82, 70, 235, 29, 190, 196, 171, 244, 241, 239, 8, 206,
       111, 159, 174, 249, 211, 198, 197, 83, 222, 224, 54, 24, 69, 191,
       111, 255, 74, 213, 53, 78, 109, 77, 116, 3, 203, 248, 68, 72, 244,
       230, 115, 65, 181, 32, 90, 232, 6, 238, 201, 182, 109, 61, 102,
