%YAML:1.0
---
descriptors: !!opencv-matrix
   rows: 211
   cols: 32
   dt: u
   data: [ 24, 145, 124, 233, 50, 199, 187, 121, 12, 5, 254, 131, 253,
       95, 50, 0, 126, 49, 31, 237, 18, 152, 113, 221, 229, 173, 170,
       192, 53, 130, 165, 251, 166, 226, 236, 154, 239, 217, 184, 200,
       139, 87, 181, 189, 140, 204, 223, 15, 143, 73, 223, 87, 134, 103,
       238, 241, 30, 91, 91, 255, 215, 157, 15, 215, 95, 99, 244, 192,
       239, 24, 124, 157, 239, 244, 190, 170, 73, 202, 215, 255, 38, 197,
       255, 255, 204, 65, 239, 192, 62, 89, 207, 189, 39, 247, 218, 69,
       110, 49, 244, 225, 239, 123, 156, 143, 11, 255, 60, 187, 140, 62,
       94, 142, 175, 215, 255, 17, 148, 106, 245, 192, 63, 95, 220, 255,
       199, 92, 143, 223, 191, 254, 97, 94, 127, 221, 91, 248, 215, 76,
       181, 175, 43, 220, 183, 181, 140, 184, 215, 206, 239, 38, 126,
       191, 179, 89, 129, 187, 127, 143, 94, 255, 34, 241, 114, 107, 117,
       219, 250, 72, 89, 4, 117, 10, 43, 221, 60, 148, 122, 184, 134, 98,
       206, 178, 88, 255, 39, 221, 0, 35, 119, 142, 78, 142, 139, 76, 99,
       156, 125, 86, 235, 112, 149, 76, 214, 131, 104, 206, 183, 228,
       126, 169, 183, 239, 237, 151, 38, 238, 55, 123, 138, 137, 23, 183,
       52, 252, 170, 241, 114, 184, 245, 215, 180, 101, 93, 12, 116, 3,
       40, 220, 54, 133, 254, 185, 147, 225, 246, 190, 16, 223, 63, 90,
       134, 75, 87, 28, 255, 207, 75, 151, 119, 199, 114, 254, 187, 55,
       168, 73, 95, 229, 253, 63, 142, 118, 166, 55, 253, 37, 181, 137,
       37, 207, 110, 127, 58, 194, 14, 198, 167, 127, 170, 217, 22, 159,
       221, 215, 190, 229, 159, 76, 84, 3, 236, 220, 38, 197, 248, 59,
       147, 195, 116, 254, 122, 253, 47, 83, 223, 3, 23, 44, 189, 222,
       112, 13, 95, 236, 142, 6, 77, 123, 196, 134, 238, 2, 115, 227, 33,
       115, 112, 246, 42, 232, 72, 139, 55, 28, 241, 235, 199, 28, 49,
       248, 100, 104, 27, 215, 122, 254, 50, 146, 126, 119, 117, 73, 254,
       230, 121, 251, 190, 112, 126, 171, 23, 168, 239, 153, 37, 223,
       250, 239, 190, 192, 47, 146, 169, 137, 17, 215, 75, 204, 246, 130,
       111, 127, 21, 73, 254, 230, 121, 239, 188, 100, 127, 187, 30, 172,
       217, 171, 36, 223, 186, 238, 174, 200, 63, 154, 240, 57, 120, 249,
       184, 234, 185, 221, 81, 197, 171, 29, 172, 41, 175, 223, 66, 146,
       130, 187, 205, 80, 30, 43, 250, 177, 251, 213, 5, 123, 242, 2,
       198, 107, 249, 73, 82, 79, 100, 26, 102, 180, 121, 98, 118, 106,
       115, 48, 181, 244, 122, 238, 38, 106, 205, 186, 165, 239, 54, 235,
       228, 0, 123, 186, 90, 140, 217, 115, 126, 101, 102, 94, 253, 117,
       105, 202, 118, 34, 125, 61, 150, 51, 54, 116, 245, 106, 193, 180,
       165, 200, 119, 235, 102, 128, 111, 178, 247, 251, 110, 4, 188,
       209, 141, 125, 144, 138, 207, 183, 143, 27, 204, 125, 93, 143,
       137, 86, 251, 17, 50, 101, 219, 242, 79, 87, 93, 119, 211, 125,
       93, 162, 10, 244, 192, 177, 247, 253, 188, 79, 31, 111, 89, 147,
       141, 157, 94, 136, 191, 27, 151, 149, 22, 188, 80, 210, 175, 85,
       159, 239, 215, 92, 159, 219, 27, 140, 107, 243, 86, 163, 235, 214,
       55, 107, 218, 214, 121, 207, 188, 96, 125, 171, 23, 156, 163, 157,
       44, 255, 250, 207, 187, 196, 189, 139, 97, 249, 151, 224, 235,
       179, 118, 147, 235, 216, 31, 98, 85, 215, 121, 207, 255, 44, 127,
       171, 23, 141, 179, 182, 44, 251, 30, 79, 187, 164, 63, 141, 33,
       244, 130, 168, 178, 159, 37, 247, 62, 231, 31, 134, 82, 19, 172,
       254, 102, 64, 249, 123, 163, 130, 116, 250, 58, 235, 15, 22, 223,
       3, 16, 124, 165, 206, 171, 179, 105, 81, 244, 157, 248, 245, 95,
       121, 117, 246, 153, 140, 254, 36, 255, 11, 23, 29, 215, 56, 238,
       215, 110, 93, 183, 236, 95, 140, 219, 213, 42, 245, 122, 101, 246,
       206, 253, 119, 107, 229, 124, 171, 61, 61, 22, 48, 190, 159, 21,
       21, 198, 248, 180, 205, 127, 93, 60, 163, 101, 132, 199, 219, 71,
       223, 107, 78, 246, 144, 174, 248, 204, 72, 95, 230, 121, 236, 191,
       228, 126, 106, 22, 239, 215, 147, 44, 253, 62, 44, 175, 202, 31,
       247, 249, 245, 138, 148, 98, 159, 103, 214, 184, 97, 185, 13, 87,
       179, 108, 253, 62, 141, 255, 191, 179, 129, 180, 246, 154, 199,
       31, 122, 218, 203, 135, 14, 191, 223, 57, 183, 105, 169, 254, 147,
       239, 127, 86, 233, 253, 230, 83, 40, 178, 32, 127, 138, 23, 189,
       153, 186, 109, 158, 254, 207, 175, 228, 253, 202, 248, 209, 11,
       51, 227, 69, 244, 30, 237, 19, 105, 200, 126, 228, 157, 42, 214,
       180, 182, 143, 23, 45, 145, 184, 165, 200, 110, 60, 166, 128, 206,
       228, 195, 253, 189, 76, 126, 78, 85, 90, 227, 112, 225, 196, 247,
       2, 106, 216, 183, 181, 58, 228, 70, 234, 236, 183, 44, 238, 51,
       253, 0, 3, 103, 183, 110, 228, 47, 51, 225, 193, 244, 27, 238, 17,
       45, 232, 122, 230, 137, 44, 149, 164, 62, 140, 23, 253, 213, 176,
       69, 200, 46, 92, 175, 196, 239, 254, 218, 181, 166, 157, 18, 158,
       229, 245, 190, 225, 29, 76, 113, 19, 236, 252, 46, 197, 222, 123,
       179, 99, 116, 178, 218, 255, 61, 54, 207, 235, 87, 46, 175, 215,
       66, 104, 162, 30, 91, 156, 183, 192, 250, 134, 64, 13, 108, 232,
       39, 222, 176, 109, 225, 71, 68, 67, 158, 107, 55, 54, 79, 43, 67,
       119, 39, 206, 65, 88, 251, 101, 100, 46, 233, 22, 104, 200, 126,
       100, 183, 21, 145, 126, 158, 108, 118, 76, 129, 176, 241, 72, 229,
       253, 34, 128, 76, 251, 67, 241, 66, 133, 16, 232, 219, 224, 185,
       107, 143, 17, 201, 179, 44, 191, 44, 64, 239, 27, 179, 128, 18,
       11, 2, 215, 29, 52, 154, 239, 17, 0, 165, 146, 158, 74, 230, 190,
       82, 240, 58, 224, 183, 135, 214, 179, 105, 239, 189, 204, 127,
       251, 175, 211, 46, 207, 14, 239, 154, 103, 254, 137, 183, 245, 45,
       76, 178, 206, 70, 158, 250, 224, 30, 230, 149, 7, 216, 179, 105,
       230, 166, 196, 111, 243, 175, 131, 126, 143, 14, 255, 176, 38,
       250, 203, 53, 84, 188, 79, 138, 176, 158, 185, 109, 229, 176, 74,
       254, 31, 64, 16, 172, 154, 104, 105, 197, 27, 162, 17, 54, 77, 18,
       209, 141, 211, 90, 107, 144, 0, 45, 139, 47, 17, 248, 105, 103,
       119, 251, 88, 67, 205, 125, 167, 91, 93, 223, 164, 94, 145, 183,
       253, 141, 178, 127, 128, 71, 221, 33, 133, 231, 191, 126, 245, 25,
       202, 111, 237, 54, 138, 109, 245, 124, 96, 86, 230, 255, 135, 177,
       96, 118, 172, 63, 76, 193, 156, 101, 141, 230, 237, 166, 128, 47,
       146, 209, 121, 145, 31, 251, 236, 52, 38, 239, 122, 117, 206, 126,
       98, 187, 63, 183, 97, 127, 244, 54, 232, 225, 181, 37, 206, 115,
       239, 227, 132, 119, 248, 116, 105, 155, 250, 118, 24, 19, 213,
       187, 83, 143, 93, 158, 247, 44, 158, 166, 228, 167, 59, 223, 133,
       199, 143, 54, 245, 83, 95, 58, 219, 63, 132, 173, 255, 126, 20,
       238, 54, 143, 116, 153, 138, 143, 95, 159, 175, 74, 252, 127, 74,
       175, 215, 253, 133, 140, 97, 187, 128, 211, 115, 217, 191, 247,
       125, 124, 87, 91, 59, 255, 231, 34, 94, 123, 240, 173, 236, 118,
       160, 253, 159, 147, 114, 166, 245, 255, 206, 193, 217, 177, 232,
       215, 249, 106, 129, 38, 167, 39, 123, 239, 122, 233, 65, 232, 55,
       219, 152, 27, 250, 21, 236, 217, 110, 215, 46, 87, 69, 63, 255,
       149, 86, 253, 218, 78, 29, 171, 244, 158, 183, 3, 117, 104, 179,
       58, 186, 217, 205, 177, 239, 170, 61, 165, 25, 156, 215, 106, 16,
       141, 27, 203, 17, 82, 75, 154, 87, 253, 21, 31, 125, 144, 0, 135,
       243, 155, 159, 47, 185, 255, 247, 57, 123, 29, 77, 222, 247, 253,
       255, 190, 100, 255, 187, 191, 133, 191, 154, 119, 223, 223, 255,
       186, 194, 190, 140, 189, 245, 209, 222, 255, 245, 188, 10, 125,
       191, 236, 219, 150, 116, 247, 99, 144, 99, 167, 103, 124, 172,
       241, 205, 105, 45, 234, 235, 254, 144, 12, 240, 161, 57, 66, 42,
       155, 124, 122, 193, 59, 70, 54, 132, 100, 168, 44, 199, 225, 208,
       118, 185, 162, 128, 66, 26, 162, 123, 29, 164, 26, 43, 16, 0, 39,
       185, 11, 141, 122, 203, 182, 243, 251, 247, 94, 65, 94, 130, 189,
