%YAML:1.0
---
descriptors: !!opencv-matrix
   rows: 210
   cols: 32
   dt: u
   data: [ 2, 228, 157, 155, 234, 205, 188, 175, 30, 59, 73, 17, 236,
       122, 76, 73, 135, 27, 51, 19, 114, 92, 91, 245, 45, 18, 94, 127,
       144, 90, 133, 139, 217, 80, 95, 237, 34, 74, 109, 48, 104, 106,
       115, 114, 95, 55, 128, 123, 54, 149, 60, 234, 225, 148, 49, 76,
       213, 235, 98, 128, 45, 160, 33, 49, 208, 23, 95, 236, 18, 66, 107,
       120, 164, 128, 223, 226, 85, 87, 160, 113, 126, 181, 31, 234, 105,
       147, 33, 92, 240, 169, 170, 128, 37, 162, 37, 49, 223, 108, 67,
       188, 211, 146, 104, 210, 183, 192, 194, 199, 12, 206, 243, 252,
       247, 237, 191, 245, 255, 159, 134, 202, 186, 116, 143, 198, 46,
       164, 59, 84, 72, 17, 185, 225, 176, 252, 121, 23, 63, 77, 94, 48,
       159, 183, 208, 116, 134, 63, 253, 28, 147, 152, 177, 210, 207,
       253, 58, 192, 130, 192, 133, 121, 70, 237, 132, 191, 205, 228,
       174, 172, 158, 147, 137, 3, 237, 234, 108, 203, 201, 87, 187, 211,
       86, 74, 219, 241, 173, 242, 223, 207, 148, 115, 189, 142, 38, 236,
       164, 147, 205, 101, 182, 143, 159, 183, 154, 19, 196, 120, 92,
       143, 201, 87, 251, 83, 22, 104, 219, 241, 45, 22, 223, 119, 213,
       125, 156, 142, 111, 254, 225, 220, 111, 80, 207, 248, 155, 234,
       28, 238, 121, 239, 245, 230, 127, 236, 55, 238, 193, 71, 174, 251,
       51, 126, 175, 172, 55, 255, 118, 245, 2, 172, 154, 216, 211, 225,
       176, 71, 31, 7, 104, 51, 44, 190, 102, 0, 251, 59, 131, 144, 54,
       26, 2, 247, 63, 20, 26, 107, 209, 68, 175, 142, 2, 156, 156, 153,
       61, 183, 184, 39, 30, 55, 82, 19, 172, 58, 54, 201, 201, 59, 179,
       145, 54, 252, 83, 223, 143, 54, 218, 67, 148, 76, 153, 142, 79,
       190, 225, 195, 254, 58, 123, 146, 43, 237, 29, 239, 141, 47, 221,
       246, 39, 215, 223, 157, 147, 24, 237, 246, 94, 125, 171, 228, 183,
       199, 87, 245, 152, 185, 90, 232, 114, 221, 122, 119, 61, 13, 124,
       42, 63, 159, 34, 80, 166, 187, 151, 64, 82, 186, 32, 255, 255,
       197, 42, 227, 54, 128, 175, 187, 129, 192, 127, 239, 36, 12, 109,
       53, 108, 75, 114, 66, 241, 3, 152, 97, 118, 134, 62, 172, 225,
       188, 117, 193, 164, 170, 242, 128, 108, 146, 225, 41, 169, 213,
       117, 73, 84, 223, 230, 245, 85, 64, 122, 66, 211, 28, 180, 165,
       120, 144, 22, 107, 233, 188, 117, 159, 37, 90, 36, 68, 119, 158,
       208, 172, 177, 64, 119, 109, 36, 14, 109, 54, 100, 42, 246, 64,
       243, 1, 152, 113, 106, 134, 46, 108, 233, 188, 117, 13, 229, 170,
       242, 0, 105, 152, 224, 40, 89, 120, 187, 252, 41, 44, 93, 23, 171,
       218, 188, 76, 191, 151, 65, 122, 164, 253, 253, 0, 139, 71, 178,
       1, 211, 253, 114, 186, 42, 112, 3, 123, 124, 121, 251, 96, 233,
       237, 81, 212, 161, 201, 172, 8, 31, 159, 65, 56, 166, 185, 221,
       80, 9, 11, 242, 128, 219, 221, 36, 123, 234, 18, 38, 59, 37, 53,
       209, 65, 244, 47, 97, 19, 123, 249, 63, 92, 147, 49, 209, 60, 7,
       14, 86, 60, 145, 248, 241, 2, 76, 156, 53, 100, 202, 201, 210,
       161, 18, 156, 167, 248, 171, 229, 25, 247, 191, 91, 128, 21, 180,
       247, 96, 95, 231, 179, 31, 156, 59, 79, 50, 241, 217, 218, 223,
       250, 152, 68, 183, 123, 175, 106, 228, 16, 237, 25, 252, 200, 203,
       246, 180, 159, 10, 136, 215, 159, 107, 192, 215, 215, 174, 103,
       238, 208, 30, 90, 213, 255, 247, 189, 90, 196, 61, 85, 123, 228,
       211, 118, 127, 108, 81, 64, 239, 2, 91, 63, 63, 164, 120, 156,
       146, 234, 61, 179, 49, 142, 115, 237, 128, 5, 99, 127, 236, 226,
       93, 93, 220, 109, 176, 22, 79, 20, 100, 224, 238, 100, 219, 51,
       131, 244, 86, 244, 156, 248, 169, 144, 117, 14, 230, 239, 164, 20,
       186, 242, 104, 121, 61, 240, 240, 235, 253, 213, 235, 220, 87,
       125, 212, 26, 219, 93, 250, 236, 93, 218, 150, 216, 155, 118, 127,
       181, 239, 223, 167, 116, 183, 159, 220, 241, 22, 173, 98, 66, 215,
       211, 250, 232, 119, 5, 121, 131, 105, 204, 189, 164, 59, 155, 147,
       241, 150, 185, 60, 255, 59, 76, 143, 199, 231, 14, 125, 198, 61,
       86, 107, 69, 100, 31, 206, 120, 85, 234, 254, 238, 83, 24, 149,
       180, 126, 204, 86, 238, 205, 178, 117, 12, 54, 174, 161, 144, 111,
       187, 122, 181, 19, 21, 103, 197, 150, 6, 239, 120, 116, 224, 222,
       198, 81, 46, 188, 100, 126, 205, 31, 239, 233, 145, 53, 206, 61,
       46, 175, 132, 45, 163, 112, 116, 40, 55, 124, 97, 244, 223, 121,
       55, 105, 237, 126, 45, 159, 45, 130, 16, 142, 46, 197, 28, 156,
       184, 225, 12, 239, 221, 52, 209, 226, 194, 206, 219, 33, 99, 106,
       104, 124, 141, 203, 88, 65, 108, 249, 15, 51, 200, 55, 16, 216,
       168, 23, 103, 204, 50, 80, 29, 119, 157, 161, 56, 85, 171, 82,
       192, 135, 72, 130, 184, 1, 144, 60, 65, 188, 194, 66, 215, 172,
       202, 51, 200, 228, 41, 187, 149, 231, 213, 6, 234, 132, 119, 222,
       131, 156, 52, 57, 150, 72, 82, 251, 229, 34, 104, 125, 18, 41, 3,
       127, 240, 157, 55, 129, 122, 38, 245, 60, 138, 129, 148, 229, 66,
       198, 175, 122, 128, 164, 241, 39, 49, 83, 91, 107, 140, 102, 22,
       238, 176, 96, 192, 82, 199, 89, 46, 151, 114, 118, 229, 53, 239,
       197, 147, 181, 237, 54, 46, 234, 132, 45, 183, 120, 85, 10, 141,
       54, 251, 213, 247, 242, 39, 157, 5, 94, 3, 172, 191, 38, 192, 200,
       51, 147, 209, 52, 184, 16, 252, 47, 247, 154, 67, 150, 14, 252,
       142, 120, 113, 19, 236, 57, 205, 83, 72, 161, 140, 173, 41, 111,
       215, 41, 20, 222, 185, 205, 98, 72, 3, 210, 157, 243, 213, 3, 59,
       50, 39, 39, 51, 92, 176, 184, 162, 168, 125, 21, 105, 46, 255,
       157, 57, 223, 255, 74, 10, 183, 17, 253, 49, 22, 97, 187, 17, 219,
       215, 109, 127, 192, 74, 143, 83, 99, 44, 99, 140, 87, 178, 105,
       103, 125, 194, 74, 194, 12, 134, 181, 244, 255, 175, 51, 149, 229,
       154, 164, 206, 60, 54, 158, 130, 12, 68, 49, 252, 23, 99, 195,
       167, 70, 2, 238, 208, 32, 226, 219, 231, 89, 239, 241, 2, 126,
       237, 23, 239, 200, 211, 140, 232, 112, 12, 175, 160, 37, 247, 51,
       217, 62, 61, 114, 222, 117, 247, 255, 104, 223, 204, 253, 3, 104,
       253, 55, 132, 254, 249, 151, 227, 138, 179, 58, 223, 123, 125,
       143, 139, 215, 127, 124, 215, 1, 2, 221, 241, 52, 170, 105, 19,
       124, 121, 83, 244, 151, 3, 144, 105, 70, 15, 62, 28, 179, 252,
       101, 197, 196, 190, 114, 192, 140, 136, 193, 41, 161, 240, 115,
       95, 116, 143, 239, 253, 95, 104, 115, 82, 115, 85, 156, 52, 126,
       184, 22, 236, 235, 190, 125, 223, 45, 14, 181, 196, 111, 138, 210,
       185, 189, 241, 240, 225, 253, 95, 229, 253, 67, 252, 180, 10, 155,
       29, 211, 167, 125, 220, 223, 121, 203, 122, 253, 144, 255, 217,
       165, 245, 103, 188, 222, 249, 248, 113, 123, 98, 249, 205, 87, 85,
       33, 200, 180, 12, 63, 223, 65, 48, 180, 187, 85, 80, 203, 43, 240,
       2, 251, 221, 36, 120, 106, 146, 230, 123, 250, 107, 236, 4, 205,
       89, 220, 71, 193, 244, 180, 143, 43, 172, 87, 151, 232, 230, 237,
       199, 204, 107, 230, 200, 51, 89, 197, 187, 103, 124, 222, 222, 88,
       57, 187, 254, 169, 236, 87, 19, 171, 73, 173, 12, 191, 151, 65,
       122, 164, 247, 125, 0, 203, 11, 178, 161, 211, 253, 50, 186, 8,
       114, 167, 123, 216, 184, 191, 123, 170, 228, 29, 159, 182, 91,
       166, 16, 181, 247, 66, 123, 35, 55, 125, 152, 59, 205, 187, 51,
       203, 235, 254, 129, 160, 80, 167, 123, 74, 110, 243, 180, 67, 224,
       57, 214, 179, 143, 88, 187, 45, 175, 65, 26, 39, 255, 165, 145,
       34, 71, 162, 226, 89, 102, 62, 169, 167, 245, 39, 123, 98, 150,
       111, 255, 178, 226, 155, 51, 57, 75, 223, 244, 245, 127, 156, 113,
       215, 183, 61, 161, 185, 136, 101, 239, 232, 62, 186, 192, 189,
       192, 181, 113, 153, 211, 99, 225, 166, 3, 109, 125, 55, 232, 215,
       230, 123, 7, 248, 228, 126, 142, 63, 207, 219, 185, 45, 213, 254,
       201, 175, 196, 47, 156, 241, 249, 188, 77, 122, 239, 67, 119, 126,
       112, 53, 6, 237, 3, 127, 79, 35, 81, 126, 185, 147, 238, 108, 151,
