%YAML:1.0
---
descriptors: !!opencv-matrix
   rows: 214
   cols: 32
   dt: u
   data: [ 72, 21, 185, 233, 176, 252, 121, 23, 47, 77, 95, 48, 159, 183,
       208, 120, 38, 63, 253, 28, 147, 152, 177, 194, 199, 253, 58, 192,
       134, 192, 133, 121, 235, 245, 121, 69, 124, 95, 207, 63, 73, 232,
       188, 77, 187, 29, 214, 52, 30, 196, 87, 109, 205, 106, 245, 223,
       111, 89, 37, 252, 79, 140, 210, 253, 33, 252, 113, 65, 116, 207,
       239, 245, 117, 233, 124, 66, 115, 85, 156, 52, 127, 248, 22, 184,
       227, 190, 125, 127, 127, 14, 165, 128, 103, 154, 246, 185, 88,
       120, 185, 254, 41, 236, 93, 19, 171, 88, 175, 12, 191, 159, 65,
       122, 164, 255, 253, 18, 11, 75, 250, 160, 211, 253, 58, 186, 136,
       115, 7, 59, 2, 140, 20, 153, 221, 183, 48, 111, 31, 51, 90, 18,
       172, 50, 34, 201, 201, 63, 171, 144, 54, 220, 83, 223, 15, 54,
       218, 67, 144, 76, 185, 142, 24, 249, 122, 232, 114, 221, 122, 119,
       57, 13, 124, 42, 63, 155, 2, 144, 166, 187, 151, 64, 78, 186, 0,
       255, 255, 237, 34, 195, 32, 128, 171, 203, 6, 132, 148, 147, 205,
       119, 180, 207, 31, 183, 24, 19, 204, 120, 108, 143, 201, 83, 162,
       51, 48, 120, 91, 242, 173, 22, 223, 103, 145, 125, 141, 134, 193,
       192, 127, 231, 36, 14, 109, 181, 108, 67, 115, 66, 217, 3, 152,
       97, 118, 134, 62, 172, 233, 180, 117, 197, 228, 171, 246, 0, 109,
       146, 225, 40, 6, 180, 52, 145, 239, 221, 176, 235, 143, 182, 16,
       171, 140, 220, 79, 15, 183, 25, 243, 49, 86, 125, 154, 213, 13,
       18, 77, 255, 212, 44, 15, 215, 106, 185, 48, 122, 105, 221, 155,
       216, 139, 124, 156, 44, 188, 221, 95, 52, 134, 57, 219, 67, 134,
       3, 250, 253, 79, 217, 9, 187, 82, 6, 7, 247, 110, 80, 230, 222,
       127, 246, 186, 68, 191, 143, 83, 187, 108, 222, 62, 204, 254, 253,
       179, 177, 160, 183, 154, 222, 53, 62, 154, 131, 151, 84, 63, 211,
       190, 113, 226, 225, 231, 118, 252, 92, 125, 236, 246, 35, 11, 31,
       55, 237, 254, 221, 151, 242, 236, 186, 181, 202, 55, 248, 134,
       135, 231, 253, 254, 223, 24, 7, 107, 172, 54, 195, 75, 120, 20,
       68, 223, 227, 115, 199, 177, 64, 126, 184, 31, 232, 232, 131, 44,
       31, 240, 229, 171, 128, 53, 138, 52, 248, 83, 115, 234, 6, 114,
       18, 174, 116, 41, 196, 91, 231, 105, 110, 151, 18, 54, 229, 181,
       239, 196, 211, 164, 204, 50, 44, 239, 128, 45, 182, 51, 221, 41,
       156, 122, 101, 116, 238, 123, 50, 113, 206, 127, 20, 251, 55, 130,
       112, 150, 182, 87, 12, 185, 184, 113, 46, 207, 255, 48, 128, 66,
       225, 70, 251, 110, 191, 225, 195, 246, 122, 251, 146, 107, 105,
       63, 238, 9, 47, 212, 246, 55, 215, 215, 185, 147, 24, 237, 220,
       30, 125, 171, 228, 175, 199, 87, 245, 73, 21, 61, 71, 52, 222,
       253, 55, 104, 232, 95, 68, 188, 61, 150, 101, 132, 38, 116, 13,
       209, 184, 241, 76, 103, 61, 114, 128, 78, 194, 211, 249, 135, 9,
       134, 189, 129, 148, 60, 64, 156, 192, 66, 199, 172, 202, 51, 201,
       236, 105, 187, 199, 197, 204, 22, 232, 134, 113, 202, 139, 28, 53,
       57, 222, 12, 180, 52, 179, 173, 125, 180, 239, 207, 127, 157, 61,
       206, 248, 110, 139, 135, 19, 255, 17, 214, 109, 59, 209, 139, 219,
       85, 127, 210, 76, 141, 195, 110, 139, 179, 220, 189, 208, 146,
       195, 203, 13, 156, 32, 136, 252, 118, 166, 200, 122, 235, 81, 30,
       43, 226, 163, 171, 117, 142, 123, 214, 45, 254, 199, 134, 222,
       206, 187, 19, 144, 59, 240, 191, 95, 87, 183, 237, 238, 58, 72,
       119, 107, 183, 213, 166, 220, 62, 247, 206, 118, 190, 195, 190,
       132, 53, 223, 50, 81, 18, 172, 75, 67, 86, 72, 153, 132, 241, 41,
       15, 222, 47, 20, 216, 185, 23, 227, 76, 131, 66, 222, 177, 212,
       138, 59, 16, 47, 46, 134, 133, 64, 123, 91, 36, 206, 105, 144,
       126, 81, 103, 16, 147, 147, 185, 121, 82, 24, 38, 88, 131, 244,
       119, 17, 69, 184, 48, 64, 192, 129, 67, 160, 199, 80, 230, 217,
       247, 87, 190, 201, 125, 79, 215, 183, 72, 220, 191, 248, 255, 217,
       191, 135, 228, 151, 53, 203, 23, 62, 158, 199, 23, 181, 253, 223,
       169, 93, 57, 94, 93, 221, 215, 248, 214, 66, 236, 8, 50, 213, 39,
       32, 200, 122, 82, 74, 107, 47, 122, 63, 99, 153, 0, 59, 90, 27,
       94, 250, 24, 211, 103, 227, 164, 3, 237, 253, 54, 124, 214, 230,
       153, 135, 240, 69, 126, 142, 63, 207, 219, 152, 45, 209, 244, 201,
       239, 196, 63, 158, 244, 249, 111, 252, 225, 206, 108, 112, 207,
       216, 27, 238, 93, 234, 121, 254, 253, 180, 95, 236, 55, 238, 195,
       67, 174, 251, 55, 92, 173, 188, 55, 255, 86, 253, 31, 70, 67, 133,
       182, 82, 110, 112, 53, 194, 219, 199, 89, 110, 185, 224, 126, 237,
       31, 255, 189, 149, 29, 206, 48, 110, 175, 196, 173, 183, 56, 84,
       32, 175, 115, 74, 243, 233, 99, 215, 115, 13, 124, 40, 50, 215,
       228, 52, 30, 186, 2, 88, 18, 58, 32, 119, 127, 156, 4, 104, 211,
       130, 198, 232, 189, 240, 240, 227, 253, 95, 91, 220, 87, 125, 244,
       26, 203, 221, 250, 172, 89, 218, 182, 120, 186, 118, 127, 183,
       255, 223, 165, 117, 247, 159, 220, 224, 53, 157, 113, 79, 244, 15,
       239, 252, 84, 224, 120, 70, 115, 113, 189, 36, 126, 250, 22, 106,
       249, 186, 125, 63, 61, 142, 165, 4, 127, 250, 112, 185, 40, 243,
       120, 101, 52, 95, 121, 54, 104, 109, 126, 45, 191, 55, 138, 16,
       150, 46, 197, 76, 152, 184, 225, 13, 239, 221, 32, 193, 98, 130,
       79, 251, 75, 155, 121, 205, 51, 254, 123, 51, 175, 77, 94, 165,
       157, 63, 150, 244, 6, 59, 157, 13, 151, 8, 116, 215, 230, 125, 58,
       195, 30, 196, 141, 117, 178, 150, 125, 239, 54, 226, 219, 55, 29,
       65, 91, 247, 117, 127, 156, 112, 215, 183, 149, 161, 185, 184,
       125, 223, 106, 47, 186, 192, 189, 130, 180, 121, 23, 183, 106,
       227, 246, 55, 251, 123, 104, 237, 189, 111, 89, 122, 158, 32, 190,
       131, 87, 189, 151, 59, 45, 223, 126, 77, 175, 228, 237, 198, 243,
       209, 53, 93, 81, 79, 116, 7, 207, 252, 84, 64, 251, 70, 115, 81,
       189, 100, 92, 200, 22, 110, 233, 178, 125, 63, 52, 174, 161, 4,
       125, 187, 112, 176, 207, 124, 105, 65, 110, 119, 203, 154, 91,
       252, 20, 228, 217, 14, 223, 111, 23, 197, 61, 255, 161, 84, 253,
       218, 110, 89, 239, 244, 190, 181, 1, 117, 162, 17, 176, 140, 125,
       79, 144, 75, 143, 61, 16, 59, 132, 156, 116, 2, 206, 17, 219, 1,
       6, 43, 210, 213, 21, 16, 26, 255, 20, 12, 85, 159, 72, 181, 121,
       113, 176, 254, 121, 23, 61, 77, 126, 48, 159, 23, 144, 116, 135,
       159, 29, 24, 179, 152, 177, 199, 239, 253, 50, 194, 134, 192, 199,
       121, 169, 221, 127, 89, 240, 223, 125, 55, 125, 90, 118, 124, 190,
       29, 134, 53, 135, 50, 86, 12, 245, 188, 117, 255, 103, 251, 116,
       130, 90, 156, 195, 125, 11, 253, 112, 98, 125, 253, 219, 176, 107,
       104, 60, 12, 191, 95, 211, 180, 6, 155, 213, 79, 131, 40, 248,
       253, 239, 221, 41, 184, 86, 135, 71, 253, 171, 245, 117, 69, 124,
       223, 237, 55, 121, 234, 180, 88, 187, 29, 148, 181, 142, 134, 87,
       109, 233, 252, 245, 223, 103, 217, 117, 176, 103, 156, 210, 253,
       62, 252, 98, 202, 117, 151, 254, 104, 223, 204, 253, 7, 104, 252,
       54, 132, 255, 249, 151, 167, 206, 179, 58, 255, 59, 125, 143, 139,
       23, 239, 124, 215, 250, 43, 228, 20, 205, 89, 212, 103, 201, 254,
       180, 15, 42, 168, 87, 151, 200, 230, 239, 199, 204, 107, 230, 200,
       51, 88, 196, 187, 103, 124, 222, 222, 14, 80, 230, 154, 247, 214,
       188, 68, 191, 31, 87, 131, 236, 222, 63, 204, 254, 125, 179, 243,
       134, 247, 154, 249, 23, 58, 218, 139, 151, 95, 189, 215, 190, 82,
       234, 190, 78, 17, 188, 88, 217, 198, 81, 255, 77, 204, 119, 137,
       62, 41, 151, 231, 228, 119, 190, 200, 82, 97, 75, 171, 125, 191,
       63, 215, 189, 241, 97, 225, 253, 95, 229, 253, 71, 252, 180, 10,
       155, 29, 215, 167, 58, 220, 215, 121, 235, 126, 253, 152, 127,
       217, 165, 180, 103, 188, 222, 233, 174, 80, 230, 152, 245, 215,
       190, 200, 222, 79, 241, 23, 72, 220, 63, 204, 255, 253, 179, 227,
