%YAML:1.0
---
descriptors: !!opencv-matrix
   rows: 185
   cols: 32
   dt: u
   data: [ 2, 141, 58, 219, 221, 180, 122, 167, 206, 13, 74, 2, 172, 178,
       48, 64, 192, 34, 59, 145, 18, 137, 3, 247, 111, 53, 154, 67, 144,
       10, 253, 138, 11, 191, 90, 248, 245, 156, 248, 55, 191, 89, 60,
       245, 173, 139, 246, 128, 199, 43, 23, 149, 214, 72, 18, 215, 206,
       221, 190, 200, 158, 132, 201, 153, 42, 149, 56, 234, 253, 245,
       152, 107, 15, 125, 189, 25, 142, 93, 110, 172, 205, 147, 211, 17,
       158, 43, 122, 213, 27, 217, 24, 127, 210, 14, 204, 215, 155, 205,
       106, 139, 213, 157, 238, 229, 69, 96, 223, 7, 185, 24, 62, 64,
       104, 138, 223, 111, 254, 187, 85, 247, 246, 93, 142, 225, 63, 142,
       248, 206, 6, 170, 160, 155, 157, 213, 178, 206, 143, 215, 136,
       151, 140, 204, 126, 142, 201, 75, 171, 21, 22, 77, 218, 243, 143,
       20, 159, 127, 150, 12, 189, 222, 43, 77, 98, 12, 125, 155, 206,
       127, 87, 64, 252, 79, 43, 232, 182, 164, 94, 170, 150, 237, 207,
       186, 70, 223, 54, 93, 1, 169, 95, 188, 250, 140, 56, 87, 126, 103,
       116, 14, 103, 117, 101, 140, 254, 2, 115, 121, 57, 96, 120, 228,
       7, 106, 200, 179, 49, 173, 119, 233, 228, 0, 99, 186, 244, 138,
       247, 16, 226, 68, 205, 86, 232, 64, 81, 194, 247, 154, 72, 216,
       127, 237, 248, 204, 179, 255, 173, 246, 246, 192, 23, 120, 203,
       14, 207, 173, 120, 212, 91, 93, 115, 254, 19, 214, 254, 117, 189,
       200, 94, 231, 125, 190, 183, 228, 102, 245, 159, 239, 229, 153,
       52, 238, 178, 111, 174, 130, 47, 182, 169, 93, 60, 148, 120, 233,
       220, 167, 83, 218, 87, 13, 253, 7, 87, 123, 40, 80, 253, 154, 7,
       56, 26, 163, 25, 191, 251, 205, 33, 77, 249, 203, 108, 146, 32,
       141, 98, 107, 213, 239, 226, 231, 95, 9, 121, 10, 114, 217, 52, 0,
       216, 58, 3, 49, 30, 186, 88, 191, 109, 156, 129, 97, 213, 11, 212,
       138, 26, 207, 108, 255, 118, 210, 255, 61, 53, 5, 95, 227, 105,
       111, 154, 96, 118, 191, 191, 141, 246, 152, 111, 255, 102, 239,
       170, 129, 55, 134, 244, 248, 183, 60, 97, 76, 87, 87, 143, 123,
       85, 234, 248, 238, 112, 244, 181, 164, 125, 252, 22, 174, 233,
       178, 124, 206, 56, 78, 175, 190, 127, 108, 114, 253, 126, 172,
       184, 54, 251, 125, 94, 139, 59, 191, 141, 9, 239, 252, 75, 158,
       151, 247, 253, 19, 30, 75, 251, 51, 187, 215, 93, 255, 226, 119,
       143, 71, 61, 253, 61, 232, 109, 69, 223, 252, 199, 120, 188, 10,
       122, 255, 124, 32, 217, 211, 87, 234, 75, 35, 122, 245, 123, 221,
       229, 190, 91, 123, 226, 243, 59, 253, 105, 76, 189, 87, 215, 255,
       71, 232, 188, 42, 50, 125, 213, 52, 221, 210, 223, 234, 201, 43,
       123, 157, 123, 223, 165, 190, 127, 254, 214, 127, 59, 18, 231,
       173, 87, 22, 232, 120, 87, 232, 242, 230, 73, 12, 180, 173, 124,
       237, 182, 229, 141, 250, 117, 204, 30, 107, 235, 134, 111, 172,
       122, 212, 218, 255, 111, 108, 58, 211, 95, 190, 135, 204, 126,
       231, 105, 207, 182, 229, 6, 127, 245, 230, 204, 205, 167, 191, 98,
       249, 173, 155, 55, 182, 36, 125, 102, 113, 239, 204, 206, 68, 191,
       203, 139, 212, 152, 143, 80, 255, 119, 106, 236, 215, 251, 227,
       213, 3, 246, 224, 127, 60, 207, 142, 133, 123, 246, 214, 74, 252,
       182, 184, 41, 252, 49, 143, 191, 223, 128, 25, 172, 250, 75, 223,
       129, 51, 251, 17, 38, 77, 178, 211, 157, 86, 95, 123, 130, 84, 7,
       79, 195, 201, 118, 158, 252, 151, 254, 237, 219, 226, 144, 79,
       252, 248, 54, 163, 239, 227, 31, 237, 229, 107, 14, 255, 62, 30,
       223, 250, 28, 188, 153, 207, 88, 143, 195, 238, 242, 2, 111, 245,
       48, 128, 206, 224, 113, 99, 128, 212, 118, 254, 17, 238, 89, 154,
       128, 46, 240, 239, 239, 136, 46, 242, 170, 168, 46, 159, 51, 235,
       213, 255, 226, 210, 95, 9, 120, 70, 106, 217, 60, 132, 217, 58,
       135, 17, 155, 186, 88, 191, 45, 92, 131, 98, 223, 15, 212, 183,
       106, 141, 106, 74, 245, 249, 243, 71, 111, 69, 124, 137, 46, 173,
       54, 16, 219, 187, 131, 17, 22, 43, 48, 247, 95, 125, 18, 75, 214,
       78, 255, 222, 173, 32, 130, 201, 237, 103, 225, 88, 23, 191, 245,
       22, 16, 145, 125, 12, 217, 136, 19, 156, 10, 246, 123, 208, 95,
       156, 147, 36, 211, 249, 112, 162, 3, 253, 19, 186, 189, 213, 156,
       119, 159, 89, 24, 116, 188, 158, 100, 164, 167, 59, 159, 145, 247,
       11, 50, 247, 187, 92, 30, 234, 26, 4, 169, 223, 13, 161, 2, 193,
       181, 159, 106, 213, 77, 129, 79, 66, 143, 195, 248, 228, 248, 8,
       154, 120, 219, 177, 16, 132, 170, 220, 134, 68, 138, 142, 248,
       164, 57, 149, 121, 101, 190, 91, 215, 63, 87, 233, 252, 42, 51,
       61, 148, 32, 222, 158, 247, 41, 217, 186, 97, 159, 127, 221, 37,
       182, 127, 202, 214, 123, 35, 177, 97, 65, 116, 151, 235, 113, 69,
       224, 112, 198, 113, 8, 148, 165, 126, 40, 22, 238, 209, 184, 117,
       220, 44, 24, 163, 192, 127, 138, 112, 188, 48, 247, 121, 232, 254,
       75, 215, 255, 79, 248, 188, 106, 95, 123, 197, 48, 159, 211, 87,
       98, 203, 43, 107, 159, 250, 221, 37, 254, 127, 250, 199, 251, 162,
       40, 18, 186, 109, 133, 248, 78, 159, 41, 208, 19, 180, 155, 112,
       8, 200, 57, 91, 17, 2, 175, 210, 242, 213, 20, 154, 123, 16, 8,
       51, 138, 3, 16, 51, 155, 118, 246, 184, 83, 127, 67, 83, 119, 188,
       158, 180, 236, 231, 43, 19, 29, 183, 156, 34, 215, 6, 62, 26, 194,
       158, 132, 161, 205, 2, 157, 18, 203, 159, 165, 178, 103, 206, 13,
       75, 39, 236, 251, 32, 192, 225, 43, 170, 17, 22, 137, 19, 215, 45,
       180, 138, 67, 154, 10, 185, 11, 56, 133, 123, 78, 116, 70, 239,
       249, 100, 0, 255, 2, 115, 121, 56, 224, 120, 214, 18, 106, 249,
       187, 57, 47, 115, 173, 162, 0, 103, 170, 244, 32, 101, 28, 124,
       74, 90, 183, 147, 216, 199, 48, 173, 6, 112, 122, 47, 112, 127,
       209, 178, 242, 167, 35, 127, 125, 127, 15, 131, 15, 249, 115, 104,
       194, 61, 73, 250, 108, 93, 22, 198, 216, 65, 160, 252, 2, 83, 153,
       51, 48, 88, 236, 2, 110, 204, 179, 85, 170, 114, 237, 161, 21,
       127, 187, 120, 130, 194, 146, 189, 149, 168, 108, 180, 159, 190,
       127, 130, 117, 196, 254, 76, 75, 135, 87, 235, 17, 178, 205, 211,
       65, 141, 51, 95, 214, 136, 112, 133, 91, 141, 185, 60, 113, 189,
       255, 241, 27, 222, 121, 7, 17, 158, 153, 82, 41, 129, 15, 123, 29,
       151, 120, 123, 148, 207, 217, 85, 119, 218, 13, 201, 194, 121, 73,
       226, 78, 9, 84, 70, 172, 225, 4, 238, 11, 107, 224, 55, 214, 112,
       228, 168, 206, 76, 131, 255, 169, 243, 239, 196, 25, 51, 119, 120,
       78, 253, 101, 236, 106, 143, 95, 86, 248, 83, 182, 165, 10, 67,
       121, 219, 191, 121, 196, 252, 122, 236, 99, 255, 56, 251, 203, 69,
       61, 243, 251, 90, 38, 155, 215, 100, 235, 54, 151, 223, 191, 95,
       77, 94, 183, 205, 77, 190, 196, 215, 11, 55, 237, 246, 156, 61,
       223, 98, 127, 174, 198, 63, 142, 217, 221, 222, 224, 160, 186,
       141, 221, 152, 207, 155, 247, 129, 155, 142, 204, 122, 143, 201,
       219, 185, 17, 126, 79, 218, 179, 155, 81, 223, 127, 146, 92, 157,
       222, 222, 82, 214, 247, 34, 62, 57, 88, 63, 191, 215, 247, 207,
       171, 203, 219, 247, 221, 175, 130, 168, 213, 155, 194, 214, 243,
       251, 135, 175, 228, 37, 17, 90, 18, 238, 165, 38, 22, 184, 120,
       31, 188, 210, 231, 77, 138, 182, 203, 246, 205, 189, 165, 140,
       213, 131, 220, 154, 227, 251, 135, 45, 172, 57, 83, 139, 154, 94,
       187, 42, 176, 56, 31, 191, 89, 86, 247, 189, 254, 170, 73, 167,
       59, 191, 133, 183, 200, 7, 245, 134, 123, 122, 202, 156, 132, 169,
       221, 163, 168, 228, 154, 205, 181, 184, 207, 219, 81, 20, 31, 168,
       200, 126, 175, 201, 11, 178, 149, 183, 107, 254, 241, 30, 88, 222,
       111, 223, 76, 251, 142, 122, 197, 96, 220, 13, 213, 221, 111, 199,
       87, 204, 3, 42, 236, 55, 228, 201, 130, 153, 173, 206, 11, 118,
       223, 51, 127, 152, 191, 23, 220, 124, 94, 131, 29, 55, 223, 165,
       252, 167, 115, 220, 82, 64, 82, 184, 188, 180, 237, 134, 123, 50,
