%YAML:1.0
---
descriptors: !!opencv-matrix
   rows: 226
   cols: 32
   dt: u
   data: [ 135, 74, 18, 153, 228, 140, 248, 19, 191, 89, 82, 245, 188,
       202, 247, 77, 230, 41, 55, 93, 199, 212, 2, 209, 6, 56, 58, 192,
       156, 133, 41, 149, 221, 74, 140, 41, 172, 58, 198, 142, 126, 182,
       178, 245, 199, 200, 219, 203, 91, 196, 108, 127, 46, 101, 207, 16,
       252, 241, 111, 85, 204, 245, 251, 5, 251, 191, 196, 133, 223, 22,
       190, 191, 95, 234, 154, 247, 72, 44, 214, 230, 127, 199, 254, 165,
       245, 107, 207, 206, 62, 46, 175, 246, 239, 108, 248, 93, 89, 169,
       156, 184, 169, 189, 16, 71, 171, 25, 128, 76, 175, 162, 66, 222,
       167, 131, 236, 17, 22, 11, 210, 17, 152, 213, 62, 123, 152, 0,
       139, 13, 212, 103, 204, 103, 154, 14, 127, 188, 48, 174, 175, 153,
       215, 103, 91, 83, 55, 197, 125, 238, 232, 212, 201, 106, 239, 235,
       229, 149, 40, 243, 7, 16, 2, 141, 8, 233, 157, 230, 106, 166, 134,
       13, 202, 2, 137, 179, 48, 96, 201, 18, 27, 153, 26, 9, 73, 247,
       237, 253, 138, 69, 16, 10, 244, 10, 183, 22, 236, 31, 142, 59,
       148, 41, 30, 247, 151, 255, 227, 104, 158, 11, 31, 199, 237, 39,
       252, 229, 95, 42, 202, 7, 253, 149, 237, 255, 152, 85, 170, 88,
       34, 191, 77, 197, 181, 102, 157, 70, 208, 3, 172, 157, 55, 73,
       200, 123, 179, 193, 66, 175, 82, 249, 101, 49, 218, 11, 21, 29,
       53, 218, 118, 62, 234, 38, 130, 114, 154, 96, 161, 198, 255, 175,
       71, 252, 67, 26, 63, 245, 245, 243, 156, 227, 156, 40, 155, 231,
       73, 219, 229, 99, 47, 83, 212, 166, 204, 183, 156, 169, 74, 137,
       254, 191, 151, 157, 227, 232, 222, 91, 33, 198, 108, 15, 62, 69,
       207, 35, 218, 163, 181, 241, 172, 203, 218, 0, 213, 166, 156, 186,
       188, 45, 90, 152, 191, 31, 149, 92, 199, 227, 74, 27, 55, 66, 109,
       62, 190, 71, 203, 51, 218, 251, 111, 252, 136, 195, 139, 1, 207,
       174, 132, 55, 173, 30, 204, 170, 218, 242, 128, 221, 203, 104,
       215, 143, 213, 70, 236, 111, 237, 69, 223, 170, 140, 90, 255, 180,
       142, 125, 88, 76, 210, 148, 181, 23, 169, 122, 176, 15, 254, 191,
       147, 113, 204, 126, 140, 235, 135, 23, 236, 17, 52, 109, 235, 210,
       139, 115, 127, 215, 192, 68, 165, 103, 56, 31, 51, 235, 117, 167,
       203, 115, 87, 9, 249, 102, 232, 201, 176, 196, 92, 58, 151, 25,
       155, 186, 88, 255, 173, 220, 138, 200, 183, 206, 116, 169, 186,
       180, 236, 24, 201, 241, 217, 71, 187, 87, 172, 157, 8, 174, 86,
       159, 205, 131, 209, 149, 190, 79, 246, 211, 91, 95, 218, 251, 199,
       68, 254, 214, 194, 34, 70, 153, 72, 128, 168, 64, 54, 148, 194,
       215, 160, 131, 114, 93, 108, 173, 107, 140, 0, 223, 199, 208, 84,
       32, 250, 232, 28, 132, 48, 152, 119, 75, 74, 172, 126, 1, 138,
       122, 14, 64, 216, 239, 63, 207, 179, 66, 126, 193, 223, 239, 205,
       35, 71, 221, 240, 32, 171, 188, 61, 191, 41, 209, 62, 253, 48, 44,
       219, 207, 95, 248, 43, 236, 44, 9, 111, 255, 67, 180, 183, 249,
       215, 115, 70, 11, 186, 63, 251, 213, 13, 255, 114, 55, 7, 243,
       101, 107, 217, 101, 36, 14, 105, 158, 96, 236, 118, 76, 147, 1,
       145, 59, 28, 204, 108, 108, 141, 240, 229, 8, 166, 249, 101, 132,
       72, 177, 66, 1, 33, 51, 105, 69, 116, 78, 99, 57, 113, 236, 126,
       238, 83, 21, 144, 52, 124, 156, 22, 110, 201, 186, 117, 12, 103,
       172, 161, 128, 101, 170, 86, 241, 224, 57, 239, 86, 236, 73, 245,
       53, 209, 254, 246, 8, 115, 189, 215, 51, 8, 246, 247, 75, 233,
       126, 246, 40, 119, 57, 101, 57, 71, 248, 214, 251, 123, 253, 105,
       72, 253, 87, 215, 255, 67, 232, 188, 42, 26, 125, 213, 52, 221,
       210, 87, 120, 203, 42, 123, 157, 123, 221, 165, 254, 127, 250,
       210, 127, 56, 125, 121, 108, 91, 223, 95, 254, 35, 236, 252, 9,
       63, 151, 3, 176, 190, 251, 215, 192, 67, 26, 112, 61, 123, 205,
       37, 187, 115, 146, 6, 251, 2, 159, 18, 235, 157, 231, 226, 163,
       142, 13, 202, 66, 228, 243, 32, 192, 192, 35, 139, 17, 18, 137,
       16, 255, 173, 244, 138, 67, 16, 10, 125, 10, 61, 253, 121, 108,
       120, 207, 223, 248, 142, 236, 124, 12, 123, 223, 35, 48, 190, 248,
       87, 110, 195, 35, 58, 61, 123, 141, 37, 188, 121, 187, 71, 243, 0,
       139, 30, 169, 151, 195, 176, 111, 14, 5, 88, 2, 164, 152, 32, 128,
       250, 59, 130, 209, 82, 184, 3, 221, 45, 132, 15, 67, 85, 8, 173,
       138, 120, 88, 234, 126, 10, 196, 95, 148, 161, 204, 230, 173, 115,
       255, 99, 90, 100, 255, 125, 211, 136, 199, 154, 42, 243, 237, 164,
       153, 225, 243, 38, 91, 194, 150, 188, 21, 168, 108, 181, 143, 190,
       63, 130, 53, 228, 191, 76, 75, 133, 87, 233, 17, 178, 77, 211, 99,
       205, 50, 94, 86, 136, 64, 133, 27, 244, 244, 236, 107, 140, 31,
       70, 152, 83, 178, 181, 136, 83, 113, 221, 191, 89, 212, 252, 122,
       235, 102, 253, 56, 187, 219, 197, 61, 247, 251, 94, 32, 139, 146,
       147, 153, 242, 183, 184, 87, 62, 75, 83, 246, 156, 158, 164, 236,
       247, 57, 23, 149, 167, 156, 34, 214, 12, 62, 58, 198, 158, 4, 161,
       239, 124, 104, 237, 101, 140, 75, 71, 136, 114, 226, 164, 136,
       211, 109, 89, 59, 25, 196, 121, 98, 105, 98, 253, 8, 235, 203, 69,
       53, 101, 249, 86, 96, 159, 88, 70, 188, 44, 131, 106, 240, 181,
       216, 210, 231, 89, 226, 179, 203, 110, 229, 127, 239, 237, 215, 7,
       220, 146, 107, 239, 148, 63, 189, 56, 85, 58, 3, 106, 168, 95,
       209, 56, 75, 159, 4, 220, 163, 9, 207, 54, 192, 254, 185, 143,
       165, 12, 3, 2, 220, 210, 69, 139, 171, 55, 142, 60, 210, 147, 28,
       51, 94, 91, 244, 179, 64, 253, 76, 253, 2, 60, 222, 39, 244, 228,
       57, 146, 2, 135, 43, 58, 255, 19, 60, 2, 10, 83, 39, 39, 247, 3,
       186, 115, 89, 100, 189, 168, 87, 127, 73, 120, 230, 168, 140, 244,
       172, 127, 42, 22, 156, 147, 184, 55, 211, 4, 28, 50, 192, 223,
       142, 225, 189, 116, 103, 200, 167, 180, 11, 103, 184, 52, 140,
       250, 169, 199, 99, 139, 16, 58, 204, 109, 102, 108, 242, 73, 14,
       244, 231, 37, 149, 32, 250, 70, 66, 231, 166, 168, 151, 140, 61,
       78, 140, 26, 255, 133, 29, 194, 104, 95, 75, 213, 70, 121, 191,
       189, 71, 255, 50, 138, 91, 221, 60, 152, 101, 154, 84, 247, 190,
       172, 183, 140, 63, 76, 186, 218, 246, 134, 157, 195, 108, 87, 235,
       197, 198, 121, 63, 253, 69, 255, 162, 139, 83, 223, 61, 140, 125,
       24, 84, 118, 247, 172, 167, 168, 66, 95, 184, 18, 254, 159, 175,
       211, 46, 219, 2, 221, 197, 253, 247, 236, 67, 205, 58, 250, 167,
       237, 245, 44, 243, 28, 83, 197, 166, 140, 55, 172, 62, 110, 185,
       114, 255, 131, 93, 215, 104, 90, 91, 149, 198, 108, 39, 190, 229,
       207, 35, 204, 227, 103, 85, 200, 231, 219, 16, 247, 79, 68, 140,
       126, 3, 74, 122, 31, 192, 240, 207, 13, 15, 177, 67, 110, 201,
       159, 238, 237, 79, 71, 221, 52, 168, 235, 188, 61, 173, 41, 145,
       245, 6, 172, 55, 140, 62, 206, 185, 82, 247, 131, 157, 243, 108,
       91, 11, 221, 199, 121, 39, 189, 196, 223, 42, 204, 99, 253, 21,
       172, 255, 216, 80, 86, 247, 173, 166, 136, 64, 31, 184, 18, 246,
       137, 237, 209, 238, 91, 74, 221, 213, 125, 247, 238, 67, 239, 27,
       248, 135, 239, 189, 180, 115, 23, 82, 129, 205, 23, 155, 221, 253,
       228, 215, 198, 89, 218, 86, 186, 152, 62, 225, 200, 138, 122, 223,
       151, 186, 95, 245, 37, 24, 2, 104, 89, 95, 249, 132, 170, 216, 34,
       254, 77, 213, 180, 198, 157, 7, 212, 3, 172, 223, 39, 197, 236,
       123, 179, 193, 66, 190, 82, 241, 87, 113, 218, 11, 19, 92, 61,
       250, 170, 216, 34, 186, 77, 213, 180, 230, 159, 87, 84, 19, 172,
       220, 62, 129, 200, 59, 147, 65, 70, 47, 82, 245, 101, 81, 218, 43,
       19, 28, 189, 218, 116, 103, 140, 166, 168, 11, 95, 168, 18, 238,
       173, 173, 199, 110, 75, 18, 157, 197, 237, 231, 76, 67, 205, 14,
       250, 135, 173, 189, 32, 243, 14, 82, 116, 103, 72, 39, 112, 11,
       86, 184, 48, 172, 255, 169, 195, 105, 11, 16, 220, 196, 109, 98,
       72, 178, 201, 14, 230, 167, 165, 181, 97, 187, 94, 3, 123, 190,
