%YAML:1.0
---
descriptors: !!opencv-matrix
   rows: 142
   cols: 32
   dt: u
   data: [ 54, 159, 128, 200, 237, 51, 134, 202, 23, 59, 220, 110, 66,
       120, 237, 140, 217, 210, 183, 115, 31, 34, 75, 178, 58, 86, 205,
       207, 223, 127, 248, 133, 0, 139, 22, 249, 150, 195, 180, 99, 94,
       5, 88, 34, 164, 89, 32, 1, 250, 59, 3, 113, 82, 184, 0, 221, 44,
       18, 15, 67, 85, 8, 181, 138, 73, 48, 22, 60, 37, 14, 96, 3, 127,
       17, 98, 93, 159, 136, 4, 217, 160, 132, 108, 5, 29, 249, 147, 85,
       152, 242, 80, 82, 72, 4, 91, 0, 120, 144, 253, 252, 118, 75, 81,
       59, 127, 237, 246, 59, 30, 61, 6, 56, 191, 157, 119, 0, 40, 255,
       97, 223, 219, 191, 113, 215, 231, 168, 70, 123, 251, 190, 64, 132,
       95, 23, 190, 191, 95, 234, 154, 255, 104, 168, 86, 228, 127, 199,
       254, 165, 229, 43, 205, 223, 62, 14, 175, 191, 47, 44, 120, 29,
       100, 103, 72, 103, 244, 11, 102, 184, 45, 172, 251, 77, 195, 98,
       27, 16, 144, 204, 237, 98, 72, 144, 201, 44, 236, 245, 165, 148,
       168, 243, 90, 2, 26, 75, 66, 172, 62, 3, 206, 122, 7, 36, 216,
       239, 15, 11, 179, 68, 110, 197, 207, 239, 200, 43, 69, 220, 240,
       228, 170, 188, 61, 189, 41, 25, 212, 86, 189, 119, 168, 79, 85,
       184, 252, 190, 183, 120, 215, 119, 9, 59, 135, 85, 108, 98, 104,
       229, 123, 46, 195, 251, 117, 21, 64, 113, 71, 51, 86, 247, 172,
       166, 170, 98, 23, 168, 50, 246, 155, 175, 199, 103, 75, 2, 223,
       197, 237, 243, 110, 71, 207, 3, 248, 231, 239, 255, 173, 119, 190,
       83, 194, 188, 150, 216, 169, 236, 53, 175, 186, 31, 130, 56, 236,
       242, 66, 95, 161, 119, 235, 16, 50, 77, 138, 243, 189, 150, 95,
       123, 130, 80, 167, 15, 106, 137, 106, 250, 91, 209, 152, 65, 134,
       20, 205, 163, 44, 223, 35, 64, 234, 187, 147, 195, 6, 3, 42, 253,
       87, 69, 139, 171, 55, 6, 44, 210, 244, 229, 252, 98, 141, 23, 79,
       216, 83, 182, 165, 10, 67, 99, 91, 63, 89, 196, 236, 250, 106,
       103, 251, 176, 251, 203, 197, 125, 243, 251, 94, 96, 89, 241, 144,
       184, 189, 157, 24, 214, 234, 57, 128, 76, 159, 146, 64, 242, 132,
       1, 124, 93, 223, 43, 210, 113, 184, 209, 30, 120, 152, 0, 139, 12,
       217, 184, 22, 188, 45, 189, 96, 23, 235, 81, 226, 92, 174, 128, 2,
       222, 164, 167, 236, 5, 31, 253, 211, 209, 144, 243, 82, 82, 74,
       12, 203, 28, 103, 128, 172, 21, 141, 126, 136, 171, 198, 247, 143,
       29, 195, 108, 94, 235, 205, 70, 248, 29, 157, 233, 255, 8, 141,
       123, 223, 20, 201, 108, 216, 84, 116, 103, 140, 39, 56, 15, 94,
       152, 34, 172, 141, 141, 199, 97, 91, 18, 28, 197, 109, 102, 76,
       82, 201, 14, 242, 231, 45, 181, 32, 251, 14, 65, 86, 246, 172,
       166, 168, 0, 31, 184, 18, 254, 137, 237, 211, 110, 91, 66, 149,
       197, 125, 247, 204, 67, 239, 26, 248, 167, 239, 189, 180, 243, 22,
       83, 109, 230, 132, 179, 173, 63, 70, 168, 51, 179, 169, 93, 195,
       96, 90, 154, 217, 198, 236, 46, 63, 98, 219, 1, 174, 211, 197,
       116, 200, 127, 218, 4, 215, 85, 236, 167, 138, 23, 143, 168, 150,
       246, 139, 135, 241, 108, 95, 3, 29, 199, 121, 231, 237, 65, 255,
       42, 232, 103, 207, 148, 173, 127, 153, 84, 215, 166, 172, 183,
       172, 63, 140, 136, 26, 254, 133, 157, 195, 108, 95, 11, 149, 71,
       249, 183, 191, 71, 255, 50, 138, 83, 221, 125, 152, 117, 26, 84,
       253, 101, 201, 103, 148, 111, 111, 184, 49, 226, 255, 72, 211,
       101, 153, 48, 93, 198, 124, 238, 249, 178, 253, 46, 239, 239, 37,
       20, 97, 251, 210, 112, 234, 182, 232, 56, 237, 248, 145, 95, 155,
       127, 180, 191, 8, 189, 214, 91, 207, 151, 245, 21, 190, 111, 226,
       210, 91, 127, 249, 251, 215, 76, 222, 223, 33, 113, 105, 69, 116,
       79, 111, 113, 97, 236, 126, 236, 51, 21, 144, 52, 126, 188, 22,
       106, 201, 186, 117, 12, 103, 172, 32, 128, 103, 138, 86, 249, 114,
       221, 235, 68, 223, 196, 223, 231, 9, 201, 154, 143, 50, 188, 118,
       116, 252, 246, 29, 213, 223, 11, 244, 239, 59, 60, 140, 218, 165,
       30, 246, 127, 163, 143, 65, 157, 124, 209, 224, 103, 205, 72, 120,
       99, 32, 56, 182, 240, 202, 42, 22, 0, 247, 10, 102, 255, 38, 60,
       178, 139, 23, 12, 126, 207, 241, 186, 140, 48, 12, 173, 80, 7,
       190, 117, 162, 29, 183, 136, 18, 27, 129, 167, 108, 21, 190, 205,
       211, 33, 155, 243, 120, 113, 200, 8, 218, 92, 89, 248, 24, 162,
       29, 157, 82, 132, 234, 113, 160, 13, 191, 146, 66, 208, 128, 9,
       76, 93, 79, 43, 218, 49, 219, 201, 22, 120, 24, 2, 11, 26, 36,
       103, 8, 39, 16, 15, 71, 184, 32, 172, 239, 141, 211, 65, 11, 16,
       92, 204, 77, 110, 72, 178, 201, 14, 229, 133, 37, 52, 96, 187, 86,
       210, 174, 149, 48, 218, 253, 221, 145, 235, 143, 61, 181, 27, 140,
       221, 110, 5, 205, 19, 211, 17, 118, 43, 122, 215, 95, 89, 31, 127,
       210, 12, 141, 246, 3, 250, 99, 75, 100, 157, 234, 213, 95, 73,
       112, 230, 168, 140, 244, 164, 126, 42, 22, 221, 147, 188, 116,
       243, 38, 28, 186, 232, 95, 142, 241, 189, 113, 168, 172, 183, 140,
       78, 92, 175, 194, 241, 130, 25, 243, 44, 82, 42, 201, 199, 121,
       149, 156, 73, 255, 32, 201, 235, 221, 117, 132, 40, 144, 74, 101,
       119, 173, 167, 188, 15, 79, 184, 18, 228, 139, 77, 215, 108, 91,
       18, 149, 69, 121, 119, 201, 64, 249, 10, 237, 167, 237, 60, 136,
       115, 22, 114, 35, 181, 107, 88, 244, 134, 90, 103, 17, 73, 120,
       107, 48, 254, 180, 112, 220, 187, 23, 181, 255, 154, 96, 207, 59,
       60, 164, 202, 61, 8, 242, 63, 125, 101, 237, 103, 140, 87, 71,
       248, 67, 166, 173, 8, 83, 105, 219, 51, 89, 196, 108, 250, 204,
       115, 253, 60, 251, 203, 229, 53, 115, 251, 214, 96, 34, 140, 34,
       153, 93, 243, 176, 239, 95, 69, 204, 19, 168, 220, 54, 68, 217,
       59, 155, 129, 54, 173, 83, 255, 39, 54, 154, 67, 146, 12, 253,
       222, 26, 154, 18, 152, 125, 209, 144, 106, 31, 13, 209, 55, 172,
       218, 36, 132, 248, 57, 135, 145, 30, 63, 2, 215, 154, 212, 154,
       107, 90, 12, 45, 159, 215, 237, 173, 167, 136, 71, 79, 168, 18,
       230, 139, 139, 211, 109, 91, 67, 89, 197, 121, 231, 104, 67, 251,
       43, 249, 231, 205, 60, 0, 119, 148, 114, 84, 119, 140, 165, 56,
       15, 79, 184, 54, 228, 143, 205, 215, 97, 27, 80, 20, 204, 109,
       103, 236, 208, 221, 14, 228, 231, 37, 53, 40, 243, 22, 80, 245,
       108, 172, 182, 140, 47, 95, 190, 146, 246, 129, 29, 215, 236, 91,
       27, 129, 199, 121, 119, 172, 71, 251, 50, 249, 211, 221, 124, 136,
       121, 150, 82, 59, 205, 226, 158, 198, 144, 255, 229, 49, 70, 86,
       167, 105, 235, 191, 196, 127, 235, 183, 207, 200, 158, 140, 239,
       54, 110, 142, 131, 47, 182, 248, 220, 68, 103, 12, 167, 52, 15,
       111, 56, 48, 166, 235, 205, 199, 99, 27, 16, 148, 204, 108, 102,
       236, 208, 201, 14, 228, 231, 39, 20, 40, 243, 75, 80, 2, 149, 18,
       168, 149, 229, 176, 103, 142, 9, 218, 38, 172, 250, 32, 192, 240,
       59, 138, 49, 23, 139, 18, 221, 185, 148, 138, 75, 24, 8, 185, 27,
       109, 232, 140, 35, 140, 31, 86, 152, 58, 254, 165, 13, 215, 233,
       75, 26, 153, 196, 108, 118, 60, 98, 219, 50, 239, 215, 69, 125,
       200, 123, 90, 82, 203, 20, 195, 181, 38, 62, 248, 19, 63, 243, 83,
       215, 221, 46, 84, 207, 247, 173, 191, 140, 165, 212, 149, 194,
       150, 255, 219, 132, 174, 228, 57, 85, 234, 182, 232, 176, 236,
       185, 153, 95, 155, 127, 156, 255, 156, 189, 214, 10, 207, 27, 215,
       21, 178, 111, 194, 211, 202, 87, 251, 251, 223, 204, 159, 219,
       208, 189, 158, 125, 152, 237, 53, 231, 190, 183, 202, 17, 183,
       179, 66, 83, 161, 127, 105, 16, 50, 205, 147, 55, 237, 167, 126,
       91, 128, 80, 167, 10, 192, 156, 189, 181, 136, 236, 53, 175, 190,
       247, 74, 21, 244, 55, 0, 91, 133, 87, 121, 21, 49, 220, 243, 99,
       205, 163, 94, 64, 128, 80, 133, 122, 185, 183, 123, 71, 246, 223,
       247, 117, 85, 105, 119, 106, 114, 61, 156, 49, 62, 158, 215, 105,
       243, 184, 101, 191, 127, 201, 36, 240, 103, 138, 214, 249, 2, 182,
       216, 241, 242, 175, 124, 23, 63, 35, 126, 247, 157, 47, 202, 24,
