%YAML:1.0
---
descriptors: !!opencv-matrix
   rows: 213
   cols: 32
   dt: u
   data: [ 194, 176, 150, 152, 9, 221, 148, 111, 186, 19, 160, 25, 140,
       154, 98, 219, 129, 49, 251, 1, 118, 79, 210, 209, 147, 82, 90,
       123, 18, 4, 167, 14, 86, 190, 188, 182, 169, 108, 144, 138, 174,
       251, 159, 33, 207, 126, 15, 107, 131, 87, 253, 19, 14, 101, 91,
       32, 219, 243, 127, 151, 192, 117, 45, 67, 136, 169, 140, 191, 13,
       237, 129, 206, 158, 21, 196, 20, 246, 224, 98, 202, 217, 106, 234,
       17, 31, 104, 219, 179, 205, 247, 223, 125, 152, 40, 29, 218, 50,
       239, 10, 170, 214, 163, 94, 231, 13, 5, 216, 175, 38, 141, 50, 0,
       248, 171, 151, 117, 122, 155, 64, 255, 248, 52, 142, 251, 21, 94,
       182, 202, 254, 104, 156, 90, 139, 69, 23, 204, 155, 182, 132, 24,
       94, 209, 111, 31, 137, 217, 249, 211, 106, 103, 218, 98, 211, 211,
       85, 63, 210, 115, 175, 34, 34, 97, 83, 200, 93, 87, 194, 104, 9,
       160, 233, 74, 8, 146, 37, 244, 216, 152, 130, 106, 65, 35, 112,
       220, 51, 92, 128, 63, 19, 143, 118, 164, 45, 157, 59, 75, 244,
       239, 147, 251, 78, 77, 253, 102, 242, 220, 190, 96, 220, 58, 6,
       113, 155, 186, 120, 191, 109, 28, 161, 104, 221, 11, 212, 241, 61,
       196, 121, 232, 222, 247, 83, 218, 87, 97, 252, 2, 83, 93, 59, 96,
       121, 136, 19, 60, 26, 34, 121, 55, 123, 205, 1, 109, 243, 203, 96,
       226, 23, 205, 100, 15, 29, 83, 70, 236, 87, 66, 206, 135, 107,
       236, 191, 228, 114, 238, 172, 102, 237, 176, 127, 191, 162, 254,
       197, 31, 62, 254, 220, 92, 2, 139, 30, 217, 150, 131, 184, 111,
       30, 5, 88, 131, 164, 72, 36, 0, 254, 59, 3, 241, 22, 184, 2, 221,
       44, 22, 138, 67, 149, 8, 181, 142, 74, 141, 18, 186, 21, 244, 114,
       167, 141, 13, 202, 3, 172, 186, 32, 64, 225, 35, 187, 0, 22, 137,
       18, 255, 175, 117, 154, 75, 144, 78, 53, 10, 82, 140, 27, 254, 50,
       162, 78, 231, 49, 130, 234, 96, 117, 115, 160, 81, 127, 255, 4,
       168, 105, 219, 128, 111, 176, 166, 246, 8, 32, 240, 162, 40, 118,
       162, 164, 26, 61, 209, 138, 200, 130, 181, 129, 137, 226, 204, 95,
       142, 217, 104, 235, 87, 30, 67, 202, 177, 154, 80, 141, 123, 214,
       47, 94, 196, 10, 159, 34, 185, 180, 156, 124, 183, 173, 29, 158,
       245, 175, 11, 178, 64, 231, 163, 159, 149, 214, 152, 64, 199, 238,
       253, 190, 194, 14, 132, 185, 89, 147, 243, 110, 145, 246, 19, 188,
       255, 63, 127, 86, 247, 13, 142, 190, 133, 127, 143, 151, 205, 247,
       220, 37, 215, 190, 75, 254, 196, 45, 132, 187, 221, 7, 7, 131,
       129, 244, 182, 170, 83, 124, 201, 91, 215, 92, 238, 184, 228, 247,
       47, 23, 189, 149, 144, 45, 206, 60, 62, 175, 196, 140, 230, 185,
       213, 34, 249, 99, 154, 79, 209, 187, 230, 139, 85, 76, 171, 40,
       204, 118, 4, 235, 59, 147, 193, 66, 11, 54, 245, 61, 16, 154, 107,
       21, 28, 55, 254, 102, 48, 236, 210, 236, 229, 249, 89, 139, 253,
       85, 31, 156, 189, 95, 11, 207, 27, 51, 29, 146, 122, 250, 208, 77,
       24, 219, 236, 148, 201, 215, 243, 159, 91, 122, 242, 242, 147,
       255, 240, 229, 204, 119, 230, 121, 206, 183, 225, 126, 249, 151,
       239, 229, 178, 44, 236, 118, 201, 175, 136, 109, 179, 41, 245, 38,
       249, 212, 66, 217, 221, 82, 236, 139, 61, 172, 9, 42, 246, 110,
       54, 192, 211, 231, 82, 94, 11, 250, 241, 63, 28, 5, 127, 144, 30,
       206, 207, 4, 240, 57, 250, 121, 197, 211, 200, 223, 91, 181, 34,
       118, 221, 45, 32, 217, 123, 23, 67, 3, 39, 42, 127, 83, 223, 55,
       175, 80, 27, 103, 235, 194, 184, 184, 184, 168, 249, 16, 75, 190,
       55, 133, 185, 140, 159, 106, 90, 199, 27, 235, 16, 22, 79, 250,
       147, 219, 215, 91, 127, 144, 64, 143, 83, 1, 26, 231, 149, 116,
       155, 232, 86, 125, 97, 82, 246, 179, 8, 148, 232, 126, 172, 54,
       157, 165, 188, 101, 142, 6, 46, 186, 192, 175, 140, 120, 253, 63,
       253, 105, 72, 253, 87, 215, 255, 67, 232, 188, 42, 50, 61, 213,
       52, 217, 210, 215, 234, 203, 43, 107, 189, 123, 223, 165, 191,
       119, 62, 210, 255, 126, 35, 128, 169, 217, 185, 74, 79, 39, 165,
       236, 141, 171, 166, 67, 212, 88, 175, 207, 148, 30, 26, 252, 208,
       190, 213, 159, 105, 162, 214, 46, 94, 108, 116, 156, 55, 169, 47,
       84, 154, 163, 186, 181, 109, 223, 119, 75, 27, 133, 85, 236, 50,
       12, 101, 219, 16, 207, 211, 117, 55, 202, 123, 14, 19, 212, 119,
       125, 103, 178, 74, 63, 184, 48, 174, 255, 224, 215, 119, 137, 113,
       22, 84, 108, 106, 105, 208, 233, 46, 229, 227, 101, 148, 96, 243,
       135, 49, 139, 152, 215, 187, 54, 212, 56, 151, 127, 91, 82, 119,
       189, 154, 186, 232, 231, 43, 190, 157, 167, 220, 7, 243, 142, 127,
       58, 194, 158, 132, 41, 157, 52, 1, 66, 170, 29, 67, 194, 104, 69,
       32, 233, 75, 67, 72, 60, 4, 120, 140, 66, 227, 92, 163, 93, 140,
       176, 128, 131, 125, 125, 43, 122, 6, 36, 96, 213, 209, 109, 109,
       225, 80, 143, 63, 245, 26, 144, 17, 89, 15, 73, 136, 83, 24, 2,
       114, 250, 208, 85, 152, 211, 46, 214, 123, 86, 226, 68, 146, 189,
       181, 168, 76, 176, 15, 174, 191, 130, 117, 212, 254, 72, 74, 135,
       87, 237, 17, 19, 77, 195, 64, 141, 182, 127, 215, 128, 96, 133,
       51, 2, 188, 26, 184, 179, 173, 48, 71, 190, 9, 72, 85, 188, 146,
       32, 80, 167, 59, 91, 16, 19, 137, 18, 119, 253, 149, 26, 106, 152,
       0, 171, 27, 116, 228, 252, 98, 141, 89, 86, 200, 211, 182, 165, 8,
       67, 233, 79, 63, 153, 196, 108, 122, 110, 103, 250, 176, 187, 219,
       69, 127, 243, 251, 78, 70, 100, 104, 254, 180, 108, 233, 245, 2,
       233, 222, 53, 43, 158, 221, 195, 27, 171, 241, 87, 3, 65, 102,
       194, 224, 85, 147, 115, 169, 68, 249, 79, 195, 62, 157, 56, 232,
       221, 255, 218, 203, 159, 117, 189, 27, 14, 189, 118, 12, 205, 147,
       151, 53, 62, 35, 120, 215, 219, 221, 9, 127, 211, 77, 220, 214, 9,
       167, 104, 67, 246, 151, 235, 183, 102, 109, 94, 134, 121, 45, 218,
       32, 55, 74, 23, 221, 210, 184, 45, 127, 111, 13, 174, 196, 167,
       130, 213, 249, 147, 222, 111, 181, 38, 19, 236, 246, 62, 123, 86,
       247, 49, 14, 182, 105, 111, 203, 23, 141, 231, 220, 39, 253, 214,
       107, 250, 128, 61, 144, 185, 249, 165, 205, 103, 78, 236, 99, 207,
       248, 94, 234, 124, 66, 115, 248, 189, 165, 91, 74, 22, 106, 225,
       165, 63, 191, 32, 26, 167, 44, 87, 251, 240, 229, 168, 40, 6, 153,
       77, 229, 97, 71, 159, 55, 196, 18, 172, 131, 98, 204, 201, 170,
       203, 136, 51, 79, 211, 209, 221, 16, 154, 89, 154, 12, 60, 138, 3,
       148, 179, 217, 245, 188, 168, 23, 237, 81, 122, 82, 188, 62, 148,
       232, 239, 59, 26, 157, 151, 184, 117, 193, 7, 125, 154, 66, 208,
       72, 201, 188, 165, 148, 157, 115, 132, 46, 109, 159, 114, 251, 39,
       84, 211, 113, 88, 123, 21, 86, 124, 58, 185, 244, 121, 2, 205,
       187, 117, 68, 200, 241, 192, 48, 67, 28, 231, 156, 251, 242, 189,
       103, 237, 199, 74, 179, 12, 190, 183, 230, 231, 55, 155, 149, 181,
       155, 53, 206, 60, 62, 158, 203, 135, 116, 181, 124, 71, 118, 149,
       179, 168, 110, 76, 152, 171, 250, 139, 76, 215, 126, 73, 187, 135,
       69, 125, 55, 141, 69, 219, 0, 141, 210, 125, 182, 136, 115, 3, 53,
       115, 253, 235, 76, 210, 134, 94, 255, 83, 200, 248, 239, 16, 190,
       117, 112, 252, 255, 21, 245, 221, 27, 180, 78, 59, 60, 173, 238,
       237, 50, 242, 95, 191, 221, 108, 63, 155, 31, 86, 253, 87, 122,
       127, 247, 91, 124, 190, 117, 253, 218, 191, 230, 253, 144, 127,
       191, 235, 95, 229, 199, 59, 255, 216, 87, 214, 186, 190, 177, 139,
       236, 184, 131, 190, 127, 150, 55, 141, 158, 66, 74, 165, 23, 237,
       145, 54, 205, 147, 210, 219, 231, 251, 247, 128, 1, 141, 83, 203,
       223, 34, 152, 116, 156, 125, 183, 173, 29, 154, 245, 172, 138,
       182, 208, 231, 163, 223, 13, 246, 9, 66, 197, 166, 113, 190, 202,
       30, 148, 137, 25, 41, 125, 115, 77, 117, 223, 230, 119, 85, 104,
       120, 72, 50, 156, 180, 180, 88, 170, 18, 104, 201, 186, 116, 255,
       39, 28, 4, 32, 91, 154, 210, 188, 10, 164, 152, 185, 187, 249, 24,
