%YAML:1.0
---
descriptors: !!opencv-matrix
   rows: 179
   cols: 32
   dt: u
   data: [ 27, 95, 98, 236, 51, 150, 254, 119, 237, 200, 94, 231, 57,
       127, 183, 228, 102, 247, 151, 239, 229, 153, 52, 239, 242, 111,
       174, 128, 47, 246, 41, 221, 139, 192, 215, 187, 38, 248, 120, 87,
       127, 89, 82, 247, 189, 138, 186, 233, 231, 43, 62, 157, 167, 216,
       7, 209, 142, 123, 126, 128, 190, 212, 169, 141, 153, 202, 177, 91,
       51, 151, 239, 220, 95, 43, 116, 80, 124, 83, 189, 236, 245, 72, 6,
       94, 227, 180, 41, 243, 57, 222, 55, 134, 91, 144, 97, 173, 38,
       217, 190, 42, 109, 205, 182, 236, 234, 29, 184, 9, 238, 220, 56,
       2, 136, 81, 243, 83, 66, 43, 90, 113, 173, 48, 14, 95, 81, 27,
       167, 138, 60, 196, 121, 232, 222, 247, 83, 218, 87, 97, 252, 3,
       87, 93, 41, 64, 125, 136, 19, 60, 19, 35, 121, 183, 123, 205, 33,
       125, 251, 203, 104, 210, 9, 157, 49, 139, 188, 207, 207, 255, 71,
       64, 252, 198, 254, 245, 184, 164, 94, 58, 158, 77, 219, 168, 125,
       189, 237, 28, 5, 120, 126, 142, 145, 249, 126, 99, 164, 154, 45,
       153, 200, 72, 138, 180, 129, 139, 226, 200, 95, 130, 216, 40, 235,
       95, 78, 99, 202, 145, 152, 80, 137, 123, 86, 46, 94, 196, 84, 22,
       189, 119, 40, 111, 85, 186, 232, 190, 175, 8, 215, 119, 9, 59,
       129, 84, 236, 34, 64, 101, 251, 36, 195, 243, 117, 21, 64, 115,
       71, 51, 102, 96, 211, 194, 205, 117, 175, 68, 27, 167, 233, 90, 8,
       131, 101, 220, 92, 188, 131, 154, 17, 151, 240, 226, 55, 28, 148,
       58, 147, 219, 246, 164, 59, 253, 105, 76, 189, 87, 215, 255, 71,
       232, 188, 42, 50, 61, 149, 52, 93, 210, 255, 234, 201, 43, 123,
       157, 123, 223, 165, 190, 127, 254, 214, 127, 194, 112, 150, 220,
       11, 237, 49, 71, 190, 191, 160, 25, 188, 147, 96, 90, 161, 55,
       251, 16, 34, 79, 146, 83, 213, 178, 90, 59, 144, 80, 135, 11, 194,
       160, 158, 152, 41, 204, 53, 75, 190, 159, 129, 25, 172, 211, 74,
       91, 131, 51, 235, 16, 114, 79, 146, 81, 221, 178, 95, 59, 0, 0,
       135, 75, 136, 168, 156, 191, 13, 237, 1, 202, 150, 151, 192, 16,
       246, 226, 106, 74, 217, 107, 106, 17, 26, 76, 219, 51, 205, 167,
       159, 121, 144, 40, 13, 138, 183, 149, 99, 76, 220, 7, 143, 251,
       85, 234, 252, 110, 80, 116, 189, 37, 125, 208, 23, 238, 233, 179,
       125, 222, 61, 14, 167, 148, 95, 250, 112, 245, 94, 62, 149, 187,
       171, 107, 16, 138, 174, 187, 131, 113, 207, 119, 9, 203, 135, 85,
       253, 3, 34, 197, 75, 112, 137, 243, 127, 151, 128, 117, 5, 99,
       130, 104, 170, 185, 76, 165, 232, 71, 190, 49, 208, 19, 180, 154,
       112, 9, 201, 59, 123, 145, 10, 127, 210, 208, 213, 16, 218, 120,
       149, 8, 51, 138, 63, 97, 178, 136, 213, 55, 208, 75, 95, 133, 249,
       15, 14, 216, 55, 140, 248, 169, 150, 53, 158, 163, 20, 216, 178,
       93, 139, 79, 223, 127, 249, 198, 55, 150, 206, 189, 118, 22, 248,
       249, 87, 234, 210, 231, 120, 104, 191, 193, 255, 205, 183, 165,
       173, 243, 13, 206, 26, 47, 239, 134, 189, 172, 120, 21, 118, 249,
       238, 68, 206, 80, 223, 235, 139, 229, 158, 143, 64, 190, 87, 118,
       110, 215, 251, 231, 156, 11, 255, 224, 123, 60, 207, 223, 133,
       247, 246, 86, 147, 221, 110, 31, 31, 211, 86, 237, 23, 82, 239,
       135, 99, 236, 62, 116, 113, 238, 170, 102, 239, 176, 31, 191, 163,
       118, 197, 23, 59, 126, 216, 94, 42, 143, 58, 106, 245, 245, 146,
       199, 207, 13, 189, 41, 44, 236, 118, 80, 249, 11, 135, 21, 22, 43,
       40, 247, 123, 93, 18, 107, 211, 14, 239, 79, 64, 146, 156, 149,
       168, 108, 49, 159, 174, 127, 130, 116, 212, 247, 72, 75, 135, 87,
       237, 17, 50, 73, 211, 64, 205, 50, 127, 215, 136, 96, 133, 51, 98,
       35, 11, 136, 157, 151, 154, 105, 141, 12, 144, 139, 132, 142, 54,
       192, 220, 161, 219, 101, 28, 3, 192, 220, 177, 48, 139, 255, 20,
       14, 191, 70, 196, 62, 157, 183, 168, 110, 53, 191, 186, 251, 66,
       117, 247, 55, 65, 91, 133, 87, 109, 0, 49, 220, 219, 34, 205, 163,
       125, 4, 136, 112, 133, 59, 253, 229, 236, 106, 141, 23, 79, 248,
       83, 182, 165, 10, 67, 97, 95, 191, 89, 196, 252, 250, 232, 119,
       255, 184, 187, 203, 197, 53, 247, 255, 94, 100, 244, 229, 236,
       106, 141, 81, 86, 200, 211, 182, 165, 8, 67, 241, 79, 63, 217,
       208, 236, 122, 110, 99, 250, 178, 187, 219, 197, 127, 243, 251,
       118, 102, 57, 157, 105, 79, 255, 95, 215, 63, 71, 232, 252, 106,
       51, 61, 148, 52, 220, 182, 215, 40, 217, 186, 101, 159, 127, 221,
       52, 179, 119, 206, 214, 127, 165, 105, 241, 88, 205, 109, 199,
       207, 87, 250, 244, 10, 146, 213, 245, 44, 89, 200, 22, 90, 75, 99,
       106, 18, 105, 156, 37, 60, 211, 120, 244, 162, 35, 253, 99, 77,
       117, 159, 238, 119, 93, 104, 120, 76, 50, 152, 180, 180, 216, 42,
       18, 12, 197, 186, 116, 255, 39, 28, 4, 34, 91, 142, 218, 188, 3,
       141, 81, 203, 215, 255, 202, 239, 79, 97, 76, 10, 186, 176, 52,
       164, 91, 170, 18, 92, 23, 56, 125, 255, 47, 28, 5, 114, 215, 142,
       216, 172, 2, 135, 42, 30, 56, 149, 156, 119, 220, 12, 248, 199,
       168, 236, 54, 0, 220, 187, 199, 133, 238, 171, 102, 255, 32, 54,
       154, 139, 85, 12, 39, 206, 131, 140, 78, 191, 12, 184, 254, 167,
       158, 82, 214, 215, 173, 232, 58, 65, 103, 43, 59, 7, 230, 60, 79,
       247, 230, 113, 218, 137, 28, 220, 185, 140, 90, 180, 184, 184,
       187, 249, 24, 143, 174, 53, 140, 177, 175, 191, 106, 72, 135, 27,
       253, 17, 22, 73, 154, 19, 203, 213, 26, 127, 144, 68, 141, 91, 90,
       190, 188, 177, 139, 236, 56, 3, 174, 63, 139, 55, 141, 191, 66,
       74, 167, 23, 253, 145, 22, 77, 155, 115, 207, 231, 254, 247, 128,
       64, 141, 83, 151, 71, 103, 142, 172, 55, 238, 252, 197, 194, 218,
       198, 81, 232, 189, 231, 127, 206, 62, 239, 229, 165, 63, 254, 176,
       58, 239, 140, 61, 251, 249, 116, 56, 133, 123, 78, 93, 206, 199,
       105, 212, 8, 255, 10, 115, 245, 56, 224, 88, 226, 22, 106, 120,
       171, 106, 47, 115, 173, 160, 89, 115, 171, 248, 162, 125, 237,
       109, 103, 148, 47, 111, 188, 117, 226, 255, 72, 211, 97, 153, 48,
       121, 238, 124, 110, 233, 176, 125, 46, 239, 239, 37, 20, 111, 251,
       210, 96, 2, 189, 19, 185, 147, 228, 48, 71, 190, 65, 74, 113, 188,
       151, 32, 64, 167, 59, 59, 144, 23, 153, 146, 119, 173, 180, 26,
       74, 152, 64, 163, 155, 43, 189, 96, 91, 253, 157, 232, 119, 95,
       105, 124, 76, 170, 184, 182, 164, 220, 42, 150, 13, 151, 186, 118,
       255, 46, 92, 144, 234, 95, 140, 218, 157, 35, 172, 32, 155, 213,
       255, 226, 199, 95, 45, 88, 18, 168, 152, 118, 164, 217, 139, 130,
       145, 22, 188, 105, 247, 47, 94, 149, 103, 211, 12, 220, 206, 2,
       149, 18, 136, 245, 225, 178, 107, 143, 9, 217, 39, 172, 250, 40,
       196, 209, 59, 139, 17, 23, 11, 16, 223, 184, 20, 10, 107, 152, 78,
       169, 147, 2, 13, 110, 221, 214, 242, 189, 103, 220, 205, 94, 131,
       56, 174, 182, 97, 104, 63, 179, 137, 244, 250, 38, 204, 127, 47,
       254, 193, 149, 216, 253, 206, 139, 130, 181, 187, 3, 180, 168,
       159, 255, 83, 82, 82, 189, 202, 56, 233, 231, 11, 186, 157, 183,
       220, 63, 243, 141, 126, 218, 192, 158, 132, 41, 236, 192, 152,
       157, 181, 136, 108, 57, 134, 190, 251, 130, 17, 149, 55, 0, 75,
       133, 87, 121, 20, 51, 77, 211, 0, 205, 179, 95, 84, 128, 96, 133,
       122, 41, 45, 177, 205, 237, 83, 199, 111, 87, 234, 248, 10, 178,
       188, 244, 164, 217, 106, 22, 9, 89, 250, 109, 152, 45, 156, 247,
       172, 214, 106, 240, 173, 195, 217, 55, 154, 107, 213, 189, 230,
       206, 89, 16, 16, 188, 158, 36, 231, 231, 51, 186, 65, 231, 13, 50,
       245, 53, 16, 90, 234, 16, 20, 165, 127, 170, 66, 102, 189, 71, 19,
       188, 106, 84, 6, 84, 183, 73, 200, 55, 137, 126, 169, 163, 167,
       236, 246, 7, 210, 86, 99, 250, 129, 119, 189, 124, 198, 152, 147,
       121, 73, 246, 219, 243, 223, 127, 69, 124, 166, 191, 125, 190,
       244, 54, 26, 134, 88, 147, 184, 53, 223, 111, 253, 0, 71, 247,
