%YAML:1.0
---
descriptors: !!opencv-matrix
   rows: 281
   cols: 32
   dt: u
   data: [ 103, 217, 208, 201, 221, 149, 226, 141, 79, 161, 108, 6, 136,
       170, 118, 228, 216, 206, 162, 92, 23, 58, 223, 240, 47, 28, 135,
       111, 159, 138, 216, 140, 48, 165, 154, 168, 148, 199, 187, 239,
       22, 5, 201, 3, 149, 250, 106, 64, 217, 159, 11, 49, 30, 155, 208,
       31, 249, 229, 174, 109, 180, 10, 181, 194, 194, 92, 102, 158, 119,
       214, 186, 97, 186, 79, 83, 147, 108, 223, 60, 197, 255, 191, 179,
       163, 240, 247, 154, 255, 55, 126, 219, 139, 7, 54, 63, 223, 41,
       223, 113, 72, 248, 219, 87, 255, 101, 72, 252, 236, 27, 29, 166,
       180, 94, 152, 148, 104, 221, 170, 100, 63, 98, 253, 36, 207, 123,
       158, 238, 245, 107, 187, 56, 97, 185, 159, 88, 151, 47, 237, 158,
       109, 190, 31, 210, 212, 135, 167, 253, 92, 155, 8, 241, 157, 239,
       253, 53, 242, 154, 132, 154, 121, 216, 141, 87, 237, 54, 206, 111,
       53, 53, 4, 118, 66, 127, 99, 160, 69, 54, 182, 47, 234, 105, 184,
       49, 221, 245, 170, 98, 0, 119, 130, 37, 41, 24, 185, 179, 184,
       155, 217, 148, 71, 174, 69, 204, 33, 174, 246, 98, 164, 160, 59,
       200, 17, 23, 41, 178, 177, 235, 213, 30, 43, 210, 68, 175, 255,
       179, 77, 127, 220, 21, 214, 217, 102, 245, 72, 246, 2, 58, 222,
       55, 113, 232, 177, 31, 201, 108, 175, 50, 207, 83, 249, 138, 11,
       83, 32, 100, 46, 24, 137, 92, 233, 50, 199, 251, 125, 14, 9, 254,
       131, 253, 15, 48, 0, 126, 59, 23, 237, 90, 152, 65, 221, 229, 237,
       170, 192, 53, 130, 225, 155, 2, 0, 151, 140, 75, 195, 184, 72,
       142, 145, 208, 163, 172, 198, 36, 206, 254, 49, 235, 161, 0, 67,
       2, 221, 21, 50, 219, 139, 16, 36, 45, 142, 138, 252, 150, 159,
       101, 246, 62, 230, 157, 154, 90, 51, 236, 242, 102, 197, 255, 123,
       162, 130, 36, 252, 26, 235, 63, 22, 207, 11, 6, 124, 173, 143,
       249, 73, 83, 77, 70, 30, 102, 52, 121, 162, 118, 74, 115, 113,
       181, 245, 122, 252, 38, 106, 237, 190, 245, 175, 54, 234, 100, 0,
       123, 186, 74, 172, 73, 21, 63, 71, 180, 94, 237, 55, 104, 104, 95,
       68, 252, 61, 150, 117, 164, 38, 116, 45, 209, 184, 177, 77, 103,
       61, 114, 128, 74, 130, 211, 121, 56, 157, 119, 233, 213, 247, 250,
       242, 85, 77, 254, 3, 41, 63, 51, 192, 249, 178, 151, 241, 190,
       187, 49, 191, 59, 221, 130, 67, 183, 141, 116, 219, 135, 210, 179,
       90, 109, 149, 185, 64, 254, 89, 117, 116, 140, 154, 252, 237, 231,
       25, 18, 88, 131, 101, 34, 209, 5, 24, 90, 238, 218, 5, 97, 165,
       79, 55, 251, 194, 240, 180, 187, 146, 235, 201, 29, 237, 188, 255,
       223, 188, 151, 95, 221, 149, 151, 9, 168, 194, 30, 93, 63, 250,
       206, 199, 11, 119, 143, 18, 225, 165, 103, 60, 189, 56, 91, 110,
       87, 231, 237, 108, 151, 165, 54, 77, 183, 111, 165, 116, 125, 220,
       14, 91, 107, 166, 111, 175, 25, 245, 10, 133, 54, 155, 245, 252,
       184, 39, 189, 95, 74, 17, 172, 190, 46, 205, 225, 51, 187, 17, 54,
       153, 50, 247, 15, 119, 90, 67, 146, 76, 189, 223, 26, 240, 123,
       250, 107, 192, 53, 197, 175, 81, 199, 178, 92, 215, 232, 120, 39,
       57, 251, 128, 67, 71, 186, 209, 251, 225, 31, 207, 50, 2, 165,
       243, 203, 87, 125, 65, 114, 219, 185, 48, 237, 232, 118, 245, 221,
       14, 151, 175, 6, 53, 215, 60, 165, 240, 117, 204, 6, 59, 32, 130,
       78, 148, 15, 245, 56, 15, 97, 71, 246, 83, 207, 53, 85, 236, 255,
       226, 121, 45, 150, 228, 94, 190, 150, 234, 249, 186, 109, 190,
       110, 79, 165, 128, 119, 174, 212, 125, 42, 248, 112, 74, 123, 221,
       218, 248, 143, 108, 189, 41, 44, 220, 215, 180, 142, 251, 215,
       199, 198, 47, 250, 247, 59, 92, 13, 187, 95, 7, 79, 223, 242, 209,
       54, 186, 45, 221, 20, 231, 157, 29, 192, 25, 174, 222, 44, 213,
       193, 187, 159, 1, 106, 43, 82, 245, 177, 242, 94, 91, 16, 28, 165,
       254, 10, 188, 178, 154, 209, 245, 176, 67, 191, 31, 101, 17, 172,
       222, 110, 204, 161, 27, 131, 17, 54, 110, 50, 247, 15, 22, 26,
       107, 210, 69, 173, 199, 173, 92, 110, 77, 44, 86, 239, 48, 68,
       238, 246, 134, 81, 29, 151, 43, 78, 244, 63, 238, 233, 244, 117,
       140, 71, 43, 227, 128, 103, 185, 112, 241, 254, 123, 228, 0, 205,
       29, 212, 204, 203, 252, 180, 47, 10, 220, 215, 159, 232, 192, 199,
       247, 206, 99, 238, 208, 59, 89, 197, 191, 115, 125, 126, 215, 226,
       88, 22, 190, 73, 196, 92, 230, 189, 26, 224, 1, 174, 158, 37, 255,
       204, 243, 255, 65, 110, 207, 82, 237, 147, 242, 218, 27, 16, 20,
       110, 94, 194, 236, 20, 156, 93, 156, 84, 175, 251, 188, 128, 9,
       174, 210, 70, 215, 192, 231, 236, 1, 110, 79, 202, 253, 181, 50,
       223, 59, 16, 4, 143, 14, 63, 20, 237, 229, 37, 118, 253, 24, 101,
       238, 255, 135, 89, 61, 151, 47, 127, 212, 247, 175, 168, 244, 117,
       136, 71, 255, 225, 133, 231, 255, 116, 243, 112, 97, 26, 164, 108,
       140, 240, 64, 169, 160, 249, 9, 22, 218, 101, 18, 248, 185, 111,
       97, 76, 35, 146, 136, 147, 241, 139, 59, 65, 42, 127, 130, 9, 150,
       59, 26, 114, 248, 59, 115, 172, 77, 95, 245, 189, 247, 170, 100,
       39, 59, 142, 20, 183, 152, 36, 127, 206, 247, 58, 195, 146, 132,
       165, 255, 213, 159, 255, 255, 182, 42, 111, 191, 116, 219, 222,
       246, 247, 111, 144, 99, 119, 231, 125, 173, 185, 217, 109, 47,
       232, 239, 255, 212, 172, 224, 161, 113, 56, 225, 248, 106, 249,
       205, 87, 221, 227, 13, 172, 8, 63, 223, 74, 48, 138, 187, 197, 88,
       90, 43, 250, 49, 251, 205, 37, 123, 226, 138, 198, 235, 198, 154,
       148, 158, 169, 44, 176, 158, 175, 63, 179, 125, 236, 251, 78, 223,
       133, 87, 237, 17, 182, 77, 219, 241, 159, 242, 95, 219, 202, 37,
       141, 23, 252, 148, 255, 122, 171, 237, 85, 219, 255, 27, 165, 24,
       63, 255, 104, 27, 175, 179, 237, 18, 58, 111, 26, 243, 219, 219,
       86, 123, 211, 65, 167, 35, 75, 26, 249, 173, 50, 222, 63, 19, 61,
       78, 94, 229, 189, 30, 150, 244, 6, 61, 149, 13, 193, 152, 117,
       200, 230, 125, 42, 130, 14, 132, 133, 117, 186, 189, 98, 82, 215,
       215, 178, 229, 93, 77, 125, 163, 40, 220, 62, 164, 252, 187, 151,
       241, 246, 187, 60, 255, 59, 88, 134, 195, 71, 15, 254, 215, 90,
       137, 215, 254, 147, 192, 56, 227, 183, 21, 199, 179, 109, 247, 32,
       201, 103, 251, 171, 144, 50, 203, 10, 255, 219, 231, 222, 75, 183,
       5, 165, 122, 43, 185, 67, 73, 117, 219, 234, 83, 111, 233, 248,
       194, 57, 156, 180, 244, 110, 184, 150, 216, 151, 186, 100, 253,
       62, 92, 163, 232, 127, 141, 106, 189, 143, 50, 105, 65, 104, 119,
       203, 152, 27, 126, 21, 228, 217, 79, 223, 108, 87, 77, 151, 255,
       177, 20, 109, 210, 79, 89, 171, 244, 158, 167, 7, 245, 15, 154,
       198, 183, 160, 190, 108, 159, 175, 219, 146, 245, 237, 106, 154,
       223, 231, 103, 127, 157, 181, 205, 79, 252, 140, 122, 255, 208,
       140, 244, 137, 21, 230, 106, 234, 158, 111, 81, 153, 200, 139,
       247, 180, 185, 204, 204, 223, 15, 143, 109, 247, 87, 134, 103,
       174, 240, 86, 121, 75, 255, 199, 181, 15, 215, 26, 156, 151, 252,
       155, 224, 20, 231, 151, 23, 194, 179, 44, 183, 32, 201, 225, 179,
       187, 128, 58, 203, 18, 247, 187, 231, 218, 75, 178, 68, 165, 58,
       57, 95, 66, 77, 114, 27, 110, 118, 117, 232, 254, 230, 51, 148,
       181, 244, 126, 236, 22, 236, 201, 187, 53, 14, 50, 237, 35, 128,
       111, 184, 104, 189, 181, 67, 106, 238, 244, 38, 79, 88, 84, 12,
       247, 247, 83, 73, 187, 64, 126, 204, 7, 238, 168, 167, 109, 14,
       114, 173, 161, 140, 53, 187, 112, 193, 27, 147, 59, 154, 163, 244,
       185, 85, 157, 76, 215, 231, 60, 220, 174, 236, 182, 59, 189, 21,
       151, 139, 50, 247, 211, 93, 58, 219, 30, 6, 173, 255, 30, 219,
       114, 243, 247, 153, 50, 244, 63, 61, 126, 226, 15, 199, 234, 228,
       103, 91, 134, 80, 150, 184, 47, 245, 254, 213, 39, 231, 183, 159,
       141, 165, 25, 91, 99, 237, 38, 2, 109, 213, 53, 72, 222, 230, 59,
       135, 177, 101, 126, 206, 63, 206, 201, 153, 37, 233, 240, 233,
