%YAML:1.0
---
descriptors: !!opencv-matrix
   rows: 151
   cols: 32
   dt: u
   data: [ 18, 251, 74, 6, 114, 130, 127, 116, 33, 12, 126, 231, 49, 195,
       166, 84, 126, 236, 23, 238, 192, 154, 4, 109, 114, 44, 162, 128,
       47, 151, 42, 153, 43, 197, 229, 213, 244, 155, 173, 55, 84, 99,
       94, 210, 185, 40, 150, 228, 107, 46, 51, 141, 243, 248, 101, 239,
       110, 111, 190, 192, 71, 220, 217, 236, 49, 85, 66, 37, 20, 18,
       206, 113, 69, 64, 250, 70, 75, 8, 182, 228, 120, 140, 22, 239,
       205, 178, 85, 206, 178, 236, 130, 0, 127, 174, 120, 20, 137, 22,
       255, 213, 52, 46, 105, 51, 125, 203, 118, 112, 191, 55, 148, 116,
       6, 60, 62, 168, 161, 188, 101, 207, 71, 254, 50, 192, 70, 160, 65,
       249, 3, 197, 166, 157, 220, 18, 173, 127, 86, 195, 222, 150, 40,
       174, 182, 101, 125, 15, 59, 173, 245, 219, 101, 222, 60, 46, 254,
       196, 159, 252, 184, 252, 217, 30, 159, 245, 40, 14, 29, 55, 172,
       250, 150, 116, 255, 55, 128, 107, 231, 117, 125, 172, 233, 205,
       227, 12, 203, 251, 254, 144, 8, 224, 33, 57, 135, 205, 230, 158,
       156, 176, 174, 239, 212, 67, 222, 147, 104, 238, 191, 97, 121,
       107, 59, 173, 246, 135, 38, 239, 50, 46, 222, 136, 150, 124, 241,
       220, 33, 183, 99, 79, 244, 143, 239, 119, 85, 109, 125, 206, 113,
       37, 180, 36, 124, 174, 22, 172, 249, 186, 117, 255, 45, 30, 164,
       192, 127, 138, 242, 253, 202, 253, 191, 254, 91, 192, 53, 103,
       189, 66, 102, 2, 252, 255, 32, 97, 182, 51, 251, 0, 97, 203, 178,
       239, 249, 247, 79, 11, 42, 32, 167, 251, 146, 143, 86, 190, 147,
       160, 60, 231, 149, 23, 202, 179, 45, 163, 34, 193, 103, 179, 171,
       128, 118, 139, 2, 255, 176, 230, 218, 203, 49, 68, 173, 10, 189,
       25, 127, 236, 6, 130, 111, 112, 196, 64, 246, 230, 83, 147, 176,
       97, 126, 180, 30, 234, 201, 179, 52, 140, 210, 233, 162, 128, 63,
       185, 112, 49, 60, 249, 89, 170, 94, 133, 95, 248, 22, 32, 216,
       106, 119, 219, 40, 80, 222, 217, 23, 227, 74, 18, 88, 61, 249,
       197, 165, 124, 60, 155, 176, 3, 90, 153, 150, 191, 155, 220, 52,
       231, 175, 85, 238, 7, 172, 191, 38, 214, 166, 55, 251, 16, 87,
       217, 179, 245, 191, 247, 94, 67, 10, 4, 173, 95, 57, 189, 114, 76,
       87, 159, 86, 119, 113, 172, 252, 14, 43, 59, 150, 180, 254, 174,
       134, 40, 204, 186, 112, 159, 51, 205, 36, 35, 99, 142, 234, 239,
       32, 172, 178, 201, 85, 179, 162, 79, 94, 3, 120, 19, 162, 200, 52,
       64, 249, 42, 2, 17, 178, 190, 4, 223, 44, 28, 146, 65, 213, 74,
       249, 138, 17, 190, 235, 227, 118, 163, 235, 223, 119, 99, 222,
       230, 57, 235, 248, 96, 127, 202, 22, 156, 171, 191, 45, 255, 250,
       207, 183, 196, 189, 138, 112, 169, 74, 155, 54, 190, 53, 156, 189,
       55, 173, 13, 94, 69, 172, 175, 50, 198, 166, 35, 255, 5, 210, 137,
       146, 237, 181, 116, 30, 130, 2, 6, 165, 111, 62, 22, 231, 117,
       181, 50, 123, 56, 245, 198, 95, 230, 75, 109, 159, 239, 127, 244,
       181, 191, 169, 244, 61, 206, 78, 251, 229, 196, 175, 231, 116,
       117, 138, 249, 100, 218, 127, 213, 222, 188, 159, 92, 20, 175,
       232, 222, 190, 164, 166, 243, 223, 195, 230, 45, 62, 247, 47, 88,
       141, 251, 87, 159, 221, 95, 45, 165, 225, 67, 244, 127, 235, 89,
       115, 233, 57, 72, 80, 21, 220, 180, 89, 140, 22, 188, 155, 178,
       237, 192, 47, 28, 165, 228, 231, 131, 210, 228, 202, 120, 118,
       223, 111, 212, 190, 230, 169, 222, 80, 171, 172, 30, 23, 135, 238,
       243, 255, 195, 230, 111, 146, 237, 55, 122, 222, 139, 7, 21, 63,
       223, 238, 88, 242, 214, 111, 253, 190, 146, 169, 206, 182, 175,
       44, 252, 87, 191, 166, 245, 255, 71, 164, 231, 178, 232, 19, 120,
       73, 187, 71, 253, 31, 95, 206, 30, 242, 86, 35, 252, 26, 80, 233,
       238, 183, 173, 110, 252, 183, 255, 166, 245, 253, 71, 164, 231,
       172, 232, 18, 122, 65, 155, 70, 247, 111, 87, 46, 29, 50, 190,
       245, 245, 182, 224, 31, 204, 121, 7, 108, 252, 39, 128, 222, 123,
       179, 99, 84, 186, 90, 255, 63, 127, 143, 235, 87, 47, 125, 215,
       250, 249, 41, 178, 27, 193, 83, 204, 139, 117, 132, 171, 63, 159,
       98, 18, 174, 219, 221, 209, 94, 79, 186, 177, 251, 209, 141, 251,
       119, 20, 134, 122, 89, 248, 48, 250, 57, 221, 83, 244, 171, 93,
       164, 12, 190, 223, 98, 176, 167, 251, 221, 80, 15, 47, 186, 245,
       219, 221, 23, 123, 90, 6, 15, 91, 48, 89, 122, 234, 114, 198, 123,
       244, 52, 12, 126, 166, 49, 215, 177, 80, 126, 248, 23, 234, 202,
       154, 48, 127, 119, 173, 162, 128, 53, 147, 102, 249, 30, 50, 245,
       241, 119, 127, 249, 88, 59, 237, 183, 254, 92, 29, 223, 61, 183,
       149, 245, 177, 161, 245, 33, 200, 91, 95, 121, 247, 231, 165, 71,
       115, 127, 82, 234, 228, 38, 82, 217, 88, 113, 204, 215, 231, 89,
       95, 191, 91, 254, 221, 181, 231, 204, 247, 165, 200, 210, 251,
       235, 134, 47, 167, 126, 83, 42, 58, 114, 232, 113, 150, 216, 82,
       57, 205, 116, 229, 44, 159, 182, 180, 222, 185, 151, 149, 142,
       186, 4, 204, 82, 93, 186, 139, 95, 132, 43, 221, 160, 205, 70,
       159, 84, 129, 142, 103, 20, 2, 88, 18, 96, 104, 32, 65, 72, 98, 2,
       66, 96, 190, 2, 191, 32, 38, 218, 0, 85, 88, 208, 136, 168, 251,
       105, 237, 124, 219, 87, 246, 67, 236, 252, 169, 59, 157, 210, 48,
       90, 252, 215, 72, 203, 58, 244, 63, 119, 205, 165, 177, 119, 186,
       86, 251, 126, 20, 239, 118, 11, 116, 153, 154, 143, 127, 151, 183,
       78, 188, 127, 43, 173, 215, 253, 131, 140, 101, 187, 193, 211,
       251, 249, 159, 215, 125, 20, 87, 63, 123, 99, 109, 52, 95, 91,
       248, 69, 236, 244, 238, 91, 93, 159, 180, 62, 220, 213, 110, 205,
       179, 117, 156, 179, 221, 161, 182, 127, 191, 90, 245, 137, 51,
       239, 233, 110, 185, 233, 88, 237, 89, 247, 246, 153, 143, 249,
       106, 110, 169, 127, 159, 131, 49, 231, 192, 86, 217, 170, 168, 62,
       203, 113, 241, 63, 95, 123, 206, 116, 147, 79, 120, 85, 200, 253,
       102, 123, 205, 183, 52, 126, 232, 23, 238, 233, 179, 44, 255, 114,
       221, 161, 128, 127, 187, 120, 245, 203, 190, 125, 241, 170, 252,
       125, 183, 187, 127, 54, 253, 156, 63, 202, 247, 167, 215, 253, 12,
       247, 92, 171, 247, 222, 251, 127, 231, 14, 196, 143, 121, 94, 91,
       127, 226, 51, 214, 123, 116, 173, 204, 222, 167, 253, 223, 182,
       100, 246, 181, 191, 209, 193, 155, 48, 236, 251, 249, 174, 195,
       39, 134, 37, 123, 10, 213, 54, 155, 245, 221, 188, 231, 61, 125,
       124, 23, 140, 158, 102, 197, 239, 27, 147, 49, 246, 250, 49, 228,
       63, 81, 94, 199, 210, 12, 173, 223, 191, 76, 226, 222, 215, 54,
       222, 120, 25, 194, 253, 159, 107, 109, 183, 189, 126, 243, 151,
       238, 253, 231, 124, 238, 179, 251, 197, 155, 255, 255, 122, 244,
       138, 145, 114, 154, 109, 253, 248, 205, 255, 93, 117, 19, 172,
       222, 62, 204, 239, 155, 159, 145, 150, 33, 26, 209, 23, 248, 154,
       239, 150, 14, 237, 223, 155, 178, 235, 249, 102, 131, 233, 89, 31,
       105, 85, 246, 57, 207, 252, 40, 127, 153, 23, 157, 179, 182, 45,
       211, 86, 79, 187, 228, 253, 136, 179, 177, 155, 74, 235, 251, 86,
       131, 233, 91, 127, 65, 87, 246, 121, 203, 184, 104, 126, 171, 23,
       156, 227, 156, 47, 255, 214, 239, 186, 192, 63, 136, 49, 248, 239,
       159, 123, 250, 236, 149, 155, 209, 201, 91, 189, 110, 60, 223,
       191, 53, 239, 179, 95, 159, 243, 35, 106, 245, 178, 217, 170, 250,
       158, 206, 43, 189, 134, 158, 171, 223, 244, 246, 187, 242, 31, 75,
       87, 179, 188, 255, 179, 96, 255, 123, 151, 147, 177, 158, 42, 239,
       111, 119, 186, 203, 135, 109, 53, 243, 175, 178, 107, 153, 110,
       25, 185, 248, 9, 95, 116, 255, 29, 140, 254, 47, 110, 153, 183,
       199, 135, 118, 166, 209, 86, 89, 250, 238, 127, 157, 119, 213,
       143, 115, 231, 133, 231, 22, 188, 222, 43, 254, 86, 231, 8, 44,
       223, 143, 62, 205, 183, 239, 197, 240, 181, 192, 22, 120, 207,
       166, 239, 244, 171, 213, 126, 17, 172, 170, 143, 116, 149, 11,
       139, 245, 157, 139, 14, 188, 126, 74, 232, 215, 253, 145, 30, 43,
