%YAML:1.0
---
descriptors: !!opencv-matrix
   rows: 215
   cols: 32
   dt: u
   data: [ 57, 223, 107, 254, 126, 129, 207, 244, 212, 72, 252, 230, 51,
       201, 176, 32, 126, 234, 23, 207, 201, 171, 46, 189, 114, 201, 174,
       168, 125, 154, 240, 185, 45, 57, 234, 97, 247, 95, 251, 80, 99,
       236, 125, 14, 25, 157, 215, 48, 126, 188, 151, 250, 140, 178, 60,
       128, 95, 201, 165, 229, 231, 175, 126, 243, 137, 16, 253, 213, 52,
       174, 105, 51, 125, 9, 118, 112, 189, 55, 144, 116, 70, 60, 63, 8,
       161, 188, 49, 207, 199, 255, 50, 192, 198, 128, 69, 169, 222, 88,
       191, 253, 171, 102, 29, 26, 172, 218, 151, 116, 222, 255, 33, 123,
       231, 117, 253, 163, 185, 197, 51, 232, 195, 243, 123, 146, 136,
       117, 37, 115, 161, 181, 99, 71, 244, 79, 239, 125, 93, 105, 127,
       118, 114, 52, 148, 36, 124, 174, 22, 108, 241, 186, 117, 223, 53,
       30, 164, 192, 125, 138, 242, 253, 57, 69, 67, 77, 84, 27, 230,
       113, 69, 96, 250, 70, 83, 8, 180, 228, 120, 140, 30, 239, 205,
       179, 101, 140, 54, 108, 162, 0, 111, 190, 120, 132, 143, 77, 38,
       158, 220, 144, 174, 252, 148, 66, 221, 130, 120, 206, 187, 228,
       126, 107, 59, 239, 231, 131, 46, 255, 114, 47, 170, 136, 63, 223,
       184, 212, 3, 207, 67, 15, 85, 147, 166, 229, 68, 64, 120, 70, 224,
       72, 180, 228, 120, 106, 2, 239, 199, 184, 77, 255, 36, 60, 134, 2,
       95, 158, 249, 140, 60, 249, 89, 234, 86, 199, 71, 252, 6, 8, 252,
       106, 115, 211, 40, 80, 92, 216, 23, 106, 75, 50, 88, 61, 241, 201,
       37, 60, 113, 155, 38, 171, 215, 95, 86, 150, 242, 178, 190, 230,
       189, 198, 219, 247, 108, 238, 163, 209, 183, 243, 159, 198, 117,
       143, 10, 238, 176, 166, 94, 138, 173, 119, 171, 221, 157, 9, 111,
       236, 6, 18, 111, 112, 196, 2, 247, 242, 83, 11, 176, 97, 126, 180,
       31, 234, 217, 179, 37, 204, 210, 235, 226, 128, 63, 171, 240, 49,
       57, 175, 120, 109, 116, 159, 123, 119, 115, 45, 124, 10, 59, 9,
       150, 48, 122, 170, 6, 40, 222, 186, 101, 31, 119, 205, 32, 33,
       115, 136, 238, 233, 63, 83, 225, 78, 118, 114, 219, 216, 65, 64,
       253, 226, 121, 109, 159, 180, 126, 216, 151, 239, 141, 162, 109,
       233, 118, 109, 161, 136, 103, 255, 114, 245, 74, 147, 51, 174, 49,
       140, 57, 103, 173, 13, 90, 97, 172, 191, 34, 212, 166, 59, 255, 5,
       82, 137, 130, 213, 177, 116, 26, 203, 2, 6, 165, 111, 79, 19, 207,
       133, 226, 118, 173, 27, 40, 255, 159, 246, 221, 54, 155, 250, 119,
       135, 255, 189, 145, 208, 165, 64, 220, 39, 251, 132, 142, 228,
       163, 241, 159, 104, 235, 255, 70, 161, 169, 88, 31, 234, 85, 214,
       61, 206, 245, 40, 62, 169, 55, 143, 163, 182, 174, 251, 86, 79,
       235, 160, 189, 253, 51, 224, 138, 249, 100, 216, 127, 213, 222,
       252, 143, 124, 20, 175, 172, 222, 246, 164, 174, 177, 215, 209,
       198, 43, 126, 253, 63, 24, 143, 251, 87, 156, 223, 223, 142, 220,
       34, 158, 247, 242, 190, 226, 60, 79, 83, 179, 204, 255, 54, 9,
       255, 125, 179, 135, 164, 254, 174, 247, 127, 127, 207, 203, 135,
       116, 55, 211, 168, 163, 105, 67, 244, 75, 109, 253, 115, 61, 53,
       56, 83, 17, 216, 52, 25, 154, 23, 248, 218, 58, 233, 23, 111, 141,
       165, 228, 231, 130, 214, 163, 75, 158, 119, 101, 50, 174, 123, 51,
       41, 73, 255, 245, 63, 63, 148, 112, 167, 183, 253, 37, 177, 157,
       33, 207, 106, 255, 48, 210, 111, 132, 167, 121, 27, 207, 107, 188,
       182, 130, 239, 119, 181, 64, 222, 231, 61, 175, 176, 96, 102, 251,
       23, 205, 225, 139, 36, 239, 242, 111, 190, 136, 63, 212, 177, 249,
       174, 221, 114, 218, 245, 215, 250, 224, 221, 136, 127, 51, 72,
       252, 62, 196, 255, 249, 179, 243, 228, 179, 26, 238, 63, 62, 143,
       203, 87, 127, 124, 215, 17, 223, 75, 252, 150, 128, 111, 247, 197,
       72, 222, 230, 49, 235, 176, 96, 110, 234, 30, 204, 233, 171, 38,
       239, 242, 237, 174, 136, 61, 184, 240, 57, 254, 60, 244, 228, 111,
       242, 219, 208, 201, 238, 180, 171, 75, 63, 215, 191, 174, 245,
       213, 255, 172, 246, 236, 234, 211, 219, 203, 147, 231, 247, 71,
       119, 15, 250, 127, 251, 110, 153, 237, 81, 239, 80, 119, 230, 157,
       207, 244, 99, 102, 169, 63, 207, 195, 48, 174, 208, 86, 217, 234,
       236, 62, 155, 225, 241, 59, 255, 105, 72, 126, 151, 95, 252, 69,
       72, 252, 230, 59, 93, 181, 36, 126, 218, 22, 238, 203, 186, 109,
       189, 122, 205, 165, 188, 127, 155, 112, 253, 89, 248, 56, 250,
       121, 221, 83, 246, 175, 77, 60, 12, 62, 223, 102, 48, 165, 251,
       213, 82, 199, 43, 58, 247, 219, 221, 20, 107, 90, 6, 15, 91, 63,
       182, 232, 75, 255, 119, 159, 153, 67, 127, 157, 191, 89, 125, 222,
       166, 223, 148, 213, 191, 191, 82, 253, 147, 126, 93, 173, 246,
       191, 238, 222, 117, 126, 20, 239, 116, 15, 117, 145, 26, 199, 255,
       159, 191, 74, 252, 127, 43, 173, 215, 253, 129, 140, 101, 191,
       128, 211, 91, 217, 159, 231, 125, 124, 87, 94, 91, 111, 236, 182,
       86, 127, 112, 173, 204, 222, 231, 221, 239, 183, 224, 118, 253,
       191, 227, 193, 145, 53, 204, 243, 251, 239, 133, 63, 183, 37, 115,
       186, 255, 107, 202, 127, 213, 159, 253, 31, 108, 253, 127, 42,
       220, 246, 181, 252, 187, 151, 231, 239, 55, 234, 247, 55, 93, 169,
       187, 87, 28, 254, 255, 9, 58, 123, 235, 238, 185, 233, 81, 236,
       72, 119, 230, 157, 143, 240, 106, 110, 185, 127, 221, 147, 176,
       231, 208, 214, 217, 186, 200, 126, 139, 97, 241, 11, 188, 249,
       249, 236, 233, 253, 87, 175, 91, 188, 254, 189, 191, 242, 106,
       239, 51, 95, 157, 147, 11, 226, 209, 230, 223, 190, 248, 156, 216,
       197, 249, 62, 54, 102, 0, 37, 118, 95, 113, 233, 238, 191, 191,
       74, 236, 190, 180, 254, 165, 221, 166, 189, 163, 44, 206, 210, 95,
       225, 151, 239, 231, 126, 87, 170, 187, 107, 80, 245, 221, 177,
       119, 219, 93, 116, 61, 56, 157, 246, 48, 141, 58, 151, 17, 211,
       58, 178, 215, 127, 29, 52, 235, 215, 12, 214, 255, 155, 131, 108,
       219, 37, 152, 248, 23, 207, 85, 214, 182, 171, 8, 182, 237, 110,
       38, 190, 221, 158, 184, 103, 245, 198, 121, 146, 195, 63, 140,
       217, 79, 53, 79, 105, 109, 52, 7, 207, 248, 84, 72, 255, 70, 115,
       65, 185, 96, 92, 200, 22, 238, 233, 178, 109, 63, 98, 175, 161,
       132, 125, 187, 112, 161, 133, 106, 204, 81, 230, 27, 104, 216,
       127, 242, 118, 246, 219, 66, 215, 125, 127, 204, 126, 254, 167,
       244, 205, 192, 30, 42, 231, 196, 239, 177, 122, 149, 166, 194,
       229, 153, 110, 185, 233, 136, 255, 85, 113, 247, 203, 200, 223,
       75, 111, 201, 110, 87, 134, 100, 239, 241, 78, 26, 243, 237, 213,
       157, 85, 197, 177, 121, 105, 77, 116, 223, 207, 252, 84, 232, 244,
       106, 51, 149, 183, 48, 126, 232, 23, 238, 235, 190, 117, 127, 119,
       9, 165, 184, 127, 152, 114, 249, 171, 197, 227, 205, 220, 19, 173,
       255, 94, 226, 222, 151, 57, 172, 182, 229, 121, 138, 31, 173, 253,
       187, 101, 222, 60, 79, 191, 156, 119, 252, 248, 252, 59, 71, 98,
       165, 21, 18, 234, 112, 101, 64, 222, 198, 75, 8, 182, 228, 122,
       140, 150, 239, 205, 178, 5, 142, 178, 237, 162, 128, 111, 174,
       120, 4, 2, 0, 18, 137, 77, 117, 248, 66, 141, 17, 242, 18, 140,
       26, 116, 203, 234, 153, 206, 145, 6, 179, 81, 192, 21, 16, 218,
       11, 149, 8, 125, 134, 50, 1, 82, 129, 117, 78, 248, 64, 45, 40,
       179, 3, 14, 26, 63, 84, 250, 149, 207, 225, 8, 179, 65, 204, 149,
       240, 138, 147, 69, 14, 108, 135, 34, 164, 178, 217, 213, 247, 178,
       79, 94, 7, 120, 19, 168, 216, 52, 32, 249, 43, 131, 17, 146, 190,
       16, 159, 45, 30, 26, 67, 213, 78, 253, 142, 49, 240, 251, 236, 86,
       131, 227, 218, 87, 226, 252, 230, 121, 205, 253, 32, 127, 236, 23,
       169, 203, 183, 172, 207, 122, 207, 191, 172, 125, 186, 112, 241,
       159, 74, 235, 251, 86, 131, 233, 216, 63, 72, 86, 246, 121, 207,
       189, 104, 126, 233, 55, 223, 227, 220, 47, 251, 214, 239, 186,
       128, 63, 137, 33, 185, 207, 126, 115, 68, 109, 52, 251, 210, 233,
