%YAML:1.0
---
descriptors: !!opencv-matrix
   rows: 236
   cols: 32
   dt: u
   data: [ 115, 79, 98, 4, 114, 18, 238, 113, 49, 196, 219, 231, 105,
       110, 151, 81, 54, 245, 253, 231, 236, 139, 165, 238, 50, 46, 175,
       128, 37, 182, 182, 85, 23, 183, 104, 225, 246, 53, 251, 123, 105,
       233, 61, 110, 25, 58, 158, 34, 191, 131, 87, 189, 151, 58, 45,
       205, 126, 13, 175, 236, 237, 198, 251, 209, 148, 76, 63, 236, 22,
       198, 75, 120, 180, 204, 247, 2, 119, 215, 33, 113, 122, 177, 29,
       234, 105, 135, 32, 29, 241, 235, 170, 0, 49, 163, 37, 99, 72, 52,
       185, 233, 160, 108, 121, 19, 46, 79, 95, 48, 157, 183, 192, 104,
       7, 31, 125, 25, 147, 156, 241, 194, 199, 253, 58, 128, 134, 192,
       133, 121, 169, 253, 121, 65, 176, 223, 93, 183, 125, 104, 126,
       108, 191, 21, 150, 181, 134, 158, 212, 108, 251, 184, 113, 29,
       102, 249, 52, 208, 74, 132, 202, 125, 89, 49, 249, 101, 53, 126,
       121, 19, 107, 173, 190, 0, 219, 55, 148, 118, 54, 150, 125, 152,
       152, 152, 241, 134, 207, 255, 178, 80, 162, 224, 68, 121, 217, 20,
       127, 229, 34, 110, 125, 59, 48, 98, 118, 18, 95, 55, 1, 123, 54,
       149, 60, 168, 33, 149, 49, 76, 213, 235, 114, 0, 36, 225, 33, 113,
       78, 191, 225, 195, 254, 122, 235, 154, 43, 237, 31, 238, 9, 47,
       220, 246, 55, 215, 223, 157, 147, 24, 237, 208, 30, 125, 171, 228,
       167, 231, 87, 245, 230, 149, 102, 218, 247, 246, 250, 72, 191, 12,
       223, 179, 104, 222, 62, 68, 254, 183, 179, 241, 182, 179, 62, 255,
       55, 62, 138, 195, 23, 7, 255, 215, 134, 161, 138, 147, 194, 98,
       188, 69, 58, 183, 11, 145, 204, 238, 92, 10, 183, 31, 113, 145,
       52, 220, 137, 66, 13, 20, 223, 231, 132, 98, 167, 210, 8, 157, 54,
       233, 213, 247, 242, 103, 223, 4, 94, 3, 140, 59, 38, 192, 233, 51,
       131, 177, 52, 184, 16, 223, 111, 253, 130, 67, 150, 76, 252, 130,
       149, 129, 127, 225, 180, 6, 235, 57, 68, 65, 83, 82, 209, 15, 184,
       97, 127, 148, 22, 250, 185, 176, 125, 196, 205, 137, 163, 196,
       189, 139, 240, 160, 117, 67, 208, 204, 205, 37, 198, 219, 71, 169,
       184, 74, 67, 232, 125, 244, 89, 206, 38, 24, 142, 51, 207, 144,
       60, 140, 135, 60, 177, 250, 120, 4, 12, 180, 180, 179, 173, 125,
       180, 109, 207, 255, 165, 57, 206, 252, 110, 138, 135, 27, 234, 35,
       86, 101, 186, 145, 203, 211, 85, 127, 218, 110, 141, 211, 79, 118,
       252, 245, 38, 58, 250, 146, 237, 203, 31, 231, 217, 111, 223, 42,
       55, 85, 125, 157, 133, 229, 45, 194, 70, 95, 255, 132, 239, 247,
       73, 85, 86, 55, 170, 160, 178, 56, 186, 67, 42, 165, 159, 175,
       205, 238, 67, 10, 183, 247, 237, 149, 148, 81, 139, 194, 218, 71,
       47, 231, 164, 103, 15, 83, 93, 222, 85, 97, 51, 30, 99, 182, 100,
       236, 126, 100, 91, 3, 147, 244, 119, 196, 12, 254, 233, 176, 53,
       14, 118, 239, 37, 68, 42, 183, 104, 97, 175, 106, 228, 16, 237,
       25, 252, 204, 203, 246, 180, 159, 10, 136, 215, 191, 235, 192,
       246, 215, 206, 103, 230, 192, 30, 88, 213, 191, 239, 189, 90, 196,
       130, 189, 146, 184, 211, 225, 176, 71, 31, 7, 104, 51, 44, 190,
       100, 64, 251, 187, 131, 145, 54, 26, 18, 247, 125, 20, 154, 107,
       145, 64, 175, 138, 117, 77, 117, 109, 56, 46, 78, 186, 97, 160,
       170, 72, 211, 59, 149, 119, 196, 244, 124, 106, 136, 34, 69, 60,
       179, 250, 129, 20, 32, 243, 66, 36, 60, 87, 114, 236, 117, 123,
       86, 120, 189, 166, 125, 41, 95, 223, 43, 144, 190, 185, 199, 98,
       108, 177, 16, 158, 243, 223, 1, 51, 118, 191, 78, 195, 17, 223,
       29, 237, 38, 135, 207, 255, 20, 8, 88, 102, 181, 11, 176, 96, 126,
       42, 23, 239, 201, 184, 1, 157, 224, 207, 170, 128, 60, 154, 177,
       169, 75, 188, 45, 191, 44, 166, 93, 159, 51, 91, 196, 85, 245,
       127, 16, 123, 197, 87, 61, 141, 251, 92, 251, 247, 199, 251, 250,
       204, 24, 144, 178, 122, 70, 205, 132, 159, 205, 192, 190, 175,
       158, 151, 131, 18, 236, 250, 109, 203, 201, 87, 187, 211, 118, 75,
       219, 241, 173, 114, 223, 239, 148, 113, 189, 142, 166, 148, 148,
       145, 205, 111, 180, 239, 159, 183, 24, 27, 204, 120, 109, 143,
       201, 83, 163, 17, 48, 105, 91, 242, 45, 22, 95, 119, 209, 125,
       157, 134, 65, 217, 151, 121, 178, 206, 113, 182, 172, 25, 102,
       112, 158, 19, 160, 244, 167, 119, 60, 88, 83, 152, 48, 100, 173,
       188, 54, 66, 130, 144, 163, 41, 87, 5, 99, 132, 246, 242, 239, 96,
       245, 194, 219, 226, 89, 230, 188, 228, 122, 228, 22, 239, 237,
       147, 36, 206, 48, 46, 171, 132, 37, 246, 52, 100, 134, 250, 202,
       155, 83, 208, 59, 240, 31, 95, 87, 183, 237, 198, 250, 76, 119,
       107, 167, 149, 166, 92, 46, 247, 78, 86, 159, 195, 190, 132, 61,
       223, 58, 85, 82, 172, 27, 67, 22, 104, 57, 134, 249, 169, 15, 158,
       39, 80, 222, 153, 133, 227, 108, 163, 64, 142, 241, 244, 10, 31,
       113, 63, 38, 18, 7, 142, 106, 137, 180, 243, 186, 170, 95, 78, 94,
       167, 232, 232, 191, 100, 255, 98, 182, 189, 247, 177, 45, 255, 46,
       127, 175, 199, 157, 238, 121, 93, 111, 254, 225, 204, 110, 65, 79,
       248, 155, 238, 28, 239, 121, 237, 245, 132, 127, 236, 55, 239,
       193, 71, 174, 251, 54, 94, 173, 188, 55, 191, 84, 241, 56, 141,
       122, 235, 149, 247, 251, 247, 68, 5, 254, 2, 121, 121, 50, 224,
       120, 186, 151, 40, 154, 184, 49, 191, 123, 237, 162, 193, 55, 202,
       252, 170, 50, 252, 59, 72, 75, 85, 151, 254, 131, 94, 236, 8, 24,
       156, 108, 52, 141, 91, 210, 227, 203, 47, 186, 51, 59, 77, 5, 254,
       81, 83, 38, 255, 60, 241, 240, 219, 221, 93, 86, 220, 87, 117,
       245, 26, 75, 221, 126, 188, 89, 222, 182, 88, 158, 114, 121, 180,
       255, 223, 21, 127, 247, 159, 252, 246, 40, 62, 248, 97, 244, 255,
       125, 23, 105, 239, 126, 61, 159, 63, 131, 24, 143, 191, 197, 28,
       156, 248, 225, 34, 230, 221, 48, 145, 226, 209, 206, 219, 135,
       210, 187, 27, 116, 204, 249, 128, 255, 95, 115, 117, 22, 220, 60,
       104, 167, 1, 63, 21, 183, 37, 51, 87, 79, 30, 50, 206, 212, 137,
       101, 83, 32, 169, 90, 104, 208, 137, 115, 223, 35, 5, 108, 137,
       51, 195, 98, 16, 24, 186, 7, 88, 26, 26, 130, 61, 127, 133, 36,
       105, 243, 130, 198, 234, 87, 111, 107, 164, 98, 2, 174, 112, 32,
       194, 90, 231, 121, 238, 149, 3, 62, 237, 85, 239, 193, 211, 132,
       236, 48, 40, 239, 128, 45, 247, 51, 209, 252, 116, 18, 236, 59,
       221, 86, 120, 49, 136, 253, 40, 127, 215, 33, 149, 218, 185, 205,
       98, 104, 39, 216, 159, 243, 209, 1, 59, 115, 167, 46, 51, 115, 95,
       110, 12, 114, 22, 110, 176, 33, 72, 218, 231, 89, 46, 151, 81,
       118, 229, 125, 239, 229, 155, 37, 237, 118, 42, 234, 128, 45, 183,
       115, 93, 73, 181, 121, 97, 177, 252, 121, 23, 63, 77, 127, 16,
       159, 55, 128, 116, 135, 159, 29, 24, 147, 152, 241, 192, 207, 253,
       50, 192, 166, 192, 199, 113, 41, 153, 125, 81, 176, 223, 125, 183,
       125, 105, 126, 68, 187, 61, 150, 181, 134, 58, 212, 12, 215, 184,
       117, 157, 103, 255, 52, 192, 74, 132, 202, 253, 113, 46, 109, 101,
       22, 43, 97, 55, 80, 235, 250, 254, 51, 33, 144, 48, 13, 166, 124,
       140, 185, 248, 229, 14, 220, 174, 177, 144, 109, 200, 210, 41,
       129, 188, 191, 178, 173, 237, 209, 215, 218, 219, 148, 27, 190,
       253, 82, 43, 163, 115, 95, 17, 179, 111, 186, 243, 217, 27, 127,
       122, 140, 72, 151, 251, 195, 188, 173, 178, 236, 237, 125, 215,
       158, 123, 134, 27, 180, 245, 114, 107, 129, 50, 123, 29, 179, 79,
       122, 179, 223, 91, 255, 248, 156, 72, 145, 123, 211, 156, 173,
       251, 136, 228, 93, 159, 182, 123, 198, 20, 241, 247, 10, 123, 197,
       119, 125, 156, 59, 77, 251, 51, 235, 235, 254, 144, 152, 208, 162,
       122, 30, 157, 106, 254, 245, 247, 251, 242, 149, 204, 222, 167,
       121, 239, 183, 96, 127, 251, 151, 199, 142, 187, 62, 255, 123,
       223, 175, 193, 183, 255, 124, 251, 135, 114, 138, 153, 102, 51,
       184, 88, 95, 239, 85, 183, 76, 200, 186, 172, 254, 13, 23, 223,
