%YAML:1.0
---
descriptors: !!opencv-matrix
   rows: 258
   cols: 32
   dt: u
   data: [ 117, 3, 192, 196, 221, 37, 198, 219, 67, 160, 184, 78, 19,
       169, 117, 116, 89, 206, 34, 157, 136, 50, 215, 144, 29, 140, 133,
       60, 189, 250, 80, 136, 119, 243, 236, 27, 222, 209, 153, 206, 19,
       125, 156, 191, 64, 236, 94, 2, 221, 203, 179, 213, 158, 74, 239,
       49, 58, 4, 189, 255, 189, 30, 246, 94, 166, 79, 74, 8, 88, 147,
       206, 104, 84, 134, 228, 163, 1, 200, 183, 65, 90, 168, 138, 230,
       108, 175, 71, 30, 54, 33, 128, 121, 117, 189, 124, 212, 176, 153,
       127, 238, 22, 194, 91, 120, 148, 4, 197, 2, 119, 215, 33, 113,
       120, 185, 15, 226, 106, 131, 56, 29, 243, 225, 171, 25, 48, 138,
       36, 106, 41, 33, 106, 200, 124, 129, 210, 72, 71, 4, 253, 143, 35,
       200, 126, 0, 216, 168, 151, 245, 142, 51, 198, 157, 82, 89, 129,
       57, 85, 143, 122, 194, 144, 80, 127, 237, 2, 66, 121, 112, 36,
       192, 247, 34, 83, 87, 32, 113, 126, 181, 63, 232, 105, 151, 49,
       76, 211, 235, 226, 128, 37, 160, 36, 34, 129, 188, 187, 243, 188,
       237, 241, 215, 222, 249, 22, 22, 182, 221, 112, 43, 229, 123, 31,
       17, 179, 109, 59, 226, 207, 153, 55, 88, 204, 72, 145, 123, 217,
       80, 255, 237, 34, 110, 125, 23, 109, 98, 119, 50, 31, 55, 129,
       123, 38, 149, 60, 170, 161, 148, 181, 72, 215, 171, 114, 128, 45,
       241, 161, 49, 143, 74, 131, 186, 53, 178, 42, 67, 188, 194, 67,
       247, 172, 202, 179, 200, 244, 41, 187, 151, 167, 212, 6, 234, 134,
       118, 154, 139, 156, 37, 57, 212, 193, 156, 45, 255, 108, 230, 109,
       190, 174, 91, 70, 20, 245, 87, 16, 123, 69, 22, 57, 136, 163, 28,
       251, 245, 199, 171, 251, 196, 24, 144, 242, 122, 23, 223, 110,
       141, 50, 146, 110, 182, 53, 68, 222, 231, 73, 102, 182, 212, 118,
       236, 157, 238, 253, 152, 37, 239, 162, 111, 170, 128, 47, 246,
       184, 85, 12, 244, 188, 179, 173, 253, 149, 237, 206, 127, 173, 29,
       206, 252, 106, 138, 135, 19, 235, 17, 86, 101, 59, 145, 203, 211,
       93, 119, 208, 78, 141, 83, 130, 245, 156, 147, 250, 233, 188, 205,
       26, 51, 1, 185, 236, 254, 76, 9, 183, 91, 243, 17, 118, 92, 139,
       119, 45, 18, 29, 247, 148, 88, 135, 155, 243, 87, 110, 134, 126,
       18, 238, 116, 161, 196, 219, 231, 121, 108, 151, 83, 126, 229,
       245, 239, 229, 211, 165, 236, 118, 42, 238, 128, 45, 182, 114, 93,
       160, 93, 59, 94, 93, 205, 211, 230, 212, 76, 228, 8, 50, 157, 39,
       32, 200, 122, 83, 66, 105, 171, 50, 63, 115, 157, 16, 26, 82, 25,
       118, 250, 6, 205, 148, 159, 205, 196, 158, 175, 158, 151, 201, 19,
       236, 250, 108, 203, 201, 91, 171, 210, 118, 73, 219, 241, 45, 243,
       223, 79, 144, 89, 189, 142, 166, 141, 148, 145, 205, 111, 180,
       143, 159, 191, 24, 19, 204, 120, 109, 143, 201, 83, 163, 17, 54,
       120, 91, 242, 45, 22, 95, 119, 209, 125, 157, 134, 212, 176, 188,
       179, 173, 255, 112, 3, 174, 127, 151, 25, 223, 31, 74, 203, 129,
       23, 253, 17, 62, 197, 249, 22, 207, 211, 127, 245, 128, 73, 157,
       83, 107, 245, 105, 69, 124, 95, 207, 61, 75, 232, 188, 79, 187,
       29, 214, 52, 26, 236, 87, 109, 201, 106, 253, 220, 127, 88, 37,
       188, 103, 174, 214, 253, 34, 78, 42, 191, 93, 195, 251, 71, 30,
       69, 92, 131, 168, 204, 54, 0, 216, 42, 131, 133, 150, 190, 102,
       191, 101, 87, 154, 171, 85, 30, 245, 222, 72, 52, 185, 225, 32,
       108, 121, 19, 46, 111, 94, 144, 157, 151, 208, 104, 39, 31, 253,
       137, 147, 156, 243, 194, 197, 253, 186, 128, 166, 192, 5, 113, 93,
       93, 241, 105, 177, 22, 79, 148, 100, 224, 238, 32, 91, 19, 131,
       244, 86, 180, 156, 252, 173, 152, 101, 14, 226, 237, 165, 16, 186,
       182, 104, 104, 241, 64, 127, 109, 36, 14, 109, 52, 100, 43, 246,
       64, 243, 1, 152, 113, 90, 134, 46, 236, 233, 188, 117, 13, 229,
       170, 112, 0, 105, 152, 96, 40, 194, 76, 228, 223, 13, 116, 156,
       142, 221, 22, 210, 19, 104, 44, 55, 79, 193, 103, 249, 199, 164,
       69, 87, 235, 7, 58, 218, 19, 149, 125, 124, 78, 86, 210, 233, 168,
       26, 100, 155, 216, 143, 93, 145, 183, 92, 221, 127, 74, 255, 81,
       253, 213, 158, 3, 187, 208, 91, 101, 43, 223, 245, 55, 53, 83, 17,
       203, 29, 237, 38, 135, 79, 253, 20, 8, 208, 102, 247, 67, 176, 96,
       126, 40, 31, 238, 201, 168, 1, 157, 224, 235, 170, 128, 60, 154,
       177, 169, 249, 14, 223, 229, 30, 2, 203, 122, 80, 224, 210, 238,
       115, 33, 144, 32, 118, 228, 124, 44, 169, 255, 165, 14, 216, 175,
       113, 148, 109, 168, 80, 41, 7, 183, 104, 193, 246, 63, 251, 123,
       105, 77, 189, 239, 93, 124, 158, 32, 63, 131, 87, 189, 151, 58,
       45, 223, 126, 77, 175, 228, 237, 199, 219, 213, 60, 240, 240, 235,
       253, 95, 86, 220, 87, 125, 245, 26, 203, 221, 254, 236, 93, 222,
       183, 88, 158, 114, 121, 181, 255, 223, 149, 119, 247, 159, 220,
       247, 22, 173, 98, 194, 215, 145, 234, 200, 119, 5, 249, 131, 104,
       200, 127, 132, 122, 203, 147, 241, 150, 187, 28, 255, 58, 76, 143,
       199, 231, 15, 255, 134, 89, 112, 187, 252, 41, 108, 93, 23, 171,
       218, 188, 76, 191, 223, 65, 122, 166, 181, 125, 0, 11, 71, 178,
       129, 211, 253, 114, 184, 40, 242, 35, 59, 101, 33, 248, 97, 244,
       111, 97, 31, 115, 253, 62, 24, 151, 53, 210, 58, 27, 156, 84, 60,
       153, 248, 241, 2, 239, 157, 53, 116, 224, 248, 214, 241, 5, 65,
       115, 91, 36, 140, 105, 144, 126, 89, 115, 64, 157, 131, 249, 121,
       246, 8, 38, 90, 195, 176, 51, 80, 69, 184, 50, 68, 80, 129, 97,
       161, 13, 88, 83, 75, 21, 223, 98, 16, 117, 72, 99, 64, 146, 17,
       161, 244, 80, 168, 26, 90, 75, 180, 49, 62, 37, 220, 0, 64, 106,
       155, 104, 36, 86, 62, 186, 160, 162, 56, 187, 66, 186, 167, 31,
       191, 143, 238, 67, 10, 183, 247, 237, 147, 20, 81, 138, 194, 218,
       71, 47, 199, 164, 103, 15, 83, 47, 254, 225, 222, 111, 80, 111,
       216, 155, 202, 28, 238, 121, 231, 253, 228, 127, 232, 23, 238,
       195, 70, 174, 251, 55, 92, 175, 174, 55, 255, 84, 245, 110, 190,
       225, 195, 254, 122, 251, 146, 107, 125, 63, 238, 9, 47, 212, 246,
       103, 215, 215, 153, 147, 26, 237, 240, 30, 125, 171, 228, 167,
       231, 86, 245, 33, 184, 187, 127, 172, 108, 181, 247, 202, 91, 180,
       84, 182, 188, 84, 42, 175, 115, 118, 1, 145, 109, 178, 97, 79,
       153, 118, 104, 201, 104, 227, 187, 154, 120, 126, 218, 107, 208,
       63, 228, 175, 70, 198, 163, 44, 223, 231, 229, 166, 57, 251, 194,
       70, 135, 170, 253, 242, 97, 14, 139, 55, 22, 45, 127, 181, 1, 119,
       233, 180, 47, 107, 121, 68, 33, 243, 86, 211, 3, 184, 97, 122,
       136, 22, 126, 185, 176, 117, 28, 197, 136, 162, 68, 117, 139, 240,
       160, 239, 106, 228, 16, 237, 25, 252, 204, 203, 246, 180, 191, 10,
       136, 215, 191, 235, 200, 246, 215, 236, 103, 230, 192, 30, 88,
       213, 191, 231, 189, 90, 196, 113, 78, 85, 109, 24, 42, 74, 174,
       101, 160, 170, 72, 195, 11, 21, 244, 81, 196, 108, 232, 8, 160,
       77, 31, 162, 254, 129, 22, 58, 179, 64, 12, 100, 104, 151, 241,
       237, 45, 252, 135, 139, 187, 58, 88, 142, 163, 69, 142, 133, 118,
       110, 28, 1, 124, 210, 226, 141, 222, 85, 50, 202, 121, 81, 169,
       92, 57, 187, 96, 185, 237, 81, 82, 171, 233, 188, 12, 159, 159,
       64, 56, 132, 189, 253, 80, 153, 107, 242, 16, 219, 221, 33, 122,
       234, 3, 7, 99, 25, 157, 106, 201, 148, 183, 235, 247, 68, 69, 222,
       2, 121, 125, 178, 96, 120, 186, 151, 172, 154, 184, 53, 191, 127,
       237, 162, 193, 183, 202, 244, 232, 172, 249, 249, 225, 253, 93,
       231, 221, 87, 253, 180, 10, 219, 93, 219, 172, 125, 216, 247, 89,
       219, 114, 251, 176, 127, 201, 165, 116, 231, 191, 222, 241, 32,
       169, 90, 106, 210, 137, 115, 221, 39, 5, 108, 137, 51, 215, 96,
       16, 26, 186, 71, 88, 26, 26, 138, 61, 125, 141, 36, 104, 241, 130,
       198, 170, 152, 209, 31, 255, 131, 194, 52, 101, 188, 24, 195, 49,
       188, 215, 32, 195, 166, 51, 253, 192, 115, 205, 3, 125, 225, 227,
