%YAML:1.0
---
descriptors: !!opencv-matrix
   rows: 289
   cols: 32
   dt: u
   data: [ 27, 51, 59, 210, 163, 85, 189, 125, 157, 78, 215, 231, 124,
       220, 174, 237, 182, 27, 159, 5, 215, 137, 54, 207, 83, 93, 58,
       219, 30, 134, 173, 255, 120, 233, 248, 106, 249, 221, 87, 205,
       163, 29, 172, 8, 63, 223, 74, 16, 130, 155, 205, 80, 90, 43, 250,
       49, 251, 221, 37, 123, 226, 18, 142, 107, 2, 143, 174, 155, 251,
       240, 183, 135, 158, 31, 71, 179, 172, 174, 38, 204, 195, 91, 163,
       145, 54, 216, 175, 247, 47, 55, 222, 203, 144, 84, 173, 239, 195,
       186, 188, 82, 112, 188, 184, 23, 170, 89, 23, 252, 188, 30, 198,
       254, 135, 31, 254, 29, 183, 77, 176, 115, 14, 57, 58, 194, 140, 1,
       139, 125, 9, 188, 186, 189, 9, 253, 48, 87, 238, 75, 76, 21, 190,
       188, 98, 224, 129, 59, 250, 1, 151, 8, 178, 177, 195, 245, 26, 59,
       26, 76, 157, 223, 208, 218, 63, 191, 42, 207, 29, 183, 174, 91,
       150, 117, 247, 151, 2, 115, 167, 55, 125, 1, 235, 205, 51, 53,
       225, 227, 126, 208, 24, 16, 165, 123, 90, 31, 168, 237, 56, 183,
       89, 31, 39, 237, 158, 237, 175, 7, 147, 212, 134, 182, 253, 156,
       138, 8, 227, 187, 234, 245, 184, 187, 150, 212, 28, 121, 152, 141,
       29, 173, 18, 199, 107, 125, 36, 4, 250, 2, 255, 119, 32, 65, 126,
       179, 31, 233, 104, 153, 17, 93, 241, 193, 170, 128, 49, 130, 165,
       42, 189, 19, 228, 181, 164, 62, 236, 19, 125, 235, 114, 246, 217,
       40, 151, 173, 126, 79, 54, 189, 181, 248, 85, 202, 14, 219, 247,
       128, 239, 244, 217, 157, 27, 151, 115, 79, 178, 240, 59, 55, 45,
       77, 127, 229, 189, 254, 182, 113, 166, 59, 151, 133, 215, 152, 38,
       253, 110, 125, 42, 194, 38, 198, 165, 255, 126, 185, 122, 68, 114,
       217, 219, 121, 235, 236, 189, 168, 94, 253, 198, 52, 182, 253,
       213, 106, 210, 43, 174, 205, 122, 221, 37, 251, 103, 166, 135,
       231, 161, 201, 15, 252, 77, 205, 199, 230, 205, 136, 160, 8, 50,
       185, 53, 49, 200, 226, 123, 75, 104, 171, 82, 237, 241, 154, 196,
       58, 65, 56, 114, 170, 189, 124, 97, 69, 116, 126, 239, 82, 113,
       234, 250, 126, 19, 28, 149, 180, 126, 204, 86, 174, 233, 182, 245,
       14, 54, 172, 163, 176, 111, 249, 82, 181, 165, 50, 227, 69, 246,
       11, 239, 81, 85, 239, 119, 246, 80, 37, 148, 60, 127, 220, 22,
       188, 177, 190, 101, 206, 110, 62, 180, 196, 239, 233, 242, 245,
       57, 52, 243, 85, 100, 62, 236, 115, 121, 234, 122, 126, 91, 56,
       149, 253, 126, 236, 22, 174, 233, 242, 117, 200, 54, 238, 242,
       128, 111, 248, 98, 181, 35, 189, 114, 82, 245, 215, 178, 103, 221,
       77, 248, 35, 40, 220, 54, 164, 220, 59, 151, 209, 182, 187, 48,
       238, 59, 28, 142, 227, 199, 14, 255, 223, 18, 0, 158, 188, 10,
       193, 184, 72, 174, 148, 192, 163, 236, 222, 32, 64, 182, 49, 235,
       193, 6, 3, 2, 93, 145, 161, 75, 11, 16, 34, 47, 131, 30, 138, 215,
       254, 154, 192, 56, 193, 183, 21, 199, 179, 109, 231, 32, 200, 103,
       251, 171, 144, 58, 207, 138, 239, 219, 231, 222, 75, 167, 160,
       165, 50, 24, 29, 59, 108, 227, 94, 117, 119, 169, 204, 126, 12,
       127, 191, 34, 177, 166, 55, 213, 34, 193, 185, 48, 141, 243, 249,
       100, 131, 106, 96, 175, 251, 138, 188, 182, 154, 233, 245, 176,
       203, 191, 31, 100, 17, 172, 222, 102, 205, 133, 27, 131, 17, 54,
       109, 50, 243, 15, 87, 90, 107, 210, 69, 175, 199, 67, 21, 47, 71,
       52, 94, 233, 55, 104, 105, 95, 68, 252, 54, 158, 117, 164, 38,
       124, 45, 209, 184, 53, 79, 101, 61, 50, 128, 78, 130, 243, 125,
       74, 158, 102, 158, 119, 198, 186, 97, 184, 77, 87, 179, 108, 236,
       62, 65, 255, 191, 179, 161, 244, 247, 138, 255, 53, 62, 202, 139,
       7, 14, 247, 223, 96, 97, 19, 232, 108, 206, 105, 80, 160, 168,
       248, 0, 151, 147, 41, 80, 216, 60, 95, 104, 73, 163, 240, 158,
       213, 188, 162, 56, 64, 139, 118, 160, 96, 223, 25, 252, 127, 201,
       149, 239, 203, 29, 184, 40, 174, 191, 36, 81, 194, 91, 206, 64,
       114, 43, 66, 253, 255, 180, 22, 123, 80, 8, 135, 171, 10, 133, 54,
       155, 245, 252, 176, 39, 191, 95, 79, 17, 172, 254, 46, 204, 193,
       59, 171, 17, 54, 153, 50, 247, 15, 119, 90, 67, 146, 76, 173, 207,
       166, 157, 114, 154, 253, 213, 186, 225, 157, 77, 121, 3, 236, 252,
       46, 229, 254, 123, 147, 115, 52, 178, 58, 255, 63, 54, 143, 75,
       87, 46, 191, 215, 151, 147, 116, 203, 111, 20, 62, 248, 31, 126,
       148, 183, 76, 238, 239, 229, 127, 207, 191, 230, 245, 133, 63,
       241, 54, 122, 203, 135, 63, 223, 61, 85, 62, 48, 242, 192, 245,
       119, 222, 72, 95, 236, 255, 35, 74, 252, 127, 4, 255, 221, 151,
       243, 188, 179, 57, 206, 59, 28, 135, 199, 215, 63, 252, 215, 131,
       155, 21, 189, 123, 153, 184, 231, 142, 80, 88, 239, 172, 142, 34,
       192, 166, 43, 171, 5, 87, 8, 67, 253, 172, 16, 30, 250, 24, 12, 9,
       221, 148, 156, 159, 248, 169, 237, 85, 223, 255, 27, 180, 24, 63,
       255, 96, 59, 167, 179, 124, 16, 58, 111, 50, 51, 219, 219, 85,
       123, 240, 64, 163, 35, 129, 210, 187, 91, 112, 181, 185, 90, 255,
       91, 117, 84, 156, 147, 236, 124, 167, 25, 6, 28, 163, 60, 34, 211,
       79, 62, 50, 78, 218, 129, 99, 179, 79, 54, 249, 194, 240, 180,
       187, 18, 123, 203, 189, 252, 188, 254, 223, 188, 183, 27, 221,
       157, 151, 75, 168, 194, 30, 93, 63, 250, 206, 199, 43, 117, 255,
       123, 236, 16, 237, 93, 149, 204, 203, 254, 180, 47, 10, 220, 223,
       159, 237, 209, 223, 119, 206, 103, 234, 208, 90, 89, 69, 191, 215,
       61, 126, 215, 178, 216, 55, 188, 109, 196, 92, 230, 173, 90, 224,
       1, 46, 158, 33, 223, 204, 243, 255, 65, 110, 207, 82, 237, 147,
       242, 218, 11, 16, 20, 38, 94, 207, 82, 105, 65, 104, 55, 139, 152,
       27, 250, 20, 236, 221, 110, 223, 109, 87, 77, 31, 255, 177, 22,
       253, 218, 78, 93, 235, 244, 158, 245, 3, 245, 82, 180, 178, 242,
       41, 252, 176, 207, 171, 31, 173, 25, 174, 222, 78, 62, 131, 27,
       253, 17, 26, 77, 218, 243, 155, 213, 31, 123, 130, 68, 135, 207,
       189, 92, 110, 101, 108, 118, 253, 48, 228, 206, 255, 162, 217,
       125, 151, 107, 126, 244, 255, 174, 233, 244, 117, 140, 71, 107,
       227, 129, 103, 255, 124, 241, 75, 94, 121, 173, 50, 222, 63, 23,
       61, 76, 94, 229, 156, 31, 150, 244, 134, 53, 157, 15, 225, 152,
       117, 206, 230, 125, 42, 130, 30, 148, 133, 117, 7, 142, 138, 155,
       244, 183, 174, 235, 223, 74, 90, 231, 104, 236, 191, 228, 247,
       107, 22, 189, 231, 144, 44, 223, 42, 62, 175, 134, 157, 102, 57,
       85, 82, 217, 50, 184, 189, 221, 20, 103, 143, 93, 128, 25, 174,
       222, 38, 85, 193, 187, 223, 1, 94, 43, 114, 213, 185, 208, 30,
       123, 16, 12, 133, 126, 41, 7, 97, 71, 54, 83, 235, 57, 85, 232,
       255, 226, 121, 37, 148, 228, 94, 254, 22, 234, 249, 184, 109, 190,
       110, 12, 165, 128, 103, 207, 116, 125, 222, 90, 175, 118, 11, 84,
       157, 50, 157, 222, 151, 183, 236, 253, 119, 111, 167, 117, 253,
       135, 237, 101, 187, 242, 211, 123, 95, 155, 166, 53, 61, 87, 45,
       57, 83, 73, 117, 211, 234, 83, 79, 104, 248, 98, 56, 156, 181,
       244, 110, 184, 22, 216, 151, 186, 117, 253, 62, 92, 163, 234, 127,
       136, 98, 173, 209, 159, 255, 247, 178, 10, 125, 183, 236, 218,
       150, 244, 247, 111, 144, 99, 103, 119, 125, 174, 249, 201, 109,
       45, 232, 235, 127, 208, 172, 224, 161, 121, 97, 175, 125, 101,
       180, 15, 111, 183, 112, 234, 126, 76, 243, 33, 144, 48, 26, 230,
       108, 110, 249, 184, 229, 46, 236, 191, 101, 144, 105, 250, 194,
       41, 27, 221, 107, 159, 242, 144, 191, 182, 45, 65, 94, 231, 253,
       110, 190, 100, 118, 107, 151, 199, 231, 152, 46, 239, 102, 111,
       190, 128, 47, 150, 185, 221, 37, 55, 115, 77, 246, 43, 175, 123,
       92, 232, 121, 230, 81, 101, 180, 164, 127, 8, 22, 238, 177, 178,
       109, 223, 60, 12, 165, 132, 127, 234, 240, 181, 44, 225, 153, 225,
       253, 253, 183, 199, 206, 61, 190, 42, 156, 149, 107, 168, 201, 94,
       206, 80, 18, 58, 248, 176, 127, 221, 55, 247, 210, 31, 204, 227,
