%YAML:1.0
---
descriptors: !!opencv-matrix
   rows: 214
   cols: 32
   dt: u
   data: [ 226, 188, 61, 250, 120, 237, 81, 90, 155, 123, 176, 121, 182,
       223, 0, 16, 141, 179, 93, 1, 43, 15, 90, 55, 209, 150, 56, 250,
       208, 9, 7, 123, 57, 127, 105, 237, 116, 143, 79, 124, 68, 232,
       124, 110, 115, 93, 145, 48, 92, 184, 23, 234, 201, 178, 116, 29,
       103, 201, 161, 176, 127, 154, 82, 185, 33, 151, 97, 77, 116, 15,
       239, 123, 69, 104, 124, 102, 51, 17, 180, 36, 92, 136, 23, 236,
       201, 186, 101, 157, 100, 12, 160, 132, 127, 170, 80, 249, 68, 88,
       151, 182, 40, 204, 31, 180, 171, 186, 162, 72, 254, 247, 65, 90,
       134, 117, 125, 66, 65, 67, 218, 104, 249, 178, 111, 186, 8, 51, 3,
       59, 238, 115, 242, 86, 109, 93, 92, 212, 137, 190, 181, 42, 74,
       221, 255, 159, 236, 244, 239, 226, 200, 99, 170, 224, 51, 216, 69,
       191, 103, 255, 78, 23, 49, 71, 74, 39, 180, 10, 238, 53, 116, 168,
       122, 231, 243, 40, 151, 192, 126, 238, 22, 239, 237, 176, 69, 46,
       36, 44, 166, 128, 109, 254, 216, 141, 19, 159, 43, 175, 182, 147,
       174, 247, 70, 72, 90, 230, 245, 104, 178, 224, 118, 35, 30, 165,
       215, 184, 45, 191, 172, 5, 174, 192, 61, 14, 185, 29, 6, 170, 148,
       147, 235, 169, 176, 198, 158, 55, 65, 179, 172, 234, 78, 139, 239,
       91, 235, 17, 54, 94, 202, 243, 30, 22, 90, 107, 144, 77, 141, 143,
       10, 206, 38, 159, 251, 178, 188, 231, 191, 14, 94, 183, 172, 238,
       38, 197, 239, 123, 171, 132, 118, 155, 34, 255, 38, 119, 218, 131,
       22, 84, 173, 223, 138, 217, 118, 222, 239, 212, 190, 232, 223, 18,
       81, 17, 236, 223, 60, 199, 199, 123, 179, 195, 230, 78, 26, 245,
       39, 123, 222, 139, 22, 55, 175, 143, 2, 156, 30, 219, 195, 228,
       180, 71, 188, 19, 74, 51, 172, 254, 40, 73, 231, 51, 187, 129, 50,
       217, 18, 245, 133, 51, 218, 67, 144, 68, 165, 154, 241, 209, 79,
       238, 164, 70, 111, 189, 116, 72, 247, 102, 115, 119, 184, 113,
       118, 212, 62, 234, 249, 155, 125, 47, 243, 235, 226, 128, 61, 186,
       240, 57, 166, 224, 226, 154, 237, 213, 154, 200, 159, 93, 177,
       155, 76, 220, 127, 137, 249, 217, 243, 215, 134, 103, 186, 241,
       27, 24, 207, 255, 215, 31, 127, 215, 33, 160, 238, 25, 68, 187,
       233, 83, 126, 83, 118, 214, 145, 136, 150, 105, 107, 172, 50, 157,
       183, 252, 103, 81, 14, 46, 114, 68, 237, 136, 121, 204, 130, 176,
       179, 154, 105, 229, 184, 70, 158, 93, 81, 53, 140, 222, 98, 8,
       199, 25, 179, 17, 19, 92, 186, 209, 13, 16, 90, 235, 152, 12, 37,
       211, 189, 109, 102, 47, 221, 91, 231, 236, 69, 228, 254, 14, 75,
       72, 59, 165, 122, 204, 194, 239, 236, 178, 125, 172, 118, 105,
       135, 5, 119, 191, 126, 196, 126, 60, 114, 207, 245, 252, 126, 65,
       61, 6, 127, 3, 239, 255, 15, 148, 254, 243, 247, 130, 30, 180,
       185, 235, 183, 252, 2, 131, 199, 231, 78, 215, 74, 52, 118, 174,
       101, 254, 126, 232, 169, 39, 251, 3, 110, 254, 47, 212, 242, 223,
       255, 99, 6, 181, 152, 247, 151, 246, 18, 135, 6, 87, 111, 79, 130,
       152, 26, 155, 115, 173, 184, 67, 62, 15, 83, 18, 172, 222, 40, 72,
       167, 59, 147, 144, 50, 156, 2, 247, 5, 54, 26, 195, 148, 0, 133,
       147, 53, 198, 236, 235, 172, 35, 79, 152, 86, 182, 189, 238, 83,
       97, 217, 91, 91, 196, 110, 238, 168, 98, 109, 58, 238, 143, 229,
       180, 253, 251, 80, 224, 109, 207, 109, 101, 164, 59, 239, 190,
       108, 226, 254, 236, 211, 104, 149, 48, 95, 198, 125, 111, 217,
       248, 229, 46, 174, 255, 101, 148, 109, 251, 210, 97, 60, 245, 122,
       236, 212, 215, 86, 249, 23, 12, 125, 11, 115, 223, 43, 208, 88,
       216, 151, 242, 78, 178, 88, 31, 247, 237, 165, 37, 51, 186, 254,
       194, 10, 252, 178, 155, 103, 253, 184, 198, 159, 95, 92, 19, 172,
       222, 103, 204, 255, 59, 179, 145, 6, 216, 58, 241, 15, 84, 158,
       171, 150, 92, 45, 223, 34, 171, 144, 154, 253, 201, 148, 231, 155,
       29, 176, 57, 174, 248, 100, 148, 137, 187, 207, 17, 118, 107, 202,
       241, 185, 22, 92, 123, 208, 12, 142, 143, 122, 56, 116, 85, 117,
       223, 248, 51, 121, 109, 246, 186, 42, 61, 150, 180, 254, 189, 255,
       0, 173, 254, 241, 206, 23, 223, 16, 243, 103, 140, 78, 119, 254,
       89, 116, 230, 11, 80, 126, 248, 161, 182, 183, 171, 75, 127, 15,
       151, 46, 213, 253, 227, 108, 67, 159, 232, 178, 251, 77, 159, 103,
       183, 110, 71, 50, 0, 70, 165, 85, 15, 224, 64, 45, 160, 243, 11,
       78, 8, 52, 80, 250, 165, 110, 161, 8, 179, 81, 204, 149, 160, 131,
       6, 101, 42, 112, 2, 252, 219, 110, 237, 36, 2, 127, 249, 68, 8,
       247, 98, 83, 123, 184, 66, 126, 244, 63, 234, 200, 183, 9, 141,
       242, 235, 231, 133, 37, 186, 240, 1, 10, 189, 178, 144, 219, 255,
       180, 199, 159, 223, 76, 19, 140, 190, 102, 140, 197, 123, 179, 17,
       22, 216, 18, 240, 47, 86, 31, 111, 130, 76, 141, 223, 62, 175,
       226, 23, 211, 176, 174, 231, 51, 135, 250, 163, 97, 236, 126, 132,
       121, 235, 131, 151, 94, 251, 140, 239, 62, 38, 151, 193, 231, 126,
       186, 206, 35, 187, 226, 8, 127, 147, 184, 105, 207, 69, 252, 175,
       40, 200, 182, 164, 254, 168, 147, 213, 134, 171, 38, 221, 26, 60,
       131, 235, 95, 142, 122, 223, 138, 189, 178, 153, 247, 245, 184,
       199, 159, 29, 94, 19, 172, 254, 102, 204, 239, 59, 147, 145, 6,
       216, 50, 243, 15, 85, 158, 163, 150, 93, 173, 223, 82, 143, 71,
       175, 178, 162, 79, 55, 52, 77, 202, 231, 117, 103, 160, 80, 118,
       167, 31, 172, 122, 153, 5, 127, 240, 166, 170, 192, 52, 198, 164,
       121, 56, 19, 82, 233, 115, 210, 90, 80, 53, 12, 121, 39, 11, 27,
       33, 208, 254, 185, 135, 224, 76, 178, 0, 159, 246, 229, 162, 135,
       115, 134, 110, 131, 2, 143, 10, 158, 214, 131, 150, 227, 159, 2,
       216, 227, 100, 234, 38, 64, 216, 235, 3, 131, 118, 139, 10, 255,
       178, 54, 142, 11, 28, 106, 56, 142, 65, 143, 255, 117, 52, 190,
       105, 55, 125, 73, 126, 100, 191, 40, 148, 112, 167, 38, 126, 12,
       145, 184, 101, 95, 238, 255, 50, 192, 200, 192, 193, 45, 60, 127,
       38, 15, 221, 223, 246, 253, 197, 236, 252, 15, 74, 248, 55, 165,
       120, 228, 202, 227, 236, 163, 125, 188, 119, 105, 133, 23, 115,
       63, 254, 246, 1, 32, 237, 81, 100, 170, 225, 83, 126, 81, 114,
       214, 145, 136, 150, 105, 106, 44, 50, 157, 147, 252, 119, 81, 68,
       42, 242, 64, 237, 136, 81, 232, 185, 159, 234, 248, 182, 151, 251,
       255, 87, 77, 220, 246, 59, 237, 178, 96, 127, 186, 23, 221, 187,
       187, 111, 191, 250, 207, 191, 200, 183, 136, 244, 249, 2, 149, 18,
       139, 183, 226, 178, 105, 28, 1, 91, 163, 236, 254, 40, 64, 255,
       27, 131, 144, 18, 152, 25, 255, 45, 52, 138, 195, 148, 10, 165,
       19, 166, 235, 119, 218, 253, 199, 159, 236, 159, 188, 88, 139,
       110, 236, 127, 133, 159, 123, 215, 119, 230, 107, 10, 253, 43, 24,
       77, 251, 86, 63, 21, 215, 102, 235, 172, 154, 237, 217, 158, 200,
       139, 188, 185, 171, 76, 220, 127, 11, 223, 219, 251, 115, 70, 99,
       202, 241, 59, 16, 207, 255, 213, 127, 223, 199, 221, 78, 221, 165,
       44, 42, 76, 26, 48, 162, 179, 252, 215, 35, 209, 123, 199, 197,
       125, 174, 169, 196, 193, 10, 210, 235, 255, 144, 172, 241, 1, 1,
       40, 61, 122, 233, 244, 231, 119, 123, 22, 172, 124, 3, 83, 245,
       179, 16, 125, 250, 23, 106, 122, 186, 120, 63, 127, 143, 165, 101,
       117, 235, 126, 234, 2, 50, 199, 153, 74, 137, 168, 67, 174, 81,
       82, 247, 149, 134, 192, 203, 110, 29, 251, 145, 147, 220, 71, 209,
       12, 32, 250, 192, 44, 128, 33, 176, 47, 157, 115, 95, 245, 247,
       167, 233, 95, 72, 120, 66, 232, 252, 188, 228, 217, 122, 18, 235,
       227, 184, 124, 255, 37, 62, 135, 2, 87, 95, 241, 253, 33, 48, 121,
       97, 116, 239, 113, 87, 113, 105, 116, 108, 51, 23, 144, 48, 30,
       184, 22, 28, 131, 186, 112, 92, 71, 141, 48, 192, 104, 136, 66,
       249, 6, 234, 156, 154, 235, 233, 176, 204, 158, 53, 1, 179, 236,
       202, 106, 11, 235, 91, 235, 83, 22, 79, 202, 241, 29, 16, 94, 107,
