%YAML:1.0
---
descriptors: !!opencv-matrix
   rows: 219
   cols: 32
   dt: u
   data: [ 35, 143, 3, 158, 214, 147, 134, 230, 223, 0, 216, 226, 96,
       232, 180, 196, 216, 107, 2, 67, 119, 171, 14, 255, 52, 54, 143,
       10, 29, 90, 177, 140, 124, 48, 121, 224, 45, 77, 81, 88, 227, 184,
       181, 8, 95, 221, 73, 59, 156, 149, 93, 114, 136, 103, 250, 128,
       219, 217, 1, 127, 99, 163, 70, 51, 54, 205, 108, 42, 223, 211,
       134, 232, 7, 116, 137, 139, 67, 236, 126, 128, 25, 208, 227, 243,
       78, 35, 95, 191, 59, 68, 133, 127, 125, 63, 222, 86, 60, 49, 110,
       239, 246, 35, 219, 220, 69, 232, 253, 34, 123, 125, 189, 32, 126,
       222, 23, 248, 154, 179, 109, 141, 122, 233, 162, 196, 247, 139,
       114, 251, 2, 148, 54, 155, 195, 245, 184, 71, 189, 95, 67, 23,
       172, 190, 46, 73, 229, 59, 187, 145, 54, 220, 50, 245, 5, 50, 90,
       67, 152, 68, 165, 223, 33, 79, 67, 7, 116, 30, 238, 181, 116, 232,
       122, 199, 243, 40, 149, 224, 62, 236, 22, 111, 205, 176, 69, 46,
       36, 46, 166, 128, 109, 190, 216, 157, 130, 176, 179, 218, 107,
       245, 176, 192, 159, 89, 85, 51, 140, 222, 108, 44, 167, 27, 147,
       17, 23, 79, 186, 243, 15, 20, 26, 239, 146, 13, 39, 247, 6, 170,
       156, 147, 251, 185, 184, 196, 159, 55, 1, 179, 236, 234, 106, 139,
       239, 91, 171, 17, 54, 93, 138, 243, 140, 22, 95, 107, 144, 93,
       143, 134, 68, 120, 151, 182, 168, 76, 21, 180, 170, 186, 162, 72,
       254, 247, 65, 91, 133, 119, 124, 67, 65, 65, 218, 96, 217, 178,
       127, 58, 136, 115, 3, 59, 181, 133, 111, 236, 212, 130, 79, 249,
       85, 64, 245, 82, 83, 107, 188, 113, 122, 204, 22, 238, 249, 167,
       44, 31, 114, 235, 161, 196, 125, 169, 240, 224, 169, 121, 121,
       101, 116, 15, 111, 56, 117, 168, 126, 108, 211, 17, 145, 49, 30,
       204, 86, 106, 233, 176, 85, 12, 102, 137, 33, 132, 109, 186, 82,
       169, 2, 168, 148, 155, 77, 197, 176, 207, 142, 21, 65, 19, 172,
       222, 110, 203, 201, 27, 171, 17, 6, 75, 218, 241, 13, 18, 90, 127,
       144, 12, 45, 142, 121, 185, 57, 96, 49, 221, 81, 119, 45, 45, 172,
       8, 62, 159, 70, 116, 130, 187, 220, 16, 27, 43, 240, 213, 187,
       221, 0, 123, 74, 2, 70, 123, 33, 151, 97, 77, 84, 139, 235, 123,
       69, 108, 124, 238, 51, 13, 180, 36, 94, 168, 22, 236, 201, 186,
       117, 31, 102, 12, 160, 196, 127, 138, 82, 249, 130, 18, 150, 187,
       99, 232, 184, 2, 189, 31, 83, 179, 172, 222, 40, 73, 231, 59, 183,
       17, 50, 220, 2, 193, 133, 50, 90, 195, 148, 5, 5, 147, 10, 221,
       22, 159, 221, 213, 190, 236, 143, 80, 89, 3, 236, 250, 42, 192,
       216, 107, 170, 195, 86, 41, 90, 253, 45, 52, 143, 75, 18, 30, 189,
       94, 78, 176, 188, 251, 201, 253, 177, 203, 143, 63, 133, 25, 140,
       223, 110, 223, 193, 27, 235, 17, 22, 71, 250, 209, 79, 83, 91,
       127, 146, 77, 141, 214, 123, 49, 83, 172, 56, 67, 75, 88, 33, 64,
       245, 238, 27, 23, 169, 244, 126, 145, 95, 238, 201, 131, 116, 220,
       146, 249, 162, 152, 127, 163, 98, 113, 166, 237, 31, 154, 205,
       229, 182, 236, 158, 19, 73, 19, 228, 250, 44, 64, 217, 123, 35,
       195, 82, 91, 90, 241, 61, 50, 223, 107, 16, 91, 181, 138, 45, 255,
       113, 71, 244, 127, 239, 188, 127, 234, 122, 100, 211, 117, 157,
       180, 31, 222, 22, 122, 241, 240, 125, 110, 47, 158, 37, 132, 239,
       243, 70, 241, 1, 162, 238, 25, 100, 171, 233, 83, 126, 83, 114,
       214, 145, 168, 214, 105, 107, 44, 122, 157, 183, 252, 231, 81, 12,
       44, 242, 64, 237, 136, 112, 196, 198, 188, 181, 158, 141, 253,
       144, 207, 223, 211, 128, 25, 238, 252, 70, 191, 193, 115, 251, 17,
       54, 79, 218, 243, 157, 50, 95, 123, 144, 76, 159, 78, 123, 255,
       171, 28, 241, 215, 23, 255, 18, 236, 92, 237, 120, 253, 226, 180,
       21, 126, 181, 68, 239, 90, 190, 63, 106, 111, 53, 171, 30, 244,
       158, 253, 123, 121, 33, 232, 60, 199, 75, 88, 7, 232, 177, 202,
       147, 214, 177, 116, 220, 184, 93, 107, 201, 35, 124, 157, 241,
       221, 171, 188, 24, 171, 114, 112, 62, 105, 228, 138, 237, 81, 223,
       200, 139, 252, 188, 171, 74, 220, 127, 143, 219, 217, 255, 247,
       206, 99, 138, 240, 59, 88, 207, 255, 215, 127, 246, 247, 6, 160,
       148, 144, 201, 221, 176, 206, 175, 181, 160, 25, 140, 222, 110,
       143, 169, 19, 235, 17, 22, 75, 154, 240, 29, 18, 95, 127, 208, 12,
       143, 206, 188, 180, 182, 250, 157, 239, 87, 223, 223, 95, 253, 29,
       95, 253, 44, 88, 253, 219, 159, 50, 186, 103, 59, 183, 251, 223,
       21, 126, 210, 95, 212, 115, 217, 252, 238, 245, 236, 31, 252, 255,
       119, 250, 246, 255, 249, 255, 210, 111, 127, 254, 255, 156, 237,
       255, 255, 255, 222, 107, 255, 182, 47, 252, 249, 151, 38, 237, 52,
       154, 205, 225, 182, 234, 159, 55, 184, 11, 228, 232, 124, 65, 249,
       75, 107, 115, 114, 99, 74, 247, 61, 18, 207, 127, 149, 123, 213,
       198, 57, 121, 105, 236, 60, 207, 75, 124, 67, 232, 252, 78, 179,
       13, 17, 48, 216, 168, 85, 111, 207, 50, 112, 157, 243, 221, 161,
       184, 127, 154, 82, 248, 46, 184, 50, 176, 239, 217, 176, 195, 143,
       61, 176, 59, 142, 217, 102, 143, 171, 177, 223, 17, 22, 107, 138,
       208, 159, 80, 31, 127, 210, 13, 143, 135, 203, 190, 252, 255, 110,
       253, 121, 115, 191, 123, 255, 254, 157, 174, 214, 243, 239, 175,
       255, 137, 189, 251, 255, 209, 222, 251, 251, 249, 191, 236, 91,
       185, 2, 149, 50, 203, 151, 226, 186, 105, 28, 5, 91, 163, 108,
       126, 44, 64, 254, 27, 131, 161, 50, 152, 9, 223, 41, 36, 138, 195,
       21, 14, 165, 147, 166, 255, 32, 250, 255, 133, 151, 236, 23, 188,
       144, 43, 108, 221, 111, 1, 157, 251, 211, 115, 250, 103, 26, 191,
       123, 30, 13, 255, 211, 31, 148, 211, 177, 193, 127, 238, 38, 3,
       111, 121, 68, 160, 247, 2, 83, 73, 184, 96, 122, 196, 63, 234,
       201, 183, 41, 141, 242, 235, 231, 128, 117, 186, 240, 33, 131,
       217, 60, 219, 237, 213, 190, 236, 223, 19, 80, 16, 236, 218, 62,
       97, 135, 123, 179, 67, 246, 92, 26, 247, 47, 58, 94, 203, 20, 17,
       137, 142, 221, 46, 157, 231, 168, 46, 88, 18, 40, 170, 159, 124,
       223, 35, 193, 123, 167, 231, 125, 30, 169, 213, 193, 130, 218,
       255, 127, 144, 168, 243, 1, 1, 209, 78, 110, 183, 36, 2, 125, 52,
       60, 34, 215, 243, 255, 47, 144, 107, 230, 247, 125, 239, 232, 221,
       65, 173, 224, 235, 250, 128, 44, 241, 161, 9, 98, 233, 144, 154,
       77, 205, 176, 206, 142, 53, 168, 27, 172, 222, 106, 138, 201, 27,
       235, 81, 86, 47, 218, 241, 29, 16, 27, 127, 16, 13, 143, 142, 9,
       129, 89, 229, 116, 142, 107, 53, 52, 40, 126, 64, 183, 19, 128,
       80, 118, 188, 23, 104, 73, 152, 65, 13, 230, 237, 32, 192, 44,
       130, 66, 169, 10, 160, 180, 145, 239, 249, 176, 79, 139, 191, 21,
       57, 140, 158, 78, 142, 139, 27, 239, 17, 22, 111, 194, 208, 78,
       81, 91, 255, 150, 76, 143, 199, 32, 95, 122, 79, 118, 195, 243,
       112, 92, 12, 124, 34, 48, 149, 183, 100, 122, 56, 2, 234, 192,
       176, 40, 125, 103, 140, 34, 1, 119, 155, 101, 235, 90, 200, 180,
       186, 139, 209, 21, 198, 187, 23, 164, 185, 172, 191, 98, 95, 227,
       243, 233, 128, 122, 79, 170, 241, 219, 243, 222, 123, 146, 84,
       175, 106, 61, 77, 86, 79, 93, 27, 231, 232, 69, 164, 254, 2, 67,
       104, 63, 165, 120, 228, 74, 235, 236, 179, 109, 236, 52, 41, 133,
       17, 103, 187, 122, 132, 202, 150, 180, 145, 237, 124, 184, 135,
       155, 95, 20, 53, 172, 62, 206, 143, 135, 19, 255, 17, 183, 108,
       242, 195, 15, 83, 90, 235, 142, 84, 141, 223, 68, 251, 191, 118,
       168, 76, 87, 188, 170, 222, 190, 101, 255, 247, 203, 83, 167, 117,
       125, 98, 65, 65, 186, 97, 249, 179, 111, 188, 0, 242, 7, 115, 19,
       159, 78, 175, 178, 162, 111, 55, 52, 72, 218, 231, 117, 99, 178,
       64, 118, 163, 31, 172, 249, 153, 5, 127, 224, 166, 170, 192, 60,
       196, 168, 25, 2, 189, 50, 155, 223, 213, 180, 231, 31, 21, 72, 19,
       172, 254, 102, 132, 237, 59, 147, 145, 86, 152, 90, 247, 47, 22,
