%YAML:1.0
---
descriptors: !!opencv-matrix
   rows: 259
   cols: 32
   dt: u
   data: [ 33, 45, 215, 85, 196, 46, 230, 103, 248, 160, 106, 72, 114,
       48, 5, 50, 179, 102, 98, 12, 16, 248, 16, 110, 44, 174, 69, 0,
       201, 106, 195, 136, 118, 177, 168, 178, 253, 125, 86, 205, 203,
       253, 189, 29, 74, 236, 95, 158, 153, 203, 197, 87, 30, 99, 250,
       224, 59, 93, 5, 127, 195, 127, 222, 214, 165, 121, 249, 69, 207,
       79, 245, 223, 82, 230, 244, 10, 147, 189, 85, 42, 89, 220, 83,
       219, 201, 118, 253, 130, 127, 137, 245, 44, 101, 248, 214, 234,
       27, 95, 118, 255, 50, 150, 190, 119, 189, 194, 94, 231, 125, 127,
       182, 228, 118, 247, 151, 239, 229, 152, 52, 238, 246, 111, 174,
       128, 47, 246, 41, 253, 194, 177, 30, 216, 169, 205, 49, 103, 188,
       59, 132, 25, 188, 151, 96, 91, 163, 19, 235, 0, 114, 79, 146, 85,
       221, 179, 90, 123, 16, 0, 143, 139, 94, 145, 149, 187, 169, 109,
       16, 138, 174, 61, 139, 97, 207, 119, 8, 90, 131, 87, 125, 16, 18,
       73, 75, 177, 137, 243, 127, 214, 144, 71, 133, 99, 136, 136, 42,
       185, 77, 245, 233, 83, 182, 117, 196, 23, 145, 142, 114, 73, 201,
       174, 123, 153, 159, 219, 242, 209, 221, 33, 218, 105, 157, 12, 62,
       218, 212, 103, 220, 103, 146, 14, 79, 184, 48, 190, 175, 24, 215,
       103, 73, 83, 54, 213, 125, 234, 104, 212, 201, 42, 235, 235, 101,
       148, 40, 243, 6, 33, 2, 141, 22, 251, 151, 229, 178, 231, 159, 5,
       74, 3, 172, 250, 36, 64, 225, 59, 171, 17, 18, 137, 19, 247, 47,
       244, 26, 75, 144, 74, 165, 10, 92, 20, 188, 119, 168, 111, 85,
       186, 236, 190, 191, 8, 215, 117, 9, 59, 129, 84, 236, 34, 0, 101,
       251, 0, 195, 247, 117, 21, 192, 115, 71, 51, 26, 149, 18, 248,
       115, 166, 57, 119, 61, 65, 78, 163, 125, 255, 34, 96, 247, 59,
       147, 144, 147, 152, 48, 223, 255, 247, 154, 194, 186, 194, 165,
       153, 56, 141, 80, 235, 149, 195, 194, 239, 71, 33, 252, 2, 43,
       113, 48, 132, 121, 186, 131, 200, 90, 168, 89, 191, 171, 220, 129,
       113, 119, 142, 244, 170, 139, 42, 50, 153, 100, 189, 184, 19, 191,
       89, 85, 245, 140, 138, 246, 77, 230, 41, 55, 29, 151, 88, 2, 208,
       6, 88, 122, 234, 30, 132, 41, 213, 135, 255, 238, 138, 172, 5, 94,
       252, 143, 250, 57, 101, 124, 250, 127, 83, 231, 203, 55, 103, 197,
       97, 27, 241, 104, 24, 239, 174, 28, 127, 249, 159, 180, 180, 123,
       228, 214, 79, 87, 251, 20, 174, 252, 42, 83, 125, 33, 49, 125,
       220, 95, 43, 232, 183, 121, 14, 251, 143, 37, 148, 113, 250, 118,
       115, 183, 148, 231, 205, 86, 6, 239, 251, 85, 234, 246, 118, 80,
       119, 181, 101, 125, 212, 55, 168, 233, 247, 61, 206, 61, 46, 231,
       132, 191, 232, 112, 245, 2, 239, 90, 146, 210, 145, 188, 231, 172,
       132, 250, 163, 41, 202, 231, 0, 174, 123, 199, 209, 86, 171, 6,
       239, 56, 68, 62, 235, 69, 144, 173, 205, 18, 239, 122, 80, 210,
       209, 190, 230, 237, 140, 252, 235, 45, 172, 167, 128, 46, 251,
       199, 193, 196, 171, 6, 255, 58, 84, 62, 171, 69, 156, 45, 143,
       223, 223, 206, 163, 168, 50, 110, 188, 172, 242, 155, 247, 205,
       106, 219, 203, 231, 71, 125, 255, 253, 213, 77, 234, 172, 107,
       239, 148, 172, 247, 185, 21, 131, 237, 81, 134, 252, 17, 174, 239,
       207, 234, 56, 106, 188, 248, 244, 163, 235, 107, 86, 97, 245, 43,
       238, 255, 60, 28, 239, 168, 93, 126, 249, 141, 52, 224, 184, 120,
       220, 239, 195, 216, 86, 63, 180, 26, 82, 209, 123, 40, 121, 216,
       6, 122, 10, 39, 43, 51, 91, 143, 37, 125, 209, 217, 244, 162, 56,
       69, 102, 110, 85, 6, 207, 109, 97, 4, 255, 2, 115, 233, 56, 112,
       88, 242, 23, 234, 72, 171, 114, 173, 115, 233, 166, 0, 99, 186,
       244, 170, 62, 60, 56, 225, 253, 255, 219, 210, 159, 253, 60, 27,
       30, 29, 119, 168, 141, 57, 151, 31, 158, 112, 120, 182, 207, 221,
       1, 119, 211, 109, 92, 243, 115, 249, 120, 74, 61, 213, 90, 248,
       207, 236, 189, 10, 106, 222, 127, 36, 220, 248, 204, 226, 206, 35,
       254, 253, 179, 220, 129, 191, 19, 159, 78, 95, 206, 120, 187, 240,
       109, 84, 157, 192, 137, 254, 181, 57, 156, 222, 103, 59, 167, 113,
       223, 35, 101, 71, 170, 192, 147, 219, 127, 191, 128, 55, 39, 227,
       6, 201, 158, 151, 169, 207, 54, 228, 142, 189, 75, 3, 236, 243,
       41, 74, 193, 99, 59, 82, 84, 152, 91, 240, 173, 150, 79, 19, 144,
       123, 133, 138, 141, 49, 187, 251, 237, 237, 121, 218, 191, 81,
       117, 29, 157, 159, 123, 121, 199, 27, 51, 28, 147, 120, 178, 208,
       79, 153, 82, 109, 154, 201, 67, 210, 63, 91, 99, 70, 246, 146,
       223, 244, 145, 204, 254, 231, 121, 238, 191, 176, 254, 249, 151,
       239, 205, 147, 44, 238, 50, 109, 175, 136, 111, 183, 240, 117, 38,
       40, 134, 24, 29, 153, 144, 202, 234, 180, 160, 9, 130, 200, 87,
       158, 136, 108, 233, 85, 6, 99, 198, 16, 136, 112, 5, 127, 196, 45,
       94, 198, 131, 146, 239, 187, 52, 188, 120, 22, 127, 91, 82, 247,
       189, 158, 178, 232, 231, 43, 63, 157, 167, 220, 71, 247, 142, 127,
       186, 192, 158, 140, 121, 221, 139, 176, 179, 219, 229, 157, 233,
       219, 127, 83, 117, 20, 157, 159, 124, 109, 205, 27, 50, 156, 147,
       252, 114, 209, 15, 218, 210, 110, 222, 12, 193, 244, 80, 233, 155,
       170, 60, 205, 147, 228, 142, 45, 144, 11, 183, 210, 104, 0, 216,
       241, 111, 82, 74, 11, 218, 49, 249, 133, 47, 121, 16, 27, 5, 10,
       143, 235, 179, 91, 169, 149, 174, 253, 223, 30, 113, 70, 76, 194,
       252, 229, 247, 123, 130, 74, 215, 112, 46, 241, 42, 216, 71, 110,
       82, 223, 229, 229, 34, 52, 226, 120, 245, 249, 243, 71, 127, 69,
       124, 129, 10, 189, 118, 124, 219, 187, 151, 17, 30, 58, 50, 211,
       91, 92, 16, 107, 215, 76, 244, 254, 58, 183, 121, 109, 254, 95,
       215, 255, 71, 232, 188, 106, 123, 61, 196, 52, 159, 150, 215, 32,
       201, 58, 97, 157, 127, 223, 53, 183, 119, 202, 214, 251, 190, 157,
       114, 176, 247, 251, 146, 227, 159, 253, 61, 59, 14, 157, 102, 140,
       171, 177, 151, 19, 52, 57, 24, 214, 219, 223, 9, 247, 247, 45,
       157, 87, 19, 230, 107, 195, 118, 243, 235, 254, 126, 109, 94, 130,
       177, 6, 222, 36, 63, 138, 23, 189, 147, 152, 45, 255, 108, 12,
       190, 196, 165, 130, 181, 253, 7, 135, 67, 147, 244, 134, 234, 115,
       60, 201, 91, 215, 93, 238, 182, 224, 119, 45, 23, 189, 181, 156,
       28, 206, 44, 62, 175, 192, 140, 166, 185, 213, 192, 59, 157, 181,
       168, 110, 53, 159, 186, 251, 10, 117, 247, 119, 65, 91, 135, 87,
       109, 0, 49, 216, 211, 32, 205, 163, 119, 6, 136, 112, 135, 59,
       244, 229, 204, 106, 141, 31, 79, 248, 83, 182, 165, 10, 67, 97,
       95, 191, 89, 204, 252, 250, 104, 119, 253, 184, 187, 219, 197, 53,
       247, 255, 94, 36, 252, 109, 172, 104, 137, 125, 86, 140, 211, 182,
       172, 8, 67, 241, 79, 31, 217, 196, 236, 122, 46, 99, 251, 178,
       187, 219, 69, 127, 242, 127, 206, 102, 146, 48, 191, 255, 31, 235,
       16, 79, 31, 171, 83, 51, 118, 253, 96, 104, 243, 63, 63, 17, 31,
       253, 139, 183, 217, 166, 57, 243, 244, 40, 21, 27, 191, 159, 46,
       159, 159, 159, 119, 255, 151, 126, 223, 247, 123, 252, 174, 229,
       125, 234, 191, 230, 253, 156, 127, 191, 255, 111, 229, 239, 59,
       254, 252, 215, 11, 239, 96, 251, 247, 209, 254, 183, 87, 193, 92,
       194, 189, 120, 147, 164, 63, 107, 151, 219, 247, 184, 76, 255,
       110, 79, 191, 225, 255, 151, 217, 141, 201, 64, 12, 151, 108, 8,
       233, 32, 236, 18, 20, 18, 189, 34, 155, 239, 74, 0, 74, 111, 96,
       101, 70, 136, 68, 73, 238, 40, 30, 188, 25, 136, 141, 32, 246,
       209, 237, 237, 225, 208, 175, 91, 117, 24, 156, 215, 125, 127,
       235, 24, 119, 24, 19, 112, 186, 208, 79, 152, 82, 110, 218, 73,
       67, 178, 42, 221, 21, 221, 153, 214, 84, 246, 133, 56, 236, 64,
       44, 51, 37, 245, 205, 246, 155, 200, 73, 137, 81, 253, 167, 250,
       214, 18, 26, 116, 232, 46, 94, 122, 191, 242, 107, 244, 185, 64,
       139, 159, 149, 59, 140, 223, 99, 43, 231, 49, 223, 147, 4, 103,
