%YAML:1.0
---
descriptors: !!opencv-matrix
   rows: 207
   cols: 32
   dt: u
   data: [ 72, 17, 184, 233, 180, 254, 121, 23, 47, 77, 95, 48, 159, 31,
       146, 124, 135, 63, 189, 28, 146, 152, 177, 210, 199, 253, 186,
       192, 134, 192, 133, 123, 233, 253, 127, 81, 112, 223, 93, 183,
       121, 106, 118, 124, 191, 29, 150, 181, 134, 30, 84, 108, 239, 188,
       117, 191, 103, 251, 52, 210, 74, 148, 202, 125, 67, 175, 234, 85,
       86, 144, 169, 55, 124, 69, 94, 130, 184, 38, 150, 100, 102, 46,
       59, 157, 211, 152, 165, 111, 124, 47, 190, 192, 133, 128, 181,
       104, 163, 245, 121, 69, 124, 95, 205, 63, 89, 232, 180, 88, 187,
       29, 212, 55, 14, 196, 87, 105, 237, 110, 245, 207, 111, 89, 37,
       248, 71, 172, 210, 253, 220, 80, 87, 229, 34, 14, 109, 48, 61,
       162, 119, 84, 223, 51, 129, 127, 54, 148, 125, 106, 225, 148, 49,
       76, 212, 234, 96, 132, 46, 161, 67, 49, 63, 69, 98, 236, 87, 95,
       222, 112, 93, 64, 127, 139, 75, 29, 191, 180, 126, 185, 149, 111,
       204, 178, 52, 206, 179, 253, 128, 131, 119, 191, 122, 230, 6, 156,
       2, 158, 245, 214, 186, 232, 156, 13, 127, 19, 108, 238, 62, 197,
       255, 127, 179, 161, 52, 247, 154, 255, 61, 54, 203, 203, 151, 46,
       125, 215, 161, 249, 53, 91, 125, 205, 229, 191, 223, 121, 52, 88,
       178, 17, 76, 52, 137, 26, 82, 8, 227, 60, 122, 55, 45, 154, 20,
       116, 90, 24, 194, 185, 10, 140, 21, 157, 253, 255, 184, 39, 158,
       27, 90, 18, 172, 58, 32, 205, 201, 59, 187, 145, 50, 216, 83, 213,
       13, 54, 218, 67, 146, 76, 181, 138, 97, 9, 144, 200, 221, 5, 192,
       95, 70, 161, 136, 78, 128, 168, 85, 192, 200, 142, 34, 25, 150,
       58, 209, 144, 61, 28, 143, 60, 153, 106, 216, 140, 35, 49, 106,
       200, 124, 157, 250, 88, 79, 104, 253, 239, 58, 216, 254, 32, 254,
       185, 151, 93, 143, 179, 148, 209, 86, 29, 35, 170, 93, 138, 123,
       149, 6, 133, 148, 147, 205, 103, 180, 175, 15, 55, 88, 3, 204,
       120, 109, 207, 201, 83, 163, 19, 22, 120, 91, 240, 45, 18, 223,
       119, 148, 127, 157, 134, 145, 193, 79, 229, 36, 2, 109, 53, 100,
       65, 243, 82, 211, 0, 184, 97, 122, 132, 62, 174, 233, 180, 101,
       205, 228, 169, 226, 64, 109, 138, 240, 32, 90, 48, 51, 236, 45,
       205, 81, 72, 207, 204, 133, 8, 190, 223, 106, 118, 224, 181, 255,
       80, 11, 35, 242, 209, 211, 241, 3, 59, 50, 46, 36, 119, 11, 149,
       97, 71, 23, 243, 171, 51, 85, 225, 95, 230, 248, 52, 148, 228, 94,
       62, 154, 169, 145, 184, 101, 207, 46, 30, 130, 192, 111, 206, 85,
       253, 34, 101, 90, 197, 93, 201, 242, 96, 171, 160, 185, 10, 96,
       218, 100, 6, 248, 253, 107, 240, 74, 163, 154, 205, 63, 156, 131,
       59, 65, 42, 126, 134, 146, 120, 122, 216, 106, 208, 189, 198, 175,
       86, 214, 163, 45, 222, 231, 113, 102, 59, 251, 195, 70, 143, 166,
       245, 242, 97, 30, 139, 53, 20, 45, 255, 84, 113, 187, 224, 155,
       237, 81, 85, 171, 201, 172, 12, 158, 223, 65, 58, 166, 189, 253,
       16, 11, 67, 178, 64, 251, 221, 7, 127, 136, 18, 167, 115, 185,
       197, 101, 9, 148, 223, 230, 117, 85, 64, 250, 70, 211, 24, 180,
       165, 120, 128, 22, 111, 253, 184, 117, 159, 44, 74, 166, 64, 127,
       142, 248, 141, 111, 190, 225, 193, 246, 250, 251, 146, 107, 109,
       61, 238, 9, 47, 212, 180, 55, 159, 223, 157, 151, 24, 237, 222,
       62, 93, 171, 244, 183, 199, 71, 245, 62, 120, 226, 225, 231, 86,
       254, 214, 125, 110, 246, 167, 11, 31, 183, 236, 127, 221, 183,
       234, 204, 178, 245, 226, 119, 254, 198, 199, 231, 253, 254, 215,
       216, 185, 90, 232, 114, 140, 123, 119, 57, 1, 124, 42, 63, 159, 0,
       16, 166, 187, 151, 64, 74, 154, 144, 255, 255, 237, 34, 226, 50,
       128, 171, 139, 222, 122, 186, 180, 42, 224, 185, 66, 184, 134,
       154, 179, 45, 175, 99, 10, 167, 245, 253, 147, 0, 213, 130, 226,
       209, 231, 122, 139, 164, 117, 39, 91, 152, 211, 99, 227, 164, 3,
       237, 253, 54, 124, 214, 230, 153, 135, 248, 197, 126, 140, 31,
       205, 219, 216, 45, 209, 252, 201, 190, 196, 63, 158, 244, 249, 47,
       126, 225, 206, 126, 114, 207, 216, 83, 234, 125, 234, 121, 247,
       253, 244, 95, 252, 23, 254, 131, 18, 174, 250, 63, 92, 175, 172,
       183, 255, 118, 245, 86, 120, 187, 254, 9, 236, 29, 83, 171, 217,
       175, 12, 190, 215, 97, 122, 167, 247, 253, 18, 11, 67, 186, 225,
       211, 245, 30, 59, 136, 115, 167, 115, 98, 1, 146, 140, 125, 84,
       184, 73, 139, 4, 248, 11, 172, 222, 44, 198, 218, 185, 219, 161,
       6, 35, 210, 221, 151, 52, 139, 59, 22, 46, 47, 134, 175, 114, 241,
       83, 242, 249, 186, 150, 95, 239, 117, 245, 139, 142, 199, 172, 95,
       25, 134, 28, 135, 180, 109, 178, 14, 223, 53, 230, 255, 213, 11,
       221, 207, 122, 105, 65, 106, 119, 139, 152, 74, 252, 20, 236, 217,
       14, 223, 175, 87, 77, 125, 255, 133, 84, 237, 144, 78, 89, 239,
       244, 190, 181, 3, 245, 102, 217, 100, 222, 125, 152, 250, 160,
       235, 80, 241, 175, 236, 220, 31, 244, 238, 177, 255, 199, 198, 40,
       254, 253, 54, 60, 138, 171, 95, 134, 91, 223, 191, 107, 228, 16,
       205, 25, 252, 204, 195, 246, 180, 143, 10, 136, 215, 159, 107,
       196, 230, 215, 206, 103, 238, 192, 22, 88, 213, 63, 231, 253, 126,
       206, 146, 202, 238, 190, 90, 144, 184, 229, 183, 21, 194, 179,
       105, 238, 46, 72, 127, 251, 163, 193, 110, 207, 174, 255, 58, 103,
       222, 203, 53, 148, 189, 204, 235, 121, 214, 84, 109, 28, 220, 21,
       235, 250, 182, 108, 42, 156, 215, 191, 142, 244, 252, 78, 197,
       103, 242, 224, 22, 216, 85, 186, 75, 252, 90, 157, 169, 54, 113,
       71, 118, 203, 107, 81, 115, 237, 127, 254, 82, 5, 148, 52, 62,
       188, 6, 168, 241, 190, 237, 95, 60, 44, 33, 196, 103, 138, 230,
       241, 230, 234, 236, 146, 239, 17, 189, 168, 219, 183, 52, 185,
       204, 238, 223, 15, 135, 73, 247, 247, 246, 103, 174, 224, 94, 90,
       95, 255, 199, 181, 135, 199, 185, 83, 102, 205, 118, 18, 235, 120,
       117, 72, 215, 230, 83, 8, 181, 229, 126, 132, 30, 239, 237, 178,
       5, 204, 118, 106, 226, 132, 111, 170, 120, 5, 60, 85, 99, 236, 71,
       23, 95, 120, 49, 132, 253, 2, 107, 79, 57, 148, 126, 249, 151,
       235, 72, 179, 24, 142, 179, 237, 129, 9, 119, 191, 102, 224, 44,
       159, 232, 202, 244, 160, 123, 216, 3, 13, 125, 175, 115, 247, 239,
       80, 127, 218, 23, 122, 10, 2, 170, 243, 127, 173, 165, 172, 183,
       251, 84, 243, 18, 157, 159, 190, 219, 228, 148, 231, 151, 87, 200,
       19, 44, 254, 38, 105, 233, 51, 187, 129, 54, 75, 18, 245, 59, 247,
       218, 75, 144, 68, 165, 222, 202, 181, 121, 81, 240, 252, 121, 23,
       57, 13, 118, 48, 191, 31, 132, 117, 135, 187, 29, 24, 178, 152,
       177, 215, 239, 253, 54, 194, 134, 192, 199, 121, 11, 220, 63, 89,
       224, 223, 253, 183, 253, 91, 126, 56, 190, 29, 150, 53, 135, 51,
       215, 8, 229, 172, 112, 255, 103, 251, 116, 130, 82, 212, 199, 127,
       43, 252, 117, 197, 108, 127, 237, 182, 73, 234, 60, 74, 187, 28,
       148, 163, 142, 199, 95, 45, 225, 188, 117, 239, 103, 91, 112, 176,
       79, 220, 215, 237, 161, 248, 113, 71, 116, 207, 239, 245, 87, 105,
       114, 86, 115, 85, 156, 52, 127, 184, 22, 248, 227, 188, 125, 255,
       45, 14, 181, 192, 111, 138, 242, 189, 169, 244, 117, 225, 109, 95,
       229, 255, 79, 254, 180, 10, 155, 29, 215, 167, 121, 156, 222, 123,
       203, 118, 245, 152, 111, 217, 229, 52, 119, 188, 94, 237, 88, 113,
       59, 224, 219, 205, 85, 69, 171, 193, 161, 8, 30, 159, 104, 48,
       162, 185, 95, 80, 75, 43, 178, 80, 251, 213, 6, 127, 40, 18, 167,
       123, 57, 95, 98, 76, 124, 23, 206, 120, 85, 202, 247, 206, 83,
       104, 180, 245, 92, 236, 22, 238, 237, 183, 69, 15, 50, 238, 161,
       144, 127, 170, 120, 149, 189, 240, 116, 201, 237, 95, 213, 220,
       87, 252, 180, 10, 203, 93, 223, 237, 121, 220, 254, 120, 207, 118,
       127, 148, 255, 219, 197, 119, 247, 188, 220, 231, 2, 180, 178,
       155, 211, 229, 176, 199, 158, 23, 105, 19, 140, 254, 108, 73, 233,
