%YAML:1.0
---
descriptors: !!opencv-matrix
   rows: 160
   cols: 32
   dt: u
   data: [ 82, 185, 146, 158, 75, 193, 186, 232, 174, 149, 128, 163, 236,
       222, 100, 75, 246, 249, 235, 195, 18, 75, 138, 253, 153, 18, 95,
       187, 144, 7, 39, 219, 215, 255, 172, 158, 136, 52, 142, 140, 155,
       254, 156, 253, 192, 236, 215, 207, 5, 199, 253, 215, 246, 69, 239,
       242, 186, 50, 207, 255, 149, 245, 154, 84, 113, 163, 152, 184,
       184, 157, 88, 199, 171, 25, 184, 76, 135, 162, 64, 210, 130, 131,
       124, 81, 30, 11, 194, 17, 186, 213, 62, 249, 152, 128, 139, 13,
       116, 239, 74, 167, 208, 11, 126, 168, 52, 172, 255, 169, 199, 99,
       11, 16, 120, 204, 109, 98, 108, 208, 205, 46, 254, 231, 173, 149,
       32, 243, 94, 2, 105, 183, 201, 101, 164, 26, 109, 55, 48, 170,
       126, 236, 243, 33, 144, 179, 30, 230, 108, 46, 217, 248, 229, 12,
       228, 249, 229, 144, 110, 232, 210, 57, 2, 141, 12, 233, 157, 196,
       74, 171, 196, 17, 201, 2, 225, 251, 56, 96, 73, 147, 59, 137, 90,
       11, 67, 247, 237, 253, 138, 77, 16, 10, 252, 34, 18, 159, 27, 254,
       150, 192, 60, 103, 132, 0, 218, 162, 53, 158, 32, 96, 110, 187,
       143, 193, 120, 139, 32, 253, 243, 165, 186, 203, 52, 8, 165, 139,
       26, 16, 58, 216, 91, 210, 17, 75, 169, 68, 228, 34, 28, 223, 38,
       124, 178, 185, 147, 160, 8, 3, 50, 221, 211, 225, 10, 11, 51, 32,
       47, 118, 61, 245, 121, 64, 252, 87, 223, 255, 67, 232, 188, 40,
       91, 125, 221, 52, 159, 218, 87, 124, 219, 42, 123, 159, 123, 221,
       37, 252, 255, 250, 210, 249, 49, 81, 97, 69, 84, 79, 231, 121,
       101, 236, 246, 110, 115, 21, 148, 52, 92, 156, 86, 106, 201, 178,
       117, 12, 101, 136, 160, 132, 103, 170, 86, 249, 135, 67, 83, 189,
       110, 130, 170, 88, 156, 200, 83, 247, 221, 206, 185, 193, 126, 41,
       55, 111, 229, 179, 6, 200, 180, 32, 42, 136, 61, 174, 33, 213,
       219, 94, 119, 190, 39, 144, 254, 244, 253, 194, 210, 231, 109,
       142, 183, 225, 110, 241, 191, 199, 229, 175, 37, 238, 178, 123,
       254, 139, 63, 183, 41, 93, 11, 206, 102, 146, 118, 155, 190, 231,
       157, 127, 95, 231, 204, 106, 190, 197, 127, 161, 159, 167, 228,
       53, 14, 215, 62, 22, 239, 199, 63, 222, 185, 85, 93, 93, 60, 238,
       42, 14, 95, 188, 36, 238, 158, 45, 247, 127, 11, 82, 54, 213, 125,
       107, 232, 1, 121, 47, 243, 239, 101, 148, 40, 243, 1, 123, 58,
       253, 104, 108, 91, 219, 95, 254, 35, 236, 252, 169, 63, 215, 3,
       48, 62, 249, 215, 98, 67, 27, 120, 61, 251, 197, 37, 189, 115,
       183, 14, 251, 211, 76, 78, 188, 14, 130, 111, 230, 148, 66, 194,
       135, 121, 195, 49, 203, 96, 229, 59, 207, 105, 135, 18, 237, 208,
       43, 202, 0, 61, 61, 49, 88, 89, 251, 152, 184, 56, 157, 82, 150,
       234, 49, 128, 77, 175, 130, 82, 144, 132, 135, 108, 85, 214, 9,
       210, 49, 248, 245, 30, 121, 8, 0, 139, 8, 81, 163, 140, 37, 140,
       188, 200, 15, 234, 245, 138, 77, 199, 168, 90, 202, 133, 71, 232,
       21, 159, 105, 215, 0, 136, 229, 95, 117, 200, 4, 155, 80, 225,
       190, 140, 53, 61, 189, 192, 39, 62, 99, 226, 93, 167, 32, 6, 155,
       137, 166, 232, 4, 61, 252, 209, 23, 140, 247, 80, 114, 200, 8,
       203, 28, 85, 32, 172, 53, 140, 62, 136, 11, 166, 247, 139, 157,
       215, 108, 83, 106, 133, 71, 121, 21, 157, 105, 255, 0, 205, 99,
       223, 21, 200, 108, 153, 84, 32, 143, 0, 233, 157, 133, 66, 163,
       206, 13, 202, 66, 196, 187, 32, 192, 201, 34, 43, 129, 90, 9, 75,
       215, 173, 180, 138, 79, 16, 10, 244, 2, 119, 247, 172, 167, 136,
       74, 95, 184, 34, 246, 143, 143, 211, 110, 91, 66, 85, 197, 125,
       247, 236, 64, 253, 42, 236, 103, 205, 181, 164, 247, 20, 80, 232,
       121, 89, 101, 116, 14, 106, 52, 112, 168, 126, 104, 179, 19, 144,
       49, 30, 172, 68, 104, 233, 184, 209, 12, 230, 249, 36, 0, 106,
       160, 66, 169, 77, 223, 53, 175, 54, 79, 103, 189, 20, 108, 91,
       229, 247, 119, 136, 97, 22, 116, 63, 110, 233, 176, 121, 61, 229,
       174, 101, 132, 60, 186, 133, 113, 194, 150, 189, 213, 170, 106,
       189, 27, 190, 55, 131, 245, 220, 127, 140, 75, 135, 87, 235, 17,
       176, 205, 91, 66, 140, 50, 95, 87, 200, 96, 133, 115, 39, 163,
       228, 159, 109, 145, 184, 232, 206, 245, 153, 143, 232, 232, 222,
       138, 217, 73, 251, 213, 214, 106, 207, 241, 12, 26, 207, 251, 85,
       46, 88, 204, 116, 99, 136, 46, 40, 11, 95, 152, 50, 236, 173, 173,
       199, 101, 203, 18, 157, 197, 109, 231, 76, 66, 201, 8, 248, 161,
       45, 189, 32, 179, 14, 82, 245, 4, 172, 53, 140, 110, 205, 186, 82,
       247, 135, 157, 211, 108, 91, 11, 205, 198, 125, 167, 189, 196,
       255, 10, 200, 99, 253, 20, 140, 253, 152, 80, 225, 111, 189, 101,
       36, 14, 109, 55, 120, 170, 126, 72, 179, 33, 144, 51, 136, 102,
       108, 110, 233, 248, 241, 8, 231, 185, 100, 16, 72, 248, 210, 41,
       178, 207, 226, 223, 55, 176, 254, 199, 159, 63, 254, 179, 40, 238,
       190, 213, 255, 255, 183, 129, 174, 219, 140, 243, 178, 126, 223,
       175, 183, 252, 253, 223, 213, 234, 156, 184, 40, 45, 90, 154, 174,
       191, 164, 93, 151, 3, 83, 91, 133, 197, 108, 94, 174, 69, 203, 49,
       200, 251, 103, 125, 136, 241, 11, 1, 2, 148, 22, 155, 131, 228,
       180, 167, 156, 31, 75, 19, 236, 182, 40, 73, 225, 19, 187, 145,
       54, 205, 27, 247, 13, 54, 222, 67, 144, 84, 173, 26, 95, 205, 172,
       167, 136, 71, 159, 168, 22, 246, 139, 143, 243, 108, 91, 2, 29,
       199, 121, 247, 253, 67, 255, 43, 233, 103, 207, 52, 141, 127, 153,
       80, 11, 14, 66, 219, 53, 179, 234, 83, 87, 9, 220, 98, 232, 249,
       180, 228, 89, 186, 151, 153, 159, 186, 72, 255, 174, 127, 138,
       195, 159, 143, 120, 173, 231, 244, 172, 55, 172, 61, 204, 142,
       154, 255, 132, 29, 211, 232, 95, 27, 197, 198, 121, 31, 189, 71,
       255, 50, 139, 123, 221, 124, 136, 125, 218, 84, 125, 60, 156, 183,
       141, 61, 68, 182, 191, 187, 162, 93, 239, 163, 66, 155, 129, 230,
       236, 12, 61, 105, 91, 48, 219, 219, 85, 56, 200, 112, 202, 18,
       161, 11, 97, 157, 108, 208, 196, 103, 205, 72, 120, 98, 160, 152,
       180, 240, 200, 42, 22, 73, 197, 42, 102, 189, 38, 56, 178, 139,
       23, 12, 86, 239, 93, 49, 152, 166, 169, 44, 90, 24, 171, 233, 169,
       9, 223, 247, 75, 90, 150, 213, 253, 82, 25, 3, 218, 128, 211, 253,
       41, 62, 138, 115, 3, 83, 151, 3, 67, 172, 126, 3, 234, 120, 28,
       192, 209, 215, 93, 206, 177, 225, 126, 137, 54, 239, 231, 23, 15,
       223, 180, 40, 235, 140, 61, 172, 49, 212, 163, 121, 12, 189, 44,
       133, 204, 254, 134, 200, 208, 101, 176, 155, 179, 0, 200, 106, 23,
       205, 207, 202, 83, 61, 96, 25, 190, 136, 28, 24, 120, 155, 114,
       221, 235, 132, 221, 192, 95, 231, 201, 197, 142, 143, 34, 172,
       118, 118, 232, 230, 253, 213, 222, 11, 246, 237, 123, 60, 142,
       155, 5, 158, 244, 126, 93, 48, 156, 103, 168, 47, 86, 186, 171,
       168, 191, 109, 223, 119, 73, 154, 151, 87, 253, 14, 13, 1, 219,
       32, 207, 223, 101, 180, 202, 243, 11, 19, 41, 181, 121, 73, 254,
       91, 223, 127, 87, 233, 124, 110, 91, 61, 212, 52, 30, 142, 86, 56,
       155, 58, 125, 159, 126, 29, 165, 244, 255, 202, 210, 253, 72, 158,
       56, 245, 112, 239, 185, 55, 57, 45, 118, 57, 172, 63, 2, 16, 175,
       63, 183, 1, 52, 190, 225, 207, 79, 183, 58, 195, 192, 0, 15, 219,
       181, 76, 46, 59, 172, 63, 230, 240, 124, 114, 243, 86, 211, 56,
       23, 107, 233, 198, 126, 127, 253, 255, 93, 54, 244, 235, 246, 84,
       221, 89, 248, 132, 192, 156, 157, 181, 168, 110, 189, 175, 190,
       243, 66, 21, 244, 183, 64, 75, 133, 87, 105, 21, 51, 220, 211, 99,
       141, 178, 94, 66, 128, 112, 133, 122, 233, 121, 159, 117, 165, 14,
       101, 55, 232, 170, 118, 72, 190, 49, 1, 51, 128, 102, 108, 74,
       225, 252, 177, 40, 231, 251, 116, 0, 74, 248, 195, 41, 130, 206,
       226, 158, 254, 177, 190, 231, 159, 7, 218, 247, 237, 234, 182,
       197, 255, 235, 191, 133, 166, 239, 14, 255, 62, 126, 159, 139,
