%YAML:1.0
---
descriptors: !!opencv-matrix
   rows: 351
   cols: 32
   dt: u
   data: [ 34, 61, 98, 90, 215, 245, 178, 71, 93, 205, 120, 39, 40, 220,
       54, 164, 220, 59, 151, 81, 150, 186, 52, 238, 43, 92, 142, 203,
       199, 14, 255, 223, 45, 183, 97, 75, 244, 191, 235, 57, 76, 101,
       125, 236, 211, 76, 158, 180, 30, 42, 22, 61, 151, 176, 125, 31,
       46, 61, 32, 212, 223, 206, 218, 245, 50, 88, 82, 233, 117, 159,
       122, 80, 57, 68, 124, 15, 42, 207, 39, 148, 254, 169, 135, 208,
       74, 182, 112, 223, 183, 220, 1, 35, 119, 158, 74, 222, 46, 94,
       118, 201, 117, 251, 250, 80, 93, 32, 126, 2, 75, 13, 183, 224,
       254, 185, 151, 97, 140, 178, 101, 220, 39, 223, 128, 131, 119,
       191, 124, 159, 11, 28, 98, 244, 83, 134, 186, 96, 189, 200, 91,
       35, 76, 254, 55, 228, 254, 253, 179, 231, 165, 147, 150, 206, 55,
       123, 139, 138, 15, 39, 43, 215, 209, 159, 255, 253, 180, 10, 109,
       191, 252, 218, 150, 244, 247, 119, 144, 99, 119, 103, 125, 174,
       249, 201, 109, 47, 232, 235, 127, 212, 172, 224, 225, 121, 105,
       165, 97, 103, 117, 223, 219, 57, 107, 233, 61, 8, 251, 125, 222,
       52, 26, 238, 85, 125, 151, 122, 252, 157, 111, 221, 37, 245, 103,
       134, 214, 229, 191, 55, 64, 129, 244, 51, 238, 219, 21, 238, 214,
       255, 193, 40, 151, 133, 127, 140, 23, 189, 189, 182, 69, 222, 62,
       14, 175, 228, 191, 253, 248, 213, 108, 187, 249, 103, 245, 76,
       255, 249, 99, 173, 189, 10, 219, 125, 92, 54, 185, 222, 85, 216,
       152, 122, 248, 232, 127, 220, 133, 127, 231, 234, 214, 174, 52,
       54, 243, 69, 246, 43, 235, 91, 85, 175, 125, 238, 80, 37, 149, 52,
       126, 252, 22, 172, 161, 182, 101, 206, 116, 14, 33, 128, 255, 235,
       118, 241, 58, 248, 112, 218, 123, 221, 154, 248, 143, 104, 189,
       47, 44, 220, 215, 180, 175, 185, 223, 195, 199, 47, 122, 255, 191,
       92, 9, 187, 95, 142, 15, 223, 120, 159, 84, 228, 21, 126, 78, 55,
       33, 238, 190, 110, 107, 35, 146, 150, 40, 230, 236, 168, 185, 139,
       241, 142, 186, 255, 225, 145, 43, 228, 90, 61, 37, 55, 115, 77,
       246, 43, 239, 121, 85, 168, 121, 230, 81, 101, 189, 36, 126, 26,
       22, 106, 241, 178, 109, 222, 44, 14, 37, 132, 119, 235, 112, 177,
       141, 95, 60, 250, 236, 45, 189, 221, 142, 94, 16, 53, 188, 222,
       251, 75, 199, 3, 31, 87, 226, 101, 42, 176, 196, 153, 111, 188,
       28, 121, 145, 241, 25, 95, 203, 229, 38, 2, 239, 245, 36, 202, 94,
       230, 189, 39, 177, 195, 110, 237, 63, 237, 201, 152, 165, 236,
       244, 233, 238, 128, 47, 178, 177, 249, 30, 138, 214, 254, 147,
       240, 58, 226, 183, 21, 199, 179, 105, 239, 160, 205, 103, 251,
       171, 192, 58, 207, 142, 239, 219, 231, 218, 203, 167, 167, 37, 2,
       26, 158, 107, 242, 116, 243, 235, 214, 183, 79, 222, 162, 121,
       207, 186, 96, 125, 235, 23, 185, 170, 159, 44, 255, 250, 207, 191,
       196, 183, 207, 244, 249, 30, 246, 234, 198, 117, 183, 250, 216,
       87, 234, 253, 102, 73, 234, 255, 160, 251, 253, 151, 171, 131,
       183, 172, 223, 118, 93, 171, 166, 175, 255, 122, 221, 155, 242,
       234, 182, 118, 179, 235, 216, 23, 111, 221, 247, 121, 239, 191,
       40, 127, 235, 23, 143, 166, 183, 44, 219, 118, 79, 187, 165, 167,
       223, 55, 253, 138, 252, 182, 151, 101, 244, 190, 231, 221, 142,
       91, 19, 236, 254, 100, 197, 249, 123, 179, 131, 36, 252, 154, 235,
       61, 87, 207, 11, 6, 127, 189, 207, 170, 221, 98, 218, 245, 215,
       190, 231, 95, 76, 120, 11, 40, 220, 54, 132, 220, 59, 147, 65,
       246, 186, 92, 255, 63, 92, 141, 235, 87, 14, 254, 223, 88, 150,
       23, 191, 49, 238, 75, 51, 173, 13, 223, 84, 255, 43, 16, 208, 161,
       39, 93, 9, 57, 137, 17, 239, 233, 247, 58, 208, 138, 4, 141, 11,
       25, 95, 107, 189, 38, 3, 109, 119, 117, 206, 222, 230, 51, 165,
       179, 97, 126, 234, 63, 207, 201, 185, 37, 233, 240, 233, 238, 128,
       63, 248, 240, 249, 181, 215, 117, 79, 182, 67, 231, 249, 84, 72,
       121, 230, 115, 64, 189, 165, 126, 104, 6, 106, 233, 176, 109, 31,
       36, 10, 33, 132, 125, 186, 240, 181, 142, 28, 102, 150, 119, 214,
       186, 224, 184, 79, 83, 147, 108, 254, 61, 197, 255, 253, 179, 227,
       224, 247, 154, 255, 53, 54, 203, 139, 135, 127, 55, 135, 26, 204,
       7, 254, 155, 224, 28, 231, 151, 23, 192, 179, 44, 246, 32, 213,
       225, 179, 171, 128, 62, 143, 2, 255, 187, 230, 218, 75, 51, 84,
       173, 30, 34, 253, 16, 139, 245, 213, 190, 239, 31, 13, 88, 3, 172,
       220, 54, 132, 217, 59, 147, 209, 118, 186, 88, 255, 47, 84, 158,
       235, 23, 14, 189, 222, 138, 184, 182, 185, 125, 253, 176, 202,
       255, 31, 100, 17, 172, 218, 98, 205, 129, 27, 162, 17, 54, 108,
       50, 243, 143, 211, 90, 107, 210, 68, 45, 207, 199, 80, 230, 222,
       247, 246, 190, 73, 191, 110, 211, 147, 76, 222, 63, 252, 255, 181,
       191, 167, 166, 151, 60, 251, 55, 126, 159, 135, 21, 119, 189, 247,
       38, 141, 50, 158, 253, 213, 186, 232, 28, 140, 121, 11, 108, 236,
       39, 197, 220, 251, 131, 99, 100, 50, 90, 255, 61, 54, 143, 107,
       211, 47, 63, 198, 146, 95, 247, 148, 114, 192, 189, 102, 188, 140,
       210, 179, 44, 190, 165, 64, 230, 251, 159, 193, 96, 143, 2, 239,
       240, 36, 190, 139, 37, 16, 37, 251, 166, 98, 238, 146, 239, 249,
       185, 200, 139, 117, 180, 185, 12, 204, 223, 11, 143, 89, 223, 87,
       134, 103, 234, 241, 82, 81, 91, 255, 199, 157, 151, 215, 107, 235,
       193, 203, 93, 148, 106, 248, 71, 161, 76, 70, 40, 195, 244, 244,
       88, 232, 178, 218, 203, 26, 222, 243, 30, 92, 135, 106, 63, 135,
       120, 172, 17, 75, 91, 205, 54, 131, 111, 124, 84, 8, 80, 230, 51,
       65, 177, 96, 126, 168, 6, 110, 203, 185, 5, 191, 176, 174, 162,
       128, 61, 154, 112, 169, 62, 20, 238, 101, 101, 114, 125, 48, 117,
       214, 255, 167, 73, 61, 151, 127, 94, 148, 247, 170, 169, 244, 117,
       136, 71, 251, 225, 133, 103, 247, 126, 243, 159, 17, 96, 193, 231,
       86, 254, 120, 117, 238, 87, 178, 73, 29, 159, 236, 126, 221, 151,
       239, 228, 180, 37, 202, 87, 95, 131, 135, 39, 183, 127, 245, 216,
       137, 87, 237, 54, 202, 111, 53, 37, 0, 118, 194, 127, 103, 160,
       69, 54, 182, 47, 234, 105, 184, 49, 221, 245, 170, 98, 0, 118,
       170, 5, 41, 226, 88, 54, 190, 105, 196, 84, 230, 173, 90, 224, 13,
       46, 158, 39, 219, 200, 243, 255, 65, 109, 207, 82, 237, 147, 242,
       210, 27, 16, 20, 102, 94, 96, 141, 29, 252, 125, 200, 81, 239,
       223, 25, 248, 40, 46, 155, 36, 112, 202, 179, 207, 64, 122, 43,
       66, 255, 251, 246, 18, 91, 80, 8, 102, 171, 169, 56, 157, 229, 37,
       63, 80, 55, 97, 235, 50, 92, 223, 57, 80, 163, 140, 70, 124, 29,
       189, 252, 241, 4, 207, 219, 117, 80, 72, 136, 218, 27, 197, 6,
       122, 79, 36, 46, 107, 16, 124, 202, 119, 100, 211, 65, 151, 121,
       22, 36, 124, 110, 161, 180, 37, 12, 70, 185, 33, 128, 72, 163, 64,
       33, 226, 159, 18, 188, 125, 129, 144, 102, 141, 13, 208, 255, 172,
       136, 38, 193, 206, 59, 139, 65, 228, 43, 66, 255, 160, 48, 154,
       219, 28, 12, 189, 139, 138, 157, 54, 223, 247, 214, 188, 167, 189,
       79, 86, 19, 236, 254, 54, 229, 227, 123, 179, 193, 118, 216, 51,
       255, 39, 127, 222, 131, 22, 20, 173, 223, 233, 73, 83, 77, 68, 30,
       110, 53, 121, 128, 118, 74, 115, 112, 181, 245, 114, 228, 54, 106,
       225, 186, 181, 239, 54, 235, 228, 0, 63, 186, 88, 44, 203, 91,
       117, 193, 242, 90, 185, 60, 45, 248, 86, 245, 221, 14, 151, 239,
       38, 5, 183, 125, 181, 244, 117, 204, 46, 123, 123, 198, 206, 181,
       9, 245, 10, 188, 240, 171, 119, 253, 186, 198, 31, 45, 88, 3, 173,
       29, 119, 132, 255, 59, 151, 145, 134, 184, 80, 255, 175, 220, 158,
       227, 247, 76, 29, 223, 63, 55, 104, 99, 187, 118, 93, 57, 113,
       205, 127, 165, 91, 125, 223, 188, 23, 212, 213, 188, 157, 144,
       253, 142, 107, 223, 101, 199, 239, 198, 254, 119, 144, 172, 190,
       251, 170, 248, 21, 199, 238, 159, 182, 48, 239, 255, 204, 235,
