%YAML:1.0
---
descriptors: !!opencv-matrix
   rows: 283
   cols: 32
   dt: u
   data: [ 254, 104, 228, 16, 205, 89, 220, 204, 203, 246, 180, 143, 10,
       136, 87, 159, 233, 200, 195, 215, 204, 103, 254, 192, 50, 88, 197,
       63, 231, 125, 126, 198, 2, 158, 26, 155, 114, 232, 176, 39, 188,
       5, 74, 177, 172, 158, 36, 64, 167, 59, 130, 17, 54, 152, 0, 119,
       5, 54, 26, 67, 208, 0, 165, 159, 102, 217, 96, 222, 125, 152, 250,
       160, 235, 88, 241, 47, 172, 216, 29, 244, 238, 241, 247, 195, 198,
       40, 218, 245, 62, 60, 138, 171, 87, 7, 91, 159, 202, 220, 183,
       218, 169, 237, 53, 167, 159, 95, 132, 24, 190, 247, 46, 111, 193,
       115, 251, 16, 51, 111, 250, 245, 253, 50, 94, 123, 146, 92, 133,
       122, 110, 126, 227, 204, 110, 83, 79, 216, 3, 238, 220, 234, 121,
       245, 245, 180, 95, 252, 55, 238, 201, 19, 238, 186, 115, 124, 165,
       188, 55, 255, 86, 241, 42, 49, 48, 110, 41, 221, 155, 88, 139, 76,
       189, 44, 238, 221, 110, 52, 158, 57, 221, 67, 134, 35, 250, 253,
       195, 217, 9, 187, 90, 46, 15, 247, 11, 21, 97, 71, 55, 243, 235,
       51, 69, 225, 95, 226, 249, 37, 148, 228, 94, 62, 158, 168, 145,
       184, 101, 207, 108, 12, 160, 192, 103, 206, 212, 253, 130, 189,
       189, 218, 169, 237, 181, 207, 191, 95, 180, 57, 172, 254, 106, 43,
       169, 91, 251, 16, 54, 105, 250, 243, 255, 147, 94, 127, 210, 80,
       133, 255, 52, 2, 91, 233, 84, 43, 99, 80, 84, 0, 247, 66, 83, 3,
       161, 96, 120, 136, 6, 168, 57, 178, 97, 30, 213, 172, 162, 0, 117,
       171, 112, 160, 2, 237, 16, 139, 213, 135, 166, 239, 14, 1, 88, 3,
       172, 216, 120, 132, 216, 91, 2, 81, 82, 184, 88, 255, 45, 20, 143,
       111, 21, 26, 145, 142, 94, 122, 186, 180, 42, 96, 57, 66, 184,
       134, 154, 163, 45, 174, 99, 10, 167, 245, 237, 211, 4, 197, 134,
       226, 209, 103, 123, 139, 164, 117, 39, 75, 34, 237, 96, 139, 213,
       213, 190, 239, 78, 69, 88, 131, 40, 220, 54, 164, 216, 43, 147,
       213, 198, 186, 92, 253, 45, 28, 142, 235, 85, 14, 213, 222, 114,
       150, 105, 255, 178, 226, 223, 55, 57, 75, 123, 245, 113, 63, 156,
       113, 215, 191, 21, 161, 185, 152, 101, 239, 234, 63, 186, 194, 53,
       192, 180, 123, 72, 17, 249, 225, 176, 236, 89, 23, 63, 109, 94,
       48, 191, 151, 192, 116, 134, 55, 253, 24, 146, 152, 177, 210, 207,
       253, 50, 210, 130, 192, 133, 123, 10, 133, 50, 155, 213, 246, 190,
       103, 61, 5, 74, 19, 172, 190, 46, 196, 243, 27, 131, 145, 118,
       152, 17, 215, 47, 54, 158, 67, 146, 4, 173, 206, 151, 179, 98,
       203, 103, 84, 252, 252, 29, 126, 212, 183, 12, 174, 255, 237, 127,
       207, 191, 254, 245, 221, 175, 240, 22, 122, 223, 135, 63, 221, 61,
       245, 4, 120, 158, 240, 247, 233, 177, 198, 250, 177, 54, 42, 156,
       185, 97, 15, 163, 127, 251, 81, 19, 249, 130, 224, 93, 146, 95,
       99, 200, 89, 7, 171, 183, 113, 98, 201, 247, 87, 254, 204, 95,
       108, 246, 19, 72, 156, 191, 236, 254, 205, 159, 247, 236, 183, 61,
       214, 63, 94, 151, 199, 183, 191, 252, 215, 177, 66, 111, 109, 4,
       10, 101, 117, 100, 34, 243, 82, 83, 1, 144, 113, 120, 132, 110,
       168, 233, 182, 101, 12, 244, 170, 98, 0, 97, 168, 224, 40, 171,
       252, 105, 197, 108, 95, 207, 126, 73, 234, 52, 74, 187, 28, 214,
       35, 142, 228, 87, 111, 225, 110, 244, 255, 111, 27, 37, 184, 79,
       188, 82, 253, 111, 191, 225, 193, 246, 250, 251, 146, 107, 109,
       60, 238, 9, 47, 212, 180, 55, 159, 215, 157, 147, 24, 237, 214,
       62, 93, 171, 244, 175, 199, 87, 245, 82, 241, 251, 226, 155, 201,
       17, 205, 171, 117, 172, 41, 63, 159, 73, 56, 174, 155, 221, 144,
       27, 11, 178, 208, 219, 213, 30, 127, 224, 18, 167, 123, 207, 59,
       101, 173, 103, 27, 191, 56, 91, 254, 87, 255, 237, 124, 151, 173,
       22, 109, 183, 111, 165, 112, 127, 220, 46, 123, 235, 170, 111,
       172, 25, 245, 73, 21, 61, 71, 52, 30, 233, 55, 104, 237, 127, 68,
       255, 61, 158, 100, 132, 38, 52, 44, 209, 184, 113, 77, 103, 191,
       50, 128, 78, 194, 215, 121, 2, 141, 42, 156, 22, 132, 172, 103,
       172, 0, 90, 2, 60, 186, 48, 96, 226, 123, 19, 193, 68, 153, 16,
       237, 49, 52, 154, 131, 4, 16, 177, 138, 190, 115, 226, 229, 103,
       94, 254, 212, 113, 238, 126, 170, 9, 63, 159, 165, 126, 221, 151,
       234, 232, 250, 181, 200, 127, 217, 198, 135, 103, 255, 126, 255,
       75, 23, 117, 93, 114, 91, 189, 49, 61, 236, 119, 229, 252, 92,
       151, 181, 22, 53, 247, 45, 165, 240, 117, 205, 38, 63, 32, 130,
       78, 180, 11, 125, 154, 248, 126, 248, 106, 208, 181, 230, 174, 84,
       214, 163, 44, 222, 103, 113, 102, 59, 251, 195, 70, 207, 162, 245,
       242, 97, 30, 139, 53, 20, 45, 251, 61, 216, 97, 251, 221, 223, 67,
       252, 87, 125, 244, 18, 91, 93, 186, 228, 121, 216, 150, 248, 187,
       54, 125, 183, 255, 223, 133, 117, 247, 159, 212, 244, 79, 54, 248,
       227, 36, 184, 250, 22, 239, 203, 31, 231, 253, 255, 223, 42, 183,
       119, 125, 157, 135, 33, 167, 194, 78, 95, 190, 130, 142, 215, 89,
       93, 3, 247, 173, 141, 178, 86, 159, 191, 143, 77, 156, 229, 252,
       108, 154, 38, 135, 83, 221, 39, 199, 137, 45, 221, 160, 52, 47,
       150, 92, 246, 129, 125, 189, 69, 103, 108, 87, 86, 127, 112, 117,
       192, 255, 130, 91, 125, 191, 244, 126, 236, 150, 238, 237, 178,
       53, 142, 115, 239, 161, 128, 119, 191, 110, 244, 171, 62, 67, 93,
       119, 191, 170, 210, 91, 202, 112, 254, 40, 152, 181, 181, 254,
       236, 150, 204, 167, 254, 52, 255, 22, 94, 33, 162, 95, 173, 122,
       157, 58, 21, 114, 232, 87, 87, 190, 96, 69, 4, 253, 131, 9, 29,
       54, 228, 254, 153, 159, 227, 220, 179, 53, 206, 51, 221, 138, 147,
       119, 142, 254, 199, 145, 207, 31, 237, 38, 135, 206, 255, 84, 8,
       208, 70, 183, 73, 176, 97, 126, 42, 22, 239, 233, 165, 1, 191,
       224, 139, 170, 128, 60, 152, 177, 137, 210, 140, 215, 222, 18,
       160, 45, 39, 180, 3, 202, 210, 125, 227, 48, 65, 115, 227, 59,
       136, 113, 143, 2, 239, 176, 166, 250, 128, 61, 96, 161, 40, 2,
       140, 20, 189, 189, 239, 184, 39, 190, 27, 90, 17, 172, 58, 32, 77,
       201, 59, 187, 145, 50, 216, 83, 213, 141, 178, 218, 67, 144, 76,
       157, 138, 145, 207, 79, 190, 36, 130, 79, 125, 212, 2, 210, 226,
       115, 195, 184, 65, 122, 162, 14, 238, 106, 129, 7, 189, 224, 171,
       162, 0, 60, 154, 112, 40, 130, 180, 146, 154, 219, 229, 176, 67,
       191, 31, 97, 17, 172, 222, 100, 76, 233, 59, 147, 17, 54, 126, 18,
       211, 13, 22, 26, 107, 208, 68, 175, 151, 50, 85, 83, 172, 18, 67,
       7, 104, 29, 0, 249, 234, 22, 158, 37, 80, 250, 157, 7, 227, 73,
       179, 64, 78, 177, 180, 138, 30, 17, 59, 38, 182, 52, 0, 122, 236,
       20, 70, 91, 88, 84, 196, 117, 3, 83, 221, 59, 0, 120, 184, 23,
       170, 140, 178, 48, 12, 83, 205, 161, 0, 117, 170, 116, 194, 22,
       165, 98, 192, 215, 215, 186, 225, 253, 4, 90, 3, 104, 204, 62,
       164, 190, 187, 147, 241, 182, 185, 52, 223, 59, 92, 139, 195, 103,
       14, 125, 198, 155, 55, 59, 26, 179, 245, 185, 93, 31, 77, 85, 247,
       124, 220, 174, 236, 182, 59, 149, 21, 183, 131, 50, 215, 211, 93,
       58, 235, 155, 134, 173, 255, 170, 228, 108, 81, 109, 249, 241, 10,
       239, 119, 182, 189, 139, 140, 214, 191, 11, 128, 239, 52, 238,
       101, 247, 213, 70, 91, 81, 127, 71, 140, 94, 246, 9, 138, 222,
       181, 18, 142, 104, 115, 126, 193, 102, 196, 125, 227, 50, 233, 51,
       109, 50, 12, 181, 248, 7, 92, 76, 175, 119, 0, 236, 160, 41, 129,
       61, 87, 67, 109, 68, 31, 238, 120, 117, 234, 254, 238, 83, 72,
       145, 244, 124, 204, 86, 239, 205, 182, 101, 14, 118, 110, 165,
       148, 111, 187, 120, 149, 18, 97, 22, 172, 29, 199, 250, 73, 141,
       128, 251, 3, 14, 218, 36, 64, 234, 177, 239, 227, 76, 161, 19,
       221, 179, 240, 139, 27, 85, 14, 101, 134, 230, 226, 236, 150, 239,
       81, 189, 236, 155, 247, 52, 185, 236, 236, 223, 15, 135, 73, 247,
       87, 198, 103, 174, 241, 30, 26, 93, 255, 199, 181, 7, 199, 7, 227,
