%YAML:1.0
---
descriptors: !!opencv-matrix
   rows: 285
   cols: 32
   dt: u
   data: [ 31, 143, 132, 191, 151, 179, 182, 239, 215, 83, 88, 230, 237,
       104, 186, 229, 251, 75, 174, 229, 247, 160, 13, 191, 174, 247,
       207, 199, 191, 126, 185, 157, 162, 221, 98, 219, 245, 215, 190,
       231, 95, 76, 120, 11, 40, 220, 54, 132, 220, 59, 147, 71, 246,
       186, 92, 255, 47, 28, 134, 235, 85, 14, 255, 223, 195, 186, 56,
       83, 242, 188, 184, 23, 250, 89, 180, 252, 156, 22, 198, 189, 134,
       27, 222, 24, 183, 205, 176, 119, 14, 25, 58, 242, 202, 4, 139, 61,
       58, 248, 112, 202, 127, 157, 154, 248, 143, 104, 189, 47, 46, 220,
       87, 180, 175, 185, 223, 199, 198, 47, 122, 255, 191, 92, 9, 187,
       95, 143, 15, 223, 41, 137, 145, 211, 117, 207, 99, 180, 79, 233,
       122, 66, 250, 115, 96, 196, 89, 106, 42, 88, 83, 184, 75, 181,
       205, 158, 213, 68, 146, 142, 80, 40, 45, 159, 97, 73, 244, 191,
       195, 51, 76, 109, 125, 236, 210, 96, 158, 180, 94, 42, 22, 62,
       151, 176, 124, 31, 46, 60, 33, 212, 222, 206, 218, 245, 254, 122,
       236, 16, 237, 29, 149, 204, 235, 254, 180, 175, 10, 220, 223, 31,
       237, 217, 223, 119, 206, 103, 234, 240, 94, 89, 69, 191, 215, 125,
       126, 215, 161, 201, 63, 252, 45, 197, 215, 230, 205, 8, 248, 0,
       58, 249, 52, 48, 200, 226, 70, 193, 73, 171, 50, 253, 243, 249,
       150, 27, 81, 56, 114, 42, 138, 157, 54, 255, 247, 214, 188, 231,
       189, 31, 86, 19, 236, 254, 54, 229, 230, 115, 187, 129, 118, 152,
       51, 255, 39, 123, 218, 131, 22, 84, 173, 95, 32, 205, 29, 252,
       125, 193, 85, 231, 141, 28, 248, 40, 174, 219, 36, 112, 202, 59,
       135, 64, 90, 43, 66, 253, 251, 213, 22, 91, 80, 8, 230, 171, 73,
       23, 47, 71, 180, 30, 237, 55, 104, 200, 95, 68, 241, 60, 150, 117,
       148, 38, 52, 45, 225, 184, 181, 76, 101, 57, 226, 128, 78, 130,
       243, 253, 36, 50, 225, 69, 246, 43, 235, 91, 117, 239, 119, 246,
       80, 37, 149, 60, 126, 220, 22, 188, 177, 182, 101, 206, 70, 46,
       176, 128, 239, 233, 242, 245, 30, 240, 127, 250, 235, 208, 53, 73,
       175, 81, 247, 178, 92, 215, 232, 252, 51, 57, 251, 144, 83, 197,
       174, 209, 219, 225, 15, 207, 34, 2, 167, 243, 130, 187, 16, 185,
       251, 137, 188, 239, 142, 80, 88, 239, 172, 142, 98, 192, 167, 43,
       235, 5, 87, 8, 3, 245, 172, 16, 30, 251, 24, 12, 137, 159, 26,
       220, 99, 250, 86, 179, 235, 246, 247, 67, 222, 226, 89, 223, 180,
       96, 125, 170, 23, 152, 171, 191, 44, 255, 122, 207, 175, 196, 183,
       219, 245, 233, 138, 236, 146, 159, 37, 242, 190, 230, 157, 134,
       90, 19, 236, 250, 38, 197, 249, 123, 163, 131, 100, 250, 10, 239,
       45, 118, 207, 11, 22, 109, 189, 143, 1, 146, 59, 91, 115, 181,
       177, 218, 127, 89, 125, 84, 28, 147, 108, 124, 181, 26, 2, 28,
       147, 60, 50, 211, 79, 189, 18, 78, 218, 129, 99, 179, 142, 92,
       102, 159, 119, 242, 186, 224, 184, 127, 83, 179, 108, 254, 61,
       197, 255, 253, 179, 179, 164, 247, 136, 255, 53, 54, 203, 139,
       135, 127, 63, 199, 18, 181, 176, 186, 185, 253, 145, 207, 175,
       125, 188, 25, 174, 254, 110, 28, 139, 187, 207, 17, 30, 107, 250,
       247, 155, 212, 31, 123, 210, 68, 143, 255, 145, 79, 75, 205, 54,
       131, 206, 124, 84, 8, 208, 230, 49, 64, 177, 96, 126, 40, 22, 238,
       235, 184, 5, 191, 160, 172, 170, 128, 61, 152, 112, 169, 146, 140,
       23, 190, 4, 194, 172, 103, 28, 3, 66, 19, 164, 170, 32, 65, 232,
       59, 35, 129, 114, 158, 18, 255, 129, 182, 218, 67, 20, 8, 181,
       138, 2, 148, 54, 153, 245, 252, 176, 103, 189, 31, 78, 17, 172,
       254, 46, 205, 161, 35, 171, 17, 54, 201, 50, 215, 15, 118, 90, 67,
       146, 76, 173, 207, 203, 95, 117, 193, 226, 218, 189, 182, 45, 248,
       86, 229, 221, 14, 151, 255, 134, 71, 183, 124, 229, 252, 117, 238,
       46, 123, 126, 194, 78, 148, 137, 253, 10, 156, 150, 154, 219, 245,
       176, 71, 191, 31, 69, 17, 172, 218, 38, 205, 225, 27, 130, 17, 54,
       205, 18, 247, 11, 87, 26, 75, 210, 68, 173, 199, 149, 65, 107,
       199, 214, 2, 239, 89, 52, 68, 199, 146, 81, 71, 185, 96, 118, 204,
       19, 238, 177, 148, 61, 78, 119, 45, 170, 4, 37, 179, 244, 224,
       120, 233, 248, 106, 249, 221, 87, 221, 163, 13, 172, 8, 63, 215,
       66, 16, 130, 187, 197, 80, 90, 43, 250, 49, 251, 205, 36, 123,
       226, 130, 134, 107, 153, 91, 99, 189, 166, 2, 109, 215, 117, 206,
       222, 230, 51, 135, 179, 97, 126, 238, 63, 207, 201, 153, 37, 232,
       240, 235, 254, 128, 63, 248, 240, 249, 26, 151, 115, 111, 178,
       232, 125, 55, 45, 76, 127, 229, 63, 190, 182, 113, 38, 59, 151,
       133, 213, 152, 38, 205, 102, 121, 42, 130, 38, 198, 165, 255, 208,
       218, 63, 191, 40, 205, 29, 183, 174, 91, 150, 117, 183, 151, 34,
       67, 167, 55, 125, 129, 235, 141, 51, 49, 225, 227, 126, 144, 24,
       16, 165, 123, 212, 207, 142, 191, 152, 130, 94, 181, 164, 15, 206,
       167, 229, 107, 42, 66, 229, 231, 173, 198, 126, 201, 11, 47, 234,
       231, 238, 145, 160, 211, 189, 75, 94, 17, 244, 229, 175, 126, 253,
       31, 45, 255, 255, 147, 74, 60, 30, 106, 191, 151, 253, 177, 156,
       240, 113, 192, 199, 127, 222, 151, 231, 252, 197, 87, 175, 51,
       228, 177, 244, 62, 236, 83, 121, 234, 114, 215, 153, 40, 151, 173,
       126, 238, 23, 189, 189, 240, 85, 200, 14, 91, 247, 132, 239, 236,
       90, 213, 18, 82, 30, 187, 66, 130, 57, 80, 52, 21, 211, 167, 13,
       15, 34, 73, 110, 189, 167, 209, 14, 158, 65, 229, 212, 225, 250,
       193, 37, 9, 37, 211, 189, 92, 108, 109, 109, 118, 253, 48, 100,
       206, 255, 166, 89, 61, 151, 123, 126, 244, 255, 174, 237, 180,
       117, 140, 71, 107, 226, 129, 47, 255, 126, 241, 181, 116, 241, 69,
       116, 126, 227, 90, 97, 232, 250, 74, 179, 21, 213, 52, 126, 220,
       86, 110, 137, 178, 245, 10, 54, 236, 33, 160, 239, 251, 82, 177,
       38, 221, 82, 158, 253, 199, 186, 232, 156, 192, 121, 3, 236, 252,
       63, 197, 250, 121, 147, 119, 36, 178, 90, 255, 61, 54, 143, 75,
       213, 47, 119, 214, 53, 57, 225, 65, 116, 111, 235, 88, 71, 232,
       251, 74, 83, 20, 213, 36, 124, 204, 22, 124, 153, 176, 117, 12,
       12, 140, 161, 244, 109, 171, 82, 245, 209, 159, 253, 245, 180, 10,
       77, 191, 228, 218, 182, 244, 247, 103, 144, 99, 103, 231, 124,
       174, 249, 205, 109, 44, 226, 235, 103, 144, 44, 224, 129, 121,
       216, 188, 151, 248, 171, 236, 21, 135, 191, 27, 160, 56, 190, 183,
       64, 127, 167, 247, 109, 16, 59, 79, 178, 115, 217, 178, 86, 58,
       130, 80, 167, 43, 94, 220, 175, 86, 47, 116, 157, 178, 159, 94,
       151, 183, 72, 252, 118, 111, 167, 117, 253, 135, 237, 101, 187,
       226, 211, 123, 223, 155, 7, 117, 53, 87, 154, 174, 198, 187, 162,
       160, 60, 223, 183, 31, 214, 247, 173, 227, 194, 223, 111, 255,
       175, 148, 50, 220, 207, 243, 206, 227, 255, 193, 167, 196, 175,
       201, 194, 237, 148, 158, 93, 156, 148, 175, 251, 53, 128, 24, 174,
       242, 78, 215, 129, 199, 232, 17, 110, 77, 219, 241, 189, 48, 95,
       63, 0, 4, 143, 14, 111, 82, 233, 1, 232, 55, 139, 152, 27, 250,
       20, 228, 221, 110, 223, 111, 87, 77, 55, 255, 149, 80, 253, 208,
       14, 91, 233, 244, 158, 245, 3, 245, 45, 225, 152, 193, 253, 255,
       215, 207, 79, 117, 189, 26, 158, 157, 75, 184, 217, 158, 202, 90,
       27, 35, 249, 144, 127, 221, 5, 127, 211, 91, 206, 226, 97, 175,
       125, 101, 180, 14, 111, 183, 96, 234, 126, 108, 243, 33, 144, 48,
       30, 230, 108, 46, 249, 248, 229, 46, 228, 191, 100, 128, 105, 242,
       194, 41, 57, 91, 111, 108, 54, 151, 79, 242, 85, 200, 246, 230,
       115, 201, 183, 112, 126, 236, 94, 238, 233, 179, 37, 31, 242, 239,
       33, 144, 127, 185, 96, 249, 39, 23, 119, 77, 246, 51, 174, 123,
       92, 232, 249, 230, 81, 104, 181, 164, 127, 122, 22, 171, 177, 178,
       109, 222, 60, 14, 167, 132, 223, 239, 113, 181, 19, 15, 107, 204,
       148, 130, 239, 115, 165, 192, 223, 230, 113, 175, 177, 96, 122,
       174, 23, 173, 217, 153, 36, 207, 114, 46, 170, 128, 45, 230, 240,
