%YAML:1.0
---
descriptors: !!opencv-matrix
   rows: 227
   cols: 32
   dt: u
   data: [ 242, 88, 61, 250, 121, 237, 81, 94, 159, 75, 177, 57, 54, 223,
       36, 56, 141, 179, 85, 16, 43, 15, 122, 55, 211, 222, 56, 250, 208,
       9, 6, 123, 132, 174, 135, 191, 222, 139, 174, 239, 62, 178, 194,
       210, 228, 224, 217, 193, 121, 111, 106, 169, 114, 251, 203, 79,
       60, 38, 239, 4, 133, 120, 177, 136, 2, 143, 26, 158, 214, 179,
       182, 230, 223, 0, 88, 67, 228, 232, 36, 192, 216, 107, 10, 67,
       118, 169, 14, 255, 36, 54, 142, 11, 20, 90, 185, 142, 182, 221,
       40, 170, 223, 197, 150, 236, 135, 60, 153, 175, 96, 252, 110, 0,
       157, 211, 243, 227, 126, 7, 90, 191, 57, 7, 141, 255, 117, 63,
       156, 83, 116, 48, 61, 224, 45, 77, 81, 88, 235, 184, 177, 72, 95,
       223, 76, 59, 136, 149, 125, 50, 139, 103, 219, 208, 219, 217, 1,
       126, 75, 35, 70, 51, 189, 103, 92, 103, 212, 27, 238, 236, 69,
       160, 255, 10, 83, 72, 157, 161, 122, 204, 66, 107, 232, 178, 77,
       60, 52, 137, 37, 4, 117, 187, 90, 132, 103, 85, 126, 128, 238,
       118, 159, 224, 137, 206, 188, 175, 76, 62, 191, 62, 254, 213, 215,
       231, 196, 163, 52, 200, 51, 126, 206, 191, 213, 255, 191, 215, 2,
       178, 158, 147, 203, 249, 48, 78, 191, 183, 65, 149, 140, 170, 110,
       203, 163, 27, 235, 17, 54, 93, 155, 243, 15, 22, 95, 111, 144, 77,
       141, 214, 33, 93, 121, 69, 116, 11, 239, 56, 100, 168, 126, 96,
       243, 17, 145, 48, 62, 252, 22, 106, 201, 176, 101, 14, 102, 173,
       33, 132, 111, 186, 66, 169, 6, 234, 144, 155, 251, 185, 184, 200,
       159, 55, 65, 187, 236, 234, 78, 143, 239, 91, 227, 19, 54, 86,
       202, 243, 28, 22, 95, 107, 144, 95, 137, 135, 84, 88, 151, 182,
       40, 204, 21, 180, 170, 186, 162, 72, 254, 247, 65, 90, 135, 245,
       125, 67, 65, 67, 218, 96, 217, 178, 127, 58, 136, 115, 3, 59, 27,
       143, 10, 175, 178, 162, 78, 183, 36, 64, 74, 231, 245, 99, 178,
       64, 118, 42, 31, 141, 122, 152, 5, 191, 232, 39, 174, 192, 60,
       198, 185, 25, 66, 179, 148, 176, 235, 153, 148, 239, 159, 61, 152,
       189, 172, 174, 78, 158, 143, 147, 239, 17, 54, 75, 194, 241, 188,
       86, 95, 255, 146, 76, 143, 143, 206, 176, 188, 179, 201, 253, 49,
       200, 143, 63, 165, 25, 140, 223, 79, 143, 129, 17, 235, 16, 22,
       71, 250, 208, 207, 83, 91, 127, 146, 77, 141, 246, 38, 225, 224,
       154, 237, 209, 158, 200, 139, 252, 181, 171, 72, 220, 127, 159,
       219, 217, 247, 243, 198, 99, 138, 241, 59, 88, 207, 255, 215, 127,
       254, 215, 130, 176, 178, 154, 99, 253, 184, 69, 158, 93, 81, 23,
       172, 222, 110, 72, 135, 59, 179, 17, 151, 92, 186, 209, 15, 20,
       26, 234, 152, 12, 173, 223, 230, 53, 224, 207, 253, 122, 250, 200,
       59, 205, 244, 143, 172, 238, 95, 122, 254, 239, 159, 213, 182,
       114, 240, 234, 158, 120, 138, 175, 151, 239, 119, 223, 2, 168,
       148, 153, 77, 221, 176, 207, 142, 53, 0, 17, 172, 246, 108, 207,
       201, 27, 235, 17, 22, 75, 218, 241, 13, 18, 95, 127, 144, 12, 141,
       142, 154, 65, 122, 225, 39, 62, 252, 23, 109, 38, 251, 19, 143,
       11, 20, 96, 110, 157, 63, 225, 204, 180, 37, 192, 215, 249, 170,
       129, 103, 157, 229, 131, 35, 98, 102, 13, 109, 23, 168, 73, 95,
       232, 210, 199, 104, 136, 182, 164, 220, 44, 242, 157, 133, 251,
       71, 221, 14, 58, 203, 134, 95, 172, 120, 221, 2, 148, 54, 155,
       163, 229, 184, 35, 188, 31, 83, 17, 172, 158, 34, 73, 231, 59,
       187, 145, 50, 221, 18, 245, 5, 50, 90, 195, 144, 68, 165, 219, 66,
       243, 0, 136, 123, 133, 186, 72, 142, 44, 152, 231, 140, 142, 36,
       208, 236, 177, 203, 225, 70, 3, 192, 221, 180, 52, 138, 255, 24,
       6, 45, 151, 2, 217, 150, 159, 155, 192, 188, 230, 190, 23, 66,
       179, 236, 254, 42, 75, 227, 115, 187, 209, 22, 201, 27, 241, 45,
       50, 222, 195, 148, 85, 165, 95, 33, 151, 97, 77, 84, 143, 235,
       123, 69, 104, 124, 230, 115, 69, 180, 36, 92, 168, 22, 236, 201,
       186, 101, 159, 100, 12, 160, 128, 127, 138, 112, 241, 33, 71, 66,
       7, 116, 14, 238, 53, 124, 200, 122, 199, 243, 40, 149, 192, 126,
       238, 22, 111, 197, 176, 69, 46, 36, 44, 166, 128, 109, 254, 216,
       141, 61, 39, 102, 235, 214, 51, 251, 220, 69, 225, 253, 227, 123,
       109, 191, 33, 126, 219, 151, 255, 170, 179, 45, 140, 250, 233,
       167, 196, 247, 223, 114, 249, 117, 208, 127, 239, 38, 3, 126, 253,
       69, 74, 247, 226, 83, 125, 188, 96, 126, 245, 63, 238, 201, 179,
       45, 141, 242, 235, 231, 132, 53, 186, 240, 113, 209, 71, 126, 165,
       38, 11, 127, 57, 228, 224, 222, 131, 247, 111, 177, 97, 54, 181,
       125, 239, 232, 145, 5, 28, 244, 235, 235, 128, 44, 162, 49, 105,
       21, 93, 111, 239, 54, 6, 111, 240, 84, 200, 255, 230, 115, 103,
       185, 96, 126, 236, 30, 238, 233, 177, 61, 46, 240, 175, 167, 128,
       45, 187, 112, 113, 121, 149, 228, 119, 147, 95, 87, 191, 115, 239,
       239, 189, 107, 124, 142, 180, 61, 214, 229, 160, 253, 250, 125,
       159, 123, 239, 213, 215, 235, 236, 222, 127, 2, 142, 10, 191, 178,
       131, 171, 119, 30, 13, 90, 231, 229, 227, 32, 64, 127, 43, 23,
       149, 50, 152, 1, 255, 236, 166, 186, 192, 188, 0, 177, 217, 246,
       73, 214, 182, 75, 82, 158, 232, 185, 242, 243, 179, 77, 222, 95,
       159, 254, 213, 245, 227, 108, 215, 143, 232, 178, 242, 207, 143,
       37, 183, 47, 214, 59, 44, 99, 73, 117, 247, 234, 123, 95, 96, 124,
       66, 9, 152, 182, 164, 126, 140, 150, 188, 157, 186, 117, 222, 30,
       124, 130, 194, 127, 140, 122, 228, 9, 143, 255, 101, 180, 63, 109,
       55, 125, 234, 254, 100, 251, 34, 151, 116, 87, 102, 110, 44, 253,
       184, 101, 30, 238, 255, 54, 192, 74, 200, 195, 109, 101, 207, 109,
       101, 164, 27, 239, 190, 101, 234, 250, 236, 211, 104, 149, 48, 92,
       198, 126, 111, 221, 240, 229, 46, 238, 239, 229, 148, 101, 251,
       210, 100, 59, 17, 99, 232, 36, 83, 73, 88, 33, 72, 245, 238, 27,
       31, 189, 244, 126, 145, 93, 236, 137, 163, 117, 204, 210, 249,
       170, 152, 127, 130, 98, 113, 34, 175, 67, 73, 244, 163, 170, 231,
       14, 1, 120, 226, 33, 235, 180, 0, 122, 43, 2, 216, 18, 186, 4,
       127, 44, 140, 166, 232, 213, 138, 226, 136, 235, 56, 117, 85, 117,
       95, 248, 19, 121, 109, 246, 190, 170, 28, 148, 188, 254, 189, 247,
       32, 173, 254, 245, 206, 23, 223, 16, 243, 103, 172, 78, 245, 125,
       121, 33, 232, 60, 199, 75, 120, 71, 232, 180, 78, 19, 221, 49,
       116, 220, 184, 93, 234, 201, 35, 124, 157, 241, 221, 163, 188, 26,
       171, 82, 112, 125, 201, 77, 174, 158, 3, 79, 252, 6, 224, 156,
       238, 83, 65, 185, 97, 88, 192, 95, 239, 73, 35, 93, 61, 240, 201,
       165, 60, 61, 187, 240, 32, 57, 113, 105, 236, 116, 207, 79, 124,
       65, 232, 252, 78, 51, 29, 145, 48, 92, 168, 21, 110, 201, 50, 112,
       157, 243, 205, 161, 184, 127, 154, 82, 248, 57, 189, 121, 96, 113,
       255, 81, 119, 101, 109, 124, 8, 59, 23, 4, 48, 164, 186, 20, 24,
       155, 186, 112, 29, 255, 221, 32, 96, 114, 130, 66, 107, 58, 91,
       82, 170, 115, 131, 90, 96, 21, 4, 249, 239, 47, 206, 35, 208, 222,
       185, 133, 226, 76, 146, 64, 159, 178, 213, 139, 171, 56, 143, 46,
       151, 202, 180, 180, 145, 237, 116, 188, 134, 187, 95, 20, 53, 172,
       190, 79, 175, 135, 83, 251, 17, 182, 76, 242, 227, 15, 83, 94,
       171, 134, 84, 141, 223, 230, 239, 252, 202, 239, 217, 158, 204,
       139, 182, 188, 171, 76, 252, 127, 19, 223, 217, 223, 115, 70, 99,
       202, 240, 63, 80, 207, 191, 213, 127, 223, 135, 2, 143, 11, 158,
       214, 163, 166, 231, 158, 0, 88, 227, 244, 234, 36, 64, 219, 107,
       10, 195, 118, 137, 14, 127, 36, 38, 174, 10, 20, 74, 49, 142, 2,
       157, 50, 155, 215, 213, 180, 231, 31, 5, 72, 19, 172, 254, 102,
       196, 253, 59, 147, 145, 86, 184, 90, 247, 47, 22, 30, 107, 18, 12,
       189, 206, 6, 141, 2, 138, 221, 135, 150, 237, 158, 36, 217, 11,
       228, 232, 58, 196, 217, 235, 155, 99, 126, 43, 74, 255, 185, 20,
