%YAML:1.0
---
descriptors: !!opencv-matrix
   rows: 231
   cols: 32
   dt: u
   data: [ 43, 98, 230, 29, 125, 151, 136, 105, 86, 249, 84, 207, 104,
       232, 246, 164, 89, 44, 178, 173, 132, 242, 111, 221, 14, 90, 203,
       173, 95, 172, 120, 204, 33, 151, 105, 77, 118, 143, 203, 121, 85,
       76, 124, 238, 115, 77, 180, 36, 94, 168, 22, 236, 201, 186, 100,
       31, 102, 12, 160, 128, 127, 138, 82, 249, 221, 70, 221, 165, 44,
       42, 95, 152, 240, 178, 150, 244, 223, 35, 209, 91, 118, 197, 125,
       238, 169, 69, 129, 10, 210, 235, 227, 148, 172, 241, 0, 1, 2, 176,
       148, 155, 77, 221, 176, 207, 142, 21, 65, 17, 172, 222, 106, 207,
       201, 27, 235, 17, 6, 78, 218, 241, 13, 18, 90, 111, 144, 12, 13,
       142, 51, 165, 98, 76, 95, 159, 178, 107, 94, 228, 249, 10, 106,
       232, 182, 32, 248, 169, 146, 37, 222, 179, 124, 223, 59, 28, 135,
       63, 85, 46, 126, 198, 70, 161, 150, 146, 201, 253, 176, 206, 171,
       181, 160, 25, 140, 254, 79, 159, 161, 19, 235, 17, 22, 107, 154,
       208, 157, 16, 95, 127, 192, 13, 143, 198, 66, 187, 148, 144, 251,
       153, 148, 239, 159, 61, 144, 255, 172, 170, 78, 150, 167, 27, 239,
       17, 54, 75, 194, 245, 188, 86, 62, 255, 144, 12, 143, 159, 124,
       48, 241, 224, 45, 77, 81, 88, 227, 184, 177, 8, 95, 221, 77, 58,
       140, 213, 125, 114, 10, 103, 219, 192, 219, 217, 1, 126, 226, 35,
       70, 51, 24, 253, 19, 254, 91, 204, 87, 246, 187, 12, 232, 9, 62,
       223, 33, 16, 162, 187, 213, 66, 66, 43, 26, 255, 243, 245, 18, 11,
       82, 17, 39, 203, 84, 88, 151, 182, 41, 204, 29, 180, 170, 250,
       162, 76, 254, 247, 65, 91, 135, 245, 125, 67, 73, 67, 218, 104,
       217, 178, 127, 58, 136, 115, 3, 51, 181, 133, 111, 76, 212, 2, 79,
       249, 85, 2, 247, 82, 83, 107, 188, 113, 122, 196, 22, 234, 249,
       183, 45, 31, 114, 235, 225, 132, 125, 169, 240, 160, 34, 237, 104,
       222, 92, 217, 223, 232, 23, 69, 221, 139, 98, 205, 63, 0, 89, 250,
       147, 235, 74, 43, 106, 255, 127, 23, 137, 59, 85, 159, 92, 250,
       39, 237, 65, 75, 221, 149, 206, 236, 79, 65, 121, 70, 96, 200,
       252, 164, 88, 202, 18, 255, 215, 58, 92, 245, 46, 28, 133, 122,
       95, 159, 216, 132, 2, 157, 18, 219, 87, 196, 178, 99, 60, 9, 91,
       50, 44, 254, 44, 64, 247, 59, 130, 145, 18, 152, 16, 239, 45, 54,
       26, 67, 17, 10, 165, 147, 58, 207, 107, 220, 124, 151, 79, 119,
       149, 12, 222, 167, 33, 143, 182, 64, 108, 186, 159, 204, 232, 155,
       100, 191, 114, 101, 186, 129, 55, 140, 244, 121, 10, 148, 190,
       252, 93, 199, 248, 123, 159, 198, 226, 23, 188, 191, 54, 64, 249,
       61, 59, 161, 32, 203, 18, 223, 223, 255, 219, 121, 144, 40, 101,
       218, 6, 170, 148, 147, 235, 185, 176, 204, 159, 55, 65, 183, 204,
       234, 110, 139, 231, 91, 235, 17, 54, 95, 138, 241, 30, 22, 95,
       111, 144, 93, 143, 134, 62, 105, 228, 154, 237, 81, 222, 200, 139,
       252, 188, 171, 74, 220, 127, 143, 219, 217, 255, 119, 198, 99,
       202, 240, 59, 89, 207, 255, 215, 127, 254, 199, 7, 251, 2, 131,
       61, 133, 171, 0, 142, 229, 139, 199, 164, 196, 118, 196, 204, 33,
       123, 85, 135, 137, 115, 244, 13, 20, 139, 250, 156, 14, 57, 221,
       66, 155, 1, 137, 56, 129, 186, 64, 143, 44, 136, 231, 140, 134,
       38, 196, 228, 61, 203, 229, 71, 3, 200, 213, 180, 52, 138, 254,
       24, 6, 45, 85, 162, 254, 147, 30, 121, 129, 144, 103, 158, 29,
       240, 125, 164, 192, 164, 149, 205, 59, 198, 1, 103, 111, 202, 127,
       60, 20, 62, 186, 89, 12, 43, 159, 60, 183, 238, 239, 244, 55, 254,
       220, 69, 236, 253, 167, 91, 109, 191, 0, 126, 222, 151, 254, 170,
       179, 109, 141, 126, 201, 167, 132, 247, 218, 118, 219, 37, 109,
       127, 71, 244, 27, 238, 240, 101, 160, 123, 66, 83, 72, 157, 161,
       122, 220, 86, 106, 237, 178, 109, 44, 54, 168, 37, 4, 101, 187,
       90, 164, 33, 79, 67, 7, 116, 30, 238, 53, 124, 200, 122, 198, 243,
       40, 149, 224, 62, 236, 22, 111, 197, 176, 69, 46, 36, 44, 166,
       128, 109, 190, 216, 141, 123, 183, 232, 84, 155, 87, 87, 191, 83,
       237, 254, 173, 107, 125, 150, 180, 157, 246, 245, 36, 205, 251,
       247, 175, 123, 127, 117, 147, 107, 246, 222, 127, 121, 185, 113,
       96, 49, 221, 81, 87, 111, 109, 236, 12, 62, 159, 68, 48, 166, 187,
       220, 24, 155, 58, 240, 221, 251, 221, 0, 122, 122, 2, 194, 107,
       154, 65, 122, 225, 55, 90, 248, 23, 109, 37, 255, 19, 143, 15, 20,
       96, 110, 157, 191, 233, 152, 180, 37, 194, 215, 249, 170, 133,
       103, 141, 245, 131, 45, 255, 113, 71, 244, 79, 239, 184, 124, 234,
       126, 100, 211, 117, 157, 180, 31, 222, 22, 126, 225, 240, 125,
       110, 47, 158, 37, 132, 235, 243, 198, 241, 123, 49, 83, 232, 56,
       67, 73, 88, 41, 72, 245, 238, 31, 151, 169, 244, 126, 145, 93,
       236, 137, 35, 116, 220, 144, 217, 170, 156, 127, 162, 98, 113, 46,
       184, 50, 176, 239, 217, 176, 194, 143, 61, 176, 59, 142, 216, 102,
       140, 171, 185, 223, 17, 22, 107, 138, 208, 159, 81, 31, 127, 210,
       12, 159, 135, 123, 121, 33, 232, 60, 199, 75, 88, 135, 232, 177,
       204, 179, 199, 49, 112, 220, 185, 93, 239, 201, 3, 252, 157, 241,
       221, 171, 188, 30, 171, 112, 112, 2, 217, 190, 155, 131, 244, 188,
       231, 190, 87, 74, 19, 172, 190, 38, 75, 231, 115, 187, 145, 54,
       217, 50, 245, 47, 55, 222, 67, 144, 84, 165, 218, 16, 238, 239,
       221, 92, 235, 239, 234, 54, 230, 222, 130, 241, 229, 151, 69, 121,
       238, 107, 175, 104, 246, 239, 255, 125, 46, 255, 133, 117, 249,
       116, 248, 222, 81, 86, 166, 75, 82, 30, 232, 185, 146, 227, 175,
       79, 255, 47, 223, 62, 213, 245, 227, 108, 199, 158, 232, 178, 242,
       79, 143, 39, 183, 43, 86, 34, 56, 146, 144, 107, 205, 184, 67,
       175, 157, 240, 43, 172, 158, 100, 14, 238, 57, 195, 145, 6, 107,
       146, 224, 159, 80, 30, 107, 192, 12, 47, 143, 116, 173, 198, 158,
       220, 34, 206, 238, 30, 179, 202, 83, 96, 227, 121, 83, 121, 238,
       106, 254, 120, 211, 139, 127, 184, 38, 207, 60, 173, 123, 240, 8,
       218, 152, 62, 248, 139, 193, 20, 231, 187, 23, 164, 57, 140, 183,
       96, 91, 227, 179, 233, 144, 58, 79, 178, 243, 219, 211, 94, 127,
       146, 4, 167, 90, 32, 91, 122, 79, 118, 195, 251, 112, 84, 4, 125,
       34, 112, 87, 167, 36, 126, 56, 19, 234, 192, 178, 44, 124, 103,
       141, 162, 9, 119, 155, 100, 171, 66, 185, 149, 154, 137, 237, 16,
       142, 139, 123, 136, 25, 174, 254, 68, 27, 129, 115, 249, 17, 30,
       75, 218, 241, 153, 146, 95, 123, 144, 77, 135, 94, 38, 172, 154,
       152, 221, 201, 182, 234, 154, 182, 160, 27, 100, 232, 109, 3, 249,
       235, 107, 49, 118, 111, 218, 243, 61, 22, 95, 127, 209, 104, 39,
       142, 41, 199, 66, 7, 116, 30, 238, 61, 116, 200, 251, 70, 243,
       104, 156, 192, 124, 204, 6, 239, 221, 176, 77, 47, 36, 46, 164,
       128, 109, 190, 248, 132, 98, 32, 118, 81, 109, 191, 216, 71, 123,
       41, 246, 26, 10, 24, 150, 188, 238, 189, 247, 1, 142, 255, 225,
       197, 23, 218, 210, 243, 199, 140, 74, 143, 249, 93, 96, 71, 117,
       91, 87, 252, 113, 238, 254, 46, 107, 124, 159, 180, 126, 230, 252,
       110, 236, 243, 109, 174, 254, 255, 133, 147, 103, 255, 94, 127,
       246, 239, 224, 238, 237, 81, 222, 236, 139, 190, 188, 171, 78,
       252, 127, 7, 223, 219, 223, 99, 236, 103, 202, 250, 59, 88, 141,
       191, 215, 127, 94, 207, 130, 250, 20, 154, 122, 153, 188, 239,
       159, 121, 16, 253, 172, 206, 230, 135, 135, 59, 239, 21, 230, 77,
       202, 245, 188, 18, 126, 250, 28, 12, 139, 159, 63, 239, 226, 7,
       209, 152, 238, 229, 51, 133, 127, 195, 105, 232, 190, 132, 121,
       234, 134, 223, 214, 186, 140, 239, 62, 108, 143, 193, 231, 255,
       250, 204, 11, 191, 234, 95, 50, 215, 27, 127, 22, 237, 92, 229,
       121, 253, 178, 180, 23, 126, 149, 13, 231, 154, 60, 191, 106, 95,
       61, 160, 62, 134, 30, 249, 180, 219, 126, 239, 38, 3, 111, 248,
       68, 160, 247, 166, 83, 73, 185, 64, 126, 212, 63, 234, 200, 183,
