%YAML:1.0
---
descriptors: !!opencv-matrix
   rows: 155
   cols: 32
   dt: u
   data: [ 90, 221, 54, 222, 45, 84, 95, 172, 173, 78, 223, 39, 110, 254,
       46, 247, 230, 247, 253, 227, 236, 7, 251, 255, 179, 254, 202, 155,
       22, 63, 172, 127, 126, 121, 242, 102, 97, 94, 126, 112, 169, 236,
       247, 45, 107, 191, 71, 191, 190, 253, 215, 226, 141, 243, 176,
       232, 119, 223, 101, 163, 235, 183, 110, 223, 25, 85, 81, 197, 118,
       94, 238, 48, 101, 64, 122, 66, 211, 24, 148, 228, 122, 204, 22,
       234, 205, 176, 101, 206, 38, 172, 162, 128, 111, 186, 120, 188,
       155, 157, 127, 249, 254, 247, 123, 223, 31, 73, 220, 247, 125,
       223, 190, 100, 255, 155, 159, 149, 191, 186, 119, 223, 255, 255,
       186, 194, 190, 204, 181, 251, 234, 249, 114, 90, 127, 213, 186,
       228, 219, 93, 180, 173, 44, 156, 118, 180, 206, 91, 215, 69, 230,
       47, 58, 247, 59, 88, 30, 251, 95, 12, 47, 223, 190, 254, 97, 222,
       125, 221, 91, 248, 23, 76, 245, 44, 43, 205, 151, 148, 8, 168,
       199, 202, 239, 38, 106, 191, 178, 217, 161, 185, 119, 159, 94,
       255, 91, 191, 117, 229, 50, 62, 157, 55, 169, 234, 158, 236, 255,
       63, 144, 166, 6, 55, 221, 45, 245, 137, 229, 207, 242, 127, 44,
       146, 46, 230, 131, 125, 170, 217, 38, 152, 229, 215, 188, 229,
       157, 92, 116, 35, 44, 156, 54, 133, 254, 59, 147, 193, 86, 186,
       18, 253, 55, 18, 222, 203, 87, 28, 253, 223, 75, 150, 111, 79,
       114, 250, 187, 51, 124, 73, 95, 245, 253, 63, 158, 116, 55, 55,
       221, 189, 181, 157, 37, 207, 78, 127, 58, 192, 142, 134, 165, 125,
       117, 227, 157, 225, 156, 15, 193, 29, 70, 177, 154, 70, 211, 33,
       216, 42, 92, 196, 110, 220, 153, 122, 195, 0, 204, 140, 167, 116,
       173, 138, 208, 32, 138, 217, 54, 157, 109, 215, 188, 229, 157, 76,
       86, 3, 236, 222, 46, 197, 254, 59, 179, 195, 68, 191, 50, 253, 39,
       115, 218, 11, 22, 28, 189, 223, 48, 142, 91, 253, 54, 226, 99,
       119, 116, 11, 122, 242, 179, 177, 160, 64, 123, 46, 38, 8, 57,
       188, 5, 47, 172, 166, 50, 192, 180, 136, 240, 169, 62, 13, 103,
       206, 214, 242, 238, 97, 69, 64, 219, 162, 67, 108, 188, 229, 122,
       178, 147, 163, 153, 186, 108, 239, 54, 46, 130, 193, 55, 239, 244,
       244, 3, 158, 83, 169, 242, 163, 186, 247, 60, 65, 90, 231, 189,
       231, 160, 64, 127, 43, 23, 156, 147, 152, 53, 255, 172, 182, 186,
       192, 189, 194, 169, 217, 11, 141, 122, 201, 182, 183, 251, 247,
       30, 69, 94, 130, 189, 247, 178, 96, 127, 59, 19, 156, 146, 152,
       53, 255, 239, 13, 138, 64, 183, 202, 165, 232, 10, 88, 182, 188,
       109, 214, 190, 100, 173, 206, 214, 7, 172, 158, 39, 198, 238, 125,
       187, 195, 68, 159, 178, 233, 55, 113, 222, 11, 22, 60, 61, 223,
       189, 177, 83, 72, 217, 219, 98, 105, 111, 64, 229, 72, 91, 214,
       172, 244, 120, 152, 94, 232, 223, 163, 117, 93, 51, 232, 1, 124,
       91, 130, 234, 148, 130, 189, 178, 151, 181, 230, 62, 199, 31, 207,
       82, 19, 172, 246, 102, 64, 251, 107, 179, 128, 118, 248, 26, 235,
       173, 22, 159, 3, 4, 124, 173, 223, 42, 183, 227, 65, 244, 222,
       253, 119, 123, 109, 126, 131, 57, 61, 214, 36, 63, 62, 23, 157,
       210, 184, 180, 223, 111, 93, 180, 228, 231, 132, 214, 251, 210,
       92, 191, 188, 43, 236, 17, 150, 174, 218, 150, 53, 255, 255, 35,
       91, 231, 119, 253, 195, 43, 205, 179, 33, 211, 227, 122, 147, 24,
       113, 37, 123, 162, 161, 169, 31, 77, 253, 177, 79, 90, 95, 117,
       59, 168, 156, 126, 13, 200, 11, 147, 5, 182, 122, 230, 211, 71,
       25, 218, 171, 85, 76, 215, 255, 14, 51, 248, 241, 230, 169, 185,
       89, 31, 191, 85, 183, 141, 139, 107, 8, 191, 27, 135, 144, 18,
       212, 130, 192, 78, 209, 59, 231, 245, 201, 143, 147, 43, 51, 243,
       69, 244, 14, 237, 55, 105, 200, 122, 229, 157, 40, 149, 48, 182,
       47, 23, 173, 209, 184, 165, 200, 110, 92, 38, 128, 206, 228, 195,
       253, 3, 90, 202, 153, 226, 160, 188, 215, 63, 75, 82, 231, 156,
       174, 183, 76, 231, 43, 51, 141, 197, 152, 6, 224, 4, 62, 254, 136,
       156, 212, 169, 217, 3, 157, 22, 185, 155, 228, 48, 103, 189, 19,
       74, 17, 188, 186, 32, 105, 225, 51, 187, 17, 54, 201, 18, 245,
       141, 243, 90, 75, 144, 68, 161, 11, 180, 83, 250, 103, 36, 46,
       255, 144, 245, 14, 247, 102, 115, 121, 159, 88, 126, 244, 119,
       106, 168, 180, 72, 42, 119, 239, 32, 128, 101, 251, 82, 163, 128,
       136, 190, 185, 45, 237, 176, 71, 254, 31, 64, 16, 172, 154, 96,
       73, 129, 27, 170, 17, 54, 77, 18, 241, 141, 211, 90, 75, 144, 0,
       45, 143, 234, 241, 49, 240, 219, 213, 25, 221, 131, 125, 148, 59,
       28, 223, 74, 52, 141, 155, 215, 209, 83, 74, 242, 215, 127, 217,
       157, 239, 171, 4, 166, 251, 146, 206, 70, 190, 219, 192, 158, 231,
       151, 7, 194, 179, 45, 238, 166, 69, 107, 251, 171, 129, 126, 143,
       14, 255, 176, 230, 218, 203, 53, 84, 173, 206, 11, 29, 126, 255,
       247, 183, 254, 255, 157, 75, 94, 131, 237, 255, 191, 236, 254, 59,
       191, 141, 182, 177, 63, 255, 103, 255, 170, 131, 191, 223, 249,
       215, 2, 185, 186, 149, 229, 221, 188, 103, 159, 223, 94, 5, 172,
       190, 102, 162, 174, 59, 179, 1, 212, 216, 178, 225, 7, 25, 94,
       163, 8, 76, 141, 223, 186, 149, 122, 252, 151, 225, 213, 103, 157,
       7, 248, 51, 46, 254, 38, 65, 234, 179, 135, 129, 126, 43, 34, 223,
       243, 215, 154, 27, 113, 76, 165, 203, 10, 184, 47, 89, 55, 239,
       145, 119, 207, 93, 148, 183, 188, 28, 182, 37, 143, 51, 223, 17,
       163, 173, 51, 221, 73, 26, 58, 210, 95, 12, 21, 255, 23, 27, 67,
       141, 246, 146, 234, 112, 37, 200, 218, 230, 121, 236, 181, 228,
       126, 236, 23, 255, 141, 147, 36, 238, 60, 44, 171, 128, 47, 175,
       120, 213, 239, 122, 233, 65, 120, 63, 235, 154, 26, 236, 22, 236,
       153, 14, 215, 44, 23, 93, 87, 255, 129, 84, 245, 218, 78, 89, 173,
       244, 142, 181, 19, 245, 30, 154, 162, 145, 211, 244, 184, 226,
       191, 93, 70, 183, 12, 238, 102, 220, 231, 187, 179, 149, 182, 219,
       162, 230, 27, 119, 154, 195, 163, 5, 173, 215, 2, 197, 16, 141,
       85, 147, 190, 103, 14, 5, 88, 3, 172, 110, 62, 196, 250, 59, 147,
       129, 86, 152, 17, 223, 37, 54, 158, 195, 20, 14, 189, 206, 50, 91,
       126, 124, 114, 208, 190, 102, 173, 76, 124, 175, 44, 156, 39, 16,
       174, 243, 151, 195, 196, 171, 36, 253, 115, 103, 56, 139, 117, 20,
       47, 223, 65, 153, 187, 197, 244, 14, 233, 53, 105, 73, 115, 100,
       188, 63, 148, 116, 166, 47, 22, 29, 145, 184, 176, 204, 110, 60,
       50, 192, 12, 130, 227, 249, 172, 197, 118, 75, 93, 219, 250, 248,
       85, 68, 127, 3, 107, 93, 191, 132, 122, 152, 135, 226, 230, 182,
       109, 253, 119, 217, 129, 7, 119, 159, 84, 214, 217, 222, 191, 253,
       40, 14, 29, 182, 172, 91, 150, 116, 255, 127, 128, 107, 167, 119,
       253, 45, 225, 205, 51, 237, 227, 251, 126, 210, 8, 112, 161, 123,
       35, 115, 67, 193, 244, 31, 238, 53, 109, 232, 114, 230, 145, 8,
       149, 164, 126, 140, 23, 253, 213, 184, 69, 204, 46, 28, 175, 196,
       111, 174, 211, 157, 41, 57, 249, 101, 52, 111, 107, 18, 116, 232,
       126, 76, 211, 61, 147, 48, 30, 236, 124, 124, 137, 176, 117, 10,
       199, 205, 33, 144, 239, 185, 86, 113, 27, 141, 106, 203, 151, 247,
       235, 231, 94, 1, 94, 2, 57, 251, 50, 96, 120, 187, 23, 156, 18,
       152, 52, 255, 255, 205, 174, 193, 183, 202, 245, 234, 22, 74, 230,
       254, 90, 128, 188, 77, 183, 142, 211, 163, 105, 239, 189, 72, 127,
       251, 175, 147, 46, 199, 142, 251, 178, 103, 255, 137, 183, 244,
       45, 200, 248, 113, 120, 236, 61, 87, 95, 252, 65, 236, 180, 15,
       91, 93, 91, 49, 220, 212, 253, 234, 204, 98, 249, 136, 243, 217,
       165, 189, 119, 191, 126, 123, 155, 158, 107, 255, 118, 163, 107,
       243, 119, 75, 215, 246, 121, 239, 177, 96, 127, 171, 23, 156, 171,
       189, 45, 255, 242, 239, 187, 128, 189, 138, 113, 185, 53, 85, 123,
       79, 116, 79, 231, 248, 84, 72, 127, 98, 115, 85, 189, 100, 122,
