%YAML:1.0
---
descriptors: !!opencv-matrix
   rows: 153
   cols: 32
   dt: u
   data: [ 111, 238, 225, 220, 102, 80, 110, 254, 27, 250, 88, 239, 105,
       238, 245, 228, 127, 232, 183, 206, 195, 86, 174, 251, 62, 94, 239,
       172, 55, 191, 212, 253, 251, 245, 105, 69, 125, 95, 223, 61, 123,
       232, 180, 14, 91, 29, 222, 53, 62, 196, 85, 109, 253, 106, 245,
       223, 127, 89, 133, 252, 103, 140, 214, 252, 236, 241, 249, 225,
       237, 77, 231, 237, 75, 252, 188, 10, 90, 125, 93, 34, 217, 222,
       119, 123, 219, 122, 251, 208, 127, 25, 133, 60, 199, 122, 214,
       234, 165, 93, 95, 79, 116, 142, 230, 48, 124, 202, 127, 68, 242,
       113, 181, 101, 60, 108, 6, 110, 225, 176, 25, 14, 103, 187, 96, 0,
       75, 187, 104, 177, 120, 121, 187, 224, 251, 229, 83, 86, 163, 201,
       172, 8, 31, 159, 65, 58, 142, 243, 213, 208, 9, 11, 242, 32, 251,
       205, 36, 121, 234, 211, 38, 251, 89, 122, 185, 254, 40, 108, 89,
       154, 171, 248, 188, 108, 191, 215, 65, 122, 167, 253, 125, 16,
       139, 67, 178, 9, 211, 253, 50, 184, 136, 242, 3, 59, 152, 131, 99,
       227, 164, 131, 237, 245, 54, 124, 82, 231, 217, 143, 240, 73, 126,
       142, 55, 221, 219, 248, 45, 212, 236, 201, 255, 196, 63, 142, 244,
       249, 39, 179, 193, 3, 253, 253, 130, 207, 91, 125, 60, 60, 130,
       196, 207, 156, 217, 74, 130, 84, 23, 58, 250, 178, 46, 85, 21,
       127, 218, 95, 222, 244, 43, 115, 122, 72, 127, 157, 218, 88, 203,
       12, 253, 175, 106, 216, 255, 176, 254, 185, 215, 99, 206, 35, 182,
       221, 82, 29, 41, 187, 95, 15, 122, 215, 153, 217, 59, 175, 18,
       134, 107, 240, 36, 72, 211, 70, 247, 215, 32, 96, 126, 185, 31,
       235, 203, 129, 57, 61, 225, 165, 170, 128, 56, 131, 37, 251, 253,
       26, 253, 233, 172, 34, 77, 154, 86, 250, 214, 230, 211, 37, 241,
       106, 95, 196, 62, 188, 137, 38, 237, 154, 204, 171, 231, 220, 191,
       169, 112, 113, 7, 142, 170, 155, 52, 179, 250, 234, 95, 75, 94,
       167, 232, 232, 191, 228, 223, 43, 183, 189, 167, 148, 45, 223, 14,
       95, 143, 199, 156, 238, 121, 93, 209, 210, 87, 207, 36, 22, 109,
       53, 100, 75, 243, 246, 209, 19, 184, 229, 126, 148, 62, 172, 233,
       180, 117, 205, 164, 170, 242, 128, 45, 146, 224, 57, 134, 205,
       148, 191, 137, 224, 174, 175, 158, 151, 201, 19, 237, 242, 105,
       203, 225, 95, 171, 211, 118, 73, 155, 243, 169, 242, 223, 79, 144,
       115, 173, 142, 252, 235, 120, 66, 61, 141, 195, 176, 98, 164, 172,
       8, 179, 129, 85, 50, 152, 252, 104, 122, 202, 122, 248, 58, 251,
       157, 5, 124, 64, 187, 86, 40, 119, 65, 34, 136, 85, 7, 150, 104,
       73, 100, 241, 15, 14, 152, 51, 148, 248, 141, 159, 103, 204, 163,
       20, 206, 176, 20, 10, 59, 93, 31, 59, 198, 157, 90, 87, 238, 54,
       207, 107, 112, 180, 200, 211, 102, 127, 87, 161, 101, 118, 160,
       30, 238, 233, 181, 41, 31, 241, 232, 35, 128, 50, 163, 33, 113,
       168, 168, 155, 248, 205, 237, 233, 71, 143, 83, 164, 26, 188, 153,
       112, 43, 201, 34, 91, 29, 19, 111, 242, 209, 207, 217, 218, 120,
       152, 72, 211, 170, 7, 88, 135, 185, 21, 182, 170, 66, 61, 195, 67,
       215, 204, 206, 51, 232, 255, 41, 187, 149, 181, 148, 4, 206, 140,
       118, 138, 194, 142, 37, 57, 84, 236, 120, 221, 245, 172, 47, 68,
       23, 219, 186, 178, 120, 255, 57, 193, 187, 141, 244, 108, 42, 105,
       244, 209, 136, 198, 219, 117, 48, 194, 248, 90, 41, 79, 118, 238,
       213, 36, 58, 248, 22, 237, 203, 31, 245, 217, 47, 215, 42, 167,
       85, 253, 157, 133, 229, 39, 194, 70, 95, 254, 128, 207, 247, 9,
       85, 88, 4, 181, 93, 9, 238, 97, 3, 174, 31, 174, 16, 215, 39, 0,
       94, 161, 22, 108, 24, 24, 237, 115, 6, 201, 239, 112, 80, 192, 64,
       69, 106, 227, 190, 231, 227, 224, 47, 105, 151, 57, 235, 22, 253,
       145, 39, 210, 31, 77, 150, 95, 140, 185, 220, 97, 162, 204, 218,
       253, 240, 142, 204, 146, 121, 76, 166, 241, 81, 173, 121, 85, 175,
       79, 55, 189, 56, 142, 44, 206, 190, 135, 147, 238, 16, 94, 104,
       235, 209, 203, 223, 85, 127, 210, 200, 199, 103, 8, 176, 188, 179,
       173, 127, 180, 207, 206, 127, 173, 25, 206, 248, 110, 138, 131,
       19, 234, 17, 86, 97, 59, 145, 203, 215, 87, 119, 210, 78, 141, 71,
       10, 141, 54, 232, 213, 247, 186, 103, 149, 5, 94, 3, 8, 191, 54,
       192, 233, 59, 147, 177, 52, 152, 16, 220, 43, 253, 138, 71, 150,
       78, 252, 130, 35, 174, 42, 63, 85, 159, 187, 103, 94, 69, 89, 135,
       162, 200, 54, 0, 216, 42, 131, 5, 214, 186, 110, 255, 36, 28, 154,
       43, 85, 14, 249, 206, 9, 142, 59, 253, 52, 174, 105, 23, 124, 73,
       94, 116, 191, 51, 144, 96, 199, 47, 62, 28, 179, 156, 65, 207,
       204, 255, 50, 192, 136, 128, 193, 41, 78, 182, 225, 193, 254, 122,
       123, 154, 43, 127, 31, 234, 9, 47, 213, 246, 39, 215, 223, 157,
       147, 24, 237, 210, 30, 125, 171, 228, 167, 231, 71, 245, 188, 87,
       114, 108, 101, 95, 118, 120, 61, 164, 127, 41, 95, 95, 43, 144,
       190, 189, 199, 98, 108, 177, 81, 158, 243, 223, 1, 51, 114, 255,
       78, 195, 233, 114, 122, 101, 96, 95, 124, 84, 57, 111, 118, 61,
       31, 15, 138, 153, 182, 156, 213, 76, 236, 246, 161, 2, 246, 249,
       48, 129, 98, 148, 206, 219, 57, 145, 103, 77, 54, 27, 235, 123,
       69, 104, 254, 230, 11, 29, 182, 228, 126, 132, 158, 44, 205, 185,
       37, 157, 182, 237, 33, 212, 127, 140, 120, 117, 251, 245, 101,
       101, 125, 95, 205, 127, 91, 234, 180, 10, 27, 29, 84, 181, 184,
       132, 85, 169, 237, 126, 117, 221, 127, 219, 197, 180, 103, 140,
       214, 254, 153, 83, 102, 197, 102, 18, 238, 113, 101, 72, 255, 230,
       81, 8, 181, 229, 126, 132, 54, 239, 205, 178, 5, 204, 54, 106,
       226, 132, 47, 174, 120, 149, 248, 121, 59, 96, 241, 205, 83, 85,
       33, 200, 188, 12, 31, 159, 67, 48, 188, 185, 85, 88, 139, 11, 240,
       2, 251, 205, 36, 120, 234, 146, 198, 251, 57, 86, 99, 77, 116, 31,
       238, 120, 117, 234, 254, 78, 83, 56, 149, 244, 126, 204, 22, 238,
       233, 182, 117, 14, 54, 172, 161, 148, 111, 186, 114, 189, 17, 91,
       89, 239, 38, 135, 79, 117, 4, 8, 219, 102, 247, 83, 161, 96, 126,
       178, 30, 238, 201, 176, 73, 189, 240, 239, 162, 144, 60, 155, 176,
       41, 134, 157, 148, 151, 205, 109, 180, 175, 158, 183, 136, 19,
       204, 248, 110, 139, 201, 87, 234, 17, 54, 105, 219, 179, 173, 215,
       95, 127, 144, 125, 157, 142, 30, 223, 99, 254, 117, 243, 251, 242,
       213, 204, 222, 34, 57, 255, 183, 100, 125, 251, 151, 219, 202,
       187, 44, 255, 123, 221, 175, 137, 55, 255, 116, 249, 63, 60, 106,
       238, 117, 247, 251, 208, 215, 204, 221, 6, 121, 255, 183, 36, 127,
       233, 151, 143, 142, 179, 60, 255, 115, 93, 171, 131, 183, 239, 53,
       247, 252, 113, 51, 234, 57, 221, 83, 72, 161, 68, 165, 8, 255,
       223, 43, 176, 218, 185, 221, 99, 79, 39, 240, 159, 243, 209, 3,
       59, 114, 38, 39, 114, 9, 156, 27, 250, 49, 172, 49, 55, 252, 9,
       110, 84, 188, 179, 32, 112, 165, 59, 14, 8, 179, 153, 16, 127,
       205, 255, 50, 66, 138, 0, 161, 43, 217, 156, 191, 250, 139, 244,
       17, 215, 255, 91, 52, 54, 60, 254, 118, 123, 231, 51, 60, 145,
       183, 111, 54, 227, 219, 219, 126, 202, 185, 64, 165, 127, 195,
       188, 191, 178, 164, 172, 249, 215, 249, 91, 86, 85, 190, 253, 50,
       107, 165, 35, 125, 29, 179, 237, 178, 227, 221, 122, 118, 194,
       204, 76, 243, 123, 227, 190, 175, 243, 164, 173, 109, 151, 184,
       123, 22, 92, 181, 55, 208, 123, 197, 54, 95, 28, 177, 220, 176,
       226, 205, 155, 254, 208, 136, 200, 210, 249, 193, 190, 189, 121,
       168, 237, 205, 151, 62, 123, 60, 212, 177, 55, 208, 122, 77, 183,
       125, 156, 187, 92, 249, 51, 205, 235, 254, 240, 152, 192, 131,
       121, 83, 95, 110, 13, 114, 146, 110, 182, 61, 76, 222, 231, 105,
       46, 183, 80, 118, 229, 157, 239, 236, 153, 37, 238, 50, 46, 170,
       128, 47, 182, 120, 93, 133, 64, 83, 91, 52, 142, 106, 16, 126, 73,
       115, 80, 215, 67, 185, 252, 151, 8, 38, 24, 163, 180, 33, 95, 4,
