%YAML:1.0
---
descriptors: !!opencv-matrix
   rows: 186
   cols: 32
   dt: u
   data: [ 84, 125, 25, 190, 26, 193, 23, 232, 158, 224, 137, 42, 245,
       214, 109, 96, 247, 241, 123, 227, 67, 67, 250, 63, 245, 167, 47,
       60, 16, 51, 5, 50, 111, 160, 150, 86, 73, 244, 80, 136, 187, 147,
       165, 24, 104, 246, 76, 254, 129, 246, 248, 16, 5, 75, 250, 225,
       27, 126, 213, 91, 138, 103, 106, 14, 38, 226, 136, 136, 79, 145,
       144, 200, 31, 20, 229, 139, 76, 200, 127, 136, 223, 137, 131, 245,
       14, 103, 186, 209, 155, 85, 11, 111, 85, 46, 62, 198, 74, 160,
       189, 249, 233, 237, 185, 143, 175, 29, 132, 25, 172, 215, 72, 91,
       197, 27, 235, 16, 18, 75, 242, 209, 207, 211, 90, 127, 146, 64,
       135, 234, 109, 20, 191, 125, 164, 46, 117, 27, 228, 138, 127, 76,
       255, 123, 1, 123, 165, 52, 124, 40, 129, 240, 115, 8, 199, 235,
       113, 16, 234, 233, 66, 51, 129, 78, 103, 165, 36, 10, 111, 180,
       117, 70, 114, 231, 243, 38, 179, 81, 118, 228, 46, 238, 225, 180,
       101, 237, 228, 42, 226, 128, 109, 190, 112, 121, 185, 126, 109,
       165, 4, 75, 207, 180, 81, 226, 210, 238, 243, 45, 145, 35, 94,
       236, 125, 239, 233, 246, 229, 174, 244, 239, 233, 176, 101, 187,
       80, 121, 173, 73, 143, 246, 77, 141, 239, 230, 214, 242, 230, 14,
       177, 233, 113, 99, 232, 236, 123, 207, 105, 103, 186, 184, 181,
       217, 207, 56, 89, 57, 112, 234, 24, 177, 19, 169, 48, 199, 171,
       127, 54, 73, 120, 65, 149, 151, 40, 16, 122, 27, 2, 145, 19, 154,
       16, 21, 201, 196, 186, 68, 176, 2, 167, 233, 10, 220, 182, 185,
       119, 253, 184, 215, 31, 95, 94, 55, 172, 222, 103, 232, 247, 59,
       151, 145, 135, 216, 58, 241, 207, 221, 30, 163, 158, 92, 45, 223,
       42, 129, 121, 250, 61, 209, 81, 111, 15, 13, 252, 32, 174, 31, 36,
       116, 200, 58, 151, 16, 90, 42, 99, 255, 207, 221, 144, 123, 18,
       12, 212, 235, 40, 145, 57, 235, 189, 205, 81, 173, 95, 25, 237,
       24, 190, 121, 12, 112, 217, 26, 6, 16, 27, 42, 123, 151, 175, 220,
       148, 127, 218, 10, 214, 174, 14, 221, 182, 155, 221, 215, 190,
       200, 159, 220, 93, 3, 204, 220, 63, 196, 249, 121, 147, 243, 118,
       179, 26, 255, 63, 86, 143, 203, 151, 63, 189, 199, 28, 56, 155,
       240, 227, 233, 112, 194, 171, 189, 52, 56, 15, 191, 65, 58, 163,
       249, 230, 16, 18, 123, 138, 160, 219, 213, 21, 127, 226, 9, 7,
       163, 188, 92, 126, 110, 66, 207, 115, 112, 244, 142, 229, 0, 122,
       223, 35, 49, 60, 240, 19, 106, 96, 167, 50, 63, 83, 171, 96, 9,
       115, 187, 110, 235, 128, 162, 158, 154, 96, 137, 121, 80, 191, 29,
       117, 177, 142, 131, 98, 89, 231, 25, 175, 16, 22, 92, 2, 209, 198,
       153, 114, 235, 146, 128, 45, 131, 30, 61, 114, 238, 247, 252, 255,
       105, 61, 76, 127, 35, 111, 254, 47, 212, 182, 251, 151, 226, 84,
       176, 56, 239, 243, 253, 10, 139, 231, 231, 111, 215, 57, 143, 107,
       232, 182, 163, 107, 255, 86, 201, 216, 230, 115, 233, 176, 96,
       127, 170, 22, 188, 187, 187, 45, 191, 250, 239, 167, 192, 189,
       202, 240, 177, 45, 125, 90, 205, 244, 71, 255, 251, 22, 108, 125,
       34, 83, 213, 179, 32, 126, 216, 23, 234, 74, 178, 121, 63, 119,
       143, 165, 165, 119, 251, 122, 243, 35, 150, 97, 73, 116, 151, 235,
       123, 85, 72, 120, 230, 113, 76, 188, 164, 94, 136, 22, 173, 169,
       184, 101, 223, 38, 28, 160, 196, 127, 142, 112, 245, 201, 219, 27,
       251, 176, 142, 123, 21, 62, 9, 118, 116, 183, 147, 128, 113, 166,
       63, 93, 92, 243, 156, 129, 127, 238, 233, 38, 192, 40, 128, 163,
       41, 62, 239, 0, 170, 221, 193, 206, 237, 7, 45, 217, 139, 227,
       233, 56, 0, 217, 219, 23, 215, 90, 42, 72, 191, 249, 212, 143,
       253, 215, 31, 244, 138, 41, 52, 106, 73, 117, 191, 234, 123, 85,
       104, 124, 70, 24, 152, 182, 164, 124, 168, 146, 45, 149, 186, 116,
       222, 22, 93, 131, 196, 95, 140, 122, 213, 11, 186, 191, 249, 121,
       212, 185, 23, 190, 93, 86, 228, 189, 191, 210, 236, 231, 59, 255,
       157, 151, 216, 243, 197, 78, 127, 58, 203, 142, 132, 173, 249,
       141, 119, 121, 103, 244, 30, 127, 184, 121, 232, 127, 68, 223,
       119, 155, 48, 182, 77, 86, 110, 229, 176, 185, 110, 231, 255, 37,
       132, 74, 243, 75, 241, 200, 22, 191, 117, 44, 110, 113, 23, 233,
       158, 54, 48, 159, 55, 129, 123, 167, 52, 108, 8, 161, 237, 163,
       66, 199, 251, 114, 128, 194, 224, 71, 105, 13, 180, 127, 97, 244,
       174, 107, 50, 116, 201, 127, 116, 215, 113, 152, 112, 87, 28, 22,
       56, 185, 180, 53, 14, 236, 255, 35, 196, 206, 139, 211, 177, 242,
       6, 2, 136, 201, 32, 184, 71, 45, 7, 176, 179, 12, 6, 32, 88, 236,
       145, 207, 176, 56, 143, 65, 194, 145, 16, 154, 219, 144, 72, 166,
       138, 14, 153, 50, 155, 253, 215, 187, 224, 143, 76, 95, 39, 236,
       222, 38, 196, 252, 123, 179, 211, 150, 152, 58, 245, 15, 52, 139,
       203, 22, 15, 61, 215, 77, 92, 187, 127, 52, 238, 107, 18, 60, 202,
       127, 68, 251, 247, 145, 112, 22, 124, 125, 56, 169, 180, 49, 46,
       197, 255, 34, 128, 202, 169, 65, 49, 124, 181, 56, 250, 217, 237,
       83, 248, 182, 117, 173, 24, 223, 247, 106, 88, 145, 155, 221, 16,
       58, 75, 122, 55, 219, 199, 17, 125, 242, 3, 142, 114, 17, 31, 59,
       237, 52, 230, 127, 118, 228, 204, 222, 38, 49, 167, 163, 96, 108,
       238, 29, 204, 200, 152, 33, 47, 227, 173, 170, 128, 32, 226, 36,
       123, 139, 84, 114, 65, 103, 126, 248, 87, 121, 107, 127, 182, 9,
       30, 150, 253, 62, 157, 151, 172, 181, 156, 53, 206, 22, 127, 210,
       131, 167, 196, 250, 245, 3, 157, 35, 153, 84, 166, 169, 55, 60,
       73, 74, 86, 180, 55, 52, 97, 116, 42, 19, 189, 179, 152, 49, 95,
       109, 60, 154, 192, 152, 0, 177, 248, 138, 184, 190, 186, 77, 213,
       177, 71, 143, 29, 69, 27, 172, 159, 110, 74, 201, 59, 243, 145,
       18, 79, 210, 241, 95, 81, 218, 107, 146, 12, 173, 218, 46, 249,
       49, 186, 73, 197, 147, 192, 135, 84, 105, 11, 60, 223, 96, 0, 200,
       249, 147, 211, 66, 34, 218, 241, 95, 213, 15, 111, 83, 15, 38,
       218, 200, 156, 190, 245, 171, 236, 61, 23, 189, 31, 166, 52, 188,
       183, 98, 91, 167, 51, 253, 16, 50, 205, 178, 194, 199, 255, 90,
       75, 128, 64, 165, 123, 10, 233, 18, 202, 121, 157, 115, 198, 15,
       9, 109, 16, 174, 147, 108, 164, 200, 59, 19, 90, 83, 58, 26, 245,
       47, 220, 20, 107, 90, 15, 235, 174, 93, 17, 159, 109, 169, 110,
       117, 19, 233, 201, 239, 76, 223, 187, 1, 122, 164, 55, 252, 8,
       153, 161, 179, 0, 195, 255, 112, 18, 234, 98, 203, 51, 72, 62,
       190, 117, 161, 172, 113, 23, 169, 159, 62, 20, 158, 55, 66, 122,
       165, 55, 109, 24, 144, 253, 179, 66, 207, 255, 118, 82, 194, 192,
       199, 123, 56, 245, 62, 126, 29, 221, 84, 253, 243, 71, 237, 9,
       127, 255, 42, 177, 216, 186, 213, 32, 106, 43, 122, 189, 243, 255,
       84, 59, 114, 30, 206, 218, 139, 223, 134, 159, 167, 240, 182, 199,
       156, 79, 218, 247, 172, 174, 163, 202, 239, 115, 170, 135, 245,
       141, 39, 234, 180, 54, 222, 131, 156, 92, 189, 93, 73, 131, 159,
       235, 180, 170, 107, 23, 126, 73, 219, 244, 247, 163, 152, 96, 118,
       39, 124, 28, 155, 152, 111, 51, 204, 255, 58, 192, 188, 195, 129,
       121, 163, 95, 67, 140, 244, 18, 238, 246, 89, 202, 94, 230, 121,
       108, 183, 228, 126, 102, 23, 239, 229, 146, 36, 238, 38, 126, 174,
       128, 15, 255, 248, 221, 3, 223, 57, 255, 125, 133, 191, 254, 158,
       72, 92, 103, 188, 255, 33, 96, 206, 123, 183, 69, 195, 184, 114,
       255, 103, 125, 186, 170, 28, 25, 33, 251, 3, 95, 59, 223, 116,
       133, 191, 246, 158, 72, 92, 230, 188, 255, 177, 96, 206, 123, 23,
       205, 195, 152, 98, 255, 100, 255, 186, 136, 28, 153, 33, 185, 41,
       20, 106, 73, 86, 183, 249, 91, 92, 196, 124, 6, 24, 152, 182, 32,
       126, 168, 18, 61, 149, 190, 52, 222, 86, 13, 178, 64, 223, 140,
       120, 212, 238, 113, 50, 138, 77, 213, 248, 72, 143, 21, 225, 27,
       140, 222, 110, 207, 232, 153, 235, 211, 94, 39, 218, 208, 21, 24,
