%YAML:1.0
---
descriptors: !!opencv-matrix
   rows: 216
   cols: 32
   dt: u
   data: [ 10, 211, 126, 254, 189, 212, 255, 253, 157, 13, 215, 167, 237,
       223, 190, 69, 254, 187, 191, 227, 242, 171, 58, 253, 243, 251,
       186, 203, 55, 158, 253, 251, 10, 223, 2, 159, 19, 196, 188, 231,
       61, 5, 90, 2, 172, 254, 32, 68, 254, 59, 147, 129, 98, 136, 18,
       239, 37, 54, 154, 139, 22, 20, 165, 138, 218, 94, 191, 252, 40,
       236, 29, 182, 174, 90, 150, 117, 255, 127, 1, 123, 167, 119, 253,
       65, 171, 205, 179, 37, 211, 243, 122, 146, 8, 113, 37, 123, 43,
       55, 227, 69, 244, 30, 237, 23, 105, 200, 122, 229, 153, 41, 150,
       180, 62, 175, 23, 61, 145, 184, 101, 200, 110, 124, 166, 128, 207,
       228, 195, 253, 209, 159, 255, 245, 188, 10, 125, 183, 252, 219,
       150, 244, 253, 39, 144, 99, 103, 103, 124, 172, 241, 205, 101, 47,
       234, 235, 254, 208, 44, 224, 161, 121, 1, 90, 251, 101, 100, 110,
       233, 18, 104, 232, 126, 100, 183, 21, 145, 126, 22, 108, 118, 108,
       129, 176, 245, 72, 197, 253, 98, 128, 76, 251, 67, 249, 47, 115,
       64, 193, 244, 11, 238, 81, 37, 232, 94, 238, 153, 9, 149, 164, 62,
       140, 23, 255, 145, 176, 69, 204, 46, 92, 175, 196, 239, 190, 218,
       181, 49, 65, 113, 69, 84, 90, 231, 48, 101, 64, 250, 66, 83, 20,
       149, 228, 122, 252, 6, 106, 201, 176, 101, 12, 55, 172, 160, 0,
       103, 187, 80, 164, 178, 116, 99, 69, 116, 95, 239, 125, 85, 110,
       119, 242, 115, 21, 148, 36, 126, 156, 22, 174, 233, 182, 117, 207,
       37, 14, 176, 128, 119, 186, 246, 253, 30, 112, 254, 216, 107, 240,
       189, 64, 175, 214, 214, 163, 108, 223, 231, 110, 103, 121, 255,
       146, 5, 199, 174, 200, 82, 101, 95, 139, 167, 116, 45, 223, 45,
       60, 249, 69, 52, 111, 107, 16, 118, 238, 254, 12, 243, 53, 147,
       56, 30, 252, 94, 122, 137, 240, 245, 10, 199, 207, 33, 144, 238,
       251, 86, 121, 158, 74, 230, 254, 114, 240, 186, 196, 183, 7, 214,
       163, 105, 239, 173, 204, 127, 251, 167, 211, 46, 199, 46, 239, 82,
       103, 254, 139, 183, 245, 45, 238, 79, 19, 235, 67, 182, 84, 187,
       24, 70, 205, 31, 230, 88, 221, 255, 32, 126, 28, 191, 93, 151, 48,
       189, 192, 110, 45, 161, 204, 143, 143, 116, 113, 17, 95, 79, 236,
       22, 130, 207, 112, 68, 64, 218, 230, 113, 67, 177, 96, 126, 160,
       30, 238, 137, 163, 21, 190, 240, 173, 162, 128, 61, 187, 112, 57,
       149, 95, 127, 108, 164, 14, 111, 184, 253, 142, 126, 102, 219,
       253, 183, 115, 127, 208, 62, 238, 232, 165, 47, 74, 103, 235, 231,
       140, 119, 241, 116, 113, 11, 157, 22, 189, 155, 228, 48, 103, 191,
       17, 74, 18, 188, 182, 32, 105, 231, 51, 187, 129, 54, 201, 19,
       245, 205, 242, 90, 67, 144, 68, 161, 10, 16, 158, 90, 253, 54,
       170, 51, 119, 124, 11, 90, 230, 181, 163, 160, 64, 127, 62, 6, 0,
       178, 184, 5, 239, 236, 167, 178, 192, 36, 200, 245, 137, 11, 141,
       123, 201, 182, 243, 187, 247, 30, 69, 94, 130, 189, 230, 178, 96,
       118, 59, 23, 157, 147, 152, 52, 255, 239, 13, 170, 192, 180, 138,
       161, 248, 155, 176, 234, 255, 118, 131, 235, 217, 31, 106, 85,
       246, 57, 223, 190, 32, 127, 171, 23, 141, 227, 190, 44, 211, 94,
       77, 187, 164, 63, 142, 115, 249, 61, 211, 97, 104, 254, 19, 79,
       184, 69, 236, 252, 238, 83, 109, 191, 244, 126, 196, 21, 238, 201,
       178, 109, 156, 122, 201, 165, 212, 127, 191, 116, 113, 130, 189,
       146, 223, 37, 246, 62, 227, 157, 138, 90, 50, 172, 254, 36, 193,
       249, 123, 147, 130, 116, 218, 26, 235, 47, 86, 159, 131, 22, 109,
       165, 135, 110, 23, 244, 225, 239, 123, 253, 15, 59, 255, 158, 187,
       140, 60, 94, 159, 175, 215, 255, 181, 148, 248, 229, 192, 127, 94,
       220, 247, 199, 252, 159, 87, 14, 156, 34, 158, 247, 242, 186, 224,
       57, 95, 95, 179, 76, 255, 48, 141, 255, 127, 179, 161, 176, 247,
       138, 255, 31, 115, 203, 207, 135, 47, 183, 199, 174, 98, 254, 184,
       239, 217, 152, 200, 143, 87, 149, 185, 140, 204, 255, 14, 143, 81,
       223, 87, 134, 103, 170, 241, 202, 91, 91, 255, 214, 29, 15, 215,
       127, 107, 224, 192, 239, 88, 254, 136, 235, 244, 188, 175, 73,
       202, 223, 223, 106, 197, 255, 255, 206, 67, 175, 208, 62, 89, 207,
       191, 55, 247, 254, 69, 191, 254, 96, 94, 93, 221, 91, 240, 151,
       76, 245, 175, 43, 205, 151, 181, 12, 168, 215, 206, 239, 38, 126,
       189, 179, 217, 161, 187, 119, 159, 94, 223, 170, 185, 18, 152,
       245, 215, 180, 229, 159, 13, 116, 35, 44, 220, 62, 133, 254, 59,
       131, 193, 118, 186, 2, 221, 63, 80, 142, 203, 87, 12, 189, 207,
       153, 91, 127, 237, 38, 138, 237, 21, 124, 66, 86, 230, 255, 135,
       177, 96, 118, 40, 55, 76, 193, 148, 37, 139, 228, 233, 182, 128,
       44, 154, 209, 249, 170, 217, 54, 157, 237, 211, 188, 229, 157, 4,
       84, 3, 236, 220, 54, 197, 250, 59, 147, 195, 100, 190, 18, 253,
       39, 83, 223, 67, 23, 28, 189, 207, 203, 150, 107, 95, 50, 242, 59,
       18, 124, 75, 95, 245, 253, 94, 190, 116, 55, 55, 189, 157, 179,
       156, 37, 255, 70, 127, 58, 192, 142, 132, 37, 125, 27, 214, 122,
       254, 114, 146, 126, 117, 189, 73, 86, 230, 125, 203, 188, 96, 118,
       185, 31, 168, 231, 157, 36, 223, 242, 239, 190, 192, 61, 146, 161,
       137, 26, 84, 224, 197, 119, 126, 254, 123, 121, 174, 126, 34, 11,
       61, 150, 228, 127, 221, 151, 171, 156, 180, 245, 202, 55, 255,
       146, 167, 103, 255, 126, 215, 74, 88, 182, 220, 79, 212, 191, 196,
       173, 206, 214, 3, 236, 222, 39, 230, 230, 253, 251, 195, 68, 199,
       178, 232, 119, 113, 142, 139, 6, 54, 45, 95, 59, 187, 105, 97,
       115, 95, 83, 186, 71, 109, 93, 229, 27, 29, 150, 188, 151, 158,
       181, 92, 159, 184, 125, 183, 79, 93, 176, 231, 111, 135, 94, 127,
       138, 242, 248, 241, 230, 201, 189, 223, 30, 63, 85, 179, 156, 157,
       126, 8, 159, 27, 151, 17, 210, 126, 104, 211, 79, 85, 63, 239,
       215, 140, 149, 251, 43, 227, 233, 193, 244, 155, 237, 247, 95,
       105, 87, 247, 153, 8, 254, 32, 127, 138, 23, 157, 215, 188, 101,
       215, 110, 93, 190, 228, 125, 142, 240, 221, 10, 189, 171, 177,
       203, 228, 181, 103, 139, 247, 28, 59, 28, 191, 100, 3, 239, 63,
       179, 145, 17, 91, 178, 192, 127, 81, 222, 235, 133, 76, 183, 251,
       57, 183, 235, 169, 246, 151, 239, 127, 86, 233, 253, 230, 19, 172,
       182, 32, 127, 138, 23, 157, 155, 186, 101, 158, 124, 207, 191,
       228, 253, 138, 218, 241, 28, 150, 90, 161, 243, 175, 122, 91, 63,
       41, 127, 183, 13, 15, 42, 80, 247, 155, 135, 144, 54, 156, 17,
       215, 222, 199, 51, 69, 184, 136, 169, 147, 56, 150, 126, 105, 242,
       175, 115, 123, 54, 13, 127, 53, 87, 33, 42, 80, 55, 158, 199, 48,
       50, 184, 25, 31, 127, 175, 32, 69, 241, 138, 236, 147, 95, 57,
       255, 231, 50, 94, 123, 208, 45, 236, 119, 132, 253, 159, 151, 114,
       166, 245, 127, 206, 129, 209, 189, 232, 215, 249, 106, 128, 38,
       167, 7, 125, 155, 159, 111, 187, 246, 246, 121, 115, 21, 79, 222,
       247, 253, 255, 186, 101, 126, 187, 191, 133, 255, 154, 119, 223,
       247, 255, 186, 194, 62, 140, 165, 255, 14, 153, 244, 247, 245,
       220, 253, 178, 27, 255, 118, 19, 105, 127, 94, 207, 165, 123, 181,
       208, 54, 248, 187, 241, 79, 223, 213, 199, 167, 244, 220, 219, 47,
       126, 234, 217, 255, 245, 191, 222, 31, 239, 252, 175, 40, 220,
       255, 164, 255, 59, 215, 149, 151, 179, 122, 242, 127, 93, 175,
       171, 223, 220, 255, 215, 158, 31, 126, 255, 183, 178, 254, 115,
       157, 78, 95, 183, 237, 255, 183, 233, 254, 123, 191, 135, 180,
       144, 39, 255, 102, 255, 234, 131, 183, 253, 253, 211, 27, 150,
       111, 249, 62, 215, 121, 123, 31, 79, 86, 247, 157, 63, 182, 97,
       255, 157, 191, 181, 191, 156, 103, 223, 223, 255, 186, 198, 183,
       140, 52, 251, 2, 205, 32, 137, 53, 131, 190, 239, 14, 5, 88, 3,
       172, 44, 50, 64, 216, 43, 147, 193, 70, 184, 64, 255, 37, 52, 138,
       131, 21, 30, 181, 206, 120, 249, 56, 234, 187, 221, 83, 197, 163,
