%YAML:1.0
---
descriptors: !!opencv-matrix
   rows: 197
   cols: 32
   dt: u
   data: [ 169, 93, 125, 101, 164, 15, 111, 55, 113, 170, 126, 8, 147,
       53, 145, 51, 30, 228, 100, 104, 233, 248, 117, 14, 231, 239, 101,
       16, 99, 248, 66, 169, 120, 249, 178, 250, 185, 205, 83, 197, 171,
       29, 172, 41, 47, 223, 98, 18, 138, 251, 205, 80, 30, 43, 202, 177,
       251, 213, 4, 123, 242, 6, 134, 75, 11, 183, 121, 73, 114, 223,
       169, 119, 126, 109, 125, 180, 188, 172, 150, 36, 55, 42, 146, 12,
       215, 184, 36, 95, 110, 29, 50, 224, 86, 132, 199, 253, 130, 219,
       63, 186, 46, 197, 157, 247, 142, 93, 148, 247, 189, 158, 98, 3,
       239, 51, 255, 133, 247, 79, 50, 245, 251, 211, 254, 251, 28, 24,
       181, 219, 209, 222, 191, 253, 44, 142, 125, 183, 174, 91, 150,
       116, 255, 127, 144, 107, 231, 119, 125, 45, 225, 205, 35, 61, 224,
       251, 254, 208, 12, 144, 161, 121, 176, 213, 99, 69, 116, 79, 239,
       117, 85, 110, 119, 178, 83, 21, 148, 52, 126, 156, 23, 234, 225,
       190, 117, 207, 119, 46, 180, 128, 103, 154, 246, 241, 49, 85, 115,
       77, 118, 23, 239, 254, 92, 232, 248, 66, 83, 124, 181, 164, 126,
       248, 22, 106, 225, 178, 125, 223, 52, 14, 167, 132, 125, 250, 112,
       173, 154, 202, 246, 254, 83, 208, 190, 230, 183, 23, 214, 179,
       109, 255, 165, 105, 111, 251, 175, 195, 110, 207, 14, 255, 114,
       231, 222, 139, 183, 85, 173, 14, 48, 204, 86, 222, 93, 195, 214,
       110, 95, 4, 244, 2, 106, 253, 52, 64, 216, 184, 167, 96, 104, 187,
       75, 255, 51, 190, 194, 19, 87, 184, 116, 138, 59, 72, 98, 222, 77,
       210, 239, 112, 85, 64, 215, 130, 40, 220, 183, 228, 120, 173, 63,
       207, 236, 155, 39, 239, 55, 127, 138, 138, 55, 191, 116, 236, 138,
       136, 182, 185, 45, 253, 176, 67, 254, 27, 64, 16, 172, 154, 96,
       233, 193, 27, 170, 17, 54, 77, 18, 243, 141, 211, 90, 75, 144, 4,
       45, 143, 37, 237, 97, 75, 244, 135, 239, 253, 87, 40, 120, 78,
       112, 209, 188, 36, 92, 218, 18, 238, 195, 186, 108, 127, 44, 12,
       165, 228, 93, 154, 240, 169, 53, 25, 111, 232, 38, 194, 107, 112,
       132, 64, 222, 230, 81, 7, 177, 97, 126, 176, 31, 238, 217, 179,
       37, 172, 242, 169, 170, 128, 61, 171, 112, 113, 127, 114, 225,
       236, 108, 21, 223, 248, 65, 76, 189, 239, 91, 77, 255, 54, 94,
       209, 151, 239, 203, 35, 238, 193, 114, 221, 165, 188, 127, 191,
       118, 241, 130, 28, 178, 155, 19, 246, 186, 71, 62, 5, 66, 19, 236,
       222, 38, 72, 255, 59, 147, 145, 50, 156, 58, 255, 5, 54, 154, 195,
       144, 4, 37, 218, 126, 54, 102, 85, 37, 50, 124, 83, 117, 206, 255,
       183, 75, 110, 159, 255, 255, 181, 253, 175, 172, 246, 165, 200,
       22, 251, 211, 131, 167, 245, 126, 87, 199, 114, 246, 24, 105, 185,
       152, 200, 143, 95, 149, 189, 140, 204, 255, 142, 135, 81, 255, 87,
       134, 103, 174, 241, 26, 91, 91, 255, 214, 157, 47, 215, 11, 157,
       123, 203, 182, 247, 187, 247, 30, 69, 94, 166, 189, 254, 178, 96,
       118, 59, 19, 157, 147, 152, 53, 255, 238, 13, 174, 192, 182, 142,
       165, 249, 223, 99, 244, 193, 239, 16, 252, 157, 239, 244, 180,
       174, 73, 202, 215, 255, 38, 193, 255, 255, 198, 65, 239, 208, 54,
       88, 207, 191, 55, 245, 216, 69, 186, 254, 96, 222, 125, 221, 75,
       248, 23, 76, 245, 46, 43, 197, 147, 149, 8, 168, 134, 202, 239,
       46, 122, 191, 178, 217, 161, 185, 119, 159, 94, 255, 75, 191, 119,
       101, 50, 62, 157, 55, 233, 232, 158, 236, 191, 61, 144, 167, 6,
       55, 221, 45, 241, 137, 229, 206, 226, 127, 108, 146, 110, 230,
       131, 125, 75, 150, 111, 79, 114, 250, 187, 51, 124, 75, 95, 244,
       253, 63, 158, 116, 55, 55, 221, 188, 181, 157, 37, 207, 78, 127,
       58, 192, 142, 134, 165, 125, 19, 222, 107, 222, 50, 146, 62, 117,
       189, 72, 222, 230, 125, 238, 180, 96, 118, 187, 31, 173, 225, 153,
       36, 255, 186, 111, 174, 192, 61, 150, 161, 185, 218, 92, 98, 252,
       103, 212, 255, 228, 169, 78, 246, 131, 108, 223, 55, 215, 238,
       245, 191, 199, 236, 135, 178, 233, 247, 121, 202, 139, 7, 180,
       127, 223, 158, 124, 243, 229, 103, 126, 123, 208, 57, 238, 118,
       174, 111, 31, 151, 191, 190, 245, 213, 238, 173, 244, 181, 234,
       247, 219, 229, 131, 103, 245, 71, 91, 57, 215, 107, 232, 254, 151,
       207, 255, 87, 73, 252, 230, 115, 125, 190, 32, 126, 138, 23, 173,
       219, 187, 47, 159, 122, 207, 175, 220, 127, 158, 240, 249, 19,
       116, 230, 197, 119, 119, 126, 89, 119, 239, 223, 182, 72, 62, 190,
       164, 127, 205, 151, 189, 172, 241, 53, 206, 63, 94, 135, 135, 167,
       230, 252, 117, 111, 178, 233, 65, 168, 126, 155, 152, 19, 255,
       149, 244, 217, 118, 222, 175, 95, 92, 245, 255, 157, 84, 253, 146,
       78, 95, 233, 244, 158, 239, 154, 245, 126, 51, 242, 70, 31, 120,
       91, 216, 251, 109, 181, 175, 106, 204, 223, 190, 182, 211, 221,
       82, 142, 225, 189, 226, 211, 125, 1, 187, 231, 199, 78, 87, 90,
       20, 238, 62, 143, 120, 217, 139, 143, 87, 159, 175, 106, 236, 127,
       74, 161, 215, 253, 5, 156, 97, 191, 192, 211, 119, 88, 159, 231,
       125, 92, 94, 26, 208, 224, 197, 55, 126, 250, 122, 113, 238, 126,
       34, 75, 61, 150, 228, 127, 221, 183, 171, 156, 176, 245, 194, 247,
       255, 146, 135, 39, 247, 126, 215, 27, 18, 101, 249, 23, 215, 217,
       26, 23, 109, 214, 247, 153, 13, 150, 236, 126, 157, 191, 157, 139,
       156, 117, 220, 199, 107, 186, 192, 47, 140, 92, 127, 90, 221, 118,
       190, 45, 212, 94, 252, 189, 78, 214, 47, 111, 254, 38, 245, 230,
       247, 253, 231, 253, 11, 187, 253, 179, 251, 202, 155, 62, 62, 172,
       95, 137, 16, 191, 241, 52, 238, 121, 19, 125, 13, 118, 112, 189,
       23, 144, 104, 166, 63, 63, 8, 179, 156, 49, 207, 199, 255, 50,
       192, 134, 128, 101, 121, 171, 48, 48, 220, 109, 21, 156, 251, 205,
       218, 148, 70, 188, 222, 247, 239, 206, 73, 87, 239, 229, 71, 242,
       195, 54, 88, 223, 190, 30, 252, 121, 221, 173, 126, 108, 81, 245,
       95, 255, 244, 121, 238, 118, 175, 75, 45, 151, 189, 63, 236, 214,
       110, 237, 244, 125, 238, 119, 219, 101, 161, 111, 189, 78, 255,
       186, 148, 58, 190, 19, 225, 21, 103, 29, 71, 253, 51, 47, 255, 46,
       17, 255, 187, 135, 128, 126, 175, 50, 223, 243, 247, 26, 11, 115,
       76, 173, 219, 74, 147, 50, 170, 57, 204, 184, 103, 173, 77, 219,
       33, 172, 158, 42, 192, 196, 51, 255, 145, 94, 137, 2, 213, 253,
       117, 154, 219, 146, 6, 173, 91, 141, 174, 146, 187, 244, 169, 173,
       239, 62, 3, 90, 80, 189, 226, 232, 200, 119, 107, 34, 24, 51, 220,
       139, 115, 44, 135, 127, 100, 156, 248, 169, 136, 31, 27, 67, 141,
       246, 18, 238, 120, 100, 200, 91, 231, 121, 108, 181, 228, 126,
       236, 23, 255, 149, 144, 45, 204, 52, 44, 171, 128, 47, 175, 120,
       213, 59, 148, 111, 249, 54, 247, 249, 123, 23, 73, 222, 246, 153,
       31, 180, 101, 255, 185, 183, 189, 187, 188, 117, 223, 207, 255,
       186, 198, 191, 140, 112, 251, 44, 193, 114, 75, 85, 139, 242, 248,
       85, 36, 117, 3, 75, 201, 63, 4, 120, 136, 134, 234, 194, 178, 75,
       253, 118, 217, 129, 7, 119, 159, 124, 194, 57, 73, 99, 77, 84, 91,
       239, 112, 101, 64, 250, 66, 83, 4, 149, 244, 120, 172, 6, 234,
       201, 176, 117, 12, 53, 172, 162, 0, 103, 186, 96, 172, 57, 69, 83,
       197, 84, 94, 238, 113, 101, 64, 250, 66, 83, 8, 180, 228, 122,
       140, 22, 238, 205, 176, 117, 206, 54, 172, 162, 128, 111, 170,
       120, 172, 139, 184, 39, 89, 105, 237, 185, 119, 141, 93, 148, 53,
       188, 157, 182, 45, 141, 51, 223, 17, 179, 237, 50, 213, 71, 26,
       58, 210, 95, 12, 181, 127, 94, 24, 191, 190, 171, 228, 25, 3, 175,
       219, 135, 21, 254, 255, 96, 91, 231, 119, 253, 145, 25, 69, 187,
       192, 219, 243, 94, 219, 138, 100, 165, 115, 2, 140, 2, 155, 213,
       247, 186, 207, 30, 7, 88, 19, 236, 220, 54, 192, 217, 59, 147,
       145, 54, 156, 26, 255, 47, 22, 155, 195, 148, 78, 181, 142, 162,
       160, 162, 217, 213, 247, 178, 79, 95, 3, 112, 19, 168, 216, 54,
