%YAML:1.0
---
descriptors: !!opencv-matrix
   rows: 228
   cols: 32
   dt: u
   data: [ 155, 159, 111, 185, 247, 214, 57, 115, 21, 77, 222, 247, 125,
       255, 178, 101, 255, 187, 191, 133, 253, 154, 119, 223, 255, 251,
       250, 195, 62, 140, 165, 247, 155, 159, 111, 249, 255, 247, 185,
       123, 87, 77, 222, 247, 125, 255, 182, 101, 255, 187, 159, 157,
       191, 186, 119, 223, 223, 251, 186, 194, 191, 204, 181, 255, 40,
       177, 112, 107, 117, 203, 250, 72, 93, 12, 125, 43, 43, 221, 60,
       148, 250, 186, 135, 194, 202, 178, 72, 255, 39, 221, 0, 35, 119,
       143, 78, 195, 75, 76, 102, 140, 93, 214, 239, 112, 181, 76, 222,
       131, 104, 206, 181, 100, 126, 169, 55, 239, 173, 147, 54, 206, 55,
       126, 138, 136, 7, 183, 53, 252, 216, 92, 191, 189, 42, 236, 29,
       150, 174, 91, 150, 117, 255, 255, 3, 123, 231, 119, 253, 65, 235,
       205, 179, 51, 195, 227, 122, 147, 24, 81, 37, 123, 43, 51, 227,
       69, 244, 26, 233, 51, 105, 232, 126, 229, 153, 45, 150, 180, 62,
       174, 23, 189, 149, 184, 229, 200, 46, 124, 38, 128, 239, 230, 115,
       253, 67, 122, 178, 30, 75, 16, 182, 72, 250, 134, 101, 45, 104,
       248, 47, 86, 178, 109, 224, 195, 196, 119, 158, 107, 18, 36, 70,
       11, 75, 119, 43, 206, 189, 74, 122, 78, 87, 22, 243, 112, 233,
       132, 247, 2, 107, 200, 191, 181, 58, 228, 198, 234, 236, 167, 44,
       236, 51, 249, 0, 3, 103, 167, 110, 228, 65, 88, 249, 101, 100, 46,
       237, 22, 104, 232, 126, 100, 183, 21, 145, 126, 62, 108, 118, 108,
       129, 176, 241, 72, 196, 253, 98, 128, 76, 251, 67, 249, 47, 115,
       96, 193, 244, 27, 239, 85, 61, 232, 94, 238, 217, 8, 149, 164,
       126, 140, 23, 253, 145, 176, 69, 204, 46, 92, 175, 196, 239, 254,
       218, 181, 174, 105, 162, 54, 89, 217, 182, 64, 155, 196, 112, 169,
       46, 220, 71, 146, 136, 121, 211, 83, 70, 227, 138, 232, 61, 81,
       13, 59, 67, 63, 31, 222, 3, 159, 90, 187, 182, 162, 186, 119, 60,
       65, 122, 230, 189, 235, 160, 64, 127, 43, 7, 156, 147, 184, 5,
       255, 236, 166, 186, 192, 188, 202, 161, 153, 45, 56, 249, 69, 52,
       111, 107, 24, 118, 238, 126, 12, 211, 53, 145, 56, 30, 236, 94,
       124, 137, 240, 245, 10, 199, 143, 33, 144, 238, 251, 86, 113, 159,
       250, 235, 251, 118, 131, 235, 216, 31, 103, 85, 247, 121, 207,
       253, 32, 127, 171, 23, 143, 179, 183, 44, 243, 86, 79, 187, 164,
       55, 141, 33, 248, 12, 217, 120, 219, 117, 217, 114, 248, 223, 21,
       116, 18, 175, 215, 46, 228, 219, 90, 134, 66, 86, 56, 122, 245,
       175, 221, 2, 111, 18, 159, 237, 231, 130, 172, 178, 149, 37, 210,
       60, 231, 159, 206, 90, 19, 172, 246, 102, 65, 251, 123, 179, 130,
       116, 248, 42, 235, 47, 22, 207, 11, 4, 124, 165, 207, 146, 206,
       70, 190, 250, 224, 158, 231, 151, 7, 208, 179, 41, 238, 166, 197,
       107, 243, 175, 128, 126, 143, 14, 255, 176, 38, 218, 203, 53, 84,
       188, 78, 153, 222, 235, 255, 118, 130, 235, 222, 127, 67, 86, 246,
       121, 203, 189, 104, 119, 175, 55, 156, 163, 157, 45, 255, 214,
       239, 186, 128, 191, 129, 97, 249, 63, 17, 244, 97, 231, 87, 219,
       88, 67, 205, 125, 175, 91, 93, 159, 188, 94, 153, 151, 189, 140,
       178, 119, 192, 75, 223, 32, 135, 247, 143, 110, 247, 10, 148, 150,
       185, 155, 228, 48, 39, 191, 25, 74, 17, 172, 179, 32, 201, 225,
       51, 187, 1, 50, 201, 18, 213, 141, 243, 90, 67, 146, 68, 165, 139,
       138, 156, 98, 158, 119, 214, 190, 97, 185, 15, 95, 51, 108, 253,
       54, 197, 255, 255, 179, 161, 180, 246, 190, 207, 63, 122, 203,
       203, 135, 14, 255, 255, 39, 207, 115, 75, 246, 147, 174, 237, 94,
       104, 120, 98, 96, 200, 188, 164, 94, 106, 18, 255, 247, 186, 108,
       255, 44, 28, 135, 238, 95, 14, 241, 173, 149, 95, 251, 76, 52, 38,
       111, 250, 117, 206, 118, 98, 251, 127, 181, 97, 127, 244, 63, 234,
       225, 165, 37, 206, 119, 239, 231, 132, 119, 241, 100, 105, 180,
       79, 122, 109, 228, 42, 239, 152, 244, 14, 254, 98, 115, 105, 157,
       113, 126, 252, 119, 234, 232, 180, 109, 42, 118, 173, 161, 132,
       101, 251, 86, 97, 63, 115, 107, 202, 118, 85, 251, 216, 65, 204,
       125, 238, 121, 205, 191, 164, 126, 217, 151, 239, 129, 51, 44,
       232, 114, 205, 160, 172, 127, 191, 118, 245, 185, 105, 104, 69,
       116, 159, 235, 118, 116, 224, 116, 206, 187, 1, 150, 160, 10, 170,
       22, 76, 233, 190, 100, 63, 102, 201, 32, 160, 111, 136, 90, 232,
       102, 129, 180, 179, 141, 109, 180, 139, 223, 183, 169, 25, 206,
       249, 92, 142, 201, 83, 235, 17, 18, 105, 219, 210, 13, 22, 93,
       127, 210, 109, 213, 134, 61, 151, 97, 77, 254, 19, 79, 248, 71,
       232, 254, 230, 83, 101, 191, 100, 126, 196, 22, 254, 201, 178,
       109, 156, 126, 77, 165, 148, 255, 254, 112, 117, 95, 23, 228, 101,
       161, 58, 124, 19, 117, 223, 215, 183, 73, 63, 159, 255, 55, 135,
       253, 172, 188, 208, 101, 200, 214, 255, 210, 135, 167, 244, 254,
       85, 106, 241, 244, 193, 239, 85, 221, 143, 11, 125, 188, 187, 140,
       62, 78, 10, 207, 223, 247, 145, 150, 74, 243, 224, 63, 94, 222,
       255, 215, 92, 143, 223, 223, 107, 244, 192, 239, 24, 236, 157,
       239, 244, 150, 170, 73, 202, 215, 255, 38, 197, 255, 255, 206, 65,
       239, 192, 62, 89, 207, 191, 39, 247, 218, 69, 138, 249, 114, 218,
       127, 213, 250, 230, 159, 73, 16, 43, 172, 158, 118, 164, 238, 219,
       159, 213, 230, 47, 186, 247, 59, 92, 158, 235, 31, 29, 191, 223,
       190, 250, 96, 94, 125, 221, 91, 120, 215, 76, 181, 175, 42, 220,
       247, 181, 140, 184, 215, 206, 239, 38, 126, 191, 179, 89, 129,
       187, 127, 143, 94, 255, 170, 249, 114, 152, 245, 215, 180, 101,
       29, 12, 116, 35, 40, 220, 54, 133, 254, 187, 147, 193, 246, 190,
       18, 223, 63, 90, 142, 75, 87, 12, 255, 223, 129, 211, 123, 237,
       38, 136, 253, 117, 172, 66, 86, 230, 189, 143, 176, 96, 118, 41,
       23, 77, 193, 156, 36, 207, 228, 237, 190, 128, 60, 154, 129, 249,
       170, 217, 54, 159, 253, 215, 182, 101, 31, 76, 84, 35, 236, 220,
       38, 229, 222, 59, 147, 67, 116, 190, 122, 255, 47, 83, 223, 11,
       86, 28, 189, 207, 113, 133, 31, 236, 141, 71, 69, 251, 196, 132,
       238, 2, 115, 243, 49, 99, 120, 226, 42, 168, 104, 11, 51, 29, 249,
       171, 199, 24, 49, 120, 100, 106, 83, 9, 79, 229, 6, 2, 109, 55, 4,
       160, 206, 130, 49, 55, 16, 98, 110, 183, 57, 169, 89, 155, 181,
       140, 241, 175, 218, 16, 37, 168, 48, 40, 218, 88, 98, 172, 99, 86,
       188, 101, 169, 206, 214, 167, 108, 158, 55, 215, 254, 253, 159,
       231, 204, 151, 176, 201, 243, 113, 206, 131, 39, 182, 175, 219,
       17, 215, 83, 204, 246, 130, 239, 127, 149, 73, 222, 230, 121, 239,
       184, 96, 127, 187, 30, 168, 217, 171, 36, 223, 186, 174, 174, 200,
       63, 154, 240, 57, 94, 20, 238, 62, 143, 112, 153, 138, 207, 87,
       143, 175, 75, 236, 127, 74, 163, 215, 253, 5, 140, 97, 191, 128,
       211, 119, 217, 159, 247, 127, 124, 87, 10, 244, 232, 225, 247,
       221, 184, 95, 31, 47, 93, 179, 141, 143, 106, 136, 191, 27, 151,
       149, 22, 156, 80, 210, 111, 213, 158, 231, 247, 204, 157, 147, 35,
       163, 232, 209, 244, 155, 237, 119, 95, 105, 119, 247, 153, 136,
       222, 32, 127, 138, 23, 157, 215, 184, 109, 215, 110, 93, 182, 228,
       127, 142, 241, 213, 3, 128, 186, 88, 119, 245, 176, 75, 223, 89,
       117, 18, 28, 154, 110, 108, 231, 9, 19, 28, 151, 41, 50, 213, 15,
       29, 18, 206, 155, 5, 233, 247, 47, 121, 241, 71, 101, 95, 251,
       240, 107, 236, 119, 47, 74, 61, 215, 190, 190, 220, 247, 122, 149,
       242, 249, 232, 95, 93, 101, 183, 239, 191, 78, 247, 153, 159, 102,
       185, 255, 246, 123, 246, 21, 77, 222, 246, 249, 255, 186, 229,
       127, 170, 191, 142, 255, 152, 119, 255, 247, 239, 178, 193, 63,
       141, 252, 247, 47, 250, 229, 65, 111, 95, 255, 220, 83, 254, 244,
       239, 91, 29, 151, 180, 127, 220, 247, 254, 205, 246, 125, 250,
       119, 95, 229, 167, 111, 189, 222, 247, 46, 245, 112, 107, 117,
