%YAML:1.0
---
descriptors: !!opencv-matrix
   rows: 200
   cols: 32
   dt: u
   data: [ 72, 17, 185, 225, 177, 252, 121, 23, 47, 77, 94, 48, 159, 151,
       208, 116, 134, 31, 253, 28, 147, 152, 177, 210, 207, 253, 58, 192,
       130, 196, 133, 121, 169, 213, 101, 73, 148, 223, 230, 117, 93, 64,
       114, 66, 211, 28, 180, 165, 120, 128, 22, 105, 253, 184, 117, 159,
       46, 90, 166, 68, 127, 142, 216, 172, 99, 245, 105, 69, 124, 95,
       223, 62, 73, 232, 188, 207, 187, 28, 214, 36, 30, 196, 87, 109,
       205, 46, 245, 223, 110, 89, 37, 184, 79, 158, 210, 253, 31, 221,
       106, 242, 244, 247, 251, 246, 213, 201, 223, 38, 121, 239, 182,
       228, 127, 234, 159, 222, 143, 155, 44, 255, 58, 223, 175, 200,
       191, 223, 252, 249, 219, 156, 174, 186, 169, 229, 93, 215, 159,
       91, 132, 31, 188, 247, 98, 95, 229, 51, 63, 157, 187, 79, 58, 243,
       217, 91, 223, 250, 158, 76, 149, 115, 130, 244, 153, 155, 242,
       237, 180, 175, 30, 51, 1, 57, 252, 126, 72, 9, 183, 91, 51, 17,
       114, 124, 155, 119, 45, 18, 93, 118, 208, 88, 135, 139, 124, 121,
       187, 96, 185, 237, 83, 212, 163, 201, 172, 12, 31, 159, 67, 56,
       166, 189, 221, 80, 25, 11, 178, 0, 219, 221, 37, 127, 234, 19, 38,
       115, 238, 20, 230, 222, 119, 214, 186, 101, 191, 13, 83, 147, 108,
       254, 54, 196, 254, 253, 179, 163, 228, 183, 56, 255, 53, 62, 154,
       131, 23, 86, 255, 215, 215, 9, 163, 148, 149, 146, 110, 194, 253,
       192, 194, 198, 76, 214, 181, 244, 247, 237, 62, 247, 253, 151, 37,
       238, 184, 118, 143, 134, 174, 37, 48, 116, 151, 209, 102, 216,
       231, 87, 254, 233, 127, 78, 215, 147, 72, 252, 190, 236, 254, 217,
       159, 231, 246, 151, 53, 215, 55, 62, 143, 199, 23, 167, 253, 87,
       169, 229, 120, 97, 252, 79, 73, 191, 83, 249, 60, 8, 179, 21, 218,
       48, 201, 138, 87, 60, 219, 122, 249, 55, 239, 221, 181, 244, 216,
       136, 218, 249, 144, 80, 95, 237, 2, 66, 105, 113, 36, 192, 246,
       162, 81, 23, 160, 113, 118, 181, 63, 234, 105, 149, 33, 77, 211,
       235, 226, 128, 37, 160, 36, 97, 130, 180, 146, 152, 211, 225, 176,
       71, 63, 7, 104, 51, 44, 190, 108, 92, 251, 27, 131, 144, 54, 30,
       18, 215, 31, 20, 26, 107, 145, 64, 167, 142, 6, 204, 148, 191,
       205, 196, 174, 174, 158, 147, 72, 18, 237, 250, 108, 207, 225, 83,
       187, 211, 114, 72, 219, 241, 173, 242, 223, 79, 148, 113, 189,
       142, 16, 5, 111, 236, 28, 195, 75, 120, 132, 4, 223, 131, 115,
       199, 32, 65, 88, 184, 31, 232, 40, 147, 41, 157, 251, 229, 171, 1,
       52, 138, 52, 98, 17, 203, 27, 237, 38, 135, 207, 127, 20, 8, 216,
       102, 181, 91, 176, 65, 126, 41, 23, 239, 73, 185, 1, 157, 224,
       171, 170, 128, 60, 136, 177, 169, 24, 129, 42, 172, 62, 131, 219,
       104, 6, 133, 220, 163, 119, 201, 59, 64, 88, 168, 31, 229, 10,
       179, 9, 157, 248, 197, 171, 121, 53, 138, 52, 234, 193, 210, 93,
       255, 36, 4, 108, 181, 108, 91, 82, 214, 253, 23, 152, 99, 102, 3,
       62, 140, 227, 156, 119, 229, 228, 187, 254, 128, 44, 146, 161, 57,
       166, 141, 148, 147, 205, 103, 180, 207, 159, 183, 24, 19, 204,
       120, 109, 143, 201, 83, 163, 17, 54, 120, 91, 242, 45, 22, 223,
       119, 209, 125, 157, 134, 161, 64, 123, 81, 52, 143, 97, 16, 124,
       9, 119, 88, 211, 1, 152, 120, 26, 60, 70, 24, 187, 180, 113, 31,
       69, 190, 48, 64, 192, 137, 70, 33, 58, 65, 82, 172, 27, 83, 86,
       104, 13, 4, 249, 171, 15, 158, 37, 212, 218, 157, 135, 227, 76,
       179, 64, 142, 177, 245, 138, 19, 115, 63, 46, 2, 97, 169, 121, 73,
       116, 143, 239, 127, 65, 32, 252, 74, 18, 1, 212, 52, 92, 174, 86,
       236, 219, 186, 229, 93, 126, 12, 37, 124, 119, 138, 210, 168, 111,
       254, 225, 220, 110, 81, 79, 248, 155, 238, 28, 238, 121, 237, 245,
       166, 127, 236, 55, 238, 195, 70, 174, 251, 54, 94, 173, 172, 55,
       255, 86, 245, 18, 150, 125, 127, 50, 226, 91, 51, 53, 73, 91, 245,
       113, 63, 148, 113, 215, 55, 21, 133, 185, 152, 117, 255, 106, 255,
       186, 194, 189, 192, 164, 123, 79, 190, 225, 195, 246, 58, 123,
       146, 107, 237, 31, 239, 9, 47, 213, 244, 55, 223, 223, 157, 147,
       24, 237, 254, 94, 125, 171, 244, 167, 199, 87, 245, 203, 26, 121,
       253, 50, 223, 185, 51, 45, 76, 86, 245, 157, 31, 150, 228, 134,
       57, 189, 77, 133, 152, 55, 215, 198, 125, 42, 130, 30, 164, 5,
       117, 175, 106, 228, 16, 237, 25, 252, 204, 203, 246, 180, 159, 10,
       136, 215, 159, 107, 200, 215, 215, 174, 103, 238, 208, 30, 90,
       213, 255, 231, 189, 90, 196, 104, 54, 120, 101, 240, 123, 121, 23,
       41, 239, 254, 61, 191, 47, 147, 24, 150, 174, 213, 28, 156, 248,
       225, 10, 230, 253, 48, 177, 226, 212, 206, 91, 23, 183, 106, 225,
       246, 53, 251, 123, 104, 233, 29, 110, 57, 122, 222, 34, 62, 131,
       87, 189, 151, 58, 45, 205, 126, 13, 175, 236, 237, 206, 243, 209,
       33, 244, 249, 101, 116, 207, 111, 125, 115, 237, 124, 10, 115,
       117, 152, 48, 123, 188, 23, 40, 234, 190, 121, 31, 127, 143, 53,
       128, 101, 170, 198, 249, 43, 149, 97, 71, 55, 251, 171, 55, 69,
       97, 95, 226, 248, 36, 156, 228, 94, 62, 150, 169, 145, 184, 101,
       207, 46, 60, 128, 192, 111, 206, 212, 253, 89, 114, 185, 252, 41,
       92, 93, 31, 171, 90, 180, 76, 191, 215, 65, 122, 167, 247, 253, 0,
       203, 71, 178, 129, 211, 253, 114, 184, 40, 240, 3, 123, 185, 87,
       103, 109, 116, 30, 238, 120, 117, 234, 246, 230, 83, 72, 181, 101,
       126, 228, 22, 238, 237, 183, 117, 14, 114, 170, 161, 128, 111,
       186, 120, 53, 54, 173, 66, 130, 215, 135, 182, 229, 149, 5, 251,
       3, 104, 216, 60, 132, 248, 171, 131, 243, 126, 187, 24, 239, 57,
       4, 142, 67, 69, 15, 253, 134, 24, 211, 103, 227, 164, 131, 237,
       253, 54, 124, 214, 230, 217, 135, 240, 101, 126, 142, 63, 221,
       219, 248, 45, 213, 252, 203, 191, 196, 63, 152, 240, 241, 32, 169,
       90, 106, 210, 201, 83, 213, 35, 5, 108, 13, 55, 211, 98, 16, 58,
       187, 7, 80, 26, 26, 128, 61, 123, 133, 36, 105, 113, 130, 230,
       154, 171, 217, 121, 81, 180, 223, 125, 183, 125, 73, 118, 124,
       191, 61, 150, 53, 134, 162, 85, 76, 245, 184, 117, 255, 102, 255,
       52, 210, 79, 156, 202, 125, 248, 113, 59, 98, 249, 205, 95, 85,
       33, 200, 180, 12, 31, 159, 65, 48, 180, 187, 85, 80, 203, 11, 240,
       2, 251, 221, 36, 121, 106, 146, 166, 123, 26, 104, 126, 254, 75,
       208, 190, 204, 191, 6, 198, 163, 109, 207, 39, 88, 110, 185, 171,
       194, 70, 131, 174, 249, 115, 225, 138, 11, 39, 150, 45, 202, 89,
       57, 187, 236, 41, 172, 95, 23, 171, 105, 189, 76, 191, 151, 64,
       114, 164, 191, 125, 10, 203, 11, 178, 49, 211, 253, 50, 186, 40,
       114, 163, 123, 46, 61, 114, 222, 117, 247, 250, 120, 223, 204,
       253, 39, 104, 253, 55, 196, 255, 249, 151, 163, 138, 179, 58, 255,
       123, 125, 143, 139, 23, 255, 124, 247, 30, 60, 234, 254, 117, 247,
       251, 80, 213, 206, 221, 39, 105, 254, 183, 164, 255, 249, 151,
       143, 137, 179, 60, 222, 115, 95, 171, 131, 175, 239, 124, 247,
       198, 76, 133, 159, 204, 100, 180, 142, 158, 146, 90, 19, 228, 184,
       53, 75, 201, 119, 43, 3, 32, 116, 83, 226, 37, 54, 222, 10, 148,
       121, 181, 10, 130, 18, 235, 159, 114, 163, 57, 88, 31, 207, 81,
       183, 236, 206, 127, 72, 119, 41, 183, 149, 166, 212, 62, 223, 70,
       54, 155, 139, 156, 133, 53, 215, 151, 114, 138, 153, 110, 55, 184,
       216, 87, 111, 85, 255, 76, 200, 187, 173, 254, 77, 183, 215, 167,
       214, 142, 242, 22, 91, 251, 175, 191, 157, 185, 213, 23, 99, 235,
       167, 102, 2, 238, 112, 32, 226, 82, 199, 121, 238, 209, 34, 126,
       237, 53, 239, 201, 215, 140, 232, 116, 8, 239, 128, 45, 247, 51,
       249, 149, 1, 87, 233, 180, 11, 111, 57, 100, 32, 243, 114, 211,
       19, 184, 105, 122, 148, 14, 58, 185, 176, 109, 20, 228, 170, 163,
       196, 253, 171, 224, 33, 248, 113, 18, 236, 57, 205, 82, 104, 161,
       136, 173, 8, 47, 215, 41, 180, 218, 185, 205, 98, 72, 39, 208,
