%YAML:1.0
---
descriptors: !!opencv-matrix
   rows: 156
   cols: 32
   dt: u
   data: [ 2, 150, 90, 121, 50, 171, 57, 55, 61, 15, 119, 183, 141, 39,
       170, 80, 119, 27, 167, 0, 50, 188, 1, 87, 70, 167, 50, 195, 116,
       128, 173, 211, 183, 113, 90, 74, 89, 189, 82, 72, 231, 0, 229, 14,
       10, 216, 111, 188, 248, 184, 194, 242, 15, 35, 62, 208, 19, 89, 0,
       123, 251, 23, 106, 150, 106, 33, 131, 90, 73, 240, 64, 72, 163, 1,
       225, 8, 72, 214, 76, 252, 248, 188, 232, 144, 31, 3, 186, 209, 31,
       116, 145, 123, 131, 7, 126, 38, 56, 50, 114, 225, 118, 123, 249,
       86, 101, 172, 254, 230, 11, 27, 167, 228, 122, 172, 151, 152, 136,
       186, 37, 206, 86, 205, 178, 131, 119, 142, 126, 169, 74, 176, 189,
       250, 233, 237, 25, 143, 171, 29, 133, 153, 140, 215, 74, 27, 135,
       19, 235, 16, 18, 75, 250, 209, 207, 209, 90, 127, 144, 68, 135,
       115, 77, 20, 191, 125, 40, 46, 113, 19, 236, 250, 127, 68, 255,
       119, 1, 123, 165, 52, 124, 8, 129, 241, 51, 8, 199, 235, 113, 16,
       202, 225, 67, 51, 200, 30, 191, 117, 36, 110, 113, 23, 233, 222,
       54, 48, 159, 55, 129, 123, 166, 52, 108, 40, 161, 253, 161, 72,
       199, 251, 114, 128, 194, 240, 71, 105, 248, 245, 58, 126, 25, 221,
       84, 255, 241, 70, 236, 9, 63, 255, 42, 209, 208, 187, 197, 0, 106,
       43, 242, 191, 243, 253, 20, 59, 114, 82, 238, 74, 89, 130, 93,
       233, 164, 170, 104, 55, 110, 1, 218, 228, 255, 35, 144, 72, 247,
       39, 125, 28, 155, 152, 71, 21, 204, 239, 58, 192, 188, 202, 129,
       41, 191, 62, 205, 231, 34, 35, 79, 24, 20, 234, 215, 238, 81, 103,
       153, 43, 126, 220, 119, 238, 185, 214, 237, 138, 198, 235, 233,
       148, 173, 251, 16, 241, 90, 177, 58, 236, 59, 253, 17, 99, 173,
       76, 237, 8, 174, 159, 34, 244, 224, 187, 223, 1, 79, 3, 114, 221,
       211, 213, 26, 59, 82, 6, 47, 95, 3, 93, 31, 255, 116, 132, 191,
       246, 159, 8, 88, 98, 188, 255, 177, 96, 198, 123, 63, 201, 227,
       152, 98, 255, 229, 255, 186, 136, 20, 145, 33, 169, 49, 143, 75,
       248, 182, 131, 235, 255, 86, 201, 217, 230, 113, 233, 176, 96,
       127, 170, 23, 189, 187, 187, 45, 223, 248, 143, 175, 192, 189,
       138, 240, 161, 94, 53, 114, 142, 99, 252, 62, 232, 61, 76, 223,
       135, 108, 222, 63, 212, 246, 223, 255, 231, 134, 19, 186, 255,
       183, 117, 11, 175, 6, 87, 47, 215, 46, 32, 224, 90, 253, 189, 250,
       90, 91, 71, 125, 155, 8, 205, 255, 60, 223, 155, 147, 156, 150,
       50, 254, 210, 95, 30, 144, 239, 247, 207, 118, 214, 128, 90, 127,
       94, 100, 198, 255, 112, 252, 142, 118, 0, 113, 215, 39, 101, 126,
       112, 23, 234, 225, 181, 50, 109, 115, 171, 98, 0, 83, 179, 101,
       249, 2, 194, 242, 91, 101, 201, 177, 128, 191, 29, 117, 48, 136,
       207, 236, 93, 194, 25, 167, 16, 2, 244, 34, 241, 7, 184, 82, 203,
       210, 9, 101, 231, 166, 160, 178, 90, 237, 209, 240, 200, 219, 29,
       177, 57, 42, 216, 110, 159, 201, 187, 194, 16, 22, 111, 202, 241,
       31, 88, 85, 123, 211, 13, 254, 134, 10, 252, 186, 217, 103, 253,
       188, 215, 31, 127, 92, 54, 172, 222, 230, 232, 247, 59, 151, 17,
       199, 252, 58, 241, 79, 93, 31, 227, 150, 92, 173, 255, 186, 20,
       26, 172, 11, 99, 81, 79, 169, 6, 244, 57, 14, 159, 35, 217, 250,
       145, 199, 33, 56, 167, 16, 206, 209, 241, 2, 31, 82, 64, 47, 3,
       88, 153, 186, 186, 189, 253, 16, 135, 238, 29, 138, 49, 175, 190,
       106, 192, 163, 51, 189, 17, 22, 9, 19, 177, 235, 213, 30, 91, 144,
       72, 173, 75, 210, 203, 31, 254, 42, 192, 29, 103, 189, 23, 192,
       177, 164, 199, 32, 89, 230, 179, 237, 128, 106, 79, 34, 117, 209,
       178, 222, 155, 16, 16, 167, 107, 28, 168, 186, 240, 247, 233, 114,
       195, 235, 181, 61, 59, 15, 221, 64, 26, 171, 185, 231, 16, 18,
       123, 138, 160, 219, 213, 21, 127, 226, 41, 135, 163, 76, 116, 185,
       240, 168, 109, 81, 158, 54, 255, 46, 25, 151, 151, 67, 122, 133,
       93, 125, 16, 26, 76, 243, 18, 203, 207, 117, 124, 128, 81, 135,
       115, 32, 177, 122, 235, 116, 197, 179, 76, 30, 13, 125, 3, 49,
       156, 126, 0, 252, 27, 19, 208, 22, 186, 24, 21, 77, 141, 186, 97,
       209, 10, 118, 219, 38, 226, 160, 136, 77, 17, 152, 200, 155, 52,
       245, 143, 76, 200, 127, 140, 219, 137, 131, 183, 198, 103, 222,
       209, 158, 85, 139, 127, 87, 46, 58, 198, 14, 220, 178, 155, 245,
       246, 191, 199, 31, 207, 94, 55, 236, 254, 38, 196, 255, 123, 147,
       145, 182, 156, 57, 255, 111, 119, 158, 195, 150, 70, 189, 223, 10,
       156, 178, 159, 247, 247, 190, 199, 31, 79, 92, 3, 236, 252, 39,
       196, 255, 123, 147, 129, 22, 188, 120, 255, 47, 119, 159, 131,
       151, 95, 173, 223, 120, 29, 111, 172, 52, 198, 95, 51, 164, 204,
       222, 7, 59, 47, 51, 81, 232, 231, 189, 231, 76, 139, 49, 172, 243,
       235, 226, 129, 37, 224, 116, 90, 50, 4, 106, 232, 22, 243, 208,
       93, 69, 164, 255, 162, 11, 141, 183, 100, 122, 188, 151, 168, 140,
       179, 36, 158, 178, 205, 128, 135, 119, 142, 124, 207, 187, 219,
       79, 190, 46, 129, 205, 247, 150, 72, 208, 230, 113, 206, 184, 97,
       110, 162, 63, 205, 235, 15, 38, 191, 240, 235, 254, 152, 61, 152,
       240, 57, 174, 249, 49, 186, 73, 197, 147, 192, 135, 84, 224, 11,
       12, 223, 99, 0, 200, 249, 147, 211, 66, 11, 218, 177, 127, 209,
       143, 111, 19, 15, 55, 218, 170, 233, 19, 90, 105, 149, 242, 214,
       143, 9, 116, 24, 44, 215, 108, 164, 204, 90, 146, 90, 83, 58, 58,
       243, 63, 217, 6, 106, 90, 159, 171, 185, 39, 157, 99, 79, 181,
       151, 175, 250, 93, 76, 120, 102, 96, 252, 189, 228, 94, 122, 22,
       234, 227, 176, 109, 255, 36, 62, 167, 130, 87, 255, 116, 253, 177,
       139, 107, 248, 182, 131, 203, 254, 86, 65, 216, 246, 51, 193, 176,
       96, 127, 170, 23, 221, 187, 171, 103, 191, 248, 175, 175, 200,
       189, 136, 240, 161, 32, 29, 122, 79, 244, 239, 239, 251, 86, 236,
       124, 38, 113, 181, 183, 36, 126, 250, 23, 234, 145, 186, 125, 254,
       103, 14, 165, 128, 127, 235, 116, 249, 44, 185, 60, 248, 217, 237,
       83, 250, 183, 117, 164, 8, 31, 215, 106, 56, 145, 186, 211, 18,
       26, 42, 122, 53, 203, 199, 33, 125, 242, 1, 70, 242, 94, 53, 114,
       142, 115, 246, 190, 232, 63, 76, 221, 3, 108, 254, 47, 212, 255,
       253, 191, 163, 142, 147, 186, 223, 179, 245, 139, 143, 7, 103, 47,
       215, 161, 193, 122, 203, 116, 157, 250, 116, 79, 65, 117, 18, 187,
       152, 182, 96, 222, 40, 18, 90, 198, 188, 54, 255, 102, 221, 16,
       105, 94, 154, 249, 140, 179, 12, 18, 131, 197, 253, 164, 71, 108,
       75, 176, 90, 136, 8, 118, 235, 232, 131, 202, 145, 183, 43, 84,
       226, 21, 24, 154, 115, 217, 76, 249, 140, 64, 90, 142, 252, 106,
       160, 61, 198, 166, 31, 238, 161, 181, 231, 35, 90, 230, 123, 107,
       192, 66, 11, 162, 33, 245, 167, 122, 137, 144, 80, 39, 123, 14,
       221, 182, 155, 253, 215, 178, 232, 159, 220, 221, 3, 236, 220, 47,
       196, 248, 121, 187, 211, 102, 243, 58, 254, 47, 86, 143, 203, 151,
       63, 61, 215, 60, 56, 251, 240, 211, 249, 49, 192, 231, 185, 52,
       40, 31, 159, 97, 60, 163, 185, 198, 80, 18, 107, 178, 176, 219,
       217, 5, 127, 227, 11, 71, 171, 124, 247, 240, 98, 179, 121, 87,
       185, 83, 174, 173, 40, 75, 245, 205, 148, 23, 222, 205, 50, 122,
       35, 232, 147, 251, 221, 5, 63, 243, 254, 206, 99, 201, 131, 155,
       235, 180, 138, 107, 21, 126, 73, 95, 244, 255, 35, 152, 112, 246,
       135, 124, 92, 155, 152, 169, 53, 236, 237, 58, 192, 188, 131, 129,
       57, 47, 95, 99, 140, 244, 22, 238, 246, 89, 202, 90, 230, 104, 40,
       183, 228, 126, 230, 23, 239, 229, 187, 36, 239, 54, 62, 174, 130,
       31, 255, 248, 221, 121, 22, 236, 101, 4, 30, 92, 59, 81, 226, 254,
       206, 83, 40, 150, 163, 29, 196, 252, 172, 237, 248, 245, 142, 202,
       239, 245, 149, 111, 236, 90, 92, 24, 52, 188, 187, 168, 236, 56,
       7, 174, 31, 139, 49, 159, 191, 74, 74, 135, 19, 253, 17, 30, 141,
       211, 3, 195, 247, 58, 83, 128, 65, 141, 83, 32, 177, 25, 234, 253,
