%YAML:1.0
---
descriptors: !!opencv-matrix
   rows: 146
   cols: 32
   dt: u
   data: [ 144, 68, 31, 236, 52, 194, 107, 120, 180, 192, 247, 2, 119,
       215, 41, 97, 122, 177, 31, 234, 105, 135, 49, 15, 241, 169, 170,
       0, 48, 130, 37, 96, 143, 72, 134, 186, 3, 162, 58, 67, 189, 194,
       67, 215, 172, 202, 51, 201, 253, 41, 179, 151, 165, 214, 6, 234,
       134, 119, 138, 195, 140, 53, 57, 148, 82, 95, 102, 13, 50, 146,
       94, 51, 53, 198, 218, 231, 105, 110, 183, 80, 118, 247, 181, 231,
       236, 153, 37, 239, 50, 110, 170, 129, 39, 247, 166, 93, 134, 205,
       148, 191, 205, 196, 190, 175, 158, 151, 201, 19, 236, 242, 109,
       207, 233, 91, 187, 211, 118, 79, 219, 243, 173, 242, 223, 79, 144,
       83, 189, 142, 54, 165, 66, 130, 215, 211, 166, 229, 228, 1, 249,
       131, 64, 200, 60, 132, 120, 234, 130, 243, 30, 187, 28, 239, 56,
       4, 143, 65, 229, 15, 254, 134, 89, 114, 187, 252, 41, 108, 93, 27,
       163, 90, 180, 76, 191, 215, 73, 122, 231, 181, 253, 0, 139, 71,
       178, 1, 211, 253, 114, 186, 8, 242, 35, 59, 78, 190, 225, 193,
       254, 122, 251, 146, 43, 109, 31, 238, 9, 47, 220, 246, 55, 215,
       223, 157, 145, 24, 237, 208, 30, 125, 171, 244, 167, 231, 87, 245,
       9, 142, 155, 61, 48, 174, 105, 23, 124, 75, 126, 80, 190, 35, 146,
       112, 131, 42, 14, 28, 183, 188, 97, 127, 206, 255, 50, 64, 200,
       128, 193, 41, 11, 53, 97, 71, 23, 243, 171, 119, 77, 225, 95, 230,
       232, 60, 156, 228, 126, 62, 146, 173, 149, 184, 117, 207, 46, 92,
       146, 194, 239, 206, 121, 253, 157, 73, 209, 105, 176, 22, 79, 21,
       116, 224, 238, 100, 91, 19, 131, 244, 118, 164, 28, 252, 233, 156,
       117, 14, 234, 237, 36, 0, 58, 182, 96, 40, 233, 245, 105, 69, 124,
       95, 207, 61, 123, 232, 180, 76, 155, 28, 214, 53, 30, 196, 85,
       109, 253, 126, 245, 222, 127, 89, 37, 244, 103, 140, 214, 253,
       142, 250, 194, 155, 115, 144, 57, 240, 31, 95, 85, 183, 232, 198,
       250, 76, 103, 105, 167, 213, 166, 92, 46, 247, 78, 87, 223, 203,
       54, 132, 61, 223, 239, 106, 228, 16, 237, 25, 252, 204, 219, 246,
       180, 191, 10, 136, 215, 191, 235, 204, 246, 215, 236, 103, 230,
       192, 30, 88, 213, 191, 239, 189, 90, 196, 120, 121, 187, 96, 187,
       237, 91, 86, 163, 201, 172, 12, 31, 151, 65, 58, 166, 185, 221,
       208, 9, 11, 178, 0, 251, 205, 36, 123, 234, 146, 166, 123, 154,
       120, 122, 216, 107, 208, 62, 228, 175, 68, 214, 163, 44, 223, 167,
       245, 102, 185, 255, 194, 70, 135, 166, 253, 242, 97, 10, 139, 55,
       23, 45, 255, 58, 84, 18, 172, 91, 67, 151, 72, 185, 4, 249, 169,
       15, 158, 35, 84, 222, 185, 143, 227, 108, 131, 16, 222, 241, 245,
       10, 59, 19, 55, 39, 2, 47, 254, 225, 222, 111, 80, 239, 248, 155,
       238, 28, 230, 104, 239, 253, 230, 127, 232, 55, 238, 195, 70, 174,
       251, 55, 28, 175, 174, 55, 255, 84, 245, 152, 219, 99, 225, 164,
       131, 109, 253, 55, 120, 214, 230, 89, 135, 240, 197, 126, 158, 63,
       220, 219, 216, 45, 213, 220, 193, 191, 196, 63, 152, 244, 241,
       120, 54, 248, 101, 113, 127, 120, 86, 57, 239, 126, 61, 191, 47,
       211, 152, 134, 175, 213, 28, 140, 242, 225, 42, 198, 221, 48, 177,
       230, 213, 78, 219, 23, 183, 124, 193, 254, 61, 250, 123, 105, 201,
       61, 110, 25, 122, 158, 34, 191, 131, 87, 189, 151, 58, 61, 205,
       126, 77, 175, 236, 237, 198, 251, 215, 72, 52, 185, 225, 181, 252,
       121, 19, 127, 111, 94, 16, 159, 183, 208, 124, 39, 31, 189, 24,
       147, 156, 241, 194, 199, 253, 50, 192, 166, 192, 133, 115, 41,
       157, 125, 81, 177, 223, 125, 55, 125, 105, 126, 8, 187, 31, 150,
       53, 134, 27, 84, 12, 215, 184, 117, 221, 111, 251, 52, 194, 74,
       132, 194, 253, 251, 245, 105, 101, 116, 95, 205, 63, 105, 224,
       188, 78, 27, 29, 150, 176, 62, 132, 85, 109, 233, 62, 117, 223,
       255, 95, 181, 244, 111, 156, 210, 252, 153, 87, 102, 197, 102, 18,
       234, 48, 101, 72, 223, 230, 91, 8, 183, 229, 126, 132, 54, 239,
       205, 180, 5, 204, 54, 106, 226, 132, 47, 175, 120, 149, 248, 121,
       59, 98, 241, 205, 87, 85, 33, 200, 253, 12, 63, 159, 65, 48, 188,
       187, 85, 88, 203, 155, 240, 2, 251, 205, 36, 56, 106, 130, 230,
       251, 189, 241, 244, 225, 221, 95, 214, 221, 71, 253, 180, 10, 75,
       221, 95, 182, 217, 220, 255, 122, 222, 115, 251, 146, 251, 217,
       133, 127, 211, 190, 220, 214, 131, 152, 187, 217, 119, 229, 185,
       215, 30, 91, 84, 18, 188, 159, 32, 104, 239, 59, 23, 145, 179,
       156, 50, 247, 205, 158, 186, 202, 152, 8, 165, 251, 57, 84, 99,
       77, 100, 31, 206, 120, 85, 234, 254, 110, 83, 24, 149, 228, 126,
       204, 22, 239, 205, 182, 101, 14, 54, 46, 161, 148, 127, 186, 112,
       189, 62, 61, 98, 238, 117, 247, 250, 112, 149, 204, 221, 35, 105,
       253, 55, 164, 254, 185, 151, 163, 136, 179, 60, 255, 115, 93, 139,
       131, 247, 239, 124, 211, 7, 158, 107, 187, 118, 227, 187, 186, 94,
       72, 91, 231, 241, 252, 191, 96, 127, 43, 23, 181, 183, 184, 60,
       255, 108, 47, 175, 196, 157, 238, 117, 223, 6, 237, 148, 179, 141,
       237, 182, 143, 158, 183, 154, 19, 204, 248, 79, 139, 201, 87, 235,
       19, 22, 105, 219, 176, 45, 215, 95, 127, 144, 125, 157, 142, 225,
       72, 125, 69, 36, 46, 107, 22, 100, 10, 118, 96, 179, 51, 145, 127,
       74, 230, 108, 72, 169, 188, 97, 40, 196, 187, 112, 128, 103, 217,
       98, 41, 252, 116, 82, 236, 57, 221, 86, 120, 161, 12, 253, 8, 127,
       211, 33, 149, 250, 185, 204, 98, 104, 39, 216, 159, 243, 209, 1,
       59, 114, 166, 46, 3, 1, 157, 63, 126, 177, 172, 49, 55, 253, 9,
       110, 68, 190, 242, 32, 112, 164, 51, 42, 8, 243, 185, 50, 111,
       227, 255, 18, 66, 72, 0, 163, 43, 119, 95, 102, 4, 102, 18, 238,
       240, 160, 202, 218, 231, 89, 110, 151, 115, 126, 229, 117, 239,
       237, 147, 165, 236, 54, 42, 238, 128, 45, 183, 123, 221, 56, 103,
       122, 227, 84, 11, 119, 116, 36, 36, 252, 139, 151, 1, 1, 16, 120,
       152, 79, 106, 72, 179, 65, 14, 247, 133, 34, 49, 97, 219, 102,
       138, 113, 54, 237, 101, 30, 43, 69, 63, 80, 226, 186, 238, 51, 33,
       144, 50, 29, 166, 124, 172, 249, 250, 229, 14, 252, 142, 181, 180,
       109, 232, 82, 41, 128, 181, 51, 88, 251, 197, 145, 127, 155, 253,
       53, 56, 28, 215, 100, 53, 135, 59, 214, 16, 115, 107, 58, 87, 107,
       148, 53, 254, 210, 0, 135, 243, 79, 126, 232, 196, 100, 56, 251,
       18, 107, 235, 31, 237, 221, 175, 215, 110, 183, 221, 127, 157,
       135, 16, 165, 226, 70, 95, 191, 132, 174, 247, 9, 85, 88, 241,
       184, 160, 175, 125, 20, 207, 78, 127, 189, 25, 223, 253, 74, 130,
       151, 23, 237, 33, 30, 99, 155, 145, 219, 197, 53, 127, 208, 74,
       141, 83, 71, 8, 195, 156, 85, 146, 106, 224, 189, 192, 194, 199,
       104, 238, 53, 244, 247, 237, 146, 213, 213, 219, 6, 236, 30, 62,
       143, 194, 46, 37, 56, 212, 131, 156, 175, 243, 172, 237, 125, 215,
       158, 251, 134, 31, 181, 253, 112, 107, 193, 50, 59, 29, 179, 205,
       115, 178, 207, 219, 255, 240, 156, 72, 209, 250, 34, 171, 43, 186,
       93, 201, 179, 199, 30, 69, 80, 163, 160, 204, 54, 0, 217, 59, 147,
       5, 86, 186, 66, 183, 101, 22, 154, 235, 85, 12, 149, 254, 10, 13,
       54, 250, 213, 247, 250, 231, 149, 5, 95, 3, 40, 191, 54, 192, 200,
       59, 147, 209, 52, 152, 24, 254, 107, 253, 142, 67, 150, 14, 252,
       138, 88, 24, 250, 231, 162, 104, 125, 23, 57, 7, 111, 176, 157,
       55, 130, 122, 39, 223, 61, 136, 16, 156, 177, 98, 199, 175, 114,
       128, 164, 209, 165, 35, 65, 124, 151, 209, 237, 189, 116, 7, 171,
       187, 42, 88, 190, 177, 69, 174, 165, 119, 122, 24, 19, 109, 146,
       224, 175, 218, 87, 50, 138, 88, 195, 43, 103, 183, 109, 193, 246,
       250, 250, 250, 43, 249, 125, 238, 25, 46, 220, 50, 63, 223, 151,
       177, 151, 24, 237, 220, 62, 77, 171, 228, 175, 199, 79, 245, 31,
       183, 124, 227, 246, 43, 251, 250, 40, 121, 93, 230, 89, 58, 158,
       34, 63, 155, 87, 189, 151, 58, 109, 221, 126, 77, 171, 228, 237,
