%YAML:1.0
---
descriptors: !!opencv-matrix
   rows: 247
   cols: 32
   dt: u
   data: [ 45, 233, 106, 65, 244, 87, 251, 216, 66, 252, 53, 2, 25, 141,
       255, 40, 126, 156, 19, 254, 147, 51, 188, 192, 95, 73, 165, 228,
       231, 171, 118, 240, 43, 16, 99, 101, 101, 91, 121, 19, 121, 236,
       118, 172, 27, 29, 151, 188, 206, 188, 151, 28, 141, 186, 245, 200,
       71, 253, 48, 193, 207, 140, 70, 253, 31, 91, 110, 237, 54, 214,
       255, 88, 157, 204, 214, 167, 93, 239, 183, 97, 126, 245, 191, 239,
       133, 147, 53, 204, 247, 239, 171, 133, 55, 191, 61, 113, 2, 197,
       16, 137, 21, 135, 190, 239, 12, 5, 88, 2, 164, 24, 56, 64, 216,
       10, 19, 225, 98, 56, 65, 157, 37, 180, 142, 67, 20, 10, 176, 138,
       129, 16, 253, 245, 116, 78, 105, 19, 125, 13, 118, 112, 157, 23,
       144, 120, 230, 61, 55, 8, 161, 156, 33, 207, 199, 255, 178, 192,
       70, 128, 65, 169, 187, 151, 111, 217, 125, 247, 216, 255, 87, 77,
       252, 247, 121, 93, 190, 101, 222, 186, 151, 188, 191, 186, 117,
       159, 119, 255, 162, 195, 127, 140, 252, 247, 40, 50, 250, 113,
       101, 253, 241, 91, 123, 255, 124, 60, 143, 159, 194, 188, 123,
       155, 199, 16, 151, 126, 242, 210, 95, 221, 51, 175, 195, 204, 78,
       255, 122, 249, 186, 250, 185, 221, 17, 205, 171, 29, 172, 40, 174,
       223, 98, 16, 137, 187, 205, 80, 30, 11, 186, 241, 219, 213, 31,
       123, 210, 6, 167, 11, 222, 24, 191, 255, 43, 230, 25, 18, 172,
       218, 151, 117, 252, 127, 33, 107, 231, 119, 253, 131, 161, 197,
       59, 224, 195, 243, 123, 146, 136, 101, 37, 115, 57, 65, 71, 77,
       84, 31, 230, 116, 69, 96, 250, 78, 115, 8, 149, 165, 120, 204, 86,
       111, 205, 178, 101, 140, 54, 104, 160, 128, 111, 190, 120, 140,
       154, 218, 63, 191, 42, 133, 189, 252, 142, 90, 150, 119, 252, 255,
       43, 107, 231, 115, 255, 199, 227, 69, 59, 245, 193, 243, 250, 146,
       24, 29, 37, 123, 57, 69, 66, 69, 84, 18, 238, 113, 101, 96, 250,
       70, 91, 24, 182, 228, 120, 140, 22, 239, 205, 176, 85, 206, 54,
       236, 162, 4, 111, 170, 248, 132, 201, 222, 63, 255, 40, 46, 61,
       182, 172, 90, 150, 116, 253, 127, 137, 107, 231, 119, 125, 76,
       225, 205, 43, 237, 194, 251, 122, 144, 8, 241, 33, 57, 91, 81,
       191, 228, 119, 15, 117, 117, 249, 232, 182, 77, 126, 255, 39, 51,
       182, 117, 223, 32, 225, 227, 48, 204, 243, 251, 71, 50, 72, 56, 7,
       123, 171, 158, 119, 91, 117, 191, 232, 54, 93, 75, 118, 116, 234,
       41, 180, 165, 79, 162, 150, 12, 185, 188, 101, 255, 14, 222, 16,
       194, 219, 140, 200, 189, 218, 253, 127, 252, 251, 208, 183, 101,
       173, 194, 206, 163, 124, 254, 38, 115, 102, 121, 251, 161, 96,
       139, 166, 203, 243, 225, 79, 139, 37, 54, 165, 251, 26, 207, 110,
       190, 234, 208, 189, 101, 151, 132, 222, 163, 109, 239, 182, 65,
       126, 251, 191, 131, 64, 203, 166, 237, 114, 99, 239, 137, 55, 166,
       165, 251, 52, 253, 89, 234, 84, 135, 71, 252, 4, 40, 125, 74, 115,
       83, 40, 48, 92, 216, 22, 106, 75, 178, 88, 61, 119, 141, 37, 44,
       113, 155, 242, 169, 147, 15, 195, 156, 230, 162, 44, 119, 164,
       130, 218, 230, 57, 162, 177, 102, 102, 235, 55, 141, 224, 153, 6,
       234, 48, 44, 190, 128, 45, 240, 33, 141, 157, 27, 111, 236, 6,
       210, 111, 112, 228, 66, 247, 226, 83, 141, 176, 97, 126, 180, 31,
       234, 217, 179, 37, 140, 210, 233, 226, 128, 55, 171, 240, 49, 41,
       45, 122, 77, 116, 223, 251, 95, 115, 77, 124, 10, 51, 141, 182,
       48, 126, 186, 6, 24, 146, 186, 36, 31, 127, 141, 32, 65, 245, 136,
       110, 233, 127, 87, 233, 78, 118, 18, 223, 216, 65, 72, 253, 238,
       121, 124, 159, 180, 126, 212, 151, 239, 141, 162, 237, 233, 114,
       109, 161, 140, 111, 255, 114, 245, 185, 121, 107, 77, 124, 215,
       203, 124, 86, 232, 244, 110, 51, 149, 183, 32, 94, 168, 22, 238,
       233, 46, 117, 127, 114, 137, 167, 184, 127, 152, 114, 249, 31, 54,
       102, 101, 37, 54, 124, 18, 117, 194, 95, 247, 73, 239, 159, 239,
       119, 188, 189, 174, 173, 244, 181, 138, 70, 251, 227, 132, 47,
       231, 120, 245, 34, 172, 162, 89, 85, 247, 178, 79, 95, 15, 120,
       19, 40, 216, 52, 164, 249, 43, 130, 17, 150, 190, 36, 223, 13, 30,
       18, 67, 215, 76, 251, 142, 29, 172, 251, 250, 244, 163, 227, 244,
       87, 139, 254, 82, 81, 227, 248, 96, 121, 234, 6, 154, 139, 191,
       44, 238, 250, 207, 167, 76, 167, 139, 240, 168, 135, 242, 180,
       152, 239, 181, 184, 200, 223, 95, 145, 119, 140, 218, 255, 107,
       231, 9, 255, 149, 150, 71, 170, 241, 26, 90, 123, 255, 149, 5, 43,
       199, 159, 104, 235, 255, 102, 133, 171, 88, 31, 106, 85, 210, 61,
       207, 245, 40, 63, 171, 23, 141, 163, 180, 46, 251, 86, 79, 187,
       168, 189, 141, 51, 224, 139, 249, 96, 216, 255, 221, 255, 237,
       207, 108, 20, 175, 168, 222, 246, 164, 190, 187, 215, 213, 198,
       42, 126, 255, 63, 24, 143, 251, 87, 28, 223, 223, 166, 157, 114,
       158, 255, 244, 190, 224, 31, 76, 121, 167, 236, 252, 38, 196, 254,
       123, 131, 199, 117, 186, 218, 255, 63, 54, 143, 235, 95, 111, 189,
       215, 187, 254, 98, 94, 113, 221, 211, 240, 85, 76, 244, 173, 42,
       156, 167, 181, 204, 248, 214, 70, 239, 191, 52, 191, 50, 89, 0,
       187, 83, 159, 126, 255, 168, 239, 88, 235, 116, 137, 74, 190, 87,
       40, 48, 104, 187, 25, 208, 16, 136, 138, 7, 74, 106, 62, 72, 63,
       238, 217, 160, 249, 125, 137, 82, 139, 110, 82, 110, 128, 110, 82,
       253, 112, 233, 126, 181, 239, 72, 220, 191, 63, 238, 213, 223,
       247, 204, 103, 238, 204, 86, 89, 239, 239, 79, 158, 119, 215, 206,
       92, 242, 222, 103, 220, 191, 164, 169, 206, 222, 171, 236, 255,
       53, 199, 166, 241, 255, 195, 224, 135, 130, 235, 51, 120, 202,
       139, 39, 255, 125, 127, 27, 223, 111, 190, 242, 146, 175, 247,
       181, 72, 222, 231, 125, 239, 178, 100, 102, 251, 151, 205, 245,
       155, 36, 239, 242, 111, 174, 192, 63, 150, 177, 249, 126, 86, 110,
       0, 37, 115, 95, 113, 233, 238, 191, 175, 74, 238, 191, 150, 254,
       133, 253, 167, 205, 35, 45, 220, 82, 91, 225, 151, 111, 246, 124,
       87, 79, 122, 127, 228, 110, 145, 191, 112, 137, 122, 181, 238,
       156, 223, 254, 34, 238, 177, 223, 239, 197, 39, 170, 192, 86, 89,
       234, 190, 15, 191, 35, 241, 255, 60, 246, 246, 39, 190, 218, 144,
       249, 238, 182, 175, 75, 127, 215, 191, 190, 245, 213, 255, 172,
       246, 252, 234, 155, 223, 195, 147, 239, 247, 75, 87, 250, 248, 41,
       186, 91, 217, 91, 236, 131, 116, 180, 171, 47, 221, 98, 17, 174,
       249, 221, 211, 74, 15, 186, 181, 251, 209, 137, 251, 55, 31, 6,
       250, 57, 255, 105, 73, 126, 151, 223, 255, 87, 109, 252, 238, 59,
       45, 182, 52, 94, 154, 151, 236, 223, 186, 101, 191, 126, 205, 165,
       244, 127, 158, 242, 253, 41, 250, 56, 106, 113, 221, 123, 254,
       107, 77, 124, 76, 63, 159, 98, 176, 183, 219, 150, 88, 211, 58,
       186, 183, 255, 221, 52, 234, 90, 134, 202, 251, 47, 178, 233, 75,
       172, 127, 219, 153, 3, 127, 29, 252, 217, 92, 222, 174, 223, 28,
       253, 63, 223, 84, 237, 145, 78, 93, 169, 244, 159, 239, 214, 117,
       27, 208, 224, 197, 119, 86, 255, 51, 117, 110, 95, 130, 201, 63,
       150, 228, 63, 220, 151, 142, 240, 144, 245, 202, 103, 253, 174,
       133, 39, 246, 255, 245, 126, 20, 239, 182, 15, 117, 153, 26, 143,
       127, 159, 191, 78, 252, 127, 43, 173, 215, 253, 131, 140, 101,
       187, 193, 211, 83, 249, 159, 215, 125, 52, 119, 175, 215, 233, 75,
       242, 86, 191, 189, 66, 125, 92, 245, 89, 61, 158, 38, 22, 92, 151,
       78, 247, 152, 252, 157, 110, 125, 37, 230, 95, 246, 220, 245, 75,
       218, 85, 147, 98, 157, 188, 180, 63, 250, 114, 237, 157, 46, 215,
       253, 135, 127, 183, 94, 197, 92, 127, 244, 46, 26, 127, 130, 30,
       148, 9, 221, 52, 140, 199, 213, 220, 11, 232, 233, 191, 179, 226,
       66, 228, 234, 45, 75, 251, 225, 106, 160, 112, 115, 74, 203, 156,
       150, 207, 46, 213, 40, 97, 136, 59, 91, 110, 223, 127, 211, 255,
