%YAML:1.0
---
descriptors: !!opencv-matrix
   rows: 155
   cols: 32
   dt: u
   data: [ 233, 8, 15, 252, 77, 205, 225, 103, 196, 67, 230, 26, 178,
       153, 48, 107, 200, 160, 90, 140, 41, 175, 114, 140, 211, 249, 210,
       56, 90, 8, 112, 186, 25, 77, 3, 239, 20, 135, 99, 240, 116, 0, 74,
       66, 243, 65, 49, 229, 120, 232, 26, 238, 105, 184, 20, 61, 225,
       229, 162, 0, 59, 155, 113, 168, 24, 201, 19, 235, 20, 199, 235,
       240, 116, 0, 234, 2, 179, 195, 48, 64, 120, 104, 2, 202, 75, 185,
       28, 63, 225, 172, 162, 8, 113, 139, 97, 168, 32, 201, 24, 250, 94,
       129, 146, 232, 142, 1, 72, 2, 181, 211, 96, 64, 218, 121, 2, 80,
       66, 58, 74, 53, 233, 133, 15, 105, 16, 10, 41, 138, 161, 121, 255,
       69, 100, 31, 231, 53, 73, 168, 118, 72, 115, 25, 149, 39, 152,
       100, 86, 106, 193, 240, 113, 8, 39, 152, 101, 0, 75, 186, 210,
       173, 37, 235, 205, 12, 92, 221, 194, 232, 203, 248, 188, 76, 98,
       200, 215, 146, 216, 232, 194, 110, 207, 99, 218, 61, 30, 31, 65,
       61, 89, 171, 90, 132, 245, 126, 101, 165, 100, 10, 235, 176, 81,
       232, 210, 238, 243, 13, 145, 35, 94, 228, 117, 239, 233, 182, 229,
       174, 228, 235, 224, 144, 109, 187, 82, 249, 0, 190, 56, 59, 186,
       169, 146, 134, 222, 69, 88, 237, 166, 252, 2, 0, 135, 59, 194, 17,
       150, 40, 74, 63, 108, 20, 20, 123, 212, 75, 21, 219, 222, 30, 239,
       69, 36, 42, 235, 16, 48, 230, 215, 229, 211, 45, 149, 95, 126,
       228, 125, 239, 169, 180, 245, 10, 70, 107, 227, 132, 239, 229, 86,
       113, 113, 47, 221, 101, 190, 43, 79, 59, 80, 162, 190, 74, 83, 33,
       145, 50, 123, 198, 108, 44, 233, 250, 229, 14, 248, 207, 37, 52,
       109, 248, 210, 40, 74, 189, 242, 150, 119, 252, 122, 228, 191, 93,
       222, 35, 236, 190, 47, 247, 183, 223, 255, 195, 134, 217, 186,
       231, 255, 117, 26, 131, 6, 7, 47, 223, 133, 66, 130, 25, 52, 158,
       234, 144, 126, 73, 115, 213, 223, 64, 179, 252, 183, 8, 22, 29,
       167, 188, 21, 87, 4, 62, 50, 192, 216, 133, 121, 149, 23, 14, 67,
       155, 22, 163, 235, 82, 22, 1, 91, 198, 113, 194, 177, 64, 123,
       170, 23, 188, 59, 152, 12, 255, 56, 14, 171, 192, 189, 203, 113,
       128, 46, 29, 50, 154, 213, 247, 190, 201, 31, 79, 85, 19, 236,
       252, 63, 205, 251, 123, 147, 211, 54, 178, 90, 255, 63, 87, 143,
       235, 151, 127, 189, 199, 177, 83, 107, 109, 100, 78, 69, 125, 100,
       192, 242, 230, 115, 85, 180, 113, 124, 188, 22, 172, 233, 182,
       117, 13, 117, 169, 98, 128, 125, 186, 98, 249, 195, 140, 175, 221,
       20, 230, 169, 39, 252, 71, 86, 18, 176, 184, 180, 103, 97, 54, 58,
       137, 177, 253, 183, 207, 69, 62, 218, 192, 5, 0, 181, 44, 46, 121,
       226, 218, 247, 215, 190, 200, 95, 142, 245, 11, 108, 252, 127,
       172, 255, 249, 147, 115, 180, 243, 58, 250, 63, 94, 143, 171, 215,
       127, 253, 199, 74, 74, 150, 188, 235, 144, 61, 134, 175, 31, 198,
       165, 172, 167, 99, 222, 231, 123, 235, 196, 66, 75, 130, 241, 246,
       247, 222, 139, 146, 84, 173, 91, 34, 175, 42, 159, 85, 193, 174,
       107, 30, 68, 89, 131, 160, 236, 54, 132, 217, 43, 131, 133, 86,
       186, 78, 191, 37, 22, 154, 171, 85, 14, 189, 222, 3, 223, 79, 253,
       116, 130, 110, 182, 62, 73, 90, 230, 189, 163, 176, 96, 215, 107,
       63, 205, 227, 152, 67, 255, 164, 190, 190, 192, 28, 152, 177, 185,
       90, 120, 189, 176, 43, 109, 25, 68, 171, 251, 132, 9, 158, 159,
       67, 58, 167, 149, 253, 145, 11, 67, 178, 192, 211, 209, 91, 187,
       138, 84, 7, 123, 38, 178, 160, 136, 125, 145, 154, 201, 31, 29,
       217, 175, 204, 200, 126, 140, 223, 137, 131, 181, 134, 34, 202,
       209, 158, 85, 139, 239, 220, 14, 59, 215, 57, 43, 115, 225, 118,
       251, 251, 83, 101, 225, 126, 226, 27, 15, 148, 228, 110, 188, 151,
       156, 137, 184, 101, 236, 86, 205, 162, 129, 103, 141, 116, 245,
       89, 120, 185, 254, 40, 44, 89, 154, 171, 223, 190, 108, 191, 151,
       65, 122, 167, 245, 125, 88, 139, 71, 250, 33, 211, 253, 59, 184,
       8, 243, 35, 123, 236, 121, 190, 117, 173, 108, 245, 151, 251, 250,
       54, 25, 254, 189, 85, 59, 133, 118, 125, 25, 177, 253, 242, 130,
       207, 219, 85, 50, 194, 124, 215, 123, 185, 223, 111, 222, 46, 145,
       79, 254, 213, 72, 212, 230, 51, 220, 180, 97, 110, 162, 30, 206,
       235, 47, 38, 191, 242, 203, 242, 152, 63, 152, 112, 121, 155, 223,
       111, 254, 46, 128, 79, 246, 148, 72, 212, 230, 57, 227, 176, 97,
       110, 227, 63, 204, 235, 139, 38, 255, 242, 235, 254, 136, 61, 144,
       176, 121, 28, 108, 83, 194, 119, 217, 118, 196, 235, 168, 188, 42,
       62, 223, 101, 180, 170, 121, 222, 82, 67, 35, 168, 252, 59, 221,
       7, 59, 67, 51, 111, 163, 189, 87, 71, 237, 52, 22, 238, 120, 117,
       200, 247, 102, 83, 24, 177, 101, 126, 196, 30, 238, 237, 180, 117,
       206, 116, 234, 226, 132, 111, 170, 120, 21, 113, 2, 107, 101, 6,
       10, 105, 51, 100, 224, 254, 230, 19, 1, 144, 112, 122, 132, 12,
       172, 137, 176, 101, 12, 212, 169, 160, 128, 109, 168, 112, 40,
       130, 132, 2, 159, 85, 213, 176, 99, 31, 4, 89, 19, 172, 184, 54,
       197, 216, 59, 147, 129, 54, 188, 82, 223, 5, 52, 154, 11, 20, 12,
       61, 206, 10, 150, 90, 189, 83, 186, 56, 246, 61, 65, 106, 245, 45,
       39, 42, 208, 55, 11, 135, 132, 22, 152, 21, 95, 214, 103, 58, 193,
       170, 196, 171, 219, 124, 121, 123, 96, 240, 205, 91, 212, 49, 232,
       188, 12, 31, 151, 65, 48, 188, 185, 85, 120, 153, 187, 240, 14,
       251, 205, 37, 248, 226, 147, 198, 251, 3, 95, 30, 255, 120, 128,
       191, 246, 156, 8, 88, 230, 189, 207, 177, 64, 238, 123, 55, 203,
       195, 152, 2, 255, 228, 191, 186, 136, 28, 153, 33, 185, 18, 22,
       218, 101, 18, 46, 61, 87, 40, 166, 126, 199, 101, 39, 167, 90, 54,
       247, 111, 172, 224, 157, 149, 74, 244, 174, 54, 128, 233, 242, 43,
       153, 47, 124, 237, 71, 118, 59, 235, 216, 89, 230, 125, 238, 88,
       108, 159, 188, 31, 236, 150, 126, 165, 246, 109, 106, 46, 31, 37,
       132, 207, 255, 90, 245, 57, 84, 99, 77, 100, 95, 238, 120, 117,
       234, 254, 78, 83, 56, 145, 244, 126, 204, 22, 238, 233, 182, 117,
       14, 54, 174, 161, 128, 111, 250, 112, 189, 188, 92, 126, 238, 67,
       103, 127, 120, 52, 38, 231, 2, 125, 255, 43, 81, 126, 241, 147,
       234, 40, 151, 57, 126, 119, 235, 97, 1, 115, 179, 108, 242, 59,
       27, 99, 200, 22, 115, 248, 115, 101, 232, 254, 226, 11, 13, 182,
       228, 126, 172, 158, 232, 141, 187, 37, 220, 146, 233, 162, 193,
       119, 140, 124, 253, 3, 134, 6, 15, 52, 62, 234, 50, 108, 73, 91,
       196, 243, 40, 158, 228, 148, 102, 84, 45, 181, 184, 5, 207, 36,
       62, 168, 192, 12, 174, 88, 21, 254, 56, 57, 242, 41, 237, 147, 64,
       139, 125, 181, 57, 14, 223, 110, 26, 142, 177, 205, 83, 27, 39,
       186, 240, 219, 209, 11, 255, 210, 15, 7, 115, 57, 23, 98, 237, 55,
       54, 75, 123, 69, 108, 222, 166, 27, 13, 178, 228, 126, 140, 151,
       237, 157, 179, 37, 140, 242, 237, 162, 197, 63, 175, 120, 117,
       171, 216, 230, 153, 111, 181, 188, 198, 223, 91, 84, 215, 40, 252,
       247, 239, 239, 73, 179, 207, 167, 126, 62, 241, 6, 122, 222, 142,
       31, 93, 121, 221, 88, 43, 248, 100, 190, 121, 212, 7, 123, 165,
       62, 169, 175, 172, 198, 176, 134, 63, 204, 17, 20, 56, 229, 146,
       250, 221, 53, 251, 228, 204, 207, 79, 74, 123, 178, 220, 123, 144,
       63, 198, 171, 140, 236, 162, 44, 199, 103, 212, 238, 251, 203,
       210, 66, 11, 162, 233, 187, 245, 14, 43, 66, 23, 47, 255, 181, 24,
       57, 105, 13, 111, 83, 152, 71, 112, 229, 12, 147, 25, 57, 57, 216,
       128, 82, 126, 27, 38, 121, 21, 195, 217, 1, 124, 88, 171, 80, 34,
       175, 54, 205, 229, 228, 43, 109, 25, 17, 234, 243, 254, 209, 39,
       153, 59, 94, 132, 55, 188, 185, 212, 229, 136, 198, 219, 239, 148,
       173, 232, 208, 241, 72, 184, 190, 246, 141, 205, 244, 23, 235,
       251, 38, 9, 190, 189, 68, 186, 161, 119, 121, 17, 211, 105, 146,
       192, 219, 223, 85, 58, 202, 104, 195, 42, 15, 132, 131, 185, 23,
