%YAML:1.0
---
descriptors: !!opencv-matrix
   rows: 108
   cols: 32
   dt: u
   data: [ 51, 199, 78, 156, 12, 128, 204, 55, 196, 1, 216, 230, 49, 138,
       176, 64, 76, 131, 55, 141, 248, 11, 70, 221, 112, 175, 250, 136,
       53, 136, 240, 8, 129, 16, 247, 197, 52, 110, 105, 51, 125, 73,
       118, 116, 191, 55, 148, 116, 118, 60, 54, 44, 161, 188, 101, 206,
       68, 254, 242, 192, 198, 128, 69, 249, 217, 122, 31, 249, 40, 140,
       25, 23, 172, 89, 150, 116, 191, 151, 192, 107, 166, 55, 125, 16,
       219, 141, 227, 33, 192, 233, 58, 208, 8, 128, 129, 59, 17, 2, 79,
       237, 6, 10, 104, 19, 102, 128, 218, 230, 209, 131, 176, 96, 114,
       172, 46, 140, 137, 144, 7, 84, 212, 235, 162, 128, 45, 136, 113,
       160, 35, 119, 98, 172, 94, 155, 214, 121, 199, 228, 217, 207, 99,
       232, 182, 0, 90, 232, 86, 111, 204, 51, 156, 157, 48, 44, 169,
       184, 125, 190, 90, 197, 33, 183, 99, 79, 246, 203, 239, 119, 85,
       109, 124, 238, 113, 37, 148, 52, 126, 190, 22, 172, 241, 186, 101,
       255, 60, 14, 164, 192, 231, 138, 246, 253, 90, 189, 63, 254, 251,
       192, 181, 103, 191, 65, 238, 34, 252, 255, 32, 112, 167, 59, 251,
       128, 83, 203, 178, 253, 251, 247, 31, 75, 40, 0, 167, 123, 49,
       223, 123, 77, 246, 3, 175, 253, 84, 232, 120, 230, 113, 116, 181,
       32, 126, 122, 22, 234, 225, 186, 109, 31, 60, 12, 167, 132, 125,
       186, 240, 185, 124, 217, 25, 170, 28, 197, 78, 252, 6, 0, 200, 10,
       247, 223, 41, 224, 216, 249, 31, 227, 75, 3, 88, 191, 249, 197,
       143, 124, 56, 27, 145, 42, 169, 123, 105, 237, 124, 219, 91, 220,
       67, 236, 252, 174, 51, 13, 147, 176, 88, 236, 214, 122, 201, 186,
       100, 62, 126, 205, 165, 177, 119, 187, 94, 249, 50, 189, 120, 76,
       91, 219, 210, 119, 75, 229, 252, 46, 42, 191, 6, 52, 126, 191,
       198, 128, 142, 59, 240, 223, 51, 220, 4, 59, 99, 142, 238, 207,
       75, 147, 182, 190, 189, 140, 176, 55, 239, 93, 75, 69, 174, 232,
       58, 196, 165, 35, 251, 5, 150, 169, 146, 245, 169, 118, 90, 74,
       10, 6, 169, 79, 87, 19, 199, 133, 162, 98, 172, 25, 41, 235, 219,
       231, 204, 110, 223, 94, 183, 135, 127, 181, 149, 209, 149, 192,
       148, 54, 203, 134, 140, 103, 163, 213, 168, 243, 80, 104, 116,
       137, 70, 252, 83, 9, 240, 104, 35, 145, 168, 20, 88, 152, 7, 120,
       122, 174, 64, 55, 106, 216, 36, 253, 91, 152, 194, 139, 47, 177,
       225, 67, 245, 127, 235, 89, 91, 233, 121, 76, 80, 28, 220, 180,
       89, 136, 22, 188, 147, 178, 253, 192, 15, 28, 133, 228, 207, 143,
       210, 244, 202, 124, 100, 222, 111, 212, 190, 230, 169, 94, 92,
       175, 44, 30, 23, 135, 174, 243, 247, 199, 230, 111, 146, 237, 55,
       122, 222, 139, 7, 53, 63, 223, 238, 124, 242, 212, 111, 253, 190,
       130, 137, 238, 158, 171, 44, 254, 87, 175, 167, 247, 255, 71, 164,
       103, 178, 234, 23, 88, 79, 187, 71, 253, 31, 95, 127, 52, 240,
       226, 239, 119, 218, 216, 155, 254, 181, 191, 72, 125, 223, 190,
       223, 209, 213, 243, 188, 99, 248, 202, 91, 95, 205, 255, 199, 231,
       94, 87, 89, 248, 184, 250, 57, 221, 83, 212, 235, 93, 188, 13,
       190, 223, 98, 48, 165, 251, 253, 80, 15, 47, 186, 243, 219, 221,
       7, 123, 82, 6, 47, 91, 60, 121, 122, 96, 52, 79, 115, 248, 101,
       236, 190, 12, 83, 85, 147, 16, 62, 244, 69, 110, 201, 179, 57, 28,
       243, 201, 37, 20, 105, 187, 66, 51, 33, 93, 123, 79, 118, 198,
       239, 117, 116, 12, 126, 230, 49, 215, 180, 112, 126, 184, 23, 232,
       193, 186, 52, 79, 117, 172, 162, 192, 37, 130, 102, 249, 63, 54,
       108, 224, 255, 119, 185, 123, 9, 251, 157, 127, 88, 63, 94, 131,
       255, 149, 215, 181, 189, 114, 240, 206, 127, 93, 175, 239, 175,
       102, 190, 211, 9, 115, 123, 235, 110, 169, 233, 80, 237, 81, 119,
       230, 157, 143, 249, 107, 110, 137, 127, 223, 131, 48, 230, 209,
       70, 217, 170, 136, 63, 155, 97, 241, 139, 20, 51, 241, 160, 252,
       185, 23, 127, 91, 83, 116, 188, 30, 132, 233, 135, 59, 63, 25,
       179, 220, 49, 243, 135, 251, 122, 194, 138, 65, 129, 253, 62, 150,
       230, 231, 165, 54, 125, 185, 113, 254, 127, 247, 75, 109, 159,
       207, 127, 215, 181, 171, 249, 240, 61, 204, 218, 251, 247, 198,
       175, 246, 244, 113, 235, 55, 110, 132, 110, 80, 185, 82, 201, 220,
       189, 239, 40, 156, 247, 123, 238, 181, 247, 101, 197, 107, 230,
       192, 86, 121, 234, 174, 79, 172, 126, 223, 42, 48, 86, 137, 109,
       91, 248, 72, 173, 108, 244, 7, 140, 142, 22, 194, 234, 141, 255,
       161, 4, 187, 209, 208, 150, 185, 154, 179, 87, 12, 127, 223, 51,
       6, 106, 8, 86, 147, 194, 120, 85, 196, 252, 167, 67, 200, 190, 64,
       122, 172, 6, 237, 140, 179, 4, 206, 114, 109, 160, 196, 127, 142,
       120, 197, 226, 0, 80, 209, 110, 136, 232, 65, 173, 17, 176, 26,
       142, 10, 116, 75, 106, 145, 95, 145, 2, 55, 64, 192, 150, 24, 218,
       232, 69, 8, 97, 128, 3, 107, 119, 157, 90, 137, 184, 102, 172,
       192, 90, 195, 189, 134, 165, 96, 38, 123, 251, 196, 199, 152, 38,
       237, 36, 48, 58, 138, 36, 148, 33, 221, 34, 164, 162, 201, 213,
       243, 178, 79, 86, 7, 120, 19, 32, 200, 54, 0, 249, 42, 131, 17,
       178, 190, 52, 223, 93, 28, 154, 67, 213, 78, 244, 202, 145, 142,
       235, 251, 118, 163, 235, 216, 118, 75, 210, 246, 113, 195, 185,
       96, 127, 170, 22, 156, 171, 191, 45, 255, 248, 207, 179, 132, 189,
       139, 112, 185, 155, 50, 235, 253, 102, 1, 233, 89, 31, 107, 84,
       246, 57, 206, 244, 40, 126, 169, 23, 205, 163, 246, 166, 211, 22,
       77, 251, 168, 253, 140, 115, 185, 159, 74, 251, 251, 70, 131, 233,
       89, 127, 0, 87, 246, 125, 203, 181, 105, 126, 171, 23, 220, 195,
       220, 47, 251, 214, 239, 186, 192, 63, 137, 33, 177, 155, 51, 235,
       189, 238, 17, 185, 92, 27, 216, 116, 247, 29, 140, 246, 41, 126,
       155, 183, 221, 213, 122, 166, 192, 86, 105, 250, 168, 127, 140,
       115, 253, 142, 184, 163, 159, 117, 246, 186, 114, 31, 74, 87, 179,
       172, 254, 54, 96, 255, 123, 151, 135, 179, 254, 62, 255, 31, 127,
       154, 195, 143, 45, 53, 211, 46, 157, 50, 191, 245, 245, 190, 234,
       31, 78, 125, 39, 236, 254, 39, 128, 223, 123, 147, 67, 86, 186,
       90, 255, 63, 119, 15, 235, 87, 111, 45, 223, 186, 94, 125, 125,
       42, 86, 157, 58, 153, 254, 148, 245, 124, 29, 151, 43, 135, 117,
       253, 39, 229, 197, 115, 206, 67, 123, 121, 146, 79, 164, 86, 255,
       126, 17, 232, 36, 141, 120, 149, 11, 139, 253, 191, 143, 10, 188,
       95, 74, 141, 151, 253, 149, 158, 43, 243, 192, 219, 117, 220, 255,
       199, 110, 220, 86, 59, 179, 224, 75, 127, 117, 217, 93, 19, 125,
       157, 191, 90, 93, 222, 180, 255, 153, 149, 177, 159, 50, 121, 149,
       91, 93, 161, 255, 119, 142, 222, 247, 122, 252, 56, 250, 11, 209,
       91, 232, 131, 118, 164, 171, 63, 223, 99, 145, 143, 185, 221, 195,
       106, 15, 186, 189, 243, 209, 137, 187, 55, 31, 14, 122, 110, 60,
       242, 240, 255, 247, 154, 81, 155, 254, 189, 191, 204, 255, 87,
       190, 223, 245, 215, 183, 156, 103, 248, 202, 159, 95, 207, 255,
       199, 239, 158, 215, 129, 42, 79, 249, 108, 169, 233, 86, 239, 17,
       242, 254, 157, 139, 208, 106, 106, 137, 126, 156, 147, 62, 199,
       208, 212, 153, 186, 232, 28, 136, 225, 168, 94, 50, 246, 66, 163,
       114, 114, 81, 241, 236, 183, 63, 74, 222, 238, 254, 183, 181, 236,
       178, 156, 247, 172, 192, 154, 127, 5, 199, 231, 231, 238, 87, 239,
       30, 246, 94, 107, 244, 158, 80, 169, 206, 181, 173, 108, 254, 183,
       255, 198, 245, 255, 199, 164, 231, 190, 234, 19, 126, 75, 155,
       199, 247, 47, 87, 206, 60, 242, 214, 111, 253, 190, 194, 169, 206,
       28, 171, 172, 254, 87, 143, 174, 243, 255, 199, 164, 111, 178,
       234, 23, 90, 203, 171, 199, 117, 15, 223, 138, 124, 182, 149, 111,
       116, 188, 198, 173, 254, 222, 35, 172, 190, 119, 143, 238, 219,
       179, 195, 70, 127, 162, 225, 23, 81, 222, 171, 7, 93, 61, 223,
       164, 179, 113, 67, 246, 219, 227, 121, 121, 173, 53, 122, 88, 85,
