%YAML:1.0
---
descriptors: !!opencv-matrix
   rows: 128
   cols: 32
   dt: u
   data: [ 153, 94, 111, 165, 36, 10, 111, 48, 52, 206, 118, 231, 243,
       37, 179, 85, 126, 228, 47, 238, 233, 180, 37, 170, 230, 107, 226,
       128, 111, 255, 116, 121, 111, 235, 236, 67, 125, 213, 154, 168,
       202, 252, 156, 14, 233, 200, 223, 34, 141, 79, 251, 215, 198, 106,
       254, 189, 111, 93, 173, 253, 29, 63, 94, 222, 26, 30, 70, 191,
       178, 178, 46, 246, 189, 14, 95, 231, 109, 238, 179, 64, 127, 235,
       183, 135, 244, 153, 14, 255, 182, 103, 190, 129, 191, 215, 185,
       217, 32, 233, 26, 170, 88, 197, 179, 205, 142, 21, 104, 1, 180,
       194, 98, 64, 200, 107, 34, 81, 86, 11, 154, 53, 253, 133, 22, 107,
       16, 10, 165, 202, 74, 189, 50, 158, 119, 252, 122, 232, 173, 76,
       223, 7, 236, 254, 47, 214, 246, 255, 255, 199, 198, 153, 186, 237,
       183, 117, 26, 139, 6, 7, 45, 223, 193, 24, 175, 244, 77, 157, 237,
       103, 212, 194, 230, 6, 186, 173, 49, 107, 232, 164, 122, 140, 105,
       239, 178, 136, 215, 249, 210, 56, 83, 40, 112, 250, 160, 160, 153,
       251, 253, 205, 17, 75, 223, 29, 101, 16, 166, 217, 104, 40, 201,
       26, 163, 16, 50, 110, 106, 179, 79, 215, 18, 123, 146, 8, 212,
       194, 169, 136, 63, 254, 93, 197, 193, 103, 205, 73, 228, 24, 186,
       217, 52, 32, 200, 163, 90, 141, 11, 175, 114, 253, 211, 249, 146,
       91, 89, 8, 112, 42, 44, 160, 121, 235, 109, 253, 81, 201, 79, 57,
       181, 24, 154, 219, 108, 44, 217, 24, 151, 58, 27, 38, 122, 145,
       71, 217, 128, 127, 114, 11, 212, 162, 90, 195, 23, 252, 171, 208,
       29, 103, 189, 23, 228, 177, 172, 167, 32, 223, 230, 179, 239, 128,
       74, 75, 162, 209, 209, 243, 222, 139, 18, 84, 167, 107, 14, 157,
       54, 154, 245, 215, 190, 233, 31, 13, 93, 3, 236, 255, 55, 205,
       253, 123, 147, 243, 54, 178, 122, 255, 63, 87, 143, 235, 150, 127,
       189, 215, 185, 223, 103, 254, 62, 129, 207, 246, 213, 72, 212,
       230, 51, 205, 176, 97, 110, 162, 23, 207, 235, 47, 38, 191, 242,
       203, 254, 216, 55, 152, 240, 249, 161, 129, 101, 73, 244, 159,
       230, 113, 68, 64, 114, 70, 211, 24, 180, 165, 122, 138, 22, 253,
       255, 184, 117, 221, 46, 8, 166, 68, 125, 138, 216, 132, 60, 221,
       120, 105, 244, 207, 127, 249, 86, 108, 125, 39, 83, 85, 179, 48,
       124, 216, 23, 234, 202, 178, 120, 63, 127, 207, 165, 165, 119,
       187, 118, 211, 111, 57, 161, 73, 221, 253, 211, 154, 203, 253,
       172, 13, 138, 173, 87, 30, 137, 102, 123, 29, 159, 107, 251, 178,
       207, 95, 5, 62, 218, 109, 86, 246, 22, 226, 138, 186, 127, 209,
       58, 200, 159, 85, 209, 171, 173, 206, 106, 8, 250, 153, 135, 211,
       14, 70, 234, 241, 155, 213, 142, 239, 20, 15, 63, 214, 113, 22,
       239, 229, 54, 42, 65, 59, 118, 234, 211, 254, 211, 57, 144, 113,
       127, 164, 125, 45, 168, 252, 197, 14, 220, 239, 241, 148, 109,
       168, 80, 41, 3, 95, 26, 253, 120, 132, 190, 246, 190, 8, 88, 230,
       189, 254, 177, 96, 238, 123, 63, 205, 195, 152, 2, 255, 100, 63,
       186, 136, 28, 145, 33, 137, 24, 144, 59, 186, 51, 225, 51, 64,
       135, 69, 125, 35, 252, 223, 42, 64, 250, 187, 131, 144, 10, 177,
       24, 253, 203, 213, 130, 67, 179, 3, 36, 218, 124, 188, 184, 250,
       153, 237, 83, 210, 178, 125, 173, 24, 151, 247, 74, 120, 133, 219,
       221, 16, 58, 74, 250, 51, 219, 207, 49, 125, 176, 65, 6, 114, 113,
       2, 105, 229, 38, 42, 105, 51, 100, 224, 126, 230, 147, 1, 145,
       112, 126, 132, 30, 172, 137, 184, 101, 12, 196, 173, 178, 128,
       109, 168, 112, 41, 185, 84, 99, 69, 100, 95, 239, 120, 117, 234,
       250, 110, 83, 57, 149, 244, 126, 204, 54, 110, 233, 182, 117, 14,
       54, 174, 161, 132, 111, 186, 112, 57, 187, 223, 111, 254, 46, 128,
       79, 246, 149, 74, 212, 230, 49, 227, 176, 97, 110, 226, 63, 204,
       235, 15, 38, 191, 240, 235, 254, 136, 63, 152, 112, 121, 27, 159,
       71, 158, 180, 151, 238, 252, 85, 72, 218, 230, 121, 232, 191, 228,
       126, 234, 30, 239, 205, 171, 15, 255, 50, 126, 174, 128, 63, 255,
       248, 29, 37, 221, 115, 79, 246, 215, 239, 248, 85, 72, 252, 102,
       113, 252, 188, 100, 126, 250, 22, 234, 233, 186, 125, 255, 37, 62,
       167, 128, 119, 187, 240, 253, 26, 143, 234, 190, 242, 176, 63,
       246, 183, 13, 222, 231, 109, 239, 179, 64, 126, 235, 191, 199,
       150, 155, 14, 255, 250, 103, 174, 137, 183, 215, 61, 217, 33, 171,
       107, 249, 244, 131, 233, 215, 86, 73, 252, 230, 177, 137, 180, 32,
       94, 170, 22, 221, 155, 186, 100, 191, 110, 221, 182, 224, 221,
       136, 242, 249, 32, 61, 107, 75, 244, 239, 239, 250, 86, 236, 124,
       38, 113, 245, 183, 36, 127, 250, 23, 234, 192, 186, 57, 127, 127,
       142, 165, 164, 119, 251, 116, 249, 21, 143, 79, 235, 22, 163, 107,
       250, 212, 1, 219, 194, 113, 227, 184, 96, 122, 170, 30, 189, 187,
       153, 13, 191, 108, 174, 171, 192, 181, 203, 112, 160, 28, 23, 114,
       238, 247, 244, 250, 121, 61, 76, 125, 39, 111, 255, 63, 208, 254,
       187, 151, 166, 150, 178, 56, 207, 119, 237, 34, 139, 247, 231,
       111, 211, 94, 181, 50, 142, 55, 246, 190, 232, 191, 76, 223, 7,
       108, 254, 47, 196, 246, 253, 191, 227, 6, 147, 186, 255, 179, 117,
       139, 143, 6, 103, 45, 87, 177, 92, 127, 79, 64, 199, 239, 240, 21,
       78, 246, 2, 49, 23, 53, 101, 110, 240, 23, 238, 105, 190, 113,
       127, 119, 171, 226, 128, 115, 187, 100, 248, 129, 156, 59, 121,
       48, 172, 121, 23, 124, 75, 118, 116, 191, 183, 128, 120, 135, 43,
       62, 28, 179, 156, 33, 87, 207, 255, 50, 192, 200, 128, 193, 249,
       133, 233, 93, 242, 188, 129, 207, 252, 206, 176, 16, 192, 253,
       203, 248, 1, 23, 105, 23, 251, 211, 105, 10, 253, 236, 153, 175,
       252, 28, 146, 129, 168, 189, 120, 123, 70, 71, 93, 247, 84, 104,
       224, 52, 8, 58, 153, 69, 57, 58, 248, 82, 122, 65, 247, 176, 40,
       115, 201, 37, 56, 107, 58, 70, 170, 46, 120, 178, 159, 125, 215,
       178, 72, 95, 204, 125, 43, 108, 220, 55, 132, 252, 249, 147, 115,
       196, 246, 90, 222, 63, 87, 143, 171, 87, 47, 125, 215, 34, 174,
       35, 154, 93, 249, 178, 226, 30, 69, 88, 139, 160, 204, 54, 0, 217,
       43, 131, 5, 22, 58, 74, 255, 29, 20, 155, 235, 85, 12, 55, 222,
       48, 144, 57, 235, 61, 205, 209, 137, 79, 121, 165, 24, 210, 89,
       28, 48, 216, 128, 94, 56, 11, 39, 123, 21, 195, 217, 0, 127, 88,
       10, 86, 114, 103, 120, 151, 242, 173, 173, 228, 151, 235, 187, 42,
       92, 190, 185, 85, 190, 161, 119, 120, 25, 65, 121, 146, 226, 157,
       222, 93, 114, 202, 120, 219, 46, 56, 245, 56, 126, 89, 221, 85,
       125, 243, 87, 237, 24, 127, 247, 10, 49, 217, 186, 213, 0, 106,
       43, 122, 31, 243, 255, 20, 59, 114, 90, 206, 122, 36, 161, 61,
       235, 109, 237, 176, 204, 206, 57, 33, 24, 150, 209, 108, 40, 201,
       24, 122, 16, 18, 34, 122, 145, 205, 208, 19, 127, 208, 11, 213,
       162, 189, 54, 205, 229, 36, 35, 111, 17, 16, 234, 247, 238, 211,
       103, 145, 59, 94, 244, 125, 174, 185, 212, 229, 138, 198, 235,
       235, 148, 175, 235, 82, 177, 74, 184, 244, 94, 187, 220, 17, 187,
       231, 213, 175, 0, 238, 247, 70, 246, 39, 118, 249, 24, 19, 73,
       187, 243, 91, 253, 23, 91, 10, 134, 239, 123, 32, 177, 25, 202,
       220, 205, 146, 207, 11, 9, 105, 77, 54, 159, 108, 16, 217, 155, 3,
       16, 18, 58, 90, 119, 61, 148, 20, 126, 209, 10, 198, 186, 78, 120,
       159, 244, 41, 224, 53, 2, 173, 154, 134, 32, 188, 151, 97, 123,
       230, 117, 255, 146, 1, 197, 178, 192, 209, 243, 94, 155, 136, 112,
       37, 59, 146, 223, 106, 29, 18, 210, 62, 55, 53, 196, 78, 231, 105,
       166, 166, 84, 118, 255, 189, 228, 236, 156, 37, 111, 162, 103,
       190, 129, 39, 180, 164, 93, 30, 225, 162, 170, 93, 193, 27, 200,
       143, 4, 73, 131, 204, 206, 107, 0, 254, 25, 131, 215, 14, 3, 26,
       213, 209, 213, 139, 111, 20, 15, 55, 210, 189, 126, 109, 229, 44,
       11, 79, 176, 81, 234, 214, 238, 243, 41, 145, 35, 94, 228, 127,
