%YAML:1.0
---
descriptors: !!opencv-matrix
   rows: 235
   cols: 32
   dt: u
   data: [ 38, 181, 234, 162, 214, 229, 122, 95, 19, 109, 217, 171, 17,
       189, 94, 16, 255, 159, 23, 149, 158, 58, 205, 214, 127, 13, 175,
       237, 165, 202, 246, 243, 152, 221, 61, 171, 18, 199, 111, 252, 36,
       76, 214, 130, 247, 23, 2, 97, 110, 241, 93, 235, 106, 137, 113,
       61, 225, 129, 174, 128, 49, 146, 165, 123, 10, 133, 18, 155, 215,
       246, 190, 231, 61, 5, 74, 19, 172, 62, 46, 196, 243, 59, 131, 145,
       86, 152, 17, 255, 45, 118, 158, 67, 18, 4, 173, 206, 72, 17, 185,
       233, 176, 236, 121, 23, 63, 77, 95, 48, 159, 151, 192, 120, 135,
       63, 189, 28, 147, 152, 177, 210, 207, 253, 58, 192, 130, 192, 133,
       123, 233, 221, 127, 89, 113, 223, 119, 183, 125, 72, 118, 124,
       186, 29, 150, 181, 134, 50, 84, 72, 237, 188, 113, 191, 103, 249,
       52, 210, 74, 148, 202, 125, 35, 237, 96, 139, 213, 213, 190, 239,
       94, 65, 88, 139, 40, 220, 54, 36, 216, 43, 147, 213, 198, 186,
       124, 255, 47, 28, 142, 235, 85, 30, 221, 222, 47, 191, 225, 195,
       246, 186, 251, 146, 107, 109, 61, 239, 13, 47, 213, 180, 55, 159,
       215, 189, 147, 152, 237, 254, 126, 92, 171, 228, 191, 199, 87,
       245, 42, 157, 18, 158, 213, 212, 190, 225, 24, 7, 125, 3, 108,
       254, 62, 197, 255, 127, 179, 163, 100, 246, 154, 255, 61, 118,
       207, 203, 23, 46, 189, 158, 41, 28, 127, 101, 116, 110, 123, 50,
       113, 206, 126, 108, 251, 55, 146, 48, 30, 166, 86, 44, 185, 184,
       113, 14, 231, 239, 32, 128, 106, 232, 66, 121, 73, 21, 61, 71, 52,
       94, 253, 55, 104, 233, 95, 68, 253, 61, 150, 103, 132, 54, 124,
       44, 209, 184, 241, 76, 103, 189, 114, 128, 74, 194, 211, 121, 33,
       252, 233, 67, 116, 207, 239, 245, 119, 235, 118, 230, 115, 21,
       156, 52, 127, 206, 22, 156, 243, 190, 125, 127, 127, 14, 181, 196,
       239, 154, 242, 249, 108, 84, 243, 206, 100, 110, 103, 24, 121,
       206, 127, 72, 87, 247, 169, 126, 118, 124, 44, 106, 129, 148, 185,
       42, 197, 190, 97, 4, 34, 251, 68, 113, 42, 49, 48, 72, 41, 221,
       154, 88, 139, 236, 189, 45, 46, 221, 103, 180, 156, 57, 221, 97,
       143, 35, 250, 221, 219, 93, 1, 187, 90, 39, 6, 247, 26, 141, 118,
       233, 213, 247, 250, 115, 149, 4, 94, 3, 57, 127, 51, 192, 233,
       178, 147, 177, 62, 152, 17, 223, 107, 253, 130, 195, 183, 140,
       124, 66, 114, 97, 23, 140, 79, 79, 214, 72, 143, 164, 139, 11, 78,
       140, 37, 6, 232, 149, 235, 99, 72, 163, 211, 216, 177, 16, 137,
       59, 81, 31, 20, 14, 202, 92, 151, 244, 97, 244, 124, 246, 189, 94,
       230, 20, 46, 191, 39, 223, 237, 243, 255, 128, 173, 223, 50, 235,
       151, 250, 210, 11, 10, 85, 46, 94, 126, 101, 114, 200, 95, 87,
       218, 72, 233, 132, 189, 11, 9, 155, 55, 144, 254, 145, 223, 226,
       204, 35, 16, 206, 51, 253, 130, 191, 119, 183, 110, 134, 63, 69,
       98, 108, 71, 30, 126, 112, 121, 64, 127, 138, 75, 28, 191, 180,
       190, 157, 151, 239, 204, 178, 52, 142, 179, 249, 0, 133, 127, 255,
       120, 212, 145, 207, 31, 237, 38, 135, 238, 255, 20, 8, 80, 70,
       181, 89, 176, 97, 126, 42, 23, 239, 225, 184, 1, 189, 224, 139,
       170, 128, 61, 152, 177, 169, 79, 126, 249, 231, 38, 48, 250, 150,
       239, 203, 31, 229, 253, 239, 223, 170, 183, 87, 125, 157, 135,
       101, 175, 226, 6, 95, 190, 134, 142, 247, 105, 85, 62, 65, 98,
       236, 117, 82, 94, 112, 1, 196, 253, 138, 75, 29, 183, 244, 120,
       212, 159, 234, 204, 179, 117, 140, 243, 253, 128, 151, 55, 191,
       126, 86, 61, 85, 114, 231, 21, 82, 127, 112, 101, 100, 255, 2, 91,
       57, 187, 240, 122, 204, 150, 235, 204, 178, 53, 140, 243, 237,
       130, 5, 103, 191, 124, 226, 129, 142, 94, 123, 32, 172, 109, 55,
       252, 31, 118, 84, 189, 163, 160, 89, 231, 35, 46, 12, 178, 172, 2,
       119, 198, 251, 114, 200, 88, 192, 225, 41, 239, 114, 105, 9, 104,
       55, 139, 152, 11, 250, 148, 236, 217, 78, 223, 61, 87, 69, 127,
       255, 129, 6, 237, 210, 78, 89, 169, 252, 158, 183, 11, 245, 15,
       180, 49, 186, 185, 253, 177, 202, 175, 125, 173, 24, 158, 214, 74,
       44, 129, 27, 219, 17, 19, 11, 250, 243, 217, 213, 27, 127, 218,
       69, 135, 247, 146, 165, 98, 192, 215, 211, 184, 107, 189, 4, 120,
       131, 40, 204, 54, 5, 62, 155, 147, 181, 246, 187, 4, 223, 59, 12,
       139, 199, 87, 12, 255, 134, 98, 151, 121, 255, 178, 226, 219, 55,
       57, 79, 219, 247, 245, 127, 156, 113, 215, 183, 149, 165, 185,
       154, 101, 255, 106, 63, 186, 194, 29, 192, 180, 121, 186, 181, 49,
       250, 253, 229, 144, 235, 155, 29, 185, 27, 142, 220, 110, 129,
       201, 155, 151, 17, 62, 47, 122, 247, 155, 208, 158, 127, 209, 12,
       199, 195, 8, 133, 18, 175, 51, 240, 51, 103, 236, 5, 79, 36, 175,
       243, 42, 196, 34, 43, 142, 40, 83, 137, 50, 127, 232, 245, 42, 75,
       18, 66, 169, 171, 124, 127, 241, 206, 124, 35, 75, 216, 19, 172,
       253, 170, 115, 231, 253, 84, 94, 220, 23, 250, 8, 3, 234, 186,
       123, 140, 165, 188, 183, 251, 86, 241, 153, 219, 67, 233, 164, 3,
       109, 253, 55, 120, 214, 230, 25, 135, 176, 69, 126, 140, 31, 207,
       219, 152, 45, 209, 244, 233, 182, 132, 63, 152, 240, 121, 55, 65,
       34, 136, 20, 3, 199, 64, 77, 100, 248, 15, 6, 8, 55, 16, 248, 137,
       6, 103, 204, 179, 20, 78, 176, 20, 138, 62, 89, 27, 115, 198, 230,
       226, 252, 150, 111, 17, 157, 232, 219, 182, 52, 185, 236, 238,
       223, 15, 135, 69, 247, 199, 230, 103, 174, 241, 94, 90, 93, 191,
       199, 181, 15, 199, 130, 234, 46, 185, 110, 155, 185, 246, 158,
       158, 86, 247, 172, 204, 182, 11, 239, 99, 231, 197, 230, 237, 38,
       253, 78, 83, 255, 203, 85, 12, 61, 219, 61, 244, 112, 203, 213,
       95, 75, 248, 87, 117, 252, 26, 219, 125, 222, 228, 93, 218, 150,
       250, 155, 50, 127, 183, 239, 223, 149, 117, 247, 143, 212, 244,
       154, 203, 238, 190, 147, 192, 188, 229, 183, 21, 195, 147, 109,
       239, 34, 65, 111, 251, 171, 145, 118, 221, 14, 253, 123, 231, 222,
       75, 181, 36, 165, 202, 49, 223, 99, 79, 244, 7, 239, 254, 85, 232,
       248, 230, 113, 113, 188, 164, 126, 202, 22, 238, 249, 186, 125,
       191, 60, 14, 167, 132, 127, 250, 240, 189, 98, 251, 96, 206, 127,
       145, 250, 224, 139, 76, 185, 175, 168, 222, 23, 132, 238, 241,
       223, 195, 198, 42, 238, 245, 55, 60, 138, 171, 85, 15, 127, 223,
       97, 175, 125, 101, 180, 15, 111, 183, 112, 170, 126, 76, 243, 33,
       144, 48, 25, 230, 108, 44, 249, 248, 229, 47, 238, 175, 37, 0,
       104, 250, 194, 40, 106, 163, 232, 3, 237, 121, 249, 79, 107, 125,
       61, 153, 138, 172, 222, 30, 137, 10, 238, 21, 150, 58, 230, 208,
       78, 93, 84, 255, 194, 206, 223, 196, 255, 83, 252, 108, 174, 19,
       222, 221, 67, 254, 180, 238, 75, 120, 215, 171, 127, 212, 253,
       243, 236, 103, 239, 152, 186, 203, 229, 191, 255, 252, 248, 95,
       53, 91, 75, 206, 126, 131, 66, 112, 196, 64, 241, 230, 115, 192,
       177, 96, 94, 232, 6, 110, 201, 163, 78, 61, 48, 44, 33, 152, 125,
       171, 112, 145, 73, 91, 63, 92, 109, 156, 117, 54, 237, 204, 118,
       100, 186, 152, 183, 231, 192, 98, 62, 76, 197, 169, 182, 233, 103,
       121, 102, 138, 90, 180, 121, 95, 41, 217, 63, 93, 225, 221, 253,
       183, 253, 89, 118, 108, 190, 61, 150, 53, 134, 51, 214, 72, 229,
       184, 112, 253, 103, 251, 116, 130, 90, 148, 195, 125, 169, 253,
       117, 85, 100, 95, 237, 55, 121, 234, 116, 92, 187, 29, 148, 177,
       142, 134, 87, 77, 225, 252, 245, 207, 103, 219, 116, 176, 79, 156,
       211, 253, 185, 78, 102, 205, 116, 18, 234, 112, 85, 200, 254, 230,
       115, 8, 183, 229, 126, 164, 54, 239, 237, 182, 101, 142, 54, 107,
       162, 128, 111, 175, 120, 133, 70, 123, 170, 178, 239, 144, 186,
       192, 175, 220, 148, 167, 172, 202, 127, 74, 230, 105, 255, 215,
       150, 65, 142, 224, 222, 81, 207, 235, 140, 55, 41, 215, 161, 240,
       227, 81, 116, 207, 239, 245, 127, 105, 114, 86, 115, 21, 156, 52,
