%YAML:1.0
---
descriptors: !!opencv-matrix
   rows: 143
   cols: 32
   dt: u
   data: [ 27, 95, 126, 252, 54, 150, 254, 119, 253, 200, 94, 231, 125,
       127, 183, 228, 102, 255, 151, 239, 229, 153, 52, 238, 246, 111,
       174, 128, 47, 246, 169, 221, 82, 206, 219, 222, 242, 162, 110,
       230, 49, 130, 218, 224, 117, 99, 128, 81, 127, 255, 4, 170, 105,
       219, 128, 111, 184, 166, 246, 136, 96, 240, 162, 40, 118, 233,
       104, 46, 28, 217, 66, 224, 131, 36, 168, 137, 99, 204, 87, 144,
       200, 226, 201, 71, 78, 35, 206, 61, 187, 213, 129, 57, 116, 11,
       94, 78, 8, 158, 123, 251, 114, 182, 57, 51, 60, 69, 111, 178, 253,
       255, 32, 224, 119, 59, 147, 144, 147, 152, 53, 223, 78, 239, 58,
       64, 184, 130, 37, 241, 61, 0, 219, 99, 180, 115, 74, 216, 69, 224,
       255, 202, 83, 126, 189, 244, 124, 220, 20, 250, 141, 179, 125,
       136, 178, 207, 129, 20, 255, 251, 120, 148, 59, 221, 105, 76, 189,
       87, 215, 255, 71, 232, 188, 42, 50, 61, 149, 52, 221, 210, 223,
       234, 201, 42, 123, 189, 123, 223, 165, 190, 127, 254, 214, 127,
       10, 223, 58, 188, 52, 156, 92, 183, 173, 13, 92, 229, 175, 175,
       162, 84, 134, 59, 141, 1, 202, 9, 34, 255, 227, 245, 186, 139, 54,
       148, 165, 89, 14, 234, 160, 155, 157, 213, 178, 206, 143, 23, 136,
       19, 140, 204, 126, 142, 201, 75, 235, 21, 22, 77, 218, 243, 15,
       84, 159, 127, 150, 28, 157, 206, 63, 146, 206, 156, 246, 22, 250,
       248, 21, 218, 215, 231, 73, 106, 191, 203, 255, 229, 183, 165,
       172, 215, 13, 204, 90, 127, 239, 132, 191, 236, 120, 85, 11, 159,
       18, 185, 180, 156, 248, 183, 191, 93, 28, 245, 173, 139, 246, 68,
       231, 35, 31, 157, 150, 8, 2, 215, 206, 221, 190, 206, 158, 132,
       185, 217, 33, 77, 115, 73, 116, 223, 239, 244, 85, 104, 248, 72,
       50, 28, 181, 180, 92, 170, 22, 108, 201, 186, 117, 190, 55, 28, 0,
       32, 91, 154, 114, 172, 35, 157, 21, 138, 188, 135, 135, 255, 207,
       65, 248, 230, 246, 117, 160, 164, 94, 42, 142, 109, 211, 43, 121,
       255, 168, 20, 7, 122, 95, 142, 145, 253, 36, 159, 35, 75, 213,
       239, 131, 226, 95, 73, 249, 78, 114, 216, 60, 32, 216, 42, 6, 113,
       159, 186, 120, 191, 45, 28, 129, 66, 221, 11, 212, 150, 250, 127,
       111, 108, 42, 211, 95, 54, 135, 204, 126, 231, 105, 207, 182, 112,
       6, 255, 245, 199, 204, 141, 167, 191, 98, 121, 173, 155, 103, 182,
       4, 93, 131, 42, 102, 137, 100, 152, 233, 18, 173, 29, 94, 231,
       141, 138, 247, 76, 110, 9, 63, 157, 210, 28, 70, 208, 6, 88, 186,
       192, 30, 141, 105, 157, 212, 103, 220, 103, 154, 14, 95, 184, 48,
       186, 175, 152, 87, 103, 219, 19, 55, 197, 125, 110, 232, 212, 201,
       42, 239, 235, 101, 149, 40, 243, 143, 1, 139, 154, 223, 187, 34,
       133, 56, 23, 191, 91, 82, 247, 188, 218, 170, 201, 230, 11, 191,
       149, 183, 220, 7, 241, 134, 123, 122, 130, 30, 132, 41, 223, 194,
       176, 158, 185, 9, 236, 49, 15, 190, 23, 134, 25, 172, 150, 66, 91,
       133, 51, 235, 1, 54, 77, 146, 211, 205, 211, 90, 123, 128, 64,
       175, 74, 3, 221, 55, 186, 189, 213, 188, 247, 143, 89, 24, 117,
       188, 158, 102, 224, 135, 51, 159, 21, 215, 9, 50, 247, 171, 28,
       30, 250, 28, 4, 169, 95, 2, 159, 18, 250, 151, 229, 178, 99, 158,
       13, 75, 35, 172, 250, 32, 192, 241, 59, 139, 17, 18, 137, 27, 255,
       185, 244, 26, 67, 144, 74, 45, 11, 66, 150, 189, 181, 168, 108,
       181, 15, 174, 191, 138, 117, 212, 190, 64, 75, 135, 87, 233, 17,
       146, 73, 195, 65, 205, 178, 127, 215, 128, 96, 133, 51, 196, 30,
       157, 181, 168, 46, 53, 159, 190, 251, 66, 117, 247, 55, 1, 75,
       135, 87, 109, 0, 177, 220, 211, 34, 205, 163, 127, 4, 136, 112,
       133, 59, 117, 224, 237, 107, 143, 27, 70, 216, 83, 182, 181, 138,
       67, 121, 221, 191, 89, 212, 124, 250, 233, 102, 255, 184, 187,
       203, 197, 61, 247, 251, 90, 36, 0, 157, 26, 184, 147, 237, 176,
       103, 190, 1, 72, 21, 188, 147, 32, 64, 167, 59, 11, 16, 19, 153,
       18, 119, 253, 148, 26, 75, 152, 0, 171, 155, 137, 128, 177, 219,
       149, 134, 233, 91, 94, 25, 243, 82, 153, 202, 60, 109, 125, 139,
       2, 157, 187, 252, 123, 215, 13, 254, 154, 68, 179, 8, 225, 164,
       61, 73, 234, 108, 76, 23, 199, 204, 196, 140, 252, 11, 83, 201,
       51, 64, 88, 236, 2, 110, 76, 163, 118, 40, 115, 173, 165, 29, 113,
       187, 120, 202, 222, 82, 246, 247, 39, 54, 120, 216, 63, 191, 215,
       247, 79, 239, 239, 223, 247, 221, 239, 130, 160, 215, 155, 194,
       214, 243, 251, 135, 175, 229, 41, 17, 164, 105, 185, 88, 205, 109,
       199, 207, 86, 250, 244, 8, 146, 213, 125, 44, 89, 200, 22, 90, 74,
       102, 122, 19, 107, 158, 37, 60, 211, 121, 214, 162, 160, 45, 185,
       92, 237, 105, 197, 239, 83, 186, 188, 8, 178, 245, 193, 63, 25,
       90, 102, 42, 104, 106, 234, 16, 127, 152, 101, 61, 82, 120, 70,
       234, 82, 104, 255, 213, 99, 240, 49, 70, 59, 151, 102, 178, 44,
       183, 69, 222, 163, 255, 165, 144, 2, 220, 162, 225, 23, 247, 94,
       3, 163, 112, 39, 239, 115, 93, 227, 76, 210, 6, 158, 255, 11, 201,
       248, 239, 18, 188, 117, 112, 252, 255, 21, 213, 157, 11, 180, 206,
       57, 60, 140, 254, 141, 118, 246, 127, 57, 157, 121, 77, 255, 95,
       215, 63, 71, 232, 252, 106, 51, 61, 148, 48, 220, 150, 215, 32,
       217, 186, 97, 191, 127, 221, 52, 179, 119, 206, 214, 127, 39, 189,
       51, 75, 245, 239, 131, 242, 223, 105, 120, 70, 242, 252, 60, 164,
       220, 58, 130, 113, 147, 187, 56, 191, 41, 28, 1, 114, 223, 15,
       213, 245, 43, 253, 99, 73, 117, 159, 230, 119, 93, 104, 124, 76,
       186, 152, 180, 164, 216, 170, 22, 77, 197, 186, 116, 255, 38, 28,
       133, 34, 95, 158, 218, 140, 194, 95, 22, 188, 57, 132, 94, 246,
       143, 28, 144, 101, 172, 143, 39, 83, 166, 115, 159, 69, 226, 11,
       18, 253, 242, 248, 26, 154, 26, 149, 41, 91, 91, 18, 206, 165, 54,
       22, 248, 56, 23, 232, 214, 231, 73, 42, 150, 207, 254, 205, 189,
       165, 141, 214, 69, 204, 154, 107, 251, 198, 45, 172, 120, 85, 8,
       159, 120, 73, 180, 249, 243, 191, 111, 13, 124, 32, 174, 115, 174,
       116, 182, 26, 134, 24, 146, 184, 34, 247, 110, 253, 32, 75, 210,
       138, 199, 229, 159, 84, 39, 191, 61, 215, 238, 120, 221, 194, 211,
       210, 220, 254, 185, 233, 254, 225, 255, 231, 237, 199, 63, 222,
       176, 122, 203, 134, 30, 189, 49, 213, 115, 148, 190, 236, 59, 54,
       155, 122, 139, 205, 156, 47, 104, 252, 38, 146, 221, 245, 253,
       149, 140, 11, 218, 207, 27, 127, 189, 159, 139, 102, 58, 87, 252,
       253, 189, 102, 137, 95, 86, 172, 211, 246, 172, 9, 83, 253, 73,
       51, 153, 214, 108, 114, 111, 99, 250, 58, 251, 207, 69, 61, 241,
       115, 198, 18, 195, 220, 55, 190, 107, 213, 188, 230, 143, 90, 208,
       19, 188, 222, 35, 239, 230, 115, 187, 193, 231, 79, 50, 253, 21,
       50, 218, 186, 16, 21, 37, 127, 196, 122, 254, 244, 108, 232, 181,
       82, 233, 158, 52, 232, 159, 253, 225, 26, 174, 113, 231, 67, 128,
       125, 130, 224, 70, 145, 102, 171, 196, 249, 71, 147, 174, 40, 245,
       193, 237, 233, 225, 192, 207, 185, 113, 50, 158, 153, 197, 47,
       203, 40, 23, 24, 19, 118, 234, 208, 13, 216, 231, 230, 215, 123,
       84, 167, 223, 21, 167, 165, 172, 54, 236, 191, 108, 250, 218, 198,
       221, 46, 145, 235, 247, 199, 125, 175, 237, 209, 255, 136, 184,
       106, 239, 132, 172, 244, 49, 117, 24, 147, 123, 73, 183, 219, 251,
       254, 127, 69, 124, 166, 47, 175, 174, 116, 54, 27, 134, 88, 146,
       184, 53, 223, 127, 253, 0, 71, 247, 140, 229, 255, 139, 128, 149,
       187, 23, 150, 232, 159, 127, 91, 82, 82, 253, 74, 56, 233, 103,
       139, 58, 157, 183, 220, 55, 215, 135, 122, 218, 64, 30, 4, 161,
       172, 99, 221, 46, 190, 92, 135, 222, 254, 26, 236, 152, 79, 253,
       200, 54, 1, 254, 231, 55, 207, 198, 107, 30, 253, 121, 63, 159,
       184, 29, 28, 121, 216, 43, 172, 0, 155, 213, 189, 250, 199, 31,
       41, 88, 19, 172, 200, 54, 132, 217, 43, 147, 21, 54, 188, 90, 255,
