%YAML:1.0
---
descriptors: !!opencv-matrix
   rows: 161
   cols: 32
   dt: u
   data: [ 39, 166, 96, 203, 212, 177, 170, 73, 86, 37, 93, 151, 64, 200,
       254, 0, 93, 138, 147, 149, 150, 50, 76, 215, 14, 28, 155, 237,
       157, 78, 248, 196, 221, 78, 222, 164, 44, 42, 91, 24, 184, 130,
       182, 241, 223, 227, 209, 91, 247, 245, 125, 254, 40, 69, 131, 10,
       210, 235, 227, 140, 172, 241, 41, 1, 32, 143, 107, 222, 84, 131,
       167, 245, 84, 0, 94, 226, 113, 225, 176, 96, 88, 106, 2, 106, 243,
       186, 108, 63, 100, 46, 167, 0, 21, 186, 240, 168, 130, 136, 150,
       159, 77, 229, 56, 67, 30, 23, 65, 19, 172, 242, 32, 72, 193, 59,
       163, 0, 34, 220, 91, 243, 13, 54, 90, 11, 144, 72, 45, 138, 19,
       83, 99, 133, 114, 82, 239, 240, 36, 232, 94, 230, 89, 6, 151, 100,
       54, 197, 23, 239, 197, 144, 37, 204, 52, 40, 171, 132, 45, 183,
       113, 125, 66, 182, 174, 190, 141, 228, 181, 79, 158, 31, 129, 51,
       172, 254, 106, 75, 225, 19, 251, 145, 50, 75, 155, 241, 209, 23,
       223, 187, 144, 64, 181, 90, 101, 92, 109, 65, 92, 127, 67, 158,
       71, 248, 190, 12, 211, 57, 149, 123, 89, 196, 126, 126, 169, 114,
       125, 28, 111, 171, 229, 116, 253, 251, 80, 120, 213, 162, 158,
       186, 172, 189, 88, 221, 171, 27, 129, 92, 207, 226, 72, 159, 167,
       3, 108, 31, 182, 71, 158, 115, 152, 211, 127, 120, 136, 130, 139,
       5, 17, 205, 75, 234, 149, 195, 207, 229, 4, 64, 202, 130, 115,
       227, 48, 96, 122, 170, 26, 237, 89, 171, 28, 255, 249, 173, 142,
       88, 53, 138, 240, 40, 25, 144, 191, 245, 53, 239, 121, 115, 125,
       99, 102, 18, 189, 55, 32, 96, 227, 31, 59, 136, 49, 156, 49, 207,
       223, 255, 26, 64, 146, 8, 37, 186, 39, 113, 255, 128, 239, 116,
       188, 208, 137, 93, 92, 231, 156, 158, 126, 43, 206, 91, 147, 211,
       151, 83, 182, 224, 31, 24, 206, 239, 157, 93, 183, 215, 70, 234,
       150, 146, 203, 185, 190, 204, 158, 183, 129, 155, 204, 234, 111,
       15, 235, 123, 235, 211, 22, 71, 138, 241, 31, 18, 95, 127, 146,
       127, 175, 134, 82, 187, 18, 136, 59, 208, 26, 232, 47, 45, 201,
       231, 12, 142, 38, 212, 246, 153, 143, 241, 30, 11, 136, 215, 186,
       52, 138, 255, 26, 6, 45, 23, 2, 157, 182, 158, 211, 228, 188, 231,
       190, 87, 74, 19, 172, 254, 38, 73, 231, 123, 179, 129, 54, 216,
       26, 245, 45, 54, 222, 67, 144, 85, 165, 222, 246, 101, 224, 238,
       237, 113, 222, 232, 139, 254, 189, 171, 74, 253, 127, 182, 219,
       219, 223, 227, 236, 103, 234, 250, 59, 92, 141, 191, 87, 127, 254,
       215, 58, 207, 106, 222, 52, 149, 111, 247, 149, 12, 222, 135, 41,
       175, 182, 64, 108, 187, 151, 204, 216, 155, 52, 255, 243, 101,
       186, 193, 55, 140, 244, 253, 45, 255, 117, 69, 244, 127, 239, 188,
       127, 234, 122, 100, 251, 116, 157, 164, 95, 94, 54, 110, 161, 240,
       125, 254, 44, 158, 39, 132, 207, 251, 67, 245, 6, 148, 146, 155,
       19, 228, 186, 72, 30, 1, 91, 147, 204, 254, 40, 64, 247, 27, 147,
       149, 18, 148, 24, 247, 13, 54, 26, 195, 148, 71, 45, 147, 217,
       188, 151, 58, 169, 188, 68, 151, 255, 83, 162, 92, 254, 242, 64,
       255, 129, 103, 108, 29, 63, 109, 219, 115, 152, 250, 87, 90, 202,
       68, 139, 28, 243, 190, 132, 23, 137, 189, 76, 159, 251, 251, 134,
       93, 227, 224, 94, 223, 133, 230, 232, 29, 191, 79, 223, 34, 138,
       250, 213, 122, 138, 92, 218, 92, 82, 115, 18, 188, 11, 192, 184,
       72, 174, 20, 192, 163, 236, 222, 111, 66, 246, 57, 235, 241, 70,
       3, 138, 213, 209, 32, 139, 191, 21, 6, 45, 219, 2, 151, 18, 138,
       151, 226, 178, 105, 30, 5, 89, 163, 236, 126, 42, 64, 255, 27,
       131, 163, 18, 136, 9, 223, 45, 52, 138, 195, 20, 14, 173, 147,
       160, 88, 122, 91, 118, 195, 179, 208, 92, 12, 117, 50, 16, 215,
       167, 100, 122, 56, 3, 250, 162, 180, 40, 127, 103, 13, 34, 65, 83,
       137, 100, 235, 254, 115, 102, 138, 203, 85, 158, 200, 139, 222,
       153, 175, 76, 206, 127, 139, 254, 209, 255, 231, 198, 99, 190,
       240, 51, 88, 207, 191, 23, 127, 165, 215, 227, 188, 164, 23, 141,
       63, 204, 191, 219, 247, 134, 157, 227, 104, 86, 175, 129, 102,
       248, 45, 189, 109, 255, 170, 139, 123, 221, 52, 142, 124, 216, 92,
       213, 166, 156, 184, 168, 45, 72, 155, 234, 59, 129, 93, 215, 194,
       74, 155, 129, 3, 108, 29, 190, 69, 219, 17, 152, 147, 119, 124,
       136, 65, 139, 0, 197, 162, 140, 53, 140, 60, 64, 155, 238, 251,
       131, 93, 195, 232, 90, 91, 133, 198, 104, 31, 191, 101, 223, 3,
       136, 227, 127, 84, 200, 101, 219, 20, 229, 32, 172, 53, 140, 63,
       140, 171, 70, 243, 131, 157, 211, 108, 90, 11, 205, 70, 121, 63,
       189, 196, 255, 32, 204, 107, 255, 20, 140, 237, 216, 84, 215, 247,
       168, 167, 168, 37, 31, 152, 18, 254, 137, 173, 195, 238, 91, 10,
       149, 197, 125, 247, 254, 71, 239, 50, 234, 199, 239, 189, 156,
       243, 23, 82, 116, 103, 136, 174, 232, 43, 94, 184, 18, 174, 189,
       173, 199, 105, 203, 27, 149, 205, 237, 119, 172, 66, 203, 42, 250,
       231, 109, 189, 160, 251, 14, 83, 39, 213, 57, 152, 92, 197, 151,
       234, 30, 83, 200, 15, 244, 252, 44, 97, 221, 91, 51, 67, 199, 34,
       122, 119, 109, 14, 223, 60, 16, 89, 181, 218, 138, 186, 144, 153,
       241, 185, 176, 151, 31, 63, 80, 245, 172, 168, 198, 140, 135, 27,
       167, 17, 182, 124, 66, 247, 14, 86, 62, 227, 146, 76, 141, 143, 8,
       237, 18, 120, 249, 205, 117, 246, 191, 25, 108, 16, 190, 183, 8,
       212, 161, 27, 199, 8, 114, 40, 18, 247, 239, 255, 16, 107, 82,
       148, 207, 171, 161, 103, 93, 101, 116, 11, 105, 52, 113, 160, 118,
       64, 179, 1, 144, 49, 90, 172, 70, 108, 233, 188, 69, 12, 102, 169,
       32, 0, 109, 168, 74, 169, 85, 227, 136, 160, 184, 9, 86, 221, 42,
       45, 153, 237, 135, 162, 74, 80, 182, 129, 108, 84, 158, 11, 207,
       0, 250, 197, 37, 253, 168, 146, 139, 3, 59, 95, 251, 231, 246, 16,
       254, 244, 101, 200, 254, 230, 123, 125, 181, 96, 126, 249, 23,
       200, 201, 178, 37, 234, 118, 237, 166, 136, 103, 191, 114, 249,
       96, 98, 78, 173, 44, 15, 80, 24, 37, 172, 230, 77, 131, 129, 2,
       80, 200, 132, 236, 100, 12, 178, 193, 8, 198, 225, 32, 17, 104,
       136, 90, 0, 153, 83, 104, 197, 102, 86, 253, 48, 100, 236, 86,
       166, 121, 31, 151, 97, 126, 180, 23, 239, 193, 144, 37, 204, 103,
       233, 234, 128, 47, 178, 116, 241, 181, 77, 110, 225, 54, 131, 235,
       240, 69, 232, 255, 230, 83, 9, 181, 97, 126, 228, 23, 255, 137,
       179, 45, 140, 250, 233, 167, 196, 109, 187, 112, 209, 134, 180,
       190, 219, 219, 229, 176, 200, 158, 27, 81, 19, 204, 222, 108, 73,
       245, 27, 147, 147, 50, 68, 26, 243, 13, 18, 90, 239, 144, 79, 165,
       215, 210, 243, 150, 186, 171, 153, 20, 239, 187, 29, 176, 185,
       174, 142, 238, 159, 167, 147, 239, 17, 118, 75, 130, 241, 186,
       211, 126, 255, 146, 20, 143, 79, 8, 132, 63, 241, 49, 232, 49, 39,
       189, 13, 118, 50, 188, 55, 0, 104, 227, 59, 191, 128, 50, 156, 97,
       199, 207, 247, 58, 195, 130, 0, 165, 235, 49, 141, 2, 234, 21,
       199, 71, 103, 213, 8, 220, 2, 115, 243, 48, 96, 120, 170, 22, 232,
       122, 187, 40, 191, 249, 237, 130, 73, 49, 10, 240, 42, 254, 126,
       224, 101, 119, 91, 94, 248, 113, 238, 247, 187, 75, 125, 151, 189,
       127, 228, 245, 110, 236, 246, 237, 142, 251, 255, 69, 151, 103,
       255, 94, 119, 41, 165, 113, 203, 253, 213, 196, 255, 95, 97, 120,
       66, 170, 220, 60, 164, 216, 26, 146, 17, 223, 42, 122, 149, 47,
       93, 148, 126, 87, 14, 216, 140, 254, 100, 226, 238, 255, 115, 222,
       232, 155, 166, 189, 187, 74, 253, 127, 182, 251, 213, 223, 227,
       236, 103, 234, 254, 59, 95, 205, 191, 247, 127, 94, 199, 2, 201,
       190, 191, 155, 192, 184, 236, 190, 21, 66, 179, 236, 254, 42, 75,
       227, 123, 187, 209, 54, 201, 11, 245, 9, 54, 222, 203, 148, 22,
       165, 222, 2, 158, 6, 189, 50, 162, 40, 119, 148, 73, 90, 247, 181,
       227, 162, 65, 119, 43, 31, 141, 51, 153, 1, 223, 236, 38, 186,
