%YAML:1.0
---
descriptors: !!opencv-matrix
   rows: 148
   cols: 32
   dt: u
   data: [ 43, 50, 225, 193, 117, 95, 217, 91, 65, 109, 252, 239, 27, 29,
       150, 164, 94, 156, 151, 189, 141, 186, 117, 142, 87, 221, 160,
       213, 239, 140, 94, 119, 31, 93, 110, 173, 127, 215, 255, 114, 157,
       204, 222, 167, 93, 255, 183, 100, 254, 249, 191, 231, 132, 179,
       55, 204, 119, 127, 170, 131, 183, 255, 117, 247, 57, 65, 103, 77,
       84, 95, 230, 112, 69, 96, 250, 70, 83, 24, 180, 228, 120, 140, 22,
       239, 205, 178, 117, 140, 52, 40, 32, 0, 127, 190, 120, 164, 43,
       91, 98, 222, 101, 217, 255, 125, 93, 76, 124, 167, 41, 205, 182,
       164, 254, 186, 151, 207, 199, 186, 102, 255, 54, 125, 178, 171,
       87, 158, 254, 253, 95, 182, 250, 193, 227, 118, 61, 219, 59, 255,
       94, 246, 29, 190, 255, 254, 183, 221, 191, 156, 135, 213, 189,
       194, 222, 125, 255, 230, 174, 244, 175, 245, 161, 5, 125, 101,
       180, 78, 111, 51, 116, 234, 126, 8, 211, 49, 149, 48, 122, 244,
       110, 40, 233, 184, 117, 14, 231, 175, 100, 0, 101, 248, 82, 169,
       122, 249, 58, 250, 153, 221, 19, 204, 171, 29, 164, 9, 46, 223,
       98, 20, 160, 187, 207, 80, 26, 11, 186, 177, 219, 213, 23, 123,
       210, 2, 175, 79, 130, 140, 2, 223, 81, 246, 42, 67, 31, 15, 70,
       18, 236, 214, 32, 228, 249, 43, 147, 144, 50, 156, 35, 255, 39,
       54, 154, 195, 146, 4, 37, 174, 170, 164, 162, 233, 213, 243, 178,
       79, 94, 3, 120, 18, 168, 200, 52, 160, 217, 59, 147, 17, 182, 190,
       68, 223, 13, 95, 26, 99, 213, 78, 253, 142, 222, 16, 191, 255,
       171, 230, 25, 18, 172, 218, 135, 117, 221, 255, 41, 107, 231, 117,
       253, 147, 177, 197, 59, 192, 195, 243, 123, 146, 136, 117, 37,
       115, 159, 234, 107, 255, 70, 131, 169, 88, 31, 106, 85, 214, 57,
       207, 253, 40, 63, 171, 23, 141, 243, 190, 46, 251, 86, 79, 251,
       160, 61, 140, 33, 224, 161, 181, 115, 67, 246, 207, 239, 117, 117,
       105, 127, 126, 115, 21, 156, 52, 126, 190, 22, 232, 243, 186, 117,
       255, 111, 62, 36, 192, 111, 136, 246, 241, 218, 125, 123, 252,
       123, 208, 183, 101, 173, 194, 206, 163, 124, 255, 38, 114, 166,
       121, 251, 161, 97, 139, 178, 207, 243, 229, 79, 139, 36, 54, 165,
       251, 52, 221, 89, 234, 116, 135, 71, 248, 4, 8, 124, 74, 115, 83,
       40, 48, 92, 248, 22, 106, 75, 178, 88, 61, 119, 141, 165, 44, 113,
       155, 242, 169, 188, 11, 111, 232, 36, 194, 239, 113, 197, 64, 215,
       226, 83, 15, 176, 97, 126, 176, 31, 234, 249, 179, 37, 140, 242,
       235, 234, 128, 55, 171, 244, 112, 74, 249, 182, 190, 203, 216,
       180, 231, 175, 85, 74, 163, 172, 254, 38, 194, 162, 115, 251, 145,
       86, 137, 178, 245, 191, 119, 30, 67, 2, 20, 173, 94, 57, 173, 122,
       109, 116, 219, 123, 127, 115, 13, 124, 42, 51, 45, 150, 48, 122,
       186, 6, 40, 206, 186, 100, 31, 119, 205, 32, 33, 103, 202, 110,
       235, 63, 86, 233, 78, 118, 82, 223, 216, 65, 64, 253, 234, 121,
       77, 189, 180, 126, 220, 149, 238, 203, 178, 237, 235, 114, 109,
       165, 140, 127, 255, 250, 245, 13, 122, 127, 241, 110, 169, 249,
       80, 239, 217, 127, 230, 157, 207, 241, 107, 110, 41, 63, 157, 129,
       240, 174, 208, 70, 217, 235, 168, 191, 152, 33, 241, 31, 54, 230,
       101, 37, 54, 120, 26, 117, 194, 95, 246, 73, 205, 223, 239, 127,
       252, 189, 174, 173, 244, 189, 138, 6, 251, 227, 132, 47, 231, 120,
       213, 79, 19, 167, 133, 226, 126, 173, 23, 42, 255, 31, 244, 221,
       38, 202, 254, 55, 71, 254, 188, 145, 216, 165, 64, 204, 39, 126,
       196, 142, 228, 139, 241, 185, 254, 98, 95, 113, 221, 83, 240, 113,
       76, 244, 175, 42, 212, 167, 181, 108, 232, 198, 70, 239, 191, 124,
       191, 51, 217, 32, 187, 115, 159, 126, 223, 75, 158, 119, 110, 50,
       174, 123, 51, 169, 77, 123, 245, 124, 63, 148, 112, 166, 183, 221,
       36, 181, 153, 33, 207, 118, 127, 32, 194, 142, 134, 166, 123, 27,
       207, 111, 190, 178, 130, 47, 119, 181, 64, 222, 231, 61, 175, 178,
       96, 102, 251, 23, 205, 245, 153, 36, 239, 242, 111, 190, 128, 63,
       214, 161, 121, 254, 124, 242, 228, 239, 246, 218, 208, 217, 238,
       180, 171, 13, 63, 215, 175, 174, 245, 213, 247, 172, 242, 252,
       234, 155, 219, 207, 183, 239, 247, 95, 215, 90, 20, 238, 54, 11,
       112, 217, 138, 207, 87, 159, 159, 74, 236, 127, 111, 169, 215,
       253, 133, 140, 97, 191, 193, 211, 123, 217, 159, 215, 125, 124,
       94, 57, 223, 107, 254, 126, 145, 207, 244, 213, 72, 252, 230, 115,
       201, 180, 97, 126, 234, 23, 207, 233, 171, 110, 189, 114, 233,
       174, 136, 127, 154, 240, 185, 250, 249, 41, 186, 91, 209, 83, 204,
       131, 116, 132, 169, 63, 159, 98, 16, 142, 219, 221, 209, 74, 79,
       186, 181, 251, 209, 141, 251, 119, 20, 134, 122, 89, 248, 56, 250,
       121, 221, 82, 246, 47, 77, 124, 12, 62, 223, 98, 176, 165, 251,
       151, 80, 71, 58, 58, 247, 251, 221, 20, 107, 26, 2, 75, 91, 14,
       148, 240, 234, 255, 117, 216, 89, 79, 125, 61, 179, 205, 255, 126,
       205, 255, 155, 151, 179, 150, 39, 57, 209, 187, 220, 143, 239,
       151, 206, 253, 215, 60, 81, 98, 231, 53, 86, 122, 240, 69, 236,
       247, 2, 75, 31, 159, 228, 126, 220, 149, 234, 204, 176, 117, 140,
       87, 233, 162, 133, 103, 175, 124, 211, 166, 140, 214, 147, 252,
       137, 238, 237, 251, 147, 168, 83, 228, 235, 125, 73, 251, 243, 74,
       183, 118, 103, 74, 251, 188, 30, 79, 42, 149, 120, 99, 132, 171,
       213, 98, 205, 221, 23, 237, 255, 87, 226, 220, 2, 56, 188, 183,
       229, 121, 138, 159, 173, 253, 187, 117, 222, 63, 95, 143, 157,
       183, 252, 248, 252, 130, 156, 178, 159, 181, 183, 190, 230, 95,
       142, 94, 50, 172, 250, 32, 100, 255, 123, 147, 131, 246, 188, 26,
       239, 111, 118, 158, 203, 150, 109, 181, 159, 46, 93, 50, 158, 245,
       245, 190, 224, 31, 204, 121, 15, 232, 252, 55, 64, 223, 123, 147,
       83, 134, 178, 90, 255, 63, 126, 143, 235, 215, 127, 125, 215, 139,
       27, 113, 213, 98, 216, 185, 54, 57, 204, 118, 245, 188, 78, 151,
       231, 6, 63, 183, 13, 165, 220, 246, 204, 6, 121, 122, 130, 14,
       132, 11, 253, 11, 146, 120, 218, 123, 85, 153, 125, 7, 93, 213,
       183, 124, 95, 254, 164, 222, 27, 151, 157, 151, 2, 127, 213, 91,
       93, 58, 235, 159, 134, 173, 255, 126, 49, 170, 170, 143, 112, 157,
       15, 139, 245, 157, 191, 15, 188, 127, 74, 232, 247, 253, 145, 30,
       43, 186, 194, 219, 117, 159, 251, 133, 110, 245, 86, 175, 178,
       233, 65, 254, 127, 155, 152, 3, 124, 149, 191, 219, 93, 223, 60,
       95, 220, 215, 127, 155, 82, 253, 144, 78, 89, 169, 246, 191, 239,
       86, 117, 41, 250, 123, 96, 116, 221, 123, 254, 123, 77, 124, 108,
       63, 151, 202, 52, 63, 136, 23, 92, 195, 62, 178, 245, 127, 221,
       52, 236, 90, 146, 198, 251, 185, 223, 111, 254, 254, 129, 207,
       252, 213, 72, 252, 230, 115, 233, 188, 32, 126, 234, 22, 239, 235,
       43, 46, 191, 114, 239, 174, 200, 127, 154, 240, 249, 57, 247, 105,
       73, 126, 147, 203, 254, 87, 105, 252, 230, 59, 45, 180, 36, 126,
       154, 23, 252, 223, 186, 109, 159, 122, 77, 165, 244, 127, 158,
       240, 253, 47, 56, 242, 244, 231, 254, 250, 80, 249, 238, 54, 171,
       77, 221, 247, 190, 190, 245, 213, 215, 132, 247, 180, 232, 219,
       95, 205, 131, 231, 247, 95, 215, 202, 94, 242, 222, 111, 212, 190,
       198, 169, 78, 212, 171, 44, 254, 55, 223, 238, 243, 255, 199, 228,
       7, 162, 235, 55, 123, 202, 139, 87, 117, 47, 223, 246, 197, 82,
       135, 221, 75, 254, 228, 61, 166, 251, 11, 78, 122, 44, 212, 248,
       213, 207, 227, 108, 183, 89, 238, 181, 158, 143, 23, 21, 127, 239,
       134, 138, 218, 54, 159, 103, 212, 190, 230, 173, 94, 84, 35, 172,
       174, 55, 199, 238, 123, 179, 195, 70, 95, 178, 225, 55, 112, 222,
       139, 23, 93, 45, 223, 170, 245, 100, 216, 127, 221, 253, 236, 207,
       124, 16, 175, 40, 222, 22, 165, 174, 177, 215, 229, 230, 111, 118,
       253, 63, 88, 143, 251, 87, 28, 223, 223, 138, 253, 54, 147, 245,
