%YAML:1.0
---
descriptors: !!opencv-matrix
   rows: 251
   cols: 32
   dt: u
   data: [ 91, 151, 69, 141, 163, 62, 41, 51, 45, 96, 14, 245, 237, 39,
       146, 247, 38, 7, 252, 172, 181, 152, 117, 205, 142, 122, 90, 194,
       46, 132, 137, 125, 64, 217, 27, 222, 29, 212, 182, 166, 206, 0,
       206, 2, 180, 208, 33, 224, 192, 122, 186, 67, 71, 41, 242, 253,
       103, 53, 154, 27, 16, 25, 61, 138, 187, 71, 96, 12, 118, 27, 206,
       105, 89, 226, 249, 206, 107, 72, 151, 181, 30, 173, 86, 239, 236,
       182, 77, 159, 50, 88, 1, 52, 127, 190, 90, 132, 86, 101, 82, 174,
       147, 107, 30, 104, 61, 162, 163, 170, 207, 102, 13, 189, 62, 253,
       206, 226, 125, 147, 140, 220, 176, 230, 143, 187, 169, 115, 175,
       22, 91, 4, 103, 133, 19, 118, 105, 58, 37, 96, 207, 134, 73, 38,
       158, 245, 54, 133, 189, 172, 189, 145, 53, 204, 179, 127, 202,
       198, 47, 230, 40, 116, 11, 207, 98, 156, 95, 145, 174, 231, 205,
       64, 88, 199, 40, 136, 182, 224, 110, 171, 147, 197, 199, 186, 38,
       253, 52, 60, 158, 139, 31, 156, 184, 221, 34, 180, 186, 201, 245,
       231, 179, 207, 94, 13, 124, 2, 168, 252, 126, 32, 249, 59, 147,
       17, 146, 186, 48, 223, 125, 159, 159, 75, 213, 74, 245, 234, 216,
       141, 156, 190, 9, 125, 16, 138, 158, 55, 132, 25, 175, 179, 107,
       203, 129, 211, 237, 0, 42, 107, 218, 179, 209, 243, 90, 63, 144,
       77, 13, 26, 235, 163, 210, 68, 225, 30, 112, 103, 251, 185, 119,
       92, 10, 168, 222, 183, 164, 142, 230, 44, 245, 123, 130, 192, 30,
       120, 80, 239, 74, 132, 202, 5, 127, 29, 102, 70, 19, 86, 94, 112,
       161, 198, 143, 135, 73, 110, 55, 247, 190, 229, 253, 239, 252,
       131, 188, 206, 51, 127, 201, 131, 47, 231, 122, 86, 126, 174, 228,
       22, 95, 251, 210, 99, 203, 244, 173, 191, 42, 172, 86, 150, 137,
       164, 235, 23, 188, 111, 238, 202, 31, 95, 193, 123, 231, 111, 94,
       214, 208, 157, 159, 190, 131, 228, 53, 39, 188, 27, 74, 49, 252,
       243, 32, 82, 163, 119, 120, 0, 48, 137, 2, 111, 241, 167, 122, 11,
       144, 96, 161, 43, 65, 16, 189, 117, 48, 206, 113, 55, 124, 105,
       226, 16, 182, 29, 0, 123, 192, 53, 104, 8, 49, 252, 113, 5, 197,
       190, 80, 64, 64, 0, 65, 58, 222, 63, 254, 100, 163, 118, 159, 241,
       169, 238, 191, 175, 74, 189, 247, 55, 183, 245, 221, 231, 252,
       211, 188, 202, 123, 127, 205, 183, 231, 247, 46, 87, 126, 188,
       232, 216, 223, 85, 147, 234, 139, 254, 188, 191, 10, 252, 119, 63,
       173, 209, 215, 17, 190, 107, 186, 243, 91, 95, 157, 255, 215, 109,
       94, 223, 179, 105, 11, 190, 80, 132, 110, 114, 181, 140, 232, 69,
       61, 203, 33, 208, 236, 235, 23, 198, 109, 139, 18, 111, 177, 229,
       170, 8, 33, 51, 34, 200, 80, 249, 94, 254, 34, 192, 52, 231, 184,
       1, 202, 35, 61, 191, 32, 81, 162, 247, 249, 193, 82, 201, 146,
       109, 241, 167, 126, 3, 44, 16, 167, 27, 80, 153, 254, 126, 130,
       192, 55, 231, 172, 21, 238, 33, 60, 247, 32, 112, 162, 179, 123,
       192, 82, 155, 18, 117, 243, 165, 110, 3, 48, 18, 167, 58, 17, 92,
       75, 254, 54, 167, 107, 242, 148, 10, 218, 230, 113, 247, 177, 96,
       126, 186, 31, 138, 171, 187, 24, 255, 241, 239, 162, 128, 61, 219,
       112, 185, 166, 181, 56, 234, 189, 253, 82, 233, 11, 61, 173, 25,
       206, 92, 14, 144, 221, 147, 223, 49, 126, 43, 122, 215, 251, 221,
       133, 127, 210, 14, 206, 86, 77, 129, 129, 39, 9, 62, 74, 152, 98,
       233, 139, 204, 217, 98, 217, 210, 21, 197, 124, 254, 153, 64, 223,
       34, 140, 239, 239, 212, 138, 183, 0, 16, 247, 167, 224, 2, 219,
       25, 178, 201, 171, 181, 173, 174, 8, 236, 207, 150, 63, 206, 192,
       80, 54, 107, 172, 226, 62, 84, 5, 255, 231, 230, 142, 207, 107,
       143, 102, 28, 117, 152, 252, 39, 233, 29, 126, 159, 168, 232, 182,
       183, 204, 162, 246, 141, 214, 42, 230, 229, 38, 121, 218, 203, 79,
       140, 250, 206, 188, 180, 56, 235, 253, 127, 82, 185, 87, 125, 189,
       25, 203, 125, 94, 185, 217, 154, 149, 48, 190, 98, 121, 151, 203,
       223, 129, 127, 243, 207, 222, 210, 90, 62, 38, 252, 25, 164, 89,
       18, 161, 140, 228, 5, 169, 47, 17, 95, 196, 243, 205, 156, 168,
       203, 210, 236, 211, 241, 154, 8, 130, 133, 38, 120, 133, 62, 147,
       247, 160, 166, 107, 80, 252, 202, 82, 100, 253, 211, 161, 235,
       230, 109, 62, 122, 161, 212, 160, 106, 132, 186, 42, 128, 136,
       241, 33, 169, 102, 176, 191, 184, 233, 228, 152, 75, 171, 247,
       153, 57, 204, 254, 76, 10, 235, 151, 123, 145, 18, 75, 155, 208,
       217, 54, 223, 127, 132, 0, 167, 83, 208, 67, 223, 172, 50, 192,
       61, 101, 164, 132, 242, 161, 117, 207, 32, 80, 54, 185, 237, 193,
       72, 153, 130, 77, 240, 225, 46, 137, 36, 178, 167, 59, 82, 74,
       222, 244, 50, 192, 176, 230, 188, 140, 146, 163, 47, 191, 35, 11,
       166, 247, 237, 193, 36, 201, 130, 108, 218, 227, 126, 131, 229,
       49, 47, 11, 92, 114, 148, 37, 170, 46, 45, 156, 58, 186, 2, 237,
       223, 35, 73, 91, 55, 69, 109, 36, 193, 85, 137, 0, 204, 163, 109,
       180, 168, 240, 1, 17, 164, 207, 167, 159, 92, 139, 167, 232, 134,
       148, 219, 199, 98, 233, 57, 66, 88, 102, 107, 111, 200, 183, 11,
       191, 60, 38, 69, 20, 85, 191, 112, 224, 228, 161, 232, 90, 217,
       121, 83, 137, 211, 245, 173, 25, 66, 229, 95, 30, 89, 206, 224,
       124, 62, 98, 254, 51, 111, 25, 5, 125, 211, 237, 222, 214, 214,
       32, 210, 164, 18, 75, 74, 104, 61, 160, 226, 186, 79, 102, 45,
       244, 126, 189, 206, 224, 45, 151, 5, 206, 144, 166, 203, 191, 169,
       34, 47, 22, 56, 238, 108, 47, 92, 243, 218, 238, 86, 228, 236,
       139, 99, 109, 18, 1, 89, 202, 195, 231, 142, 235, 111, 61, 123,
       15, 197, 117, 117, 159, 126, 202, 1, 204, 55, 94, 45, 204, 165,
       166, 236, 26, 122, 64, 252, 245, 44, 111, 161, 114, 42, 74, 195,
       41, 58, 117, 37, 186, 86, 10, 80, 90, 225, 168, 117, 173, 156, 62,
       140, 173, 148, 239, 250, 187, 248, 8, 227, 248, 23, 27, 201, 239,
       110, 17, 30, 107, 206, 53, 185, 183, 87, 123, 209, 120, 234, 14,
       107, 159, 84, 89, 207, 189, 176, 231, 123, 25, 124, 30, 40, 56,
       86, 181, 167, 139, 162, 20, 182, 56, 54, 245, 30, 89, 80, 111,
       219, 12, 235, 143, 250, 88, 238, 124, 21, 214, 90, 178, 177, 196,
       198, 7, 107, 95, 55, 245, 204, 245, 189, 205, 236, 207, 118, 239,
       211, 127, 216, 11, 39, 181, 124, 94, 53, 29, 79, 254, 180, 166,
       111, 115, 148, 8, 223, 102, 113, 243, 177, 96, 126, 186, 31, 170,
       187, 155, 24, 255, 240, 239, 162, 128, 188, 251, 240, 177, 127,
       251, 178, 54, 219, 244, 82, 212, 171, 221, 189, 61, 42, 252, 79,
       182, 189, 255, 245, 215, 158, 99, 186, 226, 59, 93, 5, 251, 227,
       119, 238, 215, 190, 255, 114, 67, 155, 251, 214, 204, 103, 228,
       173, 175, 75, 200, 79, 148, 58, 202, 192, 114, 78, 177, 60, 191,
       58, 221, 5, 119, 107, 223, 206, 198, 60, 239, 80, 67, 179, 27,
       246, 248, 101, 162, 124, 168, 75, 97, 143, 180, 59, 200, 196, 106,
       228, 178, 109, 190, 58, 221, 5, 55, 115, 255, 202, 133, 0, 159,
       25, 249, 189, 201, 17, 175, 94, 13, 72, 48, 166, 177, 32, 96, 209,
       26, 138, 0, 114, 184, 99, 55, 237, 151, 18, 123, 16, 8, 133, 171,
       42, 188, 187, 217, 245, 231, 179, 223, 95, 79, 92, 22, 188, 252,
       118, 32, 253, 59, 19, 17, 179, 190, 114, 255, 29, 30, 159, 110,
       213, 72, 245, 251, 60, 249, 80, 42, 121, 205, 82, 232, 3, 172,
       185, 9, 47, 219, 104, 144, 216, 249, 197, 114, 78, 43, 88, 189,
       251, 221, 5, 127, 115, 15, 78, 138, 42, 173, 96, 203, 87, 181,
       250, 75, 95, 1, 125, 10, 40, 201, 190, 164, 123, 170, 147, 157,
       150, 58, 126, 247, 127, 92, 129, 105, 247, 142, 252, 166, 143,
       220, 6, 155, 213, 183, 238, 246, 95, 115, 90, 87, 200, 232, 191,
       237, 249, 106, 50, 159, 247, 244, 93, 255, 46, 30, 223, 198, 159,
       93, 248, 148, 104, 114, 153, 101, 42, 41, 21, 159, 42, 190, 170,
       104, 151, 51, 193, 90, 135, 84, 108, 16, 10, 82, 195, 0, 197, 164,
