%YAML:1.0
---
descriptors: !!opencv-matrix
   rows: 32
   cols: 32
   dt: u
   data: [ 96, 96, 249, 69, 64, 46, 109, 16, 97, 167, 102, 0, 147, 51,
       65, 122, 96, 220, 32, 24, 8, 240, 241, 72, 71, 168, 84, 0, 227,
       241, 70, 168, 60, 84, 112, 229, 61, 127, 86, 248, 85, 174, 188,
       11, 75, 125, 31, 144, 89, 220, 149, 106, 236, 179, 89, 158, 243,
       207, 165, 181, 119, 255, 92, 211, 1, 253, 57, 235, 244, 141, 255,
       255, 78, 73, 92, 102, 188, 219, 176, 96, 222, 59, 23, 77, 211,
       186, 96, 253, 236, 221, 46, 232, 92, 154, 161, 169, 61, 76, 236,
       117, 52, 126, 251, 146, 85, 226, 118, 130, 91, 61, 215, 47, 127,
       244, 181, 253, 172, 240, 117, 168, 79, 239, 245, 133, 231, 253,
       84, 249, 230, 253, 148, 186, 169, 237, 20, 207, 187, 187, 168, 25,
       142, 246, 73, 31, 201, 211, 238, 16, 62, 79, 218, 243, 185, 210,
       95, 127, 144, 84, 135, 14, 250, 189, 182, 122, 153, 237, 84, 239,
       187, 149, 164, 25, 46, 255, 66, 147, 169, 251, 237, 17, 62, 107,
       154, 183, 251, 223, 85, 123, 211, 68, 142, 90, 181, 204, 111, 109,
       70, 26, 230, 252, 84, 226, 242, 194, 115, 104, 153, 225, 120, 228,
       110, 239, 237, 180, 109, 47, 180, 171, 229, 4, 109, 186, 120, 44,
       59, 104, 236, 117, 53, 94, 248, 150, 113, 224, 118, 130, 59, 61,
       149, 42, 46, 252, 53, 93, 140, 248, 245, 168, 79, 251, 245, 129,
       231, 189, 84, 223, 121, 53, 121, 102, 118, 94, 75, 61, 113, 236,
       127, 40, 95, 61, 152, 48, 62, 220, 85, 47, 249, 178, 253, 14, 251,
       237, 32, 132, 103, 162, 214, 113, 9, 157, 111, 181, 164, 78, 109,
       55, 60, 106, 94, 196, 245, 38, 146, 225, 119, 6, 30, 173, 241,
       216, 117, 12, 228, 235, 254, 128, 44, 244, 209, 249, 80, 74, 74,
       36, 6, 10, 102, 96, 229, 134, 242, 231, 99, 129, 179, 82, 106,
       228, 110, 238, 76, 181, 5, 76, 240, 160, 98, 0, 109, 186, 104, 8,
       40, 227, 105, 72, 124, 91, 71, 237, 71, 109, 124, 137, 211, 196,
       254, 116, 88, 8, 6, 108, 75, 50, 108, 23, 106, 28, 37, 125, 82,
       154, 212, 124, 1, 148, 79, 129, 116, 46, 233, 51, 124, 73, 114,
       214, 145, 60, 148, 105, 127, 143, 22, 189, 181, 184, 117, 76, 12,
       46, 250, 192, 173, 128, 113, 241, 242, 189, 148, 178, 169, 253,
       84, 239, 187, 187, 168, 25, 174, 242, 64, 159, 129, 243, 236, 17,
       126, 79, 218, 243, 185, 214, 93, 127, 208, 84, 143, 15, 143, 220,
       228, 151, 246, 251, 255, 183, 95, 255, 94, 183, 249, 124, 183,
       237, 111, 239, 183, 143, 245, 252, 125, 254, 110, 127, 255, 192,
       183, 253, 213, 253, 47, 181, 99, 67, 213, 253, 234, 83, 93, 97,
       125, 94, 72, 252, 188, 180, 124, 138, 146, 156, 147, 178, 116,
       195, 31, 28, 128, 98, 223, 207, 250, 180, 118, 145, 86, 170, 245,
       70, 124, 233, 63, 29, 243, 19, 78, 94, 46, 89, 249, 147, 191, 241,
       30, 147, 25, 213, 185, 186, 207, 71, 144, 14, 236, 6, 9, 153, 191,
       165, 36, 94, 109, 55, 237, 79, 94, 36, 255, 55, 146, 230, 38, 38,
       253, 12, 209, 152, 117, 205, 199, 255, 242, 128, 6, 230, 209, 125,
       49, 76, 207, 101, 4, 10, 102, 50, 116, 162, 250, 194, 243, 33,
       145, 113, 120, 236, 108, 106, 233, 180, 101, 15, 228, 175, 224,
       16, 109, 250, 80, 40, 19, 115, 172, 173, 46, 49, 152, 220, 79,
       109, 156, 239, 168, 108, 159, 136, 190, 203, 247, 197, 143, 34,
       103, 241, 146, 85, 186, 187, 221, 95, 91, 223, 56, 20, 126, 109,
       53, 127, 81, 63, 117, 111, 254, 22, 91, 61, 146, 209, 124, 158,
       221, 40, 184, 184, 113, 142, 247, 239, 48, 81, 227, 136, 126, 91,
       82, 237, 148, 182, 185, 141, 86, 239, 175, 185, 168, 9, 174, 242,
       68, 150, 129, 243, 236, 17, 94, 75, 218, 245, 185, 214, 31, 123,
       208, 86, 139, 15, 129, 151, 62, 117, 164, 27, 245, 55, 237, 126,
       118, 116, 239, 40, 150, 39, 134, 39, 110, 9, 245, 252, 101, 77,
       196, 250, 114, 130, 76, 136, 201, 13, 60, 92, 116, 224, 189, 71,
       86, 248, 7, 172, 182, 11, 75, 31, 99, 89, 249, 212, 223, 242, 120,
       103, 89, 156, 251, 219, 133, 127, 243, 191, 228, 195, 120, 25,
       250, 237, 109, 95, 215, 63, 65, 172, 254, 11, 123, 61, 18, 18,
       252, 214, 245, 40, 204, 186, 241, 136, 247, 237, 100, 145, 103,
       234, 222, 219, 211, 205, 207, 191, 46, 2, 111, 191, 189, 18, 210,
       82, 255, 106, 184, 99, 110, 199, 127, 235, 233, 201, 79, 237, 240,
       235, 254, 144, 53, 240, 161, 40, 141, 80, 121, 243, 36, 220, 121,
       16, 127, 79, 87, 18, 255, 31, 218, 108, 119, 152, 62, 220, 163,
       180, 127, 243, 199, 223, 178, 192, 182, 129, 117, 113, 73, 92,
       233, 101, 36, 127, 253, 23, 60, 238, 30, 236, 187, 61, 147, 40,
       31, 181, 127, 13, 225, 188, 117, 26, 230, 239, 117, 176, 109, 248,
       85, 121, 209, 213, 31, 238, 34, 74, 53, 117, 252, 202, 115, 96,
       254, 247, 168, 113, 182, 127, 124, 98, 225, 217, 178, 79, 240,
       163, 126, 130, 104, 50, 163, 59, 60, 124, 116, 225, 45, 79, 92,
       119, 69, 174, 190, 11, 75, 29, 81, 18, 253, 244, 255, 178, 72,
       247, 81, 142, 251, 223, 229, 215, 99, 250, 116, 91, 82, 189, 18,
       184, 187, 233, 16, 79, 171, 1, 136, 41, 174, 214, 100, 20, 162,
       187, 207, 17, 26, 11, 146, 213, 153, 148, 26, 123, 144, 0, 167,
       15, 103, 54, 250, 90, 226, 188, 190, 218, 123, 91, 125, 236, 94,
       252, 255, 122, 191, 223, 182, 19, 151, 242, 174, 226, 30, 127, 39,
       239, 207, 247, 235, 213 ]
keypoints: !!opencv-matrix
   rows: 32
   cols: 2
   dt: d
   data: [ 213., 132., 299., 92., 211., 93., 269., 96., 188., 180., 192.,
       174., 186., 2.3040000915527344e+02, 2.6880001831054688e+02, 96.,
       3.0360000610351562e+02, 168., 2.9952001953125000e+02,
       1.0080000305175781e+02, 2.0880000305175781e+02,
       2.3472001647949219e+02, 2.1312001037597656e+02,
       1.3248001098632812e+02, 3.0384002685546875e+02,
       9.9360000610351562e+01, 1.8720001220703125e+02, 180.,
       3.2486404418945312e+02, 5.3568004608154297e+01,
       2.1427201843261719e+02, 1.1577600860595703e+02,
       2.7993603515625000e+02, 9.1584007263183594e+01,
       2.9894403076171875e+02, 1.0195201110839844e+02,
       1.8455043029785156e+02, 2.2809603881835938e+02,
       2.5090563964843750e+02, 1.1404801940917969e+02,
       3.0274563598632812e+02, 9.1238410949707031e+01,
       1.8662402343750000e+02, 1.8247682189941406e+02,
       2.9030404663085938e+02, 1.1612161254882812e+02,
       2.8118023681640625e+02, 9.2067863464355469e+01,
       2.9362182617187500e+02, 9.2067863464355469e+01,
       2.3887878417968750e+02, 9.4556182861328125e+01,
       3.0606344604492188e+02, 9.9532821655273438e+01,
       2.8366854858398438e+02, 1.0948610687255859e+02,
       1.9160069274902344e+02, 1.1695106506347656e+02,
       2.8068255615234375e+02, 9.2565528869628906e+01,
       1.8811703491210938e+02, 1.7318711853027344e+02,
       2.2574046325683594e+02, 1.2182818603515625e+02 ]
