%YAML:1.0
---
descriptors: !!opencv-matrix
   rows: 33
   cols: 32
   dt: u
   data: [ 136, 188, 53, 248, 253, 253, 213, 255, 159, 123, 188, 92, 190,
       253, 64, 189, 141, 59, 255, 24, 179, 111, 250, 247, 239, 223, 117,
       254, 218, 72, 199, 187, 246, 174, 148, 178, 137, 237, 92, 207,
       187, 59, 160, 25, 142, 254, 76, 159, 205, 211, 237, 16, 62, 79,
       202, 243, 155, 214, 93, 127, 144, 84, 142, 22, 11, 23, 106, 173,
       246, 2, 111, 55, 61, 68, 94, 231, 157, 35, 178, 64, 118, 141, 31,
       237, 208, 152, 5, 206, 230, 109, 170, 128, 62, 230, 169, 209, 35,
       175, 113, 203, 244, 131, 239, 255, 95, 73, 124, 230, 56, 193, 180,
       36, 94, 42, 18, 92, 211, 186, 100, 255, 46, 28, 134, 232, 95, 142,
       240, 189, 86, 125, 246, 142, 219, 83, 30, 232, 191, 166, 249, 11,
       76, 254, 47, 151, 255, 245, 255, 227, 108, 195, 219, 254, 185, 54,
       79, 63, 7, 119, 175, 198, 95, 119, 1, 164, 171, 60, 30, 184, 168,
       232, 139, 237, 207, 118, 203, 242, 134, 213, 252, 231, 205, 65,
       255, 168, 176, 240, 111, 158, 14, 119, 11, 85, 204, 180, 188, 242,
       233, 188, 121, 91, 187, 187, 189, 120, 158, 255, 192, 187, 167,
       127, 253, 16, 179, 111, 186, 210, 219, 223, 119, 254, 202, 225,
       139, 179, 170, 237, 228, 191, 189, 249, 92, 175, 31, 119, 252,
       153, 239, 108, 90, 148, 219, 218, 255, 1, 126, 122, 251, 183, 175,
       215, 21, 119, 214, 220, 222, 94, 169, 167, 180, 251, 253, 189,
       116, 191, 255, 127, 60, 57, 175, 249, 218, 176, 143, 11, 238, 29,
       254, 108, 235, 247, 239, 223, 117, 255, 210, 204, 206, 203, 237,
       166, 244, 115, 253, 189, 124, 191, 255, 255, 61, 56, 223, 251,
       206, 187, 167, 143, 238, 28, 182, 124, 235, 147, 206, 223, 119,
       119, 194, 204, 207, 197, 246, 193, 212, 254, 221, 203, 78, 168,
       187, 176, 227, 11, 79, 234, 28, 211, 243, 229, 125, 115, 120, 211,
       219, 253, 187, 250, 207, 87, 180, 59, 202, 6, 84, 52, 158, 242,
       139, 237, 48, 199, 191, 151, 175, 29, 174, 243, 107, 27, 163, 51,
       234, 16, 50, 107, 154, 240, 219, 211, 87, 123, 202, 65, 175, 154,
       203, 144, 31, 188, 168, 236, 56, 183, 186, 93, 130, 53, 159, 183,
       10, 91, 167, 7, 125, 5, 55, 77, 146, 65, 203, 241, 122, 219, 136,
       4, 141, 91, 169, 181, 188, 251, 253, 189, 221, 223, 223, 59, 61,
       120, 158, 255, 78, 184, 143, 27, 255, 16, 183, 111, 250, 211, 255,
       223, 117, 255, 218, 200, 207, 187, 192, 160, 151, 181, 172, 8,
       109, 39, 187, 183, 130, 16, 239, 163, 88, 223, 131, 119, 121, 9,
       112, 205, 131, 195, 132, 242, 94, 16, 128, 224, 145, 40, 246, 253,
       252, 190, 189, 199, 95, 174, 159, 134, 184, 25, 254, 254, 5, 17,
       221, 247, 127, 227, 108, 111, 219, 255, 249, 182, 207, 59, 17,
       123, 230, 90, 185, 143, 111, 239, 182, 130, 111, 243, 117, 10,
       246, 246, 115, 43, 176, 97, 126, 198, 31, 238, 249, 187, 13, 191,
       250, 239, 162, 192, 63, 136, 240, 41, 246, 64, 214, 252, 77, 75,
       74, 232, 191, 176, 227, 11, 78, 202, 125, 215, 251, 229, 111, 99,
       104, 215, 219, 221, 153, 250, 207, 119, 53, 43, 78, 6, 242, 253,
       236, 191, 157, 237, 86, 175, 31, 119, 184, 27, 231, 126, 78, 16,
       217, 215, 255, 129, 126, 74, 219, 191, 191, 214, 221, 127, 148,
       88, 150, 94, 207, 60, 190, 242, 233, 188, 120, 18, 187, 159, 189,
       56, 191, 255, 195, 251, 167, 255, 253, 152, 182, 71, 170, 226,
       223, 223, 119, 251, 130, 197, 43, 3, 29, 209, 183, 103, 133, 30,
       166, 181, 116, 97, 107, 64, 211, 116, 60, 232, 93, 86, 42, 56,
       157, 184, 125, 32, 173, 239, 214, 68, 203, 250, 216, 176, 153,
       135, 108, 171, 150, 163, 251, 255, 86, 65, 220, 247, 243, 104, 58,
       64, 127, 139, 23, 245, 190, 184, 77, 191, 236, 69, 174, 196, 253,
       142, 249, 218, 76, 165, 180, 243, 189, 253, 124, 187, 255, 255,
       191, 25, 207, 239, 90, 155, 163, 159, 237, 16, 54, 120, 251, 211,
       207, 223, 87, 127, 194, 196, 207, 211, 126, 19, 224, 78, 153, 20,
       30, 9, 139, 141, 189, 239, 106, 238, 175, 214, 244, 247, 253, 177,
       158, 3, 206, 201, 59, 119, 141, 159, 159, 102, 220, 23, 246, 0,
       86, 173, 111, 75, 208, 104, 191, 178, 243, 139, 78, 218, 101, 223,
       250, 197, 111, 99, 108, 231, 155, 220, 148, 178, 203, 31, 37, 41,
       111, 134, 14, 177, 188, 242, 251, 253, 121, 211, 191, 125, 189,
       56, 158, 255, 78, 58, 175, 27, 255, 16, 150, 75, 186, 209, 223,
       223, 127, 255, 210, 200, 207, 243, 62, 123, 193, 206, 253, 65, 71,
       205, 19, 140, 252, 170, 42, 245, 237, 212, 88, 218, 134, 250, 91,
       34, 234, 184, 56, 252, 133, 190, 251, 254, 222, 188, 108, 173,
       254, 243, 189, 237, 120, 131, 191, 191, 187, 25, 143, 255, 66, 27,
       163, 255, 239, 16, 62, 88, 219, 240, 207, 223, 87, 111, 194, 196,
       199, 195, 216, 190, 63, 246, 43, 228, 25, 114, 181, 94, 151, 181,
       191, 55, 10, 91, 38, 179, 221, 130, 169, 79, 187, 239, 211, 211,
       122, 137, 34, 197, 39, 123, 122, 229, 212, 183, 189, 239, 85, 175,
       63, 55, 186, 25, 239, 127, 72, 149, 219, 215, 253, 1, 122, 122,
       219, 183, 253, 215, 85, 119, 226, 92, 206, 42, 78, 185, 186, 240,
       249, 245, 120, 211, 171, 157, 188, 57, 189, 223, 70, 26, 175, 187,
       255, 144, 150, 75, 178, 240, 219, 221, 63, 251, 130, 197, 175,
       219, 74, 40, 190, 250, 233, 252, 120, 150, 171, 159, 188, 25, 175,
       255, 99, 90, 231, 255, 255, 145, 30, 107, 194, 225, 223, 255, 94,
       187, 130, 213, 47, 75, 222, 32, 214, 135, 79, 91, 248, 72, 45,
       167, 247, 191, 78, 202, 15, 222, 122, 133, 238, 161, 4, 247, 221,
       192, 150, 240, 203, 31, 103, 47, 111, 214 ]
keypoints: !!opencv-matrix
   rows: 33
   cols: 2
   dt: d
   data: [ 285., 94., 40., 176., 42., 2.2920001220703125e+02,
       6.9600006103515625e+01, 8.7600006103515625e+01,
       2.9760000610351562e+02, 8.5200004577636719e+01,
       7.4400001525878906e+01, 1.6080000305175781e+02,
       2.8368002319335938e+02, 9.7920005798339844e+01,
       2.9232000732421875e+02, 9.0720001220703125e+01, 288.,
       9.2160003662109375e+01, 288., 9.5040000915527344e+01,
       3.0240002441406250e+02, 1.9440000915527344e+02,
       3.1104000854492188e+02, 2.3616000366210938e+02,
       3.1968002319335938e+02, 2.3760000610351562e+02,
       2.8368002319335938e+02, 9.3600006103515625e+01,
       3.2140802001953125e+02, 2.3328002929687500e+02,
       2.9721603393554688e+02, 8.4672004699707031e+01,
       9.8496009826660156e+01, 8.8128005981445312e+01,
       3.0067202758789062e+02, 1.9526402282714844e+02,
       2.9548803710937500e+02, 8.9856010437011719e+01,
       2.8339202880859375e+02, 1.0022400665283203e+02,
       8.1216011047363281e+01, 1.4342401123046875e+02,
       6.8428810119628906e+01, 8.7091209411621094e+01,
       2.8823043823242188e+02, 9.5385612487792969e+01,
       8.2944015502929688e+01, 1.3271041870117188e+02,
       3.0067202758789062e+02, 1.9491842651367188e+02,
       2.7993603515625000e+02, 9.5385612487792969e+01,
       7.7137939453125000e+01, 1.4432260131835938e+02,
       2.8864520263671875e+02, 9.7044502258300781e+01,
       9.2067863464355469e+01, 1.0948610687255859e+02,
       2.9611013793945312e+02, 8.9579544067382812e+01,
       2.7769659423828125e+02, 9.8537498474121094e+01,
       2.8366854858398438e+02, 1.0450946807861328e+02,
       2.9859848022460938e+02, 1.9408901977539062e+02 ]
