%YAML:1.0
---
descriptors: !!opencv-matrix
   rows: 21
   cols: 32
   dt: u
   data: [ 181, 76, 111, 111, 6, 27, 230, 248, 84, 226, 243, 194, 115,
       72, 157, 161, 120, 228, 110, 235, 237, 180, 109, 47, 52, 171, 229,
       4, 125, 187, 120, 36, 45, 57, 255, 119, 228, 47, 117, 49, 81, 235,
       119, 76, 115, 121, 17, 59, 156, 174, 22, 46, 145, 240, 113, 8, 79,
       207, 117, 0, 234, 235, 82, 179, 254, 189, 148, 178, 169, 237, 80,
       207, 171, 187, 168, 25, 142, 183, 72, 158, 133, 211, 236, 16, 62,
       79, 218, 178, 153, 210, 95, 127, 210, 68, 143, 15, 252, 253, 254,
       122, 153, 221, 86, 231, 179, 23, 172, 25, 111, 253, 78, 147, 137,
       243, 237, 82, 126, 107, 154, 179, 251, 223, 85, 123, 242, 85, 206,
       90, 250, 173, 148, 178, 169, 237, 84, 207, 171, 187, 168, 25, 174,
       178, 64, 158, 129, 211, 236, 16, 30, 79, 218, 179, 185, 214, 93,
       127, 210, 84, 142, 15, 26, 143, 43, 171, 150, 130, 171, 119, 20,
       69, 218, 167, 245, 111, 50, 64, 126, 43, 31, 165, 90, 152, 1, 255,
       233, 167, 170, 193, 53, 10, 181, 234, 43, 175, 115, 203, 247, 155,
       175, 255, 95, 65, 120, 198, 168, 73, 180, 164, 126, 42, 146, 188,
       211, 186, 100, 255, 46, 28, 134, 226, 95, 142, 241, 173, 184, 113,
       248, 101, 180, 95, 223, 29, 87, 238, 254, 10, 83, 61, 211, 32, 92,
       220, 53, 106, 200, 242, 245, 138, 99, 205, 165, 180, 103, 250, 92,
       249, 91, 71, 107, 237, 50, 18, 111, 49, 37, 132, 126, 230, 89, 7,
       145, 113, 118, 165, 61, 238, 232, 144, 165, 204, 246, 233, 170,
       128, 39, 162, 99, 113, 11, 11, 123, 197, 114, 18, 111, 53, 45, 68,
       126, 230, 217, 39, 148, 116, 54, 165, 23, 238, 193, 152, 37, 204,
       102, 237, 170, 128, 39, 162, 161, 121, 49, 77, 111, 101, 4, 10,
       230, 48, 116, 162, 250, 66, 115, 32, 145, 96, 120, 236, 110, 234,
       201, 182, 229, 10, 180, 175, 229, 16, 101, 250, 112, 40, 122, 188,
       178, 254, 27, 253, 82, 226, 187, 23, 172, 9, 111, 255, 100, 144,
       171, 251, 253, 16, 62, 111, 154, 183, 155, 215, 85, 123, 243, 70,
       46, 90, 49, 76, 207, 101, 4, 10, 102, 52, 116, 162, 250, 194, 243,
       33, 145, 112, 120, 236, 108, 106, 73, 176, 101, 14, 228, 175, 224,
       0, 101, 186, 80, 40, 114, 237, 144, 178, 185, 173, 86, 239, 187,
       187, 168, 9, 174, 250, 64, 148, 129, 243, 204, 81, 94, 75, 218,
       181, 185, 212, 29, 127, 208, 84, 143, 14, 124, 227, 74, 162, 215,
       82, 78, 248, 16, 132, 205, 139, 79, 195, 123, 212, 88, 204, 133,
       254, 90, 147, 204, 166, 250, 229, 167, 109, 167, 175, 254, 224,
       197, 240, 105, 195, 100, 92, 109, 152, 119, 122, 119, 228, 215,
       85, 219, 127, 54, 204, 54, 110, 195, 116, 253, 65, 198, 249, 231,
       132, 110, 179, 80, 117, 208, 213, 159, 246, 162, 66, 53, 245, 60,
       75, 246, 112, 124, 183, 168, 113, 182, 223, 252, 194, 97, 223,
       161, 111, 240, 163, 126, 130, 8, 80, 167, 187, 205, 30, 93, 87,
       130, 186, 62, 183, 253, 194, 6, 214, 237, 99, 133, 239, 39, 119,
       234, 26, 245, 236, 63, 238, 174, 175, 87, 64, 174, 241, 137, 29,
       3, 147, 45, 179, 188, 135, 125, 181, 30, 125, 215, 229, 213, 47,
       184, 65, 223, 47, 63, 77, 209, 152, 105, 181, 236, 155, 254, 212,
       20, 138, 149, 121, 71, 54, 251, 72, 242, 124, 190, 219, 235, 91,
       253, 238, 220, 254, 239, 58, 191, 95, 182, 145, 151, 99, 174, 226,
       62, 63, 63, 238, 205, 247, 235, 215, 10, 122, 118, 180, 79, 192,
       185, 64, 236, 196, 214, 162, 61, 158, 119, 34, 110, 57, 251, 195,
       129, 171, 182, 232, 85, 1, 170, 139, 7, 135, 39, 251 ]
keypoints: !!opencv-matrix
   rows: 21
   cols: 2
   dt: d
   data: [ 1.0080000305175781e+02, 2.2800001525878906e+02,
       1.5480000305175781e+02, 1.1640000152587891e+02,
       1.0560000610351562e+02, 1.7640000915527344e+02,
       1.1160000610351562e+02, 1.7160000610351562e+02,
       1.0512000274658203e+02, 1.7712001037597656e+02,
       1.2528000640869141e+02, 8.9280006408691406e+01,
       1.3248001098632812e+02, 8.9280006408691406e+01,
       2.2176000976562500e+02, 8.9280006408691406e+01,
       1.1088000488281250e+02, 2.3184001159667969e+02,
       1.1404801177978516e+02, 2.3328002929687500e+02,
       1.0022400665283203e+02, 2.2809602355957031e+02,
       1.1059201049804688e+02, 1.7107202148437500e+02,
       9.9532814025878906e+01, 2.2602243041992188e+02,
       1.0368001556396484e+02, 1.8040322875976562e+02,
       1.4100482177734375e+02, 1.4307841491699219e+02,
       2.2643717956542969e+02, 9.9532821655273438e+01,
       1.1446274566650391e+02, 1.1446274566650391e+02,
       1.7667076110839844e+02, 1.4432260131835938e+02,
       1.2541136169433594e+02, 1.1466181945800781e+02,
       1.4691046142578125e+02, 1.1824500274658203e+02,
       2.0065818786621094e+02, 1.5407681274414062e+02 ]
