%YAML:1.0
---
descriptors: !!opencv-matrix
   rows: 22
   cols: 32
   dt: u
   data: [ 230, 188, 148, 178, 169, 237, 84, 207, 191, 191, 168, 25, 142,
       242, 72, 159, 201, 219, 236, 17, 126, 79, 218, 242, 185, 214, 95,
       127, 144, 84, 131, 14, 209, 253, 159, 181, 144, 14, 101, 182, 184,
       162, 34, 12, 247, 51, 65, 83, 161, 102, 104, 92, 97, 221, 145, 42,
       233, 135, 85, 16, 136, 112, 131, 58, 0, 163, 25, 249, 125, 201,
       177, 239, 30, 53, 72, 48, 164, 179, 104, 96, 195, 27, 163, 1, 18,
       56, 67, 181, 237, 148, 30, 107, 16, 8, 133, 171, 212, 123, 191,
       101, 162, 10, 55, 176, 168, 190, 163, 233, 215, 103, 193, 91, 54,
       117, 108, 98, 224, 213, 137, 8, 248, 130, 103, 148, 32, 243, 5,
       33, 11, 206, 195, 207, 85, 176, 174, 231, 95, 65, 88, 198, 40,
       234, 180, 228, 123, 42, 147, 141, 131, 186, 132, 235, 52, 60, 158,
       138, 159, 222, 241, 173, 66, 189, 27, 248, 155, 224, 17, 71, 174,
       17, 168, 56, 188, 151, 96, 112, 163, 59, 235, 144, 19, 11, 146,
       85, 217, 148, 26, 123, 144, 0, 167, 58, 17, 216, 147, 249, 148,
       135, 107, 215, 22, 137, 82, 86, 181, 211, 33, 96, 125, 57, 22,
       152, 163, 156, 16, 222, 237, 142, 191, 192, 152, 152, 161, 169,
       194, 169, 148, 176, 169, 173, 16, 235, 191, 187, 160, 25, 174,
       242, 68, 159, 129, 251, 238, 17, 62, 75, 202, 241, 153, 210, 95,
       127, 128, 68, 139, 15, 62, 36, 242, 97, 213, 122, 122, 64, 105,
       129, 251, 2, 11, 25, 29, 148, 251, 157, 213, 179, 28, 179, 129,
       194, 147, 221, 128, 71, 231, 243, 238, 130, 49, 142, 107, 187,
       180, 163, 235, 255, 22, 75, 216, 246, 241, 235, 184, 64, 95, 170,
       23, 157, 187, 190, 77, 191, 252, 175, 190, 200, 181, 138, 240,
       169, 128, 164, 17, 251, 217, 237, 176, 75, 158, 51, 41, 24, 156,
       148, 104, 40, 137, 27, 202, 16, 50, 46, 90, 215, 141, 150, 19,
       127, 144, 72, 133, 162, 162, 189, 184, 250, 221, 237, 181, 207,
       223, 63, 184, 27, 172, 188, 126, 8, 201, 27, 131, 17, 50, 107, 90,
       247, 125, 22, 28, 127, 209, 76, 213, 234, 33, 206, 73, 185, 180,
       131, 235, 215, 86, 107, 216, 246, 183, 137, 176, 96, 95, 170, 23,
       157, 187, 190, 69, 191, 236, 159, 183, 192, 181, 136, 240, 169,
       217, 220, 110, 165, 6, 74, 119, 188, 84, 230, 214, 135, 243, 109,
       18, 65, 120, 228, 111, 239, 236, 182, 125, 63, 247, 227, 231, 21,
       125, 186, 124, 90, 157, 29, 123, 231, 178, 78, 47, 49, 52, 226,
       91, 230, 125, 55, 161, 96, 54, 125, 20, 46, 225, 152, 61, 14, 241,
       239, 47, 128, 44, 226, 37, 121, 53, 140, 199, 31, 214, 43, 231,
       239, 118, 35, 106, 82, 115, 96, 184, 105, 121, 206, 42, 26, 121,
       248, 77, 63, 60, 38, 119, 68, 241, 248, 240, 168, 11, 157, 179,
       207, 213, 255, 162, 238, 95, 73, 88, 66, 172, 248, 52, 228, 217,
       107, 178, 65, 151, 184, 63, 255, 47, 62, 30, 66, 219, 94, 89, 140,
       162, 204, 175, 250, 221, 197, 188, 231, 158, 27, 216, 18, 188,
       255, 52, 96, 201, 59, 19, 129, 114, 79, 82, 247, 61, 54, 222, 107,
       148, 88, 181, 234, 152, 84, 107, 231, 18, 198, 107, 112, 52, 196,
       87, 134, 93, 231, 186, 96, 118, 253, 29, 238, 169, 149, 61, 78,
       241, 231, 170, 128, 39, 163, 37, 112, 217, 29, 31, 252, 143, 230,
       53, 246, 189, 80, 198, 6, 60, 179, 33, 97, 226, 115, 58, 72, 113,
       201, 51, 253, 243, 235, 82, 66, 58, 16, 33, 59, 155, 207, 110,
       153, 230, 147, 188, 103, 189, 194, 86, 231, 105, 140, 182, 165,
       110, 41, 151, 229, 245, 253, 36, 239, 62, 75, 222, 195, 111, 132,
       249, 221, 139, 220, 226, 159, 87, 247, 188, 198, 95, 207, 86, 151,
       40, 236, 182, 173, 253, 107, 179, 141, 165, 252, 54, 235, 6, 127,
       222, 131, 223, 124, 121, 220 ]
keypoints: !!opencv-matrix
   rows: 22
   cols: 2
   dt: d
   data: [ 339., 186., 50., 186., 1.7880000305175781e+02,
       2.2920001220703125e+02, 5.0400001525878906e+01, 186.,
       3.4920001220703125e+02, 9.9600006103515625e+01,
       1.7880000305175781e+02, 1.1880000305175781e+02,
       3.3840002441406250e+02, 1.0560000610351562e+02,
       3.3840002441406250e+02, 1.8576000976562500e+02,
       7.6032005310058594e+01, 2.3500802612304688e+02,
       1.2096001434326172e+02, 1.2268801116943359e+02,
       1.7832962036132812e+02, 2.2809603881835938e+02,
       1.6796162414550781e+02, 2.2809603881835938e+02,
       1.2234241485595703e+02, 1.2234241485595703e+02,
       2.4053762817382812e+02, 2.3016963195800781e+02,
       1.0368001556396484e+02, 2.1772802734375000e+02,
       1.8413572692871094e+02, 1.8413572692871094e+02,
       1.4929924011230469e+02, 1.1446274566650391e+02,
       1.6920579528808594e+02, 2.1897221374511719e+02,
       9.9532821655273438e+01, 2.1897221374511719e+02,
       1.2182818603515625e+02, 1.2541136169433594e+02,
       1.3974409484863281e+02, 1.5049363708496094e+02,
       2.4723954772949219e+02, 1.5407681274414062e+02 ]
