%YAML:1.0
---
descriptors: !!opencv-matrix
   rows: 52
   cols: 32
   dt: u
   data: [ 246, 176, 148, 178, 169, 237, 84, 207, 187, 187, 160, 25, 143,
       246, 73, 159, 129, 211, 237, 16, 62, 79, 218, 178, 155, 211, 95,
       127, 144, 85, 143, 2, 252, 252, 254, 122, 169, 253, 86, 206, 243,
       55, 172, 25, 47, 253, 67, 27, 129, 243, 237, 18, 62, 111, 250,
       179, 251, 223, 85, 123, 226, 85, 206, 90, 237, 173, 180, 123, 221,
       253, 68, 191, 247, 127, 188, 24, 235, 249, 94, 185, 201, 202, 108,
       28, 254, 110, 251, 183, 239, 223, 85, 121, 210, 76, 206, 78, 68,
       184, 155, 240, 234, 205, 177, 195, 190, 249, 160, 8, 148, 159, 96,
       56, 163, 57, 123, 17, 19, 107, 178, 80, 221, 150, 31, 126, 200, 8,
       7, 179, 122, 237, 164, 190, 157, 253, 78, 238, 215, 239, 184, 9,
       235, 237, 95, 148, 217, 234, 253, 67, 110, 107, 219, 191, 187,
       223, 213, 57, 83, 126, 254, 94, 173, 62, 248, 119, 228, 63, 93,
       83, 81, 234, 117, 92, 115, 57, 145, 57, 29, 238, 20, 46, 169, 246,
       121, 10, 71, 207, 101, 32, 235, 249, 90, 163, 32, 165, 119, 69,
       236, 75, 197, 127, 64, 188, 252, 106, 114, 117, 148, 39, 90, 118,
       70, 104, 240, 251, 101, 12, 48, 10, 101, 146, 71, 168, 212, 237,
       200, 124, 191, 114, 41, 237, 116, 87, 255, 159, 38, 24, 190, 219,
       101, 27, 161, 51, 237, 16, 34, 109, 178, 98, 223, 219, 84, 59,
       194, 80, 207, 43, 181, 77, 111, 45, 6, 26, 198, 248, 84, 226, 250,
       194, 115, 104, 153, 225, 120, 228, 110, 239, 237, 183, 93, 15,
       180, 171, 229, 20, 125, 251, 120, 4, 57, 135, 78, 236, 150, 2, 79,
       127, 85, 0, 250, 198, 115, 169, 176, 64, 122, 174, 14, 236, 248,
       187, 5, 141, 242, 237, 166, 192, 127, 138, 240, 8, 93, 71, 238, 5,
       2, 58, 111, 184, 101, 198, 78, 135, 75, 103, 187, 239, 118, 196,
       168, 238, 141, 208, 181, 168, 70, 235, 195, 4, 47, 247, 124, 84,
       232, 189, 164, 191, 189, 253, 84, 191, 23, 127, 188, 25, 235, 125,
       90, 145, 217, 218, 253, 17, 126, 110, 219, 183, 235, 223, 245,
       127, 210, 220, 222, 90, 43, 55, 243, 76, 123, 183, 153, 91, 91,
       237, 124, 237, 24, 189, 246, 52, 158, 59, 151, 53, 151, 59, 164,
       223, 91, 93, 33, 254, 223, 206, 86, 255, 181, 62, 27, 182, 244,
       47, 199, 115, 57, 238, 57, 125, 198, 40, 161, 25, 159, 231, 6, 39,
       185, 246, 8, 110, 176, 150, 101, 180, 200, 121, 66, 149, 125, 65,
       83, 76, 117, 82, 70, 104, 97, 192, 239, 8, 75, 208, 189, 244, 216,
       228, 180, 106, 73, 163, 228, 138, 50, 252, 129, 30, 75, 175, 122,
       36, 218, 157, 54, 191, 189, 86, 62, 255, 180, 78, 222, 35, 239,
       255, 34, 195, 244, 119, 191, 227, 252, 141, 57, 191, 243, 243,
       234, 211, 54, 44, 189, 95, 105, 110, 92, 101, 52, 46, 111, 182,
       113, 170, 126, 108, 179, 33, 145, 48, 15, 228, 108, 110, 233, 252,
       193, 46, 230, 255, 37, 128, 104, 240, 74, 41, 234, 238, 104, 17,
       61, 249, 89, 134, 83, 255, 180, 157, 163, 12, 214, 23, 9, 198,
       237, 29, 174, 110, 231, 183, 78, 89, 177, 253, 71, 141, 94, 94,
       124, 188, 144, 178, 185, 237, 84, 207, 171, 191, 168, 25, 142,
       179, 64, 158, 129, 211, 236, 16, 30, 75, 218, 178, 187, 215, 21,
       127, 194, 84, 143, 15, 177, 77, 79, 109, 6, 26, 230, 121, 84, 226,
       250, 66, 115, 104, 145, 97, 120, 228, 110, 235, 237, 176, 69, 15,
       180, 175, 229, 4, 109, 186, 120, 44, 185, 143, 79, 239, 150, 2,
       111, 247, 117, 1, 250, 230, 115, 171, 176, 64, 122, 198, 31, 238,
       248, 187, 5, 191, 242, 239, 166, 192, 63, 154, 240, 40, 231, 227,
       97, 129, 244, 159, 237, 53, 104, 232, 83, 254, 145, 204, 220, 164,
       30, 172, 22, 255, 221, 158, 228, 206, 44, 24, 175, 228, 12, 142,
       211, 245, 37, 113, 255, 101, 228, 143, 117, 21, 118, 233, 119, 76,
       83, 249, 88, 56, 156, 60, 54, 28, 145, 240, 113, 0, 111, 207, 101,
       64, 232, 170, 210, 179, 47, 191, 235, 67, 243, 253, 179, 215, 113,
       77, 125, 191, 10, 252, 254, 180, 253, 250, 151, 84, 151, 186, 60,
       227, 127, 93, 36, 227, 239, 223, 254, 247, 200, 174, 85, 247, 123,
       89, 181, 38, 152, 182, 61, 186, 173, 55, 128, 135, 39, 115, 198,
       3, 113, 108, 234, 239, 108, 211, 126, 187, 70, 108, 15, 233, 202,
       184, 158, 190, 169, 236, 113, 135, 187, 95, 166, 21, 190, 183, 74,
       91, 165, 119, 125, 4, 118, 77, 146, 99, 211, 243, 122, 219, 8, 64,
       139, 91, 220, 124, 254, 247, 170, 120, 121, 150, 187, 247, 182,
       185, 255, 183, 67, 91, 167, 247, 253, 16, 36, 69, 179, 98, 223,
       251, 119, 185, 160, 241, 15, 91, 83, 31, 158, 188, 170, 252, 52,
       39, 172, 202, 202, 229, 238, 190, 34, 202, 230, 119, 236, 5, 213,
       137, 147, 105, 144, 119, 122, 130, 8, 100, 169, 95, 254, 253, 180,
       190, 189, 247, 94, 239, 147, 174, 184, 25, 234, 254, 111, 146,
       217, 247, 253, 227, 124, 111, 218, 191, 187, 223, 205, 59, 82,
       127, 238, 94, 124, 184, 242, 122, 139, 253, 82, 202, 187, 23, 173,
       25, 47, 253, 70, 154, 171, 251, 237, 18, 62, 111, 154, 179, 219,
       223, 85, 123, 242, 71, 206, 74, 27, 7, 107, 229, 242, 18, 111, 53,
       45, 196, 126, 230, 221, 39, 176, 112, 118, 157, 23, 236, 209, 152,
       37, 204, 230, 237, 174, 128, 39, 162, 161, 241, 197, 228, 149,
       127, 232, 45, 77, 191, 51, 187, 40, 88, 215, 115, 201, 191, 21,
       214, 124, 58, 51, 68, 203, 51, 172, 158, 117, 60, 144, 240, 130,
       40, 0, 157, 159, 249, 178, 226, 176, 39, 174, 139, 106, 48, 188,
       183, 32, 224, 163, 59, 186, 16, 19, 217, 19, 77, 205, 167, 58,
       194, 128, 64, 165, 187, 218, 188, 151, 254, 139, 228, 21, 199,
       189, 83, 224, 16, 60, 247, 32, 127, 163, 243, 249, 144, 51, 79,
       186, 227, 211, 243, 94, 75, 162, 64, 167, 59, 124, 189, 144, 242,
       153, 237, 86, 239, 155, 57, 169, 9, 174, 251, 68, 145, 137, 251,
       204, 16, 30, 107, 218, 189, 187, 221, 21, 123, 210, 79, 206, 10,
       146, 143, 79, 239, 150, 226, 111, 119, 20, 5, 222, 243, 101, 103,
       160, 64, 118, 178, 159, 160, 122, 153, 33, 255, 249, 231, 170,
       193, 52, 138, 180, 121, 177, 143, 111, 238, 150, 130, 111, 241,
       117, 0, 251, 246, 115, 43, 176, 65, 122, 134, 31, 238, 249, 191,
       13, 191, 242, 239, 162, 192, 61, 138, 240, 40, 232, 180, 252, 251,
       189, 255, 84, 191, 63, 63, 61, 57, 223, 125, 74, 155, 151, 95,
       253, 16, 62, 124, 251, 151, 239, 223, 117, 117, 210, 204, 206, 83,
       33, 127, 113, 69, 114, 15, 111, 253, 41, 228, 124, 236, 27, 7,
       151, 20, 62, 172, 70, 108, 193, 186, 117, 76, 102, 156, 37, 132,
       111, 182, 194, 249, 89, 249, 128, 163, 53, 136, 107, 184, 103, 72,
       138, 101, 255, 83, 219, 228, 114, 206, 92, 223, 207, 152, 221,
       253, 236, 116, 175, 192, 46, 135, 57, 29, 92, 126, 190, 246, 42,
       108, 25, 214, 187, 159, 180, 189, 191, 255, 195, 27, 167, 247,
       253, 16, 170, 71, 186, 224, 211, 251, 118, 187, 130, 241, 47, 123,
       120, 189, 144, 178, 185, 253, 86, 199, 187, 185, 168, 9, 174, 186,
       64, 154, 137, 251, 204, 16, 30, 75, 218, 179, 187, 215, 21, 127,
       194, 84, 206, 14, 47, 183, 99, 73, 213, 191, 170, 67, 93, 73, 121,
       86, 8, 248, 188, 172, 125, 10, 146, 189, 151, 178, 116, 195, 14,
       92, 130, 66, 223, 207, 250, 180, 211, 218, 163, 148, 11, 208, 173,
       135, 168, 215, 194, 165, 173, 166, 230, 110, 230, 119, 232, 213,
       213, 205, 183, 226, 185, 114, 94, 138, 128, 52, 165, 125, 242, 32,
       210, 140, 109, 123, 208, 74, 175, 38, 177, 27, 14, 152, 102, 158,
       250, 133, 238, 33, 12, 103, 211, 208, 151, 144, 219, 63, 67, 44,
       111, 134, 218, 220, 190, 191, 175, 92, 124, 167, 189, 94, 214, 19,
       239, 255, 2, 219, 231, 247, 253, 131, 124, 207, 243, 227, 211,
       243, 254, 147, 34, 116, 173, 91, 39, 58, 232, 61, 236, 61, 157,
       91, 94, 127, 248, 255, 138, 168, 215, 40, 223, 11, 214, 5, 142,
       102, 103, 210, 70, 95, 191, 191, 221, 124, 91, 223, 250, 223, 238,
       181, 142, 62, 254, 247, 144, 254, 158, 31, 91, 41, 82, 11, 175,
