%YAML:1.0
---
descriptors: !!opencv-matrix
   rows: 31
   cols: 32
   dt: u
   data: [ 230, 189, 148, 178, 169, 237, 22, 239, 187, 187, 168, 25, 174,
       242, 68, 159, 129, 211, 236, 19, 126, 79, 218, 243, 185, 214, 95,
       127, 208, 84, 143, 15, 0, 179, 29, 249, 253, 201, 177, 239, 94,
       61, 72, 48, 172, 183, 104, 96, 195, 27, 162, 17, 18, 56, 66, 213,
       237, 148, 26, 123, 144, 8, 133, 171, 63, 56, 236, 117, 53, 94,
       250, 146, 81, 236, 118, 130, 27, 61, 149, 42, 46, 252, 181, 93,
       140, 248, 245, 168, 79, 251, 245, 129, 231, 189, 84, 223, 45, 229,
       113, 79, 213, 95, 230, 253, 85, 64, 121, 74, 115, 92, 188, 164,
       88, 216, 66, 106, 221, 186, 125, 63, 47, 220, 5, 68, 83, 186, 194,
       172, 144, 75, 78, 173, 18, 138, 102, 96, 165, 132, 226, 227, 35,
       3, 161, 81, 104, 228, 14, 226, 104, 153, 5, 44, 176, 224, 162, 1,
       33, 184, 104, 8, 177, 205, 79, 109, 4, 11, 230, 244, 116, 226,
       242, 74, 115, 104, 144, 97, 122, 228, 110, 234, 237, 190, 109, 47,
       244, 171, 229, 0, 109, 186, 88, 12, 0, 164, 25, 185, 121, 201,
       177, 111, 158, 53, 9, 56, 172, 151, 104, 96, 131, 27, 234, 16, 18,
       60, 74, 215, 205, 148, 26, 127, 80, 8, 133, 170, 244, 105, 87, 44,
       10, 74, 71, 104, 161, 166, 162, 40, 83, 209, 33, 19, 24, 244, 108,
       98, 104, 39, 128, 12, 241, 226, 69, 29, 97, 51, 38, 34, 62, 95,
       122, 110, 244, 91, 254, 112, 93, 172, 255, 111, 107, 253, 191, 16,
       254, 253, 135, 227, 220, 179, 73, 174, 242, 253, 39, 131, 71, 191,
       126, 195, 85, 18, 215, 197, 34, 42, 57, 17, 124, 195, 123, 246,
       221, 34, 129, 124, 54, 45, 60, 172, 145, 144, 37, 72, 132, 174,
       122, 128, 172, 227, 33, 49, 60, 79, 122, 239, 118, 195, 87, 120,
       85, 140, 125, 234, 115, 245, 177, 112, 126, 252, 23, 106, 232,
       178, 108, 63, 118, 237, 165, 161, 119, 187, 118, 225, 241, 76, 79,
       109, 4, 11, 102, 52, 116, 226, 242, 66, 115, 97, 145, 97, 120,
       236, 110, 234, 237, 180, 69, 47, 244, 171, 229, 0, 109, 186, 112,
       40, 73, 15, 94, 117, 180, 174, 107, 54, 125, 168, 126, 68, 191,
       35, 131, 112, 38, 110, 108, 76, 160, 184, 97, 46, 230, 255, 48,
       128, 234, 193, 75, 41, 184, 141, 110, 238, 148, 18, 110, 241, 85,
       2, 246, 18, 123, 43, 184, 65, 120, 214, 31, 234, 248, 191, 45,
       191, 242, 235, 162, 192, 55, 138, 240, 10, 34, 157, 56, 186, 221,
       229, 181, 199, 158, 31, 88, 27, 172, 184, 102, 8, 201, 59, 131,
       17, 50, 47, 82, 247, 125, 22, 158, 123, 208, 72, 213, 170, 233,
       25, 131, 190, 113, 196, 79, 49, 53, 78, 194, 197, 241, 230, 35,
       240, 220, 235, 160, 206, 109, 142, 242, 171, 161, 246, 154, 8, 26,
       37, 32, 124, 98, 188, 148, 178, 185, 205, 20, 239, 187, 187, 160,
       25, 174, 242, 68, 158, 129, 115, 238, 17, 126, 79, 218, 243, 185,
       214, 95, 123, 192, 68, 131, 15, 181, 141, 134, 63, 148, 43, 230,
       239, 86, 227, 250, 82, 115, 96, 56, 105, 121, 206, 42, 43, 253,
       253, 77, 47, 124, 46, 87, 68, 253, 248, 240, 140, 193, 65, 127,
       237, 38, 2, 109, 55, 109, 66, 114, 198, 253, 43, 176, 115, 118,
       165, 63, 238, 193, 148, 5, 200, 228, 250, 234, 128, 45, 240, 113,
       40, 128, 132, 17, 187, 249, 237, 176, 79, 158, 55, 9, 24, 140,
       183, 104, 73, 137, 27, 202, 16, 50, 30, 90, 215, 141, 150, 27,
       127, 208, 72, 133, 162, 27, 115, 236, 13, 46, 49, 152, 220, 79,
       109, 220, 239, 168, 40, 159, 136, 190, 139, 247, 197, 143, 34,
       103, 241, 134, 93, 186, 187, 223, 87, 91, 223, 75, 159, 255, 231,
       178, 22, 63, 183, 41, 73, 94, 228, 221, 39, 130, 114, 38, 87, 189,
       220, 209, 152, 165, 228, 238, 255, 126, 192, 174, 130, 161, 121,
       53, 140, 199, 31, 214, 11, 103, 238, 118, 163, 106, 66, 115, 97,
       184, 97, 121, 206, 42, 56, 59, 248, 77, 63, 60, 38, 117, 68, 241,
       232, 240, 168, 253, 112, 189, 114, 173, 125, 85, 220, 235, 186,
       182, 56, 30, 57, 67, 59, 161, 213, 253, 82, 40, 103, 187, 160,
       219, 219, 117, 63, 194, 121, 71, 107, 17, 168, 135, 159, 92, 139,
       224, 232, 118, 177, 194, 66, 241, 224, 112, 96, 121, 238, 42, 216,
       3, 250, 207, 127, 28, 38, 247, 64, 61, 8, 112, 168, 237, 231, 237,
       111, 172, 47, 79, 184, 82, 250, 177, 76, 211, 97, 153, 59, 93,
       196, 124, 110, 249, 118, 237, 26, 228, 251, 229, 180, 220, 251,
       210, 48, 139, 89, 126, 237, 103, 214, 125, 55, 197, 72, 118, 131,
       57, 31, 54, 102, 102, 180, 55, 204, 192, 156, 53, 205, 103, 249,
       166, 129, 55, 180, 244, 123, 109, 99, 237, 103, 172, 15, 79, 184,
       122, 250, 55, 76, 211, 97, 217, 59, 85, 68, 124, 110, 233, 240,
       253, 8, 236, 255, 101, 180, 206, 251, 82, 49, 143, 58, 134, 145,
       131, 180, 184, 66, 159, 247, 86, 247, 172, 172, 119, 143, 231,
       111, 179, 149, 182, 220, 182, 224, 14, 83, 219, 227, 142, 101, 61,
       213, 186, 147, 118, 232, 191, 209, 222, 255, 141, 29, 212, 163,
       43, 221, 62, 37, 238, 155, 149, 225, 222, 43, 34, 245, 251, 217,
       140, 219, 119, 140, 244, 223, 78, 184, 185, 115, 169, 253, 49,
       147, 175, 125, 31, 61, 158, 159, 202, 250, 135, 31, 253, 17, 151,
       88, 251, 241, 207, 223, 49, 247, 130, 4, 143, 115 ]
keypoints: !!opencv-matrix
   rows: 31
   cols: 2
   dt: d
   data: [ 2.4840000915527344e+02, 180., 8.0400001525878906e+01,
       2.2560000610351562e+02, 3.2880001831054688e+02, 96.,
       1.0080000305175781e+02, 5.1840003967285156e+01,
       2.7216000366210938e+02, 2.3472001647949219e+02,
       2.5056001281738281e+02, 2.2896000671386719e+02,
       8.0639999389648438e+01, 2.2464001464843750e+02,
       2.7792001342773438e+02, 2.3760000610351562e+02,
       6.6240005493164062e+01, 1.2384000396728516e+02,
       2.7129602050781250e+02, 2.3500802612304688e+02,
       6.3936004638671875e+01, 1.1750401306152344e+02,
       2.4883203125000000e+02, 2.2982402038574219e+02,
       2.5056002807617188e+02, 1.1750401306152344e+02,
       2.9721603393554688e+02, 9.3312011718750000e+01,
       7.2576004028320312e+01, 2.2291201782226562e+02,
       3.2659204101562500e+02, 1.3478401184082031e+02,
       2.4710401916503906e+02, 1.8144001770019531e+02,
       8.8128005981445312e+01, 1.7625601196289062e+02,
       2.5920004272460938e+02, 2.3224322509765625e+02,
       7.8796813964843750e+01, 2.2394883728027344e+02,
       3.1311364746093750e+02, 1.1404801940917969e+02,
       2.7164163208007812e+02, 2.3431683349609375e+02,
       8.9579544067382812e+01, 1.7667076110839844e+02,
       1.1695106506347656e+02, 1.1943939208984375e+02,
       8.4602897644042969e+01, 1.7667076110839844e+02,
       2.2693484497070312e+02, 1.1346742248535156e+02,
       2.7172460937500000e+02, 1.9110302734375000e+02,
       2.2574046325683594e+02, 1.1466181945800781e+02,
       1.5766000366210938e+02, 1.6124317932128906e+02,
       2.7590499877929688e+02, 1.7557591247558594e+02,
       1.4332727050781250e+02, 1.8632545471191406e+02 ]
