%YAML:1.0
---
descriptors: !!opencv-matrix
   rows: 17
   cols: 32
   dt: u
   data: [ 30, 7, 75, 237, 114, 34, 111, 113, 61, 134, 95, 231, 205, 71,
       177, 80, 118, 189, 15, 174, 224, 144, 37, 206, 244, 237, 170, 128,
       55, 231, 37, 241, 33, 251, 123, 234, 244, 133, 111, 255, 71, 73,
       124, 102, 183, 195, 176, 96, 94, 170, 22, 76, 211, 58, 32, 255,
       126, 141, 166, 232, 124, 154, 240, 185, 61, 76, 229, 117, 52, 58,
       123, 146, 81, 226, 118, 138, 91, 61, 151, 47, 31, 236, 53, 126,
       173, 240, 101, 168, 71, 255, 245, 132, 231, 253, 80, 249, 248,
       188, 254, 122, 137, 253, 85, 207, 243, 119, 165, 25, 111, 249, 74,
       31, 137, 242, 237, 16, 62, 111, 154, 179, 219, 255, 85, 123, 226,
       68, 206, 74, 222, 117, 182, 142, 155, 83, 190, 232, 191, 166, 191,
       11, 76, 254, 43, 215, 255, 213, 255, 227, 108, 67, 217, 254, 187,
       54, 79, 31, 163, 119, 175, 71, 181, 77, 111, 109, 6, 27, 198, 248,
       84, 162, 250, 194, 115, 104, 185, 161, 120, 228, 110, 235, 237,
       178, 109, 14, 52, 175, 229, 4, 125, 250, 120, 44, 81, 227, 138,
       161, 130, 38, 189, 151, 126, 189, 74, 215, 149, 42, 82, 74, 39,
       207, 41, 149, 150, 216, 149, 96, 252, 167, 254, 196, 172, 80, 169,
       75, 2, 157, 27, 251, 147, 227, 187, 103, 28, 1, 74, 50, 188, 247,
       32, 96, 255, 59, 155, 128, 51, 152, 16, 255, 237, 166, 154, 66,
       152, 72, 165, 186, 93, 70, 206, 5, 2, 50, 111, 186, 100, 198, 78,
       135, 75, 102, 187, 231, 118, 68, 168, 238, 141, 208, 53, 168, 230,
       235, 195, 4, 47, 247, 104, 84, 214, 125, 246, 142, 219, 83, 190,
       232, 191, 166, 253, 171, 204, 254, 47, 151, 255, 245, 255, 227,
       108, 195, 218, 254, 187, 54, 207, 63, 7, 127, 175, 70, 27, 23,
       106, 165, 246, 2, 111, 51, 61, 68, 94, 231, 157, 35, 178, 64, 118,
       141, 31, 237, 209, 152, 5, 206, 230, 109, 170, 128, 46, 230, 161,
       209, 185, 143, 79, 238, 150, 2, 111, 255, 85, 65, 250, 230, 115,
       41, 176, 97, 126, 198, 30, 238, 249, 187, 5, 191, 242, 239, 166,
       196, 61, 138, 240, 40, 126, 172, 144, 178, 185, 189, 84, 207, 187,
       187, 168, 25, 142, 178, 64, 158, 129, 211, 236, 16, 30, 75, 218,
       178, 187, 215, 29, 127, 210, 68, 142, 14, 35, 175, 106, 171, 182,
       179, 186, 231, 78, 65, 125, 231, 169, 104, 182, 160, 254, 43, 150,
       245, 151, 184, 76, 255, 46, 77, 174, 225, 221, 14, 249, 156, 84,
       177, 159, 186, 139, 233, 53, 207, 191, 151, 169, 57, 190, 247,
       106, 91, 163, 51, 235, 16, 18, 75, 154, 113, 217, 146, 87, 123,
       192, 64, 167, 82, 218, 220, 166, 189, 13, 124, 116, 167, 191, 127,
       230, 17, 239, 254, 6, 223, 225, 247, 237, 131, 108, 77, 243, 227,
       151, 243, 222, 19, 162, 124, 173, 94, 110, 185, 186, 240, 249,
       245, 88, 211, 171, 157, 188, 57, 191, 223, 66, 26, 167, 187, 255,
       144, 22, 75, 178, 240, 219, 221, 63, 251, 130, 197, 175, 219 ]
keypoints: !!opencv-matrix
   rows: 17
   cols: 2
   dt: d
   data: [ 48., 230., 75., 87., 136., 91., 52., 171., 303., 84.,
       3.8400001525878906e+01, 2.2800001525878906e+02,
       8.1600006103515625e+01, 138., 66., 8.7600006103515625e+01,
       1.2960000610351562e+02, 1.2720000457763672e+02,
       3.0240002441406250e+02, 84., 48., 2.2920001220703125e+02,
       1.0512000274658203e+02, 8.6400001525878906e+01,
       4.4640003204345703e+01, 1.7712001037597656e+02,
       7.4304008483886719e+01, 8.8128005981445312e+01,
       3.1622402954101562e+02, 2.3500802612304688e+02,
       2.9652484130859375e+02, 1.0575361633300781e+02,
       2.8366854858398438e+02, 9.8537498474121094e+01 ]
