%YAML:1.0
---
descriptors: !!opencv-matrix
   rows: 20
   cols: 32
   dt: u
   data: [ 253, 110, 220, 101, 52, 15, 79, 190, 113, 170, 190, 108, 211,
       97, 145, 50, 30, 196, 108, 110, 232, 244, 201, 46, 230, 239, 101,
       148, 104, 176, 66, 41, 2, 143, 43, 191, 214, 227, 185, 103, 28,
       69, 90, 179, 164, 237, 50, 64, 250, 59, 147, 133, 18, 152, 34,
       255, 237, 54, 154, 203, 21, 76, 181, 250, 248, 253, 250, 122, 137,
       253, 87, 223, 243, 119, 172, 25, 47, 249, 70, 27, 129, 243, 253,
       82, 126, 111, 218, 179, 251, 223, 85, 123, 226, 85, 206, 90, 81,
       227, 142, 161, 214, 6, 189, 151, 42, 189, 10, 215, 149, 42, 82,
       74, 231, 199, 45, 149, 214, 216, 133, 96, 252, 37, 126, 196, 168,
       80, 169, 75, 181, 76, 103, 79, 6, 26, 230, 248, 84, 226, 243, 66,
       115, 72, 157, 225, 120, 228, 110, 239, 237, 180, 109, 47, 52, 170,
       229, 4, 109, 187, 120, 36, 254, 172, 148, 178, 169, 237, 80, 207,
       171, 187, 168, 25, 142, 191, 72, 158, 133, 211, 236, 16, 62, 79,
       218, 178, 153, 210, 93, 127, 210, 68, 142, 14, 231, 227, 35, 131,
       244, 159, 239, 53, 104, 232, 83, 220, 145, 204, 220, 164, 158,
       172, 86, 191, 213, 158, 228, 206, 44, 24, 175, 236, 12, 138, 211,
       245, 122, 236, 144, 178, 169, 237, 86, 207, 175, 187, 168, 25,
       174, 254, 64, 158, 129, 211, 236, 16, 30, 75, 218, 179, 187, 213,
       21, 127, 210, 85, 143, 14, 152, 221, 127, 107, 178, 199, 23, 245,
       236, 12, 100, 32, 62, 23, 160, 49, 166, 51, 212, 96, 115, 173, 48,
       127, 107, 201, 36, 66, 115, 128, 167, 251, 89, 249, 150, 164, 29,
       204, 67, 180, 174, 161, 142, 4, 254, 179, 64, 198, 128, 100, 121,
       88, 73, 73, 147, 168, 233, 245, 143, 24, 10, 38, 25, 58, 198, 133,
       82, 153, 245, 204, 124, 173, 189, 17, 179, 18, 204, 122, 40, 89,
       243, 147, 159, 177, 50, 13, 24, 215, 189, 182, 158, 71, 148, 8,
       165, 2, 11, 195, 123, 197, 114, 18, 111, 53, 45, 4, 126, 230, 217,
       39, 148, 116, 118, 133, 23, 238, 193, 152, 37, 204, 102, 237, 170,
       128, 39, 162, 33, 121, 25, 82, 115, 197, 114, 18, 187, 48, 125,
       192, 126, 230, 221, 19, 148, 228, 118, 157, 22, 236, 193, 156, 37,
       206, 38, 172, 42, 192, 47, 130, 33, 181, 145, 206, 111, 253, 150,
       2, 111, 119, 117, 2, 242, 246, 123, 107, 176, 97, 123, 231, 61,
       174, 233, 189, 5, 223, 242, 239, 238, 128, 61, 248, 240, 32, 190,
       249, 236, 225, 189, 87, 220, 156, 83, 252, 148, 26, 153, 29, 209,
       43, 94, 221, 221, 253, 250, 110, 253, 168, 255, 217, 175, 253,
       231, 188, 214, 251, 191, 230, 233, 203, 246, 147, 249, 220, 95,
       81, 124, 246, 89, 77, 188, 41, 127, 155, 23, 189, 183, 244, 109,
       210, 126, 75, 190, 228, 247, 222, 241, 253, 209, 206, 95, 255, 46,
       10, 109, 183, 252, 82, 210, 246, 253, 107, 185, 99, 103, 231, 127,
       175, 233, 197, 45, 239, 244, 235, 254, 144, 60, 240, 225, 41, 205,
       222, 87, 211, 162, 186, 62, 182, 252, 146, 14, 244, 237, 99, 133,
       235, 39, 119, 234, 26, 245, 236, 63, 238, 174, 63, 87, 67, 174,
       241, 137, 13, 170, 94, 211, 158, 75, 225, 190, 198, 186, 70, 252,
       229, 40, 231, 39, 144, 110, 251, 131, 194, 97, 3, 2, 251, 118,
       229, 186, 169, 83, 245, 47, 219, 229, 113, 237, 67, 100, 94, 111,
       152, 99, 250, 119, 228, 211, 21, 221, 123, 30, 204, 118, 110, 201,
       244, 253, 0, 198, 233, 229, 132, 109, 251, 82, 241 ]
keypoints: !!opencv-matrix
   rows: 20
   cols: 2
   dt: d
   data: [ 106., 114., 115., 88., 102., 171., 1.3080000305175781e+02,
       1.3920001220703125e+02, 9.1200004577636719e+01,
       2.2800001525878906e+02, 96., 1.7640000915527344e+02,
       1.4544000244140625e+02, 1.2096000671386719e+02,
       9.6480003356933594e+01, 1.7712001037597656e+02,
       2.0304000854492188e+02, 1.4256001281738281e+02,
       2.0880000305175781e+02, 1.0512000274658203e+02,
       1.9440000915527344e+02, 8.7840003967285156e+01,
       1.0368000793457031e+02, 2.3328002929687500e+02,
       1.0886401367187500e+02, 2.3328002929687500e+02,
       1.5137281799316406e+02, 8.9164810180664062e+01,
       1.9906562805175781e+02, 9.5385612487792969e+01,
       1.6381442260742188e+02, 9.5385612487792969e+01,
       1.5178755187988281e+02, 8.9579544067382812e+01,
       1.6671748352050781e+02, 1.4432260131835938e+02,
       2.0155397033691406e+02, 1.3934594726562500e+02,
       2.1499090576171875e+02, 9.5551513671875000e+01 ]
