%YAML:1.0
---
descriptors: !!opencv-matrix
   rows: 23
   cols: 32
   dt: u
   data: [ 32, 141, 25, 185, 189, 193, 21, 231, 94, 25, 88, 48, 180, 179,
       32, 96, 201, 42, 18, 0, 82, 56, 98, 183, 237, 150, 30, 107, 16, 8,
       213, 170, 188, 161, 82, 225, 213, 94, 118, 125, 53, 164, 246, 27,
       75, 153, 106, 148, 248, 220, 231, 114, 124, 183, 145, 130, 255,
       253, 133, 69, 99, 174, 238, 130, 112, 169, 188, 58, 141, 221, 84,
       207, 239, 177, 168, 9, 34, 248, 70, 26, 201, 227, 104, 17, 30,
       107, 218, 49, 155, 223, 85, 123, 209, 90, 202, 14, 49, 15, 75,
       238, 180, 163, 239, 115, 85, 72, 250, 230, 113, 233, 177, 96, 126,
       234, 30, 172, 185, 187, 45, 191, 240, 238, 167, 128, 61, 250, 240,
       161, 66, 217, 56, 190, 93, 197, 23, 239, 159, 13, 204, 9, 166,
       214, 34, 80, 192, 187, 19, 65, 74, 11, 82, 183, 241, 180, 26, 59,
       16, 24, 181, 74, 0, 153, 25, 187, 61, 201, 49, 239, 94, 29, 64,
       48, 166, 183, 32, 96, 193, 58, 130, 0, 18, 56, 98, 183, 205, 150,
       26, 107, 16, 8, 149, 171, 205, 180, 248, 83, 188, 124, 113, 153,
       122, 245, 167, 24, 223, 55, 202, 122, 147, 86, 236, 24, 54, 108,
       251, 2, 207, 253, 55, 125, 130, 192, 205, 99, 66, 174, 170, 156,
       243, 240, 190, 231, 63, 143, 92, 163, 172, 174, 103, 192, 255,
       251, 163, 145, 22, 154, 134, 243, 126, 119, 158, 235, 148, 84,
       175, 207, 18, 175, 198, 147, 210, 171, 172, 231, 63, 51, 242, 210,
       204, 34, 24, 221, 123, 223, 110, 144, 50, 216, 205, 230, 188, 38,
       222, 65, 161, 80, 163, 140, 163, 248, 234, 185, 116, 157, 249,
       215, 95, 75, 84, 87, 184, 216, 118, 40, 221, 43, 23, 157, 183,
       190, 118, 243, 79, 95, 190, 232, 221, 12, 241, 219, 221, 219, 110,
       173, 14, 75, 119, 249, 84, 230, 214, 135, 87, 73, 50, 65, 120,
       228, 111, 231, 236, 181, 93, 63, 242, 227, 229, 21, 125, 186, 180,
       82, 177, 12, 7, 31, 212, 43, 230, 239, 116, 3, 235, 82, 83, 32,
       56, 73, 121, 206, 42, 42, 121, 252, 77, 47, 52, 38, 86, 64, 233,
       121, 240, 160, 10, 174, 186, 190, 211, 224, 187, 198, 62, 13, 92,
       163, 172, 238, 98, 64, 255, 123, 131, 145, 22, 154, 128, 255, 126,
       117, 158, 235, 148, 86, 175, 219, 107, 242, 240, 222, 109, 117,
       220, 222, 91, 95, 244, 191, 44, 157, 223, 188, 207, 219, 247, 7,
       206, 102, 234, 243, 23, 95, 216, 187, 95, 221, 126, 223, 138, 55,
       239, 146, 234, 112, 189, 87, 139, 255, 28, 255, 44, 172, 231, 11,
       175, 127, 247, 149, 182, 91, 166, 192, 126, 81, 127, 171, 199, 84,
       135, 223, 42, 181, 56, 250, 253, 221, 81, 63, 143, 93, 189, 57,
       186, 253, 78, 32, 201, 155, 215, 16, 91, 42, 122, 149, 79, 221,
       48, 255, 82, 10, 204, 243, 53, 205, 67, 14, 221, 15, 198, 236, 81,
       226, 233, 74, 83, 248, 61, 181, 89, 204, 0, 111, 237, 183, 92, 46,
       177, 46, 69, 20, 121, 123, 242, 132, 9, 222, 27, 249, 52, 175,
       235, 182, 222, 73, 90, 70, 181, 179, 176, 96, 205, 42, 30, 28,
       163, 188, 80, 191, 236, 223, 178, 192, 152, 136, 80, 169, 7, 1,
       227, 137, 246, 102, 239, 85, 61, 69, 255, 130, 93, 254, 190, 124,
       126, 175, 19, 189, 145, 146, 52, 200, 53, 62, 158, 132, 181, 255,
       165, 244, 2, 238, 185, 185, 114, 225, 187, 199, 30, 13, 88, 161,
       172, 143, 34, 64, 207, 59, 147, 145, 2, 154, 96, 255, 237, 213,
       190, 235, 144, 64, 167, 251, 98, 237, 168, 27, 189, 189, 150, 175,
       94, 63, 172, 9, 162, 168, 86, 132, 129, 66, 232, 21, 22, 40, 203,
       55, 47, 22, 21, 127, 210, 92, 219, 14, 187, 207, 102, 153, 246,
       147, 188, 103, 221, 192, 84, 231, 40, 204, 182, 165, 126, 171,
       147, 229, 245, 254, 36, 239, 62, 91, 222, 195, 111, 140, 249, 221,
       129, 201, 195, 157, 214, 138, 166, 230, 118, 160, 66, 66, 177,
       128, 144, 228, 121, 110, 42, 216, 99, 252, 69, 127, 44, 38, 151,
       64, 41, 153, 240, 168 ]
keypoints: !!opencv-matrix
   rows: 23
   cols: 2
   dt: d
   data: [ 219., 231., 194., 139., 1.7520001220703125e+02,
       1.6680000305175781e+02, 7.5600006103515625e+01,
       1.5480000305175781e+02, 1.5960000610351562e+02,
       2.3880000305175781e+02, 2.1840000915527344e+02,
       2.3040000915527344e+02, 1.6704000854492188e+02,
       2.2608000183105469e+02, 1.7452801513671875e+02,
       1.1923200988769531e+02, 2.1427201843261719e+02,
       1.7452801513671875e+02, 1.6416001892089844e+02,
       1.2787200927734375e+02, 2.7993603515625000e+02,
       2.3328002929687500e+02, 2.2187522888183594e+02,
       1.8455043029785156e+02, 1.7418241882324219e+02,
       1.1819521331787109e+02, 1.0160641479492188e+02,
       1.6381442260742188e+02, 8.5017608642578125e+01,
       1.7832962036132812e+02, 1.6381442260742188e+02,
       2.1358082580566406e+02, 2.1648388671875000e+02,
       1.1943939208984375e+02, 1.5925251770019531e+02,
       1.2441603088378906e+02, 1.9657733154296875e+02,
       1.4681091308593750e+02, 1.7318711853027344e+02,
       1.1645340728759766e+02, 2.1857409667968750e+02,
       1.2182818603515625e+02, 1.7915908813476562e+02,
       1.5049363708496094e+02, 2.1857409667968750e+02,
       1.8274227905273438e+02 ]
