%YAML:1.0
---
descriptors: !!opencv-matrix
   rows: 26
   cols: 32
   dt: u
   data: [ 192, 140, 159, 191, 32, 236, 97, 39, 188, 27, 98, 17, 182,
       179, 32, 91, 161, 35, 104, 12, 50, 205, 19, 103, 205, 182, 90, 64,
       192, 0, 129, 10, 82, 188, 155, 184, 155, 225, 49, 71, 174, 17,
       168, 48, 172, 182, 96, 120, 163, 59, 235, 144, 19, 11, 146, 243,
       217, 148, 26, 123, 144, 64, 167, 186, 246, 189, 148, 178, 185,
       237, 20, 239, 191, 187, 160, 25, 238, 242, 76, 159, 137, 251, 236,
       16, 126, 79, 202, 243, 185, 214, 95, 127, 208, 68, 135, 15, 137,
       74, 251, 109, 52, 14, 111, 158, 125, 8, 118, 96, 159, 19, 145,
       120, 54, 76, 110, 124, 225, 184, 33, 78, 230, 255, 37, 132, 74,
       240, 99, 41, 66, 171, 27, 248, 155, 224, 57, 103, 174, 21, 136,
       177, 172, 151, 96, 80, 199, 59, 235, 144, 18, 9, 162, 85, 221,
       181, 154, 123, 144, 0, 167, 106, 0, 205, 57, 235, 244, 169, 191,
       255, 30, 9, 124, 98, 189, 251, 176, 32, 254, 43, 23, 9, 211, 56,
       106, 247, 110, 221, 190, 232, 20, 218, 225, 169, 208, 89, 190,
       244, 2, 194, 52, 70, 172, 132, 234, 163, 47, 159, 33, 83, 162,
       247, 233, 193, 72, 205, 130, 108, 243, 225, 78, 3, 97, 48, 39, 10,
       17, 28, 23, 249, 150, 135, 41, 87, 118, 137, 90, 70, 181, 147,
       160, 224, 127, 58, 62, 152, 227, 153, 17, 222, 172, 174, 190, 64,
       184, 136, 161, 169, 54, 36, 114, 225, 213, 42, 242, 72, 97, 1,
       251, 2, 75, 25, 29, 24, 250, 141, 85, 178, 24, 179, 209, 192, 183,
       252, 130, 7, 225, 83, 230, 130, 177, 64, 111, 109, 6, 11, 230, 56,
       116, 162, 242, 202, 115, 72, 145, 97, 120, 228, 110, 106, 237,
       180, 69, 31, 116, 171, 97, 16, 109, 186, 88, 136, 157, 206, 108,
       173, 6, 91, 230, 188, 84, 230, 246, 135, 243, 72, 26, 97, 122,
       196, 110, 231, 237, 180, 125, 63, 246, 227, 231, 21, 125, 186,
       120, 90, 0, 164, 25, 251, 217, 233, 176, 207, 222, 49, 41, 24,
       140, 151, 104, 32, 131, 27, 202, 16, 50, 24, 74, 215, 141, 148,
       27, 127, 144, 8, 133, 162, 49, 142, 75, 187, 148, 163, 235, 255,
       86, 75, 216, 214, 113, 203, 184, 64, 127, 170, 23, 157, 187, 190,
       79, 255, 248, 142, 191, 192, 189, 202, 240, 185, 39, 220, 99, 95,
       213, 247, 167, 230, 93, 66, 122, 66, 120, 248, 181, 228, 121, 106,
       18, 203, 225, 188, 63, 239, 37, 62, 134, 2, 95, 255, 113, 172, 3,
       220, 130, 159, 213, 182, 174, 230, 92, 194, 90, 71, 232, 232, 183,
       228, 253, 111, 179, 143, 197, 184, 31, 239, 46, 62, 158, 130, 159,
       127, 249, 156, 171, 189, 97, 90, 213, 213, 207, 231, 83, 201, 236,
       24, 56, 252, 22, 181, 217, 170, 18, 156, 251, 250, 122, 255, 111,
       31, 148, 104, 203, 12, 242, 252, 120, 205, 58, 254, 153, 204, 87,
       182, 165, 4, 236, 8, 183, 55, 35, 112, 192, 242, 77, 64, 122, 43,
       115, 63, 243, 231, 36, 25, 112, 57, 166, 106, 162, 181, 184, 216,
       253, 237, 181, 207, 223, 63, 56, 27, 172, 188, 108, 8, 141, 27,
       195, 17, 50, 107, 90, 211, 93, 22, 30, 127, 209, 72, 213, 219,
       157, 93, 123, 229, 178, 14, 111, 185, 52, 200, 90, 230, 87, 119,
       161, 224, 54, 125, 28, 110, 241, 144, 61, 14, 229, 237, 39, 132,
       44, 242, 1, 113, 149, 141, 199, 31, 148, 43, 231, 239, 118, 35,
       106, 82, 83, 96, 184, 105, 121, 206, 42, 27, 121, 252, 77, 63, 60,
       46, 119, 68, 249, 248, 240, 168, 21, 140, 135, 31, 214, 11, 231,
       239, 118, 163, 234, 82, 115, 97, 184, 105, 121, 206, 42, 26, 123,
       248, 77, 63, 60, 38, 119, 68, 249, 248, 240, 168, 3, 170, 134,
       159, 80, 130, 170, 232, 62, 17, 194, 195, 224, 226, 88, 84, 121,
       238, 42, 213, 38, 218, 207, 117, 28, 38, 159, 68, 137, 2, 59, 140,
       109, 247, 237, 79, 188, 55, 79, 184, 83, 234, 189, 204, 211, 101,
       221, 180, 93, 196, 124, 238, 249, 98, 127, 190, 234, 223, 229,
       188, 255, 251, 210, 112, 42, 239, 42, 185, 112, 225, 187, 199, 30,
       13, 88, 163, 173, 207, 34, 64, 205, 59, 135, 145, 10, 154, 96,
       255, 237, 245, 190, 233, 148, 84, 165, 251, 9, 78, 31, 253, 52,
       175, 107, 182, 220, 73, 94, 68, 181, 179, 177, 97, 196, 34, 30,
       28, 161, 153, 33, 191, 237, 255, 178, 192, 152, 216, 113, 41, 11,
       182, 211, 209, 242, 50, 169, 95, 62, 251, 94, 246, 136, 182, 204,
       236, 55, 15, 178, 156, 179, 220, 165, 211, 12, 30, 190, 230, 142,
       196, 171, 189 ]
keypoints: !!opencv-matrix
   rows: 26
   cols: 2
   dt: d
   data: [ 31., 183., 160., 117., 3.2040002441406250e+02,
       1.8480000305175781e+02, 3.1968002319335938e+02,
       1.2240000152587891e+02, 1.5984001159667969e+02,
       1.1808000183105469e+02, 3.3840002441406250e+02,
       9.7920005798339844e+01, 5.6160003662109375e+01,
       1.9008000183105469e+02, 3.2112002563476562e+02,
       1.0512000274658203e+02, 5.3568004608154297e+01,
       2.3500802612304688e+02, 3.2313601684570312e+02,
       2.3328002929687500e+02, 2.2118402099609375e+02,
       2.2982402038574219e+02, 1.5897601318359375e+02,
       2.2809602355957031e+02, 1.0195201110839844e+02,
       1.2268801116943359e+02, 1.2960000610351562e+02,
       1.1577600860595703e+02, 1.2614401245117188e+02,
       1.1404801177978516e+02, 7.4649612426757812e+01,
       1.8247682189941406e+02, 9.5385612487792969e+01,
       2.3224322509765625e+02, 1.4929922485351562e+02,
       2.2809603881835938e+02, 8.5017608642578125e+01,
       2.1565443420410156e+02, 1.6381442260742188e+02,
       1.8247682189941406e+02, 1.6422915649414062e+02,
       1.8413572692871094e+02, 1.5925251770019531e+02,
       1.7169412231445312e+02, 2.8366854858398438e+02,
       1.1048143768310547e+02, 1.1943939208984375e+02,
       1.1346742248535156e+02, 1.0152348327636719e+02,
       1.2242537689208984e+02, 2.5082272338867188e+02,
       1.6840954589843750e+02 ]
