%YAML:1.0
---
descriptors: !!opencv-matrix
   rows: 23
   cols: 32
   dt: u
   data: [ 188, 37, 114, 64, 213, 223, 86, 97, 117, 174, 247, 11, 75,
       217, 46, 148, 248, 252, 199, 114, 120, 179, 0, 142, 219, 253, 37,
       199, 99, 174, 110, 131, 81, 93, 157, 37, 176, 14, 77, 55, 36, 224,
       170, 76, 151, 51, 1, 82, 4, 100, 124, 108, 201, 216, 209, 8, 229,
       174, 100, 16, 40, 240, 3, 56, 113, 169, 156, 46, 141, 221, 84,
       229, 239, 177, 168, 9, 98, 248, 86, 18, 200, 227, 106, 81, 94, 43,
       218, 49, 187, 221, 5, 123, 209, 10, 202, 14, 57, 15, 107, 236, 52,
       131, 239, 119, 84, 72, 222, 230, 113, 233, 176, 96, 126, 234, 30,
       173, 249, 187, 37, 159, 248, 239, 166, 128, 191, 170, 240, 169,
       32, 197, 56, 186, 221, 205, 85, 239, 159, 29, 136, 25, 182, 247,
       42, 80, 201, 155, 3, 1, 122, 10, 114, 55, 237, 213, 28, 123, 16,
       8, 132, 234, 0, 179, 25, 251, 253, 201, 177, 239, 30, 61, 64, 50,
       174, 149, 104, 64, 199, 27, 130, 16, 18, 56, 106, 149, 205, 144,
       18, 127, 80, 8, 133, 171, 131, 79, 166, 157, 213, 183, 174, 230,
       93, 206, 82, 215, 168, 232, 183, 205, 253, 111, 179, 223, 244,
       220, 23, 238, 46, 62, 223, 130, 159, 125, 185, 220, 120, 169, 176,
       42, 189, 205, 83, 197, 3, 173, 184, 41, 182, 185, 64, 16, 152,
       250, 109, 81, 26, 43, 202, 49, 249, 212, 37, 123, 208, 10, 214,
       11, 32, 133, 60, 187, 189, 205, 21, 239, 142, 61, 172, 9, 182,
       247, 42, 80, 137, 27, 203, 1, 90, 11, 122, 183, 233, 213, 28, 127,
       16, 88, 141, 234, 60, 36, 242, 232, 213, 126, 250, 81, 37, 7, 255,
       3, 11, 153, 61, 208, 248, 153, 215, 162, 24, 179, 17, 130, 243,
       221, 130, 7, 231, 247, 254, 130, 162, 233, 106, 94, 205, 213, 254,
       228, 217, 20, 252, 10, 104, 248, 183, 37, 232, 234, 147, 195, 238,
       59, 62, 245, 51, 25, 198, 43, 87, 31, 126, 238, 128, 164, 25, 251,
       253, 237, 176, 207, 142, 49, 41, 24, 140, 149, 104, 40, 137, 27,
       194, 16, 50, 40, 90, 215, 13, 148, 31, 127, 144, 72, 133, 162,
       253, 149, 84, 111, 175, 91, 85, 189, 133, 190, 183, 56, 79, 113,
       138, 167, 19, 214, 252, 106, 121, 101, 107, 157, 250, 219, 101,
       215, 118, 254, 216, 67, 124, 165, 148, 178, 137, 125, 80, 201,
       147, 183, 169, 25, 79, 251, 74, 154, 153, 215, 232, 48, 30, 67,
       219, 146, 219, 215, 85, 127, 210, 111, 142, 2, 49, 143, 111, 204,
       52, 179, 107, 114, 85, 72, 254, 198, 115, 171, 178, 96, 126, 174,
       30, 172, 169, 187, 37, 255, 242, 239, 162, 192, 61, 138, 112, 105,
       34, 238, 170, 186, 115, 225, 187, 198, 30, 13, 124, 163, 172, 239,
       98, 64, 223, 187, 131, 145, 2, 154, 66, 255, 125, 85, 190, 235,
       149, 82, 167, 219, 111, 246, 248, 202, 236, 61, 252, 255, 91, 127,
       125, 255, 24, 189, 222, 184, 223, 223, 183, 167, 212, 54, 238,
       211, 86, 95, 253, 239, 95, 254, 222, 215, 10, 237, 29, 249, 51,
       227, 185, 231, 158, 29, 220, 161, 173, 183, 32, 65, 207, 59, 151,
       144, 58, 152, 96, 253, 237, 215, 158, 195, 144, 64, 165, 251, 153,
       157, 31, 253, 159, 230, 53, 230, 253, 80, 206, 2, 188, 179, 32,
       97, 230, 51, 58, 64, 113, 137, 51, 253, 251, 235, 82, 66, 58, 72,
       33, 58, 155, 205, 110, 153, 246, 211, 188, 103, 157, 192, 86, 167,
       104, 204, 182, 165, 110, 43, 147, 229, 245, 253, 36, 255, 62, 91,
       222, 195, 111, 140, 249, 221, 139, 252, 230, 151, 71, 180, 188,
       198, 95, 95, 86, 151, 40, 236, 182, 173, 253, 111, 179, 133, 165,
       252, 182, 227, 6, 127, 222, 131, 207, 124, 121, 220, 43, 189, 165,
       253, 189, 244, 93, 159, 151, 93, 236, 5, 170, 255, 22, 244, 201,
       194, 253, 140, 175, 72, 243, 183, 239, 255, 148, 91, 154, 212,
       222, 126, 129, 237, 195, 157, 214, 139, 166, 230, 118, 160, 74,
       66, 177, 130, 177, 228, 121, 110, 42, 216, 99, 252, 69, 127, 44,
       38, 151, 64, 57, 25, 241, 168 ]
keypoints: !!opencv-matrix
   rows: 23
   cols: 2
   dt: d
   data: [ 1.8480000305175781e+02, 138., 1.7280000305175781e+02,
       1.6680000305175781e+02, 1.6440000915527344e+02,
       1.6680000305175781e+02, 6.4800003051757812e+01,
       1.5552000427246094e+02, 1.4832000732421875e+02,
       2.3904000854492188e+02, 2.0880000305175781e+02,
       2.3040000915527344e+02, 1.7136000061035156e+02,
       1.1664000701904297e+02, 1.6560000610351562e+02,
       1.6560000610351562e+02, 1.4688002014160156e+02,
       2.4019201660156250e+02, 1.1059201049804688e+02,
       2.3673602294921875e+02, 1.9353601074218750e+02,
       2.2464001464843750e+02, 2.0736003112792969e+02,
       2.3016963195800781e+02, 9.7459213256835938e+01,
       1.7832962036132812e+02, 1.6796162414550781e+02,
       2.3431683349609375e+02, 6.4281608581542969e+01,
       1.5552001953125000e+02, 1.6422915649414062e+02,
       1.1943939208984375e+02, 9.2067863464355469e+01,
       1.6422915649414062e+02, 1.6124317932128906e+02,
       1.1824500274658203e+02, 1.5049363708496094e+02,
       1.2541136169433594e+02, 1.6840954589843750e+02,
       1.5049363708496094e+02, 2.7590499877929688e+02,
       1.5766000366210938e+02, 1.1107863616943359e+02,
       1.8274227905273438e+02, 2.0782455444335938e+02,
       1.8274227905273438e+02 ]
