%YAML:1.0
---
descriptors: !!opencv-matrix
   rows: 27
   cols: 32
   dt: u
   data: [ 181, 204, 109, 111, 6, 27, 198, 188, 84, 226, 242, 194, 243,
       104, 153, 225, 122, 228, 110, 239, 237, 180, 109, 47, 180, 171,
       229, 20, 125, 186, 120, 4, 246, 189, 148, 178, 169, 237, 84, 239,
       187, 187, 168, 25, 174, 242, 64, 159, 133, 211, 236, 16, 126, 79,
       218, 178, 185, 210, 93, 127, 192, 84, 143, 15, 127, 65, 82, 76,
       109, 82, 66, 104, 97, 192, 239, 8, 75, 240, 189, 246, 216, 196,
       236, 106, 77, 163, 229, 136, 18, 252, 193, 31, 75, 175, 122, 4,
       43, 182, 243, 76, 122, 181, 219, 91, 27, 233, 125, 237, 60, 253,
       246, 180, 159, 57, 151, 53, 151, 50, 230, 223, 78, 93, 41, 238,
       215, 238, 86, 247, 16, 151, 94, 165, 166, 43, 188, 55, 52, 174,
       250, 231, 215, 41, 128, 3, 127, 215, 79, 161, 240, 248, 69, 76,
       236, 130, 127, 132, 109, 248, 133, 153, 245, 76, 77, 109, 4, 26,
       230, 184, 116, 162, 242, 194, 243, 104, 145, 225, 122, 228, 110,
       234, 233, 180, 109, 46, 180, 171, 101, 4, 109, 187, 112, 40, 184,
       197, 127, 236, 150, 2, 110, 247, 85, 0, 254, 66, 91, 43, 48, 64,
       120, 198, 31, 234, 248, 187, 5, 175, 242, 239, 166, 192, 55, 154,
       240, 8, 43, 175, 81, 201, 247, 139, 239, 255, 95, 65, 124, 198,
       168, 201, 188, 164, 123, 170, 18, 156, 211, 186, 108, 255, 46, 28,
       134, 228, 95, 142, 241, 173, 16, 143, 42, 175, 150, 162, 191, 103,
       20, 5, 218, 167, 181, 234, 58, 64, 248, 43, 19, 133, 218, 184, 5,
       255, 236, 39, 186, 192, 53, 74, 181, 202, 143, 253, 247, 87, 247,
       191, 191, 252, 95, 219, 95, 252, 252, 252, 191, 165, 55, 106, 182,
       95, 247, 252, 46, 255, 46, 95, 117, 198, 207, 255, 217, 253, 83,
       25, 151, 188, 11, 244, 52, 39, 172, 203, 202, 69, 172, 190, 34,
       194, 228, 119, 233, 5, 69, 201, 146, 225, 145, 118, 90, 11, 8,
       116, 169, 95, 198, 149, 18, 155, 245, 204, 190, 33, 61, 13, 211,
       19, 204, 126, 42, 81, 243, 147, 143, 177, 118, 25, 25, 215, 189,
       54, 154, 71, 16, 12, 165, 70, 177, 78, 111, 101, 4, 10, 102, 52,
       116, 162, 242, 194, 243, 96, 145, 113, 120, 228, 110, 234, 233,
       182, 101, 46, 244, 175, 225, 16, 101, 187, 80, 40, 35, 241, 97,
       65, 242, 143, 107, 125, 39, 101, 124, 207, 27, 7, 150, 20, 62,
       153, 23, 124, 211, 154, 117, 95, 126, 140, 37, 228, 111, 134, 195,
       241, 75, 25, 237, 69, 164, 94, 109, 55, 101, 238, 222, 128, 251,
       53, 147, 118, 38, 230, 125, 172, 205, 152, 117, 200, 231, 255,
       244, 128, 166, 246, 220, 125, 73, 53, 105, 69, 112, 254, 107, 51,
       121, 205, 127, 252, 185, 38, 150, 112, 118, 174, 20, 12, 183, 152,
       245, 79, 102, 125, 160, 192, 46, 198, 66, 253, 114, 173, 148, 178,
       153, 141, 86, 231, 171, 185, 168, 9, 174, 242, 68, 150, 129, 243,
       236, 17, 94, 75, 218, 115, 185, 214, 29, 123, 192, 70, 139, 14,
       122, 139, 248, 126, 171, 176, 26, 138, 203, 53, 173, 161, 111,
       238, 111, 82, 215, 223, 237, 195, 14, 11, 238, 177, 218, 245, 139,
       59, 182, 103, 44, 79, 39, 118, 232, 26, 236, 53, 222, 218, 91,
       111, 252, 255, 104, 232, 223, 172, 223, 203, 246, 151, 143, 38,
       110, 242, 22, 95, 240, 187, 221, 253, 122, 213, 216, 62, 59, 246,
       43, 100, 89, 48, 53, 206, 215, 181, 255, 183, 130, 91, 166, 151,
       253, 130, 233, 79, 171, 235, 211, 243, 122, 139, 34, 197, 39, 123,
       20, 135, 76, 171, 158, 171, 75, 248, 22, 49, 223, 246, 83, 97,
       184, 65, 123, 194, 63, 255, 186, 176, 77, 191, 252, 207, 175, 196,
       189, 203, 240, 48, 9, 148, 62, 123, 244, 254, 249, 51, 252, 95,
       127, 16, 221, 127, 190, 121, 151, 3, 55, 60, 179, 248, 63, 213,
       79, 251, 114, 192, 134, 197, 231, 241, 207, 22, 119, 222, 106,
       118, 121, 240, 185, 95, 119, 252, 92, 247, 143, 255, 119, 215,
       255, 238, 161, 71, 170, 231, 86, 122, 112, 142, 14, 231, 38, 117,
       78, 180, 241, 210, 235, 112, 20, 158, 123, 250, 28, 248, 72, 247,
       205, 254, 23, 222, 255, 186, 179, 70, 239, 226, 31, 95, 87, 239,
       134, 247, 166, 117, 65, 255, 223, 237, 50, 2, 127, 191, 52, 74,
       246, 224, 253, 55, 137, 115, 118, 215, 124, 234, 233, 219, 229,
       109, 242, 175, 230, 132, 44, 176, 163, 57, 7, 54, 251, 163, 182,
       171, 187, 83, 94, 233, 91, 239, 253, 252, 222, 32, 191, 107, 87,
       29, 151, 248, 45, 232, 236, 93, 62, 224, 205, 207, 145, 209, 94,
       214, 231, 246, 173, 70, 125, 188, 49, 255, 151, 191, 206, 237,
       155, 79, 55, 215, 253, 239, 248, 211, 187, 232, 251, 251, 253,
       150, 174, 254, 149, 123 ]
keypoints: !!opencv-matrix
   rows: 27
   cols: 2
   dt: d
   data: [ 176., 232., 1.7760000610351562e+02, 180.,
       2.0280000305175781e+02, 1.3320001220703125e+02,
       2.4120001220703125e+02, 9.9600006103515625e+01,
       2.8920001220703125e+02, 1.0560000610351562e+02,
       1.7568000793457031e+02, 2.3040000915527344e+02,
       2.2896000671386719e+02, 9.3600006103515625e+01,
       2.0160000610351562e+02, 9.3600006103515625e+01,
       1.9440000915527344e+02, 9.3600006103515625e+01,
       3.2255999755859375e+02, 5.4720001220703125e+01,
       2.8368002319335938e+02, 1.3391999816894531e+02,
       2.7216000366210938e+02, 9.2160003662109375e+01,
       1.7452801513671875e+02, 2.2982402038574219e+02,
       2.0736001586914062e+02, 1.6588801574707031e+02,
       2.8684802246093750e+02, 1.0195201110839844e+02,
       2.8615682983398438e+02, 1.0782721710205078e+02,
       1.7625602722167969e+02, 1.8247682189941406e+02,
       2.1772802734375000e+02, 1.3685762023925781e+02,
       2.0528642272949219e+02, 1.1612161254882812e+02,
       2.2394885253906250e+02, 1.1446274566650391e+02,
       1.9707499694824219e+02, 9.5551513671875000e+01,
       2.8665454101562500e+02, 1.0749545288085938e+02,
       2.2394885253906250e+02, 1.1346742248535156e+02,
       2.2096287536621094e+02, 1.3436932373046875e+02,
       1.8274227905273438e+02, 1.1466181945800781e+02,
       2.0782455444335938e+02, 1.1466181945800781e+02,
       2.3649000549316406e+02, 1.3616090393066406e+02 ]
