%YAML:1.0
---
descriptors: !!opencv-matrix
   rows: 34
   cols: 32
   dt: u
   data: [ 68, 184, 187, 240, 234, 205, 177, 195, 174, 249, 160, 8, 148,
       159, 96, 40, 163, 49, 123, 17, 19, 107, 178, 80, 221, 150, 31,
       126, 200, 8, 7, 179, 118, 117, 228, 142, 159, 83, 158, 232, 63,
       166, 169, 139, 206, 254, 15, 215, 255, 245, 251, 227, 108, 67,
       221, 238, 187, 246, 207, 63, 23, 127, 174, 70, 88, 249, 18, 230,
       49, 220, 116, 117, 169, 73, 111, 12, 62, 159, 34, 176, 164, 59,
       221, 0, 71, 169, 178, 237, 243, 253, 22, 11, 74, 6, 143, 27, 2,
       157, 43, 191, 215, 224, 185, 103, 28, 69, 90, 179, 188, 255, 32,
       64, 251, 59, 147, 129, 50, 152, 18, 255, 237, 54, 154, 195, 148,
       72, 181, 250, 114, 96, 18, 232, 77, 13, 248, 72, 173, 0, 185, 11,
       14, 155, 108, 80, 232, 145, 79, 243, 10, 39, 144, 208, 149, 144,
       138, 127, 81, 11, 99, 130, 18, 143, 43, 187, 150, 227, 187, 103,
       28, 69, 90, 163, 165, 237, 48, 64, 254, 59, 147, 133, 50, 152, 32,
       255, 237, 39, 186, 193, 149, 74, 181, 250, 232, 180, 172, 126,
       173, 253, 84, 191, 87, 127, 188, 25, 251, 253, 90, 155, 217, 218,
       253, 24, 126, 110, 251, 183, 239, 223, 245, 125, 210, 92, 222,
       219, 181, 77, 79, 109, 6, 27, 230, 248, 84, 226, 250, 202, 115,
       104, 149, 225, 120, 228, 110, 235, 237, 182, 109, 47, 180, 171,
       229, 4, 109, 187, 120, 4, 236, 180, 188, 115, 172, 125, 81, 155,
       251, 255, 181, 56, 214, 249, 74, 59, 129, 86, 108, 24, 186, 100,
       251, 19, 207, 219, 117, 117, 194, 233, 206, 99, 125, 65, 82, 76,
       125, 82, 70, 40, 225, 192, 239, 8, 75, 208, 189, 244, 88, 228,
       180, 106, 77, 163, 252, 142, 50, 253, 129, 27, 123, 175, 122, 4,
       144, 139, 61, 185, 50, 203, 49, 39, 62, 61, 82, 179, 183, 7, 162,
       65, 38, 59, 47, 1, 50, 152, 1, 29, 200, 129, 58, 209, 52, 128,
       133, 107, 1, 189, 249, 73, 244, 253, 227, 151, 122, 73, 120, 100,
       148, 176, 212, 48, 151, 26, 18, 24, 147, 184, 240, 87, 13, 156,
       48, 100, 216, 194, 195, 189, 254, 172, 148, 178, 169, 237, 80,
       207, 187, 187, 160, 25, 142, 191, 72, 154, 129, 211, 236, 16, 62,
       79, 218, 178, 155, 214, 93, 127, 210, 68, 142, 15, 252, 252, 246,
       122, 137, 253, 86, 239, 243, 23, 165, 25, 47, 253, 79, 155, 137,
       243, 237, 18, 122, 111, 154, 179, 251, 223, 85, 59, 242, 85, 206,
       90, 188, 113, 232, 101, 164, 95, 79, 157, 87, 174, 190, 10, 83,
       61, 219, 42, 92, 220, 52, 122, 201, 242, 125, 138, 111, 207, 165,
       180, 231, 250, 92, 185, 26, 143, 15, 175, 150, 226, 43, 103, 4, 5,
       218, 163, 245, 103, 32, 64, 126, 59, 31, 161, 26, 153, 1, 255,
       233, 165, 170, 193, 52, 10, 181, 122, 95, 121, 129, 164, 50, 92,
       94, 184, 41, 232, 90, 237, 255, 214, 211, 240, 150, 237, 253, 103,
       205, 18, 244, 40, 178, 253, 45, 184, 46, 183, 11, 85, 189, 52,
       236, 103, 52, 95, 79, 57, 87, 238, 183, 26, 211, 61, 223, 35, 94,
       220, 125, 42, 233, 246, 253, 10, 99, 205, 165, 180, 103, 250, 212,
       113, 66, 197, 26, 140, 109, 205, 188, 231, 136, 24, 184, 11, 172,
       218, 44, 3, 234, 51, 203, 65, 66, 43, 18, 209, 53, 16, 138, 59,
       84, 24, 229, 139, 27, 11, 107, 229, 114, 26, 111, 53, 45, 4, 126,
       198, 253, 39, 148, 112, 118, 173, 23, 238, 192, 152, 37, 204, 230,
       237, 170, 128, 39, 178, 97, 121, 49, 77, 111, 101, 6, 10, 102, 52,
       116, 162, 242, 66, 115, 32, 145, 225, 120, 236, 110, 234, 233,
       178, 101, 14, 180, 175, 225, 16, 101, 186, 112, 40, 218, 157, 190,
       191, 173, 94, 92, 175, 189, 126, 214, 23, 239, 254, 34, 203, 231,
       247, 253, 227, 124, 205, 115, 175, 243, 243, 255, 147, 50, 124,
       173, 91, 89, 249, 128, 163, 53, 140, 107, 184, 103, 72, 154, 101,
       255, 211, 218, 196, 112, 202, 28, 223, 207, 152, 205, 253, 236,
       244, 174, 224, 46, 135, 57, 25, 203, 223, 127, 151, 98, 26, 63,
       181, 61, 202, 86, 229, 253, 102, 146, 245, 54, 125, 63, 238, 229,
       220, 45, 239, 166, 255, 126, 128, 46, 246, 163, 253, 232, 188,
       188, 255, 189, 127, 84, 191, 27, 63, 188, 25, 255, 125, 74, 155,
       217, 222, 237, 48, 126, 110, 219, 191, 239, 223, 117, 63, 210,
       252, 206, 91, 113, 73, 207, 101, 6, 10, 102, 52, 116, 162, 234,
       194, 243, 33, 145, 112, 120, 236, 108, 106, 73, 176, 69, 14, 244,
       175, 224, 16, 101, 186, 80, 40, 65, 129, 123, 237, 118, 138, 111,
       53, 109, 64, 90, 194, 253, 11, 180, 96, 114, 173, 31, 237, 193,
       152, 5, 205, 228, 172, 170, 128, 45, 130, 113, 40, 153, 135, 104,
       171, 182, 163, 254, 255, 86, 65, 223, 247, 241, 104, 186, 96, 127,
       139, 23, 245, 190, 184, 77, 191, 236, 77, 174, 196, 253, 138, 249,
       138, 120, 173, 144, 178, 185, 237, 86, 230, 171, 185, 168, 9, 175,
       250, 64, 144, 137, 251, 204, 80, 30, 75, 218, 181, 187, 215, 21,
       123, 210, 86, 206, 14, 124, 227, 66, 162, 215, 18, 74, 248, 1,
       133, 205, 139, 79, 193, 122, 212, 88, 204, 141, 255, 90, 147, 204,
       166, 186, 229, 143, 109, 38, 175, 186, 224, 208, 213, 31, 254,
       162, 66, 53, 245, 188, 75, 242, 240, 253, 247, 168, 113, 182, 223,
       255, 226, 113, 207, 163, 103, 240, 163, 126, 139, 40, 16, 167,
       187, 46, 121, 193, 206, 249, 81, 199, 205, 3, 132, 252, 170, 106,
       247, 175, 148, 92, 218, 130, 250, 91, 2, 234, 185, 58, 220, 133,
       190, 251, 255, 246, 252, 222, 86, 174, 184, 45, 119, 93, 218, 151,
       126, 148, 183, 223, 255, 43, 75, 221, 197, 221, 183, 175, 71, 58,
       158, 211, 211, 235, 181, 190, 125, 61, 83, 90, 190, 230, 182, 173,
       108, 125, 247, 51, 255, 158, 191, 110, 45, 83, 15, 175, 199, 253,
       133, 248, 121, 187, 226, 250, 127, 221, 147, 175, 252, 220, 91 ]
keypoints: !!opencv-matrix
   rows: 34
   cols: 2
   dt: d
   data: [ 186., 128., 328., 88., 106., 114., 95., 90.,
       2.1120001220703125e+02, 2.4120001220703125e+02, 96.,
       8.8800003051757812e+01, 3.2280001831054688e+02,
       9.2400001525878906e+01, 7.0800003051757812e+01,
       2.2920001220703125e+02, 3.2040002441406250e+02, 96.,
       1.0320000457763672e+02, 1.2960000610351562e+02, 186.,
       1.2840000915527344e+02, 1.8360000610351562e+02, 144.,
       7.5600006103515625e+01, 1.7760000610351562e+02,
       8.1600006103515625e+01, 1.7280000305175781e+02,
       1.9296000671386719e+02, 8.7840003967285156e+01,
       9.5040000915527344e+01, 8.9280006408691406e+01,
       1.0944000244140625e+02, 1.6127999877929688e+02,
       1.9180801391601562e+02, 8.8128005981445312e+01,
       1.9526402282714844e+02, 2.3673602294921875e+02,
       8.1216011047363281e+01, 2.3500802612304688e+02,
       6.9120010375976562e+01, 2.2809602355957031e+02,
       3.2832003784179688e+02, 1.0713600921630859e+02,
       1.1059201049804688e+02, 1.4169601440429688e+02,
       2.1772802734375000e+02, 9.1584007263183594e+01,
       3.2659204101562500e+02, 8.9856010437011719e+01,
       6.8428810119628906e+01, 2.2809603881835938e+02,
       7.8796813964843750e+01, 2.3016963195800781e+02,
       1.0160641479492188e+02, 9.1238410949707031e+01,
       7.4649612426757812e+01, 1.8040322875976562e+02,
       1.1197441864013672e+02, 1.4307841491699219e+02,
       8.7091217041015625e+01, 1.1446274566650391e+02,
       1.1197442626953125e+02, 1.4432260131835938e+02,
       1.3436932373046875e+02, 1.1645340728759766e+02,
       1.3616090393066406e+02, 1.3257772827148438e+02 ]
