%YAML:1.0
---
descriptors: !!opencv-matrix
   rows: 94
   cols: 32
   dt: u
   data: [ 154, 243, 126, 227, 239, 217, 252, 221, 175, 84, 116, 167, 27,
       221, 254, 241, 110, 155, 223, 95, 206, 54, 174, 241, 246, 217, 36,
       237, 119, 158, 236, 251, 79, 93, 103, 222, 239, 124, 252, 214,
       173, 90, 92, 230, 136, 254, 247, 239, 239, 243, 183, 239, 229,
       114, 182, 224, 54, 122, 222, 170, 159, 253, 189, 253, 110, 187,
       246, 128, 247, 80, 190, 199, 139, 253, 190, 175, 12, 172, 78, 142,
       239, 215, 247, 209, 148, 251, 168, 224, 62, 85, 207, 239, 199,
       127, 191, 215, 127, 155, 231, 148, 255, 22, 159, 180, 137, 236,
       150, 239, 108, 126, 215, 182, 174, 247, 253, 229, 205, 203, 163,
       232, 58, 62, 223, 146, 143, 180, 58, 93, 14, 17, 182, 136, 255,
       87, 189, 77, 143, 221, 85, 55, 140, 190, 110, 206, 238, 27, 147,
       49, 16, 58, 50, 192, 127, 17, 206, 239, 150, 111, 165, 215, 35,
       253, 43, 171, 116, 133, 175, 252, 30, 8, 88, 74, 181, 217, 56, 32,
       220, 27, 19, 205, 195, 186, 80, 191, 37, 12, 174, 232, 93, 26,
       145, 169, 7, 62, 3, 161, 178, 163, 170, 194, 62, 121, 91, 247,
       140, 142, 225, 200, 183, 15, 27, 149, 183, 144, 13, 246, 140, 4,
       59, 198, 156, 69, 33, 85, 82, 91, 107, 176, 2, 192, 57, 70, 164,
       69, 198, 163, 61, 143, 34, 72, 102, 181, 187, 193, 2, 155, 164,
       97, 211, 161, 186, 193, 37, 128, 37, 123, 16, 32, 86, 137, 78,
       137, 168, 66, 100, 49, 194, 130, 129, 128, 80, 202, 106, 141, 106,
       153, 2, 185, 215, 208, 20, 32, 154, 0, 37, 8, 49, 136, 2, 168, 14,
       185, 106, 129, 56, 71, 174, 17, 64, 145, 188, 134, 96, 73, 231,
       59, 187, 149, 18, 156, 146, 81, 133, 48, 154, 234, 16, 0, 165,
       155, 232, 233, 81, 94, 73, 221, 70, 236, 247, 144, 164, 8, 106,
       211, 65, 181, 16, 248, 234, 74, 107, 67, 218, 61, 51, 216, 69, 59,
       114, 145, 70, 42, 48, 172, 121, 96, 85, 237, 83, 71, 7, 37, 108,
       9, 51, 157, 98, 16, 153, 186, 67, 16, 26, 186, 112, 23, 127, 205,
       16, 113, 241, 10, 198, 234, 167, 104, 226, 30, 77, 157, 202, 192,
       215, 70, 229, 143, 99, 200, 55, 140, 88, 232, 34, 79, 206, 182,
       94, 187, 22, 26, 193, 41, 87, 191, 122, 196, 187, 79, 102, 255,
       52, 146, 78, 117, 85, 198, 246, 135, 107, 72, 183, 213, 122, 238,
       20, 238, 236, 223, 36, 175, 242, 107, 164, 129, 39, 188, 120, 76,
       154, 93, 110, 85, 131, 82, 127, 246, 245, 198, 198, 135, 107, 61,
       55, 231, 98, 244, 189, 227, 237, 213, 53, 236, 51, 107, 197, 131,
       39, 245, 124, 94, 93, 25, 166, 37, 139, 90, 53, 50, 224, 230, 14,
       165, 207, 38, 131, 239, 38, 100, 232, 110, 197, 209, 181, 136,
       242, 227, 71, 5, 46, 246, 13, 92, 10, 150, 244, 251, 245, 220,
       188, 191, 255, 95, 84, 247, 172, 127, 158, 229, 231, 27, 159, 145,
       247, 72, 123, 215, 111, 95, 254, 203, 158, 196, 141, 223, 58, 4,
       38, 156, 213, 210, 232, 111, 213, 199, 205, 131, 96, 236, 54, 197,
       216, 170, 163, 165, 60, 171, 38, 207, 59, 119, 218, 9, 199, 12,
       252, 222, 31, 191, 241, 233, 118, 243, 251, 242, 79, 77, 252, 230,
       169, 237, 150, 164, 127, 187, 151, 143, 203, 186, 100, 255, 70,
       93, 171, 170, 255, 207, 119, 245, 27, 159, 98, 239, 246, 243, 250,
       254, 15, 73, 221, 230, 109, 126, 191, 228, 254, 251, 151, 204,
       143, 184, 45, 253, 190, 221, 175, 130, 191, 222, 121, 253, 57,
       223, 119, 232, 255, 211, 255, 115, 133, 72, 252, 230, 63, 125,
       179, 229, 110, 178, 151, 235, 249, 171, 54, 191, 118, 253, 174,
       203, 63, 140, 120, 249, 91, 219, 99, 76, 61, 212, 91, 28, 231, 76,
       206, 229, 42, 220, 150, 228, 196, 180, 253, 197, 207, 137, 247,
       245, 179, 120, 128, 218, 62, 135, 120, 127, 59, 255, 98, 66, 183,
       210, 94, 245, 123, 236, 156, 175, 42, 156, 214, 180, 62, 191, 213,
       241, 222, 218, 164, 238, 123, 93, 133, 227, 103, 134, 254, 255, 2,
       133, 18, 186, 213, 165, 178, 98, 151, 21, 201, 19, 44, 251, 44,
       192, 249, 59, 131, 145, 30, 171, 26, 247, 153, 212, 154, 75, 146,
       76, 189, 138, 137, 183, 43, 1, 242, 223, 171, 119, 62, 237, 63,
       254, 157, 4, 210, 164, 63, 43, 210, 189, 183, 184, 60, 95, 108,
       13, 63, 228, 79, 140, 139, 249, 83, 128, 142, 185, 9, 166, 184, 3,
       175, 89, 130, 23, 236, 202, 54, 75, 229, 39, 121, 157, 22, 205,
       19, 197, 128, 58, 218, 194, 152, 4, 49, 86, 72, 152, 167, 93, 161,
       6, 32, 55, 50, 147, 70, 16, 252, 51, 0, 75, 65, 102, 57, 8, 49,
       216, 211, 101, 15, 54, 86, 64, 130, 224, 161, 40, 222, 90, 238,
       84, 169, 118, 85, 18, 241, 206, 134, 181, 74, 254, 167, 255, 181,
       245, 253, 162, 237, 199, 179, 202, 147, 115, 117, 155, 138, 245,
       46, 87, 10, 152, 14, 185, 34, 165, 56, 71, 190, 85, 66, 181, 172,
       151, 32, 201, 231, 59, 187, 149, 18, 220, 3, 209, 197, 49, 218,
       195, 144, 4, 41, 251, 130, 219, 50, 222, 125, 149, 190, 237, 141,
       92, 48, 61, 172, 222, 46, 199, 198, 51, 223, 97, 230, 15, 26, 247,
       51, 88, 14, 187, 22, 20, 173, 223, 251, 76, 102, 156, 69, 22, 206,
       119, 245, 198, 246, 6, 104, 40, 55, 255, 124, 228, 24, 175, 236,
       231, 53, 206, 50, 127, 198, 0, 47, 252, 248, 12, 91, 28, 230, 85,
       3, 22, 108, 55, 245, 194, 198, 214, 121, 62, 150, 247, 102, 229,
       189, 172, 237, 221, 53, 202, 34, 127, 214, 128, 47, 244, 232, 28,
       254, 88, 230, 84, 199, 114, 254, 163, 177, 230, 150, 139, 105,
       124, 55, 254, 107, 245, 249, 227, 236, 231, 181, 202, 51, 111,
       223, 131, 231, 117, 124, 94, 219, 106, 246, 85, 34, 26, 124, 17,
       121, 230, 70, 183, 111, 174, 215, 254, 38, 237, 236, 140, 236,
       221, 165, 202, 218, 123, 117, 131, 166, 164, 45, 93, 111, 123,
       254, 84, 235, 86, 191, 208, 251, 254, 22, 173, 92, 190, 215, 254,
       167, 117, 245, 215, 133, 81, 186, 224, 91, 121, 237, 183, 135,
       245, 95, 87, 207, 243, 252, 83, 235, 93, 155, 152, 139, 253, 21,
       189, 220, 220, 223, 175, 151, 89, 253, 87, 215, 101, 255, 240,
       111, 89, 45, 255, 206, 183, 143, 247, 14, 180, 186, 126, 123, 252,
       186, 218, 175, 93, 253, 37, 236, 255, 15, 252, 183, 27, 255, 17,
       151, 0, 186, 245, 143, 255, 27, 203, 218, 7, 47, 215, 248, 114,
       40, 0, 13, 93, 213, 216, 71, 254, 180, 47, 2, 220, 199, 175, 217,
       136, 206, 99, 205, 103, 251, 145, 211, 81, 97, 63, 91, 124, 94,
       223, 46, 180, 164, 152, 125, 245, 145, 218, 143, 95, 221, 47, 96,
       220, 111, 204, 221, 145, 255, 21, 142, 39, 250, 179, 83, 119, 153,
       255, 147, 13, 28, 215, 91, 27, 98, 76, 50, 146, 107, 83, 45, 72,
       222, 230, 45, 135, 182, 244, 118, 185, 157, 204, 143, 137, 36,
       223, 178, 125, 170, 130, 47, 134, 41, 117, 11, 59, 99, 205, 118,
       251, 251, 83, 143, 76, 124, 231, 173, 156, 182, 164, 206, 57, 151,
       141, 135, 184, 100, 253, 14, 93, 170, 130, 223, 141, 29, 253, 9,
       16, 113, 193, 100, 92, 225, 16, 77, 72, 119, 66, 155, 25, 180,
       228, 126, 8, 22, 56, 131, 180, 53, 192, 6, 216, 34, 0, 94, 138,
       97, 181, 10, 189, 116, 221, 237, 29, 252, 247, 29, 127, 116, 191,
       172, 47, 182, 135, 239, 123, 151, 174, 244, 122, 106, 253, 46, 91,
       223, 175, 23, 252, 205, 223, 107, 217, 228, 206, 127, 80, 248,
       237, 203, 213, 116, 175, 104, 254, 254, 230, 238, 231, 179, 197,
       215, 122, 190, 225, 63, 120, 206, 203, 79, 174, 253, 221, 234,
       255, 226, 134, 255, 212, 190, 245, 137, 205, 252, 175, 44, 142,
       246, 134, 238, 255, 151, 245, 214, 43, 160, 236, 63, 113, 142,
       235, 199, 14, 191, 223, 155, 151, 102, 115, 51, 251, 253, 119,
       117, 110, 119, 183, 235, 61, 190, 165, 46, 58, 215, 172, 245, 188,
       53, 255, 103, 91, 112, 195, 119, 140, 205, 253, 137, 158, 87, 89,
       115, 187, 161, 123, 20, 95, 116, 246, 233, 103, 166, 133, 111, 26,
       130, 44, 179, 188, 37, 159, 102, 203, 114, 192, 251, 140, 105,
       253, 154, 129, 86, 252, 175, 133, 252, 109, 141, 0, 211, 3, 237,
       74, 60, 193, 254, 179, 191, 161, 90, 43, 83, 221, 183, 250, 202,
