%YAML:1.0
---
descriptors: !!opencv-matrix
   rows: 123
   cols: 32
   dt: u
   data: [ 52, 128, 11, 170, 205, 161, 96, 77, 150, 1, 233, 27, 66, 192,
       40, 88, 249, 138, 34, 160, 26, 179, 66, 23, 21, 36, 144, 77, 209,
       10, 246, 130, 218, 122, 58, 184, 59, 240, 16, 71, 169, 13, 164,
       185, 46, 159, 98, 216, 166, 179, 205, 145, 14, 15, 162, 243, 211,
       209, 26, 251, 146, 20, 167, 91, 240, 65, 146, 172, 73, 107, 68,
       107, 161, 162, 224, 10, 6, 179, 37, 159, 232, 220, 202, 226, 104,
       103, 128, 200, 145, 160, 198, 63, 65, 120, 102, 142, 2, 185, 186,
       73, 248, 141, 187, 215, 175, 13, 124, 4, 188, 255, 246, 20, 166,
       59, 119, 28, 146, 184, 178, 241, 111, 221, 55, 234, 208, 130, 167,
       249, 116, 159, 249, 103, 152, 111, 71, 255, 118, 170, 184, 72, 83,
       55, 200, 48, 61, 222, 78, 122, 249, 123, 105, 62, 249, 142, 37,
       244, 249, 250, 230, 57, 56, 233, 121, 236, 93, 79, 87, 255, 6,
       172, 232, 10, 51, 249, 96, 16, 88, 250, 71, 96, 74, 58, 64, 29,
       253, 197, 37, 61, 113, 58, 198, 170, 58, 217, 102, 237, 119, 23,
       248, 112, 77, 104, 124, 2, 25, 9, 182, 224, 110, 161, 151, 233,
       192, 184, 52, 221, 87, 201, 170, 133, 119, 174, 124, 200, 27, 67,
       99, 172, 86, 2, 235, 112, 64, 96, 90, 199, 89, 14, 179, 96, 126,
       141, 23, 239, 205, 146, 53, 221, 240, 109, 170, 196, 61, 166, 49,
       217, 11, 18, 109, 69, 118, 94, 249, 59, 125, 236, 118, 244, 153,
       30, 150, 244, 54, 140, 247, 173, 133, 188, 101, 206, 70, 127, 179,
       132, 111, 132, 79, 245, 120, 249, 146, 234, 25, 213, 82, 192, 167,
       140, 172, 9, 46, 223, 98, 208, 200, 245, 236, 80, 78, 43, 154,
       177, 251, 245, 7, 123, 2, 6, 46, 26, 145, 68, 120, 213, 196, 58,
       238, 23, 124, 66, 122, 82, 49, 42, 149, 237, 123, 142, 22, 169,
       229, 180, 37, 207, 52, 232, 182, 0, 109, 217, 248, 140, 138, 29,
       178, 217, 229, 247, 188, 87, 95, 207, 92, 23, 140, 190, 54, 204,
       205, 59, 147, 17, 244, 184, 112, 194, 47, 95, 158, 195, 210, 76,
       189, 223, 1, 203, 25, 233, 116, 143, 111, 188, 84, 8, 82, 64, 181,
       131, 184, 96, 94, 10, 22, 76, 195, 184, 69, 61, 228, 140, 34, 64,
       24, 154, 225, 168, 42, 27, 58, 158, 127, 213, 187, 64, 223, 76,
       116, 7, 44, 220, 55, 64, 254, 59, 147, 199, 134, 186, 58, 255,
       119, 93, 138, 171, 87, 31, 117, 223, 6, 24, 186, 187, 119, 229,
       184, 66, 31, 79, 81, 179, 172, 223, 34, 72, 223, 59, 179, 145, 54,
       156, 90, 247, 79, 87, 154, 203, 148, 13, 45, 211, 89, 151, 29,
       101, 176, 14, 70, 191, 96, 169, 170, 76, 215, 115, 8, 114, 148,
       70, 108, 104, 217, 169, 81, 45, 233, 175, 36, 80, 104, 178, 194,
       41, 58, 201, 230, 238, 31, 210, 210, 100, 161, 132, 234, 3, 43,
       153, 54, 82, 232, 253, 169, 193, 76, 171, 130, 233, 243, 225, 138,
       3, 99, 14, 126, 10, 223, 88, 254, 229, 39, 94, 127, 48, 105, 238,
       247, 167, 95, 31, 151, 127, 230, 213, 189, 239, 236, 213, 173,
       200, 215, 251, 235, 135, 39, 181, 117, 119, 75, 187, 119, 116, 41,
       220, 121, 51, 233, 92, 62, 173, 217, 191, 150, 119, 134, 119, 253,
       12, 208, 73, 167, 193, 71, 249, 112, 202, 6, 132, 70, 127, 247,
       119, 111, 6, 254, 18, 255, 112, 169, 198, 191, 175, 73, 108, 191,
       51, 126, 229, 247, 231, 228, 211, 172, 206, 126, 46, 239, 140,
       111, 247, 119, 213, 33, 185, 123, 233, 244, 201, 235, 247, 79, 97,
       124, 232, 183, 221, 240, 32, 126, 58, 87, 89, 151, 58, 244, 253,
       111, 29, 38, 232, 222, 138, 211, 249, 21, 93, 238, 167, 180, 18,
       190, 232, 60, 66, 219, 231, 247, 250, 59, 64, 254, 199, 63, 231,
       239, 179, 13, 239, 242, 231, 238, 129, 45, 123, 185, 211, 73, 25,
       247, 119, 162, 78, 52, 53, 233, 202, 106, 96, 254, 55, 129, 123,
       166, 119, 124, 106, 209, 248, 179, 104, 231, 251, 118, 2, 202,
       114, 193, 59, 218, 153, 190, 184, 11, 208, 56, 7, 175, 21, 134,
       177, 172, 159, 98, 194, 230, 55, 253, 145, 18, 13, 178, 241, 147,
       241, 154, 219, 18, 4, 173, 91, 139, 154, 178, 219, 165, 181, 184,
       222, 31, 95, 116, 87, 172, 219, 102, 76, 247, 43, 179, 148, 182,
       220, 19, 243, 79, 223, 26, 67, 154, 77, 169, 223, 63, 69, 234,
       236, 237, 79, 95, 248, 121, 234, 252, 10, 91, 125, 159, 48, 253,
       205, 119, 111, 232, 179, 233, 202, 251, 255, 229, 180, 103, 255,
       114, 227, 75, 156, 190, 185, 233, 244, 56, 199, 191, 95, 90, 17,
       188, 254, 98, 122, 229, 59, 191, 145, 150, 89, 178, 241, 207, 255,
       94, 203, 144, 64, 169, 203, 106, 187, 184, 48, 139, 249, 16, 207,
       171, 53, 168, 41, 174, 174, 78, 154, 135, 19, 233, 16, 22, 107,
       218, 177, 155, 213, 21, 127, 210, 68, 143, 95, 63, 107, 107, 236,
       118, 129, 235, 208, 37, 200, 244, 230, 57, 207, 241, 96, 126, 233,
       23, 254, 203, 179, 44, 237, 242, 205, 174, 136, 63, 187, 112, 249,
       58, 235, 98, 46, 125, 217, 222, 101, 131, 108, 252, 171, 43, 140,
       182, 144, 174, 187, 215, 69, 206, 43, 102, 189, 114, 93, 128, 187,
       119, 158, 94, 222, 124, 73, 122, 228, 87, 95, 123, 96, 101, 160,
       174, 10, 91, 27, 113, 112, 120, 252, 243, 250, 72, 179, 57, 140,
       219, 201, 129, 21, 99, 170, 118, 162, 5, 117, 149, 99, 165, 111,
       102, 152, 123, 250, 59, 88, 214, 113, 201, 191, 147, 86, 126, 122,
       177, 240, 217, 34, 173, 218, 69, 38, 200, 123, 203, 19, 89, 121,
       58, 100, 48, 14, 83, 48, 32, 200, 124, 108, 31, 23, 3, 48, 150,
       189, 85, 106, 201, 50, 176, 12, 227, 237, 32, 128, 106, 179, 10,
       99, 47, 191, 232, 139, 244, 179, 183, 255, 94, 237, 92, 119, 168,
       232, 254, 128, 223, 75, 151, 149, 182, 186, 76, 242, 110, 29, 191,
       231, 159, 94, 249, 223, 34, 237, 42, 155, 85, 151, 190, 238, 30,
       37, 88, 7, 172, 200, 54, 128, 249, 107, 147, 215, 70, 186, 28,
       255, 45, 22, 143, 107, 21, 31, 57, 206, 102, 48, 243, 227, 236,
       106, 251, 88, 105, 239, 179, 58, 221, 63, 221, 42, 255, 213, 95,
       179, 145, 241, 233, 192, 223, 216, 235, 230, 197, 235, 119, 227,
       63, 2, 241, 109, 125, 95, 73, 122, 83, 236, 244, 10, 91, 125, 159,
       52, 218, 140, 119, 44, 232, 243, 225, 158, 95, 255, 225, 150, 119,
       172, 118, 229, 201, 142, 78, 189, 100, 0, 233, 50, 93, 90, 214,
       214, 249, 43, 176, 107, 107, 133, 63, 141, 169, 252, 71, 199, 212,
       171, 250, 192, 63, 168, 113, 136, 162, 217, 59, 190, 127, 197,
       187, 196, 159, 76, 84, 3, 172, 221, 55, 64, 238, 59, 147, 195,
       226, 62, 58, 255, 119, 25, 138, 171, 85, 29, 117, 251, 11, 54,
       101, 69, 117, 62, 249, 19, 109, 237, 126, 214, 153, 29, 150, 236,
       110, 157, 183, 141, 149, 188, 117, 204, 71, 127, 178, 128, 111,
       132, 87, 253, 53, 133, 127, 237, 252, 87, 222, 232, 92, 226, 250,
       130, 83, 108, 191, 96, 255, 221, 63, 231, 237, 179, 125, 158, 186,
       207, 175, 148, 245, 250, 120, 208, 47, 179, 249, 99, 173, 127, 81,
       25, 107, 253, 53, 61, 223, 29, 222, 190, 151, 21, 213, 49, 151,
       112, 249, 128, 79, 217, 37, 247, 206, 207, 206, 119, 44, 86, 125,
       87, 100, 15, 229, 184, 68, 190, 119, 120, 211, 81, 157, 47, 15,
       92, 70, 42, 225, 244, 105, 60, 71, 154, 117, 4, 83, 185, 68, 161,
       45, 16, 188, 71, 172, 126, 229, 186, 205, 191, 63, 0, 210, 121,
       157, 110, 73, 86, 126, 42, 129, 224, 123, 204, 71, 191, 113, 4,
       215, 251, 84, 161, 76, 166, 156, 113, 176, 104, 113, 7, 162, 183,
       175, 24, 151, 51, 74, 26, 131, 151, 237, 16, 26, 88, 201, 0, 207,
       215, 117, 117, 224, 192, 143, 34, 79, 249, 97, 2, 58, 157, 187,
       184, 174, 232, 145, 205, 253, 206, 223, 166, 6, 113, 253, 95, 199,
       1, 255, 253, 31, 88, 43, 248, 6, 135, 7, 125, 5, 171, 153, 225,
       244, 141, 107, 81, 126, 169, 121, 96, 149, 131, 192, 112, 50, 42,
       6, 24, 19, 184, 136, 52, 236, 141, 39, 108, 128, 138, 195, 161,
       228, 99, 72, 143, 204, 11, 71, 232, 30, 36, 225, 171, 198, 98, 9,
       80, 88, 204, 110, 226, 72, 3, 205, 92, 180, 166, 235, 60, 25, 59,
