%YAML:1.0
---
descriptors: !!opencv-matrix
   rows: 42
   cols: 32
   dt: u
   data: [ 9, 185, 187, 233, 252, 205, 251, 87, 175, 77, 124, 44, 188,
       255, 228, 52, 182, 59, 127, 24, 147, 57, 178, 241, 111, 221, 38,
       234, 210, 138, 135, 249, 151, 127, 107, 198, 198, 18, 191, 112,
       169, 198, 219, 231, 89, 238, 183, 35, 126, 245, 151, 231, 229,
       215, 172, 238, 122, 74, 239, 128, 45, 247, 55, 213, 149, 66, 75,
       236, 22, 2, 235, 112, 20, 128, 211, 194, 81, 203, 177, 97, 122,
       172, 23, 239, 233, 147, 4, 76, 208, 170, 170, 128, 45, 187, 112,
       160, 120, 61, 253, 101, 56, 78, 87, 63, 96, 174, 254, 8, 215, 55,
       1, 112, 82, 212, 125, 40, 72, 184, 241, 12, 255, 239, 101, 20, 96,
       234, 70, 107, 120, 76, 110, 238, 79, 70, 95, 120, 129, 134, 252,
       11, 123, 237, 55, 81, 120, 244, 183, 234, 200, 35, 178, 157, 115,
       235, 224, 25, 119, 171, 118, 74, 234, 156, 38, 28, 125, 212, 144,
       39, 153, 79, 116, 49, 172, 188, 38, 197, 200, 59, 179, 1, 244,
       238, 242, 207, 7, 118, 90, 219, 82, 12, 222, 223, 23, 91, 107,
       196, 118, 19, 238, 112, 68, 224, 218, 231, 81, 140, 183, 96, 126,
       237, 55, 239, 205, 179, 53, 204, 50, 44, 175, 132, 61, 190, 112,
       213, 19, 5, 107, 201, 118, 179, 235, 114, 69, 65, 95, 230, 89, 12,
       182, 100, 126, 170, 23, 253, 155, 184, 37, 222, 126, 13, 170, 192,
       191, 139, 112, 245, 250, 253, 44, 88, 205, 213, 215, 247, 195, 94,
       188, 15, 42, 189, 118, 55, 201, 242, 221, 197, 255, 107, 242, 179,
       59, 89, 212, 59, 211, 92, 254, 94, 155, 70, 103, 237, 6, 2, 109,
       48, 21, 2, 214, 214, 121, 43, 180, 97, 126, 165, 55, 174, 233,
       150, 5, 207, 242, 235, 234, 128, 63, 168, 112, 32, 181, 79, 67,
       67, 212, 62, 230, 215, 100, 226, 251, 86, 19, 1, 149, 244, 120,
       206, 6, 250, 249, 180, 125, 42, 52, 172, 36, 0, 233, 219, 240,
       160, 157, 30, 239, 221, 118, 163, 235, 80, 117, 194, 119, 230,
       121, 239, 183, 104, 126, 237, 55, 207, 169, 183, 44, 238, 86, 239,
       171, 128, 191, 251, 112, 241, 61, 121, 234, 236, 20, 87, 207, 88,
       192, 192, 253, 10, 115, 249, 179, 32, 122, 248, 23, 235, 201, 179,
       180, 136, 243, 205, 165, 152, 111, 187, 112, 224, 10, 191, 42,
       145, 213, 220, 184, 103, 189, 77, 94, 23, 44, 188, 54, 196, 172,
       187, 147, 145, 150, 184, 176, 199, 31, 117, 154, 195, 195, 4, 191,
       222, 120, 185, 56, 234, 57, 221, 19, 221, 139, 77, 172, 9, 190,
       223, 66, 16, 132, 187, 253, 80, 90, 43, 250, 177, 251, 213, 4,
       123, 82, 10, 135, 123, 213, 82, 253, 245, 44, 46, 125, 56, 168,
       250, 182, 229, 215, 63, 147, 123, 102, 213, 125, 239, 233, 196,
       225, 8, 198, 235, 251, 148, 44, 241, 65, 113, 92, 176, 184, 96,
       169, 109, 17, 31, 170, 253, 173, 13, 158, 159, 74, 26, 133, 23,
       253, 16, 18, 75, 250, 0, 219, 213, 53, 255, 192, 66, 135, 115,
       111, 50, 253, 97, 171, 125, 89, 24, 107, 255, 53, 253, 159, 61,
       223, 62, 135, 149, 253, 21, 151, 100, 249, 192, 207, 217, 113,
       247, 206, 229, 71, 119, 34, 249, 59, 154, 127, 213, 187, 196, 159,
       77, 84, 3, 172, 222, 118, 0, 254, 59, 147, 209, 198, 186, 58, 247,
       127, 85, 138, 235, 85, 14, 53, 219, 131, 217, 51, 218, 117, 133,
       187, 246, 159, 72, 80, 102, 188, 222, 180, 229, 238, 59, 151, 199,
       227, 191, 18, 253, 53, 56, 170, 138, 29, 28, 49, 251, 2, 156, 24,
       187, 113, 237, 178, 206, 30, 13, 76, 17, 172, 255, 34, 64, 149,
       59, 179, 17, 54, 156, 91, 247, 79, 23, 26, 107, 144, 1, 13, 219,
       42, 36, 178, 137, 213, 243, 176, 75, 31, 5, 89, 51, 140, 158, 102,
       200, 249, 27, 131, 17, 22, 186, 0, 214, 31, 85, 154, 71, 151, 76,
       189, 198, 33, 33, 83, 77, 116, 31, 234, 89, 101, 232, 120, 78, 19,
       144, 180, 180, 120, 172, 22, 108, 137, 178, 117, 221, 22, 44, 161,
       32, 111, 138, 114, 164, 26, 207, 98, 156, 83, 144, 190, 231, 189,
       69, 92, 167, 40, 174, 182, 196, 110, 187, 151, 133, 198, 155, 6,
       239, 50, 36, 186, 139, 63, 84, 169, 223, 82, 48, 50, 240, 107,
       197, 24, 64, 171, 17, 160, 40, 174, 159, 100, 63, 166, 177, 255,
       208, 2, 67, 146, 208, 147, 208, 90, 123, 2, 0, 39, 23, 90, 153,
       22, 250, 9, 197, 16, 135, 143, 21, 130, 3, 174, 223, 96, 70, 192,
       51, 239, 128, 26, 9, 18, 241, 145, 240, 26, 91, 18, 8, 173, 10,
       70, 26, 254, 244, 102, 180, 184, 82, 169, 218, 83, 247, 92, 191,
       247, 75, 231, 117, 191, 135, 132, 215, 130, 192, 87, 123, 250,
       138, 141, 245, 45, 211, 79, 176, 241, 225, 236, 109, 249, 27, 75,
       121, 181, 122, 156, 31, 220, 42, 175, 155, 223, 145, 147, 114,
       251, 209, 143, 89, 63, 254, 222, 140, 131, 245, 58, 107, 98, 170,
       92, 131, 202, 224, 68, 4, 209, 239, 97, 204, 179, 128, 88, 168,
       135, 239, 206, 163, 76, 191, 112, 69, 169, 185, 117, 143, 118,
       200, 46, 92, 114, 254, 85, 247, 254, 96, 95, 2, 125, 2, 104, 221,
       55, 224, 250, 249, 147, 195, 38, 182, 58, 255, 119, 255, 138, 43,
       87, 127, 125, 146, 49, 73, 107, 206, 84, 215, 207, 240, 69, 192,
       252, 66, 115, 197, 181, 36, 88, 232, 22, 238, 201, 187, 124, 189,
       114, 44, 164, 8, 119, 187, 112, 232, 37, 179, 121, 97, 244, 143,
       107, 25, 99, 233, 125, 236, 19, 23, 216, 48, 30, 156, 22, 124,
       155, 186, 252, 6, 110, 141, 37, 228, 239, 138, 194, 241, 51, 93,
       99, 142, 84, 150, 234, 112, 85, 64, 92, 198, 113, 200, 183, 228,
       124, 168, 23, 239, 205, 186, 52, 255, 48, 44, 170, 136, 63, 143,
       120, 252, 111, 114, 241, 71, 99, 58, 238, 16, 121, 234, 123, 236,
       72, 23, 221, 188, 62, 220, 22, 238, 129, 180, 229, 202, 6, 60, 37,
       164, 239, 247, 66, 181, 90, 217, 22, 186, 9, 197, 16, 132, 143,
       29, 136, 9, 174, 222, 98, 86, 192, 179, 253, 64, 74, 11, 146, 241,
       145, 241, 26, 123, 18, 6, 45, 15, 58, 31, 99, 236, 87, 82, 255,
       117, 101, 4, 254, 162, 107, 47, 176, 65, 126, 180, 159, 234, 232,
       187, 37, 205, 243, 233, 170, 129, 55, 174, 244, 90, 6, 48, 185,
       187, 87, 229, 177, 64, 30, 71, 81, 19, 140, 223, 103, 72, 221, 57,
       147, 17, 2, 182, 90, 210, 69, 22, 155, 107, 144, 73, 53, 210, 142,
       16, 147, 251, 117, 230, 185, 83, 62, 11, 83, 82, 156, 223, 32,
       104, 253, 57, 19, 145, 51, 148, 16, 214, 205, 182, 154, 66, 144,
       9, 33, 163, 120, 221, 103, 229, 119, 86, 127, 117, 101, 68, 254,
       35, 123, 61, 54, 213, 126, 212, 159, 234, 201, 187, 113, 237, 243,
       233, 162, 129, 103, 190, 244, 122, 43, 207, 96, 155, 85, 149, 174,
       236, 95, 77, 88, 199, 168, 200, 190, 196, 220, 11, 147, 207, 246,
       186, 94, 255, 38, 92, 138, 202, 31, 158, 248, 220, 39, 135, 40,
       171, 252, 151, 138, 255, 94, 125, 221, 215, 129, 76, 190, 64, 221,
       11, 23, 245, 222, 58, 76, 183, 110, 13, 175, 253, 149, 14, 216,
       209, 35, 124, 106, 3, 117, 191, 226, 196, 94, 104, 124, 79, 34,
       216, 183, 32, 184, 42, 18, 93, 135, 186, 124, 190, 62, 77, 37, 34,
       221, 31, 88, 220 ]
