%YAML:1.0
---
descriptors: !!opencv-matrix
   rows: 149
   cols: 32
   dt: u
   data: [ 33, 159, 99, 207, 116, 154, 239, 183, 84, 72, 90, 230, 243,
       108, 180, 100, 94, 238, 22, 237, 249, 184, 109, 191, 44, 46, 174,
       128, 53, 234, 240, 109, 3, 158, 99, 159, 116, 182, 234, 114, 124,
       73, 90, 230, 249, 254, 176, 228, 127, 43, 55, 141, 135, 152, 37,
       255, 44, 62, 186, 192, 28, 134, 113, 221, 123, 88, 243, 196, 103,
       86, 124, 112, 97, 234, 118, 174, 91, 31, 215, 191, 126, 212, 183,
       238, 205, 246, 181, 200, 87, 121, 228, 133, 111, 183, 122, 253,
       170, 203, 244, 94, 239, 157, 150, 239, 223, 31, 116, 43, 40, 232,
       102, 213, 203, 251, 162, 66, 102, 47, 106, 241, 55, 91, 86, 59,
       83, 92, 207, 207, 173, 65, 113, 75, 116, 155, 227, 184, 85, 24,
       115, 82, 211, 65, 189, 37, 90, 136, 6, 106, 233, 244, 109, 62, 36,
       200, 32, 132, 119, 153, 80, 165, 184, 4, 83, 228, 214, 98, 245,
       99, 21, 34, 242, 178, 123, 59, 41, 65, 123, 151, 7, 160, 40, 247,
       1, 206, 113, 238, 162, 133, 101, 232, 228, 162, 73, 24, 59, 235,
       116, 188, 120, 16, 105, 73, 127, 100, 191, 147, 144, 240, 198,
       173, 60, 28, 135, 152, 225, 245, 198, 253, 50, 192, 10, 131, 99,
       105, 9, 19, 122, 75, 112, 189, 251, 80, 109, 73, 127, 100, 157,
       23, 188, 52, 166, 59, 23, 94, 147, 176, 56, 117, 71, 249, 34, 192,
       90, 131, 227, 177, 139, 152, 181, 219, 253, 245, 177, 175, 31, 87,
       84, 20, 188, 254, 46, 237, 207, 27, 179, 17, 55, 110, 115, 245,
       15, 91, 90, 106, 154, 12, 145, 255, 124, 214, 80, 231, 101, 26,
       126, 252, 109, 42, 254, 232, 75, 91, 156, 148, 126, 212, 204, 106,
       72, 182, 73, 222, 182, 255, 37, 147, 103, 190, 78, 1, 180, 1, 42,
       190, 220, 195, 223, 216, 86, 4, 209, 3, 117, 221, 59, 64, 88, 249,
       23, 227, 58, 178, 74, 255, 241, 134, 171, 41, 53, 43, 116, 130,
       20, 84, 91, 255, 20, 198, 110, 113, 84, 128, 251, 66, 113, 211,
       168, 96, 120, 184, 22, 234, 73, 179, 58, 255, 243, 239, 175, 0,
       53, 187, 244, 160, 129, 174, 205, 255, 38, 171, 109, 186, 118,
       179, 82, 246, 247, 99, 144, 105, 119, 110, 126, 14, 161, 220, 207,
       127, 204, 174, 243, 128, 172, 193, 81, 169, 14, 237, 22, 154, 205,
       241, 182, 195, 159, 20, 76, 3, 172, 218, 103, 205, 201, 123, 163,
       83, 70, 122, 74, 249, 63, 86, 31, 43, 18, 93, 173, 206, 127, 223,
       111, 78, 126, 19, 235, 248, 229, 232, 254, 238, 121, 110, 191,
       113, 126, 228, 127, 238, 237, 243, 45, 221, 122, 235, 231, 132,
       47, 174, 114, 117, 124, 22, 107, 109, 112, 106, 235, 57, 112, 206,
       255, 252, 83, 109, 152, 112, 63, 164, 85, 172, 185, 183, 37, 78,
       86, 175, 33, 196, 237, 162, 102, 113, 29, 126, 239, 226, 62, 39,
       239, 220, 215, 250, 159, 230, 123, 233, 249, 41, 127, 196, 127,
       255, 169, 247, 45, 254, 250, 207, 231, 148, 191, 251, 112, 113,
       223, 28, 254, 245, 166, 62, 125, 183, 121, 147, 118, 50, 223, 59,
       148, 127, 55, 119, 61, 40, 176, 220, 177, 202, 255, 251, 126, 132,
       166, 241, 161, 33, 42, 173, 122, 216, 119, 209, 243, 103, 253, 5,
       124, 2, 56, 153, 54, 112, 234, 187, 19, 136, 66, 187, 32, 255,
       119, 141, 186, 11, 87, 8, 230, 170, 234, 143, 60, 250, 185, 215,
       28, 237, 157, 30, 164, 17, 236, 111, 46, 219, 204, 147, 203, 226,
       120, 75, 99, 253, 243, 243, 218, 91, 18, 4, 172, 74, 251, 188,
       250, 58, 203, 249, 80, 199, 123, 91, 116, 56, 47, 250, 70, 185,
       171, 251, 244, 145, 62, 126, 146, 243, 155, 219, 84, 107, 235, 68,
       234, 159, 61, 249, 97, 73, 124, 23, 207, 248, 71, 232, 248, 78,
       83, 88, 189, 164, 88, 200, 22, 255, 203, 178, 125, 157, 62, 12,
       165, 252, 127, 170, 80, 245, 67, 191, 165, 30, 234, 252, 48, 159,
       187, 217, 88, 237, 236, 254, 206, 246, 151, 127, 252, 21, 151, 72,
       174, 115, 14, 54, 125, 238, 138, 102, 143, 125, 73, 184, 189, 245,
       41, 205, 81, 23, 175, 249, 164, 8, 190, 159, 64, 58, 132, 63, 125,
       16, 11, 120, 242, 181, 207, 217, 81, 114, 74, 0, 3, 123, 62, 95,
       106, 142, 94, 210, 159, 96, 133, 196, 223, 163, 105, 206, 183, 68,
       126, 249, 151, 227, 204, 131, 46, 236, 114, 101, 170, 139, 55,
       191, 52, 215, 117, 67, 99, 206, 78, 2, 207, 120, 193, 130, 245,
       198, 113, 202, 189, 102, 120, 224, 54, 239, 201, 167, 174, 200,
       114, 168, 235, 140, 47, 187, 112, 160, 47, 114, 234, 68, 102, 21,
       255, 208, 91, 238, 116, 174, 88, 204, 255, 44, 126, 236, 151, 254,
       196, 182, 174, 192, 86, 13, 167, 173, 199, 191, 126, 245, 250, 90,
       119, 244, 111, 94, 253, 52, 169, 238, 246, 171, 239, 31, 151, 255,
       238, 245, 255, 231, 232, 247, 225, 200, 215, 251, 218, 147, 39,
       188, 117, 127, 95, 95, 71, 237, 19, 22, 110, 56, 53, 198, 94, 199,
       105, 99, 177, 197, 118, 229, 191, 238, 225, 144, 53, 206, 182,
       238, 235, 128, 47, 247, 41, 85, 104, 176, 181, 101, 122, 111, 161,
       43, 122, 253, 48, 56, 151, 53, 196, 50, 151, 29, 116, 16, 147,
       120, 241, 16, 77, 143, 117, 116, 192, 32, 71, 241, 130, 158, 174,
       158, 186, 38, 188, 239, 158, 187, 144, 243, 108, 252, 116, 3, 255,
       115, 179, 161, 180, 79, 138, 255, 56, 22, 223, 239, 149, 124, 185,
       159, 42, 142, 234, 190, 247, 243, 191, 103, 159, 79, 92, 179, 172,
       237, 54, 64, 255, 59, 151, 133, 178, 191, 34, 255, 103, 119, 158,
       139, 151, 92, 181, 251, 74, 168, 51, 248, 203, 241, 49, 71, 171,
       21, 164, 185, 44, 159, 96, 152, 163, 59, 203, 144, 18, 15, 162,
       241, 219, 213, 26, 123, 146, 4, 167, 234, 58, 96, 119, 233, 125,
       75, 251, 96, 111, 36, 242, 11, 207, 157, 21, 0, 250, 157, 255, 99,
       200, 179, 241, 220, 213, 249, 139, 179, 69, 10, 87, 243, 254, 85,
       114, 236, 149, 86, 94, 97, 49, 174, 246, 27, 75, 62, 39, 221, 248,
       245, 253, 226, 124, 183, 145, 142, 179, 251, 194, 19, 39, 61, 252,
       86, 168, 102, 108, 127, 108, 107, 85, 122, 21, 62, 245, 187, 99,
       13, 17, 25, 89, 184, 71, 42, 104, 246, 73, 31, 70, 203, 241, 177,
       119, 249, 86, 203, 173, 70, 126, 95, 100, 47, 233, 58, 125, 30,
       119, 16, 219, 67, 190, 127, 13, 0, 70, 42, 224, 244, 41, 92, 70,
       155, 113, 4, 83, 249, 72, 161, 48, 6, 93, 247, 196, 98, 237, 247,
       21, 63, 242, 242, 81, 47, 136, 73, 121, 214, 7, 168, 56, 250, 65,
       238, 117, 166, 246, 133, 225, 217, 228, 168, 66, 184, 150, 28,
       137, 157, 148, 207, 142, 157, 128, 13, 172, 242, 98, 143, 129,
       115, 232, 17, 22, 73, 154, 113, 153, 114, 95, 123, 152, 84, 139,
       31, 82, 249, 1, 162, 57, 205, 3, 232, 171, 124, 128, 13, 174, 134,
       75, 148, 128, 203, 204, 71, 79, 11, 250, 245, 185, 80, 139, 123,
       16, 7, 23, 124, 96, 172, 152, 90, 217, 249, 22, 174, 155, 55, 44,
       25, 174, 161, 70, 16, 137, 91, 202, 16, 54, 106, 218, 55, 47, 151,
       20, 123, 208, 88, 206, 202, 246, 188, 142, 62, 155, 181, 20, 239,
       178, 183, 139, 25, 102, 250, 74, 219, 129, 231, 233, 17, 62, 79,
       219, 35, 249, 103, 93, 123, 128, 100, 174, 78, 174, 53, 112, 195,
       237, 125, 222, 201, 15, 54, 185, 27, 142, 60, 95, 148, 235, 147,
       223, 179, 124, 54, 89, 242, 183, 220, 151, 55, 215, 95, 222, 198,
       111, 148, 244, 118, 245, 127, 216, 57, 91, 255, 61, 57, 203, 125,
       158, 173, 159, 151, 149, 55, 188, 96, 120, 143, 75, 223, 85, 247,
       199, 238, 220, 87, 155, 28, 214, 245, 178, 114, 57, 55, 61, 203,
       86, 242, 189, 55, 160, 253, 38, 63, 191, 128, 177, 220, 37, 206,
       214, 239, 122, 131, 174, 196, 169, 185, 41, 221, 50, 221, 21, 215,
       229, 119, 85, 12, 254, 2, 186, 153, 50, 36, 200, 58, 146, 9, 233,
       186, 112, 191, 231, 223, 146, 1, 83, 8, 116, 170, 10, 176, 177,
       249, 125, 223, 185, 90, 31, 121, 87, 54, 156, 159, 254, 236, 255,
       25, 191, 17, 179, 252, 123, 213, 15, 223, 187, 230, 150, 140, 21,
       243, 46, 48, 251, 241, 111, 221, 185, 88, 251, 253, 116, 47, 140,
       157, 87, 47, 174, 153, 247, 145, 131, 114, 242, 208, 95, 89, 123,
