%YAML:1.0
---
descriptors: !!opencv-matrix
   rows: 3
   cols: 32
   dt: u
   data: [ 10, 146, 50, 153, 125, 213, 184, 107, 31, 13, 84, 35, 172,
       222, 46, 196, 221, 59, 147, 129, 150, 58, 98, 213, 15, 116, 154,
       235, 22, 12, 61, 207, 42, 184, 162, 152, 223, 245, 185, 71, 139,
       85, 148, 187, 44, 156, 118, 128, 239, 187, 147, 145, 150, 43, 178,
       241, 95, 85, 154, 235, 215, 12, 181, 222, 26, 18, 122, 237, 38,
       210, 249, 115, 109, 76, 246, 231, 43, 15, 182, 65, 238, 189, 151,
       141, 205, 184, 37, 205, 214, 249, 186, 131, 63, 140, 116, 89 ]
keypoints: !!opencv-matrix
   rows: 3
   cols: 2
   dt: d
   data: [ 2.1120001220703125e+02, 2.3160000610351562e+02,
       2.0040000915527344e+02, 2.3880000305175781e+02,
       2.1168000793457031e+02, 2.4336001586914062e+02 ]
