%YAML:1.0
---
descriptors: !!opencv-matrix
   rows: 14
   cols: 32
   dt: u
   data: [ 15, 124, 235, 193, 246, 183, 171, 218, 95, 235, 92, 246, 25,
       204, 255, 44, 127, 137, 23, 157, 163, 180, 60, 242, 94, 79, 191,
       228, 191, 223, 113, 245, 173, 38, 109, 109, 236, 63, 205, 27, 83,
       234, 149, 92, 211, 41, 151, 45, 89, 132, 85, 47, 185, 102, 109,
       30, 70, 91, 225, 188, 223, 237, 80, 224, 49, 65, 106, 236, 85, 66,
       195, 104, 196, 128, 243, 2, 83, 216, 49, 96, 120, 172, 2, 111, 72,
       179, 20, 140, 240, 173, 130, 5, 117, 58, 112, 128, 66, 32, 241,
       249, 110, 168, 232, 19, 239, 19, 48, 210, 141, 139, 212, 206, 111,
       139, 63, 153, 147, 44, 134, 211, 142, 220, 154, 232, 191, 128, 65,
       141, 11, 16, 122, 224, 101, 20, 248, 80, 141, 88, 150, 163, 188,
       29, 182, 111, 238, 145, 159, 141, 132, 37, 32, 192, 87, 89, 186,
       138, 22, 140, 117, 119, 34, 50, 51, 248, 111, 213, 184, 83, 139,
       89, 144, 127, 188, 159, 118, 10, 238, 57, 215, 149, 130, 47, 50,
       209, 23, 88, 154, 251, 95, 12, 55, 255, 91, 16, 115, 225, 38, 152,
       248, 18, 109, 73, 118, 227, 157, 31, 182, 100, 238, 145, 159, 141,
       132, 184, 53, 192, 198, 249, 186, 194, 39, 140, 113, 117, 176, 67,
       78, 108, 20, 3, 195, 104, 68, 4, 243, 42, 67, 129, 177, 80, 120,
       164, 142, 98, 72, 179, 69, 12, 240, 161, 32, 17, 117, 171, 116,
       32, 27, 129, 104, 237, 55, 90, 254, 53, 101, 64, 126, 162, 123,
       29, 182, 224, 126, 189, 151, 239, 220, 184, 101, 205, 247, 237,
       162, 129, 55, 174, 252, 233, 50, 97, 82, 172, 93, 195, 210, 104,
       13, 164, 249, 11, 74, 202, 38, 212, 248, 189, 206, 227, 76, 179,
       0, 221, 177, 244, 139, 59, 113, 46, 126, 134, 181, 108, 237, 65,
       142, 35, 207, 56, 82, 226, 180, 238, 83, 41, 213, 47, 89, 196,
       126, 254, 233, 118, 237, 154, 94, 10, 229, 180, 253, 249, 80, 160,
       176, 2, 78, 45, 4, 10, 97, 112, 100, 36, 246, 199, 67, 1, 147, 81,
       120, 132, 46, 44, 232, 183, 69, 12, 208, 161, 224, 16, 109, 168,
       116, 80, 225, 38, 229, 85, 36, 59, 233, 23, 113, 226, 82, 252,
       147, 40, 149, 47, 10, 164, 124, 13, 185, 252, 229, 10, 132, 122,
       240, 144, 236, 232, 82, 108, 10, 50, 113, 168, 109, 157, 249, 82,
       143, 93, 180, 239, 141, 159, 242, 110, 238, 145, 223, 145, 131,
       43, 98, 209, 215, 217, 186, 234, 31, 140, 37, 255 ]
keypoints: !!opencv-matrix
   rows: 14
   cols: 2
   dt: d
   data: [ 262., 36., 208., 83., 208., 94., 121., 239., 262., 243., 292.,
       245., 304., 246., 2.0760000610351562e+02, 9.1200004577636719e+01,
       1.3320001220703125e+02, 2.3640000915527344e+02,
       1.8360000610351562e+02, 2.4480000305175781e+02,
       2.1168000793457031e+02, 8.0639999389648438e+01,
       2.0736001586914062e+02, 9.0720001220703125e+01,
       2.0736001586914062e+02, 8.4672004699707031e+01,
       8.1216011047363281e+01, 2.3846401977539062e+02 ]
