%YAML:1.0
---
descriptors: !!opencv-matrix
   rows: 3
   cols: 32
   dt: u
   data: [ 186, 217, 102, 252, 5, 210, 252, 103, 157, 8, 214, 34, 105,
       26, 54, 65, 234, 179, 191, 225, 236, 171, 3, 253, 179, 251, 218,
       131, 55, 152, 252, 15, 43, 170, 226, 154, 247, 177, 184, 71, 95,
       85, 124, 183, 40, 136, 246, 172, 255, 43, 147, 149, 150, 58, 6,
       243, 30, 93, 154, 235, 223, 12, 249, 223, 59, 19, 122, 237, 54,
       18, 121, 115, 101, 76, 246, 231, 27, 15, 182, 80, 126, 157, 151,
       172, 205, 186, 37, 204, 246, 249, 162, 128, 47, 172, 116, 217 ]
keypoints: !!opencv-matrix
   rows: 3
   cols: 2
   dt: d
   data: [ 54., 69., 2.2440000915527344e+02, 2.4000001525878906e+02,
       2.4192001342773438e+02, 2.4768000793457031e+02 ]
