%YAML:1.0
---
descriptors: !!opencv-matrix
   rows: 147
   cols: 32
   dt: u
   data: [ 208, 248, 156, 62, 137, 253, 20, 143, 186, 23, 132, 25, 174,
       246, 66, 91, 129, 115, 233, 17, 54, 77, 218, 51, 201, 211, 95,
       123, 144, 84, 143, 91, 238, 176, 180, 80, 233, 125, 176, 203, 171,
       255, 181, 57, 12, 191, 78, 159, 175, 215, 255, 17, 54, 111, 186,
       192, 31, 83, 93, 255, 194, 101, 143, 215, 89, 150, 123, 233, 242,
       166, 249, 115, 127, 107, 123, 246, 93, 35, 188, 112, 119, 135, 31,
       188, 179, 149, 37, 223, 126, 239, 58, 196, 173, 128, 161, 33, 150,
       223, 179, 146, 149, 248, 182, 231, 221, 87, 186, 18, 237, 232, 45,
       229, 249, 243, 130, 115, 116, 233, 12, 238, 185, 215, 207, 79,
       199, 125, 189, 198, 172, 197, 97, 67, 84, 75, 231, 248, 117, 100,
       127, 24, 211, 101, 157, 53, 120, 200, 70, 106, 105, 176, 125, 46,
       37, 140, 5, 4, 103, 187, 86, 244, 184, 253, 89, 40, 91, 71, 87,
       248, 19, 38, 160, 63, 119, 91, 41, 17, 218, 153, 70, 226, 106, 7,
       90, 31, 243, 197, 33, 63, 113, 49, 38, 139, 161, 77, 99, 79, 36,
       135, 239, 247, 68, 66, 126, 198, 113, 100, 181, 100, 94, 234, 22,
       238, 201, 184, 117, 63, 36, 172, 166, 128, 125, 250, 240, 189, 5,
       128, 215, 225, 212, 170, 225, 128, 108, 49, 99, 208, 149, 3, 136,
       75, 99, 12, 42, 24, 17, 240, 69, 4, 12, 162, 114, 68, 224, 137,
       193, 160, 83, 190, 135, 188, 155, 168, 36, 167, 190, 31, 192, 245,
       172, 226, 66, 223, 163, 107, 232, 149, 55, 77, 130, 113, 152, 50,
       94, 123, 136, 68, 171, 93, 81, 157, 29, 109, 176, 46, 71, 183,
       100, 40, 170, 68, 247, 51, 0, 114, 16, 70, 108, 104, 121, 168, 81,
       63, 233, 175, 36, 80, 40, 226, 192, 41, 222, 54, 182, 116, 171,
       124, 93, 135, 187, 255, 166, 57, 78, 191, 71, 223, 167, 247, 253,
       144, 60, 71, 179, 192, 219, 243, 93, 187, 130, 117, 174, 87, 124,
       110, 251, 114, 193, 104, 87, 202, 115, 183, 45, 56, 91, 247, 73,
       58, 185, 222, 229, 82, 24, 114, 234, 34, 95, 207, 101, 109, 227,
       243, 230, 162, 111, 112, 227, 100, 103, 92, 127, 80, 105, 226,
       116, 170, 59, 159, 215, 190, 126, 221, 183, 206, 137, 114, 244,
       192, 87, 253, 195, 170, 103, 247, 118, 253, 234, 184, 190, 62,
       235, 249, 144, 207, 251, 219, 244, 57, 46, 254, 70, 187, 235, 243,
       238, 145, 63, 111, 154, 243, 27, 115, 95, 123, 203, 68, 239, 159,
       220, 52, 188, 112, 171, 104, 81, 27, 178, 183, 166, 57, 159, 183,
       64, 27, 135, 151, 237, 16, 58, 79, 243, 2, 219, 195, 117, 125,
       226, 96, 135, 99, 48, 157, 127, 238, 52, 199, 67, 121, 69, 76,
       255, 70, 115, 125, 176, 96, 120, 182, 14, 235, 249, 187, 57, 157,
       251, 239, 162, 80, 53, 170, 116, 121, 20, 159, 219, 255, 246, 170,
       111, 255, 118, 171, 91, 230, 245, 227, 232, 64, 119, 254, 63, 154,
       147, 152, 207, 247, 252, 166, 191, 192, 172, 250, 177, 161, 218,
       217, 126, 254, 175, 80, 23, 237, 237, 220, 182, 58, 126, 223, 46,
       115, 226, 245, 255, 226, 104, 79, 186, 253, 243, 241, 79, 27, 6,
       48, 165, 107, 6, 176, 188, 211, 239, 245, 185, 91, 159, 255, 21,
       183, 156, 255, 94, 43, 207, 27, 247, 145, 146, 78, 250, 208, 79,
       83, 223, 239, 132, 76, 135, 243, 139, 221, 57, 255, 118, 205, 55,
       247, 31, 75, 92, 32, 188, 255, 164, 96, 199, 123, 55, 0, 227, 136,
       123, 255, 103, 255, 62, 138, 30, 152, 129, 251, 2, 168, 51, 216,
       111, 249, 177, 71, 159, 25, 84, 51, 172, 159, 100, 108, 235, 59,
       187, 17, 18, 61, 34, 241, 159, 212, 26, 107, 146, 12, 165, 239, 8,
       159, 58, 127, 242, 158, 127, 247, 127, 79, 126, 5, 190, 187, 162,
       80, 167, 107, 6, 12, 246, 184, 40, 127, 239, 255, 54, 203, 82,
       208, 237, 203, 134, 54, 190, 249, 238, 173, 185, 218, 159, 191,
       85, 115, 156, 191, 111, 75, 239, 27, 183, 145, 178, 212, 139, 210,
       207, 27, 251, 174, 148, 73, 33, 147, 203, 83, 107, 69, 34, 82, 45,
       53, 96, 204, 86, 228, 253, 23, 146, 119, 54, 116, 125, 238, 193,
       216, 165, 76, 230, 57, 110, 128, 46, 176, 161, 121, 104, 32, 249,
       69, 120, 95, 65, 59, 123, 237, 52, 56, 18, 149, 196, 54, 22, 188,
       228, 24, 145, 122, 225, 14, 79, 157, 49, 116, 99, 128, 70, 241,
       30, 189, 56, 234, 185, 241, 19, 239, 175, 77, 188, 40, 238, 255,
       46, 64, 223, 211, 207, 240, 26, 11, 105, 253, 251, 213, 15, 251,
       210, 66, 173, 123, 139, 188, 150, 153, 243, 183, 189, 223, 63, 95,
       116, 55, 172, 247, 46, 77, 231, 27, 191, 148, 183, 220, 27, 247,
       79, 30, 94, 199, 154, 68, 169, 223, 15, 90, 255, 229, 226, 114,
       191, 80, 173, 202, 215, 230, 220, 255, 167, 111, 230, 117, 191,
       243, 145, 209, 37, 200, 214, 251, 239, 134, 142, 247, 37, 241, 58,
       143, 107, 186, 247, 243, 186, 231, 159, 77, 220, 163, 108, 237,
       54, 192, 255, 187, 151, 149, 178, 187, 42, 255, 123, 119, 143,
       203, 247, 206, 253, 251, 38, 105, 234, 202, 84, 209, 191, 208, 86,
       196, 124, 130, 48, 205, 247, 36, 122, 248, 19, 223, 130, 178, 46,
       250, 119, 13, 175, 169, 213, 187, 116, 248, 131, 201, 66, 157,
       112, 135, 234, 118, 62, 73, 90, 199, 189, 194, 182, 196, 126, 43,
       55, 205, 167, 152, 22, 255, 36, 60, 170, 200, 30, 133, 57, 157,
       159, 86, 102, 5, 115, 18, 238, 112, 117, 74, 119, 230, 73, 66,
       183, 244, 118, 236, 150, 238, 229, 149, 37, 206, 54, 127, 162,
       131, 47, 183, 104, 213, 44, 3, 188, 87, 236, 126, 253, 27, 206,
       31, 127, 16, 218, 109, 159, 110, 201, 6, 127, 12, 144, 240, 107,
       128, 71, 63, 115, 133, 210, 249, 213, 227, 159, 217, 118, 245,
       183, 214, 126, 246, 189, 204, 22, 131, 173, 191, 55, 229, 166,
       119, 189, 231, 228, 221, 48, 238, 251, 251, 207, 131, 38, 180, 45,
       95, 170, 179, 248, 16, 251, 217, 176, 207, 155, 125, 60, 191, 172,
       188, 78, 20, 143, 27, 247, 17, 150, 107, 226, 241, 126, 81, 30,
       239, 215, 12, 207, 223, 61, 124, 244, 119, 33, 126, 91, 152, 123,
       255, 55, 168, 123, 127, 223, 191, 55, 221, 181, 94, 168, 244, 125,
       170, 207, 223, 117, 133, 231, 247, 78, 121, 46, 181, 240, 254,
       253, 125, 222, 253, 217, 239, 189, 59, 206, 124, 126, 166, 223,
       147, 215, 33, 252, 35, 120, 223, 187, 95, 157, 255, 215, 238, 222,
       215, 21, 190, 239, 255, 180, 171, 239, 255, 118, 235, 218, 246,
       241, 247, 153, 105, 127, 254, 54, 187, 185, 214, 109, 63, 236,
       174, 255, 132, 189, 251, 240, 185, 145, 206, 79, 255, 86, 130,
       107, 184, 84, 2, 218, 194, 113, 99, 177, 96, 122, 238, 46, 238,
       104, 188, 77, 255, 244, 174, 170, 0, 61, 187, 112, 168, 147, 78,
       71, 255, 86, 162, 234, 82, 61, 2, 82, 194, 121, 235, 181, 105,
       126, 237, 63, 207, 169, 148, 5, 239, 150, 238, 234, 128, 61, 241,
       97, 160, 248, 213, 127, 237, 60, 78, 71, 125, 101, 108, 250, 102,
       115, 63, 176, 113, 122, 244, 61, 234, 249, 179, 49, 141, 241, 235,
       226, 144, 53, 170, 244, 121, 174, 107, 226, 158, 239, 209, 222,
       196, 203, 230, 180, 171, 104, 204, 247, 143, 234, 233, 231, 199,
       204, 99, 174, 232, 50, 89, 207, 187, 87, 255, 126, 206, 36, 65,
       134, 143, 72, 41, 165, 72, 164, 54, 227, 170, 163, 163, 169, 90,
       104, 192, 106, 202, 72, 183, 71, 32, 20, 160, 226, 40, 80, 123,
       33, 160, 13, 107, 227, 103, 116, 58, 235, 156, 111, 161, 127, 230,
       219, 103, 157, 244, 54, 238, 102, 254, 129, 176, 109, 126, 46,
       237, 163, 196, 239, 163, 226, 181, 127, 127, 97, 102, 227, 22, 94,
       184, 121, 234, 127, 169, 89, 127, 157, 117, 151, 213, 245, 239,
       236, 214, 237, 238, 235, 255, 237, 134, 38, 247, 38, 119, 124,
       124, 155, 114, 219, 104, 19, 202, 51, 163, 105, 56, 31, 215, 73,
       56, 151, 253, 196, 82, 11, 118, 170, 34, 209, 197, 21, 47, 224,
       115, 6, 163, 218, 92, 190, 252, 41, 116, 93, 54, 185, 94, 150,
       153, 238, 63, 23, 223, 231, 247, 253, 131, 236, 69, 179, 227, 211,
       123, 218, 147, 6, 116, 45, 127, 206, 124, 190, 245, 107, 124, 189,
