%YAML:1.0
---
descriptors: !!opencv-matrix
   rows: 116
   cols: 32
   dt: u
   data: [ 253, 67, 105, 108, 76, 3, 199, 248, 71, 226, 181, 202, 83, 73,
       157, 51, 120, 196, 110, 110, 201, 39, 109, 24, 112, 136, 225, 60,
       125, 187, 112, 32, 20, 204, 134, 151, 148, 139, 38, 232, 246, 178,
       67, 66, 224, 224, 169, 79, 57, 110, 34, 122, 32, 240, 15, 127, 44,
       38, 71, 4, 160, 122, 33, 160, 116, 197, 132, 190, 222, 3, 6, 232,
       22, 146, 192, 10, 113, 224, 105, 81, 89, 238, 34, 98, 106, 67, 78,
       63, 124, 167, 207, 124, 177, 122, 48, 128, 36, 172, 132, 158, 217,
       131, 166, 232, 154, 147, 96, 9, 228, 226, 105, 89, 217, 110, 34,
       81, 34, 90, 218, 127, 61, 38, 79, 111, 144, 106, 51, 138, 181,
       207, 198, 95, 178, 42, 111, 188, 52, 170, 251, 246, 243, 99, 153,
       85, 127, 238, 110, 238, 249, 244, 77, 47, 188, 174, 229, 192, 239,
       243, 226, 129, 120, 40, 160, 248, 141, 173, 64, 91, 139, 61, 180,
       25, 175, 205, 86, 154, 201, 186, 205, 16, 26, 107, 218, 177, 147,
       249, 20, 57, 210, 76, 222, 74, 218, 188, 22, 176, 139, 252, 16,
       199, 171, 210, 166, 24, 174, 158, 99, 255, 163, 51, 233, 16, 37,
       79, 146, 240, 155, 211, 94, 59, 130, 64, 47, 30, 92, 124, 62, 102,
       49, 78, 118, 248, 233, 140, 238, 9, 95, 223, 35, 81, 182, 117,
       204, 106, 96, 199, 152, 44, 243, 249, 32, 3, 66, 51, 47, 3, 47,
       181, 98, 207, 199, 123, 191, 120, 89, 102, 125, 167, 72, 252, 62,
       36, 127, 221, 183, 167, 149, 178, 188, 223, 87, 109, 203, 238,
       111, 111, 115, 247, 92, 182, 156, 225, 170, 110, 113, 23, 171,
       191, 191, 121, 223, 55, 74, 26, 167, 23, 253, 16, 20, 65, 131, 64,
       207, 211, 117, 247, 160, 194, 143, 3, 24, 32, 28, 229, 56, 75,
       120, 19, 44, 185, 246, 33, 151, 31, 0, 89, 230, 157, 127, 128, 8,
       248, 193, 12, 199, 227, 122, 145, 32, 0, 9, 3, 216, 30, 158, 182,
       34, 42, 121, 16, 184, 158, 215, 243, 255, 183, 35, 91, 166, 245,
       253, 227, 32, 197, 129, 106, 211, 227, 122, 129, 32, 241, 45, 75,
       217, 92, 253, 245, 36, 106, 105, 186, 116, 114, 182, 82, 255, 55,
       153, 123, 103, 212, 125, 234, 233, 212, 245, 171, 199, 235, 242,
       128, 36, 241, 53, 105, 45, 180, 129, 91, 221, 61, 194, 185, 87,
       235, 121, 92, 242, 120, 92, 164, 217, 10, 18, 61, 191, 114, 123,
       159, 47, 94, 149, 116, 218, 78, 218, 164, 60, 137, 107, 224, 244,
       195, 251, 97, 4, 228, 254, 3, 17, 159, 54, 96, 250, 189, 23, 241,
       88, 187, 48, 188, 251, 205, 175, 193, 117, 10, 244, 242, 174, 255,
       190, 159, 237, 255, 183, 254, 223, 255, 215, 63, 236, 252, 127,
       111, 253, 255, 255, 83, 246, 255, 251, 243, 127, 83, 95, 199, 199,
       125, 189, 223, 253, 120, 215, 100, 13, 127, 70, 216, 105, 250,
       167, 76, 90, 49, 69, 191, 184, 196, 124, 126, 41, 247, 185, 136,
       147, 250, 69, 22, 234, 251, 82, 49, 94, 182, 156, 179, 171, 57,
       16, 139, 170, 191, 187, 189, 207, 107, 74, 154, 167, 87, 237, 17,
       22, 69, 139, 80, 202, 215, 125, 255, 136, 69, 143, 19, 42, 181,
       147, 159, 253, 253, 184, 239, 159, 121, 121, 23, 236, 254, 110,
       132, 255, 123, 179, 17, 23, 122, 250, 247, 15, 94, 159, 235, 218,
       78, 173, 223, 28, 217, 90, 170, 52, 195, 91, 240, 6, 68, 222, 167,
       119, 215, 34, 64, 94, 248, 31, 222, 74, 153, 88, 63, 243, 165,
       163, 192, 52, 139, 52, 251, 62, 181, 240, 202, 239, 125, 222, 248,
       203, 254, 189, 171, 74, 255, 255, 182, 255, 217, 255, 242, 158,
       99, 250, 208, 95, 221, 199, 191, 247, 255, 124, 215, 63, 95, 99,
       134, 215, 214, 239, 240, 53, 206, 223, 199, 89, 236, 55, 228, 124,
       236, 151, 239, 237, 179, 60, 238, 119, 111, 175, 128, 111, 255,
       244, 244, 32, 156, 59, 219, 93, 237, 177, 119, 94, 77, 92, 18,
       188, 253, 36, 100, 205, 59, 147, 1, 179, 184, 114, 255, 103, 190,
       26, 75, 208, 72, 245, 251, 21, 158, 251, 247, 246, 155, 238, 246,
       125, 234, 242, 246, 255, 106, 157, 97, 127, 231, 95, 159, 245,
       255, 109, 239, 254, 255, 255, 144, 237, 248, 241, 185, 221, 89,
       61, 101, 40, 78, 71, 176, 224, 184, 166, 104, 247, 23, 129, 115,
       6, 212, 124, 106, 73, 193, 113, 44, 225, 235, 101, 20, 32, 179, 5,
       41, 20, 160, 134, 28, 24, 131, 32, 232, 246, 176, 66, 2, 96, 224,
       105, 67, 113, 108, 106, 104, 32, 209, 143, 29, 24, 34, 71, 4, 128,
       42, 33, 4, 52, 160, 142, 190, 90, 3, 2, 232, 22, 176, 64, 10, 99,
       224, 41, 80, 89, 108, 34, 104, 106, 210, 203, 63, 184, 166, 199,
       44, 176, 42, 48, 128, 65, 160, 143, 157, 24, 11, 32, 104, 254,
       176, 66, 66, 228, 226, 97, 66, 113, 108, 106, 224, 4, 209, 143,
       93, 12, 34, 207, 36, 0, 34, 17, 132, 4, 160, 134, 157, 24, 131,
       160, 233, 182, 145, 66, 2, 228, 226, 104, 75, 121, 108, 42, 144,
       34, 217, 139, 93, 12, 34, 87, 76, 144, 40, 33, 136, 32, 164, 134,
       156, 90, 3, 34, 234, 22, 179, 64, 10, 96, 224, 40, 89, 89, 108,
       34, 48, 42, 218, 203, 31, 60, 38, 85, 100, 177, 40, 48, 136, 66,
       32, 18, 137, 104, 137, 168, 72, 174, 32, 194, 8, 140, 130, 100,
       80, 234, 29, 107, 192, 2, 155, 195, 208, 148, 48, 154, 58, 16, 8,
       35, 128, 34, 32, 34, 200, 77, 3, 168, 72, 237, 32, 210, 11, 128,
       136, 52, 64, 232, 157, 123, 161, 0, 163, 195, 208, 21, 56, 138,
       59, 85, 8, 97, 134, 13, 191, 170, 251, 244, 131, 239, 217, 30,
       200, 93, 230, 253, 206, 176, 96, 255, 106, 23, 223, 227, 179, 42,
       255, 108, 223, 175, 136, 28, 235, 241, 177, 127, 255, 119, 251,
       233, 253, 95, 243, 237, 90, 252, 239, 110, 253, 223, 247, 239,
       243, 255, 167, 255, 35, 250, 243, 247, 249, 165, 251, 79, 254,
       230, 119, 120, 93, 117, 100, 185, 78, 93, 55, 161, 236, 190, 8,
       27, 55, 129, 54, 130, 246, 125, 40, 73, 43, 241, 140, 243, 253,
       101, 16, 98, 240, 198, 123, 63, 124, 106, 204, 215, 243, 187, 240,
       93, 198, 93, 167, 88, 252, 55, 32, 127, 253, 151, 227, 181, 178,
       62, 254, 63, 111, 139, 198, 239, 111, 115, 247, 74, 187, 144, 163,
       169, 141, 86, 157, 171, 61, 184, 109, 174, 58, 72, 146, 132, 83,
       236, 81, 151, 72, 219, 177, 175, 213, 21, 127, 202, 22, 143, 31,
       167, 121, 229, 84, 237, 93, 204, 216, 91, 250, 180, 74, 10, 156,
       215, 175, 136, 204, 247, 127, 205, 118, 246, 144, 23, 88, 197,
       190, 79, 189, 90, 245, 95, 22, 150, 180, 171, 54, 60, 19, 169,
       210, 139, 199, 205, 254, 107, 202, 231, 245, 253, 151, 29, 193,
       147, 192, 147, 227, 218, 131, 168, 103, 169, 19, 109, 107, 232,
       97, 44, 31, 79, 154, 71, 172, 188, 76, 155, 9, 211, 48, 88, 204,
       30, 126, 200, 50, 97, 152, 247, 221, 165, 180, 103, 187, 88, 97,
       102, 163, 168, 235, 108, 61, 91, 248, 3, 61, 253, 137, 195, 237,
       94, 16, 220, 152, 231, 71, 158, 34, 235, 145, 215, 221, 161, 253,
       210, 143, 86, 195, 33, 183, 40, 171, 252, 61, 202, 93, 94, 121,
       249, 95, 211, 72, 94, 0, 221, 139, 23, 189, 159, 50, 89, 151, 239,
       205, 191, 124, 221, 74, 219, 208, 237, 120, 151, 87, 105, 157,
       102, 144, 251, 250, 38, 76, 254, 240, 77, 191, 129, 100, 232, 74,
       229, 117, 186, 104, 15, 218, 69, 42, 202, 115, 75, 174, 64, 48,
       191, 244, 108, 108, 121, 18, 187, 191, 86, 57, 157, 183, 65, 91,
       135, 29, 127, 17, 2, 84, 162, 192, 199, 179, 122, 173, 128, 224,
       7, 99, 44, 77, 42, 222, 93, 215, 231, 98, 215, 196, 237, 2, 106,
       248, 55, 228, 216, 234, 2, 202, 110, 187, 58, 255, 115, 255, 134,
       9, 83, 127, 124, 230, 33, 217, 83, 77, 118, 135, 238, 244, 84, 64,
       112, 70, 48, 211, 180, 228, 126, 42, 2, 206, 195, 184, 52, 125,
       36, 44, 162, 8, 63, 154, 96, 189, 216, 16, 29, 181, 56, 222, 120,
       3, 172, 61, 194, 16, 191, 19, 0, 219, 198, 53, 253, 0, 44, 220,
       81, 5, 199, 243, 250, 81, 128, 0, 13, 11, 220, 112, 30, 228, 11,
       78, 82, 112, 173, 150, 167, 11, 78, 223, 43, 27, 166, 213, 253,
       98, 44, 231, 152, 204, 211, 235, 67, 3, 99, 49, 39, 83, 126, 113,
