%YAML:1.0
---
descriptors: !!opencv-matrix
   rows: 109
   cols: 32
   dt: u
   data: [ 139, 94, 111, 219, 238, 249, 253, 214, 237, 94, 86, 246, 185,
       221, 183, 239, 110, 178, 255, 239, 227, 52, 182, 255, 118, 89,
       238, 170, 63, 221, 244, 253, 79, 95, 103, 221, 239, 125, 191, 214,
       169, 222, 92, 239, 140, 254, 247, 239, 103, 123, 183, 239, 229,
       82, 166, 232, 39, 120, 254, 170, 158, 253, 149, 253, 171, 191,
       104, 234, 255, 213, 159, 255, 129, 110, 156, 255, 56, 253, 182,
       165, 143, 179, 223, 163, 253, 43, 104, 191, 127, 93, 173, 251, 31,
       222, 158, 251, 235, 95, 62, 222, 235, 116, 159, 247, 141, 206,
       156, 174, 60, 127, 167, 39, 207, 115, 223, 239, 225, 75, 34, 234,
       115, 91, 254, 187, 23, 252, 165, 253, 38, 51, 246, 128, 239, 120,
       190, 199, 139, 221, 121, 191, 140, 188, 111, 142, 239, 87, 147,
       87, 148, 114, 170, 224, 62, 20, 95, 239, 199, 127, 191, 215, 123,
       14, 110, 28, 29, 18, 201, 51, 233, 196, 254, 135, 105, 104, 182,
       215, 98, 228, 237, 173, 188, 233, 165, 205, 50, 127, 194, 145,
       103, 164, 124, 76, 127, 251, 96, 65, 183, 216, 90, 252, 107, 252,
       188, 169, 42, 156, 214, 180, 183, 222, 221, 213, 222, 73, 172,
       245, 59, 93, 133, 255, 231, 134, 222, 127, 110, 241, 54, 160, 253,
       212, 188, 237, 139, 29, 189, 51, 204, 158, 126, 198, 238, 147,
       147, 241, 214, 59, 170, 212, 63, 81, 143, 239, 135, 14, 189, 215,
       123, 20, 70, 93, 23, 150, 104, 51, 245, 65, 239, 6, 120, 56, 182,
       245, 102, 164, 188, 168, 189, 137, 53, 207, 58, 127, 146, 192,
       175, 164, 120, 12, 64, 201, 63, 247, 20, 204, 49, 36, 236, 1, 74,
       0, 244, 247, 40, 98, 160, 115, 123, 73, 64, 137, 18, 109, 229,
       174, 126, 0, 0, 2, 37, 42, 16, 0, 95, 137, 78, 131, 168, 67, 110,
       49, 194, 66, 5, 130, 48, 72, 106, 13, 42, 153, 2, 186, 199, 80,
       20, 160, 154, 0, 37, 8, 33, 136, 2, 186, 23, 185, 107, 129, 56,
       71, 174, 21, 64, 241, 172, 134, 96, 74, 230, 59, 235, 144, 2, 11,
       146, 81, 133, 176, 26, 234, 16, 0, 165, 155, 2, 186, 142, 185,
       106, 161, 184, 71, 158, 93, 80, 183, 172, 142, 98, 73, 239, 43,
       179, 149, 22, 94, 2, 209, 140, 16, 218, 235, 156, 12, 185, 219,
       112, 137, 24, 168, 84, 207, 83, 103, 15, 37, 168, 9, 55, 25, 34,
       16, 152, 187, 65, 100, 90, 42, 80, 61, 251, 205, 4, 121, 80, 10,
       198, 74, 2, 187, 18, 152, 251, 193, 187, 103, 175, 13, 184, 169,
       172, 142, 102, 20, 238, 187, 207, 209, 22, 11, 2, 245, 185, 20,
       26, 251, 18, 4, 167, 223, 48, 157, 122, 233, 245, 223, 82, 119,
       69, 5, 124, 3, 51, 153, 50, 0, 216, 186, 151, 72, 218, 184, 48,
       157, 235, 221, 0, 67, 115, 138, 220, 202, 130, 121, 58, 154, 107,
       213, 184, 196, 143, 92, 80, 39, 172, 222, 103, 65, 230, 59, 179,
       83, 134, 11, 178, 241, 3, 48, 26, 171, 18, 21, 45, 223, 184, 73,
       107, 236, 52, 70, 207, 53, 69, 140, 246, 2, 115, 29, 177, 112, 88,
       244, 125, 234, 200, 167, 101, 143, 115, 233, 160, 144, 103, 186,
       116, 106, 138, 125, 122, 252, 117, 221, 255, 246, 233, 76, 188,
       169, 191, 159, 55, 49, 174, 187, 223, 65, 230, 43, 48, 253, 247,
       217, 42, 187, 87, 148, 111, 223, 153, 93, 47, 85, 147, 214, 63,
       246, 244, 206, 222, 38, 121, 116, 179, 231, 36, 118, 221, 239,
       229, 205, 53, 174, 227, 107, 239, 130, 47, 244, 189, 127, 207, 94,
       236, 85, 44, 118, 127, 190, 241, 254, 151, 244, 217, 63, 215, 239,
       39, 212, 253, 239, 233, 85, 189, 194, 198, 123, 237, 132, 46, 245,
       220, 117, 33, 169, 16, 72, 93, 159, 65, 111, 107, 41, 236, 12, 50,
       1, 4, 180, 152, 138, 66, 12, 75, 58, 80, 29, 57, 220, 0, 120, 91,
       128, 66, 172, 95, 190, 51, 97, 51, 154, 123, 178, 45, 106, 78,
       228, 159, 167, 146, 244, 55, 125, 253, 238, 209, 145, 165, 230,
       162, 253, 47, 198, 46, 231, 33, 117, 107, 158, 106, 89, 100, 249,
       249, 182, 249, 111, 124, 109, 136, 189, 246, 188, 207, 59, 183,
       13, 148, 62, 226, 242, 70, 95, 242, 239, 223, 205, 94, 255, 31,
       91, 247, 229, 182, 130, 111, 179, 173, 72, 218, 230, 93, 111, 181,
       106, 102, 229, 61, 207, 209, 145, 5, 236, 226, 235, 235, 192, 47,
       183, 241, 49, 59, 159, 115, 203, 118, 179, 251, 218, 95, 73, 254,
       230, 120, 223, 189, 228, 126, 154, 159, 189, 139, 179, 45, 255,
       62, 127, 163, 198, 191, 207, 120, 253, 185, 92, 115, 248, 118,
       167, 235, 246, 156, 72, 220, 102, 61, 31, 181, 224, 126, 251, 23,
       237, 163, 175, 52, 255, 116, 239, 170, 128, 191, 153, 113, 185,
       25, 23, 240, 101, 160, 31, 94, 61, 117, 234, 190, 108, 75, 51,
       135, 116, 150, 198, 44, 110, 205, 144, 105, 202, 227, 221, 37,
       150, 34, 246, 192, 109, 143, 181, 240, 225, 239, 253, 188, 223,
       139, 249, 29, 47, 156, 190, 222, 166, 174, 91, 255, 85, 215, 120,
       250, 192, 239, 89, 143, 255, 14, 206, 137, 215, 139, 247, 116,
       251, 239, 213, 253, 255, 205, 126, 124, 183, 173, 223, 254, 231,
       239, 155, 151, 231, 246, 126, 110, 241, 102, 217, 239, 175, 23,
       220, 229, 253, 106, 156, 110, 220, 109, 84, 189, 246, 137, 222,
       220, 175, 248, 124, 182, 167, 205, 247, 247, 163, 229, 107, 114,
       237, 127, 123, 254, 155, 31, 108, 62, 223, 38, 251, 242, 128, 255,
       80, 190, 199, 139, 221, 56, 175, 12, 174, 102, 134, 238, 223, 211,
       213, 150, 123, 166, 224, 63, 16, 143, 239, 199, 63, 191, 223, 122,
       255, 98, 64, 119, 210, 218, 229, 107, 236, 188, 175, 42, 156, 214,
       180, 190, 189, 213, 241, 206, 187, 172, 255, 59, 93, 133, 243,
       103, 134, 254, 95, 75, 132, 70, 220, 87, 246, 232, 39, 253, 25,
       87, 18, 104, 63, 188, 247, 98, 150, 191, 168, 181, 152, 49, 205,
       31, 123, 210, 195, 39, 132, 248, 44, 130, 156, 159, 152, 139, 228,
       181, 199, 158, 19, 192, 19, 188, 183, 40, 75, 231, 19, 187, 144,
       50, 13, 18, 225, 217, 50, 94, 75, 144, 64, 165, 59, 62, 213, 98,
       224, 245, 199, 223, 245, 13, 109, 191, 179, 72, 95, 62, 4, 255,
       147, 151, 241, 250, 171, 40, 223, 123, 92, 143, 199, 71, 142, 244,
       119, 143, 159, 43, 129, 242, 151, 175, 243, 30, 125, 30, 246, 157,
       38, 242, 228, 55, 11, 19, 189, 243, 152, 45, 246, 108, 13, 175,
       228, 159, 140, 129, 241, 94, 70, 212, 69, 171, 56, 60, 158, 43,
       183, 14, 176, 207, 39, 203, 222, 39, 87, 236, 28, 4, 80, 239, 194,
       142, 247, 85, 23, 162, 245, 137, 21, 2, 152, 14, 185, 34, 129, 57,
       71, 62, 85, 66, 181, 188, 135, 32, 201, 231, 43, 179, 149, 18,
       220, 3, 209, 132, 17, 250, 194, 144, 4, 169, 249, 105, 165, 48,
       74, 253, 157, 86, 239, 203, 45, 173, 12, 42, 248, 206, 180, 137,
       130, 206, 120, 94, 43, 250, 53, 59, 93, 5, 127, 82, 14, 202, 78,
       130, 251, 58, 190, 121, 213, 188, 228, 143, 88, 80, 53, 172, 222,
       103, 67, 230, 59, 151, 65, 230, 15, 146, 255, 51, 89, 10, 171, 16,
       20, 45, 223, 130, 88, 54, 222, 109, 197, 189, 244, 157, 78, 116,
       57, 172, 223, 55, 15, 206, 113, 223, 99, 228, 79, 34, 236, 115,
       26, 90, 171, 86, 21, 39, 223, 254, 78, 230, 4, 239, 114, 254, 134,
       169, 230, 182, 171, 73, 44, 151, 159, 63, 229, 253, 231, 236, 231,
       37, 200, 50, 107, 205, 151, 231, 245, 126, 84, 91, 92, 231, 85,
       227, 62, 108, 55, 169, 226, 54, 230, 123, 46, 151, 255, 38, 231,
       253, 174, 237, 213, 53, 202, 54, 126, 84, 130, 175, 244, 104, 93,
       238, 88, 119, 220, 109, 221, 252, 98, 141, 218, 240, 58, 174, 158,
       181, 175, 238, 241, 215, 99, 224, 39, 98, 236, 23, 250, 218, 155,
       87, 189, 85, 255, 150, 236, 132, 159, 221, 225, 190, 239, 31, 183,
       218, 19, 236, 254, 75, 9, 249, 255, 179, 211, 114, 124, 203, 255,
       173, 22, 223, 107, 133, 127, 149, 206, 111, 121, 246, 116, 237,
       116, 254, 154, 235, 254, 22, 173, 92, 255, 223, 255, 167, 87, 245,
       215, 135, 81, 190, 224, 127, 123, 239, 183, 143, 245, 223, 87,
       143, 240, 252, 83, 239, 253, 191, 217, 219, 253, 21, 189, 220,
