%YAML:1.0
---
descriptors: !!opencv-matrix
   rows: 149
   cols: 32
   dt: u
   data: [ 191, 65, 106, 239, 102, 86, 127, 120, 101, 224, 247, 130, 91,
       93, 191, 240, 126, 220, 151, 238, 200, 182, 61, 204, 119, 233,
       227, 133, 103, 191, 120, 225, 218, 122, 58, 184, 11, 240, 48, 71,
       171, 21, 164, 177, 172, 159, 99, 88, 166, 187, 237, 145, 2, 15,
       162, 243, 147, 209, 26, 251, 146, 4, 47, 75, 111, 87, 102, 70,
       246, 18, 255, 112, 233, 230, 191, 175, 73, 110, 159, 247, 126,
       229, 215, 239, 237, 131, 172, 206, 62, 62, 175, 135, 47, 247, 122,
       85, 58, 104, 98, 172, 111, 209, 218, 204, 143, 68, 212, 171, 47,
       222, 55, 164, 254, 249, 223, 199, 206, 35, 38, 253, 147, 121, 139,
       187, 119, 159, 126, 223, 35, 222, 98, 14, 117, 151, 234, 232, 93,
       200, 121, 207, 104, 204, 191, 164, 220, 169, 147, 111, 197, 178,
       124, 255, 54, 92, 137, 170, 95, 47, 122, 213, 41, 185, 123, 201,
       244, 201, 235, 247, 79, 65, 124, 106, 187, 221, 244, 48, 90, 58,
       86, 88, 147, 58, 100, 253, 111, 28, 36, 232, 214, 138, 215, 233,
       178, 64, 92, 253, 46, 74, 76, 40, 159, 132, 242, 3, 239, 202, 55,
       83, 122, 229, 63, 227, 72, 224, 75, 221, 183, 250, 203, 145, 53,
       186, 101, 66, 223, 88, 247, 229, 39, 94, 127, 16, 105, 238, 182,
       163, 95, 63, 151, 127, 230, 245, 253, 239, 204, 213, 181, 232,
       215, 251, 235, 135, 39, 245, 119, 119, 109, 178, 248, 99, 249,
       125, 81, 25, 107, 253, 61, 125, 222, 93, 206, 190, 151, 29, 213,
       49, 151, 112, 251, 144, 79, 217, 33, 247, 206, 207, 206, 247, 237,
       120, 253, 70, 40, 92, 71, 152, 233, 246, 167, 108, 243, 213, 207,
       127, 6, 228, 108, 110, 201, 103, 255, 40, 210, 185, 101, 60, 72,
       179, 66, 117, 130, 158, 182, 155, 235, 181, 189, 223, 191, 95,
       116, 53, 172, 243, 174, 205, 231, 27, 191, 28, 178, 221, 42, 247,
       15, 26, 94, 194, 154, 68, 165, 255, 125, 21, 250, 237, 125, 31,
       95, 248, 85, 232, 254, 10, 91, 125, 31, 112, 254, 196, 119, 110,
       236, 179, 241, 142, 127, 255, 229, 148, 119, 188, 120, 195, 59,
       54, 101, 69, 117, 30, 249, 59, 121, 236, 222, 230, 153, 44, 151,
       180, 126, 140, 247, 173, 173, 180, 245, 206, 87, 127, 171, 132,
       111, 164, 118, 245, 45, 176, 152, 65, 217, 125, 113, 25, 123, 189,
       37, 24, 158, 17, 74, 190, 145, 28, 236, 24, 23, 112, 251, 16, 79,
       223, 17, 119, 194, 1, 207, 167, 193, 206, 30, 181, 32, 138, 100,
       38, 116, 50, 98, 208, 247, 3, 128, 91, 99, 108, 106, 12, 96, 220,
       199, 45, 196, 162, 114, 0, 40, 176, 193, 136, 149, 68, 90, 101,
       18, 10, 110, 57, 116, 2, 98, 82, 87, 99, 168, 112, 50, 204, 8,
       234, 105, 148, 5, 15, 224, 239, 35, 4, 40, 242, 104, 0, 177, 69,
       78, 69, 84, 58, 228, 115, 68, 96, 250, 82, 83, 8, 181, 228, 120,
       140, 6, 41, 237, 183, 69, 14, 52, 168, 32, 0, 109, 234, 120, 140,
       37, 84, 61, 87, 68, 126, 229, 190, 204, 254, 127, 18, 211, 117,
       157, 111, 77, 86, 86, 42, 225, 244, 127, 140, 69, 251, 117, 4, 83,
       248, 84, 229, 239, 122, 233, 66, 105, 93, 147, 16, 235, 236, 52,
       237, 154, 220, 215, 166, 142, 112, 245, 71, 197, 33, 246, 130, 71,
       93, 33, 187, 79, 190, 94, 119, 180, 96, 146, 136, 221, 43, 160,
       72, 254, 161, 224, 26, 2, 210, 109, 152, 248, 136, 74, 48, 46, 39,
       18, 80, 145, 128, 135, 63, 209, 89, 98, 134, 107, 187, 101, 68,
       97, 220, 125, 180, 233, 220, 54, 173, 121, 191, 214, 127, 134,
       119, 253, 78, 197, 72, 162, 225, 71, 123, 112, 171, 70, 182, 70,
       127, 244, 96, 146, 140, 73, 97, 68, 74, 39, 162, 160, 10, 2, 179,
       101, 159, 248, 152, 74, 226, 72, 39, 130, 192, 145, 128, 193, 63,
       81, 121, 38, 130, 80, 251, 191, 174, 40, 72, 23, 188, 162, 14,
       154, 169, 247, 255, 11, 82, 130, 119, 109, 67, 74, 67, 234, 33,
       241, 165, 126, 153, 4, 115, 39, 107, 130, 24, 154, 219, 119, 229,
       185, 66, 31, 13, 85, 19, 172, 223, 38, 72, 247, 59, 147, 145, 50,
       158, 18, 247, 77, 54, 154, 203, 144, 13, 37, 211, 56, 233, 112,
       239, 21, 139, 87, 102, 46, 37, 232, 9, 191, 11, 0, 16, 218, 187,
       71, 64, 74, 186, 81, 61, 245, 197, 0, 17, 112, 26, 199, 138, 138,
       148, 242, 155, 247, 243, 185, 67, 31, 71, 95, 183, 204, 254, 174,
       204, 247, 59, 179, 145, 55, 156, 34, 214, 12, 54, 154, 203, 158,
       76, 173, 215, 130, 185, 18, 128, 109, 205, 184, 103, 173, 142, 56,
       2, 172, 154, 112, 0, 238, 51, 211, 129, 66, 11, 18, 195, 21, 20,
       154, 171, 4, 8, 39, 139, 84, 32, 158, 181, 168, 108, 121, 18, 170,
       191, 159, 49, 223, 191, 67, 26, 167, 85, 125, 21, 24, 69, 139, 64,
       201, 243, 127, 181, 128, 225, 47, 67, 58, 9, 102, 237, 85, 22,
       248, 116, 65, 8, 240, 3, 9, 11, 55, 196, 250, 169, 151, 225, 204,
       179, 68, 204, 7, 217, 202, 133, 119, 190, 120, 138, 124, 65, 106,
       198, 84, 82, 127, 112, 69, 196, 254, 2, 91, 223, 183, 112, 120,
       252, 55, 234, 216, 179, 37, 136, 115, 237, 162, 128, 39, 187, 116,
       112, 72, 157, 87, 255, 160, 110, 116, 183, 189, 90, 106, 96, 253,
       119, 32, 251, 231, 119, 60, 170, 113, 216, 49, 237, 167, 251, 86,
       2, 8, 240, 161, 59, 116, 191, 217, 111, 186, 79, 71, 255, 114,
       170, 184, 72, 83, 119, 200, 48, 61, 222, 76, 122, 249, 59, 249,
       62, 249, 142, 37, 124, 249, 250, 198, 57, 5, 117, 149, 67, 165,
       111, 230, 154, 122, 251, 43, 88, 222, 112, 77, 191, 147, 94, 126,
       122, 49, 240, 249, 98, 173, 158, 69, 102, 200, 115, 195, 161, 89,
       249, 155, 102, 43, 220, 51, 48, 171, 200, 6, 40, 254, 215, 64,
       114, 166, 117, 252, 82, 65, 73, 187, 104, 219, 249, 33, 154, 10,
       34, 35, 59, 175, 54, 169, 94, 109, 125, 232, 90, 219, 218, 117,
       124, 216, 252, 247, 189, 157, 105, 119, 15, 165, 118, 234, 210, 7,
       95, 113, 170, 218, 253, 91, 213, 90, 184, 191, 188, 31, 221, 90,
       104, 191, 196, 245, 11, 111, 223, 35, 80, 254, 249, 255, 227, 14,
       75, 186, 253, 211, 247, 139, 187, 18, 39, 47, 90, 58, 177, 104,
       88, 255, 213, 149, 127, 139, 125, 180, 61, 10, 156, 78, 164, 141,
       155, 213, 17, 222, 107, 250, 149, 123, 89, 29, 255, 87, 12, 222,
       223, 31, 121, 106, 218, 199, 213, 254, 192, 159, 196, 220, 135,
       40, 222, 119, 76, 254, 251, 147, 215, 206, 163, 50, 232, 83, 89,
       138, 11, 31, 127, 61, 222, 34, 237, 32, 155, 85, 149, 190, 238,
       31, 5, 88, 7, 172, 200, 54, 132, 249, 107, 131, 215, 70, 186, 88,
       255, 175, 84, 143, 107, 21, 30, 189, 206, 8, 185, 186, 232, 248,
       205, 123, 87, 175, 13, 124, 5, 188, 223, 98, 16, 166, 59, 87, 28,
       18, 187, 162, 209, 255, 221, 38, 232, 152, 130, 167, 251, 117,
       189, 217, 103, 240, 15, 79, 189, 50, 168, 250, 104, 83, 119, 192,
       48, 31, 222, 68, 120, 217, 218, 233, 60, 253, 142, 37, 244, 233,
       242, 194, 57, 3, 182, 189, 211, 243, 173, 189, 23, 190, 27, 95,
       116, 188, 191, 72, 40, 167, 59, 255, 17, 179, 220, 203, 243, 79,
       63, 126, 194, 138, 68, 131, 179, 249, 2, 244, 109, 125, 31, 217,
       122, 87, 236, 246, 74, 91, 57, 151, 116, 94, 140, 127, 44, 168,
       247, 225, 158, 87, 255, 161, 148, 119, 172, 112, 225, 137, 10, 87,
       189, 44, 138, 232, 18, 220, 83, 210, 210, 253, 10, 176, 235, 107,
       33, 62, 141, 161, 252, 71, 199, 196, 251, 250, 128, 28, 136, 113,
       40, 131, 188, 154, 217, 159, 181, 184, 207, 31, 83, 68, 23, 188,
       191, 103, 72, 253, 59, 179, 145, 55, 220, 18, 243, 79, 223, 158,
       106, 154, 76, 169, 222, 53, 133, 110, 224, 158, 19, 222, 232, 94,
       226, 250, 130, 83, 252, 127, 96, 255, 221, 63, 227, 236, 243, 93,
       158, 250, 207, 175, 149, 117, 250, 120, 130, 2, 157, 178, 187,
       243, 225, 186, 231, 30, 5, 88, 163, 172, 254, 38, 64, 255, 59,
       147, 145, 54, 152, 18, 255, 109, 118, 158, 203, 148, 76, 173, 155,
       177, 95, 77, 103, 132, 122, 230, 182, 100, 98, 251, 214, 243, 40,
       149, 225, 120, 230, 14, 111, 237, 184, 93, 46, 36, 168, 100, 0,
