%YAML:1.0
---
descriptors: !!opencv-matrix
   rows: 17
   cols: 32
   dt: u
   data: [ 200, 248, 19, 176, 181, 204, 113, 150, 169, 89, 18, 88, 190,
       151, 96, 114, 165, 123, 188, 80, 83, 93, 130, 167, 173, 241, 54,
       194, 10, 0, 149, 59, 27, 19, 107, 205, 118, 18, 251, 112, 77, 68,
       95, 230, 121, 14, 182, 96, 126, 173, 23, 237, 133, 144, 37, 204,
       102, 109, 170, 128, 63, 134, 113, 245, 26, 128, 228, 189, 61, 3,
       216, 105, 143, 177, 128, 131, 205, 233, 56, 65, 218, 133, 59, 37,
       24, 75, 67, 157, 218, 90, 219, 119, 150, 174, 81, 2, 57, 249, 105,
       67, 244, 223, 239, 253, 71, 232, 252, 238, 27, 93, 244, 36, 94,
       248, 23, 254, 203, 186, 124, 189, 127, 205, 165, 228, 127, 154,
       240, 249, 118, 221, 224, 214, 223, 83, 158, 237, 155, 230, 188,
       175, 104, 124, 111, 183, 223, 215, 215, 227, 253, 99, 184, 255,
       59, 30, 205, 191, 127, 127, 254, 87, 61, 73, 43, 222, 85, 214,
       235, 64, 213, 200, 215, 2, 113, 223, 181, 100, 120, 168, 22, 202,
       72, 179, 32, 206, 115, 45, 162, 137, 51, 59, 116, 226, 41, 191,
       99, 73, 246, 147, 235, 255, 71, 233, 124, 238, 48, 236, 180, 164,
       126, 170, 22, 252, 155, 186, 100, 255, 62, 28, 165, 232, 255, 142,
       242, 253, 82, 233, 148, 179, 141, 4, 118, 175, 59, 51, 139, 26,
       174, 50, 64, 94, 225, 223, 237, 19, 26, 90, 201, 241, 185, 214,
       222, 103, 128, 83, 183, 14, 35, 140, 101, 135, 20, 63, 238, 55,
       84, 226, 90, 214, 241, 40, 180, 228, 121, 230, 22, 175, 189, 184,
       117, 190, 44, 94, 175, 128, 253, 238, 208, 188, 131, 193, 127,
       188, 108, 193, 237, 247, 141, 81, 208, 22, 189, 138, 48, 65, 110,
       161, 31, 141, 211, 47, 86, 213, 244, 57, 250, 136, 29, 24, 177,
       152, 27, 65, 99, 201, 118, 86, 235, 112, 69, 72, 94, 194, 25, 15,
       180, 100, 126, 173, 23, 239, 201, 144, 37, 204, 118, 104, 170,
       128, 63, 171, 113, 245, 105, 185, 251, 105, 244, 205, 123, 85, 99,
       73, 124, 76, 59, 189, 208, 48, 126, 186, 23, 92, 155, 58, 240,
       189, 127, 253, 36, 232, 239, 138, 210, 249, 138, 184, 179, 187,
       119, 229, 185, 67, 30, 79, 84, 19, 172, 223, 98, 12, 255, 59, 147,
       145, 50, 190, 50, 243, 77, 87, 154, 235, 151, 12, 53, 251, 138,
       184, 154, 251, 113, 253, 185, 215, 31, 11, 84, 178, 188, 223, 32,
       236, 247, 59, 147, 17, 51, 156, 50, 255, 207, 87, 154, 227, 154,
       12, 173, 187, 60, 86, 122, 236, 116, 210, 147, 112, 213, 204, 253,
       167, 83, 221, 167, 64, 222, 184, 134, 98, 201, 163, 48, 142, 114,
       231, 162, 139, 63, 187, 124, 243, 42, 170, 234, 154, 255, 177,
       184, 199, 223, 69, 92, 191, 40, 200, 118, 140, 255, 43, 147, 149,
       150, 126, 174, 243, 30, 93, 159, 235, 215, 12, 255, 223, 43, 170,
       226, 72, 119, 177, 250, 75, 91, 73, 124, 238, 40, 200, 246, 164,
       255, 170, 146, 149, 151, 190, 174, 243, 30, 92, 145, 235, 223,
       142, 250, 157 ]
keypoints: !!opencv-matrix
   rows: 17
   cols: 2
   dt: d
   data: [ 126., 42., 176., 179., 174., 227., 324., 238., 96., 249.,
       1.0320000457763672e+02, 2.3520001220703125e+02, 324.,
       2.3760000610351562e+02, 1.2120000457763672e+02,
       2.4840000915527344e+02, 1.2816000366210938e+02,
       4.8960002899169922e+01, 1.6848001098632812e+02,
       5.1840003967285156e+01, 1.7568000793457031e+02,
       1.7856001281738281e+02, 3.2688000488281250e+02,
       2.3184001159667969e+02, 2.3904000854492188e+02,
       2.4192001342773438e+02, 2.3616000366210938e+02,
       2.4480000305175781e+02, 1.0195201110839844e+02,
       2.3673602294921875e+02, 3.2140802001953125e+02,
       2.3846401977539062e+02, 3.2555523681640625e+02,
       2.3224322509765625e+02 ]
