%YAML:1.0
---
descriptors: !!opencv-matrix
   rows: 37
   cols: 32
   dt: u
   data: [ 247, 71, 111, 132, 246, 18, 239, 112, 233, 196, 223, 231, 89,
       236, 191, 115, 126, 229, 183, 239, 237, 211, 172, 206, 54, 42,
       239, 132, 47, 183, 114, 213, 57, 151, 107, 233, 246, 151, 251,
       113, 69, 64, 222, 230, 89, 29, 182, 96, 126, 186, 23, 236, 217,
       186, 53, 221, 126, 205, 170, 192, 127, 138, 240, 241, 131, 193,
       113, 233, 118, 139, 248, 117, 79, 1, 240, 194, 189, 9, 180, 36,
       254, 153, 23, 205, 211, 186, 68, 221, 180, 152, 170, 224, 93, 138,
       241, 169, 10, 182, 162, 153, 247, 241, 176, 75, 95, 71, 93, 183,
       140, 204, 126, 196, 255, 43, 131, 149, 150, 186, 6, 211, 30, 87,
       154, 235, 159, 76, 189, 215, 196, 52, 191, 112, 11, 232, 17, 2,
       186, 191, 167, 56, 150, 183, 65, 59, 129, 31, 232, 16, 50, 111,
       178, 2, 217, 163, 81, 123, 192, 65, 7, 98, 90, 190, 116, 64, 243,
       247, 185, 191, 59, 253, 158, 191, 12, 63, 214, 180, 167, 149, 253,
       181, 150, 251, 49, 215, 91, 95, 31, 231, 199, 132, 47, 127, 235,
       149, 116, 189, 121, 221, 152, 63, 27, 93, 212, 189, 236, 126, 30,
       167, 142, 51, 255, 5, 183, 110, 243, 223, 127, 123, 216, 187, 30,
       12, 15, 223, 27, 20, 107, 225, 118, 54, 235, 82, 20, 97, 94, 231,
       25, 15, 179, 96, 126, 137, 23, 188, 135, 144, 53, 206, 118, 205,
       170, 132, 175, 134, 33, 241, 10, 188, 59, 251, 117, 205, 187, 246,
       30, 65, 92, 33, 188, 255, 32, 96, 255, 59, 147, 1, 35, 184, 58,
       255, 111, 55, 158, 227, 28, 8, 181, 251, 21, 72, 74, 234, 150,
       130, 107, 80, 20, 128, 215, 230, 81, 195, 177, 104, 126, 168, 23,
       254, 137, 151, 44, 206, 240, 175, 171, 128, 189, 187, 120, 160, 2,
       188, 186, 187, 83, 241, 186, 74, 31, 71, 77, 179, 172, 223, 38,
       64, 255, 59, 147, 145, 22, 156, 58, 255, 79, 119, 154, 235, 144,
       76, 37, 218, 2, 156, 59, 219, 115, 231, 187, 67, 30, 75, 93, 50,
       188, 222, 36, 96, 223, 59, 179, 17, 51, 156, 50, 255, 13, 54, 26,
       203, 144, 8, 37, 251, 31, 95, 66, 142, 82, 150, 110, 112, 133, 68,
       255, 231, 105, 226, 183, 212, 126, 237, 6, 238, 205, 147, 28, 237,
       50, 44, 162, 128, 63, 255, 40, 213, 34, 153, 38, 216, 79, 213,
       184, 103, 143, 81, 152, 139, 44, 156, 118, 3, 238, 179, 179, 133,
       82, 43, 50, 213, 19, 88, 218, 235, 87, 12, 189, 222, 194, 170,
       166, 153, 79, 224, 185, 2, 143, 23, 2, 147, 172, 143, 102, 79,
       227, 51, 251, 145, 18, 77, 130, 241, 77, 48, 218, 235, 150, 12,
       53, 202, 56, 13, 110, 229, 23, 82, 127, 117, 101, 228, 254, 2, 91,
       61, 178, 96, 126, 212, 159, 235, 200, 187, 53, 204, 247, 237, 162,
       129, 39, 174, 124, 106, 61, 12, 107, 254, 244, 227, 239, 114, 84,
       198, 255, 2, 115, 237, 177, 96, 126, 232, 23, 202, 168, 191, 44,
       238, 243, 239, 170, 128, 183, 251, 116, 224, 106, 157, 48, 157,
       107, 253, 184, 39, 159, 79, 92, 57, 172, 188, 6, 196, 135, 59,
       179, 1, 150, 56, 242, 215, 7, 118, 26, 195, 150, 76, 143, 223, 10,
       157, 34, 158, 245, 212, 176, 103, 189, 77, 92, 53, 168, 190, 54,
       196, 200, 59, 147, 145, 214, 186, 50, 231, 15, 117, 154, 203, 86,
       4, 255, 223, 58, 105, 98, 229, 21, 159, 126, 116, 101, 132, 250,
       3, 43, 9, 53, 68, 120, 169, 151, 227, 204, 186, 16, 204, 179, 221,
       130, 131, 103, 158, 118, 142, 98, 131, 114, 232, 125, 212, 248,
       97, 141, 9, 248, 2, 169, 142, 116, 196, 236, 187, 151, 129, 222,
       59, 146, 213, 151, 252, 138, 203, 21, 12, 116, 143, 66, 160, 178,
       152, 75, 241, 184, 67, 174, 23, 0, 49, 172, 158, 100, 206, 231,
       59, 235, 145, 18, 79, 130, 209, 29, 20, 154, 235, 144, 4, 39, 239,
       27, 13, 107, 225, 54, 214, 107, 115, 37, 76, 222, 130, 121, 31,
       178, 96, 126, 188, 23, 253, 137, 152, 53, 206, 243, 237, 170, 192,
       55, 130, 116, 249, 219, 22, 239, 220, 47, 52, 217, 19, 137, 91,
       158, 247, 60, 61, 182, 107, 239, 151, 189, 129, 165, 45, 50, 194,
       67, 122, 250, 146, 159, 204, 49, 127, 31, 28, 235, 223, 244, 242,
       235, 115, 117, 194, 223, 210, 121, 255, 177, 100, 127, 234, 23,
       158, 185, 153, 60, 238, 126, 239, 175, 192, 175, 235, 112, 240,
       60, 65, 122, 78, 84, 22, 203, 120, 68, 132, 255, 2, 115, 201, 191,
       32, 120, 252, 151, 234, 200, 179, 60, 140, 115, 173, 161, 9, 119,
       187, 120, 160, 42, 129, 114, 232, 117, 148, 248, 80, 77, 9, 248,
       3, 43, 137, 52, 68, 216, 185, 151, 209, 142, 58, 80, 221, 151,
       253, 138, 75, 23, 142, 124, 134, 56, 29, 122, 232, 55, 194, 251,
       117, 5, 68, 254, 163, 43, 31, 54, 64, 254, 187, 159, 224, 200,
       187, 1, 157, 243, 237, 130, 195, 119, 142, 116, 91, 44, 28, 186,
       254, 213, 247, 254, 98, 87, 6, 125, 3, 252, 253, 51, 64, 248, 251,
       147, 131, 46, 186, 58, 255, 247, 255, 139, 11, 211, 127, 124, 194,
       87, 239, 7, 188, 155, 145, 30, 238, 171, 85, 136, 237, 174, 226,
       74, 215, 183, 195, 237, 229, 111, 75, 138, 117, 184, 118, 79, 254,
       8, 84, 131, 93, 43, 217, 66, 142, 85, 148, 238, 246, 5, 64, 88,
       199, 40, 200, 183, 228, 92, 234, 19, 205, 199, 186, 84, 255, 54,
       60, 138, 136, 63, 158, 120, 220, 66, 40, 146, 152, 73, 197, 184,
       66, 142, 21, 129, 9, 172, 142, 96, 202, 224, 57, 235, 145, 22, 75,
       146, 209, 21, 16, 154, 107, 144, 12, 45, 142, 42, 199, 98, 155,
       85, 145, 170, 255, 31, 13, 88, 231, 40, 206, 190, 196, 220, 43,
       147, 133, 214, 154, 70, 255, 38, 116, 154, 203, 23, 14, 188, 221,
       33, 201, 115, 76, 84, 215, 195, 120, 85, 72, 124, 2, 50, 221, 180,
       36, 88, 184, 18, 106, 203, 186, 116, 191, 113, 44, 160, 40, 119,
       138, 116, 236, 32, 29, 59, 223, 213, 231, 255, 231, 95, 5, 76, 2,
       176, 253, 53, 96, 217, 122, 19, 154, 51, 186, 114, 255, 111, 191,
       158, 10, 144, 89, 244, 250, 40, 13, 186, 255, 213, 229, 247, 227,
       31, 5, 92, 3, 188, 253, 35, 64, 217, 123, 147, 3, 50, 186, 122,
       255, 103, 255, 150, 43, 210, 73, 245, 202, 2, 135, 40, 187, 250,
       193, 184, 107, 30, 29, 93, 179, 133, 206, 174, 64, 255, 27, 151,
       145, 22, 10, 14, 215, 236, 5, 186, 239, 21, 14, 189, 211 ]
keypoints: !!opencv-matrix
   rows: 37
   cols: 2
   dt: d
   data: [ 209., 40., 189., 42., 242., 64., 365., 95., 89., 150., 282.,
       150., 280., 155., 233., 241., 361., 254., 2.1480000305175781e+02,
       42., 3.6120001220703125e+02, 9.3600006103515625e+01,
       3.5880001831054688e+02, 9.7200004577636719e+01,
       2.8680001831054688e+02, 1.5360000610351562e+02,
       2.8920001220703125e+02, 1.7520001220703125e+02,
       2.9880001831054688e+02, 1.8960000610351562e+02,
       1.1400000762939453e+02, 2.3640000915527344e+02,
       1.2384000396728516e+02, 1.0080000305175781e+02,
       2.8080001831054688e+02, 1.5408000183105469e+02,
       2.8224002075195312e+02, 1.5984001159667969e+02,
       2.9376000976562500e+02, 1.6416000366210938e+02,
       2.9376000976562500e+02, 1.7136000061035156e+02,
       2.9808001708984375e+02, 1.8576000976562500e+02,
       2.3328001403808594e+02, 2.4048001098632812e+02,
       2.3328002929687500e+02, 6.2208007812500000e+01,
       1.1923200988769531e+02, 1.0022400665283203e+02,
       2.9203201293945312e+02, 1.4515200805664062e+02,
       2.9203201293945312e+02, 1.7280001831054688e+02,
       2.2982402038574219e+02, 2.4537602233886719e+02,
       1.2648961639404297e+02, 1.0782721710205078e+02,
       8.7091209411621094e+01, 1.4929922485351562e+02,
       2.8823043823242188e+02, 1.4929922485351562e+02,
       3.0067202758789062e+02, 1.9077122497558594e+02,
       2.8615686035156250e+02, 1.5427587890625000e+02,
       2.9362182617187500e+02, 1.6422915649414062e+02,
       1.2242537689208984e+02, 1.0152348327636719e+02,
       1.2541136169433594e+02, 1.0749545288085938e+02,
       2.8366854858398438e+02, 1.4929924011230469e+02 ]
