%YAML:1.0
---
descriptors: !!opencv-matrix
   rows: 19
   cols: 32
   dt: u
   data: [ 167, 77, 101, 195, 244, 131, 239, 181, 77, 224, 90, 198, 241,
       12, 181, 101, 94, 174, 22, 239, 225, 176, 109, 252, 36, 24, 167,
       128, 95, 158, 208, 124, 29, 69, 107, 237, 87, 214, 235, 64, 85,
       192, 255, 2, 89, 223, 59, 224, 120, 172, 23, 238, 9, 179, 53, 206,
       115, 237, 162, 129, 55, 191, 112, 224, 41, 187, 99, 69, 244, 223,
       235, 245, 65, 232, 124, 238, 49, 13, 180, 36, 126, 170, 22, 237,
       219, 186, 116, 253, 46, 12, 165, 224, 111, 142, 210, 253, 182,
       127, 229, 130, 206, 81, 159, 236, 130, 246, 157, 175, 73, 236,
       255, 7, 95, 217, 211, 227, 75, 67, 254, 224, 58, 0, 207, 191, 63,
       255, 183, 246, 27, 1, 107, 201, 118, 86, 235, 112, 69, 72, 94,
       130, 89, 15, 190, 100, 126, 153, 23, 237, 145, 144, 37, 204, 102,
       109, 170, 192, 55, 138, 113, 241, 139, 174, 147, 245, 126, 33,
       169, 127, 28, 171, 80, 118, 188, 163, 240, 2, 239, 107, 23, 173,
       177, 94, 128, 206, 188, 158, 251, 232, 140, 232, 35, 169, 192,
       130, 214, 188, 108, 162, 232, 27, 218, 179, 16, 208, 189, 171,
       176, 233, 167, 39, 62, 153, 51, 77, 131, 213, 136, 154, 251, 216,
       156, 128, 33, 41, 86, 233, 149, 179, 141, 96, 6, 174, 59, 49, 138,
       2, 174, 34, 65, 218, 225, 223, 236, 83, 58, 91, 219, 245, 185,
       150, 222, 115, 128, 83, 177, 14, 35, 204, 101, 135, 52, 31, 238,
       182, 84, 226, 90, 214, 241, 104, 180, 228, 89, 230, 22, 173, 173,
       184, 125, 175, 44, 78, 175, 128, 189, 237, 216, 220, 131, 201,
       127, 156, 108, 133, 253, 247, 205, 88, 208, 18, 189, 142, 180, 97,
       238, 163, 31, 133, 227, 47, 34, 213, 245, 57, 250, 136, 21, 152,
       177, 121, 105, 185, 123, 104, 244, 205, 123, 87, 99, 73, 124, 108,
       59, 189, 208, 48, 126, 186, 23, 92, 155, 58, 240, 189, 127, 253,
       36, 232, 239, 138, 198, 249, 45, 91, 107, 222, 116, 210, 195, 112,
       213, 204, 223, 102, 112, 219, 183, 96, 220, 184, 22, 234, 233,
       163, 48, 238, 114, 63, 162, 138, 31, 187, 116, 241, 43, 174, 226,
       154, 215, 177, 170, 207, 95, 73, 124, 239, 40, 232, 254, 164, 255,
       170, 146, 157, 151, 58, 46, 243, 62, 92, 159, 235, 223, 78, 248,
       221, 138, 184, 187, 187, 119, 229, 185, 67, 30, 79, 84, 19, 172,
       223, 98, 12, 255, 59, 147, 145, 50, 190, 50, 243, 77, 87, 154,
       235, 147, 12, 53, 251, 119, 190, 224, 196, 223, 23, 158, 255, 146,
       234, 152, 202, 120, 124, 61, 34, 93, 247, 215, 167, 249, 99, 232,
       206, 57, 14, 207, 190, 173, 126, 114, 155, 43, 191, 227, 73, 247,
       185, 235, 87, 91, 105, 124, 238, 40, 136, 244, 180, 127, 170, 146,
       156, 147, 186, 228, 211, 62, 28, 128, 234, 255, 142, 242, 189, 43,
       170, 226, 154, 255, 177, 186, 199, 223, 69, 84, 191, 40, 200, 118,
       140, 255, 43, 147, 149, 150, 126, 174, 243, 30, 93, 159, 235, 223,
       12, 255, 223, 10, 184, 179, 185, 207, 245, 185, 71, 159, 95, 84,
       19, 172, 159, 102, 141, 237, 59, 179, 145, 19, 94, 178, 241, 79,
       83, 218, 235, 154, 76, 173, 251, 41, 78, 98, 205, 116, 150, 235,
       114, 85, 72, 254, 70, 177, 9, 181, 228, 92, 168, 22, 173, 233,
       182, 101, 206, 102, 253, 162, 128, 31, 136, 120, 173 ]
keypoints: !!opencv-matrix
   rows: 19
   cols: 2
   dt: d
   data: [ 126., 49., 102., 236., 330., 239., 83., 250.,
       1.7520001220703125e+02, 1.7880000305175781e+02,
       1.9560000610351562e+02, 2.4600001525878906e+02,
       2.0760000610351562e+02, 2.4600001525878906e+02,
       1.1400000762939453e+02, 2.4840000915527344e+02,
       1.2528000640869141e+02, 4.8960002899169922e+01,
       1.6560000610351562e+02, 5.1840003967285156e+01,
       3.2976000976562500e+02, 2.3184001159667969e+02,
       1.0224000549316406e+02, 2.3472001647949219e+02,
       3.2544000244140625e+02, 2.3760000610351562e+02,
       2.3760000610351562e+02, 2.4192001342773438e+02,
       8.2080001831054688e+01, 2.4912001037597656e+02,
       3.2832003784179688e+02, 2.3328002929687500e+02,
       3.2486404418945312e+02, 2.3846401977539062e+02,
       3.1449603271484375e+02, 2.4537602233886719e+02,
       1.7418241882324219e+02, 1.7832962036132812e+02 ]
