%YAML:1.0
---
descriptors: !!opencv-matrix
   rows: 103
   cols: 32
   dt: u
   data: [ 117, 83, 249, 76, 42, 10, 83, 88, 201, 192, 231, 108, 83, 225,
       133, 118, 86, 244, 108, 124, 129, 163, 230, 8, 114, 172, 32, 24,
       251, 187, 66, 113, 42, 248, 250, 136, 119, 215, 186, 207, 15, 77,
       252, 39, 12, 158, 55, 200, 255, 153, 151, 145, 134, 169, 49, 219,
       95, 87, 26, 199, 215, 12, 45, 223, 210, 18, 6, 152, 11, 97, 152,
       74, 159, 95, 144, 247, 12, 142, 42, 207, 239, 147, 223, 149, 44,
       71, 82, 208, 144, 18, 218, 187, 159, 68, 61, 215, 56, 32, 78, 169,
       77, 203, 225, 64, 228, 37, 227, 11, 19, 137, 32, 10, 104, 140,
       234, 129, 30, 179, 211, 16, 213, 225, 130, 1, 97, 8, 126, 130,
       252, 80, 149, 116, 73, 76, 69, 48, 177, 178, 162, 24, 95, 151, 65,
       255, 0, 213, 236, 74, 105, 71, 147, 2, 209, 227, 84, 24, 34, 177,
       6, 34, 167, 181, 0, 186, 221, 181, 152, 107, 142, 57, 153, 95,
       140, 216, 92, 128, 205, 27, 211, 21, 183, 106, 90, 213, 31, 25,
       153, 255, 220, 14, 218, 146, 163, 229, 112, 90, 253, 221, 212,
       111, 223, 121, 44, 24, 42, 152, 238, 180, 137, 26, 194, 16, 119,
       46, 122, 215, 63, 222, 20, 127, 83, 12, 206, 174, 124, 21, 255,
       100, 141, 87, 215, 255, 193, 234, 188, 10, 83, 253, 97, 50, 217,
       212, 228, 106, 105, 35, 249, 10, 123, 205, 229, 61, 123, 122, 126,
       58, 181, 229, 108, 229, 220, 39, 238, 233, 192, 242, 152, 74, 83,
       121, 85, 35, 105, 198, 87, 235, 233, 35, 92, 142, 125, 9, 237,
       180, 125, 250, 90, 168, 102, 255, 241, 132, 250, 33, 175, 255,
       136, 226, 152, 238, 92, 247, 193, 38, 63, 87, 87, 227, 193, 67,
       172, 202, 60, 4, 239, 188, 61, 242, 35, 185, 82, 141, 14, 191, 17,
       228, 184, 166, 172, 5, 202, 19, 172, 187, 32, 66, 224, 115, 187,
       129, 18, 137, 146, 229, 213, 55, 218, 195, 128, 68, 173, 10, 16,
       192, 29, 249, 29, 205, 16, 143, 142, 53, 131, 24, 183, 157, 104,
       64, 129, 17, 233, 17, 10, 13, 91, 21, 201, 193, 27, 119, 16, 8, 5,
       42, 90, 147, 59, 186, 179, 204, 61, 225, 189, 21, 103, 165, 46,
       254, 42, 80, 182, 59, 141, 0, 82, 137, 50, 245, 251, 241, 26, 203,
       16, 6, 167, 115, 122, 121, 169, 164, 155, 68, 30, 143, 2, 244,
       138, 143, 255, 191, 67, 194, 223, 253, 253, 209, 73, 75, 219, 128,
       251, 229, 141, 191, 36, 124, 20, 122, 57, 121, 123, 238, 116, 215,
       251, 240, 231, 204, 252, 78, 59, 223, 183, 48, 126, 249, 87, 234,
       203, 187, 184, 253, 247, 253, 163, 168, 127, 187, 102, 249, 59,
       217, 107, 204, 116, 215, 91, 116, 69, 76, 252, 230, 59, 157, 183,
       116, 126, 184, 151, 204, 201, 186, 52, 253, 115, 253, 160, 136,
       119, 158, 116, 249, 137, 172, 231, 253, 253, 251, 105, 119, 126,
       247, 118, 150, 189, 167, 146, 237, 107, 46, 174, 156, 163, 252,
       119, 247, 206, 255, 246, 64, 182, 204, 237, 248, 125, 177, 107,
       97, 60, 27, 195, 80, 68, 224, 191, 238, 19, 13, 216, 34, 92, 132,
       124, 124, 137, 179, 229, 0, 218, 205, 33, 244, 111, 138, 80, 241,
       123, 34, 237, 101, 42, 58, 73, 88, 49, 224, 244, 232, 91, 45, 145,
       59, 62, 237, 117, 172, 137, 211, 229, 8, 210, 239, 225, 176, 103,
       241, 66, 225, 121, 26, 219, 197, 50, 26, 99, 16, 161, 136, 231,
       230, 19, 135, 225, 114, 102, 148, 174, 94, 9, 177, 160, 128, 86,
       233, 34, 0, 42, 138, 96, 57, 91, 14, 110, 122, 34, 154, 109, 50,
       245, 66, 198, 228, 249, 14, 176, 121, 102, 164, 125, 175, 169,
       157, 37, 127, 210, 239, 250, 128, 62, 144, 49, 57, 11, 156, 99,
       217, 54, 135, 41, 115, 84, 74, 84, 246, 185, 223, 188, 97, 118,
       57, 31, 141, 227, 156, 36, 223, 70, 77, 186, 192, 62, 136, 49,
       249, 220, 180, 191, 114, 137, 237, 87, 217, 171, 83, 165, 28, 94,
       255, 72, 27, 163, 211, 252, 18, 59, 103, 186, 49, 219, 219, 85,
       127, 234, 83, 167, 51, 124, 189, 177, 122, 185, 237, 87, 251, 171,
       25, 173, 8, 63, 255, 72, 16, 149, 187, 221, 16, 26, 107, 250, 189,
       251, 223, 21, 123, 226, 66, 134, 115, 131, 180, 107, 249, 54, 197,
       121, 91, 87, 73, 84, 246, 57, 221, 244, 33, 127, 57, 23, 153, 227,
       188, 54, 211, 79, 205, 162, 232, 53, 136, 112, 249, 50, 72, 2,
       172, 13, 87, 208, 102, 157, 4, 224, 11, 10, 156, 39, 132, 232,
       153, 195, 129, 12, 171, 18, 140, 179, 216, 136, 31, 83, 60, 126,
       14, 118, 5, 26, 168, 21, 71, 210, 72, 41, 132, 233, 11, 86, 158,
       47, 80, 248, 157, 75, 227, 12, 163, 80, 204, 177, 181, 138, 31,
       113, 42, 103, 70, 52, 17, 91, 228, 84, 78, 231, 112, 0, 36, 123,
       11, 83, 25, 44, 16, 120, 157, 3, 234, 72, 178, 17, 14, 245, 140,
       162, 4, 101, 170, 118, 162, 149, 84, 85, 237, 20, 78, 67, 240,
       101, 0, 250, 66, 211, 19, 129, 117, 120, 128, 14, 234, 105, 180,
       113, 12, 245, 168, 32, 16, 98, 187, 96, 32, 161, 56, 250, 81, 100,
       190, 249, 86, 123, 87, 116, 148, 41, 140, 246, 61, 255, 42, 2, 28,
       167, 252, 54, 226, 70, 89, 80, 3, 239, 200, 66, 220, 93, 21, 89,
       103, 48, 30, 67, 56, 101, 104, 175, 100, 215, 115, 138, 244, 22,
       68, 92, 110, 201, 129, 121, 30, 226, 255, 33, 20, 42, 163, 72, 97,
       245, 244, 241, 70, 221, 63, 214, 232, 113, 162, 169, 74, 82, 120,
       93, 179, 217, 212, 64, 106, 237, 103, 216, 14, 59, 142, 69, 62,
       225, 123, 82, 38, 184, 16, 103, 89, 7, 223, 113, 18, 119, 53, 230,
       18, 115, 19, 4, 125, 120, 156, 162, 152, 10, 252, 113, 128, 71,
       235, 208, 3, 99, 136, 116, 42, 229, 123, 233, 7, 36, 95, 71, 21,
       64, 238, 54, 237, 243, 12, 211, 59, 28, 228, 116, 110, 205, 244,
       245, 8, 102, 89, 229, 176, 77, 190, 94, 125, 178, 5, 18, 172, 219,
       39, 150, 107, 157, 8, 233, 27, 70, 138, 37, 208, 216, 171, 194,
       34, 124, 163, 18, 142, 177, 180, 8, 31, 81, 127, 170, 134, 112,
       61, 255, 100, 60, 71, 87, 115, 193, 234, 190, 42, 114, 61, 96, 51,
       200, 246, 100, 98, 105, 107, 241, 14, 115, 237, 229, 55, 97, 122,
       86, 59, 0, 75, 64, 193, 228, 139, 100, 23, 100, 12, 114, 230, 131,
       1, 208, 104, 98, 8, 6, 216, 210, 184, 69, 0, 36, 160, 166, 192,
       44, 152, 209, 161, 129, 91, 87, 113, 164, 138, 108, 23, 126, 1,
       98, 228, 151, 3, 145, 200, 22, 40, 6, 92, 147, 184, 21, 16, 132,
       156, 54, 0, 124, 128, 201, 144, 39, 171, 102, 129, 220, 191, 170,
       194, 95, 225, 218, 195, 128, 12, 246, 36, 109, 106, 19, 221, 150,
       248, 117, 246, 29, 28, 143, 230, 213, 13, 208, 196, 35, 61, 81,
       197, 202, 3, 175, 251, 0, 162, 88, 238, 209, 55, 209, 167, 126,
       223, 19, 175, 225, 90, 252, 206, 60, 12, 239, 172, 37, 242, 35,
       185, 216, 73, 119, 238, 36, 11, 67, 48, 117, 0, 243, 72, 243, 3,
       129, 85, 114, 164, 108, 234, 105, 165, 105, 61, 208, 170, 224, 16,
       58, 185, 64, 40, 114, 232, 134, 184, 141, 197, 212, 206, 135, 23,
       160, 11, 46, 218, 96, 219, 233, 227, 235, 209, 94, 111, 146, 177,
       179, 242, 222, 123, 209, 92, 254, 14, 120, 169, 182, 248, 157,
       241, 84, 71, 211, 157, 168, 25, 46, 184, 102, 158, 201, 178, 203,
       16, 30, 107, 194, 144, 187, 215, 20, 59, 210, 76, 246, 142, 76,
       52, 184, 180, 201, 108, 81, 27, 163, 255, 143, 29, 150, 183, 75,
       90, 133, 223, 249, 20, 159, 71, 242, 2, 219, 181, 89, 61, 128, 96,
       6, 82, 80, 253, 57, 178, 25, 205, 23, 166, 170, 117, 136, 9, 182,
       151, 64, 48, 133, 251, 121, 211, 74, 75, 250, 55, 249, 149, 159,
       123, 16, 17, 7, 122, 73, 136, 42, 184, 180, 217, 88, 135, 254, 85,
       70, 157, 183, 142, 50, 88, 195, 171, 204, 21, 62, 47, 54, 55, 210,
       231, 48, 73, 176, 128, 174, 90, 63, 71, 98, 141, 86, 18, 234, 120,
       21, 196, 223, 231, 73, 14, 183, 228, 126, 157, 151, 239, 205, 147,
       37, 204, 50, 108, 171, 133, 55, 175, 124, 213, 28, 191, 251, 247,
       182, 106, 127, 255, 118, 239, 255, 226, 115, 229, 153, 112, 127,
       254, 62, 58, 249, 250, 239, 190, 254, 239, 167, 132, 229, 251,
       228, 97, 158, 156, 244, 183, 135, 214, 92, 175, 31, 222, 86, 51,
