%YAML:1.0
---
descriptors: !!opencv-matrix
   rows: 24
   cols: 32
   dt: u
   data: [ 11, 149, 42, 235, 213, 246, 251, 119, 31, 65, 93, 22, 184,
       255, 62, 96, 221, 43, 19, 141, 151, 152, 56, 255, 111, 125, 154,
       192, 31, 134, 241, 250, 0, 160, 143, 188, 90, 3, 32, 232, 22, 176,
       66, 70, 245, 224, 97, 73, 121, 236, 34, 176, 35, 212, 143, 29, 92,
       35, 127, 4, 48, 40, 49, 0, 66, 32, 134, 141, 72, 131, 160, 72,
       142, 176, 66, 2, 228, 194, 100, 66, 112, 45, 106, 240, 2, 209,
       203, 93, 13, 32, 139, 46, 16, 34, 33, 130, 50, 32, 2, 136, 76, 9,
       160, 64, 44, 32, 225, 10, 134, 2, 36, 80, 232, 141, 74, 225, 8,
       179, 193, 192, 148, 48, 138, 58, 81, 10, 35, 132, 50, 0, 82, 160,
       21, 8, 120, 64, 45, 0, 243, 11, 15, 26, 36, 208, 250, 153, 159,
       225, 8, 179, 17, 192, 145, 208, 138, 23, 101, 14, 113, 2, 34, 128,
       114, 216, 108, 129, 184, 67, 203, 17, 176, 154, 172, 218, 116,
       142, 239, 179, 95, 145, 146, 43, 194, 209, 28, 24, 218, 250, 157,
       8, 57, 141, 34, 184, 235, 216, 109, 213, 153, 83, 143, 93, 180,
       191, 44, 158, 118, 42, 239, 185, 151, 145, 134, 47, 50, 209, 27,
       88, 154, 251, 159, 12, 53, 223, 59, 16, 120, 225, 54, 18, 121, 16,
       41, 232, 118, 166, 25, 31, 150, 224, 110, 149, 149, 188, 137, 144,
       101, 204, 198, 249, 170, 128, 39, 134, 112, 125, 229, 84, 41, 242,
       205, 125, 199, 134, 195, 115, 173, 24, 146, 25, 93, 43, 201, 194,
       90, 95, 235, 103, 122, 178, 99, 89, 196, 56, 217, 91, 208, 162,
       17, 32, 143, 45, 88, 3, 33, 74, 22, 177, 66, 2, 81, 193, 32, 72,
       120, 44, 34, 184, 8, 216, 151, 28, 76, 163, 241, 4, 32, 8, 48,
       168, 181, 65, 107, 172, 20, 66, 195, 96, 68, 128, 243, 2, 83, 9,
       49, 96, 120, 172, 2, 235, 72, 179, 5, 140, 240, 169, 130, 5, 101,
       171, 112, 128, 245, 223, 253, 247, 142, 71, 95, 188, 18, 234, 159,
       118, 241, 119, 9, 99, 95, 247, 61, 234, 233, 214, 249, 174, 253,
       143, 239, 180, 37, 123, 144, 123, 226, 0, 93, 225, 100, 8, 232,
       64, 201, 16, 176, 78, 153, 10, 52, 19, 234, 129, 31, 193, 73, 35,
       80, 192, 20, 152, 234, 152, 77, 8, 83, 128, 3, 130, 244, 249, 236,
       169, 249, 23, 207, 19, 80, 214, 189, 139, 244, 75, 239, 11, 63,
       29, 147, 108, 6, 209, 140, 218, 250, 232, 156, 200, 129, 169, 75,
       16, 114, 225, 38, 156, 248, 16, 41, 73, 86, 231, 157, 31, 182,
       108, 230, 145, 149, 157, 132, 144, 36, 192, 198, 249, 186, 130,
       39, 132, 113, 117, 173, 38, 173, 229, 236, 63, 77, 63, 83, 250,
       181, 92, 147, 41, 212, 43, 89, 196, 21, 46, 185, 118, 121, 154,
       79, 219, 245, 180, 218, 249, 208, 32, 227, 38, 229, 5, 44, 59,
       237, 19, 84, 226, 146, 220, 211, 40, 149, 175, 8, 164, 124, 45,
       173, 244, 229, 10, 4, 10, 225, 176, 109, 236, 82, 116, 57, 141,
       106, 237, 118, 82, 255, 53, 101, 76, 254, 130, 123, 61, 182, 96,
       126, 190, 151, 239, 216, 184, 101, 205, 119, 237, 170, 129, 55,
       174, 252, 249, 66, 17, 122, 232, 103, 200, 249, 65, 233, 5, 180,
       10, 158, 139, 52, 0, 238, 145, 31, 129, 129, 43, 16, 192, 149,
       152, 26, 187, 93, 8, 109, 155, 75, 16, 112, 224, 38, 20, 216, 16,
       137, 89, 149, 171, 141, 31, 246, 42, 206, 145, 157, 133, 142, 39,
       32, 192, 211, 217, 186, 186, 6, 140, 81, 95, 162, 18, 58, 248,
       109, 165, 184, 87, 139, 89, 176, 127, 188, 159, 244, 43, 206, 185,
       151, 145, 131, 15, 34, 209, 23, 88, 186, 250, 29, 12, 101, 219,
       225, 46, 175, 85, 164, 46, 229, 23, 120, 235, 118, 92, 146, 41,
       148, 47, 128, 38, 124, 13, 177, 252, 165, 2, 68, 58, 112, 128,
       200, 200, 211, 109, 237, 156, 189, 247, 133, 237, 213, 135, 219,
       243, 34, 28, 182, 57, 65, 43, 129, 102, 112, 25, 51, 124, 56, 163,
       207, 219, 85, 118, 202, 121, 209, 42, 214, 238, 202, 190, 234,
       160, 31, 239, 185, 23, 140, 181, 109, 231, 43, 91, 103, 231, 205,
       166, 120, 79, 138, 235, 248, 231, 254, 171, 164, 117, 167, 91 ]
keypoints: !!opencv-matrix
   rows: 24
   cols: 2
   dt: d
   data: [ 187., 66., 204., 78., 334., 87., 310., 89., 368., 94., 35.,
       240., 270., 247., 284., 248., 1.8480000305175781e+02,
       6.9600006103515625e+01, 2.0400001525878906e+02, 78.,
       1.8240000915527344e+02, 84., 7.3200004577636719e+01,
       2.1720001220703125e+02, 5.8800003051757812e+01,
       2.4120001220703125e+02, 7.9200004577636719e+01,
       2.4120001220703125e+02, 282., 2.4720001220703125e+02,
       1.8576000976562500e+02, 6.9120002746582031e+01,
       1.8288000488281250e+02, 7.3440002441406250e+01,
       9.6480003356933594e+01, 2.3760000610351562e+02,
       4.8960002899169922e+01, 2.3904000854492188e+02,
       2.3760000610351562e+02, 2.4336001586914062e+02,
       2.7072000122070312e+02, 2.4624000549316406e+02,
       1.8316801452636719e+02, 7.4304008483886719e+01,
       1.8455043029785156e+02, 6.8428810119628906e+01,
       1.8455043029785156e+02, 8.0870414733886719e+01 ]
