%YAML:1.0
---
descriptors: !!opencv-matrix
   rows: 15
   cols: 32
   dt: u
   data: [ 32, 32, 86, 201, 78, 11, 168, 64, 108, 32, 226, 2, 128, 130,
       52, 74, 106, 141, 106, 129, 0, 147, 197, 208, 20, 32, 154, 49, 21,
       8, 113, 136, 2, 184, 151, 185, 67, 165, 56, 71, 158, 21, 64, 151,
       172, 150, 96, 201, 231, 59, 163, 145, 18, 220, 18, 209, 13, 16,
       154, 107, 144, 8, 165, 155, 52, 77, 34, 158, 93, 150, 199, 96,
       212, 4, 217, 2, 99, 200, 55, 64, 88, 232, 2, 79, 72, 163, 122,
       191, 51, 44, 128, 25, 81, 59, 116, 194, 35, 197, 0, 158, 125, 213,
       148, 239, 223, 25, 216, 10, 44, 152, 62, 224, 200, 139, 146, 65,
       199, 43, 66, 215, 53, 48, 158, 59, 21, 28, 153, 142, 6, 142, 132,
       151, 147, 128, 190, 164, 154, 151, 19, 183, 236, 110, 59, 79, 119,
       99, 161, 151, 118, 88, 14, 239, 44, 6, 223, 195, 149, 117, 189,
       79, 243, 149, 124, 235, 174, 82, 220, 57, 77, 123, 183, 114, 89,
       94, 188, 97, 127, 147, 63, 171, 251, 36, 109, 213, 246, 251, 226,
       196, 63, 138, 208, 37, 65, 24, 186, 252, 108, 36, 187, 82, 136,
       202, 92, 70, 188, 251, 97, 74, 230, 125, 55, 71, 129, 51, 146,
       224, 209, 253, 106, 138, 152, 123, 33, 155, 23, 47, 233, 161, 182,
       163, 235, 210, 6, 165, 26, 230, 25, 41, 241, 8, 63, 205, 23, 253,
       147, 176, 13, 248, 220, 12, 175, 228, 165, 251, 17, 241, 71, 142,
       132, 156, 150, 146, 136, 168, 146, 150, 16, 199, 108, 106, 59,
       207, 85, 97, 177, 181, 228, 64, 14, 221, 40, 6, 207, 205, 157,
       100, 57, 84, 40, 217, 32, 254, 93, 141, 214, 238, 215, 4, 248, 11,
       34, 136, 53, 64, 200, 106, 130, 67, 74, 42, 82, 189, 49, 116, 0,
       27, 84, 29, 84, 138, 0, 0, 2, 129, 77, 141, 160, 64, 164, 1, 226,
       3, 128, 130, 96, 74, 104, 168, 74, 192, 2, 179, 209, 64, 149, 32,
       146, 16, 81, 8, 37, 138, 149, 131, 109, 225, 150, 131, 111, 177,
       68, 113, 23, 214, 83, 3, 184, 97, 127, 132, 63, 254, 249, 176,
       109, 148, 252, 203, 231, 196, 61, 170, 240, 112, 12, 155, 150,
       179, 229, 22, 181, 247, 207, 253, 126, 39, 78, 189, 98, 207, 237,
       70, 162, 80, 213, 249, 27, 224, 46, 114, 86, 71, 202, 126, 252,
       95, 160, 215, 56, 207, 125, 141, 149, 239, 79, 61, 93, 11, 166,
       89, 62, 68, 153, 26, 3, 33, 66, 42, 90, 151, 101, 48, 20, 63, 85,
       26, 212, 138, 35, 182, 227, 73, 117, 53, 171, 90, 75, 73, 120,
       230, 8, 247, 252, 244, 95, 24, 147, 156, 131, 146, 244, 217, 38,
       124, 130, 238, 223, 206, 114, 253 ]
keypoints: !!opencv-matrix
   rows: 15
   cols: 2
   dt: d
   data: [ 336., 95., 360., 99., 1.1160000610351562e+02,
       7.9200004577636719e+01, 2.0040000915527344e+02,
       1.7520001220703125e+02, 1.6272000122070312e+02,
       6.9120002746582031e+01, 144., 1.2816000366210938e+02,
       1.3968000793457031e+02, 1.5263999938964844e+02,
       1.4112001037597656e+02, 1.6560000610351562e+02,
       1.6243202209472656e+02, 6.9120010375976562e+01,
       1.1232000732421875e+02, 7.9488006591796875e+01,
       3.3523202514648438e+02, 9.5040008544921875e+01,
       1.3651200866699219e+02, 1.6761601257324219e+02,
       1.8247682189941406e+02, 1.1404801940917969e+02,
       1.1446274566650391e+02, 7.9626258850097656e+01,
       1.8274227905273438e+02, 1.1466181945800781e+02 ]
