%YAML:1.0
---
descriptors: !!opencv-matrix
   rows: 78
   cols: 32
   dt: u
   data: [ 253, 183, 107, 224, 246, 107, 207, 251, 81, 206, 189, 254, 19,
       77, 250, 33, 127, 138, 22, 238, 249, 47, 172, 142, 250, 205, 167,
       252, 119, 248, 246, 241, 240, 64, 31, 236, 12, 71, 73, 120, 132,
       38, 215, 11, 87, 215, 32, 65, 88, 176, 47, 42, 104, 135, 19, 157,
       209, 227, 225, 28, 52, 168, 20, 98, 162, 8, 186, 250, 77, 228,
       177, 71, 157, 21, 68, 19, 172, 153, 32, 75, 200, 59, 163, 17, 18,
       234, 82, 224, 71, 241, 218, 11, 144, 8, 117, 170, 2, 32, 71, 201,
       78, 137, 232, 67, 108, 17, 114, 210, 145, 136, 84, 74, 106, 140,
       123, 157, 10, 188, 71, 192, 20, 40, 146, 0, 101, 136, 112, 128,
       104, 176, 189, 101, 172, 77, 85, 191, 226, 187, 166, 24, 214, 51,
       64, 59, 129, 84, 121, 24, 24, 72, 219, 0, 207, 187, 117, 124, 192,
       96, 198, 34, 2, 186, 31, 185, 106, 161, 56, 71, 174, 21, 64, 177,
       172, 134, 96, 72, 231, 59, 171, 144, 18, 9, 130, 81, 133, 16, 154,
       235, 144, 0, 165, 154, 2, 184, 10, 185, 79, 161, 184, 71, 142, 85,
       80, 183, 172, 142, 98, 73, 239, 43, 179, 149, 22, 92, 18, 209,
       132, 16, 218, 235, 152, 12, 177, 219, 41, 165, 97, 77, 213, 31,
       230, 103, 101, 65, 120, 66, 19, 48, 156, 180, 88, 142, 18, 172,
       217, 186, 117, 205, 46, 60, 128, 64, 79, 142, 242, 172, 26, 187,
       50, 136, 187, 209, 154, 101, 175, 5, 168, 169, 172, 158, 100, 148,
       238, 59, 207, 209, 22, 11, 0, 213, 187, 212, 10, 251, 210, 6, 175,
       159, 254, 89, 118, 252, 101, 215, 223, 112, 217, 206, 180, 47, 62,
       157, 183, 37, 206, 241, 151, 103, 229, 175, 48, 252, 243, 251,
       106, 155, 95, 189, 127, 95, 95, 142, 66, 224, 51, 26, 106, 242,
       61, 46, 94, 230, 15, 163, 177, 244, 119, 237, 149, 238, 205, 154,
       36, 238, 154, 255, 175, 199, 174, 167, 41, 21, 107, 154, 242, 72,
       101, 221, 251, 246, 233, 79, 124, 109, 24, 189, 182, 188, 143, 57,
       183, 13, 149, 58, 162, 241, 71, 95, 112, 235, 223, 197, 198, 247,
       142, 117, 124, 251, 239, 125, 252, 223, 141, 254, 52, 183, 173,
       223, 255, 171, 175, 19, 223, 39, 230, 100, 123, 210, 231, 219,
       127, 175, 22, 252, 141, 223, 142, 255, 250, 217, 245, 244, 255,
       222, 127, 93, 124, 181, 156, 255, 255, 236, 247, 91, 183, 208,
       183, 90, 174, 242, 111, 93, 175, 239, 150, 245, 237, 247, 142,
       243, 34, 147, 247, 145, 188, 229, 31, 125, 84, 183, 140, 142, 254,
       141, 255, 91, 179, 213, 246, 122, 110, 245, 62, 16, 222, 239, 159,
       28, 189, 223, 171, 251, 116, 72, 123, 153, 218, 104, 207, 252,
       180, 237, 42, 156, 151, 181, 142, 185, 215, 103, 198, 39, 110,
       253, 50, 88, 1, 191, 95, 140, 78, 95, 216, 4, 156, 189, 4, 108,
       112, 19, 20, 3, 195, 19, 151, 51, 34, 75, 224, 183, 173, 1, 60,
       156, 81, 130, 199, 227, 250, 17, 180, 72, 60, 2, 42, 145, 54, 138,
       253, 212, 189, 97, 137, 77, 253, 51, 204, 222, 62, 134, 238, 177,
       151, 161, 214, 43, 32, 221, 63, 121, 138, 203, 71, 14, 255, 215,
       148, 69, 111, 236, 20, 71, 203, 120, 196, 192, 219, 66, 115, 93,
       177, 97, 88, 176, 31, 107, 233, 161, 117, 140, 225, 41, 169, 144,
       117, 187, 116, 96, 138, 249, 50, 154, 75, 213, 184, 196, 143, 92,
       208, 35, 44, 222, 103, 205, 204, 57, 179, 211, 70, 79, 146, 241,
       19, 16, 154, 171, 18, 29, 45, 223, 138, 120, 54, 250, 109, 213,
       188, 100, 141, 94, 84, 49, 172, 222, 39, 11, 206, 57, 223, 67,
       230, 15, 50, 251, 71, 81, 90, 171, 18, 21, 45, 223, 222, 124, 254,
       112, 234, 100, 189, 198, 169, 222, 54, 171, 29, 158, 87, 59, 167,
       245, 245, 215, 212, 87, 178, 98, 83, 235, 127, 141, 165, 113, 175,
       83, 138, 88, 114, 252, 109, 221, 252, 114, 141, 78, 244, 59, 174,
       159, 55, 175, 238, 249, 223, 67, 224, 39, 114, 232, 151, 219, 218,
       171, 86, 189, 13, 255, 254, 124, 228, 20, 203, 116, 159, 152, 187,
       255, 30, 191, 72, 253, 95, 191, 183, 213, 245, 247, 134, 85, 187,
       192, 95, 123, 205, 175, 167, 117, 95, 87, 111, 51, 225, 65, 198,
       63, 255, 154, 91, 251, 61, 222, 88, 109, 223, 60, 63, 223, 119,
       254, 145, 114, 253, 210, 94, 14, 101, 228, 239, 255, 210, 245,
       252, 114, 252, 108, 107, 117, 81, 88, 207, 254, 181, 109, 127,
       223, 239, 63, 206, 217, 255, 194, 143, 103, 251, 208, 211, 217,
       99, 191, 123, 247, 110, 243, 79, 11, 102, 205, 247, 210, 123, 178,
       229, 204, 94, 167, 105, 238, 183, 228, 110, 230, 191, 222, 197,
       152, 39, 236, 86, 127, 170, 131, 63, 239, 125, 93, 63, 159, 98,
       200, 246, 179, 250, 219, 71, 73, 254, 231, 105, 253, 182, 228,
       126, 139, 151, 189, 143, 187, 45, 221, 118, 93, 163, 134, 191,
       206, 248, 221, 27, 31, 118, 221, 183, 151, 123, 114, 93, 76, 214,
       230, 43, 27, 183, 228, 110, 178, 150, 204, 237, 185, 36, 255, 182,
       255, 166, 131, 63, 140, 120, 221, 235, 251, 113, 84, 127, 212,
       248, 112, 139, 252, 180, 238, 40, 206, 214, 183, 142, 253, 215,
       213, 231, 79, 254, 253, 30, 24, 141, 186, 15, 132, 78, 253, 210,
       188, 150, 154, 139, 228, 180, 199, 190, 19, 128, 18, 172, 242,
       104, 75, 227, 115, 187, 145, 50, 77, 154, 243, 153, 50, 94, 75,
       144, 64, 165, 10, 159, 181, 102, 193, 183, 215, 219, 245, 85, 236,
       30, 182, 73, 29, 246, 165, 127, 26, 151, 252, 255, 152, 61, 222,
       107, 93, 141, 231, 39, 142, 252, 255, 0, 152, 158, 185, 16, 166,
       48, 7, 54, 21, 66, 17, 244, 151, 32, 72, 213, 62, 43, 16, 50, 216,
       19, 21, 205, 166, 218, 66, 144, 0, 165, 10, 138, 241, 56, 218,
       109, 213, 188, 237, 175, 29, 52, 53, 172, 222, 110, 199, 134, 27,
       223, 65, 230, 77, 154, 245, 39, 89, 26, 235, 22, 20, 173, 223,
       111, 61, 226, 84, 197, 60, 236, 71, 105, 226, 126, 142, 24, 184,
       215, 174, 175, 231, 51, 157, 149, 250, 150, 194, 30, 126, 223,
       162, 207, 244, 251, 140, 254, 56, 226, 208, 203, 118, 185, 203,
       187, 246, 20, 191, 8, 254, 87, 191, 175, 253, 241, 145, 180, 87,
       182, 194, 31, 95, 223, 175, 231, 116, 63, 215, 103, 51, 227, 70,
       230, 48, 174, 137, 235, 203, 91, 239, 72, 236, 223, 174, 62, 239,
       247, 199, 133, 114, 174, 192, 22, 28, 207, 174, 143, 247, 250, 85,
       143, 242, 188, 81, 235, 221, 153, 216, 139, 253, 20, 189, 156,
       220, 223, 175, 167, 17, 223, 117, 183, 69, 190, 208, 95, 89, 109,
       255, 207, 164, 15, 247, 91, 17, 237, 69, 100, 86, 109, 57, 97,
       233, 222, 100, 89, 119, 157, 126, 116, 212, 125, 236, 217, 208,
       245, 72, 70, 62, 228, 132, 175, 246, 114, 117, 10, 144, 116, 211,
       231, 252, 248, 191, 127, 127, 87, 179, 140, 62, 254, 236, 231, 27,
       183, 149, 182, 252, 59, 215, 15, 95, 222, 199, 150, 206, 253, 247,
       187, 30, 107, 165, 50, 242, 123, 83, 117, 204, 254, 231, 59, 14,
       183, 112, 126, 171, 149, 132, 173, 158, 36, 238, 242, 237, 162,
       129, 47, 132, 102, 217, 11, 59, 122, 218, 117, 213, 187, 80, 175,
       77, 125, 101, 44, 222, 183, 164, 238, 59, 151, 85, 151, 171, 50,
       253, 91, 93, 42, 235, 94, 135, 111, 255, 59, 219, 107, 200, 118,
       147, 251, 222, 79, 77, 252, 231, 57, 141, 182, 228, 126, 136, 151,
       253, 143, 187, 36, 223, 126, 77, 162, 196, 127, 140, 120, 221, 11,
       27, 122, 221, 119, 211, 252, 119, 29, 200, 86, 231, 44, 190, 182,
       228, 238, 179, 151, 129, 245, 185, 36, 254, 54, 127, 186, 131, 63,
       140, 169, 223, 166, 221, 118, 216, 255, 212, 191, 97, 157, 92,
       241, 51, 140, 222, 54, 69, 238, 177, 215, 227, 116, 47, 50, 223,
       55, 120, 206, 203, 23, 12, 229, 247, 187, 94, 100, 92, 47, 59,
       220, 123, 221, 110, 182, 191, 106, 44, 182, 173, 47, 163, 215,
       167, 236, 165, 37, 223, 50, 91, 80, 147, 119, 220, 204, 95, 111,
       147, 192, 139, 247, 176, 58, 25, 47, 89, 95, 231, 72, 110, 190,
       220, 119, 143, 183, 190, 151, 18, 239, 213, 30, 124, 170, 198,
       191, 135, 248, 213, 74, 92, 244, 222, 107, 116, 156, 43, 137, 222,
