%YAML:1.0
---
descriptors: !!opencv-matrix
   rows: 32
   cols: 32
   dt: u
   data: [ 18, 77, 230, 244, 119, 162, 254, 102, 185, 130, 218, 130, 41,
       170, 53, 199, 106, 247, 55, 193, 40, 249, 4, 238, 178, 254, 206,
       130, 39, 253, 113, 12, 119, 95, 110, 196, 86, 146, 190, 112, 185,
       196, 218, 231, 105, 238, 183, 98, 126, 245, 151, 231, 229, 147,
       36, 238, 50, 46, 175, 128, 45, 183, 119, 213, 27, 151, 107, 201,
       246, 247, 235, 115, 68, 77, 92, 102, 25, 61, 182, 96, 126, 42, 23,
       189, 147, 184, 53, 223, 110, 77, 170, 192, 255, 138, 112, 241, 10,
       157, 19, 248, 81, 229, 185, 99, 156, 9, 120, 2, 188, 151, 32, 196,
       236, 59, 147, 0, 19, 155, 18, 223, 145, 244, 26, 74, 16, 8, 37,
       186, 185, 159, 107, 234, 118, 147, 235, 112, 84, 72, 125, 230,
       113, 205, 178, 97, 126, 186, 23, 236, 251, 186, 36, 191, 114, 237,
       162, 200, 63, 139, 112, 249, 56, 12, 98, 204, 95, 82, 198, 114,
       85, 198, 254, 34, 99, 248, 183, 228, 120, 236, 134, 234, 237, 187,
       116, 142, 50, 111, 129, 9, 119, 252, 124, 206, 138, 152, 179, 249,
       167, 245, 184, 87, 31, 91, 84, 114, 189, 191, 96, 236, 239, 27,
       183, 145, 179, 92, 51, 211, 143, 211, 186, 226, 146, 76, 173, 187,
       91, 18, 249, 229, 35, 20, 93, 22, 61, 78, 30, 229, 157, 63, 150,
       228, 150, 81, 157, 173, 197, 144, 37, 192, 194, 253, 174, 130, 38,
       244, 5, 117, 58, 85, 114, 236, 119, 83, 250, 112, 117, 204, 251,
       35, 75, 28, 55, 196, 252, 157, 159, 227, 204, 179, 17, 206, 179,
       252, 130, 135, 127, 174, 124, 215, 23, 31, 107, 164, 86, 130, 174,
       115, 160, 194, 218, 231, 89, 238, 181, 32, 126, 245, 23, 173, 225,
       147, 132, 206, 116, 46, 239, 136, 45, 164, 51, 240, 22, 6, 207,
       225, 22, 34, 107, 90, 4, 1, 219, 226, 81, 39, 185, 96, 127, 132,
       31, 189, 153, 145, 5, 206, 248, 167, 170, 196, 165, 203, 112, 32,
       21, 73, 75, 236, 22, 130, 239, 80, 20, 128, 211, 226, 113, 195,
       177, 96, 122, 168, 23, 255, 201, 183, 36, 202, 240, 172, 171, 128,
       61, 187, 112, 160, 78, 18, 180, 21, 169, 126, 181, 187, 191, 254,
       38, 53, 204, 126, 79, 31, 167, 85, 249, 1, 228, 212, 251, 64, 79,
       115, 85, 135, 194, 116, 13, 87, 59, 143, 98, 218, 247, 243, 218,
       230, 151, 69, 220, 167, 105, 236, 182, 196, 127, 171, 151, 133,
       190, 187, 44, 255, 58, 79, 131, 203, 183, 206, 252, 221, 11, 170,
       182, 217, 108, 189, 249, 87, 95, 121, 116, 118, 172, 203, 246,
       237, 239, 43, 54, 156, 151, 252, 106, 241, 14, 219, 251, 232, 158,
       140, 41, 237, 11, 187, 115, 225, 246, 181, 248, 87, 79, 73, 92,
       227, 173, 159, 244, 164, 255, 187, 151, 157, 150, 184, 36, 211,
       78, 93, 186, 234, 183, 142, 241, 223, 59, 86, 111, 237, 38, 22,
       95, 112, 21, 78, 246, 230, 91, 47, 182, 97, 126, 181, 151, 238,
       233, 183, 37, 143, 242, 239, 234, 128, 63, 190, 112, 113, 200,
       180, 188, 240, 169, 124, 81, 159, 187, 255, 182, 25, 159, 191, 74,
       251, 135, 23, 253, 16, 190, 77, 243, 128, 219, 219, 117, 127, 194,
       68, 143, 83, 138, 152, 170, 186, 239, 241, 185, 199, 159, 95, 84,
       179, 172, 222, 102, 73, 239, 59, 179, 145, 54, 95, 170, 241, 95,
       115, 218, 235, 151, 12, 189, 223, 42, 184, 179, 184, 111, 229,
       185, 71, 191, 95, 116, 19, 188, 223, 100, 141, 239, 59, 179, 145,
       19, 123, 178, 241, 95, 81, 218, 235, 215, 12, 167, 251, 27, 83,
       112, 225, 53, 86, 95, 52, 121, 204, 62, 165, 15, 31, 150, 180,
       182, 209, 149, 253, 205, 168, 52, 206, 235, 221, 140, 131, 111,
       134, 79, 127, 59, 83, 120, 229, 55, 94, 223, 176, 73, 108, 124,
       175, 79, 29, 151, 164, 150, 217, 149, 111, 205, 176, 117, 207,
       103, 221, 160, 135, 111, 191, 92, 87, 11, 186, 178, 217, 100, 157,
       248, 87, 223, 125, 116, 118, 172, 202, 246, 236, 239, 43, 183,
       157, 135, 184, 34, 241, 6, 89, 186, 234, 158, 140, 41, 221, 30,
       85, 106, 229, 55, 86, 254, 112, 101, 108, 223, 163, 89, 31, 151,
       100, 126, 221, 159, 239, 204, 144, 53, 206, 247, 237, 170, 133,
       39, 183, 124, 243, 60, 93, 106, 236, 84, 82, 223, 121, 85, 140,
       254, 34, 123, 249, 183, 96, 120, 252, 151, 234, 200, 179, 37, 142,
       115, 237, 167, 129, 119, 186, 124, 227, 8, 140, 50, 24, 113, 253,
       48, 103, 253, 13, 108, 17, 174, 152, 38, 212, 192, 43, 130, 0, 54,
       172, 50, 87, 7, 119, 18, 75, 82, 12, 109, 206, 220, 52, 190, 240,
       169, 124, 89, 23, 187, 255, 183, 61, 159, 191, 74, 123, 167, 151,
       253, 16, 186, 71, 179, 130, 219, 251, 127, 255, 130, 96, 143, 115,
       3, 157, 59, 251, 180, 231, 191, 255, 30, 75, 90, 102, 252, 255,
       48, 96, 255, 123, 23, 145, 179, 184, 91, 255, 239, 190, 190, 192,
       156, 72, 177, 185, 126, 36, 240, 225, 205, 123, 122, 200, 59, 183,
       191, 27, 75, 127, 95, 158, 251, 221, 255, 179, 62, 115, 217, 210,
       159, 223, 199, 119, 231, 239, 78, 134, 50, 157, 107, 158, 215,
       243, 191, 231, 151, 69, 220, 163, 104, 252, 54, 64, 249, 187, 151,
       161, 190, 187, 60, 255, 59, 103, 143, 203, 181, 78, 244, 222, 8,
       141, 58, 251, 213, 229, 247, 231, 31, 5, 92, 3, 188, 255, 50, 64,
       217, 123, 19, 17, 50, 186, 26, 255, 239, 255, 150, 75, 146, 88,
       245, 234, 222, 50, 190, 240, 171, 124, 89, 19, 187, 223, 181, 61,
       142, 191, 198, 127, 167, 183, 253, 16, 190, 79, 178, 192, 219,
       251, 127, 251, 138, 228, 175, 115 ]
keypoints: !!opencv-matrix
   rows: 32
   cols: 2
   dt: d
   data: [ 313., 37., 310., 40., 295., 42., 345., 60., 352., 61., 338.,
       65., 263., 138., 108., 234., 214., 246., 3.0960000610351562e+02,
       3.9600002288818359e+01, 270., 42., 3.1320001220703125e+02,
       4.3200000762939453e+01, 3.3720001220703125e+02, 48.,
       1.2480000305175781e+02, 96., 8.8800003051757812e+01,
       2.3880000305175781e+02, 3.4080001831054688e+02,
       2.4720001220703125e+02, 3.5136001586914062e+02,
       6.0480003356933594e+01, 1.1232000732421875e+02, 144.,
       7.9200004577636719e+01, 2.2896000671386719e+02,
       8.4960006713867188e+01, 2.3184001159667969e+02,
       1.1232000732421875e+02, 2.3328001403808594e+02,
       1.1952000427246094e+02, 2.3328001403808594e+02,
       8.9280006408691406e+01, 2.3760000610351562e+02,
       2.1600001525878906e+02, 2.4048001098632812e+02,
       2.5632000732421875e+02, 2.4336001586914062e+02,
       3.4041604614257812e+02, 5.8752006530761719e+01,
       1.1750401306152344e+02, 1.4342401123046875e+02,
       8.8128005981445312e+01, 1.4860801696777344e+02,
       2.2291201782226562e+02, 1.5033601379394531e+02,
       1.2690435028076172e+02, 9.7044502258300781e+01,
       2.2394885253906250e+02, 1.0450946807861328e+02,
       1.1943939208984375e+02, 1.3735530090332031e+02 ]
