%YAML:1.0
---
descriptors: !!opencv-matrix
   rows: 83
   cols: 32
   dt: u
   data: [ 78, 213, 178, 218, 219, 212, 190, 140, 175, 21, 109, 3, 204,
       254, 46, 212, 245, 91, 187, 210, 86, 1, 58, 247, 47, 118, 142,
       207, 146, 87, 173, 86, 238, 161, 32, 160, 237, 83, 152, 235, 19,
       244, 148, 143, 4, 175, 83, 133, 217, 13, 243, 245, 74, 75, 251,
       159, 251, 83, 205, 191, 22, 44, 30, 122, 107, 156, 252, 85, 109,
       90, 245, 47, 251, 255, 166, 25, 104, 60, 86, 179, 129, 231, 232,
       0, 164, 105, 255, 109, 15, 127, 85, 83, 195, 36, 94, 94, 57, 173,
       89, 104, 84, 239, 67, 218, 83, 33, 236, 8, 19, 17, 16, 48, 88,
       136, 4, 120, 59, 186, 112, 31, 251, 205, 1, 116, 115, 137, 82,
       160, 84, 89, 59, 254, 3, 196, 55, 100, 168, 76, 198, 3, 60, 223,
       41, 123, 162, 115, 121, 195, 66, 129, 178, 101, 211, 225, 74, 11,
       32, 19, 39, 123, 66, 0, 80, 129, 102, 136, 232, 64, 237, 1, 176,
       66, 140, 10, 80, 110, 106, 129, 95, 137, 2, 41, 68, 192, 148, 152,
       154, 8, 85, 8, 113, 140, 2, 184, 23, 185, 106, 165, 56, 71, 142,
       21, 64, 177, 172, 134, 96, 72, 231, 59, 171, 145, 18, 28, 130, 81,
       141, 16, 154, 234, 144, 0, 165, 154, 84, 4, 23, 165, 24, 47, 64,
       43, 164, 185, 171, 89, 215, 35, 8, 83, 145, 149, 108, 32, 24, 241,
       73, 28, 201, 162, 97, 84, 192, 99, 129, 34, 130, 176, 130, 185,
       75, 225, 184, 71, 142, 21, 80, 183, 172, 158, 96, 73, 239, 59,
       147, 149, 18, 94, 18, 209, 141, 16, 218, 235, 152, 12, 165, 219,
       112, 173, 58, 224, 145, 239, 83, 227, 47, 37, 172, 9, 55, 159, 32,
       16, 152, 187, 65, 48, 26, 11, 112, 61, 251, 213, 1, 123, 176, 10,
       198, 106, 112, 105, 61, 236, 72, 201, 85, 109, 172, 20, 160, 9,
       183, 215, 1, 83, 200, 177, 74, 98, 74, 99, 242, 61, 241, 161, 2,
       57, 80, 18, 7, 234, 50, 185, 58, 168, 179, 217, 146, 103, 47, 5,
       188, 41, 46, 31, 34, 144, 174, 187, 151, 81, 30, 171, 16, 253,
       251, 213, 10, 123, 211, 6, 175, 79, 33, 221, 115, 69, 116, 142,
       237, 119, 109, 64, 126, 198, 49, 48, 148, 36, 62, 42, 22, 108,
       209, 184, 116, 205, 37, 60, 38, 0, 111, 152, 210, 188, 138, 184,
       50, 152, 91, 213, 184, 192, 159, 92, 68, 19, 44, 222, 102, 204,
       230, 59, 179, 209, 22, 79, 178, 245, 27, 84, 154, 235, 18, 5, 45,
       223, 170, 89, 114, 216, 109, 221, 249, 112, 207, 92, 180, 47, 172,
       159, 247, 167, 238, 57, 223, 71, 199, 45, 114, 245, 87, 89, 10,
       187, 87, 141, 87, 255, 41, 75, 81, 77, 92, 31, 204, 123, 68, 32,
       232, 68, 179, 0, 181, 244, 204, 40, 2, 12, 193, 186, 81, 29, 38,
       252, 0, 0, 91, 168, 104, 172, 41, 48, 55, 105, 85, 207, 113, 81,
       101, 96, 96, 8, 18, 25, 0, 48, 200, 184, 82, 40, 9, 186, 80, 12,
       85, 152, 0, 96, 106, 8, 82, 178, 89, 57, 25, 98, 48, 141, 67, 88,
       97, 40, 109, 8, 63, 147, 64, 48, 176, 152, 84, 122, 75, 58, 184,
       61, 251, 141, 32, 104, 106, 131, 2, 43, 102, 139, 27, 184, 202,
       225, 16, 67, 174, 23, 168, 185, 132, 230, 100, 88, 207, 187, 235,
       144, 18, 15, 2, 119, 153, 150, 26, 127, 144, 65, 167, 131, 95,
       154, 114, 128, 51, 218, 123, 242, 109, 110, 94, 230, 12, 166, 166,
       244, 119, 237, 134, 238, 197, 144, 164, 230, 146, 117, 43, 199,
       46, 167, 45, 117, 31, 155, 102, 193, 167, 210, 123, 210, 229, 68,
       222, 167, 73, 206, 183, 228, 119, 173, 191, 222, 213, 145, 55,
       228, 214, 127, 175, 199, 47, 167, 109, 85, 32, 176, 143, 149, 92,
       203, 225, 107, 30, 253, 242, 39, 244, 222, 34, 73, 123, 172, 238,
       144, 7, 248, 235, 221, 156, 163, 251, 69, 89, 8, 117, 218, 78,
       219, 176, 219, 225, 244, 126, 222, 63, 93, 116, 37, 204, 255, 111,
       252, 215, 91, 183, 210, 150, 90, 186, 243, 111, 93, 30, 239, 146,
       215, 173, 215, 15, 191, 51, 219, 245, 221, 187, 240, 127, 93, 124,
       167, 236, 252, 254, 164, 191, 75, 147, 79, 215, 56, 62, 247, 47,
       92, 30, 235, 86, 15, 239, 253, 219, 159, 102, 30, 239, 16, 252,
       247, 253, 198, 214, 183, 105, 174, 182, 247, 110, 231, 183, 239,
       245, 95, 166, 234, 50, 121, 206, 139, 47, 244, 249, 93, 95, 227,
       230, 129, 230, 18, 238, 217, 33, 183, 151, 247, 73, 42, 223, 207,
       127, 197, 17, 255, 244, 208, 141, 192, 62, 74, 207, 196, 167, 246,
       249, 196, 16, 32, 14, 137, 78, 137, 224, 66, 36, 49, 194, 2, 129,
       128, 112, 72, 104, 136, 106, 152, 2, 186, 69, 80, 20, 32, 154, 0,
       53, 8, 48, 136, 64, 137, 145, 237, 176, 140, 101, 55, 42, 9, 106,
       72, 183, 19, 0, 80, 0, 158, 108, 8, 91, 56, 209, 5, 229, 244, 52,
       72, 32, 128, 131, 40, 138, 120, 58, 154, 107, 213, 184, 64, 143,
       94, 85, 55, 44, 222, 103, 205, 230, 57, 183, 195, 198, 7, 50, 241,
       83, 81, 90, 171, 18, 5, 47, 223, 222, 93, 110, 118, 235, 116, 221,
       166, 169, 222, 150, 187, 25, 62, 87, 123, 167, 247, 253, 231, 252,
       71, 178, 226, 115, 251, 222, 139, 165, 117, 239, 119, 36, 177,
       185, 106, 254, 237, 147, 216, 11, 93, 61, 45, 150, 253, 75, 8,
       159, 91, 151, 81, 146, 34, 250, 50, 111, 21, 37, 255, 212, 91,
       214, 243, 249, 83, 121, 110, 42, 25, 79, 248, 225, 238, 180, 236,
       123, 77, 187, 51, 62, 228, 92, 238, 233, 39, 44, 63, 242, 233,
       101, 184, 127, 179, 66, 113, 129, 254, 57, 93, 54, 139, 175, 242,
       86, 104, 84, 230, 177, 229, 177, 32, 63, 122, 18, 205, 243, 188,
       37, 127, 100, 13, 43, 160, 125, 169, 1, 185, 59, 95, 107, 160,
       114, 243, 123, 246, 53, 204, 126, 231, 59, 142, 183, 112, 254,
       249, 151, 197, 141, 186, 36, 238, 250, 237, 162, 202, 45, 135, 46,
       221, 59, 151, 106, 201, 246, 179, 251, 223, 79, 77, 94, 230, 25,
       159, 182, 228, 127, 139, 151, 189, 143, 186, 37, 255, 126, 93,
       175, 196, 191, 204, 248, 253, 59, 30, 122, 221, 119, 147, 251,
       114, 93, 204, 254, 231, 42, 200, 183, 228, 254, 170, 151, 220,
       236, 185, 101, 255, 118, 127, 178, 131, 191, 141, 120, 93, 14,
       124, 182, 145, 231, 255, 188, 199, 191, 254, 126, 19, 140, 158,
       119, 205, 167, 115, 191, 19, 164, 245, 51, 194, 55, 94, 95, 135,
       134, 117, 173, 87, 46, 177, 240, 89, 245, 220, 254, 159, 59, 93,
       124, 177, 136, 255, 94, 220, 223, 91, 183, 208, 150, 250, 250,
       242, 111, 125, 151, 239, 215, 212, 238, 247, 15, 248, 96, 211,
       247, 221, 187, 252, 123, 93, 116, 166, 136, 220, 254, 164, 255,
       89, 147, 221, 215, 62, 254, 247, 47, 28, 159, 239, 215, 132, 127,
       253, 10, 63, 246, 151, 99, 122, 188, 99, 187, 238, 29, 167, 172,
       190, 199, 142, 175, 127, 247, 129, 228, 216, 174, 202, 14, 86, 95,
       163, 135, 100, 15, 223, 171, 242, 98, 155, 119, 145, 184, 229, 31,
       125, 85, 183, 140, 140, 126, 133, 239, 25, 179, 213, 246, 62, 62,
       245, 62, 80, 158, 239, 31, 12, 189, 223, 251, 133, 226, 214, 231,
       16, 254, 119, 121, 202, 95, 183, 104, 236, 254, 230, 127, 239,
       183, 135, 229, 183, 172, 203, 54, 124, 206, 139, 47, 244, 249,
       221, 91, 105, 98, 165, 20, 22, 109, 51, 33, 192, 206, 134, 49, 2,
       19, 244, 116, 172, 25, 237, 205, 154, 181, 204, 246, 109, 138,
       128, 47, 180, 58, 76, 66, 160, 180, 85, 145, 206, 177, 15, 58, 21,
       66, 16, 236, 179, 72, 74, 129, 95, 233, 17, 18, 216, 211, 65, 13,
       50, 90, 67, 128, 0, 133, 10, 86, 122, 170, 162, 234, 112, 190,
       198, 171, 190, 152, 171, 12, 254, 87, 26, 175, 255, 245, 211, 134,
       67, 138, 224, 154, 84, 223, 191, 133, 119, 191, 223, 103, 51, 227,
       70, 230, 50, 236, 9, 235, 234, 91, 239, 72, 236, 223, 190, 63,
       231, 247, 143, 133, 114, 174, 192, 22, 62, 213, 174, 207, 247,
       250, 85, 238, 180, 224, 0, 219, 122, 184, 203, 59, 247, 20, 187,
       12, 172, 87, 159, 167, 221, 241, 181, 182, 94, 174, 194, 30, 95,
       157, 239, 231, 196, 159, 215, 47, 178, 244, 16, 219, 125, 153,
       218, 139, 127, 20, 189, 140, 220, 94, 175, 135, 25, 215, 49, 183,
       103, 250, 209, 95, 91, 93, 255, 223, 12, 143, 215, 125, 19, 237,
       69, 164, 126, 109, 57, 97, 234, 255, 100, 91, 63, 159, 126, 119,
