%YAML:1.0
---
descriptors: !!opencv-matrix
   rows: 45
   cols: 32
   dt: u
   data: [ 27, 123, 74, 101, 114, 218, 122, 114, 37, 76, 94, 228, 43,
       135, 178, 244, 118, 168, 148, 204, 207, 154, 164, 47, 146, 237,
       34, 195, 46, 134, 42, 93, 27, 191, 114, 233, 247, 151, 255, 246,
       15, 105, 92, 230, 61, 127, 182, 164, 126, 251, 151, 205, 223, 184,
       45, 255, 254, 221, 175, 128, 191, 222, 249, 253, 46, 126, 224,
       211, 237, 116, 255, 222, 87, 223, 124, 181, 136, 255, 255, 238,
       221, 218, 183, 214, 156, 114, 254, 226, 103, 95, 215, 175, 215,
       253, 252, 247, 251, 251, 96, 64, 127, 153, 218, 252, 235, 252,
       188, 173, 42, 204, 214, 183, 174, 217, 213, 247, 198, 107, 174,
       253, 58, 88, 5, 255, 111, 150, 78, 223, 130, 178, 138, 185, 71,
       225, 184, 71, 158, 85, 80, 151, 172, 142, 98, 9, 239, 59, 147,
       149, 22, 92, 18, 209, 205, 16, 218, 235, 148, 12, 61, 219, 234,
       253, 32, 138, 221, 213, 150, 237, 131, 124, 148, 139, 34, 220,
       126, 132, 200, 146, 219, 227, 110, 43, 122, 191, 51, 81, 141, 255,
       87, 30, 222, 222, 33, 185, 57, 89, 68, 143, 233, 87, 86, 121, 112,
       66, 176, 152, 116, 40, 88, 56, 18, 29, 131, 250, 118, 81, 77, 8,
       178, 96, 217, 8, 80, 168, 206, 92, 254, 254, 109, 92, 254, 242,
       217, 222, 116, 59, 172, 255, 183, 239, 239, 241, 151, 67, 228,
       103, 50, 234, 215, 251, 222, 139, 86, 253, 45, 215, 254, 116, 244,
       84, 203, 126, 159, 152, 59, 255, 21, 63, 72, 253, 95, 158, 183,
       213, 245, 183, 181, 87, 187, 226, 31, 127, 77, 191, 199, 117, 223,
       215, 10, 149, 48, 219, 255, 253, 188, 191, 159, 95, 28, 53, 172,
       254, 110, 197, 135, 27, 151, 17, 246, 72, 58, 247, 47, 95, 94,
       239, 150, 68, 141, 223, 91, 155, 102, 204, 119, 150, 120, 51, 205,
       76, 254, 231, 105, 110, 182, 228, 110, 167, 191, 237, 157, 187,
       37, 221, 126, 123, 226, 195, 63, 142, 124, 93, 59, 223, 114, 233,
       118, 147, 250, 246, 79, 105, 254, 230, 57, 63, 182, 228, 110, 203,
       151, 221, 207, 186, 101, 253, 126, 221, 166, 194, 63, 140, 120,
       221, 174, 251, 98, 130, 255, 213, 188, 197, 141, 221, 85, 167,
       140, 206, 126, 133, 238, 57, 151, 215, 214, 123, 174, 224, 62, 80,
       142, 239, 151, 30, 189, 215, 153, 191, 111, 19, 51, 219, 187, 255,
       87, 124, 94, 183, 251, 124, 190, 165, 63, 42, 214, 47, 247, 252,
       45, 191, 110, 91, 97, 229, 127, 140, 157, 253, 78, 124, 182, 68,
       235, 116, 159, 18, 169, 207, 190, 173, 76, 254, 71, 190, 167, 245,
       253, 135, 132, 195, 178, 194, 91, 127, 79, 155, 199, 119, 47, 87,
       2, 168, 22, 153, 9, 196, 56, 71, 190, 21, 66, 17, 172, 150, 96,
       73, 225, 59, 170, 144, 18, 216, 147, 81, 133, 176, 218, 75, 144,
       0, 37, 138, 63, 183, 124, 107, 183, 255, 91, 191, 23, 125, 61,
       191, 91, 125, 222, 180, 159, 27, 149, 61, 191, 248, 121, 159, 107,
       223, 53, 247, 255, 207, 222, 247, 138, 94, 50, 222, 109, 149, 188,
       238, 157, 94, 116, 53, 172, 222, 39, 207, 199, 123, 159, 71, 230,
       71, 18, 243, 35, 91, 94, 171, 22, 93, 45, 223, 75, 28, 231, 221,
       37, 118, 108, 39, 233, 195, 206, 16, 120, 63, 148, 255, 225, 246,
       121, 168, 169, 201, 51, 206, 7, 126, 210, 2, 134, 228, 240, 60,
       126, 78, 230, 20, 197, 114, 236, 71, 185, 230, 254, 159, 73, 44,
       87, 223, 107, 229, 241, 181, 172, 247, 164, 202, 22, 127, 223,
       129, 231, 244, 126, 92, 127, 114, 249, 104, 110, 61, 91, 216, 111,
       202, 180, 238, 95, 223, 255, 60, 190, 217, 255, 254, 143, 39, 174,
       208, 210, 221, 33, 190, 127, 183, 98, 245, 130, 128, 130, 185, 23,
       229, 56, 71, 30, 3, 66, 147, 172, 151, 98, 72, 241, 59, 155, 149,
       50, 156, 19, 211, 141, 22, 154, 67, 144, 12, 189, 218, 58, 157,
       100, 113, 189, 95, 144, 255, 31, 125, 180, 45, 74, 61, 62, 149,
       141, 147, 213, 37, 255, 233, 121, 157, 187, 91, 85, 215, 215, 12,
       222, 95, 234, 0, 230, 92, 77, 80, 72, 2, 241, 87, 198, 147, 106,
       172, 22, 255, 200, 228, 249, 141, 140, 79, 247, 193, 19, 123, 210,
       9, 7, 36, 124, 94, 14, 126, 178, 150, 229, 244, 188, 194, 155,
       222, 84, 55, 172, 254, 119, 143, 239, 123, 151, 19, 164, 199, 186,
       226, 27, 87, 223, 171, 134, 125, 45, 223, 58, 48, 226, 1, 75, 255,
       184, 75, 43, 253, 20, 175, 12, 156, 87, 140, 175, 61, 243, 21,
       134, 113, 184, 208, 31, 93, 29, 247, 231, 4, 15, 215, 14, 248,
       240, 211, 245, 253, 250, 216, 191, 125, 21, 19, 204, 223, 126,
       172, 255, 217, 183, 149, 150, 112, 186, 241, 15, 95, 159, 239,
       150, 143, 229, 247, 139, 218, 106, 220, 103, 208, 185, 118, 189,
       78, 86, 183, 44, 158, 182, 100, 238, 185, 183, 193, 229, 159, 36,
       239, 86, 127, 186, 195, 31, 132, 61, 223, 27, 27, 107, 207, 118,
       209, 251, 118, 77, 72, 126, 230, 57, 30, 182, 100, 110, 171, 151,
       205, 135, 184, 37, 255, 118, 125, 186, 128, 63, 142, 121, 253, 14,
       254, 118, 144, 239, 213, 188, 231, 157, 222, 84, 167, 172, 222,
       126, 133, 239, 59, 147, 167, 228, 127, 58, 244, 63, 82, 223, 235,
       23, 12, 173, 223, 106, 31, 228, 28, 239, 63, 188, 39, 13, 127,
       126, 175, 104, 44, 22, 143, 175, 167, 243, 165, 196, 250, 119,
       221, 23, 123, 218, 131, 95, 124, 223, 223, 106, 94, 242, 220, 107,
       80, 127, 247, 129, 206, 124, 175, 44, 166, 167, 246, 111, 243,
       183, 130, 212, 27, 38, 234, 118, 119, 222, 139, 55, 254, 172, 255,
       98, 52, 234, 204, 251, 116, 155, 31, 187, 205, 156, 189, 44, 254,
       86, 118, 215, 247, 221, 149, 182, 75, 240, 202, 123, 124, 158,
       187, 135, 100, 167, 95, 11, 184, 210, 24, 115, 181, 56, 71, 191,
       65, 108, 133, 44, 150, 102, 244, 167, 59, 146, 148, 151, 26, 182,
       209, 15, 92, 26, 107, 154, 4, 171, 222, 98, 144, 55, 148, 107,
       221, 184, 103, 159, 125, 178, 191, 108, 188, 36, 173, 175, 55,
       247, 1, 149, 127, 51, 213, 31, 18, 88, 243, 87, 12, 7, 223, 106,
       186, 240, 220, 109, 20, 184, 74, 139, 141, 84, 163, 172, 223, 86,
       142, 206, 93, 183, 129, 134, 106, 194, 193, 7, 124, 154, 171, 22,
       44, 47, 223, 43, 48, 114, 228, 127, 209, 187, 80, 169, 204, 252,
       171, 44, 222, 247, 180, 190, 185, 215, 197, 134, 35, 162, 200, 83,
       93, 138, 171, 71, 134, 47, 255, 14, 41, 242, 210, 117, 209, 250,
       64, 175, 140, 28, 3, 172, 222, 119, 164, 250, 57, 151, 209, 6,
       186, 170, 248, 15, 93, 143, 235, 135, 14, 125, 207, 18, 122, 250,
       144, 115, 208, 185, 71, 189, 205, 94, 167, 44, 158, 231, 68, 231,
       59, 151, 149, 134, 157, 36, 238, 94, 85, 190, 195, 135, 4, 45,
       223, 31, 159, 98, 136, 246, 146, 190, 243, 157, 68, 94, 231, 13,
       174, 182, 196, 110, 251, 151, 197, 212, 153, 36, 238, 58, 45, 174,
       195, 63, 132, 189, 213, 59, 211, 107, 200, 118, 151, 235, 244, 69,
       73, 222, 230, 25, 205, 190, 96, 126, 136, 23, 239, 207, 179, 36,
       247, 114, 109, 162, 196, 63, 159, 240, 241, 43, 139, 67, 136, 247,
       144, 170, 103, 11, 77, 92, 231, 40, 166, 182, 196, 126, 43, 147,
       156, 23, 154, 164, 253, 62, 52, 138, 235, 23, 142, 188, 253, 59,
       97, 104, 76, 119, 209, 219, 88, 73, 68, 124, 171, 57, 221, 151,
       180, 62, 185, 151, 239, 199, 34, 116, 221, 119, 125, 168, 171,
       119, 166, 126, 247, 58, 233, 122, 234, 87, 209, 251, 72, 75, 76,
       252, 43, 40, 221, 127, 32, 250, 153, 151, 195, 78, 59, 178, 249,
       127, 221, 138, 171, 103, 14, 126, 222, 147, 223, 107, 142, 118,
       146, 239, 116, 212, 72, 210, 231, 121, 206, 182, 97, 126, 169, 23,
       239, 237, 159, 36, 255, 50, 40, 170, 128, 61, 158, 49, 253 ]
