%YAML:1.0
---
descriptors: !!opencv-matrix
   rows: 17
   cols: 32
   dt: u
   data: [ 61, 77, 34, 30, 93, 153, 194, 96, 199, 0, 249, 10, 99, 200,
       55, 132, 88, 168, 66, 107, 76, 163, 78, 61, 51, 44, 1, 25, 115,
       63, 88, 134, 180, 73, 98, 158, 93, 149, 206, 96, 213, 196, 221,
       131, 99, 200, 55, 196, 88, 232, 3, 239, 76, 163, 78, 174, 51, 108,
       130, 25, 55, 191, 120, 196, 187, 205, 102, 252, 7, 82, 223, 229,
       197, 90, 214, 131, 105, 61, 54, 231, 234, 241, 151, 231, 232, 175,
       52, 253, 243, 120, 202, 147, 63, 188, 112, 126, 58, 77, 34, 158,
       93, 213, 198, 224, 213, 4, 212, 3, 34, 200, 55, 196, 200, 232, 3,
       79, 108, 47, 114, 191, 51, 48, 130, 25, 87, 63, 124, 206, 234, 76,
       38, 220, 77, 84, 220, 230, 137, 22, 214, 3, 104, 125, 55, 207,
       200, 245, 187, 227, 104, 103, 50, 233, 83, 123, 218, 27, 23, 125,
       125, 78, 34, 201, 32, 220, 93, 149, 180, 238, 206, 4, 208, 3, 172,
       156, 53, 196, 200, 123, 147, 65, 70, 43, 82, 253, 53, 48, 154, 27,
       85, 28, 117, 142, 6, 139, 132, 151, 151, 144, 190, 166, 158, 151,
       18, 183, 236, 110, 78, 203, 135, 67, 163, 215, 54, 216, 11, 225,
       44, 22, 223, 195, 132, 127, 189, 78, 62, 143, 108, 254, 244, 18,
       223, 253, 17, 14, 245, 175, 107, 109, 191, 17, 223, 215, 149, 167,
       252, 235, 108, 175, 114, 127, 228, 145, 247, 252, 244, 123, 42,
       217, 48, 25, 93, 221, 150, 238, 15, 61, 56, 9, 174, 156, 46, 132,
       137, 27, 195, 65, 70, 58, 90, 53, 39, 84, 20, 127, 82, 28, 205,
       222, 53, 86, 109, 193, 188, 55, 75, 152, 71, 127, 159, 102, 83,
       85, 187, 108, 93, 192, 127, 254, 139, 1, 125, 182, 203, 159, 165,
       212, 190, 187, 80, 113, 223, 131, 109, 233, 190, 3, 111, 185, 6,
       120, 151, 230, 81, 7, 184, 97, 127, 196, 63, 254, 251, 24, 109,
       149, 254, 203, 239, 244, 53, 171, 208, 113, 42, 241, 56, 131, 249,
       221, 180, 239, 15, 61, 57, 27, 140, 220, 110, 128, 153, 27, 195,
       17, 86, 58, 90, 215, 47, 85, 13, 127, 82, 14, 143, 214, 34, 193,
       16, 154, 93, 197, 148, 239, 143, 21, 216, 11, 172, 152, 46, 64,
       201, 27, 131, 1, 70, 43, 82, 213, 49, 52, 154, 127, 16, 14, 157,
       142, 105, 124, 237, 195, 116, 159, 77, 23, 78, 232, 62, 76, 179,
       29, 213, 112, 68, 164, 30, 28, 169, 60, 117, 26, 111, 157, 181,
       176, 140, 216, 80, 121, 24, 93, 59, 242, 183, 253, 177, 246, 253,
       204, 62, 2, 62, 157, 97, 96, 162, 123, 189, 80, 128, 185, 48, 238,
       251, 221, 20, 83, 226, 24, 85, 251, 218, 31, 127, 242, 178, 209,
       183, 230, 173, 132, 182, 163, 47, 159, 167, 65, 38, 243, 159, 193,
       96, 171, 38, 236, 242, 193, 58, 203, 39, 157, 37, 123, 201, 88,
       191, 247, 36, 124, 121, 146, 253, 94, 246, 52, 255, 127, 147, 123,
       230, 117, 125, 78, 161, 228, 179, 234, 199, 251, 114, 128, 14,
       241, 101, 121 ]
keypoints: !!opencv-matrix
   rows: 17
   cols: 2
   dt: d
   data: [ 189., 79., 188., 82., 224., 113., 1.8840000915527344e+02,
       8.1600006103515625e+01, 2.2440000915527344e+02,
       1.1280000305175781e+02, 2.8080001831054688e+02,
       1.7520001220703125e+02, 2.3904000854492188e+02,
       7.0560005187988281e+01, 2.4048001098632812e+02,
       1.5408000183105469e+02, 1.8835202026367188e+02,
       7.7760009765625000e+01, 2.2464001464843750e+02,
       1.1232000732421875e+02, 2.1945602416992188e+02,
       1.7107202148437500e+02, 1.8869763183593750e+02,
       7.6723213195800781e+01, 2.7993603515625000e+02,
       1.7418241882324219e+02, 2.2643717956542969e+02,
       1.1197442626953125e+02, 2.2693484497070312e+02,
       1.1048143768310547e+02, 2.2932363891601562e+02,
       1.1107863616943359e+02, 2.1857409667968750e+02,
       1.6840954589843750e+02 ]
