%YAML:1.0
---
descriptors: !!opencv-matrix
   rows: 17
   cols: 32
   dt: u
   data: [ 35, 189, 115, 216, 254, 133, 190, 247, 159, 73, 216, 111, 56,
       220, 116, 36, 238, 187, 23, 213, 215, 43, 18, 255, 63, 28, 158,
       234, 93, 8, 179, 223, 48, 34, 94, 137, 78, 139, 32, 64, 12, 32,
       194, 2, 4, 131, 32, 72, 106, 141, 106, 0, 0, 187, 195, 80, 20,
       160, 18, 33, 49, 8, 33, 136, 53, 76, 34, 158, 93, 134, 198, 96,
       212, 4, 209, 7, 99, 200, 55, 64, 88, 232, 2, 111, 76, 167, 94,
       189, 49, 44, 130, 24, 117, 63, 112, 196, 34, 209, 53, 156, 93,
       213, 180, 238, 207, 17, 88, 3, 172, 152, 60, 192, 200, 123, 147,
       65, 70, 43, 82, 245, 53, 48, 154, 59, 85, 28, 53, 143, 223, 149,
       108, 233, 190, 47, 234, 185, 77, 113, 151, 146, 89, 61, 188, 97,
       119, 135, 31, 175, 187, 32, 93, 215, 254, 203, 235, 212, 63, 139,
       209, 17, 32, 89, 32, 158, 93, 149, 198, 238, 199, 12, 216, 11, 34,
       200, 53, 192, 200, 234, 131, 67, 74, 43, 82, 189, 49, 53, 130, 59,
       21, 29, 84, 138, 194, 208, 117, 255, 111, 93, 188, 189, 143, 59,
       17, 90, 220, 127, 60, 235, 199, 21, 255, 35, 225, 5, 123, 213, 39,
       122, 79, 182, 20, 122, 133, 97, 159, 131, 109, 225, 182, 131, 111,
       185, 6, 112, 151, 231, 81, 7, 184, 97, 127, 132, 63, 255, 217, 24,
       45, 212, 252, 201, 175, 228, 53, 139, 240, 113, 34, 197, 16, 154,
       221, 197, 180, 111, 159, 17, 153, 27, 140, 152, 44, 196, 201, 131,
       139, 1, 86, 43, 90, 215, 61, 20, 158, 127, 20, 12, 153, 142, 66,
       130, 164, 157, 29, 130, 136, 168, 154, 149, 0, 135, 236, 234, 126,
       66, 213, 109, 177, 149, 134, 64, 142, 221, 8, 50, 207, 207, 148,
       44, 25, 86, 149, 194, 109, 161, 36, 11, 109, 181, 78, 112, 22,
       230, 217, 11, 178, 97, 55, 132, 63, 239, 225, 149, 45, 221, 230,
       203, 239, 228, 61, 184, 209, 113, 34, 197, 48, 207, 125, 205, 149,
       239, 31, 53, 89, 10, 162, 92, 60, 68, 216, 26, 147, 33, 98, 42,
       90, 151, 37, 52, 148, 127, 23, 30, 212, 142, 177, 89, 233, 69,
       252, 15, 77, 23, 86, 232, 178, 110, 147, 24, 213, 112, 76, 172,
       30, 152, 201, 254, 117, 26, 100, 141, 181, 180, 61, 184, 208, 41,
       238, 193, 248, 141, 159, 156, 158, 5, 139, 133, 134, 131, 142,
       236, 94, 198, 198, 117, 235, 85, 22, 41, 246, 194, 47, 117, 14,
       91, 198, 46, 141, 86, 248, 89, 59, 243, 53, 239, 241, 54, 249,
       168, 62, 8, 62, 157, 97, 96, 160, 62, 53, 88, 1, 185, 176, 174,
       235, 253, 52, 242, 66, 26, 69, 187, 232, 49, 235, 164, 212, 101,
       91, 144, 18, 109, 76, 15, 55, 253, 123, 112, 92, 255, 23, 209,
       154, 18, 176, 27, 127, 165, 161, 41, 176, 234, 134, 251, 221, 26,
       191, 254, 36, 36, 121, 18, 253, 250, 86, 118, 252, 191, 177, 107,
       164, 117, 61, 143, 161, 85, 162, 232, 211, 251, 122, 144, 138,
       225, 1, 113 ]
keypoints: !!opencv-matrix
   rows: 17
   cols: 2
   dt: d
   data: [ 175., 67., 350., 90., 1.2600000762939453e+02,
       8.0400001525878906e+01, 2.1840000915527344e+02, 174.,
       1.6127999877929688e+02, 1.2816000366210938e+02,
       1.2614401245117188e+02, 8.1216011047363281e+01,
       1.6070401000976562e+02, 1.2787200927734375e+02,
       1.5552001953125000e+02, 1.6934400939941406e+02,
       2.1772802734375000e+02, 1.7452801513671875e+02,
       1.7625602722167969e+02, 6.8428810119628906e+01,
       1.5552001953125000e+02, 1.6796162414550781e+02,
       1.2690435028076172e+02, 8.2114578247070312e+01,
       1.6174084472656250e+02, 1.1197442626953125e+02,
       2.0404228210449219e+02, 1.1446274566650391e+02,
       1.6124317932128906e+02, 1.1048143768310547e+02,
       2.0304696655273438e+02, 1.1346742248535156e+02,
       1.5527120971679688e+02, 1.6721514892578125e+02 ]
