%YAML:1.0
---
descriptors: !!opencv-matrix
   rows: 41
   cols: 32
   dt: u
   data: [ 32, 162, 133, 156, 88, 131, 33, 232, 22, 181, 64, 2, 112, 226,
       40, 65, 121, 236, 34, 184, 34, 210, 11, 29, 92, 38, 247, 100, 48,
       40, 36, 168, 66, 140, 150, 159, 137, 234, 176, 167, 190, 23, 74,
       17, 236, 114, 4, 207, 225, 55, 234, 1, 52, 220, 3, 247, 13, 54,
       90, 67, 144, 100, 165, 14, 50, 0, 82, 129, 102, 9, 248, 64, 45,
       32, 176, 171, 14, 26, 36, 116, 238, 145, 95, 225, 8, 51, 65, 192,
       148, 144, 138, 18, 85, 8, 99, 132, 164, 239, 195, 254, 220, 43,
       79, 252, 210, 226, 185, 250, 241, 227, 185, 35, 91, 230, 70, 234,
       241, 99, 236, 191, 252, 142, 231, 188, 253, 251, 194, 160, 220,
       20, 188, 247, 168, 126, 121, 26, 185, 254, 183, 48, 223, 55, 203,
       123, 135, 85, 125, 58, 177, 197, 251, 194, 199, 251, 115, 148,
       130, 225, 71, 115, 138, 178, 60, 248, 109, 245, 184, 87, 143, 93,
       20, 55, 140, 159, 118, 43, 207, 59, 159, 149, 150, 111, 178, 209,
       95, 89, 218, 235, 158, 12, 181, 255, 234, 184, 254, 24, 207, 253,
       185, 199, 235, 87, 52, 187, 40, 222, 118, 27, 239, 187, 243, 149,
       150, 111, 182, 241, 95, 91, 90, 235, 213, 12, 231, 223, 139, 186,
       151, 217, 108, 181, 233, 95, 95, 89, 84, 118, 188, 203, 242, 237,
       247, 43, 55, 156, 179, 222, 34, 241, 206, 251, 250, 200, 158, 136,
       41, 173, 99, 48, 123, 224, 104, 173, 249, 83, 233, 89, 176, 237,
       14, 159, 212, 122, 174, 153, 223, 149, 131, 43, 128, 209, 23, 88,
       58, 234, 199, 132, 99, 223, 60, 83, 114, 236, 39, 22, 218, 120,
       69, 204, 247, 230, 91, 205, 187, 224, 126, 212, 159, 238, 200,
       179, 109, 140, 242, 237, 163, 133, 111, 191, 116, 81, 48, 162,
       135, 29, 90, 67, 1, 72, 22, 176, 64, 0, 112, 192, 96, 72, 81, 76,
       34, 48, 2, 210, 203, 29, 73, 162, 99, 100, 48, 40, 36, 160, 98,
       32, 27, 136, 78, 1, 168, 64, 44, 32, 226, 74, 132, 130, 48, 66,
       104, 141, 74, 161, 8, 51, 193, 64, 20, 32, 138, 40, 17, 8, 35,
       128, 22, 253, 18, 170, 187, 197, 30, 236, 175, 8, 184, 41, 108,
       254, 40, 208, 254, 251, 207, 226, 74, 11, 26, 253, 185, 212, 143,
       123, 16, 19, 175, 11, 138, 181, 34, 185, 245, 183, 190, 255, 31,
       71, 92, 151, 233, 238, 58, 192, 255, 11, 151, 149, 179, 190, 91,
       255, 110, 215, 158, 201, 158, 204, 184, 218, 253, 121, 189, 118,
       169, 77, 95, 216, 243, 250, 181, 76, 223, 95, 73, 59, 134, 213,
       253, 98, 201, 103, 251, 32, 211, 217, 101, 188, 106, 243, 70, 115,
       219, 146, 252, 112, 33, 116, 89, 23, 219, 95, 21, 181, 91, 29,
       158, 175, 135, 17, 181, 29, 167, 68, 50, 129, 195, 219, 112, 151,
       166, 196, 12, 127, 138, 184, 187, 184, 239, 237, 185, 215, 155,
       91, 116, 51, 188, 223, 100, 41, 239, 59, 179, 145, 19, 255, 178,
       241, 93, 81, 90, 235, 218, 12, 167, 251, 23, 222, 98, 159, 114,
       147, 174, 248, 55, 76, 91, 231, 109, 238, 191, 196, 119, 253, 135,
       239, 230, 145, 12, 255, 60, 38, 175, 132, 63, 247, 41, 213, 58,
       83, 98, 172, 117, 87, 250, 104, 61, 76, 251, 231, 75, 142, 63,
       212, 254, 157, 183, 230, 204, 179, 17, 206, 178, 255, 130, 135,
       127, 175, 124, 87, 70, 237, 150, 159, 155, 132, 62, 175, 174, 21,
       10, 1, 236, 226, 104, 70, 225, 119, 234, 211, 86, 73, 139, 245,
       45, 52, 143, 111, 144, 87, 161, 14, 58, 189, 98, 174, 247, 195,
       222, 236, 23, 204, 248, 175, 107, 237, 54, 144, 254, 235, 151,
       231, 158, 179, 8, 191, 187, 253, 141, 187, 119, 255, 254, 215,
       252, 112, 253, 118, 45, 95, 87, 152, 243, 250, 181, 28, 223, 223,
       75, 59, 157, 212, 253, 122, 233, 103, 251, 162, 211, 219, 101, 60,
       234, 251, 70, 115, 46, 221, 123, 222, 125, 215, 191, 240, 223, 68,
       220, 3, 252, 253, 55, 100, 254, 123, 151, 199, 227, 187, 58, 255,
       55, 127, 143, 138, 23, 127, 53, 251, 31, 87, 67, 142, 114, 182,
       239, 112, 53, 200, 219, 231, 89, 238, 183, 196, 127, 237, 23, 239,
       173, 145, 45, 222, 56, 46, 175, 132, 47, 247, 49, 213, 31, 87,
       107, 197, 118, 82, 239, 120, 117, 236, 94, 166, 89, 62, 191, 100,
       126, 221, 23, 239, 193, 176, 37, 206, 119, 45, 170, 132, 39, 183,
       117, 245, 61, 91, 106, 238, 116, 22, 79, 248, 197, 200, 255, 230,
       83, 205, 187, 96, 126, 236, 23, 238, 201, 179, 44, 172, 242, 237,
       165, 132, 111, 187, 116, 241, 70, 237, 150, 31, 153, 136, 166,
       173, 174, 17, 74, 1, 228, 226, 72, 66, 225, 103, 104, 83, 86, 73,
       139, 117, 45, 52, 15, 75, 16, 19, 165, 10, 237, 50, 253, 246, 173,
       124, 88, 24, 235, 251, 183, 124, 206, 255, 221, 255, 135, 213,
       253, 26, 185, 101, 235, 192, 219, 251, 113, 191, 202, 229, 70,
       119, 139, 186, 186, 219, 100, 181, 184, 87, 95, 91, 86, 118, 188,
       154, 182, 109, 239, 43, 55, 29, 151, 252, 34, 243, 206, 223, 122,
       194, 154, 140, 169, 221, 56, 205, 82, 174, 209, 203, 86, 236, 133,
       0, 248, 9, 107, 243, 32, 144, 250, 251, 134, 98, 108, 171, 24,
       191, 187, 253, 5, 59, 115, 191, 238, 138, 49, 207, 107, 254, 244,
       135, 239, 246, 84, 64, 218, 198, 113, 239, 176, 96, 126, 234, 23,
       207, 235, 187, 44, 255, 120, 175, 175, 192, 53, 154, 240, 248,
       111, 50, 253, 115, 236, 60, 249, 27, 251, 255, 183, 124, 219, 255,
       223, 186, 207, 215, 255, 26, 157, 103, 251, 192, 94, 251, 117,
       254, 207, 237, 74, 245, 170, 170, 170, 186, 199, 241, 185, 199,
       159, 71, 84, 179, 172, 204, 118, 72, 255, 59, 147, 145, 54, 158,
       170, 243, 95, 87, 154, 235, 151, 76, 183, 222, 3, 141, 99, 159,
       212, 214, 239, 247, 116, 64, 90, 66, 113, 252, 180, 100, 120, 234,
       18, 239, 251, 152, 61, 255, 61, 46, 174, 128, 53, 254, 240, 236,
       173, 176, 233, 251, 252, 255, 249, 223, 31, 245, 245, 158, 217,
       253, 254, 40, 95, 159, 183, 157, 191, 254, 127, 146, 79, 223, 255,
       236, 183, 204, 212, 241, 33, 205, 99, 223, 84, 131, 239, 246, 86,
       64, 88, 66, 113, 233, 177, 96, 120, 234, 18, 204, 227, 186, 60,
       255, 116, 46, 166, 136, 61, 154, 112, 168, 239, 60, 255, 244, 237,
       124, 89, 18, 251, 254, 182, 24, 159, 255, 87, 127, 239, 245, 255,
       158, 169, 103, 178, 224, 87, 251, 83, 58, 199, 245, 79, 118, 237,
       56, 252, 241, 205, 125, 249, 90, 251, 247, 181, 26, 155, 253, 87,
       59, 235, 239, 119, 31, 187, 119, 250, 224, 95, 219, 87, 124, 199,
       237, 87, 242, 94, 112, 240, 227, 35, 127, 122, 216, 43, 238, 183,
       169, 207, 95, 79, 190, 182, 221, 255, 114, 141, 245, 249, 200,
       247, 221, 47, 183, 238, 247, 71, 87, 45, 180, 237, 251, 205, 255,
       249, 91, 87, 247, 245, 26, 155, 253, 122, 104, 253, 154, 115, 153,
       155, 250, 251, 210, 223, 223, 223, 101, 215, 200, 213, 242, 198,
       73, 22, 222, 13, 198, 190, 236, 141, 134, 210, 3, 236, 255, 45,
       67, 248, 245, 251, 227, 104, 227, 91, 253, 177, 50, 207, 27, 22,
       62, 61, 2 ]
