%YAML:1.0
---
descriptors: !!opencv-matrix
   rows: 12
   cols: 32
   dt: u
   data: [ 66, 157, 150, 159, 137, 228, 180, 143, 174, 21, 74, 1, 236,
       246, 78, 78, 193, 119, 235, 145, 22, 201, 219, 113, 45, 54, 94,
       67, 128, 84, 173, 14, 54, 189, 18, 174, 155, 197, 86, 236, 171, 0,
       168, 41, 110, 250, 32, 144, 254, 251, 199, 226, 78, 11, 26, 253,
       187, 212, 15, 123, 16, 51, 175, 11, 60, 157, 122, 238, 255, 199,
       86, 252, 133, 12, 253, 42, 127, 255, 32, 16, 250, 251, 135, 226,
       88, 171, 24, 191, 251, 253, 5, 59, 115, 187, 236, 139, 107, 184,
       113, 96, 125, 221, 219, 16, 203, 104, 180, 169, 59, 29, 214, 180,
       142, 177, 213, 5, 143, 42, 224, 215, 67, 221, 41, 187, 71, 140,
       70, 255, 70, 201, 148, 155, 153, 192, 182, 175, 174, 21, 138, 1,
       172, 242, 68, 198, 193, 119, 235, 81, 86, 73, 219, 113, 45, 48,
       30, 91, 128, 82, 173, 14, 60, 221, 122, 238, 117, 215, 94, 248,
       23, 4, 253, 131, 107, 237, 33, 0, 126, 251, 151, 226, 10, 179, 24,
       191, 123, 205, 165, 145, 119, 255, 252, 210, 7, 205, 99, 207, 244,
       214, 239, 246, 124, 72, 91, 66, 113, 246, 181, 100, 126, 106, 22,
       239, 225, 152, 61, 255, 45, 46, 174, 192, 61, 179, 112, 252, 253,
       117, 253, 103, 168, 78, 95, 184, 105, 250, 189, 76, 223, 127, 73,
       51, 150, 212, 125, 106, 201, 98, 249, 8, 243, 249, 101, 52, 106,
       243, 66, 115, 56, 205, 82, 174, 217, 205, 86, 228, 165, 4, 232, 9,
       111, 243, 32, 148, 248, 251, 134, 98, 94, 11, 24, 191, 187, 213,
       5, 59, 114, 23, 238, 138, 49, 221, 107, 254, 116, 135, 239, 244,
       86, 72, 220, 70, 113, 253, 176, 96, 126, 234, 23, 206, 235, 187,
       44, 255, 112, 175, 166, 128, 61, 155, 112, 249, 255, 122, 253,
       116, 47, 124, 219, 152, 251, 254, 182, 253, 95, 255, 223, 190,
       135, 245, 253, 87, 173, 103, 251, 226, 211, 251, 121, 190, 206,
       245, 79, 119, 3, 205, 35, 159, 213, 214, 238, 231, 125, 64, 90,
       66, 248, 252, 180, 228, 248, 106, 18, 205, 231, 152, 60, 255, 45,
       62, 158, 128, 22, 30, 240, 236 ]
keypoints: !!opencv-matrix
   rows: 12
   cols: 2
   dt: d
   data: [ 2.0880000305175781e+02, 7.6800003051757812e+01,
       2.0760000610351562e+02, 84., 2.0640000915527344e+02,
       8.6400001525878906e+01, 3.2760000610351562e+02,
       2.5320001220703125e+02, 2.0880000305175781e+02,
       7.6319999694824219e+01, 2.1168000793457031e+02,
       8.7840003967285156e+01, 2.0448001098632812e+02,
       9.2160003662109375e+01, 3.2976000976562500e+02,
       1.4976000976562500e+02, 2.0563201904296875e+02,
       8.2944007873535156e+01, 3.2140805053710938e+02,
       9.9532814025878906e+01, 2.1358082580566406e+02,
       1.4515202331542969e+02, 2.0006097412109375e+02,
       9.5551513671875000e+01 ]
