%YAML:1.0
---
descriptors: !!opencv-matrix
   rows: 7
   cols: 32
   dt: u
   data: [ 107, 173, 112, 74, 249, 221, 82, 231, 239, 109, 108, 8, 42,
       252, 102, 244, 129, 187, 198, 16, 222, 58, 124, 255, 63, 93, 5,
       123, 211, 70, 206, 78, 26, 175, 18, 168, 251, 241, 144, 103, 175,
       13, 168, 169, 172, 158, 102, 148, 239, 187, 199, 145, 30, 11, 130,
       213, 187, 212, 26, 251, 146, 6, 175, 207, 162, 184, 59, 186, 109,
       229, 185, 199, 158, 93, 80, 55, 172, 220, 118, 9, 238, 59, 147,
       145, 19, 126, 50, 241, 85, 17, 218, 235, 85, 12, 53, 251, 14, 181,
       176, 129, 245, 189, 188, 239, 79, 253, 28, 47, 140, 254, 126, 166,
       255, 91, 159, 21, 150, 120, 106, 224, 174, 92, 15, 231, 150, 78,
       141, 215, 74, 189, 190, 215, 241, 252, 188, 183, 63, 77, 126, 37,
       172, 190, 6, 244, 166, 59, 255, 129, 215, 216, 251, 237, 111, 127,
       30, 131, 138, 70, 143, 223, 56, 23, 106, 236, 52, 86, 123, 113,
       101, 76, 254, 38, 91, 31, 182, 100, 124, 180, 151, 234, 200, 179,
       49, 140, 243, 237, 162, 129, 55, 170, 116, 123, 194, 193, 125,
       188, 109, 197, 253, 103, 205, 3, 208, 2, 188, 143, 52, 65, 238,
       147, 63, 129, 194, 47, 82, 213, 245, 184, 218, 24, 20, 24, 181,
       10 ]
keypoints: !!opencv-matrix
   rows: 7
   cols: 2
   dt: d
   data: [ 60., 64., 56., 92., 242., 245., 6.0000003814697266e+01,
       5.5200000762939453e+01, 6.4800003051757812e+01,
       1.0920000457763672e+02, 1.1760000610351562e+02,
       2.3760000610351562e+02, 1.6761601257324219e+02,
       7.0848007202148438e+01 ]
