%YAML:1.0
---
descriptors: !!opencv-matrix
   rows: 19
   cols: 32
   dt: u
   data: [ 34, 181, 99, 218, 253, 213, 186, 103, 143, 77, 216, 47, 44,
       220, 52, 4, 255, 187, 23, 149, 211, 43, 50, 215, 63, 92, 158, 234,
       215, 14, 183, 223, 2, 141, 27, 139, 252, 133, 170, 231, 142, 9,
       88, 67, 180, 218, 52, 96, 239, 59, 19, 145, 83, 24, 2, 119, 45,
       20, 174, 234, 28, 10, 161, 169, 50, 0, 82, 129, 69, 8, 248, 64,
       45, 0, 178, 11, 142, 10, 36, 80, 234, 145, 14, 225, 8, 179, 65,
       192, 149, 144, 138, 19, 69, 10, 113, 134, 16, 32, 22, 169, 78,
       139, 160, 72, 38, 32, 226, 2, 4, 130, 64, 72, 104, 13, 106, 192,
       2, 187, 195, 80, 20, 160, 26, 32, 16, 8, 33, 136, 2, 184, 150,
       153, 107, 173, 184, 71, 190, 21, 64, 17, 172, 146, 96, 73, 167,
       59, 235, 145, 18, 88, 146, 81, 141, 16, 26, 107, 144, 0, 165, 138,
       2, 184, 154, 185, 107, 225, 176, 71, 142, 21, 80, 51, 172, 150,
       96, 73, 239, 59, 131, 145, 18, 94, 146, 209, 141, 16, 90, 107,
       144, 8, 165, 139, 63, 77, 122, 94, 109, 214, 214, 112, 197, 132,
       253, 2, 106, 248, 183, 228, 72, 240, 134, 107, 204, 163, 62, 236,
       115, 125, 135, 27, 87, 191, 124, 166, 61, 73, 98, 206, 93, 150,
       198, 96, 197, 128, 253, 2, 115, 200, 53, 224, 88, 232, 2, 235,
       200, 163, 20, 140, 115, 237, 131, 8, 119, 171, 120, 128, 226, 76,
       38, 220, 77, 84, 220, 198, 201, 82, 196, 3, 40, 92, 55, 111, 200,
       225, 187, 231, 108, 103, 114, 233, 19, 58, 218, 27, 87, 125, 124,
       206, 56, 64, 83, 228, 69, 70, 82, 90, 69, 160, 242, 2, 11, 25, 53,
       132, 120, 156, 134, 226, 72, 178, 81, 136, 19, 233, 128, 5, 103,
       189, 116, 130, 35, 77, 114, 220, 93, 212, 215, 226, 205, 68, 220,
       2, 42, 188, 183, 100, 200, 242, 151, 67, 204, 43, 118, 253, 51,
       124, 138, 27, 87, 29, 116, 46, 250, 208, 44, 254, 13, 84, 92, 45,
       197, 94, 132, 27, 234, 124, 62, 235, 201, 147, 253, 163, 236, 39,
       115, 147, 179, 251, 220, 27, 19, 60, 220, 78, 34, 197, 16, 156,
       125, 149, 180, 239, 159, 17, 216, 27, 172, 168, 52, 192, 201, 155,
       130, 1, 86, 43, 90, 215, 55, 116, 158, 59, 23, 28, 153, 142, 70,
       142, 132, 156, 26, 130, 152, 170, 146, 151, 0, 167, 108, 238, 107,
       195, 87, 101, 161, 181, 38, 72, 14, 221, 8, 6, 223, 207, 148, 36,
       61, 93, 217, 194, 109, 237, 38, 11, 77, 189, 94, 115, 85, 214,
       213, 35, 184, 97, 119, 132, 62, 238, 235, 20, 109, 149, 230, 235,
       230, 148, 60, 154, 208, 57, 32, 217, 40, 220, 125, 221, 214, 238,
       79, 12, 212, 3, 162, 152, 62, 65, 200, 106, 130, 65, 74, 42, 114,
       189, 39, 121, 16, 27, 85, 24, 92, 206, 93, 1, 176, 168, 191, 28,
       150, 13, 75, 197, 156, 10, 175, 236, 118, 228, 246, 191, 236, 85,
       158, 41, 245, 130, 187, 245, 6, 123, 214, 46, 157, 84, 202, 148,
       182, 240, 139, 124, 57, 7, 185, 219, 6, 18, 156, 191, 106, 239,
       167, 23, 249, 16, 49, 205, 178, 194, 219, 243, 90, 95, 138, 68,
       141, 114, 35, 54, 195, 73, 116, 55, 170, 90, 74, 73, 120, 230, 24,
       252, 252, 180, 223, 26, 150, 156, 135, 178, 228, 216, 38, 92, 163,
       162, 221, 206, 115, 245 ]
keypoints: !!opencv-matrix
   rows: 19
   cols: 2
   dt: d
   data: [ 144., 66., 144., 69., 235., 89., 319., 91., 343., 94., 340.,
       96., 176., 174., 96., 8.0400001525878906e+01,
       1.2960000610351562e+02, 1.1040000152587891e+02,
       1.5720001220703125e+02, 1.7280000305175781e+02,
       1.7640000915527344e+02, 174., 1.2960000610351562e+02,
       1.1088000488281250e+02, 1.8288000488281250e+02,
       1.7424000549316406e+02, 1.4342401123046875e+02,
       6.9120010375976562e+01, 1.1923200988769531e+02,
       1.6934400939941406e+02, 9.5385612487792969e+01,
       8.0870414733886719e+01, 1.6174084472656250e+02,
       1.1197442626953125e+02, 1.1943939208984375e+02,
       1.6721514892578125e+02, 1.6482637023925781e+02,
       1.1107863616943359e+02 ]
