%YAML:1.0
---
descriptors: !!opencv-matrix
   rows: 15
   cols: 32
   dt: u
   data: [ 7, 118, 235, 193, 246, 167, 187, 222, 31, 239, 92, 51, 24,
       220, 127, 40, 255, 57, 23, 149, 166, 180, 44, 210, 31, 30, 191,
       230, 149, 223, 117, 209, 241, 65, 79, 109, 6, 66, 71, 96, 68, 160,
       226, 2, 83, 1, 177, 113, 120, 196, 46, 234, 104, 179, 101, 12,
       240, 169, 224, 1, 101, 187, 112, 32, 1, 0, 81, 225, 102, 136, 232,
       66, 237, 1, 176, 194, 141, 11, 240, 106, 106, 129, 95, 140, 2, 40,
       68, 192, 148, 152, 154, 8, 116, 136, 97, 136, 148, 237, 134, 159,
       155, 226, 182, 174, 62, 178, 203, 19, 236, 226, 11, 65, 249, 239,
       170, 226, 116, 220, 155, 255, 189, 38, 223, 71, 128, 119, 169, 2,
       27, 16, 112, 229, 39, 22, 248, 16, 77, 72, 150, 167, 157, 31, 182,
       228, 238, 145, 151, 237, 140, 176, 101, 200, 215, 217, 170, 131,
       55, 142, 125, 119, 35, 50, 113, 232, 109, 149, 216, 83, 201, 89,
       180, 235, 12, 159, 246, 39, 238, 145, 151, 149, 135, 43, 32, 208,
       147, 89, 154, 186, 31, 140, 39, 223, 2, 176, 146, 184, 107, 193,
       176, 66, 142, 29, 16, 51, 172, 150, 104, 10, 207, 59, 203, 145,
       18, 79, 146, 209, 149, 16, 154, 107, 144, 8, 37, 147, 48, 19, 74,
       141, 92, 75, 225, 72, 109, 172, 246, 46, 26, 146, 162, 208, 120,
       172, 238, 224, 9, 179, 113, 204, 212, 160, 170, 16, 105, 10, 124,
       176, 165, 38, 237, 193, 172, 43, 205, 154, 82, 242, 148, 254, 211,
       40, 213, 47, 91, 196, 126, 191, 169, 118, 237, 154, 76, 10, 229,
       244, 255, 249, 80, 180, 231, 38, 229, 5, 164, 59, 204, 19, 83,
       234, 146, 252, 147, 44, 215, 191, 9, 196, 124, 61, 189, 244, 229,
       138, 140, 90, 253, 180, 204, 252, 210, 116, 193, 10, 158, 53, 164,
       62, 104, 23, 248, 219, 114, 84, 159, 34, 146, 219, 130, 38, 108,
       28, 181, 252, 133, 66, 134, 251, 114, 0, 200, 192, 203, 9, 66,
       168, 150, 17, 9, 252, 176, 2, 174, 21, 2, 1, 236, 198, 66, 206,
       165, 119, 235, 17, 22, 73, 147, 65, 13, 48, 90, 75, 128, 4, 45,
       78, 218, 142, 207, 250, 139, 224, 61, 231, 183, 23, 198, 179, 45,
       231, 96, 91, 103, 243, 175, 144, 50, 79, 170, 243, 251, 231, 254,
       203, 178, 212, 165, 123, 66, 241, 18, 136, 107, 201, 48, 64, 174,
       21, 129, 9, 140, 150, 98, 214, 166, 25, 202, 80, 6, 11, 146, 81,
       149, 16, 10, 123, 16, 7, 47, 134, 58, 93, 82, 168, 81, 207, 86,
       100, 49, 4, 120, 9, 47, 31, 34, 148, 184, 185, 132, 98, 76, 58,
       16, 190, 179, 213, 0, 43, 115, 22, 46, 142 ]
keypoints: !!opencv-matrix
   rows: 15
   cols: 2
   dt: d
   data: [ 150., 34., 92., 88., 186., 94., 191., 113., 135., 236., 162.,
       238., 3.2160000610351562e+02, 9.9600006103515625e+01,
       1.9440000915527344e+02, 2.4480000305175781e+02,
       9.7920005798339844e+01, 7.6319999694824219e+01,
       9.3600006103515625e+01, 7.9200004577636719e+01,
       9.2160003662109375e+01, 8.6400001525878906e+01, 324.,
       8.9280006408691406e+01, 9.3312011718750000e+01,
       8.9856010437011719e+01, 3.2140802001953125e+02,
       9.5040008544921875e+01, 3.2099334716796875e+02,
       9.4556182861328125e+01 ]
