%YAML:1.0
---
descriptors: !!opencv-matrix
   rows: 77
   cols: 32
   dt: u
   data: [ 155, 123, 231, 197, 103, 144, 253, 212, 111, 220, 118, 166,
       41, 143, 247, 237, 102, 253, 183, 207, 196, 248, 166, 224, 22,
       121, 230, 170, 39, 181, 101, 253, 74, 221, 178, 158, 211, 244,
       190, 164, 169, 93, 111, 5, 236, 254, 46, 212, 180, 123, 147, 211,
       6, 8, 186, 229, 47, 116, 30, 75, 146, 87, 175, 206, 238, 165, 36,
       160, 157, 83, 152, 235, 147, 244, 148, 143, 204, 173, 83, 133,
       153, 1, 251, 53, 126, 107, 218, 151, 251, 83, 205, 255, 150, 44,
       30, 218, 0, 217, 27, 187, 116, 135, 173, 247, 30, 9, 88, 66, 180,
       211, 32, 64, 254, 59, 19, 193, 67, 184, 27, 125, 37, 132, 186,
       128, 24, 26, 161, 169, 83, 67, 238, 164, 18, 2, 46, 21, 32, 192,
       195, 231, 93, 166, 179, 66, 118, 229, 61, 231, 205, 145, 133, 200,
       240, 32, 170, 128, 44, 183, 57, 92, 59, 159, 107, 101, 182, 151,
       111, 115, 117, 108, 126, 230, 59, 13, 182, 36, 62, 170, 21, 239,
       233, 184, 36, 159, 114, 205, 160, 196, 127, 134, 112, 121, 82, 4,
       254, 180, 19, 98, 48, 98, 172, 151, 130, 179, 109, 255, 42, 75,
       35, 247, 233, 161, 48, 205, 132, 204, 219, 227, 90, 67, 165, 100,
       37, 66, 248, 168, 184, 244, 168, 72, 17, 7, 187, 191, 176, 57,
       174, 191, 64, 26, 131, 127, 237, 16, 26, 79, 226, 1, 219, 243,
       116, 187, 128, 96, 135, 107, 2, 184, 30, 185, 107, 197, 56, 71,
       142, 29, 64, 49, 172, 150, 96, 72, 231, 59, 171, 144, 18, 24, 2,
       81, 141, 16, 26, 107, 16, 0, 165, 139, 48, 173, 57, 96, 209, 239,
       83, 103, 3, 101, 236, 9, 51, 31, 32, 48, 216, 186, 19, 16, 26, 58,
       112, 61, 255, 205, 129, 113, 241, 10, 70, 234, 56, 173, 122, 232,
       213, 255, 83, 71, 7, 5, 108, 11, 43, 157, 38, 16, 170, 187, 147,
       16, 30, 186, 48, 157, 251, 221, 0, 99, 243, 142, 222, 202, 33,
       209, 113, 77, 116, 159, 237, 55, 109, 65, 120, 68, 187, 16, 148,
       164, 94, 42, 18, 44, 211, 184, 116, 221, 36, 60, 20, 64, 95, 136,
       210, 188, 24, 75, 30, 187, 34, 128, 184, 64, 172, 0, 218, 163,
       173, 202, 32, 64, 230, 51, 237, 193, 70, 137, 7, 109, 194, 229,
       42, 195, 37, 3, 45, 11, 33, 89, 91, 77, 80, 78, 111, 54, 100, 224,
       110, 68, 147, 19, 129, 244, 92, 188, 18, 106, 73, 184, 81, 12, 37,
       172, 0, 0, 72, 179, 66, 184, 48, 108, 152, 184, 91, 225, 16, 198,
       187, 23, 168, 57, 38, 159, 101, 26, 171, 187, 207, 16, 14, 79, 2,
       113, 219, 215, 18, 123, 208, 64, 47, 138, 249, 91, 125, 110, 46,
       27, 79, 248, 225, 204, 181, 238, 123, 77, 187, 51, 62, 240, 92,
       110, 233, 39, 46, 61, 242, 233, 101, 184, 127, 186, 70, 113, 45,
       33, 81, 69, 116, 14, 107, 184, 105, 160, 123, 64, 89, 83, 157,
       180, 62, 220, 22, 234, 129, 176, 61, 204, 39, 188, 1, 4, 103, 179,
       66, 160, 1, 251, 121, 89, 118, 137, 175, 251, 94, 104, 92, 230,
       177, 197, 245, 32, 63, 58, 18, 206, 195, 184, 46, 127, 108, 13,
       171, 224, 93, 155, 65, 185, 43, 187, 225, 25, 246, 213, 255, 243,
       123, 77, 92, 231, 185, 188, 214, 164, 63, 59, 151, 141, 151, 186,
       180, 241, 110, 93, 190, 226, 255, 133, 247, 253, 47, 30, 114, 218,
       117, 151, 219, 115, 221, 201, 253, 102, 106, 216, 182, 228, 255,
       171, 151, 156, 191, 191, 116, 255, 62, 127, 130, 195, 255, 142,
       120, 223, 14, 185, 48, 251, 233, 212, 190, 250, 95, 93, 124, 53,
       204, 254, 110, 244, 215, 91, 183, 210, 214, 90, 186, 243, 111, 95,
       7, 239, 146, 7, 173, 215, 219, 159, 226, 150, 227, 16, 190, 247,
       185, 206, 94, 255, 105, 236, 246, 215, 127, 239, 183, 167, 229,
       87, 166, 234, 54, 123, 255, 139, 47, 244, 187, 221, 33, 41, 115,
       81, 85, 223, 225, 103, 196, 33, 124, 0, 176, 145, 52, 36, 72, 42,
       2, 8, 17, 184, 112, 92, 71, 28, 18, 32, 211, 136, 82, 168, 64, 32,
       10, 137, 79, 75, 160, 72, 164, 36, 194, 10, 132, 130, 32, 64, 104,
       140, 106, 128, 0, 179, 211, 80, 21, 32, 138, 57, 17, 8, 61, 130,
       142, 120, 50, 154, 107, 213, 184, 64, 159, 94, 85, 51, 44, 222,
       103, 205, 238, 57, 147, 211, 198, 7, 58, 241, 19, 81, 26, 235, 18,
       21, 45, 215, 138, 122, 50, 218, 109, 221, 184, 82, 173, 94, 84,
       61, 172, 159, 119, 237, 166, 57, 159, 195, 230, 37, 50, 241, 7,
       89, 90, 171, 22, 29, 13, 223, 139, 150, 245, 211, 245, 252, 189,
       151, 63, 95, 95, 183, 140, 62, 222, 237, 231, 27, 183, 149, 183,
       92, 123, 211, 111, 95, 190, 199, 158, 196, 141, 247, 153, 255,
       107, 121, 54, 131, 171, 246, 86, 72, 92, 230, 177, 197, 177, 32,
       62, 42, 22, 204, 227, 188, 37, 63, 100, 141, 163, 160, 125, 152,
       113, 249, 27, 59, 107, 200, 114, 214, 123, 114, 109, 76, 220, 231,
       57, 158, 183, 112, 254, 187, 151, 205, 143, 154, 36, 239, 242,
       109, 170, 130, 47, 135, 38, 253, 138, 90, 246, 216, 103, 144, 188,
       214, 255, 222, 214, 183, 44, 142, 183, 205, 239, 249, 191, 199,
       230, 231, 38, 235, 18, 122, 154, 139, 23, 149, 45, 221, 14, 93,
       182, 145, 247, 125, 188, 143, 63, 255, 94, 181, 204, 190, 239,
       238, 183, 91, 183, 21, 150, 88, 43, 226, 46, 95, 95, 199, 150,
       124, 141, 87, 171, 248, 97, 211, 119, 213, 186, 252, 123, 125,
       116, 166, 140, 220, 254, 164, 255, 89, 147, 213, 199, 126, 190,
       247, 31, 94, 31, 239, 215, 140, 127, 255, 10, 191, 246, 151, 115,
       122, 184, 99, 59, 239, 31, 167, 236, 254, 199, 142, 191, 127, 247,
       145, 132, 216, 174, 202, 30, 86, 95, 163, 135, 100, 13, 223, 6,
       143, 164, 151, 131, 128, 190, 164, 154, 151, 16, 179, 236, 110,
       107, 207, 247, 115, 161, 215, 114, 88, 14, 235, 44, 22, 223, 195,
       150, 117, 181, 111, 94, 94, 246, 222, 111, 116, 188, 34, 169, 222,
       254, 167, 108, 124, 23, 255, 231, 243, 253, 135, 165, 99, 182,
       232, 23, 123, 222, 139, 135, 117, 63, 95, 66, 160, 150, 93, 153,
       206, 49, 15, 174, 21, 66, 16, 236, 247, 72, 78, 129, 119, 233, 16,
       18, 216, 211, 65, 13, 50, 90, 67, 128, 0, 133, 10, 250, 31, 102,
       52, 38, 2, 95, 178, 241, 190, 178, 239, 107, 109, 23, 19, 174,
       231, 125, 231, 236, 229, 13, 174, 240, 235, 229, 144, 109, 244,
       118, 91, 78, 104, 243, 208, 229, 100, 109, 215, 41, 171, 126, 26,
       28, 183, 65, 62, 43, 254, 51, 154, 80, 214, 160, 226, 87, 158,
       215, 42, 163, 241, 230, 162, 142, 92, 178, 218, 109, 245, 187,
       194, 159, 94, 84, 53, 172, 222, 119, 205, 199, 57, 151, 67, 134,
       7, 50, 226, 7, 88, 90, 171, 146, 125, 37, 215, 106, 249, 241, 70,
       99, 76, 55, 182, 59, 237, 44, 173, 60, 181, 198, 54, 55, 255, 241,
       64, 195, 90, 186, 225, 63, 60, 21, 170, 67, 246, 199, 253, 103,
       126, 231, 86, 110, 50, 238, 56, 233, 202, 123, 239, 104, 108, 151,
       191, 63, 228, 118, 175, 197, 242, 239, 232, 22, 62, 213, 138, 79,
       247, 122, 85, 110, 180, 224, 1, 251, 249, 144, 235, 59, 247, 60,
       189, 138, 44, 222, 156, 143, 31, 211, 21, 182, 122, 239, 213, 14,
       87, 21, 255, 231, 132, 94, 215, 42, 178, 160, 152, 125, 253, 145,
       203, 143, 125, 156, 175, 42, 220, 110, 164, 221, 155, 243, 1, 158,
       43, 122, 149, 27, 87, 153, 255, 215, 12, 30, 215, 59, 255, 106,
       201, 118, 147, 249, 255, 77, 77, 254, 231, 57, 15, 182, 100, 126,
       138, 151, 221, 207, 186, 101, 223, 126, 77, 190, 192, 191, 140,
       248, 253, 43, 153, 122, 216, 119, 151, 185, 119, 221, 77, 118,
       167, 44, 188, 182, 228, 238, 187, 151, 213, 148, 186, 52, 253,
       118, 127, 170, 195, 223, 12, 249, 223, 42, 250, 112, 212, 103,
       221, 185, 80, 27, 236, 52, 175, 44, 159, 214, 188, 175, 57, 151,
       84, 134, 86, 170, 243, 87, 93, 155, 171, 7, 141, 79, 255, 174,
       243, 98, 152, 239, 213, 189, 229, 157, 92, 85, 183, 140, 206, 126,
       133, 238, 153, 151, 199, 246, 62, 62, 245, 62, 81, 206, 239, 31,
       12, 189, 215, 79, 19, 192, 129, 251, 53, 58, 152, 47, 121, 79,
       231, 72, 198, 255, 252, 119, 201, 191, 254, 151, 16, 47, 208, 30,
       93, 171, 238, 158, 247, 41, 85, 78, 61, 254, 4, 251, 240, 186, 7,
