%YAML:1.0
---
descriptors: !!opencv-matrix
   rows: 52
   cols: 32
   dt: u
   data: [ 146, 151, 114, 169, 247, 177, 184, 103, 12, 9, 120, 179, 173,
       14, 36, 193, 238, 27, 151, 177, 246, 154, 0, 221, 190, 225, 170,
       195, 21, 12, 173, 139, 202, 249, 51, 142, 125, 148, 190, 198, 175,
       76, 88, 37, 172, 222, 55, 214, 230, 59, 159, 69, 198, 11, 162,
       241, 39, 120, 10, 171, 18, 22, 37, 223, 185, 73, 119, 228, 55,
       159, 94, 244, 69, 232, 246, 138, 59, 13, 181, 181, 110, 240, 151,
       236, 233, 187, 117, 172, 243, 201, 160, 145, 119, 157, 116, 233,
       89, 220, 159, 181, 147, 202, 55, 182, 172, 230, 138, 167, 255, 54,
       35, 194, 39, 103, 236, 69, 37, 201, 21, 109, 184, 167, 111, 16,
       168, 116, 9, 89, 223, 86, 236, 69, 44, 116, 95, 156, 225, 254,
       151, 190, 89, 63, 223, 255, 39, 213, 253, 238, 233, 68, 239, 192,
       86, 251, 229, 148, 47, 245, 92, 117, 33, 249, 89, 76, 89, 205, 98,
       118, 64, 64, 236, 8, 50, 147, 0, 48, 72, 184, 66, 72, 67, 58, 80,
       29, 119, 140, 32, 56, 89, 136, 98, 168, 170, 252, 32, 154, 223,
       245, 146, 236, 159, 93, 221, 187, 228, 252, 46, 132, 221, 59, 147,
       3, 54, 42, 122, 183, 43, 87, 152, 251, 215, 78, 220, 223, 250,
       115, 104, 108, 62, 29, 95, 124, 129, 236, 181, 175, 27, 93, 215,
       19, 14, 209, 221, 111, 232, 35, 238, 157, 242, 217, 37, 189, 119,
       191, 214, 115, 107, 62, 123, 216, 101, 253, 248, 242, 185, 111,
       124, 125, 156, 190, 182, 184, 207, 63, 183, 5, 213, 62, 178, 242,
       70, 127, 242, 234, 206, 204, 95, 223, 31, 31, 115, 203, 118, 179,
       251, 219, 95, 73, 222, 230, 121, 207, 191, 228, 126, 186, 159,
       189, 139, 179, 45, 255, 62, 127, 163, 196, 191, 223, 112, 245, 42,
       31, 123, 232, 118, 227, 251, 246, 141, 72, 252, 230, 61, 159, 181,
       96, 110, 187, 23, 249, 163, 171, 32, 255, 118, 173, 170, 136, 61,
       139, 117, 251, 27, 17, 99, 205, 118, 22, 235, 112, 77, 72, 94,
       230, 57, 12, 180, 100, 126, 173, 23, 239, 129, 176, 37, 204, 102,
       108, 170, 128, 63, 142, 113, 245, 110, 219, 242, 132, 255, 80,
       190, 207, 139, 221, 220, 175, 12, 190, 231, 134, 238, 215, 183,
       209, 150, 107, 162, 224, 63, 112, 142, 207, 199, 62, 189, 223,
       123, 59, 103, 76, 27, 214, 82, 16, 167, 76, 222, 231, 42, 220,
       183, 244, 228, 189, 253, 193, 143, 169, 183, 253, 19, 56, 130,
       147, 47, 7, 124, 95, 51, 174, 65, 133, 20, 51, 238, 115, 84, 226,
       218, 214, 113, 40, 180, 160, 125, 234, 22, 173, 189, 184, 101,
       143, 46, 14, 175, 128, 61, 238, 120, 156, 141, 159, 106, 195, 246,
       159, 175, 247, 86, 233, 30, 246, 153, 172, 242, 36, 63, 42, 19,
       253, 247, 152, 61, 255, 110, 77, 175, 228, 63, 142, 153, 241, 184,
       141, 113, 233, 21, 239, 83, 103, 21, 37, 232, 11, 51, 29, 48, 16,
       216, 186, 3, 40, 122, 184, 112, 31, 107, 204, 0, 80, 115, 138,
       196, 234, 194, 223, 58, 254, 124, 149, 190, 237, 143, 13, 48, 109,
       172, 222, 60, 193, 198, 59, 223, 69, 230, 11, 2, 255, 51, 89, 10,
       171, 20, 20, 175, 203, 130, 93, 126, 254, 108, 200, 252, 228, 185,
       10, 244, 169, 188, 223, 55, 35, 238, 115, 95, 227, 228, 111, 2,
       237, 243, 26, 78, 155, 86, 148, 47, 159, 222, 93, 238, 84, 139,
       82, 190, 226, 173, 246, 150, 131, 72, 252, 55, 111, 47, 245, 253,
       227, 236, 229, 63, 232, 115, 107, 207, 131, 103, 117, 125, 86,
       219, 31, 198, 21, 3, 30, 108, 55, 181, 194, 86, 199, 105, 38, 151,
       231, 38, 228, 253, 172, 252, 221, 181, 206, 162, 123, 206, 128,
       47, 244, 169, 93, 250, 72, 119, 244, 111, 221, 252, 102, 141, 158,
       178, 90, 43, 30, 53, 255, 238, 241, 255, 195, 233, 239, 114, 236,
       183, 250, 222, 146, 119, 189, 116, 111, 138, 159, 53, 251, 237,
       180, 185, 175, 159, 31, 85, 49, 172, 254, 60, 205, 199, 27, 183,
       1, 178, 92, 122, 247, 15, 118, 218, 203, 150, 4, 133, 239, 95,
       155, 119, 228, 246, 22, 255, 179, 233, 88, 222, 230, 89, 127, 182,
       247, 102, 229, 189, 239, 193, 217, 37, 236, 118, 123, 234, 192,
       47, 165, 233, 113, 59, 31, 99, 201, 246, 179, 251, 222, 79, 73,
       254, 230, 121, 238, 183, 228, 126, 187, 151, 188, 159, 187, 37,
       221, 62, 93, 175, 132, 191, 222, 112, 253, 130, 184, 187, 187,
       109, 197, 185, 71, 30, 91, 84, 179, 188, 223, 112, 104, 239, 59,
       179, 145, 19, 254, 50, 241, 77, 17, 218, 235, 156, 12, 53, 251,
       128, 193, 91, 253, 108, 133, 236, 119, 141, 8, 208, 66, 189, 139,
       48, 65, 106, 161, 31, 137, 67, 45, 66, 213, 245, 184, 250, 136,
       21, 152, 241, 169, 219, 14, 134, 181, 161, 112, 108, 55, 189, 239,
       6, 20, 237, 35, 211, 207, 33, 103, 253, 140, 100, 221, 163, 194,
       130, 247, 222, 129, 170, 116, 169, 76, 72, 186, 144, 245, 243,
       184, 16, 23, 59, 167, 36, 188, 175, 163, 193, 158, 23, 127, 236,
       16, 50, 92, 192, 194, 142, 215, 21, 119, 162, 196, 139, 13, 41,
       184, 49, 89, 85, 223, 224, 83, 86, 57, 116, 8, 186, 153, 116, 172,
       201, 56, 146, 24, 27, 190, 112, 149, 15, 221, 16, 96, 219, 8, 88,
       174, 130, 94, 62, 158, 109, 196, 189, 246, 189, 30, 84, 49, 172,
       223, 55, 75, 238, 115, 159, 67, 224, 79, 2, 235, 101, 50, 94, 139,
       20, 121, 45, 155, 251, 74, 230, 20, 69, 22, 252, 55, 245, 198,
       198, 151, 104, 42, 54, 215, 110, 229, 249, 141, 236, 221, 55, 202,
       50, 127, 222, 128, 47, 228, 248, 76, 214, 89, 238, 212, 203, 82,
       188, 71, 185, 198, 150, 139, 105, 238, 119, 75, 46, 245, 249, 195,
       108, 223, 182, 202, 115, 55, 207, 139, 229, 116, 61, 94, 206, 88,
       179, 212, 229, 248, 191, 198, 185, 158, 114, 178, 140, 254, 245,
       207, 239, 123, 183, 67, 97, 247, 178, 226, 21, 122, 94, 138, 134,
       125, 37, 253, 207, 121, 254, 212, 237, 92, 190, 208, 251, 250, 52,
       169, 12, 255, 215, 191, 167, 125, 245, 215, 244, 91, 186, 224, 63,
       89, 207, 175, 135, 245, 207, 215, 253, 23, 109, 109, 38, 91, 95,
       57, 81, 238, 247, 238, 91, 45, 156, 49, 62, 148, 85, 110, 233,
       182, 117, 30, 243, 235, 97, 148, 119, 172, 86, 113, 10, 158, 48,
       218, 105, 245, 186, 184, 159, 93, 93, 161, 236, 255, 126, 228,
       215, 59, 183, 147, 150, 10, 234, 243, 15, 125, 26, 235, 150, 71,
       45, 223, 11, 53, 50, 222, 119, 244, 186, 81, 175, 77, 125, 37,
       252, 254, 174, 164, 254, 59, 151, 5, 151, 179, 58, 221, 91, 93,
       42, 203, 222, 6, 47, 247, 75, 27, 246, 220, 103, 150, 253, 49,
       169, 220, 86, 230, 44, 191, 182, 239, 102, 181, 183, 205, 197,
       219, 166, 204, 86, 121, 234, 131, 47, 164, 169, 253, 25, 5, 107,
       205, 86, 182, 235, 113, 116, 64, 95, 194, 89, 79, 188, 100, 126,
       172, 22, 172, 185, 147, 37, 206, 114, 47, 170, 132, 39, 162, 112,
       240, 138, 184, 187, 251, 101, 229, 185, 87, 30, 91, 84, 54, 188,
       223, 96, 104, 239, 59, 179, 145, 51, 252, 50, 243, 71, 213, 154,
       235, 158, 12, 53, 251, 126, 62, 226, 84, 227, 118, 61, 23, 59,
       238, 246, 189, 10, 191, 199, 254, 215, 253, 253, 149, 173, 223,
       240, 194, 27, 126, 159, 139, 134, 244, 38, 95, 63, 148, 124, 233,
       189, 127, 208, 255, 31, 121, 188, 191, 78, 61, 158, 173, 159, 27,
       215, 49, 190, 248, 105, 159, 111, 95, 29, 247, 223, 12, 220, 215,
       11, 62, 146, 24, 227, 180, 56, 87, 187, 95, 108, 244, 44, 166,
       230, 220, 167, 59, 130, 144, 151, 218, 146, 225, 22, 118, 26, 139,
       154, 196, 171, 157, 15, 120, 52, 209, 107, 223, 184, 88, 235, 254,
       20, 175, 12, 156, 215, 175, 175, 53, 255, 55, 196, 101, 186, 216,
       95, 91, 93, 191, 78, 60, 15, 223, 14, 232, 248, 251, 127, 249,
       250, 200, 31, 89, 125, 35, 237, 223, 126, 100, 255, 219, 183, 211,
       134, 16, 234, 241, 95, 221, 154, 239, 151, 135, 77, 199, 203, 218,
       242, 213, 103, 210, 185, 119, 185, 207, 86, 247, 44, 158, 182,
       238, 230, 61, 183, 133, 229, 220, 164, 194, 22, 127, 218, 131, 47,
       132, 61, 223, 59, 27, 106, 201, 118, 147, 251, 114, 77, 108, 254,
       166, 57, 142, 182, 100, 110, 171, 151, 221, 143, 186, 37, 253,
