%YAML:1.0
---
descriptors: !!opencv-matrix
   rows: 80
   cols: 32
   dt: u
   data: [ 4, 9, 10, 218, 180, 195, 75, 66, 134, 9, 219, 34, 112, 247,
       177, 96, 248, 170, 31, 216, 26, 139, 10, 253, 120, 172, 170, 201,
       149, 11, 116, 170, 56, 105, 25, 102, 125, 205, 83, 216, 99, 32,
       172, 8, 187, 209, 73, 144, 152, 184, 205, 74, 10, 59, 88, 53, 243,
       221, 1, 57, 114, 155, 70, 42, 3, 201, 19, 187, 53, 149, 186, 231,
       158, 9, 88, 66, 188, 146, 32, 224, 204, 43, 18, 204, 71, 184, 114,
       255, 173, 156, 158, 234, 16, 24, 161, 141, 38, 73, 106, 78, 93,
       209, 250, 104, 203, 4, 245, 139, 104, 204, 55, 144, 216, 168, 131,
       231, 78, 35, 126, 253, 55, 29, 129, 59, 87, 190, 126, 198, 58, 13,
       98, 220, 214, 210, 239, 103, 181, 196, 222, 163, 41, 173, 183,
       228, 120, 250, 147, 161, 104, 187, 36, 207, 122, 39, 142, 137,
       103, 236, 252, 218, 26, 158, 174, 181, 19, 190, 184, 67, 189, 239,
       94, 183, 12, 159, 54, 192, 231, 189, 255, 133, 148, 217, 17, 222,
       95, 103, 154, 131, 175, 68, 41, 91, 58, 203, 106, 168, 92, 209,
       202, 228, 134, 68, 220, 163, 33, 205, 178, 192, 120, 168, 151,
       215, 78, 171, 38, 189, 114, 101, 174, 201, 55, 142, 124, 248, 216,
       57, 177, 244, 173, 220, 85, 23, 187, 222, 246, 57, 191, 191, 67,
       251, 131, 191, 253, 17, 78, 105, 243, 128, 211, 241, 116, 27, 226,
       68, 135, 123, 58, 221, 114, 220, 223, 246, 151, 231, 149, 196,
       236, 2, 40, 255, 39, 228, 108, 251, 147, 200, 96, 139, 50, 239,
       115, 111, 142, 11, 51, 124, 44, 254, 2, 175, 42, 137, 151, 179,
       186, 231, 30, 5, 92, 135, 172, 168, 54, 0, 251, 43, 147, 149, 22,
       184, 4, 255, 238, 21, 158, 67, 149, 78, 189, 202, 43, 180, 116,
       88, 125, 255, 90, 239, 15, 125, 189, 29, 74, 62, 78, 180, 221,
       155, 247, 132, 190, 122, 123, 247, 31, 30, 17, 127, 91, 204, 206,
       214, 57, 91, 122, 236, 124, 155, 210, 112, 199, 72, 252, 103, 59,
       205, 183, 192, 126, 232, 135, 77, 207, 171, 66, 189, 114, 237,
       163, 137, 127, 138, 120, 219, 86, 185, 144, 224, 187, 133, 26,
       135, 139, 169, 128, 43, 156, 179, 64, 66, 135, 119, 253, 144, 18,
       73, 217, 210, 249, 212, 143, 254, 152, 16, 137, 3, 58, 89, 98,
       158, 95, 208, 158, 230, 149, 76, 220, 163, 40, 222, 39, 196, 78,
       251, 147, 195, 206, 139, 114, 255, 51, 101, 138, 155, 55, 31, 60,
       223, 36, 225, 104, 3, 124, 91, 67, 168, 67, 164, 173, 137, 195,
       64, 219, 16, 25, 204, 64, 126, 76, 114, 237, 60, 110, 29, 5, 117,
       101, 187, 94, 192, 109, 67, 0, 73, 61, 29, 66, 88, 79, 40, 249,
       76, 170, 72, 22, 244, 216, 136, 78, 110, 141, 34, 89, 157, 163,
       252, 0, 56, 90, 62, 90, 5, 210, 188, 150, 184, 139, 236, 16, 71,
       187, 23, 160, 25, 174, 182, 64, 95, 161, 51, 233, 144, 54, 79,
       146, 211, 153, 210, 90, 123, 144, 64, 167, 14, 79, 127, 183, 70,
       169, 70, 23, 184, 163, 238, 143, 108, 94, 244, 203, 118, 149, 117,
       125, 99, 225, 71, 187, 42, 251, 54, 101, 190, 10, 119, 7, 115,
       194, 182, 148, 177, 170, 57, 60, 175, 187, 255, 144, 253, 142,
       174, 206, 155, 167, 159, 237, 21, 182, 79, 199, 211, 158, 86, 127,
       255, 140, 68, 139, 95, 253, 205, 255, 102, 140, 107, 71, 191, 240,
       218, 190, 8, 115, 245, 137, 51, 25, 214, 108, 106, 121, 99, 235,
       46, 251, 239, 101, 28, 227, 251, 198, 33, 220, 239, 125, 126, 186,
       106, 87, 253, 182, 14, 174, 184, 119, 103, 137, 81, 55, 214, 109,
       106, 120, 197, 43, 62, 249, 231, 101, 148, 224, 243, 166, 99, 212,
       127, 173, 167, 186, 107, 95, 188, 52, 174, 223, 179, 87, 119, 9,
       80, 119, 214, 125, 234, 120, 209, 233, 46, 241, 231, 173, 148,
       160, 251, 164, 115, 34, 160, 176, 154, 253, 45, 216, 143, 11, 49,
       169, 25, 174, 120, 92, 8, 201, 27, 91, 17, 22, 106, 219, 209, 13,
       28, 158, 127, 208, 12, 215, 142, 61, 81, 43, 236, 21, 87, 83, 120,
       5, 72, 253, 10, 90, 215, 35, 180, 248, 184, 150, 239, 73, 163, 48,
       156, 243, 221, 128, 58, 123, 47, 118, 246, 63, 82, 107, 128, 52,
       23, 219, 80, 13, 76, 247, 239, 31, 30, 191, 176, 126, 157, 151,
       111, 141, 179, 53, 204, 211, 217, 160, 150, 111, 143, 114, 245,
       57, 205, 67, 204, 84, 150, 238, 119, 117, 64, 250, 70, 51, 184,
       180, 228, 120, 170, 22, 237, 205, 187, 20, 239, 50, 44, 166, 0,
       127, 152, 248, 140, 154, 156, 86, 149, 147, 218, 184, 103, 189,
       99, 82, 179, 173, 46, 54, 239, 39, 55, 187, 133, 53, 221, 53, 205,
       142, 99, 90, 195, 47, 4, 173, 222, 10, 141, 19, 253, 19, 195, 185,
       103, 28, 65, 74, 2, 188, 183, 32, 228, 250, 59, 147, 129, 18, 152,
       49, 221, 237, 247, 154, 67, 18, 8, 165, 250, 170, 56, 178, 243,
       237, 221, 113, 87, 191, 223, 180, 25, 46, 159, 70, 188, 165, 187,
       247, 16, 34, 109, 50, 242, 79, 223, 20, 59, 194, 140, 206, 255,
       206, 29, 167, 181, 169, 230, 63, 163, 189, 254, 198, 149, 236,
       254, 55, 207, 231, 103, 255, 231, 244, 205, 178, 238, 171, 115,
       207, 147, 6, 116, 181, 119, 47, 188, 240, 88, 253, 255, 216, 206,
       91, 255, 180, 27, 10, 188, 86, 184, 201, 139, 247, 20, 182, 111,
       242, 215, 95, 95, 19, 127, 223, 12, 222, 214, 200, 221, 182, 221,
       157, 118, 61, 174, 159, 158, 134, 19, 172, 50, 39, 111, 225, 119,
       235, 224, 100, 205, 243, 255, 243, 243, 214, 23, 18, 125, 165, 78,
       189, 191, 227, 223, 246, 34, 239, 253, 82, 74, 124, 246, 113, 236,
       189, 224, 127, 110, 18, 175, 241, 178, 172, 171, 96, 45, 167, 172,
       253, 250, 242, 241, 41, 73, 98, 30, 93, 157, 198, 224, 199, 68,
       253, 15, 34, 200, 55, 132, 216, 168, 131, 71, 206, 171, 126, 189,
       50, 92, 1, 59, 95, 63, 90, 222, 52, 117, 33, 71, 219, 95, 199,
       248, 83, 236, 169, 15, 82, 124, 77, 180, 25, 220, 208, 114, 201,
       242, 249, 30, 61, 4, 5, 54, 99, 63, 86, 246, 13, 89, 18, 118, 17,
       221, 114, 112, 237, 8, 101, 8, 190, 219, 33, 180, 132, 51, 210,
       66, 65, 185, 26, 236, 179, 221, 2, 2, 74, 51, 11, 155, 194, 188,
       159, 184, 139, 232, 17, 71, 190, 23, 128, 57, 172, 182, 64, 91,
       163, 51, 233, 16, 50, 79, 146, 81, 153, 146, 90, 123, 128, 64,
       167, 42, 124, 127, 179, 14, 185, 86, 23, 184, 177, 238, 239, 109,
       86, 246, 139, 118, 148, 244, 236, 98, 233, 195, 185, 46, 177, 182,
       101, 158, 10, 119, 38, 119, 67, 255, 185, 27, 186, 189, 191, 182,
       190, 255, 24, 253, 188, 230, 198, 32, 135, 123, 255, 87, 183, 72,
       238, 119, 44, 22, 63, 186, 156, 85, 131, 253, 173, 180, 245, 93,
       246, 95, 231, 251, 119, 234, 126, 120, 122, 117, 157, 181, 63,
       222, 118, 42, 241, 246, 125, 95, 63, 174, 101, 4, 235, 240, 98,
       189, 73, 177, 149, 97, 169, 76, 117, 159, 235, 249, 46, 76, 222,
       51, 72, 186, 133, 87, 252, 16, 147, 104, 251, 96, 239, 253, 87,
       86, 202, 82, 131, 59, 38, 161, 144, 139, 221, 77, 128, 205, 15,
       49, 161, 25, 198, 74, 76, 24, 217, 19, 75, 49, 18, 106, 219, 209,
       141, 16, 159, 127, 208, 10, 218, 130, 130, 184, 179, 152, 97, 228,
       185, 71, 191, 93, 80, 17, 172, 158, 100, 109, 231, 59, 179, 17,
       19, 92, 50, 241, 13, 16, 26, 234, 146, 4, 165, 255, 123, 19, 122,
       224, 34, 18, 217, 81, 41, 108, 247, 175, 31, 15, 178, 112, 126,
       157, 23, 236, 204, 147, 101, 204, 210, 217, 170, 145, 127, 142,
       106, 81, 89, 21, 111, 197, 182, 86, 239, 61, 100, 224, 94, 198,
       81, 45, 188, 103, 118, 198, 29, 236, 209, 176, 53, 204, 119, 41,
       166, 196, 47, 250, 240, 113, 15, 184, 121, 227, 246, 61, 251, 144,
       67, 121, 61, 246, 153, 31, 222, 40, 47, 159, 151, 159, 147, 112,
       125, 240, 79, 221, 171, 228, 175, 143, 81, 241, 177, 26, 106, 140,
       60, 135, 195, 112, 196, 68, 240, 103, 35, 136, 182, 64, 120, 168,
       14, 109, 236, 191, 20, 159, 240, 44, 162, 16, 125, 140, 112, 204,
       2, 142, 246, 159, 226, 186, 188, 39, 189, 79, 94, 247, 173, 174,
       182, 197, 39, 63, 191, 133, 244, 220, 39, 239, 38, 118, 250, 131,
