%YAML:1.0
---
descriptors: !!opencv-matrix
   rows: 106
   cols: 32
   dt: u
   data: [ 126, 121, 169, 164, 155, 80, 31, 140, 3, 244, 128, 139, 31,
       191, 65, 210, 199, 221, 253, 241, 75, 67, 248, 136, 251, 225, 141,
       63, 36, 126, 22, 122, 114, 249, 56, 186, 27, 197, 19, 166, 142,
       117, 140, 41, 188, 222, 66, 48, 133, 123, 217, 195, 74, 75, 250,
       245, 251, 213, 155, 123, 16, 17, 7, 123, 66, 1, 114, 131, 85, 14,
       250, 65, 45, 96, 251, 131, 204, 14, 62, 132, 254, 149, 219, 163,
       13, 51, 84, 192, 181, 20, 138, 19, 85, 46, 175, 196, 52, 81, 122,
       224, 116, 66, 223, 112, 73, 132, 250, 11, 83, 153, 52, 16, 122,
       156, 7, 226, 72, 178, 81, 76, 115, 140, 160, 4, 101, 186, 116,
       131, 195, 128, 38, 156, 42, 144, 56, 72, 174, 80, 67, 179, 236,
       222, 58, 206, 230, 49, 187, 133, 166, 5, 142, 211, 20, 48, 138,
       202, 22, 164, 41, 84, 102, 55, 113, 164, 202, 0, 191, 251, 8, 226,
       152, 238, 85, 55, 193, 34, 62, 213, 23, 235, 225, 82, 204, 202,
       124, 4, 239, 188, 45, 242, 167, 241, 124, 117, 191, 230, 205, 114,
       87, 232, 195, 190, 189, 43, 66, 253, 107, 18, 216, 212, 237, 98,
       72, 99, 251, 136, 115, 209, 197, 63, 67, 123, 118, 114, 153, 140,
       122, 249, 18, 190, 59, 18, 126, 7, 70, 16, 189, 23, 34, 96, 119,
       55, 186, 156, 176, 156, 53, 255, 207, 239, 18, 65, 182, 128, 37,
       104, 55, 165, 105, 3, 212, 143, 234, 249, 86, 225, 113, 91, 81,
       72, 60, 32, 125, 138, 19, 189, 187, 186, 93, 30, 45, 14, 165, 100,
       253, 138, 210, 160, 37, 33, 249, 65, 212, 63, 235, 216, 115, 97,
       125, 6, 17, 200, 223, 60, 91, 138, 18, 60, 151, 242, 252, 192, 78,
       93, 129, 100, 239, 203, 74, 212, 171, 213, 37, 26, 93, 157, 212,
       239, 223, 87, 176, 31, 168, 152, 62, 197, 201, 138, 147, 5, 230,
       47, 118, 247, 39, 122, 210, 63, 95, 28, 248, 206, 173, 122, 172,
       5, 100, 95, 71, 20, 80, 238, 54, 76, 243, 4, 211, 191, 24, 100,
       228, 126, 237, 244, 229, 8, 102, 217, 101, 176, 74, 190, 94, 249,
       117, 37, 243, 70, 237, 91, 87, 169, 107, 226, 169, 8, 90, 57, 85,
       55, 91, 212, 72, 122, 77, 99, 253, 200, 59, 152, 69, 63, 103, 250,
       70, 46, 7, 167, 96, 131, 223, 187, 170, 216, 78, 229, 221, 231,
       136, 76, 254, 164, 126, 10, 146, 253, 151, 240, 109, 212, 30, 28,
       143, 231, 223, 143, 89, 213, 160, 169, 107, 234, 212, 197, 235,
       221, 82, 13, 121, 10, 49, 157, 116, 48, 120, 187, 23, 217, 154,
       186, 248, 27, 125, 141, 166, 232, 245, 10, 246, 234, 144, 201,
       119, 235, 52, 75, 75, 176, 53, 4, 146, 66, 247, 83, 0, 65, 114,
       240, 93, 234, 104, 133, 65, 61, 225, 168, 162, 80, 52, 186, 4, 40,
       51, 58, 233, 91, 118, 235, 250, 88, 83, 233, 113, 251, 19, 13,
       148, 57, 126, 184, 23, 149, 190, 254, 101, 158, 95, 14, 177, 160,
       245, 136, 86, 247, 156, 69, 85, 233, 52, 78, 99, 112, 36, 0, 251,
       66, 215, 19, 129, 64, 120, 136, 14, 234, 73, 176, 81, 12, 229,
       224, 162, 16, 116, 155, 116, 160, 126, 173, 167, 248, 141, 245,
       68, 203, 135, 31, 168, 24, 34, 252, 100, 187, 201, 226, 235, 32,
       62, 107, 162, 145, 147, 215, 193, 59, 210, 77, 246, 198, 41, 50,
       123, 65, 116, 140, 105, 16, 105, 73, 124, 236, 155, 133, 212, 52,
       22, 40, 22, 8, 131, 184, 224, 65, 70, 221, 32, 224, 74, 138, 66,
       241, 57, 249, 123, 238, 124, 149, 255, 248, 71, 72, 253, 78, 123,
       221, 191, 48, 126, 249, 87, 238, 203, 179, 186, 253, 115, 221,
       167, 168, 127, 187, 98, 249, 57, 217, 107, 76, 118, 215, 207, 252,
       69, 72, 252, 238, 59, 93, 180, 100, 126, 248, 23, 238, 201, 186,
       116, 189, 114, 205, 165, 160, 127, 190, 112, 253, 34, 152, 190,
       152, 207, 245, 185, 71, 159, 87, 84, 51, 44, 190, 102, 12, 239,
       59, 179, 145, 54, 79, 50, 211, 95, 23, 218, 235, 151, 76, 181,
       223, 18, 3, 120, 225, 102, 200, 232, 80, 105, 17, 242, 66, 157,
       10, 20, 74, 106, 129, 23, 145, 145, 48, 4, 192, 150, 216, 170,
       196, 45, 136, 121, 128, 192, 176, 156, 241, 139, 108, 57, 151, 59,
       179, 6, 24, 156, 55, 72, 91, 167, 23, 249, 144, 50, 92, 211, 80,
       207, 211, 94, 118, 128, 64, 135, 2, 16, 8, 18, 154, 71, 169, 162,
       66, 188, 128, 66, 2, 36, 130, 33, 72, 34, 107, 34, 211, 2, 153,
       18, 104, 21, 32, 26, 10, 33, 27, 33, 136, 54, 12, 34, 172, 29, 87,
       210, 74, 133, 132, 232, 11, 2, 218, 39, 148, 248, 225, 203, 227,
       12, 163, 18, 142, 179, 244, 139, 59, 81, 45, 126, 70, 54, 1, 90,
       166, 86, 70, 90, 97, 45, 36, 233, 11, 86, 142, 46, 80, 248, 157,
       91, 227, 76, 179, 88, 204, 177, 165, 138, 23, 33, 10, 47, 6, 125,
       21, 93, 76, 152, 30, 71, 57, 225, 72, 175, 76, 91, 51, 135, 246,
       4, 198, 108, 106, 153, 131, 113, 12, 179, 187, 32, 16, 42, 163,
       72, 49, 252, 88, 241, 84, 73, 76, 69, 153, 177, 210, 166, 88, 91,
       215, 197, 255, 4, 212, 224, 74, 73, 71, 178, 2, 83, 170, 85, 60,
       34, 176, 70, 120, 39, 181, 124, 18, 221, 253, 208, 202, 207, 245,
       173, 29, 10, 152, 94, 57, 137, 138, 194, 21, 191, 107, 126, 148,
       91, 89, 17, 127, 219, 13, 90, 214, 176, 16, 69, 109, 5, 255, 80,
       19, 53, 33, 230, 18, 67, 19, 12, 124, 120, 156, 160, 136, 26, 188,
       113, 128, 199, 251, 144, 3, 99, 136, 100, 50, 49, 0, 125, 81, 36,
       250, 104, 23, 117, 17, 102, 144, 147, 27, 148, 121, 114, 190, 32,
       152, 159, 184, 117, 192, 71, 251, 144, 65, 231, 128, 228, 172,
       112, 61, 253, 100, 205, 74, 87, 119, 65, 232, 190, 43, 115, 61,
       64, 51, 200, 246, 109, 98, 88, 123, 225, 8, 115, 233, 229, 51, 97,
       122, 86, 58, 1, 90, 90, 121, 36, 138, 104, 22, 126, 0, 114, 228,
       151, 130, 241, 232, 18, 40, 6, 88, 195, 176, 7, 16, 132, 153, 54,
       0, 28, 144, 201, 165, 25, 28, 127, 233, 50, 246, 51, 150, 62, 69,
       110, 32, 222, 23, 162, 112, 119, 49, 156, 56, 163, 157, 49, 127,
       234, 239, 34, 64, 178, 131, 45, 105, 39, 45, 34, 137, 220, 179,
       170, 194, 79, 225, 216, 195, 128, 140, 245, 36, 236, 232, 91, 213,
       150, 187, 101, 254, 60, 28, 143, 254, 213, 77, 113, 212, 199, 132,
       208, 148, 254, 51, 158, 107, 91, 162, 144, 255, 108, 122, 180,
       133, 183, 69, 218, 37, 181, 111, 24, 206, 184, 30, 95, 62, 156,
       108, 9, 13, 82, 141, 18, 190, 17, 160, 50, 231, 188, 17, 202, 17,
       164, 178, 32, 194, 224, 115, 233, 129, 22, 137, 146, 231, 145,
       182, 154, 75, 8, 1, 173, 10, 248, 74, 87, 254, 100, 75, 67, 176,
       53, 50, 226, 72, 115, 83, 129, 253, 112, 244, 46, 106, 105, 214,
       97, 61, 149, 170, 224, 16, 50, 185, 64, 40, 52, 144, 191, 248,
       205, 102, 85, 207, 193, 31, 230, 18, 82, 189, 108, 91, 201, 214,
       163, 16, 56, 235, 19, 0, 91, 187, 84, 71, 209, 88, 228, 170, 82,
       249, 57, 242, 25, 205, 23, 166, 174, 117, 136, 9, 182, 215, 64,
       48, 129, 123, 121, 211, 74, 73, 186, 55, 249, 149, 31, 123, 16,
       17, 135, 122, 1, 83, 25, 225, 116, 140, 235, 49, 172, 8, 250, 102,
       149, 19, 160, 96, 110, 9, 14, 232, 193, 184, 64, 76, 228, 132,
       170, 128, 28, 138, 161, 185, 40, 99, 107, 101, 112, 203, 127, 117,
       33, 236, 126, 169, 51, 13, 131, 16, 24, 184, 199, 104, 72, 176,
       96, 12, 103, 197, 36, 145, 99, 154, 70, 250, 24, 190, 239, 245,
       182, 106, 107, 127, 118, 175, 254, 242, 243, 229, 144, 96, 127,
       254, 62, 152, 168, 254, 239, 158, 222, 239, 247, 132, 165, 232,
       116, 105, 78, 253, 164, 243, 173, 241, 188, 175, 159, 183, 142,
       11, 236, 255, 78, 202, 201, 87, 251, 147, 86, 73, 251, 241, 239,
       215, 223, 127, 130, 94, 157, 90, 43, 143, 98, 202, 247, 177, 170,
       231, 95, 73, 120, 230, 40, 232, 182, 164, 255, 42, 146, 149, 151,
       186, 6, 247, 62, 92, 154, 235, 223, 142, 248, 157, 62, 81, 115,
       229, 23, 70, 126, 120, 101, 140, 246, 35, 75, 93, 53, 80, 122,
       244, 149, 234, 204, 179, 17, 140, 243, 233, 161, 135, 103, 191,
       116, 147, 125, 180, 189, 98, 169, 109, 83, 216, 243, 27, 165, 24,
       95, 251, 73, 59, 181, 209, 124, 122, 59, 103, 187, 35, 219, 219,
