%YAML:1.0
---
descriptors: !!opencv-matrix
   rows: 83
   cols: 32
   dt: u
   data: [ 116, 140, 139, 190, 222, 3, 70, 232, 22, 130, 232, 74, 115,
       224, 105, 64, 121, 238, 34, 170, 121, 99, 142, 63, 120, 166, 231,
       124, 185, 122, 112, 128, 1, 207, 27, 251, 116, 131, 238, 115, 220,
       72, 88, 230, 181, 203, 176, 96, 126, 43, 23, 207, 211, 184, 2,
       255, 236, 140, 174, 192, 60, 137, 177, 169, 242, 42, 42, 184, 77,
       141, 216, 79, 143, 36, 160, 15, 170, 136, 118, 16, 204, 169, 203,
       129, 140, 43, 80, 208, 147, 208, 147, 123, 81, 12, 126, 202, 90,
       170, 182, 148, 139, 224, 57, 71, 175, 149, 130, 179, 44, 135, 34,
       222, 39, 55, 239, 145, 18, 201, 34, 245, 152, 34, 26, 195, 166,
       68, 165, 111, 177, 61, 106, 10, 214, 159, 150, 237, 92, 192, 252,
       102, 99, 232, 182, 161, 250, 42, 22, 103, 253, 171, 28, 191, 58,
       77, 37, 83, 125, 14, 249, 141, 184, 61, 189, 112, 169, 253, 85,
       151, 183, 191, 188, 24, 31, 191, 65, 59, 133, 50, 245, 24, 186,
       105, 114, 18, 251, 219, 117, 121, 226, 208, 198, 251, 188, 66,
       125, 234, 61, 127, 83, 216, 71, 252, 181, 10, 91, 93, 123, 25,
       216, 192, 95, 126, 138, 39, 121, 176, 219, 217, 161, 189, 247,
       187, 84, 227, 220, 54, 157, 181, 168, 124, 88, 27, 186, 191, 131,
       121, 223, 55, 73, 219, 135, 87, 253, 17, 61, 69, 219, 2, 207, 243,
       127, 213, 160, 96, 143, 83, 101, 71, 105, 197, 180, 74, 111, 186,
       96, 226, 158, 234, 211, 101, 153, 114, 92, 212, 92, 238, 233, 131,
       229, 14, 245, 175, 165, 148, 37, 250, 86, 112, 212, 89, 14, 175,
       38, 66, 95, 48, 164, 140, 211, 167, 215, 119, 35, 67, 102, 245,
       125, 231, 104, 129, 9, 44, 241, 227, 235, 144, 44, 187, 53, 115,
       35, 215, 106, 202, 245, 159, 254, 109, 95, 109, 253, 31, 74, 204,
       62, 176, 253, 139, 151, 37, 223, 187, 56, 215, 63, 93, 133, 111,
       93, 14, 250, 214, 115, 219, 106, 78, 118, 134, 255, 53, 104, 76,
       122, 231, 113, 204, 150, 80, 62, 237, 53, 231, 204, 184, 37, 77,
       114, 44, 168, 128, 109, 178, 242, 89, 70, 55, 190, 254, 217, 53,
       26, 202, 191, 189, 237, 141, 236, 238, 79, 90, 221, 255, 235, 144,
       30, 67, 251, 211, 159, 247, 139, 63, 144, 99, 47, 118, 110, 49,
       224, 225, 253, 28, 253, 89, 43, 165, 189, 159, 143, 175, 94, 222,
       255, 159, 255, 148, 26, 122, 249, 192, 255, 253, 143, 255, 135,
       238, 214, 242, 227, 122, 227, 220, 99, 52, 123, 210, 57, 202, 118,
       230, 40, 239, 183, 254, 126, 253, 183, 206, 161, 86, 166, 234, 22,
       62, 218, 138, 175, 245, 98, 253, 36, 93, 59, 254, 252, 196, 191,
       113, 212, 204, 125, 67, 245, 253, 49, 97, 220, 127, 55, 107, 225,
       186, 58, 45, 117, 175, 175, 136, 85, 122, 247, 243, 0, 219, 90,
       191, 114, 131, 187, 240, 14, 12, 88, 231, 245, 199, 33, 64, 126,
       123, 7, 198, 2, 152, 11, 125, 116, 167, 170, 128, 28, 155, 37,
       187, 131, 157, 35, 219, 213, 229, 175, 231, 31, 75, 76, 22, 188,
       190, 52, 100, 233, 59, 19, 141, 163, 184, 50, 255, 45, 62, 158,
       10, 24, 76, 177, 254, 53, 67, 106, 172, 86, 2, 238, 120, 69, 192,
       251, 198, 83, 200, 191, 192, 120, 236, 6, 239, 201, 179, 5, 140,
       48, 109, 163, 4, 125, 191, 120, 128, 149, 84, 31, 229, 50, 38, 47,
       48, 52, 202, 91, 86, 213, 55, 33, 96, 118, 125, 61, 234, 225, 148,
       17, 14, 229, 174, 170, 128, 40, 243, 33, 49, 184, 189, 50, 248,
       205, 253, 80, 87, 201, 61, 236, 29, 42, 153, 54, 17, 200, 162,
       197, 0, 30, 47, 210, 145, 211, 249, 16, 123, 82, 12, 218, 138, 66,
       154, 6, 158, 194, 160, 56, 247, 188, 21, 70, 247, 108, 227, 50,
       77, 103, 111, 187, 149, 20, 217, 134, 229, 92, 34, 218, 193, 142,
       132, 169, 217, 1, 142, 57, 245, 52, 174, 105, 55, 125, 109, 122,
       116, 183, 35, 148, 112, 134, 46, 28, 12, 177, 152, 97, 79, 196,
       190, 50, 128, 0, 128, 85, 105, 3, 156, 177, 155, 253, 245, 225,
       199, 223, 91, 80, 16, 188, 190, 48, 236, 201, 43, 19, 137, 51, 58,
       114, 247, 13, 94, 154, 106, 152, 76, 177, 254, 94, 233, 186, 42,
       27, 205, 27, 228, 175, 68, 172, 137, 111, 207, 99, 18, 166, 241,
       249, 214, 78, 11, 186, 113, 251, 213, 13, 123, 82, 55, 7, 90, 96,
       109, 109, 101, 60, 74, 111, 63, 64, 230, 190, 136, 147, 37, 145,
       50, 90, 212, 92, 40, 233, 186, 229, 14, 117, 173, 165, 20, 101,
       248, 86, 104, 51, 71, 196, 197, 246, 2, 238, 251, 81, 170, 122,
       230, 65, 105, 149, 132, 126, 204, 39, 237, 225, 242, 133, 206, 60,
       46, 165, 132, 111, 252, 90, 133, 94, 233, 166, 178, 159, 208, 150,
       228, 171, 149, 130, 3, 108, 250, 119, 195, 225, 103, 249, 211, 86,
       75, 158, 241, 187, 119, 223, 107, 134, 87, 189, 78, 189, 124, 230,
       18, 236, 63, 203, 216, 117, 251, 255, 126, 91, 248, 251, 175, 125,
       196, 126, 255, 173, 247, 157, 162, 218, 111, 101, 212, 239, 255,
       122, 213, 27, 207, 106, 207, 86, 154, 239, 243, 93, 68, 94, 130,
       105, 232, 182, 228, 126, 234, 11, 239, 230, 184, 45, 255, 119,
       111, 134, 1, 55, 190, 125, 236, 253, 93, 87, 230, 61, 78, 79, 184,
       165, 168, 174, 72, 91, 119, 41, 243, 116, 244, 124, 106, 105, 195,
       57, 172, 243, 233, 101, 20, 42, 187, 96, 33, 63, 189, 246, 159,
       253, 223, 254, 232, 127, 251, 247, 75, 238, 252, 95, 165, 255,
       255, 255, 115, 175, 243, 219, 255, 191, 126, 71, 247, 215, 127,
       107, 151, 248, 121, 253, 245, 44, 95, 85, 150, 193, 254, 182, 42,
       159, 29, 83, 59, 142, 245, 221, 72, 200, 105, 241, 136, 227, 217,
       101, 181, 102, 184, 78, 123, 120, 57, 186, 228, 184, 232, 81, 23,
       34, 197, 44, 173, 183, 183, 67, 16, 134, 191, 237, 16, 26, 10,
       240, 0, 219, 229, 52, 123, 160, 194, 134, 123, 96, 111, 105, 101,
       36, 74, 109, 55, 32, 172, 126, 168, 147, 37, 209, 114, 72, 252,
       109, 40, 73, 184, 225, 8, 231, 185, 228, 144, 96, 248, 214, 104,
       74, 185, 188, 232, 169, 212, 21, 135, 171, 157, 174, 1, 188, 183,
       66, 82, 196, 119, 253, 80, 18, 73, 242, 224, 239, 245, 94, 91,
       130, 84, 173, 123, 14, 189, 114, 144, 247, 218, 250, 99, 185, 197,
       126, 171, 12, 159, 102, 84, 238, 191, 151, 17, 86, 187, 128, 206,
       126, 52, 14, 235, 167, 12, 175, 199, 93, 135, 79, 173, 50, 10, 79,
       57, 36, 104, 207, 230, 83, 99, 168, 81, 118, 196, 44, 238, 89,
       145, 9, 29, 248, 233, 163, 212, 56, 162, 224, 49, 74, 180, 180,
       113, 233, 125, 48, 159, 123, 127, 46, 29, 142, 190, 78, 190, 165,
       31, 232, 16, 183, 124, 243, 83, 143, 214, 85, 119, 202, 68, 135,
       127, 40, 189, 176, 88, 249, 253, 21, 135, 223, 85, 108, 25, 174,
       244, 70, 244, 193, 122, 226, 16, 54, 104, 242, 55, 175, 214, 20,
       123, 210, 76, 143, 222, 210, 82, 119, 252, 40, 72, 125, 48, 169,
       30, 182, 161, 236, 7, 132, 95, 102, 181, 125, 234, 96, 69, 227,
       200, 213, 186, 250, 146, 6, 160, 37, 123, 61, 50, 104, 225, 124,
       63, 211, 88, 67, 252, 189, 239, 83, 13, 223, 184, 92, 140, 223,
       124, 143, 34, 237, 144, 222, 201, 161, 252, 247, 175, 90, 241, 27,
       141, 42, 253, 213, 247, 238, 231, 85, 76, 206, 7, 105, 232, 54,
       228, 121, 235, 131, 205, 238, 187, 48, 255, 243, 111, 134, 1, 51,
       76, 252, 206, 56, 15, 106, 238, 118, 195, 255, 236, 148, 132, 252,
       163, 113, 237, 55, 64, 250, 251, 135, 227, 76, 187, 36, 191, 123,
       237, 167, 137, 117, 187, 116, 218, 25, 219, 75, 239, 50, 131, 75,
       240, 20, 72, 86, 230, 119, 199, 161, 96, 126, 232, 23, 238, 75,
       152, 12, 63, 226, 237, 162, 128, 63, 155, 32, 249, 242, 185, 82,
       184, 239, 233, 176, 199, 235, 25, 176, 59, 46, 154, 38, 153, 163,
       59, 207, 1, 38, 47, 130, 241, 147, 240, 82, 123, 64, 12, 175, 143,
       122, 113, 106, 132, 125, 95, 251, 80, 45, 236, 183, 175, 30, 30,
       135, 48, 254, 149, 223, 229, 204, 163, 241, 204, 215, 249, 130,
       151, 71, 174, 103, 247, 124, 121, 217, 97, 40, 107, 83, 154, 3,
       168, 188, 168, 147, 55, 193, 58, 88, 220, 236, 250, 9, 98, 225,
