%YAML:1.0
---
descriptors: !!opencv-matrix
   rows: 64
   cols: 32
   dt: u
   data: [ 2, 184, 158, 185, 107, 229, 184, 71, 142, 29, 64, 179, 172,
       150, 96, 73, 239, 59, 163, 145, 18, 92, 18, 209, 13, 16, 218, 235,
       144, 8, 165, 155, 48, 169, 57, 232, 20, 207, 87, 109, 6, 36, 168,
       8, 51, 95, 32, 48, 152, 155, 81, 96, 90, 43, 120, 29, 249, 141, 1,
       125, 113, 10, 198, 234, 58, 185, 122, 168, 243, 217, 16, 71, 175,
       5, 252, 169, 46, 158, 38, 148, 174, 187, 135, 209, 30, 11, 0, 253,
       187, 213, 8, 123, 211, 6, 174, 143, 33, 89, 91, 77, 112, 14, 99,
       48, 100, 224, 110, 68, 147, 19, 129, 244, 76, 52, 18, 106, 65,
       184, 113, 76, 37, 188, 0, 0, 72, 179, 98, 184, 48, 60, 152, 248,
       75, 233, 16, 198, 191, 23, 160, 57, 38, 155, 103, 24, 169, 187,
       195, 16, 6, 111, 18, 113, 219, 215, 16, 123, 208, 73, 47, 138, 45,
       105, 83, 71, 116, 14, 107, 48, 105, 160, 107, 64, 89, 67, 149,
       180, 58, 252, 18, 234, 65, 176, 61, 204, 39, 188, 1, 4, 99, 179,
       66, 160, 91, 154, 98, 68, 51, 208, 123, 83, 237, 76, 222, 230, 40,
       134, 182, 244, 118, 172, 191, 142, 197, 153, 164, 224, 22, 125,
       162, 131, 47, 166, 45, 117, 139, 210, 34, 155, 119, 209, 186, 230,
       31, 125, 84, 183, 172, 174, 126, 132, 239, 91, 147, 197, 214, 62,
       76, 247, 46, 86, 158, 231, 31, 28, 189, 223, 251, 159, 102, 150,
       251, 48, 190, 247, 185, 206, 222, 255, 105, 46, 182, 215, 111,
       231, 215, 167, 244, 79, 36, 238, 114, 123, 238, 139, 47, 228, 191,
       93, 91, 75, 99, 173, 22, 18, 108, 51, 96, 64, 202, 198, 177, 6,
       147, 240, 118, 204, 57, 237, 205, 152, 181, 201, 180, 45, 170,
       128, 44, 164, 57, 92, 138, 120, 50, 154, 75, 213, 184, 192, 159,
       92, 80, 7, 44, 222, 103, 205, 228, 57, 179, 211, 198, 79, 186,
       241, 19, 80, 26, 171, 18, 21, 45, 223, 111, 240, 241, 67, 227, 60,
       190, 159, 123, 251, 56, 252, 156, 60, 220, 190, 159, 95, 215, 31,
       151, 114, 252, 226, 46, 28, 93, 174, 207, 247, 139, 181, 110, 251,
       241, 84, 235, 76, 23, 190, 59, 254, 44, 173, 126, 183, 199, 62,
       151, 222, 245, 66, 193, 90, 250, 98, 127, 54, 85, 190, 194, 244,
       70, 127, 247, 126, 230, 86, 111, 50, 78, 48, 241, 234, 151, 238,
       106, 108, 151, 191, 63, 228, 252, 238, 237, 231, 174, 232, 18,
       122, 197, 147, 111, 247, 122, 85, 221, 78, 71, 63, 50, 18, 79,
       184, 244, 74, 71, 228, 249, 98, 145, 247, 86, 100, 92, 238, 225,
       196, 109, 61, 164, 235, 235, 128, 46, 183, 33, 117, 170, 183, 160,
       26, 253, 249, 144, 239, 155, 119, 188, 189, 42, 252, 94, 132, 153,
       154, 195, 17, 190, 111, 254, 183, 47, 87, 21, 255, 215, 76, 222,
       222, 139, 151, 52, 219, 247, 252, 188, 159, 63, 95, 93, 55, 172,
       62, 222, 237, 231, 27, 151, 17, 247, 92, 123, 215, 111, 91, 94,
       199, 150, 68, 141, 223, 41, 79, 98, 12, 213, 150, 228, 103, 85,
       132, 236, 6, 34, 168, 54, 164, 88, 174, 130, 13, 204, 187, 36,
       174, 50, 124, 148, 11, 71, 94, 250, 204, 11, 250, 107, 201, 118,
       145, 251, 214, 31, 73, 92, 230, 189, 157, 182, 164, 110, 185, 151,
       221, 199, 186, 37, 255, 110, 93, 186, 224, 127, 140, 59, 253, 27,
       159, 122, 201, 246, 147, 251, 255, 79, 205, 254, 231, 57, 191,
       182, 228, 126, 139, 151, 253, 151, 186, 37, 253, 126, 93, 167,
       192, 191, 156, 248, 253, 187, 255, 102, 195, 55, 211, 222, 253,
       85, 124, 148, 183, 75, 76, 190, 165, 63, 128, 151, 239, 238, 175,
       45, 255, 122, 91, 133, 247, 119, 140, 220, 255, 79, 169, 226, 69,
       199, 60, 236, 151, 123, 243, 126, 94, 24, 168, 214, 190, 63, 207,
       50, 157, 213, 248, 148, 194, 62, 124, 223, 228, 207, 244, 219,
       148, 86, 216, 234, 182, 234, 64, 189, 167, 169, 222, 30, 171, 125,
       255, 83, 122, 167, 247, 245, 131, 196, 75, 170, 226, 123, 103,
       255, 143, 165, 114, 167, 91, 142, 92, 178, 218, 109, 245, 190,
       194, 157, 222, 92, 55, 172, 254, 119, 205, 199, 121, 151, 3, 164,
       71, 50, 226, 3, 89, 90, 171, 150, 125, 45, 215, 110, 166, 224, 1,
       242, 122, 184, 175, 59, 247, 60, 187, 13, 44, 214, 158, 55, 207,
       241, 21, 182, 122, 237, 194, 30, 87, 29, 231, 231, 228, 223, 213,
       103, 123, 230, 86, 111, 50, 254, 48, 233, 202, 251, 239, 104, 108,
       151, 191, 62, 230, 253, 230, 197, 227, 238, 233, 22, 62, 197, 138,
       79, 247, 122, 85, 110, 176, 228, 1, 219, 123, 145, 139, 27, 119,
       52, 189, 14, 28, 94, 158, 159, 29, 243, 53, 150, 126, 255, 214,
       31, 87, 93, 255, 231, 12, 159, 215, 253, 82, 249, 108, 110, 25,
       95, 216, 227, 234, 181, 238, 123, 207, 255, 59, 62, 197, 125, 238,
       201, 103, 174, 200, 210, 249, 225, 188, 127, 247, 98, 241, 15,
       182, 240, 211, 245, 253, 188, 191, 63, 95, 29, 55, 204, 254, 254,
       236, 247, 27, 183, 21, 182, 88, 59, 215, 15, 95, 223, 231, 150,
       78, 141, 215, 185, 30, 107, 169, 114, 211, 123, 87, 53, 76, 124,
       247, 57, 142, 179, 112, 126, 187, 151, 141, 175, 158, 36, 191,
       226, 237, 162, 128, 63, 132, 98, 249, 174, 232, 226, 209, 247,
       216, 248, 212, 123, 245, 116, 155, 8, 157, 246, 190, 111, 125,
       179, 213, 214, 126, 238, 226, 31, 93, 151, 239, 199, 172, 126,
       223, 174, 243, 34, 154, 239, 213, 188, 229, 157, 92, 85, 191, 140,
       206, 126, 133, 254, 153, 147, 215, 246, 62, 58, 244, 63, 81, 142,
       239, 31, 12, 189, 215, 3, 182, 226, 135, 119, 114, 186, 99, 43,
       207, 95, 167, 108, 238, 190, 134, 255, 111, 183, 133, 148, 217,
       174, 203, 22, 62, 219, 131, 143, 230, 63, 215, 171, 126, 100, 80,
       111, 217, 252, 118, 233, 126, 188, 254, 40, 12, 151, 181, 174,
       161, 215, 239, 237, 103, 102, 223, 54, 88, 193, 187, 95, 148, 90,
       221, 106, 94, 100, 156, 111, 113, 188, 238, 141, 126, 156, 175,
       104, 124, 191, 239, 239, 211, 183, 167, 228, 103, 47, 253, 23,
       122, 219, 191, 23, 124, 93, 223, 66, 160, 148, 25, 9, 220, 176,
       11, 174, 21, 66, 1, 172, 210, 74, 206, 129, 31, 233, 16, 22, 216,
       211, 81, 15, 48, 90, 67, 130, 4, 141, 14, 174, 183, 124, 225, 255,
       223, 216, 191, 27, 125, 180, 189, 78, 61, 158, 181, 143, 147, 213,
       49, 191, 104, 121, 157, 111, 91, 77, 247, 223, 140, 222, 215, 23,
       147, 103, 139, 178, 50, 79, 185, 37, 89, 223, 246, 76, 103, 186,
       109, 119, 130, 61, 174, 155, 129, 45, 213, 170, 62, 207, 196, 190,
       167, 160, 117, 42, 176, 224, 1, 91, 251, 176, 67, 43, 245, 28,
       171, 12, 156, 86, 140, 175, 31, 211, 21, 150, 56, 253, 213, 31,
       85, 25, 247, 231, 12, 31, 215, 40, 187, 240, 25, 125, 217, 176,
       71, 79, 109, 60, 173, 138, 136, 230, 156, 138, 10, 134, 17, 150,
       56, 102, 209, 14, 85, 16, 123, 214, 140, 222, 223, 139, 219, 118,
       152, 119, 151, 185, 117, 221, 77, 86, 183, 44, 156, 182, 229, 238,
       169, 151, 213, 231, 191, 54, 223, 118, 121, 170, 195, 31, 140,
       245, 223, 59, 223, 107, 207, 118, 151, 249, 119, 77, 108, 126,
       231, 57, 14, 182, 228, 126, 171, 151, 205, 197, 186, 37, 253, 118,
       125, 186, 192, 63, 142, 112, 253, 174, 252, 38, 152, 239, 213,
       188, 231, 157, 222, 84, 183, 12, 206, 118, 133, 239, 57, 147, 183,
       244, 127, 50, 214, 63, 91, 207, 239, 23, 12, 189, 215, 126, 122,
       226, 8, 227, 240, 190, 214, 43, 78, 124, 173, 40, 206, 247, 220,
       127, 249, 151, 199, 196, 18, 166, 240, 50, 125, 30, 171, 247, 247,
       175, 223, 43, 31, 242, 92, 231, 125, 188, 231, 89, 78, 116, 191,
       104, 188, 183, 173, 191, 115, 179, 7, 245, 62, 38, 226, 54, 126,
       84, 139, 223, 252, 223, 223, 126, 91, 226, 132, 227, 48, 127, 210,
       1, 206, 124, 239, 41, 230, 231, 150, 126, 235, 135, 198, 196, 19,
       166, 232, 50, 85, 199, 171, 175, 254, 46, 221, 226, 55, 234, 12,
       251, 116, 155, 7, 187, 205, 156, 191, 40, 190, 86, 118, 198, 247,
       221, 149, 182, 75, 244, 202, 123, 125, 142, 251, 135, 100, 175,
       95, 91, 115, 131, 166, 103, 24, 174, 85, 41, 233, 219, 239, 109,
       172, 218, 134, 62, 239, 245, 205, 213, 179, 132, 192, 176, 116,
