%YAML:1.0
---
descriptors: !!opencv-matrix
   rows: 19
   cols: 32
   dt: u
   data: [ 11, 177, 170, 235, 245, 214, 251, 121, 30, 75, 93, 6, 185,
       223, 62, 32, 221, 59, 19, 141, 215, 156, 56, 247, 111, 93, 154,
       192, 31, 134, 177, 242, 165, 128, 169, 218, 205, 253, 193, 192,
       195, 115, 165, 26, 19, 217, 124, 42, 73, 130, 18, 27, 58, 39, 122,
       178, 95, 223, 145, 124, 209, 9, 84, 162, 49, 65, 75, 229, 20, 2,
       235, 96, 100, 64, 243, 2, 83, 10, 177, 96, 122, 140, 30, 238, 201,
       177, 5, 140, 240, 233, 162, 4, 109, 187, 112, 128, 67, 0, 97, 129,
       108, 136, 232, 67, 237, 17, 240, 211, 189, 139, 244, 106, 106,
       129, 95, 157, 134, 58, 70, 192, 22, 24, 154, 168, 20, 136, 113,
       140, 36, 160, 135, 156, 89, 195, 161, 232, 150, 180, 64, 10, 100,
       226, 105, 67, 89, 108, 34, 112, 2, 82, 155, 29, 29, 34, 79, 109,
       144, 42, 37, 130, 50, 0, 82, 160, 69, 8, 248, 64, 45, 0, 176, 11,
       142, 26, 36, 84, 234, 145, 15, 225, 12, 179, 64, 192, 149, 144,
       138, 19, 101, 10, 113, 134, 14, 166, 53, 211, 253, 243, 186, 206,
       159, 253, 155, 51, 140, 204, 111, 140, 221, 19, 159, 16, 50, 77,
       107, 246, 47, 87, 159, 199, 150, 93, 213, 71, 27, 18, 120, 225,
       38, 28, 249, 17, 105, 77, 87, 231, 153, 31, 150, 106, 102, 145,
       149, 141, 133, 176, 37, 192, 198, 249, 186, 129, 39, 140, 125,
       121, 173, 164, 41, 233, 172, 45, 205, 155, 87, 115, 181, 92, 147,
       9, 92, 41, 217, 128, 82, 62, 187, 102, 123, 147, 79, 217, 133,
       124, 218, 248, 208, 176, 49, 32, 143, 29, 94, 131, 0, 75, 22, 161,
       194, 66, 115, 128, 128, 72, 88, 140, 34, 8, 9, 250, 199, 29, 16,
       162, 241, 32, 41, 8, 112, 168, 176, 2, 78, 101, 4, 10, 97, 48,
       100, 6, 246, 66, 67, 1, 145, 81, 120, 132, 46, 172, 104, 182, 69,
       12, 212, 171, 224, 1, 101, 168, 120, 0, 75, 16, 112, 224, 37, 22,
       88, 16, 73, 72, 22, 167, 25, 29, 182, 102, 198, 149, 149, 237,
       132, 144, 37, 192, 67, 217, 170, 131, 54, 142, 116, 119, 162, 48,
       50, 216, 109, 245, 184, 83, 139, 89, 148, 63, 44, 156, 118, 43,
       206, 185, 151, 149, 134, 47, 50, 209, 19, 89, 154, 251, 94, 12,
       63, 223, 193, 2, 206, 53, 36, 58, 104, 23, 124, 75, 114, 212, 179,
       32, 144, 219, 2, 36, 108, 12, 173, 188, 69, 74, 132, 251, 112, 0,
       72, 192, 75, 12, 25, 149, 107, 237, 118, 86, 255, 117, 101, 68,
       126, 130, 121, 63, 182, 96, 126, 188, 23, 238, 201, 184, 53, 205,
       119, 237, 162, 129, 39, 170, 244, 249, 171, 26, 58, 248, 109, 181,
       185, 83, 143, 93, 180, 63, 156, 159, 246, 41, 206, 185, 151, 145,
       134, 15, 34, 209, 83, 89, 186, 186, 23, 12, 41, 223, 14, 237, 188,
       178, 189, 249, 94, 239, 159, 255, 188, 59, 238, 255, 110, 194,
       201, 243, 255, 83, 126, 75, 75, 247, 251, 215, 223, 255, 146, 95,
       141, 91, 173, 60, 189, 113, 165, 47, 101, 151, 219, 251, 38, 92,
       150, 57, 84, 43, 137, 102, 112, 28, 185, 252, 121, 178, 207, 219,
       85, 116, 202, 89, 208, 170, 222, 142, 223, 254, 202, 224, 29, 231,
       179, 31, 228, 177, 109, 231, 40, 91, 103, 247, 173, 130, 58, 79,
       170, 227, 251, 227, 254, 139, 163, 240, 167, 107 ]
keypoints: !!opencv-matrix
   rows: 19
   cols: 2
   dt: d
   data: [ 146., 64., 144., 68., 141., 82., 168., 83., 304., 83., 266.,
       88., 130., 168., 235., 246., 1.4640000915527344e+02,
       6.8400001525878906e+01, 168., 7.6800003051757812e+01,
       1.4040000915527344e+02, 7.9200004577636719e+01, 192.,
       2.4240000915527344e+02, 2.2200001525878906e+02,
       2.4480000305175781e+02, 1.4112001037597656e+02,
       7.7760002136230469e+01, 5.1840003967285156e+01,
       2.3472001647949219e+02, 2.2320001220703125e+02,
       2.4480000305175781e+02, 1.2787200927734375e+02,
       1.6761601257324219e+02, 1.4722561645507812e+02,
       6.6355209350585938e+01, 1.4307841491699219e+02,
       7.8796813964843750e+01 ]
