%YAML:1.0
---
descriptors: !!opencv-matrix
   rows: 35
   cols: 32
   dt: u
   data: [ 148, 142, 135, 159, 214, 139, 38, 239, 22, 179, 66, 210, 225,
       224, 41, 65, 121, 238, 34, 46, 114, 220, 15, 63, 172, 38, 223, 68,
       177, 120, 145, 136, 245, 141, 195, 158, 222, 35, 70, 239, 18, 130,
       200, 218, 113, 225, 233, 64, 121, 238, 34, 174, 121, 103, 142, 63,
       184, 166, 167, 44, 185, 250, 240, 136, 116, 132, 138, 158, 220, 3,
       70, 235, 22, 162, 200, 10, 115, 224, 105, 81, 89, 238, 34, 170,
       120, 107, 206, 63, 184, 134, 199, 124, 177, 120, 112, 0, 68, 140,
       157, 158, 216, 199, 167, 232, 30, 147, 64, 2, 244, 226, 105, 73,
       81, 106, 34, 2, 114, 90, 90, 127, 125, 38, 127, 76, 144, 120, 161,
       42, 66, 32, 55, 137, 111, 15, 184, 72, 239, 32, 194, 75, 140, 152,
       116, 196, 230, 29, 123, 101, 0, 179, 131, 208, 21, 56, 11, 58, 20,
       14, 33, 135, 66, 168, 23, 184, 203, 225, 176, 71, 174, 21, 128,
       17, 172, 158, 100, 202, 227, 59, 235, 145, 22, 75, 130, 241, 157,
       16, 26, 123, 144, 4, 165, 138, 74, 169, 188, 123, 169, 233, 21,
       175, 175, 31, 172, 169, 172, 255, 74, 27, 135, 115, 233, 146, 18,
       72, 234, 113, 239, 211, 92, 123, 210, 83, 135, 107, 253, 116, 189,
       117, 172, 111, 85, 156, 242, 250, 182, 92, 87, 81, 73, 59, 145,
       196, 124, 126, 233, 103, 251, 10, 251, 203, 101, 60, 200, 249, 82,
       115, 0, 140, 26, 187, 148, 231, 55, 231, 22, 7, 74, 3, 180, 243,
       32, 64, 217, 106, 27, 144, 58, 156, 26, 127, 233, 6, 190, 65, 144,
       88, 181, 138, 52, 81, 86, 173, 77, 79, 83, 104, 109, 164, 243, 10,
       74, 86, 47, 84, 248, 221, 230, 226, 73, 179, 89, 220, 177, 249, 3,
       23, 113, 59, 102, 242, 26, 82, 114, 232, 53, 212, 248, 80, 77, 72,
       118, 231, 45, 15, 182, 228, 238, 185, 151, 173, 205, 176, 36, 204,
       146, 249, 138, 130, 63, 140, 125, 93, 10, 18, 120, 232, 38, 240,
       249, 82, 143, 73, 20, 231, 189, 159, 244, 104, 230, 185, 23, 149,
       131, 40, 34, 209, 130, 217, 186, 202, 31, 132, 113, 253, 23, 85,
       106, 205, 86, 2, 235, 112, 84, 136, 223, 162, 81, 89, 183, 96,
       126, 188, 23, 239, 200, 179, 53, 206, 117, 45, 170, 128, 61, 187,
       116, 161, 128, 128, 83, 153, 100, 169, 232, 67, 236, 18, 106, 210,
       189, 130, 96, 74, 106, 41, 10, 152, 18, 156, 70, 193, 132, 144,
       138, 72, 20, 200, 33, 136, 20, 140, 135, 23, 210, 139, 38, 232,
       54, 147, 66, 66, 96, 224, 41, 65, 121, 110, 34, 48, 38, 216, 15,
       63, 60, 38, 85, 68, 161, 104, 48, 136, 3, 32, 103, 217, 110, 139,
       168, 67, 126, 49, 210, 194, 177, 136, 148, 105, 110, 189, 123,
       157, 130, 250, 199, 209, 20, 40, 250, 192, 237, 136, 33, 140, 48,
       160, 199, 157, 92, 131, 224, 106, 22, 177, 226, 2, 65, 226, 32,
       72, 121, 236, 98, 184, 8, 219, 203, 93, 28, 162, 219, 100, 49, 40,
       114, 136, 7, 171, 134, 23, 201, 157, 164, 168, 254, 145, 67, 68,
       228, 224, 239, 239, 177, 102, 98, 88, 7, 216, 175, 125, 12, 50,
       95, 66, 136, 110, 41, 140, 4, 168, 151, 159, 88, 199, 161, 232,
       150, 177, 64, 0, 244, 227, 105, 66, 81, 110, 34, 88, 35, 210, 155,
       61, 77, 38, 79, 108, 144, 42, 33, 160, 2, 170, 22, 184, 75, 129,
       184, 199, 142, 21, 64, 179, 172, 142, 100, 72, 239, 59, 171, 145,
       18, 79, 2, 241, 29, 16, 154, 235, 144, 12, 165, 138, 0, 144, 191,
       241, 100, 102, 169, 91, 14, 153, 83, 114, 213, 159, 248, 74, 127,
       29, 63, 152, 145, 245, 179, 192, 77, 171, 251, 196, 165, 136, 181,
       241, 9, 176, 253, 87, 117, 127, 232, 89, 127, 249, 115, 82, 219,
       252, 220, 169, 59, 156, 254, 25, 151, 240, 255, 213, 15, 223, 83,
       68, 227, 174, 78, 245, 24, 141, 19, 191, 149, 199, 35, 231, 22, 5,
       74, 3, 253, 243, 32, 64, 217, 122, 11, 152, 58, 152, 9, 191, 233,
       231, 174, 64, 176, 74, 180, 42, 58, 19, 106, 229, 116, 19, 89,
       112, 1, 236, 246, 239, 27, 15, 150, 16, 110, 149, 215, 228, 201,
       187, 117, 204, 210, 201, 162, 144, 47, 174, 118, 209, 2, 186, 23,
       153, 75, 129, 32, 71, 174, 25, 64, 81, 172, 130, 96, 204, 225, 59,
       234, 145, 19, 24, 146, 81, 141, 16, 26, 106, 152, 0, 169, 142,
       144, 144, 223, 225, 180, 110, 105, 19, 54, 57, 95, 118, 215, 55,
       168, 104, 119, 31, 63, 152, 19, 220, 49, 5, 205, 171, 250, 196,
       164, 200, 165, 177, 245, 251, 79, 126, 174, 3, 79, 252, 194, 218,
       177, 238, 83, 193, 249, 51, 94, 192, 92, 238, 233, 103, 174, 59,
       248, 203, 229, 188, 125, 187, 114, 49, 24, 205, 18, 255, 149, 211,
       66, 246, 23, 1, 78, 66, 237, 243, 32, 228, 113, 122, 154, 216,
       123, 156, 8, 191, 169, 247, 158, 65, 50, 158, 184, 168, 62, 19,
       96, 225, 103, 86, 250, 80, 69, 40, 247, 102, 11, 31, 149, 224,
       126, 157, 151, 235, 141, 176, 117, 204, 215, 217, 170, 133, 111,
       143, 120, 131, 10, 48, 58, 248, 109, 245, 185, 87, 143, 93, 180,
       54, 156, 159, 246, 8, 238, 57, 159, 145, 146, 11, 34, 209, 86, 89,
       186, 235, 150, 12, 45, 251, 198, 205, 208, 242, 244, 160, 238,
       167, 217, 3, 57, 26, 236, 107, 61, 19, 187, 195, 21, 227, 112,
       100, 8, 226, 170, 158, 223, 65, 197, 243, 209, 8, 108, 113, 120,
       101, 52, 79, 115, 56, 105, 164, 111, 8, 223, 23, 11, 48, 148, 220,
       77, 106, 200, 240, 249, 12, 231, 253, 33, 20, 64, 187, 70, 98, 43,
       18, 114, 200, 100, 212, 249, 80, 205, 76, 244, 167, 156, 14, 182,
       232, 238, 177, 151, 141, 129, 43, 32, 192, 86, 89, 186, 128, 23,
       140, 117, 241, 11, 16, 114, 200, 101, 208, 249, 83, 201, 93, 148,
       182, 140, 159, 246, 108, 238, 17, 151, 157, 150, 43, 50, 208, 215,
       89, 186, 235, 30, 140, 37, 245, 2, 206, 18, 223, 23, 147, 86, 230,
       23, 5, 204, 2, 42, 226, 38, 196, 217, 234, 138, 64, 110, 137, 74,
       255, 170, 54, 150, 11, 18, 158, 56, 14 ]
keypoints: !!opencv-matrix
   rows: 35
   cols: 2
   dt: d
   data: [ 39., 33., 47., 33., 131., 39., 213., 44., 205., 49., 238.,
       51., 38., 58., 49., 66., 277., 232., 50., 240., 122., 240., 212.,
       244., 261., 247., 315., 254., 1.2240000152587891e+02,
       3.7200000762939453e+01, 42., 3.8400001525878906e+01,
       1.2840000915527344e+02, 4.0800003051757812e+01,
       2.0520001220703125e+02, 4.3200000762939453e+01,
       2.1240000915527344e+02, 4.4400001525878906e+01,
       2.3760000610351562e+02, 5.4000003814697266e+01,
       5.1600002288818359e+01, 8.0400001525878906e+01,
       5.7600002288818359e+01, 1.0920000457763672e+02,
       2.7720001220703125e+02, 2.3160000610351562e+02,
       2.2200001525878906e+02, 2.4840000915527344e+02,
       2.3760000610351562e+02, 5.0400001525878906e+01,
       5.1840003967285156e+01, 7.9200004577636719e+01,
       2.6208001708984375e+02, 2.2752000427246094e+02,
       2.7936001586914062e+02, 2.3184001159667969e+02,
       1.5984001159667969e+02, 2.4048001098632812e+02,
       2.0736001586914062e+02, 2.4336001586914062e+02,
       3.2688000488281250e+02, 2.5056001281738281e+02,
       3.1968002319335938e+02, 1.2268801116943359e+02,
       1.2096001434326172e+02, 2.4019201660156250e+02,
       2.1081602478027344e+02, 2.4364802551269531e+02,
       2.7786242675781250e+02, 2.3016963195800781e+02 ]
