%YAML:1.0
---
descriptors: !!opencv-matrix
   rows: 41
   cols: 32
   dt: u
   data: [ 154, 159, 214, 157, 50, 154, 188, 247, 63, 5, 90, 247, 45,
       174, 166, 196, 55, 127, 175, 129, 230, 217, 7, 255, 52, 102, 126,
       131, 39, 212, 173, 205, 106, 188, 186, 184, 201, 253, 149, 203,
       255, 126, 164, 25, 174, 252, 98, 57, 201, 243, 235, 1, 46, 107,
       242, 243, 211, 247, 95, 59, 210, 92, 175, 206, 204, 48, 189, 241,
       168, 110, 121, 27, 187, 251, 183, 48, 223, 119, 200, 123, 167, 23,
       125, 24, 177, 197, 251, 64, 207, 251, 119, 212, 130, 224, 135,
       115, 205, 180, 253, 247, 172, 125, 121, 191, 127, 255, 183, 184,
       223, 125, 216, 107, 159, 86, 255, 25, 179, 108, 255, 211, 207,
       219, 245, 252, 134, 204, 213, 113, 188, 93, 110, 254, 45, 150,
       222, 244, 213, 192, 246, 67, 107, 239, 51, 225, 254, 228, 191,
       227, 236, 227, 47, 172, 243, 251, 231, 129, 55, 191, 124, 89, 110,
       38, 134, 158, 233, 63, 190, 232, 191, 174, 211, 143, 204, 238, 63,
       222, 253, 255, 239, 167, 164, 195, 219, 250, 151, 118, 207, 187,
       146, 127, 63, 214, 207, 116, 22, 31, 125, 223, 182, 232, 255, 250,
       215, 8, 236, 248, 127, 231, 253, 109, 250, 99, 231, 231, 223, 255,
       52, 50, 7, 63, 94, 125, 43, 134, 138, 156, 166, 152, 207, 245,
       184, 207, 143, 95, 220, 23, 44, 190, 118, 206, 239, 243, 191, 149,
       182, 75, 178, 243, 27, 119, 222, 235, 151, 76, 189, 223, 226, 184,
       254, 88, 235, 249, 249, 71, 171, 87, 52, 191, 44, 222, 102, 27,
       175, 179, 247, 145, 150, 111, 182, 241, 95, 25, 90, 235, 215, 4,
       239, 223, 79, 18, 108, 101, 161, 84, 89, 16, 33, 78, 23, 181, 89,
       61, 150, 175, 134, 17, 149, 172, 181, 148, 52, 128, 67, 219, 112,
       195, 174, 164, 204, 119, 138, 184, 187, 241, 109, 237, 185, 87,
       154, 251, 84, 90, 188, 159, 96, 43, 239, 59, 247, 17, 179, 126,
       250, 241, 93, 219, 123, 234, 137, 8, 7, 187, 137, 138, 243, 249,
       36, 179, 105, 91, 95, 75, 118, 246, 189, 195, 178, 237, 247, 43,
       54, 156, 179, 252, 39, 211, 206, 255, 122, 200, 158, 140, 41, 173,
       58, 83, 114, 173, 55, 19, 250, 104, 29, 76, 251, 167, 75, 142, 63,
       212, 254, 157, 159, 230, 204, 179, 1, 206, 178, 255, 130, 131,
       127, 175, 124, 87, 2, 184, 187, 217, 109, 229, 185, 215, 158, 91,
       80, 119, 188, 158, 100, 104, 231, 59, 151, 145, 147, 94, 146, 241,
       77, 17, 122, 234, 152, 72, 161, 251, 64, 141, 150, 31, 129, 98,
       52, 167, 62, 19, 74, 16, 236, 98, 0, 79, 97, 103, 168, 0, 16, 216,
       27, 101, 109, 54, 94, 67, 144, 112, 165, 10, 50, 189, 18, 170,
       187, 199, 158, 237, 143, 8, 249, 169, 110, 247, 40, 144, 254, 251,
       143, 226, 90, 11, 24, 253, 185, 212, 143, 123, 16, 50, 167, 147,
       204, 52, 188, 113, 172, 126, 121, 31, 251, 255, 183, 24, 223, 63,
       74, 123, 135, 87, 253, 24, 176, 229, 243, 2, 207, 251, 117, 213,
       194, 224, 199, 115, 239, 52, 253, 242, 173, 125, 81, 154, 219,
       255, 189, 124, 222, 253, 207, 59, 143, 209, 253, 17, 191, 103,
       251, 210, 219, 219, 113, 255, 202, 109, 70, 115, 171, 138, 230,
       154, 207, 179, 184, 199, 223, 71, 84, 183, 104, 232, 182, 205,
       255, 171, 179, 149, 182, 255, 14, 255, 30, 126, 223, 203, 223, 76,
       248, 207, 138, 184, 255, 152, 203, 249, 185, 71, 187, 87, 116,
       187, 44, 222, 118, 27, 239, 187, 243, 145, 54, 127, 178, 241, 95,
       81, 90, 235, 213, 4, 231, 223, 23, 80, 107, 197, 118, 82, 175,
       120, 124, 236, 87, 230, 89, 14, 191, 100, 126, 205, 23, 239, 193,
       144, 37, 206, 52, 46, 170, 132, 37, 179, 97, 245, 98, 18, 120,
       224, 102, 129, 248, 82, 41, 93, 176, 251, 13, 31, 84, 26, 238,
       145, 215, 149, 134, 47, 68, 192, 22, 88, 154, 186, 71, 140, 115,
       215, 3, 154, 59, 217, 124, 165, 185, 87, 142, 25, 80, 115, 188,
       159, 244, 104, 239, 59, 31, 149, 147, 27, 2, 209, 221, 28, 186,
       234, 156, 8, 161, 187, 54, 253, 98, 170, 247, 195, 222, 204, 31,
       204, 216, 175, 110, 204, 55, 16, 254, 235, 151, 215, 206, 179, 92,
       255, 187, 116, 143, 251, 245, 30, 62, 223, 10, 189, 162, 187, 245,
       247, 190, 239, 31, 77, 92, 35, 236, 254, 54, 192, 253, 123, 147,
       145, 150, 186, 56, 255, 47, 95, 159, 203, 151, 94, 189, 223, 223,
       52, 253, 243, 170, 127, 185, 154, 123, 255, 183, 184, 223, 127,
       223, 191, 183, 85, 255, 63, 178, 101, 251, 210, 223, 219, 127,
       252, 230, 229, 7, 113, 142, 156, 180, 147, 229, 127, 182, 175, 31,
       191, 94, 17, 204, 126, 110, 207, 195, 91, 179, 19, 54, 220, 123,
       243, 47, 86, 95, 71, 146, 124, 141, 207, 170, 138, 170, 154, 207,
       241, 184, 199, 159, 71, 84, 179, 172, 236, 118, 72, 255, 43, 179,
       149, 54, 127, 174, 243, 95, 119, 222, 203, 149, 76, 189, 222, 9,
       170, 179, 217, 100, 183, 248, 87, 95, 121, 84, 118, 188, 154, 246,
       237, 255, 43, 54, 28, 151, 252, 99, 241, 142, 219, 122, 194, 158,
       140, 169, 237, 23, 94, 66, 142, 118, 150, 238, 112, 53, 200, 219,
       231, 89, 238, 183, 196, 126, 237, 55, 239, 173, 145, 45, 206, 48,
       46, 171, 128, 47, 183, 56, 213, 61, 83, 106, 238, 116, 22, 91,
       120, 69, 200, 255, 102, 91, 201, 187, 96, 126, 236, 23, 238, 201,
       179, 44, 140, 242, 237, 163, 132, 111, 187, 120, 177, 68, 233,
       151, 31, 153, 192, 38, 173, 174, 16, 203, 0, 228, 242, 72, 66,
       224, 111, 104, 194, 82, 73, 139, 117, 45, 32, 15, 75, 0, 51, 163,
       10, 3, 141, 99, 159, 212, 214, 239, 246, 116, 66, 90, 198, 241,
       246, 180, 228, 120, 238, 22, 239, 237, 152, 61, 239, 36, 46, 174,
       128, 45, 246, 240, 252, 10, 157, 34, 219, 245, 215, 190, 239, 31,
       77, 94, 3, 236, 255, 54, 196, 255, 123, 151, 145, 118, 154, 42,
       255, 47, 127, 158, 195, 150, 94, 189, 255, 138, 184, 179, 250,
       199, 245, 185, 71, 159, 91, 84, 51, 188, 223, 100, 172, 255, 59,
       147, 145, 19, 222, 50, 241, 95, 81, 218, 235, 147, 12, 167, 251,
       49, 205, 107, 254, 244, 135, 239, 246, 86, 72, 222, 70, 113, 239,
       176, 96, 124, 234, 23, 207, 251, 187, 44, 255, 124, 174, 166, 200,
       61, 154, 240, 249, 236, 180, 252, 112, 233, 124, 121, 27, 235,
       255, 189, 24, 142, 253, 222, 191, 135, 151, 253, 28, 154, 103,
       250, 194, 223, 251, 85, 127, 194, 228, 206, 115, 31, 48, 248, 227,
       191, 127, 122, 216, 111, 253, 189, 171, 207, 127, 223, 62, 191,
       221, 255, 118, 151, 112, 255, 224, 223, 221, 15, 247, 231, 239,
       79, 119, 222, 81, 182, 239, 45, 86, 254, 232, 189, 142, 215, 3,
       206, 255, 47, 207, 250, 245, 255, 227, 108, 231, 187, 234, 243,
       243, 207, 159, 23, 63, 125, 87, 223, 52, 190, 244, 173, 124, 89,
       19, 187, 255, 183, 24, 223, 255, 67, 255, 167, 247, 253, 24, 184,
       71, 186, 194, 219, 251, 85, 251, 130, 229, 134, 115, 94, 124, 243,
       226, 253, 127, 250, 200, 63, 236, 255, 11, 78, 223, 77, 60, 254,
       221, 255, 243, 136, 243, 185, 234, 223, 221, 143, 175, 195, 127,
       103, 247 ]
