%YAML:1.0
---
descriptors: !!opencv-matrix
   rows: 49
   cols: 32
   dt: u
   data: [ 184, 199, 98, 236, 22, 130, 110, 113, 85, 0, 246, 198, 123,
       11, 180, 65, 122, 168, 23, 238, 232, 183, 5, 223, 242, 233, 162,
       128, 63, 138, 112, 136, 179, 165, 115, 233, 118, 131, 234, 112,
       77, 0, 248, 194, 25, 9, 180, 32, 126, 137, 23, 253, 251, 186, 100,
       223, 62, 220, 170, 224, 127, 138, 113, 165, 130, 148, 179, 155,
       177, 239, 180, 39, 62, 79, 75, 17, 204, 254, 36, 72, 215, 59, 179,
       17, 54, 220, 19, 199, 45, 54, 30, 67, 144, 68, 165, 211, 2, 188,
       154, 189, 241, 237, 58, 231, 62, 15, 74, 17, 188, 191, 32, 64,
       183, 59, 187, 145, 50, 216, 19, 255, 111, 55, 30, 67, 144, 64,
       165, 155, 10, 188, 170, 186, 119, 245, 184, 67, 159, 69, 89, 179,
       172, 254, 38, 64, 223, 59, 147, 145, 54, 156, 18, 247, 79, 55, 26,
       203, 148, 76, 189, 215, 234, 159, 116, 28, 123, 220, 144, 39, 157,
       77, 116, 61, 174, 60, 6, 213, 198, 51, 255, 5, 246, 46, 243, 207,
       15, 123, 80, 219, 82, 12, 205, 95, 56, 100, 110, 237, 23, 31, 91,
       88, 101, 36, 255, 2, 91, 77, 186, 97, 126, 136, 159, 234, 238,
       177, 117, 157, 243, 201, 160, 149, 119, 159, 124, 66, 126, 185,
       190, 236, 137, 213, 19, 192, 175, 157, 172, 9, 46, 255, 103, 218,
       200, 243, 249, 81, 30, 11, 178, 241, 219, 241, 143, 123, 146, 23,
       46, 90, 60, 97, 106, 232, 85, 151, 250, 248, 85, 36, 252, 2, 27,
       217, 243, 128, 120, 140, 151, 250, 204, 183, 188, 158, 251, 205,
       163, 237, 119, 143, 122, 194, 213, 83, 111, 229, 38, 70, 95, 56,
       36, 238, 215, 231, 87, 47, 155, 115, 118, 213, 125, 238, 233, 149,
       101, 12, 242, 235, 235, 148, 45, 179, 116, 113, 92, 178, 188, 112,
       169, 125, 17, 27, 171, 255, 181, 61, 158, 191, 74, 27, 135, 23,
       237, 16, 26, 69, 250, 16, 219, 211, 117, 255, 192, 96, 135, 115,
       2, 153, 118, 233, 111, 133, 252, 103, 141, 24, 90, 3, 172, 158,
       52, 70, 238, 51, 183, 193, 212, 56, 18, 209, 23, 120, 218, 138,
       22, 12, 241, 143, 27, 5, 107, 229, 118, 66, 235, 112, 52, 64, 94,
       198, 89, 15, 177, 96, 126, 173, 23, 236, 129, 176, 53, 206, 118,
       237, 170, 128, 47, 163, 33, 241, 127, 178, 248, 98, 169, 125, 209,
       27, 235, 255, 181, 61, 14, 157, 206, 190, 135, 151, 253, 16, 159,
       103, 250, 208, 219, 217, 117, 255, 202, 204, 206, 119, 119, 95,
       107, 198, 214, 2, 175, 112, 160, 192, 219, 231, 89, 238, 183, 2,
       126, 245, 23, 239, 197, 147, 172, 206, 54, 46, 239, 132, 45, 247,
       51, 245, 64, 189, 187, 65, 244, 205, 235, 151, 110, 41, 126, 64,
       191, 247, 212, 112, 182, 62, 94, 24, 147, 184, 176, 117, 109, 188,
       39, 224, 192, 130, 199, 185, 21, 105, 106, 254, 198, 146, 239, 80,
       20, 196, 213, 130, 81, 207, 179, 104, 122, 232, 23, 255, 201, 179,
       44, 202, 242, 13, 175, 128, 61, 251, 120, 224, 120, 253, 38, 24,
       205, 213, 213, 215, 195, 92, 172, 15, 42, 188, 119, 183, 201, 226,
       202, 210, 94, 107, 242, 177, 123, 89, 212, 59, 211, 92, 254, 94,
       219, 19, 111, 205, 34, 18, 171, 48, 36, 64, 87, 230, 217, 47, 179,
       97, 118, 21, 63, 239, 225, 144, 37, 204, 70, 43, 234, 128, 55,
       162, 49, 113, 61, 97, 234, 76, 20, 86, 239, 89, 68, 200, 255, 2,
       81, 217, 181, 32, 120, 236, 23, 234, 137, 179, 181, 136, 115, 45,
       163, 128, 103, 187, 112, 224, 120, 249, 58, 234, 57, 221, 83, 220,
       171, 76, 172, 9, 190, 223, 99, 144, 192, 241, 253, 80, 78, 43,
       250, 177, 251, 253, 5, 123, 82, 6, 46, 123, 138, 217, 59, 186,
       125, 197, 187, 247, 158, 77, 84, 35, 188, 223, 52, 96, 238, 59,
       147, 193, 195, 186, 58, 253, 117, 21, 138, 203, 20, 12, 181, 251,
       10, 189, 59, 251, 245, 207, 187, 247, 62, 73, 92, 20, 188, 255,
       32, 96, 215, 59, 147, 209, 115, 152, 122, 255, 239, 247, 158, 195,
       152, 8, 165, 251, 14, 48, 162, 187, 87, 241, 184, 74, 30, 71, 89,
       179, 140, 222, 118, 72, 255, 57, 147, 149, 22, 150, 50, 211, 79,
       21, 155, 235, 149, 77, 53, 214, 33, 41, 113, 69, 116, 14, 105, 51,
       113, 224, 118, 74, 51, 17, 144, 116, 58, 172, 22, 40, 137, 186,
       117, 14, 69, 172, 32, 64, 111, 136, 82, 168, 216, 166, 158, 176,
       155, 168, 16, 7, 178, 63, 164, 189, 143, 163, 66, 26, 133, 27,
       237, 16, 50, 77, 130, 19, 203, 199, 116, 123, 136, 64, 143, 83,
       10, 157, 34, 152, 245, 208, 176, 103, 189, 77, 92, 181, 172, 190,
       38, 196, 204, 59, 147, 145, 214, 186, 50, 199, 15, 116, 154, 203,
       198, 4, 191, 223, 107, 131, 18, 232, 125, 133, 216, 113, 141, 9,
       248, 67, 174, 138, 54, 64, 204, 163, 151, 149, 158, 43, 80, 213,
       159, 220, 138, 122, 82, 14, 120, 142, 66, 48, 146, 216, 75, 196,
       184, 66, 171, 17, 160, 24, 172, 158, 100, 58, 167, 185, 251, 144,
       18, 79, 146, 209, 157, 144, 90, 107, 128, 0, 39, 139, 56, 31, 98,
       233, 53, 131, 234, 117, 69, 12, 254, 39, 107, 9, 178, 64, 122,
       168, 31, 233, 204, 187, 5, 221, 242, 237, 162, 129, 63, 142, 120,
       139, 70, 26, 254, 244, 110, 36, 184, 82, 169, 154, 243, 247, 156,
       191, 247, 75, 231, 117, 255, 135, 128, 215, 130, 224, 86, 123,
       250, 138, 133, 245, 41, 147, 203, 22, 253, 253, 36, 54, 217, 19,
       221, 91, 22, 247, 188, 60, 182, 111, 231, 21, 189, 133, 165, 205,
       39, 195, 195, 126, 250, 130, 158, 204, 49, 125, 157, 28, 235, 255,
       214, 182, 235, 114, 117, 202, 255, 198, 121, 239, 177, 100, 126,
       234, 55, 158, 185, 159, 60, 238, 250, 239, 174, 128, 175, 233,
       112, 241, 134, 24, 155, 251, 119, 230, 184, 64, 62, 75, 83, 82,
       156, 222, 33, 104, 255, 57, 19, 145, 51, 148, 50, 211, 197, 182,
       154, 202, 152, 9, 33, 179, 55, 73, 67, 142, 84, 210, 238, 240, 69,
       192, 216, 198, 49, 204, 181, 228, 120, 232, 22, 239, 205, 154, 60,
       237, 50, 44, 174, 136, 61, 183, 120, 220, 51, 89, 67, 142, 84,
       150, 234, 112, 69, 192, 94, 198, 113, 200, 183, 228, 124, 168, 23,
       239, 205, 178, 52, 239, 50, 44, 170, 128, 47, 175, 120, 148, 66,
       152, 150, 152, 11, 192, 16, 64, 175, 21, 128, 9, 172, 215, 96,
       219, 192, 49, 251, 145, 2, 75, 146, 241, 145, 48, 218, 123, 144,
       4, 45, 10, 120, 93, 103, 229, 23, 86, 126, 117, 101, 236, 254, 34,
       123, 61, 180, 241, 122, 212, 159, 234, 200, 186, 113, 236, 243,
       233, 162, 129, 103, 190, 244, 58, 46, 28, 250, 254, 85, 247, 254,
       98, 95, 6, 125, 3, 236, 253, 55, 96, 248, 251, 147, 131, 38, 190,
       58, 255, 119, 255, 139, 11, 87, 127, 125, 194, 2, 149, 58, 154,
       115, 244, 184, 103, 159, 93, 93, 19, 172, 222, 38, 64, 239, 59,
       147, 129, 22, 137, 50, 247, 31, 117, 26, 203, 16, 4, 173, 223, 35,
       93, 66, 142, 84, 150, 238, 116, 85, 64, 88, 199, 104, 200, 182,
       228, 92, 170, 19, 207, 197, 186, 52, 255, 54, 60, 138, 136, 63,
       159, 120, 220, 82, 113, 18, 232, 11, 197, 16, 64, 171, 1, 161, 9,
       174, 158, 100, 148, 232, 185, 207, 208, 10, 3, 146, 209, 145, 208,
       10, 123, 16, 2, 47, 142, 12, 29, 187, 255, 213, 231, 255, 114, 87,
       6, 223, 2, 248, 255, 53, 96, 248, 250, 19, 139, 186, 186, 58, 255,
       119, 255, 134, 0, 151, 219, 116, 250, 35, 201, 97, 203, 85, 213,
       198, 255, 71, 73, 88, 66, 176, 156, 180, 164, 88, 234, 18, 77,
       215, 58, 116, 189, 45, 28, 134, 42, 95, 30, 240, 236, 40, 205,
       122, 104, 116, 205, 83, 124, 65, 12, 124, 8, 51, 209, 38, 48, 88,
       184, 6, 106, 74, 186, 112, 63, 115, 205, 32, 41, 115, 138, 110,
       170, 35, 143, 104, 155, 124, 145, 154, 234, 30, 125, 220, 231, 33,
       204, 190, 0, 221, 139, 151, 213, 150, 42, 110, 247, 46, 21, 171,
       253, 21, 142, 92, 213, 45, 145, 113, 75, 117, 223, 227, 249, 93,
       104, 125, 106, 90, 92, 188, 164, 88, 24, 6, 122, 147, 178, 108,
       223, 47, 28, 1, 102, 87, 139, 82, 229, 50, 143, 40, 169, 60, 135,
       155, 254, 22, 109, 220, 135, 225, 204, 50, 0, 221, 11, 23, 229,
       158, 42, 77, 191, 236, 69, 171, 245, 21, 15, 92, 219, 35, 93, 106,
