%YAML:1.0
---
descriptors: !!opencv-matrix
   rows: 50
   cols: 32
   dt: u
   data: [ 34, 176, 176, 184, 221, 253, 208, 11, 155, 49, 161, 25, 142,
       152, 76, 158, 137, 27, 203, 17, 22, 106, 218, 145, 143, 212, 17,
       127, 210, 76, 206, 134, 253, 120, 189, 242, 45, 109, 81, 216, 251,
       251, 165, 28, 158, 253, 73, 59, 137, 209, 125, 18, 43, 103, 250,
       160, 219, 219, 85, 62, 202, 121, 66, 115, 68, 113, 57, 97, 112,
       79, 115, 24, 104, 168, 123, 72, 215, 23, 9, 48, 148, 29, 85, 106,
       65, 176, 81, 8, 229, 157, 33, 4, 64, 163, 71, 163, 94, 255, 16,
       154, 219, 153, 150, 236, 143, 60, 184, 239, 110, 234, 111, 148,
       255, 219, 239, 99, 70, 35, 10, 247, 186, 212, 15, 191, 26, 127,
       143, 151, 238, 184, 184, 82, 201, 229, 153, 194, 139, 223, 181,
       25, 30, 221, 70, 62, 141, 179, 85, 17, 155, 111, 250, 240, 91,
       217, 157, 250, 203, 65, 86, 115, 44, 116, 177, 227, 109, 127, 82,
       152, 91, 251, 181, 24, 223, 29, 95, 158, 153, 220, 253, 58, 155,
       102, 249, 146, 207, 223, 69, 127, 210, 255, 86, 243, 72, 188, 58,
       126, 113, 236, 115, 247, 191, 13, 124, 9, 191, 255, 2, 80, 165,
       59, 221, 8, 34, 41, 50, 63, 251, 255, 48, 73, 66, 128, 239, 203,
       2, 181, 16, 155, 253, 213, 188, 239, 31, 29, 88, 19, 172, 222,
       110, 196, 207, 59, 179, 1, 86, 88, 82, 247, 13, 22, 30, 235, 16,
       12, 173, 207, 120, 169, 186, 96, 137, 237, 81, 71, 226, 21, 172,
       8, 55, 177, 64, 50, 128, 178, 108, 24, 26, 43, 178, 17, 219, 205,
       48, 121, 224, 194, 198, 42, 102, 48, 185, 225, 236, 47, 82, 152,
       75, 185, 177, 24, 214, 25, 77, 26, 159, 149, 127, 50, 146, 98,
       217, 208, 143, 216, 1, 126, 208, 235, 83, 3, 2, 176, 20, 155, 125,
       253, 184, 105, 30, 29, 81, 27, 172, 222, 110, 140, 223, 27, 243,
       17, 22, 78, 91, 213, 13, 20, 155, 239, 148, 14, 141, 199, 165, 87,
       109, 7, 230, 18, 239, 188, 80, 234, 87, 230, 81, 100, 159, 111,
       126, 204, 54, 239, 233, 244, 125, 14, 100, 42, 229, 132, 111, 255,
       80, 245, 221, 2, 151, 245, 44, 44, 72, 18, 169, 154, 146, 116,
       223, 59, 209, 251, 231, 117, 125, 13, 169, 69, 131, 128, 128, 251,
       123, 144, 142, 241, 33, 33, 49, 142, 74, 201, 214, 179, 106, 127,
       84, 35, 254, 230, 115, 32, 182, 112, 127, 174, 6, 188, 188, 186,
       69, 63, 62, 175, 166, 192, 253, 202, 248, 13, 8, 144, 183, 219,
       123, 224, 177, 192, 254, 29, 71, 50, 236, 215, 42, 109, 225, 58,
       171, 18, 18, 217, 42, 181, 77, 167, 122, 67, 146, 15, 165, 227,
       77, 39, 148, 163, 177, 62, 72, 25, 123, 187, 59, 84, 207, 98, 200,
       254, 151, 7, 108, 60, 189, 208, 201, 194, 142, 255, 111, 198, 138,
       230, 139, 5, 124, 69, 126, 231, 20, 78, 95, 56, 37, 160, 255, 2,
       91, 115, 137, 80, 114, 212, 93, 234, 72, 176, 89, 12, 243, 237,
       165, 149, 35, 179, 108, 34, 252, 77, 118, 238, 13, 214, 86, 160,
       129, 132, 231, 9, 107, 255, 35, 215, 200, 244, 249, 234, 108, 131,
       58, 173, 243, 251, 196, 25, 51, 63, 108, 66, 0, 189, 125, 81, 241,
       207, 245, 247, 127, 89, 110, 24, 190, 55, 4, 53, 139, 58, 114, 8,
       115, 248, 115, 119, 109, 158, 20, 66, 74, 0, 199, 251, 40, 221,
       125, 111, 112, 143, 119, 246, 116, 8, 126, 64, 119, 115, 0, 48,
       183, 122, 87, 106, 226, 184, 89, 63, 231, 143, 36, 64, 120, 146,
       194, 171, 17, 199, 71, 237, 22, 2, 111, 57, 100, 32, 218, 230, 83,
       99, 176, 97, 122, 228, 20, 238, 201, 152, 5, 13, 240, 172, 162,
       128, 45, 178, 240, 40, 173, 178, 184, 97, 236, 61, 241, 220, 111,
       63, 183, 28, 146, 25, 79, 58, 157, 12, 78, 60, 154, 116, 241, 2,
       207, 221, 49, 116, 194, 201, 86, 243, 173, 105, 193, 135, 205, 31,
       238, 204, 91, 242, 33, 78, 203, 64, 95, 191, 24, 204, 114, 127,
       205, 118, 223, 168, 36, 88, 197, 60, 78, 255, 90, 148, 221, 90,
       255, 245, 44, 42, 77, 16, 229, 210, 146, 244, 255, 35, 145, 123,
       103, 229, 125, 238, 233, 197, 199, 40, 210, 235, 123, 144, 44,
       241, 32, 57, 89, 143, 204, 127, 164, 30, 108, 183, 100, 249, 126,
       100, 251, 106, 146, 242, 103, 102, 108, 110, 253, 248, 77, 45,
       238, 239, 247, 192, 236, 250, 216, 13, 21, 67, 74, 207, 20, 147,
       102, 232, 87, 132, 223, 130, 67, 194, 191, 100, 120, 232, 38, 238,
       76, 179, 14, 222, 178, 172, 131, 5, 53, 187, 120, 132, 37, 52,
       129, 131, 252, 63, 107, 152, 86, 249, 121, 92, 211, 96, 217, 172,
       89, 72, 22, 126, 155, 48, 125, 50, 12, 30, 161, 116, 154, 235, 80,
       180, 93, 83, 62, 228, 40, 47, 87, 120, 41, 204, 255, 108, 223, 51,
       139, 91, 182, 213, 124, 110, 201, 163, 177, 72, 243, 249, 97, 148,
       74, 243, 35, 49, 56, 173, 58, 106, 248, 141, 83, 255, 239, 1, 236,
       8, 63, 251, 0, 16, 179, 122, 93, 72, 18, 43, 26, 63, 251, 253, 20,
       105, 210, 130, 238, 138, 163, 188, 132, 152, 137, 237, 144, 199,
       143, 91, 128, 93, 172, 250, 96, 203, 201, 43, 235, 21, 55, 111,
       210, 241, 157, 18, 222, 123, 152, 76, 139, 158, 2, 141, 2, 159,
       85, 193, 182, 230, 30, 5, 72, 3, 172, 250, 51, 64, 217, 123, 131,
       193, 98, 184, 82, 255, 37, 54, 154, 11, 16, 29, 61, 142, 2, 161,
       176, 131, 253, 109, 176, 139, 15, 53, 49, 27, 140, 28, 76, 12,
       155, 27, 211, 17, 22, 120, 219, 209, 13, 20, 31, 127, 212, 76,
       151, 135, 177, 14, 222, 93, 180, 54, 110, 255, 117, 131, 254, 118,
       115, 98, 181, 245, 127, 238, 14, 172, 189, 253, 77, 127, 62, 175,
       245, 128, 191, 248, 248, 13, 73, 205, 60, 191, 60, 156, 126, 182,
       238, 152, 174, 5, 191, 186, 18, 115, 132, 103, 124, 78, 206, 41,
       219, 61, 239, 251, 118, 25, 8, 18, 73, 11, 62, 213, 114, 238, 117,
       215, 118, 232, 23, 4, 251, 3, 79, 254, 46, 196, 248, 253, 183,
       226, 108, 179, 25, 159, 179, 255, 135, 7, 55, 63, 124, 215, 61,
       239, 192, 71, 244, 27, 79, 184, 97, 162, 127, 232, 91, 97, 221,
       182, 59, 204, 68, 110, 201, 242, 237, 46, 46, 207, 37, 52, 111,
       251, 90, 164, 47, 176, 184, 250, 237, 253, 80, 203, 155, 125, 165,
       25, 142, 253, 78, 58, 137, 11, 251, 16, 62, 103, 250, 147, 223,
       219, 81, 127, 210, 77, 218, 82, 89, 211, 30, 172, 44, 30, 92, 49,
       237, 88, 178, 68, 255, 58, 146, 251, 198, 165, 124, 109, 205, 169,
       83, 141, 146, 251, 98, 144, 106, 160, 105, 9, 91, 21, 10, 164,
       136, 6, 94, 61, 32, 224, 142, 207, 119, 171, 82, 82, 212, 229,
       125, 237, 204, 11, 213, 12, 242, 225, 237, 189, 40, 182, 184, 90,
       177, 75, 67, 252, 30, 129, 198, 246, 212, 0, 208, 194, 51, 129,
       177, 97, 72, 234, 22, 203, 235, 47, 70, 191, 176, 168, 170, 152,
       61, 153, 112, 168, 201, 207, 188, 173, 188, 30, 126, 182, 238, 56,
       190, 69, 247, 40, 146, 114, 198, 231, 108, 77, 220, 233, 199, 61,
       238, 251, 103, 81, 72, 176, 201, 9, 174, 225, 97, 187, 223, 193,
       154, 205, 22, 117, 209, 187, 65, 204, 124, 128, 91, 155, 147, 211,
       58, 118, 79, 183, 61, 4, 157, 255, 245, 14, 150, 250, 227, 174,
       236, 155, 158, 49, 140, 175, 22, 119, 148, 183, 160, 40, 222, 75,
       75, 206, 170, 149, 190, 92, 239, 247, 12, 6, 223, 245, 189, 92,
       156, 76, 178, 234, 98, 154, 124, 209, 139, 200, 22, 76, 208, 163,
       33, 204, 182, 0, 123, 170, 135, 213, 238, 174, 110, 255, 122, 4,
       187, 233, 117, 143, 116, 204, 88, 57, 19, 240, 3, 206, 49, 6, 168,
       0, 34, 8, 190, 151, 0, 114, 160, 53, 105, 64, 1, 153, 176, 108,
       193, 160, 18, 2, 32, 0, 7, 42, 1, 157, 59, 78, 211, 238, 119, 251,
       124, 72, 111, 64, 254, 117, 44, 116, 180, 126, 86, 106, 241, 184,
       57, 127, 109, 188, 32, 66, 74, 34, 227, 179, 48, 159, 107, 222,
       182, 227, 203, 242, 213, 72, 216, 230, 115, 236, 180, 96, 94, 250,
       22, 200, 185, 171, 108, 191, 50, 174, 166, 200, 53, 202, 244, 185,
       2, 152, 151, 154, 105, 197, 177, 71, 222, 91, 193, 16, 180, 182,
       36, 105, 201, 59, 122, 17, 23, 203, 114, 113, 141, 54, 90, 123,
       144, 8, 37, 238, 254, 166, 164, 178, 169, 123, 93, 171, 19, 191,
