%YAML:1.0
---
descriptors: !!opencv-matrix
   rows: 9
   cols: 32
   dt: u
   data: [ 46, 253, 118, 152, 255, 245, 158, 234, 143, 125, 152, 175,
       108, 252, 127, 164, 191, 211, 223, 243, 150, 99, 58, 245, 59, 86,
       207, 255, 215, 95, 191, 87, 186, 180, 33, 90, 155, 213, 146, 255,
       159, 127, 189, 63, 42, 220, 126, 165, 205, 155, 215, 21, 191, 111,
       58, 247, 59, 94, 157, 255, 211, 14, 254, 223, 43, 52, 227, 73,
       246, 191, 187, 95, 95, 233, 125, 254, 153, 140, 183, 164, 158, 59,
       151, 29, 151, 176, 52, 218, 102, 93, 58, 168, 223, 223, 211, 245,
       95, 25, 255, 116, 165, 126, 127, 146, 233, 252, 62, 169, 95, 189,
       215, 63, 166, 119, 245, 83, 157, 249, 178, 232, 203, 251, 101,
       131, 231, 245, 70, 119, 248, 85, 214, 236, 91, 90, 55, 125, 233,
       70, 167, 186, 79, 119, 171, 247, 50, 213, 234, 34, 101, 167, 45,
       139, 114, 227, 65, 21, 119, 254, 45, 113, 130, 200, 147, 155, 85,
       253, 176, 198, 30, 23, 64, 18, 172, 220, 100, 236, 201, 59, 147,
       17, 38, 188, 122, 243, 13, 22, 154, 99, 144, 13, 181, 206, 82,
       183, 154, 182, 190, 143, 180, 103, 186, 235, 145, 127, 140, 185,
       226, 2, 167, 39, 125, 21, 244, 73, 136, 194, 186, 22, 63, 255,
       140, 108, 155, 219, 33, 43, 253, 87, 100, 111, 235, 18, 65, 238,
       126, 8, 179, 53, 149, 42, 12, 126, 118, 74, 129, 248, 113, 40, 71,
       159, 112, 128, 199, 251, 86, 233, 191, 120, 175, 113, 173, 124,
       85, 240, 193, 254, 180, 53, 155, 253, 215, 47, 205, 244, 253, 86,
       189, 231, 246, 160, 203, 219, 245, 251, 234, 253, 126, 247 ]
keypoints: !!opencv-matrix
   rows: 9
   cols: 2
   dt: d
   data: [ 2.1857409667968750e+02, 1.1466181945800781e+02,
       2.1648388671875000e+02, 1.1446274566650391e+02,
       2.4385542297363281e+02, 1.7169412231445312e+02,
       1.9077122497558594e+02, 1.0990081787109375e+02,
       1.8214508056640625e+02, 1.3138333129882812e+02,
       2.5629702758789062e+02, 9.9532821655273438e+01,
       1.8214508056640625e+02, 1.7020114135742188e+02,
       2.1150723266601562e+02, 1.4307841491699219e+02,
       1.6721514892578125e+02, 1.2242537689208984e+02 ]
