%YAML:1.0
---
descriptors: !!opencv-matrix
   rows: 432
   cols: 32
   dt: u
   data: [ 188, 213, 120, 104, 117, 95, 86, 248, 81, 12, 117, 10, 95, 89,
       40, 17, 188, 152, 135, 106, 232, 182, 56, 159, 243, 205, 33, 37,
       115, 187, 238, 131, 95, 230, 130, 10, 209, 22, 110, 253, 55, 75,
       75, 69, 76, 226, 122, 212, 245, 76, 10, 142, 213, 147, 157, 115,
       176, 54, 30, 44, 10, 246, 171, 196, 68, 50, 252, 101, 224, 46,
       121, 24, 122, 187, 119, 84, 213, 51, 201, 122, 55, 92, 124, 60,
       145, 240, 217, 64, 205, 171, 115, 36, 200, 225, 67, 177, 242, 217,
       110, 254, 203, 196, 159, 237, 139, 22, 161, 27, 124, 255, 44, 19,
       233, 243, 241, 227, 122, 15, 186, 247, 123, 99, 205, 123, 81, 42,
       182, 122, 231, 182, 124, 193, 253, 31, 185, 255, 15, 123, 180,
       127, 158, 61, 92, 43, 175, 149, 223, 49, 246, 127, 121, 215, 95,
       95, 93, 246, 222, 204, 195, 243, 113, 51, 73, 136, 76, 2, 65, 72,
       33, 72, 241, 110, 18, 2, 143, 89, 120, 136, 70, 226, 73, 35, 97,
       200, 144, 160, 178, 60, 121, 130, 98, 189, 162, 133, 40, 127, 249,
       228, 77, 239, 159, 15, 236, 21, 176, 187, 54, 80, 201, 138, 91,
       156, 58, 10, 82, 63, 103, 255, 158, 57, 144, 88, 212, 202, 72, 29,
       122, 109, 240, 206, 121, 55, 116, 205, 118, 0, 151, 23, 163, 112,
       38, 62, 110, 24, 144, 152, 161, 76, 111, 175, 52, 128, 192, 128,
       198, 107, 142, 148, 181, 87, 231, 122, 180, 135, 62, 123, 78, 48,
       204, 60, 206, 239, 167, 87, 177, 17, 177, 220, 43, 226, 47, 58,
       94, 199, 134, 212, 149, 237, 252, 112, 254, 112, 77, 109, 80, 192,
       243, 178, 167, 24, 95, 221, 75, 59, 169, 245, 253, 114, 44, 103,
       155, 128, 219, 219, 69, 63, 227, 121, 78, 2, 119, 114, 236, 102,
       106, 56, 220, 152, 171, 255, 181, 237, 31, 255, 223, 58, 166, 221,
       253, 215, 141, 71, 234, 96, 210, 121, 125, 187, 197, 247, 79, 211,
       189, 71, 127, 103, 36, 15, 239, 184, 116, 174, 246, 64, 83, 117,
       153, 49, 62, 212, 110, 106, 232, 180, 105, 14, 231, 175, 101, 4,
       97, 187, 70, 233, 45, 85, 115, 75, 244, 204, 239, 145, 117, 0,
       124, 66, 251, 85, 189, 244, 122, 154, 22, 122, 211, 176, 124, 227,
       37, 188, 166, 192, 119, 219, 214, 224, 155, 141, 124, 233, 182,
       155, 252, 173, 29, 17, 68, 163, 253, 111, 180, 97, 38, 19, 27,
       253, 242, 152, 31, 253, 234, 219, 207, 68, 54, 156, 145, 40, 248,
       109, 19, 100, 49, 205, 83, 87, 167, 136, 170, 8, 191, 151, 64, 48,
       128, 189, 77, 88, 75, 175, 144, 14, 243, 253, 32, 56, 66, 130, 70,
       42, 12, 158, 172, 23, 224, 114, 189, 183, 54, 255, 70, 181, 236,
       61, 202, 79, 133, 70, 179, 149, 182, 216, 107, 98, 110, 55, 254,
       199, 138, 117, 157, 251, 46, 176, 176, 19, 91, 253, 176, 232, 95,
       125, 53, 29, 142, 156, 78, 140, 141, 25, 226, 17, 54, 124, 250,
       151, 15, 87, 81, 127, 210, 12, 79, 215, 97, 163, 168, 105, 252,
       15, 77, 63, 67, 107, 188, 76, 147, 33, 218, 48, 221, 134, 124, 60,
       219, 42, 241, 19, 239, 223, 181, 124, 216, 202, 210, 120, 89, 176,
       151, 184, 169, 164, 25, 159, 174, 27, 128, 84, 190, 250, 104, 106,
       167, 83, 125, 17, 147, 77, 155, 243, 217, 247, 127, 94, 152, 80,
       161, 43, 246, 140, 237, 254, 156, 39, 206, 238, 91, 162, 176, 90,
       114, 120, 28, 1, 217, 199, 53, 163, 56, 111, 91, 255, 249, 46,
       205, 124, 149, 121, 242, 34, 130, 34, 210, 91, 98, 121, 56, 74,
       63, 7, 109, 248, 41, 135, 204, 156, 63, 155, 198, 128, 6, 150,
       138, 83, 22, 150, 186, 175, 66, 193, 46, 157, 108, 248, 189, 120,
       185, 205, 83, 154, 243, 249, 164, 8, 255, 221, 64, 50, 137, 214,
       236, 88, 11, 110, 251, 49, 203, 223, 53, 125, 226, 153, 70, 42,
       53, 57, 121, 78, 219, 198, 85, 121, 96, 192, 237, 0, 82, 87, 9,
       52, 92, 184, 83, 56, 25, 162, 121, 12, 115, 173, 3, 8, 123, 162,
       226, 178, 80, 149, 62, 250, 138, 201, 17, 107, 174, 85, 161, 57,
       55, 223, 106, 81, 139, 147, 93, 128, 26, 47, 82, 21, 217, 193, 58,
       123, 112, 0, 167, 98, 40, 89, 45, 101, 149, 79, 103, 190, 100,
       160, 238, 72, 211, 49, 17, 48, 88, 196, 104, 104, 73, 184, 113,
       14, 231, 237, 133, 20, 73, 184, 210, 42, 188, 20, 191, 108, 40,
       110, 83, 88, 116, 2, 229, 0, 95, 119, 9, 25, 182, 16, 115, 42, 48,
       167, 59, 18, 211, 171, 65, 12, 248, 227, 106, 162, 16, 126, 219,
       117, 114, 232, 104, 86, 121, 207, 122, 68, 173, 171, 17, 16, 42,
       239, 21, 136, 131, 184, 148, 106, 166, 253, 182, 128, 239, 208,
       106, 155, 71, 117, 97, 197, 176, 86, 175, 185, 108, 232, 223, 228,
       209, 6, 157, 116, 22, 205, 93, 239, 201, 144, 253, 78, 244, 60,
       175, 180, 12, 183, 51, 117, 181, 67, 107, 70, 52, 2, 199, 113,
       196, 140, 255, 98, 83, 217, 181, 100, 88, 252, 22, 107, 201, 163,
       100, 14, 113, 44, 161, 136, 101, 187, 116, 224, 120, 140, 62, 110,
       184, 206, 95, 183, 164, 8, 238, 8, 115, 119, 2, 112, 193, 246, 93,
       42, 120, 139, 105, 63, 235, 239, 36, 80, 114, 162, 228, 43, 29,
       87, 90, 37, 242, 11, 190, 249, 52, 232, 126, 231, 89, 99, 139, 16,
       62, 205, 135, 230, 192, 176, 13, 92, 126, 143, 37, 132, 111, 230,
       11, 145, 122, 60, 229, 117, 139, 249, 145, 7, 187, 247, 134, 191,
       170, 188, 86, 47, 237, 183, 249, 145, 158, 239, 246, 128, 219,
       115, 216, 243, 231, 76, 150, 126, 127, 120, 236, 230, 13, 54, 95,
       56, 49, 194, 231, 12, 123, 127, 31, 123, 220, 228, 125, 174, 200,
       199, 249, 136, 211, 251, 193, 24, 42, 247, 114, 122, 35, 118, 235,
       85, 100, 27, 173, 87, 94, 234, 116, 110, 48, 152, 247, 44, 63, 44,
       22, 185, 225, 246, 36, 202, 52, 14, 191, 160, 197, 248, 117, 237,
       136, 140, 185, 251, 176, 231, 83, 151, 22, 11, 70, 16, 179, 87,
       160, 104, 213, 58, 61, 24, 59, 156, 99, 63, 203, 239, 52, 208,
       144, 200, 132, 43, 172, 94, 122, 65, 244, 179, 227, 218, 86, 232,
       126, 230, 81, 233, 245, 40, 95, 88, 6, 248, 161, 176, 45, 30, 110,
       15, 163, 228, 255, 249, 120, 177, 161, 136, 156, 155, 93, 229,
       176, 79, 158, 29, 64, 17, 164, 216, 32, 72, 201, 43, 51, 17, 50,
       110, 82, 241, 69, 50, 218, 107, 144, 8, 177, 138, 26, 174, 242,
       154, 247, 208, 176, 103, 255, 69, 92, 179, 44, 172, 38, 132, 171,
       43, 131, 145, 86, 187, 6, 247, 58, 85, 30, 203, 215, 4, 175, 207,
       252, 220, 127, 78, 21, 222, 83, 48, 117, 76, 231, 88, 82, 117, 36,
       117, 80, 180, 108, 106, 185, 185, 113, 47, 123, 235, 64, 82, 99,
       171, 70, 115, 99, 149, 70, 78, 89, 180, 112, 39, 233, 17, 175, 14,
       104, 122, 62, 247, 224, 166, 250, 160, 29, 11, 54, 253, 59, 57,
       192, 91, 27, 6, 234, 30, 93, 71, 125, 103, 36, 10, 111, 52, 100,
       160, 127, 200, 243, 33, 153, 115, 122, 228, 108, 110, 233, 176,
       101, 44, 230, 235, 96, 0, 101, 187, 66, 32, 115, 19, 107, 200, 52,
       219, 249, 80, 237, 72, 180, 230, 155, 142, 182, 244, 254, 161, 31,
       237, 205, 35, 36, 204, 146, 89, 170, 154, 63, 142, 121, 117, 88,
       191, 114, 108, 115, 208, 20, 247, 161, 12, 236, 40, 47, 183, 34,
       212, 38, 186, 205, 72, 66, 11, 178, 253, 243, 245, 20, 11, 98,
       132, 174, 59, 60, 81, 90, 236, 84, 18, 118, 113, 197, 136, 255,
       98, 83, 195, 169, 240, 120, 180, 134, 106, 72, 163, 0, 140, 114,
       237, 162, 1, 47, 171, 120, 130, 246, 114, 144, 48, 169, 41, 85,
       216, 187, 191, 145, 252, 142, 214, 201, 158, 151, 217, 204, 16,
       139, 71, 202, 194, 152, 212, 127, 190, 138, 117, 7, 55, 1, 136,
       212, 187, 250, 129, 41, 143, 62, 19, 64, 180, 181, 131, 162, 92,
       71, 43, 34, 28, 3, 220, 71, 119, 12, 182, 62, 72, 156, 208, 161,
       152, 60, 61, 120, 104, 241, 111, 82, 248, 49, 172, 252, 9, 31, 27,
       3, 16, 158, 217, 213, 114, 30, 58, 88, 62, 251, 205, 37, 127, 242,
       243, 110, 131, 76, 187, 229, 119, 6, 78, 233, 184, 243, 253, 86,
       100, 249, 233, 221, 2, 53, 110, 125, 202, 131, 248, 175, 41, 14,
       235, 229, 128, 239, 162, 86, 91, 56, 185, 83, 236, 203, 205, 87,
